
metadata:
    version:
        essentia: "2.1-beta2"
    audio_properties:
        analysis_sample_rate: 44100
        bitrate: 273
        channels: 2
        equal_loudness: 1
        length: 331.075927734
        replay_gain: -13.5076007843
        downmix: "mix"
    tags:
        album: "L'Enfant Sauvage"
        artist: "Gojira"
        comment: "Live at les Eurockéennes 2009."
        date: "2012"
        genre: "Metal"
        title: "Toxic Garbage Island"
        tracknumber: "10/11"

configuration:
    average_loudness:
        compute: 1
        frameSize: 88200
        hopSize: 44100
        silentFrames: "noise"
        windowType: "hann"
    general:
        analysisSampleRate: 44100
        endTime: 2000
        equalLoudness: 1
        nequalLoudness: 0
        shortSound: 0
        startTime: 0
    lowlevel:
        compute: 1
        frameSize: 2048
        hopSize: 1024
        zeroPadding: 0
        silentFrames: "noise"
        windowType: "blackmanharris62"
        mfccStats: ["mean", "cov", "icov"]
        stats: ["mean", "var", "median", "min", "max", "dmean", "dmean2", "dvar", "dvar2"]
    panning:
        compute: 0
        frameSize: 8192
        hopSize: 2048
        zeroPadding: 8192
        silentFrames: "noise"
        windowType: "hann"
        stats: ["copy"]
    rhythm:
        compute: 1
        maxTempo: 208
        minTempo: 40
        method: "degara"
        stats: ["mean", "var", "median", "min", "max", "dmean", "dmean2", "dvar", "dvar2"]
    segmentation:
        compute: 0
        cpw: 5
        inc1: 300
        inc2: 50
        minimumSegmentsLength: 10
        size1: 1000
        size2: 600
    sfx:
        compute: 1
        stats: ["mean", "var", "median", "min", "max", "dmean", "dmean2", "dvar", "dvar2"]
    svm:
        compute: 0
    tonal:
        compute: 1
        frameSize: 4096
        hopSize: 2048
        zeroPadding: 0
        silentFrames: "noise"
        windowType: "blackmanharris62"
        stats: ["mean", "var", "median", "min", "max", "dmean", "dmean2", "dvar", "dvar2"]

lowlevel:
    average_loudness: 0.761150658131
    barkbands_kurtosis:
        dmean: 0.606434106827
        dmean2: 1.00784134865
        dvar: 1.57199156284
        dvar2: 3.92010235786
        max: 47.7100486755
        mean: -0.699792385101
        median: -1.09839224815
        min: -1.92730557919
        var: 2.58819890022
    barkbands_skewness:
        dmean: 0.375456988811
        dmean2: 0.605450093746
        dvar: 0.136429101229
        dvar2: 0.336700797081
        max: 6.88338661194
        mean: 0.244071274996
        median: 0.165985524654
        min: -3.54272985458
        var: 0.485045313835
    barkbands_spread:
        dmean: 5.21000099182
        dmean2: 8.45242118835
        dvar: 25.1932640076
        dvar2: 64.9796524048
        max: 65.2227401733
        mean: 30.8114681244
        median: 31.7915630341
        min: 3.18512535095
        var: 100.635314941
    dissonance:
        dmean: 0.0110937776044
        dmean2: 0.0190926082432
        dvar: 0.000142971257446
        dvar2: 0.000382145954063
        max: 0.500000059605
        mean: 0.483423560858
        median: 0.487621724606
        min: 0.239158421755
        var: 0.00029182707658
    hfc:
        dmean: 2.10642457008
        dmean2: 3.48712229729
        dvar: 9.95804309845
        dvar2: 25.0481300354
        max: 46.1797027588
        mean: 6.41416454315
        median: 4.72977304459
        min: 1.19149978772e-009
        var: 29.2707443237
    pitch:
        dmean: 587.868835449
        dmean2: 1118.4185791
        dvar: 1138246
        dvar2: 3057247.5
        max: 5364.38769531
        mean: 667.46307373
        median: 301.570678711
        min: 59.0366897583
        var: 971983.6875
    pitch_instantaneous_confidence:
        dmean: 0.0674064829946
        dmean2: 0.113246574998
        dvar: 0.00405021337792
        dvar2: 0.0105475569144
        max: 0.898167729378
        mean: 0.283854871988
        median: 0.243725806475
        min: 0.102234005928
        var: 0.0174526311457
    pitch_salience:
        dmean: 0.0539484992623
        dmean2: 0.0900934934616
        dvar: 0.0022986496333
        dvar2: 0.00621234392747
        max: 0.879364848137
        mean: 0.695688009262
        median: 0.714463114738
        min: 0.161512047052
        var: 0.00642653368413
    silence_rate_20dB:
        dmean: 0
        dmean2: 0
        dvar: 0
        dvar2: 0
        max: 1
        mean: 1
        median: 1
        min: 1
        var: 0
    silence_rate_30dB:
        dmean: 0
        dmean2: 0
        dvar: 0
        dvar2: 0
        max: 1
        mean: 1
        median: 1
        min: 1
        var: 0
    silence_rate_60dB:
        dmean: 0.142646744847
        dmean2: 0.285313516855
        dvar: 0.122313261032
        dvar2: 0.26404646039
        max: 1
        mean: 0.500140249729
        median: 1
        min: 0
        var: 0.249979183078
    spectral_centroid:
        dmean: 260.810394287
        dmean2: 418.866943359
        dvar: 73838.4609375
        dvar2: 171942.765625
        max: 5378.51855469
        mean: 1564.14245605
        median: 1577.97583008
        min: 271.205352783
        var: 228627.125
    spectral_complexity:
        dmean: 4.24069023132
        dmean2: 6.96373987198
        dvar: 24.2364730835
        dvar2: 59.7015113831
        max: 52
        mean: 14.6359043121
        median: 12
        min: 0
        var: 115.622901917
    spectral_crest:
        dmean: 2.11308598518
        dmean2: 3.56382322311
        dvar: 4.74887752533
        dvar2: 12.8628072739
        max: 25.7800350189
        mean: 6.32888889313
        median: 5.33803129196
        min: 2.1195898056
        var: 10.5626707077
    spectral_decrease:
        dmean: 3.11447312384e-010
        dmean2: 5.1750109753e-010
        dvar: 2.70983153751e-019
        dvar2: 6.93367759957e-019
        max: -1.19767054377e-019
        mean: -9.04358143927e-010
        median: -6.93712975952e-010
        min: -6.28257446067e-009
        var: 5.30438666786e-019
    spectral_energy:
        dmean: 0.00134063092992
        dmean2: 0.00222100550309
        dvar: 4.73909085486e-006
        dvar2: 1.20488002722e-005
        max: 0.0264969244599
        mean: 0.00399503018707
        median: 0.0030424380675
        min: 5.60101607022e-013
        var: 1.0174135241e-005
    spectral_energyband_high:
        dmean: 0.000151465894305
        dmean2: 0.000252457044553
        dvar: 5.68474085583e-008
        dvar2: 1.42695327554e-007
        max: 0.00446939654648
        mean: 0.000319286074955
        median: 0.000230508478126
        min: 1.14653458168e-013
        var: 1.0457977595e-007
    spectral_energyband_low:
        dmean: 0.000244485592702
        dmean2: 0.000423666584538
        dvar: 1.49191549781e-007
        dvar2: 4.21628925551e-007
        max: 0.00284268311225
        mean: 0.000326249137288
        median: 0.000222521251999
        min: 1.43278360639e-013
        var: 1.46946362634e-007
    spectral_energyband_middle_high:
        dmean: 0.000609309179708
        dmean2: 0.000994799542241
        dvar: 7.16635838671e-007
        dvar2: 1.77202230134e-006
        max: 0.0112564526498
        mean: 0.00197277823463
        median: 0.00141403125599
        min: 2.14579588364e-013
        var: 3.2614882457e-006
    spectral_energyband_middle_low:
        dmean: 0.00077291886555
        dmean2: 0.00129915529396
        dvar: 2.53708253695e-006
        dvar2: 6.7567084443e-006
        max: 0.0183777585626
        mean: 0.00148482783698
        median: 0.00112866377458
        min: 9.89390793143e-014
        var: 2.76918785858e-006
    spectral_flatness_db:
        dmean: 0.0147625757381
        dmean2: 0.023735249415
        dvar: 0.000202676063054
        dvar2: 0.000515012943652
        max: 0.361086934805
        mean: 0.134448468685
        median: 0.115240186453
        min: 0.0572711452842
        var: 0.00256545748562
    spectral_flux:
        dmean: 0.0072263116017
        dmean2: 0.0115676643327
        dvar: 9.7184740298e-005
        dvar2: 0.000195520289708
        max: 0.135620027781
        mean: 0.0379810854793
        median: 0.0352778472006
        min: 4.93770494359e-005
        var: 0.000353264040314
    spectral_kurtosis:
        dmean: 1.03045070171
        dmean2: 1.73139107227
        dvar: 1.30479800701
        dvar2: 3.71936583519
        max: 22.1939125061
        mean: 3.48139572144
        median: 3.21498346329
        min: -1.0266238451
        var: 2.93003249168
    spectral_rms:
        dmean: 0.000294249854051
        dmean2: 0.000479070411529
        dvar: 1.42869367892e-007
        dvar2: 3.5664470488e-007
        max: 0.00508435443044
        mean: 0.00182161759585
        median: 0.00172285572626
        min: 2.33760690804e-008
        var: 5.79302820825e-007
    spectral_rolloff:
        dmean: 430.42855835
        dmean2: 706.157287598
        dvar: 254584.796875
        dvar2: 605174.0625
        max: 9108.54492188
        mean: 3098.18774414
        median: 3208.44726563
        min: 193.798828125
        var: 665301.375
    spectral_skewness:
        dmean: 0.158090278506
        dmean2: 0.257759720087
        dvar: 0.0237650163472
        dvar2: 0.0580310896039
        max: 3.44982242584
        mean: 1.43740129471
        median: 1.42787349224
        min: -0.258223891258
        var: 0.0775376185775
    spectral_spread:
        dmean: 546296.25
        dmean2: 822613.5625
        dvar: 498625544192
        dvar2: 1.08701227418e+012
        max: 14927818
        mean: 4798549
        median: 4768511
        min: 2075896.25
        var: 1.64874616832e+012
    spectral_strongpeak:
        dmean: 0.262110948563
        dmean2: 0.449943870306
        dvar: 0.240499228239
        dvar2: 0.610665619373
        max: 13.2096452713
        mean: 0.360860586166
        median: 0.193261772394
        min: 0
        var: 0.285923331976
    zerocrossingrate:
        dmean: 0.00820849463344
        dmean2: 0.0102401049808
        dvar: 7.58840469643e-005
        dvar2: 9.85353472061e-005
        max: 0.44091796875
        mean: 0.0916596725583
        median: 0.09228515625
        min: 0.01806640625
        var: 0.000467748148367
    barkbands:
        dmean: [9.493034554e-007, 6.27843182883e-005, 0.000140878561069, 0.000131510474603, 0.000493378378451, 0.000203091651201, 5.41205736226e-005, 6.84096594341e-005, 0.00014148306218, 0.000109847496788, 8.75596524565e-005, 8.71147422004e-005, 9.09280206542e-005, 8.13067235867e-005, 7.96472886577e-005, 0.000119033837109, 0.000102147889265, 0.000114762529847, 0.000151088475832, 0.000126420563902, 7.81186245149e-005, 3.21223851643e-005, 5.83893415751e-006, 4.02991690862e-006, 2.18174409383e-006, 7.87123113355e-008, 6.85217049767e-010]
        dmean2: [1.49319998854e-006, 0.000104480779555, 0.000247479969403, 0.000231745885685, 0.000840781256557, 0.000340225698892, 9.10756280064e-005, 0.000114483947982, 0.00024055884569, 0.000186107485206, 0.000148278573761, 0.000146367237903, 0.000151106505655, 0.000135803798912, 0.000131264241645, 0.000200425332878, 0.000174379296368, 0.000194105261471, 0.000254799961112, 0.00021012025536, 0.000132117944304, 5.37756350241e-005, 9.46358068177e-006, 6.66683126838e-006, 3.66695121556e-006, 1.28619987549e-007, 1.10486420013e-009]
        dvar: [2.69173051903e-012, 8.74707684062e-009, 5.39438147484e-008, 4.31934843448e-008, 1.58581428877e-006, 1.1445253989e-007, 1.29314328134e-008, 1.79229022734e-008, 4.80024411331e-008, 2.89165669187e-008, 2.70721507434e-008, 2.65602277949e-008, 3.32679555015e-008, 2.77029936768e-008, 2.57018584193e-008, 3.65132386548e-008, 2.49710350175e-008, 3.33692717902e-008, 4.99401409115e-008, 5.64253888058e-008, 1.56330113299e-008, 2.66220334666e-009, 1.30556912503e-010, 8.56580084641e-011, 4.1707949594e-011, 5.70347534392e-014, 3.01253533584e-018]
        dvar2: [6.17659916269e-012, 2.49579574785e-008, 1.52641220552e-007, 1.21888518834e-007, 4.2415781536e-006, 3.08259615167e-007, 3.24000879459e-008, 4.53269066725e-008, 1.30815408284e-007, 7.6970586349e-008, 7.55085167725e-008, 7.04343747771e-008, 8.66961329393e-008, 7.16358456998e-008, 6.18487092652e-008, 9.12457025493e-008, 6.72592364026e-008, 8.8688537403e-008, 1.31146080662e-007, 1.43500159311e-007, 4.08722335976e-008, 6.68429445128e-009, 3.03296221471e-010, 2.20807941376e-010, 1.14064431511e-010, 1.51872655077e-013, 7.55644461536e-018]
        max: [1.26294171423e-005, 0.00109061226249, 0.00179716828279, 0.00388080859557, 0.0153022212908, 0.00565743632615, 0.0032247453928, 0.00264298007824, 0.00317516969517, 0.00288962526247, 0.00334003521129, 0.00405376078561, 0.00353476731107, 0.00375675712712, 0.00393266323954, 0.00502638565376, 0.00310078449547, 0.00368273979984, 0.00339987245388, 0.00954167358577, 0.00201611011289, 0.000673849892337, 0.000238382650423, 0.000188987556612, 0.000159494346008, 5.96665677222e-006, 3.89651511057e-008]
        mean: [9.87906673799e-007, 9.15690252441e-005, 0.000158450013259, 0.000140570584335, 0.000582067470532, 0.000305495923385, 7.57676607464e-005, 9.58962264122e-005, 0.000230790959904, 0.000170732586412, 0.000143747107359, 0.000153955348651, 0.000167422054801, 0.000140683609061, 0.000154467212269, 0.000236046267673, 0.00018321366224, 0.000224027011427, 0.000287448987365, 0.000232847072766, 0.000144634963362, 5.49628748558e-005, 1.00798315543e-005, 6.28527232038e-006, 2.77688013739e-006, 1.07281699968e-007, 9.51441592179e-010]
        median: [2.44103773639e-007, 5.5821838032e-005, 8.64637477207e-005, 7.70016267779e-005, 0.000274230260402, 0.00019890171825, 4.41337178927e-005, 4.99104862683e-005, 0.000144999910844, 9.83390782494e-005, 7.88759934949e-005, 8.93999676919e-005, 8.07921896921e-005, 5.61792476219e-005, 9.39722667681e-005, 0.000163926684763, 0.000126914412249, 0.000135352194775, 0.000192127918126, 0.000155265952344, 9.74285503617e-005, 3.2266456401e-005, 5.65543996345e-006, 3.50638401869e-006, 1.28774513541e-006, 4.94405298923e-008, 4.00334432271e-010]
        min: [5.08055126323e-016, 5.78242288036e-014, 4.96175264774e-014, 4.19962120093e-014, 3.71227401846e-014, 1.02772836831e-014, 5.46990753337e-015, 2.51267135726e-015, 9.31685102366e-016, 1.82003006992e-015, 9.92632087536e-016, 2.24604084382e-015, 2.92842058111e-014, 2.05593158329e-014, 7.22227131751e-015, 9.44618766075e-015, 6.25812801848e-015, 1.02615710525e-013, 2.579472653e-014, 2.77766785945e-014, 6.67863320528e-014, 1.41374931916e-014, 7.00993752181e-015, 2.08502051582e-015, 4.70728057228e-015, 3.16159203318e-016, 2.37520479207e-016]
        var: [3.08846329587e-012, 1.22842802597e-008, 4.70822030252e-008, 3.85513416745e-008, 1.42963699545e-006, 1.48841991177e-007, 1.71888157041e-008, 2.72619278263e-008, 8.1485723058e-008, 5.17411073986e-008, 4.94962222319e-008, 5.00552062022e-008, 8.32129458672e-008, 6.91487898052e-008, 5.74716274571e-008, 9.03737387148e-008, 4.41379128802e-008, 7.65922365531e-008, 9.35923054612e-008, 7.93893235596e-008, 2.51999079381e-008, 4.4147121514e-009, 2.29458702039e-010, 9.27874027612e-011, 3.31947976051e-011, 5.41484276851e-014, 3.64304114326e-018]
    frequency_bands:
        dmean: [9.493034554e-007, 6.27843182883e-005, 0.000140878561069, 0.000131510474603, 0.000493378378451, 0.000203091651201, 5.41205736226e-005, 6.84096594341e-005, 0.00014148306218, 0.000109847496788, 8.75596524565e-005, 8.71147422004e-005, 9.09280206542e-005, 8.13067235867e-005, 7.96472886577e-005, 0.000119033837109, 0.000102147889265, 0.000114762529847, 0.000151088475832, 0.000126420563902, 7.81186245149e-005, 3.21223851643e-005, 5.83893415751e-006, 4.02991690862e-006, 2.18174409383e-006, 7.87123113355e-008, 6.85217049767e-010, 4.7161590605e-011]
        dmean2: [1.49319998854e-006, 0.000104480779555, 0.000247479969403, 0.000231745885685, 0.000840781256557, 0.000340225698892, 9.10756280064e-005, 0.000114483947982, 0.00024055884569, 0.000186107485206, 0.000148278573761, 0.000146367237903, 0.000151106505655, 0.000135803798912, 0.000131264241645, 0.000200425332878, 0.000174379296368, 0.000194105261471, 0.000254799961112, 0.00021012025536, 0.000132117944304, 5.37756350241e-005, 9.46358068177e-006, 6.66683126838e-006, 3.66695121556e-006, 1.28619987549e-007, 1.10486420013e-009, 8.80890221877e-011]
        dvar: [2.69173051903e-012, 8.74707684062e-009, 5.39438147484e-008, 4.31934843448e-008, 1.58581428877e-006, 1.1445253989e-007, 1.29314328134e-008, 1.79229022734e-008, 4.80024411331e-008, 2.89165669187e-008, 2.70721507434e-008, 2.65602277949e-008, 3.32679555015e-008, 2.77029936768e-008, 2.57018584193e-008, 3.65132386548e-008, 2.49710350175e-008, 3.33692717902e-008, 4.99401409115e-008, 5.64253888058e-008, 1.56330113299e-008, 2.66220334666e-009, 1.30556912503e-010, 8.56580084641e-011, 4.1707949594e-011, 5.70347534392e-014, 3.01253533584e-018, 5.85405614975e-021]
        dvar2: [6.17659916269e-012, 2.49579574785e-008, 1.52641220552e-007, 1.21888518834e-007, 4.2415781536e-006, 3.08259615167e-007, 3.24000879459e-008, 4.53269066725e-008, 1.30815408284e-007, 7.6970586349e-008, 7.55085167725e-008, 7.04343747771e-008, 8.66961329393e-008, 7.16358456998e-008, 6.18487092652e-008, 9.12457025493e-008, 6.72592364026e-008, 8.8688537403e-008, 1.31146080662e-007, 1.43500159311e-007, 4.08722335976e-008, 6.68429445128e-009, 3.03296221471e-010, 2.20807941376e-010, 1.14064431511e-010, 1.51872655077e-013, 7.55644461536e-018, 1.87089029073e-020]
        max: [1.26294171423e-005, 0.00109061226249, 0.00179716828279, 0.00388080859557, 0.0153022212908, 0.00565743632615, 0.0032247453928, 0.00264298007824, 0.00317516969517, 0.00288962526247, 0.00334003521129, 0.00405376078561, 0.00353476731107, 0.00375675712712, 0.00393266323954, 0.00502638565376, 0.00310078449547, 0.00368273979984, 0.00339987245388, 0.00954167358577, 0.00201611011289, 0.000673849892337, 0.000238382650423, 0.000188987556612, 0.000159494346008, 5.96665677222e-006, 3.89651511057e-008, 8.89144202709e-010]
        mean: [9.87906673799e-007, 9.15690252441e-005, 0.000158450013259, 0.000140570584335, 0.000582067470532, 0.000305495923385, 7.57676607464e-005, 9.58962264122e-005, 0.000230790959904, 0.000170732586412, 0.000143747107359, 0.000153955348651, 0.000167422054801, 0.000140683609061, 0.000154467212269, 0.000236046267673, 0.00018321366224, 0.000224027011427, 0.000287448987365, 0.000232847072766, 0.000144634963362, 5.49628748558e-005, 1.00798315543e-005, 6.28527232038e-006, 2.77688013739e-006, 1.07281699968e-007, 9.51441592179e-010, 3.636925483e-011]
        median: [2.44103773639e-007, 5.5821838032e-005, 8.64637477207e-005, 7.70016267779e-005, 0.000274230260402, 0.00019890171825, 4.41337178927e-005, 4.99104862683e-005, 0.000144999910844, 9.83390782494e-005, 7.88759934949e-005, 8.93999676919e-005, 8.07921896921e-005, 5.61792476219e-005, 9.39722667681e-005, 0.000163926684763, 0.000126914412249, 0.000135352194775, 0.000192127918126, 0.000155265952344, 9.74285503617e-005, 3.2266456401e-005, 5.65543996345e-006, 3.50638401869e-006, 1.28774513541e-006, 4.94405298923e-008, 4.00334432271e-010, 1.11877798692e-011]
        min: [5.08055126323e-016, 5.78242288036e-014, 4.96175264774e-014, 4.19962120093e-014, 3.71227401846e-014, 1.02772836831e-014, 5.46990753337e-015, 2.51267135726e-015, 9.31685102366e-016, 1.82003006992e-015, 9.92632087536e-016, 2.24604084382e-015, 2.92842058111e-014, 2.05593158329e-014, 7.22227131751e-015, 9.44618766075e-015, 6.25812801848e-015, 1.02615710525e-013, 2.579472653e-014, 2.77766785945e-014, 6.67863320528e-014, 1.41374931916e-014, 7.00993752181e-015, 2.08502051582e-015, 4.70728057228e-015, 3.16159203318e-016, 2.37520479207e-016, 1.00717470025e-017]
        var: [3.08846329587e-012, 1.22842802597e-008, 4.70822030252e-008, 3.85513416745e-008, 1.42963699545e-006, 1.48841991177e-007, 1.71888157041e-008, 2.72619278263e-008, 8.1485723058e-008, 5.17411073986e-008, 4.94962222319e-008, 5.00552062022e-008, 8.32129458672e-008, 6.91487898052e-008, 5.74716274571e-008, 9.03737387148e-008, 4.41379128802e-008, 7.65922365531e-008, 9.35923054612e-008, 7.93893235596e-008, 2.51999079381e-008, 4.4147121514e-009, 2.29458702039e-010, 9.27874027612e-011, 3.31947976051e-011, 5.41484276851e-014, 3.64304114326e-018, 4.60448391611e-021]
    mfcc:
        mean: [-711.50982666, 100.812004089, -53.7264175415, 35.4034347534, -18.9579753876, -2.14622211456, -1.27789664268, -5.04742574692, -3.19674777985, -8.15529918671, -9.24339103699, -9.0753326416, -7.83518505096]
        cov: [[5497.24169922, -63.3162078857, 910.546691895, 794.215393066, 578.379333496, 629.741088867, 263.392669678, 209.826934814, 256.764862061, 253.169876099, -60.085811615, 236.198699951, 249.643478394], [-63.3162078857, 507.893798828, 91.2486724854, 171.569335938, 112.379104614, 42.1486968994, -16.5667171478, -36.171787262, -14.0660295486, -24.9719848633, -44.1077232361, -3.88426470757, 47.7799339294], [910.546691895, 91.2486724854, 723.122436523, 387.895385742, 330.188323975, 191.792129517, 73.2037734985, -2.17290687561, 50.9703941345, 45.6894874573, -67.6350402832, 54.1872253418, 94.4275970459], [794.215393066, 171.569335938, 387.895385742, 411.030883789, 250.050857544, 186.828964233, 45.7660675049, 14.8545675278, 59.4897537231, 42.8198699951, -43.7583236694, 48.9102630615, 85.6938476563], [578.379333496, 112.379104614, 330.188323975, 250.050857544, 314.202545166, 161.250671387, 66.843132019, 10.9744310379, 71.5389022827, 55.8978500366, -24.5973701477, 51.6747360229, 71.4364471436], [629.741088867, 42.1486968994, 191.792129517, 186.828964233, 161.250671387, 206.434555054, 73.5172119141, 53.4152183533, 67.7595214844, 57.9337005615, 1.29086983204, 56.7631416321, 53.3456268311], [263.392669678, -16.5667171478, 73.2037734985, 45.7660675049, 66.843132019, 73.5172119141, 136.346801758, 65.3958206177, 52.7782821655, 41.6234207153, 13.9918107986, 36.4591445923, 32.2873916626], [209.826934814, -36.171787262, -2.17290687561, 14.8545675278, 10.9744310379, 53.4152183533, 65.3958206177, 107.950134277, 56.8999671936, 36.851890564, 30.8659915924, 33.258518219, 11.4190235138], [256.764862061, -14.0660295486, 50.9703941345, 59.4897537231, 71.5389022827, 67.7595214844, 52.7782821655, 56.8999671936, 114.566947937, 58.1600189209, 20.0554237366, 44.3610572815, 34.923084259], [253.169876099, -24.9719848633, 45.6894874573, 42.8198699951, 55.8978500366, 57.9337005615, 41.6234207153, 36.851890564, 58.1600189209, 95.9254760742, 31.1129360199, 40.617855072, 31.2456588745], [-60.085811615, -44.1077232361, -67.6350402832, -43.7583236694, -24.5973701477, 1.29086983204, 13.9918107986, 30.8659915924, 20.0554237366, 31.1129360199, 80.8786315918, 30.2755737305, -0.358545035124], [236.198699951, -3.88426470757, 54.1872253418, 48.9102630615, 51.6747360229, 56.7631416321, 36.4591445923, 33.258518219, 44.3610572815, 40.617855072, 30.2755737305, 83.2377853394, 48.0220756531], [249.643478394, 47.7799339294, 94.4275970459, 85.6938476563, 71.4364471436, 53.3456268311, 32.2873916626, 11.4190235138, 34.923084259, 31.2456588745, -0.358545035124, 48.0220756531, 89.1534194946]]
        icov: [[0.000344174186466, 0.00022496310703, -6.75595365465e-005, -0.000351882365067, 6.46562839393e-005, -0.000533754937351, 3.02333810396e-005, -0.000287376489723, 0.000112235029519, -0.000331724906573, 0.000459882459836, -0.000258388463408, -0.000167769670952], [0.00022496310703, 0.00288569671102, 0.000793615938164, -0.00170736340806, -0.000969470012933, 5.81295716984e-005, 0.000209283782169, -5.8860559875e-006, 0.000711352215149, 0.000675319810398, 0.000577061378863, 0.00035143448622, -0.00141123356298], [-6.75595365465e-005, 0.000793615938164, 0.00380954961292, -0.00241864472628, -0.00237161945552, 0.00052359176334, -0.000694615824614, 0.000385487044696, 0.00113974162377, 5.41007066204e-005, 0.00138660415541, -0.000503192772157, -0.000345861975802], [-0.000351882365067, -0.00170736340806, -0.00241864472628, 0.0086165163666, -0.00135279854294, -0.00324622774497, 0.00180289626587, -0.000460964889498, -0.000778988120146, 0.000376122508897, 0.00068907259265, 0.000810034165625, -0.00164781848434], [6.46562839393e-005, -0.000969470012933, -0.00237161945552, -0.00135279854294, 0.00968735013157, -0.00301464064978, -0.00160910456907, 0.00317397294566, -0.00291199027561, -0.00120744749438, 0.00022282525606, -0.000454004475614, 0.000177856039954], [-0.000533754937351, 5.81295716984e-005, 0.00052359176334, -0.00324622774497, -0.00301464064978, 0.0132540883496, -0.001880872529, -0.00256287865341, -9.75510374701e-006, -0.00117358041462, -0.000210207159398, -0.002241457114, 0.00114506948739], [3.02333810396e-005, 0.000209283782169, -0.000694615824614, 0.00180289626587, -0.00160910456907, -0.001880872529, 0.0127518055961, -0.00644581159577, -0.000296719837934, -0.000871863623615, 0.000624738051556, 0.000266563991318, -0.00229109125212], [-0.000287376489723, -5.8860559875e-006, 0.000385487044696, -0.000460964889498, 0.00317397294566, -0.00256287865341, -0.00644581159577, 0.0189135819674, -0.0061321714893, 0.000552702578716, -0.00336807779968, -0.00147546792869, 0.0027344005648], [0.000112235029519, 0.000711352215149, 0.00113974162377, -0.000778988120146, -0.00291199027561, -9.75510374701e-006, -0.000296719837934, -0.0061321714893, 0.0174727682024, -0.00562505563721, 0.00118174368981, -0.00226653460413, -0.00156927574426], [-0.000331724906573, 0.000675319810398, 5.41007066204e-005, 0.000376122508897, -0.00120744749438, -0.00117358041462, -0.000871863623615, 0.000552702578716, -0.00562505563721, 0.0190780982375, -0.00579200265929, -0.000533760350663, -0.00215585227124], [0.000459882459836, 0.000577061378863, 0.00138660415541, 0.00068907259265, 0.00022282525606, -0.000210207159398, 0.000624738051556, -0.00336807779968, 0.00118174368981, -0.00579200265929, 0.0208998844028, -0.00842002220452, 0.00261087575927], [-0.000258388463408, 0.00035143448622, -0.000503192772157, 0.000810034165625, -0.000454004475614, -0.002241457114, 0.000266563991318, -0.00147546792869, -0.00226653460413, -0.000533760350663, -0.00842002220452, 0.0255708489567, -0.0106456056237], [-0.000167769670952, -0.00141123356298, -0.000345861975802, -0.00164781848434, 0.000177856039954, 0.00114506948739, -0.00229109125212, 0.0027344005648, -0.00156927574426, -0.00215585227124, 0.00261087575927, -0.0106456056237, 0.0211597327143]]
    sccoeffs:
        dmean: [0.0577605627477, 0.0502516403794, 0.0365741997957, 0.0275067090988, 0.0190505981445, 0.017341805622]
        dmean2: [0.0956901907921, 0.0849812179804, 0.0621742978692, 0.0465633682907, 0.0319131501019, 0.0277947224677]
        dvar: [0.00245086895302, 0.00154551235028, 0.000826100411359, 0.000468771613669, 0.000258535321336, 0.000242654889007]
        dvar2: [0.00642191851512, 0.00429403595626, 0.00234991125762, 0.00131344003603, 0.000655404292047, 0.000600989500526]
        max: [-0.214622586966, -0.45565623045, -0.535895705223, -0.608617186546, -0.604376077652, -0.581212580204]
        mean: [-0.659858286381, -0.764808297157, -0.805579125881, -0.804787814617, -0.810843706131, -0.755153715611]
        median: [-0.686015307903, -0.771169900894, -0.809957265854, -0.808870732784, -0.815222144127, -0.757066011429]
        min: [-0.960748791695, -0.94285851717, -0.952617645264, -0.955449521542, -0.931086242199, -0.909419119358]
        var: [0.011810448952, 0.00373624847271, 0.00175471545663, 0.00112444232218, 0.000760214054026, 0.000897882855497]
    scvalleys:
        dmean: [0.40785497427, 0.362273275852, 0.289387017488, 0.242022380233, 0.221971228719, 0.32331892848]
        dmean2: [0.675376176834, 0.612599015236, 0.486035376787, 0.400794297457, 0.35587349534, 0.487239092588]
        dvar: [0.117764554918, 0.101168267429, 0.0677199810743, 0.0496255420148, 0.0591349713504, 0.157880291343]
        dvar2: [0.301429152489, 0.258487790823, 0.162512212992, 0.113849036396, 0.129713773727, 0.346160024405]
        max: [-5.0488653183, -4.54359912872, -4.83885908127, -5.31464862823, -5.58856105804, -7.66124200821]
        mean: [-7.33391571045, -6.64847803116, -6.53398990631, -6.87370014191, -7.06106901169, -9.65962600708]
        median: [-6.50014305115, -6.47696208954, -6.39956378937, -6.73529243469, -6.88168334961, -9.36054420471]
        min: [-16.3434009552, -17.9442749023, -18.8314342499, -17.5859165192, -17.9785690308, -19.3786220551]
        var: [3.51163268089, 0.588143348694, 0.485481292009, 0.515657961369, 0.577704787254, 1.06450510025]

rhythm:
    beats_loudness:
        dmean: 0.00413400912657
        dmean2: 0.0077273612842
        dvar: 1.63671720657e-005
        dvar2: 4.95890562888e-005
        max: 0.0160130541772
        mean: 0.00519311334938
        median: 0.00313527742401
        min: 4.12245899497e-005
        var: 1.99702790269e-005
    bpm: 91.4482040405
    bpm_confidence: 0
    first_peak_bpm: 92
    first_peak_spread: 0.551546394825
    first_peak_weight: 0.172619044781
    onset_rate: 2.996291399
    second_peak_bpm: 73
    second_peak_spread: 0.544715464115
    second_peak_weight: 0.111111111939
    beats_loudness_band_ratio:
        dmean: [0.087486885488, 0.180637478828, 0.0749928802252, 0.0838676169515, 0.086034655571, 0.0872506946325]
        dmean2: [0.153096109629, 0.317841678858, 0.127737402916, 0.144129663706, 0.148660361767, 0.153078094125]
        dvar: [0.0109988804907, 0.019564602524, 0.00648450572044, 0.00669609941542, 0.0065335938707, 0.00701436074451]
        dvar2: [0.0300029441714, 0.0554261989892, 0.0187852811068, 0.0188576690853, 0.0173151642084, 0.0206968914717]
        max: [0.696621119976, 0.881122231483, 0.654661297798, 0.767627179623, 0.735926508904, 0.639563500881]
        mean: [0.123281873763, 0.238995060325, 0.141496524215, 0.169191375375, 0.197970703244, 0.182990893722]
        median: [0.0930231437087, 0.206484571099, 0.0976811572909, 0.132171466947, 0.184656515718, 0.173425346613]
        min: [6.73901467962e-006, 0.000919472251553, 0.0181216169149, 0.00384689006023, 0.00432835053653, 0.00685475114733]
        var: [0.0151378661394, 0.0336386561394, 0.0134929260239, 0.0133647173643, 0.00886236876249, 0.00988782290369]
    beats_position: [0.9287981987, 1.8575963974, 2.7863945961, 3.72680258751, 4.62077093124, 5.50312900543, 6.40870714188, 7.30267572403, 8.2198638916, 9.07900238037, 9.93814086914, 10.7972784042, 11.6448068619, 12.5039453506, 13.3630838394, 14.1525621414, 14.9536504745, 15.7547388077, 16.5442180634, 17.3453063965, 18.1580047607, 18.9939231873, 19.8414516449, 20.6657600403, 21.4552383423, 22.2447166443, 23.0341949463, 23.8352832794, 24.6247615814, 25.4026298523, 26.1921081543, 26.9931964874, 27.7942848206, 28.5721530914, 29.3500213623, 30.1511096954, 30.9521980286, 31.7416782379, 32.5311546326, 33.332244873, 34.121723175, 34.8995895386, 35.6890678406, 36.5017662048, 37.2912483215, 38.0691146851, 38.8469848633, 39.613243103, 40.4143295288, 41.2154197693, 42.0281181335, 42.8408164978, 43.6651229858, 44.4894332886, 45.3253517151, 46.1612701416, 46.9971885681, 47.8098869324, 48.6458053589, 49.4817237854, 50.3060302734, 51.1187286377, 51.9430389404, 52.7673454285, 53.5916557312, 54.4043540955, 55.2286605835, 56.0529708862, 56.8656692505, 57.6783676147, 58.5142860413, 59.3618125916, 60.1977310181, 61.0220413208, 61.8463478088, 62.6706581116, 63.4833564758, 64.1102905273, 64.748840332, 65.3873901367, 66.0259399414, 66.6644897461, 67.3030395508, 67.9415893555, 68.5685272217, 69.2070770264, 69.8456192017, 70.4725646973, 71.1111068726, 71.7496566772, 72.3765945435, 73.0151443481, 73.6536941528, 74.280632019, 74.9307937622, 75.580947876, 76.2078933716, 76.8464355469, 77.4849853516, 78.1235351563, 78.7620849609, 79.4122467041, 80.0507888794, 80.7009506226, 81.3395004272, 81.9664382935, 82.6166000366, 83.2667541504, 83.9053039551, 84.5554656982, 85.205619812, 85.8441696167, 86.4943313599, 87.1328811646, 87.7714233398, 88.421585083, 89.0717468262, 89.6986846924, 90.3488388062, 90.9990005493, 91.6491622925, 92.2993164063, 92.9494781494, 93.5996322632, 94.2381820679, 94.8767318726, 95.4804534912, 96.1073913574, 96.7343292236, 97.3844909668, 98.046257019, 98.6964187622, 99.3349609375, 100.101219177, 100.879089355, 101.645347595, 102.400001526, 103.166259766, 103.932518005, 104.698776245, 105.465034485, 106.231292725, 106.997550964, 107.763809204, 108.530067444, 109.296325684, 110.074195862, 110.852058411, 111.606712341, 112.361358643, 113.139228821, 113.917098999, 114.683357239, 115.449615479, 116.227478027, 117.005348206, 117.771606445, 118.537864685, 119.315734863, 120.093605042, 120.87147522, 121.660949707, 122.462036133, 123.25151825, 123.92489624, 124.586662292, 125.260040283, 125.933418274, 126.606803894, 127.280181885, 127.965164185, 128.638549805, 129.288711548, 129.938858032, 130.589019775, 131.239181519, 131.889343262, 132.539505005, 133.17805481, 133.828201294, 134.489974976, 135.116912842, 135.767074585, 136.417236328, 137.078994751, 137.729156494, 138.367706299, 138.994644165, 139.63319397, 140.271743774, 140.910293579, 141.548843384, 142.17578125, 142.802719116, 143.441268921, 144.079818726, 144.706756592, 145.345306396, 145.983856201, 146.622406006, 147.27255249, 147.911102295, 148.538040161, 149.164993286, 149.791931152, 150.430480957, 151.080627441, 151.742401123, 152.369338989, 152.984664917, 153.599990845, 154.226928711, 154.853881836, 155.469207764, 156.107757568, 156.757904053, 157.408065796, 158.058227539, 158.708389282, 159.358551025, 160.00869751, 160.670471191, 161.332244873, 161.982406616, 162.632553101, 163.294326782, 163.956100464, 164.617858887, 165.291244507, 165.953018188, 166.614776611, 167.276550293, 167.949935913, 168.623306274, 169.296691895, 169.970062256, 170.643447876, 171.316818237, 171.978591919, 172.65196228, 173.336959839, 174.0103302, 174.68371582, 175.35710144, 176.030471802, 176.703857422, 177.377227783, 178.050613403, 178.723983765, 179.420593262, 180.093963623, 180.767349243, 181.440719604, 182.114105225, 182.799087524, 183.484085083, 184.157455444, 184.830841064, 185.515823364, 186.189208984, 186.874191284, 187.547576904, 188.209335327, 188.894332886, 189.567703247, 190.275909424, 190.984130859, 191.692337036, 192.400543213, 193.10874939, 193.816955566, 194.536773682, 195.198547363, 195.860321045, 196.522079468, 197.183853149, 197.845626831, 198.507385254, 199.169158936, 199.830932617, 200.504302979, 201.16607666, 201.827835083, 202.52444458, 203.221038818, 203.871200562, 204.521362305, 205.171508789, 205.821670532, 206.471832275, 207.121994019, 207.772155762, 208.433914185, 209.095687866, 209.757461548, 210.419219971, 211.069381714, 211.719543457, 212.3697052, 213.019866943, 213.670013428, 214.320175171, 214.970336914, 215.632110596, 216.305480957, 216.978866577, 217.652236938, 218.453323364, 219.231201172, 220.009063721, 220.77532959, 221.5415802, 222.331054688, 223.120544434, 223.886795044, 224.676269531, 225.465759277, 226.243621826, 227.021499634, 227.799362183, 228.600448608, 229.366714478, 230.121353149, 230.899230957, 231.688705444, 232.478179932, 233.267654419, 234.10357666, 234.939498901, 235.763809204, 236.588119507, 237.424026489, 238.25994873, 239.095870972, 239.931793213, 240.756088257, 241.58039856, 242.393096924, 243.205795288, 244.018493652, 244.831192017, 245.643890381, 246.468200684, 247.292510986, 248.128433228, 248.95274353, 249.777053833, 250.612960815, 251.460494995, 252.296417236, 253.120727539, 253.956634521, 254.81578064, 255.640090942, 256.464385986, 257.219055176, 257.96206665, 258.577423096, 259.192749023, 259.819671631, 260.481445313, 261.131591797, 261.793365479, 262.45513916, 263.035644531, 263.616149902, 264.196624756, 264.765533447, 265.334411621, 265.903320313, 266.483795166, 267.064300537, 267.644805908, 268.225311279, 268.805786133, 269.444335938, 270.071289063, 270.709838867, 271.348388672, 271.95211792, 272.55581665, 273.159545898, 273.763275146, 274.366973877, 274.970703125, 275.574401855, 276.178131104, 276.781860352, 277.385559082, 277.89642334, 278.384033203, 278.871643066, 279.370880127, 279.753997803, 280.137145996, 280.520263672, 280.903381348, 281.298126221, 281.704498291, 282.099212646, 282.48236084, 282.865478516, 283.248626709, 283.631744385, 284.014862061, 284.398010254, 284.78112793, 285.164245605, 285.535766602, 285.907287598, 286.278808594, 286.661956787, 287.06829834, 287.474639893, 287.880981445, 288.310546875, 288.740142822, 289.181304932, 289.610870361, 290.063659668, 290.516448975, 290.969238281, 291.410430908, 291.851593018, 292.292785645, 292.722351074, 293.163543701, 293.593109131, 294.022674561, 294.45223999, 294.88180542, 295.31137085, 295.752563477, 296.182128906, 296.611694336, 297.052886963, 297.494049072, 297.923614502, 298.353179932, 298.782775879, 299.212341309, 299.653503418, 300.094696045, 300.535858154, 300.977050781, 301.418212891, 301.778137207, 302.138031006, 302.497955322, 302.857849121, 303.217773438, 303.577667236, 303.937591553, 304.309112549, 304.669006348, 305.028930664, 305.388824463, 305.760345459, 306.120269775, 306.538238525, 306.944580078, 307.350921631, 307.838531494, 308.326171875, 308.813781738, 309.313018799, 309.812225342, 310.311462402, 310.799072266, 311.298309326, 311.785949707, 312.320007324, 312.842437744, 313.376495361, 313.898956299, 314.421386719, 314.943847656, 315.466308594, 315.977142334, 316.499572754, 317.022033691, 317.556091309, 318.101776123, 318.64743042, 319.193115234, 319.703948975, 320.203155518, 320.702392578, 321.224853516, 321.747283936, 322.269744873, 322.780578613, 323.291412354, 323.813873291, 324.336334229, 324.858764648, 325.381225586, 325.984924316, 326.588653564, 327.192382813, 327.796081543, 328.399810791, 329.003540039, 329.60723877, 330.210968018]
