
metadata:
    version:
        essentia: "2.1-beta2"
    audio_properties:
        analysis_sample_rate: 44100
        bitrate: 212
        channels: 2
        equal_loudness: 1
        length: 244.062042236
        replay_gain: -15.8247823715
        downmix: "mix"
    tags:
        album: "Good Morning Revival"
        artist: "Good Charlotte"
        comment: ""
        date: "2007"
        genre: "Punk Rock"
        title: "I Don't Wanna Be In Love (Dance Floor Anthem)"
        tracknumber: "4/15"

configuration:
    average_loudness:
        compute: 1
        frameSize: 88200
        hopSize: 44100
        silentFrames: "noise"
        windowType: "hann"
    general:
        analysisSampleRate: 44100
        endTime: 2000
        equalLoudness: 1
        nequalLoudness: 0
        shortSound: 0
        startTime: 0
    lowlevel:
        compute: 1
        frameSize: 2048
        hopSize: 1024
        zeroPadding: 0
        silentFrames: "noise"
        windowType: "blackmanharris62"
        mfccStats: ["mean", "cov", "icov"]
        stats: ["mean", "var", "median", "min", "max", "dmean", "dmean2", "dvar", "dvar2"]
    panning:
        compute: 0
        frameSize: 8192
        hopSize: 2048
        zeroPadding: 8192
        silentFrames: "noise"
        windowType: "hann"
        stats: ["copy"]
    rhythm:
        compute: 1
        maxTempo: 208
        minTempo: 40
        method: "degara"
        stats: ["mean", "var", "median", "min", "max", "dmean", "dmean2", "dvar", "dvar2"]
    segmentation:
        compute: 0
        cpw: 5
        inc1: 300
        inc2: 50
        minimumSegmentsLength: 10
        size1: 1000
        size2: 600
    sfx:
        compute: 1
        stats: ["mean", "var", "median", "min", "max", "dmean", "dmean2", "dvar", "dvar2"]
    svm:
        compute: 0
    tonal:
        compute: 1
        frameSize: 4096
        hopSize: 2048
        zeroPadding: 0
        silentFrames: "noise"
        windowType: "blackmanharris62"
        stats: ["mean", "var", "median", "min", "max", "dmean", "dmean2", "dvar", "dvar2"]

lowlevel:
    average_loudness: 0.9449608922
    barkbands_kurtosis:
        dmean: 0.919217050076
        dmean2: 1.42790055275
        dvar: 3.04959702492
        dvar2: 6.44574308395
        max: 50.0901451111
        mean: 0.0355789251626
        median: -0.927739620209
        min: -1.89825439453
        var: 9.01822662354
    barkbands_skewness:
        dmean: 0.387104332447
        dmean2: 0.582821130753
        dvar: 0.162960425019
        dvar2: 0.364944219589
        max: 5.59959173203
        mean: 0.273500055075
        median: 0.130581393838
        min: -3.76602053642
        var: 0.86685270071
    barkbands_spread:
        dmean: 5.36140394211
        dmean2: 8.26645278931
        dvar: 34.4295806885
        dvar2: 78.326675415
        max: 80.1253662109
        mean: 28.2216129303
        median: 28.1413841248
        min: 1.75784754753
        var: 130.100738525
    dissonance:
        dmean: 0.0176825337112
        dmean2: 0.0297051481903
        dvar: 0.000373640941689
        dvar2: 0.000998382456601
        max: 0.500000119209
        mean: 0.466365545988
        median: 0.475199997425
        min: 0.222736403346
        var: 0.000948329106905
    hfc:
        dmean: 2.31641340256
        dmean2: 3.69163179398
        dvar: 12.805975914
        dvar2: 32.4936676025
        max: 70.8472366333
        mean: 7.83236646652
        median: 7.01023578644
        min: 1.16728617844e-016
        var: 35.6769638062
    pitch:
        dmean: 539.684570313
        dmean2: 1041.75952148
        dvar: 1309822.125
        dvar2: 3262572.5
        max: 5467.25390625
        mean: 772.180541992
        median: 280.415130615
        min: 61.5230522156
        var: 1496078.5
    pitch_instantaneous_confidence:
        dmean: 0.0907670035958
        dmean2: 0.142333984375
        dvar: 0.00753971235827
        dvar2: 0.0171903185546
        max: 0.990518987179
        mean: 0.470362454653
        median: 0.440198332071
        min: 0.0942500829697
        var: 0.0296443514526
    pitch_salience:
        dmean: 0.0618944168091
        dmean2: 0.0985228195786
        dvar: 0.00300347944722
        dvar2: 0.00758729036897
        max: 0.914817154408
        mean: 0.61588037014
        median: 0.624994635582
        min: 0.147909924388
        var: 0.00888106878847
    silence_rate_20dB:
        dmean: 0
        dmean2: 0
        dvar: 0
        dvar2: 0
        max: 1
        mean: 1
        median: 1
        min: 1
        var: 0
    silence_rate_30dB:
        dmean: 0
        dmean2: 0
        dvar: 0
        dvar2: 0
        max: 1
        mean: 1
        median: 1
        min: 1
        var: 0
    silence_rate_60dB:
        dmean: 0.0852440297604
        dmean2: 0.170504286885
        dvar: 0.0779753774405
        dvar2: 0.1699667871
        max: 1
        mean: 0.293474137783
        median: 0
        min: 0
        var: 0.207370847464
    spectral_centroid:
        dmean: 239.904388428
        dmean2: 366.878936768
        dvar: 73746.9921875
        dvar2: 157313.84375
        max: 10689.4179688
        mean: 1592.26293945
        median: 1602.53881836
        min: 234.710296631
        var: 364438.28125
    spectral_complexity:
        dmean: 3.11426115036
        dmean2: 5.04662227631
        dvar: 12.9988155365
        dvar2: 33.316822052
        max: 49
        mean: 14.3217277527
        median: 15
        min: 0
        var: 61.5251159668
    spectral_crest:
        dmean: 2.25726866722
        dmean2: 3.62528204918
        dvar: 5.05314540863
        dvar2: 12.5410013199
        max: 24.2709789276
        mean: 7.74055528641
        median: 6.72747802734
        min: 2.34787011147
        var: 13.2788410187
    spectral_decrease:
        dmean: 2.91221879944e-010
        dmean2: 4.63588140098e-010
        dvar: 1.63368416548e-019
        dvar2: 4.04552401657e-019
        max: -1.28426112406e-028
        mean: -1.06989295201e-009
        median: -1.01860020418e-009
        min: -4.67641525503e-009
        var: 4.18847840401e-019
    spectral_energy:
        dmean: 0.00127947574947
        dmean2: 0.0020396290347
        dvar: 3.21579136653e-006
        dvar2: 7.99161443865e-006
        max: 0.0219981633127
        mean: 0.00474843243137
        median: 0.00450958125293
        min: 1.10723472584e-020
        var: 8.51147706271e-006
    spectral_energyband_high:
        dmean: 0.000191468192497
        dmean2: 0.000316636695061
        dvar: 1.57630495323e-007
        dvar2: 3.65093654864e-007
        max: 0.0130580263212
        mean: 0.000405080500059
        median: 0.000292283250019
        min: 7.46654176024e-021
        var: 2.73180233989e-007
    spectral_energyband_low:
        dmean: 0.00015647415421
        dmean2: 0.000261139153736
        dvar: 1.04601895146e-007
        dvar2: 2.84000293505e-007
        max: 0.00555189093575
        mean: 0.000261592998868
        median: 0.000164461831446
        min: 3.5507610687e-023
        var: 1.11715415585e-007
    spectral_energyband_middle_high:
        dmean: 0.000759793736506
        dmean2: 0.0011939817341
        dvar: 1.15652653676e-006
        dvar2: 2.89221111416e-006
        max: 0.0185441374779
        mean: 0.00235430360772
        median: 0.00195710966364
        min: 1.68856037745e-021
        var: 3.68962855646e-006
    spectral_energyband_middle_low:
        dmean: 0.00068872643169
        dmean2: 0.00109315698501
        dvar: 1.12123370855e-006
        dvar2: 2.82955625153e-006
        max: 0.0133063215762
        mean: 0.00182795035653
        median: 0.00152163382154
        min: 3.7719582345e-022
        var: 2.015398195e-006
    spectral_flatness_db:
        dmean: 0.0166047792882
        dmean2: 0.0244198385626
        dvar: 0.000289013521979
        dvar2: 0.000575578247663
        max: 0.452935010195
        mean: 0.145733937621
        median: 0.13527315855
        min: 0.0448438748717
        var: 0.00194148602895
    spectral_flux:
        dmean: 0.00905072130263
        dmean2: 0.0138197327033
        dvar: 0.000108082822408
        dvar2: 0.000213091698242
        max: 0.130997240543
        mean: 0.0378663353622
        median: 0.0364979617298
        min: 1.05225224367e-010
        var: 0.000345264794305
    spectral_kurtosis:
        dmean: 1.20783913136
        dmean2: 1.96138215065
        dvar: 3.64395213127
        dvar2: 9.75377082825
        max: 48.2630767822
        mean: 4.62645435333
        median: 4.34499168396
        min: -1.35021960735
        var: 8.80847930908
    spectral_rms:
        dmean: 0.000277651590295
        dmean2: 0.000431802036474
        dvar: 1.17134689503e-007
        dvar2: 2.72657445066e-007
        max: 0.00463266903535
        mean: 0.00202092831023
        median: 0.0020975205116
        min: 3.28668364226e-012
        var: 5.48462594452e-007
    spectral_rolloff:
        dmean: 436.334259033
        dmean2: 716.451782227
        dvar: 335410.875
        dvar2: 723780
        max: 18195.5566406
        mean: 3053.44799805
        median: 3402.24609375
        min: 172.265625
        var: 1239105.75
    spectral_skewness:
        dmean: 0.190092891455
        dmean2: 0.300305813551
        dvar: 0.0573190711439
        dvar2: 0.137792095542
        max: 5.61887979507
        mean: 1.60560643673
        median: 1.58387565613
        min: -0.00402761949226
        var: 0.206162378192
    spectral_spread:
        dmean: 565121.625
        dmean2: 782185.8125
        dvar: 873596583936
        dvar2: 1.40592781722e+012
        max: 51874428
        mean: 5075036
        median: 4733273
        min: 1603792.125
        var: 3.43274186342e+012
    spectral_strongpeak:
        dmean: 0.576840519905
        dmean2: 0.950057029724
        dvar: 0.794522583485
        dvar2: 1.91866266727
        max: 13.7441396713
        mean: 1.01775419712
        median: 0.597584843636
        min: 0
        var: 1.54256927967
    zerocrossingrate:
        dmean: 0.00896122213453
        dmean2: 0.0106175383553
        dvar: 8.37741463329e-005
        dvar2: 0.000105313491076
        max: 0.48681640625
        mean: 0.0917902812362
        median: 0.09375
        min: 0.01220703125
        var: 0.000848003197461
    barkbands:
        dmean: [1.04612172436e-006, 5.67375609535e-005, 8.0927144154e-005, 9.06946879695e-005, 0.000214901519939, 0.000183883283171, 0.000179999464308, 0.00014578171249, 0.000226382078836, 8.59353676788e-005, 8.26682298793e-005, 0.000114773196401, 0.000112244917545, 0.000134553542011, 0.000244194176048, 0.00014057775843, 0.00010282995936, 0.000115100308903, 0.000121655626572, 0.000242904439801, 6.72933310852e-005, 1.8975832063e-005, 3.17339595313e-006, 1.99925716515e-006, 1.65635231042e-006, 6.76650984133e-008, 8.07956535009e-010]
        dmean2: [1.84721091046e-006, 9.29032830754e-005, 0.00013788335491, 0.000152500215336, 0.00035819481127, 0.000296569516649, 0.00029221069417, 0.000229060111451, 0.000331046117935, 0.000130399013869, 0.000126282058773, 0.000179735972779, 0.00017469964223, 0.000209530160646, 0.000386393134249, 0.000223255134188, 0.00016525547835, 0.00019514633459, 0.00020545629377, 0.000394342205254, 0.00011621156591, 3.15824363497e-005, 5.21740730619e-006, 2.94953088087e-006, 2.4749028853e-006, 1.04629890529e-007, 1.27267996142e-009]
        dvar: [6.87195743018e-012, 1.84712032336e-008, 3.01550890924e-008, 2.40471980106e-008, 2.54480568174e-007, 1.59407036904e-007, 2.33498724356e-007, 1.16372561365e-007, 2.16836852474e-007, 4.57410500587e-008, 2.85101329212e-008, 7.28293301222e-008, 8.5521172366e-008, 1.01552799947e-007, 4.28751093295e-007, 1.98833006948e-007, 4.82213451392e-008, 2.90131580982e-008, 3.49556685819e-008, 2.4725366643e-007, 1.7592856949e-008, 1.3785496078e-009, 7.75047664936e-011, 4.5109964375e-011, 3.80816628232e-011, 2.85273141101e-014, 3.17758289026e-018]
        dvar2: [1.90773213199e-011, 4.73180925553e-008, 8.44284642199e-008, 6.40763957449e-008, 7.08603977273e-007, 3.92032347918e-007, 5.97187579388e-007, 2.80140426412e-007, 4.68627206374e-007, 9.26611605223e-008, 5.86343169573e-008, 1.69819841744e-007, 2.04022597927e-007, 2.27763109706e-007, 1.08141307464e-006, 4.75181593629e-007, 1.224662185e-007, 8.04466608884e-008, 9.54340322323e-008, 5.7559537936e-007, 5.00958279304e-008, 3.7148162324e-009, 1.983191944e-010, 8.8905612039e-011, 7.77308148403e-011, 6.65810248189e-014, 7.46282514081e-018]
        max: [2.23734168685e-005, 0.00119101372547, 0.00385767663829, 0.0031606964767, 0.00998054631054, 0.0102830715477, 0.00932079087943, 0.00815128628165, 0.0101012457162, 0.00515240291134, 0.00487591745332, 0.00689278217033, 0.0103536639363, 0.00691734952852, 0.011835180223, 0.0150952488184, 0.00553968828171, 0.0023536013905, 0.00353738409467, 0.0129589280114, 0.00231239222921, 0.000631984672509, 0.000308283284539, 0.000204660071176, 0.000275220227195, 5.57592056794e-006, 3.96395343216e-008]
        mean: [8.8851078317e-007, 6.02096042712e-005, 0.000125910883071, 0.000162799740792, 0.000396246585296, 0.000300028856145, 0.000239562912611, 0.000261320994468, 0.000436735834228, 0.000163720324053, 0.000139410156407, 0.000188965161215, 0.000170068873558, 0.000205016054679, 0.000353290641215, 0.000210919126403, 0.000182857984328, 0.000217732755118, 0.000263632740825, 0.000493803468999, 0.0001279739663, 3.41009399563e-005, 5.62157129025e-006, 4.23825895268e-006, 3.24704865307e-006, 1.35977728632e-007, 1.47500178738e-009]
        median: [7.48180042365e-008, 2.09760473808e-005, 6.08342452324e-005, 0.000104206279502, 0.000279973843135, 0.000178996895556, 8.96455167094e-005, 6.84028636897e-005, 0.00016645413416, 6.11771683907e-005, 5.25555224158e-005, 9.81033663265e-005, 6.36642071186e-005, 6.8254325015e-005, 8.45093891257e-005, 7.82356000855e-005, 0.000103962360299, 0.000177531823283, 0.00023063410481, 0.000342075014487, 9.94382571662e-005, 2.12847407965e-005, 3.11530561703e-006, 2.08927349377e-006, 1.61922184816e-006, 7.46589350342e-008, 8.91118234758e-010]
        min: [1.7619396067e-023, 1.6024232542e-023, 1.62725054098e-024, 1.99186873697e-023, 8.90676721012e-023, 8.5147216418e-023, 2.21267374424e-023, 9.19583803132e-023, 6.62243176352e-023, 5.44828298804e-023, 8.9096954618e-023, 1.49114350568e-022, 6.29242663441e-023, 1.33985815941e-022, 1.49408437913e-022, 2.21407558163e-022, 1.90685300789e-022, 1.60566137044e-022, 3.02260575533e-022, 2.29608152237e-022, 2.94783209137e-022, 5.36893178513e-022, 6.11963908557e-022, 7.41625681265e-022, 1.26324797678e-021, 1.78223959157e-021, 2.10279308156e-021]
        var: [5.20065587817e-012, 1.56116932715e-008, 3.51145743593e-008, 3.87647780542e-008, 2.46466925091e-007, 1.89480687141e-007, 2.70069051567e-007, 3.3851310377e-007, 5.0169211363e-007, 1.52043199364e-007, 6.83099727894e-008, 1.16203111133e-007, 1.17822729351e-007, 1.86869314689e-007, 6.63727121264e-007, 3.23290720416e-007, 8.35047941905e-008, 4.39881375769e-008, 6.42800017658e-008, 4.68485950478e-007, 1.98625755843e-008, 1.84906057132e-009, 1.07674556771e-010, 1.15653167598e-010, 8.69332592024e-011, 5.80634309079e-014, 5.44736814547e-018]
    frequency_bands:
        dmean: [1.04612172436e-006, 5.67375609535e-005, 8.0927144154e-005, 9.06946879695e-005, 0.000214901519939, 0.000183883283171, 0.000179999464308, 0.00014578171249, 0.000226382078836, 8.59353676788e-005, 8.26682298793e-005, 0.000114773196401, 0.000112244917545, 0.000134553542011, 0.000244194176048, 0.00014057775843, 0.00010282995936, 0.000115100308903, 0.000121655626572, 0.000242904439801, 6.72933310852e-005, 1.8975832063e-005, 3.17339595313e-006, 1.99925716515e-006, 1.65635231042e-006, 6.76650984133e-008, 8.07956535009e-010, 5.60548100992e-011]
        dmean2: [1.84721091046e-006, 9.29032830754e-005, 0.00013788335491, 0.000152500215336, 0.00035819481127, 0.000296569516649, 0.00029221069417, 0.000229060111451, 0.000331046117935, 0.000130399013869, 0.000126282058773, 0.000179735972779, 0.00017469964223, 0.000209530160646, 0.000386393134249, 0.000223255134188, 0.00016525547835, 0.00019514633459, 0.00020545629377, 0.000394342205254, 0.00011621156591, 3.15824363497e-005, 5.21740730619e-006, 2.94953088087e-006, 2.4749028853e-006, 1.04629890529e-007, 1.27267996142e-009, 1.04103947685e-010]
        dvar: [6.87195743018e-012, 1.84712032336e-008, 3.01550890924e-008, 2.40471980106e-008, 2.54480568174e-007, 1.59407036904e-007, 2.33498724356e-007, 1.16372561365e-007, 2.16836852474e-007, 4.57410500587e-008, 2.85101329212e-008, 7.28293301222e-008, 8.5521172366e-008, 1.01552799947e-007, 4.28751093295e-007, 1.98833006948e-007, 4.82213451392e-008, 2.90131580982e-008, 3.49556685819e-008, 2.4725366643e-007, 1.7592856949e-008, 1.3785496078e-009, 7.75047664936e-011, 4.5109964375e-011, 3.80816628232e-011, 2.85273141101e-014, 3.17758289026e-018, 6.56266963034e-021]
        dvar2: [1.90773213199e-011, 4.73180925553e-008, 8.44284642199e-008, 6.40763957449e-008, 7.08603977273e-007, 3.92032347918e-007, 5.97187579388e-007, 2.80140426412e-007, 4.68627206374e-007, 9.26611605223e-008, 5.86343169573e-008, 1.69819841744e-007, 2.04022597927e-007, 2.27763109706e-007, 1.08141307464e-006, 4.75181593629e-007, 1.224662185e-007, 8.04466608884e-008, 9.54340322323e-008, 5.7559537936e-007, 5.00958279304e-008, 3.7148162324e-009, 1.983191944e-010, 8.8905612039e-011, 7.77308148403e-011, 6.65810248189e-014, 7.46282514081e-018, 2.05401693079e-020]
        max: [2.23734168685e-005, 0.00119101372547, 0.00385767663829, 0.0031606964767, 0.00998054631054, 0.0102830715477, 0.00932079087943, 0.00815128628165, 0.0101012457162, 0.00515240291134, 0.00487591745332, 0.00689278217033, 0.0103536639363, 0.00691734952852, 0.011835180223, 0.0150952488184, 0.00553968828171, 0.0023536013905, 0.00353738409467, 0.0129589280114, 0.00231239222921, 0.000631984672509, 0.000308283284539, 0.000204660071176, 0.000275220227195, 5.57592056794e-006, 3.96395343216e-008, 8.33446645032e-010]
        mean: [8.8851078317e-007, 6.02096042712e-005, 0.000125910883071, 0.000162799740792, 0.000396246585296, 0.000300028856145, 0.000239562912611, 0.000261320994468, 0.000436735834228, 0.000163720324053, 0.000139410156407, 0.000188965161215, 0.000170068873558, 0.000205016054679, 0.000353290641215, 0.000210919126403, 0.000182857984328, 0.000217732755118, 0.000263632740825, 0.000493803468999, 0.0001279739663, 3.41009399563e-005, 5.62157129025e-006, 4.23825895268e-006, 3.24704865307e-006, 1.35977728632e-007, 1.47500178738e-009, 4.35091372653e-011]
        median: [7.48180042365e-008, 2.09760473808e-005, 6.08342452324e-005, 0.000104206279502, 0.000279973843135, 0.000178996895556, 8.96455167094e-005, 6.84028636897e-005, 0.00016645413416, 6.11771683907e-005, 5.25555224158e-005, 9.81033663265e-005, 6.36642071186e-005, 6.8254325015e-005, 8.45093891257e-005, 7.82356000855e-005, 0.000103962360299, 0.000177531823283, 0.00023063410481, 0.000342075014487, 9.94382571662e-005, 2.12847407965e-005, 3.11530561703e-006, 2.08927349377e-006, 1.61922184816e-006, 7.46589350342e-008, 8.91118234758e-010, 1.51561541095e-011]
        min: [1.7619396067e-023, 1.6024232542e-023, 1.62725054098e-024, 1.99186873697e-023, 8.90676721012e-023, 8.5147216418e-023, 2.21267374424e-023, 9.19583803132e-023, 6.62243176352e-023, 5.44828298804e-023, 8.9096954618e-023, 1.49114350568e-022, 6.29242663441e-023, 1.33985815941e-022, 1.49408437913e-022, 2.21407558163e-022, 1.90685300789e-022, 1.60566137044e-022, 3.02260575533e-022, 2.29608152237e-022, 2.94783209137e-022, 5.36893178513e-022, 6.11963908557e-022, 7.41625681265e-022, 1.26324797678e-021, 1.78223959157e-021, 2.10279308156e-021, 6.34992184641e-022]
        var: [5.20065587817e-012, 1.56116932715e-008, 3.51145743593e-008, 3.87647780542e-008, 2.46466925091e-007, 1.89480687141e-007, 2.70069051567e-007, 3.3851310377e-007, 5.0169211363e-007, 1.52043199364e-007, 6.83099727894e-008, 1.16203111133e-007, 1.17822729351e-007, 1.86869314689e-007, 6.63727121264e-007, 3.23290720416e-007, 8.35047941905e-008, 4.39881375769e-008, 6.42800017658e-008, 4.68485950478e-007, 1.98625755843e-008, 1.84906057132e-009, 1.07674556771e-010, 1.15653167598e-010, 8.69332592024e-011, 5.80634309079e-014, 5.44736814547e-018, 5.28448130959e-021]
    mfcc:
        mean: [-718.188964844, 109.016906738, -47.1485366821, 41.3031616211, -20.2381229401, -9.16610336304, 3.66398215294, -13.3901376724, -0.435532569885, -3.59383392334, -5.1656832695, -6.79841804504, -5.82515001297]
        cov: [[6960.54736328, 384.357116699, -891.303894043, 400.836120605, -106.551528931, 84.0766677856, 57.6209106445, -105.485374451, -41.7629928589, 8.9365530014, -82.5889511108, -110.446556091, -122.903030396], [384.357116699, 1116.1940918, -30.739522934, 70.2211532593, -84.1660919189, -43.9162330627, 25.9757270813, -26.9337749481, 3.00124955177, -27.1412506104, -12.6476812363, -26.9528121948, -48.160118103], [-891.303894043, -30.739522934, 686.65814209, 55.5547447205, 100.116874695, 27.5287380219, -16.4199066162, 81.1689376831, -25.2415809631, -36.1634254456, 22.8921737671, 9.27315711975, 12.3494968414], [400.836120605, 70.2211532593, 55.5547447205, 347.605377197, 91.4601516724, 8.70371437073, -3.84348654747, 34.5447311401, 27.6575431824, -9.11127376556, -8.80878925323, 16.5710887909, 15.6834983826], [-106.551528931, -84.1660919189, 100.116874695, 91.4601516724, 219.71282959, 46.8918762207, -1.27542722225, 16.8308143616, 4.25347232819, 6.19442081451, -12.4827766418, 16.2919387817, 15.9028587341], [84.0766677856, -43.9162330627, 27.5287380219, 8.70371437073, 46.8918762207, 152.893341064, 58.3354148865, 31.3863754272, -3.01309370995, -1.08370387554, 26.063287735, -7.30909347534, -11.7612857819], [57.6209106445, 25.9757270813, -16.4199066162, -3.84348654747, -1.27542722225, 58.3354148865, 174.08241272, 70.0242385864, -15.9952135086, -5.2176361084, 26.3609752655, 6.16619491577, -10.7776975632], [-105.485374451, -26.9337749481, 81.1689376831, 34.5447311401, 16.8308143616, 31.3863754272, 70.0242385864, 120.393028259, 22.772567749, -5.20705461502, 17.00481987, 8.43650054932, 1.93263173103], [-41.7629928589, 3.00124955177, -25.2415809631, 27.6575431824, 4.25347232819, -3.01309370995, -15.9952135086, 22.772567749, 111.422401428, 41.3846817017, -2.03180265427, 1.57290577888, 10.3059968948], [8.9365530014, -27.1412506104, -36.1634254456, -9.11127376556, 6.19442081451, -1.08370387554, -5.2176361084, -5.20705461502, 41.3846817017, 96.3565139771, 34.0866317749, 5.24875307083, -2.9471654892], [-82.5889511108, -12.6476812363, 22.8921737671, -8.80878925323, -12.4827766418, 26.063287735, 26.3609752655, 17.00481987, -2.03180265427, 34.0866317749, 89.0746231079, 23.4781455994, -6.77792739868], [-110.446556091, -26.9528121948, 9.27315711975, 16.5710887909, 16.2919387817, -7.30909347534, 6.16619491577, 8.43650054932, 1.57290577888, 5.24875307083, 23.4781455994, 74.6734390259, 37.4272460938], [-122.903030396, -48.160118103, 12.3494968414, 15.6834983826, 15.9028587341, -11.7612857819, -10.7776975632, 1.93263173103, 10.3059968948, -2.9471654892, -6.77792739868, 37.4272460938, 80.0001449585]]
        icov: [[0.000217780441744, -3.22152445733e-005, 0.00028409936931, -0.000360664824257, 0.00014665380877, -0.000224818955758, 1.13279920697e-005, 2.83541830868e-005, 0.000261981535004, -0.000154843932251, 0.000209422156331, 0.000139550917083, 0.000193667321582], [-3.22152445733e-005, 0.00103016733192, -0.000131712804432, -0.000316494522849, 0.000399292766815, 0.000343884545146, -0.000508855388034, 0.000614485819824, -0.000395501032472, 0.000387862557545, -7.69627695263e-006, 1.30065955091e-005, 0.000599334947765], [0.00028409936931, -0.000131712804432, 0.00229616905563, -0.000396108778659, -0.000712902110536, -0.000251025718171, 0.00115219433792, -0.00183723447844, 0.00107778504025, 0.000534463848453, -0.000759997172281, 0.000648753193673, -0.000102275342215], [-0.000360664824257, -0.000316494522849, -0.000396108778659, 0.00416013272479, -0.00183138647117, 0.000555104226805, 0.000431019521784, -0.00106135185342, -0.00120308075566, 0.000988270272501, -0.000498602981679, -0.000600345956627, -0.000539648288395], [0.00014665380877, 0.000399292766815, -0.000712902110536, -0.00183138647117, 0.00672559067607, -0.00252547347918, 0.000193044164917, 0.000266049435595, 0.000842896581162, -0.00213133310899, 0.00310176098719, -0.00183906697202, 0.000182182353456], [-0.000224818955758, 0.000343884545146, -0.000251025718171, 0.000555104226805, -0.00252547347918, 0.00931941624731, -0.00271651986986, 4.16421753471e-005, -0.00113931228407, 0.00186497846153, -0.00369030609727, 0.00239624362439, 7.84702060628e-005], [1.13279920697e-005, -0.000508855388034, 0.00115219433792, 0.000431019521784, 0.000193044164917, -0.00271651986986, 0.0098825385794, -0.00651838677004, 0.0029997555539, -0.000531131285243, -0.000651319394819, -0.000827820273116, 0.000425916194217], [2.83541830868e-005, 0.000614485819824, -0.00183723447844, -0.00106135185342, 0.000266049435595, 4.16421753471e-005, -0.00651838677004, 0.0150725664571, -0.00521077308804, 0.00260383472778, -0.00144360214472, -0.000315309443977, 0.000408520863857], [0.000261981535004, -0.000395501032472, 0.00107778504025, -0.00120308075566, 0.000842896581162, -0.00113931228407, 0.0029997555539, -0.00521077308804, 0.0139371566474, -0.00722042098641, 0.00320475641638, 0.000407564017223, -0.00155177700799], [-0.000154843932251, 0.000387862557545, 0.000534463848453, 0.000988270272501, -0.00213133310899, 0.00186497846153, -0.000531131285243, 0.00260383472778, -0.00722042098641, 0.017051236704, -0.00831454899162, 0.00133318745065, 0.000512930855621], [0.000209422156331, -7.69627695263e-006, -0.000759997172281, -0.000498602981679, 0.00310176098719, -0.00369030609727, -0.000651319394819, -0.00144360214472, 0.00320475641638, -0.00831454899162, 0.0191335771233, -0.00773241603747, 0.0038396238815], [0.000139550917083, 1.30065955091e-005, 0.000648753193673, -0.000600345956627, -0.00183906697202, 0.00239624362439, -0.000827820273116, -0.000315309443977, 0.000407564017223, 0.00133318745065, -0.00773241603747, 0.0217190161347, -0.00996580533683], [0.000193667321582, 0.000599334947765, -0.000102275342215, -0.000539648288395, 0.000182182353456, 7.84702060628e-005, 0.000425916194217, 0.000408520863857, -0.00155177700799, 0.000512930855621, 0.0038396238815, -0.00996580533683, 0.0185092315078]]
    sccoeffs:
        dmean: [0.0466573052108, 0.0503102838993, 0.0427772291005, 0.0361891612411, 0.0229032095522, 0.0193052962422]
        dmean2: [0.0759164094925, 0.0813293904066, 0.0664420574903, 0.0563239492476, 0.0363401919603, 0.0312035381794]
        dvar: [0.00160893390421, 0.00179247977212, 0.00126403779723, 0.000963275379036, 0.000403493730118, 0.000382679223549]
        dvar2: [0.00413211015984, 0.00448280060664, 0.00290593830869, 0.00216213986278, 0.000889972201549, 0.000955559895374]
        max: [-0.302117615938, -0.342212915421, -0.404864817858, -0.402759104967, -0.471412360668, -0.5880625844]
        mean: [-0.669181764126, -0.726722180843, -0.742968380451, -0.748336553574, -0.788572371006, -0.767389118671]
        median: [-0.668961644173, -0.733588516712, -0.75420331955, -0.753948807716, -0.793009161949, -0.765891134739]
        min: [-0.987191796303, -0.97418153286, -0.970128238201, -0.970102727413, -0.961178898811, -0.962340414524]
        var: [0.0061700171791, 0.00619195494801, 0.0064328792505, 0.00508045405149, 0.00207421905361, 0.00130457081832]
    scvalleys:
        dmean: [0.407947123051, 0.37002274394, 0.321075707674, 0.289266258478, 0.247523665428, 0.256685942411]
        dmean2: [0.648793876171, 0.596152842045, 0.507483124733, 0.44938018918, 0.3792540133, 0.361875027418]
        dvar: [0.177119135857, 0.125658273697, 0.0990152806044, 0.0967325270176, 0.106794171035, 0.121166311204]
        dvar2: [0.357044011354, 0.283788412809, 0.198429524899, 0.190618351102, 0.205301016569, 0.212611317635]
        max: [-5.04486989975, -4.64962005615, -5.25947952271, -5.54843521118, -5.54280281067, -7.21928834915]
        mean: [-7.14269351959, -6.70976114273, -7.19064950943, -7.50702381134, -7.30296421051, -9.80605602264]
        median: [-6.87958145142, -6.45492458344, -6.88163566589, -7.16078948975, -6.86511039734, -9.48272514343]
        min: [-27.6156902313, -27.0980319977, -27.3714923859, -27.2533454895, -27.320980072, -27.2187252045]
        var: [1.94575059414, 1.57401788235, 1.58453643322, 1.55341267586, 1.54190289974, 1.48481595516]

rhythm:
    beats_loudness:
        dmean: 0.00178956298623
        dmean2: 0.00324661680497
        dvar: 2.43198019234e-006
        dvar2: 6.91951709086e-006
        max: 0.0127723952755
        mean: 0.00403949385509
        median: 0.00383156025782
        min: 8.10228793779e-012
        var: 4.37839207734e-006
    bpm: 125.003501892
    bpm_confidence: 0
    first_peak_bpm: 126
    first_peak_spread: 0.372745454311
    first_peak_weight: 0.618577063084
    onset_rate: 3.28195261955
    second_peak_bpm: 120
    second_peak_spread: 0
    second_peak_weight: 0.00395256932825
    beats_loudness_band_ratio:
        dmean: [0.113912642002, 0.0907519981265, 0.131059452891, 0.114756859839, 0.113163791597, 0.085633084178]
        dmean2: [0.197962835431, 0.164227172732, 0.234434425831, 0.20936922729, 0.205941662192, 0.15229408443]
        dvar: [0.0108474306762, 0.00586193008348, 0.0168849900365, 0.0167756266892, 0.0103316968307, 0.00506605114788]
        dvar2: [0.0278820320964, 0.0171157140285, 0.0471887513995, 0.0480613186955, 0.0298409424722, 0.0154045913368]
        max: [0.857187151909, 0.556345880032, 0.827902793884, 0.841160297394, 0.592124700546, 0.585519611835]
        mean: [0.21419891715, 0.144694238901, 0.195356488228, 0.131404221058, 0.179660841823, 0.182127431035]
        median: [0.192248776555, 0.134095191956, 0.149592965841, 0.0870040208101, 0.156152844429, 0.174557134509]
        min: [0, 0, 0, 0, 0, 0]
        var: [0.0199346151203, 0.00893976446241, 0.022747527808, 0.0157046057284, 0.0132175153121, 0.00832307618111]
    beats_position: [0.522448956966, 1.04489791393, 1.57895684242, 2.06657600403, 2.55419492722, 3.03020405769, 3.51782298088, 3.99383211136, 4.48145103455, 4.95746040344, 5.4334692955, 5.92108821869, 6.40870714188, 6.88471651077, 7.36072540283, 7.84834432602, 8.32435321808, 8.80036258698, 9.287981987, 9.76399040222, 10.2399997711, 10.71600914, 11.1920175552, 11.6680269241, 12.144036293, 12.6316547394, 13.1076641083, 13.5836734772, 14.0712919235, 14.5589113235, 15.0465307236, 15.5225391388, 15.9985485077, 16.4745578766, 16.9505672455, 17.4381847382, 17.9141941071, 18.390203476, 18.877822876, 19.3538322449, 19.8298416138, 20.3174591064, 20.7934684753, 21.2694778442, 21.7570972443, 22.2447166443, 22.7207260132, 23.1967334747, 23.6843528748, 24.1603622437, 24.6363716125, 25.1123809814, 25.5883903503, 26.076007843, 26.563627243, 27.0396366119, 27.5156459808, 28.0032653809, 28.4792747498, 28.9552822113, 29.4429016113, 29.9305210114, 30.4065303802, 30.8825397491, 31.358549118, 31.8345565796, 32.322177887, 32.7981834412, 33.2741928101, 33.750202179, 34.2378234863, 34.7138328552, 35.2014503479, 35.6774597168, 36.1534690857, 36.6410865784, 37.1287078857, 37.6047172546, 38.0807266235, 38.5683441162, 39.0443534851, 39.520362854, 40.0079803467, 40.4839897156, 40.9599990845, 41.4360084534, 41.923625946, 42.3996353149, 42.8872566223, 43.3632659912, 43.8392753601, 44.3152809143, 44.7912902832, 45.2789115906, 45.7665290833, 46.2425384521, 46.718547821, 47.2061653137, 47.6821746826, 48.1581840515, 48.6458053589, 49.1218147278, 49.5978240967, 50.0854415894, 50.573059082, 51.0490684509, 51.5250778198, 52.0010871887, 52.4770965576, 52.9531059265, 53.4291152954, 53.8935127258, 54.3811340332, 54.8687515259, 55.3563690186, 55.8439903259, 56.3199996948, 56.7960090637, 57.2836265564, 57.7596359253, 58.2356452942, 58.7116546631, 59.187664032, 59.6636734009, 60.1396827698, 60.6156921387, 61.0916976929, 61.5793190002, 62.0669364929, 62.5429458618, 63.0189552307, 63.5065765381, 63.9941940308, 64.470199585, 64.9462127686, 65.4338302612, 65.9098434448, 66.385848999, 66.8734664917, 67.3494796753, 67.8254852295, 68.3131027222, 68.8007278442, 69.2767333984, 69.7527389526, 70.2287521362, 70.7163696289, 71.1923828125, 71.6800003052, 72.1560058594, 72.632019043, 73.1080245972, 73.5956420898, 74.0716552734, 74.5592727661, 75.0352783203, 75.5112915039, 75.9872970581, 76.4749221802, 76.9509277344, 77.4385452271, 77.9145584106, 78.3905639648, 78.8665771484, 79.3541946411, 79.8302001953, 80.3178253174, 80.7938308716, 81.2698364258, 81.7458496094, 82.2218551636, 82.7094802856, 83.1970977783, 83.684715271, 84.1607208252, 84.6367340088, 85.1243515015, 85.6003646851, 86.0763702393, 86.5639877319, 87.0400009155, 87.5160064697, 87.9920196533, 88.4680252075, 88.9556427002, 89.4432601929, 89.9192733765, 90.3952789307, 90.8829040527, 91.3589096069, 91.8349151611, 92.3109283447, 92.7869338989, 93.274559021, 93.7621765137, 94.2497940063, 94.7257995605, 95.2018127441, 95.6778182983, 96.1538314819, 96.6414489746, 97.1174621582, 97.5934677124, 98.0694732666, 98.5570983887, 99.0331039429, 99.5091171265, 99.9851226807, 100.472740173, 100.948753357, 101.43637085, 101.912376404, 102.400001526, 102.87600708, 103.352012634, 103.839637756, 104.327255249, 104.791656494, 105.279273987, 105.755279541, 106.231292725, 106.718910217, 107.194915771, 107.670928955, 108.158546448, 108.634559631, 109.122177124, 109.598182678, 110.074195862, 110.561813354, 111.037818909, 111.513832092, 111.989837646, 112.46585083, 112.953468323, 113.441085815, 113.928703308, 114.404716492, 114.880722046, 115.356735229, 115.844352722, 116.320358276, 116.79637146, 117.272377014, 117.748390198, 118.23600769, 118.723625183, 119.199638367, 119.675643921, 120.163261414, 120.639274597, 121.115280151, 121.602897644, 122.078910828, 122.554916382, 123.019317627, 123.50693512, 123.982948303, 124.458953857, 124.94657135, 125.434196472, 125.921813965, 126.397819519, 126.873832703, 127.361450195, 127.83745575, 128.313461304, 128.789474487, 129.265487671, 129.753097534, 130.229110718, 130.71673584, 131.192733765, 131.680358887, 132.15637207, 132.632385254, 133.119995117, 133.596008301, 134.072021484, 134.559631348, 135.035644531, 135.511657715, 135.999267578, 136.475280762, 136.951293945, 137.42729187, 137.903305054, 138.379318237, 138.855331421, 139.342941284, 139.830566406, 140.30657959, 140.782577515, 141.270202637, 141.757827759, 142.233825684, 142.709838867, 143.185852051, 143.673461914, 144.149475098, 144.625488281, 145.101501465, 145.589111328, 146.07673645, 146.564346313, 147.040359497, 147.516372681, 148.003982544, 148.479995728, 148.956008911, 149.432022095, 149.90802002, 150.395645142, 150.883255005, 151.359268188, 151.835281372, 152.322906494, 152.798904419, 153.274917603, 153.750930786, 154.238540649, 154.714553833, 155.202178955, 155.67817688, 156.154190063, 156.630203247, 157.11781311, 157.593826294, 158.081451416, 158.5574646, 159.033462524, 159.509475708, 159.985488892, 160.461486816, 160.9375, 161.425125122, 161.912734985, 162.400360107, 162.876373291, 163.352371216, 163.839996338, 164.316009521, 164.792022705, 165.279632568, 165.755645752, 166.231658936, 166.719268799, 167.206893921, 167.682891846, 168.158905029, 168.646530151, 169.122543335, 169.59854126, 170.074554443, 170.550567627, 171.03817749, 171.514190674, 171.990203857, 172.477813721, 172.953826904, 173.429840088, 173.917449951, 174.393463135, 174.869476318, 175.345489502, 175.833099365, 176.309112549, 176.773513794, 177.261123657, 177.748748779, 178.224761963, 178.712371826, 179.18838501, 179.664398193, 180.140411377, 180.62802124, 181.115646362, 181.591659546, 182.067657471, 182.543670654, 183.019683838, 183.507293701, 183.994918823, 184.482528687, 184.95854187, 185.434555054, 185.910568237, 186.386566162, 186.874191284, 187.350204468, 187.826202393, 188.313827515, 188.801452637, 189.277450562, 189.753463745, 190.241088867, 190.740310669, 191.216323853, 191.692337036, 192.168334961, 192.632736206, 193.10874939, 193.584762573, 194.049163818, 194.536773682, 195.024398804, 195.512008667, 195.999633789, 196.487258911, 196.963256836, 197.43927002, 197.915283203, 198.391296387, 198.867294312, 199.343307495, 199.830932617, 200.306930542, 200.782943726, 201.258956909, 201.734954834, 202.222579956, 202.710205078, 203.186203003, 203.662216187, 204.149841309, 204.637451172, 205.113464355, 205.601089478, 206.077087402, 206.553100586, 207.02911377, 207.516723633, 207.992736816, 208.46875, 208.956375122, 209.443984985, 209.919998169, 210.396011353, 210.872009277, 211.348022461, 211.835647583, 212.323257446, 212.79927063, 213.275283813, 213.762893677, 214.23890686, 214.714920044, 215.202529907, 215.678543091, 216.154556274, 216.642166138, 217.118179321, 217.594192505, 218.081817627, 218.557815552, 219.033828735, 219.509841919, 219.985839844, 220.473464966, 220.949478149, 221.425476074, 221.901489258, 222.38911438, 222.876724243, 223.352737427, 223.840362549, 224.316360474, 224.792373657, 225.279998779, 225.756011963, 226.232009888, 226.71963501, 227.207244873, 227.683258057, 228.15927124, 228.635284424, 229.111282349, 229.587295532, 230.063308716, 230.550918579, 231.038543701, 231.514556885, 232.002166748, 232.478179932, 232.954193115, 233.430206299, 233.917816162, 234.393829346, 234.869842529, 235.345840454, 235.821853638, 236.297866821, 236.773880005, 237.261489868, 237.74911499, 238.225112915, 238.712738037, 239.188751221, 239.641540527, 240.082717896, 240.535507202, 241.023132324, 241.510742188, 241.99836731, 242.485977173, 242.973602295, 243.472824097]
