
metadata:
    version:
        essentia: "2.1-beta2"
    audio_properties:
        analysis_sample_rate: 44100
        bitrate: 128
        channels: 2
        equal_loudness: 1
        length: 194.768981934
        replay_gain: -16.436000824
        downmix: "mix"
    tags:
        album: "Good Morning Revival"
        artist: "Good charlotte"
        comment: "Direct Stream Rip by JuSTiN"
        date: "2007"
        genre: "Punk Rock"
        title: "The River"
        tracknumber: "1"

configuration:
    average_loudness:
        compute: 1
        frameSize: 88200
        hopSize: 44100
        silentFrames: "noise"
        windowType: "hann"
    general:
        analysisSampleRate: 44100
        endTime: 2000
        equalLoudness: 1
        nequalLoudness: 0
        shortSound: 0
        startTime: 0
    lowlevel:
        compute: 1
        frameSize: 2048
        hopSize: 1024
        zeroPadding: 0
        silentFrames: "noise"
        windowType: "blackmanharris62"
        mfccStats: ["mean", "cov", "icov"]
        stats: ["mean", "var", "median", "min", "max", "dmean", "dmean2", "dvar", "dvar2"]
    panning:
        compute: 0
        frameSize: 8192
        hopSize: 2048
        zeroPadding: 8192
        silentFrames: "noise"
        windowType: "hann"
        stats: ["copy"]
    rhythm:
        compute: 1
        maxTempo: 208
        minTempo: 40
        method: "degara"
        stats: ["mean", "var", "median", "min", "max", "dmean", "dmean2", "dvar", "dvar2"]
    segmentation:
        compute: 0
        cpw: 5
        inc1: 300
        inc2: 50
        minimumSegmentsLength: 10
        size1: 1000
        size2: 600
    sfx:
        compute: 1
        stats: ["mean", "var", "median", "min", "max", "dmean", "dmean2", "dvar", "dvar2"]
    svm:
        compute: 0
    tonal:
        compute: 1
        frameSize: 4096
        hopSize: 2048
        zeroPadding: 0
        silentFrames: "noise"
        windowType: "blackmanharris62"
        stats: ["mean", "var", "median", "min", "max", "dmean", "dmean2", "dvar", "dvar2"]

lowlevel:
    average_loudness: 0.872975289822
    barkbands_kurtosis:
        dmean: 0.746333241463
        dmean2: 1.17990291119
        dvar: 1.69546723366
        dvar2: 4.01425361633
        max: 26.8047237396
        mean: -0.31799402833
        median: -0.941524088383
        min: -1.9126483202
        var: 4.42642307281
    barkbands_skewness:
        dmean: 0.378442436457
        dmean2: 0.587028503418
        dvar: 0.135867103934
        dvar2: 0.322243452072
        max: 4.75882387161
        mean: 0.136573120952
        median: 0.0861273184419
        min: -4.19359827042
        var: 0.767913401127
    barkbands_spread:
        dmean: 5.71870422363
        dmean2: 9.02613544464
        dvar: 36.2643814087
        dvar2: 90.3916549683
        max: 78.7638931274
        mean: 30.4855709076
        median: 30.1235218048
        min: 2.55132460594
        var: 106.517341614
    dissonance:
        dmean: 0.0159675125033
        dmean2: 0.0270529221743
        dvar: 0.000259878084762
        dvar2: 0.000703406927641
        max: 0.500000059605
        mean: 0.471561849117
        median: 0.477410554886
        min: 0.192122012377
        var: 0.000515222840477
    hfc:
        dmean: 2.1782438755
        dmean2: 3.52502274513
        dvar: 8.03130054474
        dvar2: 20.2731647491
        max: 48.0543899536
        mean: 8.07800579071
        median: 7.2099108696
        min: 1.178982777e-016
        var: 29.9939994812
    pitch:
        dmean: 735.376708984
        dmean2: 1424.29431152
        dvar: 1684512.75
        dvar2: 4279430.5
        max: 4858.56933594
        mean: 1129.00292969
        median: 361.223205566
        min: 73.8238067627
        var: 2157147.75
    pitch_instantaneous_confidence:
        dmean: 0.0918847844005
        dmean2: 0.147763952613
        dvar: 0.0065553993918
        dvar2: 0.015236062929
        max: 0.876868486404
        mean: 0.448972642422
        median: 0.434231460094
        min: 0.112169504166
        var: 0.0213975869119
    pitch_salience:
        dmean: 0.0620610676706
        dmean2: 0.0994834005833
        dvar: 0.00289472122677
        dvar2: 0.00743771065027
        max: 0.913374364376
        mean: 0.613410055637
        median: 0.625404000282
        min: 0.208654224873
        var: 0.00920002628118
    silence_rate_20dB:
        dmean: 0
        dmean2: 0
        dvar: 0
        dvar2: 0
        max: 1
        mean: 1
        median: 1
        min: 1
        var: 0
    silence_rate_30dB:
        dmean: 0
        dmean2: 0
        dvar: 0
        dvar2: 0
        max: 1
        mean: 1
        median: 1
        min: 1
        var: 0
    silence_rate_60dB:
        dmean: 0.11182641983
        dmean2: 0.223679497838
        dvar: 0.0993278697133
        dvar2: 0.211570650339
        max: 1
        mean: 0.309929668903
        median: 0
        min: 0
        var: 0.213881447911
    spectral_centroid:
        dmean: 259.676727295
        dmean2: 412.471832275
        dvar: 77213.1640625
        dvar2: 175807.5625
        max: 10613.3476563
        mean: 1739.37817383
        median: 1733.28979492
        min: 178.839004517
        var: 382885
    spectral_complexity:
        dmean: 3.33500242233
        dmean2: 5.45177078247
        dvar: 12.1969814301
        dvar2: 30.1934585571
        max: 46
        mean: 14.1196804047
        median: 14
        min: 0
        var: 50.8269004822
    spectral_crest:
        dmean: 2.2959883213
        dmean2: 3.70731925964
        dvar: 5.11235237122
        dvar2: 12.8355970383
        max: 22.9215221405
        mean: 7.76044368744
        median: 6.73968076706
        min: 2.52360773087
        var: 13.1052856445
    spectral_decrease:
        dmean: 2.95986513077e-010
        dmean2: 4.81813255959e-010
        dvar: 1.34660105263e-019
        dvar2: 3.41831948698e-019
        max: 1.20830482437e-029
        mean: -1.04851705096e-009
        median: -9.52090850603e-010
        min: -3.73670339116e-009
        var: 3.64083830959e-019
    spectral_energy:
        dmean: 0.0012819574913
        dmean2: 0.00208521052264
        dvar: 2.50076618613e-006
        dvar2: 6.32933733868e-006
        max: 0.0176951251924
        mean: 0.00469004223123
        median: 0.00424795038998
        min: 1.06481166952e-020
        var: 7.28488339519e-006
    spectral_energyband_high:
        dmean: 0.000155414047185
        dmean2: 0.000250567944022
        dvar: 5.6136698845e-008
        dvar2: 1.37809010425e-007
        max: 0.00586655875668
        mean: 0.000421910663135
        median: 0.000336659984896
        min: 7.67000476492e-021
        var: 1.47542095874e-007
    spectral_energyband_low:
        dmean: 0.000222264367039
        dmean2: 0.000397432246245
        dvar: 1.93136571625e-007
        dvar2: 5.43544501852e-007
        max: 0.003718592925
        mean: 0.000304002052872
        median: 0.000199415750103
        min: 4.65106110386e-023
        var: 1.48948188894e-007
    spectral_energyband_middle_high:
        dmean: 0.000720852869563
        dmean2: 0.00114913203288
        dvar: 8.80283153037e-007
        dvar2: 2.19486469177e-006
        max: 0.0147498464212
        mean: 0.00225257128477
        median: 0.00179682835005
        min: 1.57251739844e-021
        var: 3.2696927974e-006
    spectral_energyband_middle_low:
        dmean: 0.000734128814656
        dmean2: 0.00117935729213
        dvar: 1.18108061997e-006
        dvar2: 3.01367322209e-006
        max: 0.0118387201801
        mean: 0.00182135368232
        median: 0.001325049554
        min: 2.72364615248e-022
        var: 2.51987080446e-006
    spectral_flatness_db:
        dmean: 0.0157663486898
        dmean2: 0.0249042697251
        dvar: 0.000187969490071
        dvar2: 0.000455891393358
        max: 0.345870107412
        mean: 0.146118476987
        median: 0.141382858157
        min: 0.0693695917726
        var: 0.000912248622626
    spectral_flux:
        dmean: 0.00891675520688
        dmean2: 0.0137137919664
        dvar: 9.50104222284e-005
        dvar2: 0.000183654570719
        max: 0.11494089663
        mean: 0.0388235375285
        median: 0.0371038913727
        min: 1.03189713718e-010
        var: 0.000273179932265
    spectral_kurtosis:
        dmean: 0.860983967781
        dmean2: 1.44505906105
        dvar: 0.94906526804
        dvar2: 2.82384824753
        max: 20.0163288116
        mean: 3.05842232704
        median: 3.02193236351
        min: -1.20993471146
        var: 2.00926542282
    spectral_rms:
        dmean: 0.000284535926767
        dmean2: 0.000456658599433
        dvar: 1.05095537606e-007
        dvar2: 2.59810235548e-007
        max: 0.00415494153276
        mean: 0.00203147972934
        median: 0.00203576567583
        min: 3.2231051595e-012
        var: 4.48753496585e-007
    spectral_rolloff:
        dmean: 429.555938721
        dmean2: 709.721801758
        dvar: 325271.3125
        dvar2: 730627.9375
        max: 19121.484375
        mean: 3327.2890625
        median: 3617.578125
        min: 172.265625
        var: 942995
    spectral_skewness:
        dmean: 0.156386896968
        dmean2: 0.255993425846
        dvar: 0.0261050816625
        dvar2: 0.0699316784739
        max: 2.783400774
        mean: 1.29828703403
        median: 1.31097829342
        min: 0.0272076576948
        var: 0.0854054316878
    spectral_spread:
        dmean: 474952.15625
        dmean2: 687124.9375
        dvar: 489053126656
        dvar2: 803513434112
        max: 41290588
        mean: 5057174.5
        median: 4722690.5
        min: 1852201.25
        var: 2.47762518016e+012
    spectral_strongpeak:
        dmean: 0.559153020382
        dmean2: 0.928268671036
        dvar: 0.73507463932
        dvar2: 1.81154763699
        max: 15.9120407104
        mean: 1.0266225338
        median: 0.677498161793
        min: 3.82066378535e-010
        var: 1.48888492584
    zerocrossingrate:
        dmean: 0.00911423377693
        dmean2: 0.0110881235451
        dvar: 8.48028576002e-005
        dvar2: 0.000106006846181
        max: 0.48828125
        mean: 0.0988350138068
        median: 0.09912109375
        min: 0.01318359375
        var: 0.000784697302151
    barkbands:
        dmean: [7.5396928878e-007, 9.03042309801e-005, 0.00010963458044, 0.000111796885903, 0.000226340955123, 0.000128724888782, 0.000156699650688, 7.75556909502e-005, 0.000346925342456, 0.000145363927004, 8.72347227414e-005, 9.68936510617e-005, 9.01427338249e-005, 0.000125887294416, 0.000131310080178, 8.70209842105e-005, 8.60751388245e-005, 0.00011910648027, 0.000175547596882, 0.000226080504945, 6.59967336105e-005, 2.00647518795e-005, 3.10525410896e-006, 2.349213446e-006, 1.86945533187e-006, 5.79845824689e-008, 1.92786259179e-010]
        dmean2: [1.26077065943e-006, 0.000161173331435, 0.000197344677872, 0.000192231556866, 0.000395134673454, 0.000208527198993, 0.000252748111961, 0.000124885118566, 0.00050708145136, 0.000229924786254, 0.000134081332362, 0.000149490530021, 0.000145050522406, 0.000203220464755, 0.000209104808164, 0.00013981142547, 0.000142480508657, 0.000197135523194, 0.000294390629278, 0.000371507863747, 0.000108760992589, 3.19186583511e-005, 4.83069334223e-006, 3.55179872713e-006, 2.76995888271e-006, 8.33052169469e-008, 3.5750197247e-010]
        dvar: [2.40522293922e-012, 3.672522908e-008, 5.08801996091e-008, 3.39298082963e-008, 2.51775901461e-007, 7.31539202548e-008, 1.28380733599e-007, 6.00915939231e-008, 4.49522929102e-007, 1.50300280666e-007, 7.19674773109e-008, 2.89322201752e-008, 4.20294696823e-008, 1.07965846041e-007, 1.6337304487e-007, 4.41160210585e-008, 2.1667776906e-008, 2.80788174933e-008, 5.61121709097e-008, 1.63433455214e-007, 7.98128318991e-009, 1.42957645721e-009, 8.75197900263e-011, 9.18112946779e-011, 5.3743124534e-011, 2.89899059077e-014, 7.42886901478e-020]
        dvar2: [6.28805167657e-012, 1.02847231176e-007, 1.44622617881e-007, 9.20062603882e-008, 7.24449819245e-007, 1.88570908222e-007, 3.2089707247e-007, 1.56926063255e-007, 9.29621705836e-007, 3.75254785467e-007, 1.57134408596e-007, 6.75684788121e-008, 1.02953251258e-007, 2.665883585e-007, 4.03569970331e-007, 1.11146910342e-007, 5.36303446097e-008, 6.57333245613e-008, 1.41972648748e-007, 4.05097836165e-007, 1.94026963385e-008, 3.4250406955e-009, 1.98668900775e-010, 2.08644712618e-010, 1.09709172302e-010, 5.77124949935e-014, 2.38978243381e-019]
        max: [1.14468784886e-005, 0.00134611001704, 0.00222992012277, 0.00254540820606, 0.00541798584163, 0.00492877839133, 0.00594089832157, 0.0103523777798, 0.0111664365977, 0.00833191722631, 0.00603129854426, 0.00327340047807, 0.00406624469906, 0.00720826582983, 0.0116264307871, 0.00544300116599, 0.00438068248332, 0.0067859981209, 0.00458878464997, 0.00979079026729, 0.00311269727536, 0.000955982075538, 0.000292913464364, 0.000246077077463, 0.000202730836463, 4.78934634884e-006, 4.12661060878e-009]
        mean: [7.63144669236e-007, 9.69865141087e-005, 0.000126213257317, 0.000173863110831, 0.000331502349582, 0.000203047515242, 0.000216162763536, 0.000111240035039, 0.000736043381039, 0.000223346462008, 0.000145125595736, 0.000167379024788, 0.000134726549732, 0.000181254450581, 0.000185147902812, 0.000145369951497, 0.000157793227118, 0.000250530836638, 0.000376699492335, 0.000502772338223, 0.000168643658981, 4.09627718909e-005, 6.30177100902e-006, 4.49631033916e-006, 3.56640316568e-006, 1.1235836439e-007, 1.54055893042e-010]
        median: [1.84128225555e-007, 5.05666539539e-005, 6.63406171952e-005, 0.000112620116852, 0.000215563632082, 0.000111693807412, 7.42444462958e-005, 3.44815780409e-005, 0.000213336024899, 6.54562973068e-005, 3.51398484781e-005, 8.55800171848e-005, 6.09040180279e-005, 6.62661041133e-005, 6.23735322733e-005, 8.34266684251e-005, 0.000106219282316, 0.000185614058864, 0.000300194631563, 0.000353473937139, 0.00012857906404, 2.68492985924e-005, 3.76623665943e-006, 2.24945915761e-006, 1.75584796125e-006, 6.13761059753e-008, 6.03748856465e-011]
        min: [1.87228783671e-023, 2.12325916109e-024, 3.37317680379e-023, 7.30709234732e-024, 5.30117494426e-023, 1.64782488142e-023, 6.53625659824e-023, 2.76043698427e-023, 9.18830788066e-023, 2.84842368974e-023, 1.096051041e-022, 2.13553482285e-022, 8.95140916429e-023, 8.42065849855e-023, 1.01005409517e-022, 1.68140413424e-022, 1.66538912191e-022, 1.60731658994e-022, 2.44567024971e-022, 3.2760164033e-022, 5.03627936503e-022, 6.4550395184e-022, 6.5219813713e-022, 6.82376396023e-022, 1.32001304437e-021, 1.66819569968e-021, 2.27631764106e-021]
        var: [2.21843767315e-012, 2.64592028287e-008, 3.83379550328e-008, 4.10341485235e-008, 1.96092386773e-007, 9.40216935419e-008, 1.70611173189e-007, 6.81012153336e-008, 1.63138338394e-006, 2.74136056078e-007, 1.74015994503e-007, 5.89554502994e-008, 6.23004723366e-008, 1.81747665806e-007, 2.28763411769e-007, 6.52561524817e-008, 4.01607422873e-008, 8.06327093983e-008, 1.32864997227e-007, 3.45841300486e-007, 2.54343834882e-008, 2.48316833762e-009, 1.26266136435e-010, 1.31151062233e-010, 8.73321831518e-011, 5.67776382821e-014, 6.12028479536e-020]
    frequency_bands:
        dmean: [7.5396928878e-007, 9.03042309801e-005, 0.00010963458044, 0.000111796885903, 0.000226340955123, 0.000128724888782, 0.000156699650688, 7.75556909502e-005, 0.000346925342456, 0.000145363927004, 8.72347227414e-005, 9.68936510617e-005, 9.01427338249e-005, 0.000125887294416, 0.000131310080178, 8.70209842105e-005, 8.60751388245e-005, 0.00011910648027, 0.000175547596882, 0.000226080504945, 6.59967336105e-005, 2.00647518795e-005, 3.10525410896e-006, 2.349213446e-006, 1.86945533187e-006, 5.79845824689e-008, 1.92786259179e-010, 5.4793936749e-011]
        dmean2: [1.26077065943e-006, 0.000161173331435, 0.000197344677872, 0.000192231556866, 0.000395134673454, 0.000208527198993, 0.000252748111961, 0.000124885118566, 0.00050708145136, 0.000229924786254, 0.000134081332362, 0.000149490530021, 0.000145050522406, 0.000203220464755, 0.000209104808164, 0.00013981142547, 0.000142480508657, 0.000197135523194, 0.000294390629278, 0.000371507863747, 0.000108760992589, 3.19186583511e-005, 4.83069334223e-006, 3.55179872713e-006, 2.76995888271e-006, 8.33052169469e-008, 3.5750197247e-010, 1.0167438419e-010]
        dvar: [2.40522293922e-012, 3.672522908e-008, 5.08801996091e-008, 3.39298082963e-008, 2.51775901461e-007, 7.31539202548e-008, 1.28380733599e-007, 6.00915939231e-008, 4.49522929102e-007, 1.50300280666e-007, 7.19674773109e-008, 2.89322201752e-008, 4.20294696823e-008, 1.07965846041e-007, 1.6337304487e-007, 4.41160210585e-008, 2.1667776906e-008, 2.80788174933e-008, 5.61121709097e-008, 1.63433455214e-007, 7.98128318991e-009, 1.42957645721e-009, 8.75197900263e-011, 9.18112946779e-011, 5.3743124534e-011, 2.89899059077e-014, 7.42886901478e-020, 6.02631893569e-021]
        dvar2: [6.28805167657e-012, 1.02847231176e-007, 1.44622617881e-007, 9.20062603882e-008, 7.24449819245e-007, 1.88570908222e-007, 3.2089707247e-007, 1.56926063255e-007, 9.29621705836e-007, 3.75254785467e-007, 1.57134408596e-007, 6.75684788121e-008, 1.02953251258e-007, 2.665883585e-007, 4.03569970331e-007, 1.11146910342e-007, 5.36303446097e-008, 6.57333245613e-008, 1.41972648748e-007, 4.05097836165e-007, 1.94026963385e-008, 3.4250406955e-009, 1.98668900775e-010, 2.08644712618e-010, 1.09709172302e-010, 5.77124949935e-014, 2.38978243381e-019, 1.93908551612e-020]
        max: [1.14468784886e-005, 0.00134611001704, 0.00222992012277, 0.00254540820606, 0.00541798584163, 0.00492877839133, 0.00594089832157, 0.0103523777798, 0.0111664365977, 0.00833191722631, 0.00603129854426, 0.00327340047807, 0.00406624469906, 0.00720826582983, 0.0116264307871, 0.00544300116599, 0.00438068248332, 0.0067859981209, 0.00458878464997, 0.00979079026729, 0.00311269727536, 0.000955982075538, 0.000292913464364, 0.000246077077463, 0.000202730836463, 4.78934634884e-006, 4.12661060878e-009, 1.17311071968e-009]
        mean: [7.63144669236e-007, 9.69865141087e-005, 0.000126213257317, 0.000173863110831, 0.000331502349582, 0.000203047515242, 0.000216162763536, 0.000111240035039, 0.000736043381039, 0.000223346462008, 0.000145125595736, 0.000167379024788, 0.000134726549732, 0.000181254450581, 0.000185147902812, 0.000145369951497, 0.000157793227118, 0.000250530836638, 0.000376699492335, 0.000502772338223, 0.000168643658981, 4.09627718909e-005, 6.30177100902e-006, 4.49631033916e-006, 3.56640316568e-006, 1.1235836439e-007, 1.54055893042e-010, 4.3074134537e-011]
        median: [1.84128225555e-007, 5.05666539539e-005, 6.63406171952e-005, 0.000112620116852, 0.000215563632082, 0.000111693807412, 7.42444462958e-005, 3.44815780409e-005, 0.000213336024899, 6.54562973068e-005, 3.51398484781e-005, 8.55800171848e-005, 6.09040180279e-005, 6.62661041133e-005, 6.23735322733e-005, 8.34266684251e-005, 0.000106219282316, 0.000185614058864, 0.000300194631563, 0.000353473937139, 0.00012857906404, 2.68492985924e-005, 3.76623665943e-006, 2.24945915761e-006, 1.75584796125e-006, 6.13761059753e-008, 6.03748856465e-011, 1.6418574833e-011]
        min: [1.87228783671e-023, 2.12325916109e-024, 3.37317680379e-023, 7.30709234732e-024, 5.30117494426e-023, 1.64782488142e-023, 6.53625659824e-023, 2.76043698427e-023, 9.18830788066e-023, 2.84842368974e-023, 1.096051041e-022, 2.13553482285e-022, 8.95140916429e-023, 8.42065849855e-023, 1.01005409517e-022, 1.68140413424e-022, 1.66538912191e-022, 1.60731658994e-022, 2.44567024971e-022, 3.2760164033e-022, 5.03627936503e-022, 6.4550395184e-022, 6.5219813713e-022, 6.82376396023e-022, 1.32001304437e-021, 1.66819569968e-021, 2.27631764106e-021, 8.89712215493e-022]
        var: [2.21843767315e-012, 2.64592028287e-008, 3.83379550328e-008, 4.10341485235e-008, 1.96092386773e-007, 9.40216935419e-008, 1.70611173189e-007, 6.81012153336e-008, 1.63138338394e-006, 2.74136056078e-007, 1.74015994503e-007, 5.89554502994e-008, 6.23004723366e-008, 1.81747665806e-007, 2.28763411769e-007, 6.52561524817e-008, 4.01607422873e-008, 8.06327093983e-008, 1.32864997227e-007, 3.45841300486e-007, 2.54343834882e-008, 2.48316833762e-009, 1.26266136435e-010, 1.31151062233e-010, 8.73321831518e-011, 5.67776382821e-014, 6.12028479536e-020, 4.93337545131e-021]
    mfcc:
        mean: [-706.668945313, 99.7838363647, -44.3172264099, 48.7635002136, -20.5189266205, -7.2140917778, 8.63937187195, -7.22945737839, 2.26025056839, -2.05213880539, -2.88279771805, -7.20849370956, -8.27950954437]
        cov: [[4751.45214844, 795.059997559, -671.10534668, 76.1756057739, -203.851776123, 106.707527161, 77.2273406982, -59.1772537231, 32.9050750732, -8.69525241852, -31.2267951965, -90.2869262695, -71.7683410645], [795.059997559, 752.623901367, -174.262496948, 106.346885681, -62.0120391846, 20.2850399017, 74.4397277832, -0.832408607006, 5.8008184433, -2.72915315628, 12.4647397995, -0.827138125896, -31.538351059], [-671.10534668, -174.262496948, 626.75604248, 30.6401062012, 86.4512252808, -28.6693534851, -86.1308822632, 24.127614975, -61.3773803711, -21.9206142426, 29.2448272705, 8.32736587524, 29.8798122406], [76.1756057739, 106.346885681, 30.6401062012, 264.652160645, 60.9510307312, 0.52863073349, -11.0756311417, -1.36464989185, 22.6040096283, 16.3694591522, 6.55194044113, 17.3688545227, 9.26413822174], [-203.851776123, -62.0120391846, 86.4512252808, 60.9510307312, 180.102325439, 45.8434906006, -19.3354187012, -13.1915645599, -6.43480157852, 9.73300170898, -5.75894498825, 8.10530853271, 26.4660511017], [106.707527161, 20.2850399017, -28.6693534851, 0.52863073349, 45.8434906006, 136.363876343, 57.6601219177, 10.9874954224, 1.48597466946, 3.26867651939, 7.87220096588, -3.51153087616, 0.757668852806], [77.2273406982, 74.4397277832, -86.1308822632, -11.0756311417, -19.3354187012, 57.6601219177, 145.099487305, 57.5394439697, 6.39215421677, -9.56099128723, -5.99499750137, 1.77109789848, -12.3567609787], [-59.1772537231, -0.832408607006, 24.127614975, -1.36464989185, -13.1915645599, 10.9874954224, 57.5394439697, 101.983726501, 36.9211540222, 10.4321289063, 0.392480224371, -6.5253200531, -6.24908685684], [32.9050750732, 5.8008184433, -61.3773803711, 22.6040096283, -6.43480157852, 1.48597466946, 6.39215421677, 36.9211540222, 99.1744384766, 45.6059494019, -1.25062835217, -10.8270606995, -11.9153013229], [-8.69525241852, -2.72915315628, -21.9206142426, 16.3694591522, 9.73300170898, 3.26867651939, -9.56099128723, 10.4321289063, 45.6059494019, 82.2727813721, 32.6486625671, -4.96571111679, -9.70001983643], [-31.2267951965, 12.4647397995, 29.2448272705, 6.55194044113, -5.75894498825, 7.87220096588, -5.99499750137, 0.392480224371, -1.25062835217, 32.6486625671, 74.6329879761, 22.7407855988, -5.69283914566], [-90.2869262695, -0.827138125896, 8.32736587524, 17.3688545227, 8.10530853271, -3.51153087616, 1.77109789848, -6.5253200531, -10.8270606995, -4.96571111679, 22.7407855988, 69.916885376, 32.8111000061], [-71.7683410645, -31.538351059, 29.8798122406, 9.26413822174, 26.4660511017, 0.757668852806, -12.3567609787, -6.24908685684, -11.9153013229, -9.70001983643, -5.69283914566, 32.8111000061, 74.2321548462]]
        icov: [[0.00031398946885, -0.000251839315752, 0.000263041380094, -0.000112625260954, 0.000298049882986, -0.000360709324013, 0.000272792502074, 1.82894109457e-005, 8.85131812538e-005, 9.36087672017e-005, -1.1738631656e-005, 0.000416878698161, -0.000109609281935], [-0.000251839315752, 0.00189300393686, 0.000135535010486, -0.000852233788464, 0.000378482916858, 0.000227656724746, -0.000984606216662, 0.000353770912625, 0.000149344807141, 0.000189474143554, -0.000510544225108, -5.51459306735e-005, 0.000375156727387], [0.000263041380094, 0.000135535010486, 0.0027808402665, -0.000442227959866, -0.000807598640677, -2.67156719929e-005, 0.00224264827557, -0.0026966619771, 0.00209561153315, 0.00104194669984, -0.001590087777, 0.00101444264874, -0.000415554386564], [-0.000112625260954, -0.000852233788464, -0.000442227959866, 0.00490634748712, -0.00204209447838, 0.000727740814909, 4.85177770315e-005, 0.000244355614996, -0.00159752380569, -0.000160225987202, 9.3363240012e-005, -0.001408021315, 0.000196168388356], [0.000298049882986, 0.000378482916858, -0.000807598640677, -0.00204209447838, 0.00888014771044, -0.00415722979233, 0.00122728990391, 0.001005576225, 0.00101222726516, -0.00256667169742, 0.00292352540419, -0.000423571560532, -0.00156726874411], [-0.000360709324013, 0.000227656724746, -2.67156719929e-005, 0.000727740814909, -0.00415722979233, 0.0115784453228, -0.0058942544274, 0.0017669784138, -0.00118534010835, 0.000994932604954, -0.00351258506998, 0.00230594305322, -0.00114937010221], [0.000272792502074, -0.000984606216662, 0.00224264827557, 4.85177770315e-005, 0.00122728990391, -0.0058942544274, 0.015112250112, -0.00958830770105, 0.00371659407392, 0.000860990257934, 0.00210353219882, -0.00282134348527, 0.00238512153737], [1.82894109457e-005, 0.000353770912625, -0.0026966619771, 0.000244355614996, 0.001005576225, 0.0017669784138, -0.00958830770105, 0.0188116617501, -0.00831960514188, 0.000565774680581, -0.00110837596003, 0.00203376309946, -0.00141148490366], [8.85131812538e-005, 0.000149344807141, 0.00209561153315, -0.00159752380569, 0.00101222726516, -0.00118534010835, 0.00371659407392, -0.00831960514188, 0.0196502320468, -0.0105280773714, 0.00524129252881, -0.00098732940387, 0.00169115886092], [9.36087672017e-005, 0.000189474143554, 0.00104194669984, -0.000160225987202, -0.00256667169742, 0.000994932604954, 0.000860990257934, 0.000565774680581, -0.0105280773714, 0.0239261835814, -0.0129024274647, 0.00513010146096, -0.000952969421633], [-1.1738631656e-005, -0.000510544225108, -0.001590087777, 9.3363240012e-005, 0.00292352540419, -0.00351258506998, 0.00210353219882, -0.00110837596003, 0.00524129252881, -0.0129024274647, 0.0244509913027, -0.0112345116213, 0.00564669212326], [0.000416878698161, -5.51459306735e-005, 0.00101444264874, -0.001408021315, -0.000423571560532, 0.00230594305322, -0.00282134348527, 0.00203376309946, -0.00098732940387, 0.00513010146096, -0.0112345116213, 0.0246493965387, -0.0112688429654], [-0.000109609281935, 0.000375156727387, -0.000415554386564, 0.000196168388356, -0.00156726874411, -0.00114937010221, 0.00238512153737, -0.00141148490366, 0.00169115886092, -0.000952969421633, 0.00564669212326, -0.0112688429654, 0.0200770478696]]
    sccoeffs:
        dmean: [0.0488613061607, 0.0488650463521, 0.043344758451, 0.0339745394886, 0.021247509867, 0.0202678125352]
        dmean2: [0.0811026245356, 0.0796728506684, 0.0684398338199, 0.0547934249043, 0.0346541553736, 0.0326567851007]
        dvar: [0.00176224275492, 0.00163225270808, 0.00123401265591, 0.000783842464443, 0.000300541199977, 0.000363458821084]
        dvar2: [0.00490843364969, 0.00422195531428, 0.00291735469364, 0.0019044787623, 0.00076426594751, 0.000888815731741]
        max: [-0.313092559576, -0.453282833099, -0.462895095348, -0.568256795406, -0.633476734161, -0.43955975771]
        mean: [-0.682541787624, -0.747298181057, -0.729685902596, -0.775289237499, -0.795865774155, -0.74644869566]
        median: [-0.685005366802, -0.754994869232, -0.736743271351, -0.781255364418, -0.799142360687, -0.750799953938]
        min: [-0.965307414532, -0.969409704208, -0.976047515869, -0.958869457245, -0.958994269371, -0.963462114334]
        var: [0.00462213531137, 0.00513345189393, 0.00628571538255, 0.00318334554322, 0.00102288275957, 0.00184022518806]
    scvalleys:
        dmean: [0.399814486504, 0.367256641388, 0.312971919775, 0.275305062532, 0.226892873645, 0.212375074625]
        dmean2: [0.652920663357, 0.595754086971, 0.497073411942, 0.431863129139, 0.363239943981, 0.300000727177]
        dvar: [0.158330067992, 0.119756177068, 0.0854556784034, 0.0830520913005, 0.0861574038863, 0.0717366486788]
        dvar2: [0.361096054316, 0.282511889935, 0.185157135129, 0.175020486116, 0.188153341413, 0.124117344618]
        max: [-5.11225748062, -4.79744338989, -5.1302819252, -5.69598674774, -5.59161281586, -7.26128339767]
        mean: [-6.93600654602, -6.74878120422, -7.08125734329, -7.33573436737, -6.99444055557, -9.68126678467]
        median: [-6.71027708054, -6.62900161743, -6.86806201935, -7.0755944252, -6.73203754425, -9.51254940033]
        min: [-27.1727256775, -27.0628814697, -27.0025615692, -27.2172756195, -27.2363910675, -27.1695537567]
        var: [1.60903275013, 0.980906784534, 1.12517786026, 1.02855360508, 0.876840114594, 1.26749432087]

rhythm:
    beats_loudness:
        dmean: 0.00204655318521
        dmean2: 0.00376191968098
        dvar: 2.48580113293e-006
        dvar2: 7.98958990345e-006
        max: 0.0125700766221
        mean: 0.00425385823473
        median: 0.00400759046897
        min: 1.62936579784e-008
        var: 4.19252683059e-006
    bpm: 162.118148804
    bpm_confidence: 0
    first_peak_bpm: 161
    first_peak_spread: 0.0331125892699
    first_peak_weight: 0.839080452919
    onset_rate: 2.76224684715
    second_peak_bpm: 167
    second_peak_spread: 0
    second_peak_weight: 0.113026820123
    beats_loudness_band_ratio:
        dmean: [0.107533864677, 0.0953167229891, 0.155730038881, 0.0930290967226, 0.104080095887, 0.0943992361426]
        dmean2: [0.193188324571, 0.175613045692, 0.276248574257, 0.16220587492, 0.184748902917, 0.167996555567]
        dvar: [0.0110773546621, 0.00650323973969, 0.0201672147959, 0.0102589121088, 0.00926622096449, 0.00518614333123]
        dvar2: [0.0323592573404, 0.021207049489, 0.0565310679376, 0.029079977423, 0.0258326213807, 0.0150234242901]
        max: [0.90293431282, 0.474045187235, 0.78476279974, 0.679136693478, 0.634550571442, 0.776737511158]
        mean: [0.17989218235, 0.127635627985, 0.218360260129, 0.127694383264, 0.179428547621, 0.216896355152]
        median: [0.150637120008, 0.104410469532, 0.165304139256, 0.0907810777426, 0.151965603232, 0.2088201195]
        min: [8.49406787893e-005, 0.00294574839063, 0.00556172104552, 0.00190678902436, 0.0132841384038, 0.0117121478543]
        var: [0.0182775333524, 0.00772540457547, 0.0276639591902, 0.0136632127687, 0.0119997151196, 0.00971630401909]
    beats_position: [0.417959183455, 0.812698423862, 1.18421769142, 1.55573689938, 1.92725622654, 2.29877543449, 2.67029476166, 3.04181408882, 3.41333317757, 3.78485250473, 4.15637159348, 4.52789115906, 4.8994102478, 5.27092981339, 5.630838871, 6.00235795975, 6.37387752533, 6.74539661407, 7.10530614853, 7.47682523727, 7.84834432602, 8.2198638916, 8.59138298035, 8.96290206909, 9.33442115784, 9.70594120026, 10.077460289, 10.4489793777, 10.8204984665, 11.1920175552, 11.5635375977, 11.9350566864, 12.294965744, 12.6664848328, 13.0263938904, 13.3979139328, 13.7694330215, 14.1409521103, 14.512471199, 14.8839902878, 15.2555103302, 15.6270294189, 15.9985485077, 16.3700675964, 16.7415866852, 17.1131057739, 17.4846248627, 17.8561439514, 18.2160549164, 18.5875740051, 18.9590930939, 19.3306121826, 19.7021312714, 20.0736503601, 20.45677948, 20.8282985687, 21.1882076263, 21.548116684, 21.9196376801, 22.2911567688, 22.6626758575, 23.0341949463, 23.405714035, 23.7772331238, 24.1487522125, 24.5202713013, 24.89179039, 25.2633094788, 25.6348285675, 26.0063495636, 26.3778686523, 26.7493877411, 27.1209068298, 27.4924259186, 27.8639450073, 28.2354640961, 28.6069831848, 28.9785022736, 29.3500213623, 29.7099323273, 30.0698413849, 30.4413604736, 30.8128795624, 31.1843986511, 31.5559177399, 31.9274368286, 32.2989578247, 32.6704750061, 33.0419960022, 33.4135131836, 33.7850341797, 34.1565513611, 34.5280723572, 34.8995895386, 35.2711105347, 35.6426315308, 36.0025405884, 36.362449646, 36.7339668274, 37.1054878235, 37.4770050049, 37.848526001, 38.2200431824, 38.5915641785, 38.9630813599, 39.334602356, 39.7061233521, 40.0776405334, 40.4491615295, 40.8206787109, 41.192199707, 41.5637168884, 41.9352378845, 42.3067550659, 42.678276062, 43.0497932434, 43.4213142395, 43.7928352356, 44.1527442932, 44.5242614746, 44.8841705322, 45.2556915283, 45.6272087097, 45.9987297058, 46.3702468872, 46.7417678833, 47.1132888794, 47.4848060608, 47.8563270569, 48.2278442383, 48.5993652344, 48.9708824158, 49.3424034119, 49.7139205933, 50.0854415894, 50.4569587708, 50.8284797668, 51.2000007629, 51.5715179443, 51.9430389404, 52.3145561218, 52.6744651794, 53.0343742371, 53.4058952332, 53.7774124146, 54.1489334106, 54.5204544067, 54.8919715881, 55.2634925842, 55.6350097656, 56.0065307617, 56.3780479431, 56.7379570007, 57.0978660583, 57.4693870544, 57.8409042358, 58.2124252319, 58.583946228, 58.9554634094, 59.3269844055, 59.6985015869, 60.070022583, 60.4415397644, 60.8130607605, 61.1845779419, 61.556098938, 61.9276161194, 62.2991371155, 62.6590461731, 63.0189552307, 63.3904762268, 63.7619934082, 64.1335144043, 64.5050354004, 64.8765487671, 65.2480697632, 65.6312026978, 66.0143280029, 66.385848999, 66.7573699951, 67.1288909912, 67.5004043579, 67.871925354, 68.2318344116, 68.5917434692, 68.9632644653, 69.3347854614, 69.7062988281, 70.0778198242, 70.4493408203, 70.8092498779, 71.180770874, 71.5406799316, 71.9122009277, 72.2837142944, 72.666847229, 73.0383682251, 73.4098815918, 73.7697982788, 74.1413116455, 74.5128326416, 74.8843536377, 75.2558746338, 75.6273880005, 75.9989089966, 76.3704299927, 76.7419509888, 77.1134643555, 77.4849853516, 77.8565063477, 78.2280273438, 78.5995483398, 78.9710617065, 79.3425827026, 79.7141036987, 80.0856246948, 80.4455337524, 80.8054428101, 81.1769561768, 81.5484771729, 81.9199981689, 82.291519165, 82.6630401611, 83.0345535278, 83.4060745239, 83.77759552, 84.1491165161, 84.5206298828, 84.8921508789, 85.263671875, 85.6351928711, 86.0067138672, 86.3782272339, 86.74974823, 87.1212692261, 87.4927902222, 87.8643035889, 88.235824585, 88.5957336426, 88.9556427002, 89.3271636963, 89.6986846924, 90.0702056885, 90.4417190552, 90.8132400513, 91.1847610474, 91.5562820435, 91.9277954102, 92.2993164063, 92.6708374023, 93.0423583984, 93.4138793945, 93.7737884521, 94.1453018188, 94.5052108765, 94.8767318726, 95.2482528687, 95.6197738647, 95.9912872314, 96.3628082275, 96.7343292236, 97.1058502197, 97.4773712158, 97.8488845825, 98.2204055786, 98.5919265747, 98.9634475708, 99.3349609375, 99.7064819336, 100.07800293, 100.437911987, 100.797821045, 101.169342041, 101.540863037, 101.912376404, 102.2838974, 102.655418396, 103.026939392, 103.398452759, 103.769973755, 104.141494751, 104.513015747, 104.884536743, 105.25605011, 105.627571106, 105.999092102, 106.370613098, 106.742126465, 107.113647461, 107.485168457, 107.856689453, 108.22820282, 108.599723816, 108.971244812, 109.342765808, 109.714286804, 110.085800171, 110.457321167, 110.828842163, 111.200363159, 111.571876526, 111.931785583, 112.291702271, 112.663215637, 113.034736633, 113.406257629, 113.777778625, 114.149291992, 114.520812988, 114.892333984, 115.26385498, 115.635368347, 116.006889343, 116.378410339, 116.749931335, 117.121452332, 117.481361389, 117.841270447, 118.212783813, 118.58430481, 118.955825806, 119.315734863, 119.687255859, 120.070381165, 120.441902161, 120.813423157, 121.184944153, 121.55645752, 121.927978516, 122.299499512, 122.671020508, 123.042533875, 123.414054871, 123.785575867, 124.157096863, 124.528617859, 124.888526917, 125.248435974, 125.619949341, 125.991470337, 126.362991333, 126.734512329, 127.106025696, 127.477546692, 127.849067688, 128.220581055, 128.592102051, 128.975234985, 129.335144043, 129.706665039, 130.078186035, 130.449707031, 130.821228027, 131.192733765, 131.564254761, 131.935775757, 132.307296753, 132.678817749, 133.038726807, 133.398635864, 133.77015686, 134.141677856, 134.501586914, 134.87310791, 135.244628906, 135.627746582, 135.999267578, 136.370788574, 136.74230957, 137.113830566, 137.485351563, 137.856872559, 138.228393555, 138.599899292, 138.971420288, 139.342941284, 139.71446228, 140.085983276, 140.457504272, 140.829025269, 141.177322388, 141.548843384, 141.92036438, 142.291885376, 142.663391113, 143.034912109, 143.394821167, 143.766342163, 144.137863159, 144.509384155, 144.880905151, 145.252426147, 145.612335205, 145.99546814, 146.366973877, 146.738494873, 147.110015869, 147.469924927, 147.841445923, 148.212966919, 148.584487915, 148.956008911, 149.327529907, 149.699050903, 150.070556641, 150.442077637, 150.813598633, 151.185119629, 151.545028687, 151.916549683, 152.288070679, 152.659591675, 153.031112671, 153.414230347, 153.785751343, 154.157272339, 154.528793335, 154.900314331, 155.271835327, 155.643356323, 156.014877319, 156.386398315, 156.757904053, 157.129425049, 157.489334106, 157.860855103, 158.22076416, 158.592285156, 158.963806152, 159.335327148, 159.695236206, 160.055145264, 160.42666626, 160.798187256, 161.169708252, 161.541213989, 161.912734985, 162.284255981, 162.655776978, 163.027297974, 163.39881897, 163.770339966, 164.141860962, 164.513381958, 164.884887695, 165.256408691, 165.627929688, 165.987838745, 166.359359741, 166.719268799, 167.090789795, 167.462310791, 167.833831787, 168.205352783, 168.576873779, 168.948379517, 169.319900513, 169.691421509, 170.062942505, 170.434463501, 170.805984497, 171.177505493, 171.549026489, 171.920547485, 172.292053223, 172.663574219, 173.023483276, 173.395004272, 173.766525269, 174.149658203, 174.521179199, 174.892700195, 175.264221191, 175.635726929, 176.007247925, 176.367156982, 176.72706604, 177.098587036, 177.470108032, 177.841629028, 178.201538086, 178.561447144, 178.93296814, 179.304489136, 179.676010132, 180.047531128, 180.419036865, 180.790557861, 181.162078857, 181.533599854, 181.90512085, 182.288253784, 182.671386719, 183.042892456, 183.391204834, 183.762710571, 184.134231567, 184.505752563, 184.87727356, 185.248794556, 185.620315552, 185.991836548, 186.363357544, 186.73487854, 187.106384277, 187.477905273, 187.84942627, 188.220947266, 188.592468262, 188.963989258, 189.335510254, 189.70703125, 190.066940308, 190.450057983, 190.844802856, 191.227935791, 191.611068726, 192.040634155, 192.470199585, 192.911376953, 193.352554321, 193.793731689, 194.234924316]
