
metadata:
    version:
        essentia: "2.1-beta2"
    audio_properties:
        analysis_sample_rate: 44100
        bitrate: 320
        channels: 2
        equal_loudness: 1
        length: 221.544494629
        replay_gain: -14.8363113403
        downmix: "mix"
    tags:
        album: "Feeding Fiction"
        artist: "Heartist"
        comment: "israbox.com"
        date: "2014"
        genre: "Rock"
        title: "Black Cloud"
        tracknumber: "02/11"

configuration:
    average_loudness:
        compute: 1
        frameSize: 88200
        hopSize: 44100
        silentFrames: "noise"
        windowType: "hann"
    general:
        analysisSampleRate: 44100
        endTime: 2000
        equalLoudness: 1
        nequalLoudness: 0
        shortSound: 0
        startTime: 0
    lowlevel:
        compute: 1
        frameSize: 2048
        hopSize: 1024
        zeroPadding: 0
        silentFrames: "noise"
        windowType: "blackmanharris62"
        mfccStats: ["mean", "cov", "icov"]
        stats: ["mean", "var", "median", "min", "max", "dmean", "dmean2", "dvar", "dvar2"]
    panning:
        compute: 0
        frameSize: 8192
        hopSize: 2048
        zeroPadding: 8192
        silentFrames: "noise"
        windowType: "hann"
        stats: ["copy"]
    rhythm:
        compute: 1
        maxTempo: 208
        minTempo: 40
        method: "degara"
        stats: ["mean", "var", "median", "min", "max", "dmean", "dmean2", "dvar", "dvar2"]
    segmentation:
        compute: 0
        cpw: 5
        inc1: 300
        inc2: 50
        minimumSegmentsLength: 10
        size1: 1000
        size2: 600
    sfx:
        compute: 1
        stats: ["mean", "var", "median", "min", "max", "dmean", "dmean2", "dvar", "dvar2"]
    svm:
        compute: 0
    tonal:
        compute: 1
        frameSize: 4096
        hopSize: 2048
        zeroPadding: 0
        silentFrames: "noise"
        windowType: "blackmanharris62"
        stats: ["mean", "var", "median", "min", "max", "dmean", "dmean2", "dvar", "dvar2"]

lowlevel:
    average_loudness: 0.943742752075
    barkbands_kurtosis:
        dmean: 0.615942716599
        dmean2: 1.00276279449
        dvar: 0.786350429058
        dvar2: 1.92793869972
        max: 17.6001358032
        mean: -0.661470234394
        median: -1.03776359558
        min: -1.85837197304
        var: 1.594596982
    barkbands_skewness:
        dmean: 0.367931842804
        dmean2: 0.575217187405
        dvar: 0.130652621388
        dvar2: 0.301201015711
        max: 4.08025836945
        mean: -0.26146993041
        median: -0.333125352859
        min: -2.66350769997
        var: 0.568332076073
    barkbands_spread:
        dmean: 6.11897563934
        dmean2: 9.87644577026
        dvar: 42.3767318726
        dvar2: 100.686302185
        max: 95.0125808716
        mean: 33.9733314514
        median: 32.6697235107
        min: 5.68341827393
        var: 121.178993225
    dissonance:
        dmean: 0.0108383763582
        dmean2: 0.0183468237519
        dvar: 0.000106736799353
        dvar2: 0.000291917647701
        max: 0.500000119209
        mean: 0.481419622898
        median: 0.485407441854
        min: 0.36897149682
        var: 0.000220973801333
    hfc:
        dmean: 2.55141496658
        dmean2: 4.14667224884
        dvar: 11.2779798508
        dvar2: 28.9660243988
        max: 53.2046356201
        mean: 10.5402975082
        median: 10.5390291214
        min: 1.08512530605e-016
        var: 35.9157905579
    pitch:
        dmean: 973.499694824
        dmean2: 1855.44384766
        dvar: 1810533.125
        dvar2: 4281456
        max: 5661.47607422
        mean: 1422.27819824
        median: 445.1902771
        min: 72.6159286499
        var: 2310976.5
    pitch_instantaneous_confidence:
        dmean: 0.0719612687826
        dmean2: 0.117967054248
        dvar: 0.00418180320412
        dvar2: 0.0100333513692
        max: 0.942268908024
        mean: 0.357947021723
        median: 0.329735040665
        min: 0.0918171405792
        var: 0.0164468307048
    pitch_salience:
        dmean: 0.0589245632291
        dmean2: 0.0984077304602
        dvar: 0.00322105898522
        dvar2: 0.00894728861749
        max: 0.887650489807
        mean: 0.652024388313
        median: 0.664668142796
        min: 0.202769353986
        var: 0.00793080870062
    silence_rate_20dB:
        dmean: 0
        dmean2: 0
        dvar: 0
        dvar2: 0
        max: 1
        mean: 1
        median: 1
        min: 1
        var: 0
    silence_rate_30dB:
        dmean: 0
        dmean2: 0
        dvar: 0
        dvar2: 0
        max: 1
        mean: 1
        median: 1
        min: 1
        var: 0
    silence_rate_60dB:
        dmean: 0.0710542872548
        dmean2: 0.14212346077
        dvar: 0.0660085827112
        dvar2: 0.140767142177
        max: 1
        mean: 0.21324531734
        median: 0
        min: 0
        var: 0.167797073722
    spectral_centroid:
        dmean: 278.088562012
        dmean2: 442.454101563
        dvar: 98391.171875
        dvar2: 216919.046875
        max: 11741.3300781
        mean: 2092.35083008
        median: 2108.81274414
        min: 264.10043335
        var: 730331.625
    spectral_complexity:
        dmean: 3.85998749733
        dmean2: 6.26160764694
        dvar: 14.5888080597
        dvar2: 35.4659080505
        max: 46
        mean: 19.0354194641
        median: 20
        min: 0
        var: 85.8243713379
    spectral_crest:
        dmean: 1.70757997036
        dmean2: 2.8262116909
        dvar: 2.90409660339
        dvar2: 7.46385097504
        max: 24.141582489
        mean: 6.61873006821
        median: 5.93528270721
        min: 2.09073519707
        var: 7.71864843369
    spectral_decrease:
        dmean: 2.76620309991e-010
        dmean2: 4.4800024801e-010
        dvar: 1.91171546674e-019
        dvar2: 4.82471135149e-019
        max: 1.18439876755e-028
        mean: -1.08388442666e-009
        median: -1.06488862173e-009
        min: -5.03150010545e-009
        var: 3.2681691452e-019
    spectral_energy:
        dmean: 0.0012324214913
        dmean2: 0.00198590802029
        dvar: 3.566797659e-006
        dvar2: 9.019800018e-006
        max: 0.0232732165605
        mean: 0.0050468724221
        median: 0.00498376460746
        min: 9.71208509173e-021
        var: 6.90285150995e-006
    spectral_energyband_high:
        dmean: 0.000226865275181
        dmean2: 0.000382270867703
        dvar: 1.0706999376e-007
        dvar2: 2.80785911855e-007
        max: 0.00602633086964
        mean: 0.000636936107185
        median: 0.000585376517847
        min: 7.06487044805e-021
        var: 2.24399755666e-007
    spectral_energyband_low:
        dmean: 0.000262002839008
        dmean2: 0.000455017696368
        dvar: 2.18331379642e-007
        dvar2: 5.91060711486e-007
        max: 0.00587040465325
        mean: 0.000347238092218
        median: 0.000219407884288
        min: 1.54608012622e-023
        var: 2.06637551514e-007
    spectral_energyband_middle_high:
        dmean: 0.000622229999863
        dmean2: 0.000985600170679
        dvar: 5.08591199377e-007
        dvar2: 1.22030178318e-006
        max: 0.0120049426332
        mean: 0.00272353040054
        median: 0.00263478630222
        min: 1.09390071976e-021
        var: 2.81013421954e-006
    spectral_energyband_middle_low:
        dmean: 0.000680040277075
        dmean2: 0.00111995835323
        dvar: 1.7782207351e-006
        dvar2: 4.47767160949e-006
        max: 0.0129026127979
        mean: 0.00144338968676
        median: 0.00105387950316
        min: 1.30567107348e-022
        var: 2.09525614991e-006
    spectral_flatness_db:
        dmean: 0.0121845984831
        dmean2: 0.0194292534143
        dvar: 0.000130473577883
        dvar2: 0.000309931609081
        max: 0.327508985996
        mean: 0.132080122828
        median: 0.12746989727
        min: 0.0496111921966
        var: 0.00092679244699
    spectral_flux:
        dmean: 0.00809787027538
        dmean2: 0.0122208511457
        dvar: 9.91967026494e-005
        dvar2: 0.000204741169
        max: 0.124269090593
        mean: 0.0422957912087
        median: 0.0418532826006
        min: 6.3299039621e-011
        var: 0.000281184766209
    spectral_kurtosis:
        dmean: 0.769385576248
        dmean2: 1.26689040661
        dvar: 0.786519646645
        dvar2: 2.15116715431
        max: 17.1467990875
        mean: 2.64617872238
        median: 2.45022916794
        min: -1.26311671734
        var: 2.58463764191
    spectral_rms:
        dmean: 0.000256531318882
        dmean2: 0.000402598583605
        dvar: 1.13745294072e-007
        dvar2: 2.71736610102e-007
        max: 0.00476503698155
        mean: 0.0021258611232
        median: 0.00220504170284
        min: 3.07818202351e-012
        var: 4.0448972527e-007
    spectral_rolloff:
        dmean: 346.71875
        dmean2: 568.170532227
        dvar: 248417.359375
        dvar2: 520337.09375
        max: 19358.3496094
        mean: 3775.25561523
        median: 3746.77734375
        min: 279.931640625
        var: 1796621.125
    spectral_skewness:
        dmean: 0.137516975403
        dmean2: 0.219341143966
        dvar: 0.0209451131523
        dvar2: 0.0493141487241
        max: 3.18283128738
        mean: 1.15233182907
        median: 1.13595843315
        min: -0.142880290747
        var: 0.0899512842298
    spectral_spread:
        dmean: 511697.53125
        dmean2: 745839.5
        dvar: 628707819520
        dvar2: 1.09530768998e+012
        max: 43006168
        mean: 5392092
        median: 4946600.5
        min: 1932348.125
        var: 9.13018925875e+012
    spectral_strongpeak:
        dmean: 0.481194525957
        dmean2: 0.828615248203
        dvar: 0.460237115622
        dvar2: 1.17220652103
        max: 8.73431110382
        mean: 0.808227002621
        median: 0.574810743332
        min: 0
        var: 0.710443079472
    zerocrossingrate:
        dmean: 0.00874612946063
        dmean2: 0.0105814402923
        dvar: 9.95493173832e-005
        dvar2: 0.000126341212308
        max: 0.53369140625
        mean: 0.115163303912
        median: 0.11572265625
        min: 0.02587890625
        var: 0.00140100577846
    barkbands:
        dmean: [3.80281846901e-007, 0.000100693119748, 0.000153707791469, 0.000149317842443, 0.000304287532344, 0.000198092209757, 0.000111280882265, 0.000103531310742, 0.000114629190648, 0.000131371591124, 4.19423849962e-005, 4.36673908553e-005, 4.91838436574e-005, 4.47173697466e-005, 7.84319199738e-005, 0.000100581411971, 0.000184594391612, 0.000200768263312, 0.000265705486527, 0.000162530021043, 0.000126525992528, 5.71922792005e-005, 1.04797227323e-005, 6.54410132483e-006, 4.07540301239e-006, 9.68688027569e-008, 9.87483317338e-010]
        dmean2: [5.66330186302e-007, 0.000174748798599, 0.000268786039669, 0.000266812916379, 0.000517935084645, 0.000336904253345, 0.000182935720659, 0.000168003927683, 0.00017934171774, 0.000196238499484, 6.65046682116e-005, 7.1293747169e-005, 7.81613998697e-005, 7.3039176641e-005, 0.000126336002722, 0.00016672736092, 0.000305103079882, 0.000330968265189, 0.000437078648247, 0.000268379983027, 0.000213669351069, 9.96280286927e-005, 1.76956091309e-005, 9.94921538222e-006, 6.12519488641e-006, 1.55866914042e-007, 1.59680513256e-009]
        dvar: [3.8445871378e-013, 2.50709586425e-008, 9.76215162041e-008, 1.17649896936e-007, 5.40332848686e-007, 1.81204967475e-007, 5.08755313433e-008, 4.50564634491e-008, 4.47870291964e-008, 6.42889972369e-008, 6.57145848848e-009, 6.73349775937e-009, 9.98024596299e-009, 8.3220914604e-009, 1.6718610496e-008, 2.3792324555e-008, 5.28086054885e-008, 8.64585416593e-008, 1.05797212768e-007, 3.91402217303e-008, 2.59156713867e-008, 9.54247436624e-009, 4.5406861604e-010, 2.6637442252e-010, 1.43615896953e-010, 5.07794151237e-014, 4.54555888446e-018]
        dvar2: [7.99364589278e-013, 7.02217803905e-008, 2.64464858901e-007, 3.2703172792e-007, 1.41092539252e-006, 4.90042850743e-007, 1.2316486675e-007, 1.09951884042e-007, 1.0002904105e-007, 1.42259054314e-007, 1.41008609233e-008, 1.6601676478e-008, 2.38224391325e-008, 2.04396251036e-008, 3.91733259164e-008, 5.98888476588e-008, 1.36413007112e-007, 2.07362148785e-007, 2.68869570164e-007, 9.84275274618e-008, 6.92808086455e-008, 2.51180161115e-008, 1.20205834175e-009, 5.41374389762e-010, 2.94733654149e-010, 1.21807132523e-013, 1.09482143447e-017]
        max: [6.45406043986e-006, 0.00142691656947, 0.00441271672025, 0.00383482826874, 0.00809969287366, 0.0058942665346, 0.00396895548329, 0.0033803251572, 0.00463542481884, 0.00471004005522, 0.00199685338885, 0.00238296133466, 0.00182598817628, 0.00250434782356, 0.00238349847496, 0.00401378469542, 0.00431695533916, 0.00878052785993, 0.00599217321724, 0.0034874600824, 0.00272039277479, 0.00194273272064, 0.00039146663039, 0.000276137667242, 0.000223361959797, 5.40494829693e-006, 4.97940639832e-008]
        mean: [4.63769765702e-007, 0.000142327466165, 0.000150801381096, 0.000145151469042, 0.000363290513633, 0.000279137137113, 0.000178877671715, 0.000164312601555, 0.000226649121032, 0.000348081433913, 7.47506783227e-005, 7.61343617341e-005, 9.71305780695e-005, 7.73875217419e-005, 0.000152849563165, 0.000209128193092, 0.000425862264819, 0.000419767107815, 0.000656455173157, 0.000384246348403, 0.000326078297803, 0.000109088519821, 1.86410634342e-005, 1.28196552396e-005, 7.26614280211e-006, 1.6491513577e-007, 1.50100587515e-009]
        median: [1.43930620311e-007, 9.57639131229e-005, 5.70117335883e-005, 5.51612101845e-005, 0.00016492488794, 0.000136599745019, 8.28373595141e-005, 6.85903796693e-005, 9.58473901846e-005, 8.74626784935e-005, 3.31010778609e-005, 4.622191409e-005, 4.21809236286e-005, 4.43465432909e-005, 8.66412228788e-005, 0.000162135984283, 0.000365046347724, 0.00032035811455, 0.000569293566514, 0.00033715533209, 0.000307062728098, 8.4417508333e-005, 1.03055390355e-005, 5.49163542019e-006, 2.06543018066e-006, 6.19786106881e-008, 4.95758767372e-010]
        min: [6.56036635194e-026, 4.13407448319e-024, 2.45173532e-024, 1.24337830134e-024, 1.02278025172e-023, 6.2761458075e-024, 6.54809692711e-024, 5.42619985252e-024, 2.17194122695e-023, 2.35317034478e-023, 1.5546094481e-023, 2.49344653758e-023, 2.87447692554e-023, 2.85081772481e-023, 5.01208140386e-023, 5.41442507799e-023, 7.10527585312e-023, 9.93551756117e-023, 1.69179538874e-022, 2.12575824878e-022, 2.60432418792e-022, 3.12396441045e-022, 3.74174599779e-022, 6.29412199116e-022, 8.4684165164e-022, 1.31241806828e-021, 2.00787915498e-021]
        var: [5.77914615035e-013, 2.73052762623e-008, 8.30994935086e-008, 8.96840433029e-008, 4.75458023175e-007, 2.03857311476e-007, 9.95272841919e-008, 1.00896947686e-007, 1.39033730306e-007, 3.56020194658e-007, 1.84790778235e-008, 1.77152550407e-008, 3.05439513681e-008, 1.40804532478e-008, 3.72289115091e-008, 5.35737001428e-008, 1.3228046214e-007, 2.06940114822e-007, 2.89708111723e-007, 8.84900543952e-008, 5.96436393607e-008, 1.27979209452e-008, 6.46248332625e-010, 5.65572921829e-010, 3.07276176725e-010, 9.47263440105e-014, 7.71073861502e-018]
    frequency_bands:
        dmean: [3.80281846901e-007, 0.000100693119748, 0.000153707791469, 0.000149317842443, 0.000304287532344, 0.000198092209757, 0.000111280882265, 0.000103531310742, 0.000114629190648, 0.000131371591124, 4.19423849962e-005, 4.36673908553e-005, 4.91838436574e-005, 4.47173697466e-005, 7.84319199738e-005, 0.000100581411971, 0.000184594391612, 0.000200768263312, 0.000265705486527, 0.000162530021043, 0.000126525992528, 5.71922792005e-005, 1.04797227323e-005, 6.54410132483e-006, 4.07540301239e-006, 9.68688027569e-008, 9.87483317338e-010, 5.81224859908e-011]
        dmean2: [5.66330186302e-007, 0.000174748798599, 0.000268786039669, 0.000266812916379, 0.000517935084645, 0.000336904253345, 0.000182935720659, 0.000168003927683, 0.00017934171774, 0.000196238499484, 6.65046682116e-005, 7.1293747169e-005, 7.81613998697e-005, 7.3039176641e-005, 0.000126336002722, 0.00016672736092, 0.000305103079882, 0.000330968265189, 0.000437078648247, 0.000268379983027, 0.000213669351069, 9.96280286927e-005, 1.76956091309e-005, 9.94921538222e-006, 6.12519488641e-006, 1.55866914042e-007, 1.59680513256e-009, 1.08424783041e-010]
        dvar: [3.8445871378e-013, 2.50709586425e-008, 9.76215162041e-008, 1.17649896936e-007, 5.40332848686e-007, 1.81204967475e-007, 5.08755313433e-008, 4.50564634491e-008, 4.47870291964e-008, 6.42889972369e-008, 6.57145848848e-009, 6.73349775937e-009, 9.98024596299e-009, 8.3220914604e-009, 1.6718610496e-008, 2.3792324555e-008, 5.28086054885e-008, 8.64585416593e-008, 1.05797212768e-007, 3.91402217303e-008, 2.59156713867e-008, 9.54247436624e-009, 4.5406861604e-010, 2.6637442252e-010, 1.43615896953e-010, 5.07794151237e-014, 4.54555888446e-018, 7.31052935748e-021]
        dvar2: [7.99364589278e-013, 7.02217803905e-008, 2.64464858901e-007, 3.2703172792e-007, 1.41092539252e-006, 4.90042850743e-007, 1.2316486675e-007, 1.09951884042e-007, 1.0002904105e-007, 1.42259054314e-007, 1.41008609233e-008, 1.6601676478e-008, 2.38224391325e-008, 2.04396251036e-008, 3.91733259164e-008, 5.98888476588e-008, 1.36413007112e-007, 2.07362148785e-007, 2.68869570164e-007, 9.84275274618e-008, 6.92808086455e-008, 2.51180161115e-008, 1.20205834175e-009, 5.41374389762e-010, 2.94733654149e-010, 1.21807132523e-013, 1.09482143447e-017, 2.33053710878e-020]
        max: [6.45406043986e-006, 0.00142691656947, 0.00441271672025, 0.00383482826874, 0.00809969287366, 0.0058942665346, 0.00396895548329, 0.0033803251572, 0.00463542481884, 0.00471004005522, 0.00199685338885, 0.00238296133466, 0.00182598817628, 0.00250434782356, 0.00238349847496, 0.00401378469542, 0.00431695533916, 0.00878052785993, 0.00599217321724, 0.0034874600824, 0.00272039277479, 0.00194273272064, 0.00039146663039, 0.000276137667242, 0.000223361959797, 5.40494829693e-006, 4.97940639832e-008, 1.32416577703e-009]
        mean: [4.63769765702e-007, 0.000142327466165, 0.000150801381096, 0.000145151469042, 0.000363290513633, 0.000279137137113, 0.000178877671715, 0.000164312601555, 0.000226649121032, 0.000348081433913, 7.47506783227e-005, 7.61343617341e-005, 9.71305780695e-005, 7.73875217419e-005, 0.000152849563165, 0.000209128193092, 0.000425862264819, 0.000419767107815, 0.000656455173157, 0.000384246348403, 0.000326078297803, 0.000109088519821, 1.86410634342e-005, 1.28196552396e-005, 7.26614280211e-006, 1.6491513577e-007, 1.50100587515e-009, 4.45866225884e-011]
        median: [1.43930620311e-007, 9.57639131229e-005, 5.70117335883e-005, 5.51612101845e-005, 0.00016492488794, 0.000136599745019, 8.28373595141e-005, 6.85903796693e-005, 9.58473901846e-005, 8.74626784935e-005, 3.31010778609e-005, 4.622191409e-005, 4.21809236286e-005, 4.43465432909e-005, 8.66412228788e-005, 0.000162135984283, 0.000365046347724, 0.00032035811455, 0.000569293566514, 0.00033715533209, 0.000307062728098, 8.4417508333e-005, 1.03055390355e-005, 5.49163542019e-006, 2.06543018066e-006, 6.19786106881e-008, 4.95758767372e-010, 1.67013850666e-011]
        min: [6.56036635194e-026, 4.13407448319e-024, 2.45173532e-024, 1.24337830134e-024, 1.02278025172e-023, 6.2761458075e-024, 6.54809692711e-024, 5.42619985252e-024, 2.17194122695e-023, 2.35317034478e-023, 1.5546094481e-023, 2.49344653758e-023, 2.87447692554e-023, 2.85081772481e-023, 5.01208140386e-023, 5.41442507799e-023, 7.10527585312e-023, 9.93551756117e-023, 1.69179538874e-022, 2.12575824878e-022, 2.60432418792e-022, 3.12396441045e-022, 3.74174599779e-022, 6.29412199116e-022, 8.4684165164e-022, 1.31241806828e-021, 2.00787915498e-021, 4.80336016794e-022]
        var: [5.77914615035e-013, 2.73052762623e-008, 8.30994935086e-008, 8.96840433029e-008, 4.75458023175e-007, 2.03857311476e-007, 9.95272841919e-008, 1.00896947686e-007, 1.39033730306e-007, 3.56020194658e-007, 1.84790778235e-008, 1.77152550407e-008, 3.05439513681e-008, 1.40804532478e-008, 3.72289115091e-008, 5.35737001428e-008, 1.3228046214e-007, 2.06940114822e-007, 2.89708111723e-007, 8.84900543952e-008, 5.96436393607e-008, 1.27979209452e-008, 6.46248332625e-010, 5.65572921829e-010, 3.07276176725e-010, 9.47263440105e-014, 7.71073861502e-018, 5.5964443189e-021]
    mfcc:
        mean: [-691.628295898, 83.2033843994, -43.6531105042, 52.5598144531, -16.7731647491, -6.60081148148, -1.98478901386, -1.64278590679, 3.56638455391, -5.08960819244, -1.98485720158, -3.06154227257, -5.00117969513]
        cov: [[5815.0859375, 294.04788208, -258.395843506, 540.382629395, -190.243743896, -35.8947067261, -64.0369033813, 37.9488067627, 36.8408203125, -85.4464950562, -46.19871521, -20.3230628967, -58.8825836182], [294.04788208, 754.10144043, -275.691223145, 126.817306519, -91.8464660645, -13.2280797958, 23.9101810455, 7.63879919052, 12.1476259232, -9.036901474, 20.4152317047, -22.7977733612, -17.0511741638], [-258.395843506, -275.691223145, 657.110290527, -31.1113166809, 162.570541382, 88.7626876831, 3.08556675911, -3.09079766273, -14.3436288834, 4.94401359558, 14.7234115601, 71.7188110352, 20.7540168762], [540.382629395, 126.817306519, -31.1113166809, 306.476623535, 40.6720046997, 61.6756782532, -7.71628141403, 32.4571609497, 48.2257537842, 12.4569892883, 20.0486831665, 21.1946754456, 16.3442592621], [-190.243743896, -91.8464660645, 162.570541382, 40.6720046997, 199.859832764, 54.9624671936, 13.395658493, 17.567401886, 28.5130844116, 26.7986755371, 9.95648860931, 38.3277130127, 20.1519451141], [-35.8947067261, -13.2280797958, 88.7626876831, 61.6756782532, 54.9624671936, 139.283950806, 48.34790802, 33.7289237976, 22.1798877716, 17.7714366913, 18.7307281494, 18.3726444244, 7.4508895874], [-64.0369033813, 23.9101810455, 3.08556675911, -7.71628141403, 13.395658493, 48.34790802, 146.971343994, 66.990272522, 19.7748641968, 13.7604131699, 10.394367218, -4.1361374855, 1.65874826908], [37.9488067627, 7.63879919052, -3.09079766273, 32.4571609497, 17.567401886, 33.7289237976, 66.990272522, 110.044281006, 43.2097167969, 13.5096321106, 2.67858195305, -0.312623798847, 1.00505423546], [36.8408203125, 12.1476259232, -14.3436288834, 48.2257537842, 28.5130844116, 22.1798877716, 19.7748641968, 43.2097167969, 103.97668457, 46.9779281616, 7.42410373688, 4.15164899826, 7.06605482101], [-85.4464950562, -9.036901474, 4.94401359558, 12.4569892883, 26.7986755371, 17.7714366913, 13.7604131699, 13.5096321106, 46.9779281616, 94.4983520508, 27.1703910828, 7.16258049011, -5.54043626785], [-46.19871521, 20.4152317047, 14.7234115601, 20.0486831665, 9.95648860931, 18.7307281494, 10.394367218, 2.67858195305, 7.42410373688, 27.1703910828, 69.2711486816, 32.4481773376, 8.65256118774], [-20.3230628967, -22.7977733612, 71.7188110352, 21.1946754456, 38.3277130127, 18.3726444244, -4.1361374855, -0.312623798847, 4.15164899826, 7.16258049011, 32.4481773376, 96.736831665, 34.4743270874], [-58.8825836182, -17.0511741638, 20.7540168762, 16.3442592621, 20.1519451141, 7.4508895874, 1.65874826908, 1.00505423546, 7.06605482101, -5.54043626785, 8.65256118774, 34.4743270874, 61.8691368103]]
        icov: [[0.000235581988818, 3.07610353047e-005, -1.10026148832e-005, -0.000516536703799, 0.000280194770312, 0.000168134312844, -3.58723882528e-005, -1.07398127511e-005, -6.91882596584e-005, 0.000195069835172, 0.000184380798601, -0.000166142548551, 0.000354618998244], [3.07610353047e-005, 0.00178083102219, 0.000589494011365, -0.000857665669173, 0.000459445931483, 0.000136716203997, -0.000584870576859, 0.000383788661566, -0.000131850145408, 0.000432782049756, -0.000598906481173, -8.61623848323e-005, 0.000577817263547], [-1.10026148832e-005, 0.000589494011365, 0.00241744657978, 0.000404860737035, -0.00142335554119, -0.00119898060802, 0.000195293410798, 0.000143439567182, 0.000505495641846, 0.000312415184453, -1.55567176989e-005, -0.00114132254384, 0.000442927819677], [-0.000516536703799, -0.000857665669173, 0.000404860737035, 0.0057455250062, -0.00141808670014, -0.00247912667692, 0.0019005764043, -0.00111551187001, -0.00125727884006, 0.000260969856754, -0.00106320402119, 0.000135937778396, -0.00141407526098], [0.000280194770312, 0.000459445931483, -0.00142335554119, -0.00141808670014, 0.00779411522672, -0.000961396843195, -0.000257079576841, -2.77330946119e-005, -0.00101287732832, -0.00121434754692, 0.00129665911663, -0.00150463846512, -0.000506187905557], [0.000168134312844, 0.000136716203997, -0.00119898060802, -0.00247912667692, -0.000961396843195, 0.0109112039208, -0.00322042987682, -0.000471665523946, -0.000205357602681, -0.000203019109904, -0.00118214928079, -0.000119058771816, 0.000584873545449], [-3.58723882528e-005, -0.000584870576859, 0.000195293410798, 0.0019005764043, -0.000257079576841, -0.00322042987682, 0.0110868131742, -0.0064844051376, 0.000986768049188, -0.000656469725072, -0.00126473139971, 0.00132362742443, -0.00121541437693], [-1.07398127511e-005, 0.000383788661566, 0.000143439567182, -0.00111551187001, -2.77330946119e-005, -0.000471665523946, -0.0064844051376, 0.0153862033039, -0.0053950836882, 0.00159889471252, 0.000695190974511, -0.000467879261123, 0.00125470198691], [-6.91882596584e-005, -0.000131850145408, 0.000505495641846, -0.00125727884006, -0.00101287732832, -0.000205357602681, 0.000986768049188, -0.0053950836882, 0.0162287205458, -0.00779470708221, 0.0019277469255, 0.000486432021717, -0.00261593004689], [0.000195069835172, 0.000432782049756, 0.000312415184453, 0.000260969856754, -0.00121434754692, -0.000203019109904, -0.000656469725072, 0.00159889471252, -0.00779470708221, 0.0168600901961, -0.00620711781085, 0.000200966271223, 0.00369896669872], [0.000184380798601, -0.000598906481173, -1.55567176989e-005, -0.00106320402119, 0.00129665911663, -0.00118214928079, -0.00126473139971, 0.000695190974511, 0.0019277469255, -0.00620711781085, 0.0207559987903, -0.00684679299593, 0.000175471199327], [-0.000166142548551, -8.61623848323e-005, -0.00114132254384, 0.000135937778396, -0.00150463846512, -0.000119058771816, 0.00132362742443, -0.000467879261123, 0.000486432021717, 0.000200966271223, -0.00684679299593, 0.0168158821762, -0.00780843803659], [0.000354618998244, 0.000577817263547, 0.000442927819677, -0.00141407526098, -0.000506187905557, 0.000584873545449, -0.00121541437693, 0.00125470198691, -0.00261593004689, 0.00369896669872, 0.000175471199327, -0.00780843803659, 0.021947959438]]
    sccoeffs:
        dmean: [0.0548733174801, 0.046353071928, 0.0371148623526, 0.0292966924608, 0.020270453766, 0.0181404110044]
        dmean2: [0.091711461544, 0.0770586952567, 0.0602433942258, 0.0489069968462, 0.0334628857672, 0.0287426616997]
        dvar: [0.00227233767509, 0.00143229821697, 0.000905102875549, 0.000551769277081, 0.000272022327408, 0.000283138040686]
        dvar2: [0.00596193782985, 0.00389310787432, 0.00234032119624, 0.0014465021668, 0.000698376388755, 0.000620388716925]
        max: [-0.327785879374, -0.413507848978, -0.495475769043, -0.621337354183, -0.576963722706, -0.554600179195]
        mean: [-0.679953694344, -0.757169783115, -0.76210129261, -0.787672936916, -0.794535040855, -0.737811028957]
        median: [-0.686183571815, -0.76405274868, -0.767046153545, -0.789067208767, -0.79689514637, -0.732371330261]
        min: [-0.977203130722, -0.976369321346, -0.972545921803, -0.977680683136, -0.969416677952, -0.963580906391]
        var: [0.00587238790467, 0.00469142850488, 0.00425660191104, 0.00197000801563, 0.00129647157155, 0.0023782311473]
    scvalleys:
        dmean: [0.413477540016, 0.360591828823, 0.301639258862, 0.248097538948, 0.214827150106, 0.253541022539]
        dmean2: [0.701116621494, 0.591472029686, 0.497921586037, 0.402926117182, 0.338091045618, 0.377388805151]
        dvar: [0.134421184659, 0.115418761969, 0.0845219418406, 0.0638868957758, 0.0738248303533, 0.12026938796]
        dvar2: [0.343050479889, 0.275823712349, 0.19917806983, 0.138522699475, 0.147658884525, 0.228892207146]
        max: [-5.18864345551, -4.4826335907, -5.37029218674, -5.8337020874, -5.54375934601, -7.09662532806]
        mean: [-7.09310483932, -6.67973184586, -7.10965156555, -7.29580974579, -6.84367370605, -9.34311199188]
        median: [-6.70894432068, -6.4428358078, -6.8656744957, -6.99094724655, -6.44239330292, -9.10198783875]
        min: [-28.0746936798, -27.7003517151, -28.090877533, -27.7634925842, -27.4939899445, -27.3820400238]
        var: [3.5167298317, 3.27085208893, 3.02969813347, 2.96211290359, 3.23862695694, 2.96318745613]

rhythm:
    beats_loudness:
        dmean: 0.00250331824645
        dmean2: 0.00457777362317
        dvar: 3.2116370221e-006
        dvar2: 1.02219519249e-005
        max: 0.0122680906206
        mean: 0.00605544960126
        median: 0.0060090678744
        min: 0
        var: 5.94841412749e-006
    bpm: 149.099838257
    bpm_confidence: 0
    first_peak_bpm: 148
    first_peak_spread: 0.343283623457
    first_peak_weight: 0.639999985695
    onset_rate: 2.62249803543
    second_peak_bpm: 172
    second_peak_spread: 0
    second_peak_weight: 0.0145454546437
    beats_loudness_band_ratio:
        dmean: [0.158495411277, 0.107450045645, 0.0795184001327, 0.0598661601543, 0.112757228315, 0.0822285935283]
        dmean2: [0.286614060402, 0.191963151097, 0.139523848891, 0.103303402662, 0.201015114784, 0.143460735679]
        dvar: [0.0131640629843, 0.00764882517979, 0.00658913468942, 0.00705107767135, 0.00939984060824, 0.00509543018416]
        dvar2: [0.0368279963732, 0.0216414295137, 0.0187683328986, 0.0184450671077, 0.0279800761491, 0.0137631762773]
        max: [0.658259510994, 0.667874515057, 0.562867999077, 0.735074222088, 0.70484161377, 0.607177317142]
        mean: [0.227510690689, 0.133478090167, 0.119159206748, 0.0889383330941, 0.226188361645, 0.260511666536]
        median: [0.22106179595, 0.110519751906, 0.0938245803118, 0.0517053976655, 0.210541009903, 0.257425814867]
        min: [0, 0, 0, 0, 0, 0]
        var: [0.0255261696875, 0.0105430409312, 0.00789616722614, 0.00984670314938, 0.0125607894734, 0.0092510888353]
    beats_position: [0.371519267559, 0.766258478165, 1.16099774837, 1.55573689938, 1.95047616959, 2.34521532059, 2.72834467888, 3.12308382988, 3.51782298088, 3.9125623703, 4.3073015213, 4.71365070343, 5.10838985443, 5.50312900543, 5.89786815643, 6.30421733856, 6.6989569664, 7.0936961174, 7.50004529953, 7.89478445053, 8.3011341095, 8.70748329163, 9.11383247375, 9.50857162476, 9.91492080688, 10.321269989, 10.7276191711, 11.1339683533, 11.5403175354, 11.9466667175, 12.3414058685, 12.7361450195, 13.1192741394, 13.5256233215, 13.9319725037, 14.3383216858, 14.7446708679, 15.15102005, 15.5573692322, 15.9521083832, 16.3468475342, 16.7415866852, 17.1363258362, 17.5426750183, 17.9490242004, 18.3553733826, 18.7617225647, 19.1564617157, 19.5628108978, 19.96916008, 20.363899231, 20.7702484131, 21.1765975952, 21.5713367462, 21.9776859283, 22.3724250793, 22.7787742615, 23.1735134125, 23.5798625946, 23.9862117767, 24.3925609589, 24.7989120483, 25.1936511993, 25.6000003815, 26.0063495636, 26.4010887146, 26.8074378967, 27.2137870789, 27.6085262299, 28.014875412, 28.4212245941, 28.8159637451, 29.2107028961, 29.6170520782, 30.0234012604, 30.4297504425, 30.8360996246, 31.2308387756, 31.6371879578, 32.0435371399, 32.4382743835, 32.8446235657, 33.2509727478, 33.6573219299, 34.0520629883, 34.4584121704, 34.8531494141, 35.2594985962, 35.6658477783, 36.0722007751, 36.4785499573, 36.8732872009, 37.2796363831, 37.6859855652, 38.0807266235, 38.4870758057, 38.8818130493, 39.2881622314, 39.7061233521, 40.1008605957, 40.4956016541, 40.9019508362, 41.3083000183, 41.703037262, 42.1093864441, 42.5157356262, 42.9220848083, 43.3168258667, 43.7231750488, 44.1179122925, 44.5242614746, 44.9306106567, 45.3253517151, 45.7317008972, 46.1380500793, 46.532787323, 46.9391365051, 47.3454856873, 47.7518348694, 48.1581840515, 48.5529251099, 48.959274292, 49.3656234741, 49.7603607178, 50.1667098999, 50.573059082, 50.9678001404, 51.3741493225, 51.7804985046, 52.1752357483, 52.5931968689, 52.999546051, 53.3942832947, 53.789024353, 54.1953735352, 54.6017227173, 55.0080718994, 55.4028091431, 55.7975502014, 56.2038993835, 56.6102485657, 57.0165977478, 57.4229469299, 57.8292961121, 58.2240333557, 58.6303825378, 59.0251235962, 59.4198646545, 59.8262138367, 60.2325630188, 60.6389122009, 61.0452613831, 61.4399986267, 61.8463478088, 62.252696991, 62.6474380493, 63.0537872314, 63.4601364136, 63.8664855957, 64.2728347778, 64.6675720215, 65.0623092651, 65.4686584473, 65.8750076294, 66.2813568115, 66.6877059937, 67.0824508667, 67.4771881104, 67.8835372925, 68.2782745361, 68.6846237183, 69.1025848389, 69.508934021, 69.9152832031, 70.3100204468, 70.7047576904, 71.0995025635, 71.5058517456, 71.9122009277, 72.3185501099, 72.724899292, 73.1196365356, 73.5259857178, 73.9323348999, 74.3270721436, 74.7334213257, 75.1397705078, 75.5345077515, 75.9408569336, 76.3472061157, 76.7419509888, 77.1483001709, 77.554649353, 77.9493865967, 78.3557357788, 78.7504730225, 79.1568222046, 79.5631713867, 79.9695205688, 80.3642578125, 80.7706069946, 81.1653518677, 81.5717010498, 81.9780502319, 82.3843994141, 82.7907485962, 83.1970977783, 83.591835022, 83.9865722656, 84.3929214478, 84.7992706299, 85.205619812, 85.6119689941, 86.0067138672, 86.4014511108, 86.807800293, 87.2141494751, 87.6088867188, 88.0152359009, 88.4099731445, 88.8163223267, 89.2226715088, 89.6290206909, 90.023765564, 90.4301147461, 90.8364639282, 91.2312011719, 91.637550354, 92.0438995361, 92.4502487183, 92.8565979004, 93.251335144, 93.6576843262, 94.0640335083, 94.458770752, 94.8651199341, 95.2598648071, 95.6662139893, 96.0725631714, 96.4789123535, 96.8736495972, 97.2799987793, 97.6863479614, 98.0810852051, 98.4874343872, 98.8821716309, 99.288520813, 99.683265686, 100.089614868, 100.49596405, 100.890701294, 101.297050476, 101.703399658, 102.10974884, 102.516098022, 102.922447205, 103.328796387, 103.72353363, 104.129882813, 104.536231995, 104.930976868, 105.33732605, 105.743675232, 106.138412476, 106.544761658, 106.95111084, 107.345848083, 107.752197266, 108.158546448, 108.553283691, 108.959632874, 109.365982056, 109.760726929, 110.167076111, 110.573425293, 110.968162537, 111.36289978, 111.769248962, 112.175598145, 112.581947327, 112.988296509, 113.394645691, 113.800994873, 114.195732117, 114.59047699, 114.996826172, 115.403175354, 115.809524536, 116.215873718, 116.610610962, 117.016960144, 117.423309326, 117.81804657, 118.212783813, 118.619132996, 119.025482178, 119.43183136, 119.838180542, 120.244529724, 120.639274597, 121.045623779, 121.440361023, 121.846710205, 122.253059387, 122.647796631, 123.042533875, 123.448883057, 123.855232239, 124.261581421, 124.667930603, 125.074279785, 125.480628967, 125.87537384, 126.281723022, 126.688072205, 127.082809448, 127.48915863, 127.895507813, 128.290252686, 128.6849823, 129.079727173, 129.486068726, 129.892425537, 130.29876709, 130.705123901, 131.111465454, 131.517822266, 131.924163818, 132.318908691, 132.725265503, 133.131607056, 133.526351929, 133.932693481, 134.327438354, 134.733779907, 135.140136719, 135.534866333, 135.929611206, 136.335968018, 136.730697632, 137.137054443, 137.543395996, 137.949752808, 138.35609436, 138.762451172, 139.157180786, 139.563537598, 139.958267212, 140.364624023, 140.770965576, 141.177322388, 141.572067261, 141.978408813, 142.384765625, 142.779495239, 143.185852051, 143.592193604, 143.986938477, 144.393280029, 144.799636841, 145.194366455, 145.600723267, 146.007064819, 146.413421631, 146.819763184, 147.226119995, 147.632461548, 148.027206421, 148.421951294, 148.828292847, 149.234649658, 149.629379272, 150.024124146, 150.430480957, 150.83682251, 151.243179321, 151.649520874, 152.055877686, 152.462219238, 152.856964111, 153.251693726, 153.646438599, 154.052780151, 154.459136963, 154.865478516, 155.260223389, 155.6665802, 156.072921753, 156.479278564, 156.874008179, 157.268753052, 157.675094604, 158.081451416, 158.487792969, 158.89414978, 159.300491333, 159.706848145, 160.101577759, 160.496322632, 160.902679443, 161.309020996, 161.715377808, 162.12171936, 162.528076172, 162.922805786, 163.329162598, 163.73550415, 164.141860962, 164.536590576, 164.931335449, 165.337677002, 165.744033813, 166.138778687, 166.533508301, 166.939865112, 167.346206665, 167.752563477, 168.158905029, 168.565261841, 168.971603394, 169.366348267, 169.761077881, 170.167434692, 170.573776245, 170.968521118, 171.37487793, 171.781219482, 172.175964355, 172.57069397, 172.977050781, 173.383392334, 173.778137207, 174.184494019, 174.590835571, 174.997192383, 175.403533936, 175.798278809, 176.204620361, 176.610977173, 177.017318726, 177.423675537, 177.83001709, 178.236373901, 178.642715454, 179.049072266, 179.44380188, 179.838546753, 180.233291626, 180.639633179, 181.034378052, 181.440719604, 181.847076416, 182.253417969, 182.648162842, 183.054504395, 183.460861206, 183.85559082, 184.261947632, 184.668289185, 185.063034058, 185.469390869, 185.875732422, 186.270477295, 186.676818848, 187.083175659, 187.489517212, 187.895874023, 188.290603638, 188.696960449, 189.103302002, 189.498046875, 189.904388428, 190.310745239, 190.705490112, 191.100219727, 191.506576538, 191.912918091, 192.307662964, 192.702392578, 193.10874939, 193.515090942, 193.921447754, 194.327789307, 194.734146118, 195.140487671, 195.546844482, 195.953201294, 196.347930908, 196.742675781, 197.149017334, 197.555374146, 197.95010376, 198.344848633, 198.751205444, 199.157546997, 199.55229187, 199.947021484, 200.353378296, 200.759719849, 201.16607666, 201.572418213, 201.967163086, 202.373504639, 202.77986145, 203.186203003, 203.580947876, 203.987304688, 204.39364624, 204.800003052, 205.206344604, 205.601089478, 205.995819092, 206.402175903, 206.808517456, 207.214874268, 207.62121582, 208.027572632, 208.422302246, 208.828659058, 209.23500061, 209.629745483, 210.036102295, 210.442443848, 210.837188721, 211.231918335, 211.638275146, 212.044616699, 212.450973511, 212.857315063, 213.263671875, 213.670013428, 214.064758301, 214.459503174, 214.854232788, 215.248977661, 215.655319214, 216.061676025, 216.468017578, 216.87437439, 217.21105957, 217.547744751, 217.896057129, 218.244354248, 218.592651367, 218.940948486, 219.289245605, 219.637542725, 219.985839844, 220.334152222, 220.694061279, 221.053970337]
