
metadata:
    version:
        essentia: "2.1-beta2"
    audio_properties:
        analysis_sample_rate: 44100
        bitrate: 320
        channels: 2
        equal_loudness: 1
        length: 211.095504761
        replay_gain: -14.280330658
        downmix: "mix"
    tags:
        album: "Feeding Fiction"
        artist: "Heartist"
        comment: "israbox.com"
        date: "2014"
        genre: "Rock"
        title: "Unbreakable"
        tracknumber: "06/11"

configuration:
    average_loudness:
        compute: 1
        frameSize: 88200
        hopSize: 44100
        silentFrames: "noise"
        windowType: "hann"
    general:
        analysisSampleRate: 44100
        endTime: 2000
        equalLoudness: 1
        nequalLoudness: 0
        shortSound: 0
        startTime: 0
    lowlevel:
        compute: 1
        frameSize: 2048
        hopSize: 1024
        zeroPadding: 0
        silentFrames: "noise"
        windowType: "blackmanharris62"
        mfccStats: ["mean", "cov", "icov"]
        stats: ["mean", "var", "median", "min", "max", "dmean", "dmean2", "dvar", "dvar2"]
    panning:
        compute: 0
        frameSize: 8192
        hopSize: 2048
        zeroPadding: 8192
        silentFrames: "noise"
        windowType: "hann"
        stats: ["copy"]
    rhythm:
        compute: 1
        maxTempo: 208
        minTempo: 40
        method: "degara"
        stats: ["mean", "var", "median", "min", "max", "dmean", "dmean2", "dvar", "dvar2"]
    segmentation:
        compute: 0
        cpw: 5
        inc1: 300
        inc2: 50
        minimumSegmentsLength: 10
        size1: 1000
        size2: 600
    sfx:
        compute: 1
        stats: ["mean", "var", "median", "min", "max", "dmean", "dmean2", "dvar", "dvar2"]
    svm:
        compute: 0
    tonal:
        compute: 1
        frameSize: 4096
        hopSize: 2048
        zeroPadding: 0
        silentFrames: "noise"
        windowType: "blackmanharris62"
        stats: ["mean", "var", "median", "min", "max", "dmean", "dmean2", "dvar", "dvar2"]

lowlevel:
    average_loudness: 0.949794650078
    barkbands_kurtosis:
        dmean: 0.56029355526
        dmean2: 0.912136018276
        dvar: 1.27142953873
        dvar2: 3.14547228813
        max: 56.1536483765
        mean: -0.760914623737
        median: -1.11955869198
        min: -1.86354792118
        var: 2.43429613113
    barkbands_skewness:
        dmean: 0.340349704027
        dmean2: 0.531471669674
        dvar: 0.114264309406
        dvar2: 0.26872369647
        max: 6.97667264938
        mean: -0.302833914757
        median: -0.385520905256
        min: -4.00192070007
        var: 0.528300583363
    barkbands_spread:
        dmean: 5.7227845192
        dmean2: 9.23146057129
        dvar: 32.7399406433
        dvar2: 84.4041900635
        max: 84.7485656738
        mean: 37.8962440491
        median: 38.1717948914
        min: 2.10289025307
        var: 100.028396606
    dissonance:
        dmean: 0.00969464424998
        dmean2: 0.0164419300854
        dvar: 9.16314311326e-005
        dvar2: 0.000246042123763
        max: 0.500000059605
        mean: 0.482862889767
        median: 0.486539363861
        min: 0.286884576082
        var: 0.000193887099158
    hfc:
        dmean: 2.46637797356
        dmean2: 4.07029247284
        dvar: 12.5788946152
        dvar2: 32.826789856
        max: 67.4632797241
        mean: 10.6086473465
        median: 10.4442110062
        min: 1.08341621855e-016
        var: 37.3706741333
    pitch:
        dmean: 947.403991699
        dmean2: 1795.80908203
        dvar: 1671823.25
        dvar2: 4055720.25
        max: 4959.30957031
        mean: 1362.42175293
        median: 443.496551514
        min: 68.9960174561
        var: 2166898.75
    pitch_instantaneous_confidence:
        dmean: 0.0720641091466
        dmean2: 0.11690389365
        dvar: 0.00415935413912
        dvar2: 0.0101219844073
        max: 0.933821856976
        mean: 0.337914139032
        median: 0.3074182868
        min: 0.0939388871193
        var: 0.0152969229966
    pitch_salience:
        dmean: 0.053063351661
        dmean2: 0.0868930593133
        dvar: 0.00234693847597
        dvar2: 0.00614710198715
        max: 0.998586475849
        mean: 0.648368537426
        median: 0.66056227684
        min: 0.0992256477475
        var: 0.00748298875988
    silence_rate_20dB:
        dmean: 0
        dmean2: 0
        dvar: 0
        dvar2: 0
        max: 1
        mean: 1
        median: 1
        min: 1
        var: 0
    silence_rate_30dB:
        dmean: 0
        dmean2: 0
        dvar: 0
        dvar2: 0
        max: 1
        mean: 1
        median: 1
        min: 1
        var: 0
    silence_rate_60dB:
        dmean: 0.0578530579805
        dmean2: 0.115718841553
        dvar: 0.0545108318329
        dvar2: 0.123669281602
        max: 1
        mean: 0.19619487226
        median: 0
        min: 0
        var: 0.157710701227
    spectral_centroid:
        dmean: 252.922042847
        dmean2: 397.381622314
        dvar: 79947.9765625
        dvar2: 171568.046875
        max: 11486.6679688
        mean: 2067.19848633
        median: 2075.21557617
        min: 243.534210205
        var: 727927.625
    spectral_complexity:
        dmean: 3.85569739342
        dmean2: 6.30139684677
        dvar: 15.0707645416
        dvar2: 37.0948677063
        max: 50
        mean: 19.2365550995
        median: 20
        min: 0
        var: 89.5970001221
    spectral_crest:
        dmean: 1.63378417492
        dmean2: 2.69146704674
        dvar: 2.71989774704
        dvar2: 7.01165676117
        max: 24.7604961395
        mean: 6.0308880806
        median: 5.21989679337
        min: 2.374522686
        var: 7.73106908798
    spectral_decrease:
        dmean: 2.5420807126e-010
        dmean2: 4.1810524487e-010
        dvar: 1.58319616282e-019
        dvar2: 4.15970001501e-019
        max: 1.2138360049e-028
        mean: -1.10365516726e-009
        median: -1.05101505277e-009
        min: -4.43099956726e-009
        var: 3.25973345392e-019
    spectral_energy:
        dmean: 0.00114356097765
        dmean2: 0.0018837446114
        dvar: 3.13517421091e-006
        dvar2: 8.24731432658e-006
        max: 0.0203874763101
        mean: 0.0051276832819
        median: 0.00493068387732
        min: 1.00963791487e-020
        var: 6.98620715411e-006
    spectral_energyband_high:
        dmean: 0.000231953657931
        dmean2: 0.000390464236261
        dvar: 1.34637389237e-007
        dvar2: 3.54344905418e-007
        max: 0.00677519058809
        mean: 0.00066508637974
        median: 0.000627074041404
        min: 7.31988441478e-021
        var: 2.56692089806e-007
    spectral_energyband_low:
        dmean: 0.000291119795293
        dmean2: 0.000490446633194
        dvar: 1.85803187946e-007
        dvar2: 5.26638586962e-007
        max: 0.0058915684931
        mean: 0.000608257192653
        median: 0.000529021315742
        min: 1.67562260422e-023
        var: 2.42502295578e-007
    spectral_energyband_middle_high:
        dmean: 0.000618129735813
        dmean2: 0.000985336606391
        dvar: 5.62984666885e-007
        dvar2: 1.36585936161e-006
        max: 0.01589894481
        mean: 0.00270019378513
        median: 0.00252859271131
        min: 1.03819679e-021
        var: 2.66648407887e-006
    spectral_energyband_middle_low:
        dmean: 0.00059490732383
        dmean2: 0.000970384338871
        dvar: 1.23854829326e-006
        dvar2: 3.2072009617e-006
        max: 0.011635273695
        mean: 0.00128107052296
        median: 0.000906737579498
        min: 1.61254717951e-022
        var: 1.60194110777e-006
    spectral_flatness_db:
        dmean: 0.0117216976359
        dmean2: 0.018283938989
        dvar: 0.000130936285132
        dvar2: 0.000284168461803
        max: 0.321842670441
        mean: 0.132889807224
        median: 0.126948192716
        min: 0.0520378276706
        var: 0.00096547731664
    spectral_flux:
        dmean: 0.00714380014688
        dmean2: 0.0109566720203
        dvar: 8.25759852887e-005
        dvar2: 0.000163380900631
        max: 0.117794550955
        mean: 0.0414607338607
        median: 0.0410689786077
        min: 6.50961437532e-011
        var: 0.000275186786894
    spectral_kurtosis:
        dmean: 0.810448169708
        dmean2: 1.34313452244
        dvar: 0.822350919247
        dvar2: 2.21437716484
        max: 25.0055389404
        mean: 2.48380637169
        median: 2.32674407959
        min: -1.27059495449
        var: 1.97277700901
    spectral_rms:
        dmean: 0.000231142068515
        dmean2: 0.000372902286472
        dvar: 9.48391303268e-008
        dvar2: 2.38479316295e-007
        max: 0.00445984536782
        mean: 0.00213243556209
        median: 0.00219326769002
        min: 3.1384909862e-012
        var: 4.55332695992e-007
    spectral_rolloff:
        dmean: 327.52520752
        dmean2: 529.74621582
        dvar: 229669.328125
        dvar2: 488090.71875
        max: 19444.4824219
        mean: 3792.76269531
        median: 3768.31054688
        min: 107.666015625
        var: 1874430.875
    spectral_skewness:
        dmean: 0.135151877999
        dmean2: 0.21805550158
        dvar: 0.0195178296417
        dvar2: 0.0459245890379
        max: 3.57263612747
        mean: 1.05697131157
        median: 1.04983329773
        min: -0.0617665760219
        var: 0.100319251418
    spectral_spread:
        dmean: 481453.375
        dmean2: 676340.875
        dvar: 541022748672
        dvar2: 896079429632
        max: 42454196
        mean: 5023944
        median: 4570123
        min: 2077620.875
        var: 9.4125204439e+012
    spectral_strongpeak:
        dmean: 0.460391223431
        dmean2: 0.799885690212
        dvar: 0.534269213676
        dvar2: 1.34281527996
        max: 8.79168224335
        mean: 0.668562531471
        median: 0.254581898451
        min: 0
        var: 0.796668231487
    zerocrossingrate:
        dmean: 0.00777678657323
        dmean2: 0.00950674060732
        dvar: 8.98910511751e-005
        dvar2: 0.000127566003357
        max: 0.5283203125
        mean: 0.113889604807
        median: 0.11474609375
        min: 0.01611328125
        var: 0.00146183860488
    barkbands:
        dmean: [4.00489284402e-007, 0.000102199730463, 0.000205381118576, 0.000132407905767, 0.000263339548837, 0.000170415703906, 9.1292160505e-005, 9.90744956653e-005, 0.000118090683827, 0.000114301517897, 4.31767912232e-005, 5.62972345506e-005, 4.36387344962e-005, 7.77547247708e-005, 6.46113112452e-005, 0.000127757448354, 0.000193830623175, 0.000189645114006, 0.000243747257628, 0.000168319631484, 0.000139203708386, 5.09592427989e-005, 9.33498995437e-006, 4.89202056997e-006, 2.5382955755e-006, 7.30621110279e-008, 9.85988735103e-010]
        dmean2: [6.17042076101e-007, 0.000169454244315, 0.000340151105775, 0.00022625438578, 0.000444613135187, 0.000297026097542, 0.000150383581058, 0.000152990367496, 0.000183687181561, 0.000176987465238, 7.0797810622e-005, 8.99637961993e-005, 7.10088352207e-005, 0.00012750652968, 0.000104700797237, 0.000207865930861, 0.00032503370312, 0.000306626374368, 0.000407110113883, 0.000283933622995, 0.000233788290643, 8.75109835761e-005, 1.54731333168e-005, 7.44811541153e-006, 3.78413733415e-006, 1.1106747877e-007, 1.48676460032e-009]
        dvar: [5.10906475546e-013, 1.74880270265e-008, 9.887275354e-008, 5.13426954285e-008, 4.20560439807e-007, 1.9052365019e-007, 3.6892590316e-008, 6.13288193563e-008, 5.5866536286e-008, 5.75311673856e-008, 9.06450559057e-009, 1.43274805353e-008, 6.64227428615e-009, 1.33324338236e-008, 1.13506457566e-008, 2.85273653589e-008, 5.19974037161e-008, 8.32192341704e-008, 8.80637855971e-008, 9.83365922025e-008, 3.27446478821e-008, 7.40663530507e-009, 3.50468709609e-010, 1.45347150982e-010, 6.28350566023e-011, 3.10450179019e-014, 7.72866610044e-018]
        dvar2: [1.11718598782e-012, 4.98570962293e-008, 2.8129926477e-007, 1.41714153301e-007, 1.09575580609e-006, 5.19755417372e-007, 9.62510924296e-008, 1.18791419368e-007, 1.27612921119e-007, 1.27822801232e-007, 2.19461959716e-008, 3.3726951898e-008, 1.73723506691e-008, 3.56463587536e-008, 2.79530265601e-008, 7.15379613325e-008, 1.37459579719e-007, 1.85477119885e-007, 2.24821050665e-007, 2.64919179926e-007, 8.61439133359e-008, 1.99212575325e-008, 8.8792961872e-010, 3.03848585181e-010, 1.23523025142e-010, 6.53960460545e-014, 1.45352243412e-017]
        max: [7.91273760115e-006, 0.00132281822152, 0.00472852680832, 0.00445955153555, 0.00707065779716, 0.00725961709395, 0.00337438634597, 0.00779119692743, 0.00698613841087, 0.00594077119604, 0.00308168889023, 0.00434562284499, 0.0022228367161, 0.00137907813769, 0.00178836262785, 0.00319142197259, 0.00293040787801, 0.00555443903431, 0.00418965797871, 0.0110372956842, 0.0031642827671, 0.00124300748575, 0.000413913861848, 0.000338962971, 0.000262318935711, 3.45696253135e-006, 5.40548903416e-008]
        mean: [5.05383127347e-007, 0.000192675695871, 0.000322848267388, 0.000181241950486, 0.000320688122883, 0.000193843443412, 0.000146367092384, 0.00015701421944, 0.000225874144235, 0.00023597854306, 7.69468751969e-005, 0.000102694801171, 7.90021877037e-005, 0.000150173611473, 0.000119672491564, 0.000260112719843, 0.000442158721853, 0.000410203094361, 0.000615191296674, 0.000385856372304, 0.000370604888303, 0.000107209540147, 1.73314274434e-005, 9.23278639675e-006, 4.13051793657e-006, 1.28363637941e-007, 1.53086443522e-009]
        median: [1.70000234334e-007, 0.000168092607055, 0.000219032270252, 0.000106168889033, 0.000152561508003, 8.21066350909e-005, 7.00010350556e-005, 6.07084621151e-005, 8.52333250805e-005, 6.44543688395e-005, 3.57478784281e-005, 4.81390343339e-005, 4.55047884316e-005, 8.96005367395e-005, 7.21079923096e-005, 0.000196348832105, 0.00037765968591, 0.000317391764838, 0.000531270052306, 0.000316608493449, 0.000343286868883, 8.96580968401e-005, 1.06039797174e-005, 4.46189051218e-006, 1.34463653012e-006, 4.7513971424e-008, 4.53774434694e-010]
        min: [1.92873099225e-024, 4.67572136907e-024, 1.05915788212e-024, 4.16204295494e-025, 8.60616797565e-024, 1.33943816987e-023, 3.85438542696e-024, 5.11507153377e-024, 1.24666899516e-023, 9.59005580703e-024, 4.77515649731e-024, 2.00689338177e-023, 3.69758386038e-023, 2.80330936566e-023, 5.53662341874e-023, 6.6228861474e-023, 5.69956547861e-023, 1.08837346801e-022, 1.30194664027e-022, 1.9966424183e-022, 2.17125621169e-022, 3.6537129073e-022, 4.5772839921e-022, 5.98913094715e-022, 9.22958373379e-022, 1.31381878232e-021, 1.8746172483e-021]
        var: [7.3677321839e-013, 2.48481875076e-008, 1.21085690807e-007, 5.80065346867e-008, 3.70010582174e-007, 1.71343941702e-007, 6.46344062716e-008, 1.64174394968e-007, 1.82857746722e-007, 2.52136942436e-007, 2.80706551337e-008, 4.11067091477e-008, 1.21077734505e-008, 2.97898683499e-008, 2.24762466416e-008, 6.51823341968e-008, 1.25853929944e-007, 1.85148863352e-007, 2.27804292763e-007, 1.35588237526e-007, 8.09683697867e-008, 1.02253494561e-008, 5.58115664795e-010, 3.00130253983e-010, 1.30449429037e-010, 6.1337674035e-014, 1.52639704609e-017]
    frequency_bands:
        dmean: [4.00489284402e-007, 0.000102199730463, 0.000205381118576, 0.000132407905767, 0.000263339548837, 0.000170415703906, 9.1292160505e-005, 9.90744956653e-005, 0.000118090683827, 0.000114301517897, 4.31767912232e-005, 5.62972345506e-005, 4.36387344962e-005, 7.77547247708e-005, 6.46113112452e-005, 0.000127757448354, 0.000193830623175, 0.000189645114006, 0.000243747257628, 0.000168319631484, 0.000139203708386, 5.09592427989e-005, 9.33498995437e-006, 4.89202056997e-006, 2.5382955755e-006, 7.30621110279e-008, 9.85988735103e-010, 6.06975095185e-011]
        dmean2: [6.17042076101e-007, 0.000169454244315, 0.000340151105775, 0.00022625438578, 0.000444613135187, 0.000297026097542, 0.000150383581058, 0.000152990367496, 0.000183687181561, 0.000176987465238, 7.0797810622e-005, 8.99637961993e-005, 7.10088352207e-005, 0.00012750652968, 0.000104700797237, 0.000207865930861, 0.00032503370312, 0.000306626374368, 0.000407110113883, 0.000283933622995, 0.000233788290643, 8.75109835761e-005, 1.54731333168e-005, 7.44811541153e-006, 3.78413733415e-006, 1.1106747877e-007, 1.48676460032e-009, 1.12693271381e-010]
        dvar: [5.10906475546e-013, 1.74880270265e-008, 9.887275354e-008, 5.13426954285e-008, 4.20560439807e-007, 1.9052365019e-007, 3.6892590316e-008, 6.13288193563e-008, 5.5866536286e-008, 5.75311673856e-008, 9.06450559057e-009, 1.43274805353e-008, 6.64227428615e-009, 1.33324338236e-008, 1.13506457566e-008, 2.85273653589e-008, 5.19974037161e-008, 8.32192341704e-008, 8.80637855971e-008, 9.83365922025e-008, 3.27446478821e-008, 7.40663530507e-009, 3.50468709609e-010, 1.45347150982e-010, 6.28350566023e-011, 3.10450179019e-014, 7.72866610044e-018, 7.91759510877e-021]
        dvar2: [1.11718598782e-012, 4.98570962293e-008, 2.8129926477e-007, 1.41714153301e-007, 1.09575580609e-006, 5.19755417372e-007, 9.62510924296e-008, 1.18791419368e-007, 1.27612921119e-007, 1.27822801232e-007, 2.19461959716e-008, 3.3726951898e-008, 1.73723506691e-008, 3.56463587536e-008, 2.79530265601e-008, 7.15379613325e-008, 1.37459579719e-007, 1.85477119885e-007, 2.24821050665e-007, 2.64919179926e-007, 8.61439133359e-008, 1.99212575325e-008, 8.8792961872e-010, 3.03848585181e-010, 1.23523025142e-010, 6.53960460545e-014, 1.45352243412e-017, 2.5071603644e-020]
        max: [7.91273760115e-006, 0.00132281822152, 0.00472852680832, 0.00445955153555, 0.00707065779716, 0.00725961709395, 0.00337438634597, 0.00779119692743, 0.00698613841087, 0.00594077119604, 0.00308168889023, 0.00434562284499, 0.0022228367161, 0.00137907813769, 0.00178836262785, 0.00319142197259, 0.00293040787801, 0.00555443903431, 0.00418965797871, 0.0110372956842, 0.0031642827671, 0.00124300748575, 0.000413913861848, 0.000338962971, 0.000262318935711, 3.45696253135e-006, 5.40548903416e-008, 1.59370006081e-009]
        mean: [5.05383127347e-007, 0.000192675695871, 0.000322848267388, 0.000181241950486, 0.000320688122883, 0.000193843443412, 0.000146367092384, 0.00015701421944, 0.000225874144235, 0.00023597854306, 7.69468751969e-005, 0.000102694801171, 7.90021877037e-005, 0.000150173611473, 0.000119672491564, 0.000260112719843, 0.000442158721853, 0.000410203094361, 0.000615191296674, 0.000385856372304, 0.000370604888303, 0.000107209540147, 1.73314274434e-005, 9.23278639675e-006, 4.13051793657e-006, 1.28363637941e-007, 1.53086443522e-009, 4.78858619424e-011]
        median: [1.70000234334e-007, 0.000168092607055, 0.000219032270252, 0.000106168889033, 0.000152561508003, 8.21066350909e-005, 7.00010350556e-005, 6.07084621151e-005, 8.52333250805e-005, 6.44543688395e-005, 3.57478784281e-005, 4.81390343339e-005, 4.55047884316e-005, 8.96005367395e-005, 7.21079923096e-005, 0.000196348832105, 0.00037765968591, 0.000317391764838, 0.000531270052306, 0.000316608493449, 0.000343286868883, 8.96580968401e-005, 1.06039797174e-005, 4.46189051218e-006, 1.34463653012e-006, 4.7513971424e-008, 4.53774434694e-010, 1.82774507335e-011]
        min: [1.92873099225e-024, 4.67572136907e-024, 1.05915788212e-024, 4.16204295494e-025, 8.60616797565e-024, 1.33943816987e-023, 3.85438542696e-024, 5.11507153377e-024, 1.24666899516e-023, 9.59005580703e-024, 4.77515649731e-024, 2.00689338177e-023, 3.69758386038e-023, 2.80330936566e-023, 5.53662341874e-023, 6.6228861474e-023, 5.69956547861e-023, 1.08837346801e-022, 1.30194664027e-022, 1.9966424183e-022, 2.17125621169e-022, 3.6537129073e-022, 4.5772839921e-022, 5.98913094715e-022, 9.22958373379e-022, 1.31381878232e-021, 1.8746172483e-021, 4.82554571338e-022]
        var: [7.3677321839e-013, 2.48481875076e-008, 1.21085690807e-007, 5.80065346867e-008, 3.70010582174e-007, 1.71343941702e-007, 6.46344062716e-008, 1.64174394968e-007, 1.82857746722e-007, 2.52136942436e-007, 2.80706551337e-008, 4.11067091477e-008, 1.21077734505e-008, 2.97898683499e-008, 2.24762466416e-008, 6.51823341968e-008, 1.25853929944e-007, 1.85148863352e-007, 2.27804292763e-007, 1.35588237526e-007, 8.09683697867e-008, 1.02253494561e-008, 5.58115664795e-010, 3.00130253983e-010, 1.30449429037e-010, 6.1337674035e-014, 1.52639704609e-017, 6.16521661615e-021]
    mfcc:
        mean: [-694.79284668, 87.09009552, -46.0489120483, 59.2768211365, -13.6402807236, 1.2846006155, -0.345230102539, 1.68652784824, 6.2460694313, -3.61773777008, 0.302171081305, -1.80702400208, -5.26420211792]
        cov: [[7697.33740234, 584.932006836, -563.25604248, 637.999694824, -214.715560913, 196.310272217, 93.9566345215, 154.706314087, 142.249694824, 70.3846893311, 8.46105480194, -37.6411895752, -155.650970459], [584.932006836, 757.477111816, -323.578063965, 225.063919067, -128.178955078, 10.6068763733, 4.52518224716, 16.9029026031, 53.6472740173, -13.2605657578, 56.9239044189, -5.25918388367, 31.128282547], [-563.25604248, -323.578063965, 484.610534668, -155.352310181, 154.065200806, -2.04062151909, 23.5548801422, -19.3332004547, -49.8666992188, -0.224554598331, -50.0913314819, 12.4167089462, 8.12485599518], [637.999694824, 225.063919067, -155.352310181, 367.923278809, -3.94378209114, 60.9255943298, -20.0396442413, 17.054441452, 61.1893959045, -14.7553806305, 52.4925270081, 22.7728729248, 21.8415317535], [-214.715560913, -128.178955078, 154.065200806, -3.94378209114, 175.712860107, 21.6272621155, 10.0444574356, -0.3084641397, 4.00227975845, 17.9657115936, -8.86094284058, 13.9297399521, 3.06789398193], [196.310272217, 10.6068763733, -2.04062151909, 60.9255943298, 21.6272621155, 117.580619812, 50.5009384155, 27.8935928345, 31.0538654327, 14.3280057907, 17.2992668152, 9.70726108551, 1.66520881653], [93.9566345215, 4.52518224716, 23.5548801422, -20.0396442413, 10.0444574356, 50.5009384155, 131.313064575, 66.945930481, 29.3461971283, 33.7372398376, 8.24398612976, -3.79584527016, -10.3734807968], [154.706314087, 16.9029026031, -19.3332004547, 17.054441452, -0.3084641397, 27.8935928345, 66.945930481, 106.162818909, 53.5688743591, 35.0329551697, 6.55160903931, -2.09886860847, -9.8245344162], [142.249694824, 53.6472740173, -49.8666992188, 61.1893959045, 4.00227975845, 31.0538654327, 29.3461971283, 53.5688743591, 99.9830322266, 40.8216629028, 24.483669281, -0.551263153553, -3.67836046219], [70.3846893311, -13.2605657578, -0.224554598331, -14.7553806305, 17.9657115936, 14.3280057907, 33.7372398376, 35.0329551697, 40.8216629028, 86.4975357056, 19.884645462, -0.983113467693, -14.0973901749], [8.46105480194, 56.9239044189, -50.0913314819, 52.4925270081, -8.86094284058, 17.2992668152, 8.24398612976, 6.55160903931, 24.483669281, 19.884645462, 70.2009735107, 32.375202179, 13.0527353287], [-37.6411895752, -5.25918388367, 12.4167089462, 22.7728729248, 13.9297399521, 9.70726108551, -3.79584527016, -2.09886860847, -0.551263153553, -0.983113467693, 32.375202179, 77.7787094116, 41.4011039734], [-155.650970459, 31.128282547, 8.12485599518, 21.8415317535, 3.06789398193, 1.66520881653, -10.3734807968, -9.8245344162, -3.67836046219, -14.0973901749, 13.0527353287, 41.4011039734, 72.8906478882]]
        icov: [[0.000190457925783, -4.60584051325e-005, 6.88986692694e-005, -0.0003568129614, 0.000225878873607, -0.000172582906089, -7.54386855988e-005, -5.84928566241e-005, 0.000106780433271, -0.000268419040367, 0.00051544001326, -0.000360978010576, 0.000567633484025], [-4.60584051325e-005, 0.00225286348723, 0.00092445401242, -0.000886789232027, 0.000616700504906, 0.000591280346271, -0.000866477959789, 0.000402322853915, -0.000286816270091, 0.000254219776252, -0.000711133470759, 0.00110802170821, -0.00147362693679], [6.88986692694e-005, 0.00092445401242, 0.00420525157824, 0.000720060837921, -0.00274828518741, -5.78756089453e-006, -0.00116440653801, 0.00050243595615, 0.00076190760592, 0.00019407790387, 0.00152399227954, -0.000532672740519, -0.00080873130355], [-0.0003568129614, -0.000886789232027, 0.000720060837921, 0.00553569942713, -0.00186853448395, -0.00197788141668, 0.00213094125502, -0.000710445805453, -0.00204419414513, 0.00271852989681, -0.0028839497827, 0.00053274637321, -0.00115445582196], [0.000225878873607, 0.000616700504906, -0.00274828518741, -0.00186853448395, 0.0093990880996, -0.00108211976476, 1.89539241546e-005, 0.000820198620204, -0.000797503162175, -0.00244438275695, 0.00186404050328, -0.00170654850081, 0.000950094428845], [-0.000172582906089, 0.000591280346271, -5.78756089453e-006, -0.00197788141668, -0.00108211976476, 0.0125489132479, -0.00532359303907, 0.00128881644923, -0.00189213140402, 0.000633801566437, -0.00093946425477, -0.00046628533164, -0.000392613408621], [-7.54386855988e-005, -0.000866477959789, -0.00116440653801, 0.00213094125502, 1.89539241546e-005, -0.00532359303907, 0.0147448377684, -0.0083863157779, 0.00163692433853, -0.00140456366353, -0.00221938756295, 0.00144466443453, 0.00017693292466], [-5.84928566241e-005, 0.000402322853915, 0.00050243595615, -0.000710445805453, 0.000820198620204, 0.00128881644923, -0.0083863157779, 0.0188932884485, -0.00763721531257, -0.00185777666047, 0.00358966877684, -0.00218650186434, 0.0010036038002], [0.000106780433271, -0.000286816270091, 0.00076190760592, -0.00204419414513, -0.000797503162175, -0.00189213140402, 0.00163692433853, -0.00763721531257, 0.0189498029649, -0.00599797768518, -0.00268206652254, 0.0024442798458, -0.000953300914261], [-0.000268419040367, 0.000254219776252, 0.00019407790387, 0.00271852989681, -0.00244438275695, 0.000633801566437, -0.00140456366353, -0.00185777666047, -0.00599797768518, 0.0185678955168, -0.0062045622617, 0.00105204724241, 0.00192207936198], [0.00051544001326, -0.000711133470759, 0.00152399227954, -0.0028839497827, 0.00186404050328, -0.00093946425477, -0.00221938756295, 0.00358966877684, -0.00268206652254, -0.0062045622617, 0.0260477941483, -0.0119654703885, 0.00300611299463], [-0.000360978010576, 0.00110802170821, -0.000532672740519, 0.00053274637321, -0.00170654850081, -0.00046628533164, 0.00144466443453, -0.00218650186434, 0.0024442798458, 0.00105204724241, -0.0119654703885, 0.0250513423234, -0.0131102921441], [0.000567633484025, -0.00147362693679, -0.00080873130355, -0.00115445582196, 0.000950094428845, -0.000392613408621, 0.00017693292466, 0.0010036038002, -0.000953300914261, 0.00192207936198, 0.00300611299463, -0.0131102921441, 0.0233579594642]]
    sccoeffs:
        dmean: [0.0519342534244, 0.0462218746543, 0.0369445905089, 0.0285124834627, 0.0199186317623, 0.0184564124793]
        dmean2: [0.0873322710395, 0.0764047577977, 0.0605371743441, 0.0472609996796, 0.0327459685504, 0.0290473997593]
        dvar: [0.00193746807054, 0.00146026536822, 0.000888519221917, 0.000518028042279, 0.000284720474156, 0.000312412157655]
        dvar2: [0.00534162530676, 0.0038778972812, 0.00225934153423, 0.00137285434175, 0.000699031865224, 0.000707276514731]
        max: [-0.318007051945, -0.445184320211, -0.504309535027, -0.560552418232, -0.580672025681, -0.530872941017]
        mean: [-0.667636215687, -0.764945328236, -0.776737689972, -0.793094694614, -0.796604931355, -0.71349799633]
        median: [-0.6707239151, -0.77148193121, -0.785414934158, -0.794184148312, -0.798151195049, -0.713299810886]
        min: [-0.983629524708, -0.997193992138, -0.998087048531, -0.988920211792, -0.989492714405, -0.963905096054]
        var: [0.00522666238248, 0.00412573292851, 0.00433760695159, 0.00200664089061, 0.00133427628316, 0.00378015311435]
    scvalleys:
        dmean: [0.370582580566, 0.358682513237, 0.293962150812, 0.235015958548, 0.193971529603, 0.264590710402]
        dmean2: [0.618329465389, 0.593714475632, 0.481513351202, 0.381680697203, 0.309858858585, 0.380768209696]
        dvar: [0.127667501569, 0.110946975648, 0.0789981484413, 0.0553075298667, 0.0600327290595, 0.116859644651]
        dvar2: [0.30031093955, 0.252297073603, 0.172688350081, 0.104333586991, 0.11022695899, 0.220566913486]
        max: [-5.08897447586, -4.57982826233, -5.0521774292, -5.80558490753, -5.46808767319, -7.20106840134]
        mean: [-6.95950746536, -6.84042739868, -7.17109203339, -7.26644992828, -6.85361146927, -9.67865467072]
        median: [-6.53454828262, -6.55070209503, -6.88950967789, -6.9455947876, -6.44952630997, -9.20687961578]
        min: [-27.7096328735, -27.6893634796, -27.6763019562, -27.7245063782, -27.5641822815, -27.391046524]
        var: [4.11113548279, 3.6105697155, 3.58890604973, 3.4976246357, 3.69289565086, 4.06000947952]

rhythm:
    beats_loudness:
        dmean: 0.00192954856902
        dmean2: 0.0035743333865
        dvar: 2.50600737672e-006
        dvar2: 8.42511144583e-006
        max: 0.0137053113431
        mean: 0.00581399630755
        median: 0.00607561320066
        min: 0
        var: 5.81752283324e-006
    bpm: 127.94833374
    bpm_confidence: 0
    first_peak_bpm: 129
    first_peak_spread: 0.401913881302
    first_peak_weight: 0.558035731316
    onset_rate: 2.49176335335
    second_peak_bpm: 123
    second_peak_spread: 0.260869592428
    second_peak_weight: 0.0379464291036
    beats_loudness_band_ratio:
        dmean: [0.133096724749, 0.161660224199, 0.0795669704676, 0.0650156214833, 0.101125665009, 0.095133960247]
        dmean2: [0.242662265897, 0.303612023592, 0.142283082008, 0.117106124759, 0.184865415096, 0.170340061188]
        dvar: [0.0133466338739, 0.013671958819, 0.00739416386932, 0.00539490254596, 0.00788078643382, 0.00737179676071]
        dvar2: [0.0413500778377, 0.0448255091906, 0.0207112058997, 0.0171414278448, 0.0234822593629, 0.0203946344554]
        max: [0.74640339613, 0.832660675049, 0.557214617729, 0.473806887865, 0.72462105751, 0.74316996336]
        mean: [0.220672488213, 0.160371974111, 0.10446652025, 0.0861472859979, 0.226213172078, 0.256358593702]
        median: [0.203844323754, 0.121727436781, 0.0722796320915, 0.0594568140805, 0.217633143067, 0.249754264951]
        min: [0, 0, 0, 0, 0, 0]
        var: [0.0195494778454, 0.0206369329244, 0.00732444226742, 0.00574105978012, 0.0103581342846, 0.0108054634184]
    beats_position: [0.487619042397, 0.986848056316, 1.48607707024, 1.98530614376, 2.48453521729, 2.97215414047, 3.45977306366, 3.94739222527, 4.43501138687, 4.93424034119, 5.4334692955, 5.90947818756, 6.38548755646, 6.84988641739, 7.31428575516, 7.77868461609, 8.25469398499, 8.73070240021, 9.19510173798, 9.67111110687, 10.1471195221, 10.6115188599, 11.0759181976, 11.5403175354, 12.0047159195, 12.4691152573, 12.933514595, 13.4095239639, 13.873922348, 14.3499317169, 14.8259410858, 15.2903394699, 15.7663488388, 16.2307472229, 16.6951465607, 17.1711559296, 17.6471652985, 18.1115646362, 18.575963974, 19.0403633118, 19.5163707733, 19.9923801422, 20.45677948, 20.9211788177, 21.3855781555, 21.8615875244, 22.3375968933, 22.8019943237, 23.2663936615, 23.7307929993, 24.195192337, 24.6712017059, 25.1472110748, 25.6116104126, 26.076007843, 26.5404071808, 27.0164165497, 27.4924259186, 27.9568252563, 28.4212245941, 28.8856239319, 29.3616313934, 29.8376407623, 30.3020401001, 30.7664394379, 31.2308387756, 31.6952381134, 32.171245575, 32.6472549438, 33.111656189, 33.5760536194, 34.0520629883, 34.5164604187, 34.9924697876, 35.4568710327, 35.9212684631, 36.3856697083, 36.8500671387, 37.3260765076, 37.8020858765, 38.2664833069, 38.730884552, 39.1952819824, 39.6712913513, 40.1356925964, 40.6116981506, 41.0760993958, 41.5404968262, 42.0048980713, 42.4809074402, 42.9569168091, 43.4213142395, 43.8857116699, 44.350112915, 44.8261222839, 45.3021316528, 45.7665290833, 46.2309303284, 46.6953277588, 47.1713371277, 47.6473464966, 48.111743927, 48.5761451721, 49.0405426025, 49.5049438477, 49.9925613403, 50.4569587708, 50.9213600159, 51.3857574463, 51.8501586914, 52.3261680603, 52.7905654907, 53.2665748596, 53.73097229, 54.1953735352, 54.6713829041, 55.1473922729, 55.6117897034, 56.0761909485, 56.5405883789, 57.0049858093, 57.4809951782, 57.9570045471, 58.4214057922, 58.8858032227, 59.3502044678, 59.8146018982, 60.2789993286, 60.7434005737, 61.2194099426, 61.6954193115, 62.1714286804, 62.6474380493, 63.1118354797, 63.5762329102, 64.0406341553, 64.5166397095, 64.9926528931, 65.4570541382, 65.9214477539, 66.385848999, 66.8618545532, 67.3378677368, 67.8022689819, 68.2666625977, 68.7310638428, 69.1954650879, 69.6714706421, 70.1474838257, 70.6118774414, 71.0762786865, 71.5406799316, 72.0166854858, 72.4926986694, 72.9570999146, 73.4214935303, 73.8858947754, 74.3619003296, 74.8379135132, 75.3023147583, 75.766708374, 76.2311096191, 76.6955108643, 77.1715164185, 77.6475296021, 78.1119232178, 78.5763244629, 79.040725708, 79.5051269531, 79.9811325073, 80.4571380615, 80.9215393066, 81.3859405518, 81.8503417969, 82.3147354126, 82.7907485962, 83.2667541504, 83.7311553955, 84.1955566406, 84.6715621948, 85.1475753784, 85.6119689941, 86.0763702393, 86.5407714844, 87.0051651001, 87.4811782837, 87.9571838379, 88.421585083, 88.8859863281, 89.3503875732, 89.8263931274, 90.3023986816, 90.7667999268, 91.2312011719, 91.695602417, 92.1716079712, 92.6476211548, 93.1120147705, 93.5764160156, 94.0408172607, 94.5052108765, 94.9812240601, 95.4572296143, 95.9216308594, 96.3860321045, 96.8504257202, 97.3148269653, 97.7792282104, 98.2552337646, 98.7312469482, 99.1956481934, 99.6716537476, 100.147659302, 100.612060547, 101.076461792, 101.540863037, 102.005256653, 102.481269836, 102.957275391, 103.421676636, 103.886077881, 104.350471497, 104.82648468, 105.290885925, 105.766891479, 106.231292725, 106.69568634, 107.171699524, 107.647705078, 108.112106323, 108.576507568, 109.040908813, 109.505302429, 109.981315613, 110.457321167, 110.921722412, 111.386123657, 111.862129211, 112.338134766, 112.802536011, 113.266937256, 113.731338501, 114.195732117, 114.660133362, 115.124534607, 115.600540161, 116.076553345, 116.54094696, 117.016960144, 117.492965698, 117.957366943, 118.421768188, 118.886169434, 119.362174988, 119.838180542, 120.302581787, 120.766983032, 121.231384277, 121.695777893, 122.171791077, 122.647796631, 123.123809814, 123.599815369, 124.064216614, 124.528617859, 124.993011475, 125.45741272, 125.921813965, 126.397819519, 126.862220764, 127.338226318, 127.802627563, 128.267028809, 128.731430054, 129.207427979, 129.683441162, 130.147842407, 130.612243652, 131.076644897, 131.541046143, 132.017044067, 132.493057251, 132.957458496, 133.421859741, 133.886260986, 134.350662231, 134.826660156, 135.291061401, 135.755462646, 136.219863892, 136.684265137, 137.160263062, 137.636276245, 138.112289429, 138.576690674, 139.041091919, 139.517089844, 139.981491089, 140.457504272, 140.921905518, 141.386306763, 141.850692749, 142.315093994, 142.791107178, 143.267120361, 143.731521606, 144.195922852, 144.660308838, 145.136322021, 145.600723267, 146.07673645, 146.541137695, 147.005523682, 147.469924927, 147.94593811, 148.421951294, 148.886352539, 149.350738525, 149.826751709, 150.279541016, 150.743942261, 151.219955444, 151.684356689, 152.148742676, 152.624755859, 153.100769043, 153.576782227, 154.052780151, 154.517181396, 154.99319458, 155.457595825, 155.92199707, 156.386398315, 156.850784302, 157.315185547, 157.779586792, 158.243988037, 158.720001221, 159.195999146, 159.672012329, 160.136413574, 160.612426758, 161.076828003, 161.541213989, 162.005615234, 162.470016479, 162.934417725, 163.410430908, 163.886444092, 164.350830078, 164.815231323, 165.279632568, 165.755645752, 166.231658936, 166.696044922, 167.172058105, 167.648071289, 168.112472534, 168.576873779, 169.041259766, 169.505661011, 169.981674194, 170.457687378, 170.922088623, 171.386474609, 171.850875854, 172.3152771, 172.779678345, 173.24407959, 173.720092773, 174.196090698, 174.672103882, 175.148117065, 175.612518311, 176.076919556, 176.541305542, 177.017318726, 177.493331909, 177.957733154, 178.422134399, 178.886520386, 179.362533569, 179.838546753, 180.302947998, 180.767349243, 181.243347168, 181.707748413, 182.172149658, 182.648162842, 183.112564087, 183.576965332, 184.041351318, 184.517364502, 184.993377686, 185.457778931, 185.922180176, 186.386566162, 186.850967407, 187.326980591, 187.791381836, 188.26739502, 188.731781006, 189.196182251, 189.672195435, 190.148208618, 190.612609863, 191.07699585, 191.541397095, 192.00579834, 192.481811523, 192.946212769, 193.422225952, 193.886611938, 194.351013184, 194.827026367, 195.303039551, 195.779037476, 196.255050659, 196.742675781, 197.230285645, 197.717910767, 198.205535889, 198.693145752, 199.169158936, 199.645172119, 200.121170044, 200.597183228, 201.073196411, 201.549209595, 202.02520752, 202.501220703, 202.977233887, 203.46484375, 203.952468872, 204.440093994, 204.927703857, 205.403717041, 205.879730225, 206.355728149, 206.843353271, 207.330978394, 207.818588257, 208.201721191, 208.584854126, 208.967971802, 209.351104736, 209.745849609, 210.140579224, 210.535324097]
