
metadata:
    version:
        essentia: "2.1-beta2"
    audio_properties:
        analysis_sample_rate: 44100
        bitrate: 320
        channels: 2
        equal_loudness: 1
        length: 243.330612183
        replay_gain: -15.1578521729
        downmix: "mix"
    tags:
        album: "Feeding Fiction"
        artist: "Heartist"
        comment: "israbox.com"
        date: "2014"
        genre: "Rock"
        title: "Manipulate"
        tracknumber: "08/11"

configuration:
    average_loudness:
        compute: 1
        frameSize: 88200
        hopSize: 44100
        silentFrames: "noise"
        windowType: "hann"
    general:
        analysisSampleRate: 44100
        endTime: 2000
        equalLoudness: 1
        nequalLoudness: 0
        shortSound: 0
        startTime: 0
    lowlevel:
        compute: 1
        frameSize: 2048
        hopSize: 1024
        zeroPadding: 0
        silentFrames: "noise"
        windowType: "blackmanharris62"
        mfccStats: ["mean", "cov", "icov"]
        stats: ["mean", "var", "median", "min", "max", "dmean", "dmean2", "dvar", "dvar2"]
    panning:
        compute: 0
        frameSize: 8192
        hopSize: 2048
        zeroPadding: 8192
        silentFrames: "noise"
        windowType: "hann"
        stats: ["copy"]
    rhythm:
        compute: 1
        maxTempo: 208
        minTempo: 40
        method: "degara"
        stats: ["mean", "var", "median", "min", "max", "dmean", "dmean2", "dvar", "dvar2"]
    segmentation:
        compute: 0
        cpw: 5
        inc1: 300
        inc2: 50
        minimumSegmentsLength: 10
        size1: 1000
        size2: 600
    sfx:
        compute: 1
        stats: ["mean", "var", "median", "min", "max", "dmean", "dmean2", "dvar", "dvar2"]
    svm:
        compute: 0
    tonal:
        compute: 1
        frameSize: 4096
        hopSize: 2048
        zeroPadding: 0
        silentFrames: "noise"
        windowType: "blackmanharris62"
        stats: ["mean", "var", "median", "min", "max", "dmean", "dmean2", "dvar", "dvar2"]

lowlevel:
    average_loudness: 0.929654717445
    barkbands_kurtosis:
        dmean: 1.16286408901
        dmean2: 1.89545977116
        dvar: 10.2820129395
        dvar2: 26.7904109955
        max: 91.6870651245
        mean: 0.196949839592
        median: -0.817235589027
        min: -1.88453149796
        var: 19.4977912903
    barkbands_skewness:
        dmean: 0.440789341927
        dmean2: 0.70401853323
        dvar: 0.226315841079
        dvar2: 0.551181256771
        max: 8.89406204224
        mean: -0.363115996122
        median: -0.556234180927
        min: -6.476603508
        var: 1.22453832626
    barkbands_spread:
        dmean: 6.61101961136
        dmean2: 10.9664211273
        dvar: 41.7250099182
        dvar2: 110.919288635
        max: 73.1348953247
        mean: 35.6216773987
        median: 35.9332733154
        min: 0.403388440609
        var: 168.06413269
    dissonance:
        dmean: 0.0103277312592
        dmean2: 0.0175065714866
        dvar: 0.000155434740009
        dvar2: 0.000420503609348
        max: 0.500000059605
        mean: 0.481823891401
        median: 0.48787137866
        min: 0.206576198339
        var: 0.000492439372465
    hfc:
        dmean: 2.59331655502
        dmean2: 4.24663114548
        dvar: 10.4846668243
        dvar2: 27.3353633881
        max: 41.9015960693
        mean: 10.8917732239
        median: 10.4211788177
        min: 1.09484533999e-016
        var: 49.9246406555
    pitch:
        dmean: 1060.01403809
        dmean2: 2010.65917969
        dvar: 1907054.625
        dvar2: 4562242
        max: 5260.28173828
        mean: 1849.55212402
        median: 959.30267334
        min: 66.39818573
        var: 2631614.75
    pitch_instantaneous_confidence:
        dmean: 0.0776973590255
        dmean2: 0.127544134855
        dvar: 0.00435331882909
        dvar2: 0.0109001323581
        max: 0.934305667877
        mean: 0.370368868113
        median: 0.339007616043
        min: 0.10298961401
        var: 0.0222737006843
    pitch_salience:
        dmean: 0.0645368918777
        dmean2: 0.110709272325
        dvar: 0.00405514007434
        dvar2: 0.0117919864133
        max: 0.944632768631
        mean: 0.661767244339
        median: 0.676658272743
        min: 0.0919127762318
        var: 0.00823966693133
    silence_rate_20dB:
        dmean: 0
        dmean2: 0
        dvar: 0
        dvar2: 0
        max: 1
        mean: 1
        median: 1
        min: 1
        var: 0
    silence_rate_30dB:
        dmean: 0
        dmean2: 0
        dvar: 0
        dvar2: 0
        max: 1
        mean: 1
        median: 1
        min: 1
        var: 0
    silence_rate_60dB:
        dmean: 0.0772900730371
        dmean2: 0.154594898224
        dvar: 0.0713209360838
        dvar2: 0.154190659523
        max: 1
        mean: 0.257513582706
        median: 0
        min: 0
        var: 0.191179350019
    spectral_centroid:
        dmean: 286.646087646
        dmean2: 471.172393799
        dvar: 93361.7734375
        dvar2: 232584.53125
        max: 11644.109375
        mean: 2184.25952148
        median: 2269.83764648
        min: 199.609924316
        var: 928501.5
    spectral_complexity:
        dmean: 3.80629777908
        dmean2: 6.25975751877
        dvar: 14.173418045
        dvar2: 35.997177124
        max: 48
        mean: 17.9173736572
        median: 19
        min: 0
        var: 98.9159545898
    spectral_crest:
        dmean: 1.83560407162
        dmean2: 3.09368371964
        dvar: 3.66461825371
        dvar2: 9.83816146851
        max: 25.8810348511
        mean: 6.67586803436
        median: 5.69658279419
        min: 2.35545611382
        var: 11.1463432312
    spectral_decrease:
        dmean: 2.67530941844e-010
        dmean2: 4.40260355949e-010
        dvar: 1.85676068877e-019
        dvar2: 4.71646080966e-019
        max: 1.275640782e-028
        mean: -1.00555475058e-009
        median: -9.88143233904e-010
        min: -4.9116244405e-009
        var: 3.74404124022e-019
    spectral_energy:
        dmean: 0.00120181310922
        dmean2: 0.00196243752725
        dvar: 3.33348248205e-006
        dvar2: 8.45571594255e-006
        max: 0.0206505954266
        mean: 0.00478310417384
        median: 0.00472023664042
        min: 1.00334108324e-020
        var: 8.23664686322e-006
    spectral_energyband_high:
        dmean: 0.00025244554854
        dmean2: 0.000428455648944
        dvar: 1.16197455213e-007
        dvar2: 3.13979143129e-007
        max: 0.00458742072806
        mean: 0.000749390339479
        median: 0.000662814360112
        min: 7.15770531593e-021
        var: 3.3252126741e-007
    spectral_energyband_low:
        dmean: 0.000277675688267
        dmean2: 0.000486063421704
        dvar: 1.74338964598e-007
        dvar2: 4.85497253067e-007
        max: 0.00593578768894
        mean: 0.000472258951049
        median: 0.000392911490053
        min: 2.49110504064e-023
        var: 1.98408628194e-007
    spectral_energyband_middle_high:
        dmean: 0.000609727925621
        dmean2: 0.00096963904798
        dvar: 4.76274237826e-007
        dvar2: 1.14015040253e-006
        max: 0.0107916528359
        mean: 0.00259856996126
        median: 0.00241626589559
        min: 1.25966177724e-021
        var: 3.03623596665e-006
    spectral_energyband_middle_low:
        dmean: 0.00065429683309
        dmean2: 0.00109903013799
        dvar: 2.0890020096e-006
        dvar2: 5.34575474376e-006
        max: 0.0168955139816
        mean: 0.00105965672992
        median: 0.000697150535416
        min: 1.91796761628e-022
        var: 1.98891939363e-006
    spectral_flatness_db:
        dmean: 0.0136007815599
        dmean2: 0.0220629125834
        dvar: 0.000205320917303
        dvar2: 0.000528605829459
        max: 0.503502905369
        mean: 0.13809889555
        median: 0.124825686216
        min: 0.0594462566078
        var: 0.00253245956264
    spectral_flux:
        dmean: 0.00744755798951
        dmean2: 0.0112614110112
        dvar: 8.68946444825e-005
        dvar2: 0.00016907195095
        max: 0.137459650636
        mean: 0.0418130233884
        median: 0.0423712991178
        min: 6.51311157784e-011
        var: 0.000330066803144
    spectral_kurtosis:
        dmean: 1.18585109711
        dmean2: 2.01456141472
        dvar: 15.1807355881
        dvar2: 45.3728256226
        max: 135.197570801
        mean: 4.21034908295
        median: 2.55066275597
        min: -1.2563816309
        var: 109.839050293
    spectral_rms:
        dmean: 0.000252444326179
        dmean2: 0.000403492973419
        dvar: 1.05603156442e-007
        dvar2: 2.56117488107e-007
        max: 0.00448853243142
        mean: 0.00202574534342
        median: 0.00214595184661
        min: 3.12868871435e-012
        var: 5.62819764127e-007
    spectral_rolloff:
        dmean: 333.61227417
        dmean2: 562.569763184
        dvar: 191883.640625
        dvar2: 465578.53125
        max: 19444.4824219
        mean: 3828.54150391
        median: 3962.109375
        min: 150.732421875
        var: 2313169.75
    spectral_skewness:
        dmean: 0.154865533113
        dmean2: 0.254806250334
        dvar: 0.0549224615097
        dvar2: 0.161544203758
        max: 9.18980789185
        mean: 1.22601294518
        median: 1.09067678452
        min: -0.0747610926628
        var: 0.656867802143
    spectral_spread:
        dmean: 448765.40625
        dmean2: 666891.6875
        dvar: 415306973184
        dvar2: 780063014912
        max: 42706460
        mean: 5042075
        median: 4768150
        min: 592892.25
        var: 9.44637791437e+012
    spectral_strongpeak:
        dmean: 0.625016331673
        dmean2: 1.07097518444
        dvar: 0.865436375141
        dvar2: 2.15596604347
        max: 10.0550785065
        mean: 0.86361092329
        median: 0.27803760767
        min: 2.56194926385e-010
        var: 1.5014885664
    zerocrossingrate:
        dmean: 0.00797580368817
        dmean2: 0.0100849485025
        dvar: 6.63619721308e-005
        dvar2: 8.70065050549e-005
        max: 0.5244140625
        mean: 0.118269905448
        median: 0.123046875
        min: 0.01171875
        var: 0.00185676035471
    barkbands:
        dmean: [3.72947766891e-007, 0.00010872065468, 0.00016889948165, 0.000167683727341, 0.00033554143738, 0.000137444847496, 0.000101798032119, 9.54098431976e-005, 5.68326577195e-005, 7.77982204454e-005, 6.8945424573e-005, 4.24613717769e-005, 4.35740257672e-005, 4.64743097837e-005, 6.77967545926e-005, 9.45144347497e-005, 0.000185143566341, 0.000194995111087, 0.000294010678772, 0.000190228282008, 0.0001526230335, 5.3319545259e-005, 9.56451822276e-006, 3.69346003026e-006, 2.02461797016e-006, 9.04941046542e-008, 1.14738418766e-009]
        dmean2: [5.74539853915e-007, 0.000190758495592, 0.000293396878988, 0.000299161561998, 0.000583271787036, 0.000243212503847, 0.000168440121342, 0.000157421745826, 9.46380387177e-005, 0.000122568861116, 0.000109012144094, 7.08100924385e-005, 6.98623625794e-005, 7.59935355745e-005, 0.00010945770191, 0.000155737870955, 0.000309471070068, 0.00031641923124, 0.000491348153446, 0.000310144794639, 0.000259338907199, 9.28545487113e-005, 1.63603126566e-005, 5.82168786423e-006, 3.24641018778e-006, 1.46993883732e-007, 1.84379478352e-009]
        dvar: [3.59879037378e-013, 2.54914791498e-008, 7.67473196106e-008, 1.31415646365e-007, 8.05159288575e-007, 1.19994410852e-007, 4.51140422797e-008, 4.21562340591e-008, 1.71192020559e-008, 2.58365862038e-008, 1.82218382605e-008, 6.79474831955e-009, 7.14570669302e-009, 6.50374376576e-009, 1.34521336292e-008, 2.41006574697e-008, 6.56793375242e-008, 8.95467238138e-008, 1.3547125377e-007, 7.54518723056e-008, 3.5511117602e-008, 6.1961888953e-009, 3.04015729258e-010, 5.22465334885e-011, 2.74075050849e-011, 4.32372101447e-014, 5.67237864287e-018]
        dvar2: [8.26308856408e-013, 7.39845162911e-008, 2.11537297901e-007, 3.69173022818e-007, 2.15998056774e-006, 3.26068004597e-007, 1.11441224249e-007, 1.05015615759e-007, 4.24967012691e-008, 6.06639005696e-008, 4.32216467061e-008, 1.80036696662e-008, 1.72057941228e-008, 1.57544910451e-008, 3.23732329832e-008, 5.72871918791e-008, 1.66132281265e-007, 1.95075088527e-007, 3.50580847908e-007, 1.84746184573e-007, 9.62008854799e-008, 1.6934512459e-008, 8.40336800145e-010, 1.15676516976e-010, 6.37123062641e-011, 1.11433709753e-013, 1.38165342563e-017]
        max: [7.82735423854e-006, 0.00134195073042, 0.00447750557214, 0.00380724435672, 0.0145754404366, 0.00711764069274, 0.00517536420375, 0.00427954038605, 0.00368903693743, 0.00365220825188, 0.00324290501885, 0.00151372747496, 0.0018361286493, 0.00167745025828, 0.00270074373111, 0.00393241783604, 0.00590773299336, 0.00835003424436, 0.00605919165537, 0.00459462078288, 0.00250561907887, 0.00114184559789, 0.000259150838247, 0.000151549029397, 0.000119538759463, 4.19677553509e-006, 2.29668604135e-008]
        mean: [4.42452289917e-007, 0.000169065242517, 0.000230724646826, 0.000178849833901, 0.000350371265085, 0.000161746516824, 0.000144251491292, 0.000117684692668, 8.20573186502e-005, 0.000146897727973, 0.000130725064082, 6.77742355037e-005, 7.36033689464e-005, 8.05823365226e-005, 0.000120010168757, 0.000187762256246, 0.000416303984821, 0.000404897495173, 0.000705227081198, 0.00045873504132, 0.000406339589972, 0.000118105352158, 1.90016271517e-005, 8.00924681243e-006, 3.79641369364e-006, 1.48780102904e-007, 1.55138468738e-009]
        median: [1.40518238823e-007, 0.000125140053569, 0.000151005544467, 8.3114602603e-005, 0.000138744682772, 8.02792637842e-005, 6.92690227879e-005, 4.93689040013e-005, 4.35608853877e-005, 4.95409767609e-005, 4.30096442869e-005, 3.08097150992e-005, 3.55978881998e-005, 4.43459975941e-005, 7.11643442628e-005, 0.000134392554173, 0.000319208658766, 0.000284744863166, 0.000555513543077, 0.000357089855243, 0.000337268866133, 9.79990436463e-005, 1.18454263429e-005, 4.67920062874e-006, 1.73769205958e-006, 7.47953450286e-008, 7.08636871405e-010]
        min: [3.10210774901e-025, 5.01414309184e-024, 9.0759837513e-025, 7.99100369075e-025, 5.4149739674e-024, 9.27576178947e-024, 7.52976095959e-024, 1.03497809236e-023, 7.46385005324e-024, 1.27443776677e-023, 1.45656602826e-023, 3.47802746215e-023, 3.56928068285e-023, 3.16380870192e-023, 3.18319385426e-023, 7.00472259343e-023, 6.94635950822e-023, 5.85587921361e-023, 1.13080711652e-022, 1.82680457816e-022, 2.1653219582e-022, 3.48097231146e-022, 3.9392229997e-022, 6.48936468655e-022, 9.59198517147e-022, 1.27693805825e-021, 1.96413147878e-021]
        var: [5.34081080143e-013, 2.98971691848e-008, 8.27300254969e-008, 1.04503172338e-007, 6.23356584128e-007, 1.06052134186e-007, 6.34764774077e-008, 5.06293460489e-008, 2.49324134671e-008, 8.08070694802e-008, 5.87495030402e-008, 1.15537970302e-008, 1.32215260962e-008, 1.16809237838e-008, 2.87074808369e-008, 5.01834058753e-008, 1.92462593418e-007, 2.35533732962e-007, 3.92636792412e-007, 1.90901019437e-007, 1.0957643326e-007, 1.04511395094e-008, 4.91880813858e-010, 1.17476195438e-010, 4.86755427631e-011, 5.37743271136e-014, 6.66519183333e-018]
    frequency_bands:
        dmean: [3.72947766891e-007, 0.00010872065468, 0.00016889948165, 0.000167683727341, 0.00033554143738, 0.000137444847496, 0.000101798032119, 9.54098431976e-005, 5.68326577195e-005, 7.77982204454e-005, 6.8945424573e-005, 4.24613717769e-005, 4.35740257672e-005, 4.64743097837e-005, 6.77967545926e-005, 9.45144347497e-005, 0.000185143566341, 0.000194995111087, 0.000294010678772, 0.000190228282008, 0.0001526230335, 5.3319545259e-005, 9.56451822276e-006, 3.69346003026e-006, 2.02461797016e-006, 9.04941046542e-008, 1.14738418766e-009, 5.56959860176e-011]
        dmean2: [5.74539853915e-007, 0.000190758495592, 0.000293396878988, 0.000299161561998, 0.000583271787036, 0.000243212503847, 0.000168440121342, 0.000157421745826, 9.46380387177e-005, 0.000122568861116, 0.000109012144094, 7.08100924385e-005, 6.98623625794e-005, 7.59935355745e-005, 0.00010945770191, 0.000155737870955, 0.000309471070068, 0.00031641923124, 0.000491348153446, 0.000310144794639, 0.000259338907199, 9.28545487113e-005, 1.63603126566e-005, 5.82168786423e-006, 3.24641018778e-006, 1.46993883732e-007, 1.84379478352e-009, 1.03596062284e-010]
        dvar: [3.59879037378e-013, 2.54914791498e-008, 7.67473196106e-008, 1.31415646365e-007, 8.05159288575e-007, 1.19994410852e-007, 4.51140422797e-008, 4.21562340591e-008, 1.71192020559e-008, 2.58365862038e-008, 1.82218382605e-008, 6.79474831955e-009, 7.14570669302e-009, 6.50374376576e-009, 1.34521336292e-008, 2.41006574697e-008, 6.56793375242e-008, 8.95467238138e-008, 1.3547125377e-007, 7.54518723056e-008, 3.5511117602e-008, 6.1961888953e-009, 3.04015729258e-010, 5.22465334885e-011, 2.74075050849e-011, 4.32372101447e-014, 5.67237864287e-018, 7.08168224776e-021]
        dvar2: [8.26308856408e-013, 7.39845162911e-008, 2.11537297901e-007, 3.69173022818e-007, 2.15998056774e-006, 3.26068004597e-007, 1.11441224249e-007, 1.05015615759e-007, 4.24967012691e-008, 6.06639005696e-008, 4.32216467061e-008, 1.80036696662e-008, 1.72057941228e-008, 1.57544910451e-008, 3.23732329832e-008, 5.72871918791e-008, 1.66132281265e-007, 1.95075088527e-007, 3.50580847908e-007, 1.84746184573e-007, 9.62008854799e-008, 1.6934512459e-008, 8.40336800145e-010, 1.15676516976e-010, 6.37123062641e-011, 1.11433709753e-013, 1.38165342563e-017, 2.24396086389e-020]
        max: [7.82735423854e-006, 0.00134195073042, 0.00447750557214, 0.00380724435672, 0.0145754404366, 0.00711764069274, 0.00517536420375, 0.00427954038605, 0.00368903693743, 0.00365220825188, 0.00324290501885, 0.00151372747496, 0.0018361286493, 0.00167745025828, 0.00270074373111, 0.00393241783604, 0.00590773299336, 0.00835003424436, 0.00605919165537, 0.00459462078288, 0.00250561907887, 0.00114184559789, 0.000259150838247, 0.000151549029397, 0.000119538759463, 4.19677553509e-006, 2.29668604135e-008, 1.13620801656e-009]
        mean: [4.42452289917e-007, 0.000169065242517, 0.000230724646826, 0.000178849833901, 0.000350371265085, 0.000161746516824, 0.000144251491292, 0.000117684692668, 8.20573186502e-005, 0.000146897727973, 0.000130725064082, 6.77742355037e-005, 7.36033689464e-005, 8.05823365226e-005, 0.000120010168757, 0.000187762256246, 0.000416303984821, 0.000404897495173, 0.000705227081198, 0.00045873504132, 0.000406339589972, 0.000118105352158, 1.90016271517e-005, 8.00924681243e-006, 3.79641369364e-006, 1.48780102904e-007, 1.55138468738e-009, 4.29234738031e-011]
        median: [1.40518238823e-007, 0.000125140053569, 0.000151005544467, 8.3114602603e-005, 0.000138744682772, 8.02792637842e-005, 6.92690227879e-005, 4.93689040013e-005, 4.35608853877e-005, 4.95409767609e-005, 4.30096442869e-005, 3.08097150992e-005, 3.55978881998e-005, 4.43459975941e-005, 7.11643442628e-005, 0.000134392554173, 0.000319208658766, 0.000284744863166, 0.000555513543077, 0.000357089855243, 0.000337268866133, 9.79990436463e-005, 1.18454263429e-005, 4.67920062874e-006, 1.73769205958e-006, 7.47953450286e-008, 7.08636871405e-010, 1.39626322657e-011]
        min: [3.10210774901e-025, 5.01414309184e-024, 9.0759837513e-025, 7.99100369075e-025, 5.4149739674e-024, 9.27576178947e-024, 7.52976095959e-024, 1.03497809236e-023, 7.46385005324e-024, 1.27443776677e-023, 1.45656602826e-023, 3.47802746215e-023, 3.56928068285e-023, 3.16380870192e-023, 3.18319385426e-023, 7.00472259343e-023, 6.94635950822e-023, 5.85587921361e-023, 1.13080711652e-022, 1.82680457816e-022, 2.1653219582e-022, 3.48097231146e-022, 3.9392229997e-022, 6.48936468655e-022, 9.59198517147e-022, 1.27693805825e-021, 1.96413147878e-021, 5.58632619961e-022]
        var: [5.34081080143e-013, 2.98971691848e-008, 8.27300254969e-008, 1.04503172338e-007, 6.23356584128e-007, 1.06052134186e-007, 6.34764774077e-008, 5.06293460489e-008, 2.49324134671e-008, 8.08070694802e-008, 5.87495030402e-008, 1.15537970302e-008, 1.32215260962e-008, 1.16809237838e-008, 2.87074808369e-008, 5.01834058753e-008, 1.92462593418e-007, 2.35533732962e-007, 3.92636792412e-007, 1.90901019437e-007, 1.0957643326e-007, 1.04511395094e-008, 4.91880813858e-010, 1.17476195438e-010, 4.86755427631e-011, 5.37743271136e-014, 6.66519183333e-018, 5.52915026801e-021]
    mfcc:
        mean: [-705.14050293, 80.3317337036, -42.044418335, 58.7438697815, -14.5477228165, -0.205054834485, 0.437160551548, -0.637728691101, 1.67057061195, -6.4108839035, -3.31804585457, -1.78835976124, -3.05211138725]
        cov: [[9168.35644531, -173.330566406, -757.861328125, 1266.57751465, -45.0481948853, 433.589752197, 303.529785156, 357.914489746, 271.608581543, 150.64704895, 197.35836792, 159.473373413, 138.176651001], [-173.330566406, 687.840820313, -97.5894241333, 1.10148537159, -28.5474205017, -55.4795379639, -16.6011886597, -46.4149169922, -6.16725301743, -31.7309169769, -10.4124288559, -6.72225761414, -25.1395816803], [-757.861328125, -97.5894241333, 603.192199707, -78.3537979126, 87.7334594727, 10.2686519623, -10.600069046, -10.6714324951, -36.4989280701, -18.9321174622, -31.0431499481, -26.8732852936, -26.2682285309], [1266.57751465, 1.10148537159, -78.3537979126, 415.064849854, 71.5681228638, 92.8619537354, 36.7206344604, 57.8658409119, 70.9373016357, 36.972618103, 37.918132782, 38.6296043396, 24.9329967499], [-45.0481948853, -28.5474205017, 87.7334594727, 71.5681228638, 160.483047485, 49.6197509766, 14.2726564407, 18.1895580292, 31.8797836304, 27.6665782928, 15.6015644073, 23.0304374695, 7.69973993301], [433.589752197, -55.4795379639, 10.2686519623, 92.8619537354, 49.6197509766, 155.020828247, 92.5028457642, 59.7627754211, 32.5382804871, 21.6794261932, 26.4358024597, 16.0799217224, 13.4128789902], [303.529785156, -16.6011886597, -10.600069046, 36.7206344604, 14.2726564407, 92.5028457642, 150.276062012, 82.8666152954, 39.9910964966, 22.1205978394, 26.8938159943, 13.0960493088, 19.9377689362], [357.914489746, -46.4149169922, -10.6714324951, 57.8658409119, 18.1895580292, 59.7627754211, 82.8666152954, 117.608322144, 51.7050209045, 24.4812965393, 19.9800434113, 17.236656189, 20.1356067657], [271.608581543, -6.16725301743, -36.4989280701, 70.9373016357, 31.8797836304, 32.5382804871, 39.9910964966, 51.7050209045, 101.162773132, 48.0644035339, 27.7732887268, 24.1501102448, 22.9152011871], [150.64704895, -31.7309169769, -18.9321174622, 36.972618103, 27.6665782928, 21.6794261932, 22.1205978394, 24.4812965393, 48.0644035339, 84.6254653931, 43.7979927063, 26.3845691681, 15.1868257523], [197.35836792, -10.4124288559, -31.0431499481, 37.918132782, 15.6015644073, 26.4358024597, 26.8938159943, 19.9800434113, 27.7732887268, 43.7979927063, 78.7347183228, 49.0564842224, 19.9774074554], [159.473373413, -6.72225761414, -26.8732852936, 38.6296043396, 23.0304374695, 16.0799217224, 13.0960493088, 17.236656189, 24.1501102448, 26.3845691681, 49.0564842224, 84.6215057373, 41.5777511597], [138.176651001, -25.1395816803, -26.2682285309, 24.9329967499, 7.69973993301, 13.4128789902, 19.9377689362, 20.1356067657, 22.9152011871, 15.1868257523, 19.9774074554, 41.5777511597, 65.5851593018]]
        icov: [[0.000247335759923, 5.96270874667e-005, 0.000161461473908, -0.000686759594828, 0.000426561076893, -0.000270721124252, -1.33707771965e-005, -0.000277027837001, 2.9882772651e-005, -1.06877205326e-005, -0.000118504140119, -2.13548555621e-005, -3.6417710362e-005], [5.96270874667e-005, 0.00166872143745, 0.000290971569484, -0.000335058954079, 4.94644227729e-005, 0.000722926633898, -0.000791126687545, 0.000847626884934, -0.000553555553779, 0.000814708124381, -6.6243330366e-005, -0.000424980709795, 0.000878899532836], [0.000161461473908, 0.000290971569484, 0.00218183314428, 3.00673673337e-005, -0.00123979931232, -0.000243582486291, -2.52100453508e-005, -0.000361946847988, 0.000696872361004, 0.000166474579601, 0.00033307634294, 0.000200586116989, 0.000437305192463], [-0.000686759594828, -0.000335058954079, 3.00673673337e-005, 0.0052695274353, -0.00210472778417, -0.00121492473409, 0.00142446451355, -9.99849726213e-005, -0.00142195110675, 0.00035964086419, -6.45995460218e-005, -0.000176826157258, -3.42338244081e-005], [0.000426561076893, 4.94644227729e-005, -0.00123979931232, -0.00210472778417, 0.00964568369091, -0.00298668863252, 0.0010914093582, 6.11273935647e-005, -0.00171069649514, -0.00174738885835, 0.00106098956894, -0.00243415264413, 0.000773975683842], [-0.000270721124252, 0.000722926633898, -0.000243582486291, -0.00121492473409, -0.00298668863252, 0.0133308228105, -0.00725367246196, 1.13499081635e-005, 0.000852212426253, 0.000558333005756, -0.00115023436956, 0.000322660314851, 0.00075650436338], [-1.33707771965e-005, -0.000791126687545, -2.52100453508e-005, 0.00142446451355, 0.0010914093582, -0.00725367246196, 0.0155626470223, -0.00766501389444, -0.000654155330267, 0.000187868441571, -0.00267339125276, 0.00237271003425, -0.0023539273534], [-0.000277027837001, 0.000847626884934, -0.000361946847988, -9.99849726213e-005, 6.11273935647e-005, 1.13499081635e-005, -0.00766501389444, 0.0173206422478, -0.00542192161083, 0.000539494329132, 0.00127535033971, -0.00116269709542, -7.7348369814e-005], [2.9882772651e-005, -0.000553555553779, 0.000696872361004, -0.00142195110675, -0.00171069649514, 0.000852212426253, -0.000654155330267, -0.00542192161083, 0.018347222358, -0.00789495371282, 0.000871240335982, 0.000269413372735, -0.00258391513489], [-1.06877205326e-005, 0.000814708124381, 0.000166474579601, 0.00035964086419, -0.00174738885835, 0.000558333005756, 0.000187868441571, 0.000539494329132, -0.00789495371282, 0.0215087383986, -0.01025477238, 0.00172462989576, -5.87989052292e-005], [-0.000118504140119, -6.6243330366e-005, 0.00033307634294, -6.45995460218e-005, 0.00106098956894, -0.00115023436956, -0.00267339125276, 0.00127535033971, 0.000871240335982, -0.01025477238, 0.0272366199642, -0.0142242703587, 0.00370538374409], [-2.13548555621e-005, -0.000424980709795, 0.000200586116989, -0.000176826157258, -0.00243415264413, 0.000322660314851, 0.00237271003425, -0.00116269709542, 0.000269413372735, 0.00172462989576, -0.0142242703587, 0.0264925248921, -0.0130705861375], [-3.6417710362e-005, 0.000878899532836, 0.000437305192463, -3.42338244081e-005, 0.000773975683842, 0.00075650436338, -0.0023539273534, -7.7348369814e-005, -0.00258391513489, -5.87989052292e-005, 0.00370538374409, -0.0130705861375, 0.0244167540222]]
    sccoeffs:
        dmean: [0.0573666878045, 0.0479267425835, 0.0369358658791, 0.0287424009293, 0.0198036655784, 0.0177368614823]
        dmean2: [0.0965481847525, 0.080015078187, 0.0616545341909, 0.0474102012813, 0.0328588113189, 0.0280985850841]
        dvar: [0.00229549966753, 0.00151502154768, 0.000883902597707, 0.00052650005091, 0.000259520864347, 0.000233490165556]
        dvar2: [0.00645413994789, 0.00412423722446, 0.00238842470571, 0.00141305883881, 0.000686817860696, 0.000559710257221]
        max: [-0.304194152355, -0.428404539824, -0.51915282011, -0.605226755142, -0.643065452576, -0.586944520473]
        mean: [-0.663957834244, -0.771988332272, -0.788067221642, -0.802399873734, -0.799054145813, -0.728743672371]
        median: [-0.669017851353, -0.777565479279, -0.794676542282, -0.806129515171, -0.799865007401, -0.722393095493]
        min: [-0.977943360806, -0.974886476994, -0.973547577858, -0.972383618355, -0.968213379383, -0.965250790119]
        var: [0.00655860360712, 0.00405799038708, 0.00351470685564, 0.00201193080284, 0.00131919886917, 0.00214805686846]
    scvalleys:
        dmean: [0.399753570557, 0.367062360048, 0.302156239748, 0.23797917366, 0.1970846802, 0.237474143505]
        dmean2: [0.682663798332, 0.606865823269, 0.503239393234, 0.388969808817, 0.318678408861, 0.360715150833]
        dvar: [0.115807548165, 0.103177390993, 0.0756571739912, 0.0511864945292, 0.0505470745265, 0.0984769761562]
        dvar2: [0.306569397449, 0.257662892342, 0.186117291451, 0.119400933385, 0.110465556383, 0.203222990036]
        max: [-5.21725320816, -4.67001819611, -5.36384391785, -5.75996589661, -5.50784540176, -7.41558790207]
        mean: [-7.168364048, -6.89666700363, -7.2684841156, -7.39866399765, -6.9611492157, -9.59844779968]
        median: [-6.68255996704, -6.58694839478, -6.95191574097, -6.9937005043, -6.44426059723, -9.13033676147]
        min: [-27.9449462891, -28.0174121857, -27.8173122406, -27.6564998627, -27.5627346039, -27.4163322449]
        var: [4.18290710449, 3.63262438774, 3.5547721386, 3.77045965195, 4.38802051544, 4.10970401764]

rhythm:
    beats_loudness:
        dmean: 0.00227080890909
        dmean2: 0.00412336783484
        dvar: 3.88946045859e-006
        dvar2: 1.09107195385e-005
        max: 0.0133299557492
        mean: 0.0059926668182
        median: 0.00628916639835
        min: 0
        var: 9.15840246307e-006
    bpm: 143.009048462
    bpm_confidence: 0
    first_peak_bpm: 144
    first_peak_spread: 0.219047605991
    first_peak_weight: 0.70934253931
    onset_rate: 2.5192065239
    second_peak_bpm: 136
    second_peak_spread: 0.399999976158
    second_peak_weight: 0.0207612458616
    beats_loudness_band_ratio:
        dmean: [0.180220350623, 0.108151897788, 0.0566801428795, 0.0566254854202, 0.113533005118, 0.101769395173]
        dmean2: [0.336928635836, 0.19249548018, 0.0968028008938, 0.10109885782, 0.200942918658, 0.180014818907]
        dvar: [0.0207873769104, 0.0070884861052, 0.00545575097203, 0.00443892227486, 0.0104132350534, 0.00904688891023]
        dvar2: [0.0598475299776, 0.0208902768791, 0.0121696218848, 0.0125497588888, 0.0296290572733, 0.0278661753982]
        max: [0.872428894043, 0.960233271122, 0.911049425602, 0.523618638515, 0.855669677258, 0.867156565189]
        mean: [0.251447290182, 0.156859189272, 0.0950574651361, 0.0723240375519, 0.21296595037, 0.282187312841]
        median: [0.249373212457, 0.126409947872, 0.0691803097725, 0.0504630059004, 0.189901605248, 0.276147156954]
        min: [0, 0, 0, 0, 0, 0]
        var: [0.0290947258472, 0.0268530193716, 0.011082591489, 0.00447503849864, 0.0164670087397, 0.0186050012708]
    beats_position: [0.406349211931, 0.812698423862, 1.21904754639, 1.62539684772, 2.02013611794, 2.41487526894, 2.80961441994, 3.15791368484, 3.50621318817, 3.85451245308, 4.19120168686, 4.52789115906, 4.86458063126, 5.18965959549, 5.51473903656, 5.83981847763, 6.1648979187, 6.48997735977, 6.82666635513, 7.14013576508, 7.45360517502, 7.80190467834, 8.13859367371, 8.48689365387, 8.91646194458, 9.33442115784, 9.75238037109, 10.1703395844, 10.5882987976, 11.0062580109, 11.4242172241, 11.8421764374, 12.2717456818, 12.7013149261, 13.1192741394, 13.5372333527, 13.9551925659, 14.3731517792, 14.7911109924, 15.2206802368, 15.6386394501, 16.0682086945, 16.4861679077, 16.904127121, 17.3220863342, 17.7400455475, 18.1580047607, 18.575963974, 18.9939231873, 19.4118824005, 19.8298416138, 20.247800827, 20.6657600403, 21.0837192535, 21.5132884979, 21.942855835, 22.3608150482, 22.7787742615, 23.1967334747, 23.614692688, 24.0326519012, 24.4506111145, 24.8685703278, 25.286529541, 25.7044887543, 26.1224479675, 26.5404071808, 26.958366394, 27.3879356384, 27.8058948517, 28.2238540649, 28.6418132782, 29.0713825226, 29.4893417358, 29.9073009491, 30.3252601624, 30.7432193756, 31.1611785889, 31.5791378021, 31.9970970154, 32.4266662598, 32.8446235657, 33.2625846863, 33.6921539307, 34.1101112366, 34.5280723572, 34.9460296631, 35.3639907837, 35.7819480896, 36.1999092102, 36.6178665161, 37.0358276367, 37.4537849426, 37.8717460632, 38.2897033691, 38.7076644897, 39.1256217957, 39.55519104, 39.9731521606, 40.402721405, 40.8206787109, 41.2386398315, 41.6565971375, 42.0745582581, 42.492515564, 42.9104766846, 43.3284339905, 43.7463951111, 44.164352417, 44.5823135376, 45.0002708435, 45.4182319641, 45.8478012085, 46.2657585144, 46.6953277588, 47.1132888794, 47.5312461853, 47.9492073059, 48.3671646118, 48.7851219177, 49.2030830383, 49.6094322205, 50.0273895264, 50.4569587708, 50.8749198914, 51.3044891357, 51.7340583801, 52.152015686, 52.5699768066, 52.9879341125, 53.4058952332, 53.8238525391, 54.2418136597, 54.6597709656, 55.0777320862, 55.4956893921, 55.9136505127, 56.3316078186, 56.7495689392, 57.1675262451, 57.5854873657, 58.0150566101, 58.4446258545, 58.8625831604, 59.280544281, 59.6985015869, 60.1164627075, 60.5344200134, 60.952381134, 61.3703384399, 61.7882995605, 62.2062568665, 62.6242179871, 63.042175293, 63.4601364136, 63.8780937195, 64.3076629639, 64.7372360229, 65.1551895142, 65.5731506348, 65.9911117554, 66.409072876, 66.8270263672, 67.2449874878, 67.6629486084, 68.0809020996, 68.4988632202, 68.9284362793, 69.3463897705, 69.7759628296, 70.1939239502, 70.6002731323, 71.0182266235, 71.4477996826, 71.8657608032, 72.2837142944, 72.701675415, 73.1196365356, 73.5375976563, 73.9555511475, 74.3735122681, 74.7914733887, 75.2094345093, 75.6273880005, 76.0453491211, 76.4749221802, 76.9044876099, 77.3224487305, 77.7404098511, 78.1583633423, 78.5763244629, 79.005897522, 79.4238510132, 79.8418121338, 80.2481613159, 80.6661224365, 81.0840835571, 81.5020370483, 81.9199981689, 82.3379592896, 82.7559204102, 83.1738739014, 83.6034469604, 84.0330123901, 84.4509735107, 84.8689346313, 85.2868881226, 85.7048492432, 86.1228103638, 86.5407714844, 86.9587249756, 87.3882980347, 87.8062591553, 88.235824585, 88.6537857056, 89.0717468262, 89.4897003174, 89.907661438, 90.3256225586, 90.7435836792, 91.1615371704, 91.579498291, 91.9974594116, 92.4154205322, 92.8333740234, 93.251335144, 93.6809082031, 94.1104736328, 94.5284347534, 94.946395874, 95.3643493652, 95.7823104858, 96.2002716064, 96.6182327271, 97.0361862183, 97.4541473389, 97.860496521, 98.2900695801, 98.7196350098, 99.1492080688, 99.5671615601, 99.9851226807, 100.403083801, 100.821044922, 101.238998413, 101.656959534, 102.074920654, 102.492874146, 102.910835266, 103.328796387, 103.746757507, 104.164710999, 104.582672119, 105.00063324, 105.41859436, 105.84815979, 106.266120911, 106.69568634, 107.113647461, 107.531608582, 107.949569702, 108.367523193, 108.785484314, 109.203445435, 109.621406555, 110.039360046, 110.457321167, 110.875282288, 111.293243408, 111.711196899, 112.12915802, 112.547119141, 112.965080261, 113.383033752, 113.800994873, 114.230567932, 114.660133362, 115.078094482, 115.496055603, 115.914009094, 116.331970215, 116.761543274, 117.191108704, 117.609069824, 118.027030945, 118.444984436, 118.862945557, 119.269294739, 119.675643921, 120.093605042, 120.511566162, 120.929519653, 121.347480774, 121.777046204, 122.206619263, 122.624580383, 123.042533875, 123.460494995, 123.878456116, 124.308021545, 124.737594604, 125.155555725, 125.573509216, 125.991470337, 126.409431458, 126.827392578, 127.245346069, 127.66330719, 128.081268311, 128.499221802, 128.917190552, 129.35836792, 129.776321411, 130.194290161, 130.612243652, 131.030197144, 131.448165894, 131.866119385, 132.284072876, 132.702041626, 133.119995117, 133.537963867, 133.955917358, 134.37387085, 134.7918396, 135.209793091, 135.639358521, 136.068939209, 136.4868927, 136.904846191, 137.322814941, 137.740768433, 138.158721924, 138.576690674, 138.994644165, 139.412597656, 139.830566406, 140.248519897, 140.666488647, 141.084442139, 141.50239563, 141.931976318, 142.361541748, 142.779495239, 143.197463989, 143.61541748, 144.033370972, 144.451339722, 144.869293213, 145.275650024, 145.681991577, 146.088348389, 146.494689941, 146.912643433, 147.400268555, 147.899505615, 148.398727417, 148.828292847, 149.246261597, 149.664215088, 150.105392456, 150.534957886, 150.952926636, 151.370880127, 151.788833618, 152.218414307, 152.647979736, 153.12399292, 153.599990845, 154.076004028, 154.552017212, 155.028030396, 155.50402832, 155.980041504, 156.456054688, 156.943664551, 157.419677734, 157.849243164, 158.278823853, 158.708389282, 159.137954712, 159.567520142, 159.985488892, 160.403442383, 160.821395874, 161.239364624, 161.657318115, 162.075286865, 162.493240356, 162.911193848, 163.329162598, 163.747116089, 164.16506958, 164.58303833, 165.000991821, 165.418960571, 165.848526001, 166.278091431, 166.696044922, 167.114013672, 167.531967163, 167.949935913, 168.367889404, 168.785842896, 169.215423584, 169.644989014, 170.062942505, 170.480911255, 170.898864746, 171.316818237, 171.734786987, 172.152740479, 172.57069397, 172.98866272, 173.406616211, 173.824569702, 174.242538452, 174.660491943, 175.078460693, 175.496414185, 175.914367676, 176.332336426, 176.750289917, 177.168243408, 177.597824097, 178.027389526, 178.445343018, 178.863311768, 179.281265259, 179.69921875, 180.1171875, 180.535140991, 180.953109741, 181.371063232, 181.789016724, 182.206985474, 182.624938965, 183.066116333, 183.495681763, 183.925262451, 184.343215942, 184.761169434, 185.167526245, 185.573867798, 185.991836548, 186.409790039, 186.827758789, 187.24571228, 187.67527771, 188.10484314, 188.52281189, 188.929153442, 189.335510254, 189.765075684, 190.183029175, 190.612609863, 191.030563354, 191.448516846, 191.866485596, 192.284439087, 192.702392578, 193.131973267, 193.584762573, 194.025939941, 194.46711731, 194.919906616, 195.361083984, 195.802261353, 196.243438721, 196.684616089, 197.125808716, 197.578598022, 198.03137207, 198.484161377, 198.936950684, 199.38973999, 199.819320679, 200.248886108, 200.6668396, 201.08480835, 201.502761841, 201.920715332, 202.338684082, 202.768249512, 203.197814941, 203.615783691, 204.033737183, 204.451690674, 204.869659424, 205.287612915, 205.705581665, 206.123535156, 206.541488647, 206.971069336, 207.400634766, 207.818588257, 208.236557007, 208.654510498, 209.072463989, 209.490432739, 209.90838623, 210.326339722, 210.744308472, 211.162261963, 211.580215454, 211.998184204, 212.404525757, 212.822494507, 213.240447998, 213.670013428, 214.087982178, 214.505935669, 214.92388916, 215.353469849, 215.783035278, 216.20098877, 216.61895752, 217.036911011, 217.454864502, 217.872833252, 218.290786743, 218.708755493, 219.126708984, 219.544662476, 219.974243164, 220.392196655, 220.821762085, 221.239730835, 221.657684326, 222.075637817, 222.493606567, 222.89994812, 223.32951355, 223.7474823, 224.165435791, 224.583404541, 225.001358032, 225.419311523, 225.837280273, 226.255233765, 226.684799194, 227.114364624, 227.532333374, 227.950286865, 228.368255615, 228.774597168, 229.204162598, 229.622131348, 230.040084839, 230.45803833, 230.87600708, 231.293960571, 231.723526001, 232.153106689, 232.571060181, 232.989013672, 233.406982422, 233.824935913, 234.242904663, 234.660858154, 235.078811646, 235.496780396, 235.914733887, 236.332687378, 236.750656128, 237.168609619, 237.586578369, 238.00453186, 238.43409729, 238.86366272, 239.304855347, 239.734420776, 240.152374268, 240.570343018, 240.988296509, 241.417861938, 241.847427368, 242.300216675, 242.741394043]
