
metadata:
    version:
        essentia: "2.1-beta2"
    audio_properties:
        analysis_sample_rate: 44100
        bitrate: 320
        channels: 2
        equal_loudness: 1
        length: 293.381225586
        replay_gain: -9.91481399536
        downmix: "mix"
    tags:
        album: "Hail to the King"
        artist: "Avenged Sevenfold"
        comment: ""
        date: "2013"
        genre: "Metal"
        title: "Heretic"
        tracknumber: "7"

configuration:
    average_loudness:
        compute: 1
        frameSize: 88200
        hopSize: 44100
        silentFrames: "noise"
        windowType: "hann"
    general:
        analysisSampleRate: 44100
        endTime: 2000
        equalLoudness: 1
        nequalLoudness: 0
        shortSound: 0
        startTime: 0
    lowlevel:
        compute: 1
        frameSize: 2048
        hopSize: 1024
        zeroPadding: 0
        silentFrames: "noise"
        windowType: "blackmanharris62"
        mfccStats: ["mean", "cov", "icov"]
        stats: ["mean", "var", "median", "min", "max", "dmean", "dmean2", "dvar", "dvar2"]
    panning:
        compute: 0
        frameSize: 8192
        hopSize: 2048
        zeroPadding: 8192
        silentFrames: "noise"
        windowType: "hann"
        stats: ["copy"]
    rhythm:
        compute: 1
        maxTempo: 208
        minTempo: 40
        method: "degara"
        stats: ["mean", "var", "median", "min", "max", "dmean", "dmean2", "dvar", "dvar2"]
    segmentation:
        compute: 0
        cpw: 5
        inc1: 300
        inc2: 50
        minimumSegmentsLength: 10
        size1: 1000
        size2: 600
    sfx:
        compute: 1
        stats: ["mean", "var", "median", "min", "max", "dmean", "dmean2", "dvar", "dvar2"]
    svm:
        compute: 0
    tonal:
        compute: 1
        frameSize: 4096
        hopSize: 2048
        zeroPadding: 0
        silentFrames: "noise"
        windowType: "blackmanharris62"
        stats: ["mean", "var", "median", "min", "max", "dmean", "dmean2", "dvar", "dvar2"]

lowlevel:
    average_loudness: 0.84650182724
    barkbands_kurtosis:
        dmean: 0.835178613663
        dmean2: 1.34088230133
        dvar: 1.82278871536
        dvar2: 4.47254610062
        max: 35.5453224182
        mean: -0.21761123836
        median: -0.762844800949
        min: -1.90442466736
        var: 3.49023580551
    barkbands_skewness:
        dmean: 0.37154135108
        dmean2: 0.579866349697
        dvar: 0.14072394371
        dvar2: 0.330038130283
        max: 5.44279718399
        mean: -0.556103527546
        median: -0.629418253899
        min: -5.66028261185
        var: 0.732342720032
    barkbands_spread:
        dmean: 5.958319664
        dmean2: 9.26010036469
        dvar: 39.2772598267
        dvar2: 95.2144927979
        max: 89.7979278564
        mean: 32.4227638245
        median: 31.0255432129
        min: 3.50193119049
        var: 130.542266846
    dissonance:
        dmean: 0.0108111584559
        dmean2: 0.0182913150638
        dvar: 0.000116606272059
        dvar2: 0.000319970422424
        max: 0.500000059605
        mean: 0.480658560991
        median: 0.484212577343
        min: 0.347831368446
        var: 0.000216486354475
    hfc:
        dmean: 3.63876652718
        dmean2: 6.28240776062
        dvar: 43.7555503845
        dvar2: 123.180023193
        max: 97.4588165283
        mean: 10.417927742
        median: 9.03534507751
        min: 1.14459694511e-016
        var: 66.7788238525
    pitch:
        dmean: 928.42578125
        dmean2: 1792.57019043
        dvar: 2015177.875
        dvar2: 4688145.5
        max: 5505.44824219
        mean: 1832.00305176
        median: 655.246948242
        min: 70.0270767212
        var: 2924829.5
    pitch_instantaneous_confidence:
        dmean: 0.0819009542465
        dmean2: 0.133835986257
        dvar: 0.00482731265947
        dvar2: 0.0118929129094
        max: 0.968627691269
        mean: 0.437994241714
        median: 0.42227050662
        min: 0.113290667534
        var: 0.0177750829607
    pitch_salience:
        dmean: 0.0566326603293
        dmean2: 0.0924057215452
        dvar: 0.00281984591857
        dvar2: 0.00747984601185
        max: 0.947053432465
        mean: 0.643530666828
        median: 0.653868556023
        min: 0.188637524843
        var: 0.0074336132966
    silence_rate_20dB:
        dmean: 0
        dmean2: 0
        dvar: 0
        dvar2: 0
        max: 1
        mean: 1
        median: 1
        min: 1
        var: 0
    silence_rate_30dB:
        dmean: 0
        dmean2: 0
        dvar: 0
        dvar2: 0
        max: 1
        mean: 1
        median: 1
        min: 1
        var: 0
    silence_rate_60dB:
        dmean: 0.0740799382329
        dmean2: 0.14817160368
        dvar: 0.0685955435038
        dvar2: 0.143004193902
        max: 1
        mean: 0.374723017216
        median: 0
        min: 0
        var: 0.234286516905
    spectral_centroid:
        dmean: 271.456054688
        dmean2: 426.281097412
        dvar: 87085.4765625
        dvar2: 203349.46875
        max: 11335.7919922
        mean: 2271.06787109
        median: 2361.34326172
        min: 214.712753296
        var: 424356.4375
    spectral_complexity:
        dmean: 3.90945792198
        dmean2: 6.35697317123
        dvar: 22.1195793152
        dvar2: 53.2246131897
        max: 53
        mean: 16.2439861298
        median: 16
        min: 0
        var: 87.1140518188
    spectral_crest:
        dmean: 1.82247805595
        dmean2: 3.04559469223
        dvar: 2.97391295433
        dvar2: 8.07870483398
        max: 23.505153656
        mean: 7.04070901871
        median: 6.50894260406
        min: 2.51461315155
        var: 6.32378149033
    spectral_decrease:
        dmean: 2.79586798158e-010
        dmean2: 4.70568806143e-010
        dvar: 2.50028161444e-019
        dvar2: 6.73884761399e-019
        max: 1.07257325645e-028
        mean: -9.02768804156e-010
        median: -8.22723444927e-010
        min: -4.86478546335e-009
        var: 3.71289685618e-019
    spectral_energy:
        dmean: 0.00135919637978
        dmean2: 0.00230407947674
        dvar: 6.00481371293e-006
        dvar2: 1.63522490766e-005
        max: 0.0247944463044
        mean: 0.00435219751671
        median: 0.00394781772047
        min: 1.03908328286e-020
        var: 8.97723839444e-006
    spectral_energyband_high:
        dmean: 0.000387133681215
        dmean2: 0.000678880256601
        dvar: 5.6024737205e-007
        dvar2: 1.56627015713e-006
        max: 0.0207281876355
        mean: 0.000694364018273
        median: 0.000493746134453
        min: 7.33476558787e-021
        var: 5.77570119731e-007
    spectral_energyband_low:
        dmean: 0.0001848849206
        dmean2: 0.000315847108141
        dvar: 1.50803273868e-007
        dvar2: 4.267579925e-007
        max: 0.00429486623034
        mean: 0.000307415612042
        median: 0.000208438781556
        min: 1.80083691799e-023
        var: 1.39223118367e-007
    spectral_energyband_middle_high:
        dmean: 0.000752044317778
        dmean2: 0.00126029306557
        dvar: 1.38490975132e-006
        dvar2: 3.87245881939e-006
        max: 0.0177220683545
        mean: 0.0025714142248
        median: 0.00227603549138
        min: 1.51542779978e-021
        var: 3.60847116099e-006
    spectral_energyband_middle_low:
        dmean: 0.000456125941128
        dmean2: 0.000744595134165
        dvar: 8.39194910895e-007
        dvar2: 2.17070351027e-006
        max: 0.010146766901
        mean: 0.00088081730064
        median: 0.000601027626544
        min: 1.87772700109e-022
        var: 9.49342165768e-007
    spectral_flatness_db:
        dmean: 0.0136148501188
        dmean2: 0.0210646875203
        dvar: 0.000175098044565
        dvar2: 0.00038524766569
        max: 0.355451673269
        mean: 0.142368197441
        median: 0.134544372559
        min: 0.0562754496932
        var: 0.00138157734182
    spectral_flux:
        dmean: 0.00850158091635
        dmean2: 0.0131105035543
        dvar: 0.000132616551127
        dvar2: 0.00025074891164
        max: 0.15114428103
        mean: 0.0392265506089
        median: 0.036996435374
        min: 6.81725925711e-011
        var: 0.000366576045053
    spectral_kurtosis:
        dmean: 0.86670589447
        dmean2: 1.45549678802
        dvar: 1.04763519764
        dvar2: 3.06578969955
        max: 15.8100891113
        mean: 2.96148371696
        median: 2.80988264084
        min: -1.43997609615
        var: 2.01303911209
    spectral_rms:
        dmean: 0.000278838211671
        dmean2: 0.000457412766991
        dvar: 1.72187839098e-007
        dvar2: 4.53061232975e-007
        max: 0.00491830287501
        mean: 0.00193402764853
        median: 0.001962531358
        min: 3.18392816452e-012
        var: 5.05589525801e-007
    spectral_rolloff:
        dmean: 311.618743896
        dmean2: 510.79788208
        dvar: 230890.484375
        dvar2: 485547.78125
        max: 19336.8164063
        mean: 3829.32006836
        median: 3940.57617188
        min: 150.732421875
        var: 697800.625
    spectral_skewness:
        dmean: 0.157591074705
        dmean2: 0.254103153944
        dvar: 0.0289081372321
        dvar2: 0.0705744028091
        max: 3.41419243813
        mean: 1.16122984886
        median: 1.20814621449
        min: -0.090325511992
        var: 0.130565732718
    spectral_spread:
        dmean: 492379.28125
        dmean2: 689766.125
        dvar: 443051343872
        dvar2: 767816761344
        max: 41363948
        mean: 5052555.5
        median: 4991099.5
        min: 1806250
        var: 3.05527259136e+012
    spectral_strongpeak:
        dmean: 0.728154122829
        dmean2: 1.2431435585
        dvar: 1.03714156151
        dvar2: 2.71106171608
        max: 12.9750080109
        mean: 1.12161147594
        median: 0.628089904785
        min: 8.98636998148e-011
        var: 1.79145407677
    zerocrossingrate:
        dmean: 0.00787239987403
        dmean2: 0.00926930457354
        dvar: 7.37340087653e-005
        dvar2: 7.99436020316e-005
        max: 0.513671875
        mean: 0.122347488999
        median: 0.1259765625
        min: 0.0166015625
        var: 0.000733762979507
    barkbands:
        dmean: [7.70086217017e-007, 4.16696057073e-005, 0.000120499600598, 8.64023095346e-005, 0.000227243668633, 7.35889334464e-005, 6.69035507599e-005, 4.74179323646e-005, 0.000111926012323, 8.31342113088e-005, 5.53554818907e-005, 5.25304567418e-005, 5.30254328623e-005, 4.83066905872e-005, 7.97860484454e-005, 9.8234093457e-005, 0.000153758548549, 0.000175018503796, 0.000377626769478, 0.000297686638078, 0.000166781974258, 6.90018350724e-005, 1.22933033708e-005, 6.25362508799e-006, 3.44587760992e-006, 1.05812745232e-007, 1.12180431611e-009]
        dmean2: [1.19177093438e-006, 7.00776072335e-005, 0.000204605254112, 0.000150224135723, 0.000391554116504, 0.000117731753562, 0.00010892807768, 7.5758282037e-005, 0.000175916153239, 0.000125036764075, 8.54585232446e-005, 8.44072928885e-005, 8.55736725498e-005, 8.00783091108e-005, 0.000130433109007, 0.000158949784236, 0.000257865933236, 0.000294220808428, 0.000641714257654, 0.00050481519429, 0.000298054103041, 0.000124023921671, 2.1013956939e-005, 9.95363916445e-006, 5.02213697473e-006, 1.56802983042e-007, 1.77941517077e-009]
        dvar: [4.37474318923e-012, 9.11097330913e-009, 6.12338908468e-008, 2.47541702691e-008, 4.60961899762e-007, 2.59380552592e-008, 3.43404060743e-008, 1.35348097174e-008, 6.36094483752e-008, 3.59856784371e-008, 1.51847174834e-008, 1.611362066e-008, 1.44411744785e-008, 8.08378253225e-009, 2.61433967808e-008, 4.16443555196e-008, 7.40072891858e-008, 1.12875817138e-007, 3.6151342897e-007, 2.54247879639e-007, 1.21165641076e-007, 2.47816451804e-008, 7.22343962423e-010, 3.39113320758e-010, 1.40380193581e-010, 9.68972962306e-014, 6.07037535383e-018]
        dvar2: [1.0136291112e-011, 2.53222776081e-008, 1.7189141488e-007, 7.02444040712e-008, 1.25302824472e-006, 6.31669436757e-008, 8.92691360832e-008, 3.1401206968e-008, 1.49517120462e-007, 7.5830229207e-008, 3.51249909158e-008, 3.57836285048e-008, 3.61622021217e-008, 2.10060182582e-008, 6.58769607753e-008, 1.00638303024e-007, 1.93638470591e-007, 3.07351569973e-007, 1.01330829239e-006, 7.12733992714e-007, 3.44862002066e-007, 6.63857946392e-008, 1.81234194319e-009, 7.05284608493e-010, 2.81954154469e-010, 2.02868795439e-013, 1.45985235104e-017]
        max: [2.22055878112e-005, 0.00115011935122, 0.00305548263714, 0.00239983550273, 0.00640805670992, 0.00489015411586, 0.0059326030314, 0.00274626165628, 0.00742850406095, 0.00531568517908, 0.00396603485569, 0.00453954050317, 0.00417110975832, 0.0021854210645, 0.00544034317136, 0.00705538317561, 0.00671967770904, 0.0136050162837, 0.0142308603972, 0.0215850919485, 0.00350839504972, 0.00261206831783, 0.000403126818128, 0.000476578541566, 0.000255027436651, 1.09815755422e-005, 5.73904479495e-008]
        mean: [7.3364282116e-007, 5.51172961423e-005, 0.00018352062034, 0.000116208000691, 0.000244963739533, 0.000129553154693, 9.0850298875e-005, 6.90711603966e-005, 0.000192215127754, 0.000201581322472, 0.00010891178681, 8.84811306605e-005, 9.56428702921e-005, 8.13331862446e-005, 0.000138830408105, 0.000178665693966, 0.000280527689029, 0.000325824716128, 0.000742763222661, 0.000649357505608, 0.000264287518803, 7.99894551164e-005, 1.66667978192e-005, 1.05691733552e-005, 6.3432312345e-006, 1.83130424602e-007, 1.46834622239e-009]
        median: [2.52342786666e-008, 2.58404797933e-005, 0.000110252665763, 6.45975087536e-005, 7.67323363107e-005, 5.21826659678e-005, 3.5164070141e-005, 2.54340084211e-005, 8.28538177302e-005, 4.97880610055e-005, 3.50743721356e-005, 4.21773765993e-005, 4.64872427983e-005, 5.08038428961e-005, 7.82904025982e-005, 0.000104572463897, 0.000190579012269, 0.00021992661641, 0.000547479721718, 0.000491811719257, 0.000183877797099, 3.8107704313e-005, 7.07088611307e-006, 4.8928814067e-006, 3.04917125504e-006, 8.33215665352e-008, 5.0296933285e-010]
        min: [3.33837494278e-024, 8.3932914938e-024, 1.02562232035e-024, 5.6260790621e-024, 1.2256557128e-023, 6.07898461817e-024, 1.79602060662e-023, 1.16031231298e-023, 2.74519303614e-023, 5.70719597237e-023, 6.84789136568e-023, 5.49639656128e-023, 4.42763928719e-023, 7.15918282085e-023, 1.03965329229e-022, 1.2554005652e-022, 8.20518524436e-023, 1.66910989481e-022, 1.98471698712e-022, 2.19549077601e-022, 4.19216386522e-022, 4.82015217671e-022, 5.41516837429e-022, 7.97245499523e-022, 8.90720038942e-022, 1.32858232047e-021, 2.19082804008e-021]
        var: [4.52649679891e-012, 7.97120947027e-009, 6.05700378742e-008, 2.61123940248e-008, 3.50310074282e-007, 5.25218091241e-008, 3.54231382005e-008, 2.21135305623e-008, 1.23211549408e-007, 2.07236297456e-007, 5.4909111924e-008, 3.31538991816e-008, 2.72671130119e-008, 1.14208553725e-008, 4.49312942408e-008, 7.32521741043e-008, 1.05194246203e-007, 1.7464292057e-007, 5.66278743008e-007, 4.34175632336e-007, 1.01232252803e-007, 2.22345875045e-008, 8.34239566316e-010, 5.29161103824e-010, 2.54326837368e-010, 1.70540908869e-013, 8.23631015108e-018]
    frequency_bands:
        dmean: [7.70086217017e-007, 4.16696057073e-005, 0.000120499600598, 8.64023095346e-005, 0.000227243668633, 7.35889334464e-005, 6.69035507599e-005, 4.74179323646e-005, 0.000111926012323, 8.31342113088e-005, 5.53554818907e-005, 5.25304567418e-005, 5.30254328623e-005, 4.83066905872e-005, 7.97860484454e-005, 9.8234093457e-005, 0.000153758548549, 0.000175018503796, 0.000377626769478, 0.000297686638078, 0.000166781974258, 6.90018350724e-005, 1.22933033708e-005, 6.25362508799e-006, 3.44587760992e-006, 1.05812745232e-007, 1.12180431611e-009, 5.25438373367e-011]
        dmean2: [1.19177093438e-006, 7.00776072335e-005, 0.000204605254112, 0.000150224135723, 0.000391554116504, 0.000117731753562, 0.00010892807768, 7.5758282037e-005, 0.000175916153239, 0.000125036764075, 8.54585232446e-005, 8.44072928885e-005, 8.55736725498e-005, 8.00783091108e-005, 0.000130433109007, 0.000158949784236, 0.000257865933236, 0.000294220808428, 0.000641714257654, 0.00050481519429, 0.000298054103041, 0.000124023921671, 2.1013956939e-005, 9.95363916445e-006, 5.02213697473e-006, 1.56802983042e-007, 1.77941517077e-009, 9.803585721e-011]
        dvar: [4.37474318923e-012, 9.11097330913e-009, 6.12338908468e-008, 2.47541702691e-008, 4.60961899762e-007, 2.59380552592e-008, 3.43404060743e-008, 1.35348097174e-008, 6.36094483752e-008, 3.59856784371e-008, 1.51847174834e-008, 1.611362066e-008, 1.44411744785e-008, 8.08378253225e-009, 2.61433967808e-008, 4.16443555196e-008, 7.40072891858e-008, 1.12875817138e-007, 3.6151342897e-007, 2.54247879639e-007, 1.21165641076e-007, 2.47816451804e-008, 7.22343962423e-010, 3.39113320758e-010, 1.40380193581e-010, 9.68972962306e-014, 6.07037535383e-018, 8.84619581924e-021]
        dvar2: [1.0136291112e-011, 2.53222776081e-008, 1.7189141488e-007, 7.02444040712e-008, 1.25302824472e-006, 6.31669436757e-008, 8.92691360832e-008, 3.1401206968e-008, 1.49517120462e-007, 7.5830229207e-008, 3.51249909158e-008, 3.57836285048e-008, 3.61622021217e-008, 2.10060182582e-008, 6.58769607753e-008, 1.00638303024e-007, 1.93638470591e-007, 3.07351569973e-007, 1.01330829239e-006, 7.12733992714e-007, 3.44862002066e-007, 6.63857946392e-008, 1.81234194319e-009, 7.05284608493e-010, 2.81954154469e-010, 2.02868795439e-013, 1.45985235104e-017, 2.87555025852e-020]
        max: [2.22055878112e-005, 0.00115011935122, 0.00305548263714, 0.00239983550273, 0.00640805670992, 0.00489015411586, 0.0059326030314, 0.00274626165628, 0.00742850406095, 0.00531568517908, 0.00396603485569, 0.00453954050317, 0.00417110975832, 0.0021854210645, 0.00544034317136, 0.00705538317561, 0.00671967770904, 0.0136050162837, 0.0142308603972, 0.0215850919485, 0.00350839504972, 0.00261206831783, 0.000403126818128, 0.000476578541566, 0.000255027436651, 1.09815755422e-005, 5.73904479495e-008, 2.4181143754e-009]
        mean: [7.3364282116e-007, 5.51172961423e-005, 0.00018352062034, 0.000116208000691, 0.000244963739533, 0.000129553154693, 9.0850298875e-005, 6.90711603966e-005, 0.000192215127754, 0.000201581322472, 0.00010891178681, 8.84811306605e-005, 9.56428702921e-005, 8.13331862446e-005, 0.000138830408105, 0.000178665693966, 0.000280527689029, 0.000325824716128, 0.000742763222661, 0.000649357505608, 0.000264287518803, 7.99894551164e-005, 1.66667978192e-005, 1.05691733552e-005, 6.3432312345e-006, 1.83130424602e-007, 1.46834622239e-009, 3.98542449043e-011]
        median: [2.52342786666e-008, 2.58404797933e-005, 0.000110252665763, 6.45975087536e-005, 7.67323363107e-005, 5.21826659678e-005, 3.5164070141e-005, 2.54340084211e-005, 8.28538177302e-005, 4.97880610055e-005, 3.50743721356e-005, 4.21773765993e-005, 4.64872427983e-005, 5.08038428961e-005, 7.82904025982e-005, 0.000104572463897, 0.000190579012269, 0.00021992661641, 0.000547479721718, 0.000491811719257, 0.000183877797099, 3.8107704313e-005, 7.07088611307e-006, 4.8928814067e-006, 3.04917125504e-006, 8.33215665352e-008, 5.0296933285e-010, 1.33626139667e-011]
        min: [3.33837494278e-024, 8.3932914938e-024, 1.02562232035e-024, 5.6260790621e-024, 1.2256557128e-023, 6.07898461817e-024, 1.79602060662e-023, 1.16031231298e-023, 2.74519303614e-023, 5.70719597237e-023, 6.84789136568e-023, 5.49639656128e-023, 4.42763928719e-023, 7.15918282085e-023, 1.03965329229e-022, 1.2554005652e-022, 8.20518524436e-023, 1.66910989481e-022, 1.98471698712e-022, 2.19549077601e-022, 4.19216386522e-022, 4.82015217671e-022, 5.41516837429e-022, 7.97245499523e-022, 8.90720038942e-022, 1.32858232047e-021, 2.19082804008e-021, 7.19100206189e-022]
        var: [4.52649679891e-012, 7.97120947027e-009, 6.05700378742e-008, 2.61123940248e-008, 3.50310074282e-007, 5.25218091241e-008, 3.54231382005e-008, 2.21135305623e-008, 1.23211549408e-007, 2.07236297456e-007, 5.4909111924e-008, 3.31538991816e-008, 2.72671130119e-008, 1.14208553725e-008, 4.49312942408e-008, 7.32521741043e-008, 1.05194246203e-007, 1.7464292057e-007, 5.66278743008e-007, 4.34175632336e-007, 1.01232252803e-007, 2.22345875045e-008, 8.34239566316e-010, 5.29161103824e-010, 2.54326837368e-010, 1.70540908869e-013, 8.23631015108e-018, 6.15197647569e-021]
    mfcc:
        mean: [-707.825195313, 78.3767623901, -51.5045661926, 52.5481071472, -14.4705162048, -5.18931293488, 9.14886474609, -4.19671392441, 2.4567527771, -1.81588602066, -5.12132501602, -6.53660869598, -4.54369544983]
        cov: [[5550.81591797, -276.737487793, -93.1613540649, 60.8549995422, -152.418548584, 120.397979736, -45.7473220825, 75.7766952515, -36.159072876, 92.4444122314, 4.53398036957, 20.129486084, -34.2693824768], [-276.737487793, 689.364807129, -151.11579895, 187.391708374, 9.88095569611, 13.7983589172, 26.2334976196, -31.830411911, 56.4261016846, -34.6541862488, 14.3013105392, 0.257775485516, 13.834072113], [-93.1613540649, -151.11579895, 654.368103027, -79.1848907471, 221.363616943, 73.5668334961, -77.7486953735, 22.5383090973, -61.6903305054, 17.756362915, 26.0082244873, 42.0421333313, 11.7367658615], [60.8549995422, 187.391708374, -79.1848907471, 336.741882324, 25.8265972137, 37.1063842773, 5.37016963959, -5.33093452454, 35.5993041992, 5.43709087372, 1.15248095989, 15.498796463, 11.8642091751], [-152.418548584, 9.88095569611, 221.363616943, 25.8265972137, 234.372772217, 57.0438079834, -12.1759634018, 4.33222389221, -1.83243513107, 20.9999027252, 18.1889781952, 27.1854724884, 20.3830718994], [120.397979736, 13.7983589172, 73.5668334961, 37.1063842773, 57.0438079834, 131.283889771, 59.9127464294, 42.8555335999, 6.93189191818, 14.3095874786, 25.4644432068, 18.6110076904, -0.930560588837], [-45.7473220825, 26.2334976196, -77.7486953735, 5.37016963959, -12.1759634018, 59.9127464294, 186.724945068, 78.2208251953, 41.718536377, 11.3166437149, 17.1655597687, 9.70899677277, -12.068063736], [75.7766952515, -31.830411911, 22.5383090973, -5.33093452454, 4.33222389221, 42.8555335999, 78.2208251953, 113.792610168, 44.3738059998, 27.180644989, 14.8157253265, 8.59463024139, -6.21730566025], [-36.159072876, 56.4261016846, -61.6903305054, 35.5993041992, -1.83243513107, 6.93189191818, 41.718536377, 44.3738059998, 97.6811828613, 42.2637176514, 16.6332588196, -0.677144944668, -1.19435358047], [92.4444122314, -34.6541862488, 17.756362915, 5.43709087372, 20.9999027252, 14.3095874786, 11.3166437149, 27.180644989, 42.2637176514, 95.8696289063, 36.2461967468, 11.769536972, -2.76464986801], [4.53398036957, 14.3013105392, 26.0082244873, 1.15248095989, 18.1889781952, 25.4644432068, 17.1655597687, 14.8157253265, 16.6332588196, 36.2461967468, 76.4571533203, 26.9428768158, 2.00949716568], [20.129486084, 0.257775485516, 42.0421333313, 15.498796463, 27.1854724884, 18.6110076904, 9.70899677277, 8.59463024139, -0.677144944668, 11.769536972, 26.9428768158, 66.3669586182, 27.3426322937], [-34.2693824768, 13.834072113, 11.7367658615, 11.8642091751, 20.3830718994, -0.930560588837, -12.068063736, -6.21730566025, -1.19435358047, -2.76464986801, 2.00949716568, 27.3426322937, 65.084022522]]
        icov: [[0.000210406520637, 6.42175218672e-005, 8.36345861899e-005, -5.55568949494e-005, 0.000187038313015, -0.000346349697793, 0.000262647459749, -0.000222545204451, 0.000230262652622, -0.000280662148725, 0.000131176304421, -0.000136131784529, 0.000101540070318], [6.42175218672e-005, 0.0020661316812, 0.000281753513264, -0.000895104487427, -0.000267198629444, -0.000245279225055, -0.00017335996381, 0.000983641250059, -0.00151847430971, 0.00151204434223, -0.000953148002736, 0.000263235531747, -0.000195800035726], [8.36345861899e-005, 0.000281753513264, 0.0032458154019, 0.000688075844664, -0.00256076897494, -0.00118768576067, 0.00209637754597, -0.0020105082076, 0.00181228411384, -0.000117705014418, -0.000224374365644, -0.00108443875797, 0.000745824188925], [-5.55568949494e-005, -0.000895104487427, 0.000688075844664, 0.00400530314073, -0.000613174866885, -0.00151999189984, 0.000830956385471, 0.000274559424724, -0.000996538321488, -0.000242774942308, 0.00107122422196, -0.00128920353018, 0.000137340699439], [0.000187038313015, -0.000267198629444, -0.00256076897494, -0.000613174866885, 0.00758838094771, -0.00208755186759, -0.00027043139562, 0.00153927248903, -0.00102519465145, -0.00128676195163, 0.000571990152821, -0.000361307844287, -0.00151998363435], [-0.000346349697793, -0.000245279225055, -0.00118768576067, -0.00151999189984, -0.00208755186759, 0.0128493811935, -0.00407276907936, -0.00210394593887, 0.00187995994929, 0.000305502820993, -0.00261698407121, 0.000251723336987, 0.000264882866759], [0.000262647459749, -0.00017335996381, 0.00209637754597, 0.000830956385471, -0.00027043139562, -0.00407276907936, 0.0103821801022, -0.00590258883312, -0.000652695074677, 0.00101203774102, -0.00015282050299, -0.00201610010117, 0.001916039153], [-0.000222545204451, 0.000983641250059, -0.0020105082076, 0.000274559424724, 0.00153927248903, -0.00210394593887, -0.00590258883312, 0.0172157734632, -0.0071104215458, -0.00035605172161, 0.000704785052221, -0.000447267259005, 4.47363054263e-005], [0.000230262652622, -0.00151847430971, 0.00181228411384, -0.000996538321488, -0.00102519465145, 0.00187995994929, -0.000652695074677, -0.0071104215458, 0.0194825716317, -0.00770326331258, -0.000490140693728, 0.00210196920671, -0.000991090433672], [-0.000280662148725, 0.00151204434223, -0.000117705014418, -0.000242774942308, -0.00128676195163, 0.000305502820993, 0.00101203774102, -0.00035605172161, -0.00770326331258, 0.0175081286579, -0.00669681048021, -0.000378482916858, 0.00112542882562], [0.000131176304421, -0.000953148002736, -0.000224374365644, 0.00107122422196, 0.000571990152821, -0.00261698407121, -0.00015282050299, 0.000704785052221, -0.000490140693728, -0.00669681048021, 0.0197969209403, -0.00746147939935, 0.00216925423592], [-0.000136131784529, 0.000263235531747, -0.00108443875797, -0.00128920353018, -0.000361307844287, 0.000251723336987, -0.00201610010117, -0.000447267259005, 0.00210196920671, -0.000378482916858, -0.00746147939935, 0.0236281715333, -0.00967049133033], [0.000101540070318, -0.000195800035726, 0.000745824188925, 0.000137340699439, -0.00151998363435, 0.000264882866759, 0.001916039153, 4.47363054263e-005, -0.000991090433672, 0.00112542882562, 0.00216925423592, -0.00967049133033, 0.0201650131494]]
    sccoeffs:
        dmean: [0.0534082166851, 0.044801812619, 0.0385733135045, 0.0290678236634, 0.0220316573977, 0.019365850836]
        dmean2: [0.0880850926042, 0.0733621418476, 0.0615980140865, 0.0474234744906, 0.0355156436563, 0.0307722389698]
        dvar: [0.00214159954339, 0.0013620716054, 0.0010270139901, 0.000563941081055, 0.000356803706381, 0.000375293631805]
        dvar2: [0.00569576397538, 0.00353826512583, 0.00247214525007, 0.00142828677781, 0.000833248195704, 0.000860517553519]
        max: [-0.312293052673, -0.417916834354, -0.492023736238, -0.497705072165, -0.474081158638, -0.482424527407]
        mean: [-0.6628921628, -0.757384121418, -0.75277286768, -0.787835478783, -0.779956698418, -0.744240343571]
        median: [-0.66794449091, -0.763659119606, -0.757290184498, -0.79181265831, -0.785462260246, -0.754188656807]
        min: [-0.967242062092, -0.971199274063, -0.971780538559, -0.959792017937, -0.960661649704, -0.96260869503]
        var: [0.00582069903612, 0.00434826593846, 0.00476114172488, 0.00212452979758, 0.00196751579642, 0.00300301681273]
    scvalleys:
        dmean: [0.394134163857, 0.363860279322, 0.306475460529, 0.24931268394, 0.244980692863, 0.27716344595]
        dmean2: [0.649317979813, 0.595218479633, 0.491516619921, 0.397445857525, 0.378671765327, 0.389853596687]
        dvar: [0.10941427201, 0.116720154881, 0.0774082168937, 0.0564978756011, 0.0846339687705, 0.16235665977]
        dvar2: [0.27811050415, 0.283621162176, 0.180924400687, 0.123764529824, 0.182471498847, 0.319326400757]
        max: [-5.30676841736, -4.66644334793, -5.28375577927, -5.68208694458, -5.16588544846, -7.03962087631]
        mean: [-7.32847452164, -7.09857940674, -7.25792980194, -7.25948619843, -6.88939380646, -9.53361701965]
        median: [-7.10089302063, -6.98431015015, -7.11012268066, -7.03830337524, -6.65279960632, -9.11833286285]
        min: [-27.6099357605, -27.5176792145, -27.5329532623, -27.3271770477, -27.3534660339, -27.2962875366]
        var: [1.39839470387, 0.941076695919, 0.930013656616, 1.00478804111, 1.0507068634, 2.25158429146]

rhythm:
    beats_loudness:
        dmean: 0.00242535839789
        dmean2: 0.00458963494748
        dvar: 2.78737684312e-006
        dvar2: 9.22315939533e-006
        max: 0.0122800385579
        mean: 0.0052305161953
        median: 0.00558621156961
        min: 5.25549381791e-009
        var: 6.00404473516e-006
    bpm: 136.329956055
    bpm_confidence: 0
    first_peak_bpm: 136
    first_peak_spread: 0.335356593132
    first_peak_weight: 0.65963858366
    onset_rate: 3.29946136475
    second_peak_bpm: 129
    second_peak_spread: 0
    second_peak_weight: 0.00602409616113
    beats_loudness_band_ratio:
        dmean: [0.087777197361, 0.16264089942, 0.0709097012877, 0.0625031664968, 0.0790877863765, 0.101802699268]
        dmean2: [0.153484940529, 0.311333835125, 0.126142129302, 0.111574023962, 0.142627164721, 0.174493819475]
        dvar: [0.00489702820778, 0.00957924313843, 0.00593585101888, 0.00617780722678, 0.00581949902698, 0.00644899485633]
        dvar2: [0.0143448943272, 0.0348669327796, 0.0175935011357, 0.0165724251419, 0.0183697920293, 0.0193007327616]
        max: [0.675689935684, 0.647082030773, 0.588963747025, 0.586232244968, 0.67893332243, 0.777011394501]
        mean: [0.172843411565, 0.157676070929, 0.0968106165528, 0.0892545580864, 0.215899586678, 0.343898147345]
        median: [0.168158069253, 0.141164422035, 0.0801744610071, 0.059291806072, 0.200465798378, 0.328206151724]
        min: [9.85904480331e-005, 0.0027015702799, 0.0058630630374, 0.0078915162012, 0.0263134278357, 0.0232335776091]
        var: [0.00999610498548, 0.0152563937008, 0.00623952737078, 0.00679443776608, 0.00656544184312, 0.0135824019089]
    beats_position: [0.452789098024, 0.917188167572, 1.369977355, 1.82276642323, 2.27555561066, 2.72834467888, 3.1811337471, 3.62231278419, 4.06349182129, 4.5046710968, 4.94585037231, 5.3754196167, 5.80498838425, 6.24616765976, 6.68734693527, 7.12852573395, 7.56970500946, 8.01088428497, 8.45206356049, 8.893242836, 9.33442115784, 9.78721046448, 10.2399997711, 10.7043991089, 11.1687984467, 11.6331968307, 12.0859861374, 12.538775444, 12.9799547195, 13.4327430725, 13.8855323792, 14.3267116547, 14.7678909302, 15.2090702057, 15.6502494812, 16.0914287567, 16.5326080322, 16.9737873077, 17.4149665833, 17.8445339203, 18.2741031647, 18.7152824402, 19.1564617157, 19.5976409912, 20.0388202667, 20.4799995422, 20.9095687866, 21.339138031, 21.7803173065, 22.221496582, 22.6626758575, 23.1038551331, 23.5450344086, 23.9862117767, 24.4157810211, 24.8453502655, 25.286529541, 25.7277088165, 26.168888092, 26.6100673676, 27.0396366119, 27.4692058563, 27.9103851318, 28.3515644073, 28.7927436829, 29.2339229584, 29.6751022339, 30.1162815094, 30.5458488464, 30.9754180908, 31.4165973663, 31.8577766418, 32.2989578247, 32.7401351929, 33.1697044373, 33.5992736816, 34.0404510498, 34.4816322327, 34.9228096008, 35.3639907837, 35.8051681519, 36.2463493347, 36.6759185791, 37.1054878235, 37.5466651917, 37.9878463745, 38.4290237427, 38.8702049255, 39.3113822937, 39.7409515381, 40.1705207825, 40.6116981506, 41.0528793335, 41.4940567017, 41.9352378845, 42.3764152527, 42.8059844971, 43.2355537415, 43.6767349243, 44.1179122925, 44.5590934753, 45.0002708435, 45.4414520264, 45.8826293945, 46.3121986389, 46.7417678833, 47.1829452515, 47.6241264343, 48.0536956787, 48.4832649231, 48.9244422913, 49.3656234741, 49.8068008423, 50.2479820251, 50.6891593933, 51.1303405762, 51.5715179443, 52.0010871887, 52.4422683716, 52.871837616, 53.3130149841, 53.7541923523, 54.1953735352, 54.6365509033, 55.0777320862, 55.5073013306, 55.9484786987, 56.3780479431, 56.819229126, 57.2604064941, 57.701587677, 58.1427650452, 58.583946228, 59.0135154724, 59.4430847168, 59.884262085, 60.3254394531, 60.766620636, 61.1961898804, 61.6373672485, 62.0669364929, 62.5081176758, 62.9492950439, 63.3904762268, 63.831653595, 64.2728347778, 64.714012146, 65.1551895142, 65.5847625732, 66.0143280029, 66.4555053711, 66.8966903687, 67.3262557983, 67.7558288574, 68.1970062256, 68.6381835938, 69.0793609619, 69.5205459595, 69.9617233276, 70.4029006958, 70.844078064, 71.2852630615, 71.7148284912, 72.1444015503, 72.5855789185, 73.0267562866, 73.4679336548, 73.9091110229, 74.3502960205, 74.7798614502, 75.2094345093, 75.6506118774, 76.0917892456, 76.5329666138, 76.9625396729, 77.3921051025, 77.8332901001, 78.2744674683, 78.7156448364, 79.1568222046, 79.5979995728, 80.0391845703, 80.4803619385, 80.9099273682, 81.3395004272, 81.7806777954, 82.2218551636, 82.6630401611, 83.0926055908, 83.533782959, 83.9749679565, 84.4045333862, 84.8457107544, 85.2868881226, 85.7280731201, 86.1692504883, 86.6104278564, 87.0516052246, 87.4811782837, 87.9107437134, 88.3519287109, 88.7931060791, 89.2342834473, 89.6754608154, 90.1050338745, 90.5345993042, 90.9757843018, 91.4169616699, 91.8581390381, 92.2993164063, 92.7404937744, 93.181678772, 93.6112442017, 94.0408172607, 94.4819946289, 94.9231719971, 95.3643493652, 95.8055343628, 96.2350997925, 96.6762771606, 97.1058502197, 97.5470275879, 97.9882049561, 98.4293823242, 98.8705673218, 99.3117446899, 99.7413101196, 100.170883179, 100.612060547, 101.053237915, 101.494422913, 101.935600281, 102.36516571, 102.79473877, 103.235916138, 103.677093506, 104.106666565, 104.547843933, 104.977409363, 105.41859436, 105.859771729, 106.300949097, 106.742126465, 107.183311462, 107.624488831, 108.065666199, 108.506843567, 108.948028564, 109.377593994, 109.807167053, 110.248344421, 110.68952179, 111.130699158, 111.571876526, 112.013061523, 112.442626953, 112.872200012, 113.31337738, 113.754554749, 114.195732117, 114.625305176, 115.066482544, 115.496055603, 115.937232971, 116.378410339, 116.819587708, 117.260765076, 117.701950073, 118.131515503, 118.561088562, 119.00226593, 119.443443298, 119.884620667, 120.325805664, 120.766983032, 121.2081604, 121.637733459, 122.067298889, 122.508476257, 122.949661255, 123.390838623, 123.832015991, 124.273193359, 124.702766418, 125.132331848, 125.573509216, 126.014694214, 126.455871582, 126.89704895, 127.338226318, 127.779411316, 128.220581055, 128.650161743, 129.079727173, 129.520904541, 129.962081909, 130.391647339, 130.832824707, 131.274017334, 131.703582764, 132.144760132, 132.5859375, 133.027114868, 133.468292236, 133.909469604, 134.339050293, 134.768615723, 135.209793091, 135.650970459, 136.092147827, 136.533325195, 136.974502563, 137.404083252, 137.833648682, 138.27482605, 138.716003418, 139.157180786, 139.598358154, 140.039550781, 140.480728149, 140.921905518, 141.339859009, 141.781036377, 142.222213745, 142.663391113, 143.10458374, 143.545761108, 143.986938477, 144.416503906, 144.846069336, 145.287246704, 145.728439331, 146.169616699, 146.610794067, 147.040359497, 147.469924927, 147.911102295, 148.352294922, 148.79347229, 149.234649658, 149.664215088, 150.105392456, 150.546569824, 150.987747192, 151.417327881, 151.858505249, 152.299682617, 152.740859985, 153.170425415, 153.599990845, 154.029571533, 154.459136963, 154.900314331, 155.341491699, 155.782669067, 156.223846436, 156.665023804, 157.11781311, 157.559005737, 158.011795044, 158.452972412, 158.89414978, 159.335327148, 159.788116455, 160.240905762, 160.68208313, 161.134872437, 161.587661743, 162.028839111, 162.481628418, 162.934417725, 163.375595093, 163.816772461, 164.269561768, 164.722351074, 165.163528442, 165.604721069, 166.057495117, 166.510284424, 166.951477051, 167.392654419, 167.845443726, 168.298233032, 168.7394104, 169.192199707, 169.644989014, 170.086166382, 170.538955688, 170.991744995, 171.432922363, 171.874099731, 172.326889038, 172.779678345, 173.220855713, 173.662033081, 174.114822388, 174.567611694, 175.020401001, 175.473190308, 175.914367676, 176.355545044, 176.796737671, 177.237915039, 177.690704346, 178.143493652, 178.596282959, 179.049072266, 179.501861572, 179.94303894, 180.395828247, 180.837005615, 181.278182983, 181.73097229, 182.183761597, 182.624938965, 183.077728271, 183.530517578, 183.971694946, 184.412872314, 184.854049683, 185.306838989, 185.759628296, 186.212417603, 186.665206909, 187.106384277, 187.547576904, 187.988754272, 188.441543579, 188.894332886, 189.347122192, 189.799911499, 190.241088867, 190.682266235, 191.135055542, 191.587844849, 192.029022217, 192.470199585, 192.922988892, 193.375778198, 193.828567505, 194.269744873, 194.72253418, 195.163711548, 195.616500854, 196.057678223, 196.510467529, 196.951644897, 197.404434204, 197.857223511, 198.298416138, 198.739593506, 199.192382813, 199.645172119, 200.086349487, 200.527526855, 200.980316162, 201.433105469, 201.874282837, 202.327072144, 202.768249512, 203.221038818, 203.662216187, 204.115005493, 204.5677948, 205.008972168, 205.450149536, 205.902938843, 206.344116211, 206.796905518, 207.249694824, 207.702484131, 208.143676758, 208.584854126, 209.037643433, 209.490432739, 209.943222046, 210.396011353, 210.837188721, 211.278366089, 211.719543457, 212.172332764, 212.62512207, 213.066299438, 213.507476807, 213.948654175, 214.389831543, 214.819412231, 215.248977661, 215.690155029, 216.131332397, 216.572509766, 217.013687134, 217.454864502, 217.896057129, 218.325622559, 218.766799927, 219.196365356, 219.637542725, 220.078720093, 220.51991272, 220.961090088, 221.402267456, 221.843444824, 222.284622192, 222.714187622, 223.143753052, 223.584945679, 224.026123047, 224.467300415, 224.908477783, 225.338043213, 225.767608643, 226.20880127, 226.649978638, 227.091156006, 227.532333374, 227.973510742, 228.41468811, 228.84425354, 229.273834229, 229.715011597, 230.156188965, 230.597366333, 231.038543701, 231.479721069, 231.909286499, 232.350479126, 232.780044556, 233.221221924, 233.662399292, 234.10357666, 234.544754028, 234.974319458, 235.403900146, 235.845077515, 236.286254883, 236.727432251, 237.168609619, 237.609786987, 238.050964355, 238.480545044, 238.910110474, 239.351287842, 239.79246521, 240.233642578, 240.674819946, 241.104400635, 241.533966064, 241.975143433, 242.416320801, 242.857498169, 243.298675537, 243.739852905, 244.169433594, 244.598999023, 245.040176392, 245.48135376, 245.922531128, 246.363708496, 246.804885864, 247.246078491, 247.675643921, 248.105209351, 248.546386719, 248.987564087, 249.428741455, 249.869934082, 250.299499512, 250.729064941, 251.17024231, 251.611419678, 252.052597046, 252.493789673, 252.934967041, 253.376144409, 253.805709839, 254.235275269, 254.676452637, 255.117630005, 255.558822632, 256, 256.42956543, 256.870758057, 257.311920166, 257.741485596, 258.182678223, 258.623840332, 259.065032959, 259.506195068, 259.947387695, 260.376953125, 260.806518555, 261.247711182, 261.688873291, 262.130065918, 262.571228027, 263.000823975, 263.441986084, 263.871551514, 264.312744141, 264.75390625, 265.195098877, 265.636291504, 266.077453613, 266.51864624, 266.94821167, 267.3777771, 267.818939209, 268.260131836, 268.701324463, 269.142486572, 269.572052002, 270.001617432, 270.442810059, 270.883972168, 271.325164795, 271.766357422, 272.207519531, 272.648712158, 273.078277588, 273.507843018, 273.949005127, 274.390197754, 274.831390381, 275.27255249, 275.713745117, 276.143310547, 276.572875977, 277.014068604, 277.455230713, 277.89642334, 278.337585449, 278.767150879, 279.196716309, 279.637908936, 280.079101563, 280.520263672, 280.961456299, 281.402618408, 281.843811035, 282.273376465, 282.702941895, 283.144134521, 283.585296631, 284.026489258, 284.467651367, 284.908843994, 285.338409424, 285.779571533, 286.20916748, 286.65032959, 287.091522217, 287.521087646, 287.950653076, 288.391845703, 288.833007813, 289.274200439, 289.715362549, 290.156555176, 290.597717285, 291.038909912, 291.480072021, 291.921264648, 292.374053955, 292.826843262]
