
metadata:
    version:
        essentia: "2.1-beta2"
    audio_properties:
        analysis_sample_rate: 44100
        bitrate: 320
        channels: 2
        equal_loudness: 1
        length: 235.128158569
        replay_gain: -14.5983314514
        downmix: "mix"
    tags:
        album: "Feeding Fiction"
        artist: "Heartist"
        comment: "israbox.com"
        date: "2014"
        genre: "Rock"
        title: "Demons"
        tracknumber: "11/11"

configuration:
    average_loudness:
        compute: 1
        frameSize: 88200
        hopSize: 44100
        silentFrames: "noise"
        windowType: "hann"
    general:
        analysisSampleRate: 44100
        endTime: 2000
        equalLoudness: 1
        nequalLoudness: 0
        shortSound: 0
        startTime: 0
    lowlevel:
        compute: 1
        frameSize: 2048
        hopSize: 1024
        zeroPadding: 0
        silentFrames: "noise"
        windowType: "blackmanharris62"
        mfccStats: ["mean", "cov", "icov"]
        stats: ["mean", "var", "median", "min", "max", "dmean", "dmean2", "dvar", "dvar2"]
    panning:
        compute: 0
        frameSize: 8192
        hopSize: 2048
        zeroPadding: 8192
        silentFrames: "noise"
        windowType: "hann"
        stats: ["copy"]
    rhythm:
        compute: 1
        maxTempo: 208
        minTempo: 40
        method: "degara"
        stats: ["mean", "var", "median", "min", "max", "dmean", "dmean2", "dvar", "dvar2"]
    segmentation:
        compute: 0
        cpw: 5
        inc1: 300
        inc2: 50
        minimumSegmentsLength: 10
        size1: 1000
        size2: 600
    sfx:
        compute: 1
        stats: ["mean", "var", "median", "min", "max", "dmean", "dmean2", "dvar", "dvar2"]
    svm:
        compute: 0
    tonal:
        compute: 1
        frameSize: 4096
        hopSize: 2048
        zeroPadding: 0
        silentFrames: "noise"
        windowType: "blackmanharris62"
        stats: ["mean", "var", "median", "min", "max", "dmean", "dmean2", "dvar", "dvar2"]

lowlevel:
    average_loudness: 0.924226939678
    barkbands_kurtosis:
        dmean: 0.651315748692
        dmean2: 1.08997547626
        dvar: 0.843438208103
        dvar2: 2.08106684685
        max: 15.7303190231
        mean: -0.784025013447
        median: -1.19532728195
        min: -1.92532670498
        var: 1.59756064415
    barkbands_skewness:
        dmean: 0.417721897364
        dmean2: 0.677147865295
        dvar: 0.141652420163
        dvar2: 0.357630491257
        max: 3.87475442886
        mean: -0.298061072826
        median: -0.365041673183
        min: -2.79870510101
        var: 0.584166646004
    barkbands_spread:
        dmean: 6.94354724884
        dmean2: 11.5758752823
        dvar: 40.0735397339
        dvar2: 108.642097473
        max: 76.5321731567
        mean: 39.694644928
        median: 40.8136062622
        min: 4.50253200531
        var: 129.368133545
    dissonance:
        dmean: 0.00977022945881
        dmean2: 0.016570078209
        dvar: 0.000107782499981
        dvar2: 0.000296932150377
        max: 0.499999970198
        mean: 0.482551366091
        median: 0.486799836159
        min: 0.302217066288
        var: 0.000246979005169
    hfc:
        dmean: 2.58682441711
        dmean2: 4.34957075119
        dvar: 11.5442552567
        dvar2: 30.856004715
        max: 47.6996116638
        mean: 10.0043649673
        median: 8.91927623749
        min: 1.12794070395e-016
        var: 41.7602081299
    pitch:
        dmean: 1201.82763672
        dmean2: 2296.06616211
        dvar: 2106893
        dvar2: 4916198.5
        max: 5131.63232422
        mean: 1769.89025879
        median: 694.658447266
        min: 65.7498550415
        var: 2614370.75
    pitch_instantaneous_confidence:
        dmean: 0.0781248211861
        dmean2: 0.128663152456
        dvar: 0.00458935787901
        dvar2: 0.0113193457946
        max: 0.994904220104
        mean: 0.358771532774
        median: 0.331249803305
        min: 0.100377976894
        var: 0.0169720128179
    pitch_salience:
        dmean: 0.0673432424664
        dmean2: 0.115707583725
        dvar: 0.00395619310439
        dvar2: 0.0115980189294
        max: 0.991644918919
        mean: 0.639618873596
        median: 0.653860986233
        min: 0.208149164915
        var: 0.00770382536575
    silence_rate_20dB:
        dmean: 0
        dmean2: 0
        dvar: 0
        dvar2: 0
        max: 1
        mean: 1
        median: 1
        min: 1
        var: 0
    silence_rate_30dB:
        dmean: 0
        dmean2: 0
        dvar: 0
        dvar2: 0
        max: 1
        mean: 1
        median: 1
        min: 1
        var: 0
    silence_rate_60dB:
        dmean: 0.0815641358495
        dmean2: 0.163144379854
        dvar: 0.0749113187194
        dvar2: 0.165557339787
        max: 1
        mean: 0.240916267037
        median: 0
        min: 0
        var: 0.182860597968
    spectral_centroid:
        dmean: 306.368804932
        dmean2: 508.135253906
        dvar: 86717.7265625
        dvar2: 226910.703125
        max: 11383.4609375
        mean: 2019.66455078
        median: 2085.91992188
        min: 269.328887939
        var: 420667.0625
    spectral_complexity:
        dmean: 3.94707226753
        dmean2: 6.53347826004
        dvar: 16.1976718903
        dvar2: 42.1115531921
        max: 44
        mean: 17.5812606812
        median: 17
        min: 0
        var: 86.5457000732
    spectral_crest:
        dmean: 1.9412317276
        dmean2: 3.26525473595
        dvar: 4.16475248337
        dvar2: 10.8433828354
        max: 23.8646125793
        mean: 6.39615058899
        median: 5.6282491684
        min: 2.59008479118
        var: 7.95298290253
    spectral_decrease:
        dmean: 2.86924956017e-010
        dmean2: 4.66958582912e-010
        dvar: 1.74164390163e-019
        dvar2: 4.25303468094e-019
        max: 8.55075941527e-029
        mean: -1.02859099016e-009
        median: -9.43820799293e-010
        min: -4.52491244474e-009
        var: 3.36309329037e-019
    spectral_energy:
        dmean: 0.00127010501456
        dmean2: 0.00206173630431
        dvar: 3.25141945723e-006
        dvar2: 8.02443355497e-006
        max: 0.0197726562619
        mean: 0.00478957034647
        median: 0.00437521934509
        min: 1.03620996114e-020
        var: 7.25754671294e-006
    spectral_energyband_high:
        dmean: 0.000234739680309
        dmean2: 0.000407540384913
        dvar: 1.11555593207e-007
        dvar2: 3.11871673375e-007
        max: 0.00431510433555
        mean: 0.00063392193988
        median: 0.000540523556992
        min: 7.20248616011e-021
        var: 2.26076437571e-007
    spectral_energyband_low:
        dmean: 0.000396309886128
        dmean2: 0.000680275261402
        dvar: 2.52431789249e-007
        dvar2: 7.01317958374e-007
        max: 0.00543895037845
        mean: 0.000680034456309
        median: 0.000565995636862
        min: 3.02643930379e-023
        var: 3.25075717456e-007
    spectral_energyband_middle_high:
        dmean: 0.000600627798121
        dmean2: 0.000982780824415
        dvar: 4.90843945045e-007
        dvar2: 1.24789926303e-006
        max: 0.0141116278246
        mean: 0.00248788949102
        median: 0.0021668006666
        min: 1.30669353819e-021
        var: 2.80847211798e-006
    spectral_energyband_middle_low:
        dmean: 0.000644575513434
        dmean2: 0.00106617226265
        dvar: 1.73362229816e-006
        dvar2: 4.14544865635e-006
        max: 0.01259045396
        mean: 0.00109982641879
        median: 0.000730389612727
        min: 2.22507141912e-022
        var: 1.86467684671e-006
    spectral_flatness_db:
        dmean: 0.014028487727
        dmean2: 0.0229928158224
        dvar: 0.000203356335987
        dvar2: 0.000517167325597
        max: 0.543261826038
        mean: 0.142045632005
        median: 0.133745476604
        min: 0.054839592427
        var: 0.00156000605784
    spectral_flux:
        dmean: 0.00769733218476
        dmean2: 0.0116557842121
        dvar: 9.50256217038e-005
        dvar2: 0.000201366579859
        max: 0.124386385083
        mean: 0.0410552583635
        median: 0.0404946729541
        min: 6.56274687372e-011
        var: 0.000284719397314
    spectral_kurtosis:
        dmean: 0.8794246912
        dmean2: 1.52021920681
        dvar: 1.16553103924
        dvar2: 3.46488976479
        max: 20.7842750549
        mean: 2.62375020981
        median: 2.28372240067
        min: -1.23409080505
        var: 2.64429569244
    spectral_rms:
        dmean: 0.000265307840891
        dmean2: 0.000423948629759
        dvar: 1.08030107526e-007
        dvar2: 2.58077619719e-007
        max: 0.00439208326861
        mean: 0.00204982305877
        median: 0.00206603645347
        min: 3.17952283425e-012
        var: 4.70984531376e-007
    spectral_rolloff:
        dmean: 339.016113281
        dmean2: 574.983459473
        dvar: 186996.984375
        dvar2: 464221.53125
        max: 19078.4179688
        mean: 3731.01293945
        median: 3832.91015625
        min: 129.19921875
        var: 811115.5
    spectral_skewness:
        dmean: 0.1386372298
        dmean2: 0.233678504825
        dvar: 0.0191524662077
        dvar2: 0.0515899918973
        max: 3.25147128105
        mean: 1.0254727602
        median: 0.994232714176
        min: -0.0365465581417
        var: 0.0783717781305
    spectral_spread:
        dmean: 429302.875
        dmean2: 667482
        dvar: 418715336704
        dvar2: 847253733376
        max: 41773276
        mean: 4557147.5
        median: 4336367
        min: 1755845.875
        var: 3.1168069632e+012
    spectral_strongpeak:
        dmean: 0.540072977543
        dmean2: 0.94678235054
        dvar: 0.711768448353
        dvar2: 1.8685683012
        max: 8.3177986145
        mean: 0.675920665264
        median: 0.170475319028
        min: 1.14884164681e-010
        var: 1.02263307571
    zerocrossingrate:
        dmean: 0.00810796674341
        dmean2: 0.0106659503654
        dvar: 6.16357792751e-005
        dvar2: 8.88549766387e-005
        max: 0.5244140625
        mean: 0.111696749926
        median: 0.115234375
        min: 0.021484375
        var: 0.000772706698626
    barkbands:
        dmean: [5.22544326031e-007, 0.000132113083964, 0.00027643883368, 0.000154846857185, 0.000381492223823, 0.000140610995004, 8.42977970024e-005, 5.78295075684e-005, 5.93692529947e-005, 8.02628637757e-005, 4.73596082884e-005, 3.144402217e-005, 5.40706168977e-005, 4.09077474615e-005, 7.13397239451e-005, 9.54408897087e-005, 0.000170922765392, 0.000180275863386, 0.000271089258604, 0.000191681407159, 0.000136364236823, 4.94254236401e-005, 9.12023369892e-006, 3.20092635775e-006, 1.6817315327e-006, 5.93122599923e-008, 6.01825589364e-010]
        dmean2: [7.71375880504e-007, 0.000229068318731, 0.00047349074157, 0.000274364778306, 0.000646202883217, 0.000249126402196, 0.00013903233048, 9.22273029573e-005, 9.64138380368e-005, 0.000123454752611, 7.56613735575e-005, 5.2362196584e-005, 8.74923280207e-005, 6.63176761009e-005, 0.000117715339002, 0.000159508053912, 0.000286903406959, 0.000303593755234, 0.000456156092696, 0.000321315106703, 0.000236083840718, 8.93614778761e-005, 1.64006869454e-005, 5.345111731e-006, 2.87608327199e-006, 1.05652425475e-007, 1.06426700786e-009]
        dvar: [6.9045534264e-013, 2.61987977979e-008, 1.38689046025e-007, 6.58518359842e-008, 8.71040697348e-007, 1.26995402638e-007, 2.8039798039e-008, 1.43020226773e-008, 1.15787139876e-008, 2.46814799709e-008, 8.18273981906e-009, 3.76810760372e-009, 8.43206304779e-009, 6.00849503485e-009, 1.37457831784e-008, 2.22134399763e-008, 4.27336530606e-008, 7.50738280431e-008, 1.06049611759e-007, 6.3746213641e-008, 3.22323572277e-008, 6.24561469209e-009, 3.91609716877e-010, 5.8828879268e-011, 2.79671077963e-011, 2.83460100959e-014, 2.10413241138e-018]
        dvar2: [1.41250552921e-012, 7.55531459617e-008, 3.81653620707e-007, 1.84579306506e-007, 2.14618512473e-006, 3.58762662245e-007, 7.00712803337e-008, 3.23130961988e-008, 2.77871485821e-008, 5.13349256437e-008, 1.86559105941e-008, 9.14256492734e-009, 2.0702392689e-008, 1.4367621759e-008, 3.46209247937e-008, 5.51685950256e-008, 1.14308669197e-007, 1.86356871268e-007, 2.8226392601e-007, 1.69157232222e-007, 8.99654111208e-008, 1.75573742212e-008, 1.13137077484e-009, 1.39653663633e-010, 7.13522921303e-011, 8.0948390894e-014, 5.83728950569e-018]
        max: [8.09523862699e-006, 0.00133455183823, 0.00483543379232, 0.00404445407912, 0.00895624887198, 0.00367861823179, 0.00453945435584, 0.00243775127456, 0.00215035746805, 0.00431334692985, 0.00260029477067, 0.00179877562914, 0.00178133673035, 0.00150593591388, 0.00213194638491, 0.00330080720596, 0.0041029965505, 0.00647426117212, 0.00560912396759, 0.00371755496599, 0.00390761066228, 0.000754181819502, 0.000259247986833, 0.000199579531909, 0.00010454760195, 2.03224203688e-006, 2.25434941825e-008]
        mean: [6.70037309192e-007, 0.000191318831639, 0.000407597515732, 0.000177434019861, 0.000409285334172, 0.000159714531037, 0.000127129285829, 9.1110712674e-005, 9.68468812061e-005, 0.000168633137946, 9.80284530669e-005, 5.13609484187e-005, 9.69989341684e-005, 7.15900532668e-005, 0.000134698231705, 0.000200368624064, 0.000378074852051, 0.00035939150257, 0.00066838786006, 0.000442796124844, 0.000347104505636, 8.86265625013e-005, 1.41438677019e-005, 5.75237891098e-006, 2.43451677306e-006, 7.1017396408e-008, 6.16440065659e-010]
        median: [2.44100903046e-007, 0.000145180441905, 0.000296474114293, 0.000107857500552, 0.000158782291692, 7.858054596e-005, 6.37195480522e-005, 4.13921770814e-005, 5.13508712174e-005, 5.01371105202e-005, 3.06098227156e-005, 2.92109943985e-005, 5.16191503266e-005, 3.96643845306e-005, 7.8935372585e-005, 0.000139209150802, 0.00031034683343, 0.000259756110609, 0.000506514799781, 0.000357211305527, 0.00028614141047, 6.88877771609e-005, 6.9542370511e-006, 3.153826583e-006, 8.98548250916e-007, 2.55757264256e-008, 2.24930435389e-010]
        min: [2.37818508464e-024, 8.89533125135e-024, 5.59097909055e-024, 1.41263531108e-024, 1.45178931771e-023, 8.93238878123e-024, 1.41563471802e-023, 7.21011767624e-024, 2.72008990441e-023, 1.86775409531e-023, 2.6553323127e-023, 5.40121449772e-023, 5.58821113541e-023, 4.55707937105e-023, 3.80312934742e-023, 7.76556568366e-023, 1.18144857876e-022, 1.14420942154e-022, 1.42509742012e-022, 1.79598649627e-022, 2.13781860673e-022, 3.46370925806e-022, 4.21289992608e-022, 6.12070436333e-022, 9.93207030213e-022, 1.50371842814e-021, 2.18815000245e-021]
        var: [1.04832071843e-012, 3.19209618738e-008, 1.76649052719e-007, 5.63201467685e-008, 7.92595415078e-007, 9.4470408385e-008, 4.96701915154e-008, 2.79153784533e-008, 2.27130172448e-008, 1.07071258526e-007, 3.73963189304e-008, 6.89620405225e-009, 1.86156352555e-008, 1.22643317724e-008, 2.89969985801e-008, 6.60546035647e-008, 1.09921778346e-007, 1.55862764473e-007, 3.47183203075e-007, 1.44564168636e-007, 7.26644344695e-008, 6.63875310281e-009, 4.2641118414e-010, 9.28539606315e-011, 3.29506630314e-011, 2.25735517111e-014, 1.69937277513e-018]
    frequency_bands:
        dmean: [5.22544326031e-007, 0.000132113083964, 0.00027643883368, 0.000154846857185, 0.000381492223823, 0.000140610995004, 8.42977970024e-005, 5.78295075684e-005, 5.93692529947e-005, 8.02628637757e-005, 4.73596082884e-005, 3.144402217e-005, 5.40706168977e-005, 4.09077474615e-005, 7.13397239451e-005, 9.54408897087e-005, 0.000170922765392, 0.000180275863386, 0.000271089258604, 0.000191681407159, 0.000136364236823, 4.94254236401e-005, 9.12023369892e-006, 3.20092635775e-006, 1.6817315327e-006, 5.93122599923e-008, 6.01825589364e-010, 5.42359733513e-011]
        dmean2: [7.71375880504e-007, 0.000229068318731, 0.00047349074157, 0.000274364778306, 0.000646202883217, 0.000249126402196, 0.00013903233048, 9.22273029573e-005, 9.64138380368e-005, 0.000123454752611, 7.56613735575e-005, 5.2362196584e-005, 8.74923280207e-005, 6.63176761009e-005, 0.000117715339002, 0.000159508053912, 0.000286903406959, 0.000303593755234, 0.000456156092696, 0.000321315106703, 0.000236083840718, 8.93614778761e-005, 1.64006869454e-005, 5.345111731e-006, 2.87608327199e-006, 1.05652425475e-007, 1.06426700786e-009, 1.00841134054e-010]
        dvar: [6.9045534264e-013, 2.61987977979e-008, 1.38689046025e-007, 6.58518359842e-008, 8.71040697348e-007, 1.26995402638e-007, 2.8039798039e-008, 1.43020226773e-008, 1.15787139876e-008, 2.46814799709e-008, 8.18273981906e-009, 3.76810760372e-009, 8.43206304779e-009, 6.00849503485e-009, 1.37457831784e-008, 2.22134399763e-008, 4.27336530606e-008, 7.50738280431e-008, 1.06049611759e-007, 6.3746213641e-008, 3.22323572277e-008, 6.24561469209e-009, 3.91609716877e-010, 5.8828879268e-011, 2.79671077963e-011, 2.83460100959e-014, 2.10413241138e-018, 6.61313289836e-021]
        dvar2: [1.41250552921e-012, 7.55531459617e-008, 3.81653620707e-007, 1.84579306506e-007, 2.14618512473e-006, 3.58762662245e-007, 7.00712803337e-008, 3.23130961988e-008, 2.77871485821e-008, 5.13349256437e-008, 1.86559105941e-008, 9.14256492734e-009, 2.0702392689e-008, 1.4367621759e-008, 3.46209247937e-008, 5.51685950256e-008, 1.14308669197e-007, 1.86356871268e-007, 2.8226392601e-007, 1.69157232222e-007, 8.99654111208e-008, 1.75573742212e-008, 1.13137077484e-009, 1.39653663633e-010, 7.13522921303e-011, 8.0948390894e-014, 5.83728950569e-018, 2.09590167348e-020]
        max: [8.09523862699e-006, 0.00133455183823, 0.00483543379232, 0.00404445407912, 0.00895624887198, 0.00367861823179, 0.00453945435584, 0.00243775127456, 0.00215035746805, 0.00431334692985, 0.00260029477067, 0.00179877562914, 0.00178133673035, 0.00150593591388, 0.00213194638491, 0.00330080720596, 0.0041029965505, 0.00647426117212, 0.00560912396759, 0.00371755496599, 0.00390761066228, 0.000754181819502, 0.000259247986833, 0.000199579531909, 0.00010454760195, 2.03224203688e-006, 2.25434941825e-008, 1.1587746318e-009]
        mean: [6.70037309192e-007, 0.000191318831639, 0.000407597515732, 0.000177434019861, 0.000409285334172, 0.000159714531037, 0.000127129285829, 9.1110712674e-005, 9.68468812061e-005, 0.000168633137946, 9.80284530669e-005, 5.13609484187e-005, 9.69989341684e-005, 7.15900532668e-005, 0.000134698231705, 0.000200368624064, 0.000378074852051, 0.00035939150257, 0.00066838786006, 0.000442796124844, 0.000347104505636, 8.86265625013e-005, 1.41438677019e-005, 5.75237891098e-006, 2.43451677306e-006, 7.1017396408e-008, 6.16440065659e-010, 4.20715268179e-011]
        median: [2.44100903046e-007, 0.000145180441905, 0.000296474114293, 0.000107857500552, 0.000158782291692, 7.858054596e-005, 6.37195480522e-005, 4.13921770814e-005, 5.13508712174e-005, 5.01371105202e-005, 3.06098227156e-005, 2.92109943985e-005, 5.16191503266e-005, 3.96643845306e-005, 7.8935372585e-005, 0.000139209150802, 0.00031034683343, 0.000259756110609, 0.000506514799781, 0.000357211305527, 0.00028614141047, 6.88877771609e-005, 6.9542370511e-006, 3.153826583e-006, 8.98548250916e-007, 2.55757264256e-008, 2.24930435389e-010, 1.56869812279e-011]
        min: [2.37818508464e-024, 8.89533125135e-024, 5.59097909055e-024, 1.41263531108e-024, 1.45178931771e-023, 8.93238878123e-024, 1.41563471802e-023, 7.21011767624e-024, 2.72008990441e-023, 1.86775409531e-023, 2.6553323127e-023, 5.40121449772e-023, 5.58821113541e-023, 4.55707937105e-023, 3.80312934742e-023, 7.76556568366e-023, 1.18144857876e-022, 1.14420942154e-022, 1.42509742012e-022, 1.79598649627e-022, 2.13781860673e-022, 3.46370925806e-022, 4.21289992608e-022, 6.12070436333e-022, 9.93207030213e-022, 1.50371842814e-021, 2.18815000245e-021, 5.19838232934e-022]
        var: [1.04832071843e-012, 3.19209618738e-008, 1.76649052719e-007, 5.63201467685e-008, 7.92595415078e-007, 9.4470408385e-008, 4.96701915154e-008, 2.79153784533e-008, 2.27130172448e-008, 1.07071258526e-007, 3.73963189304e-008, 6.89620405225e-009, 1.86156352555e-008, 1.22643317724e-008, 2.89969985801e-008, 6.60546035647e-008, 1.09921778346e-007, 1.55862764473e-007, 3.47183203075e-007, 1.44564168636e-007, 7.26644344695e-008, 6.63875310281e-009, 4.2641118414e-010, 9.28539606315e-011, 3.29506630314e-011, 2.25735517111e-014, 1.69937277513e-018, 5.15276814512e-021]
    mfcc:
        mean: [-704.999389648, 87.8854598999, -47.4253196716, 65.2828826904, -13.0035123825, 2.94408416748, 2.32850003242, 0.253562480211, 3.55517816544, -3.7788040638, -1.49766027927, -1.45003950596, -3.96747374535]
        cov: [[7985.30322266, 623.874572754, -341.73739624, 1076.74914551, -158.461608887, 384.410583496, 254.194381714, 233.061920166, 123.674209595, -58.9640197754, -105.792411804, -9.12728404999, -50.7021369934], [623.874572754, 703.932434082, -211.490097046, 259.758178711, -0.511993288994, 54.1877784729, 29.7206382751, -12.5455617905, 61.2325019836, 29.254119873, 43.7048377991, -13.597826004, 25.272895813], [-341.73739624, -211.490097046, 482.82409668, -84.9898757935, 130.006362915, 26.9244384766, -5.91572475433, 7.55881929398, -47.3902816772, -1.9732375145, -20.9827251434, -1.8740247488, 1.9520162344], [1076.74914551, 259.758178711, -84.9898757935, 373.180541992, 39.0041465759, 121.418449402, 46.9287452698, 49.9545288086, 75.4096679688, 9.49148273468, 17.2081871033, 19.1677360535, 19.4421310425], [-158.461608887, -0.511993288994, 130.006362915, 39.0041465759, 149.774230957, 36.9434204102, 2.04222369194, 0.844693899155, 12.0304031372, 13.719789505, 5.70118570328, 8.68625164032, 13.4041872025], [384.410583496, 54.1877784729, 26.9244384766, 121.418449402, 36.9434204102, 151.641189575, 81.4677352905, 55.8468933105, 33.7073898315, 23.8591365814, 11.7166862488, 5.98931932449, 6.04782867432], [254.194381714, 29.7206382751, -5.91572475433, 46.9287452698, 2.04222369194, 81.4677352905, 135.653060913, 71.1024093628, 28.9535484314, 19.4254665375, 8.18464851379, 4.13903284073, 2.15234827995], [233.061920166, -12.5455617905, 7.55881929398, 49.9545288086, 0.844693899155, 55.8468933105, 71.1024093628, 97.1837234497, 46.3604545593, 21.341255188, -5.40835046768, 7.27080202103, 3.23017048836], [123.674209595, 61.2325019836, -47.3902816772, 75.4096679688, 12.0304031372, 33.7073898315, 28.9535484314, 46.3604545593, 94.4923477173, 40.4699249268, 16.5874195099, 7.99702692032, 9.99498176575], [-58.9640197754, 29.254119873, -1.9732375145, 9.49148273468, 13.719789505, 23.8591365814, 19.4254665375, 21.341255188, 40.4699249268, 84.0884552002, 30.3061733246, 6.81376361847, -2.26083803177], [-105.792411804, 43.7048377991, -20.9827251434, 17.2081871033, 5.70118570328, 11.7166862488, 8.18464851379, -5.40835046768, 16.5874195099, 30.3061733246, 71.7682952881, 38.3119392395, 8.45903682709], [-9.12728404999, -13.597826004, -1.8740247488, 19.1677360535, 8.68625164032, 5.98931932449, 4.13903284073, 7.27080202103, 7.99702692032, 6.81376361847, 38.3119392395, 83.3240509033, 29.8398284912], [-50.7021369934, 25.272895813, 1.9520162344, 19.4421310425, 13.4041872025, 6.04782867432, 2.15234827995, 3.23017048836, 9.99498176575, -2.26083803177, 8.45903682709, 29.8398284912, 59.9119987488]]
        icov: [[0.000269634125289, 2.98544136967e-006, -4.66602868983e-005, -0.000876170408446, 0.000506990472786, -5.66164781048e-005, -0.000225215451792, -8.05628151284e-005, 0.000266544870101, -2.77889575955e-005, 0.000618488353211, -0.000255179998931, 0.000411747838371], [2.98544136967e-006, 0.00250759394839, 0.000719171075616, -0.00179793359712, -0.000155247806106, 0.0005509495968, -0.000866026559379, 0.00146592769306, 4.57880669273e-005, -0.000692403758876, -0.00130454031751, 0.0018635680899, -0.00134179648012], [-4.66602868983e-005, 0.000719171075616, 0.0037124317605, 0.000777004403062, -0.00338451238349, -0.000894814380445, 0.000767604447901, -0.0015077884309, 0.0022778022103, -0.000442839605967, 6.45596737741e-005, 0.000480113376398, -0.000459648639662], [-0.000876170408446, -0.00179793359712, 0.000777004403062, 0.00889097806066, -0.00271271774545, -0.00420030485839, 0.00264373142272, -0.00110793334898, -0.0035505623091, 0.00256002089009, -0.0012718035141, -0.000952092639636, -0.000555211154278], [0.000506990472786, -0.000155247806106, -0.00338451238349, -0.00271271774545, 0.0115334521979, -0.00160557986237, -0.0002950214257, 0.00280443625525, -0.00199955282733, -0.000964959501289, 0.0015597656602, -0.00100802315865, -0.000494799052831], [-5.66164781048e-005, 0.0005509495968, -0.000894814380445, -0.00420030485839, -0.00160557986237, 0.0146027384326, -0.00643319217488, -0.00168457801919, 0.00148949539289, -0.00203672237694, -0.0015758817317, 0.00156382168643, -0.000562765926588], [-0.000225215451792, -0.000866026559379, 0.000767604447901, 0.00264373142272, -0.0002950214257, -0.00643319217488, 0.0160129889846, -0.0102444030344, 0.00172069563996, 0.000800040608738, -0.00303934956901, 0.00115090759937, -0.000416703202063], [-8.05628151284e-005, 0.00146592769306, -0.0015077884309, -0.00110793334898, 0.00280443625525, -0.00168457801919, -0.0102444030344, 0.0257146656513, -0.0101049244404, -0.00198484351858, 0.00712356157601, -0.00387859973125, 0.000783213647082], [0.000266544870101, 4.57880669273e-005, 0.0022778022103, -0.0035505623091, -0.00199955282733, 0.00148949539289, 0.00172069563996, -0.0101049244404, 0.0219515748322, -0.00741852913052, -0.00193230784498, 0.00214865710586, -0.00267517566681], [-2.77889575955e-005, -0.000692403758876, -0.000442839605967, 0.00256002089009, -0.000964959501289, -0.00203672237694, 0.000800040608738, -0.00198484351858, -0.00741852913052, 0.0191263109446, -0.00763294566423, 0.0015245792456, 0.00222973129712], [0.000618488353211, -0.00130454031751, 6.45596737741e-005, -0.0012718035141, 0.0015597656602, -0.0015758817317, -0.00303934956901, 0.00712356157601, -0.00193230784498, -0.00763294566423, 0.0274412222207, -0.0135932117701, 0.00394967244938], [-0.000255179998931, 0.0018635680899, 0.000480113376398, -0.000952092639636, -0.00100802315865, 0.00156382168643, 0.00115090759937, -0.00387859973125, 0.00214865710586, 0.0015245792456, -0.0135932117701, 0.0222609899938, -0.0099423257634], [0.000411747838371, -0.00134179648012, -0.000459648639662, -0.000555211154278, -0.000494799052831, -0.000562765926588, -0.000416703202063, 0.000783213647082, -0.00267517566681, 0.00222973129712, 0.00394967244938, -0.0099423257634, 0.0228656772524]]
    sccoeffs:
        dmean: [0.0583199560642, 0.0453937537968, 0.0377140231431, 0.0296420212835, 0.0192168466747, 0.0181264132261]
        dmean2: [0.0986113622785, 0.0759706869721, 0.062177285552, 0.0492140389979, 0.0320709757507, 0.0292232763022]
        dvar: [0.00234112422913, 0.00128166086506, 0.000884134555236, 0.000541670364328, 0.000233543280046, 0.000276413105894]
        dvar2: [0.00644100690261, 0.00344097940251, 0.00233498448506, 0.00141425570473, 0.000620470906142, 0.000626538880169]
        max: [-0.277871578932, -0.408041208982, -0.478780716658, -0.571265518665, -0.603910923004, -0.496734201908]
        mean: [-0.655861198902, -0.769278407097, -0.780294418335, -0.792694747448, -0.800010740757, -0.71173208952]
        median: [-0.659881234169, -0.775811851025, -0.786619722843, -0.795960783958, -0.801804423332, -0.713955163956]
        min: [-0.978702187538, -0.995889484882, -0.998271524906, -0.985149264336, -0.989829182625, -0.962620079517]
        var: [0.00612761918455, 0.00365273351781, 0.00351650686935, 0.00182811345439, 0.000988960033283, 0.00254565570503]
    scvalleys:
        dmean: [0.396206617355, 0.375844091177, 0.310442477465, 0.243020191789, 0.209878802299, 0.284986138344]
        dmean2: [0.664019703865, 0.612700760365, 0.513678610325, 0.398543864489, 0.336798280478, 0.440417915583]
        dvar: [0.124844141304, 0.115203917027, 0.0824175700545, 0.0555154979229, 0.0602163858712, 0.148804411292]
        dvar2: [0.312385559082, 0.275707691908, 0.199119746685, 0.122171759605, 0.125812858343, 0.326965332031]
        max: [-5.14095401764, -4.85627555847, -5.4639840126, -5.94705152512, -5.5447602272, -7.41662359238]
        mean: [-6.99319314957, -6.87369346619, -7.27079534531, -7.27119874954, -6.80360841751, -9.74670791626]
        median: [-6.56283187866, -6.6457233429, -7.02195930481, -6.98392295837, -6.4701051712, -9.42595100403]
        min: [-27.6365451813, -27.6783390045, -27.484254837, -27.4610385895, -27.4721279144, -27.2866306305]
        var: [3.15396165848, 1.8410640955, 1.84131801128, 1.79366004467, 2.07514548302, 2.36871767044]

rhythm:
    beats_loudness:
        dmean: 0.00265041878447
        dmean2: 0.00491510657594
        dvar: 5.59466889172e-006
        dvar2: 1.90658338397e-005
        max: 0.0131107661873
        mean: 0.00625794380903
        median: 0.00644868379459
        min: 7.51642192931e-010
        var: 8.80832521943e-006
    bpm: 97.4839706421
    bpm_confidence: 0
    first_peak_bpm: 98
    first_peak_spread: 0.08898306638
    first_peak_weight: 0.50469481945
    onset_rate: 2.7772090435
    second_peak_bpm: 129
    second_peak_spread: 0.289940863848
    second_peak_weight: 0.281690150499
    beats_loudness_band_ratio:
        dmean: [0.178022816777, 0.192842409015, 0.0619846396148, 0.0529019981623, 0.110497884452, 0.108951315284]
        dmean2: [0.323587477207, 0.370101690292, 0.107360973954, 0.0938115492463, 0.196375995874, 0.200218379498]
        dvar: [0.0195871703327, 0.0259716883302, 0.00635248469189, 0.00523349270225, 0.0060858996585, 0.0074872141704]
        dvar2: [0.0647417828441, 0.0823717191815, 0.0174299478531, 0.0155391898006, 0.0205384381115, 0.0231500510126]
        max: [0.748755991459, 0.566451668739, 0.768576204777, 0.797608017921, 0.628437817097, 0.656068265438]
        mean: [0.299303501844, 0.203713685274, 0.0843089446425, 0.072591945529, 0.205947041512, 0.257047653198]
        median: [0.315471470356, 0.128367930651, 0.0513367243111, 0.0537156388164, 0.191255792975, 0.241895452142]
        min: [1.45004087244e-005, 0.000120945900562, 0.000833860365674, 0.00743869552389, 0.043363224715, 0.0171626880765]
        var: [0.0322423689067, 0.0303483530879, 0.00859474111348, 0.00435574073344, 0.00994371622801, 0.0127032101154]
    beats_position: [0.66176867485, 1.31192743778, 1.95047616959, 2.60063481331, 3.26240348816, 3.92417216301, 4.55111122131, 5.17804956436, 5.79337835312, 6.40870714188, 7.03564596176, 7.63936471939, 8.25469398499, 8.87002277374, 9.4853515625, 10.1006803513, 10.71600914, 11.3313379288, 11.9582767487, 12.5736055374, 13.1889343262, 13.8042631149, 14.4195919037, 15.0233106613, 15.6386394501, 16.2539672852, 16.8692970276, 17.4846248627, 18.0999546051, 18.7152824402, 19.3306121826, 19.9459400177, 20.5612697601, 21.1765975952, 21.7919273376, 22.4072551727, 23.0225849152, 23.6379127502, 24.2532424927, 24.8685703278, 25.4839000702, 26.0992279053, 26.7145576477, 27.3298854828, 27.9452152252, 28.5605430603, 29.1758728027, 29.7912006378, 30.4065303802, 31.0218582153, 31.6371879578, 32.2525177002, 32.8678436279, 33.4831733704, 34.0985031128, 34.7138328552, 35.329158783, 35.9444885254, 36.5714263916, 37.186756134, 37.8020858765, 38.4174156189, 39.0327415466, 39.6480712891, 40.2634010315, 40.8787307739, 41.4940567017, 42.0977783203, 42.713104248, 43.3284339905, 43.9553718567, 44.5823135376, 45.1860313416, 45.801361084, 46.4166870117, 47.0320167542, 47.6473464966, 48.262676239, 48.8780021667, 49.4933319092, 50.1086616516, 50.723991394, 51.3393173218, 51.9430389404, 52.5583648682, 53.1736946106, 53.8006324768, 54.4159622192, 55.0312919617, 55.6466217041, 56.2619476318, 56.8888893127, 57.4926071167, 58.1079368591, 58.7232627869, 59.3269844055, 59.9423103333, 60.5576400757, 61.1729698181, 61.7766876221, 62.3920173645, 63.0189552307, 63.6458930969, 64.2612228394, 64.8765487671, 65.4802703857, 66.107208252, 66.7225418091, 67.3378677368, 67.9415893555, 68.5685272217, 69.1838531494, 69.7991790771, 70.4145126343, 71.029838562, 71.6451721191, 72.2604980469, 72.8758239746, 73.4911575317, 74.1064834595, 74.7218093872, 75.3371429443, 75.9524688721, 76.5678024292, 77.1831283569, 77.7984542847, 78.4137878418, 79.0175018311, 79.6328353882, 80.2481613159, 80.8750991821, 81.4904327393, 82.105758667, 82.7210845947, 83.3364181519, 83.9517440796, 84.5670700073, 85.1824035645, 85.7977294922, 86.4130630493, 87.0283889771, 87.6437149048, 88.2590484619, 88.8743743896, 89.4897003174, 90.093421936, 90.7203598022, 91.3356933594, 91.9510192871, 92.5663452148, 93.181678772, 93.7970046997, 94.4123306274, 95.0276641846, 95.6429901123, 96.2583236694, 96.8736495972, 97.4889755249, 98.104309082, 98.7196350098, 99.3349609375, 99.9502944946, 100.565620422, 101.180953979, 101.796279907, 102.411605835, 103.026939392, 103.64226532, 104.257591248, 104.872924805, 105.488250732, 106.10358429, 106.718910217, 107.334236145, 107.949569702, 108.576507568, 109.180221558, 109.795555115, 110.410881042, 111.0262146, 111.641540527, 112.256866455, 112.872200012, 113.499137878, 114.102851868, 114.706573486, 115.310295105, 115.925621033, 116.54094696, 117.167892456, 117.794830322, 118.41015625, 119.025482178, 119.640815735, 120.256141663, 120.87147522, 121.486801147, 122.102127075, 122.717460632, 123.33278656, 123.785575867, 124.249977112, 124.714370728, 125.178771973, 125.631561279, 126.095962524, 126.56036377, 127.024757385, 127.48915863, 127.953559875, 128.417953491, 128.882354736, 129.346755981, 129.799545288, 130.252334595, 130.71673584, 131.169525146, 131.633926392, 132.098312378, 132.562713623, 133.01550293, 133.456680298, 133.886260986, 134.315826416, 134.757003784, 135.198181152, 135.650970459, 136.103759766, 136.556549072, 137.020950317, 137.485351563, 137.949752808, 138.414154053, 138.878540039, 139.342941284, 139.807342529, 140.260131836, 140.724533081, 141.177322388, 141.641723633, 142.106124878, 142.570526123, 143.034912109, 143.499313354, 143.952102661, 144.404891968, 144.869293213, 145.333694458, 145.798095703, 146.25088501, 146.703674316, 147.168075562, 147.632461548, 148.096862793, 148.561264038, 149.025665283, 149.490066528, 149.954467773, 150.418869019, 150.883255005, 151.336044312, 151.788833618, 152.253234863, 152.717636108, 153.182037354, 153.63482666, 154.087615967, 154.552017212, 155.016418457, 155.480819702, 155.945205688, 156.560546875, 157.175872803, 157.79119873, 158.406524658, 159.021850586, 159.637191772, 160.2525177, 160.867843628, 161.494781494, 162.110107422, 162.72543335, 163.340774536, 163.956100464, 164.571426392, 165.186752319, 165.802078247, 166.417419434, 167.021133423, 167.636459351, 168.251785278, 168.867111206, 169.482452393, 170.09777832, 170.713104248, 171.328430176, 171.943756104, 172.55909729, 173.174423218, 173.789749146, 174.405075073, 175.020401001, 175.635726929, 176.251068115, 176.866394043, 177.481719971, 178.097045898, 178.712371826, 179.327713013, 179.94303894, 180.558364868, 181.162078857, 181.626480103, 182.090881348, 182.555282593, 183.019683838, 183.484085083, 183.948471069, 184.412872314, 184.87727356, 185.341674805, 185.80607605, 186.270477295, 186.723266602, 187.176055908, 187.640457153, 188.10484314, 188.569244385, 189.03364563, 189.486434937, 189.939224243, 190.403625488, 190.868026733, 191.332427979, 191.796829224, 192.26121521, 192.725616455, 193.178405762, 193.631195068, 194.095596313, 194.559997559, 195.036010742, 195.523620605, 196.011245728, 196.498855591, 196.986480713, 197.474105835, 197.95010376, 198.414505005, 198.87890625, 199.343307495, 199.796096802, 200.248886108, 200.713287354, 201.177688599, 201.642089844, 202.10647583, 202.570877075, 203.03527832, 203.488067627, 203.940856934, 204.39364624, 204.846435547, 205.264389038, 205.693969727, 206.135147095, 206.576324463, 207.02911377, 207.493515015, 207.95791626, 208.422302246, 208.875091553, 209.327880859, 209.792282104, 210.25668335, 210.721084595, 211.18548584, 211.649887085, 212.102676392, 212.567077637, 213.019866943, 213.48425293, 213.948654175, 214.41305542, 214.877456665, 215.34185791, 215.806259155, 216.2706604, 216.723449707, 217.176239014, 217.640625, 218.105026245, 218.56942749, 219.033828735, 219.486618042, 219.951019287, 220.403808594, 220.868209839, 221.332611084, 221.79699707, 222.261398315, 222.725799561, 223.190200806, 223.642990112, 224.107391357, 224.560180664, 225.024581909, 225.488967896, 225.953369141, 226.417770386, 226.882171631, 227.346572876, 227.810974121, 228.275375366, 228.739776611, 229.192550659, 229.656951904, 230.121353149, 230.585754395, 231.05015564, 231.526168823, 232.002166748, 232.478179932, 232.954193115, 233.441802979, 233.929428101, 234.417053223]
    bpm_estimates: [93.9630737305, 95.7030792236, 95.7031936646, 97.5088424683, 97.5088424683, 95.7031173706, 99.3840255737, 97.5087738037, 97.5088424683, 97.5088424683, 97.5088424683, 97.5088424683, 97.5088424683, 95.7031173706, 97.5088424683, 97.5088424683, 97.5088424683, 97.5088424683, 99.3840255737, 97.5088424683, 97.5089950562, 97.5086975098, 97.5089950562, 97.5086975098, 97.5089950562, 97.5086975098, 97.5089950562, 97.5086975098, 97.5089950562, 97.5086975098, 97.5089950562, 97.5086975098, 97.5089950562, 97.5086975098, 97.5089950562, 97.5086975098, 97.5089950562, 97.5086975098, 97.5089950562, 97.5086975098, 97.5089950562, 97.5086975098, 97.5089950562, 97.5086975098, 97.5089950562, 97.5086975098, 97.5086975098, 97.5093002319, 97.5086975098, 97.5086975098, 97.5086975098, 97.5093002319, 97.5086975098, 95.7032623291, 97.5086975098, 97.5086975098, 97.5086975098, 97.5093002319, 97.5086975098, 97.5086975098, 97.5086975098, 97.5093002319, 99.3835525513, 97.5093002319, 97.5086975098, 95.7032623291, 95.7026824951, 99.3841781616, 97.5086975098, 97.5093002319, 97.5086975098, 97.5086975098, 97.5086975098, 97.5093002319, 97.5086975098, 97.5086975098, 97.5086975098, 97.5093002319, 99.3835525513, 97.5093002319, 97.5086975098, 95.7032623291, 97.5086975098, 97.5086975098, 97.5086975098, 97.5093002319, 95.7026824951, 99.3841781616, 97.5086975098, 97.5093002319, 99.3835525513, 97.5093002319, 97.5086975098, 97.5086975098, 99.3841781616, 97.5086975098, 95.7032623291, 95.7032623291, 97.5086975098, 97.5093002319, 99.3835525513, 95.7032623291, 97.5080871582, 97.5093002319, 99.3835525513, 95.7032623291, 97.5093002319, 97.5093002319, 97.5080871582, 97.5093002319, 97.5080871582, 97.5093002319, 97.5093002319, 97.5080871582, 97.5093002319, 97.5093002319, 97.5080871582, 97.5093002319, 97.5080871582, 97.5093002319, 97.5093002319, 97.5080871582, 99.3848114014, 97.5080871582, 97.5093002319, 95.7032623291, 97.5080871582, 97.5093002319, 97.5093002319, 97.5080871582, 97.5093002319, 97.5093002319, 97.5080871582, 97.5093002319, 97.5080871582, 97.5093002319, 97.5093002319, 97.5080871582, 97.5093002319, 97.5093002319, 99.3835525513, 95.7032623291, 97.5080871582, 97.5093002319, 97.5093002319, 97.5080871582, 97.5093002319, 97.5093002319, 97.5080871582, 97.5093002319, 97.5080871582, 97.5093002319, 97.5093002319, 97.5080871582, 97.5093002319, 97.5093002319, 97.5080871582, 97.5093002319, 97.5080871582, 97.5093002319, 97.5093002319, 97.5080871582, 97.5093002319, 97.5093002319, 97.5080871582, 97.5093002319, 97.5080871582, 97.5093002319, 97.5093002319, 97.5080871582, 95.7032623291, 99.3848114014, 97.5080871582, 97.5093002319, 97.5080871582, 97.5093002319, 97.5093002319, 97.5080871582, 95.7032623291, 99.3848114014, 99.3835525513, 99.3835525513, 97.5093002319, 97.5093002319, 95.7021026611, 95.7032623291, 97.5093002319, 97.5093002319, 97.5080871582, 97.5093002319, 97.5080871582, 97.5093002319, 97.5093002319, 97.5080871582, 97.5093002319, 97.5068817139, 97.5093002319, 97.5093002319, 97.5093002319, 97.5093002319, 97.5068817139, 97.5093002319, 97.5093002319, 95.7032623291, 97.5093002319, 97.5093002319, 97.5068817139, 97.5093002319, 97.5093002319, 97.5093002319, 97.5093002319, 97.5068817139, 99.3848114014, 97.5093002319, 97.5093002319, 97.5093002319, 97.5068817139, 97.5093002319, 97.5093002319, 97.5093002319, 97.5093002319, 97.5068817139, 97.5093002319, 97.5093002319, 97.5093002319, 97.5093002319, 97.5093002319, 97.5068817139, 97.5093002319, 97.5093002319, 97.5093002319, 97.5093002319, 97.5068817139, 97.5093002319, 97.5093002319, 99.3848114014]
