
metadata:
    version:
        essentia: "2.1-beta2"
    audio_properties:
        analysis_sample_rate: 44100
        bitrate: 128
        channels: 2
        equal_loudness: 1
        length: 218.044082642
        replay_gain: -11.0556430817
        downmix: "mix"
    tags:
        album: "Hilium"
        artist: "Hypnosis"
        comment: ""
        date: "2013"
        genre: "Métal"
        title: "Pendulum"
        tracknumber: "02"

configuration:
    average_loudness:
        compute: 1
        frameSize: 88200
        hopSize: 44100
        silentFrames: "noise"
        windowType: "hann"
    general:
        analysisSampleRate: 44100
        endTime: 2000
        equalLoudness: 1
        nequalLoudness: 0
        shortSound: 0
        startTime: 0
    lowlevel:
        compute: 1
        frameSize: 2048
        hopSize: 1024
        zeroPadding: 0
        silentFrames: "noise"
        windowType: "blackmanharris62"
        mfccStats: ["mean", "cov", "icov"]
        stats: ["mean", "var", "median", "min", "max", "dmean", "dmean2", "dvar", "dvar2"]
    panning:
        compute: 0
        frameSize: 8192
        hopSize: 2048
        zeroPadding: 8192
        silentFrames: "noise"
        windowType: "hann"
        stats: ["copy"]
    rhythm:
        compute: 1
        maxTempo: 208
        minTempo: 40
        method: "degara"
        stats: ["mean", "var", "median", "min", "max", "dmean", "dmean2", "dvar", "dvar2"]
    segmentation:
        compute: 0
        cpw: 5
        inc1: 300
        inc2: 50
        minimumSegmentsLength: 10
        size1: 1000
        size2: 600
    sfx:
        compute: 1
        stats: ["mean", "var", "median", "min", "max", "dmean", "dmean2", "dvar", "dvar2"]
    svm:
        compute: 0
    tonal:
        compute: 1
        frameSize: 4096
        hopSize: 2048
        zeroPadding: 0
        silentFrames: "noise"
        windowType: "blackmanharris62"
        stats: ["mean", "var", "median", "min", "max", "dmean", "dmean2", "dvar", "dvar2"]

lowlevel:
    average_loudness: 0.697882592678
    barkbands_kurtosis:
        dmean: 2.45449781418
        dmean2: 4.02131986618
        dvar: 269.416351318
        dvar2: 781.470092773
        max: 948.952941895
        mean: 3.2999150753
        median: -0.883661389351
        min: -1.92684149742
        var: 663.998718262
    barkbands_skewness:
        dmean: 0.469916433096
        dmean2: 0.721750259399
        dvar: 0.395111203194
        dvar2: 0.949768900871
        max: 25.9193782806
        mean: 0.833094418049
        median: 0.525118231773
        min: -4.07962322235
        var: 2.06271767616
    barkbands_spread:
        dmean: 5.01125621796
        dmean2: 7.81166648865
        dvar: 29.9648227692
        dvar2: 68.3431854248
        max: 71.6845092773
        mean: 28.1726207733
        median: 29.3366966248
        min: 0.0389893464744
        var: 154.162796021
    dissonance:
        dmean: 0.0165996048599
        dmean2: 0.0271771904081
        dvar: 0.000338135956554
        dvar2: 0.000852565164678
        max: 0.500000119209
        mean: 0.463673472404
        median: 0.474961996078
        min: 0.127131298184
        var: 0.00142293283716
    hfc:
        dmean: 1.54755246639
        dmean2: 2.57057356834
        dvar: 8.88611984253
        dvar2: 24.4449062347
        max: 45.0999069214
        mean: 5.28890895844
        median: 4.37674808502
        min: 1.08662534846e-016
        var: 22.787651062
    pitch:
        dmean: 633.701477051
        dmean2: 1219.51452637
        dvar: 1403454.75
        dvar2: 3560715
        max: 5470.03710938
        mean: 886.259399414
        median: 236.398483276
        min: 43.240650177
        var: 1704881.75
    pitch_instantaneous_confidence:
        dmean: 0.0825011879206
        dmean2: 0.130898788571
        dvar: 0.00605045957491
        dvar2: 0.013752816245
        max: 0.981451570988
        mean: 0.404175788164
        median: 0.364461690187
        min: 0.0892288088799
        var: 0.0301024783403
    pitch_salience:
        dmean: 0.0628015100956
        dmean2: 0.10098413378
        dvar: 0.00351854902692
        dvar2: 0.00842478871346
        max: 0.950817942619
        mean: 0.620513617992
        median: 0.640873193741
        min: 0.0311235971749
        var: 0.0147517118603
    silence_rate_20dB:
        dmean: 0
        dmean2: 0
        dvar: 0
        dvar2: 0
        max: 1
        mean: 1
        median: 1
        min: 1
        var: 0
    silence_rate_30dB:
        dmean: 0
        dmean2: 0
        dvar: 0
        dvar2: 0
        max: 1
        mean: 1
        median: 1
        min: 1
        var: 0
    silence_rate_60dB:
        dmean: 0.0719838142395
        dmean2: 0.143982961774
        dvar: 0.0668056532741
        dvar2: 0.147756919265
        max: 1
        mean: 0.436009377241
        median: 0
        min: 0
        var: 0.245907709002
    spectral_centroid:
        dmean: 223.065811157
        dmean2: 342.888519287
        dvar: 79840.2421875
        dvar2: 155618.46875
        max: 11774.2832031
        mean: 1301.1529541
        median: 1231.87609863
        min: 49.9214935303
        var: 1295033.125
    spectral_complexity:
        dmean: 2.8046002388
        dmean2: 4.59786987305
        dvar: 12.8476524353
        dvar2: 33.2237892151
        max: 48
        mean: 11.8367757797
        median: 10
        min: 0
        var: 72.6318359375
    spectral_crest:
        dmean: 2.16040062904
        dmean2: 3.44570183754
        dvar: 4.33142137527
        dvar2: 10.2029266357
        max: 26.484413147
        mean: 8.3436460495
        median: 7.29779338837
        min: 2.43884754181
        var: 17.3284511566
    spectral_decrease:
        dmean: 2.57028898165e-010
        dmean2: 4.2527056876e-010
        dvar: 1.70405358342e-019
        dvar2: 4.68329190107e-019
        max: 1.99796333543e-028
        mean: -9.58590540279e-010
        median: -8.33552504798e-010
        min: -9.76667191566e-009
        var: 5.03655178937e-019
    spectral_energy:
        dmean: 0.00107933231629
        dmean2: 0.00179104483686
        dvar: 3.0892911127e-006
        dvar2: 8.52599623613e-006
        max: 0.0377469919622
        mean: 0.00409766659141
        median: 0.00356132118031
        min: 1.01236825713e-020
        var: 9.2446225608e-006
    spectral_energyband_high:
        dmean: 9.71374756773e-005
        dmean2: 0.000164103243151
        dvar: 5.21430685296e-008
        dvar2: 1.42780450574e-007
        max: 0.00329173356295
        mean: 0.000185641954886
        median: 0.000121886885609
        min: 7.21192684353e-021
        var: 6.35137880067e-008
    spectral_energyband_low:
        dmean: 0.000269316573394
        dmean2: 0.000452788779512
        dvar: 2.65684235501e-007
        dvar2: 7.33887816295e-007
        max: 0.00781266856939
        mean: 0.000495818268973
        median: 0.000359526369721
        min: 1.25422454714e-023
        var: 3.33252245355e-007
    spectral_energyband_middle_high:
        dmean: 0.000479215814266
        dmean2: 0.000772368104663
        dvar: 6.04002821092e-007
        dvar2: 1.58826162533e-006
        max: 0.01251531858
        mean: 0.00160565762781
        median: 0.00114210112952
        min: 1.18622506212e-021
        var: 2.69147085419e-006
    spectral_energyband_middle_low:
        dmean: 0.000713730871212
        dmean2: 0.0011643973412
        dvar: 1.43865065638e-006
        dvar2: 3.85968996852e-006
        max: 0.0366744361818
        mean: 0.00195988849737
        median: 0.00160182407126
        min: 1.48306089995e-022
        var: 2.99548196381e-006
    spectral_flatness_db:
        dmean: 0.0210864190012
        dmean2: 0.0306081715971
        dvar: 0.000603508378845
        dvar2: 0.00114373443648
        max: 0.787256479263
        mean: 0.17485755682
        median: 0.150313392282
        min: 0.0441753640771
        var: 0.00570462178439
    spectral_flux:
        dmean: 0.00699848216027
        dmean2: 0.0111630177125
        dvar: 8.01786081865e-005
        dvar2: 0.000163270524354
        max: 0.145054370165
        mean: 0.033804282546
        median: 0.0338967368007
        min: 6.33520944038e-011
        var: 0.000349244161043
    spectral_kurtosis:
        dmean: 3.25793910027
        dmean2: 5.0378742218
        dvar: 119.719398499
        dvar2: 223.786468506
        max: 641.845336914
        mean: 7.93538379669
        median: 4.11853885651
        min: -1.25517570972
        var: 432.625762939
    spectral_rms:
        dmean: 0.000240592984483
        dmean2: 0.000390048488043
        dvar: 1.00175562068e-007
        dvar2: 2.70941882263e-007
        max: 0.00606847042218
        mean: 0.00184591929428
        median: 0.00186399021186
        min: 3.14273173457e-012
        var: 5.90294519043e-007
    spectral_rolloff:
        dmean: 420.367736816
        dmean2: 689.390380859
        dvar: 372755.1875
        dvar2: 770349.9375
        max: 19616.7480469
        mean: 2581.17041016
        median: 2713.18359375
        min: 64.599609375
        var: 3971432.75
    spectral_skewness:
        dmean: 0.302637904882
        dmean2: 0.464108109474
        dvar: 0.334885239601
        dvar2: 0.653686523438
        max: 21.2048110962
        mean: 1.76523137093
        median: 1.50873196125
        min: -0.226903393865
        var: 1.67629492283
    spectral_spread:
        dmean: 665113.3125
        dmean2: 960920.5
        dvar: 1.03550969446e+012
        dvar2: 2.03288307302e+012
        max: 42452032
        mean: 4797593
        median: 4098989.5
        min: 163537.140625
        var: 1.55774416323e+013
    spectral_strongpeak:
        dmean: 0.265483170748
        dmean2: 0.456171900034
        dvar: 0.228545933962
        dvar2: 0.618931949139
        max: 5.90670490265
        mean: 0.445278972387
        median: 0.237836897373
        min: 0
        var: 0.342394948006
    zerocrossingrate:
        dmean: 0.00812545511872
        dmean2: 0.00954134855419
        dvar: 0.000100114069937
        dvar2: 0.000122613506392
        max: 0.52685546875
        mean: 0.0776199772954
        median: 0.0771484375
        min: 0.001953125
        var: 0.00270564598031
    barkbands:
        dmean: [4.63747426238e-007, 8.23765876703e-005, 0.000154391018441, 0.000206502416404, 0.000394477130612, 0.000187937082956, 0.000143706100062, 9.75751827355e-005, 0.000118940137327, 6.90208034939e-005, 4.33535969933e-005, 7.88285178714e-005, 5.24072638655e-005, 3.20885483234e-005, 7.08130246494e-005, 0.000119789023302, 0.00013661471894, 0.000112508234452, 0.000134788977448, 8.10176716186e-005, 4.59172624687e-005, 1.87912391993e-005, 3.40563451573e-006, 1.57625038355e-006, 8.95092227893e-007, 5.58913910709e-008, 4.5636164292e-010]
        dmean2: [6.95214453117e-007, 0.000136011265568, 0.000264195579803, 0.000348916801158, 0.000646944448818, 0.000308023241814, 0.000233584694797, 0.000159598697792, 0.000183803364052, 0.000102306868939, 6.8261360866e-005, 0.000123299119878, 8.09834091342e-005, 5.27629854332e-005, 0.000117537732876, 0.000203437011805, 0.000229681565543, 0.000188542966498, 0.000224083531066, 0.000137774986797, 7.86363234511e-005, 3.14857934427e-005, 5.57308248972e-006, 2.57379133473e-006, 1.45194906054e-006, 9.12534972031e-008, 7.87868215113e-010]
        dvar: [5.85766190327e-013, 2.23471072758e-008, 1.00868057018e-007, 1.5444648227e-007, 7.88520026163e-007, 1.12480371683e-007, 7.08057328325e-008, 4.2987544191e-008, 4.68483492e-008, 4.39733263136e-008, 1.34940929541e-008, 4.66141365507e-008, 2.5743423393e-008, 8.62893045905e-009, 2.48031089001e-008, 9.57122097134e-008, 5.40362030677e-008, 5.10090458761e-008, 5.99351253072e-008, 3.03313250072e-008, 1.29202382126e-008, 2.20690443697e-009, 5.20868591314e-011, 1.27000718969e-011, 3.61506788046e-012, 1.5801940038e-014, 1.10617808661e-018]
        dvar2: [1.30235145585e-012, 5.96258331598e-008, 2.8267143648e-007, 4.37859313251e-007, 1.97004737856e-006, 3.00598514968e-007, 1.77788393785e-007, 1.04791162414e-007, 1.03255359818e-007, 8.59696243083e-008, 3.21659143765e-008, 1.12315966305e-007, 5.5515311459e-008, 2.04072332366e-008, 6.72224871323e-008, 2.66419590389e-007, 1.46895132502e-007, 1.38779483905e-007, 1.52761018057e-007, 8.38045863816e-008, 3.53662343855e-008, 5.6723026276e-009, 1.21026230704e-010, 2.83200268791e-011, 8.5264816041e-012, 3.79339233094e-014, 2.94980443973e-018]
        max: [1.45520079968e-005, 0.00226573017426, 0.00539887975901, 0.00999576970935, 0.0329826325178, 0.00511508574709, 0.00605821004137, 0.00596613204107, 0.004272446502, 0.00536979734898, 0.00375131238252, 0.00534194940701, 0.0038438604679, 0.00329091167077, 0.00359200476669, 0.00912106689066, 0.00388861750253, 0.00489981891587, 0.00554533395916, 0.00312135950662, 0.00168354297057, 0.00125989131629, 0.000138396382681, 0.000122496960103, 5.54290672881e-005, 3.51218022843e-006, 2.58185473001e-008]
        mean: [1.11589042717e-006, 0.000142298114952, 0.000217228676775, 0.00030983358738, 0.000685270410031, 0.000345285428921, 0.000226959717111, 0.000151905900566, 0.000221071211854, 0.000126153550809, 6.80912125972e-005, 0.000126087819808, 8.34945385577e-005, 4.81686765852e-005, 0.000125015707454, 0.00020870033768, 0.000268804316875, 0.000204309471883, 0.000268995267106, 0.000155834321049, 7.44503122405e-005, 2.87345537799e-005, 5.82776829106e-006, 2.48097467193e-006, 1.47484047375e-006, 7.63448113617e-008, 4.36843422547e-010]
        median: [5.35989556738e-007, 8.95973207662e-005, 0.000125844206195, 0.000152801861987, 0.000431485997979, 0.000192379375221, 0.000108326770714, 5.63672474527e-005, 9.30685491767e-005, 2.40169574681e-005, 1.85098760994e-005, 1.61111165653e-005, 8.73177668836e-006, 2.20353886107e-005, 7.73307765485e-005, 0.000107655541797, 0.000192200590391, 0.000122346129501, 0.000198961090064, 0.000122186727822, 3.83983133361e-005, 1.44892846947e-005, 2.55548275163e-006, 1.07948767436e-006, 5.81797849009e-007, 1.8193237139e-008, 1.10012721155e-010]
        min: [2.54331368945e-025, 1.48964213772e-024, 1.13756868394e-024, 8.02426157347e-025, 7.12097244964e-024, 1.08915926814e-023, 5.79131544503e-024, 5.0496059394e-024, 1.09323444469e-023, 1.15264237617e-023, 1.67187803928e-023, 2.62917400063e-023, 2.86606766829e-023, 2.56969593941e-023, 5.12928025974e-023, 6.84695672328e-023, 7.83385516341e-023, 5.95827462129e-023, 1.19235934549e-022, 1.64649811204e-022, 1.95602819859e-022, 3.57096404891e-022, 3.9400267543e-022, 5.49687517897e-022, 7.31749748577e-022, 1.3814251464e-021, 2.09372075201e-021]
        var: [2.27026058543e-012, 3.37195835698e-008, 1.00052851337e-007, 2.50238997523e-007, 1.21323989788e-006, 2.28330080176e-007, 1.3895231632e-007, 8.97824889989e-008, 1.46552537217e-007, 1.43623040572e-007, 2.52747192064e-008, 9.30381887088e-008, 6.25317824188e-008, 1.75484444753e-008, 3.88855596611e-008, 1.42894236888e-007, 1.00668671621e-007, 8.82103776689e-008, 1.07613828959e-007, 3.72959654271e-008, 1.47270542428e-008, 2.90773871647e-009, 1.02648792244e-010, 2.46825546113e-011, 8.4281297219e-012, 2.500073648e-014, 1.03296143547e-018]
    frequency_bands:
        dmean: [4.63747426238e-007, 8.23765876703e-005, 0.000154391018441, 0.000206502416404, 0.000394477130612, 0.000187937082956, 0.000143706100062, 9.75751827355e-005, 0.000118940137327, 6.90208034939e-005, 4.33535969933e-005, 7.88285178714e-005, 5.24072638655e-005, 3.20885483234e-005, 7.08130246494e-005, 0.000119789023302, 0.00013661471894, 0.000112508234452, 0.000134788977448, 8.10176716186e-005, 4.59172624687e-005, 1.87912391993e-005, 3.40563451573e-006, 1.57625038355e-006, 8.95092227893e-007, 5.58913910709e-008, 4.5636164292e-010, 4.71401910562e-011]
        dmean2: [6.95214453117e-007, 0.000136011265568, 0.000264195579803, 0.000348916801158, 0.000646944448818, 0.000308023241814, 0.000233584694797, 0.000159598697792, 0.000183803364052, 0.000102306868939, 6.8261360866e-005, 0.000123299119878, 8.09834091342e-005, 5.27629854332e-005, 0.000117537732876, 0.000203437011805, 0.000229681565543, 0.000188542966498, 0.000224083531066, 0.000137774986797, 7.86363234511e-005, 3.14857934427e-005, 5.57308248972e-006, 2.57379133473e-006, 1.45194906054e-006, 9.12534972031e-008, 7.87868215113e-010, 8.77387953957e-011]
        dvar: [5.85766190327e-013, 2.23471072758e-008, 1.00868057018e-007, 1.5444648227e-007, 7.88520026163e-007, 1.12480371683e-007, 7.08057328325e-008, 4.2987544191e-008, 4.68483492e-008, 4.39733263136e-008, 1.34940929541e-008, 4.66141365507e-008, 2.5743423393e-008, 8.62893045905e-009, 2.48031089001e-008, 9.57122097134e-008, 5.40362030677e-008, 5.10090458761e-008, 5.99351253072e-008, 3.03313250072e-008, 1.29202382126e-008, 2.20690443697e-009, 5.20868591314e-011, 1.27000718969e-011, 3.61506788046e-012, 1.5801940038e-014, 1.10617808661e-018, 6.06736777359e-021]
        dvar2: [1.30235145585e-012, 5.96258331598e-008, 2.8267143648e-007, 4.37859313251e-007, 1.97004737856e-006, 3.00598514968e-007, 1.77788393785e-007, 1.04791162414e-007, 1.03255359818e-007, 8.59696243083e-008, 3.21659143765e-008, 1.12315966305e-007, 5.5515311459e-008, 2.04072332366e-008, 6.72224871323e-008, 2.66419590389e-007, 1.46895132502e-007, 1.38779483905e-007, 1.52761018057e-007, 8.38045863816e-008, 3.53662343855e-008, 5.6723026276e-009, 1.21026230704e-010, 2.83200268791e-011, 8.5264816041e-012, 3.79339233094e-014, 2.94980443973e-018, 1.94010705186e-020]
        max: [1.45520079968e-005, 0.00226573017426, 0.00539887975901, 0.00999576970935, 0.0329826325178, 0.00511508574709, 0.00605821004137, 0.00596613204107, 0.004272446502, 0.00536979734898, 0.00375131238252, 0.00534194940701, 0.0038438604679, 0.00329091167077, 0.00359200476669, 0.00912106689066, 0.00388861750253, 0.00489981891587, 0.00554533395916, 0.00312135950662, 0.00168354297057, 0.00125989131629, 0.000138396382681, 0.000122496960103, 5.54290672881e-005, 3.51218022843e-006, 2.58185473001e-008, 1.07399744653e-009]
        mean: [1.11589042717e-006, 0.000142298114952, 0.000217228676775, 0.00030983358738, 0.000685270410031, 0.000345285428921, 0.000226959717111, 0.000151905900566, 0.000221071211854, 0.000126153550809, 6.80912125972e-005, 0.000126087819808, 8.34945385577e-005, 4.81686765852e-005, 0.000125015707454, 0.00020870033768, 0.000268804316875, 0.000204309471883, 0.000268995267106, 0.000155834321049, 7.44503122405e-005, 2.87345537799e-005, 5.82776829106e-006, 2.48097467193e-006, 1.47484047375e-006, 7.63448113617e-008, 4.36843422547e-010, 3.66772098803e-011]
        median: [5.35989556738e-007, 8.95973207662e-005, 0.000125844206195, 0.000152801861987, 0.000431485997979, 0.000192379375221, 0.000108326770714, 5.63672474527e-005, 9.30685491767e-005, 2.40169574681e-005, 1.85098760994e-005, 1.61111165653e-005, 8.73177668836e-006, 2.20353886107e-005, 7.73307765485e-005, 0.000107655541797, 0.000192200590391, 0.000122346129501, 0.000198961090064, 0.000122186727822, 3.83983133361e-005, 1.44892846947e-005, 2.55548275163e-006, 1.07948767436e-006, 5.81797849009e-007, 1.8193237139e-008, 1.10012721155e-010, 1.13876044011e-011]
        min: [2.54331368945e-025, 1.48964213772e-024, 1.13756868394e-024, 8.02426157347e-025, 7.12097244964e-024, 1.08915926814e-023, 5.79131544503e-024, 5.0496059394e-024, 1.09323444469e-023, 1.15264237617e-023, 1.67187803928e-023, 2.62917400063e-023, 2.86606766829e-023, 2.56969593941e-023, 5.12928025974e-023, 6.84695672328e-023, 7.83385516341e-023, 5.95827462129e-023, 1.19235934549e-022, 1.64649811204e-022, 1.95602819859e-022, 3.57096404891e-022, 3.9400267543e-022, 5.49687517897e-022, 7.31749748577e-022, 1.3814251464e-021, 2.09372075201e-021, 5.31197224124e-022]
        var: [2.27026058543e-012, 3.37195835698e-008, 1.00052851337e-007, 2.50238997523e-007, 1.21323989788e-006, 2.28330080176e-007, 1.3895231632e-007, 8.97824889989e-008, 1.46552537217e-007, 1.43623040572e-007, 2.52747192064e-008, 9.30381887088e-008, 6.25317824188e-008, 1.75484444753e-008, 3.88855596611e-008, 1.42894236888e-007, 1.00668671621e-007, 8.82103776689e-008, 1.07613828959e-007, 3.72959654271e-008, 1.47270542428e-008, 2.90773871647e-009, 1.02648792244e-010, 2.46825546113e-011, 8.4281297219e-012, 2.500073648e-014, 1.03296143547e-018, 4.79613495935e-021]
    mfcc:
        mean: [-752.03326416, 119.44254303, -32.9259986877, 57.3774337769, -2.46375012398, -12.1415567398, -7.71139240265, -4.3293671608, 0.64568990469, -4.47513961792, -8.67453384399, -7.32802677155, -1.1423522234]
        cov: [[11100.7558594, 408.832733154, -2138.51660156, 545.99810791, -841.805297852, -180.995910645, -287.828887939, 110.791984558, 99.7617721558, -37.9145774841, -30.7439136505, -44.3158836365, -16.7850151062], [408.832733154, 1445.08728027, -98.1596298218, 183.340484619, 215.950744629, -53.1729660034, 112.725883484, 48.1979370117, 21.5863418579, 16.556892395, -35.3718605042, -9.2553768158, -0.340849518776], [-2138.51660156, -98.1596298218, 1198.87768555, -33.0907745361, 257.629577637, 192.901763916, 75.8489532471, 12.9679279327, -16.3065414429, 15.092458725, 24.1657829285, 26.2121086121, 0.781884849072], [545.99810791, 183.340484619, -33.0907745361, 431.712615967, 121.085960388, -9.61899662018, -6.09677267075, -16.273059845, 51.6057052612, 53.1932144165, -8.260597229, -40.4218063354, -4.8158864975], [-841.805297852, 215.950744629, 257.629577637, 121.085960388, 338.559448242, 65.8651885986, 60.3289718628, 7.95164585114, 31.0627937317, 52.5398330688, -8.05872058868, -10.7776041031, 12.9463233948], [-180.995910645, -53.1729660034, 192.901763916, -9.61899662018, 65.8651885986, 208.501342773, 79.6397628784, 46.292930603, 1.18980646133, 7.6661067009, 22.919210434, 27.6376628876, -1.26313555241], [-287.828887939, 112.725883484, 75.8489532471, -6.09677267075, 60.3289718628, 79.6397628784, 188.893814087, 71.4345932007, 32.5685119629, 18.885843277, 18.0474948883, 26.2459564209, -7.18212604523], [110.791984558, 48.1979370117, 12.9679279327, -16.273059845, 7.95164585114, 46.292930603, 71.4345932007, 154.954116821, 57.6739883423, 12.1321897507, 5.33388328552, 18.4991073608, 3.10906004906], [99.7617721558, 21.5863418579, -16.3065414429, 51.6057052612, 31.0627937317, 1.18980646133, 32.5685119629, 57.6739883423, 139.29510498, 56.9181480408, 14.1644277573, -7.94602108002, -10.905087471], [-37.9145774841, 16.556892395, 15.092458725, 53.1932144165, 52.5398330688, 7.6661067009, 18.885843277, 12.1321897507, 56.9181480408, 118.335159302, 43.8368148804, 2.96777153015, -0.0711280629039], [-30.7439136505, -35.3718605042, 24.1657829285, -8.260597229, -8.05872058868, 22.919210434, 18.0474948883, 5.33388328552, 14.1644277573, 43.8368148804, 96.083404541, 37.7855529785, -4.16262817383], [-44.3158836365, -9.2553768158, 26.2121086121, -40.4218063354, -10.7776041031, 27.6376628876, 26.2459564209, 18.4991073608, -7.94602108002, 2.96777153015, 37.7855529785, 87.8886947632, 32.8128700256], [-16.7850151062, -0.340849518776, 0.781884849072, -4.8158864975, 12.9463233948, -1.26313555241, -7.18212604523, 3.10906004906, -10.905087471, -0.0711280629039, -4.16262817383, 32.8128700256, 83.4960250854]]
        icov: [[0.000212674582144, -0.000106637096906, 0.000286318943836, -0.000354929768946, 0.000531497702468, -0.000373715767637, 0.000349496229319, -0.000222480972297, -7.77556851972e-005, -1.55633351824e-005, 4.15737449657e-005, -4.38530441897e-005, -2.14138635783e-005], [-0.000106637096906, 0.000963474623859, 1.93513733393e-005, -8.4028863057e-005, -0.000940075668041, 0.000760072085541, -0.00074802536983, -0.000191917963093, 0.000343953463016, 0.000148439386976, 0.00017615086108, -0.000217904555029, 0.000216995787923], [0.000286318943836, 1.93513733393e-005, 0.00158123951405, -0.000239589979174, -0.000316226418363, -0.00122598779853, 0.000507473538164, -0.000234381601331, 6.86107741785e-005, 0.000182497387868, -0.000141425436595, -0.000202203940717, 0.000193404193851], [-0.000354929768946, -8.4028863057e-005, -0.000239589979174, 0.00358971464448, -0.0017884435365, 0.000373604794731, -0.000182677176781, 0.000933333241846, -0.000721775752027, -0.000632878683973, -7.97452885308e-005, 0.00110753567424, -0.000163944161613], [0.000531497702468, -0.000940075668041, -0.000316226418363, -0.0017884435365, 0.00656044203788, -0.0018922702875, 7.96316599008e-005, 0.00020434531325, -0.000576519814786, -0.00192005292047, 0.00135300203692, 0.000700558885001, -0.00132857798599], [-0.000373715767637, 0.000760072085541, -0.00122598779853, 0.000373604794731, -0.0018922702875, 0.00797665864229, -0.00284650409594, -0.00118588993791, 0.00130683020689, 0.000401787779992, -0.000929324887693, -0.000960073200986, 0.000676375406329], [0.000349496229319, -0.00074802536983, 0.000507473538164, -0.000182677176781, 7.96316599008e-005, -0.00284650409594, 0.0087673086673, -0.00277332519181, -0.000767181743868, -0.000285027606878, -8.29063355923e-005, -0.00184149015695, 0.00147302460391], [-0.000222480972297, -0.000191917963093, -0.000234381601331, 0.000933333241846, 0.00020434531325, -0.00118588993791, -0.00277332519181, 0.0100373374298, -0.00421328749508, 0.000659694022033, 0.000968262029346, -0.00106509192847, -0.000734289991669], [-7.77556851972e-005, 0.000343953463016, 6.86107741785e-005, -0.000721775752027, -0.000576519814786, 0.00130683020689, -0.000767181743868, -0.00421328749508, 0.0115418341011, -0.00466352328658, 0.000155988745973, 0.000931668386329, 0.00128865975421], [-1.55633351824e-005, 0.000148439386976, 0.000182497387868, -0.000632878683973, -0.00192005292047, 0.000401787779992, -0.000285027606878, 0.000659694022033, -0.00466352328658, 0.014238233678, -0.00688901543617, 0.00184851174708, -0.00145287124906], [4.15737449657e-005, 0.00017615086108, -0.000141425436595, -7.97452885308e-005, 0.00135300203692, -0.000929324887693, -8.29063355923e-005, 0.000968262029346, 0.000155988745973, -0.00688901543617, 0.0173901356757, -0.00836439616978, 0.00390734616667], [-4.38530441897e-005, -0.000217904555029, -0.000202203940717, 0.00110753567424, 0.000700558885001, -0.000960073200986, -0.00184149015695, -0.00106509192847, 0.000931668386329, 0.00184851174708, -0.00836439616978, 0.0197607968003, -0.00824530422688], [-2.14138635783e-005, 0.000216995787923, 0.000193404193851, -0.000163944161613, -0.00132857798599, 0.000676375406329, 0.00147302460391, -0.000734289991669, 0.00128865975421, -0.00145287124906, 0.00390734616667, -0.00824530422688, 0.0159343779087]]
    sccoeffs:
        dmean: [0.0509348139167, 0.0485139489174, 0.0383666865528, 0.0313412845135, 0.0223999787122, 0.0224671401083]
        dmean2: [0.0834077745676, 0.0785236656666, 0.0626270771027, 0.0511895380914, 0.0363795720041, 0.0356994904578]
        dvar: [0.00177738186903, 0.00157812028192, 0.000963017519098, 0.000675499148201, 0.000385310617276, 0.000424839236075]
        dvar2: [0.00470372568816, 0.00389464828186, 0.00250651780516, 0.00170366396196, 0.000912880117539, 0.000967282510828]
        max: [-0.214541718364, -0.387385874987, -0.493173032999, -0.528771400452, -0.500470936298, -0.575860440731]
        mean: [-0.667128503323, -0.737673521042, -0.771632254124, -0.775931596756, -0.795458614826, -0.757020115852]
        median: [-0.675410628319, -0.748219013214, -0.778503537178, -0.776220917702, -0.794066905975, -0.753188729286]
        min: [-0.99222612381, -0.980159640312, -0.978518664837, -0.98018693924, -0.979662597179, -0.963837862015]
        var: [0.00806506443769, 0.00777568761259, 0.00508570903912, 0.00315774721093, 0.00217851670459, 0.00261968839914]
    scvalleys:
        dmean: [0.386395424604, 0.400206506252, 0.33949521184, 0.306228995323, 0.281158328056, 0.454831451178]
        dmean2: [0.6266669631, 0.647664904594, 0.531112968922, 0.469030946493, 0.423440665007, 0.654162526131]
        dvar: [0.160766065121, 0.185721859336, 0.14794819057, 0.143056169152, 0.171289846301, 0.367660135031]
        dvar2: [0.327930927277, 0.368654757738, 0.266338557005, 0.250435680151, 0.3218139112, 0.742846488953]
        max: [-4.71821022034, -4.56689214706, -5.14292621613, -5.65756225586, -5.30018281937, -7.90971136093]
        mean: [-7.01101589203, -7.02078056335, -7.75923347473, -8.03806591034, -7.79377794266, -10.7428474426]
        median: [-6.39767742157, -6.45139217377, -7.26672363281, -7.4296836853, -7.07712364197, -10.1191272736]
        min: [-28.3733921051, -28.0456008911, -27.6722259521, -27.6808280945, -27.609539032, -27.4176235199]
        var: [6.49708557129, 6.0716881752, 5.66418266296, 5.69418668747, 5.86921072006, 5.07822799683]

rhythm:
    beats_loudness:
        dmean: 0.00150077173021
        dmean2: 0.00250380998477
        dvar: 2.16115972762e-006
        dvar2: 5.44972454009e-006
        max: 0.0147040858865
        mean: 0.00415654620156
        median: 0.00388308195397
        min: 0
        var: 6.17896557742e-006
    bpm: 96.9525375366
    bpm_confidence: 0
    first_peak_bpm: 98
    first_peak_spread: 0.333333343267
    first_peak_weight: 0.662857174873
    onset_rate: 3.28832602501
    second_peak_bpm: 92
    second_peak_spread: 0
    second_peak_weight: 0.00571428565308
    beats_loudness_band_ratio:
        dmean: [0.165206357837, 0.136233046651, 0.09229490906, 0.0499620065093, 0.0883610919118, 0.0748947560787]
        dmean2: [0.284263908863, 0.240460500121, 0.163195580244, 0.0889669954777, 0.156180605292, 0.134301900864]
        dvar: [0.0222564544529, 0.0107348002493, 0.00726613635197, 0.00493827695027, 0.00755128404126, 0.00457811681554]
        dvar2: [0.0627014562488, 0.0321712642908, 0.0209132097661, 0.0114006120712, 0.0220498591661, 0.0135713238269]
        max: [0.998360455036, 0.66369587183, 0.631350576878, 0.554249405861, 0.762716889381, 0.453699856997]
        mean: [0.254319369793, 0.233454152942, 0.155453830957, 0.0740558058023, 0.192211404443, 0.122659251094]
        median: [0.195286393166, 0.199142187834, 0.137538611889, 0.0408370420337, 0.193885654211, 0.115613304079]
        min: [0, 0, 0, 0, 0, 0]
        var: [0.0405667163432, 0.0190686900169, 0.0109038501978, 0.0086164958775, 0.0135337412357, 0.00605997117236]
    beats_position: [0.626938760281, 1.26548755169, 1.88081634045, 2.50775504112, 3.13469386101, 3.76163268089, 4.38857126236, 5.00390005112, 5.61922883987, 6.23455762863, 6.84988641739, 7.45360517502, 8.05732440948, 8.66104316711, 9.287981987, 9.91492080688, 10.5302495956, 11.1455783844, 11.7609071732, 12.3762359619, 12.9915647507, 13.6068935394, 14.2222223282, 14.8375511169, 15.4644899368, 16.0798187256, 16.6951465607, 17.298866272, 17.9258041382, 18.5527439117, 19.179681778, 19.8066215515, 20.4335594177, 21.0604991913, 21.6874370575, 22.3143768311, 22.918094635, 23.5450344086, 24.1603622437, 24.7873020172, 25.4026298523, 26.0179595947, 26.6332874298, 27.2602272034, 27.8755550385, 28.4908847809, 29.106212616, 29.7099323273, 30.3368701935, 30.9638080597, 31.5791378021, 32.1944656372, 32.8214035034, 33.4367332458, 34.0636711121, 34.6790008545, 35.2943305969, 35.8980484009, 36.5249862671, 37.151927948, 37.7672538757, 38.3825836182, 38.9979133606, 39.613243103, 40.2285690308, 40.8438987732, 41.4708366394, 42.0977783203, 42.7247161865, 43.340045929, 43.9553718567, 44.5707015991, 45.1860313416, 45.8129692078, 46.4282989502, 47.0552368164, 47.6705665588, 48.2858963013, 48.901222229, 49.5281639099, 50.1434898376, 50.7588195801, 51.3741493225, 51.9778671265, 52.5931968689, 53.2201347351, 53.8354644775, 54.4624023438, 55.0777320862, 55.7046699524, 56.3316078186, 56.946937561, 57.5622673035, 58.1775970459, 58.7929229736, 59.4198646545, 60.0351905823, 60.6505203247, 61.2774581909, 61.8927879333, 62.5081176758, 63.1234474182, 63.7387733459, 64.3657150269, 64.9810409546, 65.5963668823, 66.2117004395, 66.8386383057, 67.4539642334, 68.0809020996, 68.6962356567, 69.3115615845, 69.9268951416, 70.5422210693, 71.1691589355, 71.7844848633, 72.3998184204, 73.0151443481, 73.6304779053, 74.2574157715, 74.8843536377, 75.4996795654, 76.1150131226, 76.7303390503, 77.345664978, 77.9609985352, 78.5763244629, 79.2032623291, 79.8302001953, 80.4455337524, 81.0608596802, 81.6877975464, 82.3147354126, 82.9300689697, 83.5453948975, 84.1607208252, 84.7760543823, 85.4029922485, 86.0183181763, 86.6336517334, 87.2605895996, 87.8875274658, 88.5028533936, 89.1181869507, 89.7335128784, 90.3488388062, 90.9641723633, 91.579498291, 92.1948318481, 92.8101577759, 93.4370956421, 94.0640335083, 94.6793670654, 95.2946929932, 95.9216308594, 96.5369567871, 97.1522903442, 97.7792282104, 98.3945541382, 99.0098876953, 99.625213623, 100.240539551, 100.867477417, 101.482810974, 102.098136902, 102.713470459, 103.328796387, 103.955734253, 104.582672119, 105.198005676, 105.813331604, 106.428657532, 107.043991089, 107.659317017, 108.274642944, 108.90158844, 109.528526306, 110.143852234, 110.759178162, 111.374511719, 111.989837646, 112.605171204, 113.220497131, 113.847434998, 114.474372864, 115.089706421, 115.705032349, 116.331970215, 116.947296143, 117.5626297, 118.177955627, 118.793289185, 119.420227051, 120.047164917, 120.662490845, 121.277824402, 121.89315033, 122.508476257, 123.135414124, 123.762359619, 124.377685547, 124.993011475, 125.619949341, 126.235282898, 126.862220764, 127.477546692, 128.092880249, 128.708206177, 129.311920166, 129.927261353, 130.54258728, 131.169525146, 131.796463013, 132.41178894, 133.027114868, 133.642440796, 134.257781982, 134.884719849, 135.500045776, 136.115371704, 136.74230957, 137.357635498, 137.972961426, 138.588302612, 139.20362854, 139.830566406, 140.445892334, 141.061218262, 141.676544189, 142.291885376, 142.918823242, 143.545761108, 144.161087036, 144.776412964, 145.40335083, 146.018676758, 146.634017944, 147.249343872, 147.8646698, 148.491607666, 149.106933594, 149.722259521, 150.337600708, 150.952926636, 151.579864502, 152.206802368, 152.833740234, 153.449066162, 154.06439209, 154.679718018, 155.295059204, 155.898773193, 156.52571106, 157.141036987, 157.756362915, 158.371704102, 158.987030029, 159.613967896, 160.240905762, 160.856231689, 161.471557617, 162.098495483, 162.702224731, 163.317550659, 163.944488525, 164.559814453, 165.186752319, 165.825302124, 166.440628052, 167.0443573, 167.648071289, 168.251785278, 168.878723145, 169.505661011, 170.121002197, 170.736328125, 171.363265991, 171.990203857, 172.605529785, 173.232467651, 173.847793579, 174.463119507, 175.090057373, 175.70539856, 176.320724487, 176.936050415, 177.562988281, 178.178314209, 178.793640137, 179.420593262, 180.047531128, 180.662857056, 181.278182983, 181.893508911, 182.508834839, 183.135772705, 183.751113892, 184.366439819, 184.981765747, 185.597091675, 186.224029541, 186.839355469, 187.454696655, 188.081634521, 188.696960449, 189.312286377, 189.939224243, 190.554550171, 191.169876099, 191.785217285, 192.412155151, 193.039093018, 193.654418945, 194.269744873, 194.885070801, 195.500411987, 196.115737915, 196.742675781, 197.369613647, 197.984939575, 198.600265503, 199.215591431, 199.830932617, 200.446258545, 201.061584473, 201.688522339, 202.315460205, 202.930786133, 203.546112061, 204.161453247, 204.776779175, 205.403717041, 206.019042969, 206.634368896, 207.261306763, 207.87663269, 208.491973877, 209.107299805, 209.722625732, 210.349563599, 210.964889526, 211.580215454, 212.218765259, 212.857315063, 213.495864868, 214.134414673, 214.761352539, 215.388290405, 216.015228271, 216.665390015, 217.315551758]
