
metadata:
    version:
        essentia: "2.1-beta2"
    audio_properties:
        analysis_sample_rate: 44100
        bitrate: 128
        channels: 2
        equal_loudness: 1
        length: 272.587768555
        replay_gain: -10.5794315338
        downmix: "mix"
    tags:
        album: "Hilium"
        artist: "Hypnosis"
        comment: ""
        date: "2013"
        genre: "Métal"
        title: "Slaves of Senses"
        tracknumber: "05"

configuration:
    average_loudness:
        compute: 1
        frameSize: 88200
        hopSize: 44100
        silentFrames: "noise"
        windowType: "hann"
    general:
        analysisSampleRate: 44100
        endTime: 2000
        equalLoudness: 1
        nequalLoudness: 0
        shortSound: 0
        startTime: 0
    lowlevel:
        compute: 1
        frameSize: 2048
        hopSize: 1024
        zeroPadding: 0
        silentFrames: "noise"
        windowType: "blackmanharris62"
        mfccStats: ["mean", "cov", "icov"]
        stats: ["mean", "var", "median", "min", "max", "dmean", "dmean2", "dvar", "dvar2"]
    panning:
        compute: 0
        frameSize: 8192
        hopSize: 2048
        zeroPadding: 8192
        silentFrames: "noise"
        windowType: "hann"
        stats: ["copy"]
    rhythm:
        compute: 1
        maxTempo: 208
        minTempo: 40
        method: "degara"
        stats: ["mean", "var", "median", "min", "max", "dmean", "dmean2", "dvar", "dvar2"]
    segmentation:
        compute: 0
        cpw: 5
        inc1: 300
        inc2: 50
        minimumSegmentsLength: 10
        size1: 1000
        size2: 600
    sfx:
        compute: 1
        stats: ["mean", "var", "median", "min", "max", "dmean", "dmean2", "dvar", "dvar2"]
    svm:
        compute: 0
    tonal:
        compute: 1
        frameSize: 4096
        hopSize: 2048
        zeroPadding: 0
        silentFrames: "noise"
        windowType: "blackmanharris62"
        stats: ["mean", "var", "median", "min", "max", "dmean", "dmean2", "dvar", "dvar2"]

lowlevel:
    average_loudness: 0.834420263767
    barkbands_kurtosis:
        dmean: 2.32344007492
        dmean2: 3.6151664257
        dvar: 64.4475860596
        dvar2: 155.3175354
        max: 311.283477783
        mean: 2.05989480019
        median: -1.17246651649
        min: -1.94585037231
        var: 143.484115601
    barkbands_skewness:
        dmean: 0.534057438374
        dmean2: 0.804180622101
        dvar: 0.393457144499
        dvar2: 0.847882270813
        max: 13.5479469299
        mean: 0.587045550346
        median: 0.225720286369
        min: -5.40957975388
        var: 2.26409363747
    barkbands_spread:
        dmean: 5.67354393005
        dmean2: 8.76039600372
        dvar: 38.2096824646
        dvar2: 80.8764038086
        max: 85.4722747803
        mean: 32.0218696594
        median: 35.0330696106
        min: 0.281074792147
        var: 172.615692139
    dissonance:
        dmean: 0.0138090224937
        dmean2: 0.0227519758046
        dvar: 0.000247172109084
        dvar2: 0.00063714699354
        max: 0.500000059605
        mean: 0.472463130951
        median: 0.480274647474
        min: 0.116695679724
        var: 0.000770600512624
    hfc:
        dmean: 1.76590931416
        dmean2: 2.71228790283
        dvar: 7.09810209274
        dvar2: 15.7727117538
        max: 61.1357879639
        mean: 6.58721590042
        median: 6.01746082306
        min: 1.09488822103e-016
        var: 33.9897270203
    pitch:
        dmean: 722.54864502
        dmean2: 1392.7019043
        dvar: 1530720.875
        dvar2: 3755670.75
        max: 5727.99072266
        mean: 1244.90930176
        median: 279.481964111
        min: 43.1287879944
        var: 2249434.5
    pitch_instantaneous_confidence:
        dmean: 0.0860708132386
        dmean2: 0.139321878552
        dvar: 0.00618384731933
        dvar2: 0.0145225897431
        max: 0.961358308792
        mean: 0.429323703051
        median: 0.380543112755
        min: 0.09751111269
        var: 0.0330450125039
    pitch_salience:
        dmean: 0.0640983656049
        dmean2: 0.103916473687
        dvar: 0.00378219783306
        dvar2: 0.00927435513586
        max: 0.949424088001
        mean: 0.602068841457
        median: 0.625506162643
        min: 0.0725281015038
        var: 0.0156870186329
    silence_rate_20dB:
        dmean: 0
        dmean2: 0
        dvar: 0
        dvar2: 0
        max: 1
        mean: 1
        median: 1
        min: 1
        var: 0
    silence_rate_30dB:
        dmean: 0
        dmean2: 0
        dvar: 0
        dvar2: 0
        max: 1
        mean: 1
        median: 1
        min: 1
        var: 0
    silence_rate_60dB:
        dmean: 0.0505962520838
        dmean2: 0.101201124489
        dvar: 0.0480392128229
        dvar2: 0.106814488769
        max: 1
        mean: 0.380206108093
        median: 0
        min: 0
        var: 0.235626786947
    spectral_centroid:
        dmean: 259.474121094
        dmean2: 398.368865967
        dvar: 81681.796875
        dvar2: 167185.15625
        max: 11936.3603516
        mean: 1408.22192383
        median: 1390.76184082
        min: 83.3331375122
        var: 1150515.375
    spectral_complexity:
        dmean: 2.7689948082
        dmean2: 4.41553783417
        dvar: 10.1397800446
        dvar2: 23.2839336395
        max: 47
        mean: 13.3316583633
        median: 12
        min: 0
        var: 97.2111434937
    spectral_crest:
        dmean: 2.08465576172
        dmean2: 3.41800308228
        dvar: 4.04254770279
        dvar2: 9.90927886963
        max: 26.0813922882
        mean: 7.90864801407
        median: 6.87617111206
        min: 2.53795742989
        var: 14.5903196335
    spectral_decrease:
        dmean: 2.60038296451e-010
        dmean2: 4.11548101154e-010
        dvar: 1.28836197989e-019
        dvar2: 3.13419768072e-019
        max: 1.94870900118e-028
        mean: -1.01083985626e-009
        median: -9.82352199586e-010
        min: -6.31483487723e-009
        var: 4.91486111356e-019
    spectral_energy:
        dmean: 0.00109961687122
        dmean2: 0.00173071899917
        dvar: 2.26447968998e-006
        dvar2: 5.40833207197e-006
        max: 0.0251670442522
        mean: 0.00441262684762
        median: 0.00429789302871
        min: 1.01594815588e-020
        var: 9.66106108535e-006
    spectral_energyband_high:
        dmean: 8.01579590188e-005
        dmean2: 0.000131375607452
        dvar: 1.64519668999e-008
        dvar2: 4.18010372982e-008
        max: 0.00202049990185
        mean: 0.000207749209949
        median: 0.000164866942214
        min: 7.31449885507e-021
        var: 5.04421180381e-008
    spectral_energyband_low:
        dmean: 0.000449478277005
        dmean2: 0.000735496054403
        dvar: 8.24507026209e-007
        dvar2: 2.16095168071e-006
        max: 0.0111616617069
        mean: 0.00074971903814
        median: 0.000522176967934
        min: 1.09761262271e-023
        var: 8.43886937218e-007
    spectral_energyband_middle_high:
        dmean: 0.000595473858994
        dmean2: 0.00091110408539
        dvar: 7.54790846713e-007
        dvar2: 1.67733344369e-006
        max: 0.0186013616621
        mean: 0.00203999551013
        median: 0.00172007828951
        min: 1.26908610283e-021
        var: 3.64586230717e-006
    spectral_energyband_middle_low:
        dmean: 0.000569999334402
        dmean2: 0.000923365761992
        dvar: 7.04371188931e-007
        dvar2: 1.7340970544e-006
        max: 0.0216682907194
        mean: 0.00158601801377
        median: 0.00136087066494
        min: 1.48865651123e-022
        var: 1.74023932686e-006
    spectral_flatness_db:
        dmean: 0.0200734511018
        dmean2: 0.0312721170485
        dvar: 0.000527031545062
        dvar2: 0.00116168078966
        max: 0.60602170229
        mean: 0.182368323207
        median: 0.157038912177
        min: 0.060828063637
        var: 0.00471871672198
    spectral_flux:
        dmean: 0.00740221468732
        dmean2: 0.0114550730214
        dvar: 7.41264084354e-005
        dvar2: 0.000156337730004
        max: 0.125638440251
        mean: 0.0352425090969
        median: 0.0367224998772
        min: 6.35762414936e-011
        var: 0.000346959132003
    spectral_kurtosis:
        dmean: 3.15121889114
        dmean2: 5.28402853012
        dvar: 43.3577041626
        dvar2: 111.322273254
        max: 316.51864624
        mean: 6.7475938797
        median: 4.18747663498
        min: -1.247803092
        var: 109.405456543
    spectral_rms:
        dmean: 0.00024527637288
        dmean2: 0.000378079130314
        dvar: 8.06201825299e-008
        dvar2: 1.85381622941e-007
        max: 0.00495511991903
        mean: 0.00190272752661
        median: 0.00204769778065
        min: 3.14828350022e-012
        var: 6.84606106915e-007
    spectral_rolloff:
        dmean: 419.938964844
        dmean2: 696.274536133
        dvar: 392621.4375
        dvar2: 795582.125
        max: 19573.6816406
        mean: 2753.6706543
        median: 3079.24804688
        min: 107.666015625
        var: 3416806.5
    spectral_skewness:
        dmean: 0.338421672583
        dmean2: 0.544984400272
        dvar: 0.254768013954
        dvar2: 0.62911093235
        max: 15.4908246994
        mean: 1.5624191761
        median: 1.37398815155
        min: -0.336154401302
        var: 0.778926432133
    spectral_spread:
        dmean: 567060.5
        dmean2: 909424.375
        dvar: 802314452992
        dvar2: 1.76882109645e+012
        max: 41906476
        mean: 4097941.75
        median: 3614406
        min: 567251.8125
        var: 1.2214392062e+013
    spectral_strongpeak:
        dmean: 0.455752015114
        dmean2: 0.779977560043
        dvar: 0.839173972607
        dvar2: 2.02392721176
        max: 15.6852645874
        mean: 0.622476100922
        median: 0.188114717603
        min: 3.469126722e-011
        var: 1.4678055048
    zerocrossingrate:
        dmean: 0.00883423071355
        dmean2: 0.0104568060488
        dvar: 8.33663361846e-005
        dvar2: 9.45587889873e-005
        max: 0.52099609375
        mean: 0.082770973444
        median: 0.0859375
        min: 0.00390625
        var: 0.0023669982329
    barkbands:
        dmean: [1.01588875623e-006, 0.000179321883479, 0.000246010022238, 0.000206589786103, 0.000366255088011, 0.00012425967725, 7.35166904633e-005, 5.97553989792e-005, 5.90449089941e-005, 1.74789256562e-005, 2.61026252701e-005, 6.67847270961e-005, 9.98937393888e-005, 6.07043439231e-005, 7.29395760573e-005, 0.000117698640679, 0.000186164237675, 0.000174943910679, 0.000195677945158, 0.00011360400822, 3.37592573487e-005, 8.8138240244e-006, 1.67847235844e-006, 8.7215653366e-007, 7.27406984424e-007, 4.49670096714e-008, 3.41477429666e-010]
        dmean2: [1.68347435192e-006, 0.000290273397695, 0.000423263642006, 0.00035116483923, 0.000600548286457, 0.00020130185294, 0.000116795214126, 9.54424031079e-005, 8.92553434824e-005, 2.62292196567e-005, 3.99736381951e-005, 0.000100508848845, 0.000155110290507, 9.66169900494e-005, 0.000116467119369, 0.000189478800166, 0.000299774314044, 0.000287027680315, 0.000315677723847, 0.000188985359273, 5.57345119887e-005, 1.43986017065e-005, 2.76389255305e-006, 1.50802065946e-006, 1.30727084979e-006, 8.3060278655e-008, 6.27486784754e-010]
        dvar: [3.57130883026e-012, 1.3159711898e-007, 3.20564851108e-007, 1.19655254593e-007, 3.5519920516e-007, 5.85878865422e-008, 1.90985147697e-008, 1.43482568049e-008, 1.4066007914e-008, 1.50030865509e-009, 4.18077306108e-009, 2.25570211398e-008, 8.53025952097e-008, 4.33112710141e-008, 2.0842852777e-008, 4.96645178316e-008, 1.4160123385e-007, 1.04717578608e-007, 1.68444458382e-007, 2.99290192629e-008, 3.96332033858e-009, 3.57657709005e-010, 1.26626608504e-011, 3.41842049459e-012, 3.43730317647e-012, 1.49507108896e-014, 4.73671897985e-019]
        dvar2: [9.36456988343e-012, 3.3022632806e-007, 9.03144268705e-007, 3.28294561314e-007, 8.67803805704e-007, 1.49256635495e-007, 4.57003039855e-008, 3.49770736818e-008, 3.12512078438e-008, 2.87661539033e-009, 9.51808498684e-009, 4.97591585713e-008, 1.97771512944e-007, 9.80008323381e-008, 5.17431288927e-008, 1.15599796402e-007, 3.11240086148e-007, 2.47968017675e-007, 3.66406652574e-007, 7.96987009721e-008, 9.94776705454e-009, 8.08356381832e-010, 2.93830237919e-011, 9.05639018639e-012, 9.74492622013e-012, 4.27550823792e-014, 1.37076566081e-018]
        max: [2.2765398171e-005, 0.0042955041863, 0.00772904790938, 0.00623918417841, 0.0201310832053, 0.00630174484104, 0.00457557896152, 0.00225190259516, 0.00435506831855, 0.00114734598901, 0.00140700349584, 0.00354682607576, 0.00608440767974, 0.00562641443685, 0.00554651580751, 0.00639927014709, 0.0101845823228, 0.00971213076264, 0.0152326216921, 0.00315609783866, 0.00131993996911, 0.000557663792279, 0.000114074246085, 2.71705757768e-005, 2.41521538555e-005, 1.31004753712e-006, 1.03330082268e-008]
        mean: [2.21461755245e-006, 0.000277688261122, 0.000313707569148, 0.000289667455945, 0.000733364198823, 0.000216224740143, 0.00012893496023, 9.61488694884e-005, 0.000112729314424, 3.26141089317e-005, 4.62578354927e-005, 0.000120140110084, 0.000163186952705, 8.96471537999e-005, 0.000131868684548, 0.000213350285776, 0.000344476720784, 0.000334457028657, 0.000399096490582, 0.000269329699222, 7.41556505091e-005, 1.80422102858e-005, 3.07319305648e-006, 1.32866682634e-006, 8.74270369877e-007, 4.1285506569e-008, 2.69019140298e-010]
        median: [1.49381378378e-006, 0.00018621244817, 0.000182342657354, 0.000165226869285, 0.000517275882885, 0.000113960632007, 6.10805655015e-005, 3.46702800016e-005, 3.45956468664e-005, 1.12598854685e-005, 1.14979247883e-005, 3.70682173525e-005, 3.38226382155e-005, 3.54693111149e-005, 7.93397048255e-005, 0.000129499516333, 0.000204066789593, 0.000234845734667, 0.000280609092442, 0.000192799474462, 5.25755021954e-005, 1.20860349853e-005, 1.61798561749e-006, 6.79841946294e-007, 3.36503859444e-007, 6.91174095735e-009, 7.55840875999e-011]
        min: [4.5058255792e-025, 5.12806604504e-024, 1.33469151491e-024, 1.2465459723e-024, 8.90559512059e-024, 3.81672915165e-024, 6.69823214573e-024, 5.02527628579e-024, 1.8454752434e-023, 1.17623657476e-023, 2.89781837309e-023, 3.29802013208e-023, 2.45950611268e-023, 3.79647546345e-023, 4.84353212068e-023, 5.88281849798e-023, 6.41351552118e-023, 1.11930767022e-022, 1.22115024418e-022, 1.81964487658e-022, 2.55923264614e-022, 2.89643647811e-022, 3.83774090362e-022, 5.90288787672e-022, 8.43672122119e-022, 1.24820211477e-021, 1.93925991875e-021]
        var: [5.99186585765e-012, 1.4023471806e-007, 2.47008273391e-007, 1.44392132029e-007, 6.68183531616e-007, 1.04457463124e-007, 3.92532548688e-008, 2.82368759486e-008, 4.96115220017e-008, 4.60211690978e-009, 1.17463168081e-008, 6.10163652937e-008, 1.83796004194e-007, 6.91655372975e-008, 4.03616802203e-008, 1.02504856159e-007, 3.0495698411e-007, 2.14368981233e-007, 3.55700223054e-007, 9.52273353505e-008, 8.24338997063e-009, 7.47049533345e-010, 2.66207889066e-011, 4.14928768427e-012, 2.6309568673e-012, 1.01400033593e-014, 3.24657326886e-019]
    frequency_bands:
        dmean: [1.01588875623e-006, 0.000179321883479, 0.000246010022238, 0.000206589786103, 0.000366255088011, 0.00012425967725, 7.35166904633e-005, 5.97553989792e-005, 5.90449089941e-005, 1.74789256562e-005, 2.61026252701e-005, 6.67847270961e-005, 9.98937393888e-005, 6.07043439231e-005, 7.29395760573e-005, 0.000117698640679, 0.000186164237675, 0.000174943910679, 0.000195677945158, 0.00011360400822, 3.37592573487e-005, 8.8138240244e-006, 1.67847235844e-006, 8.7215653366e-007, 7.27406984424e-007, 4.49670096714e-008, 3.41477429666e-010, 5.21882155546e-011]
        dmean2: [1.68347435192e-006, 0.000290273397695, 0.000423263642006, 0.00035116483923, 0.000600548286457, 0.00020130185294, 0.000116795214126, 9.54424031079e-005, 8.92553434824e-005, 2.62292196567e-005, 3.99736381951e-005, 0.000100508848845, 0.000155110290507, 9.66169900494e-005, 0.000116467119369, 0.000189478800166, 0.000299774314044, 0.000287027680315, 0.000315677723847, 0.000188985359273, 5.57345119887e-005, 1.43986017065e-005, 2.76389255305e-006, 1.50802065946e-006, 1.30727084979e-006, 8.3060278655e-008, 6.27486784754e-010, 9.66872346075e-011]
        dvar: [3.57130883026e-012, 1.3159711898e-007, 3.20564851108e-007, 1.19655254593e-007, 3.5519920516e-007, 5.85878865422e-008, 1.90985147697e-008, 1.43482568049e-008, 1.4066007914e-008, 1.50030865509e-009, 4.18077306108e-009, 2.25570211398e-008, 8.53025952097e-008, 4.33112710141e-008, 2.0842852777e-008, 4.96645178316e-008, 1.4160123385e-007, 1.04717578608e-007, 1.68444458382e-007, 2.99290192629e-008, 3.96332033858e-009, 3.57657709005e-010, 1.26626608504e-011, 3.41842049459e-012, 3.43730317647e-012, 1.49507108896e-014, 4.73671897985e-019, 6.10469389484e-021]
        dvar2: [9.36456988343e-012, 3.3022632806e-007, 9.03144268705e-007, 3.28294561314e-007, 8.67803805704e-007, 1.49256635495e-007, 4.57003039855e-008, 3.49770736818e-008, 3.12512078438e-008, 2.87661539033e-009, 9.51808498684e-009, 4.97591585713e-008, 1.97771512944e-007, 9.80008323381e-008, 5.17431288927e-008, 1.15599796402e-007, 3.11240086148e-007, 2.47968017675e-007, 3.66406652574e-007, 7.96987009721e-008, 9.94776705454e-009, 8.08356381832e-010, 2.93830237919e-011, 9.05639018639e-012, 9.74492622013e-012, 4.27550823792e-014, 1.37076566081e-018, 1.92800048812e-020]
        max: [2.2765398171e-005, 0.0042955041863, 0.00772904790938, 0.00623918417841, 0.0201310832053, 0.00630174484104, 0.00457557896152, 0.00225190259516, 0.00435506831855, 0.00114734598901, 0.00140700349584, 0.00354682607576, 0.00608440767974, 0.00562641443685, 0.00554651580751, 0.00639927014709, 0.0101845823228, 0.00971213076264, 0.0152326216921, 0.00315609783866, 0.00131993996911, 0.000557663792279, 0.000114074246085, 2.71705757768e-005, 2.41521538555e-005, 1.31004753712e-006, 1.03330082268e-008, 7.48031137032e-010]
        mean: [2.21461755245e-006, 0.000277688261122, 0.000313707569148, 0.000289667455945, 0.000733364198823, 0.000216224740143, 0.00012893496023, 9.61488694884e-005, 0.000112729314424, 3.26141089317e-005, 4.62578354927e-005, 0.000120140110084, 0.000163186952705, 8.96471537999e-005, 0.000131868684548, 0.000213350285776, 0.000344476720784, 0.000334457028657, 0.000399096490582, 0.000269329699222, 7.41556505091e-005, 1.80422102858e-005, 3.07319305648e-006, 1.32866682634e-006, 8.74270369877e-007, 4.1285506569e-008, 2.69019140298e-010, 4.0642583049e-011]
        median: [1.49381378378e-006, 0.00018621244817, 0.000182342657354, 0.000165226869285, 0.000517275882885, 0.000113960632007, 6.10805655015e-005, 3.46702800016e-005, 3.45956468664e-005, 1.12598854685e-005, 1.14979247883e-005, 3.70682173525e-005, 3.38226382155e-005, 3.54693111149e-005, 7.93397048255e-005, 0.000129499516333, 0.000204066789593, 0.000234845734667, 0.000280609092442, 0.000192799474462, 5.25755021954e-005, 1.20860349853e-005, 1.61798561749e-006, 6.79841946294e-007, 3.36503859444e-007, 6.91174095735e-009, 7.55840875999e-011, 1.25418165436e-011]
        min: [4.5058255792e-025, 5.12806604504e-024, 1.33469151491e-024, 1.2465459723e-024, 8.90559512059e-024, 3.81672915165e-024, 6.69823214573e-024, 5.02527628579e-024, 1.8454752434e-023, 1.17623657476e-023, 2.89781837309e-023, 3.29802013208e-023, 2.45950611268e-023, 3.79647546345e-023, 4.84353212068e-023, 5.88281849798e-023, 6.41351552118e-023, 1.11930767022e-022, 1.22115024418e-022, 1.81964487658e-022, 2.55923264614e-022, 2.89643647811e-022, 3.83774090362e-022, 5.90288787672e-022, 8.43672122119e-022, 1.24820211477e-021, 1.93925991875e-021, 4.44518752958e-022]
        var: [5.99186585765e-012, 1.4023471806e-007, 2.47008273391e-007, 1.44392132029e-007, 6.68183531616e-007, 1.04457463124e-007, 3.92532548688e-008, 2.82368759486e-008, 4.96115220017e-008, 4.60211690978e-009, 1.17463168081e-008, 6.10163652937e-008, 1.83796004194e-007, 6.91655372975e-008, 4.03616802203e-008, 1.02504856159e-007, 3.0495698411e-007, 2.14368981233e-007, 3.55700223054e-007, 9.52273353505e-008, 8.24338997063e-009, 7.47049533345e-010, 2.66207889066e-011, 4.14928768427e-012, 2.6309568673e-012, 1.01400033593e-014, 3.24657326886e-019, 4.97671317228e-021]
    mfcc:
        mean: [-756.257995605, 121.993461609, -43.6569786072, 65.3880691528, 9.88793373108, -1.62141525745, 1.36837112904, -6.44164228439, -5.76078891754, -6.33842992783, -1.79589354992, -1.42508304119, -1.55347669125]
        cov: [[11845.3925781, 755.818481445, -1831.7532959, 1356.49169922, -932.595153809, -40.6723632813, 145.33291626, 27.8005561829, 151.570526123, 30.2820644379, -51.7318000793, 124.480316162, 146.222183228], [755.818481445, 1063.08886719, -139.684753418, 174.7215271, 200.274291992, -46.6583099365, 5.69033479691, -14.981461525, -38.3270149231, -34.2647743225, 29.8764820099, -11.4911251068, -29.7370986938], [-1831.7532959, -139.684753418, 888.330078125, -105.779006958, 205.306808472, 144.218734741, 21.1255931854, 60.3888053894, 37.7099609375, 3.84902048111, 33.9671440125, 6.82103776932, 8.18558502197], [1356.49169922, 174.7215271, -105.779006958, 592.264892578, -23.8099899292, 64.4443969727, 37.0143165588, -30.7931270599, 77.6663970947, 50.57396698, 11.0971508026, 3.84613656998, 41.1475906372], [-932.595153809, 200.274291992, 205.306808472, -23.8099899292, 438.723693848, -7.12855100632, -37.4581451416, -46.363735199, -80.7116394043, 9.568400383, 12.2845315933, -34.3049926758, -38.4013061523], [-40.6723632813, -46.6583099365, 144.218734741, 64.4443969727, -7.12855100632, 204.356155396, 69.6580200195, 38.9214935303, 53.453502655, -1.81397366524, 37.8776397705, 29.1124286652, 13.5736198425], [145.33291626, 5.69033479691, 21.1255931854, 37.0143165588, -37.4581451416, 69.6580200195, 169.889221191, 81.1562347412, 47.3726959229, -1.08025920391, 10.3612594604, 26.1751537323, 12.6554012299], [27.8005561829, -14.981461525, 60.3888053894, -30.7931270599, -46.363735199, 38.9214935303, 81.1562347412, 150.867630005, 54.4200057983, -10.7252969742, 21.1454257965, 21.8784294128, 12.6256771088], [151.570526123, -38.3270149231, 37.7099609375, 77.6663970947, -80.7116394043, 53.453502655, 47.3726959229, 54.4200057983, 151.522293091, 47.9371795654, 21.4857006073, 23.0656890869, 17.6710510254], [30.2820644379, -34.2647743225, 3.84902048111, 50.57396698, 9.568400383, -1.81397366524, -1.08025920391, -10.7252969742, 47.9371795654, 107.972602844, 22.3081512451, 8.29438686371, 10.158039093], [-51.7318000793, 29.8764820099, 33.9671440125, 11.0971508026, 12.2845315933, 37.8776397705, 10.3612594604, 21.1454257965, 21.4857006073, 22.3081512451, 100.278884888, 33.7505683899, 1.44323265553], [124.480316162, -11.4911251068, 6.82103776932, 3.84613656998, -34.3049926758, 29.1124286652, 26.1751537323, 21.8784294128, 23.0656890869, 8.29438686371, 33.7505683899, 76.5241622925, 26.899520874], [146.222183228, -29.7370986938, 8.18558502197, 41.1475906372, -38.4013061523, 13.5736198425, 12.6554012299, 12.6256771088, 17.6710510254, 10.158039093, 1.44323265553, 26.899520874, 70.9141769409]]
        icov: [[0.000215477397433, -0.000116590606922, 0.000315074197715, -0.000419168849476, 0.000332031486323, -8.98182552191e-005, 7.16960494174e-005, -0.000240773835685, 0.00020361749921, -7.49835016904e-005, 0.000191977669601, -0.000287716713501, 5.95360597799e-006], [-0.000116590606922, 0.00132493174169, 0.000120563723613, -0.000225660580327, -0.000961544923484, 0.000493277446367, -0.000215116146137, -1.24738844534e-005, -0.000302097090753, 0.000885980320163, -0.000662265054416, 3.36628363584e-005, 0.000287598813884], [0.000315074197715, 0.000120563723613, 0.00218147458509, -0.000256123341387, -0.000645262654871, -0.00125572655816, 0.000490372534841, -0.000910094182473, -0.000405346654588, 0.000143645927892, 0.000236273888731, -0.000184893229743, -0.00059108925052], [-0.000419168849476, -0.000225660580327, -0.000256123341387, 0.00318522821181, -0.000676032796036, -0.000725192134269, -0.000561169639695, 0.00159113295376, -0.00155626761261, -0.000434638990555, -0.000369217683328, 0.00144435325637, -0.00154968444258], [0.000332031486323, -0.000961544923484, -0.000645262654871, -0.000676032796036, 0.0043605081737, -0.000206856231671, 9.09918890102e-005, 8.96829660633e-005, 0.00262550450861, -0.00173485162668, -5.64306646993e-005, 0.000384429935366, 0.00119716441259], [-8.98182552191e-005, 0.000493277446367, -0.00125572655816, -0.000725192134269, -0.000206856231671, 0.0078040775843, -0.00256582698785, 0.000925018044654, -0.00171060301363, 0.00208085076883, -0.00237406417727, -0.000784778385423, 0.000119405776786], [7.16960494174e-005, -0.000215116146137, 0.000490372534841, -0.000561169639695, 9.09918890102e-005, -0.00256582698785, 0.00939116626978, -0.00471216626465, -0.000120102617075, -0.000476775399875, 0.00173081678804, -0.00186556717381, 0.000505029107444], [-0.000240773835685, -1.24738844534e-005, -0.000910094182473, 0.00159113295376, 8.96829660633e-005, 0.000925018044654, -0.00471216626465, 0.0115749584511, -0.00379147799686, 0.00269317766652, -0.00231434148736, 0.000726018683054, -0.00134462187998], [0.00020361749921, -0.000302097090753, -0.000405346654588, -0.00155626761261, 0.00262550450861, -0.00171060301363, -0.000120102617075, -0.00379147799686, 0.012376149185, -0.00567475100979, 0.000579439918511, -0.00101449666545, 0.0009508333751], [-7.49835016904e-005, 0.000885980320163, 0.000143645927892, -0.000434638990555, -0.00173485162668, 0.00208085076883, -0.000476775399875, 0.00269317766652, -0.00567475100979, 0.013531002216, -0.00327526242472, 0.000320920225931, -0.00154962902889], [0.000191977669601, -0.000662265054416, 0.000236273888731, -0.000369217683328, -5.64306646993e-005, -0.00237406417727, 0.00173081678804, -0.00231434148736, 0.000579439918511, -0.00327526242472, 0.0141710657626, -0.00641938019544, 0.00251182168722], [-0.000287716713501, 3.36628363584e-005, -0.000184893229743, 0.00144435325637, 0.000384429935366, -0.000784778385423, -0.00186556717381, 0.000726018683054, -0.00101449666545, 0.000320920225931, -0.00641938019544, 0.0198991335928, -0.00685806246474], [5.95360597799e-006, 0.000287598813884, -0.00059108925052, -0.00154968444258, 0.00119716441259, 0.000119405776786, 0.000505029107444, -0.00134462187998, 0.0009508333751, -0.00154962902889, 0.00251182168722, -0.00685806246474, 0.0184873566031]]
    sccoeffs:
        dmean: [0.048054754734, 0.044099599123, 0.0356986112893, 0.0317147560418, 0.024695135653, 0.030228421092]
        dmean2: [0.0801471322775, 0.0717573538423, 0.0568377226591, 0.051549192518, 0.0401829853654, 0.0473456084728]
        dvar: [0.00166908605024, 0.00126808823552, 0.000839558313601, 0.000675450253766, 0.000485107913846, 0.000869764597155]
        dvar2: [0.00459039630368, 0.00332271493971, 0.00208836398087, 0.00173416093457, 0.00119022140279, 0.00187136849854]
        max: [-0.216970220208, -0.420791655779, -0.494159251451, -0.543469190598, -0.523973941803, -0.468958497047]
        mean: [-0.671368122101, -0.74391913414, -0.780793845654, -0.779328227043, -0.777958810329, -0.73223054409]
        median: [-0.681440293789, -0.748617947102, -0.788194537163, -0.784045934677, -0.785025417805, -0.728846549988]
        min: [-0.978327214718, -0.975823819637, -0.979737222195, -0.971098959446, -0.97075343132, -0.965182602406]
        var: [0.00749959843233, 0.00522893667221, 0.00485910149291, 0.00336457858793, 0.00317889475264, 0.00475329626352]
    scvalleys:
        dmean: [0.349999248981, 0.373752176762, 0.329631716013, 0.313156157732, 0.307815462351, 0.464353591204]
        dmean2: [0.579757273197, 0.607441365719, 0.517042517662, 0.485966712236, 0.448362737894, 0.700286626816]
        dvar: [0.112793527544, 0.131904244423, 0.105725042522, 0.113577328622, 0.161231592298, 0.314065217972]
        dvar2: [0.26519960165, 0.281911015511, 0.202733650804, 0.220682516694, 0.284703671932, 0.648517668247]
        max: [-4.81977415085, -4.75686311722, -5.76142692566, -5.44468355179, -5.57309675217, -8.17348861694]
        mean: [-6.80122995377, -7.31500148773, -8.08176898956, -7.82979202271, -7.78572893143, -11.2354688644]
        median: [-6.08343887329, -6.7737865448, -7.49176120758, -7.1905503273, -6.87355995178, -10.5269212723]
        min: [-28.025560379, -27.7989559174, -27.9985027313, -27.7170505524, -27.5512065887, -27.423992157]
        var: [7.19503831863, 5.54976606369, 5.13812255859, 5.18062353134, 5.78457355499, 4.98043394089]

rhythm:
    beats_loudness:
        dmean: 0.00292700645514
        dmean2: 0.00555003713816
        dvar: 6.40699636278e-006
        dvar2: 2.1964953703e-005
        max: 0.0186929870397
        mean: 0.0058144852519
        median: 0.00568189984187
        min: 0
        var: 1.39670410135e-005
    bpm: 109.985374451
    bpm_confidence: 0
    first_peak_bpm: 110
    first_peak_spread: 0.175732210279
    first_peak_weight: 0.787999987602
    onset_rate: 3.32736873627
    second_peak_bpm: 123
    second_peak_spread: 0.26315793395
    second_peak_weight: 0.0280000008643
    beats_loudness_band_ratio:
        dmean: [0.253721088171, 0.129310250282, 0.056997936219, 0.0533624365926, 0.146428957582, 0.0878751799464]
        dmean2: [0.479216068983, 0.229503199458, 0.101804465055, 0.0924955755472, 0.265297114849, 0.159850150347]
        dvar: [0.0373308174312, 0.0105833616108, 0.00344889587723, 0.00379364727996, 0.014558499679, 0.00739250425249]
        dvar2: [0.117905437946, 0.0300354678184, 0.00936636980623, 0.00976849999279, 0.0419431962073, 0.0232672411948]
        max: [0.990298509598, 0.952464997768, 0.540937006474, 0.597385644913, 0.764063954353, 0.634971261024]
        mean: [0.302048325539, 0.205826446414, 0.0739488527179, 0.072546929121, 0.235893860459, 0.130335405469]
        median: [0.226424977183, 0.179035678506, 0.0573579408228, 0.0496312268078, 0.226773887873, 0.123099967837]
        min: [0, 0, 0, 0, 0, 0]
        var: [0.0587634630501, 0.0211540330201, 0.00421335501596, 0.0058708791621, 0.0218597371131, 0.00963316578418]
    beats_position: [0.557278871536, 1.11455774307, 1.66022670269, 2.20589566231, 2.75156450272, 3.29723358154, 3.85451245308, 4.40018129349, 4.94585037231, 5.50312900543, 6.04879808426, 6.59446716309, 7.12852573395, 7.66258478165, 8.2198638916, 8.75392246246, 9.287981987, 9.84526062012, 10.4025392532, 10.9482088089, 11.4938774109, 12.0279359818, 12.5736055374, 13.1192741394, 13.6649427414, 14.2106122971, 14.7678909302, 15.3135595322, 15.8592290878, 16.4048976898, 16.9505672455, 17.4962348938, 18.0419044495, 18.575963974, 19.1332416534, 19.6789112091, 20.2245807648, 20.758638382, 21.3159179688, 21.8615875244, 22.4072551727, 22.9413146973, 23.4985942841, 24.0442619324, 24.589931488, 25.1356010437, 25.681268692, 26.2153282166, 26.7609977722, 27.3066654205, 27.8639450073, 28.409614563, 28.9552822113, 29.500951767, 30.0466213226, 30.5922889709, 31.1379585266, 31.6836280823, 32.2292976379, 32.7633552551, 33.3090248108, 33.8546943665, 34.4119720459, 34.9460296631, 35.4916992188, 36.0373687744, 36.5946464539, 37.1403160095, 37.6859855652, 38.2316551208, 38.7773246765, 39.3113822937, 39.8570518494, 40.402721405, 40.9483909607, 41.4940567017, 42.0397262573, 42.585395813, 43.1310653687, 43.6767349243, 44.2107925415, 44.7564620972, 45.3021316528, 45.8594093323, 46.4050788879, 46.9507484436, 47.4848060608, 48.0304756165, 48.5761451721, 49.1218147278, 49.6790924072, 50.2247619629, 50.7588195801, 51.3044891357, 51.8501586914, 52.4074363708, 52.9531059265, 53.4987754822, 54.0560531616, 54.6017227173, 55.1357803345, 55.6698417664, 56.2155075073, 56.761177063, 57.3068466187, 57.8525161743, 58.4097938538, 58.9554634094, 59.5011329651, 60.0468025208, 60.5924720764, 61.1381378174, 61.683807373, 62.2294769287, 62.7635345459, 63.3092041016, 63.8548736572, 64.4005432129, 64.9462127686, 65.4918823242, 66.0375518799, 66.5832214355, 67.1288909912, 67.6745529175, 68.2202224731, 68.7658920288, 69.3115615845, 69.8572311401, 70.4029006958, 70.9485702515, 71.4942398071, 72.0399093628, 72.5855789185, 73.1312484741, 73.6769180298, 74.2225799561, 74.7682495117, 75.3139190674, 75.859588623, 76.4052581787, 76.9509277344, 77.49659729, 78.0422668457, 78.5879364014, 79.133605957, 79.6792755127, 80.2249450684, 80.7706069946, 81.3162765503, 81.861946106, 82.4076156616, 82.9532852173, 83.4989547729, 84.0446243286, 84.5902938843, 85.1359634399, 85.6816329956, 86.2273025513, 86.7729721069, 87.3070297241, 87.8526992798, 88.3983688354, 88.9440383911, 89.4897003174, 90.0469818115, 90.5926513672, 91.1383209229, 91.6839904785, 92.2296600342, 92.7637176514, 93.309387207, 93.8550567627, 94.4007263184, 94.946395874, 95.4920654297, 96.037727356, 96.5950088501, 97.1290664673, 97.6747360229, 98.2204055786, 98.7660751343, 99.3117446899, 99.8574142456, 100.403083801, 100.948753357, 101.494422913, 102.040092468, 102.585754395, 103.13142395, 103.677093506, 104.222763062, 104.768432617, 105.325714111, 105.859771729, 106.405441284, 106.95111084, 107.508384705, 108.042449951, 108.588119507, 109.133781433, 109.679450989, 110.225120544, 110.782402039, 111.328071594, 111.87374115, 112.407798767, 112.953468323, 113.499137878, 114.044807434, 114.59047699, 115.136146545, 115.681808472, 116.227478027, 116.773147583, 117.318817139, 117.864486694, 118.41015625, 118.955825806, 119.501495361, 120.047164917, 120.592834473, 121.138504028, 121.684173584, 122.22983551, 122.775505066, 123.321174622, 123.866844177, 124.412513733, 124.958183289, 125.503852844, 126.0495224, 126.595191956, 127.129249573, 127.674919128, 128.220581055, 128.76625061, 129.311920166, 129.857589722, 130.403259277, 130.948928833, 131.494598389, 132.040267944, 132.5859375, 133.131607056, 133.677276611, 134.222946167, 134.768615723, 135.314285278, 135.859954834, 136.40562439, 136.951293945, 137.496963501, 138.042633057, 138.588302612, 139.133972168, 139.679641724, 140.225296021, 140.770965576, 141.316635132, 141.862304688, 142.407974243, 142.953643799, 143.499313354, 144.04498291, 144.590652466, 145.136322021, 145.681991577, 146.227661133, 146.773330688, 147.319000244, 147.8646698, 148.410339355, 148.956008911, 149.490066528, 150.035736084, 150.58140564, 151.138687134, 151.684356689, 152.230026245, 152.775695801, 153.321365356, 153.867019653, 154.412689209, 154.958358765, 155.50402832, 156.049697876, 156.595367432, 157.141036987, 157.686706543, 158.232376099, 158.778045654, 159.32371521, 159.869384766, 160.415054321, 160.960723877, 161.506393433, 162.052062988, 162.586120605, 163.1434021, 163.689071655, 164.234741211, 164.768798828, 165.314468384, 165.860137939, 166.405807495, 166.951477051, 167.497146606, 168.042816162, 168.588470459, 169.134140015, 169.67980957, 170.225479126, 170.771148682, 171.316818237, 171.862487793, 172.408157349, 172.953826904, 173.49949646, 174.045166016, 174.590835571, 175.136505127, 175.682174683, 176.227844238, 176.773513794, 177.31918335, 177.864852905, 178.398910522, 178.944580078, 179.490249634, 180.035919189, 180.581588745, 181.127258301, 181.672927856, 182.218597412, 182.764266968, 183.309921265, 183.85559082, 184.389663696, 184.935317993, 185.480987549, 186.038269043, 186.583938599, 187.129608154, 187.686889648, 188.232559204, 188.77822876, 189.312286377, 189.857955933, 190.403625488, 190.949295044, 191.4949646, 192.040634155, 192.586303711, 193.143585205, 193.677642822, 194.223312378, 194.768981934, 195.314651489, 195.860321045, 196.405975342, 196.951644897, 197.497314453, 198.042984009, 198.588653564, 199.13432312, 199.679992676, 200.225662231, 200.771331787, 201.317001343, 201.862670898, 202.408340454, 202.95401001, 203.499679565, 204.045349121, 204.591018677, 205.136688232, 205.682357788, 206.228027344, 206.773696899, 207.319366455, 207.865036011, 208.410705566, 208.956375122, 209.502029419, 210.047698975, 210.59336853, 211.139038086, 211.684707642, 212.230377197, 212.776046753, 213.321716309, 213.867385864, 214.41305542, 214.958724976, 215.504394531, 216.050064087, 216.607345581, 217.153015137, 217.698684692, 218.244354248, 218.790023804, 219.335693359, 219.869750977, 220.403808594, 220.961090088, 221.506759644, 222.064025879, 222.621307373, 223.166976929, 223.712646484, 224.25831604, 224.803985596, 225.349655151, 225.895324707, 226.440994263, 226.986663818, 227.532333374, 228.066390991, 228.612060547, 229.157730103, 229.703399658, 230.237457275, 230.771514893, 231.317184448, 231.862854004, 232.40852356, 232.954193115, 233.499862671, 234.045532227, 234.591201782, 235.136871338, 235.682540894, 236.228210449, 236.773880005, 237.319549561, 237.865203857, 238.410873413, 238.956542969, 239.502212524, 240.04788208, 240.593551636, 241.139221191, 241.684890747, 242.230560303, 242.76461792, 243.298675537, 243.844345093, 244.390014648, 244.947296143, 245.492965698, 246.038635254, 246.58430481, 247.129974365, 247.675643921, 248.221313477, 248.766983032, 249.312652588, 249.846710205, 250.392379761, 250.938049316, 251.483718872, 252.041000366, 252.586654663, 253.120727539, 253.654785156, 254.212051392, 254.757720947, 255.303390503, 255.849060059, 256.394744873, 256.952026367, 257.497680664, 258.054962158, 258.600616455, 259.134674072, 259.668762207, 260.226013184, 260.783294678, 261.340576172, 261.828216553, 262.315826416, 262.803436279, 263.291046143, 263.778686523, 264.266296387, 264.75390625, 265.253143311, 265.752380371, 266.205169678, 266.646331787, 267.099121094, 267.586761475, 268.074371338, 268.561981201, 269.049621582, 269.525604248, 270.001617432, 270.477630615, 270.965270996, 271.452880859, 271.940490723]
