
metadata:
    version:
        essentia: "2.1-beta2"
    audio_properties:
        analysis_sample_rate: 44100
        bitrate: 320
        channels: 2
        equal_loudness: 1
        length: 380.708557129
        replay_gain: -10.8575134277
        downmix: "mix"
    tags:
        album: "Hail to the King"
        artist: "Avenged Sevenfold"
        comment: ""
        date: "2013"
        genre: "Metal"
        title: "Coming Home"
        tracknumber: "8"

configuration:
    average_loudness:
        compute: 1
        frameSize: 88200
        hopSize: 44100
        silentFrames: "noise"
        windowType: "hann"
    general:
        analysisSampleRate: 44100
        endTime: 2000
        equalLoudness: 1
        nequalLoudness: 0
        shortSound: 0
        startTime: 0
    lowlevel:
        compute: 1
        frameSize: 2048
        hopSize: 1024
        zeroPadding: 0
        silentFrames: "noise"
        windowType: "blackmanharris62"
        mfccStats: ["mean", "cov", "icov"]
        stats: ["mean", "var", "median", "min", "max", "dmean", "dmean2", "dvar", "dvar2"]
    panning:
        compute: 0
        frameSize: 8192
        hopSize: 2048
        zeroPadding: 8192
        silentFrames: "noise"
        windowType: "hann"
        stats: ["copy"]
    rhythm:
        compute: 1
        maxTempo: 208
        minTempo: 40
        method: "degara"
        stats: ["mean", "var", "median", "min", "max", "dmean", "dmean2", "dvar", "dvar2"]
    segmentation:
        compute: 0
        cpw: 5
        inc1: 300
        inc2: 50
        minimumSegmentsLength: 10
        size1: 1000
        size2: 600
    sfx:
        compute: 1
        stats: ["mean", "var", "median", "min", "max", "dmean", "dmean2", "dvar", "dvar2"]
    svm:
        compute: 0
    tonal:
        compute: 1
        frameSize: 4096
        hopSize: 2048
        zeroPadding: 0
        silentFrames: "noise"
        windowType: "blackmanharris62"
        stats: ["mean", "var", "median", "min", "max", "dmean", "dmean2", "dvar", "dvar2"]

lowlevel:
    average_loudness: 0.887828171253
    barkbands_kurtosis:
        dmean: 0.821410059929
        dmean2: 1.35023164749
        dvar: 1.20357859135
        dvar2: 3.08876729012
        max: 26.1726360321
        mean: -0.134094908834
        median: -0.648003339767
        min: -1.89285802841
        var: 2.56355834007
    barkbands_skewness:
        dmean: 0.365325123072
        dmean2: 0.578385829926
        dvar: 0.125060781837
        dvar2: 0.304410845041
        max: 4.92759847641
        mean: -0.685053825378
        median: -0.749187111855
        min: -4.15492343903
        var: 0.640433132648
    barkbands_spread:
        dmean: 5.94327545166
        dmean2: 9.75533294678
        dvar: 37.3495140076
        dvar2: 99.3240280151
        max: 87.7949905396
        mean: 31.3698635101
        median: 30.1106929779
        min: 4.04034852982
        var: 89.614730835
    dissonance:
        dmean: 0.0108094504103
        dmean2: 0.0181945078075
        dvar: 0.000141802040162
        dvar2: 0.000382617756259
        max: 0.500000059605
        mean: 0.48057872057
        median: 0.485548555851
        min: 0.276244521141
        var: 0.000303623703076
    hfc:
        dmean: 4.9048871994
        dmean2: 8.75316619873
        dvar: 72.7960968018
        dvar2: 203.26348877
        max: 75.9832000732
        mean: 11.8995666504
        median: 10.8254022598
        min: 1.08961107342e-016
        var: 85.5338973999
    pitch:
        dmean: 876.819519043
        dmean2: 1691.01135254
        dvar: 1918635.5
        dvar2: 4624218.5
        max: 5695.29443359
        mean: 2157.96704102
        median: 3522.25146484
        min: 69.4148712158
        var: 2972851.75
    pitch_instantaneous_confidence:
        dmean: 0.0803528428078
        dmean2: 0.13111525774
        dvar: 0.00475587602705
        dvar2: 0.0119305327535
        max: 0.937083482742
        mean: 0.442580014467
        median: 0.430461704731
        min: 0.0910305380821
        var: 0.0146290017292
    pitch_salience:
        dmean: 0.0536667779088
        dmean2: 0.0869247913361
        dvar: 0.00225132657215
        dvar2: 0.00568524096161
        max: 0.958284020424
        mean: 0.652208507061
        median: 0.661707639694
        min: 0.235806614161
        var: 0.00695435795933
    silence_rate_20dB:
        dmean: 0
        dmean2: 0
        dvar: 0
        dvar2: 0
        max: 1
        mean: 1
        median: 1
        min: 1
        var: 0
    silence_rate_30dB:
        dmean: 0
        dmean2: 0
        dvar: 0
        dvar2: 0
        max: 1
        mean: 1
        median: 1
        min: 1
        var: 0
    silence_rate_60dB:
        dmean: 0.0657477453351
        dmean2: 0.131503507495
        dvar: 0.0614320039749
        dvar2: 0.1342381984
        max: 1
        mean: 0.281027019024
        median: 0
        min: 0
        var: 0.201989918947
    spectral_centroid:
        dmean: 288.746826172
        dmean2: 463.211700439
        dvar: 108321.945313
        dvar2: 244905.75
        max: 11598.0175781
        mean: 2438.20605469
        median: 2503.11181641
        min: 297.433288574
        var: 543220.5625
    spectral_complexity:
        dmean: 4.39948749542
        dmean2: 7.18475151062
        dvar: 25.1874599457
        dvar2: 59.9622535706
        max: 47
        mean: 16.8610725403
        median: 18
        min: 0
        var: 95.42212677
    spectral_crest:
        dmean: 1.69073832035
        dmean2: 2.7586979866
        dvar: 2.49090218544
        dvar2: 6.23863554001
        max: 23.5725650787
        mean: 7.34539270401
        median: 6.75699138641
        min: 2.61137318611
        var: 6.78248310089
    spectral_decrease:
        dmean: 3.06504127634e-010
        dmean2: 5.33232846767e-010
        dvar: 2.61642630274e-019
        dvar2: 7.1307880187e-019
        max: 2.38471077201e-028
        mean: -9.45219458259e-010
        median: -9.37392830025e-010
        min: -5.00004215809e-009
        var: 3.7838661093e-019
    spectral_energy:
        dmean: 0.00158096884843
        dmean2: 0.0027733379975
        dvar: 7.16883141649e-006
        dvar2: 1.96755299839e-005
        max: 0.0257063880563
        mean: 0.00464684329927
        median: 0.00455082533881
        min: 1.01288758761e-020
        var: 9.7179236036e-006
    spectral_energyband_high:
        dmean: 0.000568776391447
        dmean2: 0.00103222311009
        dvar: 1.08363383333e-006
        dvar2: 3.0333264931e-006
        max: 0.00843760930002
        mean: 0.000873314857017
        median: 0.000647841137834
        min: 7.12851811877e-021
        var: 8.91069021236e-007
    spectral_energyband_low:
        dmean: 0.000167819438502
        dmean2: 0.000292574113701
        dvar: 9.51235890057e-008
        dvar2: 2.70101224942e-007
        max: 0.00390710262582
        mean: 0.000267642084509
        median: 0.000183797470527
        min: 2.19669221117e-023
        var: 9.90698936221e-008
    spectral_energyband_middle_high:
        dmean: 0.000834219506942
        dmean2: 0.00141989788972
        dvar: 1.41771670314e-006
        dvar2: 3.87591398976e-006
        max: 0.0143576050177
        mean: 0.00269311899319
        median: 0.0025640130043
        min: 1.14914259161e-021
        var: 3.44621594195e-006
    spectral_energyband_middle_low:
        dmean: 0.000395984941861
        dmean2: 0.000658214441501
        dvar: 5.65792959151e-007
        dvar2: 1.4970120219e-006
        max: 0.00807162839919
        mean: 0.000897383724805
        median: 0.000596998259425
        min: 1.29519134035e-022
        var: 8.44067869821e-007
    spectral_flatness_db:
        dmean: 0.011984391138
        dmean2: 0.0191999357194
        dvar: 0.000117788767966
        dvar2: 0.00028040385223
        max: 0.314913898706
        mean: 0.135895594954
        median: 0.13129016757
        min: 0.0484743118286
        var: 0.000857915962115
    spectral_flux:
        dmean: 0.00938691291958
        dmean2: 0.0149396192282
        dvar: 0.000153737375513
        dvar2: 0.00026701510069
        max: 0.127265617251
        mean: 0.040299937129
        median: 0.0381790138781
        min: 6.48095327405e-011
        var: 0.000398725096602
    spectral_kurtosis:
        dmean: 0.775229811668
        dmean2: 1.29974400997
        dvar: 1.65606474876
        dvar2: 4.77690505981
        max: 51.8125190735
        mean: 2.77301311493
        median: 2.71095228195
        min: -1.26003420353
        var: 1.98787903786
    spectral_rms:
        dmean: 0.00031549835694
        dmean2: 0.000536231440492
        dvar: 2.04883008337e-007
        dvar2: 5.46846763427e-007
        max: 0.00500793429092
        mean: 0.00198381463997
        median: 0.00210709031671
        min: 3.14353794731e-012
        var: 5.97961786752e-007
    spectral_rolloff:
        dmean: 324.153106689
        dmean2: 529.747009277
        dvar: 220477.6875
        dvar2: 450130.125
        max: 19573.6816406
        mean: 4008.22607422
        median: 4026.70898438
        min: 215.33203125
        var: 1005520.75
    spectral_skewness:
        dmean: 0.156012609601
        dmean2: 0.257845371962
        dvar: 0.0328130088747
        dvar2: 0.0853507369757
        max: 5.04692602158
        mean: 1.15031564236
        median: 1.16998827457
        min: -0.33809581399
        var: 0.0738968253136
    spectral_spread:
        dmean: 459317.9375
        dmean2: 688562.5
        dvar: 460659916800
        dvar2: 825071894528
        max: 43122728
        mean: 5378487.5
        median: 5070483.5
        min: 1651339
        var: 5.12530369741e+012
    spectral_strongpeak:
        dmean: 0.740158081055
        dmean2: 1.26682400703
        dvar: 1.05005908012
        dvar2: 2.67472863197
        max: 13.5207595825
        mean: 1.24246096611
        median: 0.833582103252
        min: 0
        var: 2.02538514137
    zerocrossingrate:
        dmean: 0.00759956939146
        dmean2: 0.00928645674139
        dvar: 8.36081453599e-005
        dvar2: 9.51065158006e-005
        max: 0.529296875
        mean: 0.128276765347
        median: 0.1318359375
        min: 0.01123046875
        var: 0.000964682083577
    barkbands:
        dmean: [3.39897866297e-007, 4.77625144413e-005, 0.000107567233499, 6.80065932102e-005, 0.000189716884051, 6.82905811118e-005, 6.67772328597e-005, 3.57603166776e-005, 0.000126053884742, 8.87682690518e-005, 3.77997821488e-005, 4.72771171189e-005, 4.20708347519e-005, 4.34930589108e-005, 5.36085026397e-005, 9.5909294032e-005, 0.000136903181556, 0.000191984698176, 0.000423906196374, 0.000376310170395, 0.000233955928707, 0.000133019580971, 2.10825292015e-005, 6.92195635565e-006, 2.50967877946e-006, 8.76342696188e-008, 1.51803591919e-009]
        dmean2: [5.11938026193e-007, 8.39438871481e-005, 0.000186428398592, 0.000118265430501, 0.000331365969032, 0.000113436661195, 0.000111361121526, 5.77795581194e-005, 0.000195575339603, 0.000131971057272, 5.76346210437e-005, 7.46167715988e-005, 6.8194422056e-005, 7.20324096619e-005, 8.76486010384e-005, 0.000158017792273, 0.000229574550758, 0.000334028998623, 0.000723501318134, 0.000650320842396, 0.000425228208769, 0.000248887256021, 3.75031922886e-005, 1.19094665934e-005, 4.00237649956e-006, 1.41080263916e-007, 2.64746025103e-009]
        dvar: [5.04364616478e-013, 8.63793214734e-009, 3.91734502614e-008, 1.20894902977e-008, 2.96871746741e-007, 2.20885230107e-008, 3.0143567642e-008, 7.80149189694e-009, 5.62886768307e-008, 3.98787669553e-008, 7.0239778438e-009, 1.19576100133e-008, 1.00659294233e-008, 5.8109437262e-009, 8.97619134577e-009, 2.2071295902e-008, 3.91301924196e-008, 8.95609275631e-008, 3.31219695227e-007, 2.86856987941e-007, 1.76299337795e-007, 8.15336989035e-008, 1.59014745815e-009, 2.09325709544e-010, 4.29698360227e-011, 4.0462215013e-014, 9.67474249473e-018]
        dvar2: [1.12153580693e-012, 2.46844624741e-008, 1.102445637e-007, 3.38507213371e-008, 8.17135457964e-007, 5.7025356881e-008, 8.01016923901e-008, 1.82107111613e-008, 1.26375823584e-007, 8.10722582401e-008, 1.48870658023e-008, 2.73347264823e-008, 2.46411726579e-008, 1.46907410681e-008, 2.25236735929e-008, 5.79433283576e-008, 1.03933523121e-007, 2.49801303198e-007, 8.93430353699e-007, 7.92224739143e-007, 4.98869951571e-007, 2.28050225815e-007, 4.24648627373e-009, 5.11097830724e-010, 9.32670468634e-011, 9.50489415907e-014, 2.50395032589e-017]
        max: [1.08016893137e-005, 0.0010156778153, 0.00255039427429, 0.00191391794942, 0.00560007756576, 0.00296641280875, 0.00496224500239, 0.00365863344632, 0.00477506360039, 0.00473709590733, 0.00228439527564, 0.00438956450671, 0.00395913049579, 0.00230741896667, 0.00224173441529, 0.00320898834616, 0.00279600662179, 0.00416335789487, 0.0110504347831, 0.00742448214442, 0.00449928408489, 0.00212098099291, 0.000674203620292, 0.00035354308784, 0.000273760961136, 7.64561536926e-006, 5.06134902878e-008]
        mean: [4.00716913873e-007, 6.43558814772e-005, 0.000148149585584, 9.29010129767e-005, 0.000190867460333, 0.000105921790237, 0.000103155565739, 5.26494477526e-005, 0.000325131317368, 0.000233038910665, 7.18560550013e-005, 9.16140998015e-005, 7.60642578825e-005, 7.34500936233e-005, 9.42594415392e-005, 0.000185456330655, 0.000260116386926, 0.000344096421031, 0.00084280007286, 0.000780220900197, 0.00035066169221, 0.000117951283755, 2.48808264587e-005, 1.14293261504e-005, 5.19525474374e-006, 1.93978920038e-007, 1.88590298933e-009]
        median: [5.10564674983e-008, 3.76197058358e-005, 8.44675087137e-005, 5.11950565851e-005, 7.11704560672e-005, 4.25327343692e-005, 4.20460055466e-005, 2.00127651624e-005, 8.32796358736e-005, 5.06999822392e-005, 2.75488982879e-005, 4.27028644481e-005, 4.56395719084e-005, 4.99417692481e-005, 5.81325220992e-005, 0.000133751935209, 0.000189231330296, 0.000270188320428, 0.00066619872814, 0.000635854550637, 0.000266882125288, 5.04612835357e-005, 1.29511217892e-005, 7.34993318474e-006, 3.5115758692e-006, 1.2440602859e-007, 8.62637405952e-010]
        min: [6.87528813021e-025, 4.29409688996e-024, 9.21823608011e-025, 1.19226455202e-024, 8.21985490176e-024, 9.2203458886e-024, 5.39393899137e-024, 3.60325747424e-024, 1.5081976056e-023, 2.02317736412e-023, 1.40770177498e-023, 1.86977357923e-023, 3.87199879771e-023, 2.69950947003e-023, 6.52638384624e-023, 5.3314287066e-023, 8.62693615893e-023, 8.21201173109e-023, 1.45220444787e-022, 1.93841489095e-022, 2.78177295807e-022, 3.18030902149e-022, 4.40961381551e-022, 5.71732153852e-022, 8.8207361855e-022, 1.24401885481e-021, 1.97640206501e-021]
        var: [7.00132660181e-013, 7.89972443016e-009, 4.03485209688e-008, 1.44608343078e-008, 2.16654996166e-007, 3.65330450336e-008, 4.03610584954e-008, 1.12326112855e-008, 3.10075506604e-007, 2.71843532573e-007, 2.24699565621e-008, 5.31372563728e-008, 1.38495970248e-008, 7.65875540765e-009, 1.43558764876e-008, 4.2546719925e-008, 7.08214784595e-008, 1.17136444544e-007, 6.65735910843e-007, 4.88372904783e-007, 1.43202413483e-007, 5.10211854987e-008, 1.38981903763e-009, 3.1400679279e-010, 7.94360896506e-011, 7.63413786939e-014, 1.1333757438e-017]
    frequency_bands:
        dmean: [3.39897866297e-007, 4.77625144413e-005, 0.000107567233499, 6.80065932102e-005, 0.000189716884051, 6.82905811118e-005, 6.67772328597e-005, 3.57603166776e-005, 0.000126053884742, 8.87682690518e-005, 3.77997821488e-005, 4.72771171189e-005, 4.20708347519e-005, 4.34930589108e-005, 5.36085026397e-005, 9.5909294032e-005, 0.000136903181556, 0.000191984698176, 0.000423906196374, 0.000376310170395, 0.000233955928707, 0.000133019580971, 2.10825292015e-005, 6.92195635565e-006, 2.50967877946e-006, 8.76342696188e-008, 1.51803591919e-009, 5.58363182079e-011]
        dmean2: [5.11938026193e-007, 8.39438871481e-005, 0.000186428398592, 0.000118265430501, 0.000331365969032, 0.000113436661195, 0.000111361121526, 5.77795581194e-005, 0.000195575339603, 0.000131971057272, 5.76346210437e-005, 7.46167715988e-005, 6.8194422056e-005, 7.20324096619e-005, 8.76486010384e-005, 0.000158017792273, 0.000229574550758, 0.000334028998623, 0.000723501318134, 0.000650320842396, 0.000425228208769, 0.000248887256021, 3.75031922886e-005, 1.19094665934e-005, 4.00237649956e-006, 1.41080263916e-007, 2.64746025103e-009, 1.03960735853e-010]
        dvar: [5.04364616478e-013, 8.63793214734e-009, 3.91734502614e-008, 1.20894902977e-008, 2.96871746741e-007, 2.20885230107e-008, 3.0143567642e-008, 7.80149189694e-009, 5.62886768307e-008, 3.98787669553e-008, 7.0239778438e-009, 1.19576100133e-008, 1.00659294233e-008, 5.8109437262e-009, 8.97619134577e-009, 2.2071295902e-008, 3.91301924196e-008, 8.95609275631e-008, 3.31219695227e-007, 2.86856987941e-007, 1.76299337795e-007, 8.15336989035e-008, 1.59014745815e-009, 2.09325709544e-010, 4.29698360227e-011, 4.0462215013e-014, 9.67474249473e-018, 7.96501016777e-021]
        dvar2: [1.12153580693e-012, 2.46844624741e-008, 1.102445637e-007, 3.38507213371e-008, 8.17135457964e-007, 5.7025356881e-008, 8.01016923901e-008, 1.82107111613e-008, 1.26375823584e-007, 8.10722582401e-008, 1.48870658023e-008, 2.73347264823e-008, 2.46411726579e-008, 1.46907410681e-008, 2.25236735929e-008, 5.79433283576e-008, 1.03933523121e-007, 2.49801303198e-007, 8.93430353699e-007, 7.92224739143e-007, 4.98869951571e-007, 2.28050225815e-007, 4.24648627373e-009, 5.11097830724e-010, 9.32670468634e-011, 9.50489415907e-014, 2.50395032589e-017, 2.58676922822e-020]
        max: [1.08016893137e-005, 0.0010156778153, 0.00255039427429, 0.00191391794942, 0.00560007756576, 0.00296641280875, 0.00496224500239, 0.00365863344632, 0.00477506360039, 0.00473709590733, 0.00228439527564, 0.00438956450671, 0.00395913049579, 0.00230741896667, 0.00224173441529, 0.00320898834616, 0.00279600662179, 0.00416335789487, 0.0110504347831, 0.00742448214442, 0.00449928408489, 0.00212098099291, 0.000674203620292, 0.00035354308784, 0.000273760961136, 7.64561536926e-006, 5.06134902878e-008, 1.54340118463e-009]
        mean: [4.00716913873e-007, 6.43558814772e-005, 0.000148149585584, 9.29010129767e-005, 0.000190867460333, 0.000105921790237, 0.000103155565739, 5.26494477526e-005, 0.000325131317368, 0.000233038910665, 7.18560550013e-005, 9.16140998015e-005, 7.60642578825e-005, 7.34500936233e-005, 9.42594415392e-005, 0.000185456330655, 0.000260116386926, 0.000344096421031, 0.00084280007286, 0.000780220900197, 0.00035066169221, 0.000117951283755, 2.48808264587e-005, 1.14293261504e-005, 5.19525474374e-006, 1.93978920038e-007, 1.88590298933e-009, 4.30122638895e-011]
        median: [5.10564674983e-008, 3.76197058358e-005, 8.44675087137e-005, 5.11950565851e-005, 7.11704560672e-005, 4.25327343692e-005, 4.20460055466e-005, 2.00127651624e-005, 8.32796358736e-005, 5.06999822392e-005, 2.75488982879e-005, 4.27028644481e-005, 4.56395719084e-005, 4.99417692481e-005, 5.81325220992e-005, 0.000133751935209, 0.000189231330296, 0.000270188320428, 0.00066619872814, 0.000635854550637, 0.000266882125288, 5.04612835357e-005, 1.29511217892e-005, 7.34993318474e-006, 3.5115758692e-006, 1.2440602859e-007, 8.62637405952e-010, 1.38979652439e-011]
        min: [6.87528813021e-025, 4.29409688996e-024, 9.21823608011e-025, 1.19226455202e-024, 8.21985490176e-024, 9.2203458886e-024, 5.39393899137e-024, 3.60325747424e-024, 1.5081976056e-023, 2.02317736412e-023, 1.40770177498e-023, 1.86977357923e-023, 3.87199879771e-023, 2.69950947003e-023, 6.52638384624e-023, 5.3314287066e-023, 8.62693615893e-023, 8.21201173109e-023, 1.45220444787e-022, 1.93841489095e-022, 2.78177295807e-022, 3.18030902149e-022, 4.40961381551e-022, 5.71732153852e-022, 8.8207361855e-022, 1.24401885481e-021, 1.97640206501e-021, 5.94641229897e-022]
        var: [7.00132660181e-013, 7.89972443016e-009, 4.03485209688e-008, 1.44608343078e-008, 2.16654996166e-007, 3.65330450336e-008, 4.03610584954e-008, 1.12326112855e-008, 3.10075506604e-007, 2.71843532573e-007, 2.24699565621e-008, 5.31372563728e-008, 1.38495970248e-008, 7.65875540765e-009, 1.43558764876e-008, 4.2546719925e-008, 7.08214784595e-008, 1.17136444544e-007, 6.65735910843e-007, 4.88372904783e-007, 1.43202413483e-007, 5.10211854987e-008, 1.38981903763e-009, 3.1400679279e-010, 7.94360896506e-011, 7.63413786939e-014, 1.1333757438e-017, 5.99440341576e-021]
    mfcc:
        mean: [-703.151550293, 68.1569747925, -45.6903076172, 51.1135215759, -17.018655777, -5.80823755264, 7.51026248932, -2.3480758667, 0.33366510272, 0.487207174301, -5.57023572922, -5.19260120392, -5.53013896942]
        cov: [[6047.01806641, -192.983093262, -121.002555847, 554.32824707, -234.22428894, 177.108947754, 63.3178405762, 410.451904297, 290.966186523, 243.049346924, 120.619041443, 103.061470032, 38.2517356873], [-192.983093262, 475.633575439, -170.952728271, -16.1234836578, -39.1924514771, -62.6376075745, 15.3925294876, -67.8577346802, -20.4624519348, -36.7848739624, -20.5538806915, -26.3580627441, -14.9294290543], [-121.002555847, -170.952728271, 330.8125, -17.4740962982, 46.8693771362, 36.6914253235, -41.483669281, 22.7840538025, -18.2947292328, -1.09079313278, 11.8906955719, 4.81859731674, 7.98493766785], [554.32824707, -16.1234836578, -17.4740962982, 283.431365967, 43.0438842773, 63.307258606, 16.3052310944, 57.7182617188, 58.7501716614, 69.047088623, 39.7685127258, 49.2029266357, 39.8630599976], [-234.22428894, -39.1924514771, 46.8693771362, 43.0438842773, 138.938964844, 37.6896629333, -6.50043821335, -26.4843921661, -19.2798137665, 6.45280170441, -2.49323225021, 8.78733825684, 17.6344566345], [177.108947754, -62.6376075745, 36.6914253235, 63.307258606, 37.6896629333, 114.167900085, 46.1306877136, 39.530544281, 9.31122207642, 11.9769973755, 18.643289566, 15.8655061722, 10.595788002], [63.3178405762, 15.3925294876, -41.483669281, 16.3052310944, -6.50043821335, 46.1306877136, 150.510406494, 87.036315918, 49.5914573669, 24.3941040039, 11.9733390808, 22.2351150513, 0.175113290548], [410.451904297, -67.8577346802, 22.7840538025, 57.7182617188, -26.4843921661, 39.530544281, 87.036315918, 166.132385254, 105.673233032, 67.5540008545, 29.5269851685, 28.0733127594, 9.27752685547], [290.966186523, -20.4624519348, -18.2947292328, 58.7501716614, -19.2798137665, 9.31122207642, 49.5914573669, 105.673233032, 136.154907227, 92.6930160522, 33.5851402283, 23.6294441223, 7.20911359787], [243.049346924, -36.7848739624, -1.09079313278, 69.047088623, 6.45280170441, 11.9769973755, 24.3941040039, 67.5540008545, 92.6930160522, 126.737106323, 58.4221992493, 34.5639724731, 12.7639656067], [120.619041443, -20.5538806915, 11.8906955719, 39.7685127258, -2.49323225021, 18.643289566, 11.9733390808, 29.5269851685, 33.5851402283, 58.4221992493, 77.9944458008, 42.6731719971, 14.3486070633], [103.061470032, -26.3580627441, 4.81859731674, 49.2029266357, 8.78733825684, 15.8655061722, 22.2351150513, 28.0733127594, 23.6294441223, 34.5639724731, 42.6731719971, 78.8615188599, 39.4411239624], [38.2517356873, -14.9294290543, 7.98493766785, 39.8630599976, 17.6344566345, 10.595788002, 0.175113290548, 9.27752685547, 7.20911359787, 12.7639656067, 14.3486070633, 39.4411239624, 68.0594406128]]
        icov: [[0.000283564266283, 4.54198052466e-005, 0.000167500766111, -0.000447660422651, 0.000611807627138, -0.000409006519476, 0.000474205124192, -0.00065083039226, 0.000183341151569, -0.000230410369113, 0.000188148915186, -9.14770062082e-005, 0.000122926503536], [4.54198052466e-005, 0.00304427370429, 0.00102190591861, -0.000636683194898, 0.000469949503895, 0.00140053767245, -0.00140368146822, 0.00173028639983, -0.000736397283617, 0.000996182672679, -0.000846191891469, 0.00110409909394, -0.000247043091804], [0.000167500766111, 0.00102190591861, 0.00458932528272, 0.000661207654048, -0.00114372000098, -0.00118660042062, 0.0026154788211, -0.00301730795763, 0.00148203026038, 0.000238879147219, -0.000885347253643, 3.57916105713e-005, 5.4095449741e-005], [-0.000447660422651, -0.000636683194898, 0.000661207654048, 0.0062619750388, -0.002255293075, -0.00244816322811, 0.0014737341553, -0.000645566615276, -0.000765194417909, -0.00126861105673, 0.000202919807634, -0.00167211261578, -0.00133843545336], [0.000611807627138, 0.000469949503895, -0.00114372000098, -0.002255293075, 0.0116598270833, -0.00385166890919, -0.000343993771821, 0.00282850768417, 0.00130922195967, -0.00383441708982, 0.00366302183829, -0.000565390102565, -0.00145595346112], [-0.000409006519476, 0.00140053767245, -0.00118660042062, -0.00244816322811, -0.00385166890919, 0.015661181882, -0.00570424972102, -0.000561570632271, 0.00160709198099, 0.00287932669744, -0.00456792674959, 0.00268999743275, -0.000544838723727], [0.000474205124192, -0.00140368146822, 0.0026154788211, 0.0014737341553, -0.000343993771821, -0.00570424972102, 0.0143549852073, -0.00910106860101, 0.000809945573565, 1.15831444418e-005, 0.00186881131958, -0.00426104897633, 0.00242376932874], [-0.00065083039226, 0.00173028639983, -0.00301730795763, -0.000645566615276, 0.00282850768417, -0.000561570632271, -0.00910106860101, 0.0217286013067, -0.0124576520175, 0.00123938650358, 8.32767400425e-005, 0.000433592125773, -0.00128821434919], [0.000183341151569, -0.000736397283617, 0.00148203026038, -0.000765194417909, 0.00130922195967, 0.00160709198099, 0.000809945573565, -0.0124576520175, 0.0256598182023, -0.0143067985773, 0.00341948284768, 0.000266925315373, 0.00020591984503], [-0.000230410369113, 0.000996182672679, 0.000238879147219, -0.00126861105673, -0.00383441708982, 0.00287932669744, 1.15831444418e-005, 0.00123938650358, -0.0143067985773, 0.0247325208038, -0.0131277441978, 0.00115862372331, 0.000412575755036], [0.000188148915186, -0.000846191891469, -0.000885347253643, 0.000202919807634, 0.00366302183829, -0.00456792674959, 0.00186881131958, 8.32767400425e-005, 0.00341948284768, -0.0131277441978, 0.027863452211, -0.0124295931309, 0.00286810798571], [-9.14770062082e-005, 0.00110409909394, 3.57916105713e-005, -0.00167211261578, -0.000565390102565, 0.00268999743275, -0.00426104897633, 0.000433592125773, 0.000266925315373, 0.00115862372331, -0.0124295931309, 0.0271132327616, -0.0123891448602], [0.000122926503536, -0.000247043091804, 5.4095449741e-005, -0.00133843545336, -0.00145595346112, -0.000544838723727, 0.00242376932874, -0.00128821434919, 0.00020591984503, 0.000412575755036, 0.00286810798571, -0.0123891448602, 0.0224545579404]]
    sccoeffs:
        dmean: [0.0556279420853, 0.0449800975621, 0.0367600619793, 0.0283802077174, 0.020068269223, 0.0204623118043]
        dmean2: [0.0929792299867, 0.0744075030088, 0.0593913681805, 0.0468804910779, 0.0332798436284, 0.0337431915104]
        dvar: [0.00230652815662, 0.00137711665593, 0.000934894080274, 0.000530129123945, 0.000261569715803, 0.000410786073189]
        dvar2: [0.00634410511702, 0.00360474362969, 0.00229623541236, 0.00138600543141, 0.000687588471919, 0.00105878536124]
        max: [-0.311294019222, -0.462840408087, -0.517072141171, -0.587387800217, -0.62748080492, -0.587100446224]
        mean: [-0.66504317522, -0.751725614071, -0.75584423542, -0.793141424656, -0.79239487648, -0.749036073685]
        median: [-0.678348481655, -0.759323716164, -0.764452457428, -0.796212375164, -0.793404102325, -0.749532997608]
        min: [-0.983739972115, -0.98885345459, -0.980261802673, -0.974074363708, -0.966427445412, -0.964484155178]
        var: [0.00760219618678, 0.00473604304716, 0.00478931702673, 0.00164131494239, 0.00106075580698, 0.00181140401401]
    scvalleys:
        dmean: [0.395088523626, 0.365443140268, 0.308623969555, 0.264621883631, 0.262591868639, 0.288059592247]
        dmean2: [0.662466704845, 0.59940469265, 0.491467446089, 0.41806101799, 0.41770619154, 0.449186682701]
        dvar: [0.124146930873, 0.115358158946, 0.0808008164167, 0.0656550228596, 0.0909898132086, 0.139343827963]
        dvar2: [0.30834659934, 0.26812312007, 0.171734556556, 0.135996103287, 0.199044033885, 0.31301510334]
        max: [-5.37876796722, -4.82175397873, -5.56303358078, -5.73733615875, -5.11679363251, -7.17156744003]
        mean: [-7.4665722847, -7.15662670135, -7.29103469849, -7.29868078232, -6.77357625961, -9.28525924683]
        median: [-7.03241300583, -6.9651184082, -7.04390478134, -7.03841733932, -6.47041893005, -8.95518398285]
        min: [-28.0855579376, -27.8052635193, -27.7147388458, -27.9400444031, -27.604019165, -27.3861637115]
        var: [2.46955299377, 1.76200771332, 1.76965177059, 1.72192442417, 1.8671309948, 2.45309996605]

rhythm:
    beats_loudness:
        dmean: 0.00128188787494
        dmean2: 0.00229702750221
        dvar: 1.28533451971e-006
        dvar2: 3.98077054342e-006
        max: 0.0113355228677
        mean: 0.00454473262653
        median: 0.00478157307953
        min: 0
        var: 4.14465603171e-006
    bpm: 118.588943481
    bpm_confidence: 0
    first_peak_bpm: 117
    first_peak_spread: 0.429589986801
    first_peak_weight: 0.453257799149
    onset_rate: 4.18430328369
    second_peak_bpm: 89
    second_peak_spread: 0.213114723563
    second_peak_weight: 0.135977342725
    beats_loudness_band_ratio:
        dmean: [0.0687722191215, 0.0798636078835, 0.0833843946457, 0.084949888289, 0.0726527869701, 0.109641112387]
        dmean2: [0.118074499071, 0.142612785101, 0.143780231476, 0.151864334941, 0.125789031386, 0.193353638053]
        dvar: [0.0040726386942, 0.00566238816828, 0.00992765743285, 0.0120994793251, 0.00454725604504, 0.00917071755975]
        dvar2: [0.0120096784085, 0.0136890616268, 0.0261196438223, 0.0339648574591, 0.0129318535328, 0.0266166962683]
        max: [0.535367369652, 0.430186331272, 0.690124392509, 0.683408141136, 0.565646648407, 0.871063411236]
        mean: [0.110795244575, 0.0922539681196, 0.115608148277, 0.113671258092, 0.206442564726, 0.402910798788]
        median: [0.0976916030049, 0.0542818382382, 0.0696795284748, 0.0700301378965, 0.201809570193, 0.399807274342]
        min: [0, 0, 0, 0, 0, 0]
        var: [0.00542411999777, 0.00739315291867, 0.014132430777, 0.013127502054, 0.00568407354876, 0.0176825467497]
