
metadata:
    version:
        essentia: "2.1-beta2"
    audio_properties:
        analysis_sample_rate: 44100
        bitrate: 56
        channels: 2
        equal_loudness: 1
        length: 213.629394531
        replay_gain: -15.2295780182
        downmix: "mix"
    tags:
        album: "Anachromie"
        artist: "Kells"
        comment: ""
        date: "2012"
        genre: "Other"
        title: "Se Taire"
        tracknumber: "2"

configuration:
    average_loudness:
        compute: 1
        frameSize: 88200
        hopSize: 44100
        silentFrames: "noise"
        windowType: "hann"
    general:
        analysisSampleRate: 44100
        endTime: 2000
        equalLoudness: 1
        nequalLoudness: 0
        shortSound: 0
        startTime: 0
    lowlevel:
        compute: 1
        frameSize: 2048
        hopSize: 1024
        zeroPadding: 0
        silentFrames: "noise"
        windowType: "blackmanharris62"
        mfccStats: ["mean", "cov", "icov"]
        stats: ["mean", "var", "median", "min", "max", "dmean", "dmean2", "dvar", "dvar2"]
    panning:
        compute: 0
        frameSize: 8192
        hopSize: 2048
        zeroPadding: 8192
        silentFrames: "noise"
        windowType: "hann"
        stats: ["copy"]
    rhythm:
        compute: 1
        maxTempo: 208
        minTempo: 40
        method: "degara"
        stats: ["mean", "var", "median", "min", "max", "dmean", "dmean2", "dvar", "dvar2"]
    segmentation:
        compute: 0
        cpw: 5
        inc1: 300
        inc2: 50
        minimumSegmentsLength: 10
        size1: 1000
        size2: 600
    sfx:
        compute: 1
        stats: ["mean", "var", "median", "min", "max", "dmean", "dmean2", "dvar", "dvar2"]
    svm:
        compute: 0
    tonal:
        compute: 1
        frameSize: 4096
        hopSize: 2048
        zeroPadding: 0
        silentFrames: "noise"
        windowType: "blackmanharris62"
        stats: ["mean", "var", "median", "min", "max", "dmean", "dmean2", "dvar", "dvar2"]

lowlevel:
    average_loudness: 0.907728493214
    barkbands_kurtosis:
        dmean: 0.765795409679
        dmean2: 1.18913280964
        dvar: 7.09162569046
        dvar2: 14.734161377
        max: 133.242675781
        mean: -0.256666600704
        median: -1.05789589882
        min: -1.86255025864
        var: 20.3485412598
    barkbands_skewness:
        dmean: 0.345882773399
        dmean2: 0.544431865215
        dvar: 0.146089315414
        dvar2: 0.328202664852
        max: 9.96430492401
        mean: 0.253492802382
        median: 0.101388394833
        min: -2.12229037285
        var: 0.685356378555
    barkbands_spread:
        dmean: 4.86503171921
        dmean2: 7.69740724564
        dvar: 22.2886829376
        dvar2: 54.0828514099
        max: 85.4552459717
        mean: 30.8765716553
        median: 31.9228286743
        min: 0.760571122169
        var: 100.553253174
    dissonance:
        dmean: 0.0162800457329
        dmean2: 0.0275866892189
        dvar: 0.000314046366839
        dvar2: 0.000853296427522
        max: 0.500000119209
        mean: 0.473281592131
        median: 0.480768203735
        min: 0.210861310363
        var: 0.00065521360375
    hfc:
        dmean: 1.88409781456
        dmean2: 3.03993391991
        dvar: 5.79859018326
        dvar2: 14.8729515076
        max: 34.4260520935
        mean: 7.68291282654
        median: 7.14739990234
        min: 1.16583920794e-016
        var: 20.6089763641
    pitch:
        dmean: 729.885620117
        dmean2: 1405.15527344
        dvar: 1459613.5
        dvar2: 3543779.5
        max: 5665.66503906
        mean: 1312.38891602
        median: 415.962768555
        min: 57.9676017761
        var: 2124131.75
    pitch_instantaneous_confidence:
        dmean: 0.0838974192739
        dmean2: 0.135309651494
        dvar: 0.00583973247558
        dvar2: 0.0133841596544
        max: 0.965568900108
        mean: 0.397934108973
        median: 0.354541838169
        min: 0.108871042728
        var: 0.0271840002388
    pitch_salience:
        dmean: 0.058509722352
        dmean2: 0.0953137129545
        dvar: 0.00292294193059
        dvar2: 0.00724842818454
        max: 0.9988489151
        mean: 0.631540894508
        median: 0.661019086838
        min: 0.120198816061
        var: 0.0140033718199
    silence_rate_20dB:
        dmean: 0
        dmean2: 0
        dvar: 0
        dvar2: 0
        max: 1
        mean: 1
        median: 1
        min: 1
        var: 0
    silence_rate_30dB:
        dmean: 0
        dmean2: 0
        dvar: 0
        dvar2: 0
        max: 1
        mean: 1
        median: 1
        min: 1
        var: 0
    silence_rate_60dB:
        dmean: 0.0936854705215
        dmean2: 0.18739131093
        dvar: 0.0849174261093
        dvar2: 0.192289203405
        max: 1
        mean: 0.232232123613
        median: 0
        min: 0
        var: 0.178315252066
    spectral_centroid:
        dmean: 230.813873291
        dmean2: 364.097595215
        dvar: 65474.7109375
        dvar2: 148073.9375
        max: 11520.7167969
        mean: 1518.05895996
        median: 1533.44714355
        min: 76.1159896851
        var: 301861.1875
    spectral_complexity:
        dmean: 3.93261599541
        dmean2: 6.36717414856
        dvar: 16.3998661041
        dvar2: 40.6588592529
        max: 44
        mean: 15.4142580032
        median: 15
        min: 0
        var: 61.0078849792
    spectral_crest:
        dmean: 2.11989307404
        dmean2: 3.4962682724
        dvar: 4.50661420822
        dvar2: 11.6599626541
        max: 25.9681606293
        mean: 7.87731361389
        median: 6.5512638092
        min: 2.43799543381
        var: 16.8704624176
    spectral_decrease:
        dmean: 2.88630813694e-010
        dmean2: 4.7609066689e-010
        dvar: 1.73377715551e-019
        dvar2: 4.6674958533e-019
        max: 1.85113079758e-028
        mean: -1.13869269569e-009
        median: -1.04267683376e-009
        min: -4.3944261563e-009
        var: 3.65605533093e-019
    spectral_energy:
        dmean: 0.00122805684805
        dmean2: 0.00202094297856
        dvar: 3.05405274048e-006
        dvar2: 8.17844284029e-006
        max: 0.0183844808489
        mean: 0.00499454885721
        median: 0.00458667427301
        min: 1.05299268029e-020
        var: 6.95617609381e-006
    spectral_energyband_high:
        dmean: 0.000128041690914
        dmean2: 0.000215884181671
        dvar: 2.76789346998e-008
        dvar2: 7.19198425259e-008
        max: 0.00258758245036
        mean: 0.000300708285067
        median: 0.000260747096036
        min: 7.51270797039e-021
        var: 5.05580395327e-008
    spectral_energyband_low:
        dmean: 0.000207715667784
        dmean2: 0.000356649048626
        dvar: 7.55675060304e-008
        dvar2: 2.12889261775e-007
        max: 0.00309635838494
        mean: 0.000368608511053
        median: 0.000314133591019
        min: 2.20084098844e-023
        var: 7.7279288746e-008
    spectral_energyband_middle_high:
        dmean: 0.000644065788947
        dmean2: 0.000988952466287
        dvar: 5.97729865603e-007
        dvar2: 1.38290590712e-006
        max: 0.0113069796935
        mean: 0.00274715293199
        median: 0.00215895147994
        min: 1.27235968626e-021
        var: 4.04279489885e-006
    spectral_energyband_middle_low:
        dmean: 0.000790139660239
        dmean2: 0.00132824550383
        dvar: 1.58026057306e-006
        dvar2: 4.3243512664e-006
        max: 0.0127377137542
        mean: 0.00178839347791
        median: 0.00140643119812
        min: 1.57578297966e-022
        var: 1.98295992959e-006
    spectral_flatness_db:
        dmean: 0.014428595081
        dmean2: 0.0227819234133
        dvar: 0.000216337750317
        dvar2: 0.000477472960483
        max: 0.399207741022
        mean: 0.142197072506
        median: 0.136392056942
        min: 0.0566658340394
        var: 0.00127997295931
    spectral_flux:
        dmean: 0.00853196531534
        dmean2: 0.0134303634986
        dvar: 0.00010453392315
        dvar2: 0.000210093465284
        max: 0.125329732895
        mean: 0.040537700057
        median: 0.0380643233657
        min: 6.80238365636e-011
        var: 0.000282647641143
    spectral_kurtosis:
        dmean: 1.12670326233
        dmean2: 1.93502140045
        dvar: 1.96885466576
        dvar2: 5.75533437729
        max: 45.7966766357
        mean: 3.90323853493
        median: 3.51283597946
        min: -1.33762490749
        var: 6.14965057373
    spectral_rms:
        dmean: 0.000259647727944
        dmean2: 0.000417637435021
        dvar: 1.04296589143e-007
        dvar2: 2.68612865284e-007
        max: 0.00423510093242
        mean: 0.00211498024873
        median: 0.00211537349969
        min: 3.20516768508e-012
        var: 3.99589936251e-007
    spectral_rolloff:
        dmean: 392.056091309
        dmean2: 639.695373535
        dvar: 312182.375
        dvar2: 701001
        max: 19573.6816406
        mean: 3022.37182617
        median: 3294.58007813
        min: 86.1328125
        var: 1039304.9375
    spectral_skewness:
        dmean: 0.160115897655
        dmean2: 0.264585345984
        dvar: 0.0281702261418
        dvar2: 0.0727972909808
        max: 5.44078016281
        mean: 1.4070006609
        median: 1.35128831863
        min: -0.406135380268
        var: 0.148407146335
    spectral_spread:
        dmean: 448178.3125
        dmean2: 672528.25
        dvar: 621348847616
        dvar2: 1.18141157376e+012
        max: 42892556
        mean: 4410812
        median: 4157503
        min: 1485196.25
        var: 2.92143497216e+012
    spectral_strongpeak:
        dmean: 0.34274867177
        dmean2: 0.575373411179
        dvar: 0.273594647646
        dvar2: 0.68523901701
        max: 6.36266613007
        mean: 0.802945017815
        median: 0.3622418046
        min: 4.99876806614e-011
        var: 0.82431191206
    zerocrossingrate:
        dmean: 0.00761604122818
        dmean2: 0.0092078698799
        dvar: 6.37806806481e-005
        dvar2: 7.89474361227e-005
        max: 0.5244140625
        mean: 0.0875166431069
        median: 0.08837890625
        min: 0.0029296875
        var: 0.000686048471835
    barkbands:
        dmean: [8.37506831886e-007, 6.56643605907e-005, 0.00010222534911, 0.000209361227462, 0.000433942390373, 0.000155805173563, 0.000133307185024, 6.95536873536e-005, 0.000121978155221, 0.000182073345059, 0.000141214710311, 0.000139234500239, 5.54807047592e-005, 7.85893935245e-005, 6.88394356985e-005, 0.000105386759969, 0.00011558906408, 0.000147758240928, 0.000207653647522, 0.000123591031297, 5.61912238481e-005, 1.17824447443e-005, 3.13717623612e-006, 1.88901674392e-006, 1.00825991467e-006, 3.64913645967e-008, 3.17842058228e-010]
        dmean2: [1.36338280754e-006, 0.000116249764687, 0.000173462569364, 0.000355959462468, 0.00076839531539, 0.000251400808338, 0.000218146960833, 0.000115401133371, 0.000195859567611, 0.000280677631963, 0.000215845371713, 0.000215580133954, 9.07044304768e-005, 0.000128254017909, 0.000112987741886, 0.000173253924004, 0.000192804785911, 0.000248273892794, 0.000344096159097, 0.000202004375751, 9.65676517808e-005, 2.01561924769e-005, 5.36510833626e-006, 3.02770763483e-006, 1.58759723945e-006, 5.80159245089e-008, 5.49685630347e-010]
        dvar: [1.30775598683e-012, 9.91971482733e-009, 1.93601472631e-008, 7.33684828447e-008, 9.25174788335e-007, 5.84915760271e-008, 8.53406021406e-008, 2.29912835437e-008, 5.19856797609e-008, 1.40888616329e-007, 1.26632215824e-007, 1.06752999329e-007, 1.80099561931e-008, 2.57656047609e-008, 2.84437735587e-008, 4.22804298239e-008, 3.75469006997e-008, 4.61916798145e-008, 6.28332514907e-008, 2.37190516117e-008, 5.83806647469e-009, 3.43765238497e-010, 5.59675882028e-011, 5.9571257649e-011, 1.83408861015e-011, 2.95021643291e-014, 2.73292099184e-019]
        dvar2: [3.29619838368e-012, 2.79882623744e-008, 5.44242340084e-008, 2.01435469194e-007, 2.62859430222e-006, 1.38312515219e-007, 1.96525803631e-007, 5.53327161867e-008, 1.20556464367e-007, 2.93739702784e-007, 2.48579851814e-007, 2.17201332475e-007, 4.5099532997e-008, 6.42462225642e-008, 6.8865936953e-008, 9.37831927672e-008, 1.00707126194e-007, 1.25943671492e-007, 1.62881121923e-007, 5.81864334492e-008, 1.55668313795e-008, 9.0040191969e-010, 1.38016278961e-010, 1.52557341759e-010, 4.1883847085e-011, 6.65348445826e-014, 7.07906338102e-019]
        max: [1.08737913251e-005, 0.00119984021876, 0.00162500678562, 0.00332900322974, 0.00834511779249, 0.006290668156, 0.00538463611156, 0.00311265978962, 0.00531410938129, 0.00968371424824, 0.00789462309331, 0.00757978437468, 0.00284183793701, 0.00272339791991, 0.00471456022933, 0.00557583291084, 0.00563588365912, 0.00384554476477, 0.00681545119733, 0.00238107889891, 0.00150577374734, 0.000454796594568, 0.000257931475062, 0.000305594439851, 0.000140687974636, 5.67959341424e-006, 1.15972955683e-008]
        mean: [1.12148154585e-006, 8.91895469977e-005, 0.000158119451953, 0.000288416486001, 0.000522565678693, 0.000284424895654, 0.00019994325703, 0.000101796053059, 0.000226487696636, 0.000417694362113, 0.000351696508005, 0.000364012958016, 8.90788796823e-005, 0.00014073762577, 0.000113218535262, 0.000185603246791, 0.000228128235904, 0.00030288551352, 0.00048888719175, 0.000290194002446, 0.000116672563308, 2.30229088629e-005, 5.5248578974e-006, 3.4593865621e-006, 1.61236630447e-006, 5.65906539407e-008, 4.06748440485e-010]
        median: [6.60054524815e-007, 6.64291146677e-005, 0.000127630511997, 0.000203671050258, 0.000312406511512, 0.000173134350916, 9.16172284633e-005, 5.54284451937e-005, 0.000123528239783, 9.92049026536e-005, 5.94657176407e-005, 7.45565484976e-005, 3.15793440677e-005, 5.25849536643e-005, 5.86523165111e-005, 0.000125160033349, 0.000172576779732, 0.00024091512023, 0.000431854336057, 0.000234107632423, 9.84561775113e-005, 1.92207680811e-005, 3.80106303055e-006, 2.0763413886e-006, 6.31962961961e-007, 1.88149940072e-008, 1.76298364796e-010]
        min: [3.62004522317e-024, 4.48442772715e-024, 8.06425524364e-024, 7.72880476547e-024, 1.24737620896e-023, 2.23397803739e-023, 7.71847068762e-024, 1.75651745015e-023, 2.98821394422e-023, 1.65766544789e-023, 3.01558899535e-023, 6.81005444122e-023, 3.75558627838e-023, 3.1808496752e-023, 7.38103259551e-023, 7.95767287783e-023, 8.6647219652e-023, 1.10288169291e-022, 1.4058824093e-022, 1.455445972e-022, 3.65927002217e-022, 3.28866771274e-022, 4.63204381313e-022, 7.24302447247e-022, 8.72215709755e-022, 1.44128456822e-021, 2.2785475552e-021]
        var: [1.71382081703e-012, 8.54441495335e-009, 1.93700433471e-008, 9.00149217387e-008, 6.39541610781e-007, 1.6300758432e-007, 1.42837933481e-007, 3.16534283229e-008, 1.48910459075e-007, 7.81576090958e-007, 7.67171854932e-007, 8.33904834963e-007, 3.79038240794e-008, 5.75165302052e-008, 4.03939708349e-008, 8.58785256241e-008, 6.21780884558e-008, 7.45774642041e-008, 1.5364159367e-007, 6.33873113998e-008, 8.89738771548e-009, 4.58590471153e-010, 7.37957889241e-011, 6.98267624277e-011, 2.95621756241e-011, 4.91127219459e-014, 4.49431008243e-019]
    frequency_bands:
        dmean: [8.37506831886e-007, 6.56643605907e-005, 0.00010222534911, 0.000209361227462, 0.000433942390373, 0.000155805173563, 0.000133307185024, 6.95536873536e-005, 0.000121978155221, 0.000182073345059, 0.000141214710311, 0.000139234500239, 5.54807047592e-005, 7.85893935245e-005, 6.88394356985e-005, 0.000105386759969, 0.00011558906408, 0.000147758240928, 0.000207653647522, 0.000123591031297, 5.61912238481e-005, 1.17824447443e-005, 3.13717623612e-006, 1.88901674392e-006, 1.00825991467e-006, 3.64913645967e-008, 3.17842058228e-010, 5.95393179204e-011]
        dmean2: [1.36338280754e-006, 0.000116249764687, 0.000173462569364, 0.000355959462468, 0.00076839531539, 0.000251400808338, 0.000218146960833, 0.000115401133371, 0.000195859567611, 0.000280677631963, 0.000215845371713, 0.000215580133954, 9.07044304768e-005, 0.000128254017909, 0.000112987741886, 0.000173253924004, 0.000192804785911, 0.000248273892794, 0.000344096159097, 0.000202004375751, 9.65676517808e-005, 2.01561924769e-005, 5.36510833626e-006, 3.02770763483e-006, 1.58759723945e-006, 5.80159245089e-008, 5.49685630347e-010, 1.11228769251e-010]
        dvar: [1.30775598683e-012, 9.91971482733e-009, 1.93601472631e-008, 7.33684828447e-008, 9.25174788335e-007, 5.84915760271e-008, 8.53406021406e-008, 2.29912835437e-008, 5.19856797609e-008, 1.40888616329e-007, 1.26632215824e-007, 1.06752999329e-007, 1.80099561931e-008, 2.57656047609e-008, 2.84437735587e-008, 4.22804298239e-008, 3.75469006997e-008, 4.61916798145e-008, 6.28332514907e-008, 2.37190516117e-008, 5.83806647469e-009, 3.43765238497e-010, 5.59675882028e-011, 5.9571257649e-011, 1.83408861015e-011, 2.95021643291e-014, 2.73292099184e-019, 7.09188548831e-021]
        dvar2: [3.29619838368e-012, 2.79882623744e-008, 5.44242340084e-008, 2.01435469194e-007, 2.62859430222e-006, 1.38312515219e-007, 1.96525803631e-007, 5.53327161867e-008, 1.20556464367e-007, 2.93739702784e-007, 2.48579851814e-007, 2.17201332475e-007, 4.5099532997e-008, 6.42462225642e-008, 6.8865936953e-008, 9.37831927672e-008, 1.00707126194e-007, 1.25943671492e-007, 1.62881121923e-007, 5.81864334492e-008, 1.55668313795e-008, 9.0040191969e-010, 1.38016278961e-010, 1.52557341759e-010, 4.1883847085e-011, 6.65348445826e-014, 7.07906338102e-019, 2.29201440293e-020]
        max: [1.08737913251e-005, 0.00119984021876, 0.00162500678562, 0.00332900322974, 0.00834511779249, 0.006290668156, 0.00538463611156, 0.00311265978962, 0.00531410938129, 0.00968371424824, 0.00789462309331, 0.00757978437468, 0.00284183793701, 0.00272339791991, 0.00471456022933, 0.00557583291084, 0.00563588365912, 0.00384554476477, 0.00681545119733, 0.00238107889891, 0.00150577374734, 0.000454796594568, 0.000257931475062, 0.000305594439851, 0.000140687974636, 5.67959341424e-006, 1.15972955683e-008, 1.0992672328e-009]
        mean: [1.12148154585e-006, 8.91895469977e-005, 0.000158119451953, 0.000288416486001, 0.000522565678693, 0.000284424895654, 0.00019994325703, 0.000101796053059, 0.000226487696636, 0.000417694362113, 0.000351696508005, 0.000364012958016, 8.90788796823e-005, 0.00014073762577, 0.000113218535262, 0.000185603246791, 0.000228128235904, 0.00030288551352, 0.00048888719175, 0.000290194002446, 0.000116672563308, 2.30229088629e-005, 5.5248578974e-006, 3.4593865621e-006, 1.61236630447e-006, 5.65906539407e-008, 4.06748440485e-010, 4.62589341832e-011]
        median: [6.60054524815e-007, 6.64291146677e-005, 0.000127630511997, 0.000203671050258, 0.000312406511512, 0.000173134350916, 9.16172284633e-005, 5.54284451937e-005, 0.000123528239783, 9.92049026536e-005, 5.94657176407e-005, 7.45565484976e-005, 3.15793440677e-005, 5.25849536643e-005, 5.86523165111e-005, 0.000125160033349, 0.000172576779732, 0.00024091512023, 0.000431854336057, 0.000234107632423, 9.84561775113e-005, 1.92207680811e-005, 3.80106303055e-006, 2.0763413886e-006, 6.31962961961e-007, 1.88149940072e-008, 1.76298364796e-010, 1.76533510032e-011]
        min: [3.62004522317e-024, 4.48442772715e-024, 8.06425524364e-024, 7.72880476547e-024, 1.24737620896e-023, 2.23397803739e-023, 7.71847068762e-024, 1.75651745015e-023, 2.98821394422e-023, 1.65766544789e-023, 3.01558899535e-023, 6.81005444122e-023, 3.75558627838e-023, 3.1808496752e-023, 7.38103259551e-023, 7.95767287783e-023, 8.6647219652e-023, 1.10288169291e-022, 1.4058824093e-022, 1.455445972e-022, 3.65927002217e-022, 3.28866771274e-022, 4.63204381313e-022, 7.24302447247e-022, 8.72215709755e-022, 1.44128456822e-021, 2.2785475552e-021, 6.38334733447e-022]
        var: [1.71382081703e-012, 8.54441495335e-009, 1.93700433471e-008, 9.00149217387e-008, 6.39541610781e-007, 1.6300758432e-007, 1.42837933481e-007, 3.16534283229e-008, 1.48910459075e-007, 7.81576090958e-007, 7.67171854932e-007, 8.33904834963e-007, 3.79038240794e-008, 5.75165302052e-008, 4.03939708349e-008, 8.58785256241e-008, 6.21780884558e-008, 7.45774642041e-008, 1.5364159367e-007, 6.33873113998e-008, 8.89738771548e-009, 4.58590471153e-010, 7.37957889241e-011, 6.98267624277e-011, 2.95621756241e-011, 4.91127219459e-014, 4.49431008243e-019, 5.61143656361e-021]
    mfcc:
        mean: [-704.480712891, 113.29485321, -48.1059265137, 52.4337387085, -14.6495466232, -8.54432964325, 6.23163080215, -0.0571648702025, -2.40739893913, -5.377846241, -10.6650924683, -6.14871883392, -5.93371152878]
        cov: [[4214.3203125, 191.385253906, -693.475341797, 300.458709717, -154.390457153, 48.1135292053, 49.3390235901, 50.0565567017, -65.2265167236, -42.724281311, -81.4876098633, -32.3549575806, -45.6439666748], [191.385253906, 449.005218506, -124.968833923, 84.3806152344, -18.8565483093, -32.0257225037, 25.4142227173, -13.3745470047, -6.10436296463, -7.11299037933, -7.83643436432, -16.5722789764, -5.55836486816], [-693.475341797, -124.968833923, 390.340820313, -34.7216148376, 57.8274841309, 2.98454856873, -28.431438446, 1.17660737038, 11.3652944565, 1.76520240307, 19.1979904175, 2.58035588264, -0.432401925325], [300.458709717, 84.3806152344, -34.7216148376, 234.733215332, -14.306892395, -22.8123531342, -33.6597480774, 15.2660160065, 38.7636032104, -7.6660399437, 13.9522819519, 9.14078330994, 9.45288085938], [-154.390457153, -18.8565483093, 57.8274841309, -14.306892395, 131.737350464, 45.2250366211, 26.0507507324, -0.214496046305, -8.05003833771, 3.2184946537, 10.232790947, 22.0179691315, 17.3537960052], [48.1135292053, -32.0257225037, 2.98454856873, -22.8123531342, 45.2250366211, 144.177001953, 60.7429008484, 32.0634651184, -23.0194892883, -4.82524633408, -5.68755912781, 8.52826118469, 5.65054225922], [49.3390235901, 25.4142227173, -28.431438446, -33.6597480774, 26.0507507324, 60.7429008484, 115.202339172, 36.7579650879, -9.93053340912, -4.23081064224, -13.6827316284, 6.01949214935, 9.34045886993], [50.0565567017, -13.3745470047, 1.17660737038, 15.2660160065, -0.214496046305, 32.0634651184, 36.7579650879, 85.4463272095, 24.7628173828, 7.76400136948, -5.90208864212, -0.0847346708179, 5.54906797409], [-65.2265167236, -6.10436296463, 11.3652944565, 38.7636032104, -8.05003833771, -23.0194892883, -9.93053340912, 24.7628173828, 82.9925384521, 31.3796806335, 15.1415948868, -14.2581987381, -5.83881998062], [-42.724281311, -7.11299037933, 1.76520240307, -7.6660399437, 3.2184946537, -4.82524633408, -4.23081064224, 7.76400136948, 31.3796806335, 74.5727386475, 28.0709590912, -5.16932964325, -13.6403799057], [-81.4876098633, -7.83643436432, 19.1979904175, 13.9522819519, 10.232790947, -5.68755912781, -13.6827316284, -5.90208864212, 15.1415948868, 28.0709590912, 65.3836364746, 18.772857666, 1.43294084072], [-32.3549575806, -16.5722789764, 2.58035588264, 9.14078330994, 22.0179691315, 8.52826118469, 6.01949214935, -0.0847346708179, -14.2581987381, -5.16932964325, 18.772857666, 67.4432754517, 36.9453239441], [-45.6439666748, -5.55836486816, -0.432401925325, 9.45288085938, 17.3537960052, 5.65054225922, 9.34045886993, 5.54906797409, -5.83881998062, -13.6403799057, 1.43294084072, 36.9453239441, 67.0264434814]]
        icov: [[0.000412904366385, 0.000145147903822, 0.000666218227707, -0.000621425628196, 0.000149469007738, -9.21373502933e-005, -9.79396863841e-005, -0.000212607250432, 0.000614954857156, -0.000110145912913, 0.00025906090741, 0.000126171536976, 0.000341545353876], [0.000145147903822, 0.00294612487778, 0.000920558755752, -0.00153466977645, -0.000139370138641, 0.00103025592398, -0.0016422320623, 0.000641305581667, 0.00113570061512, -0.000246612413321, -0.000100047691376, 0.00124896515626, 5.29748685949e-005], [0.000666218227707, 0.000920558755752, 0.00426658708602, -0.000536834064405, -0.00138932361733, 9.90585322143e-005, 0.000880533130839, -0.000930942944251, 0.000548443058506, 0.000672868744005, -0.000510934682097, 0.000723171106074, 0.00073600106407], [-0.000621425628196, -0.00153466977645, -0.000536834064405, 0.00692412536591, -0.000239924862399, -0.000397866475396, 0.00285934610292, -0.00125698267948, -0.00422910740599, 0.0025868169032, -0.00142433680594, -0.00168558745645, -0.000611589464825], [0.000149469007738, -0.000139370138641, -0.00138932361733, -0.000239924862399, 0.0102307191119, -0.00292965047993, -0.00175128830597, 0.00205266149715, -0.000220990594244, -0.00103667622898, -0.00031004959601, -0.00199530343525, -0.00133641075809], [-9.21373502933e-005, 0.00103025592398, 9.90585322143e-005, -0.000397866475396, -0.00292965047993, 0.0110681112856, -0.00429286528379, -0.00320459040813, 0.00381509237923, -0.000217499764403, -0.000754866341595, 0.000870253134053, 0.000592947180849], [-9.79396863841e-005, -0.0016422320623, 0.000880533130839, 0.00285934610292, -0.00175128830597, -0.00429286528379, 0.0147493090481, -0.00524064106867, -0.000456678972114, 0.000660119228996, 0.00149604806211, -0.00115501484834, -0.000707429077011], [-0.000212607250432, 0.000641305581667, -0.000930942944251, -0.00125698267948, 0.00205266149715, -0.00320459040813, -0.00524064106867, 0.0178198050708, -0.00629618484527, -0.00122291059233, 0.00255312398076, -0.000966117659118, -0.00124600634445], [0.000614954857156, 0.00113570061512, 0.000548443058506, -0.00422910740599, -0.000220990594244, 0.00381509237923, -0.000456678972114, -0.00629618484527, 0.0214462857693, -0.00709733041003, -0.00232534180395, 0.00621936749667, -0.00152113859076], [-0.000110145912913, -0.000246612413321, 0.000672868744005, 0.0025868169032, -0.00103667622898, -0.000217499764403, 0.000660119228996, -0.00122291059233, -0.00709733041003, 0.0204105228186, -0.00800752732903, 0.000237378728343, 0.00341582810506], [0.00025906090741, -0.000100047691376, -0.000510934682097, -0.00142433680594, -0.00031004959601, -0.000754866341595, 0.00149604806211, 0.00255312398076, -0.00232534180395, -0.00800752732903, 0.0229301247746, -0.00843247491866, 0.00241541024297], [0.000126171536976, 0.00124896515626, 0.000723171106074, -0.00168558745645, -0.00199530343525, 0.000870253134053, -0.00115501484834, -0.000966117659118, 0.00621936749667, 0.000237378728343, -0.00843247491866, 0.0267681851983, -0.0128683336079], [0.000341545353876, 5.29748685949e-005, 0.00073600106407, -0.000611589464825, -0.00133641075809, 0.000592947180849, -0.000707429077011, -0.00124600634445, -0.00152113859076, 0.00341582810506, 0.00241541024297, -0.0128683336079, 0.023349320516]]
    sccoeffs:
        dmean: [0.0567540898919, 0.047491595149, 0.0402453131974, 0.0287866462022, 0.0190181806684, 0.0171510670334]
        dmean2: [0.0948462635279, 0.0790566429496, 0.0651853531599, 0.0471593551338, 0.0315800756216, 0.0278994757682]
        dvar: [0.00233162078075, 0.00142733077519, 0.00108944938984, 0.000560639600735, 0.000242291600443, 0.000238724940573]
        dvar2: [0.00634549325332, 0.00383160845377, 0.00270679406822, 0.00145673647057, 0.000630658003502, 0.00059769017389]
        max: [-0.284347891808, -0.371224969625, -0.440239697695, -0.566250264645, -0.630597114563, -0.555137097836]
        mean: [-0.680381178856, -0.760731816292, -0.74981802702, -0.797687113285, -0.804582834244, -0.759178698063]
        median: [-0.683959007263, -0.76747906208, -0.769046664238, -0.804433226585, -0.806881010532, -0.75681078434]
        min: [-0.971372365952, -0.99666005373, -0.998779475689, -0.988565564156, -0.989244043827, -0.961640059948]
        var: [0.00458029005677, 0.00443784939125, 0.00717352516949, 0.00227632070892, 0.000865831738338, 0.00143239437602]
    scvalleys:
        dmean: [0.381200373173, 0.363820075989, 0.306446313858, 0.284351438284, 0.228352710605, 0.250519037247]
        dmean2: [0.636562108994, 0.604630947113, 0.497395664454, 0.451914638281, 0.35370361805, 0.391577631235]
        dvar: [0.115080036223, 0.114903457463, 0.0806515365839, 0.0887687206268, 0.0726553276181, 0.111596263945]
        dvar2: [0.274125337601, 0.267771691084, 0.17559812963, 0.189646616578, 0.139705330133, 0.245908543468]
        max: [-5.04158878326, -4.7069144249, -5.12847852707, -5.4933180809, -5.68218421936, -7.59500789642]
        mean: [-6.58799362183, -6.51600456238, -6.76356744766, -7.17700910568, -6.89206838608, -9.80714035034]
        median: [-6.43642139435, -6.39240169525, -6.62421655655, -7.05829000473, -6.64833259583, -9.62948989868]
        min: [-27.9092922211, -28.097442627, -27.4181804657, -27.3516693115, -27.3772449493, -27.3394069672]
        var: [1.06659328938, 1.05942416191, 1.0492619276, 1.12413918972, 1.22044372559, 1.15678608418]

rhythm:
    beats_loudness:
        dmean: 0.0016477543395
        dmean2: 0.00281945080496
        dvar: 1.70488419826e-006
        dvar2: 4.66480787509e-006
        max: 0.011488831602
        mean: 0.00545157678425
        median: 0.00528912153095
        min: 7.5932298671e-008
        var: 4.59639750261e-006
    bpm: 156.347167969
    bpm_confidence: 0
    first_peak_bpm: 157
    first_peak_spread: 0.283208042383
    first_peak_weight: 0.566336631775
    onset_rate: 3.00520467758
    second_peak_bpm: 80
    second_peak_spread: 0.425531893969
    second_peak_weight: 0.0534653477371
    beats_loudness_band_ratio:
        dmean: [0.0855594649911, 0.124763220549, 0.100290082395, 0.135821074247, 0.0884258374572, 0.0816181227565]
        dmean2: [0.149906054139, 0.224662721157, 0.179152235389, 0.241707742214, 0.152936547995, 0.143068417907]
        dvar: [0.0060197962448, 0.0122129321098, 0.0114836283028, 0.0213857833296, 0.00644048722461, 0.00441453093663]
        dvar2: [0.0148851238191, 0.0368618518114, 0.0324609167874, 0.0569691844285, 0.0190469436347, 0.0130805335939]
        max: [0.953592598438, 0.919940233231, 0.750595271587, 0.682197272778, 0.683202445507, 0.47109284997]
        mean: [0.16262845695, 0.165185540915, 0.159686550498, 0.196498155594, 0.205236822367, 0.185063973069]
        median: [0.133340805769, 0.133545085788, 0.127871870995, 0.118692018092, 0.19528464973, 0.177910715342]
        min: [6.44614628982e-005, 0.0117106633261, 0.0119331842288, 0.00231844722293, 0.00107700272929, 0.000378221069695]
        var: [0.0127693442628, 0.0143251260743, 0.0145634878427, 0.028981231153, 0.00798319932073, 0.0064858077094]
    beats_position: [0.417959183455, 0.812698423862, 1.19582760334, 1.57895684242, 1.9620860815, 2.33360528946, 2.71673464775, 3.09986400604, 3.48299312592, 3.86612248421, 4.2492518425, 4.63238096237, 5.01551008224, 5.38702917099, 5.7701587677, 6.15328788757, 6.52480697632, 6.90793657303, 7.2910656929, 7.67419481277, 8.05732440948, 8.44045352936, 8.82358264923, 9.19510173798, 9.56662082672, 9.93814086914, 10.3096599579, 10.6927890778, 11.0759181976, 11.4590473175, 11.8421764374, 12.2136955261, 12.5968255997, 12.9799547195, 13.3630838394, 13.7462129593, 14.117732048, 14.4892511368, 14.8723802567, 15.2555103302, 15.6270294189, 16.0101585388, 16.3932876587, 16.7764167786, 17.1595458984, 17.5310649872, 17.9141941071, 18.2973232269, 18.6804523468, 19.0635814667, 19.4351024628, 19.8066215515, 20.1897506714, 20.5728797913, 20.9560089111, 21.339138031, 21.7106571198, 22.0937862396, 22.4769153595, 22.8484344482, 23.2315635681, 23.614692688, 23.9862117767, 24.369342804, 24.7524719238, 25.1356010437, 25.5187301636, 25.8902492523, 26.2849884033, 26.6565074921, 27.0280265808, 27.3995456696, 27.7826747894, 28.1658039093, 28.5489330292, 28.932062149, 29.3151912689, 29.6983222961, 30.0698413849, 30.4413604736, 30.8244895935, 31.2076187134, 31.5791378021, 31.962266922, 32.3453979492, 32.7169151306, 33.1000442505, 33.4715652466, 33.8546943665, 34.2378234863, 34.6209526062, 35.0040817261, 35.3872108459, 35.7587280273, 36.1418571472, 36.5249862671, 36.908115387, 37.2912483215, 37.6627655029, 38.034286499, 38.4174156189, 38.8005447388, 39.1720619202, 39.55519104, 39.9267120361, 40.309841156, 40.6929702759, 41.0760993958, 41.4592285156, 41.830745697, 42.2022666931, 42.585395813, 42.9685249329, 43.3516540527, 43.7463951111, 44.1179122925, 44.4894332886, 44.8725624084, 45.2556915283, 45.6388206482, 46.0219497681, 46.4050788879, 46.7882080078, 47.1597251892, 47.5312461853, 47.9143753052, 48.297504425, 48.6806335449, 49.0637626648, 49.4352836609, 49.8068008423, 50.1899299622, 50.573059082, 50.9561882019, 51.3393173218, 51.7108383179, 52.0823554993, 52.4654884338, 52.8486175537, 53.2201347351, 53.603263855, 53.9863929749, 54.3695220947, 54.7526512146, 55.1241722107, 55.5073013306, 55.8904304504, 56.2619476318, 56.6450767517, 57.0282058716, 57.4113349915, 57.794467926, 58.1659851074, 58.5375061035, 58.9206352234, 59.3037643433, 59.6752815247, 60.0584106445, 60.4415397644, 60.8246688843, 61.2077980042, 61.5793190002, 61.9624481201, 62.34557724, 62.7287063599, 63.1118354797, 63.5065765381, 63.8780937195, 64.2496109009, 64.621131897, 65.0042648315, 65.3873901367, 65.7705230713, 66.1536483765, 66.5251693726, 66.8966903687, 67.2798156738, 67.6513366699, 68.0344696045, 68.4175949097, 68.8007278442, 69.1722412109, 69.5553741455, 69.9384994507, 70.3216323853, 70.7047576904, 71.087890625, 71.4710159302, 71.8425369263, 72.2256698608, 72.608795166, 72.9803161621, 73.3634490967, 73.7465744019, 74.1180953979, 74.5012207031, 74.8843536377, 75.2674789429, 75.638999939, 76.0221328735, 76.4052581787, 76.7883911133, 77.15990448, 77.5314254761, 77.9145584106, 78.2976837158, 78.6692047119, 79.0639419556, 79.4470748901, 79.8302001953, 80.2017211914, 80.584854126, 80.9679794312, 81.3395004272, 81.7110214233, 82.0941467285, 82.4772796631, 82.8604049683, 83.2319259644, 83.6150588989, 83.9865722656, 84.3697052002, 84.7528305054, 85.1359634399, 85.5190887451, 85.9138336182, 86.2969589233, 86.6800918579, 87.0516052246, 87.4231262207, 87.7946472168, 88.1661682129, 88.5492935181, 88.9324264526, 89.3039474487, 89.6870727539, 90.0702056885, 90.4417190552, 90.8132400513, 91.1963729858, 91.5911102295, 91.9742355347, 92.3457565308, 92.7288894653, 93.1120147705, 93.4951477051, 93.8666687012, 94.2497940063, 94.6213150024, 95.0044403076, 95.3875732422, 95.7590942383, 96.130607605, 96.5137405396, 96.8968658447, 97.2799987793, 97.6631240845, 98.046257019, 98.4293823242, 98.8009033203, 99.1840362549, 99.5671615601, 99.9502944946, 100.321815491, 100.704940796, 101.076461792, 101.459587097, 101.842720032, 102.214241028, 102.597366333, 102.968887329, 103.352012634, 103.735145569, 104.118278503, 104.501403809, 104.884536743, 105.25605011, 105.627571106, 106.010704041, 106.393829346, 106.77696228, 107.160087585, 107.531608582, 107.914733887, 108.297866821, 108.669387817, 109.052513123, 109.435646057, 109.807167053, 110.190292358, 110.573425293, 110.956550598, 111.339683533, 111.711196899, 112.105941772, 112.477455139, 112.848976135, 113.23210907, 113.615234375, 113.986755371, 114.369888306, 114.753013611, 115.136146545, 115.519271851, 115.890792847, 116.273918152, 116.657051086, 117.028572083, 117.411697388, 117.794830322, 118.166343689, 118.549476624, 118.932601929, 119.304122925, 119.675643921, 120.058776855, 120.430290222, 120.813423157, 121.196548462, 121.579681396, 121.962806702, 122.345939636, 122.729064941, 123.112197876, 123.483718872, 123.866844177, 124.249977112, 124.633102417, 125.20199585, 125.770881653, 126.525527954, 127.291786194, 128.046432495, 128.801086426, 129.567337036, 130.321990967, 131.088256836, 131.842895508, 132.609161377, 133.363800049, 134.118453979, 134.87310791, 135.639358521, 136.394012451, 137.160263062, 137.926528931, 138.692779541, 139.447433472, 140.202087402, 140.956726074, 141.711380005, 142.477645874, 143.232284546, 143.986938477, 144.753189087, 145.519454956, 146.274108887, 147.028747559, 147.783401489, 148.538040161, 149.30430603, 150.070556641, 150.825210571, 151.59147644, 152.357727051, 153.112380981, 153.867019653, 154.621673584, 155.387939453, 156.142578125, 156.897232056, 157.663482666, 158.429748535, 159.195999146, 159.950653076, 160.705307007, 161.471557617, 162.063674927, 162.655776978, 163.259490967, 163.770339966, 164.281173706, 164.792022705, 165.256408691, 165.709197998, 166.173599243, 166.579956055, 166.986297607, 167.392654419, 167.798995972, 168.193740845, 168.600082397, 169.006439209, 169.412780762, 169.807525635, 170.190658569, 170.573776245, 170.95690918, 171.340042114, 171.723175049, 172.106307983, 172.477813721, 172.849334717, 173.232467651, 173.615600586, 173.998733521, 174.381851196, 174.764984131, 175.148117065, 175.519638062, 175.891159058, 176.262680054, 176.645797729, 177.028930664, 177.40045166, 177.783584595, 178.166702271, 178.538223267, 178.921356201, 179.304489136, 179.676010132, 180.059127808, 180.442260742, 180.813781738, 181.196914673, 181.580047607, 181.951568604, 182.334686279, 182.717819214, 183.08934021, 183.472473145, 183.85559082, 184.238723755, 184.621856689, 184.993377686, 185.37651062, 185.759628296, 186.131149292, 186.514282227, 186.897415161, 187.280548096, 187.663665771, 188.046798706, 188.418319702, 188.801452637, 189.172973633, 189.556091309, 189.939224243, 190.322357178, 190.693878174, 191.07699585, 191.460128784, 191.843261719, 192.214782715, 192.597915649, 192.981033325, 193.36416626, 193.747299194, 194.11882019, 194.490341187, 194.861862183, 195.23336792, 195.616500854, 195.999633789, 196.382766724, 196.765899658, 197.149017334, 197.532150269, 197.903671265, 198.286804199, 198.669921875, 199.041442871, 199.424575806, 199.80770874, 200.190841675, 200.573959351, 200.945480347, 201.328613281, 201.711746216, 202.09487915, 202.477996826, 202.849517822, 203.232650757, 203.615783691, 204.010513306, 204.382034302, 204.765167236, 205.159912109, 205.554641724, 205.960998535, 206.355728149, 206.762084961, 207.156814575, 207.563171387, 207.95791626, 208.352645874, 208.759002686, 209.142120361, 209.525253296, 210.001266479, 210.477279663, 210.953277588, 211.417678833, 211.882080078, 212.358093262, 212.834106445]
