
metadata:
    version:
        essentia: "2.1-beta2"
    audio_properties:
        analysis_sample_rate: 44100
        bitrate: 56
        channels: 2
        equal_loudness: 1
        length: 206.968170166
        replay_gain: -15.1960926056
        downmix: "mix"
    tags:
        album: "Anachromie"
        artist: "Kells"
        comment: ""
        date: "2012"
        genre: "Other"
        title: "Illusion D'Une Aire"
        tracknumber: "3"

configuration:
    average_loudness:
        compute: 1
        frameSize: 88200
        hopSize: 44100
        silentFrames: "noise"
        windowType: "hann"
    general:
        analysisSampleRate: 44100
        endTime: 2000
        equalLoudness: 1
        nequalLoudness: 0
        shortSound: 0
        startTime: 0
    lowlevel:
        compute: 1
        frameSize: 2048
        hopSize: 1024
        zeroPadding: 0
        silentFrames: "noise"
        windowType: "blackmanharris62"
        mfccStats: ["mean", "cov", "icov"]
        stats: ["mean", "var", "median", "min", "max", "dmean", "dmean2", "dvar", "dvar2"]
    panning:
        compute: 0
        frameSize: 8192
        hopSize: 2048
        zeroPadding: 8192
        silentFrames: "noise"
        windowType: "hann"
        stats: ["copy"]
    rhythm:
        compute: 1
        maxTempo: 208
        minTempo: 40
        method: "degara"
        stats: ["mean", "var", "median", "min", "max", "dmean", "dmean2", "dvar", "dvar2"]
    segmentation:
        compute: 0
        cpw: 5
        inc1: 300
        inc2: 50
        minimumSegmentsLength: 10
        size1: 1000
        size2: 600
    sfx:
        compute: 1
        stats: ["mean", "var", "median", "min", "max", "dmean", "dmean2", "dvar", "dvar2"]
    svm:
        compute: 0
    tonal:
        compute: 1
        frameSize: 4096
        hopSize: 2048
        zeroPadding: 0
        silentFrames: "noise"
        windowType: "blackmanharris62"
        stats: ["mean", "var", "median", "min", "max", "dmean", "dmean2", "dvar", "dvar2"]

lowlevel:
    average_loudness: 0.88442927599
    barkbands_kurtosis:
        dmean: 1.85903775692
        dmean2: 2.86558151245
        dvar: 118.937179565
        dvar2: 218.369125366
        max: 938.077575684
        mean: 3.44023537636
        median: -1.11630988121
        min: -1.85629820824
        var: 859.254760742
    barkbands_skewness:
        dmean: 0.40852996707
        dmean2: 0.647289991379
        dvar: 0.255773127079
        dvar2: 0.583426654339
        max: 28.0948867798
        mean: 0.60826510191
        median: 0.233727961779
        min: -2.10350584984
        var: 3.14794516563
    barkbands_spread:
        dmean: 4.35485553741
        dmean2: 7.03797292709
        dvar: 20.5273857117
        dvar2: 51.4460716248
        max: 65.3321456909
        mean: 29.3744106293
        median: 31.9486141205
        min: 0.158237710595
        var: 166.550857544
    dissonance:
        dmean: 0.0162794236094
        dmean2: 0.0273441970348
        dvar: 0.000379468372557
        dvar2: 0.00103122752625
        max: 0.500000119209
        mean: 0.461498081684
        median: 0.479989111423
        min: 0.201229095459
        var: 0.00254615978338
    hfc:
        dmean: 1.56918382645
        dmean2: 2.54900121689
        dvar: 5.10576820374
        dvar2: 13.1495895386
        max: 37.5752754211
        mean: 6.71007347107
        median: 5.77855491638
        min: 1.06653816064e-016
        var: 26.9087734222
    pitch:
        dmean: 639.85559082
        dmean2: 1231.08215332
        dvar: 1337263.5
        dvar2: 3331824.75
        max: 4504.39892578
        mean: 1439.5657959
        median: 441.033416748
        min: 60.7195014954
        var: 2266394
    pitch_instantaneous_confidence:
        dmean: 0.0775043815374
        dmean2: 0.125832721591
        dvar: 0.00514280702919
        dvar2: 0.0126313837245
        max: 0.976064503193
        mean: 0.451497018337
        median: 0.39584249258
        min: 0.108815491199
        var: 0.0415074154735
    pitch_salience:
        dmean: 0.0562570691109
        dmean2: 0.0918623805046
        dvar: 0.00289284950122
        dvar2: 0.00765876937658
        max: 0.997326791286
        mean: 0.60974997282
        median: 0.648063361645
        min: 0.0516283772886
        var: 0.020999841392
    silence_rate_20dB:
        dmean: 0
        dmean2: 0
        dvar: 0
        dvar2: 0
        max: 1
        mean: 1
        median: 1
        min: 1
        var: 0
    silence_rate_30dB:
        dmean: 0
        dmean2: 0
        dvar: 0
        dvar2: 0
        max: 1
        mean: 1
        median: 1
        min: 1
        var: 0
    silence_rate_60dB:
        dmean: 0.0852591395378
        dmean2: 0.170537412167
        dvar: 0.0779852569103
        dvar2: 0.171949654818
        max: 1
        mean: 0.373639941216
        median: 0
        min: 0
        var: 0.234046757221
    spectral_centroid:
        dmean: 225.513900757
        dmean2: 361.301483154
        dvar: 63626.125
        dvar2: 155304.09375
        max: 11641.3173828
        mean: 1475.52856445
        median: 1513.99914551
        min: 191.368804932
        var: 545187.0625
    spectral_complexity:
        dmean: 3.12183094025
        dmean2: 5.18097162247
        dvar: 13.1137580872
        dvar2: 33.7072410583
        max: 43
        mean: 13.2744808197
        median: 13
        min: 0
        var: 73.9198532104
    spectral_crest:
        dmean: 2.0166554451
        dmean2: 3.32296180725
        dvar: 4.30078601837
        dvar2: 11.3548059464
        max: 26.8362350464
        mean: 8.71142578125
        median: 6.80162477493
        min: 2.39143633842
        var: 26.6983661652
    spectral_decrease:
        dmean: 2.67229544049e-010
        dmean2: 4.45127656956e-010
        dvar: 1.90369091007e-019
        dvar2: 5.19589107378e-019
        max: 1.32739268628e-028
        mean: -9.97792515278e-010
        median: -8.84164408355e-010
        min: -5.08264674792e-009
        var: 4.3397332904e-019
    spectral_energy:
        dmean: 0.00112133019138
        dmean2: 0.00186094467063
        dvar: 3.23420158566e-006
        dvar2: 8.78639457369e-006
        max: 0.020137174055
        mean: 0.00437452178448
        median: 0.00389823061414
        min: 1.00592965772e-020
        var: 8.39234871819e-006
    spectral_energyband_high:
        dmean: 0.000112291163532
        dmean2: 0.000191791637917
        dvar: 3.1400325895e-008
        dvar2: 8.49940420267e-008
        max: 0.00253220531158
        mean: 0.000265246053459
        median: 0.000227453419939
        min: 7.16596258177e-021
        var: 6.3377356696e-008
    spectral_energyband_low:
        dmean: 0.000194450534764
        dmean2: 0.000336228957167
        dvar: 8.69531930903e-008
        dvar2: 2.48682027859e-007
        max: 0.00407740985975
        mean: 0.000310584262479
        median: 0.000249135016929
        min: 1.08370973812e-023
        var: 9.94220812345e-008
    spectral_energyband_middle_high:
        dmean: 0.000488158169901
        dmean2: 0.000759543676395
        dvar: 4.43895658009e-007
        dvar2: 1.01905322936e-006
        max: 0.0158641785383
        mean: 0.00220239628106
        median: 0.00157688080799
        min: 1.21243816531e-021
        var: 4.37065455117e-006
    spectral_energyband_middle_low:
        dmean: 0.00076557934517
        dmean2: 0.00129679881502
        dvar: 2.00564909392e-006
        dvar2: 5.54093094252e-006
        max: 0.0175262577832
        mean: 0.00172129378188
        median: 0.00139657547697
        min: 1.82776219219e-022
        var: 2.25543931265e-006
    spectral_flatness_db:
        dmean: 0.0164715237916
        dmean2: 0.0265731737018
        dvar: 0.000289801566396
        dvar2: 0.000722048513126
        max: 0.498677372932
        mean: 0.172924697399
        median: 0.147274017334
        min: 0.0636660531163
        var: 0.0050710500218
    spectral_flux:
        dmean: 0.00758181232959
        dmean2: 0.0119614992291
        dvar: 9.11265451577e-005
        dvar2: 0.00018777436344
        max: 0.126826062799
        mean: 0.0357632823288
        median: 0.0349700786173
        min: 6.46036418805e-011
        var: 0.000368129170965
    spectral_kurtosis:
        dmean: 1.84486246109
        dmean2: 3.14973902702
        dvar: 9.0183801651
        dvar2: 25.5945186615
        max: 65.276260376
        mean: 5.21767711639
        median: 3.50368189812
        min: -1.2598798275
        var: 31.7751674652
    spectral_rms:
        dmean: 0.000243835762376
        dmean2: 0.000394693488488
        dvar: 1.03215775482e-007
        dvar2: 2.70927728252e-007
        max: 0.00443238345906
        mean: 0.00193213007879
        median: 0.0019501671195
        min: 3.13272216328e-012
        var: 5.34704156507e-007
    spectral_rolloff:
        dmean: 300.57321167
        dmean2: 507.474914551
        dvar: 232934.71875
        dvar2: 555201.6875
        max: 19724.4140625
        mean: 2887.70532227
        median: 3316.11328125
        min: 193.798828125
        var: 1822397.125
    spectral_skewness:
        dmean: 0.211088165641
        dmean2: 0.350462377071
        dvar: 0.0759575143456
        dvar2: 0.20605443418
        max: 6.50618028641
        mean: 1.50706684589
        median: 1.27598178387
        min: -0.0989945828915
        var: 0.55686300993
    spectral_spread:
        dmean: 423769.90625
        dmean2: 662290.3125
        dvar: 488483946496
        dvar2: 987770650624
        max: 42251292
        mean: 4051769.25
        median: 3879883.25
        min: 1312685.625
        var: 4.77654102835e+012
    spectral_strongpeak:
        dmean: 0.319231450558
        dmean2: 0.538315653801
        dvar: 0.314840614796
        dvar2: 0.784471213818
        max: 8.42239761353
        mean: 0.686273157597
        median: 0.332605212927
        min: 0
        var: 0.797607183456
    zerocrossingrate:
        dmean: 0.00693475501612
        dmean2: 0.00877953041345
        dvar: 5.14299972565e-005
        dvar2: 6.7209264671e-005
        max: 0.5205078125
        mean: 0.0838852971792
        median: 0.0888671875
        min: 0.00927734375
        var: 0.00129802140873
    barkbands:
        dmean: [7.05003742496e-007, 6.01944775553e-005, 0.000101062913018, 0.000162100972375, 0.000425154867116, 0.00019447520026, 0.000130580112454, 7.70571568864e-005, 9.0906949481e-005, 8.13763981569e-005, 0.000131023916765, 5.20338580827e-005, 4.14501373598e-005, 5.26825606357e-005, 5.81074091315e-005, 8.43083980726e-005, 9.70055771177e-005, 0.000121533899801, 0.000186947232578, 0.000113613110443, 4.67838071927e-005, 1.01129726318e-005, 2.8050601486e-006, 1.4582391259e-006, 7.51211757688e-007, 2.7878305886e-008, 2.50198528562e-010]
        dmean2: [1.17388344734e-006, 0.000106658735604, 0.000172953325091, 0.000279388186755, 0.000744327961002, 0.000317895202897, 0.000214051338844, 0.000126340455608, 0.000142717544804, 0.000122708894196, 0.000190792517969, 8.36883336888e-005, 6.70480512781e-005, 8.68630013429e-005, 9.08845031518e-005, 0.000141524666105, 0.000162136726431, 0.000203880321351, 0.000308225222398, 0.000189806029084, 8.07519390946e-005, 1.75590430445e-005, 4.83534631712e-006, 2.32861680161e-006, 1.17526280974e-006, 4.57849438362e-008, 4.29753788111e-010]
        dvar: [1.41676264904e-012, 1.21667484976e-008, 2.4180730307e-008, 5.65407702879e-008, 1.08461745185e-006, 8.86235866915e-008, 8.11969655956e-008, 3.70835415708e-008, 3.02904759053e-008, 5.00222050448e-008, 1.22238844824e-007, 2.56275516364e-008, 1.30338255744e-008, 1.70645240161e-008, 2.10639274911e-008, 2.70806879143e-008, 2.90375812284e-008, 3.31168976686e-008, 7.69221131236e-008, 3.15849320032e-008, 4.93811658231e-009, 2.61315885597e-010, 5.44622957843e-011, 2.5343544971e-011, 1.17706859884e-011, 1.88891582904e-014, 5.80617510695e-019]
        dvar2: [3.67845944677e-012, 3.46207649216e-008, 6.89258214948e-008, 1.60663631732e-007, 3.03823912873e-006, 2.30945659041e-007, 1.98844233523e-007, 9.06325112737e-008, 6.66650947778e-008, 9.26516605659e-008, 2.28334286589e-007, 4.95501524256e-008, 3.06422620611e-008, 4.30419362374e-008, 4.25389821146e-008, 6.6012411537e-008, 7.24559257037e-008, 8.92263045671e-008, 2.00319092869e-007, 8.25265900062e-008, 1.36206690371e-008, 7.21881276977e-010, 1.33407562775e-010, 5.42986593188e-011, 2.30138460372e-011, 4.07214206474e-014, 1.3101467636e-018]
        max: [1.07724063128e-005, 0.0010554518085, 0.00217518163845, 0.0026928675361, 0.0151569079608, 0.0064389850013, 0.00422051455826, 0.00408878875896, 0.00445414986461, 0.00761140277609, 0.0144559331238, 0.00556742260233, 0.00298640877008, 0.00421429099515, 0.00432407204062, 0.00421946169809, 0.00566185731441, 0.00339306378737, 0.00559427961707, 0.0032487125136, 0.000998828560114, 0.000325611501466, 0.00033914114465, 0.000206354787224, 0.000179966780706, 4.62886555397e-006, 3.57262202044e-008]
        mean: [8.30277542718e-007, 7.21536052879e-005, 0.000139279829455, 0.000219353096327, 0.000538157706615, 0.000414821668528, 0.000200297217816, 0.000109623630124, 0.000204089970794, 0.000178076472366, 0.000404854712542, 0.000114929011033, 7.90178164607e-005, 8.73919707374e-005, 0.000105184954009, 0.000148176608491, 0.000206421987968, 0.000278991035884, 0.000478422734886, 0.00026388184051, 0.000101892226667, 2.03219788091e-005, 4.56313273389e-006, 2.60036063082e-006, 1.1501829249e-006, 3.84752532057e-008, 2.85279355694e-010]
        median: [3.64866508562e-007, 4.26025872002e-005, 9.45456631598e-005, 0.000139943847898, 0.000294590776321, 0.000204579715501, 7.80220580054e-005, 4.34638241131e-005, 9.05695269466e-005, 4.63156029582e-005, 4.53813518106e-005, 3.65595515177e-005, 2.81699194602e-005, 3.3370735764e-005, 5.13133345521e-005, 0.000103083199065, 0.000147503407788, 0.000220758578507, 0.000394957518438, 0.000200628928724, 8.87378919288e-005, 1.72273194039e-005, 2.74581452686e-006, 1.2791675772e-006, 3.96915027068e-007, 1.07370077274e-008, 9.79305317395e-011]
        min: [1.1533892894e-024, 6.35501375422e-024, 1.1628172619e-024, 1.17810637232e-024, 4.21996999728e-024, 9.99058652102e-024, 1.16258226023e-023, 1.81030387994e-023, 1.74874054381e-023, 3.14524712037e-023, 2.15716081348e-023, 1.87893130771e-023, 2.89694242194e-023, 3.90871522414e-023, 8.76323933267e-023, 6.13775436118e-023, 7.53878899933e-023, 1.24006637138e-022, 1.72486077757e-022, 1.73943009186e-022, 2.76096747745e-022, 3.64035149683e-022, 4.92772453141e-022, 7.24822262408e-022, 9.2900188095e-022, 1.35436820185e-021, 2.04549971698e-021]
        var: [1.60109783504e-012, 1.09211404364e-008, 2.61943373658e-008, 6.97336091093e-008, 8.42222902975e-007, 3.6131956449e-007, 1.51522939973e-007, 4.89386557945e-008, 1.44479713526e-007, 2.68142912319e-007, 1.28447959469e-006, 1.40013611372e-007, 4.22336654538e-008, 4.27566249073e-008, 5.45939187191e-008, 4.27118358459e-008, 7.82063906968e-008, 8.04216782058e-008, 2.33975256947e-007, 8.29368715927e-008, 8.84575523941e-009, 4.13094225493e-010, 9.7267777166e-011, 4.34949715133e-011, 2.3457791265e-011, 2.92280915725e-014, 1.03777955574e-018]
    frequency_bands:
        dmean: [7.05003742496e-007, 6.01944775553e-005, 0.000101062913018, 0.000162100972375, 0.000425154867116, 0.00019447520026, 0.000130580112454, 7.70571568864e-005, 9.0906949481e-005, 8.13763981569e-005, 0.000131023916765, 5.20338580827e-005, 4.14501373598e-005, 5.26825606357e-005, 5.81074091315e-005, 8.43083980726e-005, 9.70055771177e-005, 0.000121533899801, 0.000186947232578, 0.000113613110443, 4.67838071927e-005, 1.01129726318e-005, 2.8050601486e-006, 1.4582391259e-006, 7.51211757688e-007, 2.7878305886e-008, 2.50198528562e-010, 4.64521025811e-011]
        dmean2: [1.17388344734e-006, 0.000106658735604, 0.000172953325091, 0.000279388186755, 0.000744327961002, 0.000317895202897, 0.000214051338844, 0.000126340455608, 0.000142717544804, 0.000122708894196, 0.000190792517969, 8.36883336888e-005, 6.70480512781e-005, 8.68630013429e-005, 9.08845031518e-005, 0.000141524666105, 0.000162136726431, 0.000203880321351, 0.000308225222398, 0.000189806029084, 8.07519390946e-005, 1.75590430445e-005, 4.83534631712e-006, 2.32861680161e-006, 1.17526280974e-006, 4.57849438362e-008, 4.29753788111e-010, 8.60485988019e-011]
        dvar: [1.41676264904e-012, 1.21667484976e-008, 2.4180730307e-008, 5.65407702879e-008, 1.08461745185e-006, 8.86235866915e-008, 8.11969655956e-008, 3.70835415708e-008, 3.02904759053e-008, 5.00222050448e-008, 1.22238844824e-007, 2.56275516364e-008, 1.30338255744e-008, 1.70645240161e-008, 2.10639274911e-008, 2.70806879143e-008, 2.90375812284e-008, 3.31168976686e-008, 7.69221131236e-008, 3.15849320032e-008, 4.93811658231e-009, 2.61315885597e-010, 5.44622957843e-011, 2.5343544971e-011, 1.17706859884e-011, 1.88891582904e-014, 5.80617510695e-019, 4.5742861692e-021]
        dvar2: [3.67845944677e-012, 3.46207649216e-008, 6.89258214948e-008, 1.60663631732e-007, 3.03823912873e-006, 2.30945659041e-007, 1.98844233523e-007, 9.06325112737e-008, 6.66650947778e-008, 9.26516605659e-008, 2.28334286589e-007, 4.95501524256e-008, 3.06422620611e-008, 4.30419362374e-008, 4.25389821146e-008, 6.6012411537e-008, 7.24559257037e-008, 8.92263045671e-008, 2.00319092869e-007, 8.25265900062e-008, 1.36206690371e-008, 7.21881276977e-010, 1.33407562775e-010, 5.42986593188e-011, 2.30138460372e-011, 4.07214206474e-014, 1.3101467636e-018, 1.44532396014e-020]
        max: [1.07724063128e-005, 0.0010554518085, 0.00217518163845, 0.0026928675361, 0.0151569079608, 0.0064389850013, 0.00422051455826, 0.00408878875896, 0.00445414986461, 0.00761140277609, 0.0144559331238, 0.00556742260233, 0.00298640877008, 0.00421429099515, 0.00432407204062, 0.00421946169809, 0.00566185731441, 0.00339306378737, 0.00559427961707, 0.0032487125136, 0.000998828560114, 0.000325611501466, 0.00033914114465, 0.000206354787224, 0.000179966780706, 4.62886555397e-006, 3.57262202044e-008, 8.1996887058e-010]
        mean: [8.30277542718e-007, 7.21536052879e-005, 0.000139279829455, 0.000219353096327, 0.000538157706615, 0.000414821668528, 0.000200297217816, 0.000109623630124, 0.000204089970794, 0.000178076472366, 0.000404854712542, 0.000114929011033, 7.90178164607e-005, 8.73919707374e-005, 0.000105184954009, 0.000148176608491, 0.000206421987968, 0.000278991035884, 0.000478422734886, 0.00026388184051, 0.000101892226667, 2.03219788091e-005, 4.56313273389e-006, 2.60036063082e-006, 1.1501829249e-006, 3.84752532057e-008, 2.85279355694e-010, 3.70401417871e-011]
        median: [3.64866508562e-007, 4.26025872002e-005, 9.45456631598e-005, 0.000139943847898, 0.000294590776321, 0.000204579715501, 7.80220580054e-005, 4.34638241131e-005, 9.05695269466e-005, 4.63156029582e-005, 4.53813518106e-005, 3.65595515177e-005, 2.81699194602e-005, 3.3370735764e-005, 5.13133345521e-005, 0.000103083199065, 0.000147503407788, 0.000220758578507, 0.000394957518438, 0.000200628928724, 8.87378919288e-005, 1.72273194039e-005, 2.74581452686e-006, 1.2791675772e-006, 3.96915027068e-007, 1.07370077274e-008, 9.79305317395e-011, 1.31208490253e-011]
        min: [1.1533892894e-024, 6.35501375422e-024, 1.1628172619e-024, 1.17810637232e-024, 4.21996999728e-024, 9.99058652102e-024, 1.16258226023e-023, 1.81030387994e-023, 1.74874054381e-023, 3.14524712037e-023, 2.15716081348e-023, 1.87893130771e-023, 2.89694242194e-023, 3.90871522414e-023, 8.76323933267e-023, 6.13775436118e-023, 7.53878899933e-023, 1.24006637138e-022, 1.72486077757e-022, 1.73943009186e-022, 2.76096747745e-022, 3.64035149683e-022, 4.92772453141e-022, 7.24822262408e-022, 9.2900188095e-022, 1.35436820185e-021, 2.04549971698e-021, 5.87082503543e-022]
        var: [1.60109783504e-012, 1.09211404364e-008, 2.61943373658e-008, 6.97336091093e-008, 8.42222902975e-007, 3.6131956449e-007, 1.51522939973e-007, 4.89386557945e-008, 1.44479713526e-007, 2.68142912319e-007, 1.28447959469e-006, 1.40013611372e-007, 4.22336654538e-008, 4.27566249073e-008, 5.45939187191e-008, 4.27118358459e-008, 7.82063906968e-008, 8.04216782058e-008, 2.33975256947e-007, 8.29368715927e-008, 8.84575523941e-009, 4.13094225493e-010, 9.7267777166e-011, 4.34949715133e-011, 2.3457791265e-011, 2.92280915725e-014, 1.03777955574e-018, 3.78458677425e-021]
    mfcc:
        mean: [-736.221374512, 115.644691467, -48.4550743103, 51.0326843262, -15.0385322571, -14.2102537155, 0.062997020781, -5.83602714539, -7.02846717834, -7.37023115158, -11.3687944412, -8.01525878906, -6.38112163544]
        cov: [[8495.47753906, -131.898086548, -856.180114746, 1476.30957031, -157.555892944, 450.245727539, 355.196502686, 362.75579834, 357.291687012, 79.1618041992, 185.105224609, 296.917449951, 108.633369446], [-131.898086548, 702.460632324, 27.0164356232, -94.25831604, -26.6926803589, -115.711898804, -45.1559257507, -70.8893508911, -102.331680298, -11.3895797729, -66.9917297363, -105.495376587, -41.8761291504], [-856.180114746, 27.0164356232, 655.895751953, -62.9582481384, 131.443557739, 93.2590179443, -52.7523574829, 32.2243881226, -41.0045661926, 23.5414924622, -4.11908912659, -42.9063148499, 7.72441768646], [1476.30957031, -94.25831604, -62.9582481384, 535.380371094, 16.425655365, 143.464675903, 32.5820579529, 92.4939422607, 126.25667572, 16.544046402, 70.1173782349, 88.210975647, 31.784198761], [-157.555892944, -26.6926803589, 131.443557739, 16.425655365, 142.118652344, 54.7473068237, 8.42122173309, 2.61638355255, 1.70680963993, 15.3471841812, 14.9732847214, 11.0861597061, 6.06376791], [450.245727539, -115.711898804, 93.2590179443, 143.464675903, 54.7473068237, 222.997940063, 85.5202865601, 85.0276794434, 41.8849754333, 16.099149704, 39.0431251526, 33.5816459656, 28.4048290253], [355.196502686, -45.1559257507, -52.7523574829, 32.5820579529, 8.42122173309, 85.5202865601, 149.250839233, 76.9892044067, 33.3395576477, 12.0278968811, 7.62915802002, 19.6161231995, 28.8499450684], [362.75579834, -70.8893508911, 32.2243881226, 92.4939422607, 2.61638355255, 85.0276794434, 76.9892044067, 141.83795166, 65.7958374023, 22.2377567291, 10.0331506729, 23.666809082, 34.4466552734], [357.291687012, -102.331680298, -41.0045661926, 126.25667572, 1.70680963993, 41.8849754333, 33.3395576477, 65.7958374023, 124.056655884, 27.9500350952, 29.2880554199, 36.5868873596, 19.1104297638], [79.1618041992, -11.3895797729, 23.5414924622, 16.544046402, 15.3471841812, 16.099149704, 12.0278968811, 22.2377567291, 27.9500350952, 80.2489624023, 35.8930969238, 11.7579889297, -0.381948560476], [185.105224609, -66.9917297363, -4.11908912659, 70.1173782349, 14.9732847214, 39.0431251526, 7.62915802002, 10.0331506729, 29.2880554199, 35.8930969238, 92.5011520386, 49.3186759949, 4.88122272491], [296.917449951, -105.495376587, -42.9063148499, 88.210975647, 11.0861597061, 33.5816459656, 19.6161231995, 23.666809082, 36.5868873596, 11.7579889297, 49.3186759949, 100.567314148, 36.9809150696], [108.633369446, -41.8761291504, 7.72441768646, 31.784198761, 6.06376791, 28.4048290253, 28.8499450684, 34.4466552734, 19.1104297638, -0.381948560476, 4.88122272491, 36.9809150696, 71.6189651489]]
        icov: [[0.00032210079371, -0.00011036851356, 0.000316077959724, -0.000802374794148, 0.000271269644145, -0.000220557616558, -0.00033554865513, -0.000182398231118, 0.000244074995862, -0.000284375419142, 0.000152764521772, -0.00024542491883, 0.000105971121229], [-0.00011036851356, 0.00202962546609, -0.00022932162392, -0.000314916978823, -1.51669901243e-005, 0.00110450084321, -0.00038411267451, 0.000283497996861, 0.00138865737244, -0.000596983532887, 0.000323731452227, 0.00175427296199, -0.000201377974008], [0.000316077959724, -0.00022932162392, 0.00300915422849, -0.000202448645723, -0.00185056461487, -0.00173959298991, 0.00224648788571, -0.00201561162248, 0.00117528275587, -0.000816097366624, -4.17868104705e-005, 0.0010983113898, -0.000819324923214], [-0.000802374794148, -0.000314916978823, -0.000202448645723, 0.00544421421364, -0.000813595892396, -0.00174278893974, 0.00262624700554, -0.000520048604812, -0.0032083815895, 0.00172663677949, -0.00115793908481, -0.00103338703047, 6.87767023919e-005], [0.000271269644145, -1.51669901243e-005, -0.00185056461487, -0.000813595892396, 0.0101102432236, -0.00180035934318, -0.00168766709976, 0.00263063353486, -0.000384380080504, -0.00147468585055, 0.000607303052675, -0.00183333805762, 0.00041290486115], [-0.000220557616558, 0.00110450084321, -0.00173959298991, -0.00174278893974, -0.00180035934318, 0.0101406481117, -0.00461449893191, -0.00178356585093, 0.00149572466034, 0.00117091333959, -0.00257486035116, 0.00135778076947, -0.000129827225464], [-0.00033554865513, -0.00038411267451, 0.00224648788571, 0.00262624700554, -0.00168766709976, -0.00461449893191, 0.0136424135417, -0.00560332043096, -0.000176677960553, -0.000302945962176, 0.00030194586725, 0.000354271265678, -0.00210884585977], [-0.000182398231118, 0.000283497996861, -0.00201561162248, -0.000520048604812, 0.00263063353486, -0.00178356585093, -0.00560332043096, 0.0158437937498, -0.00545165548101, -0.00205347803421, 0.00257161818445, 7.94904699433e-005, -0.0027605521027], [0.000244074995862, 0.00138865737244, 0.00117528275587, -0.0032083815895, -0.000384380080504, 0.00149572466034, -0.000176677960553, -0.00545165548101, 0.0155655667186, -0.00362973217852, -0.000469016405987, 3.26791155203e-006, -0.000271083466941], [-0.000284375419142, -0.000596983532887, -0.000816097366624, 0.00172663677949, -0.00147468585055, 0.00117091333959, -0.000302945962176, -0.00205347803421, -0.00362973217852, 0.0177200417966, -0.00768055254593, 0.0012744636042, 0.00110262597445], [0.000152764521772, 0.000323731452227, -4.17868104705e-005, -0.00115793908481, 0.000607303052675, -0.00257486035116, 0.00030194586725, 0.00257161818445, -0.000469016405987, -0.00768055254593, 0.0200591962785, -0.00902780611068, 0.00346587062813], [-0.00024542491883, 0.00175427296199, 0.0010983113898, -0.00103338703047, -0.00183333805762, 0.00135778076947, 0.000354271265678, 7.94904699433e-005, 3.26791155203e-006, 0.0012744636042, -0.00902780611068, 0.0211835429072, -0.009143111296], [0.000105971121229, -0.000201377974008, -0.000819324923214, 6.87767023919e-005, 0.00041290486115, -0.000129827225464, -0.00210884585977, -0.0027605521027, -0.000271083466941, 0.00110262597445, 0.00346587062813, -0.009143111296, 0.020499015227]]
    sccoeffs:
        dmean: [0.0556720942259, 0.0483393967152, 0.0368204265833, 0.028624791652, 0.0196632761508, 0.0171544328332]
        dmean2: [0.0932071730494, 0.0794276893139, 0.059875741601, 0.0473805554211, 0.032623860985, 0.02813789621]
        dvar: [0.0022119472269, 0.00154420221224, 0.000900761340745, 0.000544724694919, 0.000275434809737, 0.000261113251327]
        dvar2: [0.00613619340584, 0.00412082439288, 0.0022645755671, 0.00148045259994, 0.000716533861123, 0.00068815384293]
        max: [-0.239175722003, -0.311194211245, -0.355689525604, -0.528821289539, -0.579076051712, -0.441730082035]
        mean: [-0.638314962387, -0.726484119892, -0.75318980217, -0.797926306725, -0.802952349186, -0.751902461052]
        median: [-0.6620631814, -0.743398725986, -0.779102981091, -0.806653678417, -0.805788934231, -0.749825060368]
        min: [-0.975882530212, -0.968471169472, -0.974258124828, -0.972856640816, -0.98499161005, -0.962905108929]
        var: [0.0114298826084, 0.00933814235032, 0.00845726113766, 0.00244471710175, 0.00106884725392, 0.00245036790147]
    scvalleys:
        dmean: [0.418048679829, 0.3788613379, 0.303029447794, 0.273598074913, 0.22340670228, 0.297690838575]
        dmean2: [0.699428498745, 0.631260693073, 0.501622259617, 0.444067895412, 0.356574624777, 0.475349277258]
        dvar: [0.140508130193, 0.129136487842, 0.0784566700459, 0.0809242650867, 0.0874549299479, 0.149185240269]
        dvar2: [0.346045970917, 0.31725859642, 0.177338942885, 0.18186019361, 0.191264793277, 0.35758087039]
        max: [-5.01000499725, -4.44941568375, -5.40942621231, -5.44590520859, -5.60500383377, -7.72395896912]
        mean: [-7.43575954437, -6.83533000946, -7.24640703201, -7.53727722168, -7.28943920135, -10.3950929642]
        median: [-6.58366155624, -6.49516963959, -6.92858123779, -7.15163946152, -6.69230365753, -9.84957885742]
        min: [-27.8759784698, -28.0906772614, -27.675069809, -27.6388225555, -27.4265918732, -27.4141407013]
        var: [4.59603786469, 2.35171103477, 2.1068546772, 2.29126167297, 2.91090965271, 2.92539286613]

rhythm:
    beats_loudness:
        dmean: 0.00192180706654
        dmean2: 0.00351485144347
        dvar: 2.64445066023e-006
        dvar2: 8.66030131874e-006
        max: 0.0118953734636
        mean: 0.00483712693676
        median: 0.00477941380814
        min: 5.69788261018e-009
        var: 7.59161230235e-006
    bpm: 114.054496765
    bpm_confidence: 0
    first_peak_bpm: 115
    first_peak_spread: 0.399449050426
    first_peak_weight: 0.557544767857
    onset_rate: 2.86034321785
    second_peak_bpm: 123
    second_peak_spread: 0.571428596973
    second_peak_weight: 0.0153452688828
    beats_loudness_band_ratio:
        dmean: [0.0915731713176, 0.170788243413, 0.0936617925763, 0.108842387795, 0.0802435055375, 0.0711541026831]
        dmean2: [0.163824245334, 0.306570917368, 0.162659794092, 0.193293854594, 0.139874100685, 0.12654080987]
        dvar: [0.00895308796316, 0.0177465956658, 0.0101353144273, 0.0202342290431, 0.0066974167712, 0.00426423223689]
        dvar2: [0.023401979357, 0.0488720275462, 0.0251697413623, 0.0553363077343, 0.0189871583134, 0.0120071349666]
        max: [0.719863712788, 0.991092026234, 0.675673782825, 0.947980880737, 0.566041946411, 0.422050595284]
        mean: [0.155237972736, 0.279807120562, 0.142995521426, 0.147902935743, 0.179898068309, 0.159829467535]
        median: [0.133733451366, 0.218924105167, 0.106552019715, 0.0732442513108, 0.168130099773, 0.153984457254]
        min: [0.000317524769343, 0.000850854907185, 0.00323129352182, 0.000514080747962, 0.00101471203379, 0.000276500562904]
        var: [0.0151157472283, 0.0503883510828, 0.0134872626513, 0.0293899793178, 0.0120078241453, 0.00879001803696]
    beats_position: [0.580498874187, 1.14938771725, 1.72988653183, 2.32199549675, 2.92571425438, 3.51782298088, 4.1099319458, 4.69043064117, 5.27092981339, 5.86303853989, 6.33904743195, 6.82666635513, 7.31428575516, 7.80190467834, 8.27791404724, 8.77714252472, 9.26476192474, 9.72916126251, 10.2051696777, 10.7043991089, 11.1920175552, 11.6796369553, 12.1788663864, 12.689704895, 13.2121543884, 13.7346029282, 14.2454423904, 14.7678909302, 15.2903394699, 15.8127889633, 16.3236274719, 16.8344669342, 17.3453063965, 17.8677539825, 18.4018135071, 18.9242630005, 19.4467124939, 19.96916008, 20.4916095734, 21.037279129, 21.5713367462, 22.0937862396, 22.616235733, 23.1502952576, 23.6727428436, 24.195192337, 24.7292518616, 25.2516994476, 25.774148941, 26.3082084656, 26.830657959, 27.353105545, 27.8871650696, 28.409614563, 28.932062149, 29.4545116425, 29.9769611359, 30.4994106293, 31.0218582153, 31.5559177399, 32.0899772644, 32.6240348816, 33.146484375, 33.6689338684, 34.1913833618, 34.7138328552, 35.2478904724, 35.7819480896, 36.304397583, 36.8268470764, 37.3609046936, 37.883354187, 38.4174156189, 38.9514732361, 39.4739227295, 40.0079803467, 40.5420417786, 41.0644874573, 41.5869369507, 42.1093864441, 42.6318359375, 43.1426734924, 43.6767349243, 44.2107925415, 44.7448501587, 45.2672996521, 45.7897491455, 46.3121986389, 46.8346481323, 47.3570976257, 47.8795471191, 48.4136047363, 48.9360542297, 49.4701118469, 49.9925613403, 50.5150108337, 51.0374603271, 51.5715179443, 52.1055755615, 52.6164169312, 53.1504745483, 53.6729240417, 54.1953735352, 54.7294311523, 55.2518806458, 55.7743301392, 56.3083877563, 56.8308372498, 57.3532867432, 57.8873443604, 58.4097938538, 58.9322433472, 59.4663009644, 59.9887504578, 60.5111999512, 61.0336494446, 61.5677070618, 62.0901565552, 62.6242179871, 63.135055542, 63.6691131592, 64.1915664673, 64.7256240845, 65.2480697632, 65.7821273804, 66.3045806885, 66.8270263672, 67.3610839844, 67.8835372925, 68.4059829712, 68.9284362793, 69.450881958, 69.9849395752, 70.5189971924, 71.0414505005, 71.5638961792, 72.0979614258, 72.6204071045, 73.1428527832, 73.6769180298, 74.210975647, 74.7450332642, 75.2790908813, 75.8015441895, 76.3239898682, 76.8580474854, 77.368888855, 77.8797302246, 78.4137878418, 78.9362335205, 79.4586868286, 79.9927444458, 80.526802063, 81.0492477417, 81.5717010498, 82.0941467285, 82.6166000366, 83.1390457153, 83.661491394, 84.1955566406, 84.7296142578, 85.2520599365, 85.7745132446, 86.2969589233, 86.8194122314, 87.3534698486, 87.8875274658, 88.421585083, 88.9440383911, 89.4664840698, 89.9889297485, 90.5113830566, 91.0454406738, 91.5678863525, 92.0903396606, 92.6243972778, 93.1468429565, 93.6692962646, 94.2033538818, 94.7257995605, 95.2482528687, 95.7823104858, 96.3047637939, 96.8272094727, 97.3612670898, 97.8837203979, 98.4061660767, 98.9402236938, 99.474281311, 99.9851226807, 100.507568359, 101.030021667, 101.564079285, 102.098136902, 102.62059021, 103.143035889, 103.677093506, 104.199546814, 104.733604431, 105.25605011, 105.778503418, 106.300949097, 106.835006714, 107.357460022, 107.879905701, 108.413963318, 108.936416626, 109.458862305, 109.981315613, 110.503761292, 111.037818909, 111.560272217, 112.094329834, 112.616775513, 113.139228821, 113.6616745, 114.195732117, 114.729797363, 115.26385498, 115.797912598, 116.320358276, 116.854415894, 117.376869202, 117.910926819, 118.444984436, 118.967437744, 119.489883423, 120.012336731, 120.53478241, 121.057228088, 121.579681396, 122.102127075, 122.624580383, 123.147026062, 123.66947937, 124.203536987, 124.737594604, 125.260040283, 125.782493591, 126.30493927, 126.838996887, 127.373062134, 127.907119751, 128.441177368, 128.975234985, 129.497680664, 130.020126343, 130.530975342, 131.053421021, 131.575866699, 132.109924316, 132.632385254, 133.166442871, 133.68888855, 134.211334229, 134.733779907, 135.256240845, 135.778686523, 136.301132202, 136.835189819, 137.357635498, 137.880081177, 138.414154053, 138.936599731, 139.45904541, 139.993103027, 140.515548706, 141.037994385, 141.572067261, 142.094512939, 142.616958618, 143.151016235, 143.685073853, 144.207519531, 144.729980469, 145.252426147, 145.774871826, 146.308929443, 146.831375122, 147.35383606, 147.887893677, 148.410339355, 148.932785034, 149.455230713, 149.97769165, 150.488525391, 151.022583008, 151.556640625, 152.090698242, 152.613143921, 153.135604858, 153.669662476, 154.192108154, 154.714553833, 155.24861145, 155.782669067, 156.305114746, 156.827575684, 157.350021362, 157.872467041, 158.406524658, 158.940582275, 159.463043213, 159.985488892, 160.50793457, 161.030380249, 161.564437866, 162.098495483, 162.620956421, 163.1434021, 163.665847778, 164.188293457, 164.722351074, 165.256408691, 165.778869629, 166.301315308, 166.823760986, 167.346206665, 167.880264282, 168.414321899, 168.948379517, 169.459228516, 169.981674194, 170.504119873, 171.03817749, 171.560638428, 172.094696045, 172.617141724, 173.139587402, 173.662033081, 174.196090698, 174.730148315, 175.252609253, 175.775054932, 176.29750061, 176.819946289, 177.354003906, 177.888076782, 178.410522461, 178.93296814, 179.467025757, 179.989471436, 180.511917114, 181.04598999, 181.568435669, 182.090881348, 182.613327026, 183.135772705, 183.669830322, 184.19229126, 184.714736938, 185.248794556, 185.771240234, 186.293685913, 186.827758789, 187.361816406, 187.884262085, 188.406707764, 188.929153442, 189.451599121, 189.985671997, 190.519729614, 191.042175293, 191.564620972, 192.098678589, 192.621124268, 193.143585205, 193.666030884, 194.188476563, 194.72253418, 195.244979858, 195.767440796, 196.301498413, 196.83555603, 197.358001709, 197.880447388, 198.414505005, 198.936950684, 199.459411621, 199.993469238, 200.527526855, 201.061584473, 201.59564209, 202.141311646, 202.686981201, 203.232650757, 203.731872559, 204.231109619, 204.741943359, 205.252792358, 205.763626099, 206.274459839]
