
metadata:
    version:
        essentia: "2.1-beta2"
    audio_properties:
        analysis_sample_rate: 44100
        bitrate: 56
        channels: 2
        equal_loudness: 1
        length: 252.760818481
        replay_gain: -15.0751419067
        downmix: "mix"
    tags:
        album: "Anachromie"
        artist: "Kells"
        comment: ""
        date: "2012"
        genre: "Other"
        title: "L'Autre Rive"
        tracknumber: "11"

configuration:
    average_loudness:
        compute: 1
        frameSize: 88200
        hopSize: 44100
        silentFrames: "noise"
        windowType: "hann"
    general:
        analysisSampleRate: 44100
        endTime: 2000
        equalLoudness: 1
        nequalLoudness: 0
        shortSound: 0
        startTime: 0
    lowlevel:
        compute: 1
        frameSize: 2048
        hopSize: 1024
        zeroPadding: 0
        silentFrames: "noise"
        windowType: "blackmanharris62"
        mfccStats: ["mean", "cov", "icov"]
        stats: ["mean", "var", "median", "min", "max", "dmean", "dmean2", "dvar", "dvar2"]
    panning:
        compute: 0
        frameSize: 8192
        hopSize: 2048
        zeroPadding: 8192
        silentFrames: "noise"
        windowType: "hann"
        stats: ["copy"]
    rhythm:
        compute: 1
        maxTempo: 208
        minTempo: 40
        method: "degara"
        stats: ["mean", "var", "median", "min", "max", "dmean", "dmean2", "dvar", "dvar2"]
    segmentation:
        compute: 0
        cpw: 5
        inc1: 300
        inc2: 50
        minimumSegmentsLength: 10
        size1: 1000
        size2: 600
    sfx:
        compute: 1
        stats: ["mean", "var", "median", "min", "max", "dmean", "dmean2", "dvar", "dvar2"]
    svm:
        compute: 0
    tonal:
        compute: 1
        frameSize: 4096
        hopSize: 2048
        zeroPadding: 0
        silentFrames: "noise"
        windowType: "blackmanharris62"
        stats: ["mean", "var", "median", "min", "max", "dmean", "dmean2", "dvar", "dvar2"]

lowlevel:
    average_loudness: 0.884395539761
    barkbands_kurtosis:
        dmean: 0.693773448467
        dmean2: 1.13373613358
        dvar: 3.50445270538
        dvar2: 7.6135892868
        max: 107.413261414
        mean: -0.676453471184
        median: -1.22892785072
        min: -1.85528981686
        var: 5.70736408234
    barkbands_skewness:
        dmean: 0.393708497286
        dmean2: 0.618077814579
        dvar: 0.153854116797
        dvar2: 0.362679094076
        max: 9.54861068726
        mean: 0.1623904109
        median: 0.0733138769865
        min: -3.09393358231
        var: 0.524349868298
    barkbands_spread:
        dmean: 4.88588142395
        dmean2: 7.86902427673
        dvar: 20.9312095642
        dvar2: 54.1438789368
        max: 73.059211731
        mean: 31.820482254
        median: 33.286277771
        min: 0.445645272732
        var: 99.05027771
    dissonance:
        dmean: 0.0138121452183
        dmean2: 0.0233658943325
        dvar: 0.000270502641797
        dvar2: 0.000754641892854
        max: 0.500000119209
        mean: 0.476564824581
        median: 0.4829839468
        min: 0.2068323493
        var: 0.00056125613628
    hfc:
        dmean: 1.92543339729
        dmean2: 3.02369332314
        dvar: 5.80528211594
        dvar2: 15.0225811005
        max: 39.0437583923
        mean: 7.43523216248
        median: 6.77359485626
        min: 1.09863581243e-016
        var: 29.5268554688
    pitch:
        dmean: 806.549865723
        dmean2: 1561.62438965
        dvar: 1673344.25
        dvar2: 4188356.5
        max: 11087.8144531
        mean: 1334.74047852
        median: 375.713043213
        min: 67.858253479
        var: 2235551.5
    pitch_instantaneous_confidence:
        dmean: 0.083643913269
        dmean2: 0.134831503034
        dvar: 0.00517037604004
        dvar2: 0.0123068122193
        max: 0.976057589054
        mean: 0.398747414351
        median: 0.363257944584
        min: 0.0952122211456
        var: 0.0266457032412
    pitch_salience:
        dmean: 0.0601289570332
        dmean2: 0.0977932140231
        dvar: 0.00281507242471
        dvar2: 0.00745372148231
        max: 0.891354620457
        mean: 0.625891208649
        median: 0.649945676327
        min: 0.0688844174147
        var: 0.0122850788757
    silence_rate_20dB:
        dmean: 0
        dmean2: 0
        dvar: 0
        dvar2: 0
        max: 1
        mean: 1
        median: 1
        min: 1
        var: 0
    silence_rate_30dB:
        dmean: 0
        dmean2: 0
        dvar: 0
        dvar2: 0
        max: 1
        mean: 1
        median: 1
        min: 1
        var: 0
    silence_rate_60dB:
        dmean: 0.0876354947686
        dmean2: 0.175287097692
        dvar: 0.0799617990851
        dvar2: 0.177462741733
        max: 1
        mean: 0.310002744198
        median: 0
        min: 0
        var: 0.213891386986
    spectral_centroid:
        dmean: 256.851318359
        dmean2: 406.135040283
        dvar: 59315.953125
        dvar2: 137473.453125
        max: 11776.9072266
        mean: 1617.74755859
        median: 1593.02148438
        min: 270.839172363
        var: 698001.0625
    spectral_complexity:
        dmean: 3.93753433228
        dmean2: 6.30261850357
        dvar: 16.370891571
        dvar2: 39.6069869995
        max: 46
        mean: 15.2701387405
        median: 15
        min: 0
        var: 92.8688812256
    spectral_crest:
        dmean: 2.05708622932
        dmean2: 3.39157056808
        dvar: 4.04563093185
        dvar2: 10.317650795
        max: 26.1332092285
        mean: 7.14397478104
        median: 6.09937667847
        min: 2.46656560898
        var: 12.3036403656
    spectral_decrease:
        dmean: 2.66484917466e-010
        dmean2: 4.37720332203e-010
        dvar: 1.62044824171e-019
        dvar2: 4.34263049049e-019
        max: 2.81643228391e-028
        mean: -1.03586184075e-009
        median: -1.00970865002e-009
        min: -5.01512120721e-009
        var: 4.40974999334e-019
    spectral_energy:
        dmean: 0.00114168180153
        dmean2: 0.0018627520185
        dvar: 2.86604790745e-006
        dvar2: 7.65381082601e-006
        max: 0.0208130124956
        mean: 0.00458396412432
        median: 0.00445787236094
        min: 1.00653485666e-020
        var: 8.68335519044e-006
    spectral_energyband_high:
        dmean: 0.000135335387313
        dmean2: 0.000226455551456
        dvar: 3.86080856174e-008
        dvar2: 1.04106462118e-007
        max: 0.00274056242779
        mean: 0.000293810036965
        median: 0.000245781149715
        min: 7.20761161029e-021
        var: 6.86408441197e-008
    spectral_energyband_low:
        dmean: 0.000241189845838
        dmean2: 0.000421168864705
        dvar: 1.18399171356e-007
        dvar2: 3.34695727133e-007
        max: 0.00319722760469
        mean: 0.000387858250178
        median: 0.000321520055877
        min: 1.33672054405e-023
        var: 1.41919059615e-007
    spectral_energyband_middle_high:
        dmean: 0.000613123411313
        dmean2: 0.00093980593374
        dvar: 4.74127404004e-007
        dvar2: 1.14495458092e-006
        max: 0.0129881482571
        mean: 0.00236749486066
        median: 0.00197409908287
        min: 1.20151608947e-021
        var: 3.56248438038e-006
    spectral_energyband_middle_low:
        dmean: 0.000730379659217
        dmean2: 0.0012246016413
        dvar: 1.50914513597e-006
        dvar2: 4.10940583606e-006
        max: 0.0156672485173
        mean: 0.00170460657682
        median: 0.00146429357119
        min: 1.53146906541e-022
        var: 2.16244052353e-006
    spectral_flatness_db:
        dmean: 0.0153359463438
        dmean2: 0.024149492383
        dvar: 0.000205024203751
        dvar2: 0.000471857871162
        max: 0.466208547354
        mean: 0.151993140578
        median: 0.137697786093
        min: 0.0603405982256
        var: 0.00243078544736
    spectral_flux:
        dmean: 0.00745456339791
        dmean2: 0.0118077034131
        dvar: 8.20774221211e-005
        dvar2: 0.000177949303179
        max: 0.126529291272
        mean: 0.0390817858279
        median: 0.0399479903281
        min: 6.61250013079e-011
        var: 0.000349800073309
    spectral_kurtosis:
        dmean: 1.56922507286
        dmean2: 2.69661712646
        dvar: 7.04035139084
        dvar2: 19.9405727386
        max: 117.847061157
        mean: 4.58055782318
        median: 3.60890603065
        min: -1.50864005089
        var: 29.6846351624
    spectral_rms:
        dmean: 0.00024744507391
        dmean2: 0.000394510308979
        dvar: 9.04597072804e-008
        dvar2: 2.31240832704e-007
        max: 0.00450614886358
        mean: 0.00197163433768
        median: 0.00208546011709
        min: 3.13366433496e-012
        var: 5.84821350458e-007
    spectral_rolloff:
        dmean: 381.027740479
        dmean2: 626.321838379
        dvar: 294419.75
        dvar2: 691783.4375
        max: 19681.3476563
        mean: 3163.43701172
        median: 3316.11328125
        min: 193.798828125
        var: 2003324.375
    spectral_skewness:
        dmean: 0.191190391779
        dmean2: 0.320145756006
        dvar: 0.0472482480109
        dvar2: 0.130361050367
        max: 8.63557434082
        mean: 1.41087758541
        median: 1.32261860371
        min: -0.436831265688
        var: 0.246305689216
    spectral_spread:
        dmean: 498212.03125
        dmean2: 754036.4375
        dvar: 495896854528
        dvar2: 979791839232
        max: 42680716
        mean: 4376257
        median: 4033236
        min: 737962.875
        var: 9.78458247168e+012
    spectral_strongpeak:
        dmean: 0.384164005518
        dmean2: 0.658613324165
        dvar: 0.428827166557
        dvar2: 1.15254855156
        max: 8.53223419189
        mean: 0.652579665184
        median: 0.301972568035
        min: 0
        var: 0.757598221302
    zerocrossingrate:
        dmean: 0.00780465034768
        dmean2: 0.00993074756116
        dvar: 5.74713048991e-005
        dvar2: 8.53911915328e-005
        max: 0.52783203125
        mean: 0.092749081552
        median: 0.0927734375
        min: 0.013671875
        var: 0.00136802892666
    barkbands:
        dmean: [8.70194526215e-007, 7.50423641875e-005, 0.000112923553388, 0.000243768590735, 0.0003569824039, 0.000205325923162, 0.000133794746944, 5.23109047208e-005, 0.0001296219707, 9.35089919949e-005, 0.00014887235011, 8.54685276863e-005, 4.11367400375e-005, 5.51703742531e-005, 7.22980912542e-005, 0.000112357396574, 0.000111163666588, 0.000163116666954, 0.000221768917982, 0.000132761779241, 5.56576669624e-005, 1.06858706204e-005, 3.15484658131e-006, 1.79153664703e-006, 1.18879165711e-006, 5.55607719832e-008, 3.77308267963e-010]
        dmean2: [1.44309262851e-006, 0.000133646870381, 0.000196402746951, 0.000419540418079, 0.000616258417722, 0.000339836900821, 0.000221333786612, 8.80631487234e-005, 0.000205459597055, 0.000145956262713, 0.000229872530326, 0.000137591705425, 6.74388720654e-005, 9.13119729375e-005, 0.000119871743664, 0.000184550430276, 0.000179911585292, 0.000271427241387, 0.000361778482329, 0.000214932195377, 9.52858972596e-005, 1.81087252713e-005, 5.39131860933e-006, 2.80023527921e-006, 1.89599097666e-006, 8.93262992463e-008, 6.26778018376e-010]
        dvar: [1.46762300663e-012, 1.35468720686e-008, 3.10830579053e-008, 1.00300930228e-007, 6.91594721047e-007, 1.11311088347e-007, 9.4885088231e-008, 1.76729102463e-008, 5.0558618625e-008, 5.52164323153e-008, 1.24923559497e-007, 2.43635600583e-008, 6.01429128722e-009, 1.40986404773e-008, 2.10084145635e-008, 3.75194986191e-008, 3.36018537439e-008, 4.80425441651e-008, 7.7374608054e-008, 3.11453156598e-008, 7.50474526967e-009, 2.8015639808e-010, 4.60952040426e-011, 3.64268233632e-011, 1.80707584313e-011, 5.4363658757e-014, 7.57858482824e-019]
        dvar2: [3.70331499841e-012, 3.83773404167e-008, 8.89084930122e-008, 2.86886916001e-007, 1.91357321455e-006, 2.88903123646e-007, 2.30675979651e-007, 4.65467131505e-008, 1.22001551972e-007, 1.20322155794e-007, 2.66810218363e-007, 5.78469858681e-008, 1.53524197799e-008, 3.6301404549e-008, 5.0919993555e-008, 8.55693116364e-008, 7.85502223266e-008, 1.28486135509e-007, 2.01624729357e-007, 7.802521651e-008, 2.09869437384e-008, 7.49374062803e-010, 1.12006078024e-010, 7.9480991233e-011, 4.12407018258e-011, 1.30888477682e-013, 1.69319311556e-018]
        max: [1.4099488908e-005, 0.00110611214768, 0.00177866546437, 0.00338871334679, 0.0107959024608, 0.00745055777952, 0.00553162163123, 0.00415923539549, 0.00555438874289, 0.00635439902544, 0.0103055611253, 0.00537402369082, 0.00176713010296, 0.00311938417144, 0.00355153600685, 0.0059422980994, 0.00493230298162, 0.00481108250096, 0.00597055349499, 0.00316320429556, 0.00162893161178, 0.000349523936165, 0.000257758627413, 0.00020912742184, 0.000119277545309, 6.72485975883e-006, 3.40942953869e-008]
        mean: [1.10131259135e-006, 9.3596529041e-005, 0.000156383684953, 0.000313375931, 0.000460750976345, 0.000355939584551, 0.000190852108062, 7.61416740716e-005, 0.000253790989518, 0.000168403668795, 0.000337954756105, 0.000151215703227, 7.01964745531e-005, 9.06612112885e-005, 0.00011925407307, 0.000195843007532, 0.000232186386711, 0.000350864807842, 0.000515623716637, 0.000310834962875, 0.000106980813143, 2.14070169022e-005, 5.43926444152e-006, 3.28232522406e-006, 1.82202199994e-006, 7.84880569427e-008, 5.34501831684e-010]
        median: [6.22847551313e-007, 6.27115368843e-005, 0.000113419453555, 0.000209631500184, 0.000265548354946, 0.000185465352843, 6.85388440615e-005, 3.7685756979e-005, 0.00014382340305, 7.04361082171e-005, 8.4986902948e-005, 8.681199688e-005, 4.23722849519e-005, 4.75758133689e-005, 6.83880643919e-005, 0.000127678285935, 0.000156495792908, 0.000266315822955, 0.000406053644838, 0.000229018507525, 9.03894833755e-005, 1.81791674549e-005, 3.59190858035e-006, 1.62984656527e-006, 5.46679530089e-007, 1.58539101847e-008, 1.45018275166e-010]
        min: [1.16864307364e-025, 4.63761504861e-024, 1.09803344056e-024, 1.35902915574e-024, 6.07274354512e-024, 9.08094627804e-024, 1.1578252712e-023, 3.02433217742e-024, 1.26290383148e-023, 1.72292759504e-023, 1.52866144634e-023, 2.48287816803e-023, 2.50483958232e-023, 3.71755466305e-023, 5.0883251259e-023, 7.11498893968e-023, 6.35184426888e-023, 9.10945334457e-023, 1.27173692791e-022, 1.56329537464e-022, 2.54075436829e-022, 2.95912555031e-022, 3.8762643264e-022, 5.23196230792e-022, 7.68256868119e-022, 1.37845640406e-021, 1.93646919392e-021]
        var: [1.89420354402e-012, 1.28310464476e-008, 3.17620809653e-008, 1.22375737988e-007, 5.82026927987e-007, 2.48424356641e-007, 1.50709666968e-007, 1.89626323532e-008, 1.69970633124e-007, 1.82637194257e-007, 6.96179938586e-007, 6.29155323395e-008, 1.17115837028e-008, 2.65150514878e-008, 3.44536772445e-008, 9.34946342568e-008, 1.09976355134e-007, 1.17345905437e-007, 2.56005591837e-007, 1.03339793611e-007, 9.83667014509e-009, 4.44322412196e-010, 6.82795694984e-011, 6.60969612376e-011, 3.30051992681e-011, 9.44261961916e-014, 1.49323884949e-018]
    frequency_bands:
        dmean: [8.70194526215e-007, 7.50423641875e-005, 0.000112923553388, 0.000243768590735, 0.0003569824039, 0.000205325923162, 0.000133794746944, 5.23109047208e-005, 0.0001296219707, 9.35089919949e-005, 0.00014887235011, 8.54685276863e-005, 4.11367400375e-005, 5.51703742531e-005, 7.22980912542e-005, 0.000112357396574, 0.000111163666588, 0.000163116666954, 0.000221768917982, 0.000132761779241, 5.56576669624e-005, 1.06858706204e-005, 3.15484658131e-006, 1.79153664703e-006, 1.18879165711e-006, 5.55607719832e-008, 3.77308267963e-010, 5.40456325526e-011]
        dmean2: [1.44309262851e-006, 0.000133646870381, 0.000196402746951, 0.000419540418079, 0.000616258417722, 0.000339836900821, 0.000221333786612, 8.80631487234e-005, 0.000205459597055, 0.000145956262713, 0.000229872530326, 0.000137591705425, 6.74388720654e-005, 9.13119729375e-005, 0.000119871743664, 0.000184550430276, 0.000179911585292, 0.000271427241387, 0.000361778482329, 0.000214932195377, 9.52858972596e-005, 1.81087252713e-005, 5.39131860933e-006, 2.80023527921e-006, 1.89599097666e-006, 8.93262992463e-008, 6.26778018376e-010, 1.00279798354e-010]
        dvar: [1.46762300663e-012, 1.35468720686e-008, 3.10830579053e-008, 1.00300930228e-007, 6.91594721047e-007, 1.11311088347e-007, 9.4885088231e-008, 1.76729102463e-008, 5.0558618625e-008, 5.52164323153e-008, 1.24923559497e-007, 2.43635600583e-008, 6.01429128722e-009, 1.40986404773e-008, 2.10084145635e-008, 3.75194986191e-008, 3.36018537439e-008, 4.80425441651e-008, 7.7374608054e-008, 3.11453156598e-008, 7.50474526967e-009, 2.8015639808e-010, 4.60952040426e-011, 3.64268233632e-011, 1.80707584313e-011, 5.4363658757e-014, 7.57858482824e-019, 6.53901056845e-021]
        dvar2: [3.70331499841e-012, 3.83773404167e-008, 8.89084930122e-008, 2.86886916001e-007, 1.91357321455e-006, 2.88903123646e-007, 2.30675979651e-007, 4.65467131505e-008, 1.22001551972e-007, 1.20322155794e-007, 2.66810218363e-007, 5.78469858681e-008, 1.53524197799e-008, 3.6301404549e-008, 5.0919993555e-008, 8.55693116364e-008, 7.85502223266e-008, 1.28486135509e-007, 2.01624729357e-007, 7.802521651e-008, 2.09869437384e-008, 7.49374062803e-010, 1.12006078024e-010, 7.9480991233e-011, 4.12407018258e-011, 1.30888477682e-013, 1.69319311556e-018, 2.08196400327e-020]
        max: [1.4099488908e-005, 0.00110611214768, 0.00177866546437, 0.00338871334679, 0.0107959024608, 0.00745055777952, 0.00553162163123, 0.00415923539549, 0.00555438874289, 0.00635439902544, 0.0103055611253, 0.00537402369082, 0.00176713010296, 0.00311938417144, 0.00355153600685, 0.0059422980994, 0.00493230298162, 0.00481108250096, 0.00597055349499, 0.00316320429556, 0.00162893161178, 0.000349523936165, 0.000257758627413, 0.00020912742184, 0.000119277545309, 6.72485975883e-006, 3.40942953869e-008, 1.03333397394e-009]
        mean: [1.10131259135e-006, 9.3596529041e-005, 0.000156383684953, 0.000313375931, 0.000460750976345, 0.000355939584551, 0.000190852108062, 7.61416740716e-005, 0.000253790989518, 0.000168403668795, 0.000337954756105, 0.000151215703227, 7.01964745531e-005, 9.06612112885e-005, 0.00011925407307, 0.000195843007532, 0.000232186386711, 0.000350864807842, 0.000515623716637, 0.000310834962875, 0.000106980813143, 2.14070169022e-005, 5.43926444152e-006, 3.28232522406e-006, 1.82202199994e-006, 7.84880569427e-008, 5.34501831684e-010, 4.21530726991e-011]
        median: [6.22847551313e-007, 6.27115368843e-005, 0.000113419453555, 0.000209631500184, 0.000265548354946, 0.000185465352843, 6.85388440615e-005, 3.7685756979e-005, 0.00014382340305, 7.04361082171e-005, 8.4986902948e-005, 8.681199688e-005, 4.23722849519e-005, 4.75758133689e-005, 6.83880643919e-005, 0.000127678285935, 0.000156495792908, 0.000266315822955, 0.000406053644838, 0.000229018507525, 9.03894833755e-005, 1.81791674549e-005, 3.59190858035e-006, 1.62984656527e-006, 5.46679530089e-007, 1.58539101847e-008, 1.45018275166e-010, 1.35925567676e-011]
        min: [1.16864307364e-025, 4.63761504861e-024, 1.09803344056e-024, 1.35902915574e-024, 6.07274354512e-024, 9.08094627804e-024, 1.1578252712e-023, 3.02433217742e-024, 1.26290383148e-023, 1.72292759504e-023, 1.52866144634e-023, 2.48287816803e-023, 2.50483958232e-023, 3.71755466305e-023, 5.0883251259e-023, 7.11498893968e-023, 6.35184426888e-023, 9.10945334457e-023, 1.27173692791e-022, 1.56329537464e-022, 2.54075436829e-022, 2.95912555031e-022, 3.8762643264e-022, 5.23196230792e-022, 7.68256868119e-022, 1.37845640406e-021, 1.93646919392e-021, 4.89218514856e-022]
        var: [1.89420354402e-012, 1.28310464476e-008, 3.17620809653e-008, 1.22375737988e-007, 5.82026927987e-007, 2.48424356641e-007, 1.50709666968e-007, 1.89626323532e-008, 1.69970633124e-007, 1.82637194257e-007, 6.96179938586e-007, 6.29155323395e-008, 1.17115837028e-008, 2.65150514878e-008, 3.44536772445e-008, 9.34946342568e-008, 1.09976355134e-007, 1.17345905437e-007, 2.56005591837e-007, 1.03339793611e-007, 9.83667014509e-009, 4.44322412196e-010, 6.82795694984e-011, 6.60969612376e-011, 3.30051992681e-011, 9.44261961916e-014, 1.49323884949e-018, 5.18175783676e-021]
    mfcc:
        mean: [-719.726196289, 111.402626038, -54.7257270813, 48.0643043518, -15.3216533661, -12.9264221191, 4.48949050903, -2.12252759933, -4.69043445587, -8.09386444092, -12.9386081696, -8.37707901001, -5.62528896332]
        cov: [[6786.27978516, 381.561706543, 60.6307373047, 1152.33862305, 57.2255477905, 520.074829102, 275.542266846, 345.585784912, 102.476394653, 246.316482544, 271.619506836, 203.563247681, 136.381149292], [381.561706543, 452.516296387, -134.411087036, 102.105400085, -23.3683204651, -30.2768726349, 13.0045471191, -8.439412117, 6.71366453171, 5.98165130615, -6.48637008667, -13.6636781693, -14.4848604202], [60.6307373047, -134.411087036, 584.331787109, 151.493118286, 112.530464172, 174.394134521, 46.4868469238, 88.4768981934, 32.7796020508, 47.8392677307, 65.2276687622, 31.9182262421, 3.03727436066], [1152.33862305, 102.105400085, 151.493118286, 490.498901367, 39.0704879761, 166.444992065, 52.8327217102, 116.78742218, 63.6541213989, 76.6756210327, 87.465927124, 67.7825622559, 41.5954666138], [57.2255477905, -23.3683204651, 112.530464172, 39.0704879761, 133.622711182, 45.4293441772, 32.2284202576, 5.66059541702, 10.8261632919, 23.0709877014, 18.5724086761, 9.40238857269, 5.57375621796], [520.074829102, -30.2768726349, 174.394134521, 166.444992065, 45.4293441772, 238.618057251, 94.8635635376, 103.43006134, 29.6677532196, 42.3635520935, 61.7286605835, 33.3600654602, 21.815158844], [275.542266846, 13.0045471191, 46.4868469238, 52.8327217102, 32.2284202576, 94.8635635376, 128.062667847, 75.4375762939, 26.4962882996, 16.4674816132, 17.6490650177, 8.75561714172, 18.2045612335], [345.585784912, -8.439412117, 88.4768981934, 116.78742218, 5.66059541702, 103.43006134, 75.4375762939, 148.704147339, 63.294883728, 42.6661605835, 31.6127510071, 25.5156211853, 32.3139457703], [102.476394653, 6.71366453171, 32.7796020508, 63.6541213989, 10.8261632919, 29.6677532196, 26.4962882996, 63.294883728, 108.309005737, 50.1857147217, 28.1496295929, 7.09278249741, 10.5949897766], [246.316482544, 5.98165130615, 47.8392677307, 76.6756210327, 23.0709877014, 42.3635520935, 16.4674816132, 42.6661605835, 50.1857147217, 99.9129638672, 54.0105400085, 23.9862861633, 13.1023635864], [271.619506836, -6.48637008667, 65.2276687622, 87.465927124, 18.5724086761, 61.7286605835, 17.6490650177, 31.6127510071, 28.1496295929, 54.0105400085, 105.586288452, 51.7230491638, 23.0387992859], [203.563247681, -13.6636781693, 31.9182262421, 67.7825622559, 9.40238857269, 33.3600654602, 8.75561714172, 25.5156211853, 7.09278249741, 23.9862861633, 51.7230491638, 86.7486190796, 43.3551750183], [136.381149292, -14.4848604202, 3.03727436066, 41.5954666138, 5.57375621796, 21.815158844, 18.2045612335, 32.3139457703, 10.5949897766, 13.1023635864, 23.0387992859, 43.3551750183, 74.6209030151]]
        icov: [[0.000293740449706, -5.54142352485e-005, 0.000224357281695, -0.000599299615715, 3.20413419104e-005, -0.00019069998234, -0.000279628293356, -0.000112273984996, 0.000369622284779, -0.000302458676742, -0.000135008594953, -5.94544399064e-005, 2.43677368417e-005], [-5.54142352485e-005, 0.00282700592652, 0.000644615269266, -0.00105086003896, 0.000203586227144, 0.000782961840741, -0.00101052306127, 0.000497701577842, -6.94819937053e-006, -0.000174836095539, 2.06980221265e-005, 0.000447551923571, 0.000761736533605], [0.000224357281695, 0.000644615269266, 0.00302511779591, -0.000746444566175, -0.00195952365175, -0.00146526645403, 0.000869831885211, -0.00135880883317, 0.000508542056195, 2.78487605101e-005, -0.000686265004333, -7.57450980018e-005, 0.00113777676597], [-0.000599299615715, -0.00105086003896, -0.000746444566175, 0.00487403245643, -0.000438758492237, -0.00148543633986, 0.00196921522729, -0.00117958779447, -0.00123643851839, 0.000137418144732, -0.000233331389609, -0.00110882602166, -0.000430058105849], [3.20413419104e-005, 0.000203586227144, -0.00195952365175, -0.000438758492237, 0.0104225454852, -0.000246271607466, -0.003538149409, 0.00402061734349, -0.000767883786466, -0.00212695309892, 0.000795224157628, -0.000200307316845, -0.00092579406919], [-0.00019069998234, 0.000782961840741, -0.00146526645403, -0.00148543633986, -0.000246271607466, 0.0101531306282, -0.00453633908182, -0.00284373946488, 0.00194698513951, 0.000213342558709, -0.00275657046586, 0.000642558268737, 0.000940327649005], [-0.000279628293356, -0.00101052306127, 0.000869831885211, 0.00196921522729, -0.003538149409, -0.00453633908182, 0.0152318058535, -0.00619426742196, -0.000373448652681, 0.00179522298276, -9.35698117246e-005, 0.00125133024994, -0.00122163980268], [-0.000112273984996, 0.000497701577842, -0.00135880883317, -0.00117958779447, 0.00402061734349, -0.00284373946488, -0.00619426742196, 0.0173611491919, -0.00653569726273, -0.00189288367983, 0.00287627521902, -0.000949219567701, -0.00353745766915], [0.000369622284779, -6.94819937053e-006, 0.000508542056195, -0.00123643851839, -0.000767883786466, 0.00194698513951, -0.000373448652681, -0.00653569726273, 0.0157687328756, -0.00554718729109, -0.00182686094195, 0.00238030776381, 0.000317284488119], [-0.000302458676742, -0.000174836095539, 2.78487605101e-005, 0.000137418144732, -0.00212695309892, 0.000213342558709, 0.00179522298276, -0.00189288367983, -0.00554718729109, 0.017871145159, -0.00682906899601, 0.000470582424896, 0.000404075195547], [-0.000135008594953, 2.06980221265e-005, -0.000686265004333, -0.000233331389609, 0.000795224157628, -0.00275657046586, -9.35698117246e-005, 0.00287627521902, -0.00182686094195, -0.00682906899601, 0.0192443858832, -0.0088358623907, 0.000583079352509], [-5.94544399064e-005, 0.000447551923571, -7.57450980018e-005, -0.00110882602166, -0.000200307316845, 0.000642558268737, 0.00125133024994, -0.000949219567701, 0.00238030776381, 0.000470582424896, -0.0088358623907, 0.0225119814277, -0.0100225647911], [2.43677368417e-005, 0.000761736533605, 0.00113777676597, -0.000430058105849, -0.00092579406919, 0.000940327649005, -0.00122163980268, -0.00353745766915, 0.000317284488119, 0.000404075195547, 0.000583079352509, -0.0100225647911, 0.0208491049707]]
    sccoeffs:
        dmean: [0.0564433895051, 0.048255816102, 0.0371434427798, 0.0289261639118, 0.0207858551294, 0.018099155277]
        dmean2: [0.0953627973795, 0.079657100141, 0.0605007596314, 0.0483299307525, 0.0342416279018, 0.0289097037166]
        dvar: [0.00216065556742, 0.00148904428352, 0.000915600161534, 0.000558850588277, 0.000283831264824, 0.000255046412349]
        dvar2: [0.00604490982369, 0.00394527893513, 0.00236789463088, 0.00148856255691, 0.000728751474526, 0.000615174532868]
        max: [-0.231162950397, -0.47438749671, -0.312810659409, -0.557397127151, -0.554810345173, -0.57337641716]
        mean: [-0.649856209755, -0.743887782097, -0.760021567345, -0.785098016262, -0.786707997322, -0.751462817192]
        median: [-0.665586590767, -0.750051021576, -0.774646162987, -0.794698178768, -0.79689592123, -0.750226259232]
        min: [-0.973691165447, -0.978283882141, -0.974836647511, -0.972855985165, -0.968013465405, -0.963805019855]
        var: [0.00868527591228, 0.00487638358027, 0.00594263104722, 0.00293970061466, 0.00223466055468, 0.00213587121107]
    scvalleys:
        dmean: [0.401830941439, 0.362630993128, 0.307625770569, 0.301413118839, 0.254773557186, 0.276799678802]
        dmean2: [0.667590975761, 0.599409461021, 0.496020913124, 0.477147400379, 0.385482102633, 0.432785570621]
        dvar: [0.129129394889, 0.113351225853, 0.0844600349665, 0.0901523828506, 0.0733424797654, 0.105085134506]
        dvar2: [0.305612981319, 0.278566330671, 0.186325848103, 0.197205334902, 0.146795988083, 0.236709401011]
        max: [-5.1107468605, -4.57001304626, -5.4200630188, -5.43571424484, -5.54897880554, -7.59423875809]
        mean: [-7.28409099579, -6.81846380234, -6.97909641266, -7.43763923645, -7.23096132278, -10.3016757965]
        median: [-6.5166926384, -6.50772762299, -6.58894968033, -6.98482656479, -6.68034172058, -9.72765159607]
        min: [-28.5239391327, -28.1036376953, -27.6311283112, -27.7494258881, -27.4960803986, -27.3859062195]
        var: [5.43080568314, 3.20388269424, 3.22937226295, 3.3048517704, 3.69297409058, 4.00709867477]

rhythm:
    beats_loudness:
        dmean: 0.00188326754142
        dmean2: 0.00334478379227
        dvar: 2.68256985692e-006
        dvar2: 8.11765403341e-006
        max: 0.0180039163679
        mean: 0.00504628755152
        median: 0.00525305652991
        min: 0
        var: 7.76622619014e-006
    bpm: 146.941345215
    bpm_confidence: 0
    first_peak_bpm: 148
    first_peak_spread: 0.334862411022
    first_peak_weight: 0.523465692997
    onset_rate: 3.30747485161
    second_peak_bpm: 98
    second_peak_spread: 0.250000029802
    second_peak_weight: 0.086642600596
    beats_loudness_band_ratio:
        dmean: [0.10834300518, 0.135797232389, 0.0843269452453, 0.105552703142, 0.0876648947597, 0.0803559198976]
        dmean2: [0.193318143487, 0.231547161937, 0.142261564732, 0.183548673987, 0.15102006495, 0.141142219305]
        dvar: [0.0106228366494, 0.0112241208553, 0.00708623835817, 0.0186525490135, 0.00604971079156, 0.0057501452975]
        dvar2: [0.030506324023, 0.0307662300766, 0.0197479315102, 0.0491407811642, 0.017272202298, 0.0166646912694]
        max: [0.812547922134, 0.700640499592, 0.585625290871, 0.909404397011, 0.675016582012, 0.707614481449]
        mean: [0.172984525561, 0.199871048331, 0.12957957387, 0.17111197114, 0.215990036726, 0.175793081522]
        median: [0.149182647467, 0.162091746926, 0.0976137965918, 0.102835349739, 0.205094158649, 0.174036890268]
        min: [0, 0, 0, 0, 0, 0]
        var: [0.0181854460388, 0.0186800714582, 0.0103348512203, 0.0290662478656, 0.0100860716775, 0.00818993896246]
    beats_position: [0.417959183455, 0.835918366909, 1.25387752056, 1.66022670269, 2.06657600403, 2.47292518616, 2.87927436829, 3.28562355042, 3.69197273254, 4.1099319458, 4.51628112793, 4.92263031006, 5.32897949219, 5.73532867432, 6.14167785645, 6.54802703857, 6.9543762207, 7.36072540283, 7.75546455383, 8.15020370483, 8.56816291809, 8.98612213135, 9.4040813446, 9.82204055786, 10.22838974, 10.6347389221, 11.0410881042, 11.4474372864, 11.8537864685, 12.2601356506, 12.6664848328, 13.0728340149, 13.4907932281, 13.9087524414, 14.3267116547, 14.7446708679, 15.1626300812, 15.5689792633, 15.9753284454, 16.3816776276, 16.7880268097, 17.2059860229, 17.6239452362, 18.0302944183, 18.4482536316, 18.8546028137, 19.272562027, 19.6789112091, 20.0968704224, 20.5148296356, 20.94439888, 21.3855781555, 21.8151473999, 22.2331066132, 22.6626758575, 23.0806350708, 23.4985942841, 23.9281635284, 24.3577327728, 24.7873020172, 25.2168693542, 25.6464385986, 26.0876178741, 26.5287971497, 26.958366394, 27.3647155762, 27.7826747894, 28.1890239716, 28.6069831848, 29.0133323669, 29.4196815491, 29.8260307312, 30.2323799133, 30.6387290955, 31.0450782776, 31.4630374908, 31.8809967041, 32.2873458862, 32.6820869446, 33.0884361267, 33.5063934326, 33.9127426147, 34.3190917969, 34.725440979, 35.1317901611, 35.5381393433, 35.9444885254, 36.362449646, 36.7687988281, 37.1751480103, 37.5814971924, 37.9878463745, 38.4058036804, 38.8121528625, 39.2185020447, 39.613243103, 40.0312004089, 40.4375495911, 40.8438987732, 41.2618598938, 41.6682090759, 42.0745582581, 42.4809074402, 42.8872566223, 43.2936058044, 43.6999549866, 44.1179122925, 44.5242614746, 44.9306106567, 45.3369598389, 45.743309021, 46.1496582031, 46.5560073853, 46.9739685059, 47.380317688, 47.7982749939, 48.204624176, 48.6109733582, 49.0173225403, 49.4120635986, 49.8184127808, 50.2247619629, 50.6427192688, 51.0606803894, 51.4554176331, 51.8617668152, 52.2681159973, 52.6860771179, 53.0924263, 53.4987754822, 53.9051246643, 54.3114738464, 54.7178230286, 55.1241722107, 55.5421295166, 55.9484786987, 56.3548278809, 56.7727890015, 57.1675262451, 57.5854873657, 57.9918365479, 58.39818573, 58.8045349121, 59.2108840942, 59.6172332764, 60.0235824585, 60.4299316406, 60.8362808228, 61.2542381287, 61.6605873108, 62.0669364929, 62.473285675, 62.8796348572, 63.2975959778, 63.7039451599, 64.1219024658, 64.5282516479, 64.9346008301, 65.3409500122, 65.7472991943, 66.1536483765, 66.5599975586, 66.9663467407, 67.3843078613, 67.7906570435, 68.1970062256, 68.5917434692, 69.0097045898, 69.4276657104, 69.8340148926, 70.2403640747, 70.6583175659, 71.0762786865, 71.4710159302, 71.8657608032, 72.2837142944, 72.6900634766, 73.0964126587, 73.4911575317, 73.8975067139, 74.3154602051, 74.7218093872, 75.1397705078, 75.5577316284, 75.9524688721, 76.3472061157, 76.7651672363, 77.1831283569, 77.5894775391, 77.9958267212, 78.3905639648, 78.8085250854, 79.2148742676, 79.6212234497, 80.0275726318, 80.433921814, 80.8518829346, 81.2582321167, 81.6645812988, 82.0593185425, 82.4540557861, 82.8720169067, 83.2899780273, 83.7079315186, 84.1142807007, 84.5322418213, 84.9385910034, 85.3449401855, 85.7512893677, 86.1576385498, 86.5639877319, 86.9819488525, 87.3999099731, 87.7946472168, 88.2009963989, 88.6073455811, 89.0136947632, 89.4200439453, 89.8263931274, 90.2327423096, 90.6390914917, 91.0454406738, 91.451789856, 91.8581390381, 92.2644882202, 92.6708374023, 93.0887985229, 93.5067520142, 93.9131011963, 94.3194503784, 94.7141952515, 95.1205444336, 95.5268936157, 95.9332427979, 96.33959198, 96.7575454712, 97.1755065918, 97.5818557739, 97.9882049561, 98.3945541382, 98.8009033203, 99.2072525024, 99.6136016846, 100.031562805, 100.437911987, 100.844261169, 101.250610352, 101.656959534, 102.063308716, 102.469657898, 102.887619019, 103.305580139, 103.711929321, 104.118278503, 104.524627686, 104.930976868, 105.33732605, 105.743675232, 106.150024414, 106.556373596, 106.974327087, 107.36907196, 107.787025452, 108.204986572, 108.611335754, 109.017684937, 109.424034119, 109.830383301, 110.236732483, 110.631469727, 111.037818909, 111.444168091, 111.850517273, 112.268478394, 112.674827576, 113.081176758, 113.499137878, 113.905487061, 114.311836243, 114.718185425, 115.124534607, 115.530883789, 115.94884491, 116.355194092, 116.773147583, 117.179496765, 117.585845947, 117.98059082, 118.398544312, 118.804893494, 119.211242676, 119.629203796, 120.035552979, 120.441902161, 120.848251343, 121.254600525, 121.672561646, 122.078910828, 122.48526001, 122.90322113, 123.321174622, 123.715919495, 124.110656738, 124.528617859, 124.934967041, 125.341316223, 125.736053467, 126.154014587, 126.56036377, 126.966712952, 127.373062134, 127.779411316, 128.197372437, 128.603713989, 129.010070801, 129.416412354, 129.834381104, 130.240722656, 130.647079468, 131.065032959, 131.471374512, 131.877731323, 132.284072876, 132.690429688, 133.09677124, 133.503128052, 133.909469604, 134.315826416, 134.722167969, 135.140136719, 135.534866333, 135.952835083, 136.370788574, 136.777145386, 137.183486938, 137.601455688, 138.007797241, 138.414154053, 138.808883667, 139.215240479, 139.621582031, 140.027938843, 140.434280396, 140.840637207, 141.24697876, 141.66494751, 142.071289063, 142.477645874, 142.895599365, 143.301940918, 143.708297729, 144.126251221, 144.532608032, 144.938949585, 145.333694458, 145.740036011, 146.146392822, 146.552734375, 146.959091187, 147.365432739, 147.771789551, 148.189743042, 148.607711792, 149.014053345, 149.420410156, 149.826751709, 150.233108521, 150.639450073, 151.045806885, 151.452148438, 151.858505249, 152.264846802, 152.682815552, 153.089157104, 153.495513916, 153.901855469, 154.31980896, 154.714553833, 155.120910645, 155.527252197, 155.933609009, 156.339950562, 156.746307373, 157.152648926, 157.559005737, 157.96534729, 158.383300781, 158.801269531, 159.207611084, 159.613967896, 160.020309448, 160.42666626, 160.833007813, 161.239364624, 161.657318115, 162.075286865, 162.481628418, 162.887985229, 163.294326782, 163.700683594, 164.107025146, 164.513381958, 164.931335449, 165.337677002, 165.744033813, 166.150375366, 166.556732178, 166.974685669, 167.392654419, 167.798995972, 168.193740845, 168.600082397, 169.006439209, 169.412780762, 169.830749512, 170.248703003, 170.655059814, 171.061401367, 171.45614624, 171.862487793, 172.268844604, 172.686798096, 173.093154907, 173.49949646, 173.917449951, 174.323806763, 174.730148315, 175.148117065, 175.54284668, 175.949203491, 176.355545044, 176.866394043, 177.388839722, 177.9112854, 178.549835205, 179.18838501, 179.815322876, 180.442260742, 181.04598999, 181.672927856, 182.276641846, 182.880355835, 183.495681763, 184.111022949, 184.726348877, 185.341674805, 185.957000732, 186.57232666, 187.176055908, 187.779769897, 188.395095825, 189.010421753, 189.625762939, 190.241088867, 190.844802856, 191.460128784, 192.075454712, 192.67918396, 193.294509888, 193.909835815, 194.513549805, 195.23336792, 195.953201294, 196.765899658, 197.578598022, 198.391296387, 199.203994751, 200.028289795, 200.852600098, 201.665298462, 202.477996826, 203.29069519, 204.103393555, 204.927703857, 205.75201416, 206.564712524, 207.377410889, 208.190109253, 209.002807617, 209.82711792, 210.639816284, 211.464126587, 212.300048828, 213.135955811, 213.98348999, 214.726531982, 215.469558716, 216.119720459, 216.758270264, 217.396820068, 218.035369873, 218.673919678, 219.300857544, 219.939407349, 220.577957153, 221.216506958, 221.843444824, 222.47038269, 223.085708618, 223.701034546, 224.316360474, 224.920089722, 225.535415649, 226.150741577, 226.766067505, 227.369796753, 227.985122681, 228.600448608, 229.204162598, 229.819503784, 230.434829712, 231.05015564, 231.665481567, 232.269195557, 232.896133423, 233.499862671, 234.115188599, 234.730514526, 235.334228516, 235.949569702, 236.553283691, 237.168609619, 237.783935547, 238.399276733, 239.014602661, 239.513824463, 240.013061523, 240.489059448, 240.872192383, 241.266937256, 241.673278809, 242.07963562, 242.485977173, 242.892333984, 243.298675537, 243.69342041, 244.111373901, 244.529342651, 244.935684204, 245.342041016, 245.759994507, 246.166351318, 246.572692871, 246.967437744, 247.373779297, 247.780136108, 248.1980896, 248.639266968, 249.080444336, 249.521621704, 249.962814331, 250.415603638, 250.868392944, 251.321166992, 251.84362793]
