
metadata:
    version:
        essentia: "2.1-beta2"
    audio_properties:
        analysis_sample_rate: 44100
        bitrate: 56
        channels: 2
        equal_loudness: 1
        length: 277.342041016
        replay_gain: -15.2644271851
        downmix: "mix"
    tags:
        album: "Anachromie"
        artist: "Kells"
        comment: ""
        date: "2012"
        genre: "Other"
        title: "L'echo"
        tracknumber: "13"

configuration:
    average_loudness:
        compute: 1
        frameSize: 88200
        hopSize: 44100
        silentFrames: "noise"
        windowType: "hann"
    general:
        analysisSampleRate: 44100
        endTime: 2000
        equalLoudness: 1
        nequalLoudness: 0
        shortSound: 0
        startTime: 0
    lowlevel:
        compute: 1
        frameSize: 2048
        hopSize: 1024
        zeroPadding: 0
        silentFrames: "noise"
        windowType: "blackmanharris62"
        mfccStats: ["mean", "cov", "icov"]
        stats: ["mean", "var", "median", "min", "max", "dmean", "dmean2", "dvar", "dvar2"]
    panning:
        compute: 0
        frameSize: 8192
        hopSize: 2048
        zeroPadding: 8192
        silentFrames: "noise"
        windowType: "hann"
        stats: ["copy"]
    rhythm:
        compute: 1
        maxTempo: 208
        minTempo: 40
        method: "degara"
        stats: ["mean", "var", "median", "min", "max", "dmean", "dmean2", "dvar", "dvar2"]
    segmentation:
        compute: 0
        cpw: 5
        inc1: 300
        inc2: 50
        minimumSegmentsLength: 10
        size1: 1000
        size2: 600
    sfx:
        compute: 1
        stats: ["mean", "var", "median", "min", "max", "dmean", "dmean2", "dvar", "dvar2"]
    svm:
        compute: 0
    tonal:
        compute: 1
        frameSize: 4096
        hopSize: 2048
        zeroPadding: 0
        silentFrames: "noise"
        windowType: "blackmanharris62"
        stats: ["mean", "var", "median", "min", "max", "dmean", "dmean2", "dvar", "dvar2"]

lowlevel:
    average_loudness: 0.786453306675
    barkbands_kurtosis:
        dmean: 1.02975523472
        dmean2: 1.48919212818
        dvar: 6.70433235168
        dvar2: 12.3853216171
        max: 95.047706604
        mean: 0.548685967922
        median: -0.998767733574
        min: -1.88291585445
        var: 27.2274894714
    barkbands_skewness:
        dmean: 0.373442232609
        dmean2: 0.566268742085
        dvar: 0.184988573194
        dvar2: 0.416390836239
        max: 7.81981992722
        mean: 0.306063860655
        median: 0.111084237695
        min: -3.48526358604
        var: 0.862108469009
    barkbands_spread:
        dmean: 4.02490139008
        dmean2: 6.39774894714
        dvar: 16.9738273621
        dvar2: 42.8148994446
        max: 69.0823287964
        mean: 25.7548141479
        median: 27.3573112488
        min: 0.255656987429
        var: 144.843063354
    dissonance:
        dmean: 0.0231126062572
        dmean2: 0.0390303842723
        dvar: 0.000821295951027
        dvar2: 0.00228765816428
        max: 0.499999970198
        mean: 0.450109392405
        median: 0.471606850624
        min: 0.122461400926
        var: 0.00299999024719
    hfc:
        dmean: 1.4128177166
        dmean2: 2.24184274673
        dvar: 4.39687728882
        dvar2: 10.204583168
        max: 53.6388549805
        mean: 6.76538324356
        median: 6.81680297852
        min: 1.08976095855e-016
        var: 35.0735092163
    pitch:
        dmean: 502.39465332
        dmean2: 969.451782227
        dvar: 1025069.4375
        dvar2: 2734468.25
        max: 5475.12011719
        mean: 972.62890625
        median: 393.554260254
        min: 64.6441421509
        var: 1571708.375
    pitch_instantaneous_confidence:
        dmean: 0.0766107365489
        dmean2: 0.121022954583
        dvar: 0.00584976281971
        dvar2: 0.0137059288099
        max: 0.988674759865
        mean: 0.512964963913
        median: 0.466750413179
        min: 0.0928444266319
        var: 0.0437083877623
    pitch_salience:
        dmean: 0.0551013126969
        dmean2: 0.0862132310867
        dvar: 0.00281361839734
        dvar2: 0.00698347343132
        max: 0.993747234344
        mean: 0.566133022308
        median: 0.58094149828
        min: 0.0779870823026
        var: 0.0183579232544
    silence_rate_20dB:
        dmean: 0
        dmean2: 0
        dvar: 0
        dvar2: 0
        max: 1
        mean: 1
        median: 1
        min: 1
        var: 0
    silence_rate_30dB:
        dmean: 0
        dmean2: 0
        dvar: 0
        dvar2: 0
        max: 1
        mean: 1
        median: 1
        min: 1
        var: 0
    silence_rate_60dB:
        dmean: 0.037002928555
        dmean2: 0.0740120559931
        dvar: 0.0356364361942
        dvar2: 0.0787562429905
        max: 1
        mean: 0.389251619577
        median: 0
        min: 0
        var: 0.237742513418
    spectral_centroid:
        dmean: 203.61769104
        dmean2: 319.568756104
        dvar: 62005.4492188
        dvar2: 133150.3125
        max: 11647.8632813
        mean: 1492.29931641
        median: 1516.69030762
        min: 184.9793396
        var: 678313.0625
    spectral_complexity:
        dmean: 2.4209291935
        dmean2: 3.98660421371
        dvar: 8.42440319061
        dvar2: 21.5040931702
        max: 42
        mean: 12.8489875793
        median: 14
        min: 0
        var: 87.6307601929
    spectral_crest:
        dmean: 2.01429414749
        dmean2: 3.13352417946
        dvar: 4.09569406509
        dvar2: 9.97360229492
        max: 25.3392028809
        mean: 9.13293743134
        median: 7.72589015961
        min: 2.54949331284
        var: 23.0177536011
    spectral_decrease:
        dmean: 2.05181260871e-010
        dmean2: 3.35075633906e-010
        dvar: 1.24009314772e-019
        dvar2: 3.29773981812e-019
        max: 1.3593584289e-028
        mean: -9.31210109023e-010
        median: -9.29561483343e-010
        min: -5.35228172893e-009
        var: 5.14644893761e-019
    spectral_energy:
        dmean: 0.000877202663105
        dmean2: 0.00142343656626
        dvar: 2.14229316953e-006
        dvar2: 5.61431670576e-006
        max: 0.022938227281
        mean: 0.00412822095677
        median: 0.0041286572814
        min: 1.00261931969e-020
        var: 1.02576677818e-005
    spectral_energyband_high:
        dmean: 9.47564185481e-005
        dmean2: 0.000158608760103
        dvar: 3.10095735756e-008
        dvar2: 7.88828913301e-008
        max: 0.00449640210718
        mean: 0.000237013271544
        median: 0.000212389350054
        min: 7.17017764861e-021
        var: 7.70944055262e-008
    spectral_energyband_low:
        dmean: 0.000157371439855
        dmean2: 0.000274450954748
        dvar: 7.84005891319e-008
        dvar2: 2.2585096815e-007
        max: 0.00342180742882
        mean: 0.00026166473981
        median: 0.000199054775294
        min: 1.65135061635e-023
        var: 9.21042442315e-008
    spectral_energyband_middle_high:
        dmean: 0.000502437062096
        dmean2: 0.000772447907366
        dvar: 4.77133482946e-007
        dvar2: 1.0344540442e-006
        max: 0.0168455503881
        mean: 0.00237386790104
        median: 0.00204444443807
        min: 1.26920373777e-021
        var: 4.67607560495e-006
    spectral_energyband_middle_low:
        dmean: 0.000540416163858
        dmean2: 0.000906063360162
        dvar: 1.2193946759e-006
        dvar2: 3.39458870258e-006
        max: 0.0145203713328
        mean: 0.00137089099735
        median: 0.00115069863386
        min: 1.71732153924e-022
        var: 1.77103140686e-006
    spectral_flatness_db:
        dmean: 0.0159002281725
        dmean2: 0.0239367932081
        dvar: 0.000270119402558
        dvar2: 0.000563440320548
        max: 0.503008008003
        mean: 0.188153743744
        median: 0.156332582235
        min: 0.0599724836648
        var: 0.00576279871166
    spectral_flux:
        dmean: 0.00706324493513
        dmean2: 0.0111273312941
        dvar: 9.20771344681e-005
        dvar2: 0.000205748146982
        max: 0.14543838799
        mean: 0.0321531072259
        median: 0.0337730050087
        min: 6.48290240934e-011
        var: 0.000456831301562
    spectral_kurtosis:
        dmean: 2.45464324951
        dmean2: 4.17836761475
        dvar: 16.7595157623
        dvar2: 45.9106750488
        max: 97.2835540771
        mean: 7.18711090088
        median: 4.29917907715
        min: -1.64856410027
        var: 63.9756126404
    spectral_rms:
        dmean: 0.000196699911612
        dmean2: 0.000309313822072
        dvar: 7.61608660582e-008
        dvar2: 1.88435549831e-007
        max: 0.00473061902449
        mean: 0.00178016140126
        median: 0.00200697733089
        min: 3.1275633125e-012
        var: 8.58561918449e-007
    spectral_rolloff:
        dmean: 293.03918457
        dmean2: 494.773498535
        dvar: 257998.90625
        dvar2: 561973.1875
        max: 19250.6835938
        mean: 2768.59692383
        median: 3208.44726563
        min: 172.265625
        var: 2315940.75
    spectral_skewness:
        dmean: 0.260970026255
        dmean2: 0.430591821671
        dvar: 0.13265183568
        dvar2: 0.348791509867
        max: 7.9989900589
        mean: 1.74442899227
        median: 1.41979777813
        min: -0.200703978539
        var: 0.73620980978
    spectral_spread:
        dmean: 428408.34375
        dmean2: 652712.875
        dvar: 500303462400
        dvar2: 846454325248
        max: 43322072
        mean: 3934089.25
        median: 3595051.25
        min: 815216.125
        var: 8.28242290278e+012
    spectral_strongpeak:
        dmean: 0.401344001293
        dmean2: 0.678384125233
        dvar: 0.491900503635
        dvar2: 1.27938199043
        max: 14.3494176865
        mean: 0.900926411152
        median: 0.421333044767
        min: 4.30152337361e-011
        var: 1.16817009449
    zerocrossingrate:
        dmean: 0.0069247642532
        dmean2: 0.00857750419527
        dvar: 6.41510341666e-005
        dvar2: 8.65622132551e-005
        max: 0.52197265625
        mean: 0.0831979587674
        median: 0.087158203125
        min: 0.0078125
        var: 0.00156224612147
    barkbands:
        dmean: [5.76388288209e-007, 4.83593066747e-005, 7.59729009587e-005, 0.00014997983817, 0.000271827098913, 0.000125612583361, 9.51149995672e-005, 7.91428610682e-005, 8.84504479473e-005, 9.09451337066e-005, 0.000157559668878, 8.5369712906e-005, 3.0905353924e-005, 3.85298844776e-005, 5.69212534174e-005, 0.000104268510768, 9.02402534848e-005, 0.000132434011903, 0.000187933954294, 0.000109177344711, 3.65369269275e-005, 7.56060080676e-006, 2.13712496588e-006, 1.14372778626e-006, 7.05095942521e-007, 2.21932463518e-008, 2.35581359975e-010]
        dmean2: [9.79705987447e-007, 8.5300875071e-005, 0.000131458189571, 0.000261534441961, 0.000474930973724, 0.000201879971428, 0.000150777050294, 0.000125227845274, 0.000138357427204, 0.000139623996802, 0.000233551356359, 0.000129509178805, 5.00206188008e-005, 6.09684102528e-005, 9.06230561668e-005, 0.000168741404195, 0.00015176513989, 0.000218755216338, 0.000309394905344, 0.000178218120709, 6.24677777523e-005, 1.30208363771e-005, 3.68703672393e-006, 1.84502255252e-006, 1.09215977773e-006, 3.56667477774e-008, 4.06040090439e-010]
        dvar: [1.15046633244e-012, 8.81399131458e-009, 1.92515035025e-008, 6.86506638203e-008, 6.44299518626e-007, 4.61431000076e-008, 4.55186039972e-008, 4.58820856863e-008, 3.0933705375e-008, 5.60982051923e-008, 1.30828468059e-007, 4.4085329165e-008, 8.56448600928e-009, 1.91371203329e-008, 3.80970419656e-008, 5.23706589206e-008, 3.06280973916e-008, 4.81005564268e-008, 1.02398963975e-007, 3.9047623801e-008, 3.87145604464e-009, 2.53165932662e-010, 6.98127111676e-011, 1.7711462505e-011, 1.16302280306e-011, 9.97581703387e-015, 2.44260541225e-019]
        dvar2: [3.09988254683e-012, 2.53865888311e-008, 5.53323111774e-008, 1.97013207526e-007, 1.8241860289e-006, 1.23496917581e-007, 1.06358811536e-007, 1.05748554802e-007, 7.16158297109e-008, 1.20130010828e-007, 2.56411084365e-007, 8.37973743728e-008, 1.92238918117e-008, 3.6439594453e-008, 9.04039154648e-008, 1.08431912338e-007, 7.77247066708e-008, 1.21647758533e-007, 2.55304939856e-007, 9.46534441937e-008, 1.04381028265e-008, 6.78423872635e-010, 1.53196871855e-010, 4.03645103453e-011, 2.35385409081e-011, 2.33336926305e-014, 5.85645269555e-019]
        max: [9.96309699985e-006, 0.000886323279701, 0.00196001958102, 0.00360236410052, 0.0107241794467, 0.00525290938094, 0.00540978182107, 0.00597871420905, 0.00590040022507, 0.00664877565578, 0.00818924978375, 0.00469001801684, 0.00299714226276, 0.00818643718958, 0.00950361136347, 0.00928139034659, 0.0056677958928, 0.00708383740857, 0.0130054326728, 0.00457518408075, 0.00159045460168, 0.000574870675337, 0.000546385243069, 0.000153553119162, 0.000123518329929, 4.46052445113e-006, 2.22711271647e-008]
        mean: [6.6687675826e-007, 6.13530501141e-005, 0.000107955325802, 0.000208491255762, 0.000344993197359, 0.000251494231634, 0.000176707049832, 0.000147849670611, 0.000210736572626, 0.000199818401597, 0.00041676661931, 0.000218469838728, 5.06640171807e-005, 6.74026086926e-005, 0.000103989688796, 0.000201777744223, 0.000195733795408, 0.000299671519315, 0.000478901260067, 0.000278795370832, 8.37793413666e-005, 1.54601057147e-005, 3.43830947713e-006, 2.14033889279e-006, 1.13888927444e-006, 3.39124603954e-008, 2.98409741362e-010]
        median: [2.02424132567e-007, 3.05283174384e-005, 6.47534034215e-005, 0.000125678576296, 0.000175019318704, 0.000151630287291, 7.97290485934e-005, 5.08306111442e-005, 9.04626358533e-005, 5.38260210305e-005, 7.47414014768e-005, 5.38697786396e-005, 2.41685411311e-005, 2.86692302325e-005, 4.79201771668e-005, 0.00011789859127, 0.000155081463163, 0.000231561207329, 0.000402031000704, 0.000209048273973, 7.08383740857e-005, 1.08993335743e-005, 1.77940728463e-006, 9.52989637426e-007, 3.11317620572e-007, 6.36855546077e-009, 7.93531629295e-011]
        min: [5.77964907971e-025, 1.97191619643e-024, 9.75474432606e-025, 1.08511525159e-024, 8.87395312082e-024, 8.00058943543e-024, 1.53142829708e-023, 9.38319123413e-024, 2.51195905199e-023, 2.14020582605e-023, 1.61278052456e-023, 1.46387892663e-023, 3.86687688162e-023, 4.12726850684e-023, 6.16349015935e-023, 5.6302214496e-023, 4.68785988736e-023, 1.14678375866e-022, 1.23139975615e-022, 1.40595271258e-022, 2.61614447972e-022, 2.83942518495e-022, 3.61118156626e-022, 6.52588806293e-022, 8.14555202998e-022, 1.22831140988e-021, 1.94454450426e-021]
        var: [1.2147838074e-012, 8.68438387869e-009, 2.04966070783e-008, 7.66257741702e-008, 4.78365620893e-007, 1.05067897493e-007, 1.05958498864e-007, 1.10179918522e-007, 1.91478790157e-007, 2.21208310336e-007, 7.25655127098e-007, 2.95898729519e-007, 1.53888581877e-008, 5.81956847157e-008, 8.61364171101e-008, 1.59435955993e-007, 6.77799292248e-008, 1.42596618957e-007, 3.31115387553e-007, 1.34871385171e-007, 8.78101680257e-009, 4.36532143766e-010, 1.35725722328e-010, 3.47738331186e-011, 2.29600592011e-011, 2.15934668285e-014, 5.41832355941e-019]
    frequency_bands:
        dmean: [5.76388288209e-007, 4.83593066747e-005, 7.59729009587e-005, 0.00014997983817, 0.000271827098913, 0.000125612583361, 9.51149995672e-005, 7.91428610682e-005, 8.84504479473e-005, 9.09451337066e-005, 0.000157559668878, 8.5369712906e-005, 3.0905353924e-005, 3.85298844776e-005, 5.69212534174e-005, 0.000104268510768, 9.02402534848e-005, 0.000132434011903, 0.000187933954294, 0.000109177344711, 3.65369269275e-005, 7.56060080676e-006, 2.13712496588e-006, 1.14372778626e-006, 7.05095942521e-007, 2.21932463518e-008, 2.35581359975e-010, 4.78924920555e-011]
        dmean2: [9.79705987447e-007, 8.5300875071e-005, 0.000131458189571, 0.000261534441961, 0.000474930973724, 0.000201879971428, 0.000150777050294, 0.000125227845274, 0.000138357427204, 0.000139623996802, 0.000233551356359, 0.000129509178805, 5.00206188008e-005, 6.09684102528e-005, 9.06230561668e-005, 0.000168741404195, 0.00015176513989, 0.000218755216338, 0.000309394905344, 0.000178218120709, 6.24677777523e-005, 1.30208363771e-005, 3.68703672393e-006, 1.84502255252e-006, 1.09215977773e-006, 3.56667477774e-008, 4.06040090439e-010, 8.90625281857e-011]
        dvar: [1.15046633244e-012, 8.81399131458e-009, 1.92515035025e-008, 6.86506638203e-008, 6.44299518626e-007, 4.61431000076e-008, 4.55186039972e-008, 4.58820856863e-008, 3.0933705375e-008, 5.60982051923e-008, 1.30828468059e-007, 4.4085329165e-008, 8.56448600928e-009, 1.91371203329e-008, 3.80970419656e-008, 5.23706589206e-008, 3.06280973916e-008, 4.81005564268e-008, 1.02398963975e-007, 3.9047623801e-008, 3.87145604464e-009, 2.53165932662e-010, 6.98127111676e-011, 1.7711462505e-011, 1.16302280306e-011, 9.97581703387e-015, 2.44260541225e-019, 6.28550879128e-021]
        dvar2: [3.09988254683e-012, 2.53865888311e-008, 5.53323111774e-008, 1.97013207526e-007, 1.8241860289e-006, 1.23496917581e-007, 1.06358811536e-007, 1.05748554802e-007, 7.16158297109e-008, 1.20130010828e-007, 2.56411084365e-007, 8.37973743728e-008, 1.92238918117e-008, 3.6439594453e-008, 9.04039154648e-008, 1.08431912338e-007, 7.77247066708e-008, 1.21647758533e-007, 2.55304939856e-007, 9.46534441937e-008, 1.04381028265e-008, 6.78423872635e-010, 1.53196871855e-010, 4.03645103453e-011, 2.35385409081e-011, 2.33336926305e-014, 5.85645269555e-019, 2.01049430588e-020]
        max: [9.96309699985e-006, 0.000886323279701, 0.00196001958102, 0.00360236410052, 0.0107241794467, 0.00525290938094, 0.00540978182107, 0.00597871420905, 0.00590040022507, 0.00664877565578, 0.00818924978375, 0.00469001801684, 0.00299714226276, 0.00818643718958, 0.00950361136347, 0.00928139034659, 0.0056677958928, 0.00708383740857, 0.0130054326728, 0.00457518408075, 0.00159045460168, 0.000574870675337, 0.000546385243069, 0.000153553119162, 0.000123518329929, 4.46052445113e-006, 2.22711271647e-008, 1.19964504997e-009]
        mean: [6.6687675826e-007, 6.13530501141e-005, 0.000107955325802, 0.000208491255762, 0.000344993197359, 0.000251494231634, 0.000176707049832, 0.000147849670611, 0.000210736572626, 0.000199818401597, 0.00041676661931, 0.000218469838728, 5.06640171807e-005, 6.74026086926e-005, 0.000103989688796, 0.000201777744223, 0.000195733795408, 0.000299671519315, 0.000478901260067, 0.000278795370832, 8.37793413666e-005, 1.54601057147e-005, 3.43830947713e-006, 2.14033889279e-006, 1.13888927444e-006, 3.39124603954e-008, 2.98409741362e-010, 3.71808521471e-011]
        median: [2.02424132567e-007, 3.05283174384e-005, 6.47534034215e-005, 0.000125678576296, 0.000175019318704, 0.000151630287291, 7.97290485934e-005, 5.08306111442e-005, 9.04626358533e-005, 5.38260210305e-005, 7.47414014768e-005, 5.38697786396e-005, 2.41685411311e-005, 2.86692302325e-005, 4.79201771668e-005, 0.00011789859127, 0.000155081463163, 0.000231561207329, 0.000402031000704, 0.000209048273973, 7.08383740857e-005, 1.08993335743e-005, 1.77940728463e-006, 9.52989637426e-007, 3.11317620572e-007, 6.36855546077e-009, 7.93531629295e-011, 8.84456743955e-012]
        min: [5.77964907971e-025, 1.97191619643e-024, 9.75474432606e-025, 1.08511525159e-024, 8.87395312082e-024, 8.00058943543e-024, 1.53142829708e-023, 9.38319123413e-024, 2.51195905199e-023, 2.14020582605e-023, 1.61278052456e-023, 1.46387892663e-023, 3.86687688162e-023, 4.12726850684e-023, 6.16349015935e-023, 5.6302214496e-023, 4.68785988736e-023, 1.14678375866e-022, 1.23139975615e-022, 1.40595271258e-022, 2.61614447972e-022, 2.83942518495e-022, 3.61118156626e-022, 6.52588806293e-022, 8.14555202998e-022, 1.22831140988e-021, 1.94454450426e-021, 4.88558446538e-022]
        var: [1.2147838074e-012, 8.68438387869e-009, 2.04966070783e-008, 7.66257741702e-008, 4.78365620893e-007, 1.05067897493e-007, 1.05958498864e-007, 1.10179918522e-007, 1.91478790157e-007, 2.21208310336e-007, 7.25655127098e-007, 2.95898729519e-007, 1.53888581877e-008, 5.81956847157e-008, 8.61364171101e-008, 1.59435955993e-007, 6.77799292248e-008, 1.42596618957e-007, 3.31115387553e-007, 1.34871385171e-007, 8.78101680257e-009, 4.36532143766e-010, 1.35725722328e-010, 3.47738331186e-011, 2.29600592011e-011, 2.15934668285e-014, 5.41832355941e-019, 4.927186137e-021]
    mfcc:
        mean: [-765.874938965, 114.997383118, -53.5395965576, 36.8494873047, -16.9900856018, -21.493139267, 0.383368909359, -3.93551492691, -3.39436197281, -9.15702438354, -13.8833312988, -7.14553165436, -3.60502076149]
        cov: [[14479.4277344, 993.133422852, -1104.15124512, 3323.8137207, 35.1912078857, 733.426208496, 760.152770996, 460.674957275, 177.905822754, 175.987533569, 140.387237549, 145.319320679, 99.25025177], [993.133422852, 848.063354492, -172.062683105, 204.887588501, 69.1691589355, -44.6737632751, -7.62169504166, -65.7110900879, -61.7066612244, -68.5053939819, -53.8146934509, -24.3267841339, -33.3895339966], [-1104.15124512, -172.062683105, 628.718688965, -153.605270386, 50.6588668823, 93.8954391479, -13.0381784439, 63.9724617004, 30.7819881439, 41.2081222534, 49.9200782776, -17.1649780273, -3.02236032486], [3323.8137207, 204.887588501, -153.605270386, 1063.74682617, 91.8025665283, 261.573242188, 221.696029663, 162.33190918, 93.2955322266, 83.929901123, 67.2971191406, 46.1080055237, 23.8076095581], [35.1912078857, 69.1691589355, 50.6588668823, 91.8025665283, 230.942947388, 39.0402412415, 12.5664539337, -1.00104117393, 5.91751194, 14.3946208954, 2.91268897057, 4.52990627289, 5.02136659622], [733.426208496, -44.6737632751, 93.8954391479, 261.573242188, 39.0402412415, 251.721801758, 126.661605835, 113.400764465, 55.7430839539, 38.0280265808, 66.5314407349, 36.3151779175, 29.5864219666], [760.152770996, -7.62169504166, -13.0381784439, 221.696029663, 12.5664539337, 126.661605835, 204.916015625, 111.279670715, 26.5037174225, 35.9519424438, 26.9286632538, 27.3296699524, 51.6282501221], [460.674957275, -65.7110900879, 63.9724617004, 162.33190918, -1.00104117393, 113.400764465, 111.279670715, 225.471221924, 89.9013366699, 57.560344696, 49.9023742676, 15.5600509644, 37.4489250183], [177.905822754, -61.7066612244, 30.7819881439, 93.2955322266, 5.91751194, 55.7430839539, 26.5037174225, 89.9013366699, 135.898529053, 60.3215370178, 43.3901748657, 13.0612545013, -0.697098791599], [175.987533569, -68.5053939819, 41.2081222534, 83.929901123, 14.3946208954, 38.0280265808, 35.9519424438, 57.560344696, 60.3215370178, 145.573730469, 73.4408416748, 15.7286682129, 22.5772533417], [140.387237549, -53.8146934509, 49.9200782776, 67.2971191406, 2.91268897057, 66.5314407349, 26.9286632538, 49.9023742676, 43.3901748657, 73.4408416748, 130.522857666, 56.678817749, 21.8123111725], [145.319320679, -24.3267841339, -17.1649780273, 46.1080055237, 4.52990627289, 36.3151779175, 27.3296699524, 15.5600509644, 13.0612545013, 15.7286682129, 56.678817749, 110.577186584, 38.1488418579], [99.25025177, -33.3895339966, -3.02236032486, 23.8076095581, 5.02136659622, 29.5864219666, 51.6282501221, 37.4489250183, -0.697098791599, 22.5772533417, 21.8123111725, 38.1488418579, 101.250289917]]
        icov: [[0.000323115469655, -0.000120479860925, 0.000298209022731, -0.000923876767047, 0.000311145849992, -0.00011820216605, -0.00010972898599, -6.98355215718e-005, 0.000198049412575, -2.9824406738e-005, 1.1260991414e-005, 3.06997353618e-005, -3.54138101102e-005], [-0.000120479860925, 0.00153003586456, 0.000108484156954, -8.67442140589e-005, -0.000567879586015, 0.000480007263832, 3.78172990168e-005, 0.000122487414046, 0.000383511796826, 0.000597659905907, -0.000132608445711, 0.000227403332246, 0.000281869928585], [0.000298209022731, 0.000108484156954, 0.00248744152486, -0.00021928732167, -0.000316008838126, -0.00151117937639, 0.000548643874936, -0.000722158350982, 0.000508994329721, -0.000392962712795, -0.000486454868224, 0.00075174367521, 0.000226554169785], [-0.000923876767047, -8.67442140589e-005, -0.00021928732167, 0.00443478254601, -0.00127370504197, -0.00117155560292, -0.000492479477543, -5.48772150069e-005, -0.000897386926226, -0.000624954234809, 0.000140953721711, -0.000239899352891, 0.000697821960784], [0.000311145849992, -0.000567879586015, -0.000316008838126, -0.00127370504197, 0.00519963121042, -0.000744317367207, 0.000161116739037, 0.000622339372057, 1.01454497781e-005, -0.000742582429666, 0.000825834053103, -0.00031142559601, -0.000449832994491], [-0.00011820216605, 0.000480007263832, -0.00151117937639, -0.00117155560292, -0.000744317367207, 0.00900664087385, -0.0033694638405, -0.000724914425518, -0.00103859533556, 0.002227072604, -0.00293090171181, -0.000204219817533, 0.000100431563624], [-0.00010972898599, 3.78172990168e-005, 0.000548643874936, -0.000492479477543, 0.000161116739037, -0.0033694638405, 0.0101844649762, -0.00327726732939, 0.00199195859022, -0.0013629476307, 0.00184445665218, -0.00060089956969, -0.00260548759252], [-6.98355215718e-005, 0.000122487414046, -0.000722158350982, -5.48772150069e-005, 0.000622339372057, -0.000724914425518, -0.00327726732939, 0.00905445404351, -0.0047103241086, 0.000260699976934, -0.000872589938808, 0.00137096818071, -0.0018157933373], [0.000198049412575, 0.000383511796826, 0.000508994329721, -0.000897386926226, 1.01454497781e-005, -0.00103859533556, 0.00199195859022, -0.0047103241086, 0.0126150632277, -0.00351834227331, -4.75104789075e-005, -0.00102390593383, 0.00245540076867], [-2.9824406738e-005, 0.000597659905907, -0.000392962712795, -0.000624954234809, -0.000742582429666, 0.002227072604, -0.0013629476307, 0.000260699976934, -0.00351834227331, 0.0122908065096, -0.00682423077524, 0.00282979127951, -0.00201479229145], [1.1260991414e-005, -0.000132608445711, -0.000486454868224, 0.000140953721711, 0.000825834053103, -0.00293090171181, 0.00184445665218, -0.000872589938808, -4.75104789075e-005, -0.00682423077524, 0.0159147437662, -0.00705586653203, 0.000846646726131], [3.06997353618e-005, 0.000227403332246, 0.00075174367521, -0.000239899352891, -0.00031142559601, -0.000204219817533, -0.00060089956969, 0.00137096818071, -0.00102390593383, 0.00282979127951, -0.00705586653203, 0.0141799049452, -0.00446248054504], [-3.54138101102e-005, 0.000281869928585, 0.000226554169785, 0.000697821960784, -0.000449832994491, 0.000100431563624, -0.00260548759252, -0.0018157933373, 0.00245540076867, -0.00201479229145, 0.000846646726131, -0.00446248054504, 0.0138051211834]]
    sccoeffs:
        dmean: [0.0511832013726, 0.0446000732481, 0.0370816253126, 0.0308846067637, 0.021590070799, 0.0169528331608]
        dmean2: [0.0857831463218, 0.0728572756052, 0.0582740269601, 0.0490453802049, 0.0350140407681, 0.0271318592131]
        dvar: [0.00212088599801, 0.00149146269541, 0.000996410381049, 0.000780131784268, 0.0003938304435, 0.000292136712233]
        dvar2: [0.00583232659847, 0.00381598621607, 0.00232875300571, 0.00175262929406, 0.000903718057089, 0.000699793745298]
        max: [-0.261976271868, -0.373576164246, -0.363471120596, -0.436697781086, -0.502409040928, -0.546230792999]
        mean: [-0.643452763557, -0.715765535831, -0.726640224457, -0.772669494152, -0.788065314293, -0.770144283772]
        median: [-0.661448836327, -0.728403508663, -0.736785769463, -0.784244418144, -0.79249227047, -0.761188864708]
        min: [-0.985596418381, -0.995479285717, -0.996450960636, -0.987896502018, -0.989070236683, -0.964664399624]
        var: [0.0109565658495, 0.00791888218373, 0.0070085497573, 0.00395477144048, 0.00203187367879, 0.00219408236444]
    scvalleys:
        dmean: [0.412664055824, 0.353891789913, 0.30163320899, 0.292256325483, 0.243889600039, 0.240586206317]
        dmean2: [0.685375452042, 0.586484611034, 0.486814171076, 0.467682301998, 0.375490069389, 0.363540381193]
        dvar: [0.13113938272, 0.12472885102, 0.0961235910654, 0.124579496682, 0.105842903256, 0.0995904058218]
        dvar2: [0.326737999916, 0.289916902781, 0.203500509262, 0.264087438583, 0.206942155957, 0.210365310311]
        max: [-4.9404463768, -4.47387123108, -5.22682905197, -5.54916858673, -5.70014429092, -7.72411203384]
        mean: [-8.04449939728, -7.2689666748, -7.53477239609, -8.01448154449, -7.82879400253, -10.8091096878]
        median: [-6.80647754669, -6.5843038559, -6.83051109314, -7.2506737709, -6.73896884918, -10.0743198395]
        min: [-28.3904018402, -28.0489234924, -27.7134456635, -27.699508667, -27.4775733948, -27.4747829437]
        var: [6.45479154587, 4.33749866486, 4.03662538528, 4.03094959259, 4.89471006393, 4.01819801331]

rhythm:
    beats_loudness:
        dmean: 0.00152687169611
        dmean2: 0.00259896134958
        dvar: 2.76125092569e-006
        dvar2: 8.14659961179e-006
        max: 0.0134632792324
        mean: 0.0046246224083
        median: 0.00489305425435
        min: 0
        var: 1.00116058093e-005
    bpm: 120.03704834
    bpm_confidence: 0
    first_peak_bpm: 120
    first_peak_spread: 0.246323525906
    first_peak_weight: 0.742753624916
    onset_rate: 2.84486246109
    second_peak_bpm: 112
    second_peak_spread: 0.5
    second_peak_weight: 0.00724637694657
    beats_loudness_band_ratio:
        dmean: [0.0786344259977, 0.11852311343, 0.111735351384, 0.168165311217, 0.109389141202, 0.0696477219462]
        dmean2: [0.137581095099, 0.206455603242, 0.195433780551, 0.293774098158, 0.191027149558, 0.124457940459]
        dvar: [0.0093937041238, 0.014036285691, 0.0187705103308, 0.0326012410223, 0.0117094172165, 0.00592032680288]
        dvar2: [0.0280027929693, 0.0393724367023, 0.0582095868886, 0.0907444581389, 0.0304501969367, 0.0177496187389]
        max: [0.815412640572, 0.969575881958, 0.851833164692, 0.965499997139, 0.726457118988, 0.502482891083]
        mean: [0.1242678985, 0.172685429454, 0.15683567524, 0.241251081228, 0.206714883447, 0.146792858839]
        median: [0.104163914919, 0.13283982873, 0.118909604847, 0.147225692868, 0.196800380945, 0.14637516439]
        min: [0, 0, 0, 0, 0, 0]
        var: [0.0133793419227, 0.0227660164237, 0.0190140027553, 0.0486578121781, 0.0158835928887, 0.0110424375162]
    beats_position: [0.545668900013, 1.09133780003, 1.62539684772, 2.13623571396, 2.6470746994, 3.15791368484, 3.65714287758, 4.15637159348, 4.65560102463, 5.15482997894, 5.65405893326, 6.15328788757, 6.65251684189, 7.1517457962, 7.65097475052, 8.15020370483, 8.64943313599, 9.14866161346, 9.65950107574, 10.1587295532, 10.6579589844, 11.1571884155, 11.656416893, 12.1556463242, 12.6548748016, 13.1541042328, 13.6533327103, 14.1641721725, 14.66340065, 15.1626300812, 15.6618595123, 16.1610889435, 16.6603164673, 17.1595458984, 17.6587753296, 18.1580047607, 18.6572322845, 19.1564617157, 19.6556911469, 20.154920578, 20.6657600403, 21.153377533, 21.6526069641, 22.1518363953, 22.6626758575, 23.1619052887, 23.6611328125, 24.1603622437, 24.6595916748, 25.158821106, 25.6580486298, 26.1572780609, 26.6565074921, 27.1557369232, 27.6549663544, 28.1541938782, 28.6534233093, 29.1526527405, 29.6518821716, 30.1511096954, 30.6503391266, 31.1495685577, 31.6487979889, 32.1596374512, 32.6588668823, 33.1580963135, 33.6573219299, 34.1565513611, 34.6557807922, 35.1666221619, 35.6658477783, 36.1650772095, 36.6643066406, 37.1635360718, 37.6627655029, 38.1619949341, 38.6612243652, 39.1604537964, 39.6596832275, 40.1473007202, 40.6349182129, 41.1225395203, 41.6333770752, 42.1326065063, 42.6318359375, 43.1310653687, 43.6302947998, 44.1411323547, 44.6403617859, 45.139591217, 45.650428772, 46.1612701416, 46.6604995728, 47.1713371277, 47.6705665588, 48.16979599, 48.6690254211, 49.1566429138, 49.655872345, 50.1551017761, 50.6427192688, 51.1303405762, 51.6295700073, 52.1404075623, 52.6396369934, 53.1504745483, 53.6497039795, 54.1489334106, 54.6481628418, 55.1473922729, 55.6582298279, 56.157459259, 56.6566886902, 57.1559181213, 57.6551475525, 58.1427650452, 58.6419944763, 59.1412239075, 59.6520614624, 60.1512908936, 60.6505203247, 61.1613578796, 61.6605873108, 62.1598167419, 62.6590461731, 63.1582756042, 63.6575050354, 64.1567306519, 64.655960083, 65.1551895142, 65.6544189453, 66.1536483765, 66.6528778076, 67.1521072388, 67.6513366699, 68.1505661011, 68.6497955322, 69.1606369019, 69.659866333, 70.1590881348, 70.6583175659, 71.145942688, 71.6567764282, 72.1560058594, 72.6552352905, 73.1660766602, 73.6536941528, 74.152923584, 74.6521530151, 75.1513824463, 75.6622238159, 76.1614532471, 76.6722869873, 77.1715164185, 77.6707458496, 78.1583633423, 78.6575927734, 79.1568222046, 79.6560516357, 80.1552810669, 80.6661224365, 81.1537399292, 81.6529693604, 82.1521987915, 82.6630401611, 83.1738739014, 83.661491394, 84.1607208252, 84.6599502563, 85.170791626, 85.6700210571, 86.1692504883, 86.656867981, 87.1444854736, 87.6553268433, 88.1545562744, 88.6537857056, 89.1646270752, 89.6638565063, 90.1630859375, 90.6623077393, 91.1615371704, 91.6607666016, 92.1599960327, 92.6708374023, 93.1700668335, 93.6692962646, 94.1569137573, 94.667755127, 95.1669845581, 95.6662139893, 96.1654434204, 96.6646728516, 97.1638946533, 97.6631240845, 98.1623535156, 98.6615829468, 99.1608123779, 99.6600418091, 100.15927124, 100.658500671, 101.169342041, 101.668571472, 102.167800903, 102.667030334, 103.166259766, 103.665489197, 104.164710999, 104.66394043, 105.163169861, 105.662399292, 106.161628723, 106.660858154, 107.160087585, 107.659317017, 108.158546448, 108.657775879, 109.145393372, 109.644622803, 110.155464172, 110.666305542, 111.177139282, 111.664756775, 112.163986206, 112.663215637, 113.162445068, 113.6616745, 114.160903931, 114.660133362, 115.170974731, 115.658592224, 116.157821655, 116.657051086, 117.156280518, 117.655509949, 118.166343689, 118.66557312, 119.164802551, 119.675643921, 120.163261414, 120.662490845, 121.150108337, 121.649337769, 122.160179138, 122.659408569, 123.158638, 123.657867432, 124.157096863, 124.656326294, 125.143943787, 125.643173218, 126.142402649, 126.64163208, 127.15246582, 127.66330719, 128.162536621, 128.661773682, 129.160995483, 129.660217285, 130.147842407, 130.635467529, 131.14630127, 131.645523071, 132.15637207, 132.655593872, 133.154830933, 133.642440796, 134.141677856, 134.652511597, 135.163360596, 135.662582397, 136.161804199, 136.66104126, 137.160263062, 137.659500122, 138.158721924, 138.669570923, 139.168792725, 139.668029785, 140.167251587, 140.666488647, 141.165710449, 141.66494751, 142.164169312, 142.663391113, 143.162628174, 143.661849976, 144.161087036, 144.660308838, 145.159545898, 145.6587677, 146.169616699, 146.668838501, 147.168075562, 147.655685425, 148.154922485, 148.654144287, 149.164993286, 149.664215088, 150.16343689, 150.66267395, 151.161895752, 151.661132813, 152.160354614, 152.659591675, 153.158813477, 153.658050537, 154.157272339, 154.668121338, 155.16734314, 155.6665802, 156.154190063, 156.653427124, 157.152648926, 157.651885986, 158.151107788, 158.650344849, 159.161178589, 159.660400391, 160.17124939, 160.670471191, 161.169708252, 161.668930054, 162.168167114, 162.667388916, 163.166610718, 163.665847778, 164.16506958, 164.652694702, 165.163528442, 165.662765503, 166.161987305, 166.672836304, 167.183670044, 167.682891846, 168.170516968, 168.669754028, 169.16897583, 169.668212891, 170.167434692, 170.666656494, 171.165893555, 171.665115356, 172.152740479, 172.65196228, 173.162811279, 173.67364502, 174.17288208, 174.660491943, 175.171340942, 175.670562744, 176.169799805, 176.669021606, 177.168243408, 177.65586853, 178.143493652, 178.642715454, 179.141952515, 179.652786255, 180.152008057, 180.651245117, 181.138870239, 181.638092041, 182.137313843, 182.648162842, 183.135772705, 183.646621704, 184.157455444, 184.668289185, 185.179138184, 185.689971924, 186.177597046, 186.676818848, 187.176055908, 187.663665771, 188.162902832, 188.662124634, 189.161361694, 189.660583496, 190.159820557, 190.670654297, 191.169876099, 191.669113159, 192.168334961, 192.67918396, 193.166793823, 193.666030884, 194.165252686, 194.664489746, 195.163711548, 195.662948608, 196.16217041, 196.661407471, 197.160629272, 197.659866333, 198.159088135, 198.646713257, 199.145935059, 199.645172119, 200.156005859, 200.655227661, 201.154464722, 201.665298462, 202.164535522, 202.663757324, 203.162994385, 203.662216187, 204.161453247, 204.660675049, 205.159912109, 205.659133911, 206.169967651, 206.669204712, 207.168426514, 207.667663574, 208.166885376, 208.666122437, 209.165344238, 209.664581299, 210.163803101, 210.663040161, 211.162261963, 211.661499023, 212.160720825, 212.659957886, 213.159179688, 213.670013428, 214.169250488, 214.66847229, 215.167709351, 215.666931152, 216.154556274, 216.665390015, 217.164627075, 217.663848877, 218.163085938, 218.662307739, 219.1615448, 219.660766602, 220.159988403, 220.659225464, 221.158447266, 221.657684326, 222.156906128, 222.656143188, 223.166976929, 223.666213989, 224.165435791, 224.664672852, 225.163894653, 225.663131714, 226.162353516, 226.661590576, 227.149200439, 227.6484375, 228.15927124, 228.67010498, 229.157730103, 229.668563843, 230.167800903, 230.667022705, 231.166259766, 231.665481567, 232.164718628, 232.66394043, 233.16317749, 233.662399292, 234.150024414, 234.660858154, 235.160079956, 235.659317017, 236.170150757, 236.669387817, 237.168609619, 237.66784668, 238.167068481, 238.666305542, 239.165527344, 239.664764404, 240.163986206, 240.663208008, 241.162445068, 241.66166687, 242.160903931, 242.660125732, 243.159362793, 243.658584595, 244.157821655, 244.657043457, 245.156280518, 245.655502319, 246.15473938, 246.66557312, 247.164810181, 247.664031982, 248.163253784, 248.662490845, 249.161712646, 249.660949707, 250.160171509, 250.659408569, 251.17024231, 251.66947937, 252.168701172, 252.679534912, 253.178771973, 253.677993774, 254.165618896, 254.664840698, 255.164077759, 255.663299561, 256.162536621, 256.661773682, 257.160980225, 257.660217285, 258.159454346, 258.670288086, 259.157897949, 259.65713501, 260.15637207, 260.655609131, 261.154815674, 261.654052734, 262.153289795, 262.652526855, 263.151733398, 263.650970459, 264.15020752, 264.649414063, 265.148651123, 265.659484863, 266.158721924, 266.657958984, 267.157196045, 267.656402588, 268.155639648, 268.654876709, 269.15411377, 269.653320313, 270.152557373, 270.675018311, 271.209075928, 271.743133545, 272.265563965, 272.799621582, 273.32208252, 273.809692383, 274.297332764, 274.784942627, 275.27255249, 275.760162354, 276.247802734, 276.747009277]
