
metadata:
    version:
        essentia: "2.1-beta2"
    audio_properties:
        analysis_sample_rate: 44100
        bitrate: 164
        channels: 2
        equal_loudness: 1
        length: 76.1730575562
        replay_gain: -4.81417274475
        downmix: "mix"
    tags:
        album: "Lueurs"
        artist: "Kells"
        comment: " "
        date: "2009"
        genre: "Alternative"
        title: "Réminiscences"
        tracknumber: "1"

configuration:
    average_loudness:
        compute: 1
        frameSize: 88200
        hopSize: 44100
        silentFrames: "noise"
        windowType: "hann"
    general:
        analysisSampleRate: 44100
        endTime: 2000
        equalLoudness: 1
        nequalLoudness: 0
        shortSound: 0
        startTime: 0
    lowlevel:
        compute: 1
        frameSize: 2048
        hopSize: 1024
        zeroPadding: 0
        silentFrames: "noise"
        windowType: "blackmanharris62"
        mfccStats: ["mean", "cov", "icov"]
        stats: ["mean", "var", "median", "min", "max", "dmean", "dmean2", "dvar", "dvar2"]
    panning:
        compute: 0
        frameSize: 8192
        hopSize: 2048
        zeroPadding: 8192
        silentFrames: "noise"
        windowType: "hann"
        stats: ["copy"]
    rhythm:
        compute: 1
        maxTempo: 208
        minTempo: 40
        method: "degara"
        stats: ["mean", "var", "median", "min", "max", "dmean", "dmean2", "dvar", "dvar2"]
    segmentation:
        compute: 0
        cpw: 5
        inc1: 300
        inc2: 50
        minimumSegmentsLength: 10
        size1: 1000
        size2: 600
    sfx:
        compute: 1
        stats: ["mean", "var", "median", "min", "max", "dmean", "dmean2", "dvar", "dvar2"]
    svm:
        compute: 0
    tonal:
        compute: 1
        frameSize: 4096
        hopSize: 2048
        zeroPadding: 0
        silentFrames: "noise"
        windowType: "blackmanharris62"
        stats: ["mean", "var", "median", "min", "max", "dmean", "dmean2", "dvar", "dvar2"]

lowlevel:
    average_loudness: 0.510961353779
    barkbands_kurtosis:
        dmean: 1.22688996792
        dmean2: 1.95434343815
        dvar: 4.34103345871
        dvar2: 10.2036390305
        max: 39.771697998
        mean: 1.20686674118
        median: -0.0749009996653
        min: -1.84529149532
        var: 14.0985336304
    barkbands_skewness:
        dmean: 0.37868565321
        dmean2: 0.600525438786
        dvar: 0.153511375189
        dvar2: 0.374380499125
        max: 5.64435434341
        mean: 0.572590112686
        median: 0.652443349361
        min: -5.12363147736
        var: 1.43341338634
    barkbands_spread:
        dmean: 3.14229440689
        dmean2: 5.11350154877
        dvar: 13.0531539917
        dvar2: 32.599822998
        max: 60.9127235413
        mean: 17.4679946899
        median: 17.3078269958
        min: 0.818392157555
        var: 71.2046279907
    dissonance:
        dmean: 0.0243900399655
        dmean2: 0.04166399315
        dvar: 0.000684348226059
        dvar2: 0.00190145429224
        max: 0.500000059605
        mean: 0.450790375471
        median: 0.456938743591
        min: 0.0985939651728
        var: 0.00131672760472
    hfc:
        dmean: 0.802951335907
        dmean2: 1.25473153591
        dvar: 2.45184755325
        dvar2: 5.79421043396
        max: 27.4191932678
        mean: 4.17214441299
        median: 2.77781844139
        min: 1.08832133341e-016
        var: 18.4807338715
    pitch:
        dmean: 130.09576416
        dmean2: 245.916046143
        dvar: 148823.484375
        dvar2: 401901.4375
        max: 4345.70410156
        mean: 496.425933838
        median: 234.407302856
        min: 59.4911994934
        var: 406119.34375
    pitch_instantaneous_confidence:
        dmean: 0.0639921277761
        dmean2: 0.104684978724
        dvar: 0.00427618762478
        dvar2: 0.0107259815559
        max: 0.997553408146
        mean: 0.598453342915
        median: 0.565750420094
        min: 0.08713722229
        var: 0.0394826196134
    pitch_salience:
        dmean: 0.0541421212256
        dmean2: 0.0897191762924
        dvar: 0.0024218861945
        dvar2: 0.00659923767671
        max: 0.991066932678
        mean: 0.558691084385
        median: 0.569003641605
        min: 0.11961261183
        var: 0.0124411759898
    silence_rate_20dB:
        dmean: 0
        dmean2: 0
        dvar: 0
        dvar2: 0
        max: 1
        mean: 1
        median: 1
        min: 1
        var: 0
    silence_rate_30dB:
        dmean: 0
        dmean2: 0
        dvar: 0
        dvar2: 0
        max: 1
        mean: 1
        median: 1
        min: 1
        var: 0
    silence_rate_60dB:
        dmean: 0.0469369105995
        dmean2: 0.093902438879
        dvar: 0.0447336323559
        dvar2: 0.0997199639678
        max: 1
        mean: 0.58257162571
        median: 1
        min: 0
        var: 0.243187204003
    spectral_centroid:
        dmean: 167.45614624
        dmean2: 276.484954834
        dvar: 72332.625
        dvar2: 150138.9375
        max: 11675.6357422
        mean: 1522.42797852
        median: 1239.08483887
        min: 163.273422241
        var: 1777212.375
    spectral_complexity:
        dmean: 1.40444982052
        dmean2: 2.36890244484
        dvar: 2.5194633007
        dvar2: 5.98335456848
        max: 28
        mean: 9.0265083313
        median: 9
        min: 0
        var: 40.4803199768
    spectral_crest:
        dmean: 2.12582707405
        dmean2: 3.43567609787
        dvar: 3.90781593323
        dvar2: 10.6357765198
        max: 25.1774196625
        mean: 10.153758049
        median: 9.05385780334
        min: 3.15647363663
        var: 19.0137214661
    spectral_decrease:
        dmean: 1.80610373879e-010
        dmean2: 2.847957703e-010
        dvar: 1.51682228574e-019
        dvar2: 3.88096393002e-019
        max: 1.77481088834e-028
        mean: -7.69054819827e-010
        median: -5.83511294838e-010
        min: -9.6681116446e-009
        var: 6.01070740413e-019
    spectral_energy:
        dmean: 0.000746069301385
        dmean2: 0.0011744024232
        dvar: 2.41043494498e-006
        dvar2: 6.11210953139e-006
        max: 0.0371436066926
        mean: 0.00328101031482
        median: 0.00247903820127
        min: 1.00005675615e-020
        var: 1.05550643639e-005
    spectral_energyband_high:
        dmean: 1.29904547066e-005
        dmean2: 2.00690083147e-005
        dvar: 1.5374677087e-009
        dvar2: 3.34908345501e-009
        max: 0.00100026559085
        mean: 4.57748465124e-005
        median: 1.0079889762e-005
        min: 7.10930394099e-021
        var: 6.97229429747e-009
    spectral_energyband_low:
        dmean: 6.20687569608e-005
        dmean2: 0.000117135467008
        dvar: 6.52647429433e-007
        dvar2: 1.95207599063e-006
        max: 0.0245654024184
        mean: 7.29125604266e-005
        median: 8.38333926367e-006
        min: 1.36924543694e-023
        var: 5.22388063473e-007
    spectral_energyband_middle_high:
        dmean: 0.000356503063813
        dmean2: 0.000576507882215
        dvar: 4.42401329792e-007
        dvar2: 1.14110173399e-006
        max: 0.0102887032554
        mean: 0.00144072400872
        median: 0.000922782113776
        min: 1.1377171594e-021
        var: 2.3754259928e-006
    spectral_energyband_middle_low:
        dmean: 0.000541141955182
        dmean2: 0.000819322012831
        dvar: 9.78333446255e-007
        dvar2: 2.03028525902e-006
        max: 0.0220141801983
        mean: 0.00176023459062
        median: 0.00114613166079
        min: 1.48577029006e-022
        var: 4.77622870676e-006
    spectral_flatness_db:
        dmean: 0.0171481017023
        dmean2: 0.0282806623727
        dvar: 0.000230893783737
        dvar2: 0.00058658584021
        max: 0.56490445137
        mean: 0.24248623848
        median: 0.233046546578
        min: 0.0604403577745
        var: 0.00300528202206
    spectral_flux:
        dmean: 0.005091923289
        dmean2: 0.00844863522798
        dvar: 5.64278270758e-005
        dvar2: 0.000139984913403
        max: 0.158817455173
        mean: 0.021302562207
        median: 0.0187949389219
        min: 6.47262521358e-011
        var: 0.00022094551241
    spectral_kurtosis:
        dmean: 4.65007162094
        dmean2: 8.31706237793
        dvar: 18.421995163
        dvar2: 57.3232879639
        max: 49.6401786804
        mean: 9.66559410095
        median: 8.50987625122
        min: -1.24825847149
        var: 40.4850654602
    spectral_rms:
        dmean: 0.000174903078005
        dmean2: 0.000273589830613
        dvar: 6.19127646928e-008
        dvar2: 1.44528996771e-007
        max: 0.00601977296174
        mean: 0.00155477807857
        median: 0.00155517621897
        min: 3.12356390753e-012
        var: 7.83654968473e-007
    spectral_rolloff:
        dmean: 290.46786499
        dmean2: 504.5675354
        dvar: 321229.28125
        dvar2: 631579.5
        max: 19638.28125
        mean: 2558.42114258
        median: 2583.984375
        min: 129.19921875
        var: 4974111.5
    spectral_skewness:
        dmean: 0.418837815523
        dmean2: 0.739565610886
        dvar: 0.139036387205
        dvar2: 0.413165539503
        max: 5.16617059708
        mean: 1.85205578804
        median: 1.80647397041
        min: -0.0761680677533
        var: 0.556788265705
    spectral_spread:
        dmean: 228097.578125
        dmean2: 371705.28125
        dvar: 504237719552
        dvar2: 657066098688
        max: 42102068
        mean: 2984950.25
        median: 2264968
        min: 1314564.5
        var: 2.09748020429e+013
    spectral_strongpeak:
        dmean: 0.345700085163
        dmean2: 0.579232215881
        dvar: 0.282152324915
        dvar2: 0.705671787262
        max: 5.87606143951
        mean: 0.901847660542
        median: 0.639788031578
        min: 0
        var: 0.819747924805
    zerocrossingrate:
        dmean: 0.00631804112345
        dmean2: 0.00787695869803
        dvar: 8.14350059954e-005
        dvar2: 0.000112133799121
        max: 0.52685546875
        mean: 0.0819403454661
        median: 0.07080078125
        min: 0.01416015625
        var: 0.00366225140169
    barkbands:
        dmean: [1.97308409611e-007, 3.02549597109e-005, 3.35306867782e-005, 2.57018709817e-005, 7.01257886249e-005, 0.000123510864796, 3.38166100846e-005, 0.000145114536281, 0.000377587857656, 6.59600045765e-005, 0.000185987257282, 6.65747502353e-005, 1.82033927558e-005, 1.42384942592e-005, 2.33993669099e-005, 2.10178150155e-005, 7.52207924961e-005, 7.2265167546e-005, 5.57900239073e-005, 3.85818166251e-005, 4.43018507212e-006, 4.66664545229e-007, 7.93949297417e-008, 1.83220514316e-008, 2.44548181705e-009, 1.8643865618e-010, 1.51900603207e-010]
        dmean2: [3.14910550969e-007, 5.4546064348e-005, 5.87441245443e-005, 4.15784270444e-005, 0.000112644629553, 0.000224824339966, 4.98057488585e-005, 0.000228004573728, 0.000535331375431, 0.000108155814814, 0.000304929621052, 0.000109094420623, 2.93521625281e-005, 2.18965706154e-005, 3.64528459613e-005, 3.33778953063e-005, 0.00011454372725, 0.000117487186799, 9.04720727704e-005, 6.37321863906e-005, 6.5812714638e-006, 7.83316295383e-007, 1.31347164256e-007, 3.0740473278e-008, 3.82888787342e-009, 3.15909437498e-010, 2.83678081026e-010]
        dvar: [3.6871295947e-012, 1.61795995268e-007, 1.40514273994e-007, 2.55280330208e-008, 4.32053397503e-008, 2.48330387365e-008, 6.9068040176e-009, 6.7072278398e-008, 7.2114124805e-007, 5.94735212189e-008, 1.65543312391e-007, 2.83633987408e-008, 2.02490713086e-009, 8.84162465464e-010, 1.44745204711e-009, 2.0113730681e-009, 2.87784303055e-008, 1.6441344286e-008, 1.76753260916e-008, 1.2990838627e-008, 2.63424199121e-010, 8.33507308312e-013, 2.38157204461e-014, 1.44381773942e-015, 5.32703718914e-017, 4.59795167728e-019, 7.68752257621e-020]
        dvar2: [8.28606194075e-012, 4.93866025408e-007, 3.92906684965e-007, 6.73839011256e-008, 1.14863709655e-007, 7.83591360687e-008, 1.45586973588e-008, 1.63831302302e-007, 1.40377687785e-006, 1.59613762207e-007, 4.47239528967e-007, 7.49363806563e-008, 5.77321657147e-009, 2.01488492557e-009, 3.73390207642e-009, 4.67842786733e-009, 6.66190018705e-008, 4.38549392356e-008, 4.12762517499e-008, 3.13867403179e-008, 5.14482678682e-010, 2.19872080612e-012, 6.24556558814e-014, 3.84626946381e-015, 1.20993984599e-016, 7.42745737936e-019, 2.55414089508e-019]
        max: [7.34785789973e-005, 0.0117891672999, 0.0115814143792, 0.00471068918705, 0.00576570816338, 0.00173920078669, 0.00227999128401, 0.00342444260605, 0.0214732214808, 0.00876761600375, 0.00496300682425, 0.00327250058763, 0.000967878673691, 0.000613697979134, 0.000484410236822, 0.000756003952119, 0.00326166371815, 0.00226924545132, 0.00261678546667, 0.00310393772088, 0.000399557990022, 1.99666155822e-005, 3.83036467611e-006, 1.1524208503e-006, 4.54127160765e-007, 4.93434342275e-008, 3.51752538208e-009]
        mean: [3.63763859923e-007, 2.70664750133e-005, 3.40728183801e-005, 4.1074341425e-005, 0.000188564270502, 0.00022506568348, 7.55628279876e-005, 0.000266309973085, 0.000931345683057, 0.000126172293676, 0.000313335418468, 0.000122512938106, 3.46334236383e-005, 3.82375874324e-005, 4.16676484747e-005, 6.61184749333e-005, 0.000241187939537, 0.000176433037268, 0.000203535018954, 0.000110871187644, 1.5205917407e-005, 1.36076801027e-006, 2.53012785834e-007, 5.77372105681e-008, 7.46806794183e-009, 2.77747769228e-010, 1.21387122576e-010]
        median: [1.50839891688e-008, 2.68128928838e-006, 2.83660483547e-006, 6.08713389738e-006, 0.000105958519271, 0.000140442833072, 2.91366086458e-005, 0.000108586100396, 0.000244797149207, 2.5031489713e-005, 0.00011610508227, 4.56339912489e-005, 1.41617974805e-005, 1.62469914358e-005, 2.12491977436e-005, 2.58765139733e-005, 8.99339356693e-005, 0.000101199984783, 6.66048945277e-005, 3.80995297746e-005, 2.09375821214e-006, 9.13523763302e-007, 9.23962204524e-008, 1.70378697817e-008, 2.93389668116e-009, 9.63192581249e-011, 2.75663866733e-011]
        min: [1.86605362674e-024, 6.67322535364e-025, 5.62603074437e-025, 1.38610177732e-024, 9.37340068143e-024, 4.73662813627e-024, 9.45821979482e-024, 5.1310652942e-024, 1.63309874158e-023, 1.56378453151e-023, 3.00333609223e-023, 2.55430478983e-023, 3.88585151075e-023, 3.18464251843e-023, 5.7672819298e-023, 5.6120429389e-023, 7.71343207524e-023, 1.03884089177e-022, 1.06678834038e-022, 1.63946626904e-022, 2.53413904385e-022, 3.291106492e-022, 3.97415376058e-022, 5.80353532643e-022, 8.10464334427e-022, 1.23870155366e-021, 1.87317755821e-021]
        var: [1.32056900137e-011, 1.04417772206e-007, 1.19007431465e-007, 4.65031142483e-008, 8.36784792568e-008, 6.65572628122e-008, 2.89466992598e-008, 1.55361405518e-007, 3.30565580953e-006, 1.4219364175e-007, 2.98311164215e-007, 5.80632466551e-008, 4.77520911701e-009, 3.6750651411e-009, 3.07805492206e-009, 8.55896953311e-009, 1.2192886345e-007, 5.00373111834e-008, 1.03941438567e-007, 4.53461801442e-008, 1.07752640144e-009, 2.38793446822e-012, 1.40849815535e-013, 8.31551048451e-015, 3.25685650527e-016, 2.04200845904e-018, 6.00800536696e-020]
    frequency_bands:
        dmean: [1.97308409611e-007, 3.02549597109e-005, 3.35306867782e-005, 2.57018709817e-005, 7.01257886249e-005, 0.000123510864796, 3.38166100846e-005, 0.000145114536281, 0.000377587857656, 6.59600045765e-005, 0.000185987257282, 6.65747502353e-005, 1.82033927558e-005, 1.42384942592e-005, 2.33993669099e-005, 2.10178150155e-005, 7.52207924961e-005, 7.2265167546e-005, 5.57900239073e-005, 3.85818166251e-005, 4.43018507212e-006, 4.66664545229e-007, 7.93949297417e-008, 1.83220514316e-008, 2.44548181705e-009, 1.8643865618e-010, 1.51900603207e-010, 4.33359181873e-011]
        dmean2: [3.14910550969e-007, 5.4546064348e-005, 5.87441245443e-005, 4.15784270444e-005, 0.000112644629553, 0.000224824339966, 4.98057488585e-005, 0.000228004573728, 0.000535331375431, 0.000108155814814, 0.000304929621052, 0.000109094420623, 2.93521625281e-005, 2.18965706154e-005, 3.64528459613e-005, 3.33778953063e-005, 0.00011454372725, 0.000117487186799, 9.04720727704e-005, 6.37321863906e-005, 6.5812714638e-006, 7.83316295383e-007, 1.31347164256e-007, 3.0740473278e-008, 3.82888787342e-009, 3.15909437498e-010, 2.83678081026e-010, 8.09389777423e-011]
        dvar: [3.6871295947e-012, 1.61795995268e-007, 1.40514273994e-007, 2.55280330208e-008, 4.32053397503e-008, 2.48330387365e-008, 6.9068040176e-009, 6.7072278398e-008, 7.2114124805e-007, 5.94735212189e-008, 1.65543312391e-007, 2.83633987408e-008, 2.02490713086e-009, 8.84162465464e-010, 1.44745204711e-009, 2.0113730681e-009, 2.87784303055e-008, 1.6441344286e-008, 1.76753260916e-008, 1.2990838627e-008, 2.63424199121e-010, 8.33507308312e-013, 2.38157204461e-014, 1.44381773942e-015, 5.32703718914e-017, 4.59795167728e-019, 7.68752257621e-020, 6.25905678313e-021]
        dvar2: [8.28606194075e-012, 4.93866025408e-007, 3.92906684965e-007, 6.73839011256e-008, 1.14863709655e-007, 7.83591360687e-008, 1.45586973588e-008, 1.63831302302e-007, 1.40377687785e-006, 1.59613762207e-007, 4.47239528967e-007, 7.49363806563e-008, 5.77321657147e-009, 2.01488492557e-009, 3.73390207642e-009, 4.67842786733e-009, 6.66190018705e-008, 4.38549392356e-008, 4.12762517499e-008, 3.13867403179e-008, 5.14482678682e-010, 2.19872080612e-012, 6.24556558814e-014, 3.84626946381e-015, 1.20993984599e-016, 7.42745737936e-019, 2.55414089508e-019, 2.07877273401e-020]
        max: [7.34785789973e-005, 0.0117891672999, 0.0115814143792, 0.00471068918705, 0.00576570816338, 0.00173920078669, 0.00227999128401, 0.00342444260605, 0.0214732214808, 0.00876761600375, 0.00496300682425, 0.00327250058763, 0.000967878673691, 0.000613697979134, 0.000484410236822, 0.000756003952119, 0.00326166371815, 0.00226924545132, 0.00261678546667, 0.00310393772088, 0.000399557990022, 1.99666155822e-005, 3.83036467611e-006, 1.1524208503e-006, 4.54127160765e-007, 4.93434342275e-008, 3.51752538208e-009, 1.00151986704e-009]
        mean: [3.63763859923e-007, 2.70664750133e-005, 3.40728183801e-005, 4.1074341425e-005, 0.000188564270502, 0.00022506568348, 7.55628279876e-005, 0.000266309973085, 0.000931345683057, 0.000126172293676, 0.000313335418468, 0.000122512938106, 3.46334236383e-005, 3.82375874324e-005, 4.16676484747e-005, 6.61184749333e-005, 0.000241187939537, 0.000176433037268, 0.000203535018954, 0.000110871187644, 1.5205917407e-005, 1.36076801027e-006, 2.53012785834e-007, 5.77372105681e-008, 7.46806794183e-009, 2.77747769228e-010, 1.21387122576e-010, 3.42588908631e-011]
        median: [1.50839891688e-008, 2.68128928838e-006, 2.83660483547e-006, 6.08713389738e-006, 0.000105958519271, 0.000140442833072, 2.91366086458e-005, 0.000108586100396, 0.000244797149207, 2.5031489713e-005, 0.00011610508227, 4.56339912489e-005, 1.41617974805e-005, 1.62469914358e-005, 2.12491977436e-005, 2.58765139733e-005, 8.99339356693e-005, 0.000101199984783, 6.66048945277e-005, 3.80995297746e-005, 2.09375821214e-006, 9.13523763302e-007, 9.23962204524e-008, 1.70378697817e-008, 2.93389668116e-009, 9.63192581249e-011, 2.75663866733e-011, 7.52273243698e-012]
        min: [1.86605362674e-024, 6.67322535364e-025, 5.62603074437e-025, 1.38610177732e-024, 9.37340068143e-024, 4.73662813627e-024, 9.45821979482e-024, 5.1310652942e-024, 1.63309874158e-023, 1.56378453151e-023, 3.00333609223e-023, 2.55430478983e-023, 3.88585151075e-023, 3.18464251843e-023, 5.7672819298e-023, 5.6120429389e-023, 7.71343207524e-023, 1.03884089177e-022, 1.06678834038e-022, 1.63946626904e-022, 2.53413904385e-022, 3.291106492e-022, 3.97415376058e-022, 5.80353532643e-022, 8.10464334427e-022, 1.23870155366e-021, 1.87317755821e-021, 4.75778849386e-022]
        var: [1.32056900137e-011, 1.04417772206e-007, 1.19007431465e-007, 4.65031142483e-008, 8.36784792568e-008, 6.65572628122e-008, 2.89466992598e-008, 1.55361405518e-007, 3.30565580953e-006, 1.4219364175e-007, 2.98311164215e-007, 5.80632466551e-008, 4.77520911701e-009, 3.6750651411e-009, 3.07805492206e-009, 8.55896953311e-009, 1.2192886345e-007, 5.00373111834e-008, 1.03941438567e-007, 4.53461801442e-008, 1.07752640144e-009, 2.38793446822e-012, 1.40849815535e-013, 8.31551048451e-015, 3.25685650527e-016, 2.04200845904e-018, 6.00800536696e-020, 4.87051295593e-021]
    mfcc:
        mean: [-818.117919922, 143.168533325, -67.5630264282, 28.0812034607, -22.088558197, -34.4256858826, -0.719129443169, -2.73243880272, -4.78417301178, -3.79773306847, -9.60885047913, -12.1125507355, -1.04672777653]
        cov: [[10496.6591797, 3577.95263672, -2970.73754883, 914.505187988, -992.200500488, -1279.87976074, -117.613067627, 409.006896973, -252.155685425, -992.668334961, -253.600463867, 491.622650146, -714.753479004], [3577.95263672, 1964.68286133, -516.551574707, 239.562911987, -99.1345977783, -436.533599854, -66.7308197021, 113.811355591, -170.426010132, -375.491394043, -75.6212768555, 194.207717896, -264.67199707], [-2970.73754883, -516.551574707, 1440.89709473, -223.625686646, 385.698181152, 463.58770752, -36.5003013611, -192.178390503, -24.730764389, 384.463928223, 128.777572632, -235.97644043, 223.701156616], [914.505187988, 239.562911987, -223.625686646, 334.677429199, -37.7721824646, -64.3264160156, 8.01599025726, -131.515090942, 33.4482040405, -12.6586761475, -32.8586120605, -11.4626455307, -40.8197097778], [-992.200500488, -99.1345977783, 385.698181152, -37.7721824646, 306.742828369, 155.458847046, 17.4257717133, -67.0620117188, 8.39834976196, 51.0536270142, -4.31159973145, -17.9217357635, 64.6836547852], [-1279.87976074, -436.533599854, 463.58770752, -64.3264160156, 155.458847046, 317.615386963, 46.6758384705, -94.2752304077, 46.6418190002, 192.197601318, 46.8162002563, -140.818710327, 102.069221497], [-117.613067627, -66.7308197021, -36.5003013611, 8.01599025726, 17.4257717133, 46.6758384705, 121.979919434, 49.5681686401, 41.6516532898, -11.9722576141, -5.43556213379, 19.5091323853, -2.70705533028], [409.006896973, 113.811355591, -192.178390503, -131.515090942, -67.0620117188, -94.2752304077, 49.5681686401, 297.143585205, -28.8951511383, -163.350784302, 1.53958535194, 124.736465454, -49.8729858398], [-252.155685425, -170.426010132, -24.730764389, 33.4482040405, 8.39834976196, 46.6418190002, 41.6516532898, -28.8951511383, 136.874511719, 64.248626709, -8.59360980988, -5.18456506729, 0.240385115147], [-992.668334961, -375.491394043, 384.463928223, -12.6586761475, 51.0536270142, 192.197601318, -11.9722576141, -163.350784302, 64.248626709, 337.008880615, 88.6865463257, -200.095397949, 83.5739364624], [-253.600463867, -75.6212768555, 128.777572632, -32.8586120605, -4.31159973145, 46.8162002563, -5.43556213379, 1.53958535194, -8.59360980988, 88.6865463257, 116.168907166, -13.4018640518, -13.1536960602], [491.622650146, 194.207717896, -235.97644043, -11.4626455307, -17.9217357635, -140.818710327, 19.5091323853, 124.736465454, -5.18456506729, -200.095397949, -13.4018640518, 246.286148071, -66.3454208374], [-714.753479004, -264.67199707, 223.701156616, -40.8197097778, 64.6836547852, 102.069221497, -2.70705533028, -49.8729858398, 0.240385115147, 83.5739364624, -13.1536960602, -66.3454208374, 164.464126587]]
        icov: [[0.0499729700387, -0.0696265846491, 0.0683623701334, -0.0686864182353, 0.063953012228, -0.0605064369738, 0.0558649450541, -0.0493996143341, 0.0400390252471, -0.032451339066, 0.0253490079194, -0.0143967000768, 0.00608666893095], [-0.0696265846491, 0.0981043055654, -0.0955955013633, 0.0948966443539, -0.0894402042031, 0.085554741323, -0.0778709873557, 0.0685521885753, -0.0549242533743, 0.0456565208733, -0.0350605286658, 0.0203824322671, -0.00725004309788], [0.0683623701334, -0.0955955013633, 0.0960389152169, -0.0929367542267, 0.0858237072825, -0.0848657861352, 0.0773601084948, -0.0673379823565, 0.0557790659368, -0.0459191165864, 0.0338430181146, -0.0200386885554, 0.00720464205369], [-0.0686864182353, 0.0948966443539, -0.0929367542267, 0.100427418947, -0.0879023969173, 0.0835670158267, -0.078702121973, 0.0719845965505, -0.0565479062498, 0.0456663370132, -0.0359913371503, 0.020623119548, -0.00889388564974], [0.063953012228, -0.0894402042031, 0.0858237072825, -0.0879023969173, 0.0883995294571, -0.079874843359, 0.0709204897285, -0.0621405020356, 0.0510716512799, -0.0408273078501, 0.0344551540911, -0.0205130577087, 0.00772815290838], [-0.0605064369738, 0.085554741323, -0.0848657861352, 0.0835670158267, -0.079874843359, 0.0854806080461, -0.0724452212453, 0.0609617233276, -0.0504511222243, 0.0408619493246, -0.0335829779506, 0.0219851732254, -0.00795061141253], [0.0558649450541, -0.0778709873557, 0.0773601084948, -0.078702121973, 0.0709204897285, -0.0724452212453, 0.0755870044231, -0.059207547456, 0.042416587472, -0.0367308706045, 0.0293640643358, -0.0173753257841, 0.00701102195308], [-0.0493996143341, 0.0685521885753, -0.0673379823565, 0.0719845965505, -0.0621405020356, 0.0609617233276, -0.059207547456, 0.0575604699552, -0.0404836423695, 0.0363531820476, -0.0284275114536, 0.0146084260195, -0.00661728577688], [0.0400390252471, -0.0549242533743, 0.0557790659368, -0.0565479062498, 0.0510716512799, -0.0504511222243, 0.042416587472, -0.0404836423695, 0.0460599400103, -0.0337596051395, 0.0267200190574, -0.0166750643402, 0.00785766169429], [-0.032451339066, 0.0456565208733, -0.0459191165864, 0.0456663370132, -0.0408273078501, 0.0408619493246, -0.0367308706045, 0.0363531820476, -0.0337596051395, 0.0379001758993, -0.027510419488, 0.0186146274209, -0.00654828222468], [0.0253490079194, -0.0350605286658, 0.0338430181146, -0.0359913371503, 0.0344551540911, -0.0335829779506, 0.0293640643358, -0.0284275114536, 0.0267200190574, -0.027510419488, 0.032262634486, -0.01454542391, 0.00858414266258], [-0.0143967000768, 0.0203824322671, -0.0200386885554, 0.020623119548, -0.0205130577087, 0.0219851732254, -0.0173753257841, 0.0146084260195, -0.0166750643402, 0.0186146274209, -0.01454542391, 0.0168107748032, -0.00264034699649], [0.00608666893095, -0.00725004309788, 0.00720464205369, -0.00889388564974, 0.00772815290838, -0.00795061141253, 0.00701102195308, -0.00661728577688, 0.00785766169429, -0.00654828222468, 0.00858414266258, -0.00264034699649, 0.0117992283776]]
    sccoeffs:
        dmean: [0.038727145642, 0.0436440333724, 0.0336988903582, 0.0295830108225, 0.0222859270871, 0.0148997260258]
        dmean2: [0.0651395693421, 0.0738069936633, 0.054648630321, 0.0487900935113, 0.0372328311205, 0.0244497787207]
        dvar: [0.000960196834058, 0.00118667248171, 0.00074701779522, 0.0005960042472, 0.000435418536654, 0.000298237457173]
        dvar2: [0.00275521609001, 0.00327261071652, 0.00197237823159, 0.0015677656047, 0.00113685592078, 0.000726208323613]
        max: [-0.452373474836, -0.454992026091, -0.452401727438, -0.490832567215, -0.565316200256, -0.548471868038]
        mean: [-0.673962116241, -0.732036411762, -0.703289091587, -0.741531610489, -0.715087592602, -0.736917495728]
        median: [-0.666140556335, -0.724949836731, -0.692223668098, -0.745048940182, -0.706093013287, -0.745081305504]
        min: [-0.98642373085, -0.988884329796, -0.984588503838, -0.98216354847, -0.981853246689, -0.96396201849]
        var: [0.00732307834551, 0.00647288560867, 0.00835854187608, 0.00433850754052, 0.00449275225401, 0.00415809173137]
    scvalleys:
        dmean: [0.327180147171, 0.304962843657, 0.256755203009, 0.253505945206, 0.214520365, 0.167255118489]
        dmean2: [0.536897063255, 0.50471329689, 0.418672919273, 0.411815583706, 0.343620628119, 0.261949926615]
        dvar: [0.106718562543, 0.102383680642, 0.0943086743355, 0.098329924047, 0.110261961818, 0.0734625011683]
        dvar2: [0.202233880758, 0.186417147517, 0.152240693569, 0.154874742031, 0.177627325058, 0.121785022318]
        max: [-4.28901720047, -4.86737966537, -5.54371356964, -6.57816553116, -6.40790128708, -10.2184667587]
        mean: [-8.5358581543, -7.40792512894, -7.83505630493, -8.80763244629, -8.99248790741, -12.6722288132]
        median: [-7.95331859589, -6.80079650879, -7.20674419403, -8.19937419891, -8.3799829483, -12.2648792267]
        min: [-28.2051925659, -27.9117507935, -27.5078334808, -27.5913600922, -27.5192756653, -27.4326591492]
        var: [6.76021337509, 7.54862928391, 7.38233184814, 6.288875103, 6.33994960785, 4.21646308899]

rhythm:
    beats_loudness:
        dmean: 0.00235972669907
        dmean2: 0.00372544955462
        dvar: 6.924472018e-006
        dvar2: 1.84098444151e-005
        max: 0.0244817137718
        mean: 0.00398080796003
        median: 0.00302036595531
        min: 0
        var: 1.49558018165e-005
    bpm: 99.4263076782
    bpm_confidence: 0
    first_peak_bpm: 99
    first_peak_spread: 0.339130431414
    first_peak_weight: 0.612903237343
    onset_rate: 1.43095254898
    second_peak_bpm: 92
    second_peak_spread: 0.333333343267
    second_peak_weight: 0.0483870953321
    beats_loudness_band_ratio:
        dmean: [0.0477553531528, 0.135422497988, 0.130328163505, 0.109349645674, 0.128863051534, 0.140917569399]
        dmean2: [0.0808478817344, 0.246411114931, 0.23189611733, 0.190307155252, 0.219958528876, 0.229957491159]
        dvar: [0.0102167846635, 0.0231141354889, 0.0185459852219, 0.0175038091838, 0.0113839376718, 0.0240788571537]
        dvar2: [0.0190045982599, 0.0612437240779, 0.0451766438782, 0.0381862819195, 0.0272809974849, 0.0570233166218]
        max: [0.890331506729, 0.693537890911, 0.904504477978, 0.871362924576, 0.632538259029, 0.786310255527]
        mean: [0.052729357034, 0.144677877426, 0.307039856911, 0.155306741595, 0.198774084449, 0.147444203496]
        median: [0.00981856230646, 0.0822925716639, 0.285609602928, 0.109443709254, 0.176057770848, 0.0578475445509]
        min: [0, 0, 0, 0, 0, 0]
        var: [0.0189988631755, 0.0236557852477, 0.0515294484794, 0.0251368321478, 0.0190976578742, 0.0358572639525]
    beats_position: [0.638548731804, 1.28870749474, 1.92725622654, 2.56580495834, 3.21596360207, 3.86612248421, 4.51628112793, 5.17804956436, 5.8282084465, 6.44353723526, 7.05886602402, 7.66258478165, 8.26630401611, 8.85841274261, 9.45052146912, 10.0542402267, 10.6579589844, 11.2500677109, 11.8421764374, 12.445895195, 13.0263938904, 13.6185035706, 14.2106122971, 14.8143310547, 15.4180498123, 16.0217685699, 16.6254863739, 17.2292060852, 17.8329238892, 18.4366436005, 19.0519733429, 19.667301178, 20.2594108582, 20.851518631, 21.4436283112, 22.0473461151, 22.6394557953, 23.2315635681, 23.8236732483, 24.4273910522, 25.0311107635, 25.6232185364, 26.2153282166, 26.8190479279, 27.4227657318, 28.0264854431, 28.6302032471, 29.2339229584, 29.8376407623, 30.4413604736, 31.0334682465, 31.6255779266, 32.2292976379, 32.8330154419, 33.4367332458, 34.0404510498, 34.63256073, 35.2362823486, 35.8400001526, 36.4321098328, 37.0358276367, 37.6395454407, 38.2432632446, 38.8469848633, 39.4507026672, 40.0544204712, 40.6465301514, 41.2386398315, 41.8423576355, 42.4344673157, 43.0265769958, 43.6302947998, 44.2340126038, 44.8377304077, 45.4414520264, 46.0451698303, 46.6372795105, 47.229385376, 47.8214950562, 48.4136047363, 49.0173225403, 49.6210403442, 50.2247619629, 50.8284797668, 51.4321975708, 52.0359191895, 52.6396369934, 53.2433547974, 53.8470726013, 54.45079422, 55.0545120239, 55.6582298279, 56.2503395081, 56.8424491882, 57.4461669922, 58.0498847961, 58.6536026001, 59.2573242188, 59.8494338989, 60.4531517029, 61.0568695068, 61.6605873108, 62.2643089294, 62.8564147949, 63.4601364136, 64.0754623413, 64.6907958984, 65.3061218262, 65.9330596924, 66.5599975586, 67.1753311157, 67.7906570435, 68.4175949097, 69.0561447144, 69.6830825806, 70.3100204468, 70.9253463745, 71.5406799316, 72.1560058594, 72.7713394165, 73.3982772827, 74.0252151489, 74.6521530151, 75.2674789429, 75.8828125]
    bpm_estimates: [97.5088424683, 97.5088424683, 99.3840255737, 99.3839492798, 101.332740784, 101.332740784, 99.3840255737, 99.3840255737, 101.332740784, 101.332740784, 99.3840255737, 103.359405518, 101.332580566, 101.332740784, 99.3840255737, 99.3840255737, 99.3840255737, 99.3841781616, 99.3838653564, 99.3841781616, 99.3838653564, 97.5086975098, 97.5089950562, 101.332580566, 101.332901001, 101.332580566, 99.3841781616, 101.332580566, 101.332901001, 101.332580566, 99.3841781616, 99.3838653564, 101.332901001, 101.332580566, 99.3838653564, 99.3841781616, 99.3838653564, 99.3841781616, 99.3838653564, 99.3841781616, 99.3838653564, 101.332901001, 101.332580566, 99.3838653564, 99.3841781616, 99.3841781616, 99.3841781616, 101.332580566, 99.3835525513, 99.3841781616, 101.332580566, 99.3841781616, 99.3841781616, 99.3841781616, 99.3835525513, 99.3841781616, 99.3841781616, 101.332580566, 101.332580566, 99.3841781616, 101.332580566, 101.332580566, 99.3841781616, 99.3841781616, 99.3841781616, 99.3835525513, 99.3841781616, 101.332580566, 101.333229065, 101.332580566, 101.332580566, 99.3841781616, 99.3841781616, 99.3835525513, 99.3841781616, 99.3841781616, 99.3835525513, 99.3841781616, 99.3841781616, 99.3841781616, 99.3835525513, 99.3841781616, 99.3841781616, 101.332580566, 101.332580566, 99.3841781616, 99.3841781616, 99.3841781616, 99.3835525513, 101.332580566, 99.3841781616, 99.3841781616, 99.3841781616, 99.3835525513, 101.333229065, 99.3835525513, 97.5093002319, 97.5080871582, 97.5093002319, 95.7032623291, 95.7032623291, 97.5080871582, 97.5093002319, 95.7032623291, 95.7032623291, 95.7032623291, 97.5093002319, 97.5080871582, 97.5093002319, 97.5080871582, 95.7032623291, 95.7032623291, 95.7032623291, 97.5093002319, 97.5080871582]
    bpm_intervals: [0.650158762932, 0.638548731804, 0.638548731804, 0.650158643723, 0.650158882141, 0.650158643723, 0.661768436432, 0.650158882141, 0.615328788757, 0.615328788757, 0.603718757629, 0.603719234467, 0.592108726501, 0.592108726501, 0.603718757629, 0.603718757629, 0.592108726501, 0.592108726501, 0.603718757629, 0.580498695374, 0.592109680176, 0.592108726501, 0.603718757629, 0.603718757629, 0.603718757629, 0.603717803955, 0.603719711304, 0.603717803955, 0.603719711304, 0.615329742432, 0.615327835083, 0.592109680176, 0.592107772827, 0.592109680176, 0.603717803955, 0.592109680176, 0.592107772827, 0.592109680176, 0.603717803955, 0.603719711304, 0.592107772827, 0.592109680176, 0.603719711304, 0.603717803955, 0.603719711304, 0.603717803955, 0.603719711304, 0.603717803955, 0.603719711304, 0.592107772827, 0.592109680176, 0.603719711304, 0.603717803955, 0.603717803955, 0.603717803955, 0.592109680176, 0.603721618652, 0.603717803955, 0.592109680176, 0.603717803955, 0.603717803955, 0.603717803955, 0.603721618652, 0.603717803955, 0.603717803955, 0.592109680176, 0.592109680176, 0.603717803955, 0.592109680176, 0.592109680176, 0.603717803955, 0.603717803955, 0.603717803955, 0.603721618652, 0.603717803955, 0.592109680176, 0.592105865479, 0.592109680176, 0.592109680176, 0.603717803955, 0.603717803955, 0.603721618652, 0.603717803955, 0.603717803955, 0.603721618652, 0.603717803955, 0.603717803955, 0.603717803955, 0.603721618652, 0.603717803955, 0.603717803955, 0.592109680176, 0.592109680176, 0.603717803955, 0.603717803955, 0.603717803955, 0.603721618652, 0.592109680176, 0.603717803955, 0.603717803955, 0.603717803955, 0.603721618652, 0.592105865479, 0.603721618652, 0.615325927734, 0.615333557129, 0.615325927734, 0.626937866211, 0.626937866211, 0.615333557129, 0.615325927734, 0.626937866211, 0.638549804688, 0.626937866211, 0.626937866211, 0.615325927734, 0.615333557129, 0.615325927734, 0.615333557129, 0.626937866211, 0.626937866211, 0.626937866211, 0.615325927734, 0.615333557129]
    onset_times: [1.82276642323, 1.92725622654, 3.05342411995, 3.70358276367, 4.29569149017, 5.45668935776, 6.73378705978, 7.05886602402, 7.36072540283, 7.66258525848, 9.13705253601, 9.45052146912, 9.75238132477, 10.0426301956, 11.5519275665, 11.8421764374, 12.1556463242, 12.4807252884, 12.7709751129, 13.9203624725, 14.2338323593, 14.5356912613, 14.8259410858, 16.3120174408, 16.6370983124, 16.9157371521, 17.2292060852, 18.7152843475, 19.0171432495, 19.0519733429, 19.3306121826, 19.667301178, 21.1301593781, 21.4436283112, 21.7106571198, 22.0473461151, 23.4869842529, 23.8236732483, 24.1139221191, 24.4273929596, 25.9250793457, 26.2269382477, 26.528799057, 26.830657959, 28.6302032471, 28.9204540253, 29.2455329895, 31.3469390869, 31.6255779266, 33.750202179, 34.028842926, 35.8748283386, 36.1302490234, 36.4437179565, 38.5335159302, 38.8585929871, 40.6233100891, 40.6581420898, 40.9599990845, 41.2502479553, 42.736328125, 43.0265769958, 43.340045929, 43.6419029236, 45.139591217, 45.4530601501, 45.7549209595, 46.0451698303, 47.8331069946, 48.1233558655, 48.4252166748, 49.9461212158, 50.5614509583, 50.8400917053, 52.3493881226, 52.6396369934, 52.9531059265, 53.2433547974, 55.3447608948, 55.6466217041, 57.1791381836, 57.4693870544, 57.736415863, 58.0498847961, 60.1512908936, 60.4531517029, 62.2643089294, 62.5777778625, 62.8564186096, 64.3541030884, 64.9694366455, 65.5731506348, 67.0824508667, 67.1172790527, 68.3711547852, 69.2883453369, 70.6002731323, 71.1575546265, 71.5522918701, 72.1560058594, 72.759727478, 73.6304779053, 74.3735122681, 74.6869812012, 75.2674865723, 75.3139266968, 75.6622238159, 75.8712005615, 76.033744812]
    perceptual_tempo: "unknown"

sfx:
    inharmonicity:
        dmean: 0.0684953927994
        dmean2: 0.120990589261
        dvar: 0.00551116652787
        dvar2: 0.0157083310187
        max: 0.451219052076
        mean: 0.0734951123595
        median: 0.0451411120594
        min: 0
        var: 0.00649260310456
    oddtoevenharmonicenergyratio:
        dmean: 10.9880113602
        dmean2: 21.2541046143
        dvar: 30502.7617188
        dvar2: 91304.96875
        max: 6942.16162109
        mean: 6.44177007675
        median: 0.563969492912
        min: 0
        var: 15396.7226563
    pitch_after_max_to_before_max_energy_ratio: 44.5944519043
    pitch_centroid: 1909.41052246
    pitch_max_to_total: 0.00517976842821
    pitch_min_to_total: 0.847044467926
    tristimulus:
        dmean: [0.194190889597, 0.253237068653, 0.11996204406]
        dmean2: [0.346982777119, 0.451653569937, 0.213917151093]
        dvar: [0.0428524836898, 0.0584391057491, 0.019553810358]
        dvar2: [0.116627894342, 0.163009628654, 0.0531090013683]
        max: [1, 0.998303234577, 0.889230966568]
        mean: [0.288175523281, 0.544242441654, 0.125981003046]
        median: [0.216006919742, 0.5903891325, 0.0812531933188]
        min: [0.000271720258752, 0, 0]
        var: [0.0624818354845, 0.0730185881257, 0.0221792310476]

tonal:
    chords_changes_rate: 0.0401948839426
    chords_number_rate: 0.00487210741267
    chords_strength:
        dmean: 0.00686019333079
        dmean2: 0.00722063565627
        dvar: 0.00097046821611
        dvar2: 0.00164713000413
        max: 0.704423069954
        mean: 0.495312809944
        median: 0.498308062553
        min: -1
        var: 0.0131328003481
    key_strength: 0.831166446209
    tuning_diatonic_strength: 0.622018814087
    tuning_equal_tempered_deviation: 0.0644121319056
    tuning_frequency: 442.293365479
    tuning_nontempered_energy_ratio: 0.661382734776
    hpcp:
        dmean: [0.0587028637528, 0.0583719015121, 0.122942760587, 0.124548502266, 0.0773666203022, 0.0221083182842, 0.029729988426, 0.0546448007226, 0.108333870769, 0.127771377563, 0.0843299552798, 0.0838547050953, 0.10274720937, 0.0674661919475, 0.0549038611352, 0.0529191084206, 0.0356245599687, 0.0695197880268, 0.0923036038876, 0.104571998119, 0.0865505635738, 0.0384836941957, 0.0529655851424, 0.126992926002, 0.149743661284, 0.121799625456, 0.10480350256, 0.103120423853, 0.0763269141316, 0.0380219742656, 0.0317391380668, 0.0338722206652, 0.0555390156806, 0.0541930012405, 0.0326853245497, 0.0469378121197]
