
metadata:
    version:
        essentia: "2.1-beta2"
    audio_properties:
        analysis_sample_rate: 44100
        bitrate: 188
        channels: 2
        equal_loudness: 1
        length: 231.000808716
        replay_gain: -14.3338756561
        downmix: "mix"
    tags:
        album: "Lueurs"
        artist: "Kells"
        comment: " "
        date: "2009"
        genre: "Alternative"
        title: "Avant Que Tu..."
        tracknumber: "2"

configuration:
    average_loudness:
        compute: 1
        frameSize: 88200
        hopSize: 44100
        silentFrames: "noise"
        windowType: "hann"
    general:
        analysisSampleRate: 44100
        endTime: 2000
        equalLoudness: 1
        nequalLoudness: 0
        shortSound: 0
        startTime: 0
    lowlevel:
        compute: 1
        frameSize: 2048
        hopSize: 1024
        zeroPadding: 0
        silentFrames: "noise"
        windowType: "blackmanharris62"
        mfccStats: ["mean", "cov", "icov"]
        stats: ["mean", "var", "median", "min", "max", "dmean", "dmean2", "dvar", "dvar2"]
    panning:
        compute: 0
        frameSize: 8192
        hopSize: 2048
        zeroPadding: 8192
        silentFrames: "noise"
        windowType: "hann"
        stats: ["copy"]
    rhythm:
        compute: 1
        maxTempo: 208
        minTempo: 40
        method: "degara"
        stats: ["mean", "var", "median", "min", "max", "dmean", "dmean2", "dvar", "dvar2"]
    segmentation:
        compute: 0
        cpw: 5
        inc1: 300
        inc2: 50
        minimumSegmentsLength: 10
        size1: 1000
        size2: 600
    sfx:
        compute: 1
        stats: ["mean", "var", "median", "min", "max", "dmean", "dmean2", "dvar", "dvar2"]
    svm:
        compute: 0
    tonal:
        compute: 1
        frameSize: 4096
        hopSize: 2048
        zeroPadding: 0
        silentFrames: "noise"
        windowType: "blackmanharris62"
        stats: ["mean", "var", "median", "min", "max", "dmean", "dmean2", "dvar", "dvar2"]

lowlevel:
    average_loudness: 0.873953998089
    barkbands_kurtosis:
        dmean: 0.66208589077
        dmean2: 1.08155095577
        dvar: 1.55954885483
        dvar2: 3.8400914669
        max: 36.0046882629
        mean: -0.509589135647
        median: -1.08195221424
        min: -1.90638780594
        var: 4.30503177643
    barkbands_skewness:
        dmean: 0.358638346195
        dmean2: 0.558391869068
        dvar: 0.116778552532
        dvar2: 0.278009653091
        max: 5.58925151825
        mean: -0.200957745314
        median: -0.282657325268
        min: -4.30139923096
        var: 0.620859146118
    barkbands_spread:
        dmean: 5.25720691681
        dmean2: 8.5723772049
        dvar: 26.759262085
        dvar2: 69.8929214478
        max: 72.2152862549
        mean: 29.611415863
        median: 29.5251617432
        min: 1.79662573338
        var: 108.330543518
    dissonance:
        dmean: 0.0142880175263
        dmean2: 0.0245943553746
        dvar: 0.000276907201624
        dvar2: 0.000777442648541
        max: 0.5
        mean: 0.476096451283
        median: 0.482337981462
        min: 0.278416365385
        var: 0.000526793824974
    hfc:
        dmean: 1.98745512962
        dmean2: 3.06219244003
        dvar: 5.49130392075
        dvar2: 12.4787902832
        max: 45.4000320435
        mean: 9.4034538269
        median: 8.93619918823
        min: 1.08606518175e-016
        var: 42.5112724304
    pitch:
        dmean: 721.793212891
        dmean2: 1384.58984375
        dvar: 1479957.875
        dvar2: 3610286.25
        max: 4601.77587891
        mean: 1425.60314941
        median: 477.882446289
        min: 58.4426345825
        var: 2266608
    pitch_instantaneous_confidence:
        dmean: 0.0806104242802
        dmean2: 0.1303281039
        dvar: 0.00474747316912
        dvar2: 0.0114125534892
        max: 0.998544812202
        mean: 0.444439917803
        median: 0.412221908569
        min: 0.0735512971878
        var: 0.0271655451506
    pitch_salience:
        dmean: 0.052571631968
        dmean2: 0.0836644098163
        dvar: 0.00192331615835
        dvar2: 0.00465930718929
        max: 0.983481287956
        mean: 0.616285920143
        median: 0.632442235947
        min: 0.151199415326
        var: 0.0120688714087
    silence_rate_20dB:
        dmean: 0
        dmean2: 0
        dvar: 0
        dvar2: 0
        max: 1
        mean: 1
        median: 1
        min: 1
        var: 0
    silence_rate_30dB:
        dmean: 0
        dmean2: 0
        dvar: 0
        dvar2: 0
        max: 1
        mean: 1
        median: 1
        min: 1
        var: 0
    silence_rate_60dB:
        dmean: 0.0580962896347
        dmean2: 0.11620426178
        dvar: 0.0547253750265
        dvar2: 0.120987229049
        max: 1
        mean: 0.314371854067
        median: 0
        min: 0
        var: 0.215558037162
    spectral_centroid:
        dmean: 242.653427124
        dmean2: 378.112182617
        dvar: 61478.2304688
        dvar2: 135126.28125
        max: 11777.2685547
        mean: 1973.44970703
        median: 1985.80993652
        min: 229.712417603
        var: 546262.8125
    spectral_complexity:
        dmean: 3.26083016396
        dmean2: 5.10896682739
        dvar: 11.7383232117
        dvar2: 25.2388935089
        max: 47
        mean: 16.1330661774
        median: 18
        min: 0
        var: 90.5341567993
    spectral_crest:
        dmean: 1.79293596745
        dmean2: 2.90699291229
        dvar: 2.83679103851
        dvar2: 6.85878276825
        max: 25.0448665619
        mean: 7.38760900497
        median: 6.27728939056
        min: 2.50358986855
        var: 13.3874435425
    spectral_decrease:
        dmean: 1.93836072193e-010
        dmean2: 3.02623398563e-010
        dvar: 4.47673120194e-020
        dvar2: 1.03443013342e-019
        max: 1.36910712517e-028
        mean: -1.01795738505e-009
        median: -1.02933483959e-009
        min: -3.14974157867e-009
        var: 3.57211717827e-019
    spectral_energy:
        dmean: 0.000878973864019
        dmean2: 0.00136820506305
        dvar: 9.41125279041e-007
        dvar2: 2.1430957986e-006
        max: 0.0160057712346
        mean: 0.00469493446872
        median: 0.00475903972983
        min: 1.0278841944e-020
        var: 7.83721134212e-006
    spectral_energyband_high:
        dmean: 0.000152766020619
        dmean2: 0.000243980073719
        dvar: 5.99177667482e-008
        dvar2: 1.42638484135e-007
        max: 0.004394415766
        mean: 0.000402142468374
        median: 0.000319058191963
        min: 7.16132019215e-021
        var: 1.64202432984e-007
    spectral_energyband_low:
        dmean: 0.000180565883056
        dmean2: 0.000309290597215
        dvar: 8.65457963073e-008
        dvar2: 2.41189241024e-007
        max: 0.00278792832978
        mean: 0.000238323336816
        median: 0.000140421863762
        min: 1.44442514339e-023
        var: 9.30238144292e-008
    spectral_energyband_middle_high:
        dmean: 0.000645864522085
        dmean2: 0.00099672737997
        dvar: 4.9803844604e-007
        dvar2: 1.18621881029e-006
        max: 0.0124701494351
        mean: 0.00283740554005
        median: 0.00259660696611
        min: 1.27203666981e-021
        var: 4.148640528e-006
    spectral_energyband_middle_low:
        dmean: 0.000425746809924
        dmean2: 0.000668703287374
        dvar: 2.59302112227e-007
        dvar2: 6.31196712675e-007
        max: 0.00937315262854
        mean: 0.00131282676011
        median: 0.0011205195915
        min: 2.04610235623e-022
        var: 1.08425876988e-006
    spectral_flatness_db:
        dmean: 0.014452399686
        dmean2: 0.0225469507277
        dvar: 0.0002032971679
        dvar2: 0.000437856244389
        max: 0.559193432331
        mean: 0.159205690026
        median: 0.148618921638
        min: 0.056002844125
        var: 0.00245373393409
    spectral_flux:
        dmean: 0.0065869265236
        dmean2: 0.0104804951698
        dvar: 5.4037951486e-005
        dvar2: 0.000131570297526
        max: 0.107826180756
        mean: 0.0387812703848
        median: 0.0401969179511
        min: 6.31608515489e-011
        var: 0.000316535588354
    spectral_kurtosis:
        dmean: 1.0686507225
        dmean2: 1.84353232384
        dvar: 1.90108287334
        dvar2: 5.78992700577
        max: 27.6434116364
        mean: 3.53388571739
        median: 3.00874328613
        min: -1.27309274673
        var: 5.9742193222
    spectral_rms:
        dmean: 0.000200188893359
        dmean2: 0.000307640817482
        dvar: 4.10329867861e-008
        dvar2: 8.89399416337e-008
        max: 0.00395163102075
        mean: 0.00200315495022
        median: 0.0021547540091
        min: 3.16672361077e-012
        var: 5.67816812236e-007
    spectral_rolloff:
        dmean: 266.314025879
        dmean2: 442.105987549
        dvar: 169565.015625
        dvar2: 360241.90625
        max: 19530.6152344
        mean: 3513.03686523
        median: 3682.17773438
        min: 193.798828125
        var: 1356654.875
    spectral_skewness:
        dmean: 0.151482090354
        dmean2: 0.251956522465
        dvar: 0.0253019630909
        dvar2: 0.0697678923607
        max: 4.2150554657
        mean: 1.2776838541
        median: 1.20658481121
        min: -0.078995488584
        var: 0.144306972623
    spectral_spread:
        dmean: 429925.90625
        dmean2: 654499.1875
        dvar: 519712047104
        dvar2: 1.04635242906e+012
        max: 52016704
        mean: 4512833
        median: 4204663
        min: 1449289.125
        var: 6.03582785126e+012
    spectral_strongpeak:
        dmean: 0.569278180599
        dmean2: 0.969798624516
        dvar: 0.636503279209
        dvar2: 1.67964887619
        max: 9.43960857391
        mean: 1.020403862
        median: 0.618111491203
        min: 0
        var: 1.1988350153
    zerocrossingrate:
        dmean: 0.00741378683597
        dmean2: 0.00913382414728
        dvar: 5.09215497004e-005
        dvar2: 6.69669898343e-005
        max: 0.51806640625
        mean: 0.107273377478
        median: 0.10888671875
        min: 0.0126953125
        var: 0.00109118490946
    barkbands:
        dmean: [6.07307640621e-007, 4.34927387687e-005, 9.82836718322e-005, 0.00013178383233, 0.000138290692121, 0.000111648063466, 8.24720336823e-005, 0.000101778525277, 0.000152716645971, 8.25599563541e-005, 0.000150282110553, 9.66707739281e-005, 3.39701036864e-005, 4.34501926065e-005, 6.86316707288e-005, 0.000144270612509, 0.000181373281521, 0.000139666677569, 0.000214880128624, 0.000235161482124, 5.97077632847e-005, 2.11376809602e-005, 3.48332287103e-006, 1.92342804439e-006, 5.40061364518e-007, 1.85665669505e-008, 3.80551284929e-010]
        dmean2: [8.1003008745e-007, 7.58146416047e-005, 0.000169190650922, 0.000223734023166, 0.000225639392738, 0.000180264454684, 0.000129683350679, 0.000156583831995, 0.000236286810832, 0.000127438543132, 0.000230422185268, 0.000153373272042, 5.41965164302e-005, 6.89062580932e-005, 0.000112432368041, 0.000231099809753, 0.00029838757473, 0.000230661564274, 0.000352120696334, 0.000384578364901, 9.92261557258e-005, 3.64563820767e-005, 5.63750381843e-006, 2.96704024549e-006, 8.56632254909e-007, 2.83769097109e-008, 6.23469609273e-010]
        dvar: [1.20635175026e-012, 7.28213711554e-009, 2.79505680822e-008, 4.54113191495e-008, 4.06263964692e-008, 4.16357295308e-008, 3.13720924794e-008, 3.0824004682e-008, 9.13722502105e-008, 4.16352854415e-008, 1.47471936884e-007, 6.0183005246e-008, 7.41532835136e-009, 1.49713592634e-008, 1.45517979888e-008, 8.21177579269e-008, 6.59746248743e-008, 3.5754553096e-008, 6.56316885284e-008, 1.09096824019e-007, 9.19276477163e-009, 1.69215652601e-009, 3.35944570773e-011, 7.58232452519e-012, 7.57149714019e-013, 1.9279638785e-015, 4.86298137951e-019]
        dvar2: [2.1958489714e-012, 2.04682528704e-008, 7.84002267551e-008, 1.21891460481e-007, 1.05252595972e-007, 1.02060859319e-007, 7.26475875013e-008, 6.63261232603e-008, 2.07064033475e-007, 9.39301756375e-008, 3.16034373782e-007, 1.28877104544e-007, 1.62265170189e-008, 3.3838823299e-008, 3.63135477244e-008, 1.90583392623e-007, 1.64093222565e-007, 9.52006544708e-008, 1.69884515344e-007, 2.82961593712e-007, 2.28798633373e-008, 4.68182603797e-009, 7.71956595869e-011, 1.7524554724e-011, 1.70039004578e-012, 4.02302999331e-015, 1.04054833604e-018]
        max: [9.79035939963e-006, 0.000719918869436, 0.00194803113118, 0.00414728419855, 0.00276398379356, 0.00488572521135, 0.00462044868618, 0.004195057787, 0.00917204655707, 0.00497377105057, 0.00787595007569, 0.00685004517436, 0.00339699583128, 0.0035454723984, 0.00255553750321, 0.00595016637817, 0.00497957598418, 0.00377370859496, 0.00407585361972, 0.0064137019217, 0.00158493279014, 0.000675781047903, 9.33303672355e-005, 5.70064330532e-005, 1.68828937603e-005, 1.34948459163e-006, 1.70490714879e-008]
        mean: [8.32370631088e-007, 4.99309971929e-005, 0.000114458111057, 0.000164530720212, 0.000248421652941, 0.000196283974219, 0.000149435320054, 0.000178554357262, 0.000349416630343, 0.00013361038873, 0.000308798393235, 0.00019759949646, 5.98477236053e-005, 8.03502334747e-005, 0.000141404219903, 0.000282256718492, 0.000377720280085, 0.000325222441461, 0.000535962870345, 0.000608323374763, 0.000137900133268, 3.98744632548e-005, 7.79123729444e-006, 5.14516568728e-006, 1.21849711832e-006, 3.74024651251e-008, 5.34649102768e-010]
        median: [4.94679639473e-008, 2.13162948057e-005, 5.20289831911e-005, 8.46578477649e-005, 0.0001753824763, 9.11777970032e-005, 5.71376003791e-005, 8.04076698842e-005, 0.000116063929454, 4.84064221382e-005, 6.41422375338e-005, 6.40517973807e-005, 3.22808045894e-005, 3.82878497476e-005, 7.53803105908e-005, 0.000159533126862, 0.000293982651783, 0.000271637400147, 0.000475644425023, 0.000413109111832, 0.000109708460514, 2.84119851131e-005, 5.28393138666e-006, 3.37587425747e-006, 7.58808369028e-007, 1.29220882883e-008, 1.91349991407e-010]
        min: [1.05088278052e-025, 4.29937200284e-024, 1.21950096085e-024, 1.64598371951e-024, 9.25804397354e-024, 1.55259485512e-023, 1.7919429846e-023, 1.58571328696e-023, 1.28919845871e-023, 1.89863389767e-023, 1.71562684513e-023, 2.79918835629e-023, 2.96137026979e-023, 4.38111826634e-023, 4.93580865175e-023, 5.20657853103e-023, 7.68774991961e-023, 1.07267500978e-022, 9.9207627068e-023, 1.69618473703e-022, 2.82316101878e-022, 3.5819548377e-022, 4.50161342484e-022, 5.66796282722e-022, 8.64460790539e-022, 1.33046508533e-021, 2.10710306414e-021]
        var: [2.45585604804e-012, 6.40606767632e-009, 2.84159149544e-008, 5.62852413566e-008, 7.29934441779e-008, 1.02482957232e-007, 9.31671522153e-008, 7.99320716283e-008, 5.06360720465e-007, 9.07027057906e-008, 5.52715164304e-007, 2.79004950698e-007, 1.69319402943e-008, 4.51273365343e-008, 4.35988773972e-008, 2.27135842579e-007, 1.73767162437e-007, 9.78022995923e-008, 2.1020684926e-007, 4.45283291128e-007, 1.75040053563e-008, 1.98459670919e-009, 7.20456541647e-011, 2.8664150914e-011, 1.94716313386e-012, 5.72401148832e-015, 1.12412304622e-018]
    frequency_bands:
        dmean: [6.07307640621e-007, 4.34927387687e-005, 9.82836718322e-005, 0.00013178383233, 0.000138290692121, 0.000111648063466, 8.24720336823e-005, 0.000101778525277, 0.000152716645971, 8.25599563541e-005, 0.000150282110553, 9.66707739281e-005, 3.39701036864e-005, 4.34501926065e-005, 6.86316707288e-005, 0.000144270612509, 0.000181373281521, 0.000139666677569, 0.000214880128624, 0.000235161482124, 5.97077632847e-005, 2.11376809602e-005, 3.48332287103e-006, 1.92342804439e-006, 5.40061364518e-007, 1.85665669505e-008, 3.80551284929e-010, 5.38476242762e-011]
        dmean2: [8.1003008745e-007, 7.58146416047e-005, 0.000169190650922, 0.000223734023166, 0.000225639392738, 0.000180264454684, 0.000129683350679, 0.000156583831995, 0.000236286810832, 0.000127438543132, 0.000230422185268, 0.000153373272042, 5.41965164302e-005, 6.89062580932e-005, 0.000112432368041, 0.000231099809753, 0.00029838757473, 0.000230661564274, 0.000352120696334, 0.000384578364901, 9.92261557258e-005, 3.64563820767e-005, 5.63750381843e-006, 2.96704024549e-006, 8.56632254909e-007, 2.83769097109e-008, 6.23469609273e-010, 9.99466134854e-011]
        dvar: [1.20635175026e-012, 7.28213711554e-009, 2.79505680822e-008, 4.54113191495e-008, 4.06263964692e-008, 4.16357295308e-008, 3.13720924794e-008, 3.0824004682e-008, 9.13722502105e-008, 4.16352854415e-008, 1.47471936884e-007, 6.0183005246e-008, 7.41532835136e-009, 1.49713592634e-008, 1.45517979888e-008, 8.21177579269e-008, 6.59746248743e-008, 3.5754553096e-008, 6.56316885284e-008, 1.09096824019e-007, 9.19276477163e-009, 1.69215652601e-009, 3.35944570773e-011, 7.58232452519e-012, 7.57149714019e-013, 1.9279638785e-015, 4.86298137951e-019, 6.61060935126e-021]
        dvar2: [2.1958489714e-012, 2.04682528704e-008, 7.84002267551e-008, 1.21891460481e-007, 1.05252595972e-007, 1.02060859319e-007, 7.26475875013e-008, 6.63261232603e-008, 2.07064033475e-007, 9.39301756375e-008, 3.16034373782e-007, 1.28877104544e-007, 1.62265170189e-008, 3.3838823299e-008, 3.63135477244e-008, 1.90583392623e-007, 1.64093222565e-007, 9.52006544708e-008, 1.69884515344e-007, 2.82961593712e-007, 2.28798633373e-008, 4.68182603797e-009, 7.71956595869e-011, 1.7524554724e-011, 1.70039004578e-012, 4.02302999331e-015, 1.04054833604e-018, 2.11359509909e-020]
        max: [9.79035939963e-006, 0.000719918869436, 0.00194803113118, 0.00414728419855, 0.00276398379356, 0.00488572521135, 0.00462044868618, 0.004195057787, 0.00917204655707, 0.00497377105057, 0.00787595007569, 0.00685004517436, 0.00339699583128, 0.0035454723984, 0.00255553750321, 0.00595016637817, 0.00497957598418, 0.00377370859496, 0.00407585361972, 0.0064137019217, 0.00158493279014, 0.000675781047903, 9.33303672355e-005, 5.70064330532e-005, 1.68828937603e-005, 1.34948459163e-006, 1.70490714879e-008, 1.06173903003e-009]
        mean: [8.32370631088e-007, 4.99309971929e-005, 0.000114458111057, 0.000164530720212, 0.000248421652941, 0.000196283974219, 0.000149435320054, 0.000178554357262, 0.000349416630343, 0.00013361038873, 0.000308798393235, 0.00019759949646, 5.98477236053e-005, 8.03502334747e-005, 0.000141404219903, 0.000282256718492, 0.000377720280085, 0.000325222441461, 0.000535962870345, 0.000608323374763, 0.000137900133268, 3.98744632548e-005, 7.79123729444e-006, 5.14516568728e-006, 1.21849711832e-006, 3.74024651251e-008, 5.34649102768e-010, 4.20106414933e-011]
        median: [4.94679639473e-008, 2.13162948057e-005, 5.20289831911e-005, 8.46578477649e-005, 0.0001753824763, 9.11777970032e-005, 5.71376003791e-005, 8.04076698842e-005, 0.000116063929454, 4.84064221382e-005, 6.41422375338e-005, 6.40517973807e-005, 3.22808045894e-005, 3.82878497476e-005, 7.53803105908e-005, 0.000159533126862, 0.000293982651783, 0.000271637400147, 0.000475644425023, 0.000413109111832, 0.000109708460514, 2.84119851131e-005, 5.28393138666e-006, 3.37587425747e-006, 7.58808369028e-007, 1.29220882883e-008, 1.91349991407e-010, 1.41003857895e-011]
        min: [1.05088278052e-025, 4.29937200284e-024, 1.21950096085e-024, 1.64598371951e-024, 9.25804397354e-024, 1.55259485512e-023, 1.7919429846e-023, 1.58571328696e-023, 1.28919845871e-023, 1.89863389767e-023, 1.71562684513e-023, 2.79918835629e-023, 2.96137026979e-023, 4.38111826634e-023, 4.93580865175e-023, 5.20657853103e-023, 7.68774991961e-023, 1.07267500978e-022, 9.9207627068e-023, 1.69618473703e-022, 2.82316101878e-022, 3.5819548377e-022, 4.50161342484e-022, 5.66796282722e-022, 8.64460790539e-022, 1.33046508533e-021, 2.10710306414e-021, 5.66868933656e-022]
        var: [2.45585604804e-012, 6.40606767632e-009, 2.84159149544e-008, 5.62852413566e-008, 7.29934441779e-008, 1.02482957232e-007, 9.31671522153e-008, 7.99320716283e-008, 5.06360720465e-007, 9.07027057906e-008, 5.52715164304e-007, 2.79004950698e-007, 1.69319402943e-008, 4.51273365343e-008, 4.35988773972e-008, 2.27135842579e-007, 1.73767162437e-007, 9.78022995923e-008, 2.1020684926e-007, 4.45283291128e-007, 1.75040053563e-008, 1.98459670919e-009, 7.20456541647e-011, 2.8664150914e-011, 1.94716313386e-012, 5.72401148832e-015, 1.12412304622e-018, 5.18927031693e-021]
    mfcc:
        mean: [-717.187255859, 89.2134170532, -54.8566513062, 45.8688621521, -19.9322681427, -16.7986278534, 0.0288360081613, -1.84016954899, -3.47340130806, -3.87564849854, -12.2338895798, -4.55273103714, -4.14041471481]
        cov: [[6994.91064453, 686.271606445, -408.517211914, 958.81427002, -195.821258545, 198.644790649, -96.6958084106, 224.417251587, 162.708023071, 35.6540756226, -17.6522083282, 177.048446655, 66.9495620728], [686.271606445, 738.141357422, -119.857536316, 153.20350647, 118.382026672, 26.3714313507, 72.0018157959, 82.15259552, 44.3131980896, 13.9209423065, -13.0005178452, -4.60149908066, 4.32623195648], [-408.517211914, -119.857536316, 579.271606445, 192.784362793, 116.632148743, 212.864151001, 39.6715126038, 49.3259239197, 23.7262744904, 24.9792346954, 5.76078462601, -33.2248458862, 6.5872502327], [958.81427002, 153.20350647, 192.784362793, 479.330688477, 136.848434448, 196.500671387, -7.69516897202, 79.085609436, 79.9203338623, 56.9315071106, 3.4726691246, -3.60841822624, 27.4834785461], [-195.821258545, 118.382026672, 116.632148743, 136.848434448, 239.0052948, 109.077293396, 22.1562843323, -0.387863457203, 34.4091415405, 54.761302948, -20.6346893311, -49.4462356567, 17.1624641418], [198.644790649, 26.3714313507, 212.864151001, 196.500671387, 109.077293396, 247.917678833, 59.5745162964, 61.017162323, 46.1581993103, 42.370349884, 12.6288032532, -34.338809967, 24.3974685669], [-96.6958084106, 72.0018157959, 39.6715126038, -7.69516897202, 22.1562843323, 59.5745162964, 144.121566772, 82.24243927, 15.8842067719, -5.19196653366, 19.8690128326, 6.35131216049, -6.4341583252], [224.417251587, 82.15259552, 49.3259239197, 79.085609436, -0.387863457203, 61.017162323, 82.24243927, 178.202865601, 54.4848594666, 0.00504233781248, 52.4956741333, 28.6025600433, -12.2543258667], [162.708023071, 44.3131980896, 23.7262744904, 79.9203338623, 34.4091415405, 46.1581993103, 15.8842067719, 54.4848594666, 104.212738037, 47.5713615417, 21.3599739075, -0.046672847122, 9.21650981903], [35.6540756226, 13.9209423065, 24.9792346954, 56.9315071106, 54.761302948, 42.370349884, -5.19196653366, 0.00504233781248, 47.5713615417, 109.737388611, 16.8800563812, -20.5091838837, 8.22550964355], [-17.6522083282, -13.0005178452, 5.76078462601, 3.4726691246, -20.6346893311, 12.6288032532, 19.8690128326, 52.4956741333, 21.3599739075, 16.8800563812, 99.236946106, 44.4342422485, -8.3339881897], [177.048446655, -4.60149908066, -33.2248458862, -3.60841822624, -49.4462356567, -34.338809967, 6.35131216049, 28.6025600433, -0.046672847122, -20.5091838837, 44.4342422485, 115.057594299, 26.9423503876], [66.9495620728, 4.32623195648, 6.5872502327, 27.4834785461, 17.1624641418, 24.3974685669, -6.4341583252, -12.2543258667, 9.21650981903, 8.22550964355, -8.3339881897, 26.9423503876, 98.8872756958]]
        icov: [[0.000371901260223, -0.00019887824601, 0.000486242992338, -0.00088909099577, 0.00083598785568, -0.000467933219625, 0.000263300084043, -0.000148751292727, -1.46587381096e-005, -0.00015586023801, 0.00057086464949, -0.000506970274728, 0.000141249707667], [-0.00019887824601, 0.00208784849383, 0.000541300396435, -0.000359902100172, -0.00150812172797, 0.000844578258693, -0.00116976420395, -0.000560410844628, 3.04948753183e-005, 0.000286526104901, 9.31262184167e-005, 0.000382804486435, -0.000108040541818], [0.000486242992338, 0.000541300396435, 0.00356475985609, -0.00165334693156, 0.000252856843872, -0.00253588659689, 0.000229030658375, -0.00060644216137, 0.000478248810396, 0.000157064831001, 0.00090277439449, -0.000721371208783, 0.000605672306847], [-0.00088909099577, -0.000359902100172, -0.00165334693156, 0.00677669141442, -0.00285617518239, -0.00214814255014, 0.00261955219321, -0.00131440360565, -0.00107775081415, -0.000114518879855, 8.07487740531e-005, -0.000692498870194, 0.000183102878509], [0.00083598785568, -0.00150812172797, 0.000252856843872, -0.00285617518239, 0.00905099418014, -0.00214164378121, -0.000483284617076, 0.00130703661125, -0.000459086179035, -0.00230656121857, 0.00179333472624, 0.000580477062613, -0.000407351384638], [-0.000467933219625, 0.000844578258693, -0.00253588659689, -0.00214814255014, -0.00214164378121, 0.0113459331915, -0.00441826088354, -5.4712571e-005, -2.38849515881e-005, -0.000239939210587, -0.00296372827142, 0.00451294053346, -0.00313318893313], [0.000263300084043, -0.00116976420395, 0.000229030658375, 0.00261955219321, -0.000483284617076, -0.00441826088354, 0.0127699663863, -0.00564465438947, 0.000638936820906, 0.000292240350973, 0.00140173651744, -0.00184845656622, 0.000972847803496], [-0.000148751292727, -0.000560410844628, -0.00060644216137, -0.00131440360565, 0.00130703661125, -5.4712571e-005, -0.00564465438947, 0.0123230703175, -0.00482157152146, 0.00256877904758, -0.00417974963784, -0.000496559485327, 0.0014961551642], [-1.46587381096e-005, 3.04948753183e-005, 0.000478248810396, -0.00107775081415, -0.000459086179035, -2.38849515881e-005, 0.000638936820906, -0.00482157152146, 0.0157886315137, -0.00586245255545, -0.000407610001275, 0.000523083959706, -0.00135484966449], [-0.00015586023801, 0.000286526104901, 0.000157064831001, -0.000114518879855, -0.00230656121857, -0.000239939210587, 0.000292240350973, 0.00256877904758, -0.00586245255545, 0.0142844617367, -0.00448500877246, 0.00307287531905, -0.000945794221479], [0.00057086464949, 9.31262184167e-005, 0.00090277439449, 8.07487740531e-005, 0.00179333472624, -0.00296372827142, 0.00140173651744, -0.00417974963784, -0.000407610001275, -0.00448500877246, 0.0176657401025, -0.00824408512563, 0.00366608984768], [-0.000506970274728, 0.000382804486435, -0.000721371208783, -0.000692498870194, 0.000580477062613, 0.00451294053346, -0.00184845656622, -0.000496559485327, 0.000523083959706, 0.00307287531905, -0.00824408512563, 0.0162767991424, -0.00626282673329], [0.000141249707667, -0.000108040541818, 0.000605672306847, 0.000183102878509, -0.000407351384638, -0.00313318893313, 0.000972847803496, 0.0014961551642, -0.00135484966449, -0.000945794221479, 0.00366608984768, -0.00626282673329, 0.013243066147]]
    sccoeffs:
        dmean: [0.0525398217142, 0.0460329055786, 0.0382708385587, 0.0293029826134, 0.0206549651921, 0.0161017011851]
        dmean2: [0.08545204252, 0.0756596252322, 0.062225881964, 0.0485302209854, 0.0341848321259, 0.0266226753592]
        dvar: [0.00179290026426, 0.00133185344748, 0.000946469954215, 0.000538857420906, 0.000277306884527, 0.000189951620996]
        dvar2: [0.00453037768602, 0.00354103720747, 0.00246081850491, 0.00144016381819, 0.000743113225326, 0.000501560163684]
        max: [-0.30330619216, -0.409540563822, -0.407642990351, -0.507852494717, -0.616492331028, -0.583277225494]
        mean: [-0.668895840645, -0.744380176067, -0.750190079212, -0.780286729336, -0.779134273529, -0.750245034695]
        median: [-0.674745678902, -0.753629684448, -0.7627581954, -0.786138892174, -0.783238172531, -0.747007489204]
        min: [-0.978320240974, -0.978514671326, -0.977141916752, -0.981574356556, -0.969383656979, -0.96401822567]
        var: [0.00656534638256, 0.00613789027557, 0.00675443466753, 0.00257303984836, 0.0014509052271, 0.00135713571217]
    scvalleys:
        dmean: [0.412981063128, 0.344738423824, 0.289402246475, 0.260154515505, 0.208484262228, 0.227997228503]
        dmean2: [0.666946649551, 0.564635157585, 0.47083696723, 0.403091460466, 0.309053510427, 0.339748114347]
        dvar: [0.14630240202, 0.0960044562817, 0.0764788091183, 0.0762842297554, 0.0732897818089, 0.0920380428433]
        dvar2: [0.311598062515, 0.215132623911, 0.15765184164, 0.135154306889, 0.118471205235, 0.174170956016]
        max: [-5.29570102692, -5.11824274063, -5.39679336548, -5.64681339264, -5.51023721695, -8.19663333893]
        mean: [-7.54645109177, -6.90336751938, -7.11039161682, -7.48733663559, -7.05857038498, -9.85743045807]
        median: [-6.92615461349, -6.52928352356, -6.76012611389, -7.05079936981, -6.56637573242, -9.52223205566]
        min: [-27.8248329163, -27.8515644073, -27.8826694489, -27.7701683044, -27.5387439728, -27.41248703]
        var: [3.63726258278, 2.60336184502, 2.47812724113, 2.43328738213, 2.66123437881, 2.68343520164]

rhythm:
    beats_loudness:
        dmean: 0.00237849587575
        dmean2: 0.00423518195748
        dvar: 3.91646881326e-006
        dvar2: 1.23168192658e-005
        max: 0.0135545246303
        mean: 0.00556437857449
        median: 0.00566384103149
        min: 4.97482674962e-039
        var: 9.36007745622e-006
    bpm: 119.573310852
    bpm_confidence: 0
    first_peak_bpm: 120
    first_peak_spread: 0.410256385803
    first_peak_weight: 0.554824590683
    onset_rate: 2.25107455254
    second_peak_bpm: 115
    second_peak_spread: 0.368421077728
    second_peak_weight: 0.0263157896698
    beats_loudness_band_ratio:
        dmean: [0.0884063467383, 0.0658464357257, 0.0870010778308, 0.0909289494157, 0.0914862602949, 0.110021956265]
        dmean2: [0.15418253839, 0.115929856896, 0.148164659739, 0.155571773648, 0.151294410229, 0.195302709937]
        dvar: [0.00975469127297, 0.00490404013544, 0.00812192633748, 0.0149090876803, 0.00590372411534, 0.00828461255878]
        dvar2: [0.023142201826, 0.0145319364965, 0.0204777065665, 0.0391118265688, 0.0168618895113, 0.0240757223219]
        max: [0.830876588821, 0.699510574341, 0.855762183666, 0.889103889465, 0.724342763424, 0.697141289711]
        mean: [0.107125014067, 0.0886595100164, 0.132960706949, 0.149355337024, 0.255542635918, 0.290549337864]
        median: [0.0816857814789, 0.0709040090442, 0.102772623301, 0.0789680182934, 0.253341853619, 0.288763850927]
        min: [0, 0, 0, 0, 0, 0]
        var: [0.0122773088515, 0.00611061742529, 0.0126840146258, 0.0275520049036, 0.0128513406962, 0.0148526942357]
    beats_position: [0.522448956966, 1.04489791393, 1.5673469305, 2.07818579674, 2.58902478218, 3.11147379875, 3.64553284645, 4.20281171799, 4.82975053787, 5.45668935776, 6.01396799088, 6.57124710083, 7.11691617966, 7.66258478165, 8.19664382935, 8.70748329163, 9.21832180023, 9.72916126251, 10.2399997711, 10.7392292023, 11.2268476486, 11.7260770798, 12.2136955261, 12.7129249573, 13.2121543884, 13.722992897, 14.2338323593, 14.7446708679, 15.2322902679, 15.7431287766, 16.242357254, 16.7415866852, 17.2408161163, 17.7400455475, 18.2392749786, 18.7385025024, 19.2261219025, 19.7369613647, 20.247800827, 20.758638382, 21.2694778442, 21.8035373688, 22.3375968933, 22.8716545105, 23.3941040039, 23.9281635284, 24.4622211456, 24.984670639, 25.4955101013, 25.9947395325, 26.4939670563, 27.0048065186, 27.5040359497, 28.0032653809, 28.5024929047, 29.0017223358, 29.500951767, 30.0117912292, 30.5110206604, 31.0102481842, 31.5094776154, 32.0203170776, 32.5311546326, 33.0419960022, 33.5528335571, 34.0752830505, 34.5977325439, 35.1201820374, 35.6426315308, 36.1534690857, 36.6643066406, 37.1751480103, 37.6859855652, 38.1968231201, 38.7076644897, 39.2185020447, 39.7409515381, 40.2634010315, 40.7742385864, 41.2850799561, 41.795917511, 42.2951469421, 42.7943763733, 43.2936058044, 43.7928352356, 44.2920608521, 44.7912902832, 45.3021316528, 45.8129692078, 46.3121986389, 46.8114280701, 47.3106575012, 47.8098869324, 48.3091163635, 48.80834198, 49.2959632874, 49.8068008423, 50.3176422119, 50.8168716431, 51.3160972595, 51.8153266907, 52.3145561218, 52.8253974915, 53.3362350464, 53.8354644775, 54.3346939087, 54.8339233398, 55.333152771, 55.8207702637, 56.3083877563, 56.819229126, 57.3184585571, 57.8176841736, 58.3285255432, 58.8393630981, 59.3385925293, 59.8378219604, 60.3486595154, 60.859500885, 61.3471183777, 61.8463478088, 62.3571853638, 62.8564147949, 63.3440361023, 63.8432655334, 64.3541030884, 64.8533325195, 65.3525619507, 65.8517913818, 66.3626327515, 66.8618545532, 67.3610839844, 67.871925354, 68.3711547852, 68.8703842163, 69.358001709, 69.8572311401, 70.3564605713, 70.8673019409, 71.3781356812, 71.8773651123, 72.3765945435, 72.8874359131, 73.3982772827, 73.9091110229, 74.4083404541, 74.8959655762, 75.3835830688, 75.8828125, 76.3936462402, 76.9044876099, 77.4153289795, 77.9145584106, 78.4253921509, 78.924621582, 79.4122467041, 79.9114761353, 80.410697937, 80.9099273682, 81.4091567993, 81.9083862305, 82.4192276001, 82.9300689697, 83.4292984009, 83.928527832, 84.4277572632, 84.9269790649, 85.414604187, 85.9022216797, 86.4014511108, 86.9122848511, 87.4231262207, 87.9223556519, 88.421585083, 88.9324264526, 89.4316558838, 89.9308853149, 90.4417190552, 90.9409484863, 91.4401779175, 91.9510192871, 92.4502487183, 92.9494781494, 93.4487075806, 93.9479370117, 94.4471664429, 94.946395874, 95.4340133667, 95.9448471069, 96.4440765381, 96.9433059692, 97.4425354004, 97.9417648315, 98.4409942627, 98.9402236938, 99.439453125, 99.9386825562, 100.449523926, 100.948753357, 101.459587097, 101.958816528, 102.458045959, 102.957275391, 103.456504822, 103.955734253, 104.466575623, 104.954193115, 105.453422546, 105.964263916, 106.463493347, 106.974327087, 107.473556519, 107.97278595, 108.472015381, 108.971244812, 109.482086182, 109.981315613, 110.480545044, 110.979774475, 111.479003906, 111.978225708, 112.489067078, 112.988296509, 113.48752594, 113.986755371, 114.485984802, 114.985214233, 115.484443665, 115.983673096, 116.494506836, 117.005348206, 117.516189575, 118.003807068, 118.514648438, 119.00226593, 119.501495361, 120.000724792, 120.499954224, 120.999183655, 121.498413086, 121.997642517, 122.508476257, 123.007705688, 123.50693512, 124.017776489, 124.528617859, 125.02784729, 125.527069092, 126.026298523, 126.525527954, 127.024757385, 127.523986816, 128.023223877, 128.522445679, 129.033279419, 129.520904541, 130.020126343, 130.519363403, 131.006988525, 131.517822266, 132.028656006, 132.539505005, 133.038726807, 133.537963867, 134.037185669, 134.536407471, 135.035644531, 135.534866333, 136.045715332, 136.556549072, 137.055786133, 137.555007935, 138.042633057, 138.553466797, 139.052688599, 139.551925659, 140.051147461, 140.56199646, 141.061218262, 141.572067261, 142.082901001, 142.582122803, 143.069747925, 143.568969727, 144.068206787, 144.567428589, 145.078277588, 145.589111328, 146.099945068, 146.610794067, 147.110015869, 147.597640991, 148.096862793, 148.596099854, 149.095321655, 149.582946777, 150.082168579, 150.593017578, 151.103851318, 151.603088379, 152.102310181, 152.601531982, 153.100769043, 153.599990845, 154.110839844, 154.610061646, 155.109298706, 155.596908569, 156.09614563, 156.595367432, 157.106216431, 157.605438232, 158.116271973, 158.615509033, 159.114730835, 159.613967896, 160.124801636, 160.635650635, 161.134872437, 161.634094238, 162.144943237, 162.655776978, 163.155014038, 163.642623901, 164.130249023, 164.629470825, 165.128707886, 165.627929688, 166.138778687, 166.638000488, 167.137237549, 167.636459351, 168.135681152, 168.646530151, 169.145751953, 169.644989014, 170.155822754, 170.666656494, 171.154281616, 171.653518677, 172.152740479, 172.65196228, 173.151199341, 173.650421143, 174.149658203, 174.648880005, 175.148117065, 175.647338867, 176.146575928, 176.645797729, 177.156646729, 177.65586853, 178.155105591, 178.654327393, 179.165161133, 179.676010132, 180.186843872, 180.686080933, 181.196914673, 181.696136475, 182.195373535, 182.694595337, 183.205444336, 183.704666138, 184.203903198, 184.703125, 185.202362061, 185.713195801, 186.212417603, 186.711654663, 187.210876465, 187.710113525, 188.18611145, 188.685348511, 189.184570313, 189.683807373, 190.194641113, 190.705490112, 191.216323853, 191.703948975, 192.203170776, 192.702392578, 193.201629639, 193.70085144, 194.188476563, 194.699310303, 195.210159302, 195.709381104, 196.220230103, 196.719451904, 197.218673706, 197.717910767, 198.228744507, 198.739593506, 199.238815308, 199.738052368, 200.23727417, 200.73651123, 201.224121094, 201.723358154, 202.222579956, 202.710205078, 203.20942688, 203.720275879, 204.219497681, 204.718719482, 205.229568481, 205.728790283, 206.239639282, 206.738861084, 207.249694824, 207.748931885, 208.259765625, 208.759002686, 209.258224487, 209.745849609, 210.245071411, 210.744308472, 211.255142212, 211.777587891, 212.28843689, 212.787658691, 213.286895752, 213.786117554, 214.285354614, 214.784576416, 215.272201538, 215.759811401, 216.259048462, 216.758270264, 217.257507324, 217.756729126, 218.267562866, 218.778411865, 219.277633667, 219.776870728, 220.264480591, 220.77532959, 221.274551392, 221.773788452, 222.284622192, 222.795455933, 223.294692993, 223.805526733, 224.316360474, 224.815597534, 225.314819336, 225.814056396, 226.313278198, 226.812515259, 227.300125122, 227.787750244, 228.286987305, 228.797821045, 229.308654785, 229.819503784, 230.330337524]
