
metadata:
    version:
        essentia: "2.1-beta2"
    audio_properties:
        analysis_sample_rate: 44100
        bitrate: 174
        channels: 2
        equal_loudness: 1
        length: 213.159179688
        replay_gain: -14.2566356659
        downmix: "mix"
    tags:
        album: "Lueurs"
        artist: "Kells"
        comment: " "
        date: "2009"
        genre: "Alternative"
        title: "In Utero"
        tracknumber: "5"

configuration:
    average_loudness:
        compute: 1
        frameSize: 88200
        hopSize: 44100
        silentFrames: "noise"
        windowType: "hann"
    general:
        analysisSampleRate: 44100
        endTime: 2000
        equalLoudness: 1
        nequalLoudness: 0
        shortSound: 0
        startTime: 0
    lowlevel:
        compute: 1
        frameSize: 2048
        hopSize: 1024
        zeroPadding: 0
        silentFrames: "noise"
        windowType: "blackmanharris62"
        mfccStats: ["mean", "cov", "icov"]
        stats: ["mean", "var", "median", "min", "max", "dmean", "dmean2", "dvar", "dvar2"]
    panning:
        compute: 0
        frameSize: 8192
        hopSize: 2048
        zeroPadding: 8192
        silentFrames: "noise"
        windowType: "hann"
        stats: ["copy"]
    rhythm:
        compute: 1
        maxTempo: 208
        minTempo: 40
        method: "degara"
        stats: ["mean", "var", "median", "min", "max", "dmean", "dmean2", "dvar", "dvar2"]
    segmentation:
        compute: 0
        cpw: 5
        inc1: 300
        inc2: 50
        minimumSegmentsLength: 10
        size1: 1000
        size2: 600
    sfx:
        compute: 1
        stats: ["mean", "var", "median", "min", "max", "dmean", "dmean2", "dvar", "dvar2"]
    svm:
        compute: 0
    tonal:
        compute: 1
        frameSize: 4096
        hopSize: 2048
        zeroPadding: 0
        silentFrames: "noise"
        windowType: "blackmanharris62"
        stats: ["mean", "var", "median", "min", "max", "dmean", "dmean2", "dvar", "dvar2"]

lowlevel:
    average_loudness: 0.509114682674
    barkbands_kurtosis:
        dmean: 3.37072467804
        dmean2: 5.46029615402
        dvar: 288.941558838
        dvar2: 772.06817627
        max: 597.76171875
        mean: 3.64606881142
        median: -0.628156960011
        min: -1.88495481014
        var: 465.059143066
    barkbands_skewness:
        dmean: 0.431785315275
        dmean2: 0.68097692728
        dvar: 0.466675281525
        dvar2: 1.16248691082
        max: 18.0903186798
        mean: 0.185224160552
        median: -0.186742633581
        min: -2.88195681572
        var: 2.68300175667
    barkbands_spread:
        dmean: 4.55792045593
        dmean2: 7.1621465683
        dvar: 24.1782207489
        dvar2: 56.7168312073
        max: 77.6720352173
        mean: 28.4389324188
        median: 29.8406066895
        min: 0.0938428193331
        var: 200.21282959
    dissonance:
        dmean: 0.0173794850707
        dmean2: 0.0295016970485
        dvar: 0.000567640759982
        dvar2: 0.00161024380941
        max: 0.500000059605
        mean: 0.466525912285
        median: 0.480238348246
        min: 0.182808414102
        var: 0.00151076714974
    hfc:
        dmean: 1.54046297073
        dmean2: 2.38707971573
        dvar: 6.63201856613
        dvar2: 14.6714525223
        max: 50.0504989624
        mean: 7.68909311295
        median: 6.8368935585
        min: 1.1713449221e-016
        var: 62.3571510315
    pitch:
        dmean: 575.240844727
        dmean2: 1103.01623535
        dvar: 1297312
        dvar2: 3258850.5
        max: 4780.88476563
        mean: 1368.60375977
        median: 420.95223999
        min: 43.0499000549
        var: 2464687
    pitch_instantaneous_confidence:
        dmean: 0.0772821158171
        dmean2: 0.12445050478
        dvar: 0.00484928162768
        dvar2: 0.0120287435129
        max: 0.977917432785
        mean: 0.463970988989
        median: 0.430328547955
        min: 0.102782070637
        var: 0.0277970340103
    pitch_salience:
        dmean: 0.0547344759107
        dmean2: 0.0887215137482
        dvar: 0.00301646231674
        dvar2: 0.00752177508548
        max: 0.988259851933
        mean: 0.605773985386
        median: 0.638110339642
        min: 0.0559042990208
        var: 0.0184547435492
    silence_rate_20dB:
        dmean: 0
        dmean2: 0
        dvar: 0
        dvar2: 0
        max: 1
        mean: 1
        median: 1
        min: 1
        var: 0
    silence_rate_30dB:
        dmean: 0
        dmean2: 0
        dvar: 0
        dvar2: 0
        max: 1
        mean: 1
        median: 1
        min: 1
        var: 0
    silence_rate_60dB:
        dmean: 0.0326797403395
        dmean2: 0.0653665959835
        dvar: 0.0316119492054
        dvar2: 0.0689372941852
        max: 1
        mean: 0.475002735853
        median: 0
        min: 0
        var: 0.249369159341
    spectral_centroid:
        dmean: 194.497085571
        dmean2: 307.191375732
        dvar: 51222.7421875
        dvar2: 114982.40625
        max: 11329.2363281
        mean: 1734.38525391
        median: 1912.16503906
        min: 88.6124649048
        var: 683101.4375
    spectral_complexity:
        dmean: 2.48692798615
        dmean2: 3.99237394333
        dvar: 11.771320343
        dvar2: 26.4977779388
        max: 47
        mean: 12.646443367
        median: 12
        min: 0
        var: 111.440101624
    spectral_crest:
        dmean: 1.90031766891
        dmean2: 3.09372591972
        dvar: 3.58613228798
        dvar2: 9.06736469269
        max: 26.3367156982
        mean: 8.54117393494
        median: 7.11402177811
        min: 2.26744699478
        var: 19.1043739319
    spectral_decrease:
        dmean: 1.51238327417e-010
        dmean2: 2.33881081169e-010
        dvar: 6.70356151077e-020
        dvar2: 1.52116459622e-019
        max: -1.66526962043e-030
        mean: -7.53754780813e-010
        median: -7.2304495724e-010
        min: -3.42823680555e-009
        var: 4.48943643766e-019
    spectral_energy:
        dmean: 0.000688624626491
        dmean2: 0.00106225151103
        dvar: 1.37965014346e-006
        dvar2: 3.09416668642e-006
        max: 0.0169718265533
        mean: 0.00354226189665
        median: 0.00337735144421
        min: 1.07914822819e-020
        var: 1.02798885564e-005
    spectral_energyband_high:
        dmean: 0.000137063747388
        dmean2: 0.000221194000915
        dvar: 7.67574093175e-008
        dvar2: 1.86377235423e-007
        max: 0.00620738323778
        mean: 0.000423422403401
        median: 0.000283865374513
        min: 7.87318019508e-021
        var: 3.60552718348e-007
    spectral_energyband_low:
        dmean: 0.000136991671752
        dmean2: 0.000232608479564
        dvar: 7.37543857099e-008
        dvar2: 2.06760745414e-007
        max: 0.00378289376386
        mean: 0.0002258677996
        median: 0.00011679547606
        min: 2.81085813343e-023
        var: 9.34379187356e-008
    spectral_energyband_middle_high:
        dmean: 0.000441869633505
        dmean2: 0.000680372933857
        dvar: 4.57989244751e-007
        dvar2: 1.04086620922e-006
        max: 0.0135034285486
        mean: 0.00212250044569
        median: 0.00177767174318
        min: 1.51994528433e-021
        var: 4.82759560327e-006
    spectral_energyband_middle_low:
        dmean: 0.000308056856738
        dmean2: 0.000484407122713
        dvar: 3.96539064695e-007
        dvar2: 9.18633986657e-007
        max: 0.00984361022711
        mean: 0.000847968214657
        median: 0.000613652751781
        min: 3.88823532219e-022
        var: 9.35500167998e-007
    spectral_flatness_db:
        dmean: 0.0160063430667
        dmean2: 0.0249074306339
        dvar: 0.00047190891928
        dvar2: 0.00100088387262
        max: 0.710858285427
        mean: 0.180428639054
        median: 0.151576429605
        min: 0.0425575450063
        var: 0.00924823712558
    spectral_flux:
        dmean: 0.00521201360971
        dmean2: 0.00807108357549
        dvar: 5.95269375481e-005
        dvar2: 0.000134672794957
        max: 0.122417397797
        mean: 0.0296153370291
        median: 0.0321046598256
        min: 6.86237663916e-011
        var: 0.000460037234006
    spectral_kurtosis:
        dmean: 3.41736793518
        dmean2: 5.51388454437
        dvar: 188.56842041
        dvar2: 408.853485107
        max: 385.290313721
        mean: 9.22463321686
        median: 2.79168581963
        min: -1.62161815166
        var: 717.908508301
    spectral_rms:
        dmean: 0.00016024899378
        dmean2: 0.000244261173066
        dvar: 5.00105130641e-008
        dvar2: 1.08947254773e-007
        max: 0.00406913738698
        mean: 0.00159166613594
        median: 0.00181520718616
        min: 3.24473043919e-012
        var: 9.22462163544e-007
    spectral_rolloff:
        dmean: 241.967788696
        dmean2: 405.295684814
        dvar: 204160.828125
        dvar2: 466922.6875
        max: 19035.3515625
        mean: 3059.38769531
        median: 3703.7109375
        min: 107.666015625
        var: 1953636.75
    spectral_skewness:
        dmean: 0.251386523247
        dmean2: 0.399561494589
        dvar: 0.328762978315
        dvar2: 0.68471211195
        max: 16.4244556427
        mean: 1.71893823147
        median: 1.18160915375
        min: -0.211191892624
        var: 3.10008525848
    spectral_spread:
        dmean: 395918.5625
        dmean2: 612122.5625
        dvar: 375141498880
        dvar2: 715970183168
        max: 42520064
        mean: 4544832.5
        median: 4221495.5
        min: 275197.8125
        var: 4.22393859277e+012
    spectral_strongpeak:
        dmean: 0.446762561798
        dmean2: 0.758504390717
        dvar: 0.617039501667
        dvar2: 1.60363125801
        max: 12.0613231659
        mean: 0.930585682392
        median: 0.291419774294
        min: 2.1941366779e-010
        var: 1.62623775005
    zerocrossingrate:
        dmean: 0.00620856508613
        dmean2: 0.0075334366411
        dvar: 4.95878703077e-005
        dvar2: 5.57494713576e-005
        max: 0.4951171875
        mean: 0.0959511771798
        median: 0.107421875
        min: 0.00390625
        var: 0.00168502412271
    barkbands:
        dmean: [4.41596284873e-007, 3.45545995515e-005, 7.89470068412e-005, 8.6297703092e-005, 0.000154516412294, 5.55580481887e-005, 6.93207184668e-005, 4.90210513817e-005, 6.37262637611e-005, 2.45263709076e-005, 4.97995133628e-005, 9.55429277383e-005, 1.5550862372e-005, 3.28564674419e-005, 3.94220478483e-005, 0.000102214318758, 0.000115513772471, 0.00010084034875, 0.000176669491339, 0.000199174857698, 5.9607969888e-005, 1.33850107886e-005, 3.00295323541e-006, 1.47435991948e-006, 5.49254252746e-007, 1.87077109359e-008, 2.44777531577e-010]
        dmean2: [5.51006507976e-007, 5.88133116253e-005, 0.000135646347189, 0.000143306824611, 0.00024672865402, 9.28158915485e-005, 0.000118906413263, 7.91861748439e-005, 9.7078642284e-005, 3.87198087992e-005, 7.35172216082e-005, 0.000146491947817, 2.52427507803e-005, 5.34147802682e-005, 6.50690999464e-005, 0.000167027814314, 0.000191236162209, 0.000167888574651, 0.000292648881441, 0.000323658634443, 9.72870911937e-005, 2.19707781071e-005, 4.72766896564e-006, 2.29468719226e-006, 8.29867815355e-007, 2.84092518399e-008, 4.20972590121e-010]
        dvar: [1.26671091151e-012, 5.97856875117e-009, 2.62053561073e-008, 2.49795384377e-008, 1.15233859788e-007, 1.37742093287e-008, 4.17424530497e-008, 1.56155728348e-008, 3.48318209831e-008, 5.37919175869e-009, 3.80587721338e-008, 8.91994957897e-008, 1.62080415755e-009, 6.14753359329e-009, 1.02145332193e-008, 4.03936262217e-008, 5.20821537009e-008, 3.12160644e-008, 9.30683015099e-008, 1.15871074513e-007, 2.02892636025e-008, 6.88790302572e-010, 5.78368221371e-011, 6.37812328994e-012, 1.53590855312e-012, 7.08370816228e-015, 3.74327661514e-019]
        dvar2: [2.04734840192e-012, 1.68118923227e-008, 7.37270298146e-008, 6.69803981168e-008, 2.64160291863e-007, 3.47748105867e-008, 1.15147933855e-007, 4.01380191306e-008, 7.80789619625e-008, 1.22853149875e-008, 8.08975570976e-008, 2.03418593969e-007, 3.10280712235e-009, 1.32080204551e-008, 2.30414975988e-008, 9.88861899032e-008, 1.304936319e-007, 8.09757594311e-008, 2.36349308125e-007, 2.79843675344e-007, 4.43944010442e-008, 1.64954461201e-009, 1.26985727489e-010, 1.4447786717e-011, 3.26734386075e-012, 1.56308427708e-014, 9.00396746714e-019]
        max: [1.23011996038e-005, 0.000997682567686, 0.00308185815811, 0.00205165892839, 0.00718151498586, 0.00441747624427, 0.00289032189175, 0.00484361732379, 0.0081449970603, 0.00569502543658, 0.00563257467002, 0.00735263479874, 0.00321930670179, 0.00404278282076, 0.0059883412905, 0.00743740657344, 0.00635762605816, 0.00458624912426, 0.00739913107827, 0.0073985462077, 0.00466127786785, 0.000398188945837, 0.000359006517101, 6.38252386125e-005, 4.20548931288e-005, 4.69110864287e-006, 1.58035646791e-008]
        mean: [6.22464199296e-007, 5.22875125171e-005, 0.000112410853035, 0.000125533435494, 0.000274807272945, 9.97288952931e-005, 9.1310699645e-005, 8.48323470564e-005, 0.000159948831424, 4.84295669594e-005, 0.000103240046883, 0.000270496559097, 2.95744139294e-005, 6.08112677583e-005, 7.73012216086e-005, 0.000241747824475, 0.000265293521807, 0.000243192916969, 0.000456782378023, 0.000547745381482, 0.000150109510287, 3.32392846758e-005, 6.98028588886e-006, 4.48550326837e-006, 1.31841557049e-006, 3.27439693137e-008, 3.04677894025e-010]
        median: [3.70634722913e-008, 1.93385203602e-005, 5.04805684614e-005, 5.13684062753e-005, 0.000145381636685, 5.24536371813e-005, 3.83636324841e-005, 3.83949918614e-005, 4.74609441881e-005, 1.68061851582e-005, 1.85541139217e-005, 2.908541137e-005, 1.46423381011e-005, 3.27358575305e-005, 4.38202587247e-005, 0.000134645000799, 0.000141961136251, 0.000160580442753, 0.000349301582901, 0.000365305342712, 9.75718430709e-005, 2.33668561123e-005, 3.81292738894e-006, 2.59502439803e-006, 5.52721928671e-007, 6.91292267874e-009, 9.04093258591e-011]
        min: [8.98303680679e-024, 2.19399478019e-023, 2.84531005574e-024, 2.94284757908e-024, 2.28627320452e-023, 7.17307813238e-023, 5.17787472259e-023, 1.60335773882e-023, 1.39449491814e-022, 3.65357867473e-023, 8.42007663474e-023, 7.13490609981e-023, 8.99619689996e-023, 8.89868864336e-023, 1.16109142356e-022, 1.06283255004e-022, 1.29093641395e-022, 3.04113174348e-022, 2.24680636722e-022, 2.46678673085e-022, 3.06361592011e-022, 5.94309378203e-022, 6.59295057999e-022, 1.08286938984e-021, 1.28772684816e-021, 1.33859290225e-021, 2.20120859131e-021]
        var: [2.6724217457e-012, 6.7767360612e-009, 2.88475394683e-008, 3.59707428288e-008, 1.89868998746e-007, 3.60584273551e-008, 3.71987205483e-008, 2.81753802511e-008, 1.96867858904e-007, 2.63720494331e-008, 1.28761172391e-007, 6.43798557576e-007, 6.32743191176e-009, 1.42284273252e-008, 2.35083454925e-008, 1.30137792098e-007, 1.66206305607e-007, 1.06823399904e-007, 2.98208647109e-007, 5.5907537444e-007, 5.48737446593e-008, 1.65930202911e-009, 1.52512058538e-010, 3.23664463286e-011, 5.45752375583e-012, 1.38164372114e-014, 5.81510452167e-019]
    frequency_bands:
        dmean: [4.41596284873e-007, 3.45545995515e-005, 7.89470068412e-005, 8.6297703092e-005, 0.000154516412294, 5.55580481887e-005, 6.93207184668e-005, 4.90210513817e-005, 6.37262637611e-005, 2.45263709076e-005, 4.97995133628e-005, 9.55429277383e-005, 1.5550862372e-005, 3.28564674419e-005, 3.94220478483e-005, 0.000102214318758, 0.000115513772471, 0.00010084034875, 0.000176669491339, 0.000199174857698, 5.9607969888e-005, 1.33850107886e-005, 3.00295323541e-006, 1.47435991948e-006, 5.49254252746e-007, 1.87077109359e-008, 2.44777531577e-010, 4.03774583213e-011]
        dmean2: [5.51006507976e-007, 5.88133116253e-005, 0.000135646347189, 0.000143306824611, 0.00024672865402, 9.28158915485e-005, 0.000118906413263, 7.91861748439e-005, 9.7078642284e-005, 3.87198087992e-005, 7.35172216082e-005, 0.000146491947817, 2.52427507803e-005, 5.34147802682e-005, 6.50690999464e-005, 0.000167027814314, 0.000191236162209, 0.000167888574651, 0.000292648881441, 0.000323658634443, 9.72870911937e-005, 2.19707781071e-005, 4.72766896564e-006, 2.29468719226e-006, 8.29867815355e-007, 2.84092518399e-008, 4.20972590121e-010, 7.50823708762e-011]
        dvar: [1.26671091151e-012, 5.97856875117e-009, 2.62053561073e-008, 2.49795384377e-008, 1.15233859788e-007, 1.37742093287e-008, 4.17424530497e-008, 1.56155728348e-008, 3.48318209831e-008, 5.37919175869e-009, 3.80587721338e-008, 8.91994957897e-008, 1.62080415755e-009, 6.14753359329e-009, 1.02145332193e-008, 4.03936262217e-008, 5.20821537009e-008, 3.12160644e-008, 9.30683015099e-008, 1.15871074513e-007, 2.02892636025e-008, 6.88790302572e-010, 5.78368221371e-011, 6.37812328994e-012, 1.53590855312e-012, 7.08370816228e-015, 3.74327661514e-019, 5.43883369657e-021]
        dvar2: [2.04734840192e-012, 1.68118923227e-008, 7.37270298146e-008, 6.69803981168e-008, 2.64160291863e-007, 3.47748105867e-008, 1.15147933855e-007, 4.01380191306e-008, 7.80789619625e-008, 1.22853149875e-008, 8.08975570976e-008, 2.03418593969e-007, 3.10280712235e-009, 1.32080204551e-008, 2.30414975988e-008, 9.88861899032e-008, 1.304936319e-007, 8.09757594311e-008, 2.36349308125e-007, 2.79843675344e-007, 4.43944010442e-008, 1.64954461201e-009, 1.26985727489e-010, 1.4447786717e-011, 3.26734386075e-012, 1.56308427708e-014, 9.00396746714e-019, 1.75156593307e-020]
        max: [1.23011996038e-005, 0.000997682567686, 0.00308185815811, 0.00205165892839, 0.00718151498586, 0.00441747624427, 0.00289032189175, 0.00484361732379, 0.0081449970603, 0.00569502543658, 0.00563257467002, 0.00735263479874, 0.00321930670179, 0.00404278282076, 0.0059883412905, 0.00743740657344, 0.00635762605816, 0.00458624912426, 0.00739913107827, 0.0073985462077, 0.00466127786785, 0.000398188945837, 0.000359006517101, 6.38252386125e-005, 4.20548931288e-005, 4.69110864287e-006, 1.58035646791e-008, 1.22759491461e-009]
        mean: [6.22464199296e-007, 5.22875125171e-005, 0.000112410853035, 0.000125533435494, 0.000274807272945, 9.97288952931e-005, 9.1310699645e-005, 8.48323470564e-005, 0.000159948831424, 4.84295669594e-005, 0.000103240046883, 0.000270496559097, 2.95744139294e-005, 6.08112677583e-005, 7.73012216086e-005, 0.000241747824475, 0.000265293521807, 0.000243192916969, 0.000456782378023, 0.000547745381482, 0.000150109510287, 3.32392846758e-005, 6.98028588886e-006, 4.48550326837e-006, 1.31841557049e-006, 3.27439693137e-008, 3.04677894025e-010, 3.11792293373e-011]
        median: [3.70634722913e-008, 1.93385203602e-005, 5.04805684614e-005, 5.13684062753e-005, 0.000145381636685, 5.24536371813e-005, 3.83636324841e-005, 3.83949918614e-005, 4.74609441881e-005, 1.68061851582e-005, 1.85541139217e-005, 2.908541137e-005, 1.46423381011e-005, 3.27358575305e-005, 4.38202587247e-005, 0.000134645000799, 0.000141961136251, 0.000160580442753, 0.000349301582901, 0.000365305342712, 9.75718430709e-005, 2.33668561123e-005, 3.81292738894e-006, 2.59502439803e-006, 5.52721928671e-007, 6.91292267874e-009, 9.04093258591e-011, 6.10517365829e-012]
        min: [8.98303680679e-024, 2.19399478019e-023, 2.84531005574e-024, 2.94284757908e-024, 2.28627320452e-023, 7.17307813238e-023, 5.17787472259e-023, 1.60335773882e-023, 1.39449491814e-022, 3.65357867473e-023, 8.42007663474e-023, 7.13490609981e-023, 8.99619689996e-023, 8.89868864336e-023, 1.16109142356e-022, 1.06283255004e-022, 1.29093641395e-022, 3.04113174348e-022, 2.24680636722e-022, 2.46678673085e-022, 3.06361592011e-022, 5.94309378203e-022, 6.59295057999e-022, 1.08286938984e-021, 1.28772684816e-021, 1.33859290225e-021, 2.20120859131e-021, 6.92111015324e-022]
        var: [2.6724217457e-012, 6.7767360612e-009, 2.88475394683e-008, 3.59707428288e-008, 1.89868998746e-007, 3.60584273551e-008, 3.71987205483e-008, 2.81753802511e-008, 1.96867858904e-007, 2.63720494331e-008, 1.28761172391e-007, 6.43798557576e-007, 6.32743191176e-009, 1.42284273252e-008, 2.35083454925e-008, 1.30137792098e-007, 1.66206305607e-007, 1.06823399904e-007, 2.98208647109e-007, 5.5907537444e-007, 5.48737446593e-008, 1.65930202911e-009, 1.52512058538e-010, 3.23664463286e-011, 5.45752375583e-012, 1.38164372114e-014, 5.81510452167e-019, 4.19226847449e-021]
    mfcc:
        mean: [-775.552307129, 89.3223953247, -36.0971336365, 48.3485298157, -8.16205787659, -9.23173427582, 1.90462815762, -5.08180904388, -2.22837138176, -1.45414721966, -12.5344600677, -4.03775072098, -2.63407444954]
        cov: [[19869.5488281, 842.025024414, -3516.9609375, 2348.48535156, -1151.7376709, -350.463745117, -135.909088135, -43.0210189819, -26.652973175, -28.152589798, -293.897644043, 97.5909805298, 144.979553223], [842.025024414, 1103.40795898, -111.947662354, 48.4404678345, -31.7101135254, -182.73248291, -63.8026771545, -85.0989608765, -47.8407173157, 3.26937937737, -61.5826721191, -34.2393722534, -4.07837772369], [-3516.9609375, -111.947662354, 1069.05236816, -331.507720947, 259.249664307, 195.800292969, 26.8985843658, 42.002204895, 23.3647651672, -10.8803510666, 87.7049713135, -24.7979335785, -55.7827033997], [2348.48535156, 48.4404678345, -331.507720947, 586.932434082, -49.910823822, 101.28805542, -6.03545093536, 90.9420776367, 68.1128234863, 39.8160591125, 16.3553543091, -0.967839419842, -17.8165721893], [-1151.7376709, -31.7101135254, 259.249664307, -49.910823822, 230.887496948, 87.6969604492, 50.9142990112, 50.7313995361, 40.2282218933, 11.7376804352, 27.9290943146, -1.51500546932, -7.3800945282], [-350.463745117, -182.73248291, 195.800292969, 101.28805542, 87.6969604492, 304.865600586, 64.0223388672, 134.390945435, 79.3587722778, 21.5880661011, 74.5030441284, 9.00209522247, -6.29171800613], [-135.909088135, -63.8026771545, 26.8985843658, -6.03545093536, 50.9142990112, 64.0223388672, 165.427474976, 49.8670349121, 23.5128917694, 21.1441116333, -0.0438928939402, 31.9142570496, 38.7421150208], [-43.0210189819, -85.0989608765, 42.002204895, 90.9420776367, 50.7313995361, 134.390945435, 49.8670349121, 151.048980713, 72.4351882935, 43.0823516846, 46.9659843445, 4.5409579277, 0.119039960206], [-26.652973175, -47.8407173157, 23.3647651672, 68.1128234863, 40.2282218933, 79.3587722778, 23.5128917694, 72.4351882935, 117.669021606, 43.598110199, 50.3733978271, 5.15296888351, -13.6607170105], [-28.152589798, 3.26937937737, -10.8803510666, 39.8160591125, 11.7376804352, 21.5880661011, 21.1441116333, 43.0823516846, 43.598110199, 116.044677734, 35.0783615112, 0.560040652752, -9.61685943604], [-293.897644043, -61.5826721191, 87.7049713135, 16.3553543091, 27.9290943146, 74.5030441284, -0.0438928939402, 46.9659843445, 50.3733978271, 35.0783615112, 112.270973206, 28.3839244843, -17.5987796783], [97.5909805298, -34.2393722534, -24.7979335785, -0.967839419842, -1.51500546932, 9.00209522247, 31.9142570496, 4.5409579277, 5.15296888351, 0.560040652752, 28.3839244843, 86.1929092407, 41.4887886047], [144.979553223, -4.07837772369, -55.7827033997, -17.8165721893, -7.3800945282, -6.29171800613, 38.7421150208, 0.119039960206, -13.6607170105, -9.61685943604, -17.5987796783, 41.4887886047, 97.2699966431]]
        icov: [[0.000270497781457, -0.000110818953544, 0.000474298634799, -0.000782676157542, 0.000616479665041, -6.78698197589e-005, -0.000101520185126, 0.000121058663353, -2.26048923651e-005, 0.000246673182119, 0.00021557083528, -0.000225399649935, -4.0150458517e-005], [-0.000110818953544, 0.00110728957225, -0.000295051810099, 1.51236909005e-005, -0.000417531264247, 0.000714504683856, 0.000199575340957, 0.00013423076598, 6.93546826369e-005, -0.000330798618961, 6.14531745669e-005, 0.000391045206925, -0.000198592751985], [0.000474298634799, -0.000295051810099, 0.00287875067443, -0.000166496203747, -0.000512736674864, -0.00157044315711, 6.5560976509e-005, 0.000581671192776, 0.000450223422376, 0.000612329633441, -0.000507832213771, 5.03200608364e-005, 0.000744229822885], [-0.000782676157542, 1.51236909005e-005, -0.000166496203747, 0.00517975538969, -0.00181137374602, -0.00140059296973, 0.000905425520614, -0.00118558167014, -0.000482820090838, -0.000937155273277, -0.000182416799362, 0.000304957531625, 0.00110973173287], [0.000616479665041, -0.000417531264247, -0.000512736674864, -0.00181137374602, 0.00823284313083, -0.000246045383392, -0.00168631807901, -0.00058980419999, -0.00149862165563, 0.000749737082515, 0.00093405257212, -0.000389005756006, -8.25107927085e-005], [-6.78698197589e-005, 0.000714504683856, -0.00157044315711, -0.00140059296973, -0.000246045383392, 0.00795288942754, -0.00140013103373, -0.00430383300409, -0.000673275091685, 0.00158367876429, -0.00231786142103, 0.000947418273427, -0.000728815502953], [-0.000101520185126, 0.000199575340957, 6.5560976509e-005, 0.000905425520614, -0.00168631807901, -0.00140013103373, 0.00892151426524, -0.00176036218181, -0.000329141708789, -0.00176542904228, 0.00288469530642, -0.00288758124225, -0.00187382532749], [0.000121058663353, 0.00013423076598, 0.000581671192776, -0.00118558167014, -0.00058980419999, -0.00430383300409, -0.00176036218181, 0.014683210291, -0.00383694795892, -0.0020657335408, -0.00133409339469, 0.0017597686965, -0.00143342104275], [-2.26048923651e-005, 6.93546826369e-005, 0.000450223422376, -0.000482820090838, -0.00149862165563, -0.000673275091685, -0.000329141708789, -0.00383694795892, 0.0146462563425, -0.00235509010963, -0.00358507479541, 0.000265158218099, 0.00124725722708], [0.000246673182119, -0.000330798618961, 0.000612329633441, -0.000937155273277, 0.000749737082515, 0.00158367876429, -0.00176542904228, -0.0020657335408, -0.00235509010963, 0.0116271823645, -0.00308611500077, 0.00126121100038, 0.000385474966606], [0.00021557083528, 6.14531745669e-005, -0.000507832213771, -0.000182416799362, 0.00093405257212, -0.00231786142103, 0.00288469530642, -0.00133409339469, -0.00358507479541, -0.00308611500077, 0.0171347856522, -0.00845409743488, 0.00402772519737], [-0.000225399649935, 0.000391045206925, 5.03200608364e-005, 0.000304957531625, -0.000389005756006, 0.000947418273427, -0.00288758124225, 0.0017597686965, 0.000265158218099, 0.00126121100038, -0.00845409743488, 0.019556093961, -0.00809216033667], [-4.0150458517e-005, -0.000198592751985, 0.000744229822885, 0.00110973173287, -8.25107927085e-005, -0.000728815502953, -0.00187382532749, -0.00143342104275, 0.00124725722708, 0.000385474966606, 0.00402772519737, -0.00809216033667, 0.0160505026579]]
    sccoeffs:
        dmean: [0.0482179708779, 0.0409107841551, 0.0329780653119, 0.0257480852306, 0.017950521782, 0.0146915176883]
        dmean2: [0.0794308483601, 0.068316757679, 0.0539473928511, 0.0428030453622, 0.0298961792141, 0.0240594856441]
        dvar: [0.00161797553301, 0.00110305880662, 0.000741412863135, 0.000439949450083, 0.000225176147069, 0.000189823491382]
        dvar2: [0.00418596901, 0.00298943789676, 0.00183038262185, 0.00116563786287, 0.000594294629991, 0.000462456402602]
        max: [-0.335451930761, -0.461975395679, -0.383679062128, -0.524264454842, -0.566823124886, -0.650742292404]
        mean: [-0.670276045799, -0.770583987236, -0.777084350586, -0.802093207836, -0.804495453835, -0.770583748817]
        median: [-0.67778980732, -0.775007605553, -0.792036473751, -0.803147673607, -0.802288532257, -0.752429842949]
        min: [-0.966946721077, -0.996292352676, -0.987597227097, -0.970249176025, -0.961733579636, -0.960854172707]
        var: [0.0073586544022, 0.00458011869341, 0.00772395730019, 0.00332813942805, 0.00267727044411, 0.00358658167534]
    scvalleys:
        dmean: [0.397682309151, 0.3464833498, 0.293038547039, 0.243412092328, 0.186288163066, 0.188413590193]
        dmean2: [0.650434434414, 0.567301928997, 0.47959369421, 0.390064239502, 0.287820160389, 0.282386749983]
        dvar: [0.144128158689, 0.109863482416, 0.0774847045541, 0.0616741366684, 0.0586211308837, 0.0748646333814]
        dvar2: [0.326717466116, 0.240194320679, 0.166800886393, 0.120661765337, 0.0970937386155, 0.145440533757]
        max: [-5.24260759354, -4.71623802185, -5.6894235611, -5.93079471588, -5.59807395935, -8.01014614105]
        mean: [-7.7159280777, -7.58930063248, -7.97392463684, -8.21990585327, -7.95171308517, -10.6270141602]
        median: [-7.04754734039, -6.88165187836, -7.25623369217, -7.3649263382, -6.81812667847, -9.71365833282]
        min: [-27.5150241852, -27.5235767365, -27.316286087, -27.2455463409, -27.3033657074, -27.2841491699]
        var: [3.58228063583, 4.34248590469, 4.44709730148, 4.79944610596, 6.01435422897, 5.0310921669]

rhythm:
    beats_loudness:
        dmean: 0.00271450681612
        dmean2: 0.00507590500638
        dvar: 7.81310245657e-006
        dvar2: 2.4833572752e-005
        max: 0.0176546368748
        mean: 0.00455256737769
        median: 0.00416765687987
        min: 3.68794939032e-010
        var: 1.66705540323e-005
    bpm: 79.9820404053
    bpm_confidence: 0
    first_peak_bpm: 161
    first_peak_spread: 0.399999976158
    first_peak_weight: 0.276214838028
    onset_rate: 1.7639400959
    second_peak_bpm: 80
    second_peak_spread: 0.0231213979423
    second_peak_weight: 0.432225048542
    beats_loudness_band_ratio:
        dmean: [0.112953461707, 0.12148424238, 0.0821751877666, 0.0700978636742, 0.101076520979, 0.0951158776879]
        dmean2: [0.202827945352, 0.216388076544, 0.140789479017, 0.12278585881, 0.170657545328, 0.165457367897]
        dvar: [0.0165264382958, 0.0127197103575, 0.0124673843384, 0.0116465380415, 0.00822399184108, 0.00936705432832]
        dvar2: [0.0500417202711, 0.0337767638266, 0.0340873673558, 0.0306125208735, 0.0223677419126, 0.0251240488142]
        max: [0.99964261055, 0.904876112938, 0.908582568169, 0.785791099072, 0.637184143066, 0.612950086594]
        mean: [0.21498785913, 0.174065232277, 0.119537353516, 0.096420660615, 0.20698839426, 0.242894560099]
        median: [0.133053734899, 0.119828492403, 0.0755622535944, 0.0486833490431, 0.207211822271, 0.276495099068]
        min: [0.000557832070626, 0.000899981416296, 1.00296783785e-005, 2.41457541961e-006, 1.89824572772e-006, 2.70046075457e-006]
        var: [0.0634720101953, 0.0306251123548, 0.0170989558101, 0.0157671272755, 0.0184702333063, 0.0252470970154]
    beats_position: [0.31346938014, 0.650158703327, 0.986848056316, 1.3235373497, 1.66022670269, 1.99691605568, 2.33360528946, 2.67029476166, 3.05342388153, 3.43655323982, 3.8196823597, 4.21442174911, 4.60916090012, 5.01551008224, 5.41024923325, 5.79337835312, 6.18811798096, 6.57124710083, 6.96598625183, 7.3491153717, 7.73224496841, 8.10376358032, 8.47528362274, 8.84680271149, 9.21832180023, 9.58984088898, 9.96135997772, 10.3328800201, 10.7043991089, 11.0759181976, 11.4474372864, 11.8189563751, 12.202085495, 12.5736055374, 12.933514595, 13.3166437149, 13.6997728348, 14.0712919235, 14.4428119659, 14.8259410858, 15.1974601746, 15.5805892944, 15.9521083832, 16.3236274719, 16.6951465607, 17.0666656494, 17.4381847382, 17.8213157654, 18.2044448853, 18.575963974, 18.9474830627, 19.3190021515, 19.6905212402, 20.062040329, 20.4451694489, 20.8282985687, 21.1998176575, 21.5713367462, 21.942855835, 22.3259868622, 22.7091159821, 23.0806350708, 23.4521541595, 23.8236732483, 24.195192337, 24.5667114258, 24.9382305145, 25.3213596344, 25.7044887543, 26.076007843, 26.4475269318, 26.830657959, 27.2137870789, 27.5853061676, 27.9568252563, 28.3399543762, 28.711473465, 29.0829925537, 29.4429016113, 29.8144207001, 30.1859397888, 30.5690689087, 30.9521980286, 31.3237190247, 31.6952381134, 32.0667572021, 32.4382743835, 32.8214035034, 33.1929244995, 33.5760536194, 33.9475746155, 34.3190917969, 34.690612793, 35.0621299744, 35.4336509705, 35.8051681519, 36.1882972717, 36.5714263916, 36.9429473877, 37.3260765076, 37.7092056274, 38.0807266235, 38.4522438049, 38.823764801, 39.2068939209, 39.5900230408, 39.9615402222, 40.3330612183, 40.7045783997, 41.0760993958, 41.4476165771, 41.830745697, 42.2138786316, 42.585395813, 42.9569168091, 43.340045929, 43.7231750488, 44.0946922302, 44.4778213501, 44.86095047, 45.2324714661, 45.6039886475, 45.9871177673, 46.3702468872, 46.7533760071, 47.1481170654, 47.5312461853, 47.9375953674, 48.355556488, 48.7619056702, 49.1566429138, 49.5513839722, 49.9461212158, 50.3408622742, 50.7355995178, 51.1303405762, 51.5250778198, 51.9198188782, 52.302947998, 52.6860771179, 53.0808143616, 53.4639434814, 53.8470726013, 54.2185935974, 54.5901107788, 54.9616317749, 55.333152771, 55.7162818909, 56.0994110107, 56.4709281921, 56.8308372498, 57.1907463074, 57.5622673035, 57.9453964233, 58.3285255432, 58.7116546631, 59.094783783, 59.4663009644, 59.8378219604, 60.2093429565, 60.5808601379, 60.9639892578, 61.3238983154, 61.6954193115, 62.0669364929, 62.4500656128, 62.8331947327, 63.2047157288, 63.5878448486, 63.9709739685, 64.3424911499, 64.714012146, 65.0855331421, 65.4570541382, 65.8285675049, 66.200088501, 66.5716094971, 66.9431304932, 67.3262557983, 67.7093887329, 68.0809020996, 68.4408187866, 68.8123321533, 69.1838531494, 69.5553741455, 69.9384994507, 70.3216323853, 70.7047576904, 71.087890625, 71.4594116211, 71.8309249878, 72.2140579224, 72.5855789185, 72.9570999146, 73.3518371582, 73.7349624634, 74.1064834595, 74.4780044556, 74.8495254517, 75.2326507568, 75.5925598145, 75.9524688721, 76.3239898682, 76.7071151733, 77.0786361694, 77.4385452271, 77.8100662231, 78.1931991577, 78.5763244629, 78.947845459, 79.3193664551, 79.6908798218, 80.0624008179, 80.4455337524, 80.8286590576, 81.2001800537, 81.5717010498, 82.140586853, 82.7094802856, 83.4525146484, 84.1955566406, 84.9385910034, 85.6932373047, 86.4478912354, 87.1909255981, 87.9339675903, 88.6886138916, 89.4432601929, 90.1979141235, 90.9525604248, 91.695602417, 92.4386367798, 93.1932830811, 93.9479370117, 94.6909713745, 95.4456253052, 96.2002716064, 96.9433059692, 97.6863479614, 98.4409942627, 99.1840362549, 99.9386825562, 100.693328857, 101.447982788, 102.191017151, 102.934059143, 103.688705444, 104.443351746, 105.186393738, 105.941040039, 106.69568634, 107.438728333, 108.193374634, 108.948028564, 109.702674866, 110.457321167, 111.200363159, 111.943397522, 112.698051453, 113.441085815, 114.184127808, 114.938774109, 115.69342041, 116.448066711, 117.191108704, 117.934150696, 118.688796997, 119.443443298, 120.1980896, 120.95274353, 121.695777893, 122.438819885, 123.193466187, 123.948112488, 124.69115448, 125.434196472, 126.188842773, 126.943489075, 127.686531067, 128.441177368, 129.195831299, 129.950469971, 130.705123901, 131.448165894, 132.202804565, 132.945846558, 133.700500488, 134.44354248, 135.186569214, 135.929611206, 136.684265137, 137.438903809, 138.193557739, 138.94821167, 139.691238403, 140.445892334, 141.200546265, 141.943572998, 142.698226929, 143.452880859, 144.195922852, 144.938949585, 145.681991577, 146.436645508, 147.19128418, 147.94593811, 148.700592041, 149.443618774, 150.198272705, 150.952926636, 151.695953369, 152.438995361, 153.193649292, 153.948303223, 154.702941895, 155.457595825, 156.200637817, 156.943664551, 157.698318481, 158.452972412, 159.195999146, 159.939041138, 160.693695068, 161.448348999, 162.191375732, 162.934417725, 163.689071655, 164.443710327, 165.198364258, 165.953018188, 166.70765686, 167.462310791, 168.205352783, 168.948379517, 169.691421509, 170.434463501, 171.189117432, 171.943756104, 172.698410034, 173.453063965, 174.196090698, 174.93913269, 175.693786621, 176.448425293, 177.203079224, 177.957733154, 178.700775146, 179.44380188, 180.198455811, 180.953109741, 181.696136475, 182.439178467, 183.193832397, 183.948471069, 184.691513062, 185.446166992, 186.189208984, 186.943847656, 187.686889648, 188.453155518, 189.196182251, 189.939224243, 190.705490112, 191.448516846, 192.203170776, 192.957824707, 193.70085144, 194.443893433, 195.186935425, 195.941589355, 196.707839966, 197.462493896, 198.228744507, 198.983398438, 199.738052368, 200.481079102, 201.235733032, 201.978775024, 202.733413696, 203.476455688, 204.231109619, 204.974151611, 205.728790283, 206.471832275, 207.226486206, 207.981124878, 208.735778809, 209.478820801, 210.233459473, 210.988113403, 211.742767334, 212.497406006]
    bpm_estimates: [80.7499694824, 80.7491378784, 80.7499694824, 79.5074462891, 79.5066452026, 80.7499694824, 80.7491378784, 79.5074462891, 79.5074462891, 79.5066452026, 79.5074462891, 80.7491378784, 80.7499694824, 79.5074462891, 79.5066452026, 80.7499694824, 79.5066452026, 79.5074462891, 80.7499694824, 80.7491378784, 79.5074462891, 80.7491378784, 79.5074462891, 79.5074462891, 79.5066452026, 80.7499694824, 80.7491378784, 79.5074462891, 79.5074462891, 80.7491378784, 79.5074462891, 79.5074462891, 80.7491378784, 79.5074462891, 79.5066452026, 79.5074462891, 79.5074462891, 80.7491378784, 80.7499694824, 79.5066452026, 80.7499694824, 80.7491378784, 79.5074462891, 79.5074462891, 79.5074462891, 80.7491378784, 80.7491378784, 79.5074462891, 79.5074462891, 79.5074462891, 79.5066452026, 80.7499694824, 80.7491378784, 79.5074462891, 79.5074462891, 80.7491378784, 80.7491378784, 79.5074462891, 79.5074462891, 80.7491378784, 79.5074462891, 79.5066452026, 79.5082473755, 79.5066452026, 80.7491378784, 79.5082473755, 80.7491378784, 79.5066452026, 80.7491378784, 80.750793457, 80.7491378784, 79.5066452026, 79.5082473755, 79.5066452026, 79.5066452026, 80.750793457, 79.5066452026, 79.5066452026, 80.750793457, 79.5066452026, 79.5066452026, 80.7491378784, 80.750793457, 80.7491378784, 79.5066452026, 79.5082473755, 79.5066452026, 79.5066452026, 80.750793457, 79.5066452026, 79.5066452026, 80.750793457, 80.7491378784, 79.5066452026, 79.5066452026, 79.5082473755, 79.5066452026, 80.7491378784, 80.750793457, 79.5066452026, 79.5066452026, 80.750793457, 80.7491378784, 79.5066452026, 79.5066452026, 80.750793457, 80.7491378784, 79.5066452026, 79.5082473755, 79.5066452026, 79.5066452026, 79.5082473755, 79.5066452026, 80.7491378784, 80.750793457, 80.7491378784, 80.7491378784, 79.5066452026, 79.5082473755, 79.5066452026, 79.5066452026, 80.750793457, 80.7491378784, 79.5066452026, 79.5082473755, 79.5066452026, 79.5066452026, 80.7491378784, 80.750793457, 79.5066452026, 79.5066452026, 80.750793457, 80.7491378784, 79.5066452026, 79.5082473755, 80.7491378784, 79.5066452026, 80.7491378784, 79.5082473755, 80.7491378784, 78.3018035889, 80.750793457, 80.7491378784, 78.3018035889, 80.750793457, 79.5066452026, 79.5066452026, 80.750793457, 80.7491378784, 80.7491378784, 79.5066452026, 78.3033599854, 79.5066452026, 78.3033599854, 79.5066452026, 79.5066452026, 80.750793457, 79.5066452026, 80.7491378784, 79.5082473755, 80.7491378784, 79.5066452026, 80.7491378784, 79.5082473755, 80.7491378784, 79.5066452026, 79.5082473755, 79.5066452026, 80.7491378784, 79.5082473755, 79.5066452026, 79.5066452026, 79.5082473755]
