
metadata:
    version:
        essentia: "2.1-beta2"
    audio_properties:
        analysis_sample_rate: 44100
        bitrate: 185
        channels: 2
        equal_loudness: 1
        length: 192.757553101
        replay_gain: -14.4317817688
        downmix: "mix"
    tags:
        album: "Lueurs"
        artist: "Kells"
        comment: " "
        date: "2009"
        genre: "Alternative"
        title: "Lueur"
        tracknumber: "8"

configuration:
    average_loudness:
        compute: 1
        frameSize: 88200
        hopSize: 44100
        silentFrames: "noise"
        windowType: "hann"
    general:
        analysisSampleRate: 44100
        endTime: 2000
        equalLoudness: 1
        nequalLoudness: 0
        shortSound: 0
        startTime: 0
    lowlevel:
        compute: 1
        frameSize: 2048
        hopSize: 1024
        zeroPadding: 0
        silentFrames: "noise"
        windowType: "blackmanharris62"
        mfccStats: ["mean", "cov", "icov"]
        stats: ["mean", "var", "median", "min", "max", "dmean", "dmean2", "dvar", "dvar2"]
    panning:
        compute: 0
        frameSize: 8192
        hopSize: 2048
        zeroPadding: 8192
        silentFrames: "noise"
        windowType: "hann"
        stats: ["copy"]
    rhythm:
        compute: 1
        maxTempo: 208
        minTempo: 40
        method: "degara"
        stats: ["mean", "var", "median", "min", "max", "dmean", "dmean2", "dvar", "dvar2"]
    segmentation:
        compute: 0
        cpw: 5
        inc1: 300
        inc2: 50
        minimumSegmentsLength: 10
        size1: 1000
        size2: 600
    sfx:
        compute: 1
        stats: ["mean", "var", "median", "min", "max", "dmean", "dmean2", "dvar", "dvar2"]
    svm:
        compute: 0
    tonal:
        compute: 1
        frameSize: 4096
        hopSize: 2048
        zeroPadding: 0
        silentFrames: "noise"
        windowType: "blackmanharris62"
        stats: ["mean", "var", "median", "min", "max", "dmean", "dmean2", "dvar", "dvar2"]

lowlevel:
    average_loudness: 0.929245829582
    barkbands_kurtosis:
        dmean: 1.13594138622
        dmean2: 1.82091259956
        dvar: 12.6092844009
        dvar2: 27.810382843
        max: 227.81237793
        mean: 0.172402128577
        median: -0.597609400749
        min: -1.88650679588
        var: 19.2951068878
    barkbands_skewness:
        dmean: 0.398312985897
        dmean2: 0.641529858112
        dvar: 0.150261640549
        dvar2: 0.356200307608
        max: 6.96762466431
        mean: -0.514758467674
        median: -0.679328322411
        min: -3.29307794571
        var: 0.91453063488
    barkbands_spread:
        dmean: 6.5149269104
        dmean2: 10.6601896286
        dvar: 35.230255127
        dvar2: 91.8532943726
        max: 65.0705337524
        mean: 32.419593811
        median: 32.5710754395
        min: 0.191215485334
        var: 186.080718994
    dissonance:
        dmean: 0.0124847050756
        dmean2: 0.0215827822685
        dvar: 0.000655170937534
        dvar2: 0.00200254516676
        max: 0.500000059605
        mean: 0.480142474174
        median: 0.490221947432
        min: 0.0964173451066
        var: 0.00145224272273
    hfc:
        dmean: 2.36718583107
        dmean2: 3.75946688652
        dvar: 7.41034317017
        dvar2: 17.0274085999
        max: 67.5480270386
        mean: 11.992641449
        median: 12.2451534271
        min: 1.03047401237e-016
        var: 50.053565979
    pitch:
        dmean: 716.510437012
        dmean2: 1353.9284668
        dvar: 1330140
        dvar2: 3441919.25
        max: 4402.09375
        mean: 2131.81298828
        median: 3192.68579102
        min: 43.0243911743
        var: 2593186
    pitch_instantaneous_confidence:
        dmean: 0.0787952616811
        dmean2: 0.131814643741
        dvar: 0.00431239465252
        dvar2: 0.0113701587543
        max: 0.907893121243
        mean: 0.387815594673
        median: 0.376276791096
        min: 0.100805103779
        var: 0.0156606268138
    pitch_salience:
        dmean: 0.052116304636
        dmean2: 0.0876854807138
        dvar: 0.00211495254189
        dvar2: 0.00590220140293
        max: 0.889497518539
        mean: 0.678322017193
        median: 0.688818991184
        min: 0.251474201679
        var: 0.00557034183294
    silence_rate_20dB:
        dmean: 0
        dmean2: 0
        dvar: 0
        dvar2: 0
        max: 1
        mean: 1
        median: 1
        min: 1
        var: 0
    silence_rate_30dB:
        dmean: 0
        dmean2: 0
        dvar: 0
        dvar2: 0
        max: 1
        mean: 1
        median: 1
        min: 1
        var: 0
    silence_rate_60dB:
        dmean: 0.0308359432966
        dmean2: 0.061679314822
        dvar: 0.0298837907612
        dvar2: 0.0720915794373
        max: 1
        mean: 0.186197757721
        median: 0
        min: 0
        var: 0.151526093483
    spectral_centroid:
        dmean: 241.948242188
        dmean2: 396.819854736
        dvar: 59900.0039063
        dvar2: 148446.515625
        max: 11796.0869141
        mean: 2163.6015625
        median: 2219.82519531
        min: 122.305183411
        var: 1394941.375
    spectral_complexity:
        dmean: 3.38255834579
        dmean2: 5.49981927872
        dvar: 11.6697092056
        dvar2: 27.4432430267
        max: 47
        mean: 20.0891246796
        median: 22
        min: 0
        var: 103.659141541
    spectral_crest:
        dmean: 1.7482688427
        dmean2: 2.93017530441
        dvar: 2.8340857029
        dvar2: 7.35405063629
        max: 25.0423202515
        mean: 6.83370542526
        median: 6.12594652176
        min: 2.25603580475
        var: 8.22316741943
    spectral_decrease:
        dmean: 2.12303966074e-010
        dmean2: 3.42094769179e-010
        dvar: 5.74233692619e-020
        dvar2: 1.3150276979e-019
        max: 1.73157797406e-028
        mean: -1.10088993477e-009
        median: -1.13310150152e-009
        min: -3.855538111e-009
        var: 3.41109845872e-019
    spectral_energy:
        dmean: 0.000974290189333
        dmean2: 0.0015590286348
        dvar: 1.20519098346e-006
        dvar2: 2.72628221865e-006
        max: 0.0206785071641
        mean: 0.0052427817136
        median: 0.00540669076145
        min: 1.00515732629e-020
        var: 7.85726842878e-006
    spectral_energyband_high:
        dmean: 0.000199810194317
        dmean2: 0.000322177715134
        dvar: 7.73993491521e-008
        dvar2: 1.87610183389e-007
        max: 0.00712258275598
        mean: 0.000617201207206
        median: 0.000554458179977
        min: 7.08656374429e-021
        var: 2.2450572601e-007
    spectral_energyband_low:
        dmean: 0.000310616771458
        dmean2: 0.000533273210749
        dvar: 1.28618367512e-007
        dvar2: 3.65077823972e-007
        max: 0.0042887381278
        mean: 0.000460095674498
        median: 0.000358790770406
        min: 2.05911613147e-023
        var: 1.69057372545e-007
    spectral_energyband_middle_high:
        dmean: 0.000680419965647
        dmean2: 0.00108911620919
        dvar: 5.54956898213e-007
        dvar2: 1.31831677663e-006
        max: 0.0184483285993
        mean: 0.00331011135131
        median: 0.00318146427162
        min: 1.18010733851e-021
        var: 4.48170658274e-006
    spectral_energyband_middle_low:
        dmean: 0.000423774123192
        dmean2: 0.000690674292855
        dvar: 3.54427839966e-007
        dvar2: 8.25615813937e-007
        max: 0.00729299755767
        mean: 0.00101501937024
        median: 0.000807353237178
        min: 1.53927538049e-022
        var: 7.54214340759e-007
    spectral_flatness_db:
        dmean: 0.0135707594454
        dmean2: 0.0218354146928
        dvar: 0.000198335692403
        dvar2: 0.000488405581564
        max: 0.594477295876
        mean: 0.158761054277
        median: 0.133546978235
        min: 0.0595937632024
        var: 0.00777798518538
    spectral_flux:
        dmean: 0.00578324403614
        dmean2: 0.00917629525065
        dvar: 4.02631521865e-005
        dvar2: 9.36276846915e-005
        max: 0.130424723029
        mean: 0.0427058488131
        median: 0.0451290272176
        min: 6.31679777929e-011
        var: 0.0003074715205
    spectral_kurtosis:
        dmean: 4.74493789673
        dmean2: 8.29643917084
        dvar: 473.814422607
        dvar2: 1440.52734375
        max: 663.610961914
        mean: 16.6582984924
        median: 2.86115670204
        min: -1.26019847393
        var: 3919.67504883
    spectral_rms:
        dmean: 0.000202951254323
        dmean2: 0.00032509418088
        dvar: 4.24259098963e-008
        dvar2: 9.48428535708e-008
        max: 0.00449156481773
        mean: 0.0021161371842
        median: 0.00229669758119
        min: 3.13151913255e-012
        var: 6.36872471205e-007
    spectral_rolloff:
        dmean: 197.593505859
        dmean2: 328.560821533
        dvar: 115796.09375
        dvar2: 237277.21875
        max: 19487.5488281
        mean: 3623.87646484
        median: 3811.37695313
        min: 150.732421875
        var: 3702381.5
    spectral_skewness:
        dmean: 0.235574275255
        dmean2: 0.398181915283
        dvar: 0.315782368183
        dvar2: 0.932461738586
        max: 22.6861553192
        mean: 1.79559218884
        median: 1.16805779934
        min: -0.0873963534832
        var: 7.87597322464
    spectral_spread:
        dmean: 374133.0625
        dmean2: 584817
        dvar: 366325628928
        dvar2: 752531013632
        max: 43047196
        mean: 4536029
        median: 4260436
        min: 162709.046875
        var: 1.6612948181e+013
    spectral_strongpeak:
        dmean: 0.708260715008
        dmean2: 1.235491395
        dvar: 1.02199447155
        dvar2: 2.70263814926
        max: 10.1709785461
        mean: 0.997639358044
        median: 0.376564949751
        min: 0
        var: 1.75106179714
    zerocrossingrate:
        dmean: 0.00632807100192
        dmean2: 0.00835883896798
        dvar: 4.45993282483e-005
        dvar2: 6.30369904684e-005
        max: 0.5283203125
        mean: 0.11560986191
        median: 0.1201171875
        min: 0.00634765625
        var: 0.00290504470468
    barkbands:
        dmean: [1.1092602108e-006, 7.58114401833e-005, 0.000185425873497, 0.000219484354602, 0.000182912699529, 7.94940206106e-005, 6.28364796285e-005, 4.23111050623e-005, 7.86893651821e-005, 4.47321508545e-005, 6.66054111207e-005, 9.30781388888e-005, 5.8231766161e-005, 8.71681550052e-005, 9.33602641453e-005, 0.000108731226646, 0.000161185002071, 0.000238516484387, 0.000262833986199, 0.000297575665172, 9.2111324193e-005, 2.33149803535e-005, 5.77160653847e-006, 3.16293403557e-006, 1.19809067201e-006, 3.89186780581e-008, 4.16964185401e-010]
        dmean2: [1.58980549259e-006, 0.000130642540171, 0.000320709339576, 0.000368904293282, 0.000311868672725, 0.000131834531203, 0.000108315740363, 7.07692743163e-005, 0.00012956505816, 7.26165380911e-005, 0.000104023463791, 0.000149920524564, 9.55974755925e-005, 0.000145079029608, 0.000153482411406, 0.000182083051186, 0.000268037343631, 0.000395524286432, 0.000434983492596, 0.000492921564728, 0.00015053190873, 3.77689357265e-005, 9.18360274227e-006, 4.94379037264e-006, 1.82990402209e-006, 5.82946810823e-008, 6.88841483854e-010]
        dvar: [2.31844990255e-012, 1.03960244857e-008, 5.55670212066e-008, 1.05969718334e-007, 6.58690808564e-008, 2.58637342654e-008, 1.61857087733e-008, 9.52746237459e-009, 2.37994477459e-008, 1.2948191852e-008, 2.45126372533e-008, 4.79077577609e-008, 1.41089540051e-008, 2.40260700224e-008, 2.64466137878e-008, 2.7642247602e-008, 4.78462069964e-008, 9.8538379234e-008, 1.02736684937e-007, 1.49070444877e-007, 1.61164166457e-008, 1.00639296896e-009, 1.02110202238e-010, 2.81517795186e-011, 1.2016609062e-011, 2.79372269134e-014, 6.97161934029e-019]
        dvar2: [4.4618631706e-012, 2.92820363512e-008, 1.54775818828e-007, 2.59318198914e-007, 1.7993960455e-007, 6.1233428994e-008, 4.31948450341e-008, 2.36067965176e-008, 5.93779496683e-008, 2.95354691815e-008, 5.15164018111e-008, 1.21154613453e-007, 3.60671350563e-008, 6.52952394375e-008, 6.47285602895e-008, 7.26787376948e-008, 1.23627273751e-007, 2.59107650891e-007, 2.50273501479e-007, 3.83651126867e-007, 3.97623054482e-008, 2.40010389341e-009, 2.05571532019e-010, 6.47962794531e-011, 2.70276995229e-011, 6.04048197095e-014, 1.69759133828e-018]
        max: [1.34683532451e-005, 0.00111081812065, 0.0036014020443, 0.00515177566558, 0.00371969607659, 0.00346224126406, 0.00327656511217, 0.00247077853419, 0.00311765260994, 0.00473603466526, 0.00346597004682, 0.00355018069968, 0.00306262122467, 0.00272246124223, 0.00352883222513, 0.00469362316653, 0.00539129506797, 0.00450086826459, 0.00698158796877, 0.0081796720624, 0.00173993536737, 0.000533248705324, 0.000403463665862, 0.000122561832541, 0.000118620686408, 1.03327820398e-005, 1.80282704321e-008]
        mean: [1.53749158471e-006, 0.000112802183139, 0.000214394996874, 0.000284999230644, 0.000296698242892, 0.000117150622827, 7.92899008957e-005, 5.88551811234e-005, 0.00016070077254, 7.62040144764e-005, 0.000137533002999, 0.000200005262741, 0.000109153646918, 0.000174451808562, 0.000187287703739, 0.00023547760793, 0.000377037533326, 0.000578503415454, 0.00071021419717, 0.000808249227703, 0.000232864244026, 6.25889588264e-005, 1.5007140064e-005, 8.99092992768e-006, 2.71156295639e-006, 7.62194503068e-008, 6.09099271021e-010]
        median: [4.70915580308e-007, 8.68618662935e-005, 0.000133962108521, 0.0001706473995, 0.000207818826311, 6.50244764984e-005, 4.02839286835e-005, 3.29894428432e-005, 6.07359434071e-005, 3.24571410601e-005, 3.68722940038e-005, 4.52417807537e-005, 4.16118418798e-005, 7.0003719884e-005, 0.000107004561869, 0.000174218483153, 0.000313977070618, 0.000439177354565, 0.000620783655904, 0.000647040084004, 0.000204675685382, 5.39558750461e-005, 1.11883891805e-005, 7.12177688911e-006, 1.54540884978e-006, 2.83343748464e-008, 2.60940241636e-010]
        min: [7.79168220582e-025, 2.22424716203e-024, 1.55318695439e-024, 1.01127274327e-024, 1.00283548146e-023, 1.06978279327e-023, 3.69154442017e-024, 8.48194604891e-024, 1.12765930907e-023, 1.74637869426e-023, 1.67955949346e-023, 3.72486582592e-023, 2.84860859873e-023, 2.76639383074e-023, 3.98983726201e-023, 4.94848880194e-023, 5.45003867687e-023, 9.53535871621e-023, 1.51016300521e-022, 1.40980853847e-022, 2.25156982491e-022, 3.43951760778e-022, 4.02724826469e-022, 5.46204211062e-022, 8.00587644432e-022, 1.31997719853e-021, 1.84413031129e-021]
        var: [4.52070499091e-012, 1.26076766804e-008, 6.20817388608e-008, 1.45199564372e-007, 9.56923003059e-008, 3.797565995e-008, 1.75100804967e-008, 1.23648717931e-008, 8.87126319071e-008, 3.07266923016e-008, 1.0263406125e-007, 1.86767195487e-007, 3.34946825831e-008, 6.87141721301e-008, 5.88680926228e-008, 6.82024321463e-008, 1.21190737445e-007, 2.91551032205e-007, 3.72329878928e-007, 5.07178526732e-007, 3.6599423936e-008, 2.73566302944e-009, 3.21216470089e-010, 9.43561132005e-011, 2.90539328707e-011, 5.75983962674e-014, 1.2811679384e-018]
    frequency_bands:
        dmean: [1.1092602108e-006, 7.58114401833e-005, 0.000185425873497, 0.000219484354602, 0.000182912699529, 7.94940206106e-005, 6.28364796285e-005, 4.23111050623e-005, 7.86893651821e-005, 4.47321508545e-005, 6.66054111207e-005, 9.30781388888e-005, 5.8231766161e-005, 8.71681550052e-005, 9.33602641453e-005, 0.000108731226646, 0.000161185002071, 0.000238516484387, 0.000262833986199, 0.000297575665172, 9.2111324193e-005, 2.33149803535e-005, 5.77160653847e-006, 3.16293403557e-006, 1.19809067201e-006, 3.89186780581e-008, 4.16964185401e-010, 5.98069788138e-011]
        dmean2: [1.58980549259e-006, 0.000130642540171, 0.000320709339576, 0.000368904293282, 0.000311868672725, 0.000131834531203, 0.000108315740363, 7.07692743163e-005, 0.00012956505816, 7.26165380911e-005, 0.000104023463791, 0.000149920524564, 9.55974755925e-005, 0.000145079029608, 0.000153482411406, 0.000182083051186, 0.000268037343631, 0.000395524286432, 0.000434983492596, 0.000492921564728, 0.00015053190873, 3.77689357265e-005, 9.18360274227e-006, 4.94379037264e-006, 1.82990402209e-006, 5.82946810823e-008, 6.88841483854e-010, 1.1060658639e-010]
        dvar: [2.31844990255e-012, 1.03960244857e-008, 5.55670212066e-008, 1.05969718334e-007, 6.58690808564e-008, 2.58637342654e-008, 1.61857087733e-008, 9.52746237459e-009, 2.37994477459e-008, 1.2948191852e-008, 2.45126372533e-008, 4.79077577609e-008, 1.41089540051e-008, 2.40260700224e-008, 2.64466137878e-008, 2.7642247602e-008, 4.78462069964e-008, 9.8538379234e-008, 1.02736684937e-007, 1.49070444877e-007, 1.61164166457e-008, 1.00639296896e-009, 1.02110202238e-010, 2.81517795186e-011, 1.2016609062e-011, 2.79372269134e-014, 6.97161934029e-019, 7.2092805118e-021]
        dvar2: [4.4618631706e-012, 2.92820363512e-008, 1.54775818828e-007, 2.59318198914e-007, 1.7993960455e-007, 6.1233428994e-008, 4.31948450341e-008, 2.36067965176e-008, 5.93779496683e-008, 2.95354691815e-008, 5.15164018111e-008, 1.21154613453e-007, 3.60671350563e-008, 6.52952394375e-008, 6.47285602895e-008, 7.26787376948e-008, 1.23627273751e-007, 2.59107650891e-007, 2.50273501479e-007, 3.83651126867e-007, 3.97623054482e-008, 2.40010389341e-009, 2.05571532019e-010, 6.47962794531e-011, 2.70276995229e-011, 6.04048197095e-014, 1.69759133828e-018, 2.27243801051e-020]
        max: [1.34683532451e-005, 0.00111081812065, 0.0036014020443, 0.00515177566558, 0.00371969607659, 0.00346224126406, 0.00327656511217, 0.00247077853419, 0.00311765260994, 0.00473603466526, 0.00346597004682, 0.00355018069968, 0.00306262122467, 0.00272246124223, 0.00352883222513, 0.00469362316653, 0.00539129506797, 0.00450086826459, 0.00698158796877, 0.0081796720624, 0.00173993536737, 0.000533248705324, 0.000403463665862, 0.000122561832541, 0.000118620686408, 1.03327820398e-005, 1.80282704321e-008, 1.05576714038e-009]
        mean: [1.53749158471e-006, 0.000112802183139, 0.000214394996874, 0.000284999230644, 0.000296698242892, 0.000117150622827, 7.92899008957e-005, 5.88551811234e-005, 0.00016070077254, 7.62040144764e-005, 0.000137533002999, 0.000200005262741, 0.000109153646918, 0.000174451808562, 0.000187287703739, 0.00023547760793, 0.000377037533326, 0.000578503415454, 0.00071021419717, 0.000808249227703, 0.000232864244026, 6.25889588264e-005, 1.5007140064e-005, 8.99092992768e-006, 2.71156295639e-006, 7.62194503068e-008, 6.09099271021e-010, 4.74545194806e-011]
        median: [4.70915580308e-007, 8.68618662935e-005, 0.000133962108521, 0.0001706473995, 0.000207818826311, 6.50244764984e-005, 4.02839286835e-005, 3.29894428432e-005, 6.07359434071e-005, 3.24571410601e-005, 3.68722940038e-005, 4.52417807537e-005, 4.16118418798e-005, 7.0003719884e-005, 0.000107004561869, 0.000174218483153, 0.000313977070618, 0.000439177354565, 0.000620783655904, 0.000647040084004, 0.000204675685382, 5.39558750461e-005, 1.11883891805e-005, 7.12177688911e-006, 1.54540884978e-006, 2.83343748464e-008, 2.60940241636e-010, 1.68248887045e-011]
        min: [7.79168220582e-025, 2.22424716203e-024, 1.55318695439e-024, 1.01127274327e-024, 1.00283548146e-023, 1.06978279327e-023, 3.69154442017e-024, 8.48194604891e-024, 1.12765930907e-023, 1.74637869426e-023, 1.67955949346e-023, 3.72486582592e-023, 2.84860859873e-023, 2.76639383074e-023, 3.98983726201e-023, 4.94848880194e-023, 5.45003867687e-023, 9.53535871621e-023, 1.51016300521e-022, 1.40980853847e-022, 2.25156982491e-022, 3.43951760778e-022, 4.02724826469e-022, 5.46204211062e-022, 8.00587644432e-022, 1.31997719853e-021, 1.84413031129e-021, 4.43097541151e-022]
        var: [4.52070499091e-012, 1.26076766804e-008, 6.20817388608e-008, 1.45199564372e-007, 9.56923003059e-008, 3.797565995e-008, 1.75100804967e-008, 1.23648717931e-008, 8.87126319071e-008, 3.07266923016e-008, 1.0263406125e-007, 1.86767195487e-007, 3.34946825831e-008, 6.87141721301e-008, 5.88680926228e-008, 6.82024321463e-008, 1.21190737445e-007, 2.91551032205e-007, 3.72329878928e-007, 5.07178526732e-007, 3.6599423936e-008, 2.73566302944e-009, 3.21216470089e-010, 9.43561132005e-011, 2.90539328707e-011, 5.75983962674e-014, 1.2811679384e-018, 6.05913635715e-021]
    mfcc:
        mean: [-712.239318848, 86.0009384155, -41.7569732666, 57.4417076111, -3.05012345314, -1.16246592999, 5.97491359711, -0.689879655838, -2.93530058861, -0.665555000305, -7.61124992371, -4.12044095993, -5.82800674438]
        cov: [[13035.5537109, -1054.56970215, -2968.20507813, 996.980529785, -592.350158691, 271.343078613, 326.579620361, 225.167907715, 93.5565414429, 204.312789917, 70.3095550537, 103.761314392, 13.3257083893], [-1054.56970215, 921.590515137, 275.604125977, -109.74307251, 87.4164962769, -83.8923187256, -2.19907093048, -23.705821991, 2.50434112549, -44.2013702393, -10.0923662186, -17.3680515289, -2.43156719208], [-2968.20507813, 275.604125977, 1239.67456055, -150.082275391, 105.427062988, -54.2617835999, -160.983261108, -40.0877113342, -8.07290554047, -29.2295265198, -26.8991203308, -40.8921508789, -1.87501811981], [996.980529785, -109.74307251, -150.082275391, 373.400146484, -50.9935150146, 18.5245265961, -21.6814804077, 26.0176296234, 39.4649581909, 54.8848381042, -10.7258043289, -0.898026823997, 2.71359229088], [-592.350158691, 87.4164962769, 105.427062988, -50.9935150146, 142.320846558, 17.3239078522, 17.2878246307, -13.6292266846, -16.1422939301, -18.4210243225, 3.23754715919, 3.75517416, 0.312931954861], [271.343078613, -83.8923187256, -54.2617835999, 18.5245265961, 17.3239078522, 143.017547607, 50.9791488647, 35.9872703552, -10.9571580887, -6.71743679047, 33.4170188904, 23.2558002472, 7.21714067459], [326.579620361, -2.19907093048, -160.983261108, -21.6814804077, 17.2878246307, 50.9791488647, 127.357505798, 36.3931350708, -2.7757499218, -9.2658367157, 11.5471563339, 19.6954803467, 10.1768493652], [225.167907715, -23.705821991, -40.0877113342, 26.0176296234, -13.6292266846, 35.9872703552, 36.3931350708, 91.864654541, 34.2938919067, 27.2518863678, 11.415348053, 4.87060832977, 5.26990842819], [93.5565414429, 2.50434112549, -8.07290554047, 39.4649581909, -16.1422939301, -10.9571580887, -2.7757499218, 34.2938919067, 79.0947418213, 46.9212303162, 7.08784532547, -8.01178646088, 0.0859653949738], [204.312789917, -44.2013702393, -29.2295265198, 54.8848381042, -18.4210243225, -6.71743679047, -9.2658367157, 27.2518863678, 46.9212303162, 94.8381500244, 14.5555086136, -2.31544995308, -4.82821369171], [70.3095550537, -10.0923662186, -26.8991203308, -10.7258043289, 3.23754715919, 33.4170188904, 11.5471563339, 11.415348053, 7.08784532547, 14.5555086136, 70.3098449707, 27.0798358917, 0.808412492275], [103.761314392, -17.3680515289, -40.8921508789, -0.898026823997, 3.75517416, 23.2558002472, 19.6954803467, 4.87060832977, -8.01178646088, -2.31544995308, 27.0798358917, 58.7270774841, 21.4582500458], [13.3257083893, -2.43156719208, -1.87501811981, 2.71359229088, 0.312931954861, 7.21714067459, 10.1768493652, 5.26990842819, 0.0859653949738, -4.82821369171, 0.808412492275, 21.4582500458, 49.6227836609]]
        icov: [[0.000251975725405, 1.14870936159e-005, 0.000482867937535, -0.000374547118554, 0.000576914695557, -0.00026395288296, -4.7823665227e-005, -0.000105664068542, 0.000129324806039, -0.000119596283184, 2.26096217375e-005, -2.60234264715e-005, 2.64294067165e-005], [1.14870936159e-005, 0.00135858124122, -0.000235498664551, 3.73628863599e-005, -0.000616453122348, 0.00104688922875, -0.000558831205126, -8.04189112387e-005, -0.000434675428551, 0.000727650534827, -0.000452925305581, 0.000209548627026, 1.56376027007e-005], [0.000482867937535, -0.000235498664551, 0.00216839788482, -0.000236420470173, 0.000257402629359, -0.00085184443742, 0.00190020934679, -0.000666984997224, 0.000131863780553, -0.000110693537863, 0.000358826830052, 0.000315274199238, -0.000396124843974], [-0.000374547118554, 3.73628863599e-005, -0.000236420470173, 0.00403065420687, -0.000372831389541, -0.000823277048767, 0.00156547641382, -2.46449744736e-005, -0.00116948969662, -0.00124609249178, 0.00161493069027, -0.000457645539427, -0.000270911346888], [0.000576914695557, -0.000616453122348, 0.000257402629359, -0.000372831389541, 0.0102092009038, -0.00214936863631, -0.00226696301252, 0.00174155388959, 0.000743403623346, -0.000509102828801, 0.000197655375814, -0.000404179823818, 0.000493907486089], [-0.00026395288296, 0.00104688922875, -0.00085184443742, -0.000823277048767, -0.00214936863631, 0.0117137935013, -0.00314839603379, -0.0037891890388, 0.00260451505892, 0.00192415702622, -0.00496270228177, -0.000180899427505, -0.000165211749845], [-4.7823665227e-005, -0.000558831205126, 0.00190020934679, 0.00156547641382, -0.00226696301252, -0.00314839603379, 0.013846501708, -0.00463162316009, 5.47967356397e-005, 0.00118993211072, 0.00149108283222, -0.00186755345203, -0.00100499892142], [-0.000105664068542, -8.04189112387e-005, -0.000666984997224, -2.46449744736e-005, 0.00174155388959, -0.0037891890388, -0.00463162316009, 0.0174893662333, -0.00650193821639, -0.00230404548347, 0.000534683000296, 0.000214563609916, -0.00068119954085], [0.000129324806039, -0.000434675428551, 0.000131863780553, -0.00116948969662, 0.000743403623346, 0.00260451505892, 5.47967356397e-005, -0.00650193821639, 0.0217583067715, -0.00795669667423, -0.0025021287147, 0.00372473802418, -0.00207310100086], [-0.000119596283184, 0.000727650534827, -0.000110693537863, -0.00124609249178, -0.000509102828801, 0.00192415702622, 0.00118993211072, -0.00230404548347, -0.00795669667423, 0.0171999707818, -0.00350574636832, 2.07919383683e-005, 0.00159117812291], [2.26096217375e-005, -0.000452925305581, 0.000358826830052, 0.00161493069027, 0.000197655375814, -0.00496270228177, 0.00149108283222, 0.000534683000296, -0.0025021287147, -0.00350574636832, 0.0214495826513, -0.0103371758014, 0.00403880095109], [-2.60234264715e-005, 0.000209548627026, 0.000315274199238, -0.000457645539427, -0.000404179823818, -0.000180899427505, -0.00186755345203, 0.000214563609916, 0.00372473802418, 2.07919383683e-005, -0.0103371758014, 0.0274444464594, -0.0112604815513], [2.64294067165e-005, 1.56376027007e-005, -0.000396124843974, -0.000270911346888, 0.000493907486089, -0.000165211749845, -0.00100499892142, -0.00068119954085, -0.00207310100086, 0.00159117812291, 0.00403880095109, -0.0112604815513, 0.0254068691283]]
    sccoeffs:
        dmean: [0.0546934902668, 0.044609900564, 0.0368216745555, 0.0269685890526, 0.0195567552, 0.0159708280116]
        dmean2: [0.0909434258938, 0.0759447738528, 0.0615355782211, 0.0455450825393, 0.0330873019993, 0.0261579491198]
        dvar: [0.0018504440086, 0.00125729385763, 0.000850187323522, 0.000466231256723, 0.000245358678512, 0.000207813864108]
        dvar2: [0.00509507069364, 0.00362494238652, 0.00230254745111, 0.00130931602325, 0.000670802954119, 0.00051960995188]
        max: [-0.368749588728, -0.535912334919, -0.514707803726, -0.561370909214, -0.616812944412, -0.556263804436]
        mean: [-0.695174872875, -0.79678440094, -0.788802742958, -0.803006410599, -0.79558390379, -0.749211251736]
        median: [-0.698113560677, -0.800431251526, -0.800437271595, -0.802168786526, -0.79128485918, -0.74241566658]
        min: [-0.981447637081, -0.975373625755, -0.97526538372, -0.969869315624, -0.966242909431, -0.964428663254]
        var: [0.00545440986753, 0.002838044893, 0.00452878745273, 0.00227576610632, 0.00185252458323, 0.00336964079179]
    scvalleys:
        dmean: [0.364099442959, 0.3768055439, 0.295047730207, 0.228661745787, 0.169451311231, 0.217172428966]
        dmean2: [0.604948878288, 0.630396664143, 0.491745144129, 0.376853018999, 0.27687099576, 0.337090820074]
        dvar: [0.101763948798, 0.116912156343, 0.0797340273857, 0.0562903881073, 0.051434379071, 0.0792638584971]
        dvar2: [0.250076770782, 0.282151281834, 0.184774369001, 0.119430154562, 0.0981540456414, 0.166090175509]
        max: [-5.22335529327, -4.69231796265, -5.43218564987, -5.43206596375, -5.39307975769, -7.54553174973]
        mean: [-6.85280323029, -7.06791543961, -7.39680814743, -7.4586687088, -7.19843864441, -10.0956935883]
        median: [-6.38881826401, -6.68210887909, -6.86537790298, -6.85817861557, -6.36038637161, -9.1449842453]
        min: [-28.1626758575, -27.8442058563, -27.8402347565, -27.7854328156, -27.479265213, -27.402879715]
        var: [5.71645259857, 5.65728235245, 6.24381256104, 7.11355257034, 8.18972492218, 7.7062921524]

rhythm:
    beats_loudness:
        dmean: 0.00222514104098
        dmean2: 0.00412329332903
        dvar: 3.93680738853e-006
        dvar2: 1.37960169013e-005
        max: 0.0161086451262
        mean: 0.00661198468879
        median: 0.00734633533284
        min: 0
        var: 1.01085979622e-005
    bpm: 98.0228805542
    bpm_confidence: 0
    first_peak_bpm: 98
    first_peak_spread: 0.0263157878071
    first_peak_weight: 0.948717951775
    onset_rate: 1.79500091076
    second_peak_bpm: 91
    second_peak_spread: 0
    second_peak_weight: 0.0256410259753
    beats_loudness_band_ratio:
        dmean: [0.112287253141, 0.0668855383992, 0.0403466150165, 0.0508146099746, 0.0769433453679, 0.0823133811355]
        dmean2: [0.192056462169, 0.115730166435, 0.0707928314805, 0.0894980356097, 0.133946493268, 0.142563804984]
        dvar: [0.0122278518975, 0.00477076787502, 0.00177195575088, 0.005276709795, 0.00430447375402, 0.00508420029655]
        dvar2: [0.0350912883878, 0.0124130500481, 0.00492330966517, 0.0149956410751, 0.01325215213, 0.0143241863698]
        max: [0.816562175751, 0.824763476849, 0.299719125032, 0.530538380146, 0.555630385876, 0.634487628937]
        mean: [0.219790354371, 0.123575828969, 0.068614192307, 0.0905352607369, 0.231155052781, 0.290764659643]
        median: [0.190667822957, 0.0832809284329, 0.053560346365, 0.0487609319389, 0.23249591887, 0.313226252794]
        min: [0, 0, 0, 0, 0, 0]
        var: [0.0261288546026, 0.0139286862686, 0.00293313199654, 0.00939686503261, 0.0121986716986, 0.0182390417904]
    beats_position: [0.650158703327, 1.30031740665, 1.95047616959, 2.60063481331, 3.26240348816, 3.88934230804, 4.5046710968, 5.11999988556, 5.73532867432, 6.33904743195, 6.9543762207, 7.56970500946, 8.18503379822, 8.80036258698, 9.41569137573, 10.0310201645, 10.6347389221, 11.2500677109, 11.8653964996, 12.4807252884, 13.0960540771, 13.6997728348, 14.3034915924, 14.9188203812, 15.5341491699, 16.1494789124, 16.7648067474, 17.3685264587, 17.9838542938, 18.5991840363, 19.2145118713, 19.8182315826, 20.4335594177, 21.0488891602, 21.6642169952, 22.2679367065, 22.8832645416, 23.4985942841, 24.102312088, 24.7176418304, 25.3329696655, 25.948299408, 26.563627243, 27.1673469543, 27.7826747894, 28.3980045319, 29.0133323669, 29.6286621094, 30.2323799133, 30.8360996246, 31.4630374908, 32.0667572021, 32.6820869446, 33.2974128723, 33.901134491, 34.5164604187, 35.1317901611, 35.7471199036, 36.362449646, 36.96616745, 37.5814971924, 38.1968231201, 38.8005447388, 39.4158706665, 40.0312004089, 40.6349182129, 41.2502479553, 41.8539657593, 42.4692955017, 43.0846252441, 43.6999549866, 44.3152809143, 44.9306106567, 45.5343284607, 46.1380500793, 46.7533760071, 47.3687057495, 47.9840354919, 48.5993652344, 49.2146911621, 49.8300209045, 50.4337387085, 51.0374603271, 51.6527900696, 52.2681159973, 52.8834457397, 53.4987754822, 54.1141014099, 54.7294311523, 55.333152771, 55.936870575, 56.5522003174, 57.1675262451, 57.7828559875, 58.39818573, 59.0135154724, 59.6288414001, 60.2441711426, 60.8478889465, 61.463218689, 62.0669364929, 62.6822662354, 63.2975959778, 63.9129257202, 64.5282516479, 65.1319732666, 65.7356872559, 66.351020813, 66.9663467407, 67.5816802979, 68.1970062256, 68.8007278442, 69.4044418335, 70.0197753906, 70.6351013184, 71.2504272461, 71.8657608032, 72.4694747925, 73.0848083496, 73.7001342773, 74.3154602051, 74.9307937622, 75.5345077515, 76.1498413086, 76.7651672363, 77.368888855, 77.9842147827, 78.5995483398, 79.2032623291, 79.8185958862, 80.433921814, 81.0492477417, 81.6645812988, 82.2799072266, 82.8952331543, 83.4989547729, 84.1026763916, 84.7180023193, 85.3333282471, 85.9370498657, 86.5639877319, 87.1677093506, 87.7830352783, 88.386756897, 89.0020828247, 89.6174163818, 90.2327423096, 90.8480682373, 91.4634017944, 92.0787277222, 92.6824493408, 93.2977752686, 93.9014968872, 94.5052108765, 95.1205444336, 95.7358703613, 96.3511962891, 96.9665298462, 97.5702438354, 98.1855773926, 98.8009033203, 99.4162368774, 100.031562805, 100.646888733, 101.26222229, 101.877548218, 102.492874146, 103.108207703, 103.72353363, 104.327255249, 104.930976868, 105.534690857, 106.138412476, 106.753738403, 107.36907196, 107.984397888, 108.599723816, 109.215057373, 109.830383301, 110.434104919, 111.037818909, 111.664756775, 112.280090332, 112.89541626, 113.510749817, 114.126075745, 114.741401672, 115.356735229, 115.972061157, 116.587387085, 117.202720642, 117.81804657, 118.41015625, 119.00226593, 119.617591858, 120.244529724, 120.859863281, 121.463577271, 122.067298889, 122.682624817, 123.297958374, 123.901672363, 124.51700592, 125.132331848, 125.736053467, 126.351379395, 126.966712952, 127.582038879, 128.197372437, 128.801086426, 129.416412354, 130.031738281, 130.635467529, 131.250793457, 131.866119385, 132.481445313, 133.09677124, 133.700500488, 134.315826416, 134.931152344, 135.534866333, 136.15020752, 136.765533447, 137.369247437, 137.984573364, 138.599899292, 139.20362854, 139.818954468, 140.434280396, 141.049606323, 141.66494751, 142.268661499, 142.872375488, 143.487701416, 144.103042603, 144.71836853, 145.333694458, 145.949020386, 146.552734375, 147.168075562, 147.771789551, 148.387115479, 149.002441406, 149.606170654, 150.209884644, 150.825210571, 151.440536499, 152.055877686, 152.671203613, 153.286529541, 153.901855469, 154.517181396, 155.132507324, 155.736236572, 156.3515625, 156.966888428, 157.582214355, 158.197555542, 158.801269531, 159.404983521, 160.020309448, 160.635650635, 161.250976563, 161.86630249, 162.470016479, 163.085342407, 163.700683594, 164.316009521, 164.931335449, 165.546661377, 166.161987305, 166.765716553, 167.38104248, 167.98475647, 168.600082397, 169.215423584, 169.830749512, 170.434463501, 171.049789429, 171.653518677, 172.268844604, 172.884170532, 173.49949646, 174.103210449, 174.718551636, 175.333877563, 175.949203491, 176.564529419, 177.179855347, 177.795196533, 178.398910522, 179.01423645, 179.629562378, 180.244888306, 180.860229492, 181.47555542, 182.090881348, 182.706207275, 183.309921265, 183.925262451, 184.52897644, 185.13269043, 185.736419678, 186.340133667, 186.943847656, 187.605621338, 188.255783081, 188.847885132, 189.451599121, 190.055328369, 190.670654297, 191.332427979, 191.994186401]
    bpm_estimates: [95.7031173706, 97.5088424683, 97.5088424683, 97.5088424683, 99.3840255737, 97.5088424683, 97.5088424683, 97.5088424683, 97.5088424683, 97.5088424683, 97.5088424683, 99.3840255737, 97.5088424683, 97.5088424683, 97.5088424683, 97.5088424683, 99.3840255737, 99.3840255737, 97.5088424683, 97.5088424683, 97.5086975098, 97.5089950562, 99.3838653564, 97.5089950562, 97.5086975098, 97.5089950562, 99.3838653564, 97.5089950562, 97.5086975098, 97.5089950562, 99.3838653564, 97.5089950562, 97.5086975098, 99.3841781616, 97.5086975098, 97.5089950562, 97.5086975098, 97.5089950562, 99.3838653564, 97.5089950562, 97.5086975098, 97.5089950562, 97.5086975098, 99.3841781616, 99.3838653564, 95.7032623291, 99.3838653564, 97.5086975098, 97.5093002319, 99.3835525513, 97.5093002319, 97.5086975098, 97.5086975098, 97.5086975098, 99.3841781616, 97.5086975098, 97.5093002319, 99.3835525513, 97.5093002319, 97.5086975098, 99.3841781616, 97.5086975098, 99.3841781616, 97.5086975098, 97.5086975098, 97.5086975098, 97.5093002319, 97.5086975098, 99.3841781616, 99.3835525513, 97.5093002319, 97.5086975098, 97.5086975098, 97.5086975098, 97.5093002319, 97.5086975098, 99.3841781616, 99.3835525513, 97.5086975098, 97.5093002319, 97.5086975098, 97.5086975098, 97.5093002319, 97.5086975098, 99.3835525513, 99.3841781616, 97.5086975098, 97.5093002319, 97.5086975098, 97.5086975098, 97.5086975098, 97.5093002319, 97.5086975098, 99.3841781616, 97.5086975098, 99.3841781616, 97.5086975098, 97.5086975098, 97.5086975098, 97.5093002319, 99.3835525513, 99.3848114014, 97.5080871582, 97.5093002319, 97.5080871582, 97.5093002319, 99.3835525513, 99.3848114014, 97.5080871582, 97.5093002319, 97.5093002319, 97.5080871582, 99.3848114014, 97.5080871582, 97.5093002319, 97.5093002319, 97.5080871582, 99.3848114014, 97.5080871582, 97.5093002319, 99.3835525513, 97.5093002319, 97.5080871582, 99.3848114014, 97.5080871582, 97.5093002319, 97.5093002319, 97.5080871582, 97.5093002319, 97.5093002319, 99.3835525513, 99.3835525513, 97.5093002319, 97.5093002319, 99.3835525513, 95.7032623291, 99.3835525513, 97.5093002319, 99.3835525513, 97.5093002319, 97.5080871582, 97.5093002319, 97.5093002319, 97.5080871582, 97.5093002319, 99.3835525513, 97.5093002319, 99.3835525513, 99.3848114014, 97.5080871582, 97.5093002319, 97.5093002319, 97.5080871582, 99.3848114014, 97.5080871582, 97.5093002319, 97.5080871582, 97.5093002319, 97.5093002319, 97.5080871582, 97.5093002319, 97.5093002319, 97.5080871582, 97.5093002319, 99.3835525513, 99.3835525513, 99.3848114014, 99.3835525513, 97.5093002319, 97.5080871582, 97.5093002319, 97.5093002319, 97.5080871582, 97.5093002319, 99.3835525513, 99.3848114014, 95.7032623291, 97.5080871582, 97.5093002319, 97.5080871582, 97.5093002319, 97.5093002319, 97.5080871582, 97.5093002319, 97.5093002319, 97.5080871582, 97.5093002319, 101.332580566, 101.332580566, 97.5093002319, 95.7032623291, 97.5080871582, 99.3848114014, 99.3835525513, 97.5093002319, 97.5080871582, 99.3848114014, 97.5080871582, 97.5093002319, 99.3835525513, 97.5093002319, 97.5080871582, 97.5093002319, 97.5080871582, 99.3848114014, 97.5093002319, 97.5093002319, 99.3823013306, 97.5093002319, 97.5093002319, 97.5093002319, 97.5093002319, 99.3823013306, 97.5093002319, 97.5093002319, 99.3848114014, 97.5068817139, 97.5093002319, 99.3848114014, 97.5093002319, 97.5093002319, 99.3823013306, 97.5093002319, 97.5093002319, 97.5093002319, 97.5068817139, 99.3848114014, 99.3848114014, 97.5093002319, 97.5068817139, 97.5093002319, 97.5093002319, 97.5093002319, 99.3848114014, 97.5068817139, 99.3848114014, 97.5093002319, 97.5093002319, 99.3823013306, 99.3848114014, 97.5093002319, 97.5093002319, 97.5068817139, 97.5093002319, 97.5093002319, 97.5093002319, 97.5093002319, 97.5093002319, 99.3823013306, 97.5093002319, 97.5093002319, 97.5093002319, 97.5068817139, 99.3848114014, 99.3848114014, 97.5093002319, 97.5068817139, 97.5093002319, 97.5093002319, 99.3848114014, 97.5093002319, 97.5068817139, 97.5093002319, 97.5093002319, 97.5093002319, 97.5093002319, 99.3823013306, 97.5093002319, 99.3848114014, 97.5093002319, 97.5068817139, 97.5093002319, 99.3848114014, 97.5093002319, 99.3823013306, 97.5093002319, 97.5093002319, 97.5093002319, 99.3848114014, 97.5068817139, 97.5093002319, 97.5093002319, 97.5093002319, 97.5093002319, 97.5068817139, 99.3848114014, 97.5093002319, 97.5093002319, 97.5093002319, 97.5068817139, 97.5093002319, 97.5093002319, 97.5093002319, 99.3848114014, 97.5068817139, 99.3848114014, 99.3848114014, 99.3823013306, 99.3848114014, 99.3848114014, 101.333885193, 99.3848114014, 99.3823013306, 97.5093002319]
