
metadata:
    version:
        essentia: "2.1-beta2"
    audio_properties:
        analysis_sample_rate: 44100
        bitrate: 183
        channels: 2
        equal_loudness: 1
        length: 184.084899902
        replay_gain: -14.8995552063
        downmix: "mix"
    tags:
        album: "Lueurs"
        artist: "Kells"
        comment: " "
        date: "2009"
        genre: "Alternative"
        title: "Ailleurs"
        tracknumber: "10"

configuration:
    average_loudness:
        compute: 1
        frameSize: 88200
        hopSize: 44100
        silentFrames: "noise"
        windowType: "hann"
    general:
        analysisSampleRate: 44100
        endTime: 2000
        equalLoudness: 1
        nequalLoudness: 0
        shortSound: 0
        startTime: 0
    lowlevel:
        compute: 1
        frameSize: 2048
        hopSize: 1024
        zeroPadding: 0
        silentFrames: "noise"
        windowType: "blackmanharris62"
        mfccStats: ["mean", "cov", "icov"]
        stats: ["mean", "var", "median", "min", "max", "dmean", "dmean2", "dvar", "dvar2"]
    panning:
        compute: 0
        frameSize: 8192
        hopSize: 2048
        zeroPadding: 8192
        silentFrames: "noise"
        windowType: "hann"
        stats: ["copy"]
    rhythm:
        compute: 1
        maxTempo: 208
        minTempo: 40
        method: "degara"
        stats: ["mean", "var", "median", "min", "max", "dmean", "dmean2", "dvar", "dvar2"]
    segmentation:
        compute: 0
        cpw: 5
        inc1: 300
        inc2: 50
        minimumSegmentsLength: 10
        size1: 1000
        size2: 600
    sfx:
        compute: 1
        stats: ["mean", "var", "median", "min", "max", "dmean", "dmean2", "dvar", "dvar2"]
    svm:
        compute: 0
    tonal:
        compute: 1
        frameSize: 4096
        hopSize: 2048
        zeroPadding: 0
        silentFrames: "noise"
        windowType: "blackmanharris62"
        stats: ["mean", "var", "median", "min", "max", "dmean", "dmean2", "dvar", "dvar2"]

lowlevel:
    average_loudness: 0.908715605736
    barkbands_kurtosis:
        dmean: 0.718835055828
        dmean2: 1.1512298584
        dvar: 2.48627018929
        dvar2: 5.8905339241
        max: 82.7765579224
        mean: -0.362489849329
        median: -1.03335750103
        min: -1.87426817417
        var: 7.85408830643
    barkbands_skewness:
        dmean: 0.345466136932
        dmean2: 0.538651645184
        dvar: 0.120338194072
        dvar2: 0.285368531942
        max: 9.03652954102
        mean: -0.247549012303
        median: -0.302308291197
        min: -5.05901765823
        var: 0.765203952789
    barkbands_spread:
        dmean: 5.14409399033
        dmean2: 8.26035881042
        dvar: 27.3812026978
        dvar2: 68.1868743896
        max: 66.2056045532
        mean: 31.6805458069
        median: 32.8190536499
        min: 1.62612116337
        var: 142.544998169
    dissonance:
        dmean: 0.0143547160551
        dmean2: 0.024289958179
        dvar: 0.000307923823129
        dvar2: 0.000826032424811
        max: 0.500000178814
        mean: 0.47571605444
        median: 0.4838950634
        min: 0.168207198381
        var: 0.000654560688417
    hfc:
        dmean: 2.35689496994
        dmean2: 3.54601716995
        dvar: 8.64393424988
        dvar2: 19.3391780853
        max: 58.5688247681
        mean: 10.3704338074
        median: 9.75079154968
        min: 1.07679996479e-016
        var: 50.1533660889
    pitch:
        dmean: 718.434753418
        dmean2: 1380.56359863
        dvar: 1570976.375
        dvar2: 3960332
        max: 4874.26708984
        mean: 1684.14782715
        median: 502.984466553
        min: 59.3704833984
        var: 2600114.5
    pitch_instantaneous_confidence:
        dmean: 0.0820096433163
        dmean2: 0.129873663187
        dvar: 0.00580336712301
        dvar2: 0.0126989139244
        max: 0.97852319479
        mean: 0.461886495352
        median: 0.403103649616
        min: 0.0989560484886
        var: 0.0412424691021
    pitch_salience:
        dmean: 0.0542296841741
        dmean2: 0.0868302881718
        dvar: 0.00233703712001
        dvar2: 0.00571097340435
        max: 0.992692053318
        mean: 0.635460734367
        median: 0.653239071369
        min: 0.070953823626
        var: 0.0114113437012
    silence_rate_20dB:
        dmean: 0
        dmean2: 0
        dvar: 0
        dvar2: 0
        max: 1
        mean: 1
        median: 1
        min: 1
        var: 0
    silence_rate_30dB:
        dmean: 0
        dmean2: 0
        dvar: 0
        dvar2: 0
        max: 1
        mean: 1
        median: 1
        min: 1
        var: 0
    silence_rate_60dB:
        dmean: 0.0560040362179
        dmean2: 0.112022206187
        dvar: 0.0528723224998
        dvar2: 0.116641417146
        max: 1
        mean: 0.255643844604
        median: 0
        min: 0
        var: 0.190279975533
    spectral_centroid:
        dmean: 242.057312012
        dmean2: 380.332000732
        dvar: 70536.75
        dvar2: 150485.96875
        max: 11646.3769531
        mean: 2070.92553711
        median: 2051.79516602
        min: 253.943939209
        var: 737096.0625
    spectral_complexity:
        dmean: 3.43213915825
        dmean2: 5.40254831314
        dvar: 15.2941884995
        dvar2: 32.8647880554
        max: 48
        mean: 16.0031528473
        median: 16
        min: 0
        var: 92.8910522461
    spectral_crest:
        dmean: 1.72686290741
        dmean2: 2.79997754097
        dvar: 3.03243660927
        dvar2: 7.26420497894
        max: 26.3953819275
        mean: 7.41528272629
        median: 6.37304973602
        min: 2.71722817421
        var: 12.695142746
    spectral_decrease:
        dmean: 2.28249849576e-010
        dmean2: 3.49271112032e-010
        dvar: 7.22898469716e-020
        dvar2: 1.60539575176e-019
        max: 1.49504922128e-028
        mean: -1.04756425756e-009
        median: -1.05191066968e-009
        min: -3.27115490251e-009
        var: 3.38379400219e-019
    spectral_energy:
        dmean: 0.00104453263339
        dmean2: 0.00158675445709
        dvar: 1.53414521264e-006
        dvar2: 3.37664141625e-006
        max: 0.0174453519285
        mean: 0.00489437812939
        median: 0.00487949280068
        min: 1.01253393559e-020
        var: 7.72303701524e-006
    spectral_energyband_high:
        dmean: 0.000225001072977
        dmean2: 0.000355368712917
        dvar: 1.12953152609e-007
        dvar2: 2.69586394097e-007
        max: 0.00841916538775
        mean: 0.000606415735092
        median: 0.000485716300318
        min: 7.16720092931e-021
        var: 3.56468092377e-007
    spectral_energyband_low:
        dmean: 0.000208274461329
        dmean2: 0.000359868980013
        dvar: 1.12142757303e-007
        dvar2: 3.11969500899e-007
        max: 0.0042219562456
        mean: 0.000333436793881
        median: 0.000237949789152
        min: 1.72100324775e-023
        var: 1.46309631077e-007
    spectral_energyband_middle_high:
        dmean: 0.000710996100679
        dmean2: 0.00107445649337
        dvar: 7.0168982802e-007
        dvar2: 1.57931253852e-006
        max: 0.0144391311333
        mean: 0.00300586782396
        median: 0.0028061280027
        min: 1.24159860431e-021
        var: 4.21963886765e-006
    spectral_energyband_middle_low:
        dmean: 0.000426586979302
        dmean2: 0.000677389849443
        dvar: 3.68752267832e-007
        dvar2: 8.38567757455e-007
        max: 0.00688731810078
        mean: 0.00109578319825
        median: 0.000911882438231
        min: 1.93312422174e-022
        var: 8.46439036195e-007
    spectral_flatness_db:
        dmean: 0.014450179413
        dmean2: 0.0217838827521
        dvar: 0.00026113842614
        dvar2: 0.000485112541355
        max: 0.442419826984
        mean: 0.155195623636
        median: 0.13646428287
        min: 0.0538105256855
        var: 0.00316397915594
    spectral_flux:
        dmean: 0.00806951615959
        dmean2: 0.0124846901745
        dvar: 8.75166078913e-005
        dvar2: 0.000204734518775
        max: 0.128491207957
        mean: 0.0414428822696
        median: 0.0416195727885
        min: 6.40836619881e-011
        var: 0.00034312842763
    spectral_kurtosis:
        dmean: 1.07089984417
        dmean2: 1.83653593063
        dvar: 1.92462050915
        dvar2: 5.99717187881
        max: 37.2540664673
        mean: 3.34579515457
        median: 2.75718021393
        min: -1.27287745476
        var: 6.47500085831
    spectral_rms:
        dmean: 0.000231567813898
        dmean2: 0.000345044769347
        dvar: 6.56240572994e-008
        dvar2: 1.34432937671e-007
        max: 0.00412551267073
        mean: 0.00205984455533
        median: 0.00218185270205
        min: 3.14298890733e-012
        var: 5.32030526301e-007
    spectral_rolloff:
        dmean: 273.028747559
        dmean2: 449.739227295
        dvar: 222294.375
        dvar2: 455548.9375
        max: 19272.2167969
        mean: 3679.22216797
        median: 3832.91015625
        min: 172.265625
        var: 1782564.375
    spectral_skewness:
        dmean: 0.15210647881
        dmean2: 0.252001196146
        dvar: 0.0248599331826
        dvar2: 0.0678264498711
        max: 4.71458387375
        mean: 1.23545670509
        median: 1.15662610531
        min: -0.118485368788
        var: 0.157416597009
    spectral_spread:
        dmean: 443489.59375
        dmean2: 665894.125
        dvar: 449452376064
        dvar2: 717650067456
        max: 43475124
        mean: 4757932.5
        median: 4346810
        min: 1779419.25
        var: 8.03001860096e+012
    spectral_strongpeak:
        dmean: 0.61567145586
        dmean2: 1.04562079906
        dvar: 0.927299559116
        dvar2: 2.39441514015
        max: 11.1803874969
        mean: 1.07120466232
        median: 0.519551336765
        min: 5.29303753605e-011
        var: 1.93917679787
    zerocrossingrate:
        dmean: 0.00756380194798
        dmean2: 0.00923379417509
        dvar: 6.24759995844e-005
        dvar2: 6.9195368269e-005
        max: 0.51806640625
        mean: 0.112880475819
        median: 0.11376953125
        min: 0.0166015625
        var: 0.00143767625559
    barkbands:
        dmean: [7.98772703092e-007, 4.97121254739e-005, 0.000127671301016, 0.000136583475978, 0.000200406910153, 8.86700509e-005, 9.40452082432e-005, 7.6559081208e-005, 5.80873384024e-005, 0.000143621437019, 0.000129489635583, 5.82701577514e-005, 3.306243525e-005, 6.15009121248e-005, 9.89833570202e-005, 0.000119207616081, 0.000159679519129, 0.000156838941621, 0.000254537677392, 0.000261247274466, 9.55324139795e-005, 2.28950430028e-005, 4.72280362374e-006, 2.53494590652e-006, 1.05868014089e-006, 3.87328640272e-008, 4.37121921992e-010]
        dmean2: [1.11609347186e-006, 8.65270703798e-005, 0.000222529095481, 0.000229122189921, 0.000330540875439, 0.000147657628986, 0.000148811275722, 0.000119909331261, 9.35164862312e-005, 0.00022093046573, 0.000198991256184, 9.47615262703e-005, 5.42833186046e-005, 9.9349890661e-005, 0.000157895497978, 0.000194809719687, 0.000259027554421, 0.000253982754657, 0.000407639046898, 0.000417316856328, 0.000155223562615, 3.7955105654e-005, 7.5487655522e-006, 3.95323468183e-006, 1.58405453021e-006, 5.92552389378e-008, 7.08397840388e-010]
        dvar: [1.79797496336e-012, 6.90059742681e-009, 4.58463524922e-008, 3.95461263736e-008, 1.14507031412e-007, 2.89189650005e-008, 3.44647084205e-008, 2.83704242321e-008, 1.62114996982e-008, 1.03718790001e-007, 9.52165351009e-008, 8.48676791065e-008, 1.35724826933e-008, 2.56505465757e-008, 4.11099740916e-008, 5.44674456648e-008, 8.31547239954e-008, 7.45479979969e-008, 1.15146711721e-007, 1.28891031181e-007, 2.50282941039e-008, 1.16249276871e-009, 6.42193312417e-011, 1.73532108821e-011, 8.40864704255e-012, 4.63522991691e-014, 6.40394234649e-019]
        dvar2: [3.87119026071e-012, 1.95068210473e-008, 1.2920574477e-007, 1.05631841052e-007, 2.66533874083e-007, 7.4695591934e-008, 7.55706182076e-008, 6.04214136501e-008, 3.42787451757e-008, 2.26928179359e-007, 2.21058030547e-007, 2.16163044797e-007, 3.15490211733e-008, 6.36127310827e-008, 9.65084012705e-008, 1.36195680511e-007, 2.058131372e-007, 1.78125446837e-007, 2.78640811757e-007, 3.09693774625e-007, 6.12429502667e-008, 2.91490143134e-009, 1.52794554786e-010, 4.06182136536e-011, 1.571990281e-011, 9.40043534551e-014, 1.45562963537e-018]
        max: [1.18709676826e-005, 0.000631939561572, 0.00304710050113, 0.00272239977494, 0.00452959351242, 0.00282935937867, 0.00579924322665, 0.00437591504306, 0.0044762045145, 0.00559891946614, 0.00578047288582, 0.00971152819693, 0.00445099407807, 0.00408427463844, 0.00764706917107, 0.00590643566102, 0.00690957158804, 0.00825644284487, 0.00851420778781, 0.00718956300989, 0.0028454347048, 0.000380316167139, 0.000155963381985, 0.000121665580082, 0.000142815479194, 1.18899815789e-005, 2.38397817043e-008]
        mean: [1.17665888411e-006, 6.84781844029e-005, 0.000172639891389, 0.000205473726965, 0.000330543931341, 0.000138614836033, 0.000149011146277, 0.000125652208226, 0.000102105979749, 0.000356303557055, 0.00029673287645, 9.00710729184e-005, 5.24082606717e-005, 0.000106880594103, 0.000187666955753, 0.000221813956159, 0.000355570315151, 0.000329827424139, 0.00061508116778, 0.000712479348294, 0.000207647972275, 4.98956687807e-005, 9.88298143056e-006, 6.16178931523e-006, 2.19373509935e-006, 6.56258407616e-008, 6.2388849642e-010]
        median: [1.18231263002e-007, 3.93072223233e-005, 0.000106354047603, 0.000112427784188, 0.000204792129807, 8.12983489595e-005, 6.51813388686e-005, 4.3679105147e-005, 5.34201681148e-005, 5.84514273214e-005, 4.4814809371e-005, 3.42269195244e-005, 2.75959519058e-005, 5.01343383803e-005, 9.86695813481e-005, 0.000161530813784, 0.00023290545505, 0.000245310104219, 0.000520345405675, 0.000535470142495, 0.000159053335665, 4.0636427002e-005, 7.37907248549e-006, 4.64943605039e-006, 1.09582379082e-006, 1.54384043327e-008, 2.62758675929e-010]
        min: [7.20841077845e-025, 2.41717118222e-024, 5.72650302748e-025, 1.42468338647e-024, 1.06917442374e-023, 6.10494642499e-024, 9.94788153591e-024, 1.2247749496e-023, 1.65918858053e-023, 2.0566200178e-023, 1.35173035826e-023, 2.99168587884e-023, 2.47292305895e-023, 2.18050399653e-023, 3.1829792841e-023, 5.12183404388e-023, 8.33652301202e-023, 9.28029663527e-023, 1.71046021641e-022, 1.28569509588e-022, 2.51806470918e-022, 2.41617164812e-022, 4.68454534627e-022, 5.829723489e-022, 8.67138626213e-022, 1.41463586234e-021, 1.90937478795e-021]
        var: [3.83305713558e-012, 7.64755991867e-009, 5.02639814215e-008, 7.24887030401e-008, 1.84908671486e-007, 3.8162749405e-008, 6.34614067963e-008, 6.14408079969e-008, 5.70922793486e-008, 5.35791855327e-007, 4.97693520174e-007, 1.1041939274e-007, 1.96574792e-008, 4.49947776815e-008, 1.19951025113e-007, 7.79537643325e-008, 2.86287388462e-007, 1.57140235046e-007, 3.08965894646e-007, 5.36377967819e-007, 4.9961005999e-008, 2.38222441773e-009, 1.15339578166e-010, 4.24845852942e-011, 2.37175279416e-011, 1.01791899833e-013, 1.3076378214e-018]
    frequency_bands:
        dmean: [7.98772703092e-007, 4.97121254739e-005, 0.000127671301016, 0.000136583475978, 0.000200406910153, 8.86700509e-005, 9.40452082432e-005, 7.6559081208e-005, 5.80873384024e-005, 0.000143621437019, 0.000129489635583, 5.82701577514e-005, 3.306243525e-005, 6.15009121248e-005, 9.89833570202e-005, 0.000119207616081, 0.000159679519129, 0.000156838941621, 0.000254537677392, 0.000261247274466, 9.55324139795e-005, 2.28950430028e-005, 4.72280362374e-006, 2.53494590652e-006, 1.05868014089e-006, 3.87328640272e-008, 4.37121921992e-010, 6.03523342413e-011]
        dmean2: [1.11609347186e-006, 8.65270703798e-005, 0.000222529095481, 0.000229122189921, 0.000330540875439, 0.000147657628986, 0.000148811275722, 0.000119909331261, 9.35164862312e-005, 0.00022093046573, 0.000198991256184, 9.47615262703e-005, 5.42833186046e-005, 9.9349890661e-005, 0.000157895497978, 0.000194809719687, 0.000259027554421, 0.000253982754657, 0.000407639046898, 0.000417316856328, 0.000155223562615, 3.7955105654e-005, 7.5487655522e-006, 3.95323468183e-006, 1.58405453021e-006, 5.92552389378e-008, 7.08397840388e-010, 1.12447384737e-010]
        dvar: [1.79797496336e-012, 6.90059742681e-009, 4.58463524922e-008, 3.95461263736e-008, 1.14507031412e-007, 2.89189650005e-008, 3.44647084205e-008, 2.83704242321e-008, 1.62114996982e-008, 1.03718790001e-007, 9.52165351009e-008, 8.48676791065e-008, 1.35724826933e-008, 2.56505465757e-008, 4.11099740916e-008, 5.44674456648e-008, 8.31547239954e-008, 7.45479979969e-008, 1.15146711721e-007, 1.28891031181e-007, 2.50282941039e-008, 1.16249276871e-009, 6.42193312417e-011, 1.73532108821e-011, 8.40864704255e-012, 4.63522991691e-014, 6.40394234649e-019, 7.56404405936e-021]
        dvar2: [3.87119026071e-012, 1.95068210473e-008, 1.2920574477e-007, 1.05631841052e-007, 2.66533874083e-007, 7.4695591934e-008, 7.55706182076e-008, 6.04214136501e-008, 3.42787451757e-008, 2.26928179359e-007, 2.21058030547e-007, 2.16163044797e-007, 3.15490211733e-008, 6.36127310827e-008, 9.65084012705e-008, 1.36195680511e-007, 2.058131372e-007, 1.78125446837e-007, 2.78640811757e-007, 3.09693774625e-007, 6.12429502667e-008, 2.91490143134e-009, 1.52794554786e-010, 4.06182136536e-011, 1.571990281e-011, 9.40043534551e-014, 1.45562963537e-018, 2.40256418374e-020]
        max: [1.18709676826e-005, 0.000631939561572, 0.00304710050113, 0.00272239977494, 0.00452959351242, 0.00282935937867, 0.00579924322665, 0.00437591504306, 0.0044762045145, 0.00559891946614, 0.00578047288582, 0.00971152819693, 0.00445099407807, 0.00408427463844, 0.00764706917107, 0.00590643566102, 0.00690957158804, 0.00825644284487, 0.00851420778781, 0.00718956300989, 0.0028454347048, 0.000380316167139, 0.000155963381985, 0.000121665580082, 0.000142815479194, 1.18899815789e-005, 2.38397817043e-008, 9.51098977353e-010]
        mean: [1.17665888411e-006, 6.84781844029e-005, 0.000172639891389, 0.000205473726965, 0.000330543931341, 0.000138614836033, 0.000149011146277, 0.000125652208226, 0.000102105979749, 0.000356303557055, 0.00029673287645, 9.00710729184e-005, 5.24082606717e-005, 0.000106880594103, 0.000187666955753, 0.000221813956159, 0.000355570315151, 0.000329827424139, 0.00061508116778, 0.000712479348294, 0.000207647972275, 4.98956687807e-005, 9.88298143056e-006, 6.16178931523e-006, 2.19373509935e-006, 6.56258407616e-008, 6.2388849642e-010, 4.6713913987e-011]
        median: [1.18231263002e-007, 3.93072223233e-005, 0.000106354047603, 0.000112427784188, 0.000204792129807, 8.12983489595e-005, 6.51813388686e-005, 4.3679105147e-005, 5.34201681148e-005, 5.84514273214e-005, 4.4814809371e-005, 3.42269195244e-005, 2.75959519058e-005, 5.01343383803e-005, 9.86695813481e-005, 0.000161530813784, 0.00023290545505, 0.000245310104219, 0.000520345405675, 0.000535470142495, 0.000159053335665, 4.0636427002e-005, 7.37907248549e-006, 4.64943605039e-006, 1.09582379082e-006, 1.54384043327e-008, 2.62758675929e-010, 1.60830914558e-011]
        min: [7.20841077845e-025, 2.41717118222e-024, 5.72650302748e-025, 1.42468338647e-024, 1.06917442374e-023, 6.10494642499e-024, 9.94788153591e-024, 1.2247749496e-023, 1.65918858053e-023, 2.0566200178e-023, 1.35173035826e-023, 2.99168587884e-023, 2.47292305895e-023, 2.18050399653e-023, 3.1829792841e-023, 5.12183404388e-023, 8.33652301202e-023, 9.28029663527e-023, 1.71046021641e-022, 1.28569509588e-022, 2.51806470918e-022, 2.41617164812e-022, 4.68454534627e-022, 5.829723489e-022, 8.67138626213e-022, 1.41463586234e-021, 1.90937478795e-021, 5.09712540572e-022]
        var: [3.83305713558e-012, 7.64755991867e-009, 5.02639814215e-008, 7.24887030401e-008, 1.84908671486e-007, 3.8162749405e-008, 6.34614067963e-008, 6.14408079969e-008, 5.70922793486e-008, 5.35791855327e-007, 4.97693520174e-007, 1.1041939274e-007, 1.96574792e-008, 4.49947776815e-008, 1.19951025113e-007, 7.79537643325e-008, 2.86287388462e-007, 1.57140235046e-007, 3.08965894646e-007, 5.36377967819e-007, 4.9961005999e-008, 2.38222441773e-009, 1.15339578166e-010, 4.24845852942e-011, 2.37175279416e-011, 1.01791899833e-013, 1.3076378214e-018, 6.08289598933e-021]
    mfcc:
        mean: [-713.475463867, 85.4234008789, -52.3660163879, 50.1955871582, -13.4061431885, -12.5728235245, 4.84890651703, -5.07362556458, -2.04677057266, -0.125498682261, -14.9641551971, -7.07949829102, -3.14267063141]
        cov: [[7048.97460938, 557.944030762, -169.982208252, 1226.58850098, -81.8190383911, 599.070861816, -197.776565552, 203.638870239, 177.001083374, -19.4782562256, 120.410766602, -37.5241470337, -102.302597046], [557.944030762, 846.270019531, 104.99823761, 230.526123047, 72.3678894043, 93.1825408936, 21.7654628754, 55.6743202209, 23.2747039795, 22.7347888947, 41.39610672, -50.407169342, -19.8873138428], [-169.982208252, 104.99823761, 660.633239746, 157.165847778, 52.2419281006, 229.270889282, -146.253585815, 78.8858108521, -3.87147521973, -56.6932144165, 124.673858643, 15.1845140457, -14.949505806], [1226.58850098, 230.526123047, 157.165847778, 525.482727051, 69.3545532227, 242.814086914, -100.574714661, 104.672218323, 56.5744628906, -16.38164711, 98.1437149048, 28.6816654205, -21.9022274017], [-81.8190383911, 72.3678894043, 52.2419281006, 69.3545532227, 154.893997192, 17.7503147125, 32.0044136047, 14.7190589905, 17.3835716248, 24.9720611572, 10.5332069397, 14.5206079483, -4.09187507629], [599.070861816, 93.1825408936, 229.270889282, 242.814086914, 17.7503147125, 370.716430664, -45.5363235474, 109.706497192, 53.0414772034, -28.0810031891, 105.29334259, -19.0324459076, -13.9874944687], [-197.776565552, 21.7654628754, -146.253585815, -100.574714661, 32.0044136047, -45.5363235474, 205.909362793, 4.47311735153, 25.0503425598, 36.9811553955, -75.6847686768, -26.8092880249, 16.7317447662], [203.638870239, 55.6743202209, 78.8858108521, 104.672218323, 14.7190589905, 109.706497192, 4.47311735153, 123.762916565, 51.9579696655, 9.20687389374, 42.1893959045, 2.28026843071, 4.44095134735], [177.001083374, 23.2747039795, -3.87147521973, 56.5744628906, 17.3835716248, 53.0414772034, 25.0503425598, 51.9579696655, 116.338806152, 15.2469377518, 17.8479652405, -13.2557191849, 4.34036111832], [-19.4782562256, 22.7347888947, -56.6932144165, -16.38164711, 24.9720611572, -28.0810031891, 36.9811553955, 9.20687389374, 15.2469377518, 107.802085876, 1.09831023216, 4.96603727341, -2.94859313965], [120.410766602, 41.39610672, 124.673858643, 98.1437149048, 10.5332069397, 105.29334259, -75.6847686768, 42.1893959045, 17.8479652405, 1.09831023216, 148.626052856, 38.3348426819, -4.92289066315], [-37.5241470337, -50.407169342, 15.1845140457, 28.6816654205, 14.5206079483, -19.0324459076, -26.8092880249, 2.28026843071, -13.2557191849, 4.96603727341, 38.3348426819, 121.000778198, 37.6786956787], [-102.302597046, -19.8873138428, -14.949505806, -21.9022274017, -4.09187507629, -13.9874944687, 16.7317447662, 4.44095134735, 4.34036111832, -2.94859313965, -4.92289066315, 37.6786956787, 78.560508728]]
        icov: [[0.000315162964398, -5.75950361963e-005, 0.000290745432721, -0.000758150476031, 0.000451888423413, -0.000263627967797, 0.000111551213195, 0.000125491293147, -0.000146457445226, -9.13821713766e-005, 0.000218884277274, -1.77957883807e-006, 0.000204766358365], [-5.75950361963e-005, 0.00155687541701, -0.000316262099659, -0.000794237246737, -0.000275471713394, 0.000514204788487, -0.000734241330065, -7.30034589651e-005, 0.000440885836724, -0.000291094678687, -0.000668206717819, 0.00120092078578, -0.000377919583116], [0.000290745432721, -0.000316262099659, 0.0029234290123, 3.94699454773e-005, -0.000985553138889, -0.00159827491734, 0.00191066169646, -0.00097620341694, 0.000503514485899, 0.000843292509671, -0.000210751371924, -8.75311379787e-005, 0.000210822181543], [-0.000758150476031, -0.000794237246737, 3.94699454773e-005, 0.00606538774446, -0.00275063817389, -0.00169338460546, 0.00221515516751, -0.00174709851854, -0.000534415186848, 0.000732184504159, 0.000367563217878, -0.00182845874224, 0.000649376248475], [0.000451888423413, -0.000275471713394, -0.000985553138889, -0.00275063817389, 0.009312864393, 0.000544195005205, -0.0027753917966, 0.00134132942185, -0.000938893121202, -0.00174695509486, 1.8644357624e-005, -0.00130522542167, 0.00127502682153], [-0.000263627967797, 0.000514204788487, -0.00159827491734, -0.00169338460546, 0.000544195005205, 0.006564788986, -0.00182104331907, -0.00220661563799, 2.36852920352e-005, 0.00103979301639, -0.00313470326364, 0.00248979404569, -0.000632460636552], [0.000111551213195, -0.000734241330065, 0.00191066169646, 0.00221515516751, -0.0027753917966, -0.00182104331907, 0.0095739569515, -0.00203613145277, -0.00132672907785, -0.00132214347832, 0.00406897580251, 0.000182613264769, -0.00126112159342], [0.000125491293147, -7.30034589651e-005, -0.00097620341694, -0.00174709851854, 0.00134132942185, -0.00220661563799, -0.00203613145277, 0.0141134606674, -0.00405978597701, -0.00155309296679, -0.00110500492156, -0.000426380371209, -0.000913835247047], [-0.000146457445226, 0.000440885836724, 0.000503514485899, -0.000534415186848, -0.000938893121202, 2.36852920352e-005, -0.00132672907785, -0.00405978597701, 0.0119319753721, -0.000740145507734, -0.00166840222664, 0.0024791972246, -0.00164552149363], [-9.13821713766e-005, -0.000291094678687, 0.000843292509671, 0.000732184504159, -0.00174695509486, 0.00103979301639, -0.00132214347832, -0.00155309296679, -0.000740145507734, 0.0113321943209, -0.0016301847063, -0.000776352186222, 0.00137185410131], [0.000218884277274, -0.000668206717819, -0.000210751371924, 0.000367563217878, 1.8644357624e-005, -0.00313470326364, 0.00406897580251, -0.00110500492156, -0.00166840222664, -0.0016301847063, 0.0127263506874, -0.00456292554736, 0.00183386681601], [-1.77957883807e-006, 0.00120092078578, -8.75311379787e-005, -0.00182845874224, -0.00130522542167, 0.00248979404569, 0.000182613264769, -0.000426380371209, 0.0024791972246, -0.000776352186222, -0.00456292554736, 0.0136987054721, -0.00688632857054], [0.000204766358365, -0.000377919583116, 0.000210822181543, 0.000649376248475, 0.00127502682153, -0.000632460636552, -0.00126112159342, -0.000913835247047, -0.00164552149363, 0.00137185410131, 0.00183386681601, -0.00688632857054, 0.0169553328305]]
    sccoeffs:
        dmean: [0.0529877617955, 0.0462246537209, 0.0391551144421, 0.0307445954531, 0.0223930701613, 0.0168695282191]
        dmean2: [0.0873030275106, 0.0761896297336, 0.0632351860404, 0.049487374723, 0.0358088240027, 0.0274170245975]
        dvar: [0.00193142716307, 0.0014374939492, 0.00108525168616, 0.000704442732967, 0.000414531765273, 0.000226785574341]
        dvar2: [0.0049370159395, 0.00362290348858, 0.00263180956244, 0.00166896916926, 0.000883980595972, 0.000547863717657]
        max: [-0.281956374645, -0.387573510408, -0.387202113867, -0.486200600863, -0.513035953045, -0.642618536949]
        mean: [-0.678407549858, -0.765472769737, -0.748053789139, -0.77977591753, -0.782272458076, -0.753358602524]
        median: [-0.682808339596, -0.774114966393, -0.768257200718, -0.788690507412, -0.7928571105, -0.744092702866]
        min: [-0.977419674397, -0.997204005718, -0.995364010334, -0.992427051067, -0.993583083153, -0.966029405594]
        var: [0.00631219660863, 0.00518245343119, 0.00839591864496, 0.00356992334127, 0.00296444562264, 0.00193759961985]
    scvalleys:
        dmean: [0.412217497826, 0.376526743174, 0.318192631006, 0.270430058241, 0.225314229727, 0.252609461546]
        dmean2: [0.672895550728, 0.614360392094, 0.508936107159, 0.417026311159, 0.333109468222, 0.369935899973]
        dvar: [0.151573061943, 0.11859806627, 0.0874492377043, 0.0770465806127, 0.0680578127503, 0.0893302410841]
        dvar2: [0.358046352863, 0.264154911041, 0.183073252439, 0.138577759266, 0.109184019268, 0.162760749459]
        max: [-5.20119714737, -4.94218683243, -5.57288503647, -5.78212499619, -5.63428115845, -7.56812047958]
        mean: [-7.34613656998, -6.94621324539, -7.26491832733, -7.42946147919, -7.03194904327, -9.77733421326]
        median: [-6.66468191147, -6.6342625618, -6.95961332321, -7.03471136093, -6.56026506424, -9.37710857391]
        min: [-27.8332901001, -27.9682617188, -27.8273963928, -27.4498100281, -27.4677715302, -27.3836803436]
        var: [4.406437397, 3.17310023308, 2.91620182991, 3.03913998604, 3.33379101753, 2.84365391731]

rhythm:
    beats_loudness:
        dmean: 0.00289776385762
        dmean2: 0.00547968503088
        dvar: 4.19952766606e-006
        dvar2: 1.29075242512e-005
        max: 0.0142739433795
        mean: 0.00644266977906
        median: 0.00682025775313
        min: 0
        var: 8.27251733426e-006
    bpm: 107.966827393
    bpm_confidence: 0
    first_peak_bpm: 108
    first_peak_spread: 0.223974809051
    first_peak_weight: 0.743202388287
    onset_rate: 2.74329948425
    second_peak_bpm: 123
    second_peak_spread: 0.454545468092
    second_peak_weight: 0.0181268882006
    beats_loudness_band_ratio:
        dmean: [0.0997448265553, 0.10837803781, 0.0631586313248, 0.121617481112, 0.0839048549533, 0.107784539461]
        dmean2: [0.176386266947, 0.204025864601, 0.106256313622, 0.217900961637, 0.142797499895, 0.18707318604]
        dvar: [0.00671075191349, 0.00922360550612, 0.0052121640183, 0.0247656982392, 0.00688878633082, 0.00918280333281]
        dvar2: [0.0190537683666, 0.0280225090683, 0.0128246638924, 0.0673768147826, 0.0198575984687, 0.0265480391681]
        max: [0.565593659878, 0.882613539696, 0.526087760925, 0.928452670574, 0.707722663879, 0.754790067673]
        mean: [0.150394320488, 0.138921052217, 0.106066897511, 0.155162781477, 0.220122367144, 0.297918707132]
        median: [0.145168811083, 0.121018178761, 0.0863326862454, 0.0768135562539, 0.207637786865, 0.301476716995]
        min: [0, 0, 0, 0, 0, 0]
        var: [0.0118624540046, 0.0134263299406, 0.00745266117156, 0.0286112744361, 0.0104472022504, 0.0151023333892]
    beats_position: [0.557278871536, 1.11455774307, 1.67183673382, 2.22911548615, 2.79800438881, 3.35528349876, 3.90095233917, 4.45823097229, 5.01551008224, 5.5727891922, 6.11845779419, 6.68734693527, 7.23301553726, 7.79029464722, 8.33596324921, 8.893242836, 9.45052146912, 10.0078001022, 10.5650787354, 11.1223583221, 11.6796369553, 12.2369155884, 12.7941951752, 13.3398637772, 13.9087524414, 14.4776411057, 15.0465307236, 15.6038093567, 16.1610889435, 16.7067565918, 17.2524261475, 17.8097057343, 18.3669834137, 18.9126529694, 19.458322525, 20.0156002045, 20.5728797913, 21.1301574707, 21.6874370575, 22.2447166443, 22.8019943237, 23.3592739105, 23.9165534973, 24.4738311768, 25.0311107635, 25.5883903503, 26.1456680298, 26.6913375854, 27.2486171722, 27.7942848206, 28.3515644073, 28.9088420868, 29.4661216736, 30.0234012604, 30.5806789398, 31.1379585266, 31.6952381134, 32.2525177002, 32.8097953796, 33.3670730591, 33.9127426147, 34.4584121704, 35.0156898499, 35.572971344, 36.1302490234, 36.6875267029, 37.244808197, 37.8020858765, 38.3593635559, 38.91664505, 39.4739227295, 40.0312004089, 40.5884780884, 41.1457595825, 41.6914291382, 42.2370948792, 42.7943763733, 43.3516540527, 43.9205436707, 44.4662132263, 45.0234909058, 45.5807685852, 46.1380500793, 46.6953277588, 47.2526054382, 47.8098869324, 48.355556488, 48.901222229, 49.4585037231, 50.0157814026, 50.573059082, 51.1303405762, 51.6876182556, 52.2448959351, 52.8021774292, 53.3594551086, 53.9167327881, 54.4740142822, 55.0312919617, 55.5885696411, 56.1342391968, 56.6799087524, 57.2371864319, 57.794467926, 58.3517456055, 58.9090232849, 59.4663009644, 60.0235824585, 60.5808601379, 61.1381378174, 61.6954193115, 62.252696991, 62.8099746704, 63.3556442261, 63.9013137817, 64.4585952759, 65.0158691406, 65.5731506348, 66.1304321289, 66.6877059937, 67.2449874878, 67.8022689819, 68.3595428467, 68.9168243408, 69.474105835, 70.0313796997, 70.5886611938, 71.145942688, 71.7032165527, 72.2488861084, 72.7945556641, 73.3518371582, 73.9091110229, 74.4663925171, 75.0236740112, 75.580947876, 76.1382293701, 76.6955108643, 77.252784729, 77.8100662231, 78.3673477173, 78.924621582, 79.4702911377, 80.0159606934, 80.5732421875, 81.1305236816, 81.6877975464, 82.2450790405, 82.8023605347, 83.3596343994, 83.9169158936, 84.4741897583, 85.0314712524, 85.5887527466, 86.1460266113, 86.691696167, 87.2373657227, 87.7946472168, 88.36353302, 88.9092025757, 89.4664840698, 90.023765564, 90.5810394287, 91.1383209229, 91.695602417, 92.2528762817, 92.8101577759, 93.36743927, 93.9247131348, 94.4703826904, 95.0160522461, 95.5733337402, 96.130607605, 96.6995010376, 97.2451705933, 97.8140563965, 98.3713378906, 98.9170074463, 99.474281311, 100.031562805, 100.577232361, 101.134513855, 101.680175781, 102.237457275, 102.79473877, 103.352012634, 103.909294128, 104.466575623, 105.023849487, 105.581130981, 106.138412476, 106.69568634, 107.241355896, 107.810249329, 108.355918884, 108.913192749, 109.458862305, 110.016143799, 110.573425293, 111.130699158, 111.687980652, 112.245262146, 112.802536011, 113.359817505, 113.917098999, 114.474372864, 115.031654358, 115.588935852, 116.146209717, 116.703491211, 117.249160767, 117.806434631, 118.352104187, 118.909385681, 119.466667175, 120.02394104, 120.581222534, 121.138504028, 121.695777893, 122.264671326, 122.82194519, 123.367614746, 123.92489624, 124.482177734, 125.02784729, 125.573509216, 126.13079071, 126.688072205, 127.245346069, 127.802627563, 128.371520996, 128.917190552, 129.474472046, 130.031738281, 130.589019775, 131.134689331, 131.680358887, 132.237640381, 132.794921875, 133.352203369, 133.909469604, 134.466751099, 135.024032593, 135.581314087, 136.138595581, 136.695877075, 137.253143311, 137.810424805, 138.367706299, 138.913375854, 139.470657349, 140.027938843, 140.585220337, 141.130874634, 141.688156128, 142.245437622, 142.802719116, 143.36000061, 143.917282104, 144.47454834, 145.031829834, 145.589111328, 146.146392822, 146.703674316, 147.249343872, 147.795013428, 148.352294922, 148.909561157, 149.466842651, 150.024124146, 150.58140564, 151.138687134, 151.695953369, 152.253234863, 152.810516357, 153.367797852, 153.925079346, 154.48236084, 155.028030396, 155.573699951, 156.130966187, 156.688247681, 157.245529175, 157.802810669, 158.360092163, 158.905761719, 159.463043213, 160.020309448, 160.565979004, 161.123260498, 161.680541992, 162.237823486, 162.79510498, 163.352371216, 163.90965271, 164.466934204, 165.024215698, 165.581497192, 166.138778687, 166.696044922, 167.253326416, 167.81060791, 168.356277466, 168.91355896, 169.470840454, 170.01651001, 170.573776245, 171.131057739, 171.688339233, 172.245620728, 172.802902222, 173.360183716, 173.917449951, 174.474731445, 175.032012939, 175.600906372, 176.169799805, 176.738677979, 177.203079224, 177.65586853, 178.108657837, 178.584671021, 179.060684204, 179.536682129, 180.012695313, 180.488708496, 180.976318359, 181.463943481, 181.951568604, 182.439178467, 182.926803589, 183.414413452]
    bpm_estimates: [107.666023254, 107.666000366, 107.666046143, 105.46875, 107.665977478, 109.956802368, 107.666069031, 107.665977478, 107.665977478, 109.956848145, 105.468704224, 109.956848145, 107.665977478, 109.956848145, 107.665885925, 107.666069031, 107.666069031, 107.666069031, 107.665885925, 107.666069031, 107.666069031, 107.665885925, 109.956848145, 105.468788147, 105.468788147, 105.468612671, 107.666069031, 107.665885925, 109.957038879, 109.95665741, 107.665885925, 107.666252136, 109.95665741, 109.95665741, 107.666252136, 107.665885925, 107.666252136, 107.665885925, 107.665885925, 107.666252136, 107.665885925, 107.665885925, 107.666252136, 107.665885925, 107.665885925, 107.666252136, 109.95665741, 107.665885925, 109.957038879, 107.665885925, 107.666252136, 107.665885925, 107.665885925, 107.666252136, 107.665885925, 107.665885925, 107.665885925, 107.666252136, 107.666252136, 109.95665741, 109.95665741, 107.666252136, 107.665519714, 107.666252136, 107.666252136, 107.665519714, 107.666252136, 107.666252136, 107.665519714, 107.666252136, 107.666252136, 107.666252136, 107.665519714, 109.95665741, 109.957427979, 107.665519714, 107.666252136, 105.468612671, 109.95665741, 107.666252136, 107.666252136, 107.665519714, 107.666252136, 107.666252136, 107.665519714, 109.95665741, 109.957427979, 107.665519714, 107.666252136, 107.666252136, 107.665519714, 107.666252136, 107.666252136, 107.665519714, 107.666252136, 107.666252136, 107.665519714, 107.666252136, 107.666252136, 109.95665741, 109.95665741, 107.666252136, 107.665519714, 107.666252136, 107.666252136, 107.666252136, 107.665519714, 107.666252136, 107.666252136, 107.665519714, 107.666252136, 107.666252136, 109.95665741, 109.95665741, 107.665519714, 107.666992188, 107.665519714, 107.665519714, 107.666992188, 107.665519714, 107.665519714, 107.666992188, 107.665519714, 107.665519714, 107.666992188, 107.665519714, 107.665519714, 107.666992188, 109.95665741, 109.95665741, 107.665519714, 107.666992188, 107.665519714, 107.665519714, 107.666992188, 107.665519714, 107.665519714, 107.666992188, 107.665519714, 107.665519714, 107.666992188, 109.95665741, 109.95665741, 107.665519714, 107.665519714, 107.666992188, 107.665519714, 107.665519714, 107.666992188, 107.665519714, 107.666992188, 107.665519714, 107.665519714, 107.666992188, 109.95665741, 109.95665741, 107.665519714, 105.469322205, 109.95665741, 107.665519714, 107.665519714, 107.666992188, 107.665519714, 107.665519714, 107.666992188, 107.665519714, 107.665519714, 107.666992188, 109.95665741, 109.95665741, 107.665519714, 107.666992188, 105.467910767, 109.95665741, 105.469322205, 107.665519714, 109.95665741, 107.666992188, 107.665519714, 109.95665741, 107.665519714, 109.958190918, 107.665519714, 107.665519714, 107.666992188, 107.665519714, 107.665519714, 107.666992188, 107.665519714, 107.665519714, 107.666992188, 109.95665741, 105.467910767, 109.95665741, 107.666992188, 109.95665741, 107.665519714, 107.665519714, 107.666992188, 107.665519714, 107.665519714, 107.666992188, 107.665519714, 107.665519714, 107.666992188, 107.665519714, 107.665519714, 107.666992188, 107.665519714, 109.95665741, 107.666992188, 109.95665741, 107.665519714, 107.665519714, 107.666992188, 107.665519714, 107.665519714, 107.666992188, 105.467910767, 107.666992188, 109.95665741, 107.665519714, 107.665519714, 109.95665741, 109.958190918, 107.665519714, 107.665519714, 107.666992188, 107.665519714, 105.467910767, 109.95665741, 107.665519714, 107.668464661, 107.665519714, 109.95665741, 109.95665741, 107.665519714, 107.665519714, 107.665519714, 107.668464661, 107.665519714, 107.665519714, 107.665519714, 107.665519714, 107.665519714, 107.668464661, 107.665519714, 107.665519714, 109.95665741, 107.665519714, 107.665519714, 107.665519714, 109.959732056, 107.665519714, 107.665519714, 107.665519714, 107.665519714, 107.665519714, 107.668464661, 107.665519714, 107.665519714, 107.665519714, 107.665519714, 109.95665741, 109.95665741, 107.665519714, 107.668464661, 107.665519714, 107.665519714, 107.665519714, 107.665519714, 107.668464661, 107.665519714, 107.665519714, 107.665519714, 107.665519714, 107.665519714, 109.95665741, 109.95665741, 107.668464661, 107.665519714, 107.665519714, 107.665519714, 107.665519714, 109.95665741, 107.665519714, 107.668464661, 109.95665741, 107.665519714, 107.665519714, 107.665519714, 107.665519714, 107.668464661, 107.665519714, 107.665519714, 107.665519714, 107.665519714, 107.665519714, 107.668464661, 107.665519714, 107.665519714, 109.95665741, 107.665519714, 107.665519714, 109.95665741, 107.668464661, 107.665519714, 107.665519714, 107.665519714, 107.665519714, 107.665519714, 107.668464661, 107.665519714, 107.665519714, 105.467910767, 105.467910767, 105.470733643]
