
metadata:
    version:
        essentia: "2.1-beta2"
    audio_properties:
        analysis_sample_rate: 44100
        bitrate: 180
        channels: 2
        equal_loudness: 1
        length: 213.524902344
        replay_gain: -14.8422927856
        downmix: "mix"
    tags:
        album: "Lueurs"
        artist: "Kells"
        comment: " "
        date: "2009"
        genre: "Alternative"
        title: "Sans Teint"
        tracknumber: "11"

configuration:
    average_loudness:
        compute: 1
        frameSize: 88200
        hopSize: 44100
        silentFrames: "noise"
        windowType: "hann"
    general:
        analysisSampleRate: 44100
        endTime: 2000
        equalLoudness: 1
        nequalLoudness: 0
        shortSound: 0
        startTime: 0
    lowlevel:
        compute: 1
        frameSize: 2048
        hopSize: 1024
        zeroPadding: 0
        silentFrames: "noise"
        windowType: "blackmanharris62"
        mfccStats: ["mean", "cov", "icov"]
        stats: ["mean", "var", "median", "min", "max", "dmean", "dmean2", "dvar", "dvar2"]
    panning:
        compute: 0
        frameSize: 8192
        hopSize: 2048
        zeroPadding: 8192
        silentFrames: "noise"
        windowType: "hann"
        stats: ["copy"]
    rhythm:
        compute: 1
        maxTempo: 208
        minTempo: 40
        method: "degara"
        stats: ["mean", "var", "median", "min", "max", "dmean", "dmean2", "dvar", "dvar2"]
    segmentation:
        compute: 0
        cpw: 5
        inc1: 300
        inc2: 50
        minimumSegmentsLength: 10
        size1: 1000
        size2: 600
    sfx:
        compute: 1
        stats: ["mean", "var", "median", "min", "max", "dmean", "dmean2", "dvar", "dvar2"]
    svm:
        compute: 0
    tonal:
        compute: 1
        frameSize: 4096
        hopSize: 2048
        zeroPadding: 0
        silentFrames: "noise"
        windowType: "blackmanharris62"
        stats: ["mean", "var", "median", "min", "max", "dmean", "dmean2", "dvar", "dvar2"]

lowlevel:
    average_loudness: 0.761737048626
    barkbands_kurtosis:
        dmean: 1.25161898136
        dmean2: 2.02424097061
        dvar: 8.77593803406
        dvar2: 20.7901439667
        max: 131.780334473
        mean: 3.25969791412
        median: -0.647959291935
        min: -1.92760956287
        var: 263.949707031
    barkbands_skewness:
        dmean: 0.394839465618
        dmean2: 0.613798677921
        dvar: 0.1710062325
        dvar2: 0.37449529767
        max: 8.82587623596
        mean: -0.275707215071
        median: -0.622225284576
        min: -5.27807569504
        var: 3.00431132317
    barkbands_spread:
        dmean: 5.59527778625
        dmean2: 8.93959617615
        dvar: 32.2553062439
        dvar2: 78.6801834106
        max: 74.2742538452
        mean: 32.1006851196
        median: 33.7153015137
        min: 0.298225492239
        var: 169.293029785
    dissonance:
        dmean: 0.0103091960773
        dmean2: 0.0175006091595
        dvar: 0.000150189938722
        dvar2: 0.000414308160543
        max: 0.5
        mean: 0.47968301177
        median: 0.487538397312
        min: 0.26566490531
        var: 0.000694511632901
    hfc:
        dmean: 2.1055662632
        dmean2: 3.28021764755
        dvar: 7.35155391693
        dvar2: 16.6625480652
        max: 47.3747825623
        mean: 9.9049911499
        median: 9.57829284668
        min: 1.0702063427e-016
        var: 56.153011322
    pitch:
        dmean: 779.739440918
        dmean2: 1494.51306152
        dvar: 1642997.75
        dvar2: 4056574.5
        max: 4919.83398438
        mean: 2113.85351563
        median: 3281.93115234
        min: 70.6152114868
        var: 2791857.75
    pitch_instantaneous_confidence:
        dmean: 0.0820219516754
        dmean2: 0.134547010064
        dvar: 0.00508618261665
        dvar2: 0.0125004081056
        max: 0.962422251701
        mean: 0.45174446702
        median: 0.419784009457
        min: 0.099938929081
        var: 0.0261637754738
    pitch_salience:
        dmean: 0.0516014434397
        dmean2: 0.0841230750084
        dvar: 0.0022121949587
        dvar2: 0.00557380868122
        max: 0.979196667671
        mean: 0.63208425045
        median: 0.664216041565
        min: 0.0758918896317
        var: 0.0162927415222
    silence_rate_20dB:
        dmean: 0
        dmean2: 0
        dvar: 0
        dvar2: 0
        max: 1
        mean: 1
        median: 1
        min: 1
        var: 0
    silence_rate_30dB:
        dmean: 0
        dmean2: 0
        dvar: 0
        dvar2: 0
        max: 1
        mean: 1
        median: 1
        min: 1
        var: 0
    silence_rate_60dB:
        dmean: 0.0487168319523
        dmean2: 0.0974442660809
        dvar: 0.0463474355638
        dvar2: 0.102097086608
        max: 1
        mean: 0.317059904337
        median: 0
        min: 0
        var: 0.216551750898
    spectral_centroid:
        dmean: 244.727432251
        dmean2: 384.44921875
        dvar: 73579.328125
        dvar2: 160457.703125
        max: 11901.8144531
        mean: 2242.02270508
        median: 2294.7824707
        min: 161.573898315
        var: 1381466
    spectral_complexity:
        dmean: 3.19965195656
        dmean2: 5.13344192505
        dvar: 13.9027633667
        dvar2: 31.7902393341
        max: 49
        mean: 15.371099472
        median: 17
        min: 0
        var: 95.8047561646
    spectral_crest:
        dmean: 1.70938098431
        dmean2: 2.80203557014
        dvar: 2.62909984589
        dvar2: 6.82266283035
        max: 25.3103046417
        mean: 7.80601787567
        median: 6.79981803894
        min: 2.76482892036
        var: 13.0038471222
    spectral_decrease:
        dmean: 1.87271989582e-010
        dmean2: 2.90167001538e-010
        dvar: 6.5454814796e-020
        dvar2: 1.45136011679e-019
        max: 1.39720836899e-028
        mean: -8.9189994279e-010
        median: -8.77504235941e-010
        min: -3.09068326487e-009
        var: 3.34895496424e-019
    spectral_energy:
        dmean: 0.000869364128448
        dmean2: 0.00134627870284
        dvar: 1.37593883665e-006
        dvar2: 3.03179172079e-006
        max: 0.0152096142992
        mean: 0.00426464667544
        median: 0.00419435231015
        min: 1.00013559681e-020
        var: 7.95958203526e-006
    spectral_energyband_high:
        dmean: 0.000204937328817
        dmean2: 0.00033083287417
        dvar: 1.04765646824e-007
        dvar2: 2.62596643097e-007
        max: 0.00604269606993
        mean: 0.000615262659267
        median: 0.000508467957843
        min: 7.09877919861e-021
        var: 3.74436297079e-007
    spectral_energyband_low:
        dmean: 0.000174134329427
        dmean2: 0.00029215120594
        dvar: 7.5643697528e-008
        dvar2: 2.13685382278e-007
        max: 0.00324500235729
        mean: 0.000325951987179
        median: 0.000267480150796
        min: 1.35085850919e-023
        var: 9.92048470039e-008
    spectral_energyband_middle_high:
        dmean: 0.000609138165601
        dmean2: 0.000944203406107
        dvar: 5.36536617801e-007
        dvar2: 1.21424022836e-006
        max: 0.0113945221528
        mean: 0.00259059364907
        median: 0.00244930852205
        min: 1.04621333336e-021
        var: 3.99956616093e-006
    spectral_energyband_middle_low:
        dmean: 0.000346150336554
        dmean2: 0.000542706809938
        dvar: 3.68964379049e-007
        dvar2: 8.31400598145e-007
        max: 0.00770939607173
        mean: 0.000857890583575
        median: 0.000682547746692
        min: 1.71035999952e-022
        var: 6.84001236095e-007
    spectral_flatness_db:
        dmean: 0.0128619782627
        dmean2: 0.0202890317887
        dvar: 0.000178220871021
        dvar2: 0.000393948430428
        max: 0.535279691219
        mean: 0.158809438348
        median: 0.140198469162
        min: 0.0582575276494
        var: 0.00422525499016
    spectral_flux:
        dmean: 0.00684261228889
        dmean2: 0.0106331110001
        dvar: 7.31810796424e-005
        dvar2: 0.000173452150193
        max: 0.112805120647
        mean: 0.0381099097431
        median: 0.0389190278947
        min: 6.5071108224e-011
        var: 0.000393436406739
    spectral_kurtosis:
        dmean: 1.02108800411
        dmean2: 1.68457531929
        dvar: 4.68517684937
        dvar2: 10.4069738388
        max: 120.873962402
        mean: 4.08336114883
        median: 2.34638786316
        min: -1.36725282669
        var: 98.8611068726
    spectral_rms:
        dmean: 0.000201078655664
        dmean2: 0.000306995527353
        dvar: 5.99776868171e-008
        dvar2: 1.27666766048e-007
        max: 0.00385209661908
        mean: 0.0018807919696
        median: 0.00202288175933
        min: 3.12368707289e-012
        var: 6.23239259312e-007
    spectral_rolloff:
        dmean: 257.462646484
        dmean2: 432.893920898
        dvar: 227533.3125
        dvar2: 526080.875
        max: 19810.546875
        mean: 3771.20141602
        median: 3875.9765625
        min: 150.732421875
        var: 3407887
    spectral_skewness:
        dmean: 0.134220257401
        dmean2: 0.219410046935
        dvar: 0.0264996457845
        dvar2: 0.0627470016479
        max: 9.23274898529
        mean: 1.18664252758
        median: 1.02528393269
        min: -0.0823591649532
        var: 0.716076612473
    spectral_spread:
        dmean: 401814.65625
        dmean2: 625727.25
        dvar: 473247449088
        dvar2: 959739527168
        max: 43505292
        mean: 4872355.5
        median: 4317879.5
        min: 751308.3125
        var: 1.53052061368e+013
    spectral_strongpeak:
        dmean: 0.710588574409
        dmean2: 1.21115028858
        dvar: 0.962980151176
        dvar2: 2.48555994034
        max: 10.1823968887
        mean: 1.05695331097
        median: 0.480075508356
        min: 1.45085027325e-010
        var: 1.7786860466
    zerocrossingrate:
        dmean: 0.0071192109026
        dmean2: 0.00877684913576
        dvar: 5.89905866946e-005
        dvar2: 7.64583746786e-005
        max: 0.5234375
        mean: 0.119969114661
        median: 0.1240234375
        min: 0.0078125
        var: 0.00269731460139
    barkbands:
        dmean: [4.73503490639e-007, 3.99590280722e-005, 0.000108555541374, 0.000113785354188, 0.000178766262252, 6.48996938253e-005, 7.16476351954e-005, 5.49992255401e-005, 3.35995282512e-005, 5.34943246748e-005, 0.00010866712546, 5.51083758182e-005, 2.6597888791e-005, 4.35229958384e-005, 6.43160601612e-005, 0.000136194212246, 0.000157922288054, 0.000146796359331, 0.000250477460213, 0.000265636772383, 7.88050529081e-005, 2.16837870539e-005, 4.7582066145e-006, 1.97940198632e-006, 7.46589762457e-007, 1.96246947581e-008, 3.58965773772e-010]
        dmean2: [6.06385071933e-007, 6.7541761382e-005, 0.000183166732313, 0.000184808450285, 0.000288684939733, 0.000104337617813, 0.000118754440336, 8.68167117005e-005, 5.49870383111e-005, 8.17016552901e-005, 0.000168137354194, 8.4385574155e-005, 4.20758624387e-005, 6.99814481777e-005, 0.000104046222987, 0.000223382812692, 0.000261772045633, 0.000243753107497, 0.000416059774579, 0.000432855042163, 0.000130094864289, 3.62388200301e-005, 7.84898384154e-006, 3.15673082696e-006, 1.16120008897e-006, 3.02544691522e-008, 5.83576353907e-010]
        dvar: [8.34726927336e-013, 4.06500078043e-009, 3.1324251637e-008, 2.68539803727e-008, 1.27814033135e-007, 1.96130134356e-008, 2.38460096114e-008, 1.39533122834e-008, 3.67569064075e-009, 1.87123347928e-008, 8.20704855187e-008, 3.60686627232e-008, 5.99641669652e-009, 1.84063289055e-008, 2.66793200865e-008, 5.52871064485e-008, 9.4543565865e-008, 5.72140876898e-008, 1.13792623324e-007, 1.32742954406e-007, 1.43239997641e-008, 8.9599083708e-010, 6.09966799292e-011, 8.1364342347e-012, 3.13822709139e-012, 4.48259153049e-015, 5.97247046333e-019]
        dvar2: [1.51674213553e-012, 1.15492966302e-008, 8.85833202346e-008, 6.80228637862e-008, 2.97300800867e-007, 4.57336177817e-008, 6.03170988711e-008, 3.34165193294e-008, 8.58195647879e-009, 3.97522548212e-008, 1.85381324513e-007, 7.07979950221e-008, 1.2357254775e-008, 4.1353168001e-008, 6.13802839666e-008, 1.34635513405e-007, 2.28719713391e-007, 1.43227694593e-007, 3.02352646031e-007, 3.38835860703e-007, 3.55094442739e-008, 2.20229523507e-009, 1.48027839986e-010, 1.91570665581e-011, 7.31630381279e-012, 9.75735537831e-015, 1.31621444359e-018]
        max: [8.63438253873e-006, 0.00073698349297, 0.00211871648207, 0.00276275048964, 0.00500051770359, 0.00315849040635, 0.00318163703196, 0.00315345870331, 0.00155238562729, 0.00421086745337, 0.0051749474369, 0.00459283124655, 0.00263952626847, 0.00629972619936, 0.00400223489851, 0.00471332017332, 0.00706266192719, 0.00570656824857, 0.00619171606377, 0.00703339558095, 0.00240822276101, 0.000447430997156, 0.000162802243722, 6.26308101346e-005, 6.62622696836e-005, 3.27637076225e-006, 2.40185595857e-008]
        mean: [7.07138610778e-007, 6.85428094584e-005, 0.000166261364939, 0.000198560126591, 0.000279933068668, 0.000105214086943, 9.99656040221e-005, 8.57402555994e-005, 6.01633546466e-005, 0.000103800324723, 0.000219595618546, 9.48551460169e-005, 4.62468487967e-005, 7.23221455701e-005, 0.000106147126644, 0.000252311438089, 0.000341176288202, 0.000319704122376, 0.000616464589257, 0.000748115940951, 0.000201375107281, 5.84024492127e-005, 1.16688433991e-005, 5.68909854337e-006, 1.64236053024e-006, 3.52466571485e-008, 4.85500362135e-010]
        median: [7.71418910972e-008, 5.25951872987e-005, 0.000117700110422, 0.000133142268169, 0.000169106715475, 5.15527281095e-005, 4.1502626118e-005, 2.92066579277e-005, 3.48559296981e-005, 3.12557021971e-005, 3.5583107092e-005, 2.68802232313e-005, 1.8606255253e-005, 3.91354915337e-005, 6.17118930677e-005, 0.000176533503691, 0.000249783042818, 0.000254056940321, 0.000550345168449, 0.000563606794458, 0.000180961549631, 5.31805708306e-005, 1.00930346889e-005, 4.70387112728e-006, 9.84728444564e-007, 1.21326895197e-008, 1.87512047556e-010]
        min: [2.39439647207e-025, 3.61411062258e-024, 1.05536996926e-024, 1.72651655717e-024, 4.33487271572e-024, 4.6999295381e-024, 7.39007262594e-024, 6.99385145907e-024, 1.9260305636e-023, 1.2689471371e-023, 1.87285660542e-023, 1.68519164478e-023, 3.43551133034e-023, 3.39935657288e-023, 3.39374808739e-023, 6.9223781367e-023, 7.13762483004e-023, 7.19160374188e-023, 1.25565287447e-022, 1.51875452089e-022, 2.16664219581e-022, 2.9574539225e-022, 4.02024116037e-022, 5.29759351575e-022, 8.90356430863e-022, 1.32661988698e-021, 1.95406839042e-021]
        var: [1.76083800318e-012, 5.23167731359e-009, 3.60490020057e-008, 4.84226099218e-008, 1.66303465221e-007, 3.42347910021e-008, 3.21115436464e-008, 2.61757620024e-008, 1.08206927862e-008, 8.04340061222e-008, 2.900628715e-007, 1.05136578554e-007, 2.04169392504e-008, 2.67255817477e-008, 4.24650536957e-008, 1.05651508875e-007, 2.70376602884e-007, 1.40437478535e-007, 3.00242135154e-007, 6.53342397072e-007, 3.1405463119e-008, 2.46408515814e-009, 1.19329240933e-010, 2.5402450976e-011, 6.84075886215e-012, 9.69640288743e-015, 9.97705343397e-019]
    frequency_bands:
        dmean: [4.73503490639e-007, 3.99590280722e-005, 0.000108555541374, 0.000113785354188, 0.000178766262252, 6.48996938253e-005, 7.16476351954e-005, 5.49992255401e-005, 3.35995282512e-005, 5.34943246748e-005, 0.00010866712546, 5.51083758182e-005, 2.6597888791e-005, 4.35229958384e-005, 6.43160601612e-005, 0.000136194212246, 0.000157922288054, 0.000146796359331, 0.000250477460213, 0.000265636772383, 7.88050529081e-005, 2.16837870539e-005, 4.7582066145e-006, 1.97940198632e-006, 7.46589762457e-007, 1.96246947581e-008, 3.58965773772e-010, 5.05172258192e-011]
        dmean2: [6.06385071933e-007, 6.7541761382e-005, 0.000183166732313, 0.000184808450285, 0.000288684939733, 0.000104337617813, 0.000118754440336, 8.68167117005e-005, 5.49870383111e-005, 8.17016552901e-005, 0.000168137354194, 8.4385574155e-005, 4.20758624387e-005, 6.99814481777e-005, 0.000104046222987, 0.000223382812692, 0.000261772045633, 0.000243753107497, 0.000416059774579, 0.000432855042163, 0.000130094864289, 3.62388200301e-005, 7.84898384154e-006, 3.15673082696e-006, 1.16120008897e-006, 3.02544691522e-008, 5.83576353907e-010, 9.3586624561e-011]
        dvar: [8.34726927336e-013, 4.06500078043e-009, 3.1324251637e-008, 2.68539803727e-008, 1.27814033135e-007, 1.96130134356e-008, 2.38460096114e-008, 1.39533122834e-008, 3.67569064075e-009, 1.87123347928e-008, 8.20704855187e-008, 3.60686627232e-008, 5.99641669652e-009, 1.84063289055e-008, 2.66793200865e-008, 5.52871064485e-008, 9.4543565865e-008, 5.72140876898e-008, 1.13792623324e-007, 1.32742954406e-007, 1.43239997641e-008, 8.9599083708e-010, 6.09966799292e-011, 8.1364342347e-012, 3.13822709139e-012, 4.48259153049e-015, 5.97247046333e-019, 6.10626464943e-021]
        dvar2: [1.51674213553e-012, 1.15492966302e-008, 8.85833202346e-008, 6.80228637862e-008, 2.97300800867e-007, 4.57336177817e-008, 6.03170988711e-008, 3.34165193294e-008, 8.58195647879e-009, 3.97522548212e-008, 1.85381324513e-007, 7.07979950221e-008, 1.2357254775e-008, 4.1353168001e-008, 6.13802839666e-008, 1.34635513405e-007, 2.28719713391e-007, 1.43227694593e-007, 3.02352646031e-007, 3.38835860703e-007, 3.55094442739e-008, 2.20229523507e-009, 1.48027839986e-010, 1.91570665581e-011, 7.31630381279e-012, 9.75735537831e-015, 1.31621444359e-018, 1.90791534731e-020]
        max: [8.63438253873e-006, 0.00073698349297, 0.00211871648207, 0.00276275048964, 0.00500051770359, 0.00315849040635, 0.00318163703196, 0.00315345870331, 0.00155238562729, 0.00421086745337, 0.0051749474369, 0.00459283124655, 0.00263952626847, 0.00629972619936, 0.00400223489851, 0.00471332017332, 0.00706266192719, 0.00570656824857, 0.00619171606377, 0.00703339558095, 0.00240822276101, 0.000447430997156, 0.000162802243722, 6.26308101346e-005, 6.62622696836e-005, 3.27637076225e-006, 2.40185595857e-008, 1.48276246836e-009]
        mean: [7.07138610778e-007, 6.85428094584e-005, 0.000166261364939, 0.000198560126591, 0.000279933068668, 0.000105214086943, 9.99656040221e-005, 8.57402555994e-005, 6.01633546466e-005, 0.000103800324723, 0.000219595618546, 9.48551460169e-005, 4.62468487967e-005, 7.23221455701e-005, 0.000106147126644, 0.000252311438089, 0.000341176288202, 0.000319704122376, 0.000616464589257, 0.000748115940951, 0.000201375107281, 5.84024492127e-005, 1.16688433991e-005, 5.68909854337e-006, 1.64236053024e-006, 3.52466571485e-008, 4.85500362135e-010, 3.96264202007e-011]
        median: [7.71418910972e-008, 5.25951872987e-005, 0.000117700110422, 0.000133142268169, 0.000169106715475, 5.15527281095e-005, 4.1502626118e-005, 2.92066579277e-005, 3.48559296981e-005, 3.12557021971e-005, 3.5583107092e-005, 2.68802232313e-005, 1.8606255253e-005, 3.91354915337e-005, 6.17118930677e-005, 0.000176533503691, 0.000249783042818, 0.000254056940321, 0.000550345168449, 0.000563606794458, 0.000180961549631, 5.31805708306e-005, 1.00930346889e-005, 4.70387112728e-006, 9.84728444564e-007, 1.21326895197e-008, 1.87512047556e-010, 1.16283076917e-011]
        min: [2.39439647207e-025, 3.61411062258e-024, 1.05536996926e-024, 1.72651655717e-024, 4.33487271572e-024, 4.6999295381e-024, 7.39007262594e-024, 6.99385145907e-024, 1.9260305636e-023, 1.2689471371e-023, 1.87285660542e-023, 1.68519164478e-023, 3.43551133034e-023, 3.39935657288e-023, 3.39374808739e-023, 6.9223781367e-023, 7.13762483004e-023, 7.19160374188e-023, 1.25565287447e-022, 1.51875452089e-022, 2.16664219581e-022, 2.9574539225e-022, 4.02024116037e-022, 5.29759351575e-022, 8.90356430863e-022, 1.32661988698e-021, 1.95406839042e-021, 4.31443806283e-022]
        var: [1.76083800318e-012, 5.23167731359e-009, 3.60490020057e-008, 4.84226099218e-008, 1.66303465221e-007, 3.42347910021e-008, 3.21115436464e-008, 2.61757620024e-008, 1.08206927862e-008, 8.04340061222e-008, 2.900628715e-007, 1.05136578554e-007, 2.04169392504e-008, 2.67255817477e-008, 4.24650536957e-008, 1.05651508875e-007, 2.70376602884e-007, 1.40437478535e-007, 3.00242135154e-007, 6.53342397072e-007, 3.1405463119e-008, 2.46408515814e-009, 1.19329240933e-010, 2.5402450976e-011, 6.84075886215e-012, 9.69640288743e-015, 9.97705343397e-019, 5.22226222179e-021]
    mfcc:
        mean: [-728.584106445, 77.2509078979, -41.8601951599, 60.1077804565, -10.4414138794, -5.02036762238, 2.05362462997, -1.87284326553, -1.81159424782, -2.71090435982, -12.3857250214, -6.02158260345, -3.08928227425]
        cov: [[11337.1650391, 327.38949585, -1823.41223145, 1092.76647949, -428.424835205, 187.68977356, 109.026847839, 372.415405273, 226.012908936, 226.118469238, 26.1989440918, 196.199508667, 317.424255371], [327.38949585, 695.498901367, 136.937652588, 125.413314819, 104.782539368, 33.0625724792, 48.2937660217, 47.6435165405, 34.5338287354, 1.37939941883, -15.4678277969, -20.8818664551, -0.491870552301], [-1823.41223145, 136.937652588, 900.66784668, -71.0212783813, 159.957168579, 69.4689941406, -47.4856681824, -30.8942909241, -34.2091941833, -32.9783821106, 23.6323299408, -22.3726348877, -76.0517654419], [1092.76647949, 125.413314819, -71.0212783813, 336.113586426, 24.0811138153, 70.0430221558, -20.4808349609, 69.099899292, 40.4794692993, 44.1108283997, 46.8998336792, 44.4285392761, 22.6267280579], [-428.424835205, 104.782539368, 159.957168579, 24.0811138153, 173.42729187, 36.4700965881, 46.5828895569, 26.5310497284, 31.8558273315, 17.06914711, 2.55374455452, 10.6652622223, 2.00064897537], [187.68977356, 33.0625724792, 69.4689941406, 70.0430221558, 36.4700965881, 153.56867981, 48.6246261597, 75.6897125244, 28.303691864, 20.5907382965, 29.7646522522, 16.26130867, 18.0388183594], [109.026847839, 48.2937660217, -47.4856681824, -20.4808349609, 46.5828895569, 48.6246261597, 169.331130981, 52.856212616, 33.0027236938, 24.080242157, -26.653755188, 11.5336294174, 31.1050930023], [372.415405273, 47.6435165405, -30.8942909241, 69.099899292, 26.5310497284, 75.6897125244, 52.856212616, 134.105453491, 58.8129882813, 32.3184967041, 18.9659194946, 31.8425331116, 43.161026001], [226.012908936, 34.5338287354, -34.2091941833, 40.4794692993, 31.8558273315, 28.303691864, 33.0027236938, 58.8129882813, 89.2628555298, 32.5798377991, 11.4219589233, 18.9574203491, 25.7733516693], [226.118469238, 1.37939941883, -32.9783821106, 44.1108283997, 17.06914711, 20.5907382965, 24.080242157, 32.3184967041, 32.5798377991, 84.0331726074, 28.2017688751, 19.8102645874, 11.0043258667], [26.1989440918, -15.4678277969, 23.6323299408, 46.8998336792, 2.55374455452, 29.7646522522, -26.653755188, 18.9659194946, 11.4219589233, 28.2017688751, 86.0289611816, 32.6136169434, 2.42895126343], [196.199508667, -20.8818664551, -22.3726348877, 44.4285392761, 10.6652622223, 16.26130867, 11.5336294174, 31.8425331116, 18.9574203491, 19.8102645874, 32.6136169434, 84.2018814087, 43.4562530518], [317.424255371, -0.491870552301, -76.0517654419, 22.6267280579, 2.00064897537, 18.0388183594, 31.1050930023, 43.161026001, 25.7733516693, 11.0043258667, 2.42895126343, 43.4562530518, 82.1825485229]]
        icov: [[0.000257378123933, -0.000130995205836, 0.00034158109338, -0.000675959105138, 0.000602066109423, -0.000217217981117, -1.81045415957e-005, -4.59874463559e-005, -0.000111113855382, -0.000268889329163, 0.000382168393116, -9.41749312915e-005, -0.000319302780554], [-0.000130995205836, 0.00193887064233, -0.000505791045725, -0.000651205482427, -0.000967420055531, 0.000751950428821, -0.000651544076391, -0.000403932092013, -0.000142417382449, 0.000642270140816, -0.000105741724838, 0.00120262242854, -0.000128094005049], [0.00034158109338, -0.000505791045725, 0.00232871156186, -2.29380711971e-005, -0.00101458735298, -0.00170750287361, 0.00113532529213, 9.43538107094e-005, 0.000474874803331, 3.81832251151e-005, 0.000323850777932, -0.000786875723861, 0.0010116485646], [-0.000675959105138, -0.000651205482427, -2.29380711971e-005, 0.00655693700537, -0.00221428298391, -0.00162172061391, 0.00241715437733, -0.000743761542253, 0.000162471988006, -0.000666268053465, -0.00108946172986, -0.0018517205026, 0.00171566929203], [0.000602066109423, -0.000967420055531, -0.00101458735298, -0.00221428298391, 0.0104587776586, -0.000399685523007, -0.00245130085386, 0.00054201221792, -0.00286440365016, -0.00137814122718, 0.00135638646316, -0.00113862636499, -0.000539398228284], [-0.000217217981117, 0.000751950428821, -0.00170750287361, -0.00162172061391, -0.000399685523007, 0.0121651561931, -0.00363191892393, -0.00519813364372, 0.00105799699668, 0.00134800036903, -0.0041940389201, 0.00265864934772, -0.000640178390313], [-1.81045415957e-005, -0.000651544076391, 0.00113532529213, 0.00241715437733, -0.00245130085386, -0.00363191892393, 0.0103157330304, -0.00155787402764, -0.000187148631085, -0.00276337424293, 0.00474181724712, -0.00176134495996, -0.000558254832868], [-4.59874463559e-005, -0.000403932092013, 9.43538107094e-005, -0.000743761542253, 0.00054201221792, -0.00519813364372, -0.00155787402764, 0.0159315019846, -0.00627119885758, -0.000716322625522, -0.00041172519559, -0.000814091123175, -0.00367699656636], [-0.000111113855382, -0.000142417382449, 0.000474874803331, 0.000162471988006, -0.00286440365016, 0.00105799699668, -0.000187148631085, -0.00627119885758, 0.0182440765202, -0.00362791400403, -0.000567798502743, 0.000552797166165, -0.00148637674283], [-0.000268889329163, 0.000642270140816, 3.81832251151e-005, -0.000666268053465, -0.00137814122718, 0.00134800036903, -0.00276337424293, -0.000716322625522, -0.00362791400403, 0.0171457342803, -0.00574249448255, -2.89931267616e-005, 0.00144793232903], [0.000382168393116, -0.000105741724838, 0.000323850777932, -0.00108946172986, 0.00135638646316, -0.0041940389201, 0.00474181724712, -0.00041172519559, -0.000567798502743, -0.00574249448255, 0.0198007561266, -0.00781104946509, 0.002924060449], [-9.41749312915e-005, 0.00120262242854, -0.000786875723861, -0.0018517205026, -0.00113862636499, 0.00265864934772, -0.00176134495996, -0.000814091123175, 0.000552797166165, -2.89931267616e-005, -0.00781104946509, 0.0218144636601, -0.010782673955], [-0.000319302780554, -0.000128094005049, 0.0010116485646, 0.00171566929203, -0.000539398228284, -0.000640178390313, -0.000558254832868, -0.00367699656636, -0.00148637674283, 0.00144793232903, 0.002924060449, -0.010782673955, 0.0220478847623]]
    sccoeffs:
        dmean: [0.0493787825108, 0.043634545058, 0.035533875227, 0.0291996467859, 0.0199026204646, 0.0152461025864]
        dmean2: [0.0805498957634, 0.0726429969072, 0.0583119206131, 0.0482033453882, 0.0329579971731, 0.0248629637063]
        dvar: [0.00182607106399, 0.00128025340382, 0.000867891416419, 0.000578539154958, 0.000272932171356, 0.000170894883922]
        dvar2: [0.00467943912372, 0.00337892747484, 0.00218412140384, 0.00151432736311, 0.000686394050717, 0.000429463136243]
        max: [-0.283497303724, -0.441431701183, -0.422556549311, -0.535759806633, -0.578573644161, -0.590310752392]
        mean: [-0.666670918465, -0.778784155846, -0.783913433552, -0.795614004135, -0.794793069363, -0.748867750168]
        median: [-0.672984719276, -0.784954428673, -0.800898909569, -0.798574566841, -0.795471489429, -0.738312125206]
        min: [-0.979153513908, -0.977433502674, -0.986243247986, -0.973071396351, -0.971236467361, -0.965677917004]
        var: [0.00702163763344, 0.00413450365886, 0.00635151285678, 0.00289243715815, 0.00193115987349, 0.00232955394313]
    scvalleys:
        dmean: [0.379277735949, 0.354890465736, 0.307622909546, 0.263623982668, 0.202723413706, 0.201896756887]
        dmean2: [0.620980918407, 0.582533955574, 0.497062921524, 0.420770764351, 0.31244802475, 0.307646423578]
        dvar: [0.138830706477, 0.110229700804, 0.0881229043007, 0.0738416239619, 0.0675348266959, 0.0819961503148]
        dvar2: [0.304841041565, 0.245239406824, 0.187084004283, 0.143104016781, 0.121453762054, 0.156222611666]
        max: [-5.33644342422, -4.86531639099, -5.59765052795, -5.62588596344, -5.5672621727, -8.05225944519]
        mean: [-7.42916870117, -7.27271556854, -7.63846588135, -7.73592281342, -7.18537569046, -9.90316581726]
        median: [-6.72144651413, -6.78522348404, -7.11195659637, -7.14254665375, -6.46282100677, -9.30154800415]
        min: [-28.1892242432, -28.0002689362, -28.0340709686, -27.8984298706, -27.4839572906, -27.3844356537]
        var: [6.18704271317, 5.58522367477, 5.46267080307, 5.45265388489, 6.00726985931, 5.12583780289]

rhythm:
    beats_loudness:
        dmean: 0.00293482816778
        dmean2: 0.00552088906989
        dvar: 5.60172293262e-006
        dvar2: 1.9697148673e-005
        max: 0.012398660183
        mean: 0.00580214243382
        median: 0.00661520985886
        min: 0
        var: 1.20672566482e-005
    bpm: 89.9530792236
    bpm_confidence: 0
    first_peak_bpm: 91
    first_peak_spread: 0.447183072567
    first_peak_weight: 0.472891569138
    onset_rate: 2.21988153458
    second_peak_bpm: 161
    second_peak_spread: 0.333333343267
    second_peak_weight: 0.0180722884834
    beats_loudness_band_ratio:
        dmean: [0.127407357097, 0.118763245642, 0.0564795285463, 0.0865767970681, 0.0917133614421, 0.133177608252]
        dmean2: [0.22404320538, 0.222226992249, 0.102270469069, 0.153765380383, 0.164512738585, 0.23355486989]
        dvar: [0.014073530212, 0.00914299767464, 0.00416209734976, 0.0143150249496, 0.00655815051869, 0.0177451334894]
        dvar2: [0.0394260846078, 0.030152246356, 0.0125238038599, 0.0393456965685, 0.018274249509, 0.0557542145252]
        max: [0.985207438469, 0.710936188698, 0.586590766907, 0.649806499481, 0.729712367058, 0.928955197334]
        mean: [0.227974697948, 0.135779604316, 0.0753917619586, 0.0928275734186, 0.209869250655, 0.320011556149]
        median: [0.154344365001, 0.115174099803, 0.0632834136486, 0.043943375349, 0.20495557785, 0.315063357353]
        min: [0, 0, 0, 0, 0, 0]
        var: [0.0563125684857, 0.0112001523376, 0.00442332914099, 0.0150364870206, 0.0145211964846, 0.0284230522811]
    beats_position: [0.696598649025, 1.39319729805, 2.08979582787, 2.7863945961, 3.49460315704, 4.20281171799, 4.8994102478, 5.5727891922, 6.23455762863, 6.90793657303, 7.56970500946, 8.23147392273, 8.893242836, 9.56662082672, 10.2399997711, 10.9017686844, 11.5635375977, 12.2369155884, 12.8986845016, 13.572063446, 14.2338323593, 14.8956003189, 15.5573692322, 16.2307472229, 16.904127121, 17.5775051117, 18.2508831024, 18.9126529694, 19.574420929, 20.247800827, 20.9211788177, 21.5829467773, 22.2447166443, 22.918094635, 23.5798625946, 24.2532424927, 24.9150104523, 25.5767803192, 26.2385482788, 26.9003162384, 27.5620861053, 28.2354640961, 28.897233963, 29.5706119537, 30.2323799133, 30.8941497803, 31.5559177399, 32.2292976379, 32.9026756287, 33.5644454956, 34.2262115479, 34.8995895386, 35.572971344, 36.2347373962, 36.8965072632, 37.5582771301, 38.2200431824, 38.8934249878, 39.5668029785, 40.2401809692, 40.9019508362, 41.5753288269, 42.2370948792, 42.8988647461, 43.560634613, 44.2340126038, 44.9073905945, 45.5691604614, 46.2309303284, 46.9043083191, 47.5776863098, 48.2394561768, 48.901222229, 49.5629920959, 50.2247619629, 50.8981399536, 51.5599098206, 52.2216758728, 52.8950538635, 53.5684356689, 54.2302017212, 54.8919715881, 55.5653495789, 56.2271194458, 56.8888893127, 57.5622673035, 58.2240333557, 58.8974151611, 59.5591812134, 60.2325630188, 60.9059410095, 61.5793190002, 62.2294769287, 62.8912467957, 63.5530128479, 64.2263946533, 64.899772644, 65.5731506348, 66.2465286255, 66.9082946777, 67.5700683594, 68.2318344116, 68.9052124023, 69.5785903931, 70.2403640747, 70.902130127, 71.5638961792, 72.2372741699, 72.91065979, 73.5724258423, 74.2341918945, 74.9075698853, 75.580947876, 76.2427215576, 76.9044876099, 77.5662536621, 78.2280273438, 78.9014053345, 79.5631713867, 80.2249450684, 80.8983230591, 81.5600891113, 82.2218551636, 82.8952331543, 83.5686187744, 84.2419967651, 84.9037628174, 85.5655288696, 86.2389068604, 86.9122848511, 87.5624465942, 88.235824585, 88.9092025757, 89.5709762573, 90.2327423096, 90.9061203003, 91.579498291, 92.2412643433, 92.9030380249, 93.5648040771, 94.2265777588, 94.8999557495, 95.5733337402, 96.2350997925, 96.8968658447, 97.5702438354, 98.2320175171, 98.8937835693, 99.5671615601, 100.240539551, 100.913917542, 101.575691223, 102.237457275, 102.899223328, 103.560997009, 104.234375, 104.907752991, 105.569519043, 106.231292725, 106.904670715, 107.566436768, 108.22820282, 108.90158844, 109.574966431, 110.236732483, 110.910110474, 111.571876526, 112.245262146, 112.89541626, 113.56879425, 114.242172241, 114.903945923, 115.565711975, 116.239089966, 116.900856018, 117.5626297, 118.23600769, 118.897773743, 119.559547424, 120.232925415, 120.906303406, 121.579681396, 122.253059387, 122.914825439, 123.576599121, 124.238365173, 124.900131226, 125.573509216, 126.235282898, 126.89704895, 127.570426941, 128.243804932, 128.905578613, 129.578948975, 130.240722656, 130.914108276, 131.575866699, 132.249252319, 132.911010742, 133.572784424, 134.234558105, 134.907928467, 135.581314087, 136.243087769, 136.904846191, 137.566619873, 138.228393555, 138.901763916, 139.575149536, 140.236907959, 140.898681641, 141.572067261, 142.245437622, 142.907211304, 143.568969727, 144.242355347, 144.915740967, 145.57749939, 146.239273071, 146.912643433, 147.586029053, 148.259414673, 148.932785034, 149.606170654, 150.267929077, 150.929702759, 151.579864502, 152.241622925, 152.903396606, 153.565170288, 154.238540649, 154.900314331, 155.562088013, 156.235458374, 156.897232056, 157.570602417, 158.243988037, 158.917373657, 159.567520142, 160.240905762, 160.902679443, 161.564437866, 162.237823486, 162.899581909, 163.561355591, 164.234741211, 164.908111572, 165.581497192, 166.231658936, 166.905029297, 167.578414917, 168.24017334, 168.901947021, 169.575332642, 170.237091064, 170.898864746, 171.572235107, 172.245620728, 172.907394409, 173.580764771, 174.242538452, 174.904312134, 175.566070557, 176.239456177, 176.912826538, 177.57460022, 178.236373901, 178.898132324, 179.559906006, 180.233291626, 180.906661987, 181.568435669, 182.230194092, 182.903579712, 183.576965332, 184.238723755, 184.900497437, 185.573867798, 186.247253418, 186.9090271, 187.570785522, 188.244171143, 188.894332886, 189.567703247, 190.241088867, 190.90284729, 191.564620972, 192.238006592, 192.899765015, 193.561538696, 194.234924316, 194.745758057, 195.256591797, 195.767440796, 196.278274536, 196.789108276, 197.311553955, 197.845626831, 198.36807251, 198.902130127, 199.447799683, 199.993469238, 200.539138794, 201.026748657, 201.514373779, 202.001998901, 202.477996826, 202.95401001, 203.430023193, 203.917633057, 204.416870117, 204.916091919, 205.310836792, 205.705581665, 206.100311279, 206.495056152, 206.889785767, 207.272918701, 207.656051636, 208.03918457, 208.387481689, 208.735778809, 209.084075928, 209.432373047, 209.792282104, 210.152191162, 210.51210022, 210.883621216, 211.255142212, 211.626663208, 211.998184204, 212.3697052, 212.741226196]
    bpm_estimates: [86.1328125, 86.1328277588, 86.1327972412, 86.1328277588, 89.1028747559, 90.6661529541, 89.1028747559, 90.6661529541, 90.6660919189, 90.6660919189, 89.1030044556, 89.1028747559, 90.6660919189, 90.6660919189, 89.1030044556, 90.6660919189, 89.1028747559, 90.6660919189, 90.6662216187, 90.6660919189, 89.1030044556, 89.1027526855, 89.1030044556, 89.1030044556, 90.6659622192, 90.6662216187, 89.1027526855, 89.1030044556, 90.6662216187, 90.6659622192, 89.1030044556, 90.6662216187, 89.1027526855, 90.6662216187, 90.6659622192, 90.6662216187, 90.6662216187, 90.6659622192, 89.1030044556, 90.6659622192, 89.1030044556, 90.6662216187, 90.6659622192, 90.6662216187, 89.1027526855, 89.1030044556, 90.6659622192, 90.6664810181, 89.1030044556, 89.1024932861, 90.6664810181, 90.6659622192, 90.6659622192, 90.6664810181, 89.1024932861, 89.1030044556, 89.1030044556, 90.6659622192, 89.1030044556, 90.6664810181, 90.6659622192, 90.6659622192, 89.1030044556, 89.1030044556, 90.6659622192, 90.6659622192, 89.1030044556, 89.1030044556, 90.6659622192, 90.6664810181, 90.6659622192, 90.6659622192, 89.1030044556, 90.6659622192, 90.6664810181, 89.1030044556, 89.1024932861, 90.6664810181, 90.6659622192, 89.1030044556, 90.6659622192, 90.6659622192, 89.1030044556, 90.6664810181, 89.1024932861, 90.6664810181, 89.1024932861, 89.1030044556, 89.1030044556, 92.2852706909, 90.6659622192, 90.6664810181, 89.1024932861, 89.1030044556, 89.1030044556, 89.1030044556, 90.6664810181, 90.665435791, 90.6664810181, 89.1030044556, 89.1030044556, 90.665435791, 90.6664810181, 90.6664810181, 89.1030044556, 89.1019897461, 90.6664810181, 90.6664810181, 89.1030044556, 89.1030044556, 90.665435791, 90.6664810181, 90.6664810181, 90.665435791, 89.1030044556, 90.6664810181, 90.665435791, 89.1030044556, 90.6664810181, 90.6664810181, 89.1030044556, 89.1019897461, 89.1030044556, 90.6664810181, 90.6664810181, 89.1030044556, 89.1030044556, 92.2847290039, 89.1030044556, 89.1030044556, 90.665435791, 90.6664810181, 89.1030044556, 89.1030044556, 90.6664810181, 90.665435791, 90.6664810181, 90.665435791, 89.1030044556, 89.1030044556, 90.6664810181, 90.6664810181, 89.1030044556, 90.665435791, 90.6664810181, 89.1030044556, 89.1030044556, 89.1030044556, 90.665435791, 90.6664810181, 90.6664810181, 90.665435791, 89.1030044556, 89.1030044556, 90.6664810181, 90.665435791, 89.1030044556, 90.6664810181, 90.6664810181, 89.1019897461, 89.1030044556, 90.6664810181, 89.1030044556, 90.6664810181, 89.1019897461, 92.2858123779, 89.1030044556, 89.1030044556, 90.665435791, 90.6664810181, 89.1030044556, 90.6664810181, 90.665435791, 89.1030044556, 90.6664810181, 90.665435791, 89.1030044556, 89.1030044556, 89.1030044556, 89.1030044556, 90.6664810181, 90.665435791, 90.6664810181, 90.6664810181, 89.1030044556, 90.665435791, 90.6664810181, 89.1030044556, 89.1030044556, 90.665435791, 89.1040115356, 90.665435791, 89.1019897461, 90.6675262451, 89.1019897461, 90.6675262451, 90.665435791, 90.665435791, 89.1040115356, 89.1019897461, 90.665435791, 90.6675262451, 90.665435791, 90.665435791, 89.1040115356, 89.1019897461, 90.6675262451, 90.665435791, 89.1019897461, 89.1040115356, 90.665435791, 90.6675262451, 89.1019897461, 89.1019897461, 90.6675262451, 90.665435791, 89.1040115356, 89.1019897461, 89.1019897461, 89.1040115356, 89.1019897461, 90.6675262451, 90.665435791, 92.2847290039, 90.6675262451, 90.665435791, 90.665435791, 89.1040115356, 90.665435791, 90.665435791, 89.1040115356, 90.665435791, 89.1040115356, 89.1019897461, 89.1019897461, 92.286895752, 89.1019897461, 90.665435791, 90.6675262451, 89.1019897461, 90.6675262451, 90.665435791, 89.1019897461, 89.1040115356, 89.1019897461, 92.2847290039, 89.1040115356, 89.1019897461, 90.6675262451, 90.665435791, 89.1019897461, 90.6675262451, 90.665435791, 89.1040115356, 89.1019897461, 90.665435791, 89.1040115356, 90.665435791, 90.665435791, 90.6675262451, 89.1019897461, 89.1040115356, 90.665435791, 90.665435791, 90.6675262451, 90.665435791, 89.1019897461, 89.1040115356, 90.665435791, 90.6675262451, 89.1019897461, 89.1019897461, 90.6675262451, 90.665435791, 89.1040115356, 89.1019897461, 90.665435791, 90.6675262451, 89.1019897461, 92.2847290039, 89.1040115356, 89.1019897461, 90.6675262451, 90.665435791, 89.1019897461, 90.6675262451, 90.665435791, 89.1019897461]
