
metadata:
    version:
        essentia: "2.1-beta2"
    audio_properties:
        analysis_sample_rate: 44100
        bitrate: 180
        channels: 2
        equal_loudness: 1
        length: 236.98286438
        replay_gain: -14.3410339355
        downmix: "mix"
    tags:
        album: "Lueurs"
        artist: "Kells"
        comment: " "
        date: "2009"
        genre: "Alternative"
        title: "Le Dictat Du Silence"
        tracknumber: "12"

configuration:
    average_loudness:
        compute: 1
        frameSize: 88200
        hopSize: 44100
        silentFrames: "noise"
        windowType: "hann"
    general:
        analysisSampleRate: 44100
        endTime: 2000
        equalLoudness: 1
        nequalLoudness: 0
        shortSound: 0
        startTime: 0
    lowlevel:
        compute: 1
        frameSize: 2048
        hopSize: 1024
        zeroPadding: 0
        silentFrames: "noise"
        windowType: "blackmanharris62"
        mfccStats: ["mean", "cov", "icov"]
        stats: ["mean", "var", "median", "min", "max", "dmean", "dmean2", "dvar", "dvar2"]
    panning:
        compute: 0
        frameSize: 8192
        hopSize: 2048
        zeroPadding: 8192
        silentFrames: "noise"
        windowType: "hann"
        stats: ["copy"]
    rhythm:
        compute: 1
        maxTempo: 208
        minTempo: 40
        method: "degara"
        stats: ["mean", "var", "median", "min", "max", "dmean", "dmean2", "dvar", "dvar2"]
    segmentation:
        compute: 0
        cpw: 5
        inc1: 300
        inc2: 50
        minimumSegmentsLength: 10
        size1: 1000
        size2: 600
    sfx:
        compute: 1
        stats: ["mean", "var", "median", "min", "max", "dmean", "dmean2", "dvar", "dvar2"]
    svm:
        compute: 0
    tonal:
        compute: 1
        frameSize: 4096
        hopSize: 2048
        zeroPadding: 0
        silentFrames: "noise"
        windowType: "blackmanharris62"
        stats: ["mean", "var", "median", "min", "max", "dmean", "dmean2", "dvar", "dvar2"]

lowlevel:
    average_loudness: 0.850158751011
    barkbands_kurtosis:
        dmean: 0.757131397724
        dmean2: 1.23966026306
        dvar: 0.996197581291
        dvar2: 2.53527998924
        max: 32.5831794739
        mean: -0.254484534264
        median: -0.799350738525
        min: -1.9008731842
        var: 4.34077453613
    barkbands_skewness:
        dmean: 0.353961110115
        dmean2: 0.563669502735
        dvar: 0.0937475636601
        dvar2: 0.239538937807
        max: 3.59883618355
        mean: -0.620003521442
        median: -0.670383095741
        min: -5.40324497223
        var: 0.552154302597
    barkbands_spread:
        dmean: 5.53054952621
        dmean2: 8.97383022308
        dvar: 27.2946453094
        dvar2: 72.2440948486
        max: 69.3960189819
        mean: 32.0622634888
        median: 32.5187683105
        min: 1.21720421314
        var: 140.223678589
    dissonance:
        dmean: 0.0109259644523
        dmean2: 0.0185045991093
        dvar: 0.000215364532778
        dvar2: 0.000603965891059
        max: 0.500000119209
        mean: 0.479673624039
        median: 0.486978262663
        min: 0.268125653267
        var: 0.000583109271247
    hfc:
        dmean: 2.05188202858
        dmean2: 3.19614434242
        dvar: 6.59910011292
        dvar2: 15.3099908829
        max: 59.1470298767
        mean: 10.7410755157
        median: 10.7729635239
        min: 1.07601341529e-016
        var: 56.0473823547
    pitch:
        dmean: 780.877258301
        dmean2: 1499.79467773
        dvar: 1605685
        dvar2: 4082073.25
        max: 4801.13330078
        mean: 1950.49499512
        median: 1092.58618164
        min: 77.0958099365
        var: 2681222
    pitch_instantaneous_confidence:
        dmean: 0.0759996324778
        dmean2: 0.125809580088
        dvar: 0.00373516790569
        dvar2: 0.00986232049763
        max: 0.969543755054
        mean: 0.437254488468
        median: 0.408975243568
        min: 0.0964126586914
        var: 0.0226113889366
    pitch_salience:
        dmean: 0.0476070344448
        dmean2: 0.078198261559
        dvar: 0.00157378357835
        dvar2: 0.00419074809179
        max: 0.98970669508
        mean: 0.648159325123
        median: 0.662402153015
        min: 0.206121355295
        var: 0.00826592650265
    silence_rate_20dB:
        dmean: 0
        dmean2: 0
        dvar: 0
        dvar2: 0
        max: 1
        mean: 1
        median: 1
        min: 1
        var: 0
    silence_rate_30dB:
        dmean: 0
        dmean2: 0
        dvar: 0
        dvar2: 0
        max: 1
        mean: 1
        median: 1
        min: 1
        var: 0
    silence_rate_60dB:
        dmean: 0.0435038208961
        dmean2: 0.0870161652565
        dvar: 0.0416108556092
        dvar2: 0.0964921265841
        max: 1
        mean: 0.288625448942
        median: 0
        min: 0
        var: 0.205309927464
    spectral_centroid:
        dmean: 234.646972656
        dmean2: 375.914733887
        dvar: 62179.1875
        dvar2: 139858.75
        max: 12011.4414063
        mean: 2217.6940918
        median: 2291.82885742
        min: 233.611343384
        var: 584245.6875
    spectral_complexity:
        dmean: 3.03017830849
        dmean2: 4.86839771271
        dvar: 10.9181613922
        dvar2: 25.0068912506
        max: 50
        mean: 17.1778182983
        median: 19
        min: 0
        var: 104.790557861
    spectral_crest:
        dmean: 1.62837958336
        dmean2: 2.69773173332
        dvar: 2.20712590218
        dvar2: 5.71042251587
        max: 24.4896678925
        mean: 6.84935903549
        median: 6.25285243988
        min: 2.44255566597
        var: 6.78187894821
    spectral_decrease:
        dmean: 1.82907328172e-010
        dmean2: 2.8404956165e-010
        dvar: 6.16323291749e-020
        dvar2: 1.42543808585e-019
        max: 1.17512746117e-028
        mean: -9.45561406951e-010
        median: -9.8453623032e-010
        min: -3.41661676728e-009
        var: 3.74558884344e-019
    spectral_energy:
        dmean: 0.000843526504468
        dmean2: 0.00130482285749
        dvar: 1.25123574435e-006
        dvar2: 2.85320857074e-006
        max: 0.018259903416
        mean: 0.00454300176352
        median: 0.00470977416262
        min: 1.0141343362e-020
        var: 8.71145675774e-006
    spectral_energyband_high:
        dmean: 0.000188107835129
        dmean2: 0.000302664469928
        dvar: 6.90319126306e-008
        dvar2: 1.67609002233e-007
        max: 0.00573965674266
        mean: 0.000627661705948
        median: 0.000559065723792
        min: 7.26643594563e-021
        var: 2.74303005199e-007
    spectral_energyband_low:
        dmean: 0.000195573215024
        dmean2: 0.000327591696987
        dvar: 6.822784826e-008
        dvar2: 1.91372748759e-007
        max: 0.00322579173371
        mean: 0.000333074945956
        median: 0.000273371493677
        min: 2.96766285546e-023
        var: 9.65621325122e-008
    spectral_energyband_middle_high:
        dmean: 0.000562191125937
        dmean2: 0.000886977650225
        dvar: 4.57340348703e-007
        dvar2: 1.0907494925e-006
        max: 0.0120925419033
        mean: 0.00272720889188
        median: 0.00265307165682
        min: 1.39886369295e-021
        var: 3.78807158086e-006
    spectral_energyband_middle_low:
        dmean: 0.000385468039894
        dmean2: 0.000613131967839
        dvar: 4.40716007688e-007
        dvar2: 1.08098493001e-006
        max: 0.0088271740824
        mean: 0.000990576692857
        median: 0.000848681200296
        min: 2.38060727416e-022
        var: 8.6213162831e-007
    spectral_flatness_db:
        dmean: 0.0118806650862
        dmean2: 0.0191304665059
        dvar: 0.000121242344903
        dvar2: 0.000293062446872
        max: 0.4283670187
        mean: 0.154674619436
        median: 0.137579649687
        min: 0.0423979349434
        var: 0.00291433022358
    spectral_flux:
        dmean: 0.00544991437346
        dmean2: 0.00847806129605
        dvar: 4.45006153313e-005
        dvar2: 0.000103293314169
        max: 0.103598751128
        mean: 0.0374475643039
        median: 0.0407117567956
        min: 6.47918316221e-011
        var: 0.000395357463276
    spectral_kurtosis:
        dmean: 2.08083605766
        dmean2: 3.61368632317
        dvar: 32.7269592285
        dvar2: 99.3906860352
        max: 159.036331177
        mean: 6.68079566956
        median: 2.67640018463
        min: -1.26694011688
        var: 255.284286499
    spectral_rms:
        dmean: 0.000177699592314
        dmean2: 0.000273012934485
        dvar: 4.48246026963e-008
        dvar2: 9.94529969489e-008
        max: 0.00422072736546
        mean: 0.00188579293899
        median: 0.00214357231744
        min: 3.14547194714e-012
        var: 8.76001706729e-007
    spectral_rolloff:
        dmean: 193.975448608
        dmean2: 329.184967041
        dvar: 135306.78125
        dvar2: 296016.0625
        max: 19638.28125
        mean: 3689.87036133
        median: 3875.9765625
        min: 215.33203125
        var: 1296363.875
    spectral_skewness:
        dmean: 0.190059959888
        dmean2: 0.322713196278
        dvar: 0.104856655002
        dvar2: 0.321582376957
        max: 10.7308921814
        mean: 1.37157964706
        median: 1.08424246311
        min: -0.755990862846
        var: 1.34487473965
    spectral_spread:
        dmean: 354216.0625
        dmean2: 551286.5
        dvar: 344470192128
        dvar2: 669349314560
        max: 42340652
        mean: 4266502
        median: 4180593
        min: 608386.9375
        var: 5.15473040998e+012
    spectral_strongpeak:
        dmean: 0.690723419189
        dmean2: 1.19614756107
        dvar: 0.971113145351
        dvar2: 2.57320857048
        max: 9.99356651306
        mean: 1.10012459755
        median: 0.420123338699
        min: 3.15924592043e-010
        var: 2.10889935493
    zerocrossingrate:
        dmean: 0.00616542389616
        dmean2: 0.00784910283983
        dvar: 4.97146429552e-005
        dvar2: 6.04824963375e-005
        max: 0.51611328125
        mean: 0.118676833808
        median: 0.12353515625
        min: 0.009765625
        var: 0.00120871537365
    barkbands:
        dmean: [6.04954891514e-007, 4.59002912976e-005, 0.000112238783913, 0.000164714481798, 0.00016430139658, 7.78755202191e-005, 7.01500102878e-005, 4.90541606268e-005, 6.44355095574e-005, 5.89653682255e-005, 5.65657537663e-005, 4.11192449974e-005, 2.45679857471e-005, 5.14742350788e-005, 6.34882962913e-005, 0.000101788020402, 0.000182889663847, 0.000146409729496, 0.000254082289757, 0.000274360936601, 8.2959944848e-005, 2.1884099624e-005, 4.93130119139e-006, 2.54696328739e-006, 1.01550710951e-006, 3.2768571856e-008, 4.34714680919e-010]
        dmean2: [7.62927413689e-007, 7.72739440436e-005, 0.000186929144547, 0.000278460560367, 0.000275535567198, 0.000123018442537, 0.000115842107334, 7.6278927736e-005, 0.000101734891359, 9.21735481825e-005, 8.64235626068e-005, 6.47345077596e-005, 4.01307333959e-005, 8.32754303701e-005, 0.00010446664237, 0.000172078260221, 0.000306709640427, 0.000244740425842, 0.000422444747528, 0.000450151273981, 0.000136311267852, 3.62449354725e-005, 7.80323898653e-006, 3.8838720684e-006, 1.48532888034e-006, 4.82450133177e-008, 6.94741819629e-010]
        dvar: [1.27124049135e-012, 5.25706855825e-009, 2.55436987118e-008, 8.33328073213e-008, 1.24701131199e-007, 1.96754719184e-008, 2.05865422487e-008, 1.20851177954e-008, 1.81362569407e-008, 2.38244322048e-008, 2.83150161096e-008, 1.58573563169e-008, 8.07183031526e-009, 1.16986180743e-008, 2.03556265177e-008, 2.0080273444e-008, 8.10593192568e-008, 4.94640950421e-008, 1.14472804569e-007, 1.25864232814e-007, 1.37824889279e-008, 9.7808550148e-010, 6.90283316618e-011, 2.02236300623e-011, 8.05198269171e-012, 1.17726297189e-014, 7.73289950742e-019]
        dvar2: [2.09133383354e-012, 1.49224614887e-008, 7.16215780017e-008, 2.19241542254e-007, 3.25960911596e-007, 4.47608599075e-008, 5.27247117077e-008, 2.59362753496e-008, 4.14997742837e-008, 5.13025568694e-008, 6.11304997733e-008, 3.29758798046e-008, 2.02786019088e-008, 2.66016542128e-008, 5.05989525834e-008, 5.38050670684e-008, 2.10677285395e-007, 1.28803279154e-007, 2.94846813631e-007, 3.28044905018e-007, 3.42093215977e-008, 2.41998199257e-009, 1.48682857692e-010, 3.96862369356e-011, 1.37174048162e-011, 2.4297321357e-014, 1.65223350978e-018]
        max: [1.11755507533e-005, 0.000840389286168, 0.00210869894363, 0.00382447103038, 0.00810931995511, 0.00310845696367, 0.00296121137217, 0.00244161859155, 0.00414352864027, 0.00376605452038, 0.004728814587, 0.00346323242411, 0.00425944151357, 0.00330195599236, 0.0036770477891, 0.00310202501714, 0.00645121792331, 0.00534468190745, 0.00666528893635, 0.00662443600595, 0.00226698745973, 0.000441572599811, 0.000241149333306, 0.000208482117159, 0.00012655678438, 5.34235141458e-006, 2.26129603931e-008]
        mean: [9.34122851959e-007, 7.45417855796e-005, 0.000160356328706, 0.000212101178477, 0.000255381484749, 0.000141801996506, 0.000114098627819, 0.000104754028143, 0.000126031998661, 0.000112911613542, 0.000110567343654, 7.75314256316e-005, 4.50966399512e-005, 9.04272819753e-005, 0.0001245484018, 0.00021405093139, 0.000438008020865, 0.000347213732312, 0.000687865831424, 0.000796412234195, 0.000227570271818, 5.88967996009e-005, 1.23554900711e-005, 7.20085517969e-006, 2.28714998229e-006, 5.96990901158e-008, 6.75898503832e-010]
        median: [9.17709712667e-008, 5.86531241424e-005, 0.000114142472739, 0.000127642415464, 0.00015119384625, 6.98414442013e-005, 4.98203007737e-005, 2.61851637333e-005, 6.10339375271e-005, 3.65485357179e-005, 3.09875358653e-005, 2.98855411529e-005, 2.26649135584e-005, 4.95135136589e-005, 7.61321789469e-005, 0.00018236116739, 0.000325154600432, 0.000280551612377, 0.000591661082581, 0.000651138485409, 0.000195100787096, 5.31906989636e-005, 9.96085054794e-006, 5.45278044228e-006, 1.03628633497e-006, 1.3685856004e-008, 1.95543900516e-010]
        min: [4.84048305495e-025, 8.52581618157e-024, 3.20075184698e-024, 8.42246179513e-025, 1.10312123841e-023, 8.64876173137e-024, 7.27619818769e-024, 6.18663297173e-024, 2.94074534365e-023, 2.24055871507e-023, 1.3967224089e-023, 3.10133722912e-023, 3.27872049226e-023, 4.50983133599e-023, 6.6173401397e-023, 7.07769096499e-023, 1.09468284064e-022, 1.34531051355e-022, 1.69383355288e-022, 1.83956026967e-022, 2.68732220013e-022, 3.42581515697e-022, 4.4761729762e-022, 6.53553311812e-022, 9.09737014121e-022, 1.41417824728e-021, 1.87738313347e-021]
        var: [3.02645018421e-012, 6.08006578418e-009, 3.08523091519e-008, 9.2544787833e-008, 1.81913975439e-007, 5.05750890056e-008, 3.87085954401e-008, 5.46997007689e-008, 4.9818385861e-008, 8.45177083875e-008, 1.00172663053e-007, 4.83421942477e-008, 1.30885728922e-008, 2.75621765411e-008, 4.3085407242e-008, 4.11443004111e-008, 2.69909207873e-007, 1.28784506614e-007, 4.08652056194e-007, 5.2105923487e-007, 4.3111054282e-008, 2.46540765581e-009, 1.71748781863e-010, 7.33947624898e-011, 2.78831367717e-011, 2.81505877365e-014, 1.86332793415e-018]
    frequency_bands:
        dmean: [6.04954891514e-007, 4.59002912976e-005, 0.000112238783913, 0.000164714481798, 0.00016430139658, 7.78755202191e-005, 7.01500102878e-005, 4.90541606268e-005, 6.44355095574e-005, 5.89653682255e-005, 5.65657537663e-005, 4.11192449974e-005, 2.45679857471e-005, 5.14742350788e-005, 6.34882962913e-005, 0.000101788020402, 0.000182889663847, 0.000146409729496, 0.000254082289757, 0.000274360936601, 8.2959944848e-005, 2.1884099624e-005, 4.93130119139e-006, 2.54696328739e-006, 1.01550710951e-006, 3.2768571856e-008, 4.34714680919e-010, 5.07362728219e-011]
        dmean2: [7.62927413689e-007, 7.72739440436e-005, 0.000186929144547, 0.000278460560367, 0.000275535567198, 0.000123018442537, 0.000115842107334, 7.6278927736e-005, 0.000101734891359, 9.21735481825e-005, 8.64235626068e-005, 6.47345077596e-005, 4.01307333959e-005, 8.32754303701e-005, 0.00010446664237, 0.000172078260221, 0.000306709640427, 0.000244740425842, 0.000422444747528, 0.000450151273981, 0.000136311267852, 3.62449354725e-005, 7.80323898653e-006, 3.8838720684e-006, 1.48532888034e-006, 4.82450133177e-008, 6.94741819629e-010, 9.41489317063e-011]
        dvar: [1.27124049135e-012, 5.25706855825e-009, 2.55436987118e-008, 8.33328073213e-008, 1.24701131199e-007, 1.96754719184e-008, 2.05865422487e-008, 1.20851177954e-008, 1.81362569407e-008, 2.38244322048e-008, 2.83150161096e-008, 1.58573563169e-008, 8.07183031526e-009, 1.16986180743e-008, 2.03556265177e-008, 2.0080273444e-008, 8.10593192568e-008, 4.94640950421e-008, 1.14472804569e-007, 1.25864232814e-007, 1.37824889279e-008, 9.7808550148e-010, 6.90283316618e-011, 2.02236300623e-011, 8.05198269171e-012, 1.17726297189e-014, 7.73289950742e-019, 5.7309169062e-021]
        dvar2: [2.09133383354e-012, 1.49224614887e-008, 7.16215780017e-008, 2.19241542254e-007, 3.25960911596e-007, 4.47608599075e-008, 5.27247117077e-008, 2.59362753496e-008, 4.14997742837e-008, 5.13025568694e-008, 6.11304997733e-008, 3.29758798046e-008, 2.02786019088e-008, 2.66016542128e-008, 5.05989525834e-008, 5.38050670684e-008, 2.10677285395e-007, 1.28803279154e-007, 2.94846813631e-007, 3.28044905018e-007, 3.42093215977e-008, 2.41998199257e-009, 1.48682857692e-010, 3.96862369356e-011, 1.37174048162e-011, 2.4297321357e-014, 1.65223350978e-018, 1.79517531502e-020]
        max: [1.11755507533e-005, 0.000840389286168, 0.00210869894363, 0.00382447103038, 0.00810931995511, 0.00310845696367, 0.00296121137217, 0.00244161859155, 0.00414352864027, 0.00376605452038, 0.004728814587, 0.00346323242411, 0.00425944151357, 0.00330195599236, 0.0036770477891, 0.00310202501714, 0.00645121792331, 0.00534468190745, 0.00666528893635, 0.00662443600595, 0.00226698745973, 0.000441572599811, 0.000241149333306, 0.000208482117159, 0.00012655678438, 5.34235141458e-006, 2.26129603931e-008, 8.12098777114e-010]
        mean: [9.34122851959e-007, 7.45417855796e-005, 0.000160356328706, 0.000212101178477, 0.000255381484749, 0.000141801996506, 0.000114098627819, 0.000104754028143, 0.000126031998661, 0.000112911613542, 0.000110567343654, 7.75314256316e-005, 4.50966399512e-005, 9.04272819753e-005, 0.0001245484018, 0.00021405093139, 0.000438008020865, 0.000347213732312, 0.000687865831424, 0.000796412234195, 0.000227570271818, 5.88967996009e-005, 1.23554900711e-005, 7.20085517969e-006, 2.28714998229e-006, 5.96990901158e-008, 6.75898503832e-010, 4.0205408447e-011]
        median: [9.17709712667e-008, 5.86531241424e-005, 0.000114142472739, 0.000127642415464, 0.00015119384625, 6.98414442013e-005, 4.98203007737e-005, 2.61851637333e-005, 6.10339375271e-005, 3.65485357179e-005, 3.09875358653e-005, 2.98855411529e-005, 2.26649135584e-005, 4.95135136589e-005, 7.61321789469e-005, 0.00018236116739, 0.000325154600432, 0.000280551612377, 0.000591661082581, 0.000651138485409, 0.000195100787096, 5.31906989636e-005, 9.96085054794e-006, 5.45278044228e-006, 1.03628633497e-006, 1.3685856004e-008, 1.95543900516e-010, 1.15398298556e-011]
        min: [4.84048305495e-025, 8.52581618157e-024, 3.20075184698e-024, 8.42246179513e-025, 1.10312123841e-023, 8.64876173137e-024, 7.27619818769e-024, 6.18663297173e-024, 2.94074534365e-023, 2.24055871507e-023, 1.3967224089e-023, 3.10133722912e-023, 3.27872049226e-023, 4.50983133599e-023, 6.6173401397e-023, 7.07769096499e-023, 1.09468284064e-022, 1.34531051355e-022, 1.69383355288e-022, 1.83956026967e-022, 2.68732220013e-022, 3.42581515697e-022, 4.4761729762e-022, 6.53553311812e-022, 9.09737014121e-022, 1.41417824728e-021, 1.87738313347e-021, 5.87134606228e-022]
        var: [3.02645018421e-012, 6.08006578418e-009, 3.08523091519e-008, 9.2544787833e-008, 1.81913975439e-007, 5.05750890056e-008, 3.87085954401e-008, 5.46997007689e-008, 4.9818385861e-008, 8.45177083875e-008, 1.00172663053e-007, 4.83421942477e-008, 1.30885728922e-008, 2.75621765411e-008, 4.3085407242e-008, 4.11443004111e-008, 2.69909207873e-007, 1.28784506614e-007, 4.08652056194e-007, 5.2105923487e-007, 4.3111054282e-008, 2.46540765581e-009, 1.71748781863e-010, 7.33947624898e-011, 2.78831367717e-011, 2.81505877365e-014, 1.86332793415e-018, 4.68373331179e-021]
    mfcc:
        mean: [-738.340454102, 77.1661758423, -42.9910964966, 52.8095932007, -10.0003728867, -8.40949630737, -1.25864565372, -1.88719344139, 0.863594710827, 0.660259604454, -9.59573078156, -4.47797870636, -3.04402804375]
        cov: [[18761.4492188, 695.328063965, -1632.70935059, 3426.78076172, -245.912765503, 650.370056152, 624.17199707, 435.097198486, 207.334014893, 39.0536346436, -173.78012085, 43.2814750671, -121.316833496], [695.328063965, 442.726837158, -14.5965719223, 58.5268058777, -23.1555233002, 70.0183181763, 15.875005722, 18.0118999481, 24.4119243622, 9.54735088348, -6.25534820557, -15.8134174347, -12.6942205429], [-1632.70935059, -14.5965719223, 475.799133301, -311.152923584, 58.2113418579, 9.7302532196, -60.8546447754, -39.7868652344, -1.01520776749, -12.230173111, 22.0730400085, -0.849942564964, -5.22217035294], [3426.78076172, 58.5268058777, -311.152923584, 849.807189941, 11.3234062195, 113.198501587, 121.685821533, 90.4429016113, 45.4562530518, 9.0100851059, -31.1340427399, 25.3700790405, -22.3768730164], [-245.912765503, -23.1555233002, 58.2113418579, 11.3234062195, 124.678642273, 24.0044746399, 11.9797706604, -10.3181638718, 9.87942314148, -4.51419115067, 0.462466031313, -1.33538305759, -8.98853969574], [650.370056152, 70.0183181763, 9.7302532196, 113.198501587, 24.0044746399, 172.455825806, 69.7857894897, 48.6247367859, 21.7069702148, -3.52586913109, -15.4778518677, -25.0007801056, -22.4091262817], [624.17199707, 15.875005722, -60.8546447754, 121.685821533, 11.9797706604, 69.7857894897, 123.951766968, 47.2913742065, 19.8529758453, 7.3298535347, -7.91614866257, -6.49011850357, -5.12578868866], [435.097198486, 18.0118999481, -39.7868652344, 90.4429016113, -10.3181638718, 48.6247367859, 47.2913742065, 79.1906890869, 28.8476543427, 5.45222949982, -7.13683748245, -4.1694355011, -1.84414422512], [207.334014893, 24.4119243622, -1.01520776749, 45.4562530518, 9.87942314148, 21.7069702148, 19.8529758453, 28.8476543427, 67.3258285522, 20.9211845398, 7.63165664673, -4.77547883987, -6.58339309692], [39.0536346436, 9.54735088348, -12.230173111, 9.0100851059, -4.51419115067, -3.52586913109, 7.3298535347, 5.45222949982, 20.9211845398, 75.7700805664, 27.5864257813, 4.14385318756, -7.59663820267], [-173.78012085, -6.25534820557, 22.0730400085, -31.1340427399, 0.462466031313, -15.4778518677, -7.91614866257, -7.13683748245, 7.63165664673, 27.5864257813, 75.0263595581, 17.6319351196, 0.412811934948], [43.2814750671, -15.8134174347, -0.849942564964, 25.3700790405, -1.33538305759, -25.0007801056, -6.49011850357, -4.1694355011, -4.77547883987, 4.14385318756, 17.6319351196, 69.8969268799, 26.9049301147], [-121.316833496, -12.6942205429, -5.22217035294, -22.3768730164, -8.98853969574, -22.4091262817, -5.12578868866, -1.84414422512, -6.58339309692, -7.59663820267, 0.412811934948, 26.9049301147, 58.8180007935]]
        icov: [[0.00030560878804, -0.000221892405534, 0.000276701146504, -0.00103993108496, 0.000685652135871, -0.000421923963586, -0.000252343335887, 0.000266136048594, -0.000193373649381, 0.000111453031423, 8.94162076293e-005, -0.000118822725199, 0.000188247329788], [-0.000221892405534, 0.00269170897081, -0.000152337976033, 0.000698811141774, 0.000266755814664, -0.000942738319281, 0.000537140411325, 0.000317971600452, -0.000709768850356, -0.000284141569864, 6.15496610408e-005, 0.000220220215851, -0.000103346472315], [0.000276701146504, -0.000152337976033, 0.00363331427798, 0.000360802427167, -0.00074712728383, -0.00185750250239, 0.00100759230554, 0.000612852396443, -0.00101908238139, 0.000716460170224, -0.000396792747779, -0.00115884002298, 0.000794185325503], [-0.00103993108496, 0.000698811141774, 0.000360802427167, 0.00560886412859, -0.00285173952579, 0.000512892438564, 0.000400591554353, -0.0016077918699, -2.94706751447e-005, -0.000195617671125, 0.000291863223538, -0.0014309551334, 0.000539814063814], [0.000685652135871, 0.000266755814664, -0.00074712728383, -0.00285173952579, 0.0113211618736, -0.0022074165754, -0.0020393258892, 0.00401795515791, -0.00266239373013, 0.00110397092067, 0.000309336232021, -0.000693725130986, 0.00131761620287], [-0.000421923963586, -0.000942738319281, -0.00185750250239, 0.000512892438564, -0.0022074165754, 0.0108759449795, -0.00351623864844, -0.00404875958338, 0.000946684449445, 0.000615197466686, 0.000272499280982, 0.00256255059503, 0.00134074594826], [-0.000252343335887, 0.000537140411325, 0.00100759230554, 0.000400591554353, -0.0020393258892, -0.00351623864844, 0.0133831584826, -0.00477509852499, 0.000158448689035, -0.00120383838657, -6.79756994941e-005, 0.000321537605487, -0.00108176260255], [0.000266136048594, 0.000317971600452, 0.000612852396443, -0.0016077918699, 0.00401795515791, -0.00404875958338, -0.00477509852499, 0.0218616966158, -0.00755155365914, 0.00062114855973, 0.00115089956671, -0.000397492927732, -0.00119018298574], [-0.000193373649381, -0.000709768850356, -0.00101908238139, -2.94706751447e-005, -0.00266239373013, 0.000946684449445, 0.000158448689035, -0.00755155365914, 0.0207956470549, -0.00487492093816, -0.00148572376929, 0.00193181948271, -9.81094926829e-005], [0.000111453031423, -0.000284141569864, 0.000716460170224, -0.000195617671125, 0.00110397092067, 0.000615197466686, -0.00120383838657, 0.00062114855973, -0.00487492093816, 0.0171858314425, -0.0056557059288, -0.000795033643954, 0.00255276309326], [8.94162076293e-005, 6.15496610408e-005, -0.000396792747779, 0.000291863223538, 0.000309336232021, 0.000272499280982, -6.79756994941e-005, 0.00115089956671, -0.00148572376929, -0.0056557059288, 0.0172672793269, -0.00472335331142, 0.00159741460811], [-0.000118822725199, 0.000220220215851, -0.00115884002298, -0.0014309551334, -0.000693725130986, 0.00256255059503, 0.000321537605487, -0.000397492927732, 0.00193181948271, -0.000795033643954, -0.00472335331142, 0.0208068471402, -0.00932990200818], [0.000188247329788, -0.000103346472315, 0.000794185325503, 0.000539814063814, 0.00131761620287, 0.00134074594826, -0.00108176260255, -0.00119018298574, -9.81094926829e-005, 0.00255276309326, 0.00159741460811, -0.00932990200818, 0.0227992869914]]
    sccoeffs:
        dmean: [0.0491953603923, 0.0417661145329, 0.0352479666471, 0.0281924884766, 0.0190563779324, 0.0149950031191]
        dmean2: [0.0813530832529, 0.06913279742, 0.0581813082099, 0.0476735234261, 0.031972117722, 0.0243788678199]
        dvar: [0.00173673138488, 0.00114748068154, 0.000791104452219, 0.00049417646369, 0.000231643862207, 0.000159412753419]
        dvar2: [0.00463242409751, 0.00313037843443, 0.00210402836092, 0.00135516910814, 0.00062252843054, 0.000393095251638]
        max: [-0.372023850679, -0.298748075962, -0.510842561722, -0.505443632603, -0.555440783501, -0.634800493717]
        mean: [-0.691631913185, -0.772480368614, -0.783200442791, -0.790312707424, -0.788212895393, -0.748802065849]
        median: [-0.694594025612, -0.778864443302, -0.794528901577, -0.792571425438, -0.789645910263, -0.736444115639]
        min: [-0.978891611099, -0.977307021618, -0.992414772511, -0.967085421085, -0.968314230442, -0.963510930538]
        var: [0.00465072598308, 0.00402833241969, 0.00408586999401, 0.00167142529972, 0.00156547804363, 0.00255257915705]
    scvalleys:
        dmean: [0.359218388796, 0.324266672134, 0.278469413519, 0.221794992685, 0.161854416132, 0.180519670248]
        dmean2: [0.600008606911, 0.535789549351, 0.458894610405, 0.364294052124, 0.259990632534, 0.274575382471]
        dvar: [0.0960371792316, 0.0787610858679, 0.057230103761, 0.0425658561289, 0.0306783299893, 0.05163731426]
        dvar2: [0.240883752704, 0.191440716386, 0.13601256907, 0.0913941040635, 0.0548152215779, 0.09551204741]
        max: [-5.2364616394, -4.94284915924, -5.6177945137, -5.74969387054, -5.43548679352, -7.57364654541]
        mean: [-7.53389930725, -7.20499801636, -7.59038448334, -7.72064971924, -7.39313650131, -10.2519578934]
        median: [-6.65211963654, -6.68298578262, -7.01958990097, -7.02712202072, -6.40229320526, -9.29552078247]
        min: [-27.7567367554, -27.7884197235, -27.7545146942, -27.7427978516, -27.4876461029, -27.4051017761]
        var: [5.05093002319, 2.92877292633, 3.03975129128, 3.61069083214, 5.83076381683, 6.0250825882]

rhythm:
    beats_loudness:
        dmean: 0.00313087180257
        dmean2: 0.00604117289186
        dvar: 5.92466494709e-006
        dvar2: 2.0635441615e-005
        max: 0.0141051523387
        mean: 0.00593761727214
        median: 0.00597056746483
        min: 1.25494154998e-011
        var: 1.34109850478e-005
    bpm: 105.783676147
    bpm_confidence: 0
    first_peak_bpm: 105
    first_peak_spread: 0.366233766079
    first_peak_weight: 0.583732068539
    onset_rate: 1.44314241409
    second_peak_bpm: 115
    second_peak_spread: 0.0714285671711
    second_peak_weight: 0.0311004780233
    beats_loudness_band_ratio:
        dmean: [0.0883644074202, 0.0763817057014, 0.0626142323017, 0.0539917200804, 0.0970516577363, 0.0949370712042]
        dmean2: [0.158188089728, 0.133664563298, 0.102024063468, 0.0934491530061, 0.173629552126, 0.159864515066]
        dvar: [0.006035995204, 0.0062363455072, 0.00546045834199, 0.00494877016172, 0.00809573661536, 0.00798874534667]
        dvar2: [0.0172094460577, 0.0174740273505, 0.0127855790779, 0.0130889248103, 0.0223917569965, 0.0243464037776]
        max: [0.47736915946, 0.659067630768, 0.808504998684, 0.591661810875, 0.744954049587, 0.780855834484]
        mean: [0.139769554138, 0.112192459404, 0.120694957674, 0.0820832625031, 0.25370234251, 0.33014139533]
        median: [0.127980858088, 0.0871518775821, 0.0780248716474, 0.0539093874395, 0.246677860618, 0.345756053925]
        min: [0, 0, 0, 0, 0, 0]
        var: [0.00972160231322, 0.00929592270404, 0.0170295275748, 0.00614338601008, 0.0122130541131, 0.0203163381666]
    beats_position: [0.522448956966, 1.04489791393, 1.5673469305, 2.08979582787, 2.61224484444, 3.13469386101, 3.65714287758, 4.17959165573, 4.7020406723, 5.22448968887, 5.74693870544, 6.31582736969, 6.88471651077, 7.45360517502, 8.0224943161, 8.59138298035, 9.17188167572, 9.75238037109, 10.3328800201, 10.9133787155, 11.4938774109, 12.0743761063, 12.6432647705, 13.2121543884, 13.7810430527, 14.3499317169, 14.90721035, 15.4760990143, 16.0449886322, 16.6138763428, 17.1827659607, 17.7400455475, 18.3089332581, 18.877822876, 19.4467124939, 20.0156002045, 20.5844898224, 21.153377533, 21.7106571198, 22.2679367065, 22.8368244171, 23.405714035, 23.974603653, 24.5434913635, 25.1123809814, 25.6696586609, 26.2385482788, 26.7958278656, 27.3647155762, 27.9336051941, 28.5024929047, 29.0713825226, 29.6286621094, 30.1859397888, 30.7548294067, 31.3237190247, 31.8926067352, 32.4614944458, 33.0303840637, 33.5992736816, 34.1681632996, 34.7370529175, 35.3059387207, 35.8632202148, 36.4321098328, 36.9893875122, 37.5466651917, 38.1271629333, 38.6844444275, 39.2533340454, 39.8222198486, 40.3795013428, 40.9483909607, 41.5172767639, 42.0861663818, 42.6550559998, 43.2123336792, 43.7696151733, 44.3385009766, 44.9073905945, 45.4762802124, 46.0451698303, 46.6140594482, 47.1829452515, 47.7402267456, 48.297504425, 48.866394043, 49.4352836609, 50.0041732788, 50.573059082, 51.1303405762, 51.7108383179, 52.2681159973, 52.8253974915, 53.3942832947, 53.9631729126, 54.5436706543, 55.1241722107, 55.7046699524, 56.2735595703, 56.8424491882, 57.3997268677, 57.9570045471, 58.5142860413, 59.0715637207, 59.6288414001, 60.1861228943, 60.7434005737, 61.3122901917, 61.8811798096, 62.4500656128, 63.0189552307, 63.5878448486, 64.1567306519, 64.7256240845, 65.2945098877, 65.8517913818, 66.4322891235, 66.9895706177, 67.5468444824, 68.115737915, 68.6846237183, 69.2535171509, 69.8224029541, 70.3912887573, 70.9601821899, 71.5174560547, 72.0747375488, 72.6436233521, 73.2125167847, 73.7814025879, 74.3502960205, 74.9075698853, 75.4764633179, 76.0453491211, 76.6142425537, 77.1831283569, 77.7404098511, 78.3092956543, 78.8781814575, 79.4470748901, 80.0159606934, 80.584854126, 81.1421279907, 81.7110214233, 82.2682952881, 82.8371887207, 83.4060745239, 83.9749679565, 84.5438537598, 85.112739563, 85.6816329956, 86.2505187988, 86.8194122314, 87.3766860962, 87.9339675903, 88.5028533936, 89.0717468262, 89.6406326294, 90.2095184326, 90.7784118652, 91.3356933594, 91.9045791626, 92.4618606567, 93.03074646, 93.5880279541, 94.1569137573, 94.7141952515, 95.2830810547, 95.8519744873, 96.4208602905, 96.9897460938, 97.5586395264, 98.1275253296, 98.6848068237, 99.253692627, 99.8225860596, 100.379859924, 100.948753357, 101.51763916, 102.086524963, 102.655418396, 103.21269989, 103.769973755, 104.338867188, 104.907752991, 105.476638794, 106.045532227, 106.61441803, 107.183311462, 107.752197266, 108.321083069, 108.878364563, 109.435646057, 110.00453186, 110.573425293, 111.153923035, 111.722808838, 112.291702271, 112.848976135, 113.406257629, 113.963539124, 114.532424927, 115.10131073, 115.670204163, 116.239089966, 116.79637146, 117.353645325, 117.922538757, 118.491424561, 119.060317993, 119.629203796, 120.1980896, 120.766983032, 121.335868835, 121.904762268, 122.462036133, 123.019317627, 123.58820343, 124.157096863, 124.725982666, 125.294876099, 125.852149963, 126.409431458, 126.978317261, 127.547210693, 128.116104126, 128.6849823, 129.253875732, 129.822769165, 130.391647339, 130.960540771, 131.517822266, 132.07510376, 132.643981934, 133.212875366, 133.781768799, 134.339050293, 134.907928467, 135.476821899, 136.045715332, 136.614593506, 137.183486938, 137.752380371, 138.309661865, 138.866943359, 139.435821533, 139.993103027, 140.56199646, 141.130874634, 141.699768066, 142.268661499, 142.837554932, 143.394821167, 143.9637146, 144.532608032, 145.101501465, 145.670379639, 146.239273071, 146.808166504, 147.365432739, 147.934326172, 148.491607666, 149.072113037, 149.640991211, 150.198272705, 150.767166138, 151.324447632, 151.893325806, 152.462219238, 153.019500732, 153.599990845, 154.180496216, 154.749389648, 155.318267822, 155.887161255, 156.456054688, 157.024932861, 157.582214355, 158.151107788, 158.720001221, 159.288879395, 159.846160889, 160.415054321, 160.983947754, 161.541213989, 162.098495483, 162.667388916, 163.236282349, 163.793563843, 164.350830078, 164.908111572, 165.465393066, 166.022674561, 166.603164673, 167.172058105, 167.740951538, 168.32144165, 168.901947021, 169.470840454, 170.039718628, 170.597000122, 171.165893555, 171.723175049, 172.280456543, 172.849334717, 173.406616211, 173.963897705, 174.532791138, 175.101669312, 175.670562744, 176.239456177, 176.808334351, 177.377227783, 177.946121216, 178.50340271, 179.072280884, 179.629562378, 180.198455811, 180.767349243, 181.336227417, 181.90512085, 182.462402344, 183.019683838, 183.588562012, 184.157455444, 184.726348877, 185.29524231, 185.864120483, 186.433013916, 186.99029541, 187.547576904, 188.116455078, 188.685348511, 189.254241943, 189.823120117, 190.39201355, 190.960906982, 191.529785156, 192.098678589, 192.655960083, 193.213241577, 193.78213501, 194.351013184, 194.919906616, 195.488800049, 196.046066284, 196.614959717, 197.172241211, 197.741134644, 198.310012817, 198.87890625, 199.447799683, 200.016693115, 200.585571289, 201.154464722, 201.723358154, 202.28062439, 202.849517822, 203.406799316, 203.975692749, 204.544570923, 205.113464355, 205.682357788, 206.251235962, 206.843353271, 207.435455322, 208.03918457, 208.631286621, 209.211791992, 209.803894043, 210.396011353, 210.988113403, 211.580215454, 212.172332764, 212.741226196, 213.321716309, 213.890609741, 214.447891235, 215.005172729, 215.550842285, 216.096496582, 216.653778076, 217.199447632, 217.745117188, 218.290786743, 218.813232422, 219.335693359, 219.858139038, 220.334152222, 220.810150146, 221.28616333, 221.773788452, 222.273010254, 222.772247314, 223.259857178, 223.759094238, 224.25831604, 224.757553101, 225.268386841, 225.767608643, 226.359725952, 226.951828003, 227.543945313, 228.147659302, 228.751373291, 229.331878662, 229.923980713, 230.492874146, 231.073379517, 231.64225769, 232.222763062, 232.803268433, 233.383758545, 233.964263916, 234.544754028, 235.125259399, 235.705749512, 236.286254883]
