
metadata:
    version:
        essentia: "2.1-beta2"
    audio_properties:
        analysis_sample_rate: 44100
        bitrate: 167
        channels: 2
        equal_loudness: 1
        length: 258.586120605
        replay_gain: -11.5722732544
        downmix: "mix"
    tags:
        album: "Lueurs"
        artist: "Kells"
        comment: " "
        date: "2009"
        genre: "Alternative"
        title: "Sur Le Fil"
        tracknumber: "13"

configuration:
    average_loudness:
        compute: 1
        frameSize: 88200
        hopSize: 44100
        silentFrames: "noise"
        windowType: "hann"
    general:
        analysisSampleRate: 44100
        endTime: 2000
        equalLoudness: 1
        nequalLoudness: 0
        shortSound: 0
        startTime: 0
    lowlevel:
        compute: 1
        frameSize: 2048
        hopSize: 1024
        zeroPadding: 0
        silentFrames: "noise"
        windowType: "blackmanharris62"
        mfccStats: ["mean", "cov", "icov"]
        stats: ["mean", "var", "median", "min", "max", "dmean", "dmean2", "dvar", "dvar2"]
    panning:
        compute: 0
        frameSize: 8192
        hopSize: 2048
        zeroPadding: 8192
        silentFrames: "noise"
        windowType: "hann"
        stats: ["copy"]
    rhythm:
        compute: 1
        maxTempo: 208
        minTempo: 40
        method: "degara"
        stats: ["mean", "var", "median", "min", "max", "dmean", "dmean2", "dvar", "dvar2"]
    segmentation:
        compute: 0
        cpw: 5
        inc1: 300
        inc2: 50
        minimumSegmentsLength: 10
        size1: 1000
        size2: 600
    sfx:
        compute: 1
        stats: ["mean", "var", "median", "min", "max", "dmean", "dmean2", "dvar", "dvar2"]
    svm:
        compute: 0
    tonal:
        compute: 1
        frameSize: 4096
        hopSize: 2048
        zeroPadding: 0
        silentFrames: "noise"
        windowType: "blackmanharris62"
        stats: ["mean", "var", "median", "min", "max", "dmean", "dmean2", "dvar", "dvar2"]

lowlevel:
    average_loudness: 0.0999489352107
    barkbands_kurtosis:
        dmean: 1.55773162842
        dmean2: 2.37455654144
        dvar: 26.4920120239
        dvar2: 54.6073036194
        max: 324.100952148
        mean: 1.80853164196
        median: -0.598952353001
        min: -1.91682946682
        var: 93.9546966553
    barkbands_skewness:
        dmean: 0.398843348026
        dmean2: 0.592078745365
        dvar: 0.185386434197
        dvar2: 0.389557540417
        max: 14.5709247589
        mean: 0.267166763544
        median: 0.0869033932686
        min: -7.49061918259
        var: 2.25643014908
    barkbands_spread:
        dmean: 3.92817902565
        dmean2: 5.95117139816
        dvar: 16.7972793579
        dvar2: 36.6959266663
        max: 76.6370162964
        mean: 24.2484588623
        median: 24.986038208
        min: 0.184395179152
        var: 127.913787842
    dissonance:
        dmean: 0.0185634642839
        dmean2: 0.0309579968452
        dvar: 0.000417100760387
        dvar2: 0.00114178739022
        max: 0.500000059605
        mean: 0.453134208918
        median: 0.464446306229
        min: 0.213958188891
        var: 0.00153095950373
    hfc:
        dmean: 1.21289515495
        dmean2: 1.58024442196
        dvar: 9.80437278748
        dvar2: 16.0754051208
        max: 102.005256653
        mean: 4.58472919464
        median: 1.45477676392
        min: 1.0869836831e-016
        var: 76.7890396118
    pitch:
        dmean: 303.641540527
        dmean2: 586.725952148
        dvar: 736380.25
        dvar2: 1917767.375
        max: 6998.43603516
        mean: 764.121826172
        median: 313.761322021
        min: 69.6648483276
        var: 1328331.375
    pitch_instantaneous_confidence:
        dmean: 0.0689635425806
        dmean2: 0.106523089111
        dvar: 0.00511537631974
        dvar2: 0.0110226003453
        max: 0.979233205318
        mean: 0.649766147137
        median: 0.662127077579
        min: 0.0927983522415
        var: 0.0374955609441
    pitch_salience:
        dmean: 0.0535369999707
        dmean2: 0.0840471312404
        dvar: 0.00240963324904
        dvar2: 0.0058380193077
        max: 0.994664490223
        mean: 0.528620839119
        median: 0.528338432312
        min: 0.150715559721
        var: 0.0130858113989
    silence_rate_20dB:
        dmean: 0
        dmean2: 0
        dvar: 0
        dvar2: 0
        max: 1
        mean: 1
        median: 1
        min: 1
        var: 0
    silence_rate_30dB:
        dmean: 0
        dmean2: 0
        dvar: 0
        dvar2: 0
        max: 1
        mean: 1
        median: 1
        min: 1
        var: 0
    silence_rate_60dB:
        dmean: 0.034479662776
        dmean2: 0.0689655169845
        dvar: 0.0332918576896
        dvar2: 0.071216404438
        max: 1
        mean: 0.828335404396
        median: 1
        min: 0
        var: 0.142184704542
    spectral_centroid:
        dmean: 220.830337524
        dmean2: 327.753448486
        dvar: 72033.5625
        dvar2: 144575.453125
        max: 11652.3105469
        mean: 1814.11425781
        median: 1701.79382324
        min: 215.181625366
        var: 1460865.25
    spectral_complexity:
        dmean: 1.08161985874
        dmean2: 1.7307831049
        dvar: 2.51221179962
        dvar2: 4.84593248367
        max: 32
        mean: 4.31289291382
        median: 3
        min: 0
        var: 17.3670196533
    spectral_crest:
        dmean: 2.19207501411
        dmean2: 3.44328999519
        dvar: 4.26736831665
        dvar2: 10.3560342789
        max: 25.7002563477
        mean: 10.4285640717
        median: 9.42471694946
        min: 2.77333426476
        var: 20.6992149353
    spectral_decrease:
        dmean: 9.78062214552e-011
        dmean2: 1.28431473789e-010
        dvar: 3.97272908536e-020
        dvar2: 6.68025569702e-020
        max: 1.54267686695e-028
        mean: -4.10851935806e-010
        median: -1.73820430271e-010
        min: -5.16600406897e-009
        var: 3.46852185384e-019
    spectral_energy:
        dmean: 0.000471618870506
        dmean2: 0.000614844844677
        dvar: 1.02584078832e-006
        dvar2: 1.69740883393e-006
        max: 0.0284850299358
        mean: 0.00196650088765
        median: 0.000801884569228
        min: 1.00687009099e-020
        var: 8.94102686289e-006
    spectral_energyband_high:
        dmean: 0.000139657466207
        dmean2: 0.000198448702577
        dvar: 3.12902301403e-007
        dvar2: 5.92290462009e-007
        max: 0.0180196166039
        mean: 0.000262785470113
        median: 3.98438132834e-005
        min: 7.03346989651e-021
        var: 7.06544199147e-007
    spectral_energyband_low:
        dmean: 3.93697837353e-006
        dmean2: 6.91647028361e-006
        dvar: 6.31575555743e-011
        dvar2: 2.00863228828e-010
        max: 0.000157642265549
        mean: 8.62898741616e-006
        median: 5.38359972779e-006
        min: 8.72269850857e-024
        var: 1.15088175101e-010
    spectral_energyband_middle_high:
        dmean: 0.000336006633006
        dmean2: 0.000472179381177
        dvar: 6.4949284706e-007
        dvar2: 1.26288159663e-006
        max: 0.0237302966416
        mean: 0.00125298649073
        median: 0.000387636187952
        min: 1.21046300907e-021
        var: 4.59522334495e-006
    spectral_energyband_middle_low:
        dmean: 0.000160379946465
        dmean2: 0.000229517783737
        dvar: 9.40286071227e-008
        dvar2: 1.86927948675e-007
        max: 0.00595419993624
        mean: 0.000483081676066
        median: 0.000251039513387
        min: 1.75076709592e-022
        var: 4.14390001424e-007
    spectral_flatness_db:
        dmean: 0.018942931667
        dmean2: 0.0288572181016
        dvar: 0.000390827539377
        dvar2: 0.000858995073941
        max: 0.468778699636
        mean: 0.213737472892
        median: 0.206581294537
        min: 0.0567720867693
        var: 0.00319284037687
    spectral_flux:
        dmean: 0.00614227727056
        dmean2: 0.00954407826066
        dvar: 9.98690593406e-005
        dvar2: 0.000250878743827
        max: 0.176302418113
        mean: 0.019190074876
        median: 0.0130882477388
        min: 6.39502131805e-011
        var: 0.000410659849877
    spectral_kurtosis:
        dmean: 2.07059264183
        dmean2: 3.43077921867
        dvar: 14.7638092041
        dvar2: 37.6572113037
        max: 81.2935791016
        mean: 5.60030984879
        median: 4.04718065262
        min: -1.59131169319
        var: 44.0785179138
    spectral_rms:
        dmean: 0.000140905496664
        dmean2: 0.000183499432751
        dvar: 3.89606391593e-008
        dvar2: 5.94082081307e-008
        max: 0.00527164805681
        mean: 0.00110147614032
        median: 0.000884492183104
        min: 3.13418626989e-012
        var: 7.05284605829e-007
    spectral_rolloff:
        dmean: 323.55078125
        dmean2: 536.852478027
        dvar: 334058.3125
        dvar2: 714106.1875
        max: 19810.546875
        mean: 3084.27539063
        median: 3359.1796875
        min: 215.33203125
        var: 4004990.75
    spectral_skewness:
        dmean: 0.229679048061
        dmean2: 0.371159255505
        dvar: 0.100544974208
        dvar2: 0.246459409595
        max: 7.45484924316
        mean: 1.62753212452
        median: 1.48724853992
        min: -0.638355672359
        var: 0.570047497749
    spectral_spread:
        dmean: 566036.875
        dmean2: 818768.9375
        dvar: 739506913280
        dvar2: 1.35275990221e+012
        max: 42769200
        mean: 5052667
        median: 4302882
        min: 1126590.625
        var: 1.5866300203e+013
    spectral_strongpeak:
        dmean: 0.566528856754
        dmean2: 0.912225723267
        dvar: 1.34908771515
        dvar2: 3.02096629143
        max: 16.3992729187
        mean: 1.23593580723
        median: 0.358985245228
        min: 0
        var: 4.17468261719
    zerocrossingrate:
        dmean: 0.00812562741339
        dmean2: 0.0093937581405
        dvar: 8.61262669787e-005
        dvar2: 0.000102082907688
        max: 0.52880859375
        mean: 0.0986416712403
        median: 0.09814453125
        min: 0.00927734375
        var: 0.00306341331452
    barkbands:
        dmean: [2.5009139204e-010, 1.13034019478e-007, 2.29770057558e-006, 6.37649554847e-006, 6.00376661168e-005, 2.10909238376e-005, 6.94743357599e-005, 4.14830465161e-005, 1.98192428797e-005, 1.53625132953e-005, 5.03863702761e-005, 3.64238476322e-005, 8.78337596077e-006, 1.21439288705e-005, 2.9453281968e-005, 3.75171402993e-005, 7.14009293006e-005, 6.83207254042e-005, 9.50213507167e-005, 0.000167789272382, 1.91607778106e-005, 2.16679222831e-006, 1.24531720758e-006, 1.81683697065e-006, 6.2124439637e-007, 2.92485857756e-008, 1.30020355593e-010]
        dmean2: [4.56182452924e-010, 1.75989697482e-007, 4.03142166761e-006, 1.04248265416e-005, 8.93901451491e-005, 3.2852502045e-005, 0.000103166647023, 5.61789602216e-005, 2.70098407782e-005, 2.2582937163e-005, 7.00474702171e-005, 5.53841382498e-005, 1.32290933834e-005, 1.86271736311e-005, 4.43800927314e-005, 5.72008066229e-005, 0.000111610970635, 9.5183684607e-005, 0.000136779315653, 0.000223055831157, 2.90047646558e-005, 3.26838926412e-006, 1.85613657777e-006, 2.62710250354e-006, 9.09639879865e-007, 4.42267626966e-008, 2.25856014446e-010]
        dvar: [2.79742401902e-019, 5.9588449355e-014, 2.74664006816e-011, 1.70601005545e-010, 1.79404509026e-008, 1.58655188987e-009, 3.55255913576e-008, 1.46696708114e-008, 1.68773972575e-008, 3.91771637354e-009, 4.18039611816e-008, 4.48476420445e-008, 2.32872054973e-009, 2.47504394757e-009, 2.44755735679e-008, 4.07069791208e-008, 4.48761205973e-008, 6.50453415574e-008, 1.00717578277e-007, 2.6487052196e-007, 5.81474957073e-009, 4.72848496469e-011, 2.98915649177e-011, 4.74727999966e-011, 6.35682392142e-012, 2.21667353391e-014, 1.17751512492e-019]
        dvar2: [7.83750114876e-019, 1.57567101727e-013, 9.41944161559e-011, 4.66663985232e-010, 4.10399394468e-008, 3.5686353872e-009, 7.78326096906e-008, 2.726192605e-008, 2.81769185762e-008, 8.58100790424e-009, 7.94102561485e-008, 9.88593171769e-008, 5.05172526033e-009, 5.86888360132e-009, 5.32227169003e-008, 9.15309215088e-008, 1.06557330071e-007, 1.30159747869e-007, 1.93322989617e-007, 4.44512551212e-007, 1.42892648824e-008, 1.07688746809e-010, 7.2561269493e-011, 9.95393281689e-011, 1.29624791803e-011, 5.17698744659e-014, 3.2879829643e-019]
        max: [2.63004515944e-008, 5.00192663822e-006, 7.11514876457e-005, 0.000240888737608, 0.00264852237888, 0.0015885605244, 0.00479302089661, 0.00352115370333, 0.00584956398234, 0.0030811058823, 0.00583590287715, 0.00814041122794, 0.00295502832159, 0.00230033975095, 0.00660554645583, 0.00735373795033, 0.00602822285146, 0.0140048870817, 0.0136355105788, 0.0180116910487, 0.00333148660138, 0.00021377558005, 0.000324712746078, 0.000276095583104, 0.000105673891085, 5.46917954125e-006, 1.14119877992e-008]
        mean: [2.15294476691e-010, 1.73607233478e-007, 4.14315036323e-006, 1.36942289828e-005, 0.000117680719995, 5.0165115681e-005, 0.000167189486092, 8.65978508955e-005, 4.50431580248e-005, 3.14317549055e-005, 0.000126983970404, 7.63599164202e-005, 1.55442230607e-005, 2.44145830948e-005, 5.0060061767e-005, 6.11869545537e-005, 0.000180649527465, 0.000155202593305, 0.000232910810155, 0.00048155488912, 3.43934079865e-005, 3.70073644262e-006, 2.27551413445e-006, 4.00038970838e-006, 1.10118003249e-006, 4.07188913698e-008, 1.40999573128e-010]
        median: [7.36179520122e-011, 6.42406874363e-008, 1.7883618284e-006, 5.98677161179e-006, 5.40196124348e-005, 2.483082244e-005, 2.9258277209e-005, 1.49432562466e-005, 1.12898287625e-005, 4.87687930217e-006, 9.37802542467e-006, 7.04452804712e-006, 3.65692949345e-006, 6.47607066639e-006, 7.91471666162e-006, 1.14151298476e-005, 1.57703270816e-005, 1.76093453774e-005, 4.11966684624e-005, 3.60022531822e-005, 1.12502384582e-005, 7.04118860995e-007, 3.45700641446e-007, 7.57542693464e-007, 1.55868846718e-007, 3.21816862048e-009, 2.95134611195e-011]
        min: [1.88579787843e-025, 1.08528179985e-024, 1.47385791847e-025, 1.17531932674e-024, 7.66520048841e-024, 5.55032080507e-024, 9.21189561059e-024, 9.6219439314e-024, 1.49673561442e-023, 1.16985918654e-023, 7.19349243266e-024, 2.46462092901e-023, 2.96647167549e-023, 2.68916750356e-023, 3.99669814307e-023, 4.37755135287e-023, 6.46374702818e-023, 8.69976064226e-023, 1.28054680028e-022, 1.5444195109e-022, 2.12265329225e-022, 3.52069505524e-022, 3.88811188123e-022, 6.01729063089e-022, 8.28862236811e-022, 1.31210292781e-021, 1.96909738973e-021]
        var: [2.61960034985e-019, 9.94718359331e-014, 3.46840299537e-011, 4.30948859931e-010, 3.89402394774e-008, 6.40828767828e-009, 1.58216096224e-007, 4.08315727896e-008, 3.74863020625e-008, 1.32271837927e-008, 1.90531281419e-007, 1.25310478438e-007, 3.91456200788e-009, 7.97367505356e-009, 4.12220053647e-008, 5.96534448505e-008, 2.48252149504e-007, 1.80919116133e-007, 4.56862210285e-007, 1.6433231167e-006, 6.92585189199e-009, 8.66134178268e-011, 6.36726990577e-011, 1.18681495187e-010, 1.53165743977e-011, 4.09832656364e-014, 1.31046825251e-019]
    frequency_bands:
        dmean: [2.5009139204e-010, 1.13034019478e-007, 2.29770057558e-006, 6.37649554847e-006, 6.00376661168e-005, 2.10909238376e-005, 6.94743357599e-005, 4.14830465161e-005, 1.98192428797e-005, 1.53625132953e-005, 5.03863702761e-005, 3.64238476322e-005, 8.78337596077e-006, 1.21439288705e-005, 2.9453281968e-005, 3.75171402993e-005, 7.14009293006e-005, 6.83207254042e-005, 9.50213507167e-005, 0.000167789272382, 1.91607778106e-005, 2.16679222831e-006, 1.24531720758e-006, 1.81683697065e-006, 6.2124439637e-007, 2.92485857756e-008, 1.30020355593e-010, 2.28820712378e-011]
        dmean2: [4.56182452924e-010, 1.75989697482e-007, 4.03142166761e-006, 1.04248265416e-005, 8.93901451491e-005, 3.2852502045e-005, 0.000103166647023, 5.61789602216e-005, 2.70098407782e-005, 2.2582937163e-005, 7.00474702171e-005, 5.53841382498e-005, 1.32290933834e-005, 1.86271736311e-005, 4.43800927314e-005, 5.72008066229e-005, 0.000111610970635, 9.5183684607e-005, 0.000136779315653, 0.000223055831157, 2.90047646558e-005, 3.26838926412e-006, 1.85613657777e-006, 2.62710250354e-006, 9.09639879865e-007, 4.42267626966e-008, 2.25856014446e-010, 4.24978836844e-011]
        dvar: [2.79742401902e-019, 5.9588449355e-014, 2.74664006816e-011, 1.70601005545e-010, 1.79404509026e-008, 1.58655188987e-009, 3.55255913576e-008, 1.46696708114e-008, 1.68773972575e-008, 3.91771637354e-009, 4.18039611816e-008, 4.48476420445e-008, 2.32872054973e-009, 2.47504394757e-009, 2.44755735679e-008, 4.07069791208e-008, 4.48761205973e-008, 6.50453415574e-008, 1.00717578277e-007, 2.6487052196e-007, 5.81474957073e-009, 4.72848496469e-011, 2.98915649177e-011, 4.74727999966e-011, 6.35682392142e-012, 2.21667353391e-014, 1.17751512492e-019, 3.34140052727e-021]
        dvar2: [7.83750114876e-019, 1.57567101727e-013, 9.41944161559e-011, 4.66663985232e-010, 4.10399394468e-008, 3.5686353872e-009, 7.78326096906e-008, 2.726192605e-008, 2.81769185762e-008, 8.58100790424e-009, 7.94102561485e-008, 9.88593171769e-008, 5.05172526033e-009, 5.86888360132e-009, 5.32227169003e-008, 9.15309215088e-008, 1.06557330071e-007, 1.30159747869e-007, 1.93322989617e-007, 4.44512551212e-007, 1.42892648824e-008, 1.07688746809e-010, 7.2561269493e-011, 9.95393281689e-011, 1.29624791803e-011, 5.17698744659e-014, 3.2879829643e-019, 1.07289089766e-020]
        max: [2.63004515944e-008, 5.00192663822e-006, 7.11514876457e-005, 0.000240888737608, 0.00264852237888, 0.0015885605244, 0.00479302089661, 0.00352115370333, 0.00584956398234, 0.0030811058823, 0.00583590287715, 0.00814041122794, 0.00295502832159, 0.00230033975095, 0.00660554645583, 0.00735373795033, 0.00602822285146, 0.0140048870817, 0.0136355105788, 0.0180116910487, 0.00333148660138, 0.00021377558005, 0.000324712746078, 0.000276095583104, 0.000105673891085, 5.46917954125e-006, 1.14119877992e-008, 9.11179243168e-010]
        mean: [2.15294476691e-010, 1.73607233478e-007, 4.14315036323e-006, 1.36942289828e-005, 0.000117680719995, 5.0165115681e-005, 0.000167189486092, 8.65978508955e-005, 4.50431580248e-005, 3.14317549055e-005, 0.000126983970404, 7.63599164202e-005, 1.55442230607e-005, 2.44145830948e-005, 5.0060061767e-005, 6.11869545537e-005, 0.000180649527465, 0.000155202593305, 0.000232910810155, 0.00048155488912, 3.43934079865e-005, 3.70073644262e-006, 2.27551413445e-006, 4.00038970838e-006, 1.10118003249e-006, 4.07188913698e-008, 1.40999573128e-010, 1.7825850171e-011]
        median: [7.36179520122e-011, 6.42406874363e-008, 1.7883618284e-006, 5.98677161179e-006, 5.40196124348e-005, 2.483082244e-005, 2.9258277209e-005, 1.49432562466e-005, 1.12898287625e-005, 4.87687930217e-006, 9.37802542467e-006, 7.04452804712e-006, 3.65692949345e-006, 6.47607066639e-006, 7.91471666162e-006, 1.14151298476e-005, 1.57703270816e-005, 1.76093453774e-005, 4.11966684624e-005, 3.60022531822e-005, 1.12502384582e-005, 7.04118860995e-007, 3.45700641446e-007, 7.57542693464e-007, 1.55868846718e-007, 3.21816862048e-009, 2.95134611195e-011, 2.68581424462e-012]
        min: [1.88579787843e-025, 1.08528179985e-024, 1.47385791847e-025, 1.17531932674e-024, 7.66520048841e-024, 5.55032080507e-024, 9.21189561059e-024, 9.6219439314e-024, 1.49673561442e-023, 1.16985918654e-023, 7.19349243266e-024, 2.46462092901e-023, 2.96647167549e-023, 2.68916750356e-023, 3.99669814307e-023, 4.37755135287e-023, 6.46374702818e-023, 8.69976064226e-023, 1.28054680028e-022, 1.5444195109e-022, 2.12265329225e-022, 3.52069505524e-022, 3.88811188123e-022, 6.01729063089e-022, 8.28862236811e-022, 1.31210292781e-021, 1.96909738973e-021, 4.40167269987e-022]
        var: [2.61960034985e-019, 9.94718359331e-014, 3.46840299537e-011, 4.30948859931e-010, 3.89402394774e-008, 6.40828767828e-009, 1.58216096224e-007, 4.08315727896e-008, 3.74863020625e-008, 1.32271837927e-008, 1.90531281419e-007, 1.25310478438e-007, 3.91456200788e-009, 7.97367505356e-009, 4.12220053647e-008, 5.96534448505e-008, 2.48252149504e-007, 1.80919116133e-007, 4.56862210285e-007, 1.6433231167e-006, 6.92585189199e-009, 8.66134178268e-011, 6.36726990577e-011, 1.18681495187e-010, 1.53165743977e-011, 4.09832656364e-014, 1.31046825251e-019, 2.62104495939e-021]
    mfcc:
        mean: [-833.561523438, 91.1253738403, -47.1896934509, 29.5928134918, -18.487165451, -37.4819831848, -4.5219745636, -21.9892311096, -17.1694221497, -10.6593618393, -23.2138156891, -8.57794761658, -8.67025756836]
        cov: [[8980.19238281, -233.882598877, -1989.37060547, 700.991149902, -500.182006836, -665.925537109, 186.141403198, -8.09160232544, -338.278564453, 112.766326904, -380.845245361, 210.773254395, 56.713432312], [-233.882598877, 960.393554688, -7.08725500107, -88.3153762817, -21.4826946259, 3.84255743027, -45.9435882568, -17.4898700714, -8.96119213104, -75.1351470947, 40.2533454895, -113.961410522, -47.5602874756], [-1989.37060547, -7.08725500107, 1015.43225098, -201.504562378, 116.056610107, 229.479400635, -103.150016785, -12.3536834717, 57.1456222534, -48.6886901855, 139.645645142, -42.565612793, -79.0450286865], [700.991149902, -88.3153762817, -201.504562378, 471.155334473, -23.7987728119, -72.7602844238, -55.8108787537, 12.257941246, -39.2808494568, -15.5067596436, -5.94453716278, 41.640296936, 4.33832406998], [-500.182006836, -21.4826946259, 116.056610107, -23.7987728119, 211.350875854, 27.2034244537, 9.82135009766, 23.3114261627, 23.2231292725, 7.95867300034, -1.75843119621, 10.6935739517, 18.1743717194], [-665.925537109, 3.84255743027, 229.479400635, -72.7602844238, 27.2034244537, 306.537689209, -1.83377444744, 35.355266571, 44.7410697937, -71.7713470459, 89.2252197266, -67.4830932617, -14.9720821381], [186.141403198, -45.9435882568, -103.150016785, -55.8108787537, 9.82135009766, -1.83377444744, 186.865447998, -49.5519447327, 7.387840271, 31.9035396576, -62.4398460388, -4.93288326263, -2.45484089851], [-8.09160232544, -17.4898700714, -12.3536834717, 12.257941246, 23.3114261627, 35.355266571, -49.5519447327, 222.766021729, -14.0302352905, -6.6336607933, 48.8888397217, 19.0257377625, 55.6747550964], [-338.278564453, -8.96119213104, 57.1456222534, -39.2808494568, 23.2231292725, 44.7410697937, 7.387840271, -14.0302352905, 183.513153076, -46.9045791626, 17.1774635315, -33.2576408386, -15.5619783401], [112.766326904, -75.1351470947, -48.6886901855, -15.5067596436, 7.95867300034, -71.7713470459, 31.9035396576, -6.6336607933, -46.9045791626, 176.210998535, -37.3469200134, 5.72023296356, -2.09319901466], [-380.845245361, 40.2533454895, 139.645645142, -5.94453716278, -1.75843119621, 89.2252197266, -62.4398460388, 48.8888397217, 17.1774635315, -37.3469200134, 203.111862183, 15.7293930054, -29.3502941132], [210.773254395, -113.961410522, -42.565612793, 41.640296936, 10.6935739517, -67.4830932617, -4.93288326263, 19.0257377625, -33.2576408386, 5.72023296356, 15.7293930054, 195.110641479, 70.823425293], [56.713432312, -47.5602874756, -79.0450286865, 4.33832406998, 18.1743717194, -14.9720821381, -2.45484089851, 55.6747550964, -15.5619783401, -2.09319901466, -29.3502941132, 70.823425293, 169.991638184]]
        icov: [[0.000254694168689, 4.70303893962e-005, 0.00036570179509, -0.000144476129208, 0.000347878056346, 0.000132115470478, -9.14665361051e-005, -0.0001075478649, 0.000246097246418, 0.000112692301627, 0.00020260293968, -0.00016652996419, 0.000238546796027], [4.70303893962e-005, 0.00128400034737, 0.000215194595512, 0.000331288232701, -5.08708799316e-005, 0.000413564295741, 0.000279036874417, 0.000149698214955, 0.000449503248092, 0.000738258415367, -0.000401309516747, 0.000884946028236, 4.42790151283e-005], [0.00036570179509, 0.000215194595512, 0.00218741386198, 0.000475952081615, -0.000359299127012, -0.000787531549577, 0.00108193932101, 0.000357029697625, 0.000369758927263, 0.000125106191263, -8.21907960926e-005, -0.000459439354017, 0.001023545512], [-0.000144476129208, 0.000331288232701, 0.000475952081615, 0.00279498356394, -0.000433343753684, 0.000123977893963, 0.00123622256797, 0.000188859165064, 0.000346581829945, 0.000529089884367, -0.000173111082404, -0.000140825781273, 0.000371147034457], [0.000347878056346, -5.08708799316e-005, -0.000359299127012, -0.000433343753684, 0.00596659630537, 5.38239073649e-005, -0.000889764283784, -0.000928801251575, -0.000479619193356, -0.000430867803516, 0.000853118777741, -0.000680093478877, -0.000246695824899], [0.000132115470478, 0.000413564295741, -0.000787531549577, 0.000123977893963, 5.38239073649e-005, 0.00576515076682, -0.00156491308007, -0.000732991728, 0.000196285342099, 0.00200827536173, -0.00208719167858, 0.00239004404284, -0.000891683041118], [-9.14665361051e-005, 0.000279036874417, 0.00108193932101, 0.00123622256797, -0.000889764283784, -0.00156491308007, 0.00767636718228, 0.00151092698798, -0.000417915376602, -0.00106187560596, 0.001726304763, -0.00063183583552, 0.00066339696059], [-0.0001075478649, 0.000149698214955, 0.000357029697625, 0.000188859165064, -0.000928801251575, -0.000732991728, 0.00151092698798, 0.00588104315102, 0.000392126617953, -0.000319800485158, -0.00153106101789, 0.000446775869932, -0.00204913504422], [0.000246097246418, 0.000449503248092, 0.000369758927263, 0.000346581829945, -0.000479619193356, 0.000196285342099, -0.000417915376602, 0.000392126617953, 0.00671769306064, 0.00202481844462, -0.000426516344305, 0.00107471016236, 0.000259362888755], [0.000112692301627, 0.000738258415367, 0.000125106191263, 0.000529089884367, -0.000430867803516, 0.00200827536173, -0.00106187560596, -0.000319800485158, 0.00202481844462, 0.00754579575732, 6.8576533522e-005, 0.000905490887817, 0.000438839080743], [0.00020260293968, -0.000401309516747, -8.21907960926e-005, -0.000173111082404, 0.000853118777741, -0.00208719167858, 0.001726304763, -0.00153106101789, -0.000426516344305, 6.8576533522e-005, 0.00786102656275, -0.00260483077727, 0.00244197249413], [-0.00016652996419, 0.000884946028236, -0.000459439354017, -0.000140825781273, -0.000680093478877, 0.00239004404284, -0.00063183583552, 0.000446775869932, 0.00107471016236, 0.000905490887817, -0.00260483077727, 0.00820747856051, -0.00353880901821], [0.000238546796027, 4.42790151283e-005, 0.001023545512, 0.000371147034457, -0.000246695824899, -0.000891683041118, 0.00066339696059, -0.00204913504422, 0.000259362888755, 0.000438839080743, 0.00244197249413, -0.00353880901821, 0.00883559882641]]
    sccoeffs:
        dmean: [0.0413547754288, 0.0358189679682, 0.0318469144404, 0.0283082108945, 0.0231117997319, 0.0182823110372]
        dmean2: [0.0670383796096, 0.0574864558876, 0.0498588010669, 0.0448208451271, 0.0351931154728, 0.0270863566548]
        dvar: [0.00130914489273, 0.000936863361858, 0.000777621404268, 0.000591338961385, 0.000451506552054, 0.000284212030238]
        dvar2: [0.00340980058536, 0.0023243909236, 0.00172075326554, 0.00138643675018, 0.000903663691133, 0.000554463244043]
        max: [-0.278182148933, -0.37069311738, -0.414010345936, -0.474451452494, -0.476120680571, -0.459510803223]
        mean: [-0.544462800026, -0.689518630505, -0.725711643696, -0.753181874752, -0.739967226982, -0.780137896538]
        median: [-0.538308799267, -0.692004323006, -0.730349183083, -0.756626427174, -0.75311011076, -0.785000801086]
        min: [-0.994268000126, -0.984572708607, -0.991402626038, -0.974902451038, -0.967227578163, -0.965543031693]
        var: [0.00807440560311, 0.00654406147078, 0.00677737221122, 0.00437820143998, 0.00764157017693, 0.00297766039148]
    scvalleys:
        dmean: [0.405293285847, 0.298732459545, 0.269647210836, 0.26205766201, 0.250836700201, 0.320443481207]
        dmean2: [0.664190471172, 0.478476375341, 0.430777728558, 0.404595077038, 0.359588950872, 0.427833676338]
        dvar: [0.131514638662, 0.0768164545298, 0.062010012567, 0.0708032846451, 0.0783725976944, 0.148564502597]
        dvar2: [0.33782735467, 0.176069483161, 0.138334959745, 0.143013641238, 0.141917288303, 0.255987435579]
        max: [-7.61709260941, -5.62678909302, -6.19965076447, -6.20836639404, -5.72493696213, -7.84525632858]
        mean: [-10.0725898743, -8.20667743683, -8.83255672455, -9.14318275452, -8.96650409698, -11.4006214142]
        median: [-9.83895397186, -7.8205947876, -8.43330383301, -8.73163223267, -8.48801803589, -10.9682826996]
        min: [-28.0320358276, -28.3492908478, -27.8147563934, -27.6568851471, -27.4769611359, -27.4214496613]
        var: [3.68190646172, 4.80764007568, 4.63261651993, 4.545835495, 4.86758899689, 4.47688913345]

rhythm:
    beats_loudness:
        dmean: 0.0017691066023
        dmean2: 0.0031312785577
        dvar: 7.10078347765e-006
        dvar2: 1.85079661605e-005
        max: 0.0237516313791
        mean: 0.00267490581609
        median: 0.00113283540122
        min: 0
        var: 1.22658875625e-005
    bpm: 155.127456665
    bpm_confidence: 0
    first_peak_bpm: 157
    first_peak_spread: 0.141791060567
    first_peak_weight: 0.529141128063
    onset_rate: 2.77277064323
    second_peak_bpm: 152
    second_peak_spread: 0.0738636255264
    second_peak_weight: 0.25
    beats_loudness_band_ratio:
        dmean: [0.0877092704177, 0.159655734897, 0.127266183496, 0.0927969664335, 0.106731556356, 0.155495405197]
        dmean2: [0.158812627196, 0.280337274075, 0.215596094728, 0.154404625297, 0.182222381234, 0.270803391933]
        dvar: [0.0116548119113, 0.0192215181887, 0.0156254991889, 0.0151828341186, 0.0108091905713, 0.0254571922123]
        dvar2: [0.036509744823, 0.0549626983702, 0.0439029745758, 0.0386824011803, 0.0310023408383, 0.0719128623605]
        max: [0.564009308815, 0.945177674294, 0.861976444721, 0.891193807125, 0.706202566624, 0.827716588974]
        mean: [0.083860591054, 0.237958341837, 0.177238896489, 0.130621746182, 0.187688007951, 0.238766938448]
        median: [0.0410311855376, 0.163899421692, 0.126101925969, 0.0696862116456, 0.163687080145, 0.17603456974]
        min: [0, 0, 0, 0, 0, 0]
        var: [0.0117339324206, 0.048795234412, 0.0246693938971, 0.030512643978, 0.0196503028274, 0.0407720021904]
    beats_position: [0.406349211931, 0.801088392735, 1.20743763447, 1.60217678547, 2.00852608681, 2.42648530006, 2.85605430603, 3.27401351929, 3.69197273254, 4.08671188354, 4.48145103455, 4.86458063126, 5.24770975113, 5.630838871, 6.01396799088, 6.39709758759, 6.78022670746, 7.1517457962, 7.5464849472, 7.94122457504, 8.32435321808, 8.71909236908, 9.10222244263, 9.4853515625, 9.86848068237, 10.2399997711, 10.6347389221, 11.017868042, 11.4009971619, 11.7841272354, 12.1672563553, 12.5619955063, 12.9567346573, 13.3514738083, 13.7346029282, 14.117732048, 14.5008611679, 14.8839902878, 15.2671203613, 15.6502494812, 16.0333786011, 16.4165077209, 16.7996368408, 17.1827659607, 17.5658950806, 17.9490242004, 18.3321533203, 18.7152824402, 19.0984115601, 19.4815406799, 19.8762817383, 20.2710208893, 20.6657600403, 21.0488891602, 21.43201828, 21.8035373688, 22.1866664886, 22.5697956085, 22.9529247284, 23.3360538483, 23.7191829681, 24.102312088, 24.497051239, 24.89179039, 25.286529541, 25.6696586609, 26.0643978119, 26.4475269318, 26.8422679901, 27.2370071411, 27.620136261, 28.0032653809, 28.3980045319, 28.7927436829, 29.1874828339, 29.5822219849, 30.0466213226, 30.5110206604, 30.9870281219, 31.4514274597, 31.9042167664, 32.3337860107, 32.7633552551, 33.204536438, 33.6457138062, 34.0868911743, 34.4816322327, 34.8763694763, 35.2594985962, 35.6426315308, 36.0257606506, 36.4204978943, 36.8152389526, 37.1983680725, 37.5814971924, 37.976234436, 38.3709754944, 38.7541046143, 39.1488418579, 39.5319709778, 39.9151000977, 40.2866210938, 40.6697502136, 41.0528793335, 41.4476165771, 41.8423576355, 42.2370948792, 42.6086158752, 42.9801368713, 43.3632659912, 43.7463951111, 44.129524231, 44.5126533508, 44.8957824707, 45.2789115906, 45.6620407104, 46.0451698303, 46.4166870117, 46.7998161316, 47.1829452515, 47.5776863098, 47.9608154297, 48.355556488, 48.7386856079, 49.1218147278, 49.5165519714, 49.8996810913, 50.2944221497, 50.6891593933, 51.0839004517, 51.4786376953, 51.8617668152, 52.2448959351, 52.6164169312, 52.9879341125, 53.3710632324, 53.7541923523, 54.1373214722, 54.5204544067, 54.9035835266, 55.2867126465, 55.6698417664, 56.0529708862, 56.4361000061, 56.819229126, 57.2023582458, 57.5854873657, 57.9686164856, 58.3517456055, 58.7348747253, 59.1180038452, 59.5011329651, 59.884262085, 60.2673912048, 60.6505203247, 61.0452613831, 61.4399986267, 61.8347396851, 62.2178688049, 62.6009979248, 62.9841270447, 63.3672561646, 63.7503852844, 64.1335144043, 64.5166397095, 64.899772644, 65.2828979492, 65.6660308838, 66.0375518799, 66.4322891235, 66.8154220581, 67.1985473633, 67.5816802979, 67.964805603, 68.3479385376, 68.7310638428, 69.1141967773, 69.4973220825, 69.8804550171, 70.2635803223, 70.6583175659, 71.0414505005, 71.4245758057, 71.8193206787, 72.2140579224, 72.608795166, 73.0035324097, 73.3866653442, 73.7814025879, 74.1645355225, 74.5360565186, 74.9075698853, 75.2790908813, 75.6622238159, 76.0453491211, 76.4168701172, 76.7999954224, 77.1831283569, 77.5662536621, 77.9493865967, 78.3209075928, 78.7156448364, 79.098777771, 79.4819030762, 79.8650360107, 80.2481613159, 80.6312942505, 81.0144195557, 81.3975524902, 81.7806777954, 82.1754150391, 82.5585479736, 82.9416732788, 83.3364181519, 83.719543457, 84.1026763916, 84.4974136353, 84.8921508789, 85.2752838135, 85.6584091187, 86.0531539917, 86.4246673584, 86.7961883545, 87.1793212891, 87.5508346558, 87.9339675903, 88.328704834, 88.7234420776, 89.1065750122, 89.4897003174, 89.872833252, 90.2559585571, 90.6390914917, 91.0222167969, 91.4169616699, 91.8000869751, 92.1832199097, 92.5779571533, 92.9610900879, 93.3442153931, 93.7273483276, 94.1104736328, 94.4936065674, 94.888343811, 95.2714691162, 95.6546020508, 96.037727356, 96.4208602905, 96.8155975342, 97.1987304688, 97.5818557739, 97.976600647, 98.3829498291, 98.8009033203, 99.2188644409, 99.6368255615, 100.054779053, 100.472740173, 100.890701294, 101.308662415, 101.726615906, 102.144577026, 102.53931427, 102.934059143, 103.328796387, 103.72353363, 104.106666565, 104.48979187, 104.884536743, 105.267662048, 105.662399292, 106.068748474, 106.475097656, 106.997550964, 107.485168457, 107.97278595, 108.472015381, 108.994468689, 109.505302429, 109.969703674, 110.434104919, 110.910110474, 111.386123657, 111.780860901, 112.163986206, 112.547119141, 112.965080261, 113.394645691, 113.82421875, 114.242172241, 114.648521423, 115.054870605, 115.461219788, 115.855964661, 116.262313843, 116.668663025, 117.075012207, 117.492965698, 117.89931488, 118.294059753, 118.688796997, 119.071922302, 119.466667175, 119.861404419, 120.256141663, 120.639274597, 121.034011841, 121.428749084, 121.823486328, 122.218231201, 122.601356506, 122.984489441, 123.367614746, 123.750747681, 124.133872986, 124.51700592, 124.911743164, 125.294876099, 125.689613342, 126.084350586, 126.455871582, 126.827392578, 127.198905945, 127.582038879, 127.965164185, 128.359909058, 128.754638672, 129.149383545, 129.520904541, 129.892425537, 130.275558472, 130.658676147, 131.053421021, 131.436553955, 131.81968689, 132.202804565, 132.5859375, 132.969070435, 133.352203369, 133.746932983, 134.141677856, 134.536407471, 134.931152344, 135.314285278, 135.685806274, 136.068939209, 136.452056885, 136.835189819, 137.229934692, 137.613052368, 137.984573364, 138.367706299, 138.750839233, 139.133972168, 139.505477905, 139.88861084, 140.271743774, 140.654876709, 141.037994385, 141.421127319, 141.804260254, 142.187393188, 142.558914185, 142.94203186, 143.325164795, 143.708297729, 144.103042603, 144.497772217, 144.89251709, 145.275650024, 145.6587677, 146.041900635, 146.425033569, 146.819763184, 147.214508057, 147.586029053, 147.969161987, 148.352294922, 148.747024536, 149.118545532, 149.501678467, 149.884811401, 150.279541016, 150.66267395, 151.045806885, 151.428924561, 151.812057495, 152.206802368, 152.589935303, 152.973052979, 153.344573975, 153.727706909, 154.110839844, 154.493972778, 154.888702393, 155.283447266, 155.6665802, 156.049697876, 156.421218872, 156.804351807, 157.175872803, 157.559005737, 157.942123413, 158.336868286, 158.731613159, 159.126342773, 159.509475708, 159.892608643, 160.287338257, 160.670471191, 161.053604126, 161.448348999, 161.843078613, 162.214599609, 162.586120605, 162.96925354, 163.352371216, 163.723892212, 164.107025146, 164.478546143, 164.861679077, 165.256408691, 165.651153564, 166.057495117, 166.440628052, 166.823760986, 167.206893921, 167.601623535, 167.996368408, 168.391113281, 168.762634277, 169.145751953, 169.517272949, 169.900405884, 170.283538818, 170.666656494, 171.049789429, 171.432922363, 171.816055298, 172.210784912, 172.593917847, 172.977050781, 173.360183716, 173.743301392, 174.126434326, 174.509567261, 174.892700195, 175.264221191, 175.658950806, 176.04208374, 176.425216675, 176.808334351, 177.191467285, 177.57460022, 177.957733154, 178.352462769, 178.747207642, 179.130340576, 179.513473511, 179.896591187, 180.279724121, 180.674468994, 181.05758667, 181.440719604, 181.823852539, 182.206985474, 182.601715088, 182.984848022, 183.367980957, 183.751113892, 184.145843506, 184.540588379, 184.923721313, 185.306838989, 185.689971924, 186.073104858, 186.456237793, 186.839355469, 187.222488403, 187.605621338, 187.988754272, 188.360275269, 188.743392944, 189.126525879, 189.509658813, 189.88117981, 190.264297485, 190.64743042, 191.030563354, 191.402084351, 191.796829224, 192.191558838, 192.574691772, 192.957824707, 193.352554321, 193.747299194, 194.142044067, 194.536773682, 194.919906616, 195.303039551, 195.697769165, 196.0809021, 196.464035034, 196.847167969, 197.230285645, 197.601806641, 197.973327637, 198.344848633, 198.727981567, 199.111114502, 199.505844116, 199.900588989, 200.295318604, 200.678451538, 201.061584473, 201.456329346, 201.85105896, 202.234191895, 202.617324829, 203.000442505, 203.383575439, 203.766708374, 204.149841309, 204.544570923, 204.927703857, 205.310836792, 205.682357788, 206.065490723, 206.448608398, 206.831741333, 207.214874268, 207.598007202, 207.981124878, 208.375869751, 208.770614624, 209.165344238, 209.548477173, 209.919998169, 210.291519165, 210.663040161, 211.046157837, 211.417678833, 211.800811768, 212.172332764, 212.555465698, 212.938583374, 213.333328247, 213.72807312, 214.111190796, 214.505935669, 214.889068604, 215.283798218, 215.666931152, 216.061676025, 216.45640564, 216.851150513, 217.234283447, 217.605804443, 217.988937378, 218.383666992, 218.755187988, 219.138320923, 219.521453857, 219.904571533, 220.287704468, 220.670837402, 221.053970337, 221.437088013, 221.831832886, 222.21496582, 222.609695435, 222.992828369, 223.375961304, 223.7474823, 224.119003296, 224.490524292, 224.873641968, 225.245162964, 225.61668396, 225.999816895, 226.382949829, 226.777679443, 227.160812378, 227.543945313, 227.927078247, 228.310195923, 228.693328857, 229.08807373, 229.482803345, 229.865936279, 230.249069214, 230.643798828, 231.038543701, 231.421676636, 231.80480957, 232.176315308, 232.571060181, 232.965805054, 233.360534668, 233.755279541, 234.150024414, 234.53314209, 234.916275024, 235.287796021, 235.670928955, 236.05406189, 236.425567627, 236.8203125, 237.215057373, 237.586578369, 237.958084106, 238.329605103, 238.724349976, 239.119094849, 239.502212524, 239.885345459, 240.256866455, 240.63999939, 241.023132324, 241.40625, 241.789382935, 242.172515869, 242.555648804, 242.938766479, 243.333511353, 243.832733154, 244.320358276, 244.807983398, 245.295593262, 245.783218384, 246.270828247, 246.758453369, 247.246078491, 247.733688354, 248.267745972, 248.801803589, 249.335861206, 249.869934082, 250.403991699, 250.938049316, 251.483718872, 252.029388428, 252.563446045, 253.109115601, 253.654785156, 254.188842773, 254.722900391, 255.245346069, 255.767791748, 256.301849365, 256.84753418, 257.404815674, 257.96206665]
