
metadata:
    version:
        essentia: "2.1-beta2"
    audio_properties:
        analysis_sample_rate: 44100
        bitrate: 256
        channels: 2
        equal_loudness: 1
        length: 301.087341309
        replay_gain: -8.36440849304
        downmix: "mix"
    tags:
        album: "Hail to the King"
        artist: "Avenged Sevenfold"
        comment: ""
        date: ""
        genre: "Metal"
        title: "St. James (bonus track)"
        tracknumber: "11/11"

configuration:
    average_loudness:
        compute: 1
        frameSize: 88200
        hopSize: 44100
        silentFrames: "noise"
        windowType: "hann"
    general:
        analysisSampleRate: 44100
        endTime: 2000
        equalLoudness: 1
        nequalLoudness: 0
        shortSound: 0
        startTime: 0
    lowlevel:
        compute: 1
        frameSize: 2048
        hopSize: 1024
        zeroPadding: 0
        silentFrames: "noise"
        windowType: "blackmanharris62"
        mfccStats: ["mean", "cov", "icov"]
        stats: ["mean", "var", "median", "min", "max", "dmean", "dmean2", "dvar", "dvar2"]
    panning:
        compute: 0
        frameSize: 8192
        hopSize: 2048
        zeroPadding: 8192
        silentFrames: "noise"
        windowType: "hann"
        stats: ["copy"]
    rhythm:
        compute: 1
        maxTempo: 208
        minTempo: 40
        method: "degara"
        stats: ["mean", "var", "median", "min", "max", "dmean", "dmean2", "dvar", "dvar2"]
    segmentation:
        compute: 0
        cpw: 5
        inc1: 300
        inc2: 50
        minimumSegmentsLength: 10
        size1: 1000
        size2: 600
    sfx:
        compute: 1
        stats: ["mean", "var", "median", "min", "max", "dmean", "dmean2", "dvar", "dvar2"]
    svm:
        compute: 0
    tonal:
        compute: 1
        frameSize: 4096
        hopSize: 2048
        zeroPadding: 0
        silentFrames: "noise"
        windowType: "blackmanharris62"
        stats: ["mean", "var", "median", "min", "max", "dmean", "dmean2", "dvar", "dvar2"]

lowlevel:
    average_loudness: 0.862515807152
    barkbands_kurtosis:
        dmean: 0.930582284927
        dmean2: 1.48908567429
        dvar: 2.18400382996
        dvar2: 5.02948522568
        max: 41.5856933594
        mean: 0.0504530481994
        median: -0.736365795135
        min: -1.91158783436
        var: 7.47494745255
    barkbands_skewness:
        dmean: 0.387280762196
        dmean2: 0.612086296082
        dvar: 0.126262202859
        dvar2: 0.300489872694
        max: 6.22941970825
        mean: -0.242606177926
        median: -0.441567718983
        min: -4.59328603745
        var: 1.14801454544
    barkbands_spread:
        dmean: 5.7760424614
        dmean2: 9.31641483307
        dvar: 31.0784320831
        dvar2: 80.0320663452
        max: 85.3329162598
        mean: 31.9951877594
        median: 31.8767471313
        min: 2.27867245674
        var: 131.359893799
    dissonance:
        dmean: 0.0139952870086
        dmean2: 0.0234711840749
        dvar: 0.00027493329253
        dvar2: 0.000757616013288
        max: 0.500000119209
        mean: 0.473326802254
        median: 0.481715679169
        min: 0.214877486229
        var: 0.000784570234828
    hfc:
        dmean: 3.70327711105
        dmean2: 6.38920354843
        dvar: 33.8873291016
        dvar2: 92.6653060913
        max: 58.8826293945
        mean: 9.98467636108
        median: 9.55687141418
        min: 1.16953200689e-016
        var: 65.1500244141
    pitch:
        dmean: 901.725524902
        dmean2: 1736.17297363
        dvar: 1940239.875
        dvar2: 4681276.5
        max: 5477.62548828
        mean: 1791.07849121
        median: 673.869140625
        min: 71.6783981323
        var: 2924157.75
    pitch_instantaneous_confidence:
        dmean: 0.0829354375601
        dmean2: 0.135557323694
        dvar: 0.00477080047131
        dvar2: 0.0121544171125
        max: 0.888643562794
        mean: 0.44026234746
        median: 0.430955886841
        min: 0.133504033089
        var: 0.0140897948295
    pitch_salience:
        dmean: 0.0568418130279
        dmean2: 0.0927621126175
        dvar: 0.00229131383821
        dvar2: 0.00602172221988
        max: 0.988301157951
        mean: 0.629356861115
        median: 0.637952208519
        min: 0.217969238758
        var: 0.00723048811778
    silence_rate_20dB:
        dmean: 0
        dmean2: 0
        dvar: 0
        dvar2: 0
        max: 1
        mean: 1
        median: 1
        min: 1
        var: 0
    silence_rate_30dB:
        dmean: 0
        dmean2: 0
        dvar: 0
        dvar2: 0
        max: 1
        mean: 1
        median: 1
        min: 1
        var: 0
    silence_rate_60dB:
        dmean: 0.067710340023
        dmean2: 0.13543112576
        dvar: 0.0631200224161
        dvar2: 0.142064958811
        max: 1
        mean: 0.377544730902
        median: 0
        min: 0
        var: 0.235025390983
    spectral_centroid:
        dmean: 286.338409424
        dmean2: 459.299041748
        dvar: 93723.5078125
        dvar2: 220155.890625
        max: 11341.5644531
        mean: 2113.46411133
        median: 2212.82592773
        min: 190.090423584
        var: 516528.71875
    spectral_complexity:
        dmean: 3.86951494217
        dmean2: 6.29723882675
        dvar: 21.0432090759
        dvar2: 50.4142189026
        max: 50
        mean: 15.611582756
        median: 16
        min: 0
        var: 106.513130188
    spectral_crest:
        dmean: 1.86965942383
        dmean2: 3.09871578217
        dvar: 2.90448570251
        dvar2: 7.55113124847
        max: 23.2366447449
        mean: 7.39486122131
        median: 6.67012500763
        min: 2.66358923912
        var: 8.12261295319
    spectral_decrease:
        dmean: 2.79867878872e-010
        dmean2: 4.69683514304e-010
        dvar: 2.10958068818e-019
        dvar2: 5.62903851468e-019
        max: -3.04645464348e-029
        mean: -8.88693174605e-010
        median: -8.33996982585e-010
        min: -4.7625703381e-009
        var: 4.06555807251e-019
    spectral_energy:
        dmean: 0.00136896665208
        dmean2: 0.00231387000531
        dvar: 4.92423259857e-006
        dvar2: 1.32098748509e-005
        max: 0.0227709673345
        mean: 0.00425977213308
        median: 0.00403968989849
        min: 1.07229773485e-020
        var: 9.58019336394e-006
    spectral_energyband_high:
        dmean: 0.000398283766117
        dmean2: 0.000702134741005
        dvar: 4.28654487905e-007
        dvar2: 1.18403761462e-006
        max: 0.0070172958076
        mean: 0.000703604950104
        median: 0.000541741494089
        min: 7.41684145324e-021
        var: 5.47110516891e-007
    spectral_energyband_low:
        dmean: 0.000140305841342
        dmean2: 0.000238090506173
        dvar: 4.31313971205e-008
        dvar2: 1.19785894981e-007
        max: 0.00292132189497
        mean: 0.000290710886475
        median: 0.000238796958001
        min: 7.55426771247e-023
        var: 6.82241179106e-008
    spectral_energyband_middle_high:
        dmean: 0.00072093406925
        dmean2: 0.00119340559468
        dvar: 1.04421201286e-006
        dvar2: 2.73525097327e-006
        max: 0.0124890534207
        mean: 0.00230482127517
        median: 0.00213553966023
        min: 1.49438871536e-021
        var: 3.32135778081e-006
    spectral_energyband_middle_low:
        dmean: 0.000511558027938
        dmean2: 0.000838241772726
        dvar: 8.91292302185e-007
        dvar2: 2.35936408899e-006
        max: 0.0103009920567
        mean: 0.0010767740896
        median: 0.000782356597483
        min: 2.58420104042e-022
        var: 1.17864976801e-006
    spectral_flatness_db:
        dmean: 0.0133245922625
        dmean2: 0.0212917812169
        dvar: 0.000140232135891
        dvar2: 0.000347383640474
        max: 0.366100341082
        mean: 0.141885146499
        median: 0.132824882865
        min: 0.066480666399
        var: 0.00147614697926
    spectral_flux:
        dmean: 0.0081386398524
        dmean2: 0.012654335238
        dvar: 0.000110374392534
        dvar2: 0.000215830033994
        max: 0.135395020247
        mean: 0.0380325466394
        median: 0.0385211482644
        min: 6.74504826992e-011
        var: 0.000405861617764
    spectral_kurtosis:
        dmean: 0.800762057304
        dmean2: 1.31657671928
        dvar: 0.644780158997
        dvar2: 1.73110878468
        max: 14.8987817764
        mean: 2.90079760551
        median: 2.72910118103
        min: -1.25984764099
        var: 2.14991402626
    spectral_rms:
        dmean: 0.000286656490061
        dmean2: 0.000470622471767
        dvar: 1.43113524587e-007
        dvar2: 3.69891154151e-007
        max: 0.00471334019676
        mean: 0.00187678018119
        median: 0.00198523560539
        min: 3.23441512289e-012
        var: 6.33590275356e-007
    spectral_rolloff:
        dmean: 352.772857666
        dmean2: 580.473754883
        dvar: 259444.265625
        dvar2: 571773.125
        max: 18798.4863281
        mean: 3604.57836914
        median: 3897.50976563
        min: 172.265625
        var: 1221410.625
    spectral_skewness:
        dmean: 0.162912651896
        dmean2: 0.265054166317
        dvar: 0.0252031609416
        dvar2: 0.0609085857868
        max: 3.09723758698
        mean: 1.25629031658
        median: 1.22171330452
        min: -0.0755379721522
        var: 0.113932579756
    spectral_spread:
        dmean: 490457
        dmean2: 732283.1875
        dvar: 423949565952
        dvar2: 802080161792
        max: 41752084
        mean: 5334905.5
        median: 5066175.5
        min: 1927737.25
        var: 2.12932231168e+012
    spectral_strongpeak:
        dmean: 0.666523993015
        dmean2: 1.15062725544
        dvar: 0.889400959015
        dvar2: 2.33755254745
        max: 9.99467658997
        mean: 0.974046528339
        median: 0.582101225853
        min: 4.63201671463e-010
        var: 1.24228978157
    zerocrossingrate:
        dmean: 0.00816412921995
        dmean2: 0.0099839316681
        dvar: 7.3562572652e-005
        dvar2: 8.99073056644e-005
        max: 0.5029296875
        mean: 0.115740463138
        median: 0.12158203125
        min: 0.01611328125
        var: 0.00102674390655
    barkbands:
        dmean: [4.11230189457e-007, 4.76928107673e-005, 8.95715566003e-005, 8.16612518975e-005, 0.000236376232351, 7.11846441845e-005, 6.30744398222e-005, 8.79254221218e-005, 0.00014463638945, 9.85883889371e-005, 4.62908428744e-005, 4.90296843054e-005, 4.28576058766e-005, 4.95673193655e-005, 6.87754727551e-005, 9.37785589485e-005, 0.000134525616886, 0.000147206665133, 0.000357359880581, 0.000282877415884, 0.000159485309268, 8.72587843332e-005, 1.42508506542e-005, 6.2423464442e-006, 3.6661131162e-006, 1.18611431787e-007, 5.56688029008e-010]
        dmean2: [5.8621435528e-007, 8.21721332613e-005, 0.000150576976012, 0.000141033393447, 0.000416154012782, 0.000117428062367, 0.000103475220385, 0.000138793315273, 0.000223616909352, 0.000148174221977, 7.38481248845e-005, 7.97460670583e-005, 6.87856954755e-005, 8.15345920273e-005, 0.000114195812785, 0.000154872526764, 0.000222422953811, 0.000248113530688, 0.000608177972026, 0.00048317736946, 0.000281583255855, 0.000159091738169, 2.41369343712e-005, 9.90711851045e-006, 5.65266054764e-006, 1.86658056123e-007, 9.63277457799e-010]
        dvar: [5.06239906765e-013, 7.95419996535e-009, 1.70221508e-008, 1.47083207835e-008, 5.02076431985e-007, 2.74896763131e-008, 3.19954267525e-008, 5.63065967185e-008, 8.74491092873e-008, 4.73493209086e-008, 1.23476135983e-008, 1.39046330005e-008, 1.35966882198e-008, 1.08125801646e-008, 1.77290733205e-008, 3.32552119175e-008, 4.12315159792e-008, 5.06149078205e-008, 2.3988766884e-007, 1.65345952041e-007, 7.62755334449e-008, 2.71025033527e-008, 6.66629584867e-010, 3.29298921464e-010, 1.78930661954e-010, 1.50942626453e-013, 1.02128681509e-018]
        dvar2: [1.03964081268e-012, 2.19760920572e-008, 4.67000731419e-008, 4.14744754096e-008, 1.39244366437e-006, 6.94452921834e-008, 7.93992924741e-008, 1.36291234298e-007, 2.03248276875e-007, 1.01679212605e-007, 2.87736732218e-008, 3.35831487064e-008, 3.04573504195e-008, 2.72065552309e-008, 4.55873276906e-008, 8.53226822528e-008, 1.04826284542e-007, 1.35809671065e-007, 6.47977969948e-007, 4.53358182995e-007, 2.10583735338e-007, 7.42996490999e-008, 1.61373969743e-009, 6.91105450645e-010, 3.87752358e-010, 3.40880860865e-013, 2.72369648044e-018]
        max: [1.11701574497e-005, 0.00104349968024, 0.00227006943896, 0.00228359783068, 0.00849811453372, 0.0040339268744, 0.00472040474415, 0.00563495000824, 0.00667122192681, 0.00561881763861, 0.00456273276359, 0.00284650386311, 0.007162747439, 0.00258037331514, 0.00257555232383, 0.00488480739295, 0.00430160295218, 0.0066105988808, 0.00751150399446, 0.00564617943019, 0.00328005710617, 0.0019303309964, 0.000542229041457, 0.000569390947931, 0.000284328358248, 1.31075839818e-005, 1.99834566672e-008]
        mean: [5.78412198138e-007, 6.61349258735e-005, 0.000173111475306, 0.00011416921916, 0.000242118403548, 0.000110095352284, 8.57312552398e-005, 0.000134188638185, 0.000282225431874, 0.000223225957598, 7.04979611328e-005, 7.55800792831e-005, 7.04601261532e-005, 7.46213045204e-005, 0.000114693204523, 0.000164792814758, 0.000266916264081, 0.000286624708679, 0.000717282935511, 0.000603090447839, 0.00025557121262, 9.0896312031e-005, 1.91946528503e-005, 1.11817726065e-005, 6.58550197841e-006, 2.05856551361e-007, 6.37491892608e-010]
        median: [5.33300550387e-008, 3.89639899367e-005, 0.000122163037304, 7.41119438317e-005, 7.90469857748e-005, 4.3933170673e-005, 2.85710520984e-005, 3.03192318825e-005, 9.84577054624e-005, 6.09718408668e-005, 3.20298058796e-005, 3.84281629522e-005, 3.42212952091e-005, 3.86185056414e-005, 6.09007984167e-005, 9.81836565188e-005, 0.000185264740139, 0.000215335690882, 0.0005959761329, 0.00049906806089, 0.000184054733836, 4.02639379899e-005, 8.55458438309e-006, 5.31735850018e-006, 3.06600509248e-006, 1.04435017079e-007, 3.25036053628e-010]
        min: [9.86259620573e-024, 4.34409355307e-023, 1.05656921533e-023, 8.23783304179e-024, 4.38248268016e-023, 2.30704832978e-023, 6.69154607624e-023, 2.56214007189e-023, 4.50861175703e-023, 2.38341479857e-023, 3.72155166349e-023, 7.05226503138e-023, 8.2129457424e-023, 1.40748310274e-022, 4.47783072006e-023, 1.27374366384e-022, 1.51512740155e-022, 2.16772590137e-022, 1.70091638785e-022, 4.15001622612e-022, 3.31820190772e-022, 6.71915772254e-022, 7.10449645855e-022, 7.12197913082e-022, 1.13255020882e-021, 1.54000481809e-021, 2.13629874313e-021]
        var: [1.02111103861e-012, 7.92216869883e-009, 3.34921139711e-008, 1.8668549373e-008, 3.62462543535e-007, 4.12654017623e-008, 3.83295457596e-008, 9.69712914412e-008, 2.58013926668e-007, 2.16093056338e-007, 2.03390300157e-008, 2.22197265032e-008, 2.73078448743e-008, 1.48859964355e-008, 2.97597004817e-008, 5.68947875479e-008, 9.13592330676e-008, 1.04398687029e-007, 4.60555270365e-007, 3.41990215702e-007, 8.42354879182e-008, 2.17933653346e-008, 9.92345539075e-010, 7.15325132461e-010, 3.19341803001e-010, 2.33047657778e-013, 1.00103133324e-018]
    frequency_bands:
        dmean: [4.11230189457e-007, 4.76928107673e-005, 8.95715566003e-005, 8.16612518975e-005, 0.000236376232351, 7.11846441845e-005, 6.30744398222e-005, 8.79254221218e-005, 0.00014463638945, 9.85883889371e-005, 4.62908428744e-005, 4.90296843054e-005, 4.28576058766e-005, 4.95673193655e-005, 6.87754727551e-005, 9.37785589485e-005, 0.000134525616886, 0.000147206665133, 0.000357359880581, 0.000282877415884, 0.000159485309268, 8.72587843332e-005, 1.42508506542e-005, 6.2423464442e-006, 3.6661131162e-006, 1.18611431787e-007, 5.56688029008e-010, 5.1409154711e-011]
        dmean2: [5.8621435528e-007, 8.21721332613e-005, 0.000150576976012, 0.000141033393447, 0.000416154012782, 0.000117428062367, 0.000103475220385, 0.000138793315273, 0.000223616909352, 0.000148174221977, 7.38481248845e-005, 7.97460670583e-005, 6.87856954755e-005, 8.15345920273e-005, 0.000114195812785, 0.000154872526764, 0.000222422953811, 0.000248113530688, 0.000608177972026, 0.00048317736946, 0.000281583255855, 0.000159091738169, 2.41369343712e-005, 9.90711851045e-006, 5.65266054764e-006, 1.86658056123e-007, 9.63277457799e-010, 9.57707108062e-011]
        dvar: [5.06239906765e-013, 7.95419996535e-009, 1.70221508e-008, 1.47083207835e-008, 5.02076431985e-007, 2.74896763131e-008, 3.19954267525e-008, 5.63065967185e-008, 8.74491092873e-008, 4.73493209086e-008, 1.23476135983e-008, 1.39046330005e-008, 1.35966882198e-008, 1.08125801646e-008, 1.77290733205e-008, 3.32552119175e-008, 4.12315159792e-008, 5.06149078205e-008, 2.3988766884e-007, 1.65345952041e-007, 7.62755334449e-008, 2.71025033527e-008, 6.66629584867e-010, 3.29298921464e-010, 1.78930661954e-010, 1.50942626453e-013, 1.02128681509e-018, 6.99010269108e-021]
        dvar2: [1.03964081268e-012, 2.19760920572e-008, 4.67000731419e-008, 4.14744754096e-008, 1.39244366437e-006, 6.94452921834e-008, 7.93992924741e-008, 1.36291234298e-007, 2.03248276875e-007, 1.01679212605e-007, 2.87736732218e-008, 3.35831487064e-008, 3.04573504195e-008, 2.72065552309e-008, 4.55873276906e-008, 8.53226822528e-008, 1.04826284542e-007, 1.35809671065e-007, 6.47977969948e-007, 4.53358182995e-007, 2.10583735338e-007, 7.42996490999e-008, 1.61373969743e-009, 6.91105450645e-010, 3.87752358e-010, 3.40880860865e-013, 2.72369648044e-018, 2.26590360678e-020]
        max: [1.11701574497e-005, 0.00104349968024, 0.00227006943896, 0.00228359783068, 0.00849811453372, 0.0040339268744, 0.00472040474415, 0.00563495000824, 0.00667122192681, 0.00561881763861, 0.00456273276359, 0.00284650386311, 0.007162747439, 0.00258037331514, 0.00257555232383, 0.00488480739295, 0.00430160295218, 0.0066105988808, 0.00751150399446, 0.00564617943019, 0.00328005710617, 0.0019303309964, 0.000542229041457, 0.000569390947931, 0.000284328358248, 1.31075839818e-005, 1.99834566672e-008, 1.03724928646e-009]
        mean: [5.78412198138e-007, 6.61349258735e-005, 0.000173111475306, 0.00011416921916, 0.000242118403548, 0.000110095352284, 8.57312552398e-005, 0.000134188638185, 0.000282225431874, 0.000223225957598, 7.04979611328e-005, 7.55800792831e-005, 7.04601261532e-005, 7.46213045204e-005, 0.000114693204523, 0.000164792814758, 0.000266916264081, 0.000286624708679, 0.000717282935511, 0.000603090447839, 0.00025557121262, 9.0896312031e-005, 1.91946528503e-005, 1.11817726065e-005, 6.58550197841e-006, 2.05856551361e-007, 6.37491892608e-010, 3.93189508729e-011]
        median: [5.33300550387e-008, 3.89639899367e-005, 0.000122163037304, 7.41119438317e-005, 7.90469857748e-005, 4.3933170673e-005, 2.85710520984e-005, 3.03192318825e-005, 9.84577054624e-005, 6.09718408668e-005, 3.20298058796e-005, 3.84281629522e-005, 3.42212952091e-005, 3.86185056414e-005, 6.09007984167e-005, 9.81836565188e-005, 0.000185264740139, 0.000215335690882, 0.0005959761329, 0.00049906806089, 0.000184054733836, 4.02639379899e-005, 8.55458438309e-006, 5.31735850018e-006, 3.06600509248e-006, 1.04435017079e-007, 3.25036053628e-010, 1.19556890429e-011]
        min: [9.86259620573e-024, 4.34409355307e-023, 1.05656921533e-023, 8.23783304179e-024, 4.38248268016e-023, 2.30704832978e-023, 6.69154607624e-023, 2.56214007189e-023, 4.50861175703e-023, 2.38341479857e-023, 3.72155166349e-023, 7.05226503138e-023, 8.2129457424e-023, 1.40748310274e-022, 4.47783072006e-023, 1.27374366384e-022, 1.51512740155e-022, 2.16772590137e-022, 1.70091638785e-022, 4.15001622612e-022, 3.31820190772e-022, 6.71915772254e-022, 7.10449645855e-022, 7.12197913082e-022, 1.13255020882e-021, 1.54000481809e-021, 2.13629874313e-021, 7.82091191233e-022]
        var: [1.02111103861e-012, 7.92216869883e-009, 3.34921139711e-008, 1.8668549373e-008, 3.62462543535e-007, 4.12654017623e-008, 3.83295457596e-008, 9.69712914412e-008, 2.58013926668e-007, 2.16093056338e-007, 2.03390300157e-008, 2.22197265032e-008, 2.73078448743e-008, 1.48859964355e-008, 2.97597004817e-008, 5.68947875479e-008, 9.13592330676e-008, 1.04398687029e-007, 4.60555270365e-007, 3.41990215702e-007, 8.42354879182e-008, 2.17933653346e-008, 9.92345539075e-010, 7.15325132461e-010, 3.19341803001e-010, 2.33047657778e-013, 1.00103133324e-018, 5.23492761713e-021]
    mfcc:
        mean: [-716.364990234, 78.570526123, -42.8326835632, 47.7280921936, -18.0905036926, -9.63244438171, 7.66376209259, -2.44736361504, 3.7422273159, -0.935539126396, -4.43869686127, -6.75038146973, -5.61122894287]
        cov: [[7445.68359375, -753.631530762, -210.210357666, 1228.1418457, 555.470336914, 809.030395508, 286.880859375, 374.005004883, 129.100097656, 334.569519043, 97.8581237793, 45.2485427856, 99.5004348755], [-753.631530762, 606.296325684, -109.131378174, -98.5352020264, -120.245681763, -174.628387451, 12.8941507339, -58.3527603149, 31.5245475769, -45.8833007813, 6.5516462326, -15.7223072052, -2.16254067421], [-210.210357666, -109.131378174, 342.871490479, 9.34543800354, 80.7747421265, 32.6496810913, -21.2854537964, 5.30435562134, -30.3587589264, -9.13859176636, 21.8941173553, 19.0107021332, 25.4409446716], [1228.1418457, -98.5352020264, 9.34543800354, 502.075775146, 299.597320557, 188.314407349, 55.0190887451, 64.4354248047, 10.294462204, 92.7030029297, 30.0364437103, 33.766998291, 63.1778030396], [555.470336914, -120.245681763, 80.7747421265, 299.597320557, 469.358825684, 164.657455444, 7.79528665543, 1.69250690937, -52.6369590759, 93.8097991943, 26.1569347382, 12.2648077011, 52.2750091553], [809.030395508, -174.628387451, 32.6496810913, 188.314407349, 164.657455444, 252.504852295, 84.8449249268, 60.7573051453, -1.31964755058, 64.436958313, 39.0594062805, 21.3582420349, 18.2674350739], [286.880859375, 12.8941507339, -21.2854537964, 55.0190887451, 7.79528665543, 84.8449249268, 165.139434814, 84.7293395996, 50.6214675903, 20.7416763306, 22.2478408813, 10.5236949921, 3.834846735], [374.005004883, -58.3527603149, 5.30435562134, 64.4354248047, 1.69250690937, 60.7573051453, 84.7293395996, 138.393005371, 70.8505630493, 35.6376342773, 6.83012580872, 9.03912734985, 5.12368965149], [129.100097656, 31.5245475769, -30.3587589264, 10.294462204, -52.6369590759, -1.31964755058, 50.6214675903, 70.8505630493, 123.005455017, 42.4825553894, 11.7200698853, -3.06001973152, -7.85884237289], [334.569519043, -45.8833007813, -9.13859176636, 92.7030029297, 93.8097991943, 64.436958313, 20.7416763306, 35.6376342773, 42.4825553894, 124.469718933, 40.9929084778, 12.3574724197, 9.03056144714], [97.8581237793, 6.5516462326, 21.8941173553, 30.0364437103, 26.1569347382, 39.0594062805, 22.2478408813, 6.83012580872, 11.7200698853, 40.9929084778, 80.0990753174, 27.6653747559, 9.48550510406], [45.2485427856, -15.7223072052, 19.0107021332, 33.766998291, 12.2648077011, 21.3582420349, 10.5236949921, 9.03912734985, -3.06001973152, 12.3574724197, 27.6653747559, 70.6030654907, 33.3688697815], [99.5004348755, -2.16254067421, 25.4409446716, 63.1778030396, 52.2750091553, 18.2674350739, 3.834846735, 5.12368965149, -7.85884237289, 9.03056144714, 9.48550510406, 33.3688697815, 67.5883407593]]
        icov: [[0.000338688114425, 0.000217654378503, 0.000289918563794, -0.000698673946317, 0.000297638121992, -0.000568638497498, 0.000112188259664, -0.000331288436428, 4.60630508314e-005, -0.000146323582157, -0.000116170238471, 0.000377910444513, -0.000150816616951], [0.000217654378503, 0.00278909108602, 0.000773215724621, -0.000704684760422, 7.13506087777e-005, 0.00184718659148, -0.00156359781977, 0.00137404748239, -0.000907274836209, 0.000644631392788, -0.00146350916475, 0.000933963165153, -0.00088074390078], [0.000289918563794, 0.000773215724621, 0.00385923683643, -6.39036670691e-007, -0.000695274327882, -0.000431547639892, 0.000872353906743, -0.00124960462563, 0.000142560820677, 0.00136823626235, -0.00184864469338, 0.000288916839054, -0.00120393931866], [-0.000698673946317, -0.000704684760422, -6.39036670691e-007, 0.00567493075505, -0.00271274684928, -0.000641504244413, 0.000340682134265, -0.000428968603956, -0.00087466952391, 0.000179836977622, 0.000600240193307, -0.00131387449801, -0.00157496100292], [0.000297638121992, 7.13506087777e-005, -0.000695274327882, -0.00271274684928, 0.00528660230339, -0.00168974709231, 4.94995256304e-005, 0.000547406089026, 0.0026479428634, -0.00328136677854, 0.000658079457935, 0.00204615714028, -0.00167113461066], [-0.000568638497498, 0.00184718659148, -0.000431547639892, -0.000641504244413, -0.00168974709231, 0.0107673816383, -0.00467657763511, 0.000142053817399, 0.00187447213102, -0.000815550563857, -0.00232935813256, -0.000527857802808, 0.00122406671289], [0.000112188259664, -0.00156359781977, 0.000872353906743, 0.000340682134265, 4.94995256304e-005, -0.00467657763511, 0.0119565622881, -0.00608514342457, -0.00157063477673, 0.00219379435293, -0.00174202455673, -0.000188264399185, 8.26622635941e-006], [-0.000331288436428, 0.00137404748239, -0.00124960462563, -0.000428968603956, 0.000547406089026, 0.000142053817399, -0.00608514342457, 0.016378024593, -0.00697757955641, -0.000931975082494, 0.00284735648893, -0.00134445086587, -0.000377713004127], [4.60630508314e-005, -0.000907274836209, 0.000142560820677, -0.00087466952391, 0.0026479428634, 0.00187447213102, -0.00157063477673, -0.00697757955641, 0.0165214966983, -0.0062447283417, -0.00040085989167, 0.00193831219804, 0.000585232162848], [-0.000146323582157, 0.000644631392788, 0.00136823626235, 0.000179836977622, -0.00328136677854, -0.000815550563857, 0.00219379435293, -0.000931975082494, -0.0062447283417, 0.0156725496054, -0.00642420724034, -0.000345259584719, 0.000509343401063], [-0.000116170238471, -0.00146350916475, -0.00184864469338, 0.000600240193307, 0.000658079457935, -0.00232935813256, -0.00174202455673, 0.00284735648893, -0.00040085989167, -0.00642420724034, 0.0197513662279, -0.00702442182228, 0.00177034153603], [0.000377910444513, 0.000933963165153, 0.000288916839054, -0.00131387449801, 0.00204615714028, -0.000527857802808, -0.000188264399185, -0.00134445086587, 0.00193831219804, -0.000345259584719, -0.00702442182228, 0.0226100403816, -0.010639785789], [-0.000150816616951, -0.00088074390078, -0.00120393931866, -0.00157496100292, -0.00167113461066, 0.00122406671289, 8.26622635941e-006, -0.000377713004127, 0.000585232162848, 0.000509343401063, 0.00177034153603, -0.010639785789, 0.0229089781642]]
    sccoeffs:
        dmean: [0.0530887134373, 0.0471676178277, 0.0382787548006, 0.029218101874, 0.0213174074888, 0.0210023839027]
        dmean2: [0.0885029435158, 0.0771445930004, 0.0611099265516, 0.0478360503912, 0.0352079346776, 0.0346096977592]
        dvar: [0.00199247896671, 0.00147721625399, 0.000973262998741, 0.000542600289918, 0.000295458710752, 0.000341361534083]
        dvar2: [0.0054879244417, 0.00390646699816, 0.00243448256515, 0.00138693780173, 0.000760641996749, 0.000919375568628]
        max: [-0.371043652296, -0.416753053665, -0.478406459093, -0.604586064816, -0.614138305187, -0.609283864498]
        mean: [-0.65468364954, -0.746080219746, -0.748253047466, -0.789721786976, -0.784637629986, -0.753123283386]
        median: [-0.659798443317, -0.757509231567, -0.756698310375, -0.792578816414, -0.783385872841, -0.750161767006]
        min: [-0.956242978573, -0.996296942234, -0.987354159355, -0.969277381897, -0.962486803532, -0.963190078735]
        var: [0.00519155943766, 0.00572340004146, 0.0054497779347, 0.00189808057621, 0.00134679116309, 0.00142912764568]
    scvalleys:
        dmean: [0.410888165236, 0.367173880339, 0.308659046888, 0.267931967974, 0.244531616569, 0.290548324585]
        dmean2: [0.692980289459, 0.598266124725, 0.489988714457, 0.42174616456, 0.383360594511, 0.430955290794]
        dvar: [0.112780965865, 0.102945975959, 0.0707593262196, 0.0554921403527, 0.0609773173928, 0.10566072166]
        dvar2: [0.308223038912, 0.251514613628, 0.162487536669, 0.122322298586, 0.138263463974, 0.210042446852]
        max: [-5.40381193161, -4.78606939316, -5.19863319397, -5.59810495377, -5.32954406738, -7.05883550644]
        mean: [-7.48510313034, -7.11553001404, -7.25953769684, -7.47249078751, -7.04354095459, -9.47907924652]
        median: [-7.04848766327, -7.03099584579, -7.11924362183, -7.19524335861, -6.67073154449, -9.18649291992]
        min: [-27.4950275421, -27.5371723175, -27.4536056519, -27.4090652466, -27.2571372986, -27.3478298187]
        var: [2.18146586418, 0.666924893856, 0.701987743378, 1.09335279465, 1.2689743042, 1.48298752308]

rhythm:
    beats_loudness:
        dmean: 0.00128444854636
        dmean2: 0.00219944980927
        dvar: 1.81908978902e-006
        dvar2: 5.09848268848e-006
        max: 0.0134361628443
        mean: 0.00546704838052
        median: 0.00636146776378
        min: 1.68566913317e-007
        var: 9.09343907551e-006
    bpm: 89.8386459351
    bpm_confidence: 0
    first_peak_bpm: 91
    first_peak_spread: 0.459259301424
    first_peak_weight: 0.47712418437
    onset_rate: 3.71652984619
    second_peak_bpm: 86
    second_peak_spread: 0
    second_peak_weight: 0.0196078438312
    beats_loudness_band_ratio:
        dmean: [0.0630968883634, 0.0649814382195, 0.09574726969, 0.0529087670147, 0.0679180249572, 0.0914801582694]
        dmean2: [0.109048768878, 0.106572814286, 0.168328210711, 0.0932927131653, 0.118829727173, 0.160897448659]
        dvar: [0.00370325474069, 0.00372565491125, 0.0116439750418, 0.00365571351722, 0.00488742440939, 0.00902838911861]
        dvar2: [0.0110112493858, 0.00998348463327, 0.0318003594875, 0.00979525130242, 0.0151730086654, 0.0263101644814]
        max: [0.482803851366, 0.562284171581, 0.909381270409, 0.50519913435, 0.666576981544, 0.834902644157]
        mean: [0.145752131939, 0.151250123978, 0.191112846136, 0.0932080745697, 0.192472293973, 0.311127096415]
        median: [0.142668068409, 0.139338225126, 0.101451009512, 0.0620846971869, 0.190153047442, 0.334652423859]
        min: [0.000200958951609, 0.00213006045669, 0.00798247940838, 0.00456865783781, 0.00590689200908, 0.0108493193984]
        var: [0.0071243471466, 0.00870271492749, 0.0381589792669, 0.00616289675236, 0.0079463114962, 0.0199697781354]
    beats_position: [0.510838985443, 1.03328800201, 1.5673469305, 2.10140585899, 2.63546490669, 3.08825397491, 3.54104304314, 3.99383211136, 4.446621418, 4.8994102478, 5.35219955444, 5.80498838425, 6.24616765976, 6.68734693527, 7.12852573395, 7.56970500946, 8.01088428497, 8.45206356049, 8.97451210022, 9.4853515625, 10.0078001022, 10.5186395645, 11.0294780731, 11.5519275665, 12.0743761063, 12.5968255997, 13.1192741394, 13.6533327103, 14.1873922348, 14.7214508057, 15.2671203613, 15.8127889633, 16.3584575653, 16.904127121, 17.4497947693, 17.9606342316, 18.4714736938, 18.9823131561, 19.4931507111, 20.0039901733, 20.5264396667, 21.1998176575, 21.8848075867, 22.5697956085, 23.2431735992, 23.9165534973, 24.589931488, 25.2516994476, 25.9250793457, 26.5868473053, 27.2602272034, 27.9336051941, 28.5953731537, 29.2571430206, 29.9305210114, 30.6038990021, 31.265668869, 31.9274368286, 32.6008148193, 33.2741928101, 33.9475746155, 34.6209526062, 35.2943305969, 35.9793205261, 36.6643066406, 37.3492965698, 38.034286499, 38.7192726135, 39.4042625427, 40.0892524719, 40.7858505249, 41.4824485779, 42.1790466309, 42.8756446838, 43.560634613, 44.2340126038, 44.9073905945, 45.5807685852, 46.2425384521, 46.9043083191, 47.5776863098, 48.2394561768, 48.901222229, 49.5746040344, 50.2479820251, 50.9097480774, 51.5715179443, 52.2448959351, 52.906665802, 53.5684356689, 54.2418136597, 54.9035835266, 55.5653495789, 56.2387275696, 56.912109375, 57.5738754272, 58.2356452942, 58.9090232849, 59.5824012756, 60.2441711426, 60.9059410095, 61.5793190002, 62.2410888672, 62.9028549194, 63.5762329102, 64.2380065918, 64.899772644, 65.5731506348, 66.2465286255, 66.9082946777, 67.5700683594, 68.2434463501, 68.9168243408, 69.5785903931, 70.2403640747, 70.9137420654, 71.5755081177, 72.2372741699, 72.91065979, 73.5724258423, 74.2341918945, 74.9075698853, 75.580947876, 76.2427215576, 76.9044876099, 77.5778656006, 78.2396392822, 78.9014053345, 79.5747833252, 80.2481613159, 80.9099273682, 81.5717010498, 82.2450790405, 82.9068450928, 83.5686187744, 84.2419967651, 84.9037628174, 85.5655288696, 86.2389068604, 86.9122848511, 87.5856704712, 88.2474365234, 88.9092025757, 89.5825805664, 90.244354248, 90.9061203003, 91.579498291, 92.2412643433, 92.9030380249, 93.5764160156, 94.2381820679, 94.8999557495, 95.5733337402, 96.246711731, 96.9084777832, 97.5702438354, 98.2436294556, 98.9170074463, 99.5787734985, 100.240539551, 100.913917542, 101.575691223, 102.237457275, 102.910835266, 103.584213257, 104.245986938, 104.907752991, 105.581130981, 106.242897034, 106.904670715, 107.578048706, 108.239814758, 108.90158844, 109.574966431, 110.248344421, 110.910110474, 111.571876526, 112.245262146, 112.907028198, 113.56879425, 114.242172241, 114.915550232, 115.577323914, 116.239089966, 116.912467957, 117.574241638, 118.23600769, 118.909385681, 119.571151733, 120.232925415, 120.906303406, 121.579681396, 122.241447449, 122.90322113, 123.576599121, 124.238365173, 124.900131226, 125.573509216, 126.246894836, 126.908660889, 127.570426941, 128.243804932, 128.905578613, 129.567337036, 130.240722656, 130.914108276, 131.575866699, 132.237640381, 132.899414063, 133.572784424, 134.234558105, 134.907928467, 135.581314087, 136.243087769, 136.904846191, 137.578231812, 138.239990234, 138.901763916, 139.563537598, 140.248519897, 140.910293579, 141.572067261, 142.245437622, 142.918823242, 143.568969727, 144.242355347, 144.904129028, 145.565887451, 146.239273071, 146.912643433, 147.574417114, 148.236190796, 148.909561157, 149.582946777, 150.244720459, 150.906478882, 151.579864502, 152.241622925, 152.903396606, 153.576782227, 154.238540649, 154.900314331, 155.573699951, 156.235458374, 156.897232056, 157.570602417, 158.243988037, 158.917373657, 159.57913208, 160.240905762, 160.914276123, 161.576049805, 162.237823486, 162.911193848, 163.584579468, 164.246353149, 164.908111572, 165.581497192, 166.243255615, 166.916641235, 167.578414917, 168.24017334, 168.901947021, 169.575332642, 170.248703003, 170.910476685, 171.572235107, 172.245620728, 172.907394409, 173.569152832, 174.242538452, 174.915908813, 175.577682495, 176.239456177, 176.912826538, 177.57460022, 178.236373901, 178.909744263, 179.583129883, 180.244888306, 180.906661987, 181.580047607, 182.24180603, 182.903579712, 183.576965332, 184.250335693, 184.912109375, 185.573867798, 186.247253418, 186.9090271, 187.570785522, 188.244171143, 188.917541504, 189.579315186, 190.241088867, 190.90284729, 191.57623291, 192.238006592, 192.911376953, 193.573150635, 194.234924316, 194.908294678, 195.581680298, 196.243438721, 196.905212402, 197.578598022, 198.240356445, 198.902130127, 199.575500488, 200.23727417, 200.899047852, 201.572418213, 202.245803833, 202.907577515, 203.580947876, 204.242721558, 204.916091919, 205.577865601, 206.239639282, 206.913009644, 207.574783325, 208.236557007, 208.909927368, 209.583312988, 210.245071411, 210.906845093, 211.580215454, 212.241989136, 212.903762817, 213.577133179, 214.250518799, 214.91229248, 215.574050903, 216.247436523, 216.920806885, 217.582580566, 218.244354248, 218.906112671, 219.567886353, 220.241271973, 220.903030396, 221.576416016, 222.238174438, 222.911560059, 223.57333374, 224.235092163, 224.896865845, 225.570251465, 226.266845703, 226.963439941, 227.613601685, 228.275375366, 228.925521851, 229.575683594, 230.225845337, 230.87600708, 231.537780762, 232.129882813, 232.721984863, 233.302490234, 233.952651978, 234.602813721, 235.264572144, 235.926345825, 236.599716187, 237.261489868, 237.934875488, 238.596633911, 239.270019531, 239.931793213, 240.605163574, 241.278549194, 241.951919556, 242.718185425, 243.484436035, 244.169433594, 244.854415894, 245.551010132, 246.23600769, 246.909378052, 247.571151733, 248.244537354, 248.906295776, 249.568069458, 250.241439819, 250.903213501, 251.564987183, 252.238357544, 252.911743164, 253.585113525, 254.246887207, 254.908660889, 255.58203125, 256.243804932, 256.905578613, 257.578948975, 258.240722656, 258.902496338, 259.575866699, 260.237640381, 260.899414063, 261.561187744, 262.222930908, 262.896331787, 263.569702148, 264.24307251, 264.916442871, 265.578216553, 266.239990234, 266.901763916, 267.563537598, 268.236907959, 268.91027832, 269.583679199, 270.245422363, 270.907196045, 271.580596924, 272.242340088, 272.90411377, 273.577514648, 274.25088501, 274.901031494, 275.574401855, 276.247802734, 276.909576416, 277.57131958, 278.244720459, 278.906494141, 279.568237305, 280.241638184, 280.915008545, 281.576782227, 282.238555908, 282.91192627, 283.585296631, 284.247070313, 284.908843994, 285.582214355, 286.243988037, 286.905761719, 287.57913208, 288.240905762, 288.902679443, 289.564453125, 290.237823486, 290.922821045, 291.584564209, 292.246337891, 292.896514893, 293.558258057, 294.220031738, 294.893432617, 295.566802979, 296.24017334, 296.913543701, 297.59854126, 298.295135498, 298.991729736, 299.676727295, 300.361724854]
