
metadata:
    version:
        essentia: "2.1-beta2"
    audio_properties:
        analysis_sample_rate: 44100
        bitrate: 128
        channels: 2
        equal_loudness: 1
        length: 524.042419434
        replay_gain: -8.56174850464
        downmix: "mix"
    tags:
        album: "Saison 1"
        artist: "La IIIème Légion"
        comment: "B.O. par Bertrand"
        date: "2006"
        genre: "Other;other"
        title: "Episode 11"
        tracknumber: ""

configuration:
    average_loudness:
        compute: 1
        frameSize: 88200
        hopSize: 44100
        silentFrames: "noise"
        windowType: "hann"
    general:
        analysisSampleRate: 44100
        endTime: 2000
        equalLoudness: 1
        nequalLoudness: 0
        shortSound: 0
        startTime: 0
    lowlevel:
        compute: 1
        frameSize: 2048
        hopSize: 1024
        zeroPadding: 0
        silentFrames: "noise"
        windowType: "blackmanharris62"
        mfccStats: ["mean", "cov", "icov"]
        stats: ["mean", "var", "median", "min", "max", "dmean", "dmean2", "dvar", "dvar2"]
    panning:
        compute: 0
        frameSize: 8192
        hopSize: 2048
        zeroPadding: 8192
        silentFrames: "noise"
        windowType: "hann"
        stats: ["copy"]
    rhythm:
        compute: 1
        maxTempo: 208
        minTempo: 40
        method: "degara"
        stats: ["mean", "var", "median", "min", "max", "dmean", "dmean2", "dvar", "dvar2"]
    segmentation:
        compute: 0
        cpw: 5
        inc1: 300
        inc2: 50
        minimumSegmentsLength: 10
        size1: 1000
        size2: 600
    sfx:
        compute: 1
        stats: ["mean", "var", "median", "min", "max", "dmean", "dmean2", "dvar", "dvar2"]
    svm:
        compute: 0
    tonal:
        compute: 1
        frameSize: 4096
        hopSize: 2048
        zeroPadding: 0
        silentFrames: "noise"
        windowType: "blackmanharris62"
        stats: ["mean", "var", "median", "min", "max", "dmean", "dmean2", "dvar", "dvar2"]

lowlevel:
    average_loudness: 0.313412666321
    barkbands_kurtosis:
        dmean: 5.67830324173
        dmean2: 9.08004951477
        dvar: 351.039031982
        dvar2: 836.391418457
        max: 764.140380859
        mean: 5.88429117203
        median: 0.487932264805
        min: -1.98090565205
        var: 494.398803711
    barkbands_skewness:
        dmean: 0.974898397923
        dmean2: 1.43679976463
        dvar: 1.57642841339
        dvar2: 3.16558742523
        max: 26.9435176849
        mean: 0.81408405304
        median: 0.689934015274
        min: -20.8174610138
        var: 4.85423707962
    barkbands_spread:
        dmean: 8.04403400421
        dmean2: 12.8053646088
        dvar: 82.6954040527
        dvar2: 196.077148438
        max: 90.8872375488
        mean: 22.2024555206
        median: 20.9082126617
        min: 0.17857696116
        var: 192.598587036
    dissonance:
        dmean: 0.0334630198777
        dmean2: 0.0547158420086
        dvar: 0.00152876984794
        dvar2: 0.00371180381626
        max: 0.500000119209
        mean: 0.435751020908
        median: 0.457244157791
        min: 0.103848472238
        var: 0.00407075695693
    hfc:
        dmean: 1.91748428345
        dmean2: 2.79092741013
        dvar: 20.3286800385
        dvar2: 48.0121421814
        max: 259.039398193
        mean: 3.76552319527
        median: 1.81360542774
        min: 1.22439287505e-016
        var: 36.0720977783
    pitch:
        dmean: 747.706237793
        dmean2: 1413.46508789
        dvar: 1755947.5
        dvar2: 4042459
        max: 6943.48779297
        mean: 1203.74645996
        median: 290.341125488
        min: 43.0243911743
        var: 2457009.75
    pitch_instantaneous_confidence:
        dmean: 0.121977411211
        dmean2: 0.191542208195
        dvar: 0.0137173635885
        dvar2: 0.0303857661784
        max: 0.998415529728
        mean: 0.593643248081
        median: 0.609467387199
        min: 0.0920431017876
        var: 0.0457566790283
    pitch_salience:
        dmean: 0.0834493264556
        dmean2: 0.131136730313
        dvar: 0.00669934274629
        dvar2: 0.0145165808499
        max: 0.977741658688
        mean: 0.61166113615
        median: 0.639565229416
        min: 0.0204381011426
        var: 0.0232560168952
    silence_rate_20dB:
        dmean: 0
        dmean2: 0
        dvar: 0
        dvar2: 0
        max: 1
        mean: 1
        median: 1
        min: 1
        var: 0
    silence_rate_30dB:
        dmean: 0
        dmean2: 0
        dvar: 0
        dvar2: 0
        max: 1
        mean: 1
        median: 1
        min: 1
        var: 0
    silence_rate_60dB:
        dmean: 0.124418452382
        dmean2: 0.248847931623
        dvar: 0.108931429684
        dvar2: 0.213099882007
        max: 1
        mean: 0.655560493469
        median: 1
        min: 0
        var: 0.225797995925
    spectral_centroid:
        dmean: 457.556793213
        dmean2: 690.666015625
        dvar: 418123.4375
        dvar2: 782107.375
        max: 11379.1005859
        mean: 1550.3125
        median: 1236.05212402
        min: 175.302505493
        var: 1189299.5
    spectral_complexity:
        dmean: 2.09163022041
        dmean2: 3.13886928558
        dvar: 8.93051433563
        dvar2: 19.1217422485
        max: 55
        mean: 5.11750125885
        median: 4
        min: 0
        var: 30.7980117798
    spectral_crest:
        dmean: 3.16691184044
        dmean2: 5.06757211685
        dvar: 9.14386940002
        dvar2: 20.8498916626
        max: 26.9334754944
        mean: 10.9295635223
        median: 9.78095436096
        min: 2.5240521431
        var: 26.9091415405
    spectral_decrease:
        dmean: 2.89770929474e-010
        dmean2: 4.08395428586e-010
        dvar: 2.0633128576e-019
        dvar2: 3.91296987437e-019
        max: 7.17739848262e-030
        mean: -6.78279765687e-010
        median: -3.86741971781e-010
        min: -1.70590652715e-008
        var: 6.50151967348e-019
    spectral_energy:
        dmean: 0.00124980125111
        dmean2: 0.00176668842323
        dvar: 3.93332038584e-006
        dvar2: 7.74324598751e-006
        max: 0.0840039104223
        mean: 0.00290151056834
        median: 0.00166552793235
        min: 1.10785107233e-020
        var: 1.17686549856e-005
    spectral_energyband_high:
        dmean: 0.000127975945361
        dmean2: 0.000197557135834
        dvar: 3.34697574544e-007
        dvar2: 8.5798217242e-007
        max: 0.052164055407
        mean: 0.00017403945094
        median: 3.34304713761e-005
        min: 7.7000676103e-021
        var: 3.56498674137e-007
    spectral_energyband_low:
        dmean: 5.14439088874e-005
        dmean2: 8.50441792863e-005
        dvar: 4.37680043319e-008
        dvar2: 1.10927686592e-007
        max: 0.00864896457642
        mean: 8.41555956868e-005
        median: 6.66124742565e-006
        min: 3.34818569031e-023
        var: 7.2622476921e-008
    spectral_energyband_middle_high:
        dmean: 0.000488583405968
        dmean2: 0.000709776359145
        dvar: 1.08482072392e-006
        dvar2: 2.36303799284e-006
        max: 0.0586880818009
        mean: 0.000929413363338
        median: 0.000302017200738
        min: 1.76150958915e-021
        var: 2.65967469204e-006
    spectral_energyband_middle_low:
        dmean: 0.000845392176416
        dmean2: 0.00118940777611
        dvar: 2.15535578718e-006
        dvar2: 3.915997695e-006
        max: 0.0240828022361
        mean: 0.00178543978836
        median: 0.000764451106079
        min: 5.21365013262e-022
        var: 6.58213321003e-006
    spectral_flatness_db:
        dmean: 0.0349613986909
        dmean2: 0.0513705871999
        dvar: 0.00134257844184
        dvar2: 0.00248130224645
        max: 0.532133162022
        mean: 0.229630663991
        median: 0.22398468852
        min: 0.0488095358014
        var: 0.00642174482346
    spectral_flux:
        dmean: 0.0129642281681
        dmean2: 0.0216375142336
        dvar: 0.000197625820874
        dvar2: 0.00050974363694
        max: 0.213041722775
        mean: 0.0302772559226
        median: 0.0264039114118
        min: 1.05254506499e-010
        var: 0.000463037285954
    spectral_kurtosis:
        dmean: 3.19616365433
        dmean2: 5.26739263535
        dvar: 19.6805534363
        dvar2: 53.0115776062
        max: 138.304428101
        mean: 5.88128805161
        median: 3.79497766495
        min: -1.48875427246
        var: 76.3492279053
    spectral_rms:
        dmean: 0.000370786874555
        dmean2: 0.000501507834997
        dvar: 1.92058223547e-007
        dvar2: 3.18551002465e-007
        max: 0.00905290152878
        mean: 0.00138620380312
        median: 0.00127471773885
        min: 3.28759849205e-012
        var: 9.09187292564e-007
    spectral_rolloff:
        dmean: 776.855224609
        dmean2: 1290.66015625
        dvar: 1259301.5
        dvar2: 2472752
        max: 18669.2871094
        mean: 2592.05371094
        median: 2777.78320313
        min: 129.19921875
        var: 2990887.75
    spectral_skewness:
        dmean: 0.442437410355
        dmean2: 0.688919603825
        dvar: 0.201510697603
        dvar2: 0.478995114565
        max: 10.1656074524
        mean: 1.47532057762
        median: 1.3486392498
        min: -1.00870275497
        var: 0.837203979492
    spectral_spread:
        dmean: 788897.0625
        dmean2: 1160225.625
        dvar: 1.04428719309e+012
        dvar2: 1.89018131661e+012
        max: 40094992
        mean: 4190053.5
        median: 3782772
        min: 598533.1875
        var: 4.22779027456e+012
    spectral_strongpeak:
        dmean: 0.397403210402
        dmean2: 0.637030661106
        dvar: 0.509918153286
        dvar2: 1.21375739574
        max: 24.2884597778
        mean: 0.677026093006
        median: 0.348887681961
        min: 2.07623918058e-009
        var: 0.996330916882
    zerocrossingrate:
        dmean: 0.0169458184391
        dmean2: 0.0184268411249
        dvar: 0.000374154769816
        dvar2: 0.000385917286621
        max: 0.50390625
        mean: 0.0838683918118
        median: 0.07568359375
        min: 0.009765625
        var: 0.00239974143915
    barkbands:
        dmean: [4.72939696294e-008, 7.66023185861e-006, 2.72116794804e-005, 6.0674665292e-005, 0.000186678822502, 0.000202814364457, 0.000260813045315, 0.000189038139069, 0.000215227104491, 0.000124206984765, 4.7167246521e-005, 3.12087358907e-005, 2.43538524956e-005, 2.65049620793e-005, 4.25560683652e-005, 4.89056619699e-005, 6.56825723127e-005, 8.09546982055e-005, 0.000146304955706, 0.000118601848953, 5.72131211811e-005, 1.97640274564e-005, 5.05102843817e-006, 1.37398535571e-006, 9.04644480215e-007, 2.46251961045e-008, 2.02775171654e-010]
        dmean2: [7.55430704658e-008, 1.30105163407e-005, 4.63071846752e-005, 9.51586771407e-005, 0.000279218540527, 0.00029603310395, 0.000379084231099, 0.000280551059404, 0.000317571801133, 0.000183662676136, 7.03664190951e-005, 4.80252492707e-005, 3.84346349165e-005, 4.25204416388e-005, 6.62600796204e-005, 7.8547585872e-005, 0.000105894992885, 0.000131154025439, 0.000223014038056, 0.000181293100468, 9.01089733816e-005, 3.28318892571e-005, 7.85727752373e-006, 2.18748664338e-006, 1.43225315696e-006, 3.58202640882e-008, 3.56101620413e-010]
        dvar: [3.83222099887e-013, 1.87490911685e-009, 1.67674780727e-008, 5.07728792343e-008, 2.77840598528e-007, 3.85828883509e-007, 6.50934964597e-007, 3.43899444033e-007, 3.6439246287e-007, 1.58428989039e-007, 3.19395532244e-008, 1.49494407964e-008, 5.24994092643e-008, 1.82947772487e-008, 2.61606576402e-008, 3.61501726331e-008, 4.80738684416e-008, 5.85625130611e-008, 2.19478820895e-007, 1.14575712473e-007, 2.01227805974e-007, 1.43489877757e-008, 8.01384625326e-010, 7.79853404076e-011, 5.44111630751e-011, 2.20729298283e-014, 1.45183453072e-018]
        dvar2: [7.60904414563e-013, 4.87146678552e-009, 4.43670700179e-008, 1.20831160189e-007, 5.74861076075e-007, 7.35182993594e-007, 1.20756646993e-006, 6.26358541922e-007, 6.98960548107e-007, 3.13940233809e-007, 6.41552801994e-008, 3.22245163886e-008, 1.02762491849e-007, 4.70661021268e-008, 6.25445935043e-008, 9.06167727521e-008, 1.11001327241e-007, 1.50822444311e-007, 4.77762512219e-007, 2.54205247074e-007, 5.38055701327e-007, 3.87648988465e-008, 1.94080440608e-009, 1.862042881e-010, 1.29421723338e-010, 4.2785233364e-014, 3.92223238438e-018]
        max: [5.88347247685e-005, 0.00203804927878, 0.00562125258148, 0.00699114985764, 0.0236774869263, 0.0166010558605, 0.0199912469834, 0.0157295763493, 0.015043059364, 0.0120185250416, 0.00803933106363, 0.00629047583789, 0.0242707375437, 0.00519065745175, 0.00691702356562, 0.011769185774, 0.0101561872289, 0.00667830416933, 0.0207078978419, 0.00890649016947, 0.0495967790484, 0.00402367021888, 0.000859897118062, 0.000237676576944, 0.000216346932575, 5.5971859183e-006, 1.00640079381e-007]
        mean: [6.21806961476e-008, 1.25672995637e-005, 3.71053502022e-005, 8.88197828317e-005, 0.000326906330884, 0.000340233527822, 0.000389387714677, 0.000264210393652, 0.000303564738715, 0.000173028543941, 6.63184182486e-005, 4.19030911871e-005, 3.12018710247e-005, 3.29117610818e-005, 5.63934481761e-005, 6.22720326646e-005, 9.91674241959e-005, 0.000110575332656, 0.00020033675537, 0.000166473022546, 7.12890396244e-005, 1.90902301256e-005, 5.32218518856e-006, 1.43889110404e-006, 9.11489792088e-007, 2.95738740164e-008, 1.91579099806e-010]
        median: [1.69557567986e-009, 2.2763614993e-007, 1.52286497723e-006, 9.70862947725e-006, 4.92418184876e-005, 3.99889504479e-005, 3.28990499838e-005, 1.95678549062e-005, 1.96083019546e-005, 9.68047061178e-006, 4.35584252045e-006, 3.52174492946e-006, 2.47518823926e-006, 2.47351408689e-006, 3.96650830226e-006, 6.30411068414e-006, 8.73229146237e-006, 1.45146568684e-005, 3.05821668007e-005, 2.57779138337e-005, 9.88054671325e-006, 1.54286317411e-006, 3.0044907362e-007, 6.8288052546e-008, 1.9463769263e-008, 6.28215035547e-010, 3.48281820051e-011]
        min: [1.29880883558e-023, 5.03836940467e-024, 1.51872164116e-023, 1.37077440715e-023, 8.13006359808e-023, 5.7092709921e-023, 8.40469763362e-023, 1.25421449705e-022, 8.30914701425e-023, 1.25290069654e-022, 6.63675873974e-023, 2.71111374016e-022, 1.21849702096e-022, 1.06744366291e-022, 1.27427314728e-022, 1.42296547619e-022, 1.38690771707e-022, 2.01521889355e-022, 3.32829528834e-022, 4.48291653787e-022, 3.55769275792e-022, 4.57241602612e-022, 5.16179130024e-022, 7.25279221131e-022, 1.15004863307e-021, 1.92694954868e-021, 2.43084834847e-021]
        var: [6.60562425071e-013, 3.33984218059e-009, 2.23497789165e-008, 7.62289786849e-008, 6.5600573862e-007, 9.33091939714e-007, 1.56073178914e-006, 8.45176941766e-007, 7.92385662862e-007, 3.48039122855e-007, 8.71393268653e-008, 2.98490157036e-008, 6.67436452773e-008, 2.32613572848e-008, 3.94321375552e-008, 5.18049318998e-008, 1.51166773321e-007, 9.9842772272e-008, 3.59202743994e-007, 2.08086078146e-007, 1.70061341009e-007, 1.14061950995e-008, 8.2174478333e-010, 7.41384245662e-011, 5.07141516282e-011, 3.56260024736e-014, 1.16454312346e-018]
    frequency_bands:
        dmean: [4.72939696294e-008, 7.66023185861e-006, 2.72116794804e-005, 6.0674665292e-005, 0.000186678822502, 0.000202814364457, 0.000260813045315, 0.000189038139069, 0.000215227104491, 0.000124206984765, 4.7167246521e-005, 3.12087358907e-005, 2.43538524956e-005, 2.65049620793e-005, 4.25560683652e-005, 4.89056619699e-005, 6.56825723127e-005, 8.09546982055e-005, 0.000146304955706, 0.000118601848953, 5.72131211811e-005, 1.97640274564e-005, 5.05102843817e-006, 1.37398535571e-006, 9.04644480215e-007, 2.46251961045e-008, 2.02775171654e-010, 3.37558245245e-011]
        dmean2: [7.55430704658e-008, 1.30105163407e-005, 4.63071846752e-005, 9.51586771407e-005, 0.000279218540527, 0.00029603310395, 0.000379084231099, 0.000280551059404, 0.000317571801133, 0.000183662676136, 7.03664190951e-005, 4.80252492707e-005, 3.84346349165e-005, 4.25204416388e-005, 6.62600796204e-005, 7.8547585872e-005, 0.000105894992885, 0.000131154025439, 0.000223014038056, 0.000181293100468, 9.01089733816e-005, 3.28318892571e-005, 7.85727752373e-006, 2.18748664338e-006, 1.43225315696e-006, 3.58202640882e-008, 3.56101620413e-010, 6.30075575048e-011]
        dvar: [3.83222099887e-013, 1.87490911685e-009, 1.67674780727e-008, 5.07728792343e-008, 2.77840598528e-007, 3.85828883509e-007, 6.50934964597e-007, 3.43899444033e-007, 3.6439246287e-007, 1.58428989039e-007, 3.19395532244e-008, 1.49494407964e-008, 5.24994092643e-008, 1.82947772487e-008, 2.61606576402e-008, 3.61501726331e-008, 4.80738684416e-008, 5.85625130611e-008, 2.19478820895e-007, 1.14575712473e-007, 2.01227805974e-007, 1.43489877757e-008, 8.01384625326e-010, 7.79853404076e-011, 5.44111630751e-011, 2.20729298283e-014, 1.45183453072e-018, 3.88404676108e-021]
        dvar2: [7.60904414563e-013, 4.87146678552e-009, 4.43670700179e-008, 1.20831160189e-007, 5.74861076075e-007, 7.35182993594e-007, 1.20756646993e-006, 6.26358541922e-007, 6.98960548107e-007, 3.13940233809e-007, 6.41552801994e-008, 3.22245163886e-008, 1.02762491849e-007, 4.70661021268e-008, 6.25445935043e-008, 9.06167727521e-008, 1.11001327241e-007, 1.50822444311e-007, 4.77762512219e-007, 2.54205247074e-007, 5.38055701327e-007, 3.87648988465e-008, 1.94080440608e-009, 1.862042881e-010, 1.29421723338e-010, 4.2785233364e-014, 3.92223238438e-018, 1.24369222349e-020]
        max: [5.88347247685e-005, 0.00203804927878, 0.00562125258148, 0.00699114985764, 0.0236774869263, 0.0166010558605, 0.0199912469834, 0.0157295763493, 0.015043059364, 0.0120185250416, 0.00803933106363, 0.00629047583789, 0.0242707375437, 0.00519065745175, 0.00691702356562, 0.011769185774, 0.0101561872289, 0.00667830416933, 0.0207078978419, 0.00890649016947, 0.0495967790484, 0.00402367021888, 0.000859897118062, 0.000237676576944, 0.000216346932575, 5.5971859183e-006, 1.00640079381e-007, 9.25504339833e-010]
        mean: [6.21806961476e-008, 1.25672995637e-005, 3.71053502022e-005, 8.88197828317e-005, 0.000326906330884, 0.000340233527822, 0.000389387714677, 0.000264210393652, 0.000303564738715, 0.000173028543941, 6.63184182486e-005, 4.19030911871e-005, 3.12018710247e-005, 3.29117610818e-005, 5.63934481761e-005, 6.22720326646e-005, 9.91674241959e-005, 0.000110575332656, 0.00020033675537, 0.000166473022546, 7.12890396244e-005, 1.90902301256e-005, 5.32218518856e-006, 1.43889110404e-006, 9.11489792088e-007, 2.95738740164e-008, 1.91579099806e-010, 2.52651788379e-011]
        median: [1.69557567986e-009, 2.2763614993e-007, 1.52286497723e-006, 9.70862947725e-006, 4.92418184876e-005, 3.99889504479e-005, 3.28990499838e-005, 1.95678549062e-005, 1.96083019546e-005, 9.68047061178e-006, 4.35584252045e-006, 3.52174492946e-006, 2.47518823926e-006, 2.47351408689e-006, 3.96650830226e-006, 6.30411068414e-006, 8.73229146237e-006, 1.45146568684e-005, 3.05821668007e-005, 2.57779138337e-005, 9.88054671325e-006, 1.54286317411e-006, 3.0044907362e-007, 6.8288052546e-008, 1.9463769263e-008, 6.28215035547e-010, 3.48281820051e-011, 4.91508743428e-012]
        min: [1.29880883558e-023, 5.03836940467e-024, 1.51872164116e-023, 1.37077440715e-023, 8.13006359808e-023, 5.7092709921e-023, 8.40469763362e-023, 1.25421449705e-022, 8.30914701425e-023, 1.25290069654e-022, 6.63675873974e-023, 2.71111374016e-022, 1.21849702096e-022, 1.06744366291e-022, 1.27427314728e-022, 1.42296547619e-022, 1.38690771707e-022, 2.01521889355e-022, 3.32829528834e-022, 4.48291653787e-022, 3.55769275792e-022, 4.57241602612e-022, 5.16179130024e-022, 7.25279221131e-022, 1.15004863307e-021, 1.92694954868e-021, 2.43084834847e-021, 9.55896963865e-022]
        var: [6.60562425071e-013, 3.33984218059e-009, 2.23497789165e-008, 7.62289786849e-008, 6.5600573862e-007, 9.33091939714e-007, 1.56073178914e-006, 8.45176941766e-007, 7.92385662862e-007, 3.48039122855e-007, 8.71393268653e-008, 2.98490157036e-008, 6.67436452773e-008, 2.32613572848e-008, 3.94321375552e-008, 5.18049318998e-008, 1.51166773321e-007, 9.9842772272e-008, 3.59202743994e-007, 2.08086078146e-007, 1.70061341009e-007, 1.14061950995e-008, 8.2174478333e-010, 7.41384245662e-011, 5.07141516282e-011, 3.56260024736e-014, 1.16454312346e-018, 2.96434531039e-021]
    mfcc:
        mean: [-833.467712402, 105.831489563, -38.4122810364, 42.5185508728, -31.2616195679, -28.2089824677, -9.1030921936, -15.0295991898, -8.64597511292, -6.16963768005, -11.1099500656, -9.43853759766, -5.97516775131]
        cov: [[8082.83349609, 1230.62194824, -1577.53808594, 602.417480469, -592.962890625, -127.516746521, -131.023406982, -5.21699476242, 50.9654884338, 155.773788452, -170.866867065, -170.620910645, -97.0346679688], [1230.62194824, 2074.24023438, -476.794586182, -191.100387573, -124.138694763, -445.820983887, 121.422363281, -195.606918335, -76.3611221313, 16.3763217926, -96.5213928223, -104.113716125, -133.739425659], [-1577.53808594, -476.794586182, 1294.3770752, 127.339759827, 39.3376350403, 244.312835693, -57.2693405151, -49.6816139221, -48.4826049805, -78.4316940308, 50.1302833557, 93.2894210815, 49.9679031372], [602.417480469, -191.100387573, 127.339759827, 886.836364746, 36.8675765991, -122.930145264, -88.4383392334, -89.969329834, 17.0868148804, -40.1984405518, -60.6446075439, 55.5059051514, 41.240032196], [-592.962890625, -124.138694763, 39.3376350403, 36.8675765991, 592.791320801, 104.940086365, -19.804485321, 152.75453186, 33.2766914368, -10.9802207947, 54.3306312561, 6.39528560638, 21.9515113831], [-127.516746521, -445.820983887, 244.312835693, -122.930145264, 104.940086365, 674.521484375, 78.2655715942, 91.4670639038, 101.203361511, -3.50138568878, 103.948028564, 30.949388504, 17.2945957184], [-131.023406982, 121.422363281, -57.2693405151, -88.4383392334, -19.804485321, 78.2655715942, 326.148773193, 34.0042495728, 11.9095802307, 35.6701698303, -3.93184518814, 20.1323757172, -27.3957576752], [-5.21699476242, -195.606918335, -49.6816139221, -89.969329834, 152.75453186, 91.4670639038, 34.0042495728, 323.025146484, 64.0792999268, -11.9041776657, 63.9499931335, -8.76726818085, 24.7706718445], [50.9654884338, -76.3611221313, -48.4826049805, 17.0868148804, 33.2766914368, 101.203361511, 11.9095802307, 64.0792999268, 253.498428345, 63.08152771, 10.6784267426, 32.348487854, -2.44561219215], [155.773788452, 16.3763217926, -78.4316940308, -40.1984405518, -10.9802207947, -3.50138568878, 35.6701698303, -11.9041776657, 63.08152771, 213.581726074, 31.5045700073, -27.5150260925, 10.384803772], [-170.866867065, -96.5213928223, 50.1302833557, -60.6446075439, 54.3306312561, 103.948028564, -3.93184518814, 63.9499931335, 10.6784267426, 31.5045700073, 194.084365845, 46.7519226074, 14.4440755844], [-170.620910645, -104.113716125, 93.2894210815, 55.5059051514, 6.39528560638, 30.949388504, 20.1323757172, -8.76726818085, 32.348487854, -27.5150260925, 46.7519226074, 199.682769775, 56.5194778442], [-97.0346679688, -133.739425659, 49.9679031372, 41.240032196, 21.9515113831, 17.2945957184, -27.3957576752, 24.7706718445, -2.44561219215, 10.384803772, 14.4440755844, 56.5194778442, 165.155288696]]
        icov: [[0.000298139842926, -0.000232413687627, 0.000368416280253, -0.000388397020288, 0.000399376585847, -0.000431457941886, 0.000390022818465, -0.000428346334957, 0.000271659751888, -0.000355327763828, 0.000261969980784, -0.000128873987705, 0.000141080992762], [-0.000232413687627, 0.000893260294106, -0.000140061674756, 0.000493824249133, -0.000396336283302, 0.000799817731604, -0.00067800906254, 0.000838956097141, -0.000343803141732, 0.000486931123305, -0.000332175433869, 0.000359584810212, 0.000106770428829], [0.000368416280253, -0.000140061674756, 0.00141809182242, -0.00057383539388, 0.000458411726868, -0.000861358013935, 0.000599578139372, -0.000258051877609, 0.000619857280981, -0.000232283549849, 0.000238990018261, -0.000441863609012, 0.000138811083161], [-0.000388397020288, 0.000493824249133, -0.00057383539388, 0.00187302345876, -0.000745051947888, 0.000954779621679, -0.000404858234106, 0.0010651384946, -0.000723768491298, 0.00073272769805, -7.04682461219e-005, -1.69422619365e-005, -0.00039509110502], [0.000399376585847, -0.000396336283302, 0.000458411726868, -0.000745051947888, 0.00254790904, -0.000856569386087, 0.000783464172855, -0.00158291857224, 0.000463054399006, -0.000534889753908, 0.000185503042303, -0.000211819948163, 0.000176225090399], [-0.000431457941886, 0.000799817731604, -0.000861358013935, 0.000954779621679, -0.000856569386087, 0.00301304133609, -0.00142259488348, 0.00100485619623, -0.00152501894627, 0.00120783026796, -0.0014711888507, 0.000809888995718, -0.00041900985525], [0.000390022818465, -0.00067800906254, 0.000599578139372, -0.000404858234106, 0.000783464172855, -0.00142259488348, 0.0043649491854, -0.00151908351108, 0.00106366409454, -0.00165081047453, 0.00135158794001, -0.00153317884542, 0.00112256384455], [-0.000428346334957, 0.000838956097141, -0.000258051877609, 0.0010651384946, -0.00158291857224, 0.00100485619623, -0.00151908351108, 0.00545980362222, -0.00190384231973, 0.00196662102826, -0.00198789103888, 0.00158093683422, -0.00124491960742], [0.000271659751888, -0.000343803141732, 0.000619857280981, -0.000723768491298, 0.000463054399006, -0.00152501894627, 0.00106366409454, -0.00190384231973, 0.00578924547881, -0.00261795567349, 0.0015161113115, -0.00200934661552, 0.00123991444707], [-0.000355327763828, 0.000486931123305, -0.000232283549849, 0.00073272769805, -0.000534889753908, 0.00120783026796, -0.00165081047453, 0.00196662102826, -0.00261795567349, 0.00683135772124, -0.00236232066527, 0.00231025158428, -0.00160365877673], [0.000261969980784, -0.000332175433869, 0.000238990018261, -7.04682461219e-005, 0.000185503042303, -0.0014711888507, 0.00135158794001, -0.00198789103888, 0.0015161113115, -0.00236232066527, 0.00741292256862, -0.0026030598674, 0.000895466597285], [-0.000128873987705, 0.000359584810212, -0.000441863609012, -1.69422619365e-005, -0.000211819948163, 0.000809888995718, -0.00153317884542, 0.00158093683422, -0.00200934661552, 0.00231025158428, -0.0026030598674, 0.00741330720484, -0.00267905625515], [0.000141080992762, 0.000106770428829, 0.000138811083161, -0.00039509110502, 0.000176225090399, -0.00041900985525, 0.00112256384455, -0.00124491960742, 0.00123991444707, -0.00160365877673, 0.000895466597285, -0.00267905625515, 0.00763200828806]]
    sccoeffs:
        dmean: [0.0606497451663, 0.0639763623476, 0.0509289838374, 0.0394389443099, 0.0387309119105, 0.0359602123499]
        dmean2: [0.0929962694645, 0.0952115133405, 0.0740591734648, 0.0599014572799, 0.0581248775125, 0.054670419544]
        dvar: [0.00325336260721, 0.00349509925582, 0.00223754742183, 0.00128885975573, 0.00143752491567, 0.00138169957791]
        dvar2: [0.00617739185691, 0.00630682148039, 0.00398734537885, 0.00267392280512, 0.00299173151143, 0.00312508014031]
        max: [-0.220301494002, -0.288380980492, -0.35005953908, -0.496728301048, -0.457780748606, -0.263647526503]
        mean: [-0.617396891117, -0.699595451355, -0.76363325119, -0.796708345413, -0.777291834354, -0.744586110115]
        median: [-0.625612139702, -0.709867119789, -0.78274166584, -0.810920476913, -0.78965818882, -0.752984523773]
        min: [-0.964698255062, -0.962007939816, -0.964605629444, -0.96637737751, -0.961470663548, -0.956908762455]
        var: [0.0174691341817, 0.0169927310199, 0.0112358778715, 0.00542786950245, 0.00539654027671, 0.00534960860386]
    scvalleys:
        dmean: [0.502199828625, 0.517827033997, 0.434856444597, 0.414883255959, 0.416068583727, 0.384212464094]
        dmean2: [0.831978559494, 0.837369561195, 0.678483784199, 0.6320759058, 0.611740589142, 0.538852989674]
        dvar: [0.189289107919, 0.223382696509, 0.172382131219, 0.1644230932, 0.174784108996, 0.199145451188]
        dvar2: [0.471473574638, 0.532666385174, 0.37384352088, 0.358060240746, 0.367092311382, 0.356098592281]
        max: [-4.66224193573, -4.04212808609, -4.75848150253, -5.0051779747, -5.06342220306, -6.95264005661]
        mean: [-8.88991928101, -7.59676361084, -8.20947170258, -8.74977874756, -8.47211837769, -11.3886003494]
        median: [-9.01259803772, -7.51773405075, -8.16739559174, -8.70240211487, -8.36939907074, -11.5503778458]
        min: [-27.0932865143, -27.4164772034, -27.1959686279, -27.154542923, -27.318693161, -27.4080715179]
        var: [1.89405870438, 1.63668358326, 1.6514415741, 1.6686103344, 1.64748728275, 1.58808636665]

rhythm:
    beats_loudness:
        dmean: 0.00367063493468
        dmean2: 0.00646092090756
        dvar: 1.2995018551e-005
        dvar2: 3.67095090041e-005
        max: 0.040927156806
        mean: 0.0041367909871
        median: 0.00308571080677
        min: 4.36246004598e-011
        var: 1.55067882588e-005
    bpm: 110.920196533
    bpm_confidence: 0
    first_peak_bpm: 110
    first_peak_spread: 0.555555582047
    first_peak_weight: 0.0756218880415
    onset_rate: 4.84121131897
    second_peak_bpm: 123
    second_peak_spread: 0.607329845428
    second_peak_weight: 0.0746268630028
    beats_loudness_band_ratio:
        dmean: [0.10760872066, 0.196116045117, 0.24529504776, 0.121277883649, 0.131885886192, 0.188833683729]
        dmean2: [0.196602284908, 0.345099806786, 0.432718008757, 0.218482464552, 0.230612233281, 0.339343577623]
        dvar: [0.0185053925961, 0.0360470339656, 0.0454348661005, 0.0274210870266, 0.0243831202388, 0.0430963896215]
        dvar2: [0.0542974472046, 0.0971692726016, 0.126391962171, 0.0719272717834, 0.0654900595546, 0.122924827039]
        max: [0.8814021945, 0.961288094521, 0.99122440815, 0.919343173504, 0.995555341244, 0.996914803982]
        mean: [0.102465458214, 0.235635668039, 0.298429965973, 0.100957743824, 0.13954718411, 0.179293334484]
        median: [0.0478502586484, 0.152850821614, 0.22272875905, 0.0354627147317, 0.0775164365768, 0.0984195396304]
        min: [0, 0, 0, 0, 0, 0]
        var: [0.019637465477, 0.0532844699919, 0.0654678270221, 0.025132810697, 0.0290033686906, 0.0439428985119]
