
metadata:
    version:
        essentia: "2.1-beta2"
    audio_properties:
        analysis_sample_rate: 44100
        bitrate: 128
        channels: 2
        equal_loudness: 1
        length: 504.032653809
        replay_gain: -5.99151992798
        downmix: "mix"
    tags:
        album: "Saison 1"
        artist: "La IIIème Légion"
        comment: "BO par Bertrand"
        date: "2006"
        genre: "Other;other"
        title: "Episode 12"
        tracknumber: "2006"

configuration:
    average_loudness:
        compute: 1
        frameSize: 88200
        hopSize: 44100
        silentFrames: "noise"
        windowType: "hann"
    general:
        analysisSampleRate: 44100
        endTime: 2000
        equalLoudness: 1
        nequalLoudness: 0
        shortSound: 0
        startTime: 0
    lowlevel:
        compute: 1
        frameSize: 2048
        hopSize: 1024
        zeroPadding: 0
        silentFrames: "noise"
        windowType: "blackmanharris62"
        mfccStats: ["mean", "cov", "icov"]
        stats: ["mean", "var", "median", "min", "max", "dmean", "dmean2", "dvar", "dvar2"]
    panning:
        compute: 0
        frameSize: 8192
        hopSize: 2048
        zeroPadding: 8192
        silentFrames: "noise"
        windowType: "hann"
        stats: ["copy"]
    rhythm:
        compute: 1
        maxTempo: 208
        minTempo: 40
        method: "degara"
        stats: ["mean", "var", "median", "min", "max", "dmean", "dmean2", "dvar", "dvar2"]
    segmentation:
        compute: 0
        cpw: 5
        inc1: 300
        inc2: 50
        minimumSegmentsLength: 10
        size1: 1000
        size2: 600
    sfx:
        compute: 1
        stats: ["mean", "var", "median", "min", "max", "dmean", "dmean2", "dvar", "dvar2"]
    svm:
        compute: 0
    tonal:
        compute: 1
        frameSize: 4096
        hopSize: 2048
        zeroPadding: 0
        silentFrames: "noise"
        windowType: "blackmanharris62"
        stats: ["mean", "var", "median", "min", "max", "dmean", "dmean2", "dvar", "dvar2"]

lowlevel:
    average_loudness: 0.068491153419
    barkbands_kurtosis:
        dmean: 5.7985906601
        dmean2: 9.37610054016
        dvar: 317.234527588
        dvar2: 787.823486328
        max: 1093.98095703
        mean: 6.07861089706
        median: 0.934838891029
        min: -1.98519265652
        var: 408.795135498
    barkbands_skewness:
        dmean: 1.00101673603
        dmean2: 1.47550797462
        dvar: 1.58015751839
        dvar2: 3.20375347137
        max: 26.8742332458
        mean: 0.6919683218
        median: 0.592966079712
        min: -14.5949935913
        var: 4.97649860382
    barkbands_spread:
        dmean: 7.98712253571
        dmean2: 12.8067340851
        dvar: 86.8332366943
        dvar2: 209.154769897
        max: 80.162651062
        mean: 20.6109027863
        median: 18.6953392029
        min: 0.0938522741199
        var: 183.687423706
    dissonance:
        dmean: 0.0344375260174
        dmean2: 0.0559313967824
        dvar: 0.00184250145685
        dvar2: 0.00432807672769
        max: 0.500000119209
        mean: 0.438072085381
        median: 0.466538727283
        min: 0.0790610387921
        var: 0.00468924175948
    hfc:
        dmean: 1.63752567768
        dmean2: 2.44144630432
        dvar: 34.1946411133
        dvar2: 85.2663955688
        max: 469.824645996
        mean: 3.3172121048
        median: 0.926547765732
        min: 1.28860644278e-016
        var: 60.200466156
    pitch:
        dmean: 784.931518555
        dmean2: 1475.15759277
        dvar: 1833653.375
        dvar2: 4166817.75
        max: 6802.29833984
        mean: 1220.04968262
        median: 321.988952637
        min: 43.0243911743
        var: 2485473.5
    pitch_instantaneous_confidence:
        dmean: 0.124358601868
        dmean2: 0.194715544581
        dvar: 0.014713421464
        dvar2: 0.0324612483382
        max: 0.996394336224
        mean: 0.573238968849
        median: 0.582125425339
        min: 0.110473155975
        var: 0.0523132458329
    pitch_salience:
        dmean: 0.0794501081109
        dmean2: 0.124425046146
        dvar: 0.00654168706387
        dvar2: 0.0139804547653
        max: 0.988742530346
        mean: 0.630517780781
        median: 0.666607737541
        min: 0.026935165748
        var: 0.0244332719594
    silence_rate_20dB:
        dmean: 0
        dmean2: 0
        dvar: 0
        dvar2: 0
        max: 1
        mean: 1
        median: 1
        min: 1
        var: 0
    silence_rate_30dB:
        dmean: 0
        dmean2: 0
        dvar: 0
        dvar2: 0
        max: 1
        mean: 1
        median: 1
        min: 1
        var: 0
    silence_rate_60dB:
        dmean: 0.0799742043018
        dmean2: 0.159955769777
        dvar: 0.0735676363111
        dvar2: 0.153005212545
        max: 1
        mean: 0.776948571205
        median: 1
        min: 0
        var: 0.17333945632
    spectral_centroid:
        dmean: 470.941772461
        dmean2: 703.479614258
        dvar: 459923.3125
        dvar2: 830671.3125
        max: 10746.9697266
        mean: 1636.78295898
        median: 1302.58911133
        min: 136.507751465
        var: 1369432.375
    spectral_complexity:
        dmean: 1.80780398846
        dmean2: 2.73887395859
        dvar: 9.2133398056
        dvar2: 19.305431366
        max: 65
        mean: 4.51626110077
        median: 2
        min: 0
        var: 44.539932251
    spectral_crest:
        dmean: 3.13148760796
        dmean2: 5.00656604767
        dvar: 9.19086742401
        dvar2: 21.4290561676
        max: 26.9028949738
        mean: 10.6837244034
        median: 9.56214904785
        min: 2.35329294205
        var: 27.643409729
    spectral_decrease:
        dmean: 2.57745380594e-010
        dmean2: 3.64440422285e-010
        dvar: 3.91976387063e-019
        dvar2: 8.0112561233e-019
        max: 1.43446379857e-028
        mean: -5.59261414956e-010
        median: -1.91098969982e-010
        min: -2.90792421254e-008
        var: 1.21972361834e-018
    spectral_energy:
        dmean: 0.00110816711094
        dmean2: 0.00157674925867
        dvar: 7.57196039558e-006
        dvar2: 1.60915788001e-005
        max: 0.152366071939
        mean: 0.00241166655906
        median: 0.000826089410111
        min: 1.11466384171e-020
        var: 2.21381360461e-005
    spectral_energyband_high:
        dmean: 0.000104093945993
        dmean2: 0.000158916940563
        dvar: 1.40926971426e-007
        dvar2: 3.19853029396e-007
        max: 0.00928953755647
        mean: 0.000158394075697
        median: 1.80839087989e-005
        min: 8.35534894402e-021
        var: 2.49940143249e-007
    spectral_energyband_low:
        dmean: 5.94186567469e-005
        dmean2: 9.89028631011e-005
        dvar: 1.33194518526e-007
        dvar2: 3.11792291541e-007
        max: 0.0165572781116
        mean: 8.33595477161e-005
        median: 1.77994809292e-006
        min: 9.10392311408e-023
        var: 2.0483534513e-007
    spectral_energyband_middle_high:
        dmean: 0.000443408091087
        dmean2: 0.000668239081278
        dvar: 2.59679381998e-006
        dvar2: 6.39193558527e-006
        max: 0.128118917346
        mean: 0.000869975192472
        median: 0.00014677704894
        min: 1.24889075879e-021
        var: 5.08183029524e-006
    spectral_energyband_middle_low:
        dmean: 0.000711075670552
        dmean2: 0.00100261042826
        dvar: 3.5424395719e-006
        dvar2: 6.6646985033e-006
        max: 0.0874832421541
        mean: 0.00135441799648
        median: 0.000325213128235
        min: 2.79851170296e-022
        var: 1.09992888611e-005
    spectral_flatness_db:
        dmean: 0.0360376127064
        dmean2: 0.0530199185014
        dvar: 0.00143747776747
        dvar2: 0.00270979222842
        max: 0.558076024055
        mean: 0.229232475162
        median: 0.223360359669
        min: 0.0456421710551
        var: 0.00641423463821
    spectral_flux:
        dmean: 0.010622413829
        dmean2: 0.0174528695643
        dvar: 0.000184606586117
        dvar2: 0.000452031817986
        max: 0.298526734114
        mean: 0.0256623253226
        median: 0.0197152867913
        min: 1.0557764385e-010
        var: 0.000529070675839
    spectral_kurtosis:
        dmean: 3.23019242287
        dmean2: 5.25657320023
        dvar: 24.5221328735
        dvar2: 61.4124946594
        max: 151.147659302
        mean: 5.89406251907
        median: 3.3210299015
        min: -1.29853618145
        var: 82.9026412964
    spectral_rms:
        dmean: 0.000328494788846
        dmean2: 0.000439874624135
        dvar: 1.89798427641e-007
        dvar2: 3.3606369243e-007
        max: 0.0121922036633
        mean: 0.00114934437443
        median: 0.000897742109373
        min: 3.29769154692e-012
        var: 1.03185379885e-006
    spectral_rolloff:
        dmean: 752.388916016
        dmean2: 1243.68774414
        dvar: 1280612.125
        dvar2: 2428582.5
        max: 19013.8183594
        mean: 2649.87304688
        median: 2820.84960938
        min: 129.19921875
        var: 3229725.75
    spectral_skewness:
        dmean: 0.44493418932
        dmean2: 0.679718494415
        dvar: 0.224587470293
        dvar2: 0.497355431318
        max: 10.4442710876
        mean: 1.49777722359
        median: 1.307482481
        min: -0.817888855934
        var: 1.01150977612
    spectral_spread:
        dmean: 796989
        dmean2: 1174315
        dvar: 1.07379012403e+012
        dvar2: 1.94718806835e+012
        max: 40296312
        mean: 4177184
        median: 3803693
        min: 673403.625
        var: 3.78180416307e+012
    spectral_strongpeak:
        dmean: 0.34813579917
        dmean2: 0.562851965427
        dvar: 0.450124591589
        dvar2: 1.13284146786
        max: 21.5799942017
        mean: 0.591935575008
        median: 0.249765962362
        min: 2.06199324282e-009
        var: 1.0123013258
    zerocrossingrate:
        dmean: 0.0176305808127
        dmean2: 0.0188625119627
        dvar: 0.000421812961577
        dvar2: 0.000427943043178
        max: 0.50732421875
        mean: 0.0878064110875
        median: 0.08154296875
        min: 0.00927734375
        var: 0.00273497379385
    barkbands:
        dmean: [1.12426747023e-007, 1.07360856418e-005, 3.1577579648e-005, 6.00075181865e-005, 0.000149740822962, 0.000167031786987, 0.000189217840671, 0.000152124746819, 0.000171392341144, 0.000100719546026, 5.0725411711e-005, 3.21348088619e-005, 2.88396386168e-005, 2.89804520435e-005, 4.05069185945e-005, 4.75846900372e-005, 6.72943860991e-005, 7.77571694925e-005, 0.000122891739011, 8.79986400832e-005, 4.98347435496e-005, 1.4658584405e-005, 3.77771516469e-006, 1.31302715545e-006, 7.64625667671e-007, 1.28772805752e-008, 1.22486659704e-010]
        dmean2: [1.8279303049e-007, 1.82029143616e-005, 5.56698869332e-005, 9.6961230156e-005, 0.000223374241614, 0.000238115360844, 0.000283172324998, 0.00023073767079, 0.00025172153255, 0.000151909480337, 7.664009172e-005, 4.90157326567e-005, 4.43570716016e-005, 4.59436378151e-005, 6.55784169794e-005, 7.6746531704e-005, 0.000109917738882, 0.000124520636746, 0.000198079113034, 0.000139226671308, 7.63621210353e-005, 2.36631130974e-005, 5.9435105868e-006, 2.07117841455e-006, 1.2444317008e-006, 1.87837585486e-008, 2.17154405568e-010]
        dvar: [1.36210476492e-012, 7.6118507053e-009, 4.30131699147e-008, 1.36570605491e-007, 3.4601677612e-007, 6.62959735109e-007, 7.50900483126e-007, 4.91192508889e-007, 6.23803259714e-007, 2.04237537105e-007, 9.87210100334e-008, 2.30555841085e-008, 1.8051940387e-008, 2.33078516487e-008, 3.46104904736e-008, 4.88211711058e-008, 6.88708183816e-008, 8.41719014488e-008, 1.11913573164e-006, 1.36285692065e-007, 3.29739933136e-008, 8.36602431775e-009, 6.37376595947e-010, 9.25092086268e-011, 7.30460969489e-011, 7.59429327014e-015, 1.1388629136e-019]
        dvar2: [3.44096929769e-012, 1.66120166512e-008, 1.10469883907e-007, 3.32294263217e-007, 7.47835372295e-007, 1.07378446046e-006, 1.48981337134e-006, 1.05923595584e-006, 1.12324062229e-006, 4.30609901514e-007, 2.17171518102e-007, 4.9766111232e-008, 3.84105867113e-008, 5.6338951282e-008, 8.86449811333e-008, 1.19492398198e-007, 1.72964050194e-007, 1.97879288066e-007, 3.04233685711e-006, 3.48085706037e-007, 7.01854503404e-008, 2.18764846238e-008, 1.57121116118e-009, 2.19855175732e-010, 1.90072430017e-010, 1.55740729286e-014, 3.13221916809e-019]
        max: [5.54354628548e-005, 0.00474817398936, 0.00824548024684, 0.0169647149742, 0.0359464883804, 0.0782303437591, 0.0448483377695, 0.0282524246722, 0.0675107091665, 0.023675924167, 0.0219454094768, 0.00761812413111, 0.00913427211344, 0.00843402184546, 0.00724053941667, 0.0181644316763, 0.0105363316834, 0.0137968631461, 0.0982670933008, 0.0168727803975, 0.00679292995483, 0.00298162526451, 0.00093241018476, 0.000557618448511, 0.000296915270155, 6.91743616699e-006, 1.11806413017e-008]
        mean: [1.38905065228e-007, 1.48940307554e-005, 3.78811346309e-005, 7.14011330274e-005, 0.000257893960224, 0.000279440835584, 0.000279198342469, 0.000182962758117, 0.000236382373259, 0.00012520623568, 6.2490144046e-005, 4.77192115795e-005, 4.48766477348e-005, 3.86853680538e-005, 5.48017815163e-005, 6.70262161293e-005, 0.000103026482975, 0.000123435500427, 0.000161932577612, 0.00012702094682, 7.12606852176e-005, 1.7456299247e-005, 4.28958719567e-006, 1.51614892729e-006, 7.10550864369e-007, 1.48057344163e-008, 1.08553784017e-010]
        median: [6.38344543891e-010, 1.32331877012e-007, 5.21663878317e-007, 2.23349138651e-006, 1.85730095836e-005, 1.86350134754e-005, 1.52490347318e-005, 8.85117151483e-006, 9.05693741515e-006, 4.84929296363e-006, 2.56473776972e-006, 1.85218755178e-006, 1.49620257162e-006, 1.36998914968e-006, 2.10046982829e-006, 3.18010552292e-006, 3.87777890865e-006, 6.33704985376e-006, 1.26752483993e-005, 1.14448521344e-005, 6.15551471128e-006, 1.12173347588e-006, 2.37696042404e-007, 5.9525870455e-008, 9.46224965048e-009, 2.79874762255e-010, 1.6497123112e-011]
        min: [6.89482985172e-023, 2.49312389347e-023, 2.97406146404e-023, 3.45375799862e-023, 4.71915115957e-023, 4.27785321841e-023, 3.97887525087e-023, 4.56058380674e-023, 6.06838698188e-023, 2.76647744999e-023, 6.22941116312e-023, 8.89485982807e-023, 1.11390201665e-022, 9.99710487868e-023, 5.11255609301e-023, 1.39820205953e-022, 1.64938458564e-022, 1.5046753101e-022, 1.99857026814e-022, 3.66821179208e-022, 2.93312217052e-022, 5.23811567541e-022, 5.52784194536e-022, 1.28028313141e-021, 1.2539875323e-021, 1.88306899044e-021, 2.64498048863e-021]
        var: [2.22135092438e-012, 1.01327177759e-008, 5.23061522983e-008, 1.55215232667e-007, 9.18317198284e-007, 1.98877137336e-006, 1.62641197221e-006, 6.94185018801e-007, 1.78062271061e-006, 3.16757393648e-007, 1.38488161383e-007, 5.22895646782e-008, 4.8013387044e-008, 3.01640383782e-008, 4.59405491426e-008, 1.03101641002e-007, 1.6271812342e-007, 2.49571570521e-007, 9.83027803159e-007, 1.8712172789e-007, 6.38231227867e-008, 7.46057171597e-009, 6.40460295909e-010, 1.39619385497e-010, 5.66915438205e-011, 1.18961296638e-014, 1.27308757289e-019]
    frequency_bands:
        dmean: [1.12426747023e-007, 1.07360856418e-005, 3.1577579648e-005, 6.00075181865e-005, 0.000149740822962, 0.000167031786987, 0.000189217840671, 0.000152124746819, 0.000171392341144, 0.000100719546026, 5.0725411711e-005, 3.21348088619e-005, 2.88396386168e-005, 2.89804520435e-005, 4.05069185945e-005, 4.75846900372e-005, 6.72943860991e-005, 7.77571694925e-005, 0.000122891739011, 8.79986400832e-005, 4.98347435496e-005, 1.4658584405e-005, 3.77771516469e-006, 1.31302715545e-006, 7.64625667671e-007, 1.28772805752e-008, 1.22486659704e-010, 2.68671040277e-011]
        dmean2: [1.8279303049e-007, 1.82029143616e-005, 5.56698869332e-005, 9.6961230156e-005, 0.000223374241614, 0.000238115360844, 0.000283172324998, 0.00023073767079, 0.00025172153255, 0.000151909480337, 7.664009172e-005, 4.90157326567e-005, 4.43570716016e-005, 4.59436378151e-005, 6.55784169794e-005, 7.6746531704e-005, 0.000109917738882, 0.000124520636746, 0.000198079113034, 0.000139226671308, 7.63621210353e-005, 2.36631130974e-005, 5.9435105868e-006, 2.07117841455e-006, 1.2444317008e-006, 1.87837585486e-008, 2.17154405568e-010, 4.99082650207e-011]
        dvar: [1.36210476492e-012, 7.6118507053e-009, 4.30131699147e-008, 1.36570605491e-007, 3.4601677612e-007, 6.62959735109e-007, 7.50900483126e-007, 4.91192508889e-007, 6.23803259714e-007, 2.04237537105e-007, 9.87210100334e-008, 2.30555841085e-008, 1.8051940387e-008, 2.33078516487e-008, 3.46104904736e-008, 4.88211711058e-008, 6.88708183816e-008, 8.41719014488e-008, 1.11913573164e-006, 1.36285692065e-007, 3.29739933136e-008, 8.36602431775e-009, 6.37376595947e-010, 9.25092086268e-011, 7.30460969489e-011, 7.59429327014e-015, 1.1388629136e-019, 5.42106991214e-021]
        dvar2: [3.44096929769e-012, 1.66120166512e-008, 1.10469883907e-007, 3.32294263217e-007, 7.47835372295e-007, 1.07378446046e-006, 1.48981337134e-006, 1.05923595584e-006, 1.12324062229e-006, 4.30609901514e-007, 2.17171518102e-007, 4.9766111232e-008, 3.84105867113e-008, 5.6338951282e-008, 8.86449811333e-008, 1.19492398198e-007, 1.72964050194e-007, 1.97879288066e-007, 3.04233685711e-006, 3.48085706037e-007, 7.01854503404e-008, 2.18764846238e-008, 1.57121116118e-009, 2.19855175732e-010, 1.90072430017e-010, 1.55740729286e-014, 3.13221916809e-019, 1.70794782696e-020]
        max: [5.54354628548e-005, 0.00474817398936, 0.00824548024684, 0.0169647149742, 0.0359464883804, 0.0782303437591, 0.0448483377695, 0.0282524246722, 0.0675107091665, 0.023675924167, 0.0219454094768, 0.00761812413111, 0.00913427211344, 0.00843402184546, 0.00724053941667, 0.0181644316763, 0.0105363316834, 0.0137968631461, 0.0982670933008, 0.0168727803975, 0.00679292995483, 0.00298162526451, 0.00093241018476, 0.000557618448511, 0.000296915270155, 6.91743616699e-006, 1.11806413017e-008, 1.75520065149e-009]
        mean: [1.38905065228e-007, 1.48940307554e-005, 3.78811346309e-005, 7.14011330274e-005, 0.000257893960224, 0.000279440835584, 0.000279198342469, 0.000182962758117, 0.000236382373259, 0.00012520623568, 6.2490144046e-005, 4.77192115795e-005, 4.48766477348e-005, 3.86853680538e-005, 5.48017815163e-005, 6.70262161293e-005, 0.000103026482975, 0.000123435500427, 0.000161932577612, 0.00012702094682, 7.12606852176e-005, 1.7456299247e-005, 4.28958719567e-006, 1.51614892729e-006, 7.10550864369e-007, 1.48057344163e-008, 1.08553784017e-010, 2.06946751402e-011]
        median: [6.38344543891e-010, 1.32331877012e-007, 5.21663878317e-007, 2.23349138651e-006, 1.85730095836e-005, 1.86350134754e-005, 1.52490347318e-005, 8.85117151483e-006, 9.05693741515e-006, 4.84929296363e-006, 2.56473776972e-006, 1.85218755178e-006, 1.49620257162e-006, 1.36998914968e-006, 2.10046982829e-006, 3.18010552292e-006, 3.87777890865e-006, 6.33704985376e-006, 1.26752483993e-005, 1.14448521344e-005, 6.15551471128e-006, 1.12173347588e-006, 2.37696042404e-007, 5.9525870455e-008, 9.46224965048e-009, 2.79874762255e-010, 1.6497123112e-011, 2.5407579686e-012]
        min: [6.89482985172e-023, 2.49312389347e-023, 2.97406146404e-023, 3.45375799862e-023, 4.71915115957e-023, 4.27785321841e-023, 3.97887525087e-023, 4.56058380674e-023, 6.06838698188e-023, 2.76647744999e-023, 6.22941116312e-023, 8.89485982807e-023, 1.11390201665e-022, 9.99710487868e-023, 5.11255609301e-023, 1.39820205953e-022, 1.64938458564e-022, 1.5046753101e-022, 1.99857026814e-022, 3.66821179208e-022, 2.93312217052e-022, 5.23811567541e-022, 5.52784194536e-022, 1.28028313141e-021, 1.2539875323e-021, 1.88306899044e-021, 2.64498048863e-021, 8.56909738223e-022]
        var: [2.22135092438e-012, 1.01327177759e-008, 5.23061522983e-008, 1.55215232667e-007, 9.18317198284e-007, 1.98877137336e-006, 1.62641197221e-006, 6.94185018801e-007, 1.78062271061e-006, 3.16757393648e-007, 1.38488161383e-007, 5.22895646782e-008, 4.8013387044e-008, 3.01640383782e-008, 4.59405491426e-008, 1.03101641002e-007, 1.6271812342e-007, 2.49571570521e-007, 9.83027803159e-007, 1.8712172789e-007, 6.38231227867e-008, 7.46057171597e-009, 6.40460295909e-010, 1.39619385497e-010, 5.66915438205e-011, 1.18961296638e-014, 1.27308757289e-019, 4.32642683008e-021]
    mfcc:
        mean: [-857.672729492, 96.2964553833, -37.006980896, 35.6735649109, -31.5310935974, -24.4868965149, -10.570306778, -15.1197013855, -9.61497497559, -6.70687580109, -10.3670864105, -7.39166593552, -6.4653339386]
        cov: [[9797.72460938, 1138.62878418, -2362.3046875, 673.307250977, -665.236755371, 215.808563232, -158.815979004, 112.45791626, 56.9836349487, 153.66065979, -107.776824951, -51.1429595947, -191.961883545], [1138.62878418, 2283.22729492, -188.423614502, -275.82824707, -155.59312439, -426.41192627, 88.0865402222, -243.481948853, -112.47984314, -14.7706813812, -122.48009491, -107.359077454, -134.701553345], [-2362.3046875, -188.423614502, 1549.13085938, 87.9242324829, 158.514572144, 82.9940719604, -18.7020263672, -78.6998062134, -64.1010513306, -80.6219177246, 30.3294410706, 11.0672245026, 36.1623039246], [673.307250977, -275.82824707, 87.9242324829, 877.90234375, 73.178237915, -56.738697052, -72.2650680542, -33.0921783447, 77.0748062134, -19.2814064026, -27.8654842377, 59.4280891418, 22.1095695496], [-665.236755371, -155.59312439, 158.514572144, 73.178237915, 575.72644043, 111.669563293, -30.9826717377, 129.579696655, 34.6602478027, 1.61072731018, 43.9300842285, 15.8074111938, 40.2364349365], [215.808563232, -426.41192627, 82.9940719604, -56.738697052, 111.669563293, 621.687866211, 73.8694915771, 113.596946716, 69.5997390747, 18.2902183533, 96.6865158081, 12.6193161011, 8.87069606781], [-158.815979004, 88.0865402222, -18.7020263672, -72.2650680542, -30.9826717377, 73.8694915771, 298.242218018, 29.9929828644, 6.75477027893, 42.2408294678, 14.2142944336, 0.540740072727, -22.1109790802], [112.45791626, -243.481948853, -78.6998062134, -33.0921783447, 129.579696655, 113.596946716, 29.9929828644, 301.87008667, 70.9598312378, 5.71407270432, 59.0308990479, 11.6074323654, 27.3441143036], [56.9836349487, -112.47984314, -64.1010513306, 77.0748062134, 34.6602478027, 69.5997390747, 6.75477027893, 70.9598312378, 254.591308594, 59.3771324158, 7.19237327576, 37.9019775391, 8.55409145355], [153.66065979, -14.7706813812, -80.6219177246, -19.2814064026, 1.61072731018, 18.2902183533, 42.2408294678, 5.71407270432, 59.3771324158, 195.027633667, 40.626285553, -16.1805992126, 18.0091133118], [-107.776824951, -122.48009491, 30.3294410706, -27.8654842377, 43.9300842285, 96.6865158081, 14.2142944336, 59.0308990479, 7.19237327576, 40.626285553, 179.152008057, 50.5925865173, 23.3600273132], [-51.1429595947, -107.359077454, 11.0672245026, 59.4280891418, 15.8074111938, 12.6193161011, 0.540740072727, 11.6074323654, 37.9019775391, -16.1805992126, 50.5925865173, 168.024215698, 52.9645462036], [-191.961883545, -134.701553345, 36.1623039246, 22.1095695496, 40.2364349365, 8.87069606781, -22.1109790802, 27.3441143036, 8.55409145355, 18.0091133118, 23.3600273132, 52.9645462036, 155.259872437]]
        icov: [[0.000355479336577, -0.000306224974338, 0.000483771058498, -0.000496981083415, 0.000447903876193, -0.000562885368709, 0.000479434616864, -0.000483360956423, 0.000378964003175, -0.000401641795179, 0.00025783534511, -0.000193540879991, 0.000254357553786], [-0.000306224974338, 0.000880615436472, -0.000352338742232, 0.000627867004368, -0.000473864783999, 0.000878736784216, -0.000683649850544, 0.000837671977933, -0.000365487008821, 0.000444117438747, -0.000201347400434, 0.000352770526661, 8.43341476866e-005], [0.000483771058498, -0.000352338742232, 0.00139211211354, -0.00071587698767, 0.000366418127669, -0.000826556410175, 0.000559320731554, -0.000248166994425, 0.000579604471568, -0.000166738143889, 0.000121078031952, -0.000104116814327, 0.000150480031152], [-0.000496981083415, 0.000627867004368, -0.00071587698767, 0.00202824524604, -0.00083529233234, 0.00102663959842, -0.000535943952855, 0.00102429743856, -0.000979878590442, 0.000686146202497, -0.000137347218697, -7.41736366763e-005, -0.000270366756013], [0.000447903876193, -0.000473864783999, 0.000366418127669, -0.00083529233234, 0.00268359086476, -0.000989804510027, 0.000952649512328, -0.00157842074987, 0.000534532242455, -0.000650799018331, 0.000263572525, -0.000242564390646, 4.01415200031e-005], [-0.000562885368709, 0.000878736784216, -0.000826556410175, 0.00102663959842, -0.000989804510027, 0.00312462705187, -0.00137811747845, 0.000720260897651, -0.00118307559751, 0.000989677850157, -0.00136597536039, 0.000740253773984, -0.000228987730225], [0.000479434616864, -0.000683649850544, 0.000559320731554, -0.000535943952855, 0.000952649512328, -0.00137811747845, 0.00455102883279, -0.00135424151085, 0.00087016413454, -0.00166131788865, 0.000711752101779, -0.000938076409511, 0.00102185551077], [-0.000483360956423, 0.000837671977933, -0.000248166994425, 0.00102429743856, -0.00157842074987, 0.000720260897651, -0.00135424151085, 0.00554706389084, -0.0018595024012, 0.00163492269348, -0.00173622346483, 0.00116796977818, -0.000985225080512], [0.000378964003175, -0.000365487008821, 0.000579604471568, -0.000979878590442, 0.000534532242455, -0.00118307559751, 0.00087016413454, -0.0018595024012, 0.00566514767706, -0.00250290613621, 0.00153972476255, -0.00192424794659, 0.000939439982176], [-0.000401641795179, 0.000444117438747, -0.000166738143889, 0.000686146202497, -0.000650799018331, 0.000989677850157, -0.00166131788865, 0.00163492269348, -0.00250290613621, 0.0073669468984, -0.00261090602726, 0.00241464748979, -0.00173007685225], [0.00025783534511, -0.000201347400434, 0.000121078031952, -0.000137347218697, 0.000263572525, -0.00136597536039, 0.000711752101779, -0.00173622346483, 0.00153972476255, -0.00261090602726, 0.00805281754583, -0.00302365003154, 0.000590218871366], [-0.000193540879991, 0.000352770526661, -0.000104116814327, -7.41736366763e-005, -0.000242564390646, 0.000740253773984, -0.000938076409511, 0.00116796977818, -0.00192424794659, 0.00241464748979, -0.00302365003154, 0.00851302687079, -0.00284037156962], [0.000254357553786, 8.43341476866e-005, 0.000150480031152, -0.000270366756013, 4.01415200031e-005, -0.000228987730225, 0.00102185551077, -0.000985225080512, 0.000939439982176, -0.00173007685225, 0.000590218871366, -0.00284037156962, 0.00818270631135]]
    sccoeffs:
        dmean: [0.0615750439465, 0.0632266253233, 0.049612890929, 0.0381575897336, 0.0364211015403, 0.0328508839011]
        dmean2: [0.0920871049166, 0.092517465353, 0.0719572231174, 0.058091301471, 0.0557390600443, 0.0491718389094]
        dvar: [0.00316885276698, 0.00349396886304, 0.00223614624701, 0.00127740029711, 0.00133140629623, 0.00105614576023]
        dvar2: [0.00593455415219, 0.00603995472193, 0.00378461205401, 0.0026185491588, 0.002892926801, 0.00220528221689]
        max: [-0.205573454499, -0.242982670665, -0.336035221815, -0.422070175409, -0.446214288473, -0.423689097166]
        mean: [-0.642430126667, -0.720820069313, -0.783398985863, -0.805207431316, -0.793614923954, -0.747819721699]
        median: [-0.654867053032, -0.740133523941, -0.809222102165, -0.819118082523, -0.805794358253, -0.756100893021]
        min: [-0.949429869652, -0.987231791019, -0.963778018951, -0.974778711796, -0.972964048386, -0.961405515671]
        var: [0.0179616548121, 0.0169597491622, 0.0100615518168, 0.00518716266379, 0.00448053190485, 0.00533765042201]
    scvalleys:
        dmean: [0.535357296467, 0.51562422514, 0.431082844734, 0.399984031916, 0.407534331083, 0.375448614359]
        dmean2: [0.865060448647, 0.82455599308, 0.658367455006, 0.602188467979, 0.586259424686, 0.518593788147]
        dvar: [0.229346826673, 0.234802946448, 0.172434896231, 0.154718056321, 0.167713448405, 0.18666306138]
        dvar2: [0.517075538635, 0.535548865795, 0.35331428051, 0.311031997204, 0.326277256012, 0.32656493783]
        max: [-4.46897697449, -3.81922316551, -4.86481809616, -4.90343666077, -4.78879499435, -6.8933339119]
        mean: [-9.2028465271, -7.81825685501, -8.36342906952, -8.85922050476, -8.68329811096, -11.4739685059]
        median: [-9.37584114075, -7.83898448944, -8.44645690918, -8.97296142578, -8.71193027496, -11.6062259674]
        min: [-27.7150936127, -26.7461242676, -27.4964122772, -27.0153217316, -27.1130905151, -27.2101135254]
        var: [1.7672970295, 1.46864449978, 1.65696954727, 1.83022499084, 1.72946190834, 1.45157730579]

rhythm:
    beats_loudness:
        dmean: 0.00355467689224
        dmean2: 0.00646418472752
        dvar: 3.36319171765e-005
        dvar2: 9.8759031971e-005
        max: 0.0476282313466
        mean: 0.00350994872861
        median: 0.00176174601074
        min: 8.3635195991e-011
        var: 2.83811586996e-005
    bpm: 94.1620330811
    bpm_confidence: 0
    first_peak_bpm: 94
    first_peak_spread: 0.703703701496
    first_peak_weight: 0.0713489428163
    onset_rate: 4.57510042191
    second_peak_bpm: 126
    second_peak_spread: 0.512820482254
    second_peak_weight: 0.063545152545
    beats_loudness_band_ratio:
        dmean: [0.104856871068, 0.214235931635, 0.239477276802, 0.135093435645, 0.139609917998, 0.181522071362]
        dmean2: [0.191093280911, 0.379424005747, 0.41221216321, 0.241715982556, 0.248417422175, 0.323347628117]
        dvar: [0.0191981047392, 0.0418138839304, 0.0415201559663, 0.0276267305017, 0.0280980840325, 0.0420254133642]
        dvar2: [0.0528569184244, 0.11509232223, 0.113637767732, 0.0744855627418, 0.0787717178464, 0.114901594818]
        max: [0.853285491467, 0.993259012699, 0.992423176765, 0.934990406036, 0.98307788372, 0.972982108593]
        mean: [0.0908307060599, 0.233465015888, 0.301677852869, 0.111568629742, 0.143910810351, 0.172858417034]
        median: [0.0313386693597, 0.15289285779, 0.225302398205, 0.0453424975276, 0.0726012587547, 0.0903580114245]
        min: [0, 0, 0, 0, 0, 0]
        var: [0.0182802565396, 0.055530462414, 0.0655678361654, 0.0258247759193, 0.0303746983409, 0.0425260998309]
