
metadata:
    version:
        essentia: "2.1-beta2"
    audio_properties:
        analysis_sample_rate: 44100
        bitrate: 128
        channels: 2
        equal_loudness: 1
        length: 438.047332764
        replay_gain: -9.59630584717
        downmix: "mix"
    tags:
        album: "Saison 1"
        artist: "La IIIème Légion"
        comment: "BO par Bertrand"
        date: "2006"
        genre: "Other;other"
        title: "Episode 13"
        tracknumber: ""

configuration:
    average_loudness:
        compute: 1
        frameSize: 88200
        hopSize: 44100
        silentFrames: "noise"
        windowType: "hann"
    general:
        analysisSampleRate: 44100
        endTime: 2000
        equalLoudness: 1
        nequalLoudness: 0
        shortSound: 0
        startTime: 0
    lowlevel:
        compute: 1
        frameSize: 2048
        hopSize: 1024
        zeroPadding: 0
        silentFrames: "noise"
        windowType: "blackmanharris62"
        mfccStats: ["mean", "cov", "icov"]
        stats: ["mean", "var", "median", "min", "max", "dmean", "dmean2", "dvar", "dvar2"]
    panning:
        compute: 0
        frameSize: 8192
        hopSize: 2048
        zeroPadding: 8192
        silentFrames: "noise"
        windowType: "hann"
        stats: ["copy"]
    rhythm:
        compute: 1
        maxTempo: 208
        minTempo: 40
        method: "degara"
        stats: ["mean", "var", "median", "min", "max", "dmean", "dmean2", "dvar", "dvar2"]
    segmentation:
        compute: 0
        cpw: 5
        inc1: 300
        inc2: 50
        minimumSegmentsLength: 10
        size1: 1000
        size2: 600
    sfx:
        compute: 1
        stats: ["mean", "var", "median", "min", "max", "dmean", "dmean2", "dvar", "dvar2"]
    svm:
        compute: 0
    tonal:
        compute: 1
        frameSize: 4096
        hopSize: 2048
        zeroPadding: 0
        silentFrames: "noise"
        windowType: "blackmanharris62"
        stats: ["mean", "var", "median", "min", "max", "dmean", "dmean2", "dvar", "dvar2"]

lowlevel:
    average_loudness: 0.161701753736
    barkbands_kurtosis:
        dmean: 6.26169300079
        dmean2: 9.99475097656
        dvar: 938.901733398
        dvar2: 1914.65783691
        max: 1929.05419922
        mean: 6.37690210342
        median: 1.06881046295
        min: -1.97996354103
        var: 1153.91894531
    barkbands_skewness:
        dmean: 0.993044674397
        dmean2: 1.46765589714
        dvar: 1.64217305183
        dvar2: 3.22398519516
        max: 21.9485092163
        mean: 0.946959495544
        median: 0.929511070251
        min: -33.9488487244
        var: 4.63796710968
    barkbands_spread:
        dmean: 8.11088275909
        dmean2: 12.8990240097
        dvar: 88.4830932617
        dvar2: 208.528915405
        max: 90.1022415161
        mean: 21.2174129486
        median: 18.7061405182
        min: 0.0648527741432
        var: 201.595901489
    dissonance:
        dmean: 0.0363520048559
        dmean2: 0.0593130812049
        dvar: 0.00190300820395
        dvar2: 0.00455879094079
        max: 0.500000119209
        mean: 0.433264881372
        median: 0.458950102329
        min: 0.0502728410065
        var: 0.00468831509352
    hfc:
        dmean: 1.48507654667
        dmean2: 2.10807085037
        dvar: 10.1849365234
        dvar2: 19.5126628876
        max: 80.6325302124
        mean: 2.87826895714
        median: 1.02260684967
        min: 1.19771451358e-016
        var: 26.3808746338
    pitch:
        dmean: 728.426757813
        dmean2: 1374.9519043
        dvar: 1830995.625
        dvar2: 4150818
        max: 6700.23095703
        mean: 1126.66821289
        median: 253.80909729
        min: 43.0243911743
        var: 2509683.75
    pitch_instantaneous_confidence:
        dmean: 0.12601827085
        dmean2: 0.199220240116
        dvar: 0.0145809026435
        dvar2: 0.0323352739215
        max: 1.00039386749
        mean: 0.569085776806
        median: 0.582232475281
        min: 0.102188169956
        var: 0.0472921021283
    pitch_salience:
        dmean: 0.0813468471169
        dmean2: 0.12852191925
        dvar: 0.00664641940966
        dvar2: 0.0145206451416
        max: 0.977734565735
        mean: 0.641727149487
        median: 0.673338115215
        min: 0.0187019854784
        var: 0.0208900943398
    silence_rate_20dB:
        dmean: 0
        dmean2: 0
        dvar: 0
        dvar2: 0
        max: 1
        mean: 1
        median: 1
        min: 1
        var: 0
    silence_rate_30dB:
        dmean: 0
        dmean2: 0
        dvar: 0
        dvar2: 0
        max: 1
        mean: 1
        median: 1
        min: 1
        var: 0
    silence_rate_60dB:
        dmean: 0.100392237306
        dmean2: 0.200795128942
        dvar: 0.0903330817819
        dvar2: 0.184938788414
        max: 1
        mean: 0.760587275028
        median: 1
        min: 0
        var: 0.182133704424
    spectral_centroid:
        dmean: 439.511444092
        dmean2: 660.651062012
        dvar: 414238
        dvar2: 761082.3125
        max: 10564.8056641
        mean: 1408.13623047
        median: 1069.19897461
        min: 130.316497803
        var: 1146835.125
    spectral_complexity:
        dmean: 1.7725007534
        dmean2: 2.68189764023
        dvar: 6.46724796295
        dvar2: 12.8618602753
        max: 46
        mean: 4.31425237656
        median: 3
        min: 0
        var: 24.4733848572
    spectral_crest:
        dmean: 3.19850230217
        dmean2: 5.15491676331
        dvar: 9.1149930954
        dvar2: 21.694316864
        max: 26.9516162872
        mean: 10.7265720367
        median: 9.64989566803
        min: 2.27634453773
        var: 24.0616092682
    spectral_decrease:
        dmean: 2.62046634392e-010
        dmean2: 3.65994651252e-010
        dvar: 2.14991479033e-019
        dvar2: 3.93645275648e-019
        max: 5.81549051368e-029
        mean: -5.59909396625e-010
        median: -2.43688041968e-010
        min: -1.03403232643e-008
        var: 6.74061571255e-019
    spectral_energy:
        dmean: 0.00111089099664
        dmean2: 0.00155169540085
        dvar: 3.76582784156e-006
        dvar2: 6.84753013047e-006
        max: 0.041984371841
        mean: 0.00237429700792
        median: 0.00103414710611
        min: 1.06441399275e-020
        var: 1.19172400446e-005
    spectral_energyband_high:
        dmean: 8.89298316906e-005
        dmean2: 0.000131219116156
        dvar: 9.79879928309e-008
        dvar2: 2.04492664579e-007
        max: 0.0100120566785
        mean: 0.000129534295411
        median: 1.72760119312e-005
        min: 7.49618778415e-021
        var: 1.94789521402e-007
    spectral_energyband_low:
        dmean: 5.91510652157e-005
        dmean2: 9.9823497294e-005
        dvar: 5.06486195206e-008
        dvar2: 1.3839766666e-007
        max: 0.00829725060612
        mean: 8.63381937961e-005
        median: 6.2676908783e-006
        min: 1.42826375002e-023
        var: 6.24397387128e-008
    spectral_energyband_middle_high:
        dmean: 0.000413568137446
        dmean2: 0.000587889575399
        dvar: 9.06076877527e-007
        dvar2: 1.68745521023e-006
        max: 0.0285474993289
        mean: 0.000764122756664
        median: 0.000144151810673
        min: 1.54395048576e-021
        var: 2.59881812781e-006
    spectral_energyband_middle_low:
        dmean: 0.000772046274506
        dmean2: 0.00109971954953
        dvar: 2.41606016971e-006
        dvar2: 4.67261952508e-006
        max: 0.0380118042231
        mean: 0.00146615295671
        median: 0.000514050596394
        min: 2.40099118752e-022
        var: 6.37287303107e-006
    spectral_flatness_db:
        dmean: 0.0351914763451
        dmean2: 0.0523482635617
        dvar: 0.00133080803789
        dvar2: 0.00258472585119
        max: 0.6505458951
        mean: 0.2301966995
        median: 0.226434618235
        min: 0.0499035790563
        var: 0.00578918168321
    spectral_flux:
        dmean: 0.0114272935316
        dmean2: 0.0190011654049
        dvar: 0.000185804849025
        dvar2: 0.000475917768199
        max: 0.1858099401
        mean: 0.0267106890678
        median: 0.0216909945011
        min: 1.04651960708e-010
        var: 0.000465558405267
    spectral_kurtosis:
        dmean: 3.38392043114
        dmean2: 5.51365852356
        dvar: 23.356098175
        dvar2: 61.7308120728
        max: 139.966186523
        mean: 6.24241733551
        median: 3.74370479584
        min: -1.26163482666
        var: 84.4955596924
    spectral_rms:
        dmean: 0.000344440399203
        dmean2: 0.000462337455247
        dvar: 1.84715517548e-007
        dvar2: 2.9457578421e-007
        max: 0.00640002824366
        mean: 0.00119478569832
        median: 0.00100445211865
        min: 3.22250321046e-012
        var: 8.88864974513e-007
    spectral_rolloff:
        dmean: 777.8203125
        dmean2: 1301.37133789
        dvar: 1321510.25
        dvar2: 2563293
        max: 19229.1503906
        mean: 2361.44213867
        median: 2239.453125
        min: 129.19921875
        var: 3018180.5
    spectral_skewness:
        dmean: 0.461407661438
        dmean2: 0.70826125145
        dvar: 0.220534577966
        dvar2: 0.496195524931
        max: 10.0058851242
        mean: 1.56282031536
        median: 1.40001261234
        min: -1.05181527138
        var: 1.00210666656
    spectral_spread:
        dmean: 808829.625
        dmean2: 1194646.75
        dvar: 1.13972320666e+012
        dvar2: 1.98809786778e+012
        max: 40343124
        mean: 4139675
        median: 3761306.25
        min: 678722.1875
        var: 3.8515310592e+012
    spectral_strongpeak:
        dmean: 0.326085537672
        dmean2: 0.514881968498
        dvar: 0.4149094522
        dvar2: 0.916201889515
        max: 14.9652013779
        mean: 0.543325662613
        median: 0.235946491361
        min: 1.64571731243e-010
        var: 0.885523378849
    zerocrossingrate:
        dmean: 0.0166049525142
        dmean2: 0.0179689060897
        dvar: 0.000379462522687
        dvar2: 0.000387474166928
        max: 0.50244140625
        mean: 0.077573440969
        median: 0.06689453125
        min: 0.00634765625
        var: 0.00228907633573
    barkbands:
        dmean: [4.95774905573e-008, 8.11328300188e-006, 2.82415003312e-005, 7.27781662135e-005, 0.000174992237589, 0.000160896568559, 0.00019426124345, 0.000149994113599, 0.000226831980399, 0.000130300031742, 5.40348301001e-005, 3.28434580297e-005, 2.59506850853e-005, 2.78926545434e-005, 3.97222429456e-005, 3.37406600011e-005, 4.49858562206e-005, 6.43479725113e-005, 0.000107560423203, 7.24511992303e-005, 4.25278885814e-005, 1.31477681862e-005, 3.10928953695e-006, 1.05969445485e-006, 7.38026074032e-007, 1.80625594481e-008, 9.7104990715e-011]
        dmean2: [7.88375871252e-008, 1.40077818287e-005, 4.84389966005e-005, 0.000120769975183, 0.000271849741694, 0.000231894649914, 0.00028768973425, 0.000228565651923, 0.000334097218001, 0.000195867265575, 8.00300986157e-005, 4.99095549458e-005, 3.99023774662e-005, 4.37020353274e-005, 6.04609049333e-005, 5.34123028046e-005, 7.22601471352e-005, 0.000104011691292, 0.000164785335073, 0.00010987558926, 6.32812007098e-005, 2.04758089239e-005, 4.74429680253e-006, 1.6842830064e-006, 1.18066736832e-006, 2.63892037111e-008, 1.81061776683e-010]
        dvar: [1.15677785276e-013, 1.19237020257e-009, 1.08399156318e-008, 1.2498463775e-007, 2.38996278767e-007, 2.46839789497e-007, 5.19414697919e-007, 4.06572240763e-007, 5.57708290216e-007, 2.76461065596e-007, 5.75012286674e-008, 2.48842066952e-008, 1.55905350852e-008, 2.17368523181e-008, 5.16186489108e-008, 1.30877948479e-008, 2.34198527238e-008, 4.72042991362e-008, 2.07019070331e-007, 5.12948723497e-008, 2.74169860148e-008, 1.01371622208e-008, 4.87156259776e-010, 7.44933975616e-011, 5.86905454791e-011, 2.74937001334e-014, 4.93639740704e-020]
        dvar2: [2.57725562896e-013, 3.27692672997e-009, 2.93276851693e-008, 3.42678276866e-007, 6.07733397828e-007, 4.25673960081e-007, 1.06829463675e-006, 8.45090539769e-007, 1.10993983071e-006, 5.76695640575e-007, 1.13147770264e-007, 5.08285467049e-008, 3.45131887514e-008, 4.4344460548e-008, 9.26310192995e-008, 2.87891541717e-008, 5.46433973625e-008, 1.09355511313e-007, 4.04848123026e-007, 1.00338880316e-007, 5.18306677577e-008, 2.38985329304e-008, 1.10284459343e-009, 1.81031301061e-010, 1.40681924443e-010, 5.52149438096e-014, 1.61348803384e-019]
        max: [2.18624390982e-005, 0.00151427579112, 0.00469790585339, 0.0131551353261, 0.014140682295, 0.021425537765, 0.0309272632003, 0.0344601385295, 0.0190518051386, 0.0204662270844, 0.00953483954072, 0.00697204377502, 0.0055563529022, 0.0126541657373, 0.00834374502301, 0.00304035190493, 0.00577117828652, 0.0123013732955, 0.0161389224231, 0.011288665235, 0.00627897586673, 0.00745823420584, 0.000975447124802, 0.00027476309333, 0.000259239954175, 8.91822946869e-006, 3.6264238279e-009]
        mean: [5.39209281669e-008, 1.22685005408e-005, 3.50582486135e-005, 9.02277388377e-005, 0.000281524844468, 0.000272574310657, 0.000279541651253, 0.000180763483513, 0.000297342048725, 0.000166070371051, 6.91561508575e-005, 4.51645137218e-005, 3.35116601491e-005, 3.76392890757e-005, 5.83672990615e-005, 4.3078474846e-005, 6.78311262163e-005, 8.1651378423e-005, 0.000142456381582, 9.71973204287e-005, 6.27448316664e-005, 1.47854398165e-005, 3.33926277563e-006, 1.17132879041e-006, 7.5750722317e-007, 2.04996055686e-008, 7.35890723358e-011]
        median: [1.03381170291e-009, 2.15899120803e-007, 1.50660252984e-006, 7.21364949641e-006, 4.73291765957e-005, 4.25845682912e-005, 2.57404008153e-005, 1.37053793878e-005, 1.24313737615e-005, 5.98303995503e-006, 2.60971455646e-006, 2.13565840568e-006, 1.473530574e-006, 1.46444733673e-006, 2.04353364097e-006, 3.13617351821e-006, 3.50571417584e-006, 6.01042529524e-006, 1.26234917843e-005, 1.15238144645e-005, 5.37533014722e-006, 8.52783728078e-007, 1.37211955575e-007, 3.7082646287e-008, 1.29456134701e-008, 3.78145820212e-010, 1.12856616413e-011]
        min: [4.27456853965e-025, 1.37251364823e-024, 9.27490587539e-024, 6.8318162737e-024, 3.6168928561e-023, 4.50571127326e-023, 1.06849955323e-023, 1.83017370842e-023, 7.09808017949e-023, 1.05641803803e-022, 7.70814165847e-023, 5.20500522684e-023, 1.46350396526e-022, 7.33360943333e-023, 6.24776574758e-023, 9.99687894891e-023, 1.31985277307e-022, 2.30208973946e-022, 2.59252484826e-022, 1.89310941009e-022, 3.74617523089e-022, 5.24134533507e-022, 8.01783683782e-022, 7.65303120454e-022, 1.13796454618e-021, 1.30785080345e-021, 2.41972079014e-021]
        var: [1.3820213962e-013, 1.74365544225e-009, 1.18954872619e-008, 1.16926159421e-007, 4.5899562906e-007, 7.59331669542e-007, 1.25960377773e-006, 5.38117490123e-007, 9.80905610959e-007, 4.39979118028e-007, 1.01599425761e-007, 4.4465551241e-008, 2.39417978776e-008, 4.05804598813e-008, 1.35176037475e-007, 2.16255440222e-008, 6.46007691785e-008, 7.44424184518e-008, 3.56622734898e-007, 1.10356062066e-007, 7.33877740799e-008, 1.08869544491e-008, 5.36230670978e-010, 7.66171362465e-011, 5.67827208864e-011, 3.74707758582e-014, 3.63340958145e-020]
    frequency_bands:
        dmean: [4.95774905573e-008, 8.11328300188e-006, 2.82415003312e-005, 7.27781662135e-005, 0.000174992237589, 0.000160896568559, 0.00019426124345, 0.000149994113599, 0.000226831980399, 0.000130300031742, 5.40348301001e-005, 3.28434580297e-005, 2.59506850853e-005, 2.78926545434e-005, 3.97222429456e-005, 3.37406600011e-005, 4.49858562206e-005, 6.43479725113e-005, 0.000107560423203, 7.24511992303e-005, 4.25278885814e-005, 1.31477681862e-005, 3.10928953695e-006, 1.05969445485e-006, 7.38026074032e-007, 1.80625594481e-008, 9.7104990715e-011, 2.76769839685e-011]
        dmean2: [7.88375871252e-008, 1.40077818287e-005, 4.84389966005e-005, 0.000120769975183, 0.000271849741694, 0.000231894649914, 0.00028768973425, 0.000228565651923, 0.000334097218001, 0.000195867265575, 8.00300986157e-005, 4.99095549458e-005, 3.99023774662e-005, 4.37020353274e-005, 6.04609049333e-005, 5.34123028046e-005, 7.22601471352e-005, 0.000104011691292, 0.000164785335073, 0.00010987558926, 6.32812007098e-005, 2.04758089239e-005, 4.74429680253e-006, 1.6842830064e-006, 1.18066736832e-006, 2.63892037111e-008, 1.81061776683e-010, 5.16052200972e-011]
        dvar: [1.15677785276e-013, 1.19237020257e-009, 1.08399156318e-008, 1.2498463775e-007, 2.38996278767e-007, 2.46839789497e-007, 5.19414697919e-007, 4.06572240763e-007, 5.57708290216e-007, 2.76461065596e-007, 5.75012286674e-008, 2.48842066952e-008, 1.55905350852e-008, 2.17368523181e-008, 5.16186489108e-008, 1.30877948479e-008, 2.34198527238e-008, 4.72042991362e-008, 2.07019070331e-007, 5.12948723497e-008, 2.74169860148e-008, 1.01371622208e-008, 4.87156259776e-010, 7.44933975616e-011, 5.86905454791e-011, 2.74937001334e-014, 4.93639740704e-020, 4.0048292669e-021]
        dvar2: [2.57725562896e-013, 3.27692672997e-009, 2.93276851693e-008, 3.42678276866e-007, 6.07733397828e-007, 4.25673960081e-007, 1.06829463675e-006, 8.45090539769e-007, 1.10993983071e-006, 5.76695640575e-007, 1.13147770264e-007, 5.08285467049e-008, 3.45131887514e-008, 4.4344460548e-008, 9.26310192995e-008, 2.87891541717e-008, 5.46433973625e-008, 1.09355511313e-007, 4.04848123026e-007, 1.00338880316e-007, 5.18306677577e-008, 2.38985329304e-008, 1.10284459343e-009, 1.81031301061e-010, 1.40681924443e-010, 5.52149438096e-014, 1.61348803384e-019, 1.30869214064e-020]
        max: [2.18624390982e-005, 0.00151427579112, 0.00469790585339, 0.0131551353261, 0.014140682295, 0.021425537765, 0.0309272632003, 0.0344601385295, 0.0190518051386, 0.0204662270844, 0.00953483954072, 0.00697204377502, 0.0055563529022, 0.0126541657373, 0.00834374502301, 0.00304035190493, 0.00577117828652, 0.0123013732955, 0.0161389224231, 0.011288665235, 0.00627897586673, 0.00745823420584, 0.000975447124802, 0.00027476309333, 0.000259239954175, 8.91822946869e-006, 3.6264238279e-009, 1.03058017675e-009]
        mean: [5.39209281669e-008, 1.22685005408e-005, 3.50582486135e-005, 9.02277388377e-005, 0.000281524844468, 0.000272574310657, 0.000279541651253, 0.000180763483513, 0.000297342048725, 0.000166070371051, 6.91561508575e-005, 4.51645137218e-005, 3.35116601491e-005, 3.76392890757e-005, 5.83672990615e-005, 4.3078474846e-005, 6.78311262163e-005, 8.1651378423e-005, 0.000142456381582, 9.71973204287e-005, 6.27448316664e-005, 1.47854398165e-005, 3.33926277563e-006, 1.17132879041e-006, 7.5750722317e-007, 2.04996055686e-008, 7.35890723358e-011, 2.09471485296e-011]
        median: [1.03381170291e-009, 2.15899120803e-007, 1.50660252984e-006, 7.21364949641e-006, 4.73291765957e-005, 4.25845682912e-005, 2.57404008153e-005, 1.37053793878e-005, 1.24313737615e-005, 5.98303995503e-006, 2.60971455646e-006, 2.13565840568e-006, 1.473530574e-006, 1.46444733673e-006, 2.04353364097e-006, 3.13617351821e-006, 3.50571417584e-006, 6.01042529524e-006, 1.26234917843e-005, 1.15238144645e-005, 5.37533014722e-006, 8.52783728078e-007, 1.37211955575e-007, 3.7082646287e-008, 1.29456134701e-008, 3.78145820212e-010, 1.12856616413e-011, 3.17754785158e-012]
        min: [4.27456853965e-025, 1.37251364823e-024, 9.27490587539e-024, 6.8318162737e-024, 3.6168928561e-023, 4.50571127326e-023, 1.06849955323e-023, 1.83017370842e-023, 7.09808017949e-023, 1.05641803803e-022, 7.70814165847e-023, 5.20500522684e-023, 1.46350396526e-022, 7.33360943333e-023, 6.24776574758e-023, 9.99687894891e-023, 1.31985277307e-022, 2.30208973946e-022, 2.59252484826e-022, 1.89310941009e-022, 3.74617523089e-022, 5.24134533507e-022, 8.01783683782e-022, 7.65303120454e-022, 1.13796454618e-021, 1.30785080345e-021, 2.41972079014e-021, 8.63380265669e-022]
        var: [1.3820213962e-013, 1.74365544225e-009, 1.18954872619e-008, 1.16926159421e-007, 4.5899562906e-007, 7.59331669542e-007, 1.25960377773e-006, 5.38117490123e-007, 9.80905610959e-007, 4.39979118028e-007, 1.01599425761e-007, 4.4465551241e-008, 2.39417978776e-008, 4.05804598813e-008, 1.35176037475e-007, 2.16255440222e-008, 6.46007691785e-008, 7.44424184518e-008, 3.56622734898e-007, 1.10356062066e-007, 7.33877740799e-008, 1.08869544491e-008, 5.36230670978e-010, 7.66171362465e-011, 5.67827208864e-011, 3.74707758582e-014, 3.63340958145e-020, 2.94863614889e-021]
    mfcc:
        mean: [-855.96496582, 110.031044006, -31.0597305298, 40.2895355225, -29.5597267151, -25.8540287018, -8.66030311584, -16.4129180908, -7.53543329239, -7.458984375, -10.1576395035, -8.93633460999, -6.96845531464]
        cov: [[9141.14648438, 1951.52758789, -2138.37451172, 739.59942627, -703.395874023, -207.421722412, -57.4065246582, -27.7608337402, 80.1729507446, 76.4116287231, -123.41381073, -222.524597168, -199.561630249], [1951.52758789, 2328.39111328, -535.594665527, -162.324417114, -142.801208496, -378.773895264, 141.928939819, -178.259811401, -86.9324035645, 18.3177127838, -108.514831543, -127.46698761, -161.264373779], [-2138.37451172, -535.594665527, 1613.34887695, 182.451187134, 129.104003906, 269.274414063, -66.5055770874, -44.0644378662, -55.3631515503, -63.6103172302, 56.4349212646, 87.4531326294, 73.986366272], [739.59942627, -162.324417114, 182.451187134, 1005.97967529, 60.5673904419, -84.9698104858, -59.9111442566, -91.0629119873, 51.6256408691, -26.5983695984, -18.2995643616, 58.6752548218, 55.7383918762], [-703.395874023, -142.801208496, 129.104003906, 60.5673904419, 585.418457031, 119.850471497, -20.1376533508, 159.968429565, 11.3770427704, 22.7312068939, 52.5601043701, 24.6520690918, 61.2725524902], [-207.421722412, -378.773895264, 269.274414063, -84.9698104858, 119.850471497, 592.548339844, 84.0769119263, 83.3755645752, 93.7705764771, 2.97821187973, 92.0042648315, 24.190826416, 9.63704013824], [-57.4065246582, 141.928939819, -66.5055770874, -59.9111442566, -20.1376533508, 84.0769119263, 304.257476807, 42.1573944092, 3.37771821022, 33.4653625488, 6.10934972763, 9.96644973755, -35.9357528687], [-27.7608337402, -178.259811401, -44.0644378662, -91.0629119873, 159.968429565, 83.3755645752, 42.1573944092, 297.873413086, 47.1150016785, 4.17791128159, 53.7228164673, 1.56871140003, 32.2278289795], [80.1729507446, -86.9324035645, -55.3631515503, 51.6256408691, 11.3770427704, 93.7705764771, 3.37771821022, 47.1150016785, 229.709259033, 45.7206573486, 1.68448901176, 29.8231830597, -3.4891397953], [76.4116287231, 18.3177127838, -63.6103172302, -26.5983695984, 22.7312068939, 2.97821187973, 33.4653625488, 4.17791128159, 45.7206573486, 184.227676392, 39.6082077026, -27.3074016571, 12.1333913803], [-123.41381073, -108.514831543, 56.4349212646, -18.2995643616, 52.5601043701, 92.0042648315, 6.10934972763, 53.7228164673, 1.68448901176, 39.6082077026, 163.199584961, 34.3860244751, 5.19455575943], [-222.524597168, -127.46698761, 87.4531326294, 58.6752548218, 24.6520690918, 24.190826416, 9.96644973755, 1.56871140003, 29.8231830597, -27.3074016571, 34.3860244751, 158.773223877, 44.3252868652], [-199.561630249, -161.264373779, 73.986366272, 55.7383918762, 61.2725524902, 9.63704013824, -35.9357528687, 32.2278289795, -3.4891397953, 12.1333913803, 5.19455575943, 44.3252868652, 137.113067627]]
        icov: [[0.000409746455261, -0.000379141245503, 0.000537996762432, -0.000619024795014, 0.000654992007185, -0.000674524460919, 0.000651012640446, -0.000704634352587, 0.000464590528281, -0.000425971957156, 0.000297148246318, -0.000134845191496, 0.000284586829366], [-0.000379141245503, 0.000954550283495, -0.000393920607166, 0.000671011628583, -0.000740317336749, 0.000990494154394, -0.000985641148873, 0.00104822963476, -0.000469531543786, 0.000487245124532, -0.000274845428066, 0.000427490391303, 8.43041416374e-005], [0.000537996762432, -0.000393920607166, 0.00149755261373, -0.000930072390474, 0.000753891130444, -0.00127311574761, 0.00100026943255, -0.000679378805216, 0.000986159779131, -0.00044433111907, 0.000364969630027, -0.000434482790297, 0.000255203922279], [-0.000619024795014, 0.000671011628583, -0.000930072390474, 0.00212878012098, -0.00126585748512, 0.00142525415868, -0.00112657644786, 0.00170280691236, -0.0013312434312, 0.00103716691956, -0.000636913930066, 0.000243593560299, -0.000885536370333], [0.000654992007185, -0.000740317336749, 0.000753891130444, -0.00126585748512, 0.0033240581397, -0.00156558863819, 0.00153205904644, -0.00251874886453, 0.00125034956727, -0.00125998666044, 0.00059698917903, -0.000586715235841, 0.000118902346003], [-0.000674524460919, 0.000990494154394, -0.00127311574761, 0.00142525415868, -0.00156558863819, 0.00390848796815, -0.00224216957577, 0.00162236683536, -0.00231695058756, 0.00167743803468, -0.00200568465516, 0.0011674973648, -0.000762087816838], [0.000651012640446, -0.000985641148873, 0.00100026943255, -0.00112657644786, 0.00153205904644, -0.00224216957577, 0.00541738048196, -0.00244319159538, 0.00187018397264, -0.00228554522619, 0.0016027756501, -0.001866004779, 0.00196588807739], [-0.000704634352587, 0.00104822963476, -0.000679378805216, 0.00170280691236, -0.00251874886453, 0.00162236683536, -0.00244319159538, 0.00659349979833, -0.00246490724385, 0.00231589959003, -0.00244174548425, 0.00179400458001, -0.00205199746415], [0.000464590528281, -0.000469531543786, 0.000986159779131, -0.0013312434312, 0.00125034956727, -0.00231695058756, 0.00187018397264, -0.00246490724385, 0.00689119379967, -0.00314053264447, 0.00237326370552, -0.00262308772653, 0.0020179473795], [-0.000425971957156, 0.000487245124532, -0.00044433111907, 0.00103716691956, -0.00125998666044, 0.00167743803468, -0.00228554522619, 0.00231589959003, -0.00314053264447, 0.00822708569467, -0.00350295868702, 0.00321745080873, -0.00264233327471], [0.000297148246318, -0.000274845428066, 0.000364969630027, -0.000636913930066, 0.00059698917903, -0.00200568465516, 0.0016027756501, -0.00244174548425, 0.00237326370552, -0.00350295868702, 0.00909540057182, -0.00324141723104, 0.00211305101402], [-0.000134845191496, 0.000427490391303, -0.000434482790297, 0.000243593560299, -0.000586715235841, 0.0011674973648, -0.001866004779, 0.00179400458001, -0.00262308772653, 0.00321745080873, -0.00324141723104, 0.00935083348304, -0.00354021019302], [0.000284586829366, 8.43041416374e-005, 0.000255203922279, -0.000885536370333, 0.000118902346003, -0.000762087816838, 0.00196588807739, -0.00205199746415, 0.0020179473795, -0.00264233327471, 0.00211305101402, -0.00354021019302, 0.0103764459491]]
    sccoeffs:
        dmean: [0.0621411055326, 0.0634123533964, 0.050340294838, 0.0376943685114, 0.0364821888506, 0.0330391936004]
        dmean2: [0.0938065722585, 0.094078309834, 0.0729646161199, 0.0572147667408, 0.0550197996199, 0.0493489950895]
        dvar: [0.00309357489459, 0.00341908843257, 0.00232054153457, 0.00131603935733, 0.00143015990034, 0.00114931538701]
        dvar2: [0.00603193417192, 0.00612454675138, 0.00389121449552, 0.00263745943084, 0.00296525843441, 0.00235812598839]
        max: [-0.236200466752, -0.240619435906, -0.370109111071, -0.459813892841, -0.349679261446, -0.344031482935]
        mean: [-0.627005755901, -0.720042288303, -0.778573215008, -0.808952569962, -0.796446144581, -0.758674323559]
        median: [-0.632050216198, -0.740338921547, -0.804871678352, -0.825496673584, -0.810759782791, -0.765916645527]
        min: [-0.960433363914, -0.97331815958, -0.966663479805, -0.970254600048, -0.961111605167, -0.963481605053]
        var: [0.016252161935, 0.0156233068556, 0.0105127152056, 0.00521450536326, 0.00493455445394, 0.00495102396235]
    scvalleys:
        dmean: [0.518766701221, 0.504505693913, 0.415543049574, 0.376173377037, 0.381872832775, 0.371677458286]
        dmean2: [0.842554748058, 0.810468792915, 0.640655219555, 0.566965162754, 0.555703401566, 0.521645903587]
        dvar: [0.214895933867, 0.224506646395, 0.16442078352, 0.14138533175, 0.156071424484, 0.180391982198]
        dvar2: [0.488380163908, 0.50947958231, 0.324914574623, 0.274460017681, 0.286296874285, 0.305090814829]
        max: [-4.78665876389, -4.72586250305, -4.73494052887, -5.31174993515, -5.43446826935, -6.93187904358]
        mean: [-8.93747806549, -7.65804958344, -8.34129238129, -8.91778755188, -8.73159694672, -11.5045042038]
        median: [-9.13225650787, -7.58644533157, -8.31825637817, -8.87974357605, -8.65644931793, -11.6779184341]
        min: [-27.9689292908, -27.2574615479, -27.1624851227, -27.4197635651, -27.2766532898, -27.2130813599]
        var: [2.08704519272, 1.7129099369, 1.87454926968, 1.91218650341, 1.79069507122, 1.49213719368]

rhythm:
    beats_loudness:
        dmean: 0.0032738072332
        dmean2: 0.00574507191777
        dvar: 1.47085975186e-005
        dvar2: 3.99313648813e-005
        max: 0.0294502731413
        mean: 0.00343391555361
        median: 0.00211691390723
        min: 3.33589926516e-011
        var: 1.60833460541e-005
    bpm: 98.9580688477
    bpm_confidence: 0
    first_peak_bpm: 99
    first_peak_spread: 0.433734953403
    first_peak_weight: 0.110458284616
    onset_rate: 4.84194231033
    second_peak_bpm: 110
    second_peak_spread: 0.578947365284
    second_peak_weight: 0.0564042292535
    beats_loudness_band_ratio:
        dmean: [0.110306233168, 0.231258660555, 0.240040570498, 0.122162155807, 0.110781937838, 0.167645424604]
        dmean2: [0.198407739401, 0.409289062023, 0.416009902954, 0.225544735789, 0.196380153298, 0.30129262805]
        dvar: [0.0190813113004, 0.0418672040105, 0.0415124110878, 0.0290035381913, 0.0199571065605, 0.0421973615885]
        dvar2: [0.0532559528947, 0.118740774691, 0.110537268221, 0.0808659121394, 0.0542727261782, 0.108529850841]
        max: [0.875754714012, 0.982551932335, 0.981344163418, 0.85752004385, 0.989878773689, 0.991252243519]
        mean: [0.107973374426, 0.273958355188, 0.308085024357, 0.101760543883, 0.111315689981, 0.158410876989]
        median: [0.04702706635, 0.215565234423, 0.251477658749, 0.0304248034954, 0.0463617108762, 0.0678332969546]
        min: [0, 0, 0, 0, 0, 0]
        var: [0.0207980070263, 0.0568020455539, 0.0581636689603, 0.0259789992124, 0.0225443709642, 0.0430036522448]
