
metadata:
    version:
        essentia: "2.1-beta2"
    audio_properties:
        analysis_sample_rate: 44100
        bitrate: 128
        channels: 2
        equal_loudness: 1
        length: 616.045715332
        replay_gain: -13.6319332123
        downmix: "mix"
    tags:
        album: "Saison 1"
        artist: "La IIIème Légion"
        comment: "BO par Bertrand"
        date: "2007"
        genre: "Other;other"
        title: "Episode 18"
        tracknumber: ""

configuration:
    average_loudness:
        compute: 1
        frameSize: 88200
        hopSize: 44100
        silentFrames: "noise"
        windowType: "hann"
    general:
        analysisSampleRate: 44100
        endTime: 2000
        equalLoudness: 1
        nequalLoudness: 0
        shortSound: 0
        startTime: 0
    lowlevel:
        compute: 1
        frameSize: 2048
        hopSize: 1024
        zeroPadding: 0
        silentFrames: "noise"
        windowType: "blackmanharris62"
        mfccStats: ["mean", "cov", "icov"]
        stats: ["mean", "var", "median", "min", "max", "dmean", "dmean2", "dvar", "dvar2"]
    panning:
        compute: 0
        frameSize: 8192
        hopSize: 2048
        zeroPadding: 8192
        silentFrames: "noise"
        windowType: "hann"
        stats: ["copy"]
    rhythm:
        compute: 1
        maxTempo: 208
        minTempo: 40
        method: "degara"
        stats: ["mean", "var", "median", "min", "max", "dmean", "dmean2", "dvar", "dvar2"]
    segmentation:
        compute: 0
        cpw: 5
        inc1: 300
        inc2: 50
        minimumSegmentsLength: 10
        size1: 1000
        size2: 600
    sfx:
        compute: 1
        stats: ["mean", "var", "median", "min", "max", "dmean", "dmean2", "dvar", "dvar2"]
    svm:
        compute: 0
    tonal:
        compute: 1
        frameSize: 4096
        hopSize: 2048
        zeroPadding: 0
        silentFrames: "noise"
        windowType: "blackmanharris62"
        stats: ["mean", "var", "median", "min", "max", "dmean", "dmean2", "dvar", "dvar2"]

lowlevel:
    average_loudness: 0.611636757851
    barkbands_kurtosis:
        dmean: 3.85697412491
        dmean2: 6.25142192841
        dvar: 86.6675643921
        dvar2: 209.869812012
        max: 373.609710693
        mean: 3.46086025238
        median: 0.0737554728985
        min: -1.98421978951
        var: 127.964645386
    barkbands_skewness:
        dmean: 0.851799190044
        dmean2: 1.27774620056
        dvar: 0.994040429592
        dvar2: 2.06486964226
        max: 18.4115352631
        mean: 0.468206107616
        median: 0.420423060656
        min: -9.83623218536
        var: 3.41036391258
    barkbands_spread:
        dmean: 7.56234693527
        dmean2: 12.1189537048
        dvar: 75.7797393799
        dvar2: 185.588500977
        max: 80.6118392944
        mean: 22.7802276611
        median: 21.2646121979
        min: 0.188210174441
        var: 171.300735474
    dissonance:
        dmean: 0.0273215826601
        dmean2: 0.0431986600161
        dvar: 0.00110789167229
        dvar2: 0.00246461248025
        max: 0.500000238419
        mean: 0.446551948786
        median: 0.468202292919
        min: 0.0793044045568
        var: 0.0034637148492
    hfc:
        dmean: 2.50579881668
        dmean2: 3.61670041084
        dvar: 19.246717453
        dvar2: 38.0735206604
        max: 86.2531738281
        mean: 5.41860246658
        median: 3.07853531837
        min: 1.21649508691e-016
        var: 53.9913024902
    pitch:
        dmean: 779.643859863
        dmean2: 1478.07958984
        dvar: 1875923.375
        dvar2: 4254314.5
        max: 6749.03466797
        mean: 1370.9041748
        median: 328.590148926
        min: 43.0243911743
        var: 2882606.25
    pitch_instantaneous_confidence:
        dmean: 0.113096229732
        dmean2: 0.179024741054
        dvar: 0.0117339389399
        dvar2: 0.025389932096
        max: 0.985616087914
        mean: 0.554047107697
        median: 0.56190097332
        min: 0.089015007019
        var: 0.0489980094135
    pitch_salience:
        dmean: 0.0800842419267
        dmean2: 0.128744497895
        dvar: 0.00583895854652
        dvar2: 0.0136783737689
        max: 0.977574169636
        mean: 0.646352291107
        median: 0.678664922714
        min: 0.0399891547859
        var: 0.0188871510327
    silence_rate_20dB:
        dmean: 0
        dmean2: 0
        dvar: 0
        dvar2: 0
        max: 1
        mean: 1
        median: 1
        min: 1
        var: 0
    silence_rate_30dB:
        dmean: 0
        dmean2: 0
        dvar: 0
        dvar2: 0
        max: 1
        mean: 1
        median: 1
        min: 1
        var: 0
    silence_rate_60dB:
        dmean: 0.151370093226
        dmean2: 0.302751600742
        dvar: 0.128480568528
        dvar2: 0.245796620846
        max: 1
        mean: 0.551786541939
        median: 1
        min: 0
        var: 0.247311547399
    spectral_centroid:
        dmean: 467.284606934
        dmean2: 706.621459961
        dvar: 459956
        dvar2: 837974.375
        max: 10991.5029297
        mean: 1728.55993652
        median: 1470.2355957
        min: 192.343048096
        var: 1432771
    spectral_complexity:
        dmean: 2.47861003876
        dmean2: 3.72740292549
        dvar: 9.06428718567
        dvar2: 18.2626552582
        max: 44
        mean: 6.72584056854
        median: 6
        min: 0
        var: 37.0644798279
    spectral_crest:
        dmean: 3.02986836433
        dmean2: 4.92303371429
        dvar: 7.42598056793
        dvar2: 18.4728145599
        max: 26.8178119659
        mean: 10.2487716675
        median: 9.3288974762
        min: 2.34158968925
        var: 21.404706955
    spectral_decrease:
        dmean: 2.87514761999e-010
        dmean2: 4.10822043051e-010
        dvar: 1.48780582383e-019
        dvar2: 2.60565098279e-019
        max: 4.79178110918e-029
        mean: -7.46091022297e-010
        median: -5.94939653098e-010
        min: -5.1463340256e-009
        var: 5.14582545022e-019
    spectral_energy:
        dmean: 0.00127898948267
        dmean2: 0.00182617967948
        dvar: 2.98114719044e-006
        dvar2: 5.31988871444e-006
        max: 0.0271963123232
        mean: 0.00330741354264
        median: 0.00263092014939
        min: 1.08531225856e-020
        var: 1.02477251858e-005
    spectral_energyband_high:
        dmean: 0.000185665092431
        dmean2: 0.000284258101601
        dvar: 2.4214853056e-007
        dvar2: 5.19693116985e-007
        max: 0.0127808274701
        mean: 0.000275709142443
        median: 4.30363579653e-005
        min: 8.06355613618e-021
        var: 4.71333805763e-007
    spectral_energyband_low:
        dmean: 7.02150646248e-005
        dmean2: 0.000116166651424
        dvar: 3.73704196477e-008
        dvar2: 1.00138578318e-007
        max: 0.00344245415181
        mean: 0.000102640195109
        median: 1.41830942084e-005
        min: 6.8321463331e-023
        var: 5.89992090738e-008
    spectral_energyband_middle_high:
        dmean: 0.000636559387203
        dmean2: 0.000914830772672
        dvar: 1.25205247059e-006
        dvar2: 2.39645169131e-006
        max: 0.0248497761786
        mean: 0.0013340205187
        median: 0.000541810062714
        min: 1.40926544876e-021
        var: 3.89351953345e-006
    spectral_energyband_middle_low:
        dmean: 0.000792858190835
        dmean2: 0.00116190209519
        dvar: 1.40669988014e-006
        dvar2: 2.60296019405e-006
        max: 0.0160513501614
        mean: 0.00166499731131
        median: 0.000909436843358
        min: 3.30490360612e-022
        var: 4.14498617829e-006
    spectral_flatness_db:
        dmean: 0.0323325283825
        dmean2: 0.0488236993551
        dvar: 0.00101362774149
        dvar2: 0.00205730390735
        max: 0.525016844273
        mean: 0.225684389472
        median: 0.221216678619
        min: 0.055363047868
        var: 0.00486161466688
    spectral_flux:
        dmean: 0.0118630360812
        dmean2: 0.0187144242227
        dvar: 0.000163957563927
        dvar2: 0.000377992313588
        max: 0.150489658117
        mean: 0.0356924198568
        median: 0.0341750457883
        min: 1.04178318749e-010
        var: 0.000524882460013
    spectral_kurtosis:
        dmean: 3.09347844124
        dmean2: 5.13838386536
        dvar: 17.3344230652
        dvar2: 46.713432312
        max: 140.32170105
        mean: 5.94655561447
        median: 3.97834420204
        min: -1.45045530796
        var: 63.8693733215
    spectral_rms:
        dmean: 0.000365487212548
        dmean2: 0.000506505253725
        dvar: 1.85739523317e-007
        dvar2: 3.0185350397e-007
        max: 0.00515101803467
        mean: 0.00153180502821
        median: 0.00160210847389
        min: 3.25398410474e-012
        var: 8.80305890405e-007
    spectral_rolloff:
        dmean: 721.870422363
        dmean2: 1188.62084961
        dvar: 1197703.25
        dvar2: 2360146.5
        max: 18820.0195313
        mean: 2866.26904297
        median: 3036.18164063
        min: 193.798828125
        var: 3092171
    spectral_skewness:
        dmean: 0.407968699932
        dmean2: 0.646392285824
        dvar: 0.172397777438
        dvar2: 0.402983367443
        max: 9.89165592194
        mean: 1.44350159168
        median: 1.31407666206
        min: -0.931689560413
        var: 0.757457733154
    spectral_spread:
        dmean: 825528
        dmean2: 1225717.75
        dvar: 1.36948783514e+012
        dvar2: 2.53290007757e+012
        max: 41135052
        mean: 4128497.75
        median: 3622812.5
        min: 659753.1875
        var: 4.56269181747e+012
    spectral_strongpeak:
        dmean: 0.509957790375
        dmean2: 0.834838569164
        dvar: 0.786734759808
        dvar2: 1.92834126949
        max: 17.2376194
        mean: 0.794975697994
        median: 0.389210224152
        min: 1.43584055756e-009
        var: 1.35256791115
    zerocrossingrate:
        dmean: 0.0166942831129
        dmean2: 0.0182524435222
        dvar: 0.000424328551162
        dvar2: 0.000420501921326
        max: 0.501953125
        mean: 0.0906941592693
        median: 0.0830078125
        min: 0.0107421875
        var: 0.00274802418426
    barkbands:
        dmean: [5.03016224229e-008, 9.95651862468e-006, 4.23833516834e-005, 6.40143844066e-005, 0.000208761921385, 0.000255636434304, 0.000217465218157, 0.000211000355193, 0.000207365985261, 9.83591598924e-005, 4.97343316965e-005, 4.29161082138e-005, 3.59070036211e-005, 3.74187839043e-005, 5.49905125808e-005, 5.9762463934e-005, 7.4520947237e-005, 0.000154876412125, 0.000239258864895, 0.000200263835723, 6.61657686578e-005, 2.801321898e-005, 7.62476975069e-006, 2.53426742347e-006, 2.51256574302e-006, 1.05528343397e-007, 1.38733913246e-010]
        dmean2: [8.10485758507e-008, 1.70888870343e-005, 7.16785943951e-005, 0.00010630908946, 0.000326982350089, 0.000393476628233, 0.000334475684213, 0.000322484411299, 0.000319024286, 0.000150375446538, 7.77439490776e-005, 6.79012591718e-005, 5.84783301747e-005, 5.96649442741e-005, 8.69626965141e-005, 9.45321953623e-005, 0.000116147042718, 0.000235230327235, 0.000363520986866, 0.000300276296912, 0.000104851809738, 4.40260773757e-005, 1.17105837489e-005, 3.8069031234e-006, 3.80515689358e-006, 1.61760581818e-007, 2.58554511134e-010]
        dvar: [6.18604898751e-014, 9.38166100362e-010, 1.67056768419e-008, 3.06459320143e-008, 1.94312676172e-007, 3.70229571445e-007, 3.39632634905e-007, 3.52162828676e-007, 2.82007476926e-007, 9.04135006863e-008, 3.13259924667e-008, 2.18167919286e-008, 1.37380729015e-008, 1.45802268037e-008, 3.28211378076e-008, 3.24396083329e-008, 4.9999904661e-008, 1.81521642162e-007, 4.59116023421e-007, 2.91471280889e-007, 4.63059492972e-008, 1.53528265656e-008, 9.97404048242e-010, 1.33688310422e-010, 1.54714269174e-010, 3.32535160432e-013, 5.8373321572e-020]
        dvar2: [1.50883266384e-013, 2.63091970432e-009, 4.65334117905e-008, 8.13316560766e-008, 4.42199478812e-007, 7.78688900027e-007, 6.93502499871e-007, 7.07552203494e-007, 6.08170978467e-007, 1.9237334925e-007, 7.20920141362e-008, 5.1511786836e-008, 3.34311387462e-008, 3.2025013752e-008, 7.22706658962e-008, 7.23060580299e-008, 1.12568955046e-007, 3.96769934241e-007, 9.82841129371e-007, 5.95176231855e-007, 1.0845638343e-007, 3.4313906383e-008, 2.08636263821e-009, 2.6235372208e-010, 3.03104041866e-010, 7.13857358642e-013, 1.87360208604e-019]
        max: [1.13194364531e-005, 0.000731598411221, 0.00239026662894, 0.00423036282882, 0.00956140644848, 0.015670593828, 0.014779788442, 0.0121256867424, 0.0119068734348, 0.00804876629263, 0.00624095788226, 0.00561018334702, 0.00358754675835, 0.00935001857579, 0.0050964015536, 0.004448720254, 0.00914706848562, 0.0130818979815, 0.0233236979693, 0.0165437944233, 0.00723392143846, 0.0046140444465, 0.000867393682711, 0.000365469633834, 0.000347102992237, 2.88049050141e-005, 3.76909037314e-009]
        mean: [5.80891992286e-008, 1.37761826409e-005, 5.30812430952e-005, 7.82839633757e-005, 0.000320202612784, 0.000384543207474, 0.000294231431326, 0.000265176640823, 0.000274146586889, 0.000129489184474, 6.41045407974e-005, 5.8719451772e-005, 4.70189588668e-005, 5.02002985741e-005, 7.39939860068e-005, 8.29031559988e-005, 0.000118919051602, 0.000228205972235, 0.000336999219144, 0.000299805396935, 8.46956390887e-005, 3.30377588398e-005, 9.38062657951e-006, 3.20961612488e-006, 3.07962136503e-006, 1.17842660075e-007, 1.05816258533e-010]
        median: [2.27154473009e-009, 4.07630636801e-007, 4.50316474598e-006, 1.10878318083e-005, 8.15396051621e-005, 7.98190303613e-005, 4.58469512523e-005, 3.1526426028e-005, 3.12360753014e-005, 1.40998072311e-005, 7.56258123147e-006, 6.78126980347e-006, 5.78523668082e-006, 5.78953631702e-006, 7.67474375607e-006, 1.06129791675e-005, 1.6375870473e-005, 3.54093281203e-005, 5.62129644095e-005, 3.76964235329e-005, 1.11822082545e-005, 2.13411726691e-006, 4.78230845147e-007, 9.90429498415e-008, 5.09156059536e-008, 1.67244929017e-009, 2.44012622608e-011]
        min: [8.38575235012e-024, 6.01877835945e-024, 3.56387193694e-023, 2.7863431764e-023, 6.78746714469e-023, 1.09785595475e-022, 3.64818791485e-023, 2.83771790062e-023, 4.50840128894e-023, 4.87375243532e-023, 5.38097800669e-023, 7.94710277279e-023, 1.1045815935e-022, 1.82409884836e-022, 1.12486289183e-022, 1.18651988153e-022, 1.93322065209e-022, 1.51740626294e-022, 2.58279169308e-022, 2.67741637908e-022, 3.65932404336e-022, 5.32017235568e-022, 7.43055172956e-022, 9.21638640639e-022, 1.34208045e-021, 1.83619030637e-021, 2.29961259e-021]
        var: [7.38981697558e-014, 1.66739488883e-009, 2.13099653479e-008, 3.86363829818e-008, 3.98313915184e-007, 8.12997484445e-007, 6.98390408616e-007, 6.5501598101e-007, 5.18868887411e-007, 1.59601540872e-007, 5.42963434214e-008, 4.63001086359e-008, 2.30824799274e-008, 4.56317614805e-008, 5.96434830413e-008, 5.55672698965e-008, 1.12458515389e-007, 3.62849561952e-007, 8.41678740926e-007, 6.27278836873e-007, 6.93174158073e-008, 2.09601047629e-008, 1.63728186564e-009, 2.46965309314e-010, 2.88912643809e-010, 4.997441805e-013, 4.50754497223e-020]
    frequency_bands:
        dmean: [5.03016224229e-008, 9.95651862468e-006, 4.23833516834e-005, 6.40143844066e-005, 0.000208761921385, 0.000255636434304, 0.000217465218157, 0.000211000355193, 0.000207365985261, 9.83591598924e-005, 4.97343316965e-005, 4.29161082138e-005, 3.59070036211e-005, 3.74187839043e-005, 5.49905125808e-005, 5.9762463934e-005, 7.4520947237e-005, 0.000154876412125, 0.000239258864895, 0.000200263835723, 6.61657686578e-005, 2.801321898e-005, 7.62476975069e-006, 2.53426742347e-006, 2.51256574302e-006, 1.05528343397e-007, 1.38733913246e-010, 3.94520874303e-011]
        dmean2: [8.10485758507e-008, 1.70888870343e-005, 7.16785943951e-005, 0.00010630908946, 0.000326982350089, 0.000393476628233, 0.000334475684213, 0.000322484411299, 0.000319024286, 0.000150375446538, 7.77439490776e-005, 6.79012591718e-005, 5.84783301747e-005, 5.96649442741e-005, 8.69626965141e-005, 9.45321953623e-005, 0.000116147042718, 0.000235230327235, 0.000363520986866, 0.000300276296912, 0.000104851809738, 4.40260773757e-005, 1.17105837489e-005, 3.8069031234e-006, 3.80515689358e-006, 1.61760581818e-007, 2.58554511134e-010, 7.35221050707e-011]
        dvar: [6.18604898751e-014, 9.38166100362e-010, 1.67056768419e-008, 3.06459320143e-008, 1.94312676172e-007, 3.70229571445e-007, 3.39632634905e-007, 3.52162828676e-007, 2.82007476926e-007, 9.04135006863e-008, 3.13259924667e-008, 2.18167919286e-008, 1.37380729015e-008, 1.45802268037e-008, 3.28211378076e-008, 3.24396083329e-008, 4.9999904661e-008, 1.81521642162e-007, 4.59116023421e-007, 2.91471280889e-007, 4.63059492972e-008, 1.53528265656e-008, 9.97404048242e-010, 1.33688310422e-010, 1.54714269174e-010, 3.32535160432e-013, 5.8373321572e-020, 4.71542951577e-021]
        dvar2: [1.50883266384e-013, 2.63091970432e-009, 4.65334117905e-008, 8.13316560766e-008, 4.42199478812e-007, 7.78688900027e-007, 6.93502499871e-007, 7.07552203494e-007, 6.08170978467e-007, 1.9237334925e-007, 7.20920141362e-008, 5.1511786836e-008, 3.34311387462e-008, 3.2025013752e-008, 7.22706658962e-008, 7.23060580299e-008, 1.12568955046e-007, 3.96769934241e-007, 9.82841129371e-007, 5.95176231855e-007, 1.0845638343e-007, 3.4313906383e-008, 2.08636263821e-009, 2.6235372208e-010, 3.03104041866e-010, 7.13857358642e-013, 1.87360208604e-019, 1.51344745347e-020]
        max: [1.13194364531e-005, 0.000731598411221, 0.00239026662894, 0.00423036282882, 0.00956140644848, 0.015670593828, 0.014779788442, 0.0121256867424, 0.0119068734348, 0.00804876629263, 0.00624095788226, 0.00561018334702, 0.00358754675835, 0.00935001857579, 0.0050964015536, 0.004448720254, 0.00914706848562, 0.0130818979815, 0.0233236979693, 0.0165437944233, 0.00723392143846, 0.0046140444465, 0.000867393682711, 0.000365469633834, 0.000347102992237, 2.88049050141e-005, 3.76909037314e-009, 1.07252184911e-009]
        mean: [5.80891992286e-008, 1.37761826409e-005, 5.30812430952e-005, 7.82839633757e-005, 0.000320202612784, 0.000384543207474, 0.000294231431326, 0.000265176640823, 0.000274146586889, 0.000129489184474, 6.41045407974e-005, 5.8719451772e-005, 4.70189588668e-005, 5.02002985741e-005, 7.39939860068e-005, 8.29031559988e-005, 0.000118919051602, 0.000228205972235, 0.000336999219144, 0.000299805396935, 8.46956390887e-005, 3.30377588398e-005, 9.38062657951e-006, 3.20961612488e-006, 3.07962136503e-006, 1.17842660075e-007, 1.05816258533e-010, 3.00116285989e-011]
        median: [2.27154473009e-009, 4.07630636801e-007, 4.50316474598e-006, 1.10878318083e-005, 8.15396051621e-005, 7.98190303613e-005, 4.58469512523e-005, 3.1526426028e-005, 3.12360753014e-005, 1.40998072311e-005, 7.56258123147e-006, 6.78126980347e-006, 5.78523668082e-006, 5.78953631702e-006, 7.67474375607e-006, 1.06129791675e-005, 1.6375870473e-005, 3.54093281203e-005, 5.62129644095e-005, 3.76964235329e-005, 1.11822082545e-005, 2.13411726691e-006, 4.78230845147e-007, 9.90429498415e-008, 5.09156059536e-008, 1.67244929017e-009, 2.44012622608e-011, 6.87756275541e-012]
        min: [8.38575235012e-024, 6.01877835945e-024, 3.56387193694e-023, 2.7863431764e-023, 6.78746714469e-023, 1.09785595475e-022, 3.64818791485e-023, 2.83771790062e-023, 4.50840128894e-023, 4.87375243532e-023, 5.38097800669e-023, 7.94710277279e-023, 1.1045815935e-022, 1.82409884836e-022, 1.12486289183e-022, 1.18651988153e-022, 1.93322065209e-022, 1.51740626294e-022, 2.58279169308e-022, 2.67741637908e-022, 3.65932404336e-022, 5.32017235568e-022, 7.43055172956e-022, 9.21638640639e-022, 1.34208045e-021, 1.83619030637e-021, 2.29961259e-021, 8.69973880659e-022]
        var: [7.38981697558e-014, 1.66739488883e-009, 2.13099653479e-008, 3.86363829818e-008, 3.98313915184e-007, 8.12997484445e-007, 6.98390408616e-007, 6.5501598101e-007, 5.18868887411e-007, 1.59601540872e-007, 5.42963434214e-008, 4.63001086359e-008, 2.30824799274e-008, 4.56317614805e-008, 5.96434830413e-008, 5.55672698965e-008, 1.12458515389e-007, 3.62849561952e-007, 8.41678740926e-007, 6.27278836873e-007, 6.93174158073e-008, 2.09601047629e-008, 1.63728186564e-009, 2.46965309314e-010, 2.88912643809e-010, 4.997441805e-013, 4.50754497223e-020, 3.63812693432e-021]
    mfcc:
        mean: [-817.551330566, 104.260276794, -43.4460945129, 42.6183662415, -28.9969615936, -28.2286338806, -9.15226650238, -15.2066116333, -13.1543302536, -7.61035490036, -8.28840827942, -10.6310176849, -6.23324775696]
        cov: [[9211.625, 1775.51147461, -1762.12585449, 1036.86206055, -372.413482666, -191.47883606, -156.920333862, 78.6966934204, 36.8063354492, 119.635604858, 77.1620330811, -130.352081299, -8.79403018951], [1775.51147461, 2957.51513672, -867.410217285, -38.2303237915, 145.384536743, -294.430145264, 218.234313965, 55.3589859009, -37.2737960815, 41.4534873962, 14.0548744202, -4.65069246292, -63.2079277039], [-1762.12585449, -867.410217285, 1771.99536133, 62.5925369263, 18.5587348938, 343.393554688, 3.86048221588, -100.698158264, -15.67258358, -83.9760284424, -28.9499130249, 78.4633560181, 82.5885925293], [1036.86206055, -38.2303237915, 62.5925369263, 990.163024902, 127.047790527, -87.0242080688, -50.1101570129, -148.679473877, 46.0443878174, 33.4077301025, -75.4114532471, 25.5740966797, 93.8963012695], [-372.413482666, 145.384536743, 18.5587348938, 127.047790527, 658.276367188, 117.981193542, -100.52936554, 112.102935791, 108.159210205, -7.18584346771, 30.9986209869, 22.7902030945, 13.637925148], [-191.47883606, -294.430145264, 343.393554688, -87.0242080688, 117.981193542, 600.067871094, 118.300575256, 66.5514678955, 177.245223999, -28.6166534424, 80.4595870972, 93.7206497192, 13.8267230988], [-156.920333862, 218.234313965, 3.86048221588, -50.1101570129, -100.52936554, 118.300575256, 374.726898193, 3.56975483894, 45.9118347168, 59.7693595886, -16.0164813995, 71.8992233276, 0.995781242847], [78.6966934204, 55.3589859009, -100.698158264, -148.679473877, 112.102935791, 66.5514678955, 3.56975483894, 287.439727783, 56.9400100708, -20.1180763245, 63.5133018494, -10.7901830673, 4.31021928787], [36.8063354492, -37.2737960815, -15.67258358, 46.0443878174, 108.159210205, 177.245223999, 45.9118347168, 56.9400100708, 275.093994141, 41.6031417847, 17.3027362823, 63.0529022217, 9.14475822449], [119.635604858, 41.4534873962, -83.9760284424, 33.4077301025, -7.18584346771, -28.6166534424, 59.7693595886, -20.1180763245, 41.6031417847, 215.779754639, 21.9295406342, -13.7443752289, 13.5781421661], [77.1620330811, 14.0548744202, -28.9499130249, -75.4114532471, 30.9986209869, 80.4595870972, -16.0164813995, 63.5133018494, 17.3027362823, 21.9295406342, 175.247787476, 18.762336731, -9.34057712555], [-130.352081299, -4.65069246292, 78.4633560181, 25.5740966797, 22.7902030945, 93.7206497192, 71.8992233276, -10.7901830673, 63.0529022217, -13.7443752289, 18.762336731, 179.141098022, 43.3264465332], [-8.79403018951, -63.2079277039, 82.5885925293, 93.8963012695, 13.637925148, 13.8267230988, 0.995781242847, 4.31021928787, 9.14475822449, 13.5781421661, -9.34057712555, 43.3264465332, 151.495300293]]
        icov: [[0.000238139837165, -0.00015323657135, 0.000208480181755, -0.000372185546439, 0.000369417568436, -0.000324490043567, 0.00034160798532, -0.000252731202636, 8.8024768047e-005, -0.000129985797685, -5.98889346293e-006, 4.65060875285e-005, 6.08865448157e-005], [-0.00015323657135, 0.000561999622732, 4.79008704133e-005, 0.00026249999064, -0.000476213346701, 0.000481182854855, -0.000674948270898, 0.000223210910917, -2.0449542717e-005, 0.000228647506447, -0.000159464369062, -2.35109819187e-005, 1.14483509606e-005], [0.000208480181755, 4.79008704133e-005, 0.000977991148829, -0.000335956981871, 0.000239375469391, -0.000755515822675, 0.000265951908659, 6.27290210105e-005, 0.000430599990068, 5.85234847676e-005, 0.000171851599589, -7.03330224496e-005, -0.000249500037171], [-0.000372185546439, 0.00026249999064, -0.000335956981871, 0.00189779733773, -0.000949722190853, 0.000807859469205, -0.000527500291355, 0.00120484025683, -0.000577289436478, 0.000213885301491, 0.000197278233827, 1.11876170195e-005, -0.000899589271285], [0.000369417568436, -0.000476213346701, 0.000239375469391, -0.000949722190853, 0.00266721541993, -0.00103244977072, 0.00151938304771, -0.0012998576276, -0.000200222348212, -0.000485981494421, 0.000244259863393, -0.000267270690529, 0.000309150636895], [-0.000324490043567, 0.000481182854855, -0.000755515822675, 0.000807859469205, -0.00103244977072, 0.00367463729344, -0.0017382594524, 0.000506528886035, -0.00189863878768, 0.00117213418707, -0.00147816713434, -0.000108912950964, -0.000202765426366], [0.00034160798532, -0.000674948270898, 0.000265951908659, -0.000527500291355, 0.00151938304771, -0.0017382594524, 0.00470995903015, -0.000998622272164, 0.000452721287729, -0.00183063466102, 0.00143717380706, -0.00164878298528, 0.000636400480289], [-0.000252731202636, 0.000223210910917, 6.27290210105e-005, 0.00120484025683, -0.0012998576276, 0.000506528886035, -0.000998622272164, 0.00531336059794, -0.00121951091569, 0.00129315606318, -0.00164106488228, 0.00125308544375, -0.00127815804444], [8.8024768047e-005, -2.0449542717e-005, 0.000430599990068, -0.000577289436478, -0.000200222348212, -0.00189863878768, 0.000452721287729, -0.00121951091569, 0.00577645376325, -0.00165748514701, 0.00103405513801, -0.0017162830336, 0.000697135401424], [-0.000129985797685, 0.000228647506447, 5.85234847676e-005, 0.000213885301491, -0.000485981494421, 0.00117213418707, -0.00183063466102, 0.00129315606318, -0.00165748514701, 0.0060998252593, -0.00178661418613, 0.00164305686485, -0.0011913231574], [-5.98889346293e-006, -0.000159464369062, 0.000171851599589, 0.000197278233827, 0.000244259863393, -0.00147816713434, 0.00143717380706, -0.00164106488228, 0.00103405513801, -0.00178661418613, 0.00752987153828, -0.00154576578643, 0.000871374155395], [4.65060875285e-005, -2.35109819187e-005, -7.03330224496e-005, 1.11876170195e-005, -0.000267270690529, -0.000108912950964, -0.00164878298528, 0.00125308544375, -0.0017162830336, 0.00164305686485, -0.00154576578643, 0.00793956313282, -0.00237613497302], [6.08865448157e-005, 1.14483509606e-005, -0.000249500037171, -0.000899589271285, 0.000309150636895, -0.000202765426366, 0.000636400480289, -0.00127815804444, 0.000697135401424, -0.0011913231574, 0.000871374155395, -0.00237613497302, 0.00812358781695]]
    sccoeffs:
        dmean: [0.0620472170413, 0.0640228241682, 0.0494862534106, 0.0399131029844, 0.0379617847502, 0.0325747132301]
        dmean2: [0.0958451479673, 0.0975174605846, 0.0739542841911, 0.0604749210179, 0.0557874962687, 0.0496390014887]
        dvar: [0.00290555018, 0.00339386099949, 0.00202872953378, 0.00136468256824, 0.00146878033411, 0.000945976527873]
        dvar2: [0.00612297281623, 0.00677757756785, 0.00385978631675, 0.00271301926114, 0.00270448089577, 0.00205525709316]
        max: [-0.22330968082, -0.275317251682, -0.332543075085, -0.453334748745, -0.456162959337, -0.283508986235]
        mean: [-0.614689230919, -0.709784269333, -0.77815836668, -0.787521898746, -0.763999164104, -0.742101967335]
        median: [-0.628920674324, -0.734829008579, -0.802632808685, -0.801966786385, -0.7805788517, -0.753657639027]
        min: [-0.979504644871, -0.977709233761, -0.967153131962, -0.958251476288, -0.95834338665, -0.959274053574]
        var: [0.0158394910395, 0.0161734428257, 0.00946974754333, 0.00579744949937, 0.0072815627791, 0.00638901256025]
    scvalleys:
        dmean: [0.536363303661, 0.545208752155, 0.457674890757, 0.401260912418, 0.3964381814, 0.533642888069]
        dmean2: [0.870053887367, 0.86638379097, 0.707472681999, 0.605982303619, 0.577137768269, 0.751468241215]
        dvar: [0.224363446236, 0.264981418848, 0.193390741944, 0.15891726315, 0.171707004309, 0.314764678478]
        dvar2: [0.546190977097, 0.62839871645, 0.410718798637, 0.328008562326, 0.329019665718, 0.572117745876]
        max: [-5.19543361664, -4.28601980209, -4.82783079147, -5.26605176926, -5.45730781555, -6.89180374146]
        mean: [-8.83731651306, -7.39754247665, -8.02266216278, -8.5107421875, -8.28239631653, -11.2836818695]
        median: [-8.77869033813, -7.14372062683, -7.82729721069, -8.29343986511, -8.06245613098, -11.2768096924]
        min: [-27.3688316345, -27.0394115448, -27.2585601807, -27.3309593201, -27.2543029785, -27.2429542542]
        var: [2.70852446556, 1.89120149612, 1.85021519661, 1.85971319675, 1.80483853817, 2.45057725906]

rhythm:
    beats_loudness:
        dmean: 0.00305786263198
        dmean2: 0.00540579250082
        dvar: 7.98710243544e-006
        dvar2: 2.2125630494e-005
        max: 0.0199848730117
        mean: 0.00439524557441
        median: 0.00409459043294
        min: 1.3504147453e-011
        var: 1.08815529529e-005
    bpm: 123.458694458
    bpm_confidence: 0
    first_peak_bpm: 123
    first_peak_spread: 0.57746475935
    first_peak_weight: 0.0704225376248
    onset_rate: 4.48992681503
    second_peak_bpm: 144
    second_peak_spread: 0.644808709621
    second_peak_weight: 0.0508607216179
    beats_loudness_band_ratio:
        dmean: [0.0778277739882, 0.186919614673, 0.214355230331, 0.0947434902191, 0.142050459981, 0.202284216881]
        dmean2: [0.140364959836, 0.326103329659, 0.376410663128, 0.170871287584, 0.249159395695, 0.360625803471]
        dvar: [0.0137389516458, 0.0356860049069, 0.0376719906926, 0.0201093815267, 0.0255077518523, 0.0487400665879]
        dvar2: [0.0378543660045, 0.0953664258122, 0.102948889136, 0.0566371046007, 0.0702930614352, 0.135269999504]
        max: [0.809314727783, 0.969379961491, 0.987202227116, 0.89703977108, 0.98422306776, 0.998006343842]
        mean: [0.0807419717312, 0.222371265292, 0.266845166683, 0.0850941687822, 0.167803913355, 0.223068296909]
        median: [0.0279399044812, 0.141381829977, 0.193584918976, 0.0313421972096, 0.107023023069, 0.126973584294]
        min: [0, 0, 0, 0, 0, 0]
        var: [0.0160715263337, 0.0491791516542, 0.0517912358046, 0.0183118339628, 0.0333204343915, 0.0599987283349]
