
metadata:
    version:
        essentia: "2.1-beta2"
    audio_properties:
        analysis_sample_rate: 44100
        bitrate: 320
        channels: 2
        equal_loudness: 1
        length: 224.208984375
        replay_gain: -15.5043859482
        downmix: "mix"
    tags:
        album: "Vultures"
        artist: "Axewound"
        comment: ""
        date: "2012"
        genre: "Metalcore"
        title: "Vultures (feat. Synyster Gates)"
        tracknumber: "1"

configuration:
    average_loudness:
        compute: 1
        frameSize: 88200
        hopSize: 44100
        silentFrames: "noise"
        windowType: "hann"
    general:
        analysisSampleRate: 44100
        endTime: 2000
        equalLoudness: 1
        nequalLoudness: 0
        shortSound: 0
        startTime: 0
    lowlevel:
        compute: 1
        frameSize: 2048
        hopSize: 1024
        zeroPadding: 0
        silentFrames: "noise"
        windowType: "blackmanharris62"
        mfccStats: ["mean", "cov", "icov"]
        stats: ["mean", "var", "median", "min", "max", "dmean", "dmean2", "dvar", "dvar2"]
    panning:
        compute: 0
        frameSize: 8192
        hopSize: 2048
        zeroPadding: 8192
        silentFrames: "noise"
        windowType: "hann"
        stats: ["copy"]
    rhythm:
        compute: 1
        maxTempo: 208
        minTempo: 40
        method: "degara"
        stats: ["mean", "var", "median", "min", "max", "dmean", "dmean2", "dvar", "dvar2"]
    segmentation:
        compute: 0
        cpw: 5
        inc1: 300
        inc2: 50
        minimumSegmentsLength: 10
        size1: 1000
        size2: 600
    sfx:
        compute: 1
        stats: ["mean", "var", "median", "min", "max", "dmean", "dmean2", "dvar", "dvar2"]
    svm:
        compute: 0
    tonal:
        compute: 1
        frameSize: 4096
        hopSize: 2048
        zeroPadding: 0
        silentFrames: "noise"
        windowType: "blackmanharris62"
        stats: ["mean", "var", "median", "min", "max", "dmean", "dmean2", "dvar", "dvar2"]

lowlevel:
    average_loudness: 0.806624352932
    barkbands_kurtosis:
        dmean: 0.962512493134
        dmean2: 1.61201274395
        dvar: 2.02657604218
        dvar2: 5.13500738144
        max: 48.5375480652
        mean: -0.254332751036
        median: -0.778713107109
        min: -1.88297784328
        var: 3.44299507141
    barkbands_skewness:
        dmean: 0.432466179132
        dmean2: 0.700274527073
        dvar: 0.160278096795
        dvar2: 0.394045084715
        max: 5.73317432404
        mean: -0.622879683971
        median: -0.674400687218
        min: -3.92246866226
        var: 0.646261334419
    barkbands_spread:
        dmean: 8.43228244781
        dmean2: 14.2029066086
        dvar: 67.7604370117
        dvar2: 189.087478638
        max: 72.5145645142
        mean: 33.6145362854
        median: 32.5187492371
        min: 1.41152608395
        var: 145.444473267
    dissonance:
        dmean: 0.00821020547301
        dmean2: 0.0139767993242
        dvar: 8.20548157208e-005
        dvar2: 0.000212726765312
        max: 0.500000119209
        mean: 0.487922251225
        median: 0.490805387497
        min: 0.335801333189
        var: 0.000122490673675
    hfc:
        dmean: 3.64362716675
        dmean2: 6.21279525757
        dvar: 17.505979538
        dvar2: 47.1763916016
        max: 56.4352035522
        mean: 11.9035511017
        median: 10.6665973663
        min: 1.09948436739e-016
        var: 51.7758216858
    pitch:
        dmean: 953.903381348
        dmean2: 1816.99450684
        dvar: 1767822
        dvar2: 4374904.5
        max: 4903.50341797
        mean: 2395.43701172
        median: 3521.29785156
        min: 77.424987793
        var: 2600800
    pitch_instantaneous_confidence:
        dmean: 0.082679271698
        dmean2: 0.138990044594
        dvar: 0.00571749126539
        dvar2: 0.0152208469808
        max: 0.973652720451
        mean: 0.365568250418
        median: 0.343873858452
        min: 0.102325975895
        var: 0.0169309284538
    pitch_salience:
        dmean: 0.0616920553148
        dmean2: 0.103953383863
        dvar: 0.00308173475787
        dvar2: 0.00817114114761
        max: 0.973973214626
        mean: 0.700078129768
        median: 0.718487381935
        min: 0.180022120476
        var: 0.00676354160532
    silence_rate_20dB:
        dmean: 0
        dmean2: 0
        dvar: 0
        dvar2: 0
        max: 1
        mean: 1
        median: 1
        min: 1
        var: 0
    silence_rate_30dB:
        dmean: 0
        dmean2: 0
        dvar: 0
        dvar2: 0
        max: 1
        mean: 1
        median: 1
        min: 1
        var: 0
    silence_rate_60dB:
        dmean: 0.112261809409
        dmean2: 0.224546864629
        dvar: 0.0996434986591
        dvar2: 0.224878504872
        max: 1
        mean: 0.249456346035
        median: 0
        min: 0
        var: 0.187247782946
    spectral_centroid:
        dmean: 293.08782959
        dmean2: 474.660949707
        dvar: 78410.6875
        dvar2: 188735.953125
        max: 11442.6064453
        mean: 2314.61328125
        median: 2372.71020508
        min: 337.399505615
        var: 461317.875
    spectral_complexity:
        dmean: 5.35584115982
        dmean2: 8.84847259521
        dvar: 26.524810791
        dvar2: 67.262878418
        max: 56
        mean: 19.6170654297
        median: 20
        min: 0
        var: 95.8162994385
    spectral_crest:
        dmean: 1.87867808342
        dmean2: 3.17968416214
        dvar: 3.5542781353
        dvar2: 9.57696723938
        max: 23.6544570923
        mean: 6.52202892303
        median: 5.88078117371
        min: 2.35845303535
        var: 6.41601753235
    spectral_decrease:
        dmean: 3.13798431684e-010
        dmean2: 5.3173099257e-010
        dvar: 1.29694410799e-019
        dvar2: 3.43984427748e-019
        max: 8.97049959662e-029
        mean: -1.06519371101e-009
        median: -1.02522179635e-009
        min: -3.73029962475e-009
        var: 3.22609046744e-019
    spectral_energy:
        dmean: 0.00148190103937
        dmean2: 0.0025136237964
        dvar: 2.88110459223e-006
        dvar2: 7.69565303926e-006
        max: 0.0179644431919
        mean: 0.00509997131303
        median: 0.0048496616073
        min: 1.029426757e-020
        var: 7.48269985706e-006
    spectral_energyband_high:
        dmean: 0.000358737102943
        dmean2: 0.000629086804111
        dvar: 2.05879075565e-007
        dvar2: 5.68740631479e-007
        max: 0.0054950513877
        mean: 0.000777589972131
        median: 0.000676806957927
        min: 7.17744698292e-021
        var: 3.01066307884e-007
    spectral_energyband_low:
        dmean: 0.000340969767421
        dmean2: 0.00061747035943
        dvar: 2.38499922034e-007
        dvar2: 6.68383563607e-007
        max: 0.0034766276367
        mean: 0.000350946153048
        median: 0.000179344307981
        min: 1.81533255267e-023
        var: 2.11948147921e-007
    spectral_energyband_middle_high:
        dmean: 0.000845116155688
        dmean2: 0.00139964092523
        dvar: 8.48858007885e-007
        dvar2: 2.19166645365e-006
        max: 0.0137773826718
        mean: 0.00296705099754
        median: 0.00254586781375
        min: 1.4419620041e-021
        var: 3.87297995985e-006
    spectral_energyband_middle_low:
        dmean: 0.000557636492886
        dmean2: 0.000915489043109
        dvar: 6.4902513941e-007
        dvar2: 1.65706717326e-006
        max: 0.00900282245129
        mean: 0.00112016987987
        median: 0.000782983843237
        min: 1.98198740217e-022
        var: 1.04263733647e-006
    spectral_flatness_db:
        dmean: 0.0146578568965
        dmean2: 0.0233017653227
        dvar: 0.000200597452931
        dvar2: 0.000466835190309
        max: 0.382707715034
        mean: 0.134493097663
        median: 0.128247261047
        min: 0.0443566218019
        var: 0.0010690537747
    spectral_flux:
        dmean: 0.00880720373243
        dmean2: 0.0141728501767
        dvar: 8.82542299223e-005
        dvar2: 0.000191989063751
        max: 0.107269190252
        mean: 0.0467077866197
        median: 0.0467833355069
        min: 6.54350115759e-011
        var: 0.000293149380013
    spectral_kurtosis:
        dmean: 0.856371104717
        dmean2: 1.46912932396
        dvar: 0.830945432186
        dvar2: 2.4847214222
        max: 14.6124296188
        mean: 2.89703154564
        median: 2.62226748466
        min: -1.23658895493
        var: 1.90720903873
    spectral_rms:
        dmean: 0.000312730640871
        dmean2: 0.000521473353729
        dvar: 1.11332894903e-007
        dvar2: 2.92439636951e-007
        max: 0.00418644072488
        mean: 0.00212772935629
        median: 0.00217517279088
        min: 3.16909888089e-012
        var: 4.48348828286e-007
    spectral_rolloff:
        dmean: 293.25869751
        dmean2: 489.57333374
        dvar: 141316.75
        dvar2: 347022.84375
        max: 19336.8164063
        mean: 3932.35498047
        median: 3983.64257813
        min: 193.798828125
        var: 748555.8125
    spectral_skewness:
        dmean: 0.154126733541
        dmean2: 0.258213490248
        dvar: 0.0233452394605
        dvar2: 0.0629899501801
        max: 3.13281369209
        mean: 1.11310374737
        median: 1.10160958767
        min: -0.0600653812289
        var: 0.0698966681957
    spectral_spread:
        dmean: 497959.65625
        dmean2: 757700.25
        dvar: 415129042944
        dvar2: 947967557632
        max: 42327720
        mean: 4806345.5
        median: 4643980
        min: 1802164.125
        var: 4.60577780531e+012
    spectral_strongpeak:
        dmean: 0.704412579536
        dmean2: 1.21533513069
        dvar: 0.932875692844
        dvar2: 2.46404409409
        max: 12.8787126541
        mean: 0.968247711658
        median: 0.33002024889
        min: 4.54317999887e-010
        var: 1.93994808197
    zerocrossingrate:
        dmean: 0.00757660204545
        dmean2: 0.00947270728648
        dvar: 5.5430973589e-005
        dvar2: 7.39717579563e-005
        max: 0.51708984375
        mean: 0.12363294512
        median: 0.1259765625
        min: 0.0224609375
        var: 0.000803206406999
    barkbands:
        dmean: [1.2181163811e-006, 0.000135534195579, 0.000174459913978, 0.00012668754789, 0.000242449721554, 0.000118705771456, 0.000105903403892, 0.000145021826029, 0.000119869175251, 9.02368556126e-005, 8.01087662694e-005, 7.09461601218e-005, 5.82770771871e-005, 6.9336121669e-005, 8.12415019027e-005, 0.000120296565001, 0.000235566840274, 0.000269845098956, 0.000352055998519, 0.000286591413897, 0.000171946085175, 6.3726780354e-005, 7.15219084668e-006, 2.57858368968e-006, 1.27749035528e-006, 5.63800988118e-008, 6.33221697299e-010]
        dmean2: [1.96573387257e-006, 0.000247782445513, 0.00032092735637, 0.000217697990593, 0.000394615752157, 0.000207870034501, 0.000187925150385, 0.000240668450715, 0.000198223235202, 0.000150891733938, 0.000129457941512, 0.000116127674119, 9.79487595032e-005, 0.000114762122394, 0.000134642861667, 0.000203594070626, 0.000388863583794, 0.000447544938652, 0.000590007461142, 0.000490181730129, 0.000300218554912, 0.000115912393085, 1.217148656e-005, 4.08821051678e-006, 1.97870826923e-006, 9.26400574031e-008, 1.05825270769e-009]
        dvar: [3.22359543573e-012, 4.54034179143e-008, 7.03490954379e-008, 4.2047155091e-008, 1.7157070431e-007, 5.69084299684e-008, 6.20903790605e-008, 1.79128377908e-007, 1.09787016811e-007, 2.60641108696e-008, 3.09293284317e-008, 1.9584202704e-008, 1.34691857667e-008, 1.49921195458e-008, 1.87258937245e-008, 3.28347589118e-008, 1.40103310287e-007, 1.3619482786e-007, 2.12192645677e-007, 1.13722038009e-007, 5.06602439998e-008, 1.26143859802e-008, 1.06053062165e-010, 1.86149914927e-011, 3.80374551301e-012, 2.90030620234e-014, 2.9661422908e-018]
        dvar2: [7.98812058167e-012, 1.26554880353e-007, 1.9827855624e-007, 1.14269141704e-007, 4.42909765752e-007, 1.57231795583e-007, 1.73373720713e-007, 4.37265100572e-007, 2.65877559968e-007, 6.75006504025e-008, 7.82135671784e-008, 4.87227929113e-008, 3.49532740529e-008, 3.8693780624e-008, 4.77736996629e-008, 8.92028850785e-008, 3.5162702261e-007, 3.34258771773e-007, 5.41725285075e-007, 3.02915623251e-007, 1.39421274525e-007, 3.57291973785e-008, 2.74848060977e-010, 4.15294257317e-011, 8.7205373131e-012, 7.86143543384e-014, 7.93303513284e-018]
        max: [1.27733565023e-005, 0.00121426186524, 0.00224283197895, 0.00510550523177, 0.00524546019733, 0.00345631851815, 0.00420561386272, 0.006066350732, 0.00891127344221, 0.00327449268661, 0.00299248006195, 0.0024078420829, 0.00282307597809, 0.00333582097664, 0.00243141804822, 0.00452000740916, 0.00836908724159, 0.00705912336707, 0.0107572022825, 0.00580611871555, 0.00522206677124, 0.00122628943063, 0.000142131568282, 0.000101145793451, 4.33509449067e-005, 3.79273501494e-006, 5.14801570262e-008]
        mean: [1.42818009863e-006, 0.000115337905299, 0.000154090681463, 0.000159487113706, 0.000342557352269, 0.000142673539813, 0.000120557007904, 0.00016022012278, 0.000155853282195, 0.000137739101774, 0.000128904677695, 0.000110177752504, 9.15102646104e-005, 0.000117474453873, 0.000137715644087, 0.000219591282075, 0.000452612119261, 0.000468602636829, 0.000809435383417, 0.00062725628959, 0.000334640149958, 8.851246821e-005, 1.42298285937e-005, 6.1888399614e-006, 3.08132894133e-006, 9.56827364007e-008, 8.38901947908e-010]
        median: [3.97863203716e-007, 4.10531174566e-005, 6.77240459481e-005, 7.44004282751e-005, 0.000171015344677, 8.24960152386e-005, 5.23816306668e-005, 4.57240494143e-005, 5.76380334678e-005, 4.76003915537e-005, 3.48617031705e-005, 4.16009352193e-005, 3.76366078854e-005, 6.64061153657e-005, 8.11112040537e-005, 0.000173500782694, 0.000268710602541, 0.000311435054755, 0.000624176755082, 0.000547847768757, 0.000272265489912, 6.19927886873e-005, 1.03049587779e-005, 4.80778635392e-006, 2.28268027058e-006, 5.58807329298e-008, 3.74366065925e-010]
        min: [3.37040304066e-025, 1.1819003594e-023, 5.96828889494e-025, 1.75545039745e-024, 1.11557372335e-023, 1.74054569895e-023, 1.45539504314e-023, 8.68445453189e-024, 1.99750467482e-023, 1.79913913155e-023, 2.24036970399e-023, 3.64036209912e-023, 5.14877616815e-023, 2.82853903067e-023, 4.75419709415e-023, 7.33070263867e-023, 8.63463165483e-023, 1.23145567061e-022, 1.78825578562e-022, 2.14054541489e-022, 3.34232009927e-022, 3.79522874768e-022, 3.93802822253e-022, 6.09720009489e-022, 9.84270107059e-022, 1.47932013416e-021, 1.96256637874e-021]
        var: [4.37555417246e-012, 3.50174005348e-008, 5.42162794659e-008, 6.76173712577e-008, 2.36994424085e-007, 4.76294701457e-008, 5.47291172381e-008, 1.85832846e-007, 1.2108606029e-007, 5.01585404322e-008, 6.86719516807e-008, 3.47171571491e-008, 2.26408083392e-008, 2.59842867223e-008, 3.13283763376e-008, 4.51701893667e-008, 3.23967498161e-007, 2.5078045951e-007, 5.44980537143e-007, 2.06786140211e-007, 7.89410918856e-008, 9.59399493183e-009, 2.00754537993e-010, 4.37269040421e-011, 1.06365489333e-011, 2.9609083604e-014, 2.89914086798e-018]
    frequency_bands:
        dmean: [1.2181163811e-006, 0.000135534195579, 0.000174459913978, 0.00012668754789, 0.000242449721554, 0.000118705771456, 0.000105903403892, 0.000145021826029, 0.000119869175251, 9.02368556126e-005, 8.01087662694e-005, 7.09461601218e-005, 5.82770771871e-005, 6.9336121669e-005, 8.12415019027e-005, 0.000120296565001, 0.000235566840274, 0.000269845098956, 0.000352055998519, 0.000286591413897, 0.000171946085175, 6.3726780354e-005, 7.15219084668e-006, 2.57858368968e-006, 1.27749035528e-006, 5.63800988118e-008, 6.33221697299e-010, 6.11153627705e-011]
        dmean2: [1.96573387257e-006, 0.000247782445513, 0.00032092735637, 0.000217697990593, 0.000394615752157, 0.000207870034501, 0.000187925150385, 0.000240668450715, 0.000198223235202, 0.000150891733938, 0.000129457941512, 0.000116127674119, 9.79487595032e-005, 0.000114762122394, 0.000134642861667, 0.000203594070626, 0.000388863583794, 0.000447544938652, 0.000590007461142, 0.000490181730129, 0.000300218554912, 0.000115912393085, 1.217148656e-005, 4.08821051678e-006, 1.97870826923e-006, 9.26400574031e-008, 1.05825270769e-009, 1.13769625665e-010]
        dvar: [3.22359543573e-012, 4.54034179143e-008, 7.03490954379e-008, 4.2047155091e-008, 1.7157070431e-007, 5.69084299684e-008, 6.20903790605e-008, 1.79128377908e-007, 1.09787016811e-007, 2.60641108696e-008, 3.09293284317e-008, 1.9584202704e-008, 1.34691857667e-008, 1.49921195458e-008, 1.87258937245e-008, 3.28347589118e-008, 1.40103310287e-007, 1.3619482786e-007, 2.12192645677e-007, 1.13722038009e-007, 5.06602439998e-008, 1.26143859802e-008, 1.06053062165e-010, 1.86149914927e-011, 3.80374551301e-012, 2.90030620234e-014, 2.9661422908e-018, 7.29344210016e-021]
        dvar2: [7.98812058167e-012, 1.26554880353e-007, 1.9827855624e-007, 1.14269141704e-007, 4.42909765752e-007, 1.57231795583e-007, 1.73373720713e-007, 4.37265100572e-007, 2.65877559968e-007, 6.75006504025e-008, 7.82135671784e-008, 4.87227929113e-008, 3.49532740529e-008, 3.8693780624e-008, 4.77736996629e-008, 8.92028850785e-008, 3.5162702261e-007, 3.34258771773e-007, 5.41725285075e-007, 3.02915623251e-007, 1.39421274525e-007, 3.57291973785e-008, 2.74848060977e-010, 4.15294257317e-011, 8.7205373131e-012, 7.86143543384e-014, 7.93303513284e-018, 2.31219082441e-020]
        max: [1.27733565023e-005, 0.00121426186524, 0.00224283197895, 0.00510550523177, 0.00524546019733, 0.00345631851815, 0.00420561386272, 0.006066350732, 0.00891127344221, 0.00327449268661, 0.00299248006195, 0.0024078420829, 0.00282307597809, 0.00333582097664, 0.00243141804822, 0.00452000740916, 0.00836908724159, 0.00705912336707, 0.0107572022825, 0.00580611871555, 0.00522206677124, 0.00122628943063, 0.000142131568282, 0.000101145793451, 4.33509449067e-005, 3.79273501494e-006, 5.14801570262e-008, 9.45959199861e-010]
        mean: [1.42818009863e-006, 0.000115337905299, 0.000154090681463, 0.000159487113706, 0.000342557352269, 0.000142673539813, 0.000120557007904, 0.00016022012278, 0.000155853282195, 0.000137739101774, 0.000128904677695, 0.000110177752504, 9.15102646104e-005, 0.000117474453873, 0.000137715644087, 0.000219591282075, 0.000452612119261, 0.000468602636829, 0.000809435383417, 0.00062725628959, 0.000334640149958, 8.851246821e-005, 1.42298285937e-005, 6.1888399614e-006, 3.08132894133e-006, 9.56827364007e-008, 8.38901947908e-010, 4.66603630733e-011]
        median: [3.97863203716e-007, 4.10531174566e-005, 6.77240459481e-005, 7.44004282751e-005, 0.000171015344677, 8.24960152386e-005, 5.23816306668e-005, 4.57240494143e-005, 5.76380334678e-005, 4.76003915537e-005, 3.48617031705e-005, 4.16009352193e-005, 3.76366078854e-005, 6.64061153657e-005, 8.11112040537e-005, 0.000173500782694, 0.000268710602541, 0.000311435054755, 0.000624176755082, 0.000547847768757, 0.000272265489912, 6.19927886873e-005, 1.03049587779e-005, 4.80778635392e-006, 2.28268027058e-006, 5.58807329298e-008, 3.74366065925e-010, 1.7721775436e-011]
        min: [3.37040304066e-025, 1.1819003594e-023, 5.96828889494e-025, 1.75545039745e-024, 1.11557372335e-023, 1.74054569895e-023, 1.45539504314e-023, 8.68445453189e-024, 1.99750467482e-023, 1.79913913155e-023, 2.24036970399e-023, 3.64036209912e-023, 5.14877616815e-023, 2.82853903067e-023, 4.75419709415e-023, 7.33070263867e-023, 8.63463165483e-023, 1.23145567061e-022, 1.78825578562e-022, 2.14054541489e-022, 3.34232009927e-022, 3.79522874768e-022, 3.93802822253e-022, 6.09720009489e-022, 9.84270107059e-022, 1.47932013416e-021, 1.96256637874e-021, 6.75203088174e-022]
        var: [4.37555417246e-012, 3.50174005348e-008, 5.42162794659e-008, 6.76173712577e-008, 2.36994424085e-007, 4.76294701457e-008, 5.47291172381e-008, 1.85832846e-007, 1.2108606029e-007, 5.01585404322e-008, 6.86719516807e-008, 3.47171571491e-008, 2.26408083392e-008, 2.59842867223e-008, 3.13283763376e-008, 4.51701893667e-008, 3.23967498161e-007, 2.5078045951e-007, 5.44980537143e-007, 2.06786140211e-007, 7.89410918856e-008, 9.59399493183e-009, 2.00754537993e-010, 4.37269040421e-011, 1.06365489333e-011, 2.9609083604e-014, 2.89914086798e-018, 5.81249597852e-021]
    mfcc:
        mean: [-695.510925293, 77.6596221924, -51.9585227966, 59.402305603, -14.9417667389, -3.53441023827, 2.84588837624, -4.9745631218, 1.32933366299, -4.52734375, -4.9485578537, -4.29469251633, -4.14412117004]
        cov: [[6056.73095703, 690.880310059, -541.721496582, 455.753204346, -276.202362061, -3.52945351601, -5.11460494995, 22.5614070892, -8.57397556305, -50.4563179016, -20.4421539307, -56.7315216064, -56.9928092957], [690.880310059, 658.704345703, -203.311889648, 211.113250732, -46.5064239502, 13.7713632584, 36.3759765625, -21.534324646, 26.2346935272, -22.7305622101, -14.2179327011, 4.63772916794, -9.89705371857], [-541.721496582, -203.311889648, 576.986816406, -29.0861473083, 175.736633301, 72.2463684082, -22.4419326782, 16.2246170044, -27.2249794006, 29.6001796722, -20.4873695374, -15.0454397202, 9.14084911346], [455.753204346, 211.113250732, -29.0861473083, 379.95602417, 102.802993774, 65.4216003418, 22.5632953644, -9.30887126923, 56.8228874207, 7.34925746918, 8.76357078552, 14.9509983063, 3.40260195732], [-276.202362061, -46.5064239502, 175.736633301, 102.802993774, 180.848327637, 74.5867004395, 29.2896327972, 9.59583854675, 15.4953594208, 20.4474983215, -0.963537096977, 7.18458986282, 6.93099403381], [-3.52945351601, 13.7713632584, 72.2463684082, 65.4216003418, 74.5867004395, 144.907928467, 78.0192108154, 36.4707107544, 8.36168289185, -6.08474874496, 3.64547300339, 0.190851226449, 9.4124994278], [-5.11460494995, 36.3759765625, -22.4419326782, 22.5632953644, 29.2896327972, 78.0192108154, 128.897750854, 54.8297805786, 19.2102432251, -2.32121324539, 7.73973608017, 10.1550121307, 8.53838253021], [22.5614070892, -21.534324646, 16.2246170044, -9.30887126923, 9.59583854675, 36.4707107544, 54.8297805786, 92.94921875, 44.172794342, 18.715473175, 15.9137401581, 6.81340456009, 3.88296127319], [-8.57397556305, 26.2346935272, -27.2249794006, 56.8228874207, 15.4953594208, 8.36168289185, 19.2102432251, 44.172794342, 98.9416656494, 50.3896598816, 25.8239784241, 15.2200174332, 7.07521724701], [-50.4563179016, -22.7305622101, 29.6001796722, 7.34925746918, 20.4474983215, -6.08474874496, -2.32121324539, 18.715473175, 50.3896598816, 86.4633560181, 44.3227043152, 20.0054283142, 5.03778791428], [-20.4421539307, -14.2179327011, -20.4873695374, 8.76357078552, -0.963537096977, 3.64547300339, 7.73973608017, 15.9137401581, 25.8239784241, 44.3227043152, 78.0359268188, 43.9350585938, 14.616941452], [-56.7315216064, 4.63772916794, -15.0454397202, 14.9509983063, 7.18458986282, 0.190851226449, 10.1550121307, 6.81340456009, 15.2200174332, 20.0054283142, 43.9350585938, 71.5715484619, 36.8980331421], [-56.9928092957, -9.89705371857, 9.14084911346, 3.40260195732, 6.93099403381, 9.4124994278, 8.53838253021, 3.88296127319, 7.07521724701, 5.03778791428, 14.616941452, 36.8980331421, 59.103427887]]
        icov: [[0.000248927797657, -9.31401154958e-005, 9.24962150748e-005, -0.000484661723021, 0.000577051134314, -0.000136376707815, 0.000188079138752, -0.000501853355672, 0.000571492768358, -0.000342049141182, 0.000128232873976, 0.000173256470589, 1.87524146895e-005], [-9.31401154958e-005, 0.0023391242139, 0.000265301030595, -0.00133650295902, 0.0011798638152, -0.000127149993205, -0.000954349467065, 0.000896901125088, -0.000299061357509, -0.000154990120791, 0.00109811220318, -0.00083299446851, 0.000596096040681], [9.24962150748e-005, 0.000265301030595, 0.00353974872269, 0.00058028899366, -0.00319824344479, -0.00141167116817, 0.00241048098542, -0.00197495310567, 0.0023086166475, -0.002148544183, 0.00146420055535, 0.000485616619699, -0.000824360875413], [-0.000484661723021, -0.00133650295902, 0.00058028899366, 0.00620322208852, -0.0048385951668, -0.00126661092509, 0.000922164821532, 0.00264418497682, -0.00447242287919, 0.00249822647311, -0.00127344101202, -0.000457942573121, 0.000247445859713], [0.000577051134314, 0.0011798638152, -0.00319824344479, -0.0048385951668, 0.0146308206022, -0.00340826180764, -0.00203815754503, 0.00116857665125, 0.000678382988553, -0.00340315350331, 0.00321819656529, -0.00254078418948, 0.00157109298743], [-0.000136376707815, -0.000127149993205, -0.00141167116817, -0.00126661092509, -0.00340826180764, 0.0146498540416, -0.00746431434527, -0.00135586957913, 0.000636394368485, 0.00320842722431, -0.00377634563483, 0.00393350655213, -0.00249891472049], [0.000188079138752, -0.000954349467065, 0.00241048098542, 0.000922164821532, -0.00203815754503, -0.00746431434527, 0.0165339931846, -0.00811848696321, 0.00181506585795, -0.000187955403817, 0.00134795391932, -0.00188753125258, -0.000188060876098], [-0.000501853355672, 0.000896901125088, -0.00197495310567, 0.00264418497682, 0.00116857665125, -0.00135586957913, -0.00811848696321, 0.0222495123744, -0.0117668686435, 0.00307034375146, -0.00253688031808, -2.26164356718e-005, 0.00139787327498], [0.000571492768358, -0.000299061357509, 0.0023086166475, -0.00447242287919, 0.000678382988553, 0.000636394368485, 0.00181506585795, -0.0117668686435, 0.0242726597935, -0.0134048592299, 0.00314170867205, 0.000403820944484, -0.00206077611074], [-0.000342049141182, -0.000154990120791, -0.002148544183, 0.00249822647311, -0.00340315350331, 0.00320842722431, -0.000187955403817, 0.00307034375146, -0.0134048592299, 0.0265464503318, -0.0138837965205, 0.00234316382557, 0.000858984014485], [0.000128232873976, 0.00109811220318, 0.00146420055535, -0.00127344101202, 0.00321819656529, -0.00377634563483, 0.00134795391932, -0.00253688031808, 0.00314170867205, -0.0138837965205, 0.0297580678016, -0.0169812366366, 0.00439947191626], [0.000173256470589, -0.00083299446851, 0.000485616619699, -0.000457942573121, -0.00254078418948, 0.00393350655213, -0.00188753125258, -2.26164356718e-005, 0.000403820944484, 0.00234316382557, -0.0169812366366, 0.033267904073, -0.0168928969651], [1.87524146895e-005, 0.000596096040681, -0.000824360875413, 0.000247445859713, 0.00157109298743, -0.00249891472049, -0.000188060876098, 0.00139787327498, -0.00206077611074, 0.000858984014485, 0.00439947191626, -0.0168928969651, 0.026931302622]]
    sccoeffs:
        dmean: [0.0631486698985, 0.0500065870583, 0.0387697704136, 0.0304290372878, 0.0207350011915, 0.0227954890579]
        dmean2: [0.105425216258, 0.0828321501613, 0.0650983005762, 0.0515453256667, 0.0351992845535, 0.0372767411172]
        dvar: [0.00257346080616, 0.00179452449083, 0.0010365692433, 0.000650278932881, 0.00032371742418, 0.000471526029287]
        dvar2: [0.00693049142137, 0.00469128973782, 0.00274155614898, 0.00177497090772, 0.000882995838765, 0.00122651248239]
        max: [-0.247736766934, -0.42406001687, -0.48178166151, -0.464939236641, -0.547059297562, -0.5445510149]
        mean: [-0.693149864674, -0.780322611332, -0.802733957767, -0.80208927393, -0.800530970097, -0.732910990715]
        median: [-0.698318064213, -0.786532044411, -0.811534523964, -0.806726157665, -0.805354356766, -0.735528707504]
        min: [-0.977427840233, -0.984424471855, -0.978504300117, -0.968954503536, -0.965498566628, -0.963669061661]
        var: [0.00673118652776, 0.00417851889506, 0.00334030832164, 0.00191088963766, 0.0013424961362, 0.00213971338235]
    scvalleys:
        dmean: [0.422145843506, 0.407444238663, 0.336455583572, 0.270405888557, 0.241054981947, 0.268927186728]
        dmean2: [0.704379320145, 0.680706501007, 0.55327385664, 0.444162517786, 0.395214259624, 0.411075919867]
        dvar: [0.137224331498, 0.151405364275, 0.0942768752575, 0.0708973482251, 0.0636518523097, 0.12604919076]
        dvar2: [0.338793128729, 0.39424264431, 0.228353589773, 0.169077306986, 0.149719282985, 0.287936657667]
        max: [-5.22522783279, -4.47420883179, -5.1318488121, -5.50517940521, -5.46371984482, -7.69428634644]
        mean: [-6.9793047905, -6.80341434479, -7.01524066925, -7.09309148788, -6.63316106796, -9.41518974304]
        median: [-6.60830640793, -6.60451412201, -6.8499341011, -6.87661075592, -6.37447547913, -9.08494758606]
        min: [-27.8821048737, -27.8081665039, -27.7518253326, -27.4131221771, -27.5108222961, -27.3641090393]
        var: [2.75878834724, 2.35827064514, 2.26142096519, 2.10673999786, 2.21244859695, 2.03475284576]

rhythm:
    beats_loudness:
        dmean: 0.00163989199791
        dmean2: 0.00274397991598
        dvar: 2.2126703243e-006
        dvar2: 6.35740025245e-006
        max: 0.014896008186
        mean: 0.00505913281813
        median: 0.00498989550397
        min: 2.46866485587e-011
        var: 5.63941284781e-006
    bpm: 97.6423568726
    bpm_confidence: 0
    first_peak_bpm: 98
    first_peak_spread: 0.376681655645
    first_peak_weight: 0.359173119068
    onset_rate: 2.91692137718
    second_peak_bpm: 112
    second_peak_spread: 0.695652186871
    second_peak_weight: 0.0723514184356
    beats_loudness_band_ratio:
        dmean: [0.0810215994716, 0.10618262738, 0.0715960562229, 0.0563465990126, 0.0964271649718, 0.0918164029717]
        dmean2: [0.140240743756, 0.192471086979, 0.125991657376, 0.0923613086343, 0.169268459082, 0.152534201741]
        dvar: [0.00973965134472, 0.00883616507053, 0.0114008719102, 0.00368676194921, 0.00861394871026, 0.00593611784279]
        dvar2: [0.0240802224725, 0.0279120281339, 0.0310727059841, 0.00885516405106, 0.0256586577743, 0.015972616151]
        max: [0.688776791096, 0.526250302792, 0.686034083366, 0.526692271233, 0.772722482681, 0.640630245209]
        mean: [0.127984106541, 0.142031565309, 0.0943291932344, 0.0859371721745, 0.25911667943, 0.32689589262]
        median: [0.0818255469203, 0.113435849547, 0.0603725463152, 0.0638637691736, 0.243611559272, 0.327146917582]
        min: [0, 0, 0, 0, 0, 0]
        var: [0.017703646794, 0.0132378460839, 0.0111877340823, 0.00538996513933, 0.012133541517, 0.0128395762295]
    beats_position: [0.545668900013, 1.02167797089, 1.49768710136, 1.9620860815, 2.42648530006, 2.89088439941, 3.35528349876, 3.8196823597, 4.28408145905, 4.74848079681, 5.21287965775, 5.66566896439, 6.13006782532, 6.58285713196, 7.03564596176, 7.50004529953, 7.95283412933, 8.4172334671, 8.87002277374, 9.33442115784, 9.79882049561, 10.2632198334, 10.71600914, 11.1687984467, 11.6331968307, 12.0975961685, 12.5619955063, 13.0147848129, 13.4675731659, 13.9319725037, 14.3963718414, 14.8491611481, 15.301949501, 15.7663488388, 16.2307472229, 16.6951465607, 17.1595458984, 17.6239452362, 18.0999546051, 18.575963974, 19.0403633118, 19.5047607422, 19.96916008, 20.4451694489, 20.9327888489, 21.4204082489, 21.8964176178, 22.5001354218, 23.1154651642, 23.7307929993, 24.3461227417, 24.9614505768, 25.5767803192, 26.1921081543, 26.7958278656, 27.3995456696, 28.014875412, 28.6302032471, 29.2339229584, 29.8492507935, 30.4645805359, 31.0915184021, 31.7068481445, 32.3105659485, 32.9142837524, 33.5180053711, 34.1333312988, 34.7486610413, 35.3639907837, 35.9793205261, 36.5946464539, 37.1983680725, 37.8136940002, 38.4174156189, 39.0211334229, 39.6364631653, 40.251789093, 40.8671188354, 41.4824485779, 42.0977783203, 42.713104248, 43.3284339905, 43.9437637329, 44.5590934753, 45.1628112793, 45.7781410217, 46.3934669495, 46.9971885681, 47.6009063721, 48.2162361145, 48.8315620422, 49.4468917847, 50.0622215271, 50.6659393311, 51.2928771973, 51.8965988159, 52.5119247437, 53.1272544861, 53.73097229, 54.3346939087, 54.9616317749, 55.5769615173, 56.1922874451, 56.7960090637, 57.4113349915, 58.0266647339, 58.6303825378, 59.2341041565, 59.8378219604, 60.4415397644, 61.0568695068, 61.6721992493, 62.2875289917, 62.9028549194, 63.5065765381, 64.1219024658, 64.7372360229, 65.3525619507, 65.9678878784, 66.5832214355, 67.1985473633, 67.8022689819, 68.4175949097, 69.0329208374, 69.6366424561, 70.2403640747, 70.8556900024, 71.4710159302, 72.0863494873, 72.6900634766, 73.3053970337, 73.9207229614, 74.5360565186, 75.1629943848, 75.789932251, 76.4168701172, 77.0438079834, 77.6707458496, 78.2976837158, 78.924621582, 79.5515594482, 80.1668930054, 80.7822189331, 81.3743286133, 81.9780502319, 82.5817642212, 83.1854858398, 83.7892074585, 84.4045333862, 85.019859314, 85.6351928711, 86.2621307373, 86.8890686035, 87.5160064697, 88.1429443359, 88.7582778931, 89.3852157593, 90.0121536255, 90.6390914917, 91.2544174194, 91.8813552856, 92.5199050903, 93.158454895, 93.7970046997, 94.4355545044, 95.0624923706, 95.6894302368, 96.3047637939, 96.9200897217, 97.5470275879, 98.1739654541, 98.8009033203, 99.4278411865, 100.043174744, 100.658500671, 101.273826599, 101.889160156, 102.492874146, 103.108207703, 103.72353363, 104.327255249, 104.930976868, 105.557914734, 106.161628723, 106.77696228, 107.392288208, 108.007614136, 108.622947693, 109.215057373, 109.830383301, 110.457321167, 111.084259033, 111.711196899, 112.338134766, 112.965080261, 113.592018127, 114.230567932, 114.869110107, 115.507659912, 116.134597778, 116.761543274, 117.38848114, 118.027030945, 118.677185059, 119.327346802, 119.965896606, 120.604438782, 121.231384277, 121.858322144, 122.48526001, 123.112197876, 123.739135742, 124.366073608, 124.993011475, 125.608345032, 126.223670959, 126.850608826, 127.477546692, 128.104492188, 128.731430054, 129.35836792, 129.985305786, 130.612243652, 131.22756958, 131.854507446, 132.481445313, 133.09677124, 133.723709106, 134.350662231, 134.977600098, 135.604537964, 136.23147583, 136.846801758, 137.462127686, 138.077453613, 138.669570923, 139.273284912, 139.830566406, 140.376235962, 140.921905518, 141.467575073, 142.013244629, 142.558914185, 143.11618042, 143.661849976, 144.21913147, 144.776412964, 145.333694458, 145.879364014, 146.425033569, 146.982315063, 147.539596558, 148.073654175, 148.63092041, 149.176589966, 149.722259521, 150.267929077, 150.825210571, 151.382492065, 151.928161621, 152.473831177, 153.019500732, 153.576782227, 154.134063721, 154.691329956, 155.225387573, 155.771057129, 156.305114746, 156.850784302, 157.396453857, 157.942123413, 158.47618103, 159.010253906, 159.544311523, 160.078369141, 160.589202881, 161.123260498, 161.645706177, 162.168167114, 162.690612793, 163.213058472, 163.747116089, 164.281173706, 164.815231323, 165.337677002, 165.860137939, 166.394195557, 166.928253174, 167.473922729, 168.019592285, 168.565261841, 169.122543335, 169.668212891, 170.202270508, 170.736328125, 171.281997681, 171.827667236, 172.373336792, 172.919006348, 173.476272583, 174.0103302, 174.532791138, 175.055236816, 175.589294434, 176.123352051, 176.645797729, 177.179855347, 177.702316284, 178.224761963, 178.747207642, 179.26965332, 179.803710938, 180.326171875, 180.860229492, 181.394287109, 181.916732788, 182.439178467, 182.973236084, 183.507293701, 184.0181427, 184.540588379, 185.074645996, 185.597091675, 186.119537354, 186.641998291, 187.176055908, 187.710113525, 188.232559204, 188.755004883, 189.277450562, 189.811508179, 190.403625488, 190.995727539, 191.564620972, 192.133514404, 192.702392578, 193.282897949, 193.875015259, 194.46711731, 195.05921936, 195.65133667, 196.255050659, 196.858764648, 197.462493896, 198.042984009, 198.62348938, 199.192382813, 199.761260986, 200.341766357, 200.92225647, 201.502761841, 202.083267212, 202.652145386, 203.244262695, 203.824752808, 204.405258179, 204.985748291, 205.554641724, 206.123535156, 206.704025269, 207.272918701, 207.841812134, 208.433914185, 209.014419556, 209.606521606, 210.198638916, 210.790740967, 211.394470215, 212.009796143, 212.62512207, 213.22883606, 213.832565308, 214.436279297, 215.051605225, 215.655319214, 216.259048462, 216.851150513, 217.454864502, 218.05859375, 218.662307739, 219.266021729, 219.881362915, 220.473464966, 221.065567017, 221.657684326, 222.261398315, 222.865127563, 223.468841553]
    bpm_estimates: [99.3841781616, 97.5086975098, 97.5089950562, 97.5086975098, 97.5089950562, 97.5086975098, 97.5089950562, 99.3838653564, 99.3841781616, 97.5086975098, 97.5089950562, 99.3838653564, 97.5089950562, 97.5086975098, 95.7032623291, 97.5086975098, 99.3841781616, 99.3841781616, 99.3835525513, 97.5093002319, 97.5086975098, 97.5086975098, 97.5086975098, 97.5093002319, 99.3835525513, 97.5093002319, 99.3835525513, 99.3841781616, 97.5086975098, 97.5093002319, 97.5086975098, 97.5086975098, 97.5086975098, 97.5093002319, 97.5086975098, 97.5086975098, 97.5086975098, 99.3841781616, 97.5086975098, 97.5093002319, 99.3835525513, 99.3841781616, 97.5086975098, 97.5093002319, 97.5086975098, 97.5086975098, 99.3841781616, 95.7032623291, 99.3835525513, 97.5093002319, 97.5086975098, 99.3841781616, 99.3835525513, 95.7032623291, 97.5086975098, 97.5093002319, 99.3835525513, 97.5093002319, 97.5086975098, 99.3841781616, 99.3835525513, 99.3841781616, 99.3841781616, 97.5086975098, 97.5086975098, 97.5086975098, 97.5093002319, 99.3835525513, 97.5093002319, 97.5080871582, 97.5093002319, 97.5093002319, 97.5080871582, 97.5093002319, 99.3835525513, 97.5093002319, 97.5093002319, 99.3835525513, 99.3835525513, 97.5093002319, 97.5093002319, 97.5080871582, 99.3848114014, 97.5080871582, 97.5093002319, 97.5080871582, 95.7032623291, 95.7032623291, 95.7032623291, 95.7032623291, 95.7032623291, 95.7032623291, 95.7032623291, 95.7032623291, 97.5080871582, 97.5093002319, 101.332580566, 99.3835525513, 99.3848114014, 99.3835525513, 99.3835525513, 97.5093002319, 97.5093002319, 97.5080871582, 95.7032623291, 95.7032623291, 95.7032623291, 95.7032623291, 97.5080871582, 95.7032623291, 95.7032623291, 95.7032623291, 97.5093002319, 95.7032623291, 93.9629135132, 93.9629135132, 93.9629135132, 93.9629135132, 95.7032623291, 95.7032623291, 97.5080871582, 97.5093002319, 95.7032623291, 95.7032623291, 95.7032623291, 95.7032623291, 97.5080871582, 97.5093002319, 97.5093002319, 97.5080871582, 99.3848114014, 97.5080871582, 97.5093002319, 99.3835525513, 99.3835525513, 95.7032623291, 99.3848114014, 97.5080871582, 97.5093002319, 97.5093002319, 97.5080871582, 101.332580566, 97.5093002319, 95.7032623291, 95.7032623291, 95.7032623291, 95.7032623291, 95.7021026611, 95.7032623291, 93.9629135132, 93.9640350342, 93.9629135132, 95.7032623291, 95.7021026611, 95.7032623291, 93.9629135132, 93.9629135132, 93.9640350342, 95.7021026611, 95.7032623291, 95.7032623291, 95.7032623291, 95.7032623291, 95.7032623291, 95.7032623291, 97.5080871582, 97.5093002319, 95.7032623291, 95.7032623291, 95.7021026611, 95.7032623291, 95.7032623291, 95.7032623291, 95.7032623291, 97.5093002319, 95.7032623291, 95.7032623291, 97.5093002319, 95.7032623291, 95.7009353638, 95.7032623291, 95.7032623291, 95.7032623291, 97.5093002319, 97.5093002319, 97.5093002319, 101.331268311, 99.3848114014, 101.331268311, 101.333885193, 101.331268311, 101.333885193, 101.333885193, 101.331268311, 99.3848114014, 99.3848114014, 99.3823013306, 101.331268311, 101.333885193, 101.333885193, 101.331268311, 101.333885193, 99.3823013306, 97.5093002319, 97.5093002319, 99.3848114014, 99.3823013306, 99.3848114014, 97.5093002319, 99.3848114014, 99.3823013306, 101.333885193, 99.3848114014, 99.3823013306, 99.3848114014, 99.3848114014, 97.5068817139, 101.333885193, 101.333885193, 101.331268311, 99.3848114014, 99.3823013306, 99.3848114014]
