
metadata:
    version:
        essentia: "2.1-beta2"
    audio_properties:
        analysis_sample_rate: 44100
        bitrate: 128
        channels: 2
        equal_loudness: 1
        length: 560.03918457
        replay_gain: -14.1868782043
        downmix: "mix"
    tags:
        album: "Saison 1"
        artist: "La IIIème Légion"
        comment: "B.O. par Bertrand"
        date: "2007"
        genre: "Other;other"
        title: "Episode 19"
        tracknumber: ""

configuration:
    average_loudness:
        compute: 1
        frameSize: 88200
        hopSize: 44100
        silentFrames: "noise"
        windowType: "hann"
    general:
        analysisSampleRate: 44100
        endTime: 2000
        equalLoudness: 1
        nequalLoudness: 0
        shortSound: 0
        startTime: 0
    lowlevel:
        compute: 1
        frameSize: 2048
        hopSize: 1024
        zeroPadding: 0
        silentFrames: "noise"
        windowType: "blackmanharris62"
        mfccStats: ["mean", "cov", "icov"]
        stats: ["mean", "var", "median", "min", "max", "dmean", "dmean2", "dvar", "dvar2"]
    panning:
        compute: 0
        frameSize: 8192
        hopSize: 2048
        zeroPadding: 8192
        silentFrames: "noise"
        windowType: "hann"
        stats: ["copy"]
    rhythm:
        compute: 1
        maxTempo: 208
        minTempo: 40
        method: "degara"
        stats: ["mean", "var", "median", "min", "max", "dmean", "dmean2", "dvar", "dvar2"]
    segmentation:
        compute: 0
        cpw: 5
        inc1: 300
        inc2: 50
        minimumSegmentsLength: 10
        size1: 1000
        size2: 600
    sfx:
        compute: 1
        stats: ["mean", "var", "median", "min", "max", "dmean", "dmean2", "dvar", "dvar2"]
    svm:
        compute: 0
    tonal:
        compute: 1
        frameSize: 4096
        hopSize: 2048
        zeroPadding: 0
        silentFrames: "noise"
        windowType: "blackmanharris62"
        stats: ["mean", "var", "median", "min", "max", "dmean", "dmean2", "dvar", "dvar2"]

lowlevel:
    average_loudness: 0.847798407078
    barkbands_kurtosis:
        dmean: 6.24101448059
        dmean2: 9.94936656952
        dvar: 742.349243164
        dvar2: 1784.05041504
        max: 1585.86254883
        mean: 6.84294557571
        median: 1.33598899841
        min: -1.97301709652
        var: 847.854309082
    barkbands_skewness:
        dmean: 0.930500149727
        dmean2: 1.38003802299
        dvar: 1.50621366501
        dvar2: 3.02589964867
        max: 35.578754425
        mean: 1.24999463558
        median: 1.09306466579
        min: -8.99484634399
        var: 4.53240299225
    barkbands_spread:
        dmean: 7.28900909424
        dmean2: 11.5534896851
        dvar: 78.4542236328
        dvar2: 184.457504272
        max: 103.562355042
        mean: 19.1946430206
        median: 16.4487724304
        min: 0.0561269298196
        var: 173.620040894
    dissonance:
        dmean: 0.0370092466474
        dmean2: 0.0583098269999
        dvar: 0.00164015626069
        dvar2: 0.00356910331175
        max: 0.500000059605
        mean: 0.423235535622
        median: 0.447020113468
        min: 0.0784900039434
        var: 0.00507271522656
    hfc:
        dmean: 1.9938839674
        dmean2: 2.85151124001
        dvar: 12.9360332489
        dvar2: 25.1305980682
        max: 72.3388366699
        mean: 4.36227941513
        median: 2.87507796288
        min: 1.17851399721e-016
        var: 35.7902374268
    pitch:
        dmean: 558.506958008
        dmean2: 1062.58276367
        dvar: 1522384.25
        dvar2: 3572906.5
        max: 6902.22851563
        mean: 873.623718262
        median: 248.649429321
        min: 43.0243911743
        var: 2006951.125
    pitch_instantaneous_confidence:
        dmean: 0.119516693056
        dmean2: 0.186059072614
        dvar: 0.0141998594627
        dvar2: 0.0287182833999
        max: 0.987272560596
        mean: 0.592845201492
        median: 0.617977619171
        min: 0.111629128456
        var: 0.0546288080513
    pitch_salience:
        dmean: 0.0830335617065
        dmean2: 0.131440863013
        dvar: 0.0066499216482
        dvar2: 0.0144486362115
        max: 0.985954225063
        mean: 0.624384939671
        median: 0.660556793213
        min: 0.0270116720349
        var: 0.023688223213
    silence_rate_20dB:
        dmean: 0
        dmean2: 0
        dvar: 0
        dvar2: 0
        max: 1
        mean: 1
        median: 1
        min: 1
        var: 0
    silence_rate_30dB:
        dmean: 0
        dmean2: 0
        dvar: 0
        dvar2: 0
        max: 1
        mean: 1
        median: 1
        min: 1
        var: 0
    silence_rate_60dB:
        dmean: 0.15523031354
        dmean2: 0.310473501682
        dvar: 0.131145387888
        dvar2: 0.241002455354
        max: 1
        mean: 0.500207304955
        median: 1
        min: 0
        var: 0.250002920628
    spectral_centroid:
        dmean: 399.364471436
        dmean2: 600.787475586
        dvar: 417002.65625
        dvar2: 764236.1875
        max: 11462.9277344
        mean: 1327.65930176
        median: 925.468933105
        min: 227.160690308
        var: 1162431.75
    spectral_complexity:
        dmean: 2.12869524956
        dmean2: 3.20922136307
        dvar: 7.4366774559
        dvar2: 14.740322113
        max: 43
        mean: 5.76463508606
        median: 5
        min: 0
        var: 27.5329437256
    spectral_crest:
        dmean: 3.19195652008
        dmean2: 5.13880109787
        dvar: 8.71900081635
        dvar2: 20.4092617035
        max: 26.9295768738
        mean: 10.9103193283
        median: 9.86997890472
        min: 2.15146517754
        var: 26.774389267
    spectral_decrease:
        dmean: 3.33344241099e-010
        dmean2: 4.7081361032e-010
        dvar: 1.80994523878e-019
        dvar2: 2.92750127227e-019
        max: -8.27949940484e-029
        mean: -8.7270690674e-010
        median: -7.07637837216e-010
        min: -4.63154270491e-009
        var: 5.91420592893e-019
    spectral_energy:
        dmean: 0.00140514969826
        dmean2: 0.00198076595552
        dvar: 3.17732951771e-006
        dvar2: 5.23502967553e-006
        max: 0.0202435385436
        mean: 0.0036894720979
        median: 0.00305669568479
        min: 1.10019609737e-020
        var: 1.0453937648e-005
    spectral_energyband_high:
        dmean: 0.000154354551341
        dmean2: 0.000234723847825
        dvar: 2.01988783033e-007
        dvar2: 4.24074755756e-007
        max: 0.0136534841731
        mean: 0.000222358445171
        median: 3.03607266687e-005
        min: 8.0320231065e-021
        var: 4.23343436751e-007
    spectral_energyband_low:
        dmean: 4.60788505734e-005
        dmean2: 7.45929282857e-005
        dvar: 1.34333042467e-008
        dvar2: 3.28977201036e-008
        max: 0.00318380235694
        mean: 7.26147700334e-005
        median: 1.24326161313e-005
        min: 6.68061625063e-023
        var: 2.48719018714e-008
    spectral_energyband_middle_high:
        dmean: 0.000525441602804
        dmean2: 0.000754546606913
        dvar: 8.6223155904e-007
        dvar2: 1.60269644311e-006
        max: 0.0170572865754
        mean: 0.00103147258051
        median: 0.000392566202208
        min: 1.71664069548e-021
        var: 2.52195286521e-006
    spectral_energyband_middle_low:
        dmean: 0.00108412851114
        dmean2: 0.00156076415442
        dvar: 2.26806901082e-006
        dvar2: 3.78094068765e-006
        max: 0.0174322333187
        mean: 0.00243198010139
        median: 0.00138531881385
        min: 4.4338269228e-022
        var: 7.03171508576e-006
    spectral_flatness_db:
        dmean: 0.0353064499795
        dmean2: 0.0516136586666
        dvar: 0.00128515728284
        dvar2: 0.0022230213508
        max: 0.569782137871
        mean: 0.229833900928
        median: 0.223620548844
        min: 0.047746758908
        var: 0.00656009512022
    spectral_flux:
        dmean: 0.0140641685575
        dmean2: 0.0225242096931
        dvar: 0.000201248883968
        dvar2: 0.000482451345306
        max: 0.136612802744
        mean: 0.0369931571186
        median: 0.0344731807709
        min: 1.04890235386e-010
        var: 0.000514434475917
    spectral_kurtosis:
        dmean: 3.84855175018
        dmean2: 6.28765535355
        dvar: 27.8441581726
        dvar2: 71.9470596313
        max: 144.783706665
        mean: 7.0664563179
        median: 4.59796905518
        min: -1.56488871574
        var: 87.8985977173
    spectral_rms:
        dmean: 0.000387866952224
        dmean2: 0.000534583174158
        dvar: 2.01372799324e-007
        dvar2: 3.05877961182e-007
        max: 0.00444407388568
        mean: 0.00165985769127
        median: 0.00172688800376
        min: 3.27622044077e-012
        var: 8.44343389872e-007
    spectral_rolloff:
        dmean: 729.091491699
        dmean2: 1206.68737793
        dvar: 1313020.375
        dvar2: 2546647.75
        max: 18410.8886719
        mean: 2198.88305664
        median: 1658.05664063
        min: 193.798828125
        var: 3175382
    spectral_skewness:
        dmean: 0.48265093565
        dmean2: 0.739680886269
        dvar: 0.236751243472
        dvar2: 0.528510391712
        max: 10.3511199951
        mean: 1.70741784573
        median: 1.58827090263
        min: -1.08042490482
        var: 1.01227653027
    spectral_spread:
        dmean: 849073.9375
        dmean2: 1242571.625
        dvar: 1.38046812979e+012
        dvar2: 2.34135932109e+012
        max: 39814312
        mean: 4090855.5
        median: 3547244.5
        min: 622384.8125
        var: 4.72922875494e+012
    spectral_strongpeak:
        dmean: 0.409188300371
        dmean2: 0.659938752651
        dvar: 0.451342225075
        dvar2: 1.11213123798
        max: 13.542298317
        mean: 0.719590842724
        median: 0.45613515377
        min: 0
        var: 0.842426002026
    zerocrossingrate:
        dmean: 0.0154268657789
        dmean2: 0.0167198777199
        dvar: 0.000422652839916
        dvar2: 0.000407381099649
        max: 0.48046875
        mean: 0.0711345225573
        median: 0.05712890625
        min: 0.009765625
        var: 0.00247646658681
    barkbands:
        dmean: [1.0782117954e-007, 6.56632983009e-006, 2.35412480833e-005, 5.99663653702e-005, 0.000261256966041, 0.000430761545431, 0.000378422613721, 0.000254257727647, 0.000257315667113, 0.000166022451594, 7.85147640272e-005, 5.04741146869e-005, 3.14262360916e-005, 2.85467012873e-005, 4.19219213654e-005, 4.93697662023e-005, 5.27035299456e-005, 7.84875883255e-005, 0.000145331388921, 0.000139250754728, 6.43257226329e-005, 2.3390932256e-005, 7.37915752325e-006, 2.39043970396e-006, 1.62224478117e-006, 1.03355141334e-007, 1.49843332187e-010]
        dmean2: [1.82233108603e-007, 1.09879547381e-005, 3.92962065234e-005, 9.46814834606e-005, 0.000393075228203, 0.000643059320282, 0.000570710399188, 0.000387934735045, 0.000388886081055, 0.000252184661804, 0.000124394093291, 7.95014129835e-005, 4.96203247167e-005, 4.58644317405e-005, 6.48488712613e-005, 7.73898354964e-005, 8.19850611151e-005, 0.000119708514831, 0.000217224252992, 0.000211031714571, 0.000100957586255, 3.63453655154e-005, 1.12913421617e-005, 3.47870263795e-006, 2.41456905314e-006, 1.5025779021e-007, 2.78192108238e-010]
        dvar: [1.47767716574e-013, 4.66160221535e-010, 4.57641702312e-009, 2.19563744963e-008, 3.0207712598e-007, 8.98526479887e-007, 7.49952050683e-007, 3.86639413819e-007, 3.61719457942e-007, 2.12482859752e-007, 6.06988521668e-008, 2.12763726637e-008, 8.9001401804e-009, 7.92532262039e-009, 1.6085206056e-008, 2.42946232021e-008, 3.23371907029e-008, 4.3697351515e-008, 1.96279316356e-007, 1.84461399044e-007, 5.40907514335e-008, 1.04601296513e-008, 1.040607156e-009, 1.00025702998e-010, 6.60333870917e-011, 3.39423530515e-013, 5.83365378841e-020]
        dvar2: [3.84399950022e-013, 1.16625686886e-009, 1.19216387873e-008, 5.04463812945e-008, 5.93980132635e-007, 1.69984537024e-006, 1.47811306306e-006, 7.80353957452e-007, 7.41089820622e-007, 4.40864283746e-007, 1.32738421144e-007, 4.81594319979e-008, 2.04917149915e-008, 1.84776052237e-008, 3.39835537488e-008, 5.48029142067e-008, 7.87035503436e-008, 9.70211786466e-008, 4.0987885086e-007, 3.81838077601e-007, 1.20544811466e-007, 2.29999539414e-008, 2.24147989059e-009, 1.89922300109e-010, 1.29337041077e-010, 6.39423084793e-013, 1.84828312147e-019]
        max: [1.67506150319e-005, 0.000909430207685, 0.00142869481351, 0.00691708223894, 0.0122565962374, 0.0154128326103, 0.0157094821334, 0.0105666825548, 0.00962800066918, 0.0103175668046, 0.00643861619756, 0.00463271373883, 0.00288180308416, 0.00245692930184, 0.00483025563881, 0.00526607874781, 0.00682377675548, 0.00606367504224, 0.0121203735471, 0.0126849180087, 0.00781929586083, 0.00399320945144, 0.00126533233561, 0.00036845591967, 0.000272611650871, 2.54028673226e-005, 4.26307567025e-009]
        mean: [1.26814825308e-007, 9.85258884612e-006, 3.18107813655e-005, 8.41153305373e-005, 0.000445367157226, 0.000677161209751, 0.000535924569704, 0.000303242210066, 0.00031952012796, 0.000209408113733, 9.31209797272e-005, 6.25871616649e-005, 3.9300233766e-005, 3.55315460183e-005, 5.70789234189e-005, 6.43926396151e-005, 7.76117594796e-005, 0.000116136448923, 0.000206870303373, 0.000199770904146, 7.90106059867e-005, 2.75742622762e-005, 8.78197261045e-006, 3.00764895655e-006, 2.05244054996e-006, 1.2226239221e-007, 1.14914681937e-010]
        median: [8.27315638219e-009, 8.72990938205e-007, 3.1951708479e-006, 1.25175911307e-005, 0.000110315071652, 9.98474570224e-005, 6.41079823254e-005, 3.90566274291e-005, 3.84672603104e-005, 2.27731034101e-005, 1.09251914182e-005, 1.09464945126e-005, 6.99610745869e-006, 5.73084616917e-006, 7.05039019522e-006, 8.34616730572e-006, 9.47440821619e-006, 1.81468094524e-005, 3.08320013573e-005, 2.48976357398e-005, 7.87475073594e-006, 1.60067679644e-006, 4.12670516425e-007, 8.0805570235e-008, 2.4506940477e-008, 8.81501927008e-010, 2.98648085428e-011]
        min: [1.71919801845e-023, 5.13383482706e-023, 5.1707446033e-024, 7.18222671007e-024, 5.35704964663e-023, 7.96780626947e-023, 1.06174884448e-022, 9.54877944902e-023, 5.15686830332e-023, 7.40154992102e-023, 5.00457302577e-023, 1.34192383902e-022, 9.88390586313e-023, 2.51522859645e-022, 2.92229697941e-022, 1.47138070985e-022, 1.16071024597e-022, 1.89238151236e-022, 1.97933998497e-022, 3.72188866487e-022, 3.08638231962e-022, 7.76490405024e-022, 5.28018304002e-022, 8.52049042382e-022, 1.31496605113e-021, 1.59642970361e-021, 2.60086425661e-021]
        var: [2.05503298298e-013, 1.04038044846e-009, 7.22267223807e-009, 3.798160364e-008, 7.79387505645e-007, 2.19164257942e-006, 1.60854608566e-006, 6.06306002737e-007, 6.04888043654e-007, 3.59741790135e-007, 9.56630756832e-008, 3.13832835275e-008, 1.37416158452e-008, 1.1192769378e-008, 3.30438822971e-008, 4.18112904299e-008, 7.58963381031e-008, 8.86897808527e-008, 3.6388252056e-007, 4.19188637579e-007, 7.97575552269e-008, 1.65276041741e-008, 1.57926050015e-009, 1.92887178452e-010, 1.26495314223e-010, 6.48071440262e-013, 4.6073733937e-020]
    frequency_bands:
        dmean: [1.0782117954e-007, 6.56632983009e-006, 2.35412480833e-005, 5.99663653702e-005, 0.000261256966041, 0.000430761545431, 0.000378422613721, 0.000254257727647, 0.000257315667113, 0.000166022451594, 7.85147640272e-005, 5.04741146869e-005, 3.14262360916e-005, 2.85467012873e-005, 4.19219213654e-005, 4.93697662023e-005, 5.27035299456e-005, 7.84875883255e-005, 0.000145331388921, 0.000139250754728, 6.43257226329e-005, 2.3390932256e-005, 7.37915752325e-006, 2.39043970396e-006, 1.62224478117e-006, 1.03355141334e-007, 1.49843332187e-010, 4.27108834411e-011]
        dmean2: [1.82233108603e-007, 1.09879547381e-005, 3.92962065234e-005, 9.46814834606e-005, 0.000393075228203, 0.000643059320282, 0.000570710399188, 0.000387934735045, 0.000388886081055, 0.000252184661804, 0.000124394093291, 7.95014129835e-005, 4.96203247167e-005, 4.58644317405e-005, 6.48488712613e-005, 7.73898354964e-005, 8.19850611151e-005, 0.000119708514831, 0.000217224252992, 0.000211031714571, 0.000100957586255, 3.63453655154e-005, 1.12913421617e-005, 3.47870263795e-006, 2.41456905314e-006, 1.5025779021e-007, 2.78192108238e-010, 7.92935300753e-011]
        dvar: [1.47767716574e-013, 4.66160221535e-010, 4.57641702312e-009, 2.19563744963e-008, 3.0207712598e-007, 8.98526479887e-007, 7.49952050683e-007, 3.86639413819e-007, 3.61719457942e-007, 2.12482859752e-007, 6.06988521668e-008, 2.12763726637e-008, 8.9001401804e-009, 7.92532262039e-009, 1.6085206056e-008, 2.42946232021e-008, 3.23371907029e-008, 4.3697351515e-008, 1.96279316356e-007, 1.84461399044e-007, 5.40907514335e-008, 1.04601296513e-008, 1.040607156e-009, 1.00025702998e-010, 6.60333870917e-011, 3.39423530515e-013, 5.83365378841e-020, 4.72455233242e-021]
        dvar2: [3.84399950022e-013, 1.16625686886e-009, 1.19216387873e-008, 5.04463812945e-008, 5.93980132635e-007, 1.69984537024e-006, 1.47811306306e-006, 7.80353957452e-007, 7.41089820622e-007, 4.40864283746e-007, 1.32738421144e-007, 4.81594319979e-008, 2.04917149915e-008, 1.84776052237e-008, 3.39835537488e-008, 5.48029142067e-008, 7.87035503436e-008, 9.70211786466e-008, 4.0987885086e-007, 3.81838077601e-007, 1.20544811466e-007, 2.29999539414e-008, 2.24147989059e-009, 1.89922300109e-010, 1.29337041077e-010, 6.39423084793e-013, 1.84828312147e-019, 1.49625566766e-020]
        max: [1.67506150319e-005, 0.000909430207685, 0.00142869481351, 0.00691708223894, 0.0122565962374, 0.0154128326103, 0.0157094821334, 0.0105666825548, 0.00962800066918, 0.0103175668046, 0.00643861619756, 0.00463271373883, 0.00288180308416, 0.00245692930184, 0.00483025563881, 0.00526607874781, 0.00682377675548, 0.00606367504224, 0.0121203735471, 0.0126849180087, 0.00781929586083, 0.00399320945144, 0.00126533233561, 0.00036845591967, 0.000272611650871, 2.54028673226e-005, 4.26307567025e-009, 1.20144905136e-009]
        mean: [1.26814825308e-007, 9.85258884612e-006, 3.18107813655e-005, 8.41153305373e-005, 0.000445367157226, 0.000677161209751, 0.000535924569704, 0.000303242210066, 0.00031952012796, 0.000209408113733, 9.31209797272e-005, 6.25871616649e-005, 3.9300233766e-005, 3.55315460183e-005, 5.70789234189e-005, 6.43926396151e-005, 7.76117594796e-005, 0.000116136448923, 0.000206870303373, 0.000199770904146, 7.90106059867e-005, 2.75742622762e-005, 8.78197261045e-006, 3.00764895655e-006, 2.05244054996e-006, 1.2226239221e-007, 1.14914681937e-010, 3.27062786576e-011]
        median: [8.27315638219e-009, 8.72990938205e-007, 3.1951708479e-006, 1.25175911307e-005, 0.000110315071652, 9.98474570224e-005, 6.41079823254e-005, 3.90566274291e-005, 3.84672603104e-005, 2.27731034101e-005, 1.09251914182e-005, 1.09464945126e-005, 6.99610745869e-006, 5.73084616917e-006, 7.05039019522e-006, 8.34616730572e-006, 9.47440821619e-006, 1.81468094524e-005, 3.08320013573e-005, 2.48976357398e-005, 7.87475073594e-006, 1.60067679644e-006, 4.12670516425e-007, 8.0805570235e-008, 2.4506940477e-008, 8.81501927008e-010, 2.98648085428e-011, 8.45884647049e-012]
        min: [1.71919801845e-023, 5.13383482706e-023, 5.1707446033e-024, 7.18222671007e-024, 5.35704964663e-023, 7.96780626947e-023, 1.06174884448e-022, 9.54877944902e-023, 5.15686830332e-023, 7.40154992102e-023, 5.00457302577e-023, 1.34192383902e-022, 9.88390586313e-023, 2.51522859645e-022, 2.92229697941e-022, 1.47138070985e-022, 1.16071024597e-022, 1.89238151236e-022, 1.97933998497e-022, 3.72188866487e-022, 3.08638231962e-022, 7.76490405024e-022, 5.28018304002e-022, 8.52049042382e-022, 1.31496605113e-021, 1.59642970361e-021, 2.60086425661e-021, 6.33721323411e-022]
        var: [2.05503298298e-013, 1.04038044846e-009, 7.22267223807e-009, 3.798160364e-008, 7.79387505645e-007, 2.19164257942e-006, 1.60854608566e-006, 6.06306002737e-007, 6.04888043654e-007, 3.59741790135e-007, 9.56630756832e-008, 3.13832835275e-008, 1.37416158452e-008, 1.1192769378e-008, 3.30438822971e-008, 4.18112904299e-008, 7.58963381031e-008, 8.86897808527e-008, 3.6388252056e-007, 4.19188637579e-007, 7.97575552269e-008, 1.65276041741e-008, 1.57926050015e-009, 1.92887178452e-010, 1.26495314223e-010, 6.48071440262e-013, 4.6073733937e-020, 3.7347301592e-021]
    mfcc:
        mean: [-806.800354004, 121.060531616, -40.3790512085, 35.9465370178, -32.7045402527, -26.6668758392, -9.92205619812, -15.4397993088, -12.553732872, -7.67466163635, -9.34572792053, -10.0753631592, -4.66358232498]
        cov: [[5471.40527344, 239.48878479, -1026.40966797, 580.988830566, -436.345703125, 23.8641757965, -49.8581466675, 42.3941497803, 3.03569793701, 46.2861061096, -109.869644165, -110.377693176, -44.3679351807], [239.48878479, 2337.68188477, -516.39453125, -175.841873169, -8.94990158081, -451.910064697, 140.207107544, -102.714157104, -143.861831665, 14.69805336, -53.8136520386, -101.176239014, -68.9787216187], [-1026.40966797, -516.39453125, 1365.83862305, 124.451042175, 88.5197525024, 275.530273438, -66.8888397217, -25.9836349487, -1.16635465622, -57.4551582336, 85.8950653076, 108.830505371, 37.4972000122], [580.988830566, -175.841873169, 124.451042175, 851.465393066, 42.662689209, -75.4336700439, -54.3106384277, -83.6356658936, 35.3119125366, 18.9668235779, -25.2653827667, 32.1294517517, 43.0938301086], [-436.345703125, -8.94990158081, 88.5197525024, 42.662689209, 512.60949707, 106.884658813, -19.55534935, 110.547897339, 71.5390167236, 31.146402359, 60.2448692322, 16.0418262482, -1.97717893124], [23.8641757965, -451.910064697, 275.530273438, -75.4336700439, 106.884658813, 569.287841797, 82.6221160889, 114.332862854, 140.147994995, -6.46096420288, 91.8759689331, 72.882019043, 8.14731121063], [-49.8581466675, 140.207107544, -66.8888397217, -54.3106384277, -19.55534935, 82.6221160889, 297.753936768, 63.7915763855, 44.6306343079, 40.3691864014, 1.60948610306, 36.61195755, -17.2644233704], [42.3941497803, -102.714157104, -25.9836349487, -83.6356658936, 110.547897339, 114.332862854, 63.7915763855, 246.417312622, 85.0863418579, 13.6712036133, 45.0498275757, 7.63796806335, 9.12599658966], [3.03569793701, -143.861831665, -1.16635465622, 35.3119125366, 71.5390167236, 140.147994995, 44.6306343079, 85.0863418579, 244.043289185, 58.3181152344, 18.3064937592, 47.9392814636, 3.55458521843], [46.2861061096, 14.69805336, -57.4551582336, 18.9668235779, 31.146402359, -6.46096420288, 40.3691864014, 13.6712036133, 58.3181152344, 181.327590942, 41.9270629883, -3.95411968231, 11.4335231781], [-109.869644165, -53.8136520386, 85.8950653076, -25.2653827667, 60.2448692322, 91.8759689331, 1.60948610306, 45.0498275757, 18.3064937592, 41.9270629883, 173.183151245, 48.7552337646, 8.66142177582], [-110.377693176, -101.176239014, 108.830505371, 32.1294517517, 16.0418262482, 72.882019043, 36.61195755, 7.63796806335, 47.9392814636, -3.95411968231, 48.7552337646, 161.600952148, 41.3287010193], [-44.3679351807, -68.9787216187, 37.4972000122, 43.0938301086, -1.97717893124, 8.14731121063, -17.2644233704, 9.12599658966, 3.55458521843, 11.4335231781, 8.66142177582, 41.3287010193, 132.634414673]]
        icov: [[0.000321179715684, -8.24707822176e-005, 0.000283667235635, -0.000354936521035, 0.00038566661533, -0.000390933681047, 0.00031184690306, -0.000355059513822, 0.000217482942389, -0.00019548930868, 0.000174600892933, -4.36626651208e-005, 0.000207685283385], [-8.24707822176e-005, 0.000631088973023, 4.11159453506e-005, 0.000231740399613, -0.000305968365865, 0.000596859725192, -0.000585117668379, 0.000410975975683, -2.48746855505e-005, 0.000207022632821, -0.000267524039373, 0.000233652084717, -4.47605907539e-006], [0.000283667235635, 4.11159453506e-005, 0.00119733449537, -0.000429487321526, 0.000211706690607, -0.000762949348427, 0.000442899705376, -5.61585147807e-005, 0.000484835967654, 3.04219065583e-005, -6.49017893011e-005, -0.000439034512965, 0.000154277775437], [-0.000354936521035, 0.000231740399613, -0.000429487321526, 0.00176211993676, -0.000679213437252, 0.000818100757897, -0.000380953308195, 0.000997311086394, -0.000686900690198, 0.000180917035323, -6.71345333103e-005, -3.65320993296e-005, -0.000609319889918], [0.00038566661533, -0.000305968365865, 0.000211706690607, -0.000679213437252, 0.00288522685878, -0.000829753000289, 0.00101632822771, -0.00157605588902, 8.77289348864e-005, -0.000623669882771, -5.51229568373e-005, -0.000175362933078, 0.000575081212446], [-0.000390933681047, 0.000596859725192, -0.000762949348427, 0.000818100757897, -0.000829753000289, 0.00366438203491, -0.00147624348756, 0.000367734086467, -0.00171654717997, 0.00122201803606, -0.00147819507401, 0.000286238442641, -0.000377396325348], [0.00031184690306, -0.000585117668379, 0.000442899705376, -0.000380953308195, 0.00101632822771, -0.00147624348756, 0.00501256529242, -0.00181367760524, 0.000617918733042, -0.00170120620169, 0.00139471748844, -0.0018373291241, 0.0012931835372], [-0.000355059513822, 0.000410975975683, -5.61585147807e-005, 0.000997311086394, -0.00157605588902, 0.000367734086467, -0.00181367760524, 0.00658381264657, -0.00205743941478, 0.00129813374951, -0.00170297932345, 0.00144425930921, -0.00134394236375], [0.000217482942389, -2.48746855505e-005, 0.000484835967654, -0.000686900690198, 8.77289348864e-005, -0.00171654717997, 0.000617918733042, -0.00205743941478, 0.00662693521008, -0.00251478631981, 0.00165492948145, -0.00213489681482, 0.00107101059984], [-0.00019548930868, 0.000207022632821, 3.04219065583e-005, 0.000180917035323, -0.000623669882771, 0.00122201803606, -0.00170120620169, 0.00129813374951, -0.00251478631981, 0.00756691256538, -0.00283867004327, 0.00192513887305, -0.00141962280031], [0.000174600892933, -0.000267524039373, -6.49017893011e-005, -6.71345333103e-005, -5.51229568373e-005, -0.00147819507401, 0.00139471748844, -0.00170297932345, 0.00165492948145, -0.00283867004327, 0.00832947716117, -0.00285676540807, 0.000894710072316], [-4.36626651208e-005, 0.000233652084717, -0.000439034512965, -3.65320993296e-005, -0.000175362933078, 0.000286238442641, -0.0018373291241, 0.00144425930921, -0.00213489681482, 0.00192513887305, -0.00285676540807, 0.00912282802165, -0.00288067222573], [0.000207685283385, -4.47605907539e-006, 0.000154277775437, -0.000609319889918, 0.000575081212446, -0.000377396325348, 0.0012931835372, -0.00134394236375, 0.00107101059984, -0.00141962280031, 0.000894710072316, -0.00288067222573, 0.00898643583059]]
    sccoeffs:
        dmean: [0.0623473636806, 0.0701347738504, 0.0553111732006, 0.039947707206, 0.0360193699598, 0.0322492830455]
        dmean2: [0.0955513641238, 0.105137936771, 0.0821632221341, 0.0605467148125, 0.0535823479295, 0.0482084155083]
        dvar: [0.00306878541596, 0.0041844798252, 0.00254364241846, 0.00137905252632, 0.00119973905385, 0.000930833106395]
        dvar2: [0.00610919389874, 0.00769347278401, 0.00474807713181, 0.00271080411039, 0.00230517331511, 0.00196069991216]
        max: [-0.206144735217, -0.285654097795, -0.374989926815, -0.46433442831, -0.489246398211, -0.420690506697]
        mean: [-0.614301860332, -0.677923679352, -0.756286144257, -0.790633797646, -0.783031225204, -0.753928780556]
        median: [-0.621251821518, -0.695799231529, -0.781554579735, -0.809038996696, -0.799230098724, -0.75949293375]
        min: [-0.96168333292, -0.982070684433, -0.957343280315, -0.961621761322, -0.963934063911, -0.961867690086]
        var: [0.0185395143926, 0.0186263471842, 0.0107087399811, 0.00557988416404, 0.00516766076908, 0.00388242048211]
    scvalleys:
        dmean: [0.494307607412, 0.523131251335, 0.460530608892, 0.386724501848, 0.397448182106, 0.495672732592]
        dmean2: [0.809111058712, 0.852427244186, 0.724536657333, 0.597616791725, 0.588474810123, 0.688377439976]
        dvar: [0.181095719337, 0.21933080256, 0.173836216331, 0.131528154016, 0.151420727372, 0.281532377005]
        dvar2: [0.444728672504, 0.553271412849, 0.397406935692, 0.29263690114, 0.312480688095, 0.475901156664]
        max: [-5.19745826721, -4.42881631851, -4.94029855728, -5.58325719833, -5.57643032074, -7.06224918365]
        mean: [-8.46582126617, -7.17571115494, -7.75912761688, -8.36121463776, -8.30617046356, -11.1452684402]
        median: [-8.35660552979, -7.0978269577, -7.68127059937, -8.31813430786, -8.26751804352, -11.3702335358]
        min: [-27.7873134613, -27.4647140503, -27.3050193787, -27.2009124756, -27.3503627777, -27.2406463623]
        var: [1.67911374569, 1.12252151966, 1.21574926376, 1.11401212215, 1.13502717018, 1.61390423775]

rhythm:
    beats_loudness:
        dmean: 0.00305818696506
        dmean2: 0.0053488239646
        dvar: 7.45631177779e-006
        dvar2: 2.01765851671e-005
        max: 0.0195429995656
        mean: 0.00473519554362
        median: 0.00448689609766
        min: 4.10882473878e-011
        var: 1.02141138996e-005
    bpm: 125.970314026
    bpm_confidence: 0
    first_peak_bpm: 126
    first_peak_spread: 0.597014904022
    first_peak_weight: 0.0746543779969
    onset_rate: 4.81394910812
    second_peak_bpm: 108
    second_peak_spread: 0.707547187805
    second_peak_weight: 0.0571428574622
    beats_loudness_band_ratio:
        dmean: [0.0910249575973, 0.238270059228, 0.243250608444, 0.124147996306, 0.0956436246634, 0.153775528073]
        dmean2: [0.164473891258, 0.427392303944, 0.426663249731, 0.222725123167, 0.168881312013, 0.27984175086]
        dvar: [0.0130180064589, 0.0468449369073, 0.0407454147935, 0.0215870626271, 0.0130546810105, 0.0419708937407]
        dvar2: [0.0374173931777, 0.131604924798, 0.116397157311, 0.060088057071, 0.0369175933301, 0.115319646895]
        max: [0.692986369133, 0.996093928814, 0.987809538841, 0.830157220364, 0.738540232182, 0.992107927799]
        mean: [0.0857297256589, 0.290034741163, 0.322635471821, 0.112291581929, 0.105333156884, 0.145280539989]
        median: [0.0406057573855, 0.213744580746, 0.26534974575, 0.0502316989005, 0.0524816997349, 0.0606939196587]
        min: [0, 0, 0, 0, 0, 0]
        var: [0.0134630650282, 0.0645659863949, 0.0597751103342, 0.0225096568465, 0.0164877194911, 0.0414693541825]
