
metadata:
    version:
        essentia: "2.1-beta2"
    audio_properties:
        analysis_sample_rate: 44100
        bitrate: 128
        channels: 2
        equal_loudness: 1
        length: 469.864501953
        replay_gain: -12.1131591797
        downmix: "mix"
    tags:
        album: ""
        artist: ""
        comment: ""
        date: ""
        genre: "Blues"
        title: ""
        tracknumber: ""

configuration:
    average_loudness:
        compute: 1
        frameSize: 88200
        hopSize: 44100
        silentFrames: "noise"
        windowType: "hann"
    general:
        analysisSampleRate: 44100
        endTime: 2000
        equalLoudness: 1
        nequalLoudness: 0
        shortSound: 0
        startTime: 0
    lowlevel:
        compute: 1
        frameSize: 2048
        hopSize: 1024
        zeroPadding: 0
        silentFrames: "noise"
        windowType: "blackmanharris62"
        mfccStats: ["mean", "cov", "icov"]
        stats: ["mean", "var", "median", "min", "max", "dmean", "dmean2", "dvar", "dvar2"]
    panning:
        compute: 0
        frameSize: 8192
        hopSize: 2048
        zeroPadding: 8192
        silentFrames: "noise"
        windowType: "hann"
        stats: ["copy"]
    rhythm:
        compute: 1
        maxTempo: 208
        minTempo: 40
        method: "degara"
        stats: ["mean", "var", "median", "min", "max", "dmean", "dmean2", "dvar", "dvar2"]
    segmentation:
        compute: 0
        cpw: 5
        inc1: 300
        inc2: 50
        minimumSegmentsLength: 10
        size1: 1000
        size2: 600
    sfx:
        compute: 1
        stats: ["mean", "var", "median", "min", "max", "dmean", "dmean2", "dvar", "dvar2"]
    svm:
        compute: 0
    tonal:
        compute: 1
        frameSize: 4096
        hopSize: 2048
        zeroPadding: 0
        silentFrames: "noise"
        windowType: "blackmanharris62"
        stats: ["mean", "var", "median", "min", "max", "dmean", "dmean2", "dvar", "dvar2"]

lowlevel:
    average_loudness: 0.794838428497
    barkbands_kurtosis:
        dmean: 4.91593694687
        dmean2: 7.84268188477
        dvar: 165.653717041
        dvar2: 387.657287598
        max: 757.02947998
        mean: 5.30501937866
        median: 0.933731973171
        min: -1.97094190121
        var: 281.720031738
    barkbands_skewness:
        dmean: 0.937025427818
        dmean2: 1.38664889336
        dvar: 1.30495452881
        dvar2: 2.59259438515
        max: 26.4129562378
        mean: 0.627461433411
        median: 0.643891632557
        min: -12.220246315
        var: 4.51401090622
    barkbands_spread:
        dmean: 7.58283138275
        dmean2: 12.0912103653
        dvar: 73.8060760498
        dvar2: 178.32635498
        max: 78.4818725586
        mean: 20.9379386902
        median: 19.4137248993
        min: 0.190671771765
        var: 175.784561157
    dissonance:
        dmean: 0.0319316312671
        dmean2: 0.0500417053699
        dvar: 0.00141179945786
        dvar2: 0.00303043029271
        max: 0.500000119209
        mean: 0.432387977839
        median: 0.455743193626
        min: 0.0753651335835
        var: 0.00449311826378
    hfc:
        dmean: 2.50688743591
        dmean2: 3.63550925255
        dvar: 23.1847705841
        dvar2: 49.1966590881
        max: 155.152252197
        mean: 5.06758451462
        median: 3.16451501846
        min: 1.18264460631e-016
        var: 47.8642730713
    pitch:
        dmean: 718.802062988
        dmean2: 1358.94042969
        dvar: 1734088.625
        dvar2: 4038523.5
        max: 6433.22314453
        mean: 1201.37817383
        median: 326.311676025
        min: 43.2112350464
        var: 2445838.75
    pitch_instantaneous_confidence:
        dmean: 0.117872193456
        dmean2: 0.186182007194
        dvar: 0.013010956347
        dvar2: 0.0278239659965
        max: 0.991256952286
        mean: 0.592060804367
        median: 0.606257796288
        min: 0.110981881618
        var: 0.0474817156792
    pitch_salience:
        dmean: 0.0782552361488
        dmean2: 0.124827682972
        dvar: 0.00623310124502
        dvar2: 0.0139185646549
        max: 0.980004668236
        mean: 0.642564356327
        median: 0.68317514658
        min: 0.0238712150604
        var: 0.0227066744119
    silence_rate_20dB:
        dmean: 0
        dmean2: 0
        dvar: 0
        dvar2: 0
        max: 1
        mean: 1
        median: 1
        min: 1
        var: 0
    silence_rate_30dB:
        dmean: 0
        dmean2: 0
        dvar: 0
        dvar2: 0
        max: 1
        mean: 1
        median: 1
        min: 1
        var: 0
    silence_rate_60dB:
        dmean: 0.163866370916
        dmean2: 0.327748954296
        dvar: 0.137019082904
        dvar2: 0.24959641695
        max: 1
        mean: 0.510105252266
        median: 1
        min: 0
        var: 0.249934449792
    spectral_centroid:
        dmean: 461.509979248
        dmean2: 694.400268555
        dvar: 455489.28125
        dvar2: 819228.0625
        max: 11313.5585938
        mean: 1669.57788086
        median: 1331.83398438
        min: 220.510574341
        var: 1350477.5
    spectral_complexity:
        dmean: 2.43051981926
        dmean2: 3.67373371124
        dvar: 9.65717792511
        dvar2: 20.8546791077
        max: 39
        mean: 6.00924062729
        median: 5
        min: 0
        var: 29.2180500031
    spectral_crest:
        dmean: 3.1532034874
        dmean2: 5.07684612274
        dvar: 8.48874759674
        dvar2: 20.1869449615
        max: 26.841676712
        mean: 10.7678880692
        median: 9.66583061218
        min: 2.50685286522
        var: 25.6556873322
    spectral_decrease:
        dmean: 3.40847933211e-010
        dmean2: 4.77769934726e-010
        dvar: 2.12642014675e-019
        dvar2: 3.72326298022e-019
        max: 1.23143431013e-028
        mean: -8.33714819404e-010
        median: -6.59329146835e-010
        min: -6.41477493346e-009
        var: 6.26085044028e-019
    spectral_energy:
        dmean: 0.001474294113
        dmean2: 0.00207373383455
        dvar: 3.97421035814e-006
        dvar2: 7.19439321983e-006
        max: 0.0382836014032
        mean: 0.00360627728514
        median: 0.00288362288848
        min: 1.06536371565e-020
        var: 1.13715123007e-005
    spectral_energyband_high:
        dmean: 0.000226537857088
        dmean2: 0.000343138439348
        dvar: 4.55811971278e-007
        dvar2: 1.02163357951e-006
        max: 0.037395272404
        mean: 0.000330788694555
        median: 5.87085996813e-005
        min: 7.81737216092e-021
        var: 7.08738127742e-007
    spectral_energyband_low:
        dmean: 5.18579909112e-005
        dmean2: 8.1704936747e-005
        dvar: 1.86788824408e-008
        dvar2: 4.45348931066e-008
        max: 0.00613162247464
        mean: 8.12018697616e-005
        median: 1.20608092402e-005
        min: 2.74001779305e-023
        var: 3.38199477312e-008
    spectral_energyband_middle_high:
        dmean: 0.000556451966986
        dmean2: 0.000814228493255
        dvar: 1.21388097796e-006
        dvar2: 2.54990800386e-006
        max: 0.0328243747354
        mean: 0.00102499302011
        median: 0.000438002258306
        min: 1.3957584335e-021
        var: 2.4194080197e-006
    spectral_energyband_middle_low:
        dmean: 0.00105547509156
        dmean2: 0.00150430563372
        dvar: 2.57581336882e-006
        dvar2: 4.5155902626e-006
        max: 0.0205543152988
        mean: 0.00223867991008
        median: 0.00113500328735
        min: 2.68374670385e-022
        var: 7.33787555873e-006
    spectral_flatness_db:
        dmean: 0.0332587882876
        dmean2: 0.0492502972484
        dvar: 0.00116360012908
        dvar2: 0.00214044749737
        max: 0.540398895741
        mean: 0.228667899966
        median: 0.224099323153
        min: 0.0566022321582
        var: 0.00604523532093
    spectral_flux:
        dmean: 0.0136270746589
        dmean2: 0.021640598774
        dvar: 0.000206121796509
        dvar2: 0.000481093593407
        max: 0.186352327466
        mean: 0.0371130146086
        median: 0.0351212546229
        min: 1.04173829285e-010
        var: 0.000540622859262
    spectral_kurtosis:
        dmean: 2.76432108879
        dmean2: 4.52488994598
        dvar: 15.3108921051
        dvar2: 41.1455116272
        max: 161.903579712
        mean: 5.55710506439
        median: 3.60562992096
        min: -1.35371887684
        var: 72.4336471558
    spectral_rms:
        dmean: 0.000400593969971
        dmean2: 0.000550019613001
        dvar: 2.22711648235e-007
        dvar2: 3.65223684184e-007
        max: 0.00611145282164
        mean: 0.00162470305804
        median: 0.00167728669476
        min: 3.22394042886e-012
        var: 8.78659818682e-007
    spectral_rolloff:
        dmean: 781.575561523
        dmean2: 1291.02978516
        dvar: 1324440.5
        dvar2: 2567567.25
        max: 19422.9492188
        mean: 2710.8190918
        median: 2906.98242188
        min: 215.33203125
        var: 3220161.25
    spectral_skewness:
        dmean: 0.401158630848
        dmean2: 0.616236507893
        dvar: 0.161875471473
        dvar2: 0.352760493755
        max: 10.8526229858
        mean: 1.48540532589
        median: 1.37610316277
        min: -0.782637894154
        var: 0.809550404549
    spectral_spread:
        dmean: 822257.5
        dmean2: 1205520.125
        dvar: 1.21623897702e+012
        dvar2: 2.06533020877e+012
        max: 41545796
        mean: 4352219.5
        median: 3887556.75
        min: 636841
        var: 4.18964596326e+012
    spectral_strongpeak:
        dmean: 0.49064925313
        dmean2: 0.796789109707
        dvar: 0.755043029785
        dvar2: 1.86472117901
        max: 22.873456955
        mean: 0.810786426067
        median: 0.468957096338
        min: 1.90521931565e-009
        var: 1.25234234333
    zerocrossingrate:
        dmean: 0.0172736607492
        dmean2: 0.0186942834407
        dvar: 0.00043185823597
        dvar2: 0.000430570507888
        max: 0.5
        mean: 0.0884643942118
        median: 0.080078125
        min: 0.01171875
        var: 0.00269589736126
    barkbands:
        dmean: [2.44485889311e-008, 4.34538378613e-006, 2.54810383922e-005, 5.97204561927e-005, 0.000217959750444, 0.000292810378596, 0.000373328512069, 0.000356496573659, 0.000246542331297, 0.00010983672837, 5.80232263019e-005, 3.44817854057e-005, 2.44356360781e-005, 3.12886877509e-005, 4.44023280579e-005, 6.11830182606e-005, 7.41636758903e-005, 7.71039631218e-005, 0.000192633771803, 0.000202433511731, 8.74967008713e-005, 3.50831869582e-005, 9.81377070275e-006, 2.69508950623e-006, 2.04822731575e-006, 1.14133612783e-007, 1.47165696296e-010]
        dmean2: [4.18421350901e-008, 7.29982366465e-006, 4.06853869208e-005, 9.37020449783e-005, 0.000325853005052, 0.000440181931481, 0.000560385698918, 0.000537173356861, 0.000372562499251, 0.000165669654962, 8.72402451932e-005, 5.34586833965e-005, 3.86622814403e-005, 5.00647838635e-005, 6.9151938078e-005, 9.67909218161e-005, 0.000119287040434, 0.000122666329844, 0.000296835001791, 0.000311024312396, 0.000134927860927, 5.38290878467e-005, 1.48825356519e-005, 4.03157173423e-006, 3.03148385683e-006, 1.71234901813e-007, 2.7368973754e-010]
        dvar: [2.86843269135e-014, 4.46626291506e-010, 5.83243231489e-009, 2.74959024438e-008, 2.71626817039e-007, 5.24225470144e-007, 8.30210012737e-007, 6.976110285e-007, 3.72466303133e-007, 1.12947539321e-007, 4.82586344219e-008, 1.57027066905e-008, 6.82462264479e-009, 9.38688504704e-009, 1.46369769638e-008, 2.32924524113e-008, 7.25047542005e-008, 4.91667577762e-008, 5.95165090544e-007, 4.78642846247e-007, 7.18668644595e-008, 1.99224743369e-008, 1.76470271729e-009, 1.39585537573e-010, 1.34089350734e-010, 3.70769821095e-013, 5.98362744958e-020]
        dvar2: [6.26040492775e-014, 1.16971166086e-009, 1.32864972358e-008, 6.48484856924e-008, 5.59941895517e-007, 1.04805417322e-006, 1.60765216606e-006, 1.39597398174e-006, 7.72935720761e-007, 2.41525413003e-007, 9.44369347167e-008, 3.37061258904e-008, 1.50788341813e-008, 2.16686490973e-008, 3.18736894656e-008, 5.31214077171e-008, 1.85681059861e-007, 1.18958325857e-007, 1.24813834645e-006, 1.0980152183e-006, 1.61796535281e-007, 4.46406360766e-008, 3.8606291497e-009, 2.76464351412e-010, 2.93629509596e-010, 7.36303379378e-013, 1.90409428987e-019]
        max: [1.20389358926e-005, 0.00078014167957, 0.00373003119603, 0.00682484917343, 0.012971197255, 0.0178689844906, 0.0205272082239, 0.0118814706802, 0.010978830047, 0.00879772286862, 0.00919712614268, 0.00423049507663, 0.00269488012418, 0.00285652047023, 0.00276500289328, 0.00449365144596, 0.0135794663802, 0.0104635069147, 0.0321624204516, 0.0376318469644, 0.00885980669409, 0.00787834543735, 0.00116793054622, 0.000494296255056, 0.000758196751121, 2.10223133763e-005, 3.93387544761e-009]
        mean: [2.70218531995e-008, 7.669263141e-006, 3.73143084289e-005, 8.0639270891e-005, 0.000361628772225, 0.000437646784121, 0.000537844141945, 0.0004701828002, 0.000300400221022, 0.000138064860948, 7.17576622264e-005, 4.11554101447e-005, 2.81886259472e-005, 3.58910692739e-005, 5.58585452382e-005, 7.80440896051e-005, 0.000106982013676, 0.000108234504296, 0.000251170771662, 0.000280716369161, 0.000118434181786, 4.11917026213e-005, 1.1441328752e-005, 3.28365717905e-006, 2.38333836933e-006, 1.32563812372e-007, 1.12011407094e-010]
        median: [1.85945880915e-009, 1.94010226551e-007, 2.74497506325e-006, 1.08722488221e-005, 6.86850617058e-005, 8.66439731908e-005, 6.55423718854e-005, 4.80241105834e-005, 2.88126066152e-005, 1.44102405102e-005, 7.63320076658e-006, 6.14872851656e-006, 4.25322332376e-006, 4.61844319943e-006, 7.31397631171e-006, 1.34408783197e-005, 2.177852366e-005, 2.7623726055e-005, 4.67544559797e-005, 4.04493112001e-005, 1.58491857292e-005, 3.50668756255e-006, 5.72239116536e-007, 1.71505988078e-007, 6.26312086638e-008, 2.23123453047e-009, 2.77948185301e-011]
        min: [3.13949285338e-024, 1.60887913407e-023, 2.51769691067e-024, 1.08344720521e-023, 6.41192012889e-023, 1.43194583718e-023, 2.17214775073e-023, 1.85624003931e-023, 5.12769654259e-023, 3.89120030323e-023, 7.23189497039e-023, 3.81957331076e-023, 3.49921847487e-023, 8.502794696e-023, 1.58228546544e-022, 1.83209953877e-022, 1.49906707705e-022, 1.59073637455e-022, 2.39270070117e-022, 3.45540690724e-022, 2.47602410273e-022, 5.92606246441e-022, 7.4491587495e-022, 5.59519223887e-022, 1.11280419995e-021, 1.69257470758e-021, 2.23297123631e-021]
        var: [3.35997031521e-014, 1.18652443426e-009, 1.0711478815e-008, 4.03723099396e-008, 6.1296060494e-007, 9.96190806291e-007, 1.90348748674e-006, 1.35605296236e-006, 5.91422178786e-007, 1.73284973926e-007, 8.74017587194e-008, 2.14316671077e-008, 9.31062871246e-009, 1.22097647548e-008, 2.35864305864e-008, 3.90140364459e-008, 1.28483037543e-007, 7.55836708777e-008, 8.12428709196e-007, 7.41772225865e-007, 1.16317536936e-007, 2.66412936156e-008, 2.39516717571e-009, 2.38133068819e-010, 1.83441969948e-010, 6.17910562127e-013, 4.65202628338e-020]
    frequency_bands:
        dmean: [2.44485889311e-008, 4.34538378613e-006, 2.54810383922e-005, 5.97204561927e-005, 0.000217959750444, 0.000292810378596, 0.000373328512069, 0.000356496573659, 0.000246542331297, 0.00010983672837, 5.80232263019e-005, 3.44817854057e-005, 2.44356360781e-005, 3.12886877509e-005, 4.44023280579e-005, 6.11830182606e-005, 7.41636758903e-005, 7.71039631218e-005, 0.000192633771803, 0.000202433511731, 8.74967008713e-005, 3.50831869582e-005, 9.81377070275e-006, 2.69508950623e-006, 2.04822731575e-006, 1.14133612783e-007, 1.47165696296e-010, 4.18894120779e-011]
        dmean2: [4.18421350901e-008, 7.29982366465e-006, 4.06853869208e-005, 9.37020449783e-005, 0.000325853005052, 0.000440181931481, 0.000560385698918, 0.000537173356861, 0.000372562499251, 0.000165669654962, 8.72402451932e-005, 5.34586833965e-005, 3.86622814403e-005, 5.00647838635e-005, 6.9151938078e-005, 9.67909218161e-005, 0.000119287040434, 0.000122666329844, 0.000296835001791, 0.000311024312396, 0.000134927860927, 5.38290878467e-005, 1.48825356519e-005, 4.03157173423e-006, 3.03148385683e-006, 1.71234901813e-007, 2.7368973754e-010, 7.7890936756e-011]
        dvar: [2.86843269135e-014, 4.46626291506e-010, 5.83243231489e-009, 2.74959024438e-008, 2.71626817039e-007, 5.24225470144e-007, 8.30210012737e-007, 6.976110285e-007, 3.72466303133e-007, 1.12947539321e-007, 4.82586344219e-008, 1.57027066905e-008, 6.82462264479e-009, 9.38688504704e-009, 1.46369769638e-008, 2.32924524113e-008, 7.25047542005e-008, 4.91667577762e-008, 5.95165090544e-007, 4.78642846247e-007, 7.18668644595e-008, 1.99224743369e-008, 1.76470271729e-009, 1.39585537573e-010, 1.34089350734e-010, 3.70769821095e-013, 5.98362744958e-020, 4.84561110364e-021]
        dvar2: [6.26040492775e-014, 1.16971166086e-009, 1.32864972358e-008, 6.48484856924e-008, 5.59941895517e-007, 1.04805417322e-006, 1.60765216606e-006, 1.39597398174e-006, 7.72935720761e-007, 2.41525413003e-007, 9.44369347167e-008, 3.37061258904e-008, 1.50788341813e-008, 2.16686490973e-008, 3.18736894656e-008, 5.31214077171e-008, 1.85681059861e-007, 1.18958325857e-007, 1.24813834645e-006, 1.0980152183e-006, 1.61796535281e-007, 4.46406360766e-008, 3.8606291497e-009, 2.76464351412e-010, 2.93629509596e-010, 7.36303379378e-013, 1.90409428987e-019, 1.54178905232e-020]
        max: [1.20389358926e-005, 0.00078014167957, 0.00373003119603, 0.00682484917343, 0.012971197255, 0.0178689844906, 0.0205272082239, 0.0118814706802, 0.010978830047, 0.00879772286862, 0.00919712614268, 0.00423049507663, 0.00269488012418, 0.00285652047023, 0.00276500289328, 0.00449365144596, 0.0135794663802, 0.0104635069147, 0.0321624204516, 0.0376318469644, 0.00885980669409, 0.00787834543735, 0.00116793054622, 0.000494296255056, 0.000758196751121, 2.10223133763e-005, 3.93387544761e-009, 1.11700293459e-009]
        mean: [2.70218531995e-008, 7.669263141e-006, 3.73143084289e-005, 8.0639270891e-005, 0.000361628772225, 0.000437646784121, 0.000537844141945, 0.0004701828002, 0.000300400221022, 0.000138064860948, 7.17576622264e-005, 4.11554101447e-005, 2.81886259472e-005, 3.58910692739e-005, 5.58585452382e-005, 7.80440896051e-005, 0.000106982013676, 0.000108234504296, 0.000251170771662, 0.000280716369161, 0.000118434181786, 4.11917026213e-005, 1.1441328752e-005, 3.28365717905e-006, 2.38333836933e-006, 1.32563812372e-007, 1.12011407094e-010, 3.18119072751e-011]
        median: [1.85945880915e-009, 1.94010226551e-007, 2.74497506325e-006, 1.08722488221e-005, 6.86850617058e-005, 8.66439731908e-005, 6.55423718854e-005, 4.80241105834e-005, 2.88126066152e-005, 1.44102405102e-005, 7.63320076658e-006, 6.14872851656e-006, 4.25322332376e-006, 4.61844319943e-006, 7.31397631171e-006, 1.34408783197e-005, 2.177852366e-005, 2.7623726055e-005, 4.67544559797e-005, 4.04493112001e-005, 1.58491857292e-005, 3.50668756255e-006, 5.72239116536e-007, 1.71505988078e-007, 6.26312086638e-008, 2.23123453047e-009, 2.77948185301e-011, 7.82216826034e-012]
        min: [3.13949285338e-024, 1.60887913407e-023, 2.51769691067e-024, 1.08344720521e-023, 6.41192012889e-023, 1.43194583718e-023, 2.17214775073e-023, 1.85624003931e-023, 5.12769654259e-023, 3.89120030323e-023, 7.23189497039e-023, 3.81957331076e-023, 3.49921847487e-023, 8.502794696e-023, 1.58228546544e-022, 1.83209953877e-022, 1.49906707705e-022, 1.59073637455e-022, 2.39270070117e-022, 3.45540690724e-022, 2.47602410273e-022, 5.92606246441e-022, 7.4491587495e-022, 5.59519223887e-022, 1.11280419995e-021, 1.69257470758e-021, 2.23297123631e-021, 6.69435189671e-022]
        var: [3.35997031521e-014, 1.18652443426e-009, 1.0711478815e-008, 4.03723099396e-008, 6.1296060494e-007, 9.96190806291e-007, 1.90348748674e-006, 1.35605296236e-006, 5.91422178786e-007, 1.73284973926e-007, 8.74017587194e-008, 2.14316671077e-008, 9.31062871246e-009, 1.22097647548e-008, 2.35864305864e-008, 3.90140364459e-008, 1.28483037543e-007, 7.55836708777e-008, 8.12428709196e-007, 7.41772225865e-007, 1.16317536936e-007, 2.66412936156e-008, 2.39516717571e-009, 2.38133068819e-010, 1.83441969948e-010, 6.17910562127e-013, 4.65202628338e-020, 3.76675553906e-021]
    mfcc:
        mean: [-806.036743164, 100.48235321, -44.9446487427, 42.9932899475, -35.1359519958, -29.4640445709, -17.4752788544, -17.3927822113, -9.00473880768, -8.874584198, -10.3969268799, -9.01758861542, -5.52290201187]
        cov: [[7029.24072266, 1083.70922852, -658.480407715, 611.143554688, -716.892700195, 134.763122559, 1.61640238762, -217.78427124, -32.7649993896, 157.078308105, -167.270629883, -164.47088623, -103.195365906], [1083.70922852, 2352.84423828, -370.872558594, -64.3258514404, -289.232147217, -392.574249268, 77.8138122559, -309.576751709, -143.050140381, 48.2241439819, -94.6927185059, -147.877182007, -146.607894897], [-658.480407715, -370.872558594, 1139.16247559, 37.3817253113, 82.6614303589, 223.720199585, -29.6806240082, 12.1461019516, -45.825553894, -68.0439529419, 48.287109375, 38.5672988892, 0.514175772667], [611.143554688, -64.3258514404, 37.3817253113, 845.106262207, 106.866638184, -113.485275269, -64.9845504761, -57.9556541443, 83.6819000244, -44.6252632141, -58.9468536377, 25.1070308685, 30.1480903625], [-716.892700195, -289.232147217, 82.6614303589, 106.866638184, 663.297485352, 75.5448532104, -32.8215446472, 232.956359863, 73.4717483521, -23.1651725769, 37.3344039917, 35.4782562256, 22.0113372803], [134.763122559, -392.574249268, 223.720199585, -113.485275269, 75.5448532104, 530.358154297, 117.116760254, 111.376617432, 74.0824661255, 11.2532739639, 61.3584747314, 27.6687679291, -11.7770786285], [1.61640238762, 77.8138122559, -29.6806240082, -64.9845504761, -32.8215446472, 117.116760254, 276.654968262, 27.7248153687, -5.71686887741, 47.1625862122, 0.0160687249154, 2.19097328186, -32.7917633057], [-217.78427124, -309.576751709, 12.1461019516, -57.9556541443, 232.956359863, 111.376617432, 27.7248153687, 325.446380615, 87.9512176514, -19.8347740173, 46.0424499512, 32.9721946716, 16.6994533539], [-32.7649993896, -143.050140381, -45.825553894, 83.6819000244, 73.4717483521, 74.0824661255, -5.71686887741, 87.9512176514, 250.422592163, 18.8067893982, 0.654711544514, 36.4148368835, 10.5156869888], [157.078308105, 48.2241439819, -68.0439529419, -44.6252632141, -23.1651725769, 11.2532739639, 47.1625862122, -19.8347740173, 18.8067893982, 213.77166748, 34.2067527771, -16.7711753845, 15.0789451599], [-167.270629883, -94.6927185059, 48.287109375, -58.9468536377, 37.3344039917, 61.3584747314, 0.0160687249154, 46.0424499512, 0.654711544514, 34.2067527771, 176.576568604, 49.5227584839, 6.61160516739], [-164.47088623, -147.877182007, 38.5672988892, 25.1070308685, 35.4782562256, 27.6687679291, 2.19097328186, 32.9721946716, 36.4148368835, -16.7711753845, 49.5227584839, 186.766860962, 70.0617370605], [-103.195365906, -146.607894897, 0.514175772667, 30.1480903625, 22.0113372803, -11.7770786285, -32.7917633057, 16.6994533539, 10.5156869888, 15.0789451599, 6.61160516739, 70.0617370605, 180.88053894]]
        icov: [[0.000255493359873, -0.000136863862281, 0.000163088625413, -0.00032501280657, 0.00035575297079, -0.000406736711739, 0.00027882316499, -0.00027214147849, 0.000224825373152, -0.000256075203652, 0.000194744337932, 1.14227023005e-005, 9.11723182071e-005], [-0.000136863862281, 0.000685886654537, 1.06755860543e-005, 0.000256365106907, -0.000188337871805, 0.000618517398834, -0.000463386153569, 0.000583105080295, -0.000100000266684, 0.000122908997582, -9.05523338588e-005, 0.000178157424671, 0.000290303723887], [0.000163088625413, 1.06755860543e-005, 0.00116978317965, -0.000308541493723, 0.000130019136122, -0.000770874787122, 0.000405140192015, 2.29721135838e-005, 0.000539868022315, 8.76650301507e-005, -1.94930762518e-005, -0.000121065160783, 0.000164023222169], [-0.00032501280657, 0.000256365106907, -0.000308541493723, 0.00186375831254, -0.000839955406263, 0.000916567165405, -0.000406856357586, 0.00100986566395, -0.000985408085398, 0.000604459724855, 5.41422086826e-005, -9.34445342864e-005, -0.000251386605669], [0.00035575297079, -0.000188337871805, 0.000130019136122, -0.000839955406263, 0.00267725461163, -0.000657459662762, 0.000778601621278, -0.00202875677496, 0.000419194373535, -0.000476530840388, 0.000212351005757, -6.05895438639e-005, 0.000180853458005], [-0.000406736711739, 0.000618517398834, -0.000770874787122, 0.000916567165405, -0.000657459662762, 0.00364863313735, -0.00181660719682, 0.000370602239855, -0.00128113257233, 0.000554995785933, -0.000933524803258, 0.000238980719587, 4.2486248276e-005], [0.00027882316499, -0.000463386153569, 0.000405140192015, -0.000406856357586, 0.000778601621278, -0.00181660719682, 0.00507893459871, -0.00118849740829, 0.00101852393709, -0.0015049574431, 0.00103998323902, -0.000876784382854, 0.00103544956073], [-0.00027214147849, 0.000583105080295, 2.29721135838e-005, 0.00100986566395, -0.00202875677496, 0.000370602239855, -0.00118849740829, 0.00573351792991, -0.00170670181978, 0.00122107623611, -0.00110867910553, 0.000301566702547, -0.000403670186643], [0.000224825373152, -0.000100000266684, 0.000539868022315, -0.000985408085398, 0.000419194373535, -0.00128113257233, 0.00101852393709, -0.00170670181978, 0.00550084142014, -0.00122128811199, 0.000995567534119, -0.00113272003364, 0.000602079671808], [-0.000256075203652, 0.000122908997582, 8.76650301507e-005, 0.000604459724855, -0.000476530840388, 0.000554995785933, -0.0015049574431, 0.00122107623611, -0.00122128811199, 0.00596614927053, -0.00189056748059, 0.0013533042511, -0.00132035568822], [0.000194744337932, -9.05523338588e-005, -1.94930762518e-005, 5.41422086826e-005, 0.000212351005757, -0.000933524803258, 0.00103998323902, -0.00110867910553, 0.000995567534119, -0.00189056748059, 0.0073616807349, -0.00229523377493, 0.000952683447395], [1.14227023005e-005, 0.000178157424671, -0.000121065160783, -9.34445342864e-005, -6.05895438639e-005, 0.000238980719587, -0.000876784382854, 0.000301566702547, -0.00113272003364, 0.0013533042511, -0.00229523377493, 0.00750218564644, -0.00286596734077], [9.11723182071e-005, 0.000290303723887, 0.000164023222169, -0.000251386605669, 0.000180853458005, 4.2486248276e-005, 0.00103544956073, -0.000403670186643, 0.000602079671808, -0.00132035568822, 0.000952683447395, -0.00286596734077, 0.00721334014088]]
    sccoeffs:
        dmean: [0.0616437271237, 0.0684177428484, 0.0524271428585, 0.041481770575, 0.0358112752438, 0.0326157212257]
        dmean2: [0.0943364873528, 0.102670609951, 0.0773189812899, 0.0633357912302, 0.0537660568953, 0.0480574034154]
        dvar: [0.0030165060889, 0.00421063834801, 0.00235337065533, 0.00137979758438, 0.00120675005019, 0.00100435805507]
        dvar2: [0.00599322421476, 0.00775776384398, 0.004334368743, 0.00280351191759, 0.00235141231678, 0.00199376186356]
        max: [-0.196974381804, -0.258050978184, -0.344913572073, -0.468648165464, -0.479166269302, -0.401345610619]
        mean: [-0.592837154865, -0.689548790455, -0.766358613968, -0.778041243553, -0.775066196918, -0.749433994293]
        median: [-0.590687930584, -0.706269979477, -0.791103839874, -0.790828227997, -0.787070989609, -0.759253203869]
        min: [-0.965071499348, -0.985916435719, -0.969383180141, -0.957525134087, -0.963145554066, -0.962374925613]
        var: [0.0189834628254, 0.0200425777584, 0.0105010820553, 0.00589567562565, 0.00506500853226, 0.00490666506812]
    scvalleys:
        dmean: [0.537426412106, 0.54790019989, 0.441547214985, 0.389160126448, 0.367266267538, 0.426482349634]
        dmean2: [0.882680058479, 0.882104814053, 0.688909113407, 0.603823781013, 0.548000454903, 0.595139503479]
        dvar: [0.218751132488, 0.253742873669, 0.16243468225, 0.13727734983, 0.134080663323, 0.230137526989]
        dvar2: [0.526231110096, 0.618881881237, 0.348610639572, 0.292609989643, 0.269232451916, 0.388517767191]
        max: [-5.10338115692, -4.37559080124, -5.09464645386, -5.67088365555, -5.57154989243, -7.05088472366]
        mean: [-9.04720783234, -7.30121040344, -8.00362110138, -8.47779273987, -8.15019130707, -10.8335266113]
        median: [-9.04752922058, -7.13171720505, -7.85013437271, -8.34398841858, -8.01780223846, -10.9102668762]
        min: [-27.2731361389, -27.4783706665, -27.2306251526, -27.4261226654, -27.2356567383, -27.2700958252]
        var: [1.99331688881, 1.84682118893, 1.6641869545, 1.57612597942, 1.52094984055, 1.6266285181]

rhythm:
    beats_loudness:
        dmean: 0.00334919570014
        dmean2: 0.00588411558419
        dvar: 9.71054578258e-006
        dvar2: 2.71565386356e-005
        max: 0.0221744887531
        mean: 0.00491282623261
        median: 0.00463016377762
        min: 2.15421395999e-011
        var: 1.21145667435e-005
    bpm: 126.137741089
    bpm_confidence: 0
    first_peak_bpm: 126
    first_peak_spread: 0.593137264252
    first_peak_weight: 0.0894396528602
    onset_rate: 4.81841039658
    second_peak_bpm: 140
    second_peak_spread: 0.621212124825
    second_peak_weight: 0.0538793094456
    beats_loudness_band_ratio:
        dmean: [0.0575505159795, 0.184747099876, 0.235323116183, 0.101986669004, 0.116103112698, 0.199661567807]
        dmean2: [0.102493397892, 0.322362244129, 0.408345907927, 0.187427848577, 0.20315605402, 0.360428124666]
        dvar: [0.00710213836282, 0.0344202369452, 0.042829580605, 0.0206244215369, 0.0215991474688, 0.053008005023]
        dvar2: [0.0210321228951, 0.0892336443067, 0.115351036191, 0.0576272644103, 0.0487523786724, 0.145196631551]
        max: [0.686464130878, 0.963404476643, 0.997907519341, 0.808062434196, 0.937552332878, 0.977995038033]
        mean: [0.0608058087528, 0.22276802361, 0.321546256542, 0.0842926949263, 0.145366773009, 0.20195260644]
        median: [0.0261208768934, 0.140738666058, 0.279214531183, 0.0305991452187, 0.0733569040895, 0.102299340069]
        min: [0, 0, 0, 0, 0, 0]
        var: [0.00832965038717, 0.0506543889642, 0.0655980780721, 0.0183566361666, 0.0350610129535, 0.0567616671324]
