
metadata:
    version:
        essentia: "2.1-beta2"
    audio_properties:
        analysis_sample_rate: 44100
        bitrate: 128
        channels: 2
        equal_loudness: 1
        length: 395.598358154
        replay_gain: -6.42842674255
        downmix: "mix"
    tags:
        album: "Saison 1"
        artist: "La IIIème Légion"
        comment: "BO par Bertrand."
        date: "2006"
        genre: "Other;other"
        title: "Episode 4"
        tracknumber: ""

configuration:
    average_loudness:
        compute: 1
        frameSize: 88200
        hopSize: 44100
        silentFrames: "noise"
        windowType: "hann"
    general:
        analysisSampleRate: 44100
        endTime: 2000
        equalLoudness: 1
        nequalLoudness: 0
        shortSound: 0
        startTime: 0
    lowlevel:
        compute: 1
        frameSize: 2048
        hopSize: 1024
        zeroPadding: 0
        silentFrames: "noise"
        windowType: "blackmanharris62"
        mfccStats: ["mean", "cov", "icov"]
        stats: ["mean", "var", "median", "min", "max", "dmean", "dmean2", "dvar", "dvar2"]
    panning:
        compute: 0
        frameSize: 8192
        hopSize: 2048
        zeroPadding: 8192
        silentFrames: "noise"
        windowType: "hann"
        stats: ["copy"]
    rhythm:
        compute: 1
        maxTempo: 208
        minTempo: 40
        method: "degara"
        stats: ["mean", "var", "median", "min", "max", "dmean", "dmean2", "dvar", "dvar2"]
    segmentation:
        compute: 0
        cpw: 5
        inc1: 300
        inc2: 50
        minimumSegmentsLength: 10
        size1: 1000
        size2: 600
    sfx:
        compute: 1
        stats: ["mean", "var", "median", "min", "max", "dmean", "dmean2", "dvar", "dvar2"]
    svm:
        compute: 0
    tonal:
        compute: 1
        frameSize: 4096
        hopSize: 2048
        zeroPadding: 0
        silentFrames: "noise"
        windowType: "blackmanharris62"
        stats: ["mean", "var", "median", "min", "max", "dmean", "dmean2", "dvar", "dvar2"]

lowlevel:
    average_loudness: 0.0953494086862
    barkbands_kurtosis:
        dmean: 6.05574798584
        dmean2: 9.48418712616
        dvar: 508.334869385
        dvar2: 1348.03381348
        max: 1016.80310059
        mean: 7.2677936554
        median: 1.31738877296
        min: -1.9643253088
        var: 607.237792969
    barkbands_skewness:
        dmean: 0.883722364902
        dmean2: 1.30404901505
        dvar: 1.40916204453
        dvar2: 2.90952420235
        max: 27.9735069275
        mean: 1.28233158588
        median: 1.08772492409
        min: -13.5626354218
        var: 4.54092407227
    barkbands_spread:
        dmean: 6.40349388123
        dmean2: 10.0874738693
        dvar: 64.7471542358
        dvar2: 148.153366089
        max: 79.7268371582
        mean: 19.0737075806
        median: 16.9451179504
        min: 0.0817606523633
        var: 177.890075684
    dissonance:
        dmean: 0.0376673042774
        dmean2: 0.0624248981476
        dvar: 0.00202502333559
        dvar2: 0.00517263077199
        max: 0.500000119209
        mean: 0.427194952965
        median: 0.456588804722
        min: 0.0678312778473
        var: 0.00546398386359
    hfc:
        dmean: 1.07030916214
        dmean2: 1.54661333561
        dvar: 12.9071969986
        dvar2: 28.7657833099
        max: 250.459396362
        mean: 2.15160417557
        median: 0.450929760933
        min: 1.18155219851e-016
        var: 24.7573280334
    pitch:
        dmean: 540.748718262
        dmean2: 1031.01965332
        dvar: 1330236.625
        dvar2: 3180287.75
        max: 6912.76220703
        mean: 830.146484375
        median: 270.887451172
        min: 43.0243911743
        var: 1687644.25
    pitch_instantaneous_confidence:
        dmean: 0.10942453146
        dmean2: 0.17043505609
        dvar: 0.0121878487989
        dvar2: 0.0241646356881
        max: 0.990698456764
        mean: 0.575481534004
        median: 0.575377106667
        min: 0.0289391875267
        var: 0.0542722903192
    pitch_salience:
        dmean: 0.0808733925223
        dmean2: 0.126808956265
        dvar: 0.00662824092433
        dvar2: 0.014152970165
        max: 0.947435081005
        mean: 0.601072728634
        median: 0.631581544876
        min: 0.0274742711335
        var: 0.0237729921937
    silence_rate_20dB:
        dmean: 0
        dmean2: 0
        dvar: 0
        dvar2: 0
        max: 1
        mean: 1
        median: 1
        min: 1
        var: 0
    silence_rate_30dB:
        dmean: 0
        dmean2: 0
        dvar: 0
        dvar2: 0
        max: 1
        mean: 1
        median: 1
        min: 1
        var: 0
    silence_rate_60dB:
        dmean: 0.0706697180867
        dmean2: 0.14134773612
        dvar: 0.0656822994351
        dvar2: 0.134186536074
        max: 1
        mean: 0.793579041958
        median: 1
        min: 0
        var: 0.163842245936
    spectral_centroid:
        dmean: 331.445800781
        dmean2: 497.94152832
        dvar: 299545.25
        dvar2: 549445.875
        max: 10967.0654297
        mean: 1250.50012207
        median: 913.691467285
        min: 170.461868286
        var: 920752.8125
    spectral_complexity:
        dmean: 1.24399840832
        dmean2: 1.89868509769
        dvar: 5.51246547699
        dvar2: 11.6373720169
        max: 53
        mean: 3.00328683853
        median: 2
        min: 0
        var: 22.2708568573
    spectral_crest:
        dmean: 3.0521068573
        dmean2: 4.87368822098
        dvar: 8.93202972412
        dvar2: 20.2959766388
        max: 26.9019794464
        mean: 11.0707197189
        median: 9.86049842834
        min: 2.40018105507
        var: 29.6660900116
    spectral_decrease:
        dmean: 2.43265907418e-010
        dmean2: 3.32411848047e-010
        dvar: 3.45060641424e-019
        dvar2: 6.03415642353e-019
        max: -1.15688758052e-028
        mean: -5.13748377173e-010
        median: -1.16937598493e-010
        min: -1.46435725767e-008
        var: 1.00498070708e-018
    spectral_energy:
        dmean: 0.00100767612457
        dmean2: 0.00138470972888
        dvar: 5.94112361796e-006
        dvar2: 1.06120542114e-005
        max: 0.0677275508642
        mean: 0.0021341603715
        median: 0.000500788155477
        min: 1.11536654134e-020
        var: 1.69541290234e-005
    spectral_energyband_high:
        dmean: 5.28743657924e-005
        dmean2: 7.98321489128e-005
        dvar: 8.47297627615e-008
        dvar2: 2.07368401561e-007
        max: 0.0171080566943
        mean: 8.02205468062e-005
        median: 5.75840749661e-006
        min: 7.87265997602e-021
        var: 1.12759195758e-007
    spectral_energyband_low:
        dmean: 2.7327101634e-005
        dmean2: 4.4434418669e-005
        dvar: 2.70515627676e-008
        dvar2: 6.37107078205e-008
        max: 0.00792936421931
        mean: 5.12565493409e-005
        median: 2.34062827076e-006
        min: 3.1040947713e-023
        var: 5.32718225088e-008
    spectral_energyband_middle_high:
        dmean: 0.000293447461445
        dmean2: 0.000431046501035
        dvar: 1.10793735075e-006
        dvar2: 2.34267008636e-006
        max: 0.0498069003224
        mean: 0.000554592290428
        median: 6.79590011714e-005
        min: 2.13474333662e-021
        var: 2.4560233669e-006
    spectral_energyband_middle_low:
        dmean: 0.00077242514817
        dmean2: 0.00105390802491
        dvar: 4.19621210312e-006
        dvar2: 7.2880652624e-006
        max: 0.0569077506661
        mean: 0.00149248423986
        median: 0.000242616079049
        min: 4.28631725416e-022
        var: 1.1518483916e-005
    spectral_flatness_db:
        dmean: 0.033241700381
        dmean2: 0.0479093529284
        dvar: 0.00137712236028
        dvar2: 0.0023176476825
        max: 0.565007805824
        mean: 0.235995650291
        median: 0.223180070519
        min: 0.0493169985712
        var: 0.00753701524809
    spectral_flux:
        dmean: 0.0103081064299
        dmean2: 0.017217554152
        dvar: 0.000214955478441
        dvar2: 0.000566074508242
        max: 0.207202717662
        mean: 0.021301433444
        median: 0.0144307296723
        min: 1.05610915846e-010
        var: 0.000480115180835
    spectral_kurtosis:
        dmean: 4.03950214386
        dmean2: 6.57353687286
        dvar: 33.4235534668
        dvar2: 81.3915634155
        max: 131.851364136
        mean: 8.14790534973
        median: 5.14959430695
        min: -1.2473129034
        var: 103.766998291
    spectral_rms:
        dmean: 0.000294644181849
        dmean2: 0.000384468818083
        dvar: 2.02777414415e-007
        dvar2: 3.15934187256e-007
        max: 0.00812869332731
        mean: 0.00102547067218
        median: 0.000698980526067
        min: 3.29873086312e-012
        var: 1.0305344631e-006
    spectral_rolloff:
        dmean: 612.104797363
        dmean2: 1020.49798584
        dvar: 1029184.375
        dvar2: 2005870.875
        max: 18733.8867188
        mean: 2094.09106445
        median: 1679.58984375
        min: 172.265625
        var: 2734298.25
    spectral_skewness:
        dmean: 0.459753483534
        dmean2: 0.707295954227
        dvar: 0.248868614435
        dvar2: 0.540298223495
        max: 9.66163730621
        mean: 1.84516811371
        median: 1.62169480324
        min: -0.887661457062
        var: 1.19665944576
    spectral_spread:
        dmean: 703718.125
        dmean2: 1027779.375
        dvar: 1.09691174912e+012
        dvar2: 1.8719366185e+012
        max: 40669832
        mean: 3932470.25
        median: 3467877.5
        min: 753173.25
        var: 4.42471389594e+012
    spectral_strongpeak:
        dmean: 0.252416014671
        dmean2: 0.390860199928
        dvar: 0.247295722365
        dvar2: 0.551618218422
        max: 10.4714164734
        mean: 0.479784876108
        median: 0.178718268871
        min: 0
        var: 0.735888063908
    zerocrossingrate:
        dmean: 0.0130021758378
        dmean2: 0.0140062430874
        dvar: 0.000311513489578
        dvar2: 0.000303860026179
        max: 0.48779296875
        mean: 0.0693587809801
        median: 0.05908203125
        min: 0.00927734375
        var: 0.00206585880369
    barkbands:
        dmean: [6.567901778e-008, 5.89265528106e-006, 1.41070295285e-005, 3.38625941367e-005, 0.00015045372129, 0.000198253270355, 0.000181163632078, 0.000205887365155, 0.000183384065167, 0.000112348599941, 3.83806836908e-005, 2.1866069801e-005, 2.00204340217e-005, 1.63345412147e-005, 2.72710185527e-005, 2.62282410404e-005, 4.00177523261e-005, 3.59192563337e-005, 5.2820349083e-005, 4.83824151161e-005, 2.37347321672e-005, 5.79195193495e-006, 1.57261831646e-006, 7.09863854809e-007, 2.5282966476e-007, 1.03741770729e-008, 1.4575197993e-010]
        dmean2: [1.05316267707e-007, 9.77499348664e-006, 2.42459282163e-005, 5.37273626833e-005, 0.000212546001421, 0.000279871135717, 0.000264055037405, 0.000305451161694, 0.000266653223662, 0.000158670518431, 5.61362758162e-005, 3.36344237439e-005, 3.11429976136e-005, 2.64474001597e-005, 4.38595343439e-005, 4.28557359555e-005, 6.55776020722e-005, 5.81466738367e-005, 8.42340450617e-005, 7.58403184591e-005, 3.59400146408e-005, 9.27069140744e-006, 2.32806701206e-006, 1.03508352822e-006, 3.79294078812e-007, 1.47733203448e-008, 2.61382443467e-010]
        dvar: [5.60169857548e-013, 2.75586131693e-009, 1.06787325649e-008, 4.37410356824e-008, 2.35484478139e-007, 6.88419845574e-007, 7.06378500581e-007, 1.25240160287e-006, 8.17133070541e-007, 3.21016415228e-007, 8.4677530765e-008, 1.11673976733e-008, 6.69308519718e-008, 6.66085631096e-009, 1.90557258861e-008, 2.58993342328e-008, 5.15315257132e-008, 3.23414646175e-008, 1.07112825276e-007, 5.59287869351e-008, 2.82056742407e-008, 3.49452022874e-009, 2.23414148293e-010, 9.2014625086e-011, 6.93359605841e-012, 1.21869923075e-014, 2.77216450805e-018]
        dvar2: [1.43166695946e-012, 6.93407109509e-009, 2.86918595549e-008, 1.01683646392e-007, 4.53627308161e-007, 1.15114494292e-006, 1.25608198687e-006, 2.49952381637e-006, 1.58005707362e-006, 6.24130791493e-007, 1.65100161098e-007, 2.4451201952e-008, 1.58772451186e-007, 1.45959129227e-008, 4.79862052316e-008, 6.56562804124e-008, 1.21533062725e-007, 7.55361995175e-008, 2.44791550585e-007, 1.47437887676e-007, 6.68187567499e-008, 8.90609186399e-009, 4.50089798765e-010, 1.73269773529e-010, 1.38055348403e-011, 2.05887858032e-014, 7.56810538046e-018]
        max: [4.9157479225e-005, 0.00238984311, 0.00478400848806, 0.00671555101871, 0.0194359179586, 0.0382504872978, 0.0410338304937, 0.0401083752513, 0.03575187549, 0.0244541075081, 0.0190915111452, 0.00402147276327, 0.0281486362219, 0.00684770429507, 0.00767919281498, 0.0118178166449, 0.00991444196552, 0.0109744500369, 0.0275196637958, 0.0130519187078, 0.0149157978594, 0.00531282927841, 0.00150545896031, 0.00107606837992, 0.000223229551921, 1.07512078102e-005, 1.26654157384e-007]
        mean: [7.45632888766e-008, 1.24421876535e-005, 2.25341427722e-005, 4.31852095062e-005, 0.000277769955574, 0.00034415218397, 0.000273168145213, 0.000257137406152, 0.000238221298787, 0.000149538405822, 4.84592856083e-005, 2.82251439785e-005, 2.44728435064e-005, 2.20718811761e-005, 3.90134737245e-005, 3.80264464184e-005, 6.99164374964e-005, 6.00700295763e-005, 7.28820959921e-005, 6.87426072545e-005, 3.32355957653e-005, 7.19409945305e-006, 2.19308822125e-006, 1.05545802853e-006, 3.74345432874e-007, 1.28830519586e-008, 1.16937001748e-010]
        median: [1.05117148319e-009, 1.24313615402e-007, 7.06184323462e-007, 1.44585953876e-006, 1.95373777387e-005, 1.59811497724e-005, 1.02146696008e-005, 6.33420586382e-006, 6.05457171332e-006, 3.50169466401e-006, 1.69467648448e-006, 1.21864570701e-006, 9.60027136898e-007, 9.67915866568e-007, 1.24615746699e-006, 1.59168666869e-006, 2.13956991502e-006, 3.09508459395e-006, 5.75030389882e-006, 4.81099141325e-006, 1.48626236296e-006, 2.01828669333e-007, 4.82585562622e-008, 1.66383902211e-008, 4.30824176334e-009, 1.78134312856e-010, 9.10186509495e-012]
        min: [2.64935345701e-024, 1.59327625423e-023, 5.07566240953e-024, 1.86710754491e-023, 2.22517687405e-023, 1.15579671539e-023, 1.05803779035e-022, 5.92563849901e-023, 2.0845774376e-022, 2.02238503223e-023, 1.31536118841e-022, 7.38239069844e-023, 8.08506066116e-023, 1.88882368657e-022, 1.35317615098e-022, 1.96025952226e-022, 3.62339490012e-022, 2.52006677504e-022, 4.29761727642e-022, 3.86855242219e-022, 4.01869196377e-022, 4.83525488719e-022, 7.25334958887e-022, 8.36438027804e-022, 1.24617939968e-021, 1.41263536157e-021, 2.74946636508e-021]
        var: [6.49782961812e-013, 4.87310325425e-009, 1.50984771352e-008, 4.99517582853e-008, 6.15836370343e-007, 1.87508453564e-006, 1.63886249993e-006, 1.88249578059e-006, 1.35711616167e-006, 5.52330561732e-007, 1.40132854654e-007, 1.84787900537e-008, 7.26982207766e-008, 1.75426198012e-008, 3.25072484486e-008, 4.67825209682e-008, 1.66625952147e-007, 7.08624128265e-008, 1.22126735391e-007, 6.22912921244e-008, 3.29523430764e-008, 3.32950622628e-009, 4.54424081697e-010, 2.3310869901e-010, 1.79651796911e-011, 1.96639647382e-014, 1.87365135499e-018]
    frequency_bands:
        dmean: [6.567901778e-008, 5.89265528106e-006, 1.41070295285e-005, 3.38625941367e-005, 0.00015045372129, 0.000198253270355, 0.000181163632078, 0.000205887365155, 0.000183384065167, 0.000112348599941, 3.83806836908e-005, 2.1866069801e-005, 2.00204340217e-005, 1.63345412147e-005, 2.72710185527e-005, 2.62282410404e-005, 4.00177523261e-005, 3.59192563337e-005, 5.2820349083e-005, 4.83824151161e-005, 2.37347321672e-005, 5.79195193495e-006, 1.57261831646e-006, 7.09863854809e-007, 2.5282966476e-007, 1.03741770729e-008, 1.4575197993e-010, 2.51643809956e-011]
        dmean2: [1.05316267707e-007, 9.77499348664e-006, 2.42459282163e-005, 5.37273626833e-005, 0.000212546001421, 0.000279871135717, 0.000264055037405, 0.000305451161694, 0.000266653223662, 0.000158670518431, 5.61362758162e-005, 3.36344237439e-005, 3.11429976136e-005, 2.64474001597e-005, 4.38595343439e-005, 4.28557359555e-005, 6.55776020722e-005, 5.81466738367e-005, 8.42340450617e-005, 7.58403184591e-005, 3.59400146408e-005, 9.27069140744e-006, 2.32806701206e-006, 1.03508352822e-006, 3.79294078812e-007, 1.47733203448e-008, 2.61382443467e-010, 4.66718781678e-011]
        dvar: [5.60169857548e-013, 2.75586131693e-009, 1.06787325649e-008, 4.37410356824e-008, 2.35484478139e-007, 6.88419845574e-007, 7.06378500581e-007, 1.25240160287e-006, 8.17133070541e-007, 3.21016415228e-007, 8.4677530765e-008, 1.11673976733e-008, 6.69308519718e-008, 6.66085631096e-009, 1.90557258861e-008, 2.58993342328e-008, 5.15315257132e-008, 3.23414646175e-008, 1.07112825276e-007, 5.59287869351e-008, 2.82056742407e-008, 3.49452022874e-009, 2.23414148293e-010, 9.2014625086e-011, 6.93359605841e-012, 1.21869923075e-014, 2.77216450805e-018, 4.67028960735e-021]
        dvar2: [1.43166695946e-012, 6.93407109509e-009, 2.86918595549e-008, 1.01683646392e-007, 4.53627308161e-007, 1.15114494292e-006, 1.25608198687e-006, 2.49952381637e-006, 1.58005707362e-006, 6.24130791493e-007, 1.65100161098e-007, 2.4451201952e-008, 1.58772451186e-007, 1.45959129227e-008, 4.79862052316e-008, 6.56562804124e-008, 1.21533062725e-007, 7.55361995175e-008, 2.44791550585e-007, 1.47437887676e-007, 6.68187567499e-008, 8.90609186399e-009, 4.50089798765e-010, 1.73269773529e-010, 1.38055348403e-011, 2.05887858032e-014, 7.56810538046e-018, 1.47264806222e-020]
        max: [4.9157479225e-005, 0.00238984311, 0.00478400848806, 0.00671555101871, 0.0194359179586, 0.0382504872978, 0.0410338304937, 0.0401083752513, 0.03575187549, 0.0244541075081, 0.0190915111452, 0.00402147276327, 0.0281486362219, 0.00684770429507, 0.00767919281498, 0.0118178166449, 0.00991444196552, 0.0109744500369, 0.0275196637958, 0.0130519187078, 0.0149157978594, 0.00531282927841, 0.00150545896031, 0.00107606837992, 0.000223229551921, 1.07512078102e-005, 1.26654157384e-007, 1.35388089628e-009]
        mean: [7.45632888766e-008, 1.24421876535e-005, 2.25341427722e-005, 4.31852095062e-005, 0.000277769955574, 0.00034415218397, 0.000273168145213, 0.000257137406152, 0.000238221298787, 0.000149538405822, 4.84592856083e-005, 2.82251439785e-005, 2.44728435064e-005, 2.20718811761e-005, 3.90134737245e-005, 3.80264464184e-005, 6.99164374964e-005, 6.00700295763e-005, 7.28820959921e-005, 6.87426072545e-005, 3.32355957653e-005, 7.19409945305e-006, 2.19308822125e-006, 1.05545802853e-006, 3.74345432874e-007, 1.28830519586e-008, 1.16937001748e-010, 1.94900519335e-011]
        median: [1.05117148319e-009, 1.24313615402e-007, 7.06184323462e-007, 1.44585953876e-006, 1.95373777387e-005, 1.59811497724e-005, 1.02146696008e-005, 6.33420586382e-006, 6.05457171332e-006, 3.50169466401e-006, 1.69467648448e-006, 1.21864570701e-006, 9.60027136898e-007, 9.67915866568e-007, 1.24615746699e-006, 1.59168666869e-006, 2.13956991502e-006, 3.09508459395e-006, 5.75030389882e-006, 4.81099141325e-006, 1.48626236296e-006, 2.01828669333e-007, 4.82585562622e-008, 1.66383902211e-008, 4.30824176334e-009, 1.78134312856e-010, 9.10186509495e-012, 1.55510489468e-012]
        min: [2.64935345701e-024, 1.59327625423e-023, 5.07566240953e-024, 1.86710754491e-023, 2.22517687405e-023, 1.15579671539e-023, 1.05803779035e-022, 5.92563849901e-023, 2.0845774376e-022, 2.02238503223e-023, 1.31536118841e-022, 7.38239069844e-023, 8.08506066116e-023, 1.88882368657e-022, 1.35317615098e-022, 1.96025952226e-022, 3.62339490012e-022, 2.52006677504e-022, 4.29761727642e-022, 3.86855242219e-022, 4.01869196377e-022, 4.83525488719e-022, 7.25334958887e-022, 8.36438027804e-022, 1.24617939968e-021, 1.41263536157e-021, 2.74946636508e-021, 5.90932750606e-022]
        var: [6.49782961812e-013, 4.87310325425e-009, 1.50984771352e-008, 4.99517582853e-008, 6.15836370343e-007, 1.87508453564e-006, 1.63886249993e-006, 1.88249578059e-006, 1.35711616167e-006, 5.52330561732e-007, 1.40132854654e-007, 1.84787900537e-008, 7.26982207766e-008, 1.75426198012e-008, 3.25072484486e-008, 4.67825209682e-008, 1.66625952147e-007, 7.08624128265e-008, 1.22126735391e-007, 6.22912921244e-008, 3.29523430764e-008, 3.32950622628e-009, 4.54424081697e-010, 2.3310869901e-010, 1.79651796911e-011, 1.96639647382e-014, 1.87365135499e-018, 3.84778773514e-021]
    mfcc:
        mean: [-887.769104004, 108.001174927, -28.2465209961, 28.434469223, -24.6190013885, -30.2697257996, -9.51955318451, -16.6738471985, -11.2713890076, -5.09558963776, -11.3841295242, -8.5367193222, -6.03479290009]
        cov: [[10218.0390625, 1624.35229492, -2270.74121094, 1066.76525879, -858.774963379, -103.802452087, 9.15538692474, -215.995483398, 127.710380554, 119.486244202, -285.758850098, -134.563751221, -171.504577637], [1624.35229492, 1870.19665527, -295.900054932, -91.7391662598, -274.873321533, -451.089477539, 95.1602706909, -247.541290283, -114.752487183, 6.76450872421, -160.939971924, -117.208473206, -138.179260254], [-2270.74121094, -295.900054932, 1335.94946289, -67.8966674805, 102.208045959, 143.98815918, -54.7174339294, 11.5891017914, -82.2285690308, -90.1624679565, 77.513092041, 26.7932853699, 14.4134407043], [1066.76525879, -91.7391662598, -67.8966674805, 833.201721191, 79.0793609619, -61.5315208435, -47.6047019958, -55.3956069946, 76.6561965942, -21.4492301941, -43.525642395, 49.3510551453, 14.2815542221], [-858.774963379, -274.873321533, 102.208045959, 79.0793609619, 653.568359375, 144.783126831, -23.9421577454, 226.977539063, 57.6700248718, 32.6392211914, 122.665267944, 57.4907264709, 67.0953369141], [-103.802452087, -451.089477539, 143.98815918, -61.5315208435, 144.783126831, 552.321655273, 96.5489501953, 157.732406616, 110.243965149, 2.39310073853, 117.204872131, 42.1437416077, 29.8466205597], [9.15538692474, 95.1602706909, -54.7174339294, -47.6047019958, -23.9421577454, 96.5489501953, 288.402770996, 72.4926757813, 28.0555667877, 25.1138458252, -0.175533249974, 19.8018512726, -24.131734848], [-215.995483398, -247.541290283, 11.5891017914, -55.3956069946, 226.977539063, 157.732406616, 72.4926757813, 350.275268555, 111.35836792, 15.6938295364, 96.1161956787, 42.632068634, 47.4289245605], [127.710380554, -114.752487183, -82.2285690308, 76.6561965942, 57.6700248718, 110.243965149, 28.0555667877, 111.35836792, 267.490966797, 61.3593177795, 18.1500167847, 43.2935333252, 7.21127986908], [119.486244202, 6.76450872421, -90.1624679565, -21.4492301941, 32.6392211914, 2.39310073853, 25.1138458252, 15.6938295364, 61.3593177795, 180.753189087, 49.1389541626, -19.6904296875, 8.10546302795], [-285.758850098, -160.939971924, 77.513092041, -43.525642395, 122.665267944, 117.204872131, -0.175533249974, 96.1161956787, 18.1500167847, 49.1389541626, 193.521224976, 56.6868553162, 20.4912204742], [-134.563751221, -117.208473206, 26.7932853699, 49.3510551453, 57.4907264709, 42.1437416077, 19.8018512726, 42.632068634, 43.2935333252, -19.6904296875, 56.6868553162, 147.979187012, 47.4727516174], [-171.504577637, -138.179260254, 14.4134407043, 14.2815542221, 67.0953369141, 29.8466205597, -24.131734848, 47.4289245605, 7.21127986908, 8.10546302795, 20.4912204742, 47.4727516174, 132.161575317]]
        icov: [[0.00044824386714, -0.000471246690722, 0.00067029253114, -0.000744830002077, 0.000730257539544, -0.000851732562296, 0.000699184951372, -0.000685979321133, 0.00053033902077, -0.000503157847561, 0.000339941965649, -0.000232089616475, 0.000324404041748], [-0.000471246690722, 0.00131579092704, -0.000613238720689, 0.000913379888516, -0.000808217911981, 0.00153587642126, -0.00128221698105, 0.00112640787847, -0.000676166033372, 0.000675196119118, -0.000409458036302, 0.000586399866734, 5.78434628551e-006], [0.00067029253114, -0.000613238720689, 0.00186221976765, -0.00104538188316, 0.000980837037787, -0.0014299073955, 0.00113524962217, -0.0008652038523, 0.00100306468084, -0.000308612245135, 0.000195959655684, -0.000320972118061, 0.000530408578925], [-0.000744830002077, 0.000913379888516, -0.00104538188316, 0.00265412870795, -0.00158470252063, 0.00169163488317, -0.00117448496167, 0.0017383149825, -0.00152687088121, 0.00116030545905, -0.000313356489642, 3.92558649764e-005, -0.000553549616598], [0.000730257539544, -0.000808217911981, 0.000980837037787, -0.00158470252063, 0.00348856626078, -0.00167535990477, 0.00173668924253, -0.00262075592764, 0.00131015281659, -0.00134691607673, 0.000156147361849, -0.000688441039529, 0.000266012561042], [-0.000851732562296, 0.00153587642126, -0.0014299073955, 0.00169163488317, -0.00167535990477, 0.0048496988602, -0.00279879570007, 0.00164825608954, -0.00245247641578, 0.00218004127964, -0.00239508389495, 0.00157360848971, -0.00106734689325], [0.000699184951372, -0.00128221698105, 0.00113524962217, -0.00117448496167, 0.00173668924253, -0.00279879570007, 0.00607413798571, -0.00291319191456, 0.00191311375238, -0.00247341301292, 0.00224321871065, -0.00245226547122, 0.00205513439141], [-0.000685979321133, 0.00112640787847, -0.0008652038523, 0.0017383149825, -0.00262075592764, 0.00164825608954, -0.00291319191456, 0.00680828047916, -0.00324182352051, 0.00258110137656, -0.00272639840841, 0.00181066826917, -0.00203202292323], [0.00053033902077, -0.000676166033372, 0.00100306468084, -0.00152687088121, 0.00131015281659, -0.00245247641578, 0.00191311375238, -0.00324182352051, 0.00692381570116, -0.0037038451992, 0.00271841464564, -0.00304718641564, 0.00196073902771], [-0.000503157847561, 0.000675196119118, -0.000308612245135, 0.00116030545905, -0.00134691607673, 0.00218004127964, -0.00247341301292, 0.00258110137656, -0.0037038451992, 0.00916341785342, -0.00444934563711, 0.00399032281712, -0.002328540897], [0.000339941965649, -0.000409458036302, 0.000195959655684, -0.000313356489642, 0.000156147361849, -0.00239508389495, 0.00224321871065, -0.00272639840841, 0.00271841464564, -0.00444934563711, 0.009915843606, -0.00471717538312, 0.00215671909973], [-0.000232089616475, 0.000586399866734, -0.000320972118061, 3.92558649764e-005, -0.000688441039529, 0.00157360848971, -0.00245226547122, 0.00181066826917, -0.00304718641564, 0.00399032281712, -0.00471717538312, 0.011241436936, -0.00414577545598], [0.000324404041748, 5.78434628551e-006, 0.000530408578925, -0.000553549616598, 0.000266012561042, -0.00106734689325, 0.00205513439141, -0.00203202292323, 0.00196073902771, -0.002328540897, 0.00215671909973, -0.00414577545598, 0.0103965746239]]
    sccoeffs:
        dmean: [0.0584860108793, 0.0606440342963, 0.0469320751727, 0.0349233224988, 0.0296653434634, 0.0273973233998]
        dmean2: [0.0883233621716, 0.0912931188941, 0.0694002658129, 0.0532185249031, 0.0445748157799, 0.0401364900172]
        dvar: [0.00308649148792, 0.00340973236598, 0.00208413111977, 0.00109042704571, 0.000847436778713, 0.000747466750909]
        dvar2: [0.00563376862556, 0.00600217515603, 0.00360363279469, 0.00212312978692, 0.00165473949164, 0.00141811650246]
        max: [-0.220208898187, -0.216307207942, -0.307338654995, -0.487611651421, -0.502622663975, -0.272798091173]
        mean: [-0.631291508675, -0.717060089111, -0.777634203434, -0.808972597122, -0.80209416151, -0.770576834679]
        median: [-0.647493183613, -0.744170665741, -0.801578760147, -0.825139701366, -0.812207460403, -0.780846118927]
        min: [-0.97154468298, -0.960072994232, -0.964773356915, -0.979021310806, -0.971620678902, -0.959461092949]
        var: [0.0201486200094, 0.0173327475786, 0.00985560100526, 0.00483393575996, 0.00385941239074, 0.00479294080287]
    scvalleys:
        dmean: [0.499157220125, 0.499849945307, 0.434361070395, 0.375246345997, 0.370599687099, 0.3868727386]
        dmean2: [0.81024479866, 0.798695147038, 0.667349457741, 0.569646596909, 0.533444344997, 0.529023349285]
        dvar: [0.205510601401, 0.22085955739, 0.171159893274, 0.151403307915, 0.159829556942, 0.176536440849]
        dvar2: [0.482695192099, 0.493720889091, 0.347251594067, 0.30972212553, 0.298474878073, 0.299379616976]
        max: [-4.6667509079, -4.52494573593, -4.82698059082, -5.21754217148, -4.86293554306, -6.76917552948]
        mean: [-9.37391281128, -7.93923521042, -8.65479373932, -9.22833442688, -9.18618583679, -12.1118841171]
        median: [-9.33127784729, -7.8382024765, -8.63455963135, -9.25114059448, -9.14650154114, -12.2467212677]
        min: [-26.9942359924, -27.3015365601, -27.2044086456, -27.2629623413, -27.3455162048, -27.328710556]
        var: [2.16227149963, 1.63193261623, 1.84436202049, 1.95369839668, 2.07069396973, 1.95658779144]

rhythm:
    beats_loudness:
        dmean: 0.00378408539109
        dmean2: 0.00695686275139
        dvar: 2.3999293262e-005
        dvar2: 6.81863748468e-005
        max: 0.032210111618
        mean: 0.00338615709916
        median: 0.0013510689605
        min: 2.40433256637e-010
        var: 2.28446297115e-005
    bpm: 117.931838989
    bpm_confidence: 0
    first_peak_bpm: 117
    first_peak_spread: 0.540000021458
    first_peak_weight: 0.0866834148765
    onset_rate: 3.68555617332
    second_peak_bpm: 123
    second_peak_spread: 0.463636368513
    second_peak_weight: 0.0741206035018
    beats_loudness_band_ratio:
        dmean: [0.104421846569, 0.257495731115, 0.249749526381, 0.118376925588, 0.104133844376, 0.120155356824]
        dmean2: [0.190566375852, 0.450273692608, 0.433430999517, 0.212844654918, 0.183305680752, 0.213198617101]
        dvar: [0.0192474126816, 0.0471787527204, 0.0442577973008, 0.0235225446522, 0.018481047824, 0.027260331437]
        dvar2: [0.0556246004999, 0.128696650267, 0.124483302236, 0.0615924522281, 0.0531711392105, 0.0769508630037]
        max: [0.772612392902, 0.989343464375, 0.986578404903, 0.917058110237, 0.964451849461, 0.973434627056]
        mean: [0.0948181375861, 0.306056559086, 0.323042541742, 0.103145420551, 0.120335049927, 0.117161363363]
        median: [0.0303420741111, 0.233915179968, 0.250611394644, 0.0435151904821, 0.0517511107028, 0.05755065009]
        min: [1.74542929017e-005, 0.000251327932347, 0.00108422373887, 0.000181610579602, 8.72380187502e-005, 4.06701401516e-005]
        var: [0.018985375762, 0.0669701546431, 0.0629450008273, 0.021950751543, 0.0242438409477, 0.0248648766428]
