
metadata:
    version:
        essentia: "2.1-beta2"
    audio_properties:
        analysis_sample_rate: 44100
        bitrate: 320
        channels: 2
        equal_loudness: 1
        length: 226.429382324
        replay_gain: -6.88821220398
        downmix: "mix"
    tags:
        album: "The Arockalypse"
        artist: "Lordi"
        comment: ""
        date: "2006"
        genre: "Hard Rock"
        title: "SCG3 Special Report"
        tracknumber: "01"

configuration:
    average_loudness:
        compute: 1
        frameSize: 88200
        hopSize: 44100
        silentFrames: "noise"
        windowType: "hann"
    general:
        analysisSampleRate: 44100
        endTime: 2000
        equalLoudness: 1
        nequalLoudness: 0
        shortSound: 0
        startTime: 0
    lowlevel:
        compute: 1
        frameSize: 2048
        hopSize: 1024
        zeroPadding: 0
        silentFrames: "noise"
        windowType: "blackmanharris62"
        mfccStats: ["mean", "cov", "icov"]
        stats: ["mean", "var", "median", "min", "max", "dmean", "dmean2", "dvar", "dvar2"]
    panning:
        compute: 0
        frameSize: 8192
        hopSize: 2048
        zeroPadding: 8192
        silentFrames: "noise"
        windowType: "hann"
        stats: ["copy"]
    rhythm:
        compute: 1
        maxTempo: 208
        minTempo: 40
        method: "degara"
        stats: ["mean", "var", "median", "min", "max", "dmean", "dmean2", "dvar", "dvar2"]
    segmentation:
        compute: 0
        cpw: 5
        inc1: 300
        inc2: 50
        minimumSegmentsLength: 10
        size1: 1000
        size2: 600
    sfx:
        compute: 1
        stats: ["mean", "var", "median", "min", "max", "dmean", "dmean2", "dvar", "dvar2"]
    svm:
        compute: 0
    tonal:
        compute: 1
        frameSize: 4096
        hopSize: 2048
        zeroPadding: 0
        silentFrames: "noise"
        windowType: "blackmanharris62"
        stats: ["mean", "var", "median", "min", "max", "dmean", "dmean2", "dvar", "dvar2"]

lowlevel:
    average_loudness: 0.0440827161074
    barkbands_kurtosis:
        dmean: 345.618560791
        dmean2: 583.744689941
        dvar: 67587456
        dvar2: 187239600
        max: 483177.375
        mean: 300.784240723
        median: 1.92289793491
        min: -1.94703662395
        var: 53805856
    barkbands_skewness:
        dmean: 1.43524479866
        dmean2: 2.42208099365
        dvar: 159.54776001
        dvar2: 543.954284668
        max: 488.735229492
        mean: 1.48734271526
        median: 1.19140100479
        min: -212.938568115
        var: 78.9829177856
    barkbands_spread:
        dmean: 6.80269670486
        dmean2: 10.9822807312
        dvar: 79.841758728
        dvar2: 194.10975647
        max: 79.7826843262
        mean: 17.8416519165
        median: 14.6940002441
        min: 0.000131300505018
        var: 180.100952148
    dissonance:
        dmean: 0.0316309630871
        dmean2: 0.0508272051811
        dvar: 0.00170228513889
        dvar2: 0.0041114911437
        max: 0.500000178814
        mean: 0.441146969795
        median: 0.46612995863
        min: 0.0163036249578
        var: 0.00472389999777
    hfc:
        dmean: 1.3807541132
        dmean2: 1.88874101639
        dvar: 9.82556152344
        dvar2: 15.4539394379
        max: 163.189422607
        mean: 2.99334096909
        median: 1.13775002956
        min: 1.15813200222e-016
        var: 37.1453552246
    pitch:
        dmean: 523.176208496
        dmean2: 989.172058105
        dvar: 1241574.25
        dvar2: 2861891.25
        max: 6055.89746094
        mean: 1023.75598145
        median: 244.720962524
        min: 50.2886352539
        var: 2196877.5
    pitch_instantaneous_confidence:
        dmean: 0.112603031099
        dmean2: 0.178881555796
        dvar: 0.0104122757912
        dvar2: 0.0230177324265
        max: 0.996503591537
        mean: 0.497244626284
        median: 0.486173510551
        min: 0.108039319515
        var: 0.0393486246467
    pitch_salience:
        dmean: 0.0840050950646
        dmean2: 0.137160181999
        dvar: 0.00554027035832
        dvar2: 0.0141116855666
        max: 0.960987269878
        mean: 0.633787035942
        median: 0.653344750404
        min: 0.00667305849493
        var: 0.0166953355074
    silence_rate_20dB:
        dmean: 0
        dmean2: 0
        dvar: 0
        dvar2: 0
        max: 1
        mean: 1
        median: 1
        min: 1
        var: 0
    silence_rate_30dB:
        dmean: 0
        dmean2: 0
        dvar: 0
        dvar2: 0
        max: 1
        mean: 1
        median: 1
        min: 1
        var: 0
    silence_rate_60dB:
        dmean: 0.10233797878
        dmean2: 0.204696953297
        dvar: 0.0918674841523
        dvar2: 0.187611609697
        max: 1
        mean: 0.73187738657
        median: 1
        min: 0
        var: 0.196237728
    spectral_centroid:
        dmean: 335.209777832
        dmean2: 501.177307129
        dvar: 317871.96875
        dvar2: 552542.125
        max: 11346.7363281
        mean: 1175.08886719
        median: 803.502258301
        min: 144.905136108
        var: 1119099.125
    spectral_complexity:
        dmean: 1.86033630371
        dmean2: 2.80484056473
        dvar: 6.31355381012
        dvar2: 12.149928093
        max: 43
        mean: 5.3105711937
        median: 3
        min: 0
        var: 37.9505958557
    spectral_crest:
        dmean: 3.01691174507
        dmean2: 4.95061254501
        dvar: 6.94860744476
        dvar2: 17.3041114807
        max: 26.9987926483
        mean: 10.2360467911
        median: 9.43033504486
        min: 2.48435974121
        var: 19.7900314331
    spectral_decrease:
        dmean: 2.59002541636e-010
        dmean2: 3.80298875724e-010
        dvar: 1.70751068139e-019
        dvar2: 3.51651694093e-019
        max: 7.17367436605e-029
        mean: -6.28836760441e-010
        median: -3.43470890618e-010
        min: -1.11948681436e-008
        var: 7.41065320522e-019
    spectral_energy:
        dmean: 0.00108208646998
        dmean2: 0.00157632865012
        dvar: 2.96932103083e-006
        dvar2: 5.87820068176e-006
        max: 0.0564757958055
        mean: 0.00264488090761
        median: 0.0014472308103
        min: 1.02338502657e-020
        var: 1.34074789457e-005
    spectral_energyband_high:
        dmean: 9.22637700569e-005
        dmean2: 0.000127588151372
        dvar: 1.26869139194e-007
        dvar2: 2.1341823242e-007
        max: 0.0108750937507
        mean: 0.000136409231345
        median: 8.1521257016e-006
        min: 6.99214963998e-021
        var: 3.22403394648e-007
    spectral_energyband_low:
        dmean: 0.000151800937601
        dmean2: 0.000259022868704
        dvar: 2.03908911089e-007
        dvar2: 5.50449726688e-007
        max: 0.0165986344218
        mean: 0.000207668621442
        median: 5.23369089933e-005
        min: 7.75415433735e-023
        var: 3.84440284051e-007
    spectral_energyband_middle_high:
        dmean: 0.000398765318096
        dmean2: 0.000557654886506
        dvar: 1.00662259683e-006
        dvar2: 1.67289431374e-006
        max: 0.0537777431309
        mean: 0.000863177760039
        median: 0.000226820047828
        min: 1.68917167523e-021
        var: 4.14260830439e-006
    spectral_energyband_middle_low:
        dmean: 0.000799550907686
        dmean2: 0.00121785374358
        dvar: 1.76754804215e-006
        dvar2: 4.06462777391e-006
        max: 0.0244657881558
        mean: 0.00155038572848
        median: 0.000821048335638
        min: 3.07001717926e-022
        var: 4.66745495942e-006
    spectral_flatness_db:
        dmean: 0.0325700007379
        dmean2: 0.0488663874567
        dvar: 0.00115760276094
        dvar2: 0.00239240145311
        max: 0.906718432903
        mean: 0.226801156998
        median: 0.217262536287
        min: 0.0490319952369
        var: 0.00729212258011
    spectral_flux:
        dmean: 0.00891372933984
        dmean2: 0.0137229012325
        dvar: 0.000102707374026
        dvar2: 0.000230331279454
        max: 0.192678302526
        mean: 0.0298905018717
        median: 0.0259953998029
        min: 1.01162495048e-010
        var: 0.000466910511022
    spectral_kurtosis:
        dmean: 6.26311826706
        dmean2: 10.5426769257
        dvar: 1090.37963867
        dvar2: 3759.05810547
        max: 1140.63342285
        mean: 10.8604335785
        median: 6.72361183167
        min: -1.47706794739
        var: 888.471435547
    spectral_rms:
        dmean: 0.000311671057716
        dmean2: 0.000438464689068
        dvar: 1.21632922401e-007
        dvar2: 2.21662702415e-007
        max: 0.00742282532156
        mean: 0.00131794286426
        median: 0.00118824769743
        min: 3.15978536738e-012
        var: 8.43403427098e-007
    spectral_rolloff:
        dmean: 628.68182373
        dmean2: 1035.5513916
        dvar: 994544.375
        dvar2: 1884718
        max: 19121.484375
        mean: 1909.73242188
        median: 1248.92578125
        min: 107.666015625
        var: 2771245.5
    spectral_skewness:
        dmean: 0.539602577686
        dmean2: 0.819437325001
        dvar: 0.883600771427
        dvar2: 2.69707369804
        max: 30.072221756
        mean: 2.16317462921
        median: 1.9647359848
        min: -0.571627795696
        var: 2.25500130653
    spectral_spread:
        dmean: 819564.25
        dmean2: 1211626.5
        dvar: 1.45246414438e+012
        dvar2: 2.69605640602e+012
        max: 41561528
        mean: 4113754.75
        median: 3435573.25
        min: 163518.796875
        var: 8.23104844595e+012
    spectral_strongpeak:
        dmean: 0.250544190407
        dmean2: 0.405839622021
        dvar: 0.233179539442
        dvar2: 0.60756200552
        max: 10.480465889
        mean: 0.3881072402
        median: 0.196696594357
        min: 2.20256302086e-009
        var: 0.329478800297
    zerocrossingrate:
        dmean: 0.0130694843829
        dmean2: 0.0142892999575
        dvar: 0.000313460128382
        dvar2: 0.000291678501526
        max: 0.51416015625
        mean: 0.0658683553338
        median: 0.05029296875
        min: 0.0068359375
        var: 0.00229984754696
    barkbands:
        dmean: [4.66371083974e-008, 1.83052216016e-005, 8.03974617156e-005, 0.000202697730856, 0.000289768213406, 0.000141097654705, 0.000200701062568, 0.000169452105183, 0.000168131839018, 0.000109351844003, 7.62246272643e-005, 5.82250540901e-005, 4.52011954621e-005, 3.9890393964e-005, 4.29739047831e-005, 4.21934200858e-005, 5.85250927543e-005, 5.78867984586e-005, 6.45930122118e-005, 5.16569416504e-005, 4.28959101555e-005, 2.25977983064e-005, 9.54721872404e-006, 1.90294429103e-006, 3.81373268965e-007, 8.85410678109e-009, 1.55591373119e-010]
        dmean2: [7.63766863088e-008, 3.21580446325e-005, 0.000138986564707, 0.000344399129972, 0.000486125383759, 0.000218457513256, 0.000316194549669, 0.00026395538589, 0.000259246124187, 0.000170056329807, 0.000121197888802, 9.10168309929e-005, 7.1260103141e-005, 6.35396572761e-005, 6.89702064847e-005, 6.39545542072e-005, 8.59327847138e-005, 8.70424337336e-005, 9.73301212071e-005, 7.65149088693e-005, 6.16403413005e-005, 3.21211300616e-005, 1.33802022901e-005, 2.72394663625e-006, 5.49144886008e-007, 1.34160584864e-008, 2.75206663014e-010]
        dvar: [2.97637111626e-014, 8.73862227024e-009, 8.54327453226e-008, 2.28505257382e-007, 3.83490117883e-007, 1.47010524643e-007, 3.2878813272e-007, 3.44445254541e-007, 2.96266705391e-007, 1.65811059105e-007, 7.94229890744e-008, 4.36175007223e-008, 2.13949107319e-008, 2.26578880103e-008, 3.36641008403e-008, 2.99165741069e-008, 5.50987380166e-008, 8.62056381834e-008, 9.15168243409e-008, 2.88093744416e-008, 4.05533100434e-008, 1.05801554184e-008, 2.74170974812e-009, 9.73106248359e-011, 3.28869592149e-012, 1.11592832092e-015, 1.52486196431e-019]
        dvar2: [7.60029585383e-014, 2.4989027736e-008, 2.16420417587e-007, 6.48042259854e-007, 1.05292974695e-006, 3.2270602901e-007, 7.49863033889e-007, 7.77365187332e-007, 6.44008594008e-007, 3.73737634618e-007, 1.86699836036e-007, 9.84942900573e-008, 5.00691434979e-008, 5.31500248258e-008, 7.86529454899e-008, 5.83647441488e-008, 1.03159450759e-007, 1.64985181073e-007, 1.46597599837e-007, 5.63790116814e-008, 7.6510033864e-008, 1.97666363277e-008, 4.55640281061e-009, 1.83257228836e-010, 5.77396290502e-012, 2.03096901411e-015, 4.19401017435e-019]
        max: [6.6731017796e-006, 0.0038906224072, 0.0104522369802, 0.0111981742084, 0.0166603252292, 0.00888276286423, 0.0139144118875, 0.0143033377826, 0.0133537854999, 0.0192117635161, 0.00821072421968, 0.00691194040701, 0.00406126910821, 0.00527060171589, 0.00837620720267, 0.0099879540503, 0.0107659325004, 0.0195069909096, 0.023888323456, 0.00743173249066, 0.00782098714262, 0.00308977486566, 0.00326711451635, 0.000436837697634, 0.000103700440377, 1.68972292158e-006, 9.78536629503e-009]
        mean: [5.88181165995e-008, 2.12687846215e-005, 9.62699850788e-005, 0.000241797257331, 0.000439275550889, 0.000187530837138, 0.00022529756825, 0.000190207938431, 0.000222653834498, 0.000147501152242, 0.000103381811641, 7.61930714361e-005, 6.12875301158e-005, 5.46537303308e-005, 5.99817431066e-005, 5.84445515415e-005, 9.10304006538e-005, 8.833668835e-005, 0.000103544189187, 6.96514543961e-005, 5.9016598243e-005, 3.11313960992e-005, 1.32818040584e-005, 2.55902318713e-006, 5.14392638706e-007, 1.28131816268e-008, 2.20696405595e-010]
        median: [3.83116249836e-009, 2.69592828772e-006, 2.14754854824e-005, 3.5942375689e-005, 0.000136773916893, 4.20721225964e-005, 3.5161850974e-005, 2.18376953853e-005, 2.21254249482e-005, 1.53229866555e-005, 9.54282404564e-006, 6.81309575157e-006, 5.56621534997e-006, 5.35455546924e-006, 5.08243647346e-006, 5.63059575143e-006, 8.12389043858e-006, 9.5840114227e-006, 2.49500553764e-005, 8.74144370755e-006, 1.61804121035e-006, 7.04402339124e-007, 3.13854570777e-007, 9.47883052049e-008, 3.38493570951e-008, 8.63928595329e-010, 3.35231634119e-011]
        min: [1.32224723413e-023, 2.08002110323e-023, 4.06949391186e-023, 3.3627669164e-024, 8.20707030638e-023, 5.10298973458e-023, 4.22904734083e-023, 2.9787088014e-023, 8.86558046671e-023, 4.87303678071e-023, 1.49013767647e-022, 6.39539696391e-023, 1.50221835548e-022, 1.11098928975e-022, 1.49757543574e-022, 2.4450798031e-022, 1.30945142116e-022, 2.35589888843e-022, 2.10734964313e-022, 3.16184387029e-022, 4.72080921898e-022, 3.77172044027e-022, 3.81499495139e-022, 7.88806833539e-022, 8.79237657285e-022, 1.77379390788e-021, 2.51369121383e-021]
        var: [5.14494114087e-014, 1.18860272735e-008, 1.44989925843e-007, 2.85439909931e-007, 6.06915989465e-007, 2.27609817216e-007, 4.17378998918e-007, 4.3609688305e-007, 5.39833706625e-007, 2.78017097344e-007, 1.44090321896e-007, 6.87673846755e-008, 4.03777598024e-008, 3.75058242241e-008, 5.77573722182e-008, 5.96662914631e-008, 1.42685919968e-007, 2.33981552356e-007, 2.18555143761e-007, 6.416177456e-008, 8.5266520955e-008, 2.24261054171e-008, 7.02305458233e-009, 2.12823716983e-010, 7.15336644086e-012, 2.81881511066e-015, 7.42064761497e-019]
    frequency_bands:
        dmean: [4.66371083974e-008, 1.83052216016e-005, 8.03974617156e-005, 0.000202697730856, 0.000289768213406, 0.000141097654705, 0.000200701062568, 0.000169452105183, 0.000168131839018, 0.000109351844003, 7.62246272643e-005, 5.82250540901e-005, 4.52011954621e-005, 3.9890393964e-005, 4.29739047831e-005, 4.21934200858e-005, 5.85250927543e-005, 5.78867984586e-005, 6.45930122118e-005, 5.16569416504e-005, 4.28959101555e-005, 2.25977983064e-005, 9.54721872404e-006, 1.90294429103e-006, 3.81373268965e-007, 8.85410678109e-009, 1.55591373119e-010, 3.04047793886e-011]
        dmean2: [7.63766863088e-008, 3.21580446325e-005, 0.000138986564707, 0.000344399129972, 0.000486125383759, 0.000218457513256, 0.000316194549669, 0.00026395538589, 0.000259246124187, 0.000170056329807, 0.000121197888802, 9.10168309929e-005, 7.1260103141e-005, 6.35396572761e-005, 6.89702064847e-005, 6.39545542072e-005, 8.59327847138e-005, 8.70424337336e-005, 9.73301212071e-005, 7.65149088693e-005, 6.16403413005e-005, 3.21211300616e-005, 1.33802022901e-005, 2.72394663625e-006, 5.49144886008e-007, 1.34160584864e-008, 2.75206663014e-010, 5.65680974285e-011]
        dvar: [2.97637111626e-014, 8.73862227024e-009, 8.54327453226e-008, 2.28505257382e-007, 3.83490117883e-007, 1.47010524643e-007, 3.2878813272e-007, 3.44445254541e-007, 2.96266705391e-007, 1.65811059105e-007, 7.94229890744e-008, 4.36175007223e-008, 2.13949107319e-008, 2.26578880103e-008, 3.36641008403e-008, 2.99165741069e-008, 5.50987380166e-008, 8.62056381834e-008, 9.15168243409e-008, 2.88093744416e-008, 4.05533100434e-008, 1.05801554184e-008, 2.74170974812e-009, 9.73106248359e-011, 3.28869592149e-012, 1.11592832092e-015, 1.52486196431e-019, 4.71284174908e-021]
        dvar2: [7.60029585383e-014, 2.4989027736e-008, 2.16420417587e-007, 6.48042259854e-007, 1.05292974695e-006, 3.2270602901e-007, 7.49863033889e-007, 7.77365187332e-007, 6.44008594008e-007, 3.73737634618e-007, 1.86699836036e-007, 9.84942900573e-008, 5.00691434979e-008, 5.31500248258e-008, 7.86529454899e-008, 5.83647441488e-008, 1.03159450759e-007, 1.64985181073e-007, 1.46597599837e-007, 5.63790116814e-008, 7.6510033864e-008, 1.97666363277e-008, 4.55640281061e-009, 1.83257228836e-010, 5.77396290502e-012, 2.03096901411e-015, 4.19401017435e-019, 1.53850504835e-020]
        max: [6.6731017796e-006, 0.0038906224072, 0.0104522369802, 0.0111981742084, 0.0166603252292, 0.00888276286423, 0.0139144118875, 0.0143033377826, 0.0133537854999, 0.0192117635161, 0.00821072421968, 0.00691194040701, 0.00406126910821, 0.00527060171589, 0.00837620720267, 0.0099879540503, 0.0107659325004, 0.0195069909096, 0.023888323456, 0.00743173249066, 0.00782098714262, 0.00308977486566, 0.00326711451635, 0.000436837697634, 0.000103700440377, 1.68972292158e-006, 9.78536629503e-009, 1.70466618599e-009]
        mean: [5.88181165995e-008, 2.12687846215e-005, 9.62699850788e-005, 0.000241797257331, 0.000439275550889, 0.000187530837138, 0.00022529756825, 0.000190207938431, 0.000222653834498, 0.000147501152242, 0.000103381811641, 7.61930714361e-005, 6.12875301158e-005, 5.46537303308e-005, 5.99817431066e-005, 5.84445515415e-005, 9.10304006538e-005, 8.833668835e-005, 0.000103544189187, 6.96514543961e-005, 5.9016598243e-005, 3.11313960992e-005, 1.32818040584e-005, 2.55902318713e-006, 5.14392638706e-007, 1.28131816268e-008, 2.20696405595e-010, 2.40939160984e-011]
        median: [3.83116249836e-009, 2.69592828772e-006, 2.14754854824e-005, 3.5942375689e-005, 0.000136773916893, 4.20721225964e-005, 3.5161850974e-005, 2.18376953853e-005, 2.21254249482e-005, 1.53229866555e-005, 9.54282404564e-006, 6.81309575157e-006, 5.56621534997e-006, 5.35455546924e-006, 5.08243647346e-006, 5.63059575143e-006, 8.12389043858e-006, 9.5840114227e-006, 2.49500553764e-005, 8.74144370755e-006, 1.61804121035e-006, 7.04402339124e-007, 3.13854570777e-007, 9.47883052049e-008, 3.38493570951e-008, 8.63928595329e-010, 3.35231634119e-011, 5.30086608289e-012]
        min: [1.32224723413e-023, 2.08002110323e-023, 4.06949391186e-023, 3.3627669164e-024, 8.20707030638e-023, 5.10298973458e-023, 4.22904734083e-023, 2.9787088014e-023, 8.86558046671e-023, 4.87303678071e-023, 1.49013767647e-022, 6.39539696391e-023, 1.50221835548e-022, 1.11098928975e-022, 1.49757543574e-022, 2.4450798031e-022, 1.30945142116e-022, 2.35589888843e-022, 2.10734964313e-022, 3.16184387029e-022, 4.72080921898e-022, 3.77172044027e-022, 3.81499495139e-022, 7.88806833539e-022, 8.79237657285e-022, 1.77379390788e-021, 2.51369121383e-021, 8.64914265652e-022]
        var: [5.14494114087e-014, 1.18860272735e-008, 1.44989925843e-007, 2.85439909931e-007, 6.06915989465e-007, 2.27609817216e-007, 4.17378998918e-007, 4.3609688305e-007, 5.39833706625e-007, 2.78017097344e-007, 1.44090321896e-007, 6.87673846755e-008, 4.03777598024e-008, 3.75058242241e-008, 5.77573722182e-008, 5.96662914631e-008, 1.42685919968e-007, 2.33981552356e-007, 2.18555143761e-007, 6.416177456e-008, 8.5266520955e-008, 2.24261054171e-008, 7.02305458233e-009, 2.12823716983e-010, 7.15336644086e-012, 2.81881511066e-015, 7.42064761497e-019, 3.43625043621e-021]
    mfcc:
        mean: [-842.252380371, 120.893836975, -24.1811752319, 33.8265838623, -11.3861083984, -16.5874576569, -4.58402824402, -5.40822649002, -13.9830741882, -5.59511995316, -8.82295036316, -10.5676832199, -4.24369192123]
        cov: [[12082.8115234, 2460.97900391, -2318.7746582, 516.481323242, -547.829345703, -95.0421829224, -66.4310379028, 308.161071777, -143.094009399, 194.953994751, -47.5344467163, -370.635650635, -197.336654663], [2460.97900391, 4006.53076172, -564.330200195, -670.405883789, 188.163635254, -722.199523926, 52.6017341614, -9.95826053619, -178.81463623, -8.20165920258, -127.086791992, -192.325042725, -84.2205429077], [-2318.7746582, -564.330200195, 1609.45861816, 304.254333496, 72.6291732788, 165.949905396, -18.3540153503, -20.2089366913, -24.4906272888, -71.6773452759, -42.8309745789, 64.3958969116, -5.86367321014], [516.481323242, -670.405883789, 304.254333496, 1029.30957031, 184.567901611, 150.072265625, -5.68363761902, -3.7756254673, -71.3843917847, 56.3421783447, -19.7659072876, -46.5139389038, -30.7524356842], [-547.829345703, 188.163635254, 72.6291732788, 184.567901611, 738.68548584, 87.3221740723, -24.5814247131, -31.0580749512, -67.1114730835, 76.7286682129, -19.9975852966, -40.032459259, -12.6973781586], [-95.0421829224, -722.199523926, 165.949905396, 150.072265625, 87.3221740723, 495.698516846, 57.8729171753, 22.798122406, 40.4938354492, 2.00653982162, 56.0974731445, 29.9606075287, -1.30854403973], [-66.4310379028, 52.6017341614, -18.3540153503, -5.68363761902, -24.5814247131, 57.8729171753, 303.54574585, 150.306213379, -0.804011702538, 30.4337825775, 16.5237083435, -31.2794017792, -14.2825527191], [308.161071777, -9.95826053619, -20.2089366913, -3.7756254673, -31.0580749512, 22.798122406, 150.306213379, 338.536407471, 56.3272590637, 15.110748291, 48.024848938, -55.2170448303, -7.06487131119], [-143.094009399, -178.81463623, -24.4906272888, -71.3843917847, -67.1114730835, 40.4938354492, -0.804011702538, 56.3272590637, 196.341629028, 9.30681991577, 21.4965820313, 47.3412513733, 3.57333803177], [194.953994751, -8.20165920258, -71.6773452759, 56.3421783447, 76.7286682129, 2.00653982162, 30.4337825775, 15.110748291, 9.30681991577, 184.002288818, 48.7786598206, -25.3787078857, -0.563049733639], [-47.5344467163, -127.086791992, -42.8309745789, -19.7659072876, -19.9975852966, 56.0974731445, 16.5237083435, 48.024848938, 21.4965820313, 48.7786598206, 157.617507935, 28.6642074585, -4.15889978409], [-370.635650635, -192.325042725, 64.3958969116, -46.5139389038, -40.032459259, 29.9606075287, -31.2794017792, -55.2170448303, 47.3412513733, -25.3787078857, 28.6642074585, 159.011566162, 41.9550132751], [-197.336654663, -84.2205429077, -5.86367321014, -30.7524356842, -12.6973781586, -1.30854403973, -14.2825527191, -7.06487131119, 3.57333803177, -0.563049733639, -4.15889978409, 41.9550132751, 111.278648376]]
        icov: [[0.000297238992061, -0.00030680547934, 0.000443353172159, -0.0004266621836, 0.000510464597028, -0.000602499349043, 0.00057929061586, -0.000529922661372, 0.000290618510917, -0.000425302103395, 0.000414069974795, -0.000130858534249, 0.000345555803506], [-0.00030680547934, 0.000766372890212, -0.000401038938435, 0.000705798680428, -0.000751713523641, 0.00119322619867, -0.000786339631304, 0.00058750907192, -7.76135348133e-005, 0.000518146262038, -0.000337415316608, 0.000405191793106, -8.57652630657e-005], [0.000443353172159, -0.000401038938435, 0.00138301786501, -0.000792916980572, 0.000707944855094, -0.00102147005964, 0.000898697064258, -0.000900637474842, 0.000611320370808, -0.000413599802414, 0.000893194228411, -0.000603347201832, 0.000702520832419], [-0.0004266621836, 0.000705798680428, -0.000792916980572, 0.00194850156549, -0.000988205079921, 0.000838449981529, -0.000743838550989, 0.000640439277049, 0.000151134285261, 0.000168128390214, -0.000230041099712, 0.000461335876025, -6.99936135788e-005], [0.000510464597028, -0.000751713523641, 0.000707944855094, -0.000988205079921, 0.00258145807311, -0.00168677838519, 0.0013952688314, -0.0010127191199, 0.000957365788054, -0.00159382761922, 0.00114183605183, -0.000311126699671, 0.000611191848293], [-0.000602499349043, 0.00119322619867, -0.00102147005964, 0.000838449981529, -0.00168677838519, 0.00446558417752, -0.00213228026405, 0.00149024603888, -0.00111001322512, 0.00155643210746, -0.00187901337631, 0.000594442652073, -0.000557323161047], [0.00057929061586, -0.000786339631304, 0.000898697064258, -0.000743838550989, 0.0013952688314, -0.00213228026405, 0.00585582852364, -0.00333884451538, 0.00153855711687, -0.00193692243192, 0.00160392466933, -0.000825545226689, 0.0012596831657], [-0.000529922661372, 0.00058750907192, -0.000900637474842, 0.000640439277049, -0.0010127191199, 0.00149024603888, -0.00333884451538, 0.00583697343245, -0.00250386935659, 0.00173671310768, -0.00268220738508, 0.00278563657776, -0.00158286257647], [0.000290618510917, -7.76135348133e-005, 0.000611320370808, 0.000151134285261, 0.000957365788054, -0.00111001322512, 0.00153855711687, -0.00250386935659, 0.00722187710926, -0.00167985062581, 0.00141597539186, -0.00281618139707, 0.00153959169984], [-0.000425302103395, 0.000518146262038, -0.000413599802414, 0.000168128390214, -0.00159382761922, 0.00155643210746, -0.00193692243192, 0.00173671310768, -0.00167985062581, 0.00782906170934, -0.00350901321508, 0.00215476378798, -0.00148928165436], [0.000414069974795, -0.000337415316608, 0.000893194228411, -0.000230041099712, 0.00114183605183, -0.00187901337631, 0.00160392466933, -0.00268220738508, 0.00141597539186, -0.00350901321508, 0.00937689188868, -0.00305825355463, 0.00204645120539], [-0.000130858534249, 0.000405191793106, -0.000603347201832, 0.000461335876025, -0.000311126699671, 0.000594442652073, -0.000825545226689, 0.00278563657776, -0.00281618139707, 0.00215476378798, -0.00305825355463, 0.0101593760774, -0.00363062508404], [0.000345555803506, -8.57652630657e-005, 0.000702520832419, -6.99936135788e-005, 0.000611191848293, -0.000557323161047, 0.0012596831657, -0.00158286257647, 0.00153959169984, -0.00148928165436, 0.00204645120539, -0.00363062508404, 0.0110647315159]]
    sccoeffs:
        dmean: [0.0619693398476, 0.0586177892983, 0.0442272759974, 0.0356977693737, 0.0292706862092, 0.0254561211914]
        dmean2: [0.09580180794, 0.0894258394837, 0.0688133239746, 0.0551566146314, 0.0441442430019, 0.0369208306074]
        dvar: [0.00258347461931, 0.0026543205604, 0.00160203652922, 0.00107569608372, 0.000724860350601, 0.00058494717814]
        dvar2: [0.00581591390073, 0.0054066972807, 0.00336763565429, 0.00223878165707, 0.00152431440074, 0.00109149736818]
        max: [-0.206949815154, -0.332676112652, -0.327161610126, -0.507780611515, -0.533884108067, -0.5519708395]
        mean: [-0.615116477013, -0.744488358498, -0.79772824049, -0.811873972416, -0.786811649799, -0.792182862759]
        median: [-0.617319345474, -0.767710030079, -0.816691458225, -0.826149821281, -0.791083931923, -0.800158262253]
        min: [-0.995699465275, -0.964914560318, -0.964653968811, -0.969017386436, -0.963005244732, -0.965179145336]
        var: [0.0158343873918, 0.0115722576156, 0.00754636060447, 0.00436654035002, 0.00400544051081, 0.00332884956151]
    scvalleys:
        dmean: [0.529108762741, 0.490146160126, 0.463036090136, 0.434256285429, 0.424047768116, 0.507653594017]
        dmean2: [0.848131358624, 0.757187485695, 0.67976295948, 0.618917822838, 0.569728791714, 0.646144330502]
        dvar: [0.215126991272, 0.223327681422, 0.221091717482, 0.209944158792, 0.211884468794, 0.311426758766]
        dvar2: [0.482380121946, 0.43645504117, 0.404255092144, 0.37737390399, 0.356843143702, 0.512858331203]
        max: [-4.73038911819, -4.48994779587, -4.90125465393, -5.39578962326, -5.59280395508, -7.13514995575]
        mean: [-8.44285869598, -7.57370662689, -8.09324550629, -8.65491104126, -8.87657737732, -11.3793535233]
        median: [-7.9999628067, -7.08448886871, -7.63381767273, -8.27934551239, -8.60630321503, -11.2407550812]
        min: [-27.9241142273, -27.203748703, -27.3481616974, -27.3671665192, -27.2276649475, -27.3896427155]
        var: [3.62714672089, 2.81088495255, 3.13439583778, 2.84500145912, 2.4039683342, 2.66384649277]

rhythm:
    beats_loudness:
        dmean: 0.00284358346835
        dmean2: 0.0048990235664
        dvar: 1.27611119751e-005
        dvar2: 3.46140914189e-005
        max: 0.0549145527184
        mean: 0.00374894961715
        median: 0.00249283062294
        min: 2.60804537688e-011
        var: 2.19953490159e-005
    bpm: 119.875160217
    bpm_confidence: 0
    first_peak_bpm: 120
    first_peak_spread: 0.523076951504
    first_peak_weight: 0.0761670768261
    onset_rate: 4.22206735611
    second_peak_bpm: 101
    second_peak_spread: 0.721649467945
    second_peak_weight: 0.0663390681148
    beats_loudness_band_ratio:
        dmean: [0.160261958838, 0.208566084504, 0.233789220452, 0.153780385852, 0.109797805548, 0.175156459212]
        dmean2: [0.284888476133, 0.371712267399, 0.413578718901, 0.284768283367, 0.201787278056, 0.325032234192]
        dvar: [0.031215948984, 0.0393357276917, 0.0468475557864, 0.035090778023, 0.014588967897, 0.068090043962]
        dvar2: [0.0845724567771, 0.117109812796, 0.130593389273, 0.0966043770313, 0.0405156612396, 0.183682009578]
        max: [0.846251547337, 0.860528886318, 0.902688622475, 0.999999046326, 0.748751878738, 0.994534552097]
        mean: [0.173080503941, 0.218100130558, 0.260248720646, 0.142431125045, 0.109349131584, 0.158478423953]
        median: [0.077016428113, 0.159255445004, 0.187755823135, 0.0641959682107, 0.0614118650556, 0.0492828190327]
        min: [0, 0, 0, 0, 0, 0]
        var: [0.042793571949, 0.042620241642, 0.0577094778419, 0.0347608476877, 0.0154368588701, 0.0673596784472]
    beats_position: [0.510838985443, 1.02167797089, 1.53251695633, 2.03174591064, 2.53097510338, 3.03020405769, 3.52943301201, 4.04027223587, 4.53950119019, 5.0387301445, 5.54956912994, 6.07201814651, 6.60607719421, 7.12852573395, 7.58131504059, 8.04571437836, 8.498503685, 9.05578231812, 9.61306095123, 10.1703395844, 10.7276191711, 11.2848978043, 11.8421764374, 12.3994560242, 12.9567346573, 13.5604534149, 14.1641721725, 14.7678909302, 15.4412698746, 16.1030387878, 16.7531967163, 17.4149665833, 18.0999546051, 18.784942627, 19.4931507111, 20.2013607025, 20.8979587555, 21.5945568085, 22.2911567688, 22.9645347595, 23.6611328125, 24.3461227417, 25.0427207947, 25.7393188477, 26.435918808, 27.0976867676, 27.7594547272, 28.3283443451, 28.897233963, 29.4545116425, 30.0001811981, 30.5574588776, 31.1031284332, 31.7184581757, 32.3453979492, 32.9723358154, 33.5760536194, 34.1797714233, 34.7718811035, 35.3639907837, 35.9444885254, 36.5017662048, 37.0822677612, 37.7092056274, 38.3709754944, 39.0559616089, 39.7177314758, 40.4143295288, 41.1109275818, 41.8075294495, 42.492515564, 43.1658935547, 43.8276634216, 44.5010414124, 45.0583229065, 45.6039886475, 46.1496582031, 46.6953277588, 47.2526054382, 47.8098869324, 48.3671646118, 48.9244422913, 49.5049438477, 50.0854415894, 50.6775512695, 51.269657135, 51.8617668152, 52.4654884338, 53.0692062378, 53.7077522278, 54.3230819702, 54.9616317749, 55.5885696411, 56.2155075073, 56.819229126, 57.4461669922, 58.0614967346, 58.7000427246, 59.3269844055, 60.1280708313, 60.9639892578, 61.8115196228, 62.6474380493, 63.4717445374, 64.2263946533, 64.9694290161, 65.7124710083, 66.4555053711, 67.1753311157, 67.895149231, 68.6033554077, 69.3115615845, 70.0081634521, 70.7163696289, 71.3665313721, 72.0166854858, 72.666847229, 73.3750534058, 74.094871521, 74.8146896362, 75.5345077515, 76.2543258667, 76.9741516113, 77.6823577881, 78.3905639648, 79.098777771, 79.8185958862, 80.4803619385, 81.1421279907, 81.7922897339, 82.4424438477, 83.0926055908, 83.7311553955, 84.3697052002, 85.0082550049, 85.6584091187, 86.2969589233, 86.935508728, 87.5856704712, 88.1081161499, 88.6305618286, 89.1530151367, 89.6522445679, 90.151473999, 90.6507034302, 91.1499328613, 91.6259384155, 92.1135559082, 92.5895690918, 93.065574646, 93.5299758911, 93.9711532593, 94.4007263184, 94.8419036865, 95.2714691162, 95.6894302368, 96.0957794189, 96.5137405396, 96.9200897217, 97.3264389038, 97.7327880859, 98.1507492065, 98.5687026978, 98.9866638184, 99.4162368774, 99.8458023071, 100.286979675, 100.716552734, 101.215782166, 101.715011597, 102.214241028, 102.713470459, 103.21269989, 103.711929321, 104.095054626, 104.443351746, 104.803260803, 105.174781799, 105.511474609, 105.824943542, 106.138412476, 106.463493347, 106.788566589, 107.136871338, 107.485168457, 107.810249329, 108.146934509, 108.483627319, 108.808708191, 109.122177124, 109.435646057, 109.74911499, 110.062583923, 110.376052856, 110.701133728, 111.037818909, 111.455780029, 111.885353088, 112.291702271, 112.698051453, 113.116004944, 113.533966064, 113.940315247, 114.358276367, 114.764625549, 115.170974731, 115.577323914, 115.995285034, 116.401634216, 116.819587708, 117.237548828, 117.655509949, 118.07346344, 118.503036499, 118.932601929, 119.350563049, 119.76852417, 120.1980896, 120.627662659, 121.068840027, 121.510017395, 122.009246826, 122.496871948, 122.984489441, 123.460494995, 123.936508179, 124.412513733, 124.888526917, 125.376144409, 125.852149963, 126.316551208, 126.780952454, 127.245346069, 127.732971191, 128.197372437, 128.673370361, 129.149383545, 129.637008667, 130.12461853, 130.600631714, 131.076644897, 131.564254761, 132.051879883, 132.539505005, 133.038726807, 133.537963867, 134.095230103, 134.652511597, 135.256240845, 135.859954834, 136.463668823, 137.044174194, 137.636276245, 138.228393555, 138.820495605, 139.412597656, 140.016326904, 140.620040894, 141.24697876, 141.873916626, 142.500854492, 143.174240112, 143.847610474, 144.497772217, 145.14793396, 145.798095703, 146.448257446, 147.098403931, 147.760177612, 148.421951294, 149.083709717, 149.745483398, 150.40725708, 151.069015503, 151.672744751, 152.288070679, 152.880172729, 153.402633667, 153.925079346, 154.459136963, 154.981582642, 155.50402832, 156.026489258, 156.490875244, 156.932067871, 157.384857178, 157.837631226, 158.255599976, 158.708389282, 159.219223022, 159.730072021, 160.240905762, 160.751739502, 161.262588501, 161.773422241, 162.284255981, 162.783493042, 163.271102905, 163.770339966, 164.281173706, 164.792022705, 165.291244507, 165.778869629, 166.278091431, 166.765716553, 167.264938354, 167.764175415, 168.275009155, 168.785842896, 169.296691895, 169.807525635, 170.306747437, 170.805984497, 171.305206299, 171.804443359, 172.303665161, 172.81451416, 173.336959839, 173.836181641, 174.42829895, 175.020401001, 175.600906372, 176.193008423, 176.796737671, 177.40045166, 178.004165649, 178.631103516, 179.258041382, 179.896591187, 180.523529053, 181.162078857, 181.789016724, 182.40435791, 182.984848022, 183.576965332, 184.157455444, 184.726348877, 185.318450928, 185.829299927, 186.340133667, 186.850967407, 187.41986084, 188.000366211, 188.580856323, 189.103302002, 189.625762939, 190.148208618, 190.682266235, 191.216323853, 191.75038147, 192.272827148, 192.795272827, 193.387390137, 193.991104126, 194.583221436, 195.175323486, 195.767440796, 196.371154785, 196.974868774, 197.566986084, 198.159088135, 198.751205444, 199.331695557, 199.900588989, 200.481079102, 201.038360596, 201.59564209, 202.164535522, 202.745025635, 203.313919067, 203.894424438, 204.463302612, 205.032196045, 205.601089478, 206.18157959, 206.762084961, 207.330978394, 207.911468506, 208.480361938, 209.049255371, 209.606521606, 210.152191162, 210.697860718, 211.278366089, 211.858856201, 212.450973511, 213.043075562, 213.635192871, 214.215682983, 214.807800293, 215.411514282, 215.980407715, 216.560897827, 217.153015137, 217.721893311, 218.302398682, 218.871292114, 219.428573608, 219.997451782, 220.566345215, 221.146850586, 221.727340698, 222.307846069, 222.888336182, 223.561721802, 224.223495483, 224.885253906, 225.535415649]
    bpm_estimates: [117.453842163, 117.453842163, 120.185333252, 120.185279846, 120.185333252, 120.185333252, 117.453781128, 120.185333252, 120.185333252, 117.453842163, 120.185218811, 120.185218811, 120.185218811, 120.185218811, 123.047264099, 120.185218811, 120.185218811, 120.185218811, 120.185218811, 120.185218811, 120.185218811, 120.185218811, 123.045341492, 123.047264099, 123.047264099, 123.045341492, 123.045341492, 123.049194336, 123.049194336, 123.045341492, 123.045341492, 120.187057495, 120.183387756, 117.455047607, 117.451538086, 117.455047607, 117.455047607, 117.451538086, 117.455047607, 117.455047607, 120.183387756, 123.049194336, 120.183387756, 117.455047607, 117.451538086, 120.187057495, 123.045341492, 120.187057495, 123.045341492, 120.187057495, 120.183387756, 117.455047607, 117.455047607, 117.451538086, 117.455047607, 120.187057495, 120.183387756, 120.187057495, 120.183387756, 120.187057495, 117.451538086, 120.187057495, 117.451538086, 117.455047607, 117.455047607]
