
metadata:
    version:
        essentia: "2.1-beta2"
    audio_properties:
        analysis_sample_rate: 44100
        bitrate: 320
        channels: 2
        equal_loudness: 1
        length: 225.541229248
        replay_gain: -15.2074623108
        downmix: "mix"
    tags:
        album: "The Arockalypse"
        artist: "Lordi"
        comment: ""
        date: "2006"
        genre: "Hard Rock"
        title: "The Deadite Girls Gone Wild"
        tracknumber: "03"

configuration:
    average_loudness:
        compute: 1
        frameSize: 88200
        hopSize: 44100
        silentFrames: "noise"
        windowType: "hann"
    general:
        analysisSampleRate: 44100
        endTime: 2000
        equalLoudness: 1
        nequalLoudness: 0
        shortSound: 0
        startTime: 0
    lowlevel:
        compute: 1
        frameSize: 2048
        hopSize: 1024
        zeroPadding: 0
        silentFrames: "noise"
        windowType: "blackmanharris62"
        mfccStats: ["mean", "cov", "icov"]
        stats: ["mean", "var", "median", "min", "max", "dmean", "dmean2", "dvar", "dvar2"]
    panning:
        compute: 0
        frameSize: 8192
        hopSize: 2048
        zeroPadding: 8192
        silentFrames: "noise"
        windowType: "hann"
        stats: ["copy"]
    rhythm:
        compute: 1
        maxTempo: 208
        minTempo: 40
        method: "degara"
        stats: ["mean", "var", "median", "min", "max", "dmean", "dmean2", "dvar", "dvar2"]
    segmentation:
        compute: 0
        cpw: 5
        inc1: 300
        inc2: 50
        minimumSegmentsLength: 10
        size1: 1000
        size2: 600
    sfx:
        compute: 1
        stats: ["mean", "var", "median", "min", "max", "dmean", "dmean2", "dvar", "dvar2"]
    svm:
        compute: 0
    tonal:
        compute: 1
        frameSize: 4096
        hopSize: 2048
        zeroPadding: 0
        silentFrames: "noise"
        windowType: "blackmanharris62"
        stats: ["mean", "var", "median", "min", "max", "dmean", "dmean2", "dvar", "dvar2"]

lowlevel:
    average_loudness: 0.944593369961
    barkbands_kurtosis:
        dmean: 0.81592720747
        dmean2: 1.32829141617
        dvar: 8.43657398224
        dvar2: 21.7568454742
        max: 197.960891724
        mean: -0.320142507553
        median: -1.0218089819
        min: -1.92301893234
        var: 20.6653213501
    barkbands_skewness:
        dmean: 0.397011399269
        dmean2: 0.632768452168
        dvar: 0.165706545115
        dvar2: 0.403153568506
        max: 11.0940103531
        mean: -0.258207827806
        median: -0.40025433898
        min: -3.28342604637
        var: 0.866610825062
    barkbands_spread:
        dmean: 6.2284321785
        dmean2: 9.92070007324
        dvar: 38.166885376
        dvar2: 90.9937210083
        max: 81.9982147217
        mean: 37.8207092285
        median: 37.2304191589
        min: 0.70977050066
        var: 129.939147949
    dissonance:
        dmean: 0.00927572045475
        dmean2: 0.0157664529979
        dvar: 9.23364641494e-005
        dvar2: 0.000248045369517
        max: 0.5
        mean: 0.484646052122
        median: 0.488095730543
        min: 0.368818938732
        var: 0.000161658681463
    hfc:
        dmean: 3.89929032326
        dmean2: 6.66375732422
        dvar: 32.2152290344
        dvar2: 91.0117721558
        max: 48.7686233521
        mean: 12.5431690216
        median: 12.2359924316
        min: 1.14168659285e-016
        var: 60.9224662781
    pitch:
        dmean: 1125.65344238
        dmean2: 2132.72753906
        dvar: 2153575
        dvar2: 5201155.5
        max: 5357.21972656
        mean: 1992.39440918
        median: 1016.95959473
        min: 43.3644256592
        var: 3076095.75
    pitch_instantaneous_confidence:
        dmean: 0.0788435563445
        dmean2: 0.131137430668
        dvar: 0.00467910105363
        dvar2: 0.0124357352033
        max: 0.898004591465
        mean: 0.32758513093
        median: 0.308469414711
        min: 0.103911399841
        var: 0.0114471195266
    pitch_salience:
        dmean: 0.0531313493848
        dmean2: 0.0890430733562
        dvar: 0.00239173648879
        dvar2: 0.0067021837458
        max: 0.919803798199
        mean: 0.67230707407
        median: 0.682896077633
        min: 0.159404426813
        var: 0.00555101688951
    silence_rate_20dB:
        dmean: 0
        dmean2: 0
        dvar: 0
        dvar2: 0
        max: 1
        mean: 1
        median: 1
        min: 1
        var: 0
    silence_rate_30dB:
        dmean: 0
        dmean2: 0
        dvar: 0
        dvar2: 0
        max: 1
        mean: 1
        median: 1
        min: 1
        var: 0
    silence_rate_60dB:
        dmean: 0.0681490600109
        dmean2: 0.136312156916
        dvar: 0.0635000988841
        dvar2: 0.134598180652
        max: 1
        mean: 0.194338649511
        median: 0
        min: 0
        var: 0.156560078263
    spectral_centroid:
        dmean: 323.383880615
        dmean2: 524.800354004
        dvar: 114310.875
        dvar2: 294730.96875
        max: 11016.2421875
        mean: 2182.51269531
        median: 2251.8503418
        min: 116.239601135
        var: 461623.875
    spectral_complexity:
        dmean: 4.39283514023
        dmean2: 6.97312879562
        dvar: 18.5825080872
        dvar2: 43.6954154968
        max: 47
        mean: 20.2558937073
        median: 21
        min: 0
        var: 104.553108215
    spectral_crest:
        dmean: 1.71660041809
        dmean2: 2.91045999527
        dvar: 2.97677016258
        dvar2: 8.24633598328
        max: 20.4241275787
        mean: 6.06234884262
        median: 5.4452996254
        min: 2.22220683098
        var: 5.7328081131
    spectral_decrease:
        dmean: 2.89664958686e-010
        dmean2: 4.77675343724e-010
        dvar: 1.53954881458e-019
        dvar2: 4.07320897619e-019
        max: -5.57264940514e-029
        mean: -1.13016751513e-009
        median: -1.1139364986e-009
        min: -3.82551768041e-009
        var: 3.01421926877e-019
    spectral_energy:
        dmean: 0.00139770226087
        dmean2: 0.00231872079894
        dvar: 3.71942314814e-006
        dvar2: 9.97211463982e-006
        max: 0.0182249639183
        mean: 0.00540321553126
        median: 0.00537516269833
        min: 1.0565750832e-020
        var: 7.32955368221e-006
    spectral_energyband_high:
        dmean: 0.000512090220582
        dmean2: 0.000890033901669
        dvar: 6.42074439838e-007
        dvar2: 1.82716973995e-006
        max: 0.00708793988451
        mean: 0.0011397076305
        median: 0.000966651306953
        min: 7.73992656828e-021
        var: 8.81175935774e-007
    spectral_energyband_low:
        dmean: 0.000254442653386
        dmean2: 0.000422229320975
        dvar: 1.69534118299e-007
        dvar2: 4.53137630529e-007
        max: 0.00563986552879
        mean: 0.000517255160958
        median: 0.000401967612561
        min: 4.2225487047e-023
        var: 2.07324035273e-007
    spectral_energyband_middle_high:
        dmean: 0.000694966525771
        dmean2: 0.00113704171963
        dvar: 5.83513838137e-007
        dvar2: 1.52590314428e-006
        max: 0.011985170655
        mean: 0.00258020451292
        median: 0.00244243699126
        min: 1.42442642135e-021
        var: 2.47475873039e-006
    spectral_energyband_middle_low:
        dmean: 0.000597417878453
        dmean2: 0.000993437017314
        dvar: 9.30912506192e-007
        dvar2: 2.47640537054e-006
        max: 0.0109206112102
        mean: 0.00135182077065
        median: 0.0010533106979
        min: 4.96191994771e-022
        var: 1.21832613331e-006
    spectral_flatness_db:
        dmean: 0.0131285712123
        dmean2: 0.0211076717824
        dvar: 0.000164146229508
        dvar2: 0.000414130976424
        max: 0.429992377758
        mean: 0.129561766982
        median: 0.122830159962
        min: 0.0600576288998
        var: 0.00104937457945
    spectral_flux:
        dmean: 0.00771518005058
        dmean2: 0.0115959318355
        dvar: 8.92666575965e-005
        dvar2: 0.000170811559656
        max: 0.118702113628
        mean: 0.0440465025604
        median: 0.0441656149924
        min: 1.0278983914e-010
        var: 0.000262433139142
    spectral_kurtosis:
        dmean: 0.675609409809
        dmean2: 1.12939751148
        dvar: 1.31219625473
        dvar2: 3.66810154915
        max: 61.036895752
        mean: 1.9257273674
        median: 1.52208793163
        min: -1.19623875618
        var: 4.24209117889
    spectral_rms:
        dmean: 0.000280737440335
        dmean2: 0.000452478736406
        dvar: 1.15537702072e-007
        dvar2: 2.97551025596e-007
        max: 0.00421668728814
        mean: 0.0022042284254
        median: 0.00228999136016
        min: 3.21061515048e-012
        var: 4.12827347418e-007
    spectral_rolloff:
        dmean: 395.309326172
        dmean2: 645.222045898
        dvar: 266722.4375
        dvar2: 576625.3125
        max: 18561.6210938
        mean: 3981.43530273
        median: 4177.44140625
        min: 107.666015625
        var: 924498.625
    spectral_skewness:
        dmean: 0.153102278709
        dmean2: 0.248604029417
        dvar: 0.0310531146824
        dvar2: 0.0783667340875
        max: 7.01273536682
        mean: 1.00249326229
        median: 0.958184242249
        min: -0.0420228540897
        var: 0.137940049171
    spectral_spread:
        dmean: 477466.8125
        dmean2: 701467.875
        dvar: 384741834752
        dvar2: 737550204928
        max: 40393792
        mean: 5643649
        median: 5469614
        min: 1558512.375
        var: 3.81028951654e+012
    spectral_strongpeak:
        dmean: 0.505071401596
        dmean2: 0.880259931087
        dvar: 0.627037584782
        dvar2: 1.64876449108
        max: 12.263669014
        mean: 0.697643458843
        median: 0.265807807446
        min: 1.84919202173e-009
        var: 0.930869102478
    zerocrossingrate:
        dmean: 0.00873090513051
        dmean2: 0.0103806890547
        dvar: 7.45811266825e-005
        dvar2: 9.7508826002e-005
        max: 0.5107421875
        mean: 0.121477790177
        median: 0.12451171875
        min: 0.0048828125
        var: 0.000871313677635
    barkbands:
        dmean: [1.53553202153e-007, 7.98677283456e-005, 0.0001601355616, 0.000158927374287, 0.000358399003744, 8.45082395244e-005, 6.28922498436e-005, 7.62092749937e-005, 0.000113037342089, 0.000128766274429, 7.06442369847e-005, 6.25192406005e-005, 6.75578121445e-005, 8.85861882125e-005, 7.6977063145e-005, 0.000107446598122, 0.000163530989084, 0.000180155591806, 0.000229305689572, 0.000364141684258, 0.000238045642618, 0.000113064721518, 2.930462324e-005, 7.0667874752e-006, 2.41024440584e-006, 1.33647503731e-007, 4.31701202563e-010]
        dmean2: [2.1461750066e-007, 0.000130941247335, 0.000269407755695, 0.000270506716333, 0.000624205393251, 0.000139165931614, 0.000101871904917, 0.000123004356283, 0.00017909987946, 0.000201522983843, 0.000114418100566, 0.000102151592728, 0.000110792840132, 0.000146490696352, 0.00012603160576, 0.000175309018232, 0.000271435797913, 0.000301231339108, 0.000387590698665, 0.000633766991086, 0.000411342363805, 0.000196837805561, 5.1610833907e-005, 1.1129593986e-005, 3.84565328204e-006, 2.12624286178e-007, 7.36477823171e-010]
        dvar: [1.08449497483e-013, 2.07440091771e-008, 6.81293883531e-008, 6.14329493942e-008, 7.6151218309e-007, 1.69823888285e-008, 1.47733745237e-008, 2.29127508078e-008, 5.0348177183e-008, 7.8759455846e-008, 1.76651386852e-008, 1.40122686787e-008, 1.29134178906e-008, 2.22941789474e-008, 1.87974862342e-008, 3.45466411034e-008, 5.33871862274e-008, 5.65926399076e-008, 7.44405141972e-008, 2.59072777453e-007, 1.12382274153e-007, 4.37676028753e-008, 3.68195296474e-009, 2.19618739861e-010, 3.28297562746e-011, 1.66346523687e-013, 5.63636681792e-019]
        dvar2: [1.92202631306e-013, 5.5896315132e-008, 1.88639518228e-007, 1.65729971968e-007, 2.08077767638e-006, 4.39396004026e-008, 3.39404380156e-008, 5.60031345742e-008, 1.21394577945e-007, 1.9946168095e-007, 4.44646275355e-008, 3.55187914636e-008, 3.36131726897e-008, 5.97270854996e-008, 4.50250148276e-008, 8.80158381733e-008, 1.39779942288e-007, 1.51706046836e-007, 2.02354286216e-007, 7.25866925677e-007, 3.12961873306e-007, 1.2774162883e-007, 1.08859543602e-008, 4.8996179336e-010, 7.92176879649e-011, 4.31316332476e-013, 1.49309223173e-018]
        max: [3.72287081518e-006, 0.00147976051085, 0.00302129029296, 0.00448673963547, 0.00882180221379, 0.00296512036584, 0.00330738094635, 0.00251439702697, 0.00361352902837, 0.00429583434016, 0.00350950611755, 0.00242702709511, 0.0016611746978, 0.00310443085618, 0.00263063190505, 0.00547150429338, 0.00444976566359, 0.00550609221682, 0.00609274907038, 0.0056174909696, 0.00319095724262, 0.00230322708376, 0.000552294426598, 0.000684545841068, 0.000139140189276, 7.44090857552e-006, 1.89683433405e-008]
        mean: [2.10920688914e-007, 0.00012345011055, 0.00027298196801, 0.000227411350352, 0.000420185184339, 0.000162516254932, 0.000108424115751, 0.000131107779453, 0.000214171464904, 0.000223559021833, 0.000121834571473, 0.000105015627923, 0.00011530181655, 0.000147815881064, 0.000139485724503, 0.000210705140489, 0.000329908332787, 0.000380858458811, 0.000501174246892, 0.000706014805473, 0.000477308349218, 0.00020894590125, 5.23899616383e-005, 1.73850839928e-005, 4.85142754769e-006, 2.13365851209e-007, 5.95225591038e-010]
        median: [4.56246063152e-008, 8.04107767181e-005, 0.000204014606425, 0.000143207114888, 0.000213797335164, 8.92567913979e-005, 5.5468735809e-005, 5.58922511118e-005, 7.02138859197e-005, 7.56888184696e-005, 4.90011952934e-005, 5.68249852222e-005, 5.63401627005e-005, 7.80290720286e-005, 7.31632026145e-005, 0.000130966538563, 0.000242560592596, 0.000298828352243, 0.00042099627899, 0.000541636021808, 0.000401143595809, 0.000157765942276, 3.77462783945e-005, 1.33713219839e-005, 3.2960297176e-006, 1.0273082296e-007, 3.52875756393e-010]
        min: [1.01457246955e-023, 1.1324027297e-023, 1.07187572014e-023, 2.03315203695e-023, 4.64134391522e-023, 7.95942667339e-023, 1.23524990223e-022, 3.7943710981e-023, 1.73336684383e-022, 4.78922378052e-023, 3.55085667864e-023, 9.22584440688e-023, 6.18004614094e-023, 5.71152902755e-023, 1.5472361861e-022, 2.03039077135e-022, 1.26116758018e-022, 1.61786372336e-022, 3.74124794257e-022, 2.63524374887e-022, 2.90218973536e-022, 8.64481490249e-022, 6.1969383666e-022, 7.96863918037e-022, 1.30390220752e-021, 1.62321674413e-021, 2.32682008707e-021]
        var: [1.77755013942e-013, 2.09103490079e-008, 7.6854732356e-008, 7.53915898599e-008, 5.87597355661e-007, 5.76884424675e-008, 4.27213606713e-008, 5.79274548329e-008, 1.54487167947e-007, 1.6890415111e-007, 4.18086649745e-008, 2.58516070772e-008, 2.53868659428e-008, 3.90699064212e-008, 3.79135620676e-008, 8.65723563948e-008, 1.18670484994e-007, 1.17900682994e-007, 1.70426574186e-007, 4.17645793505e-007, 1.55670676349e-007, 4.75277737166e-008, 3.61725716047e-009, 4.61782806438e-010, 5.61833843338e-011, 1.82849490215e-013, 7.35769089855e-019]
    frequency_bands:
        dmean: [1.53553202153e-007, 7.98677283456e-005, 0.0001601355616, 0.000158927374287, 0.000358399003744, 8.45082395244e-005, 6.28922498436e-005, 7.62092749937e-005, 0.000113037342089, 0.000128766274429, 7.06442369847e-005, 6.25192406005e-005, 6.75578121445e-005, 8.85861882125e-005, 7.6977063145e-005, 0.000107446598122, 0.000163530989084, 0.000180155591806, 0.000229305689572, 0.000364141684258, 0.000238045642618, 0.000113064721518, 2.930462324e-005, 7.0667874752e-006, 2.41024440584e-006, 1.33647503731e-007, 4.31701202563e-010, 6.43622863339e-011]
        dmean2: [2.1461750066e-007, 0.000130941247335, 0.000269407755695, 0.000270506716333, 0.000624205393251, 0.000139165931614, 0.000101871904917, 0.000123004356283, 0.00017909987946, 0.000201522983843, 0.000114418100566, 0.000102151592728, 0.000110792840132, 0.000146490696352, 0.00012603160576, 0.000175309018232, 0.000271435797913, 0.000301231339108, 0.000387590698665, 0.000633766991086, 0.000411342363805, 0.000196837805561, 5.1610833907e-005, 1.1129593986e-005, 3.84565328204e-006, 2.12624286178e-007, 7.36477823171e-010, 1.19595180981e-010]
        dvar: [1.08449497483e-013, 2.07440091771e-008, 6.81293883531e-008, 6.14329493942e-008, 7.6151218309e-007, 1.69823888285e-008, 1.47733745237e-008, 2.29127508078e-008, 5.0348177183e-008, 7.8759455846e-008, 1.76651386852e-008, 1.40122686787e-008, 1.29134178906e-008, 2.22941789474e-008, 1.87974862342e-008, 3.45466411034e-008, 5.33871862274e-008, 5.65926399076e-008, 7.44405141972e-008, 2.59072777453e-007, 1.12382274153e-007, 4.37676028753e-008, 3.68195296474e-009, 2.19618739861e-010, 3.28297562746e-011, 1.66346523687e-013, 5.63636681792e-019, 8.09301555977e-021]
        dvar2: [1.92202631306e-013, 5.5896315132e-008, 1.88639518228e-007, 1.65729971968e-007, 2.08077767638e-006, 4.39396004026e-008, 3.39404380156e-008, 5.60031345742e-008, 1.21394577945e-007, 1.9946168095e-007, 4.44646275355e-008, 3.55187914636e-008, 3.36131726897e-008, 5.97270854996e-008, 4.50250148276e-008, 8.80158381733e-008, 1.39779942288e-007, 1.51706046836e-007, 2.02354286216e-007, 7.25866925677e-007, 3.12961873306e-007, 1.2774162883e-007, 1.08859543602e-008, 4.8996179336e-010, 7.92176879649e-011, 4.31316332476e-013, 1.49309223173e-018, 2.5973413073e-020]
        max: [3.72287081518e-006, 0.00147976051085, 0.00302129029296, 0.00448673963547, 0.00882180221379, 0.00296512036584, 0.00330738094635, 0.00251439702697, 0.00361352902837, 0.00429583434016, 0.00350950611755, 0.00242702709511, 0.0016611746978, 0.00310443085618, 0.00263063190505, 0.00547150429338, 0.00444976566359, 0.00550609221682, 0.00609274907038, 0.0056174909696, 0.00319095724262, 0.00230322708376, 0.000552294426598, 0.000684545841068, 0.000139140189276, 7.44090857552e-006, 1.89683433405e-008, 1.01303621047e-009]
        mean: [2.10920688914e-007, 0.00012345011055, 0.00027298196801, 0.000227411350352, 0.000420185184339, 0.000162516254932, 0.000108424115751, 0.000131107779453, 0.000214171464904, 0.000223559021833, 0.000121834571473, 0.000105015627923, 0.00011530181655, 0.000147815881064, 0.000139485724503, 0.000210705140489, 0.000329908332787, 0.000380858458811, 0.000501174246892, 0.000706014805473, 0.000477308349218, 0.00020894590125, 5.23899616383e-005, 1.73850839928e-005, 4.85142754769e-006, 2.13365851209e-007, 5.95225591038e-010, 4.94884896951e-011]
        median: [4.56246063152e-008, 8.04107767181e-005, 0.000204014606425, 0.000143207114888, 0.000213797335164, 8.92567913979e-005, 5.5468735809e-005, 5.58922511118e-005, 7.02138859197e-005, 7.56888184696e-005, 4.90011952934e-005, 5.68249852222e-005, 5.63401627005e-005, 7.80290720286e-005, 7.31632026145e-005, 0.000130966538563, 0.000242560592596, 0.000298828352243, 0.00042099627899, 0.000541636021808, 0.000401143595809, 0.000157765942276, 3.77462783945e-005, 1.33713219839e-005, 3.2960297176e-006, 1.0273082296e-007, 3.52875756393e-010, 1.8561208126e-011]
        min: [1.01457246955e-023, 1.1324027297e-023, 1.07187572014e-023, 2.03315203695e-023, 4.64134391522e-023, 7.95942667339e-023, 1.23524990223e-022, 3.7943710981e-023, 1.73336684383e-022, 4.78922378052e-023, 3.55085667864e-023, 9.22584440688e-023, 6.18004614094e-023, 5.71152902755e-023, 1.5472361861e-022, 2.03039077135e-022, 1.26116758018e-022, 1.61786372336e-022, 3.74124794257e-022, 2.63524374887e-022, 2.90218973536e-022, 8.64481490249e-022, 6.1969383666e-022, 7.96863918037e-022, 1.30390220752e-021, 1.62321674413e-021, 2.32682008707e-021, 6.49334559422e-022]
        var: [1.77755013942e-013, 2.09103490079e-008, 7.6854732356e-008, 7.53915898599e-008, 5.87597355661e-007, 5.76884424675e-008, 4.27213606713e-008, 5.79274548329e-008, 1.54487167947e-007, 1.6890415111e-007, 4.18086649745e-008, 2.58516070772e-008, 2.53868659428e-008, 3.90699064212e-008, 3.79135620676e-008, 8.65723563948e-008, 1.18670484994e-007, 1.17900682994e-007, 1.70426574186e-007, 4.17645793505e-007, 1.55670676349e-007, 4.75277737166e-008, 3.61725716047e-009, 4.61782806438e-010, 5.61833843338e-011, 1.82849490215e-013, 7.35769089855e-019, 6.43929976172e-021]
    mfcc:
        mean: [-678.633239746, 73.0944976807, -34.7953567505, 53.5700531006, -15.4188718796, 7.57033491135, 1.50160121918, 1.99414587021, 0.513065159321, -2.65578770638, -4.13179302216, -2.7585067749, -6.79995584488]
        cov: [[5442.04833984, -144.792816162, -224.289810181, 250.177505493, -382.729248047, 72.3371047974, -104.366546631, 109.881835938, -32.0859375, 77.2655029297, -23.5256385803, -23.9736461639, -15.3830051422], [-144.792816162, 567.905700684, -140.232910156, 72.0846939087, 53.6534156799, -10.3755912781, 55.419883728, 0.350574433804, 41.0926322937, -26.6945476532, 18.7741947174, 22.2967262268, 2.06376981735], [-224.289810181, -140.232910156, 464.964233398, 36.7691421509, 77.487121582, 57.3885307312, 2.06754517555, 39.8780288696, -7.43945837021, 7.30532217026, -6.91966724396, -4.8932185173, 22.5193080902], [250.177505493, 72.0846939087, 36.7691421509, 347.254974365, 67.2473678589, 74.3826141357, -28.6583194733, -14.5123548508, 3.89588999748, -19.5084152222, 0.23096087575, -3.68357849121, 32.1830978394], [-382.729248047, 53.6534156799, 77.487121582, 67.2473678589, 247.108688354, 51.3542327881, -8.64389419556, -22.9891662598, 21.5782775879, -2.73949837685, -0.378641039133, 7.53452730179, 7.54638528824], [72.3371047974, -10.3755912781, 57.3885307312, 74.3826141357, 51.3542327881, 135.875869751, 31.3758907318, 4.64136171341, -10.0084514618, 2.50888085365, -1.60656964779, -6.90795755386, 2.48752093315], [-104.366546631, 55.419883728, 2.06754517555, -28.6583194733, -8.64389419556, 31.3758907318, 149.093643188, 56.9250183105, 15.4213314056, -0.586131453514, 6.28155660629, 10.9419155121, -17.2176151276], [109.881835938, 0.350574433804, 39.8780288696, -14.5123548508, -22.9891662598, 4.64136171341, 56.9250183105, 118.708076477, 36.7051811218, 17.737449646, 5.22010660172, 3.39891672134, -2.70356464386], [-32.0859375, 41.0926322937, -7.43945837021, 3.89588999748, 21.5782775879, -10.0084514618, 15.4213314056, 36.7051811218, 90.6592712402, 33.3096122742, 11.8410730362, 1.46879696846, -6.16467475891], [77.2655029297, -26.6945476532, 7.30532217026, -19.5084152222, -2.73949837685, 2.50888085365, -0.586131453514, 17.737449646, 33.3096122742, 90.3802642822, 27.3936424255, 7.8818063736, -5.1209602356], [-23.5256385803, 18.7741947174, -6.91966724396, 0.23096087575, -0.378641039133, -1.60656964779, 6.28155660629, 5.22010660172, 11.8410730362, 27.3936424255, 61.3966178894, 22.9293632507, 3.13734459877], [-23.9736461639, 22.2967262268, -4.8932185173, -3.68357849121, 7.53452730179, -6.90795755386, 10.9419155121, 3.39891672134, 1.46879696846, 7.8818063736, 22.9293632507, 57.1321220398, 21.5373497009], [-15.3830051422, 2.06376981735, 22.5193080902, 32.1830978394, 7.54638528824, 2.48752093315, -17.2176151276, -2.70356464386, -6.16467475891, -5.1209602356, 3.13734459877, 21.5373497009, 63.8635978699]]
        icov: [[0.000258095329627, 2.55316026596e-005, 0.000146752936416, -0.000256786704995, 0.000435389927588, -0.000288639421342, 0.000375894480385, -0.00041164358845, 0.000158952287165, -0.000282429158688, 0.000259101332631, -0.000201526592718, 0.000230640391237], [2.55316026596e-005, 0.00234090909362, 0.000743502925616, -0.000588542665355, -0.000555219186936, 0.000506801356096, -0.00105404981878, 0.000213382969378, -0.000962731486652, 0.000972045643721, -0.000626108550932, -0.000364102481399, -0.000125791528262], [0.000146752936416, 0.000743502925616, 0.00288596330211, -0.000242234076723, -0.000813437392935, -0.000713151472155, 0.000252372090472, -0.00159970426466, 0.000695585156791, -0.000255516119068, 0.00013326977205, 0.0003507155634, -0.000838195264805], [-0.000256786704995, -0.000588542665355, -0.000242234076723, 0.00415182486176, -0.000701704935636, -0.00206992519088, 0.00095071218675, 0.000371582980733, -0.000921101716813, 0.00133056635968, -0.00079205975635, 0.000861587992404, -0.00184795632958], [0.000435389927588, -0.000555219186936, -0.000813437392935, -0.000701704935636, 0.00616603950039, -0.00245728134178, 0.0012355101062, 0.00115405488759, -0.00212649651803, 0.000105616039946, 0.000995461945422, -0.0018227515975, 0.000881318817846], [-0.000288639421342, 0.000506801356096, -0.000713151472155, -0.00206992519088, -0.00245728134178, 0.0111694093794, -0.00403838930652, 0.000679064483847, 0.00247345492244, -0.00159503426403, -0.000351935712388, 0.00245404615998, -0.000695473514497], [0.000375894480385, -0.00105404981878, 0.000252372090472, 0.00095071218675, 0.0012355101062, -0.00403838930652, 0.0111383646727, -0.0052402629517, -0.000124175523524, 0.00127361388877, 0.00026017651544, -0.00345097016543, 0.00359004712664], [-0.00041164358845, 0.000213382969378, -0.00159970426466, 0.000371582980733, 0.00115405488759, 0.000679064483847, -0.0052402629517, 0.013718075119, -0.0052576251328, -0.000276387756458, 3.62247337762e-005, 0.000435811467469, -0.00140250788536], [0.000158952287165, -0.000962731486652, 0.000695585156791, -0.000921101716813, -0.00212649651803, 0.00247345492244, -0.000124175523524, -0.0052576251328, 0.0168109294027, -0.00598831567913, -0.000238345135585, 0.0015381432604, 0.000822727102786], [-0.000282429158688, 0.000972045643721, -0.000255516119068, 0.00133056635968, 0.000105616039946, -0.00159503426403, 0.00127361388877, -0.000276387756458, -0.00598831567913, 0.0163031984121, -0.0064815566875, -0.000738390197512, 0.000998119241558], [0.000259101332631, -0.000626108550932, 0.00013326977205, -0.00079205975635, 0.000995461945422, -0.000351935712388, 0.00026017651544, 3.62247337762e-005, -0.000238345135585, -0.0064815566875, 0.0226849094033, -0.00875673722476, 0.00169852597173], [-0.000201526592718, -0.000364102481399, 0.0003507155634, 0.000861587992404, -0.0018227515975, 0.00245404615998, -0.00345097016543, 0.000435811467469, 0.0015381432604, -0.000738390197512, -0.00875673722476, 0.0260316394269, -0.00964622106403], [0.000230640391237, -0.000125791528262, -0.000838195264805, -0.00184795632958, 0.000881318817846, -0.000695473514497, 0.00359004712664, -0.00140250788536, 0.000822727102786, 0.000998119241558, 0.00169852597173, -0.00964622106403, 0.0211053565145]]
    sccoeffs:
        dmean: [0.0554059781134, 0.0447114370763, 0.0374239049852, 0.0293413009495, 0.0205330960453, 0.0212746933103]
        dmean2: [0.0930538624525, 0.0747172161937, 0.061610866338, 0.0487288422883, 0.0344913750887, 0.0342275798321]
        dvar: [0.00223070941865, 0.00125917955302, 0.000872904842254, 0.000519928405993, 0.000288554787403, 0.000450641120551]
        dvar2: [0.00611594505608, 0.00338871334679, 0.00236051063985, 0.00139892415609, 0.000785093347076, 0.00109285279177]
        max: [-0.327637910843, -0.478920638561, -0.552862823009, -0.568784892559, -0.563598453999, -0.585548698902]
        mean: [-0.657922327518, -0.768673658371, -0.783409833908, -0.796876609325, -0.799271702766, -0.723490178585]
        median: [-0.663117289543, -0.77471023798, -0.789688885212, -0.800819396973, -0.800047695637, -0.722767114639]
        min: [-0.974477052689, -0.974424600601, -0.970254659653, -0.969538509846, -0.959065914154, -0.962150394917]
        var: [0.00454567885026, 0.00396184623241, 0.0033023848664, 0.00182761694305, 0.000934464565944, 0.00193692359608]
    scvalleys:
        dmean: [0.355770289898, 0.349437475204, 0.294338285923, 0.25573810935, 0.225505918264, 0.227471604943]
        dmean2: [0.599262654781, 0.567902326584, 0.468547105789, 0.389822930098, 0.341439694166, 0.337392598391]
        dvar: [0.0885756015778, 0.0915400832891, 0.0747654214501, 0.0690103620291, 0.0738404840231, 0.092024423182]
        dvar2: [0.231792286038, 0.210961937904, 0.152590230107, 0.121275216341, 0.1284814924, 0.179458081722]
        max: [-5.49238061905, -5.02221012115, -5.34645557404, -5.68090343475, -5.49400091171, -7.22021865845]
        mean: [-6.82543516159, -6.74863862991, -6.92475223541, -7.05219221115, -6.69141292572, -9.03886795044]
        median: [-6.59274578094, -6.57947921753, -6.76863574982, -6.86623859406, -6.43794584274, -8.71107959747]
        min: [-26.8672847748, -27.1326885223, -27.1697120667, -27.3477535248, -27.367395401, -27.1810626984]
        var: [1.84033632278, 1.19472098351, 1.20854413509, 1.13791334629, 1.27966403961, 1.66718935966]

rhythm:
    beats_loudness:
        dmean: 0.00240507815033
        dmean2: 0.00457370467484
        dvar: 2.48603419095e-006
        dvar2: 8.69847190188e-006
        max: 0.0132580045611
        mean: 0.00575625663623
        median: 0.0061370912008
        min: 2.90106914186e-012
        var: 4.53191023553e-006
    bpm: 147.06048584
    bpm_confidence: 0
    first_peak_bpm: 148
    first_peak_spread: 0.365988910198
    first_peak_weight: 0.623636364937
    onset_rate: 2.90412545204
    second_peak_bpm: 140
    second_peak_spread: 0
    second_peak_weight: 0.0163636356592
    beats_loudness_band_ratio:
        dmean: [0.13379740715, 0.226511999965, 0.056557841599, 0.0620605051517, 0.0839912369847, 0.0791231021285]
        dmean2: [0.243384107947, 0.447646677494, 0.0955938994884, 0.109482206404, 0.148176580667, 0.136911794543]
        dvar: [0.0130043467507, 0.0116047542542, 0.00473629822955, 0.00416461098939, 0.00540811987594, 0.00450902152807]
        dvar2: [0.0398843213916, 0.040442597121, 0.0126064764336, 0.011908357963, 0.0154660400003, 0.0123776346445]
        max: [0.969411849976, 0.556483089924, 0.617410719395, 0.415728896856, 0.555056214333, 0.64338696003]
        mean: [0.226341441274, 0.172901645303, 0.0837365612388, 0.100648917258, 0.194964274764, 0.292392551899]
        median: [0.194181933999, 0.128322318196, 0.0555549450219, 0.0707957297564, 0.176358968019, 0.290453195572]
        min: [0, 0, 0, 0, 0, 0]
        var: [0.0209958292544, 0.0197191461921, 0.0066263503395, 0.00612397957593, 0.00755553506315, 0.00723049184307]
    beats_position: [0.383129239082, 0.789478421211, 1.18421769142, 1.57895684242, 1.97369611263, 2.38004541397, 2.7863945961, 3.19274377823, 3.61070299149, 4.01705217361, 4.42340135574, 4.82975053787, 5.22448968887, 5.630838871, 6.03718805313, 6.45514726639, 6.87310647964, 7.2910656929, 7.69741487503, 8.10376358032, 8.51011276245, 8.91646194458, 9.33442115784, 9.74077033997, 10.1471195221, 10.5650787354, 10.95981884, 11.3777770996, 11.7841272354, 12.1904764175, 12.5852155685, 13.0031747818, 13.4095239639, 13.8158731461, 14.2222223282, 14.6285715103, 15.0465307236, 15.4528799057, 15.8592290878, 16.2655773163, 16.6719264984, 17.0782756805, 17.4846248627, 17.9025840759, 18.2973232269, 18.7152824402, 19.1216316223, 19.5279808044, 19.9343299866, 20.3406791687, 20.7470283508, 21.153377533, 21.5597267151, 21.9776859283, 22.3840351105, 22.7903842926, 23.1967334747, 23.614692688, 24.009431839, 24.4273910522, 24.8337402344, 25.2516994476, 25.6580486298, 26.0643978119, 26.470746994, 26.865486145, 27.2718353271, 27.6781845093, 28.0845336914, 28.5024929047, 28.9088420868, 29.3268013, 29.7215423584, 30.1394996643, 30.5458488464, 30.9521980286, 31.3701572418, 31.7881164551, 32.1828575134, 32.6008148193, 32.9955558777, 33.4135131836, 33.8082542419, 34.2262115479, 34.63256073, 35.0505218506, 35.4568710327, 35.8632202148, 36.269569397, 36.6759185791, 37.0822677612, 37.5002250671, 37.8949661255, 38.3129234314, 38.7076644897, 39.1256217957, 39.5319709778, 39.9383201599, 40.344669342, 40.7626304626, 41.1689796448, 41.5869369507, 41.981678009, 42.3880271912, 42.7943763733, 43.2123336792, 43.6186828613, 44.0250320435, 44.4313812256, 44.8377304077, 45.2440795898, 45.650428772, 46.0567779541, 46.4631271362, 46.8694763184, 47.2758255005, 47.6937866211, 48.111743927, 48.5180931091, 48.9244422913, 49.3307914734, 49.7371406555, 50.1434898376, 50.5498390198, 50.9561882019, 51.362537384, 51.7804985046, 52.1984558105, 52.6048049927, 53.0111541748, 53.4175033569, 53.8238525391, 54.2302017212, 54.6365509033, 55.0545120239, 55.4608612061, 55.8555984497, 56.2619476318, 56.668296814, 57.0746459961, 57.4926071167, 57.8989562988, 58.305305481, 58.7232627869, 59.129611969, 59.5359611511, 59.9539222717, 60.3718795776, 60.7782287598, 61.1845779419, 61.5793190002, 61.9740562439, 62.380405426, 62.7867546082, 63.2047157288, 63.6226730347, 64.0174102783, 64.4353713989, 64.8417205811, 65.2480697632, 65.6544189453, 66.0607681274, 66.478729248, 66.8850784302, 67.2914276123, 67.6977767944, 68.1041259766, 68.5220870972, 68.9284362793, 69.3347854614, 69.7527389526, 70.1707000732, 70.5654373169, 70.9833984375, 71.3897476196, 71.7960968018, 72.2024459839, 72.608795166, 73.0151443481, 73.4214935303, 73.8162307739, 74.2341918945, 74.6405410767, 75.0468902588, 75.4416275024, 75.8479766846, 76.2543258667, 76.6722869873, 77.0902481079, 77.49659729, 77.9029464722, 78.3209075928, 78.7272567749, 79.133605957, 79.5283432007, 79.9463043213, 80.3526535034, 80.7590026855, 81.1653518677, 81.5717010498, 81.9780502319, 82.3843994141, 82.7791366577, 83.1970977783, 83.6150588989, 84.0330123901, 84.4393615723, 84.8457107544, 85.2404556274, 85.6351928711, 86.0531539917, 86.4711074829, 86.877456665, 87.2838058472, 87.6901550293, 88.0965042114, 88.4912490845, 88.9092025757, 89.3271636963, 89.7335128784, 90.1398620605, 90.5578231812, 90.9525604248, 91.3705215454, 91.788482666, 92.1948318481, 92.6011810303, 92.9959182739, 93.4138793945, 93.8202285767, 94.2149658203, 94.6213150024, 95.0276641846, 95.4456253052, 95.8519744873, 96.2583236694, 96.6646728516, 97.0826263428, 97.4889755249, 97.895324707, 98.3132858276, 98.7196350098, 99.1259841919, 99.5439453125, 99.9502944946, 100.356643677, 100.75138092, 101.157730103, 101.552467346, 101.958816528, 102.376777649, 102.79473877, 103.201087952, 103.607437134, 104.025398254, 104.443351746, 104.849700928, 105.25605011, 105.650794983, 106.057144165, 106.463493347, 106.881446838, 107.287796021, 107.694145203, 108.100494385, 108.506843567, 108.913192749, 109.33115387, 109.737503052, 110.155464172, 110.561813354, 110.968162537, 111.386123657, 111.792472839, 112.198822021, 112.605171204, 113.011520386, 113.429473877, 113.835823059, 114.25378418, 114.660133362, 115.078094482, 115.484443665, 115.879180908, 116.28553009, 116.703491211, 117.109840393, 117.516189575, 117.922538757, 118.328887939, 118.735237122, 119.141586304, 119.547935486, 119.954284668, 120.36063385, 120.778594971, 121.184944153, 121.602897644, 122.009246826, 122.415596008, 122.82194519, 123.228294373, 123.634643555, 124.040992737, 124.43573761, 124.830474854, 125.225212097, 125.643173218, 126.0495224, 126.455871582, 126.873832703, 127.291786194, 127.698135376, 128.104492188, 128.51083374, 128.917190552, 129.323532104, 129.729888916, 130.147842407, 130.554199219, 130.960540771, 131.378494263, 131.784851074, 132.191192627, 132.5859375, 133.003890991, 133.410247803, 133.816589355, 134.222946167, 134.640899658, 135.058868408, 135.465209961, 135.859954834, 136.277908325, 136.684265137, 137.090606689, 137.496963501, 137.903305054, 138.298049927, 138.716003418, 139.110748291, 139.517089844, 139.923446655, 140.341400146, 140.759368896, 141.165710449, 141.572067261, 141.990020752, 142.396362305, 142.802719116, 143.197463989, 143.603805542, 144.010162354, 144.428115845, 144.822860718, 145.240814209, 145.647155762, 146.053512573, 146.459854126, 146.866210938, 147.27255249, 147.69052124, 148.096862793, 148.514831543, 148.921173096, 149.327529907, 149.73387146, 150.140228271, 150.546569824, 150.952926636, 151.359268188, 151.765625, 152.171966553, 152.578323364, 152.996276855, 153.402633667, 153.80897522, 154.203720093, 154.621673584, 155.039627075, 155.445983887, 155.852325439, 156.258682251, 156.676635742, 157.082992554, 157.500946045, 157.907302856, 158.313644409, 158.720001221, 159.126342773, 159.532699585, 159.939041138, 160.345397949, 160.751739502, 161.146484375, 161.564437866, 161.970794678, 162.388748169, 162.79510498, 163.201446533, 163.607803345, 164.025756836, 164.432098389, 164.8384552, 165.244796753, 165.651153564, 166.069107056, 166.475463867, 166.88180542, 167.288162231, 167.694503784, 168.112472534, 168.518814087, 168.925170898, 169.331512451, 169.737869263, 170.144210815, 170.538955688, 170.945297241, 171.363265991, 171.769607544, 172.175964355, 172.582305908, 173.000274658, 173.406616211, 173.812973022, 174.219314575, 174.637283325, 175.055236816, 175.449981689, 175.856323242, 176.262680054, 176.669021606, 177.075378418, 177.481719971, 177.899673462, 178.306030273, 178.700775146, 179.107116699, 179.513473511, 179.931427002, 180.349380493, 180.767349243, 181.185302734, 181.580047607, 181.974777222, 182.381134033, 182.799087524, 183.205444336, 183.623397827, 184.029754639, 184.436096191, 184.842453003, 185.248794556, 185.655151367, 186.06149292, 186.467849731, 186.874191284, 187.292144775, 187.698501587, 188.10484314, 188.511199951, 188.917541504, 189.312286377, 189.718643188, 190.124984741, 190.542938232, 190.949295044, 191.355636597, 191.773605347, 192.191558838, 192.597915649, 193.004257202, 193.410614014, 193.816955566, 194.223312378, 194.629653931, 195.036010742, 195.442352295, 195.848709106, 196.255050659, 196.673019409, 197.079360962, 197.485717773, 197.892059326, 198.310012817, 198.716369629, 199.13432312, 199.529067993, 199.935409546, 200.341766357, 200.74810791, 201.154464722, 201.560806274, 201.978775024, 202.385116577, 202.77986145, 203.197814941, 203.604171753, 204.010513306, 204.416870117, 204.846435547, 205.252792358, 205.659133911, 206.065490723, 206.471832275, 206.878189087, 207.28453064, 207.679275513, 208.097229004, 208.515182495, 208.933151245, 209.339492798, 209.745849609, 210.152191162, 210.558547974, 210.953277588, 211.371246338, 211.777587891, 212.195556641, 212.590286255, 212.996643066, 213.402984619, 213.809341431, 214.215682983, 214.633651733, 215.039993286, 215.446350098, 215.85269165, 216.2706604, 216.677001953, 217.083358765, 217.501312256, 217.919265747, 218.31401062, 218.731964111, 219.1615448, 219.591110229, 220.020675659, 220.450241089, 220.879821777, 221.309387207, 221.738952637, 222.168518066, 222.574874878, 222.981216431, 223.399185181, 223.817138672, 224.223495483, 224.629837036, 225.036193848]
