
metadata:
    version:
        essentia: "2.1-beta2"
    audio_properties:
        analysis_sample_rate: 44100
        bitrate: 320
        channels: 2
        equal_loudness: 1
        length: 217.939590454
        replay_gain: -16.3289489746
        downmix: "mix"
    tags:
        album: "The Arockalypse"
        artist: "Lordi"
        comment: ""
        date: "2006"
        genre: "Hard Rock"
        title: "It Snows In Hell"
        tracknumber: "05"

configuration:
    average_loudness:
        compute: 1
        frameSize: 88200
        hopSize: 44100
        silentFrames: "noise"
        windowType: "hann"
    general:
        analysisSampleRate: 44100
        endTime: 2000
        equalLoudness: 1
        nequalLoudness: 0
        shortSound: 0
        startTime: 0
    lowlevel:
        compute: 1
        frameSize: 2048
        hopSize: 1024
        zeroPadding: 0
        silentFrames: "noise"
        windowType: "blackmanharris62"
        mfccStats: ["mean", "cov", "icov"]
        stats: ["mean", "var", "median", "min", "max", "dmean", "dmean2", "dvar", "dvar2"]
    panning:
        compute: 0
        frameSize: 8192
        hopSize: 2048
        zeroPadding: 8192
        silentFrames: "noise"
        windowType: "hann"
        stats: ["copy"]
    rhythm:
        compute: 1
        maxTempo: 208
        minTempo: 40
        method: "degara"
        stats: ["mean", "var", "median", "min", "max", "dmean", "dmean2", "dvar", "dvar2"]
    segmentation:
        compute: 0
        cpw: 5
        inc1: 300
        inc2: 50
        minimumSegmentsLength: 10
        size1: 1000
        size2: 600
    sfx:
        compute: 1
        stats: ["mean", "var", "median", "min", "max", "dmean", "dmean2", "dvar", "dvar2"]
    svm:
        compute: 0
    tonal:
        compute: 1
        frameSize: 4096
        hopSize: 2048
        zeroPadding: 0
        silentFrames: "noise"
        windowType: "blackmanharris62"
        stats: ["mean", "var", "median", "min", "max", "dmean", "dmean2", "dvar", "dvar2"]

lowlevel:
    average_loudness: 0.901270151138
    barkbands_kurtosis:
        dmean: 0.552987635136
        dmean2: 0.890337586403
        dvar: 0.432443469763
        dvar2: 1.0844578743
        max: 8.87619686127
        mean: -0.372816234827
        median: -0.707131385803
        min: -1.85124635696
        var: 1.45568656921
    barkbands_skewness:
        dmean: 0.28217920661
        dmean2: 0.449447154999
        dvar: 0.0756374672055
        dvar2: 0.191375404596
        max: 2.75024080276
        mean: -0.43277412653
        median: -0.554404318333
        min: -2.8583779335
        var: 0.586454153061
    barkbands_spread:
        dmean: 4.2970366478
        dmean2: 6.69638681412
        dvar: 19.9134578705
        dvar2: 46.946647644
        max: 75.4673843384
        mean: 28.8647899628
        median: 28.2648258209
        min: 8.14343929291
        var: 89.9199829102
    dissonance:
        dmean: 0.00979843270034
        dmean2: 0.0167719405144
        dvar: 0.000108606713184
        dvar2: 0.000294386030873
        max: 0.500000059605
        mean: 0.481181740761
        median: 0.485695749521
        min: 0.300267845392
        var: 0.000305115827359
    hfc:
        dmean: 2.40603899956
        dmean2: 3.9072394371
        dvar: 9.32606124878
        dvar2: 24.6118164063
        max: 41.9879837036
        mean: 11.2458534241
        median: 10.7926330566
        min: 1.18399893259e-016
        var: 59.4018974304
    pitch:
        dmean: 880.894470215
        dmean2: 1684.69580078
        dvar: 1771146
        dvar2: 4452501.5
        max: 4996.50488281
        mean: 1216.43859863
        median: 392.770263672
        min: 53.546207428
        var: 2163716.25
    pitch_instantaneous_confidence:
        dmean: 0.0770292505622
        dmean2: 0.126850888133
        dvar: 0.0046245646663
        dvar2: 0.0118279699236
        max: 0.929475188255
        mean: 0.381395041943
        median: 0.348973691463
        min: 0.135323405266
        var: 0.0197001863271
    pitch_salience:
        dmean: 0.0472587831318
        dmean2: 0.0777635276318
        dvar: 0.0017964594299
        dvar2: 0.00472037727013
        max: 0.915255010128
        mean: 0.651641964912
        median: 0.66564232111
        min: 0.32262134552
        var: 0.00664204079658
    silence_rate_20dB:
        dmean: 0
        dmean2: 0
        dvar: 0
        dvar2: 0
        max: 1
        mean: 1
        median: 1
        min: 1
        var: 0
    silence_rate_30dB:
        dmean: 0
        dmean2: 0
        dvar: 0
        dvar2: 0
        max: 1
        mean: 1
        median: 1
        min: 1
        var: 0
    silence_rate_60dB:
        dmean: 0.0372895784676
        dmean2: 0.0745871067047
        dvar: 0.0359072387218
        dvar2: 0.0837209746242
        max: 1
        mean: 0.286246925592
        median: 0
        min: 0
        var: 0.20428557694
    spectral_centroid:
        dmean: 213.44367981
        dmean2: 339.728485107
        dvar: 62131.3984375
        dvar2: 154310.734375
        max: 10694.1679688
        mean: 2060.36206055
        median: 2184.42797852
        min: 324.787506104
        var: 374658.78125
    spectral_complexity:
        dmean: 3.47815895081
        dmean2: 5.54928064346
        dvar: 11.482793808
        dvar2: 27.8923149109
        max: 47
        mean: 19.3781833649
        median: 20
        min: 0
        var: 113.903671265
    spectral_crest:
        dmean: 1.50802624226
        dmean2: 2.50711989403
        dvar: 2.03951859474
        dvar2: 5.3560833931
        max: 19.5410404205
        mean: 6.24522590637
        median: 5.71535491943
        min: 2.49119615555
        var: 5.38835525513
    spectral_decrease:
        dmean: 1.7558794696e-010
        dmean2: 2.78592093839e-010
        dvar: 3.90354156635e-020
        dvar2: 9.83801574673e-020
        max: -7.90989358736e-029
        mean: -1.04060071671e-009
        median: -1.08069841964e-009
        min: -2.85620460616e-009
        var: 3.21023393208e-019
    spectral_energy:
        dmean: 0.000853841076605
        dmean2: 0.00135990593117
        dvar: 9.63194793258e-007
        dvar2: 2.43751173912e-006
        max: 0.0141455922276
        mean: 0.00494751008227
        median: 0.00509577803314
        min: 1.10377551144e-020
        var: 7.88636589277e-006
    spectral_energyband_high:
        dmean: 0.000260616245214
        dmean2: 0.000438938644947
        dvar: 1.71921030301e-007
        dvar2: 4.76532221683e-007
        max: 0.00436715688556
        mean: 0.000673887727316
        median: 0.000569334370084
        min: 7.64722498633e-021
        var: 3.55668788643e-007
    spectral_energyband_low:
        dmean: 0.000102158381196
        dmean2: 0.000158351598657
        dvar: 3.34755583253e-008
        dvar2: 8.40363583166e-008
        max: 0.00248160166666
        mean: 0.000274910678854
        median: 0.000215110369027
        min: 8.52164784054e-023
        var: 6.67754207484e-008
    spectral_energyband_middle_high:
        dmean: 0.000614157645032
        dmean2: 0.000984548474662
        dvar: 4.38877520992e-007
        dvar2: 1.11404062864e-006
        max: 0.0124812424183
        mean: 0.0031342250295
        median: 0.00288645667024
        min: 1.74351841083e-021
        var: 4.70547684017e-006
    spectral_energyband_middle_low:
        dmean: 0.000322121893987
        dmean2: 0.000521270674653
        dvar: 2.26797482128e-007
        dvar2: 6.01667352385e-007
        max: 0.00635500252247
        mean: 0.00100359378848
        median: 0.000877272512298
        min: 5.11030960647e-022
        var: 4.73142080182e-007
    spectral_flatness_db:
        dmean: 0.0111740780994
        dmean2: 0.0173959098756
        dvar: 0.000104882499727
        dvar2: 0.000231966667343
        max: 0.341753304005
        mean: 0.156493619084
        median: 0.145016908646
        min: 0.0619950704277
        var: 0.00176352309063
    spectral_flux:
        dmean: 0.00640075700358
        dmean2: 0.00990471523255
        dvar: 5.13056438649e-005
        dvar2: 0.000109707601951
        max: 0.102810837328
        mean: 0.0396861694753
        median: 0.0412889309227
        min: 1.05060724009e-010
        var: 0.000317712314427
    spectral_kurtosis:
        dmean: 1.18646991253
        dmean2: 2.01068758965
        dvar: 2.54861044884
        dvar2: 7.24736881256
        max: 30.4445457458
        mean: 3.6490957737
        median: 3.09550142288
        min: -1.18285024166
        var: 5.39635658264
    spectral_rms:
        dmean: 0.000183697979082
        dmean2: 0.000286944152322
        dvar: 3.70073856004e-008
        dvar2: 8.9152464966e-008
        max: 0.00371491303667
        mean: 0.00207794969901
        median: 0.0022296840325
        min: 3.28154560816e-012
        var: 5.08960170009e-007
    spectral_rolloff:
        dmean: 276.398529053
        dmean2: 454.789611816
        dvar: 152022.515625
        dvar2: 318443.46875
        max: 18518.5546875
        mean: 3538.27661133
        median: 3768.31054688
        min: 366.064453125
        var: 734846.5
    spectral_skewness:
        dmean: 0.170422211289
        dmean2: 0.281315922737
        dvar: 0.0337305217981
        dvar2: 0.0878883004189
        max: 4.03047800064
        mean: 1.26522994041
        median: 1.21247267723
        min: 0.0117962313816
        var: 0.131041556597
    spectral_spread:
        dmean: 379802.3125
        dmean2: 553558.0625
        dvar: 351661391872
        dvar2: 628930445312
        max: 40339544
        mean: 4349316
        median: 4216112.5
        min: 1589388.875
        var: 3.83427097395e+012
    spectral_strongpeak:
        dmean: 0.721578478813
        dmean2: 1.23973655701
        dvar: 0.978791236877
        dvar2: 2.51679801941
        max: 10.4588823318
        mean: 1.15025353432
        median: 0.525959730148
        min: 2.2143631373e-009
        var: 2.06235837936
    zerocrossingrate:
        dmean: 0.00639130314812
        dmean2: 0.00788887683302
        dvar: 4.65889570478e-005
        dvar2: 6.02851396252e-005
        max: 0.49560546875
        mean: 0.111154906452
        median: 0.11767578125
        min: 0.0205078125
        var: 0.000715969421435
    barkbands:
        dmean: [2.35620980504e-008, 3.56088312401e-005, 6.19950296823e-005, 7.67106394051e-005, 0.000155683956109, 6.71110465191e-005, 4.92344406666e-005, 6.13469674136e-005, 9.04958069441e-005, 0.000111292531074, 8.10602941783e-005, 7.59692266001e-005, 7.76204105932e-005, 0.000123038713355, 0.000106721345219, 0.000132098706672, 0.000214099753066, 0.00016742713342, 0.000260623346549, 0.000256930332398, 0.000135596230393, 3.10757059196e-005, 5.4855813687e-006, 2.43891304308e-006, 1.14202271106e-006, 4.07226572463e-008, 2.6663746211e-010]
        dmean2: [3.37605641221e-008, 5.56499253435e-005, 0.000102098980278, 0.000123549747514, 0.000261001288891, 0.000109085289296, 7.84541480243e-005, 9.87260937109e-005, 0.000142833087011, 0.000176838380867, 0.000129337262479, 0.000122624696814, 0.000124755286379, 0.00019830907695, 0.000174797416548, 0.000216651227674, 0.000353514507879, 0.000274465593975, 0.000433776236605, 0.000424482364906, 0.000230985126109, 5.37802588951e-005, 9.13490202947e-006, 3.76699381377e-006, 1.67398911799e-006, 6.22468618872e-008, 4.77270722943e-010]
        dvar: [4.12704013352e-015, 8.61321858281e-009, 1.67268670026e-008, 1.4598099618e-008, 1.36515893701e-007, 1.25262600292e-008, 7.15924475259e-009, 1.09103313051e-008, 3.63125671754e-008, 3.92347878631e-008, 1.83230266515e-008, 1.76374665983e-008, 1.87709208177e-008, 4.24962323109e-008, 3.65910075573e-008, 5.06779862519e-008, 1.13113969746e-007, 5.13068307839e-008, 1.3128521914e-007, 1.26672276224e-007, 4.60645495082e-008, 5.491348265e-009, 1.24347268593e-010, 2.85634120523e-011, 8.52584582794e-012, 1.091030698e-014, 2.27261540197e-019]
        dvar2: [8.14020939278e-015, 1.90729956273e-008, 4.60120013202e-008, 3.9095183979e-008, 3.79312638188e-007, 3.3332000271e-008, 1.78351040603e-008, 2.73181548494e-008, 8.45425205398e-008, 9.46582687789e-008, 4.55921949083e-008, 4.38107790046e-008, 4.47137935566e-008, 1.04365412312e-007, 8.96056704391e-008, 1.24482667729e-007, 2.7798162705e-007, 1.3105093899e-007, 3.28027965679e-007, 3.30477064381e-007, 1.29347910161e-007, 1.54298991362e-008, 3.31141364329e-010, 5.4301067115e-011, 1.60839987162e-011, 2.48636374212e-014, 6.43469175179e-019]
        max: [8.49717650908e-007, 0.00104967469815, 0.00170369178522, 0.00285028200597, 0.00465243170038, 0.0029123807326, 0.00194860436022, 0.00245047849603, 0.00436151027679, 0.00450054602697, 0.00271209515631, 0.00283733801916, 0.00263408571482, 0.00416894908994, 0.00514826970175, 0.00491411658004, 0.00804264005274, 0.00452292151749, 0.0070468862541, 0.00462709832937, 0.00269867992029, 0.00100544607267, 0.000176737536094, 0.00012941044406, 7.27440565242e-005, 3.44525733453e-006, 8.04026267787e-009]
        mean: [3.56814204849e-008, 5.50977492821e-005, 0.000135729656904, 0.000174156637513, 0.000255015678704, 0.000140048796311, 9.6330200904e-005, 0.000115463153634, 0.000155385423568, 0.00019931323186, 0.000145603102283, 0.000141024225741, 0.000137645241921, 0.000226028758334, 0.00019544987299, 0.000265421549557, 0.000480375107145, 0.000383876293199, 0.000633933814242, 0.000637474295218, 0.000300648913253, 5.48579118913e-005, 1.09128559416e-005, 5.2938380577e-006, 2.31673266171e-006, 6.68541915161e-008, 2.71442313071e-010]
        median: [4.89110041357e-009, 2.47203024628e-005, 9.63654747466e-005, 0.000112558002002, 0.000155000569066, 8.98641665117e-005, 5.25710493093e-005, 7.11594693712e-005, 6.75199335092e-005, 8.18940316094e-005, 6.72359601595e-005, 6.99993543094e-005, 6.40293364995e-005, 0.000107789877802, 0.000102611767943, 0.000166298676049, 0.000289785646601, 0.000271526805591, 0.000458486756543, 0.000490268575959, 0.000249564123806, 3.51654744009e-005, 5.81135327593e-006, 3.01798286273e-006, 1.33367984745e-006, 2.99894686862e-008, 1.33312333395e-010]
        min: [5.0753654034e-024, 7.42897451262e-024, 4.1798306245e-023, 6.48933452051e-023, 1.06595139051e-022, 3.77426902897e-023, 7.29708201797e-023, 8.57650081027e-023, 9.46084733273e-023, 6.37283301767e-023, 9.69617810916e-024, 7.22795319022e-023, 1.25156354575e-022, 9.51928614859e-023, 1.57751859987e-022, 2.73524051452e-022, 2.48598646933e-022, 4.09930900444e-022, 1.90608888566e-022, 4.10239982458e-022, 5.05695837547e-022, 5.28751679587e-022, 5.11208523771e-022, 7.71796064171e-022, 1.30604942379e-021, 1.58108314045e-021, 2.38248635346e-021]
        var: [7.03123489472e-015, 1.15604059658e-008, 2.4891170014e-008, 4.12647942483e-008, 1.28942147626e-007, 2.68781477075e-008, 1.71989782416e-008, 1.95758040888e-008, 7.21602688714e-008, 9.16196540857e-008, 4.71881840269e-008, 4.0816416913e-008, 4.02278104161e-008, 9.92518280896e-008, 1.0213867796e-007, 1.23404802821e-007, 3.75326408175e-007, 1.56224331249e-007, 4.60434932847e-007, 3.90176296605e-007, 7.70246302295e-008, 5.6350146771e-009, 2.04956940308e-010, 7.32745947252e-011, 1.84520124874e-011, 1.56367652252e-014, 1.95609797175e-019]
    frequency_bands:
        dmean: [2.35620980504e-008, 3.56088312401e-005, 6.19950296823e-005, 7.67106394051e-005, 0.000155683956109, 6.71110465191e-005, 4.92344406666e-005, 6.13469674136e-005, 9.04958069441e-005, 0.000111292531074, 8.10602941783e-005, 7.59692266001e-005, 7.76204105932e-005, 0.000123038713355, 0.000106721345219, 0.000132098706672, 0.000214099753066, 0.00016742713342, 0.000260623346549, 0.000256930332398, 0.000135596230393, 3.10757059196e-005, 5.4855813687e-006, 2.43891304308e-006, 1.14202271106e-006, 4.07226572463e-008, 2.6663746211e-010, 5.45323508572e-011]
        dmean2: [3.37605641221e-008, 5.56499253435e-005, 0.000102098980278, 0.000123549747514, 0.000261001288891, 0.000109085289296, 7.84541480243e-005, 9.87260937109e-005, 0.000142833087011, 0.000176838380867, 0.000129337262479, 0.000122624696814, 0.000124755286379, 0.00019830907695, 0.000174797416548, 0.000216651227674, 0.000353514507879, 0.000274465593975, 0.000433776236605, 0.000424482364906, 0.000230985126109, 5.37802588951e-005, 9.13490202947e-006, 3.76699381377e-006, 1.67398911799e-006, 6.22468618872e-008, 4.77270722943e-010, 1.01315858481e-010]
        dvar: [4.12704013352e-015, 8.61321858281e-009, 1.67268670026e-008, 1.4598099618e-008, 1.36515893701e-007, 1.25262600292e-008, 7.15924475259e-009, 1.09103313051e-008, 3.63125671754e-008, 3.92347878631e-008, 1.83230266515e-008, 1.76374665983e-008, 1.87709208177e-008, 4.24962323109e-008, 3.65910075573e-008, 5.06779862519e-008, 1.13113969746e-007, 5.13068307839e-008, 1.3128521914e-007, 1.26672276224e-007, 4.60645495082e-008, 5.491348265e-009, 1.24347268593e-010, 2.85634120523e-011, 8.52584582794e-012, 1.091030698e-014, 2.27261540197e-019, 6.59664906284e-021]
        dvar2: [8.14020939278e-015, 1.90729956273e-008, 4.60120013202e-008, 3.9095183979e-008, 3.79312638188e-007, 3.3332000271e-008, 1.78351040603e-008, 2.73181548494e-008, 8.45425205398e-008, 9.46582687789e-008, 4.55921949083e-008, 4.38107790046e-008, 4.47137935566e-008, 1.04365412312e-007, 8.96056704391e-008, 1.24482667729e-007, 2.7798162705e-007, 1.3105093899e-007, 3.28027965679e-007, 3.30477064381e-007, 1.29347910161e-007, 1.54298991362e-008, 3.31141364329e-010, 5.4301067115e-011, 1.60839987162e-011, 2.48636374212e-014, 6.43469175179e-019, 2.06937680235e-020]
        max: [8.49717650908e-007, 0.00104967469815, 0.00170369178522, 0.00285028200597, 0.00465243170038, 0.0029123807326, 0.00194860436022, 0.00245047849603, 0.00436151027679, 0.00450054602697, 0.00271209515631, 0.00283733801916, 0.00263408571482, 0.00416894908994, 0.00514826970175, 0.00491411658004, 0.00804264005274, 0.00452292151749, 0.0070468862541, 0.00462709832937, 0.00269867992029, 0.00100544607267, 0.000176737536094, 0.00012941044406, 7.27440565242e-005, 3.44525733453e-006, 8.04026267787e-009, 9.39894162499e-010]
        mean: [3.56814204849e-008, 5.50977492821e-005, 0.000135729656904, 0.000174156637513, 0.000255015678704, 0.000140048796311, 9.6330200904e-005, 0.000115463153634, 0.000155385423568, 0.00019931323186, 0.000145603102283, 0.000141024225741, 0.000137645241921, 0.000226028758334, 0.00019544987299, 0.000265421549557, 0.000480375107145, 0.000383876293199, 0.000633933814242, 0.000637474295218, 0.000300648913253, 5.48579118913e-005, 1.09128559416e-005, 5.2938380577e-006, 2.31673266171e-006, 6.68541915161e-008, 2.71442313071e-010, 4.31571202386e-011]
        median: [4.89110041357e-009, 2.47203024628e-005, 9.63654747466e-005, 0.000112558002002, 0.000155000569066, 8.98641665117e-005, 5.25710493093e-005, 7.11594693712e-005, 6.75199335092e-005, 8.18940316094e-005, 6.72359601595e-005, 6.99993543094e-005, 6.40293364995e-005, 0.000107789877802, 0.000102611767943, 0.000166298676049, 0.000289785646601, 0.000271526805591, 0.000458486756543, 0.000490268575959, 0.000249564123806, 3.51654744009e-005, 5.81135327593e-006, 3.01798286273e-006, 1.33367984745e-006, 2.99894686862e-008, 1.33312333395e-010, 1.46902646297e-011]
        min: [5.0753654034e-024, 7.42897451262e-024, 4.1798306245e-023, 6.48933452051e-023, 1.06595139051e-022, 3.77426902897e-023, 7.29708201797e-023, 8.57650081027e-023, 9.46084733273e-023, 6.37283301767e-023, 9.69617810916e-024, 7.22795319022e-023, 1.25156354575e-022, 9.51928614859e-023, 1.57751859987e-022, 2.73524051452e-022, 2.48598646933e-022, 4.09930900444e-022, 1.90608888566e-022, 4.10239982458e-022, 5.05695837547e-022, 5.28751679587e-022, 5.11208523771e-022, 7.71796064171e-022, 1.30604942379e-021, 1.58108314045e-021, 2.38248635346e-021, 8.77098417971e-022]
        var: [7.03123489472e-015, 1.15604059658e-008, 2.4891170014e-008, 4.12647942483e-008, 1.28942147626e-007, 2.68781477075e-008, 1.71989782416e-008, 1.95758040888e-008, 7.21602688714e-008, 9.16196540857e-008, 4.71881840269e-008, 4.0816416913e-008, 4.02278104161e-008, 9.92518280896e-008, 1.0213867796e-007, 1.23404802821e-007, 3.75326408175e-007, 1.56224331249e-007, 4.60434932847e-007, 3.90176296605e-007, 7.70246302295e-008, 5.6350146771e-009, 2.04956940308e-010, 7.32745947252e-011, 1.84520124874e-011, 1.56367652252e-014, 1.95609797175e-019, 5.30974990016e-021]
    mfcc:
        mean: [-702.294616699, 94.0323104858, -63.7092170715, 46.3544845581, -16.7042369843, -4.5655875206, 4.24632740021, -7.78615140915, -0.7151029706, -4.78091859818, -7.31909751892, -3.29455041885, -6.63042402267]
        cov: [[4786.27783203, -654.717590332, 330.358276367, 747.050170898, 13.52643013, 512.264160156, 116.63469696, 192.875564575, 81.648475647, 97.5485992432, -118.156654358, -113.195823669, -38.9505729675], [-654.717590332, 604.928894043, -40.8603820801, 15.6997203827, 81.4728469849, -17.3836898804, 63.7920570374, -3.21176433563, 33.98828125, -11.223400116, 35.775970459, 24.1827087402, -4.59063386917], [330.358276367, -40.8603820801, 747.023193359, 117.370429993, 203.898681641, 250.121749878, 19.8289051056, 106.358482361, 13.0743198395, 23.128194809, 16.0627937317, -30.9243049622, 29.3128204346], [747.050170898, 15.6997203827, 117.370429993, 465.290740967, 143.175415039, 173.630050659, 61.7653884888, 46.6493301392, 71.7182006836, 21.947227478, -25.167886734, 2.33998894691, 0.764135062695], [13.52643013, 81.4728469849, 203.898681641, 143.175415039, 269.510894775, 111.854064941, 4.19568014145, 21.4978351593, 42.0343132019, 13.8881778717, -8.61946105957, 1.98744285107, 3.04292941093], [512.264160156, -17.3836898804, 250.121749878, 173.630050659, 111.854064941, 257.241882324, 73.5978775024, 68.9143371582, 22.6360340118, 34.8230934143, 5.71247768402, -21.1317119598, 4.67479562759], [116.63469696, 63.7920570374, 19.8289051056, 61.7653884888, 4.19568014145, 73.5978775024, 171.213394165, 64.683631897, 14.5645227432, 6.9766330719, 5.30725240707, 3.36043834686, -9.96657848358], [192.875564575, -3.21176433563, 106.358482361, 46.6493301392, 21.4978351593, 68.9143371582, 64.683631897, 132.876937866, 39.514415741, 16.0594997406, -2.3929438591, -7.53325176239, 0.0633530914783], [81.648475647, 33.98828125, 13.0743198395, 71.7182006836, 42.0343132019, 22.6360340118, 14.5645227432, 39.514415741, 105.890968323, 33.2356300354, 0.704744577408, 3.93727183342, -10.9822769165], [97.5485992432, -11.223400116, 23.128194809, 21.947227478, 13.8881778717, 34.8230934143, 6.9766330719, 16.0594997406, 33.2356300354, 86.0662536621, 30.8569145203, -0.693093955517, 0.916355669498], [-118.156654358, 35.775970459, 16.0627937317, -25.167886734, -8.61946105957, 5.71247768402, 5.30725240707, -2.3929438591, 0.704744577408, 30.8569145203, 78.140045166, 24.8516178131, 8.27107429504], [-113.195823669, 24.1827087402, -30.9243049622, 2.33998894691, 1.98744285107, -21.1317119598, 3.36043834686, -7.53325176239, 3.93727183342, -0.693093955517, 24.8516178131, 71.9571228027, 22.4508609772], [-38.9505729675, -4.59063386917, 29.3128204346, 0.764135062695, 3.04292941093, 4.67479562759, -9.96657848358, 0.0633530914783, -10.9822769165, 0.916355669498, 8.27107429504, 22.4508609772, 72.9662628174]]
        icov: [[0.000443318189355, 0.000366983964341, 2.6512410841e-005, -0.000613255193457, 0.000453738291981, -0.000607366615441, 0.000115755276056, -0.000225436408073, 6.86308194418e-005, -0.000274381425697, 0.000409869971918, 0.000173424632521, 0.000205461881706], [0.000366983964341, 0.0023866284173, 0.000237997606746, -0.000402937526815, -0.000686489336658, 3.12767988362e-005, -0.00103465572465, 0.000198522291612, -0.000720676907804, 0.000774926389568, -0.00115580658894, 0.0004273460072, 2.11160222534e-005], [2.6512410841e-005, 0.000237997606746, 0.00263343797997, 0.000374492170522, -0.00143221055623, -0.00207903212868, 0.000879932835232, -0.00158480100799, 0.000469220831292, 0.000723699049558, -0.00109982711729, 0.000918611884117, -0.000814676051959], [-0.000613255193457, -0.000402937526815, 0.000374492170522, 0.00442450214177, -0.00159622065257, -0.00153103412595, -0.000572560937144, 0.000802825554274, -0.00192148226779, 0.000649803609122, 0.000769885722548, -0.00110263354145, -0.000509112025611], [0.000453738291981, -0.000686489336658, -0.00143221055623, -0.00159622065257, 0.00688869692385, -0.00200292677619, 0.0012174078729, 0.000802932132501, -0.00132027920336, -0.000675766088534, 0.00224626646377, -0.00131695438176, 0.000758091104217], [-0.000607366615441, 3.12767988362e-005, -0.00207903212868, -0.00153103412595, -0.00200292677619, 0.0104080392048, -0.0030770690646, -0.000601552659646, 0.00139515951741, -0.00179567257874, -0.00168360373937, 0.00208691251464, -0.000692815869115], [0.000115755276056, -0.00103465572465, 0.000879932835232, -0.000572560937144, 0.0012174078729, -0.0030770690646, 0.0091506280005, -0.00420970516279, 0.0011673545232, 0.0002220528404, 9.22224717215e-005, -0.00149373663589, 0.00167118560057], [-0.000225436408073, 0.000198522291612, -0.00158480100799, 0.000802825554274, 0.000802932132501, -0.000601552659646, -0.00420970516279, 0.0124928513542, -0.00467307353392, 0.000115414113679, 0.000919863465242, 0.000428649014793, -0.0010013601277], [6.86308194418e-005, -0.000720676907804, 0.000469220831292, -0.00192148226779, -0.00132027920336, 0.00139515951741, 0.0011673545232, -0.00467307353392, 0.0147953508422, -0.005729383789, 0.00165242189541, -0.00172848429065, 0.00259545166045], [-0.000274381425697, 0.000774926389568, 0.000723699049558, 0.000649803609122, -0.000675766088534, -0.00179567257874, 0.0002220528404, 0.000115414113679, -0.005729383789, 0.0177232716233, -0.00838925223798, 0.00285778590478, -0.00123506027739], [0.000409869971918, -0.00115580658894, -0.00109982711729, 0.000769885722548, 0.00224626646377, -0.00168360373937, 9.22224717215e-005, 0.000919863465242, 0.00165242189541, -0.00838925223798, 0.0203749127686, -0.0074290977791, 0.000936155847739], [0.000173424632521, 0.0004273460072, 0.000918611884117, -0.00110263354145, -0.00131695438176, 0.00208691251464, -0.00149373663589, 0.000428649014793, -0.00172848429065, 0.00285778590478, -0.0074290977791, 0.0198019687086, -0.00606796750799], [0.000205461881706, 2.11160222534e-005, -0.000814676051959, -0.000509112025611, 0.000758091104217, -0.000692815869115, 0.00167118560057, -0.0010013601277, 0.00259545166045, -0.00123506027739, 0.000936155847739, -0.00606796750799, 0.0165575761348]]
    sccoeffs:
        dmean: [0.0465716347098, 0.0413701422513, 0.0373219437897, 0.0305614955723, 0.0212223380804, 0.0196309015155]
        dmean2: [0.0768911987543, 0.0691200345755, 0.0612807869911, 0.0504671856761, 0.0351117663085, 0.031486697495]
        dvar: [0.00157055375166, 0.00113324623089, 0.000900430895854, 0.000604639819358, 0.000319230399327, 0.00034280892578]
        dvar2: [0.00436621764675, 0.00312392250635, 0.00232277787291, 0.0015813029604, 0.000815831881482, 0.000820702931378]
        max: [-0.341982513666, -0.502908289433, -0.503052771091, -0.554773926735, -0.599962353706, -0.594195485115]
        mean: [-0.637628674507, -0.750324130058, -0.759809017181, -0.763166248798, -0.780637800694, -0.736504614353]
        median: [-0.640670359135, -0.753853261471, -0.765837788582, -0.767942249775, -0.785611450672, -0.733205974102]
        min: [-0.964860200882, -0.958132684231, -0.974442124367, -0.959470808506, -0.954677045345, -0.956174910069]
        var: [0.0041562281549, 0.00331973540597, 0.00338921439834, 0.00232136598788, 0.00142362108454, 0.00196096487343]
    scvalleys:
        dmean: [0.372027635574, 0.320600420237, 0.284208297729, 0.241100668907, 0.201531857252, 0.23034696281]
        dmean2: [0.616316139698, 0.529047429562, 0.45970210433, 0.38371348381, 0.312307059765, 0.328008949757]
        dvar: [0.111150637269, 0.08873693645, 0.0750276446342, 0.0666105225682, 0.0668710023165, 0.109227307141]
        dvar2: [0.286593168974, 0.203778475523, 0.159148365259, 0.132373169065, 0.115296289325, 0.195403307676]
        max: [-5.63821315765, -5.3498916626, -5.07392597198, -5.69735097885, -5.58163309097, -7.70320558548]
        mean: [-7.56506156921, -6.83790922165, -6.97503757477, -7.09618759155, -6.89017534256, -9.71101665497]
        median: [-7.15369987488, -6.68456983566, -6.84401416779, -6.87759685516, -6.51937150955, -9.33460998535]
        min: [-27.0137252808, -27.3738822937, -27.147146225, -27.2987747192, -27.3379917145, -27.3470344543]
        var: [2.53714084625, 0.943769156933, 1.04406487942, 1.00815618038, 1.30404186249, 1.56169140339]

rhythm:
    beats_loudness:
        dmean: 0.00135649193544
        dmean2: 0.00235800188966
        dvar: 1.24234441046e-006
        dvar2: 4.01350507673e-006
        max: 0.0130208730698
        mean: 0.00532427849248
        median: 0.00581904919818
        min: 3.15565000346e-012
        var: 7.76449542172e-006
    bpm: 91.907951355
    bpm_confidence: 0
    first_peak_bpm: 92
    first_peak_spread: 0.0491228364408
    first_peak_weight: 0.736413002014
    onset_rate: 2.29421401024
    second_peak_bpm: 178
    second_peak_spread: 0
    second_peak_weight: 0.0869565233588
    beats_loudness_band_ratio:
        dmean: [0.090478926897, 0.0909307822585, 0.0874270647764, 0.0795584321022, 0.11157759279, 0.0888311341405]
        dmean2: [0.154237821698, 0.171729579568, 0.159004032612, 0.139883443713, 0.192653119564, 0.154023751616]
        dvar: [0.0109689999372, 0.00487522222102, 0.0122513873503, 0.00494226580486, 0.0111885908991, 0.00645781774074]
        dvar2: [0.0319952182472, 0.016163058579, 0.0420184060931, 0.0168428830802, 0.0305193401873, 0.0176498554647]
        max: [0.646812200546, 0.443659573793, 0.751876592636, 0.482374340296, 0.73680126667, 0.745305597782]
        mean: [0.134431034327, 0.100901834667, 0.110429421067, 0.138851895928, 0.282586991787, 0.272351562977]
        median: [0.103705838323, 0.0822444558144, 0.0778933987021, 0.129055559635, 0.257186591625, 0.274039238691]
        min: [0, 0, 0, 0, 0, 0]
        var: [0.0167461819947, 0.00663034757599, 0.012120869942, 0.0070924423635, 0.0193444006145, 0.0156981814653]
    beats_position: [0.696598649025, 1.40480720997, 2.11301589012, 2.7863945961, 3.45977306366, 4.1099319458, 4.76009082794, 5.41024923325, 6.06040811539, 6.72217655182, 7.38394546509, 8.03410434723, 8.68426322937, 9.33442115784, 9.98458003998, 10.6347389221, 11.2848978043, 11.9466667175, 12.6084346771, 13.2585935593, 13.9087524414, 14.5589113235, 15.2090702057, 15.8592290878, 16.50938797, 17.1595458984, 17.8097057343, 18.4598636627, 19.1216316223, 19.7834014893, 20.4335594177, 21.0837192535, 21.7454872131, 22.3956451416, 23.0458049774, 23.6959629059, 24.3577327728, 25.0078907013, 25.6580486298, 26.2849884033, 26.9467563629, 27.5969161987, 28.2586841583, 28.9088420868, 29.5590019226, 30.2091598511, 30.8593196869, 31.5210876465, 32.1828575134, 32.8330154419, 33.4831733704, 34.1333312988, 34.783493042, 35.4336509705, 36.0954170227, 36.7455787659, 37.3957366943, 38.0458946228, 38.7076644897, 39.3578224182, 40.0079803467, 40.6581382751, 41.3083000183, 41.9584579468, 42.6202278137, 43.281993866, 43.9321517944, 44.5823135376, 45.2324714661, 45.8826293945, 46.532787323, 47.1829452515, 47.8331069946, 48.4948730469, 49.1566429138, 49.8068008423, 50.4569587708, 51.1071205139, 51.7572784424, 52.4074363708, 53.0575942993, 53.7077522278, 54.3579139709, 55.0080718994, 55.6698417664, 56.3316078186, 56.9817695618, 57.6319274902, 58.2820854187, 58.9322433472, 59.5824012756, 60.2441711426, 60.9059410095, 61.556098938, 62.2062568665, 62.8564147949, 63.5065765381, 64.1567306519, 64.806892395, 65.4570541382, 66.107208252, 66.7689819336, 67.4307479858, 68.0809020996, 68.7310638428, 69.3812255859, 70.0313796997, 70.6815414429, 71.3316955566, 71.9818572998, 72.6436233521, 73.3053970337, 73.9555511475, 74.6057128906, 75.2558746338, 75.9060287476, 76.5561904907, 77.2063446045, 77.8565063477, 78.5066680908, 79.1684341431, 79.8185958862, 80.4803619385, 81.1305236816, 81.7806777954, 82.4308395386, 83.0809936523, 83.7311553955, 84.3929214478, 85.0430831909, 85.6932373047, 86.3433990479, 87.0051651001, 87.6553268433, 88.3054885864, 88.9556427002, 89.6174163818, 90.2791824341, 90.9293441772, 91.579498291, 92.2296600342, 92.8798141479, 93.5299758911, 94.1801376343, 94.830291748, 95.4804534912, 96.1422195435, 96.7923812866, 97.4541473389, 98.104309082, 98.7544631958, 99.3930130005, 100.031562805, 100.693328857, 101.355102539, 102.005256653, 102.667030334, 103.305580139, 103.955734253, 104.617500305, 105.267662048, 105.917823792, 106.579589844, 107.229751587, 107.879905701, 108.541679382, 109.203445435, 109.853607178, 110.503761292, 111.153923035, 111.804077148, 112.454238892, 113.104400635, 113.754554749, 114.416320801, 115.078094482, 115.728248596, 116.378410339, 117.028572083, 117.690338135, 118.352104187, 119.00226593, 119.652427673, 120.302581787, 120.95274353, 121.591293335, 122.253059387, 122.90322113, 123.553375244, 124.215148926, 124.86530304, 125.515464783, 126.177230835, 126.827392578, 127.477546692, 128.127700806, 128.777862549, 129.428024292, 130.078186035, 130.728347778, 131.390106201, 132.051879883, 132.702041626, 133.352203369, 134.002349854, 134.652511597, 135.30267334, 135.952835083, 136.602996826, 137.264755249, 137.926528931, 138.576690674, 139.226852417, 139.876998901, 140.515548706, 141.154098511, 141.815872192, 142.454421997, 143.127792358, 143.777954102, 144.439727783, 145.089889526, 145.751647949, 146.401809692, 147.051971436, 147.702133179, 148.352294922, 149.014053345, 149.675827026, 150.32598877, 150.976135254, 151.626296997, 152.27645874, 152.926620483, 153.576782227, 154.226928711, 154.888702393, 155.538864136, 156.200637817, 156.850784302, 157.500946045, 158.151107788, 158.801269531, 159.451431274, 160.101577759, 160.751739502, 161.401901245, 162.063674927, 162.72543335, 163.375595093, 164.025756836, 164.675918579, 165.337677002, 165.987838745, 166.638000488, 167.288162231, 167.949935913, 168.600082397, 169.250244141, 169.900405884, 170.550567627, 171.20072937, 171.850875854, 172.501037598, 173.151199341, 173.801361084, 174.451522827, 175.101669312, 175.775054932, 176.425216675, 177.075378418, 177.725524902, 178.375686646, 179.025848389, 179.676010132, 180.326171875, 180.999542236, 181.649703979, 182.299865723, 182.961624146, 183.623397827, 184.27355957, 184.923721313, 185.562271118, 186.212417603, 186.874191284, 187.524353027, 188.18611145, 188.731781006, 189.254241943, 189.765075684, 190.264297485, 190.775146484, 191.285980225, 191.785217285, 192.284439087, 192.772064209, 193.248062134, 193.712463379, 194.188476563, 194.664489746, 195.001174927, 195.326248169, 195.662948608, 195.999633789, 196.33631897, 196.673019409, 197.021316528, 197.369613647, 197.717910767, 198.066207886, 198.414505005, 198.762802124, 199.099502563, 199.447799683, 199.784484863, 200.121170044, 200.457870483, 200.794555664, 201.131240845, 201.467926025, 201.804626465, 202.152923584, 202.489608765, 202.826293945, 203.162994385, 203.499679565, 203.824752808, 204.149841309, 204.474914551, 204.800003052, 205.125076294, 205.461761475, 205.798446655, 206.135147095, 206.483444214, 206.820129395, 207.145217896, 207.458679199, 207.772155762, 208.097229004, 208.422302246, 208.747390747, 209.072463989, 209.39755249, 209.722625732, 210.047698975, 210.372787476, 210.709472656, 211.046157837, 211.382858276, 211.719543457, 212.056228638, 212.392913818, 212.718002319, 213.031463623, 213.344940186, 213.670013428, 213.995101929, 214.320175171, 214.645263672, 214.970336914, 215.295410156, 215.620498657, 215.957183838, 216.293869019, 216.630569458, 216.967254639, 217.303939819]
    bpm_estimates: [89.1029052734, 89.102935791, 92.2851333618, 92.2851333618, 92.2852020264, 92.2851333618, 90.6661529541, 90.6660919189, 92.2851333618, 92.2851333618, 92.2852706909, 92.2851333618, 92.2851333618, 92.2851333618, 90.6660919189, 90.6662216187, 92.2851333618, 92.2851333618, 92.2851333618, 92.2851333618, 92.2851333618, 92.2851333618, 92.2852706909, 92.2849960327, 92.2852706909, 90.6662216187, 90.6659622192, 92.2852706909, 92.2849960327, 90.6662216187, 92.2852706909, 92.2849960327, 92.2852706909, 90.6659622192, 92.2852706909, 92.2852706909, 95.7029724121, 90.6662216187, 92.2849960327, 90.6662216187, 92.2852706909, 92.2849960327, 92.2852706909, 92.2849960327, 90.6662216187, 90.6659622192, 92.2852706909, 92.2852706909, 92.2852706909, 92.2847290039, 92.2852706909, 90.6664810181, 92.2847290039, 92.2852706909, 92.2852706909, 90.6659622192, 92.2852706909, 92.2852706909, 92.2852706909, 92.2847290039, 92.2852706909, 90.6659622192, 90.6664810181, 92.2852706909, 92.2847290039, 92.2852706909, 92.2852706909, 92.2852706909, 92.2852706909, 92.2847290039, 90.6664810181, 90.6659622192, 92.2852706909, 92.2852706909, 92.2847290039, 92.2852706909, 92.2852706909, 92.2852706909, 92.2852706909, 92.2847290039, 92.2852706909, 90.6659622192, 90.6664810181, 92.2847290039, 92.2852706909, 92.2852706909, 92.2852706909, 92.2852706909, 90.6659622192, 90.6659622192, 92.2852706909, 92.2852706909, 92.2852706909, 92.2847290039, 92.2858123779, 92.2847290039, 92.2847290039, 92.2858123779, 90.665435791, 90.6664810181, 92.2858123779, 92.2847290039, 92.2847290039, 92.2858123779, 92.2847290039, 92.2858123779, 92.2847290039, 90.6664810181, 90.665435791, 92.2858123779, 92.2847290039, 92.2847290039, 92.2858123779, 92.2847290039, 92.2858123779, 92.2847290039, 92.2847290039, 90.6664810181, 92.2847290039, 90.6664810181, 92.2847290039, 92.2858123779, 92.2847290039, 92.2858123779, 92.2847290039, 90.6664810181, 92.2847290039, 92.2858123779, 92.2847290039, 90.6664810181, 92.2847290039, 92.2847290039, 92.2858123779, 90.665435791, 90.6664810181, 92.2847290039, 92.2858123779, 92.2847290039, 92.2858123779, 92.2847290039, 92.2847290039, 92.2858123779, 92.2847290039, 90.6664810181, 92.2847290039, 90.6664810181, 92.2847290039, 92.2858123779, 93.9629135132, 93.9629135132, 90.6664810181, 90.665435791, 92.2858123779, 90.665435791, 93.9629135132, 92.2858123779, 90.6664810181, 92.2847290039, 92.2847290039, 90.6664810181, 92.2847290039, 92.2858123779, 90.665435791, 90.6664810181, 92.2847290039, 92.2858123779, 92.2847290039, 92.2858123779, 92.2847290039, 92.2847290039, 92.2858123779, 90.6664810181, 90.665435791, 92.2858123779, 92.2847290039, 92.2847290039, 90.6664810181, 90.6664810181, 92.2847290039, 92.2847290039, 92.2858123779, 92.2847290039, 93.9629135132, 90.6664810181, 92.2847290039, 92.2858123779, 90.665435791, 92.2858123779, 92.2847290039, 90.6664810181, 92.2847290039, 92.2858123779, 92.2858123779, 92.2847290039, 92.2847290039, 92.2847290039, 92.2847290039, 90.6675262451, 90.665435791, 92.2847290039, 92.2847290039, 92.286895752, 92.2847290039, 92.2847290039, 92.2847290039, 92.2847290039, 90.6675262451, 90.665435791, 92.2847290039, 92.2847290039, 92.286895752, 93.9629135132, 93.9629135132, 90.665435791, 93.9629135132, 89.1040115356, 92.2847290039, 90.665435791, 92.2847290039, 90.6675262451, 92.2847290039, 92.2847290039, 92.2847290039, 92.2847290039, 90.6675262451, 90.665435791, 92.2847290039, 92.286895752, 92.2847290039, 92.2847290039, 92.2847290039, 92.2847290039, 92.286895752, 90.665435791, 92.2847290039, 90.665435791, 92.286895752, 92.2847290039, 92.2847290039, 92.2847290039, 92.2847290039, 92.286895752, 92.2847290039, 92.2847290039, 90.665435791, 90.6675262451, 92.2847290039, 92.2847290039, 92.2847290039, 90.6675262451, 92.2847290039, 92.2847290039, 92.2847290039, 90.665435791, 92.286895752, 92.2847290039, 92.2847290039, 92.2847290039, 92.2847290039, 92.286895752, 92.2847290039, 92.2847290039, 92.2847290039, 92.2847290039, 92.286895752, 89.1019897461, 92.2847290039, 92.2847290039, 92.286895752, 92.2847290039, 92.2847290039, 92.2847290039, 92.2847290039, 89.1040115356, 92.2847290039, 92.2847290039, 90.6675262451, 90.665435791, 92.2847290039, 92.2847290039, 93.9629135132, 92.286895752, 90.665435791, 92.2847290039, 90.6675262451]
