
metadata:
    version:
        essentia: "2.1-beta2"
    audio_properties:
        analysis_sample_rate: 44100
        bitrate: 320
        channels: 2
        equal_loudness: 1
        length: 218.30531311
        replay_gain: -16.5872192383
        downmix: "mix"
    tags:
        album: "The Arockalypse"
        artist: "Lordi"
        comment: ""
        date: "2006"
        genre: "Hard Rock"
        title: "Who's Your Daddy?"
        tracknumber: "06"

configuration:
    average_loudness:
        compute: 1
        frameSize: 88200
        hopSize: 44100
        silentFrames: "noise"
        windowType: "hann"
    general:
        analysisSampleRate: 44100
        endTime: 2000
        equalLoudness: 1
        nequalLoudness: 0
        shortSound: 0
        startTime: 0
    lowlevel:
        compute: 1
        frameSize: 2048
        hopSize: 1024
        zeroPadding: 0
        silentFrames: "noise"
        windowType: "blackmanharris62"
        mfccStats: ["mean", "cov", "icov"]
        stats: ["mean", "var", "median", "min", "max", "dmean", "dmean2", "dvar", "dvar2"]
    panning:
        compute: 0
        frameSize: 8192
        hopSize: 2048
        zeroPadding: 8192
        silentFrames: "noise"
        windowType: "hann"
        stats: ["copy"]
    rhythm:
        compute: 1
        maxTempo: 208
        minTempo: 40
        method: "degara"
        stats: ["mean", "var", "median", "min", "max", "dmean", "dmean2", "dvar", "dvar2"]
    segmentation:
        compute: 0
        cpw: 5
        inc1: 300
        inc2: 50
        minimumSegmentsLength: 10
        size1: 1000
        size2: 600
    sfx:
        compute: 1
        stats: ["mean", "var", "median", "min", "max", "dmean", "dmean2", "dvar", "dvar2"]
    svm:
        compute: 0
    tonal:
        compute: 1
        frameSize: 4096
        hopSize: 2048
        zeroPadding: 0
        silentFrames: "noise"
        windowType: "blackmanharris62"
        stats: ["mean", "var", "median", "min", "max", "dmean", "dmean2", "dvar", "dvar2"]

lowlevel:
    average_loudness: 0.930752635002
    barkbands_kurtosis:
        dmean: 1.18715798855
        dmean2: 1.8932248354
        dvar: 7.05749368668
        dvar2: 19.1841812134
        max: 199.881896973
        mean: 0.891577661037
        median: 0.0876244604588
        min: -1.91516602039
        var: 20.4736862183
    barkbands_skewness:
        dmean: 0.364360839128
        dmean2: 0.570112645626
        dvar: 0.126578599215
        dvar2: 0.298434436321
        max: 12.3363895416
        mean: -1.014103055
        median: -1.08890283108
        min: -4.84803628922
        var: 0.764200568199
    barkbands_spread:
        dmean: 6.54027032852
        dmean2: 10.383893013
        dvar: 44.9442901611
        dvar2: 109.9373703
        max: 82.9614181519
        mean: 31.2048549652
        median: 29.5592517853
        min: 1.0754199028
        var: 153.679672241
    dissonance:
        dmean: 0.0068451850675
        dmean2: 0.0117423664778
        dvar: 6.61520753056e-005
        dvar2: 0.000179856200702
        max: 0.500000059605
        mean: 0.489392459393
        median: 0.492088794708
        min: 0.333715468645
        var: 9.96097514872e-005
    hfc:
        dmean: 3.8133919239
        dmean2: 6.20048522949
        dvar: 29.4512767792
        dvar2: 78.4996643066
        max: 79.8594818115
        mean: 14.2670955658
        median: 14.0402727127
        min: 1.18622279112e-016
        var: 69.4942245483
    pitch:
        dmean: 968.772277832
        dmean2: 1802.09875488
        dvar: 1716417.25
        dvar2: 4163710.5
        max: 5315.37109375
        mean: 2394.18237305
        median: 2890.39770508
        min: 55.4543914795
        var: 2843385.5
    pitch_instantaneous_confidence:
        dmean: 0.076835475862
        dmean2: 0.1262627244
        dvar: 0.00421116314828
        dvar2: 0.0105680627748
        max: 0.9649553895
        mean: 0.34943857789
        median: 0.327967166901
        min: 0.113727688789
        var: 0.0131780784577
    pitch_salience:
        dmean: 0.0478454269469
        dmean2: 0.0798408612609
        dvar: 0.00191600224935
        dvar2: 0.00502281263471
        max: 0.879292190075
        mean: 0.692831933498
        median: 0.71005821228
        min: 0.197614938021
        var: 0.0063239261508
    silence_rate_20dB:
        dmean: 0
        dmean2: 0
        dvar: 0
        dvar2: 0
        max: 1
        mean: 1
        median: 1
        min: 1
        var: 0
    silence_rate_30dB:
        dmean: 0
        dmean2: 0
        dvar: 0
        dvar2: 0
        max: 1
        mean: 1
        median: 1
        min: 1
        var: 0
    silence_rate_60dB:
        dmean: 0.0623271651566
        dmean2: 0.124667584896
        dvar: 0.0584428496659
        dvar2: 0.123805135489
        max: 1
        mean: 0.209507599473
        median: 0
        min: 0
        var: 0.16562487185
    spectral_centroid:
        dmean: 263.728088379
        dmean2: 408.275634766
        dvar: 80003.65625
        dvar2: 171593.15625
        max: 11466.1367188
        mean: 2668.37646484
        median: 2742.80541992
        min: 91.484046936
        var: 469417.09375
    spectral_complexity:
        dmean: 4.257604599
        dmean2: 6.59227752686
        dvar: 15.7689981461
        dvar2: 33.7832374573
        max: 49
        mean: 21.5150489807
        median: 23
        min: 0
        var: 105.950744629
    spectral_crest:
        dmean: 1.49074995518
        dmean2: 2.48339009285
        dvar: 1.98594045639
        dvar2: 5.11483716965
        max: 24.385723114
        mean: 6.33799123764
        median: 5.81292963028
        min: 2.28818798065
        var: 5.23930311203
    spectral_decrease:
        dmean: 2.33231295388e-010
        dmean2: 3.72698094608e-010
        dvar: 1.01156621505e-019
        dvar2: 2.57037974298e-019
        max: 5.45115211459e-029
        mean: -1.01690811327e-009
        median: -9.92751880702e-010
        min: -3.96444832518e-009
        var: 2.4532783686e-019
    spectral_energy:
        dmean: 0.00119860121049
        dmean2: 0.00192093581427
        dvar: 2.76806440525e-006
        dvar2: 7.15120359018e-006
        max: 0.0222062096
        mean: 0.00513210194185
        median: 0.00506702624261
        min: 1.05536468532e-020
        var: 6.62118964101e-006
    spectral_energyband_high:
        dmean: 0.000512799364515
        dmean2: 0.000855262740515
        dvar: 6.10250083355e-007
        dvar2: 1.63720812907e-006
        max: 0.0110774589702
        mean: 0.00134342932142
        median: 0.00117276795208
        min: 7.57210987813e-021
        var: 1.07636299163e-006
    spectral_energyband_low:
        dmean: 0.000179651149665
        dmean2: 0.000302441010717
        dvar: 1.07362836843e-007
        dvar2: 2.92850984351e-007
        max: 0.00333776162006
        mean: 0.000346378190443
        median: 0.000269460491836
        min: 1.03410791567e-022
        var: 1.13046098704e-007
    spectral_energyband_middle_high:
        dmean: 0.000709284329787
        dmean2: 0.00112774583977
        dvar: 6.15062674569e-007
        dvar2: 1.51769177137e-006
        max: 0.0134660964832
        mean: 0.00288874539547
        median: 0.00277012609877
        min: 1.43061139377e-021
        var: 2.73838304565e-006
    spectral_energyband_middle_low:
        dmean: 0.000305960013065
        dmean2: 0.000497437722515
        dvar: 2.53992283206e-007
        dvar2: 6.5917208758e-007
        max: 0.00742321182042
        mean: 0.000676526455209
        median: 0.000537888205145
        min: 2.73377411676e-022
        var: 3.35609428248e-007
    spectral_flatness_db:
        dmean: 0.0119356289506
        dmean2: 0.0188877284527
        dvar: 0.000118410971481
        dvar2: 0.000276257254882
        max: 0.393539607525
        mean: 0.14645549655
        median: 0.14279691875
        min: 0.0747985765338
        var: 0.00081969430903
    spectral_flux:
        dmean: 0.00659681251273
        dmean2: 0.00981424096972
        dvar: 6.15102690062e-005
        dvar2: 0.000118461051898
        max: 0.1169764027
        mean: 0.0444588661194
        median: 0.0451753884554
        min: 1.02730941809e-010
        var: 0.000237702130107
    spectral_kurtosis:
        dmean: 0.670030772686
        dmean2: 1.10704481602
        dvar: 0.571085095406
        dvar2: 1.46164047718
        max: 27.6297893524
        mean: 2.38124060631
        median: 2.15658950806
        min: -1.20677232742
        var: 2.38979029655
    spectral_rms:
        dmean: 0.000246491894359
        dmean2: 0.000384522922104
        dvar: 8.69470966336e-008
        dvar2: 2.10473942275e-007
        max: 0.00465452391654
        mean: 0.00214869133197
        median: 0.00222338479944
        min: 3.20877569307e-012
        var: 3.90056953847e-007
    spectral_rolloff:
        dmean: 291.397827148
        dmean2: 462.31427002
        dvar: 137775.78125
        dvar2: 266284.125
        max: 19315.2832031
        mean: 4279.88964844
        median: 4371.24023438
        min: 86.1328125
        var: 588414.3125
    spectral_skewness:
        dmean: 0.141516759992
        dmean2: 0.226346045732
        dvar: 0.0208269543946
        dvar2: 0.0487047508359
        max: 4.02171611786
        mean: 0.974864661694
        median: 0.958418130875
        min: -0.043846487999
        var: 0.0995239242911
    spectral_spread:
        dmean: 385454.3125
        dmean2: 581572.0625
        dvar: 300533415936
        dvar2: 551378026496
        max: 40847412
        mean: 4858574.5
        median: 4525233
        min: 1976278
        var: 3.29519123661e+012
    spectral_strongpeak:
        dmean: 0.726243495941
        dmean2: 1.24222028255
        dvar: 0.816749095917
        dvar2: 2.00731992722
        max: 9.51885795593
        mean: 0.997697293758
        median: 0.573597252369
        min: 2.88969626006e-009
        var: 1.46148598194
    zerocrossingrate:
        dmean: 0.00772680947557
        dmean2: 0.00892332568765
        dvar: 7.16009380994e-005
        dvar2: 7.72742714616e-005
        max: 0.505859375
        mean: 0.138755634427
        median: 0.140625
        min: 0.00634765625
        var: 0.000786857504863
    barkbands:
        dmean: [1.05203639578e-007, 5.22127265867e-005, 0.000115053291665, 8.59590945765e-005, 0.000178758913535, 3.56080345227e-005, 2.96495454677e-005, 4.07371480833e-005, 7.02554680174e-005, 6.22117004241e-005, 4.85079581267e-005, 5.18167435075e-005, 7.11193715688e-005, 8.73762328411e-005, 0.000104951119283, 0.000163899749168, 0.000205901567824, 0.000202542258194, 0.000272625882644, 0.0003399051202, 0.000291064701742, 9.85117585515e-005, 1.86543602467e-005, 4.72322153655e-006, 2.19248522626e-006, 5.36139239671e-008, 2.61087290676e-010]
        dmean2: [1.40141651173e-007, 8.68696297402e-005, 0.000200774869882, 0.000141583950608, 0.000299662497127, 5.89025839872e-005, 4.852971324e-005, 6.50768342894e-005, 0.00011154373351, 9.99374242383e-005, 7.79664696893e-005, 8.33869999042e-005, 0.000114132555609, 0.000141939759487, 0.000170068524312, 0.000268014962785, 0.000337897421559, 0.000334129435942, 0.000457810645457, 0.000564442016184, 0.000494865060318, 0.000165169127285, 3.02819589706e-005, 7.04783496985e-006, 3.26307781506e-006, 8.39182732193e-008, 4.56191640019e-010]
        dvar: [5.58177839344e-014, 9.41793043552e-009, 5.1694087233e-008, 1.49830565732e-008, 1.91968382524e-007, 4.45192238629e-009, 3.29036620172e-009, 7.80205944295e-009, 2.5821936589e-008, 1.75345249431e-008, 9.60018109453e-009, 1.47982142096e-008, 2.20563762809e-008, 2.00066399003e-008, 3.27352651652e-008, 6.09336936463e-008, 8.07656448387e-008, 7.1516154776e-008, 1.47145271967e-007, 1.77282913683e-007, 1.90524858112e-007, 3.40001982124e-008, 1.31107802392e-009, 1.52154483457e-010, 3.05432693026e-011, 1.20006077897e-014, 1.3178690633e-019]
        dvar2: [9.19189244576e-014, 2.37670665371e-008, 1.46229055531e-007, 3.90853642784e-008, 5.09545543537e-007, 1.11534266267e-008, 8.09335531926e-009, 1.96353404647e-008, 6.43819717538e-008, 4.34061249166e-008, 2.41725164329e-008, 3.65462327068e-008, 5.4469776245e-008, 5.01063617264e-008, 7.98401202928e-008, 1.48229162278e-007, 2.0665244449e-007, 1.87250975614e-007, 4.0420408709e-007, 4.70653532147e-007, 5.173773161e-007, 8.66420464263e-008, 3.09704595303e-009, 2.82820350472e-010, 6.23985377257e-011, 2.93831697526e-014, 3.69982895346e-019]
        max: [2.19129424295e-006, 0.0008628644282, 0.00234934920445, 0.0022166587878, 0.00594362430274, 0.00115856667981, 0.00132777926046, 0.00243615522049, 0.00464983517304, 0.00300939450972, 0.00204279157333, 0.00229447567835, 0.003730394179, 0.0021210340783, 0.00307220243849, 0.00432951701805, 0.00570390094072, 0.00540885468945, 0.010128473863, 0.00515397824347, 0.0065240659751, 0.00308744935319, 0.000891646021046, 0.000320547580486, 0.000164858676726, 5.30437182533e-006, 8.80519213098e-009]
        mean: [1.20417539051e-007, 8.75905971043e-005, 0.000176888221176, 0.000159906951012, 0.000220215981244, 5.27159609192e-005, 4.53506872873e-005, 6.19191705482e-005, 0.000112972753413, 0.000100419201772, 7.88092438597e-005, 8.16491156002e-005, 0.000115824346722, 0.000150429958012, 0.00018079734582, 0.000311708572553, 0.000434222747572, 0.00043620771612, 0.000605993031058, 0.00082296715118, 0.000641544582322, 0.000198160778382, 3.98976699216e-005, 1.08529029603e-005, 4.83023677589e-006, 1.12925533813e-007, 3.35570016219e-010]
        median: [1.41297720191e-008, 5.77098762733e-005, 0.000111472050776, 0.000105918486952, 0.000114090624265, 2.73871119134e-005, 2.29012875934e-005, 2.43326994678e-005, 4.28118582931e-005, 4.33755340055e-005, 3.49951878889e-005, 3.179182022e-005, 4.7995159548e-005, 8.66672489792e-005, 0.000102982281533, 0.000192299849004, 0.000316717370879, 0.000342359766364, 0.000508332392201, 0.000745956145693, 0.000550802855287, 0.00012389238691, 2.11214101e-005, 5.57230032427e-006, 2.70169653049e-006, 7.46700763443e-008, 2.21946308554e-010]
        min: [7.2821162222e-024, 8.66648838254e-023, 8.59731222313e-024, 1.55573357489e-023, 5.11516816924e-023, 5.3767465568e-023, 1.93868247257e-023, 2.11429868729e-023, 6.62507034548e-023, 1.0984339058e-022, 5.70822527808e-023, 6.55025540832e-023, 1.42467206632e-022, 6.62265201349e-023, 1.32799874011e-022, 1.9664544154e-022, 6.07780787436e-023, 1.84784356161e-022, 2.55322872045e-022, 4.03933007966e-022, 5.2159296251e-022, 5.30243169434e-022, 7.44665862841e-022, 7.85086691728e-022, 1.20683854031e-021, 1.54347721971e-021, 2.20966033345e-021]
        var: [8.76834412369e-014, 1.1020026669e-008, 4.99242069907e-008, 3.25322204731e-008, 1.55619659381e-007, 6.63212551544e-009, 5.63586066704e-009, 1.7393377405e-008, 5.27118189098e-008, 3.66836481192e-008, 1.87326971712e-008, 2.70381210754e-008, 4.50155006604e-008, 3.85539991044e-008, 5.82417989392e-008, 1.39406637345e-007, 1.87229247217e-007, 1.41670625453e-007, 2.69313090939e-007, 3.79559423891e-007, 2.82819797803e-007, 6.56101377672e-008, 3.84481602111e-009, 4.90141094378e-010, 8.41890029912e-011, 2.00926481128e-014, 1.55216008774e-019]
    frequency_bands:
        dmean: [1.05203639578e-007, 5.22127265867e-005, 0.000115053291665, 8.59590945765e-005, 0.000178758913535, 3.56080345227e-005, 2.96495454677e-005, 4.07371480833e-005, 7.02554680174e-005, 6.22117004241e-005, 4.85079581267e-005, 5.18167435075e-005, 7.11193715688e-005, 8.73762328411e-005, 0.000104951119283, 0.000163899749168, 0.000205901567824, 0.000202542258194, 0.000272625882644, 0.0003399051202, 0.000291064701742, 9.85117585515e-005, 1.86543602467e-005, 4.72322153655e-006, 2.19248522626e-006, 5.36139239671e-008, 2.61087290676e-010, 5.81870628069e-011]
        dmean2: [1.40141651173e-007, 8.68696297402e-005, 0.000200774869882, 0.000141583950608, 0.000299662497127, 5.89025839872e-005, 4.852971324e-005, 6.50768342894e-005, 0.00011154373351, 9.99374242383e-005, 7.79664696893e-005, 8.33869999042e-005, 0.000114132555609, 0.000141939759487, 0.000170068524312, 0.000268014962785, 0.000337897421559, 0.000334129435942, 0.000457810645457, 0.000564442016184, 0.000494865060318, 0.000165169127285, 3.02819589706e-005, 7.04783496985e-006, 3.26307781506e-006, 8.39182732193e-008, 4.56191640019e-010, 1.07478276279e-010]
        dvar: [5.58177839344e-014, 9.41793043552e-009, 5.1694087233e-008, 1.49830565732e-008, 1.91968382524e-007, 4.45192238629e-009, 3.29036620172e-009, 7.80205944295e-009, 2.5821936589e-008, 1.75345249431e-008, 9.60018109453e-009, 1.47982142096e-008, 2.20563762809e-008, 2.00066399003e-008, 3.27352651652e-008, 6.09336936463e-008, 8.07656448387e-008, 7.1516154776e-008, 1.47145271967e-007, 1.77282913683e-007, 1.90524858112e-007, 3.40001982124e-008, 1.31107802392e-009, 1.52154483457e-010, 3.05432693026e-011, 1.20006077897e-014, 1.3178690633e-019, 6.52162442751e-021]
        dvar2: [9.19189244576e-014, 2.37670665371e-008, 1.46229055531e-007, 3.90853642784e-008, 5.09545543537e-007, 1.11534266267e-008, 8.09335531926e-009, 1.96353404647e-008, 6.43819717538e-008, 4.34061249166e-008, 2.41725164329e-008, 3.65462327068e-008, 5.4469776245e-008, 5.01063617264e-008, 7.98401202928e-008, 1.48229162278e-007, 2.0665244449e-007, 1.87250975614e-007, 4.0420408709e-007, 4.70653532147e-007, 5.173773161e-007, 8.66420464263e-008, 3.09704595303e-009, 2.82820350472e-010, 6.23985377257e-011, 2.93831697526e-014, 3.69982895346e-019, 2.02818983175e-020]
        max: [2.19129424295e-006, 0.0008628644282, 0.00234934920445, 0.0022166587878, 0.00594362430274, 0.00115856667981, 0.00132777926046, 0.00243615522049, 0.00464983517304, 0.00300939450972, 0.00204279157333, 0.00229447567835, 0.003730394179, 0.0021210340783, 0.00307220243849, 0.00432951701805, 0.00570390094072, 0.00540885468945, 0.010128473863, 0.00515397824347, 0.0065240659751, 0.00308744935319, 0.000891646021046, 0.000320547580486, 0.000164858676726, 5.30437182533e-006, 8.80519213098e-009, 9.57124823842e-010]
        mean: [1.20417539051e-007, 8.75905971043e-005, 0.000176888221176, 0.000159906951012, 0.000220215981244, 5.27159609192e-005, 4.53506872873e-005, 6.19191705482e-005, 0.000112972753413, 0.000100419201772, 7.88092438597e-005, 8.16491156002e-005, 0.000115824346722, 0.000150429958012, 0.00018079734582, 0.000311708572553, 0.000434222747572, 0.00043620771612, 0.000605993031058, 0.00082296715118, 0.000641544582322, 0.000198160778382, 3.98976699216e-005, 1.08529029603e-005, 4.83023677589e-006, 1.12925533813e-007, 3.35570016219e-010, 4.58646801094e-011]
        median: [1.41297720191e-008, 5.77098762733e-005, 0.000111472050776, 0.000105918486952, 0.000114090624265, 2.73871119134e-005, 2.29012875934e-005, 2.43326994678e-005, 4.28118582931e-005, 4.33755340055e-005, 3.49951878889e-005, 3.179182022e-005, 4.7995159548e-005, 8.66672489792e-005, 0.000102982281533, 0.000192299849004, 0.000316717370879, 0.000342359766364, 0.000508332392201, 0.000745956145693, 0.000550802855287, 0.00012389238691, 2.11214101e-005, 5.57230032427e-006, 2.70169653049e-006, 7.46700763443e-008, 2.21946308554e-010, 1.78262335448e-011]
        min: [7.2821162222e-024, 8.66648838254e-023, 8.59731222313e-024, 1.55573357489e-023, 5.11516816924e-023, 5.3767465568e-023, 1.93868247257e-023, 2.11429868729e-023, 6.62507034548e-023, 1.0984339058e-022, 5.70822527808e-023, 6.55025540832e-023, 1.42467206632e-022, 6.62265201349e-023, 1.32799874011e-022, 1.9664544154e-022, 6.07780787436e-023, 1.84784356161e-022, 2.55322872045e-022, 4.03933007966e-022, 5.2159296251e-022, 5.30243169434e-022, 7.44665862841e-022, 7.85086691728e-022, 1.20683854031e-021, 1.54347721971e-021, 2.20966033345e-021, 1.00689660682e-021]
        var: [8.76834412369e-014, 1.1020026669e-008, 4.99242069907e-008, 3.25322204731e-008, 1.55619659381e-007, 6.63212551544e-009, 5.63586066704e-009, 1.7393377405e-008, 5.27118189098e-008, 3.66836481192e-008, 1.87326971712e-008, 2.70381210754e-008, 4.50155006604e-008, 3.85539991044e-008, 5.82417989392e-008, 1.39406637345e-007, 1.87229247217e-007, 1.41670625453e-007, 2.69313090939e-007, 3.79559423891e-007, 2.82819797803e-007, 6.56101377672e-008, 3.84481602111e-009, 4.90141094378e-010, 8.41890029912e-011, 2.00926481128e-014, 1.55216008774e-019, 5.35074582758e-021]
    mfcc:
        mean: [-689.995239258, 60.5461273193, -50.9102935791, 59.7092285156, -11.6465940475, 10.5377492905, 3.37537169456, -0.176485091448, 5.4208612442, -2.45700454712, -4.50127840042, -4.39094781876, -6.723965168]
        cov: [[4684.87158203, 161.361953735, -357.150604248, 282.167358398, -312.276916504, 108.397460938, -137.473831177, 1.05582118034, -14.1599245071, -13.0784950256, -66.4404907227, -106.523414612, -56.7461891174], [161.361953735, 735.310791016, -104.69947052, 85.2629241943, 99.166305542, 14.7364835739, 103.854705811, 1.72008466721, 51.261631012, 5.53263616562, 13.341881752, 26.8944530487, 6.28809022903], [-357.150604248, -104.69947052, 399.173583984, -46.9709587097, 90.2068252563, 25.6917629242, 13.5883769989, 18.7183742523, -34.4394226074, -7.20093870163, -5.06143808365, 27.7679176331, 52.8366966248], [282.167358398, 85.2629241943, -46.9709587097, 331.814056396, 44.4425125122, 33.7790908813, 5.54486894608, -23.1566257477, 34.2037315369, -7.45717430115, 0.404461979866, -16.1495227814, -18.6813163757], [-312.276916504, 99.166305542, 90.2068252563, 44.4425125122, 274.76940918, 4.67178916931, 34.9090690613, -1.58811080456, 31.3572750092, 31.0681476593, 6.55880308151, 25.0480537415, 16.1420402527], [108.397460938, 14.7364835739, 25.6917629242, 33.7790908813, 4.67178916931, 129.175064087, 44.1392440796, 10.1726417542, -10.9785041809, 5.79653453827, 4.42528867722, -1.35040771961, 3.56223750114], [-137.473831177, 103.854705811, 13.5883769989, 5.54486894608, 34.9090690613, 44.1392440796, 157.252456665, 42.3378715515, 7.75335931778, -2.57570147514, 15.9372310638, 22.5460643768, 5.73755836487], [1.05582118034, 1.72008466721, 18.7183742523, -23.1566257477, -1.58811080456, 10.1726417542, 42.3378715515, 90.5649795532, 31.3113574982, 20.7614974976, 7.05392885208, 8.81045055389, 8.01245212555], [-14.1599245071, 51.261631012, -34.4394226074, 34.2037315369, 31.3572750092, -10.9785041809, 7.75335931778, 31.3113574982, 100.407722473, 53.563079834, 13.9006910324, -0.843840718269, -10.3110961914], [-13.0784950256, 5.53263616562, -7.20093870163, -7.45717430115, 31.0681476593, 5.79653453827, -2.57570147514, 20.7614974976, 53.563079834, 110.104431152, 32.4726905823, 2.75119256973, -2.91751003265], [-66.4404907227, 13.341881752, -5.06143808365, 0.404461979866, 6.55880308151, 4.42528867722, 15.9372310638, 7.05392885208, 13.9006910324, 32.4726905823, 66.1428070068, 23.3926181793, -2.54263043404], [-106.523414612, 26.8944530487, 27.7679176331, -16.1495227814, 25.0480537415, -1.35040771961, 22.5460643768, 8.81045055389, -0.843840718269, 2.75119256973, 23.3926181793, 66.6992721558, 30.0672531128], [-56.7461891174, 6.28809022903, 52.8366966248, -18.6813163757, 16.1420402527, 3.56223750114, 5.73755836487, 8.01245212555, -10.3110961914, -2.91751003265, -2.54263043404, 30.0672531128, 71.3794326782]]
        icov: [[0.000288539769826, -0.000119171854749, 0.000167125050211, -0.000252549478319, 0.000287813483737, -0.000288375536911, 0.000372148002498, -0.000313877273584, 0.00024369294988, -0.000160257666721, 0.000254848680925, 0.00010007556557, 2.7810332881e-007], [-0.000119171854749, 0.00181818485726, 0.000528159376699, -9.07491266844e-005, -0.000662177393679, 0.00014588884369, -0.00131166540086, 0.000716956448741, -0.000874694087543, 0.000368484237697, -3.24558131979e-005, -0.000373794144252, -0.000457192596514], [0.000167125050211, 0.000528159376699, 0.00355264451355, 0.000156571419211, -0.00126513640862, -0.00076630525291, 0.000272839592071, -0.00107685499825, 0.00126131856814, 0.000124669793877, 0.000199004716706, -0.000107280859083, -0.00183956418186], [-0.000252549478319, -9.07491266844e-005, 0.000156571419211, 0.00394222745672, -0.000879355182406, -0.00113293528557, -0.000111648419988, 0.0015494923573, -0.00232888921164, 0.00161579810083, -0.000785402255133, 0.000753040949348, 0.000197960020159], [0.000287813483737, -0.000662177393679, -0.00126513640862, -0.000879355182406, 0.00522601231933, 0.00017789172125, -0.000615817843936, 0.0011373750167, -0.000965340645052, -0.00167253578547, 0.00132484035566, -0.00132316164672, 0.00012134102144], [-0.000288375536911, 0.00014588884369, -0.00076630525291, -0.00113293528557, 0.00017789172125, 0.00986040011048, -0.00329198897816, -0.000121679113363, 0.00232830760069, -0.00189573375974, -0.000241693021962, 0.00119519548025, -0.000478641421068], [0.000372148002498, -0.00131166540086, 0.000272839592071, -0.000111648419988, -0.000615817843936, -0.00329198897816, 0.0102766435593, -0.00501037761569, 0.000819291220978, 0.00172881095205, -0.00136396964081, -0.00174028496258, 0.00109363812953], [-0.000313877273584, 0.000716956448741, -0.00107685499825, 0.0015494923573, 0.0011373750167, -0.000121679113363, -0.00501037761569, 0.0165016334504, -0.00629316782579, -0.000715309579391, 0.000557464489248, -0.000430421176134, -0.00154792901594], [0.00024369294988, -0.000874694087543, 0.00126131856814, -0.00232888921164, -0.000965340645052, 0.00232830760069, 0.000819291220978, -0.00629316782579, 0.0183410327882, -0.00781580805779, 0.00100242649205, -9.73787791736e-006, 0.00184009282384], [-0.000160257666721, 0.000368484237697, 0.000124669793877, 0.00161579810083, -0.00167253578547, -0.00189573375974, 0.00172881095205, -0.000715309579391, -0.00781580805779, 0.0157615505159, -0.00725254137069, 0.00234601693228, -0.00114645680878], [0.000254848680925, -3.24558131979e-005, 0.000199004716706, -0.000785402255133, 0.00132484035566, -0.000241693021962, -0.00136396964081, 0.000557464489248, 0.00100242649205, -0.00725254137069, 0.0223977733403, -0.0094157513231, 0.00422453647479], [0.00010007556557, -0.000373794144252, -0.000107280859083, 0.000753040949348, -0.00132316164672, 0.00119519548025, -0.00174028496258, -0.000430421176134, -9.73787791736e-006, 0.00234601693228, -0.0094157513231, 0.0242462400347, -0.00963743031025], [2.7810332881e-007, -0.000457192596514, -0.00183956418186, 0.000197960020159, 0.00012134102144, -0.000478641421068, 0.00109363812953, -0.00154792901594, 0.00184009282384, -0.00114645680878, 0.00422453647479, -0.00963743031025, 0.019974950701]]
    sccoeffs:
        dmean: [0.0528776422143, 0.0425546169281, 0.0372400954366, 0.0307688917965, 0.019632615149, 0.0204214937985]
        dmean2: [0.0874733105302, 0.0704461857677, 0.0611142069101, 0.0506111904979, 0.0327334068716, 0.0323072448373]
        dvar: [0.001985962037, 0.00117592024617, 0.000887410074938, 0.000596549885813, 0.00025758027914, 0.000390144065022]
        dvar2: [0.005400467664, 0.00309866247699, 0.00234151864424, 0.00155496282969, 0.000676325289533, 0.000923685554881]
        max: [-0.392806410789, -0.480960577726, -0.534885048866, -0.56158810854, -0.600706040859, -0.586581587791]
        mean: [-0.651054620743, -0.783750891685, -0.791308045387, -0.78338944912, -0.797550976276, -0.707966089249]
        median: [-0.651129245758, -0.789182364941, -0.797958016396, -0.788102686405, -0.80001026392, -0.699228644371]
        min: [-0.96529853344, -0.962078630924, -0.965198040009, -0.957721829414, -0.954471170902, -0.962048947811]
        var: [0.00450175954029, 0.00323397200555, 0.00300016975962, 0.00206426554359, 0.000827105715871, 0.00252141314559]
    scvalleys:
        dmean: [0.402485340834, 0.346601873636, 0.288891404867, 0.245929017663, 0.206064403057, 0.210981681943]
        dmean2: [0.660431444645, 0.561702787876, 0.456795483828, 0.380389422178, 0.311889946461, 0.306182414293]
        dvar: [0.115522660315, 0.0912727862597, 0.0667304620147, 0.0566362962127, 0.0592986531556, 0.0790157094598]
        dvar2: [0.284407675266, 0.213347330689, 0.14020088315, 0.102597370744, 0.0991644561291, 0.136767163873]
        max: [-5.49303531647, -5.37569570541, -5.23651409149, -5.56620454788, -5.22443914413, -7.12041950226]
        mean: [-7.25662088394, -7.18224334717, -7.17974328995, -7.00987625122, -6.54412126541, -9.15551376343]
        median: [-7.04460906982, -7.04461765289, -7.02019500732, -6.83621454239, -6.29945039749, -8.9713344574]
        min: [-27.4273452759, -27.0078372955, -27.2289142609, -27.4989204407, -27.3622112274, -27.2001838684]
        var: [1.58130049706, 1.11118209362, 1.11548006535, 1.04560339451, 1.06273543835, 1.30402839184]

rhythm:
    beats_loudness:
        dmean: 0.00246549537405
        dmean2: 0.00460327090696
        dvar: 3.58520082955e-006
        dvar2: 1.17790241347e-005
        max: 0.0160621032119
        mean: 0.00601397454739
        median: 0.00609310623258
        min: 2.96565463159e-012
        var: 5.87585464018e-006
    bpm: 135.029785156
    bpm_confidence: 0
    first_peak_bpm: 136
    first_peak_spread: 0.295358598232
    first_peak_weight: 0.684426248074
    onset_rate: 2.57895708084
    second_peak_bpm: 129
    second_peak_spread: 0.199999958277
    second_peak_weight: 0.0163934417069
    beats_loudness_band_ratio:
        dmean: [0.0914862900972, 0.0726697891951, 0.0330111160874, 0.0516279377043, 0.10382489115, 0.121122248471]
        dmean2: [0.166346952319, 0.135642841458, 0.0590294189751, 0.0914241075516, 0.180338442326, 0.215409845114]
        dvar: [0.00671522086486, 0.00216767587699, 0.00187039305456, 0.00338375172578, 0.00763350538909, 0.00732952309772]
        dvar2: [0.0204500593245, 0.00753726111725, 0.0056374729611, 0.00970187876374, 0.0222340859473, 0.0234179850668]
        max: [0.856881082058, 0.300839394331, 0.344814270735, 0.402500808239, 0.765275657177, 0.804916143417]
        mean: [0.144714206457, 0.075109757483, 0.0450392775238, 0.0800119265914, 0.272246927023, 0.415676832199]
        median: [0.110777877271, 0.0679790005088, 0.0302862785757, 0.0570771433413, 0.260254532099, 0.417897820473]
        min: [0, 0, 0, 0, 0, 0]
        var: [0.0131577355787, 0.00308931386098, 0.00159205670934, 0.00386173231527, 0.0111495861784, 0.0130760343745]
    beats_position: [0.487619042397, 0.975238084793, 1.46285712719, 1.95047616959, 2.42648530006, 2.91410422325, 3.3785033226, 3.85451245308, 4.28408145905, 4.72526073456, 5.17804956436, 5.61922883987, 6.06040811539, 6.51319694519, 6.96598625183, 7.40716552734, 7.83673477173, 8.27791404724, 8.71909236908, 9.16027164459, 9.61306095123, 10.077460289, 10.5186395645, 10.95981884, 11.4009971619, 11.8421764374, 12.2833557129, 12.7245349884, 13.177324295, 13.6301136017, 14.0712919235, 14.512471199, 14.9536504745, 15.3948297501, 15.8476190567, 16.3004074097, 16.7415866852, 17.1827659607, 17.6239452362, 18.0651245117, 18.5063037872, 18.9474830627, 19.3886623383, 19.8298416138, 20.2710208893, 20.7238082886, 21.1765975952, 21.6177768707, 22.0705661774, 22.5117454529, 22.9645347595, 23.405714035, 23.8468933105, 24.2880725861, 24.7292518616, 25.1704311371, 25.6116104126, 26.0643978119, 26.5171871185, 26.958366394, 27.3995456696, 27.8407249451, 28.2819042206, 28.7230834961, 29.1642627716, 29.6054420471, 30.0582313538, 30.5110206604, 30.9638080597, 31.4165973663, 31.8577766418, 32.2989578247, 32.7401351929, 33.1813163757, 33.6224937439, 34.0636711121, 34.5048522949, 34.9576416016, 35.4104309082, 35.8516082764, 36.2927894592, 36.7339668274, 37.186756134, 37.6279373169, 38.0807266235, 38.5219039917, 38.9630813599, 39.3926506042, 39.8454399109, 40.2866210938, 40.7394104004, 41.192199707, 41.6333770752, 42.0745582581, 42.5157356262, 42.9685249329, 43.4213142395, 43.8624954224, 44.3036727905, 44.7448501587, 45.1860313416, 45.6272087097, 46.0683898926, 46.5095672607, 46.9507484436, 47.4035377502, 47.8563270569, 48.2858963013, 48.7270736694, 49.1798629761, 49.6210403442, 50.0622215271, 50.5150108337, 50.9561882019, 51.4089775085, 51.8501586914, 52.2913360596, 52.7325172424, 53.1736946106, 53.6148757935, 54.0560531616, 54.4972343445, 54.9500198364, 55.4028091431, 55.8439903259, 56.2851676941, 56.7379570007, 57.1907463074, 57.6319274902, 58.0731048584, 58.5142860413, 58.9670753479, 59.4198646545, 59.8610420227, 60.3022193909, 60.7434005737, 61.1845779419, 61.6257591248, 62.0669364929, 62.5197257996, 62.9609069824, 63.4020843506, 63.8548736572, 64.2960510254, 64.7372360229, 65.1900177002, 65.6312026978, 66.0839920044, 66.5251693726, 66.9663467407, 67.4075241089, 67.8487091064, 68.2898864746, 68.7310638428, 69.1838531494, 69.6366424561, 70.0778198242, 70.5189971924, 70.9601821899, 71.4013595581, 71.8425369263, 72.2953262329, 72.7481155396, 73.1892929077, 73.6304779053, 74.0716552734, 74.5128326416, 74.9540100098, 75.4067993164, 75.8479766846, 76.2891616821, 76.7419509888, 77.1831283569, 77.6243057251, 78.0654830933, 78.5066680908, 78.947845459, 79.4006347656, 79.8534240723, 80.2946014404, 80.7357788086, 81.1769561768, 81.6181411743, 82.0593185425, 82.5121078491, 82.9532852173, 83.4060745239, 83.8472518921, 84.2884368896, 84.7412261963, 85.1940155029, 85.6351928711, 86.0763702393, 86.5175476074, 86.9587249756, 87.3999099731, 87.8410873413, 88.2822647095, 88.7350540161, 89.1878433228, 89.6290206909, 90.0702056885, 90.5113830566, 90.9525604248, 91.393737793, 91.8349151611, 92.2877044678, 92.7404937744, 93.181678772, 93.6228561401, 94.0640335083, 94.5052108765, 94.9580001831, 95.4107894897, 95.8519744873, 96.2931518555, 96.7343292236, 97.1755065918, 97.61668396, 98.0578689575, 98.4990463257, 98.9402236938, 99.3930130005, 99.8458023071, 100.286979675, 100.728164673, 101.180953979, 101.633743286, 102.074920654, 102.516098022, 102.957275391, 103.398452759, 103.839637756, 104.292427063, 104.74521637, 105.186393738, 105.627571106, 106.068748474, 106.509933472, 106.962722778, 107.415504456, 107.856689453, 108.297866821, 108.739044189, 109.180221558, 109.621406555, 110.062583923, 110.51537323, 110.968162537, 111.409339905, 111.850517273, 112.291702271, 112.732879639, 113.185668945, 113.638458252, 114.07963562, 114.520812988, 114.961990356, 115.403175354, 115.844352722, 116.28553009, 116.726707458, 117.179496765, 117.620681763, 118.07346344, 118.514648438, 118.955825806, 119.397003174, 119.838180542, 120.290969849, 120.732154846, 121.184944153, 121.626121521, 122.067298889, 122.508476257, 122.949661255, 123.402442932, 123.855232239, 124.296417236, 124.737594604, 125.178771973, 125.631561279, 126.084350586, 126.525527954, 126.966712952, 127.40789032, 127.849067688, 128.290252686, 128.743041992, 129.195831299, 129.637008667, 130.078186035, 130.519363403, 130.960540771, 131.40171814, 131.842895508, 132.284072876, 132.725265503, 133.166442871, 133.619232178, 134.072021484, 134.513198853, 134.954376221, 135.395553589, 135.836730957, 136.277908325, 136.730697632, 137.183486938, 137.624664307, 138.065841675, 138.507034302, 138.959823608, 139.412597656, 139.853790283, 140.294967651, 140.73614502, 141.177322388, 141.618499756, 142.071289063, 142.524078369, 142.965255737, 143.406433105, 143.847610474, 144.30039978, 144.753189087, 145.194366455, 145.635559082, 146.07673645, 146.517913818, 146.959091187, 147.411880493, 147.8646698, 148.305847168, 148.747024536, 149.188201904, 149.629379272, 150.070556641, 150.511749268, 150.964538574, 151.417327881, 151.858505249, 152.299682617, 152.740859985, 153.182037354, 153.623214722, 154.06439209, 154.505569458, 154.958358765, 155.411148071, 155.852325439, 156.293518066, 156.734695435, 157.187484741, 157.640274048, 158.081451416, 158.522628784, 158.963806152, 159.404983521, 159.846160889, 160.287338257, 160.728515625, 161.181304932, 161.634094238, 162.075286865, 162.516464233, 162.957641602, 163.39881897, 163.839996338, 164.292785645, 164.745574951, 165.186752319, 165.627929688, 166.069107056, 166.510284424, 166.951477051, 167.404266357, 167.857055664, 168.298233032, 168.7394104, 169.180587769, 169.621765137, 170.062942505, 170.504119873, 170.945297241, 171.386474609, 171.827667236, 172.280456543, 172.73324585, 173.174423218, 173.615600586, 174.068389893, 174.521179199, 174.962356567, 175.403533936, 175.844711304, 176.29750061, 176.750289917, 177.191467285, 177.632644653, 178.073822021, 178.515014648, 178.956192017, 179.397369385, 179.850158691, 180.29133606, 180.732513428, 181.185302734, 181.626480103, 182.067657471, 182.508834839, 182.950012207, 183.402801514, 183.85559082, 184.296783447, 184.737960815, 185.190750122, 185.63192749, 186.073104858, 186.525894165, 186.967071533, 187.408248901, 187.84942627, 188.290603638, 188.731781006, 189.184570313, 189.637359619, 190.078552246, 190.519729614, 190.960906982, 191.402084351, 191.843261719, 192.284439087, 192.725616455, 193.166793823, 193.607971191, 194.060760498, 194.513549805, 194.954742432, 195.407531738, 195.860321045, 196.301498413, 196.742675781, 197.183853149, 197.625030518, 198.066207886, 198.507385254, 198.960174561, 199.412963867, 199.854141235, 200.295318604, 200.73651123, 201.177688599, 201.630477905, 202.083267212, 202.52444458, 202.965621948, 203.406799316, 203.847976685, 204.289154053, 204.741943359, 205.194732666, 205.635910034, 206.077087402, 206.518280029, 206.959457397, 207.400634766, 207.841812134, 208.29460144, 208.747390747, 209.188568115, 209.629745483, 210.070922852, 210.51210022, 210.953277588, 211.406066895, 211.858856201, 212.300048828, 212.741226196, 213.182403564, 213.623580933, 214.064758301, 214.517547607, 214.970336914, 215.434738159, 215.899139404, 216.363540649, 216.827926636, 217.292327881, 217.756729126]
