
metadata:
    version:
        essentia: "2.1-beta2"
    audio_properties:
        analysis_sample_rate: 44100
        bitrate: 320
        channels: 2
        equal_loudness: 1
        length: 227.839996338
        replay_gain: -15.881696701
        downmix: "mix"
    tags:
        album: "The Arockalypse"
        artist: "Lordi"
        comment: ""
        date: "2006"
        genre: "Hard Rock"
        title: "The Chainsaw Buffet"
        tracknumber: "09"

configuration:
    average_loudness:
        compute: 1
        frameSize: 88200
        hopSize: 44100
        silentFrames: "noise"
        windowType: "hann"
    general:
        analysisSampleRate: 44100
        endTime: 2000
        equalLoudness: 1
        nequalLoudness: 0
        shortSound: 0
        startTime: 0
    lowlevel:
        compute: 1
        frameSize: 2048
        hopSize: 1024
        zeroPadding: 0
        silentFrames: "noise"
        windowType: "blackmanharris62"
        mfccStats: ["mean", "cov", "icov"]
        stats: ["mean", "var", "median", "min", "max", "dmean", "dmean2", "dvar", "dvar2"]
    panning:
        compute: 0
        frameSize: 8192
        hopSize: 2048
        zeroPadding: 8192
        silentFrames: "noise"
        windowType: "hann"
        stats: ["copy"]
    rhythm:
        compute: 1
        maxTempo: 208
        minTempo: 40
        method: "degara"
        stats: ["mean", "var", "median", "min", "max", "dmean", "dmean2", "dvar", "dvar2"]
    segmentation:
        compute: 0
        cpw: 5
        inc1: 300
        inc2: 50
        minimumSegmentsLength: 10
        size1: 1000
        size2: 600
    sfx:
        compute: 1
        stats: ["mean", "var", "median", "min", "max", "dmean", "dmean2", "dvar", "dvar2"]
    svm:
        compute: 0
    tonal:
        compute: 1
        frameSize: 4096
        hopSize: 2048
        zeroPadding: 0
        silentFrames: "noise"
        windowType: "blackmanharris62"
        stats: ["mean", "var", "median", "min", "max", "dmean", "dmean2", "dvar", "dvar2"]

lowlevel:
    average_loudness: 0.936190843582
    barkbands_kurtosis:
        dmean: 0.824598073959
        dmean2: 1.31667625904
        dvar: 1.06649029255
        dvar2: 2.56577515602
        max: 26.4965820313
        mean: -0.0262995902449
        median: -0.597264230251
        min: -1.90502727032
        var: 3.52146649361
    barkbands_skewness:
        dmean: 0.363914549351
        dmean2: 0.578192234039
        dvar: 0.114206708968
        dvar2: 0.285008400679
        max: 2.60096669197
        mean: -0.789516866207
        median: -0.834889531136
        min: -3.83719587326
        var: 0.525384664536
    barkbands_spread:
        dmean: 6.19207143784
        dmean2: 9.82289123535
        dvar: 39.9021072388
        dvar2: 96.865447998
        max: 78.8535842896
        mean: 34.4637298584
        median: 33.7095222473
        min: 2.63516139984
        var: 157.731384277
    dissonance:
        dmean: 0.00831068586558
        dmean2: 0.0140664419159
        dvar: 6.66556661599e-005
        dvar2: 0.000175708570168
        max: 0.499999910593
        mean: 0.485641479492
        median: 0.488334715366
        min: 0.240776062012
        var: 0.000118031581223
    hfc:
        dmean: 3.38612723351
        dmean2: 5.45079755783
        dvar: 14.4054059982
        dvar2: 36.7414741516
        max: 45.7190132141
        mean: 13.7600545883
        median: 13.2548818588
        min: 1.13474356966e-016
        var: 51.3265342712
    pitch:
        dmean: 1007.19018555
        dmean2: 1907.20483398
        dvar: 1966767.625
        dvar2: 4757725
        max: 4933.65869141
        mean: 1868.79272461
        median: 699.86505127
        min: 65.28855896
        var: 2973525.25
    pitch_instantaneous_confidence:
        dmean: 0.0851823240519
        dmean2: 0.136635050178
        dvar: 0.00523577816784
        dvar2: 0.0124326273799
        max: 0.964231729507
        mean: 0.403677016497
        median: 0.376843214035
        min: 0.131979167461
        var: 0.020927330479
    pitch_salience:
        dmean: 0.0566991716623
        dmean2: 0.0939816534519
        dvar: 0.00258377217688
        dvar2: 0.00708679994568
        max: 0.937570810318
        mean: 0.655416369438
        median: 0.666055798531
        min: 0.293839931488
        var: 0.006307288073
    silence_rate_20dB:
        dmean: 0
        dmean2: 0
        dvar: 0
        dvar2: 0
        max: 1
        mean: 1
        median: 1
        min: 1
        var: 0
    silence_rate_30dB:
        dmean: 0
        dmean2: 0
        dvar: 0
        dvar2: 0
        max: 1
        mean: 1
        median: 1
        min: 1
        var: 0
    silence_rate_60dB:
        dmean: 0.0829511880875
        dmean2: 0.165919288993
        dvar: 0.0760734751821
        dvar2: 0.160832688212
        max: 1
        mean: 0.170878335834
        median: 0
        min: 0
        var: 0.14166778326
    spectral_centroid:
        dmean: 279.426330566
        dmean2: 443.966674805
        dvar: 90253.078125
        dvar2: 206995.734375
        max: 11293.1806641
        mean: 2492.1003418
        median: 2533.05395508
        min: 496.71862793
        var: 339293.90625
    spectral_complexity:
        dmean: 4.20238447189
        dmean2: 6.60538101196
        dvar: 15.4567222595
        dvar2: 34.0857963562
        max: 50
        mean: 19.9756469727
        median: 20
        min: 0
        var: 79.2075195313
    spectral_crest:
        dmean: 1.81197190285
        dmean2: 3.07286572456
        dvar: 2.96068763733
        dvar2: 8.05229854584
        max: 22.2975349426
        mean: 6.59563302994
        median: 6.04544448853
        min: 2.43125677109
        var: 5.99430799484
    spectral_decrease:
        dmean: 2.51214743452e-010
        dmean2: 4.01878891276e-010
        dvar: 1.03156873473e-019
        dvar2: 2.62615653168e-019
        max: -1.80718387486e-029
        mean: -1.09703357509e-009
        median: -1.06540687383e-009
        min: -3.66786778727e-009
        var: 2.37112072221e-019
    spectral_energy:
        dmean: 0.00121950334869
        dmean2: 0.00194855139125
        dvar: 2.23924030252e-006
        dvar2: 5.67622146264e-006
        max: 0.017242513597
        mean: 0.00538853136823
        median: 0.0052389902994
        min: 1.03606811259e-020
        var: 5.86209171161e-006
    spectral_energyband_high:
        dmean: 0.000393331516534
        dmean2: 0.000653548224363
        dvar: 2.7139256531e-007
        dvar2: 7.14877160135e-007
        max: 0.00479494035244
        mean: 0.00108041579369
        median: 0.000881172891241
        min: 7.73235108021e-021
        var: 6.22013658358e-007
    spectral_energyband_low:
        dmean: 0.000200224036234
        dmean2: 0.000329252623487
        dvar: 1.36552188224e-007
        dvar2: 3.59699555474e-007
        max: 0.00381783861667
        mean: 0.000422839832027
        median: 0.000343891355442
        min: 6.37911424374e-023
        var: 1.7013034892e-007
    spectral_energyband_middle_high:
        dmean: 0.000742522126529
        dmean2: 0.00118405534886
        dvar: 5.46254796063e-007
        dvar2: 1.37003746659e-006
        max: 0.01295425836
        mean: 0.00307344016619
        median: 0.00281905685551
        min: 1.40909449945e-021
        var: 3.24840448229e-006
    spectral_energyband_middle_low:
        dmean: 0.000451308995252
        dmean2: 0.000758295063861
        dvar: 8.02796478183e-007
        dvar2: 2.15016962102e-006
        max: 0.00949449837208
        mean: 0.000923835963476
        median: 0.000717002316378
        min: 3.58335156326e-022
        var: 7.94583513652e-007
    spectral_flatness_db:
        dmean: 0.0126994000748
        dmean2: 0.0199790168554
        dvar: 0.000136047106935
        dvar2: 0.000314567587338
        max: 0.400474518538
        mean: 0.139679342508
        median: 0.133132517338
        min: 0.0642271488905
        var: 0.00136310828384
    spectral_flux:
        dmean: 0.00770879443735
        dmean2: 0.0115132061765
        dvar: 7.00011150911e-005
        dvar2: 0.000137443115818
        max: 0.111231990159
        mean: 0.0444220490754
        median: 0.0439834445715
        min: 1.01787432649e-010
        var: 0.000201780887437
    spectral_kurtosis:
        dmean: 0.671804070473
        dmean2: 1.12285876274
        dvar: 0.577704310417
        dvar2: 1.62532162666
        max: 18.7366905212
        mean: 2.3164973259
        median: 2.05610489845
        min: -1.21573090553
        var: 2.11228179932
    spectral_rms:
        dmean: 0.000254617625615
        dmean2: 0.000396921968786
        dvar: 7.87579779171e-008
        dvar2: 1.88618855645e-007
        max: 0.00410145893693
        mean: 0.00222751218826
        median: 0.0022607985884
        min: 3.17930512646e-012
        var: 2.95302925224e-007
    spectral_rolloff:
        dmean: 311.688690186
        dmean2: 511.155426025
        dvar: 136391.3125
        dvar2: 289865.09375
        max: 18453.9550781
        mean: 4164.63378906
        median: 4155.90820313
        min: 215.33203125
        var: 416623.1875
    spectral_skewness:
        dmean: 0.135233327746
        dmean2: 0.219697475433
        dvar: 0.0180231947452
        dvar2: 0.0450986400247
        max: 3.20053601265
        mean: 1.03895258904
        median: 1.01681876183
        min: -0.0484139621258
        var: 0.0785746946931
    spectral_spread:
        dmean: 468216.1875
        dmean2: 697340.125
        dvar: 394617978880
        dvar2: 652075532288
        max: 39942436
        mean: 5418561
        median: 5387811
        min: 2022531.875
        var: 2.64723103744e+012
    spectral_strongpeak:
        dmean: 0.871815264225
        dmean2: 1.48746716976
        dvar: 1.12548828125
        dvar2: 2.84778738022
        max: 9.68017482758
        mean: 1.34134209156
        median: 0.643623888493
        min: 2.71168310029e-009
        var: 2.43872070313
    zerocrossingrate:
        dmean: 0.00797914154828
        dmean2: 0.00971173122525
        dvar: 7.42183474358e-005
        dvar2: 8.75636687852e-005
        max: 0.49365234375
        mean: 0.132689610124
        median: 0.1318359375
        min: 0.04052734375
        var: 0.000567725801375
    barkbands:
        dmean: [1.26408735923e-007, 8.1089528976e-005, 0.000130203348817, 6.71262823744e-005, 0.00028642261168, 6.3380713982e-005, 6.860090798e-005, 7.07045837771e-005, 7.03984405845e-005, 7.82049901318e-005, 4.76262976008e-005, 5.53279605811e-005, 6.30350696156e-005, 6.40777288936e-005, 8.8286047685e-005, 0.000140815187478, 0.000290602270979, 0.000187603392988, 0.00029244882171, 0.000317757483572, 0.000228112345212, 7.24652709323e-005, 1.91766630451e-005, 6.21383696853e-006, 3.30819966621e-006, 1.48936663891e-007, 7.14772074861e-010]
        dmean2: [1.63156656185e-007, 0.000135731053888, 0.000227096534218, 0.000115558534162, 0.000493852596264, 0.000107052008389, 0.000111245521111, 0.000114077687613, 0.000112591740617, 0.000119058087876, 7.77829627623e-005, 8.9876994025e-005, 0.000101788536995, 0.000104681683297, 0.00014246084902, 0.000229818790103, 0.000473467080155, 0.000307099398924, 0.000481645780383, 0.000527610187419, 0.000386000581784, 0.000121073244372, 3.12067022605e-005, 9.30558053369e-006, 5.01922158946e-006, 2.33839912767e-007, 1.17545506662e-009]
        dvar: [9.10533109956e-014, 2.48408316139e-008, 7.17488930491e-008, 1.22934578073e-008, 6.35296430573e-007, 1.6881585907e-008, 2.07825312515e-008, 2.13618793765e-008, 1.96117717621e-008, 2.12378559183e-008, 9.55350909493e-009, 1.51394061731e-008, 2.02884802292e-008, 1.21490026928e-008, 2.23633662699e-008, 5.02559309723e-008, 1.80971412078e-007, 5.84948374183e-008, 1.42114487289e-007, 1.43663996255e-007, 8.68103953167e-008, 1.25593810907e-008, 9.99390681322e-010, 1.74062292357e-010, 5.58306352538e-011, 1.06121505355e-013, 1.38037274324e-018]
        dvar2: [1.34559369398e-013, 6.30178718097e-008, 2.06017531923e-007, 3.40709291891e-008, 1.75371212663e-006, 4.54350690404e-008, 5.42966667183e-008, 5.48205818518e-008, 5.05040205212e-008, 4.6896666106e-008, 2.3586602893e-008, 3.77952744657e-008, 5.0941125096e-008, 3.09248555652e-008, 5.51162706586e-008, 1.29642344859e-007, 4.56105738067e-007, 1.46038956927e-007, 3.70460327304e-007, 3.76244884137e-007, 2.34913855479e-007, 3.27547162726e-008, 2.40305397803e-009, 3.35545674579e-010, 1.15153574176e-010, 2.50860015269e-013, 3.39758873817e-018]
        max: [3.46649994754e-006, 0.00140457972884, 0.00342272082344, 0.00178554677404, 0.00792820379138, 0.00258804997429, 0.00363584444858, 0.00262295710854, 0.0026187049225, 0.00331429601647, 0.00199098419398, 0.00478315493092, 0.00544780306518, 0.00258279684931, 0.00423146551475, 0.00564760528505, 0.00656304694712, 0.00473457900807, 0.00985213275999, 0.00554340146482, 0.00299774156883, 0.00195533200167, 0.000539655680768, 0.000351931957994, 0.000208001496503, 9.93815319816e-006, 2.43427447089e-008]
        mean: [1.54884560288e-007, 0.000119041360449, 0.000242195645114, 0.000111992303573, 0.000332358235028, 8.7441469077e-005, 0.000113187845272, 0.000117033872812, 0.00011616654956, 0.000148160062963, 7.66374141676e-005, 9.61128534982e-005, 0.000109425236587, 0.000108210704639, 0.000166829180671, 0.000290181051241, 0.000583830988035, 0.000400358112529, 0.00066431320738, 0.000773766601924, 0.000509317440446, 0.000157552407472, 4.21427794208e-005, 1.4633084902e-005, 7.20571279089e-006, 2.88586193165e-007, 1.1595133742e-009]
        median: [1.64193387775e-008, 7.16988870408e-005, 0.000166257319506, 7.17090588296e-005, 0.000166568643181, 4.61246963823e-005, 5.21731308254e-005, 4.78497022414e-005, 5.63712310395e-005, 6.27579647698e-005, 3.29081303789e-005, 3.51727430825e-005, 4.44169672846e-005, 6.16842662566e-005, 7.51987536205e-005, 0.00016410605167, 0.000338680285495, 0.000297468155622, 0.000502970651723, 0.000595252146013, 0.000417838222347, 0.000108277570689, 2.70503405773e-005, 9.09345453692e-006, 4.3532932068e-006, 1.67399406337e-007, 6.92056634222e-010]
        min: [3.35738017971e-024, 3.49915284164e-023, 2.55207231347e-023, 1.48076039223e-023, 4.3684633597e-023, 5.27587996156e-023, 4.37880974379e-023, 5.54445712307e-023, 1.0870475506e-022, 7.02915393121e-023, 1.79561118781e-023, 4.58260596331e-023, 6.05946086297e-023, 9.58571644096e-023, 6.27150351885e-023, 1.84117888603e-022, 1.44597168942e-022, 3.01966639649e-022, 3.22258262589e-022, 2.63224885422e-022, 4.51502229319e-022, 6.26662772736e-022, 6.02930555046e-022, 8.06913728291e-022, 1.316003561e-021, 1.74760463459e-021, 2.25347404678e-021]
        var: [1.60298179895e-013, 2.66677968597e-008, 7.93796601783e-008, 1.70791434329e-008, 4.61541787899e-007, 1.75977632466e-008, 4.1697642672e-008, 4.3015958795e-008, 3.3491705409e-008, 5.7553261712e-008, 1.82597759135e-008, 5.48538174883e-008, 5.08550073164e-008, 2.10118891175e-008, 6.24040836783e-008, 1.3236991947e-007, 4.74390418503e-007, 1.3489879791e-007, 3.51411699739e-007, 4.18014622028e-007, 1.46656887523e-007, 2.26741683207e-008, 2.32196528671e-009, 5.32251298591e-010, 1.41284275945e-010, 1.87314397391e-013, 2.14616662818e-018]
    frequency_bands:
        dmean: [1.26408735923e-007, 8.1089528976e-005, 0.000130203348817, 6.71262823744e-005, 0.00028642261168, 6.3380713982e-005, 6.860090798e-005, 7.07045837771e-005, 7.03984405845e-005, 7.82049901318e-005, 4.76262976008e-005, 5.53279605811e-005, 6.30350696156e-005, 6.40777288936e-005, 8.8286047685e-005, 0.000140815187478, 0.000290602270979, 0.000187603392988, 0.00029244882171, 0.000317757483572, 0.000228112345212, 7.24652709323e-005, 1.91766630451e-005, 6.21383696853e-006, 3.30819966621e-006, 1.48936663891e-007, 7.14772074861e-010, 6.25803783794e-011]
        dmean2: [1.63156656185e-007, 0.000135731053888, 0.000227096534218, 0.000115558534162, 0.000493852596264, 0.000107052008389, 0.000111245521111, 0.000114077687613, 0.000112591740617, 0.000119058087876, 7.77829627623e-005, 8.9876994025e-005, 0.000101788536995, 0.000104681683297, 0.00014246084902, 0.000229818790103, 0.000473467080155, 0.000307099398924, 0.000481645780383, 0.000527610187419, 0.000386000581784, 0.000121073244372, 3.12067022605e-005, 9.30558053369e-006, 5.01922158946e-006, 2.33839912767e-007, 1.17545506662e-009, 1.15850412596e-010]
        dvar: [9.10533109956e-014, 2.48408316139e-008, 7.17488930491e-008, 1.22934578073e-008, 6.35296430573e-007, 1.6881585907e-008, 2.07825312515e-008, 2.13618793765e-008, 1.96117717621e-008, 2.12378559183e-008, 9.55350909493e-009, 1.51394061731e-008, 2.02884802292e-008, 1.21490026928e-008, 2.23633662699e-008, 5.02559309723e-008, 1.80971412078e-007, 5.84948374183e-008, 1.42114487289e-007, 1.43663996255e-007, 8.68103953167e-008, 1.25593810907e-008, 9.99390681322e-010, 1.74062292357e-010, 5.58306352538e-011, 1.06121505355e-013, 1.38037274324e-018, 7.53569615971e-021]
        dvar2: [1.34559369398e-013, 6.30178718097e-008, 2.06017531923e-007, 3.40709291891e-008, 1.75371212663e-006, 4.54350690404e-008, 5.42966667183e-008, 5.48205818518e-008, 5.05040205212e-008, 4.6896666106e-008, 2.3586602893e-008, 3.77952744657e-008, 5.0941125096e-008, 3.09248555652e-008, 5.51162706586e-008, 1.29642344859e-007, 4.56105738067e-007, 1.46038956927e-007, 3.70460327304e-007, 3.76244884137e-007, 2.34913855479e-007, 3.27547162726e-008, 2.40305397803e-009, 3.35545674579e-010, 1.15153574176e-010, 2.50860015269e-013, 3.39758873817e-018, 2.37661365384e-020]
        max: [3.46649994754e-006, 0.00140457972884, 0.00342272082344, 0.00178554677404, 0.00792820379138, 0.00258804997429, 0.00363584444858, 0.00262295710854, 0.0026187049225, 0.00331429601647, 0.00199098419398, 0.00478315493092, 0.00544780306518, 0.00258279684931, 0.00423146551475, 0.00564760528505, 0.00656304694712, 0.00473457900807, 0.00985213275999, 0.00554340146482, 0.00299774156883, 0.00195533200167, 0.000539655680768, 0.000351931957994, 0.000208001496503, 9.93815319816e-006, 2.43427447089e-008, 1.2492796797e-009]
        mean: [1.54884560288e-007, 0.000119041360449, 0.000242195645114, 0.000111992303573, 0.000332358235028, 8.7441469077e-005, 0.000113187845272, 0.000117033872812, 0.00011616654956, 0.000148160062963, 7.66374141676e-005, 9.61128534982e-005, 0.000109425236587, 0.000108210704639, 0.000166829180671, 0.000290181051241, 0.000583830988035, 0.000400358112529, 0.00066431320738, 0.000773766601924, 0.000509317440446, 0.000157552407472, 4.21427794208e-005, 1.4633084902e-005, 7.20571279089e-006, 2.88586193165e-007, 1.1595133742e-009, 4.90787306628e-011]
        median: [1.64193387775e-008, 7.16988870408e-005, 0.000166257319506, 7.17090588296e-005, 0.000166568643181, 4.61246963823e-005, 5.21731308254e-005, 4.78497022414e-005, 5.63712310395e-005, 6.27579647698e-005, 3.29081303789e-005, 3.51727430825e-005, 4.44169672846e-005, 6.16842662566e-005, 7.51987536205e-005, 0.00016410605167, 0.000338680285495, 0.000297468155622, 0.000502970651723, 0.000595252146013, 0.000417838222347, 0.000108277570689, 2.70503405773e-005, 9.09345453692e-006, 4.3532932068e-006, 1.67399406337e-007, 6.92056634222e-010, 2.00917824045e-011]
        min: [3.35738017971e-024, 3.49915284164e-023, 2.55207231347e-023, 1.48076039223e-023, 4.3684633597e-023, 5.27587996156e-023, 4.37880974379e-023, 5.54445712307e-023, 1.0870475506e-022, 7.02915393121e-023, 1.79561118781e-023, 4.58260596331e-023, 6.05946086297e-023, 9.58571644096e-023, 6.27150351885e-023, 1.84117888603e-022, 1.44597168942e-022, 3.01966639649e-022, 3.22258262589e-022, 2.63224885422e-022, 4.51502229319e-022, 6.26662772736e-022, 6.02930555046e-022, 8.06913728291e-022, 1.316003561e-021, 1.74760463459e-021, 2.25347404678e-021, 6.0311594367e-022]
        var: [1.60298179895e-013, 2.66677968597e-008, 7.93796601783e-008, 1.70791434329e-008, 4.61541787899e-007, 1.75977632466e-008, 4.1697642672e-008, 4.3015958795e-008, 3.3491705409e-008, 5.7553261712e-008, 1.82597759135e-008, 5.48538174883e-008, 5.08550073164e-008, 2.10118891175e-008, 6.24040836783e-008, 1.3236991947e-007, 4.74390418503e-007, 1.3489879791e-007, 3.51411699739e-007, 4.18014622028e-007, 1.46656887523e-007, 2.26741683207e-008, 2.32196528671e-009, 5.32251298591e-010, 1.41284275945e-010, 1.87314397391e-013, 2.14616662818e-018, 6.11547511168e-021]
    mfcc:
        mean: [-679.552429199, 64.1830368042, -44.6254005432, 57.4901657104, -14.7469558716, 1.86403512955, 0.221635505557, -0.914630591869, 2.48556804657, -2.37889385223, -4.17299556732, -1.68419659138, -4.13043260574]
        cov: [[2179.72387695, 46.445980072, 199.4168396, 24.476272583, 21.2296466827, 194.767852783, 50.7142410278, 27.0570888519, -28.5768089294, 57.0471878052, 0.964902877808, -44.0730552673, 15.6057481766], [46.445980072, 606.331787109, -91.6126480103, 139.729598999, 51.5597686768, 54.5795440674, 61.9755554199, 53.3178100586, 52.9598960876, 19.3271961212, 18.5520610809, 19.2043075562, 15.9809083939], [199.4168396, -91.6126480103, 651.360412598, -3.94704294205, 97.9288482666, 132.811477661, 20.012796402, -13.8207483292, -39.9999504089, 47.3030014038, 54.4898300171, 0.718329250813, 18.3678207397], [24.476272583, 139.729598999, -3.94704294205, 358.093658447, 113.890029907, 55.1493797302, 1.17086863518, 57.8904571533, 49.6923370361, -12.2388191223, -37.0451202393, -5.79556417465, 1.41956090927], [21.2296466827, 51.5597686768, 97.9288482666, 113.890029907, 223.823043823, 54.9950332642, 4.48657989502, -2.40925931931, 23.9702472687, 23.9167766571, 7.89237070084, 4.38896608353, 9.75584125519], [194.767852783, 54.5795440674, 132.811477661, 55.1493797302, 54.9950332642, 186.053466797, 100.359191895, 43.3384399414, 2.91532182693, 28.6013793945, 20.7614173889, -3.93898081779, 12.1402788162], [50.7142410278, 61.9755554199, 20.012796402, 1.17086863518, 4.48657989502, 100.359191895, 192.801620483, 93.588432312, 29.408788681, 14.5474739075, 21.9353637695, 15.3820505142, 0.960930049419], [27.0570888519, 53.3178100586, -13.8207483292, 57.8904571533, -2.40925931931, 43.3384399414, 93.588432312, 138.356063843, 61.9400482178, 9.09822654724, -0.990697205067, 7.19840860367, 2.91776323318], [-28.5768089294, 52.9598960876, -39.9999504089, 49.6923370361, 23.9702472687, 2.91532182693, 29.408788681, 61.9400482178, 109.218208313, 29.2696647644, -6.39132261276, 2.75950884819, 3.15943169594], [57.0471878052, 19.3271961212, 47.3030014038, -12.2388191223, 23.9167766571, 28.6013793945, 14.5474739075, 9.09822654724, 29.2696647644, 97.5318908691, 45.0685577393, 7.36001205444, 10.1668081284], [0.964902877808, 18.5520610809, 54.4898300171, -37.0451202393, 7.89237070084, 20.7614173889, 21.9353637695, -0.990697205067, -6.39132261276, 45.0685577393, 92.5098876953, 31.4308128357, 5.53655004501], [-44.0730552673, 19.2043075562, 0.718329250813, -5.79556417465, 4.38896608353, -3.93898081779, 15.3820505142, 7.19840860367, 2.75950884819, 7.36001205444, 31.4308128357, 64.1899185181, 25.5076942444], [15.6057481766, 15.9809083939, 18.3678207397, 1.41956090927, 9.75584125519, 12.1402788162, 0.960930049419, 2.91776323318, 3.15943169594, 10.1668081284, 5.53655004501, 25.5076942444, 72.4473190308]]
        icov: [[0.000530132441781, -4.52149361081e-005, -4.9831931392e-005, 4.91575665365e-005, 9.43320192164e-005, -0.000589410366956, 0.000206310869544, -0.000165237681358, 0.000248043827014, -0.000322763051372, 0.000216946675209, 0.000259286985965, -7.59583781473e-005], [-4.52149361081e-005, 0.00203308044001, 0.000429293111665, -0.000753145490307, -8.67341659614e-005, -0.000301483727526, -0.000455866625998, 0.000219864145038, -0.000514242157806, 3.48522953573e-005, -0.000773197680246, -9.96425224002e-005, -0.000361714162864], [-4.9831931392e-005, 0.000429293111665, 0.00216937833466, 0.000193396685063, -0.000780393311288, -0.00155888777226, 0.00060603878228, -0.00026894066832, 0.00071892485721, -0.000299722247291, -0.000876235309988, 0.000211103324546, -0.000265305367066], [4.91575665365e-005, -0.000753145490307, 0.000193396685063, 0.00463607441634, -0.00203034724109, -0.00172479671892, 0.0021608620882, -0.00237526069395, -0.000553757359739, 0.000908826186787, 0.00162662647199, -0.000681004719809, 0.000657184689771], [9.43320192164e-005, -8.67341659614e-005, -0.000780393311288, -0.00203034724109, 0.00641812290996, -0.00105602305848, -0.000195169603103, 0.00217793369666, -0.00165704579558, -0.000722982280422, -0.000167347490788, -0.000476724409964, -0.000181624563993], [-0.000589410366956, -0.000301483727526, -0.00155888777226, -0.00172479671892, -0.00105602305848, 0.0117591265589, -0.00618325313553, 0.000399272626964, 0.00192171521485, -0.00158798776101, -0.000801083631814, 0.00307301571593, -0.00202159397304], [0.000206310869544, -0.000455866625998, 0.00060603878228, 0.0021608620882, -0.000195169603103, -0.00618325313553, 0.0119380215183, -0.00688736978918, 0.000154028122779, 0.000884466455318, -0.000565259368159, -0.00255607347935, 0.00185391667765], [-0.000165237681358, 0.000219864145038, -0.00026894066832, -0.00237526069395, 0.00217793369666, 0.000399272626964, -0.00688736978918, 0.0158194284886, -0.00706254970282, 0.00109558843542, -0.000261512206635, -9.57138254307e-005, -0.000596197263803], [0.000248043827014, -0.000514242157806, 0.00071892485721, -0.000553757359739, -0.00165704579558, 0.00192171521485, 0.000154028122779, -0.00706254970282, 0.0161891020834, -0.00641460437328, 0.00344300456345, -0.000459435832454, 0.000164908604347], [-0.000322763051372, 3.48522953573e-005, -0.000299722247291, 0.000908826186787, -0.000722982280422, -0.00158798776101, 0.000884466455318, 0.00109558843542, -0.00641460437328, 0.0171423237771, -0.00892299599946, 0.00296926801093, -0.00206180638634], [0.000216946675209, -0.000773197680246, -0.000876235309988, 0.00162662647199, -0.000167347490788, -0.000801083631814, -0.000565259368159, -0.000261512206635, 0.00344300456345, -0.00892299599946, 0.0201259385794, -0.0096927722916, 0.00346559262834], [0.000259286985965, -9.96425224002e-005, 0.000211103324546, -0.000681004719809, -0.000476724409964, 0.00307301571593, -0.00255607347935, -9.57138254307e-005, -0.000459435832454, 0.00296926801093, -0.0096927722916, 0.0244735162705, -0.00875975191593], [-7.59583781473e-005, -0.000361714162864, -0.000265305367066, 0.000657184689771, -0.000181624563993, -0.00202159397304, 0.00185391667765, -0.000596197263803, 0.000164908604347, -0.00206180638634, 0.00346559262834, -0.00875975191593, 0.017417807132]]
    sccoeffs:
        dmean: [0.0513937734067, 0.0451376736164, 0.0379999093711, 0.0306944791228, 0.0217330884188, 0.0190537143499]
        dmean2: [0.0845265164971, 0.0749518275261, 0.0612184591591, 0.050252430141, 0.0355167426169, 0.0306863915175]
        dvar: [0.00196001050062, 0.00128150673117, 0.000932057038881, 0.000575002864935, 0.000301983614918, 0.00029107555747]
        dvar2: [0.00525222998112, 0.00353017146699, 0.00231702509336, 0.00149442069232, 0.000749313388951, 0.000696051924024]
        max: [-0.316634833813, -0.474439829588, -0.492347002029, -0.598977208138, -0.592548310757, -0.59567129612]
        mean: [-0.646460354328, -0.764304816723, -0.772172391415, -0.775429427624, -0.780573666096, -0.726347386837]
        median: [-0.648788094521, -0.770310521126, -0.777591586113, -0.779307484627, -0.784595727921, -0.723720133305]
        min: [-0.982687234879, -0.9593526721, -0.962081849575, -0.958105504513, -0.958016037941, -0.957689881325]
        var: [0.0054190303199, 0.00358397210948, 0.00349868251942, 0.00206480547786, 0.00128250056878, 0.00159069849178]
    scvalleys:
        dmean: [0.405332475901, 0.355416566133, 0.307962685823, 0.259150445461, 0.210186168551, 0.211436256766]
        dmean2: [0.662833213806, 0.576543688774, 0.481095224619, 0.397789537907, 0.318725913763, 0.311299622059]
        dvar: [0.141409352422, 0.119497060776, 0.0981693267822, 0.0866479724646, 0.07582590729, 0.0940873250365]
        dvar2: [0.313863813877, 0.248866289854, 0.17768317461, 0.137648239732, 0.11423458159, 0.15964050591]
        max: [-5.47603988647, -4.91976213455, -5.1572842598, -5.72498130798, -5.49434661865, -7.13367938995]
        mean: [-7.15649223328, -6.84430646896, -7.15790557861, -7.09080314636, -6.57745170593, -8.93668937683]
        median: [-6.91342735291, -6.78297567368, -7.10556507111, -7.02087116241, -6.47169065475, -8.77019119263]
        min: [-27.3255748749, -27.4571876526, -27.4701404572, -27.4190921783, -27.3080234528, -27.3124046326]
        var: [1.1071164608, 0.538163781166, 0.582777678967, 0.482523530722, 0.423523873091, 0.717032730579]

rhythm:
    beats_loudness:
        dmean: 0.00206134584732
        dmean2: 0.00379860820249
        dvar: 2.37256176661e-006
        dvar2: 7.85565407568e-006
        max: 0.0136038688943
        mean: 0.00621129665524
        median: 0.0062111034058
        min: 1.6177857276e-007
        var: 4.0497820919e-006
    bpm: 138.096694946
    bpm_confidence: 0
    first_peak_bpm: 140
    first_peak_spread: 0.500967144966
    first_peak_weight: 0.494252860546
    onset_rate: 2.65537238121
    second_peak_bpm: 133
    second_peak_spread: 0
    second_peak_weight: 0.00574712641537
    beats_loudness_band_ratio:
        dmean: [0.136219277978, 0.108759269118, 0.0544133298099, 0.0591953024268, 0.114071108401, 0.130498453975]
        dmean2: [0.246097609401, 0.210691988468, 0.0965442433953, 0.101417794824, 0.200970873237, 0.223976895213]
        dvar: [0.0196662452072, 0.0071444939822, 0.00385916559026, 0.00480807106942, 0.0106502510607, 0.00834454409778]
        dvar2: [0.0707493275404, 0.0234014261514, 0.0109046539292, 0.0130518972874, 0.0373218879104, 0.0251322519034]
        max: [0.688489019871, 0.412842601538, 0.380180001259, 0.484184980392, 0.761613845825, 0.769933640957]
        mean: [0.157421603799, 0.0960548892617, 0.0682678520679, 0.0796025171876, 0.261564642191, 0.385764032602]
        median: [0.120293259621, 0.0625964999199, 0.0463737770915, 0.0585943832994, 0.236244037747, 0.391927808523]
        min: [2.36900305026e-005, 7.81112030381e-005, 0.00184498424642, 0.0038786039222, 0.0275679379702, 0.0783169567585]
        var: [0.0183136519045, 0.00797823350877, 0.00433545559645, 0.00488476082683, 0.0159168839455, 0.0152110308409]
    beats_position: [0.452789098024, 0.9287981987, 1.40480720997, 1.8575963974, 2.29877543449, 2.72834467888, 3.15791368484, 3.58748292923, 4.01705217361, 4.45823097229, 4.8994102478, 5.34058952332, 5.78176879883, 6.2229475975, 6.65251684189, 7.08208608627, 7.51165533066, 7.95283412933, 8.38240337372, 8.82358264923, 9.26476192474, 9.69433116913, 10.1239004135, 10.5650787354, 11.0062580109, 11.4358272552, 11.8653964996, 12.294965744, 12.7245349884, 13.1657142639, 13.6068935394, 14.0364627838, 14.4660310745, 14.90721035, 15.3483896255, 15.7895689011, 16.2307472229, 16.6719264984, 17.1014957428, 17.5310649872, 17.9606342316, 18.390203476, 18.8197727203, 19.2493419647, 19.6905212402, 20.1317005157, 20.5728797913, 21.0024490356, 21.43201828, 21.8731975555, 22.3143768311, 22.7439460754, 23.1735134125, 23.614692688, 24.0558719635, 24.4854412079, 24.9150104523, 25.3561897278, 25.7857589722, 26.2269382477, 26.6565074921, 27.0976867676, 27.5388660431, 27.9684352875, 28.3980045319, 28.8275737762, 29.2687530518, 29.7099323273, 30.1394996643, 30.5690689087, 30.9986381531, 31.4398174286, 31.8809967041, 32.3105659485, 32.7401351929, 33.1813163757, 33.6108856201, 34.0404510498, 34.4816322327, 34.9228096008, 35.3639907837, 35.7819480896, 36.2231292725, 36.6526985168, 37.093875885, 37.5350570679, 37.9646263123, 38.4058036804, 38.8353729248, 39.2649421692, 39.7061233521, 40.1473007202, 40.5768699646, 41.006439209, 41.4476165771, 41.8771858215, 42.3067550659, 42.7479362488, 43.1775054932, 43.6070747375, 44.0482521057, 44.4894332886, 44.919002533, 45.3601799011, 45.7897491455, 46.2193183899, 46.6604995728, 47.0900688171, 47.5312461853, 47.9608154297, 48.4019927979, 48.8315620422, 49.2727432251, 49.7023124695, 50.1318817139, 50.573059082, 51.0142402649, 51.4438095093, 51.8733787537, 52.3145561218, 52.7557373047, 53.1853065491, 53.6148757935, 54.0560531616, 54.4972343445, 54.9151916504, 55.3563690186, 55.7975502014, 56.2271194458, 56.6566886902, 57.0978660583, 57.5390472412, 57.9686164856, 58.39818573, 58.8393630981, 59.280544281, 59.7101135254, 60.1396827698, 60.5808601379, 61.0104293823, 61.4516105652, 61.8811798096, 62.3223571777, 62.7519264221, 63.1814956665, 63.6226730347, 64.0638504028, 64.4818115234, 64.9229888916, 65.3525619507, 65.7821273804, 66.2233123779, 66.6644897461, 67.0940551758, 67.5236282349, 67.964805603, 68.4059829712, 68.8355560303, 69.26512146, 69.7062988281, 70.1358718872, 70.5654373169, 71.0066223145, 71.4477996826, 71.8773651123, 72.3069381714, 72.7481155396, 73.1776885986, 73.6188659668, 74.060043335, 74.489616394, 74.9191818237, 75.3487548828, 75.789932251, 76.2311096191, 76.6606826782, 77.1018600464, 77.5430374146, 77.9726028442, 78.4021759033, 78.831741333, 79.2613143921, 79.6908798218, 80.1204528809, 80.5732421875, 81.0028076172, 81.4323806763, 81.861946106, 82.3031311035, 82.7443084717, 83.1738739014, 83.6034469604, 84.0330123901, 84.4741897583, 84.9153747559, 85.356552124, 85.7861175537, 86.2156906128, 86.656867981, 87.08644104, 87.5160064697, 87.9571838379, 88.3983688354, 88.8395462036, 89.2807235718, 89.6986846924, 90.1398620605, 90.5694351196, 91.0106124878, 91.4401779175, 91.8581390381, 92.2993164063, 92.7404937744, 93.181678772, 93.6228561401, 94.0524215698, 94.4819946289, 94.9115600586, 95.3527450562, 95.7939224243, 96.223487854, 96.6530609131, 97.0826263428, 97.5238113403, 97.9649887085, 98.4061660767, 98.8473434448, 99.2769165039, 99.7064819336, 100.136054993, 100.565620422, 101.006797791, 101.447982788, 101.877548218, 102.307121277, 102.748298645, 103.189476013, 103.619049072, 104.048614502, 104.466575623, 104.907752991, 105.33732605, 105.766891479, 106.208068848, 106.649246216, 107.090431213, 107.531608582, 107.949569702, 108.39074707, 108.831924438, 109.273101807, 109.714286804, 110.155464172, 110.573425293, 111.014602661, 111.444168091, 111.87374115, 112.314918518, 112.756095886, 113.185668945, 113.615234375, 114.044807434, 114.485984802, 114.915550232, 115.356735229, 115.786300659, 116.215873718, 116.657051086, 117.098228455, 117.527801514, 117.957366943, 118.398544312, 118.839729309, 119.2576828, 119.698867798, 120.140045166, 120.581222534, 121.010787964, 121.440361023, 121.881538391, 122.322715759, 122.752288818, 123.181854248, 123.611427307, 124.052604675, 124.482177734, 124.923355103, 125.352920532, 125.782493591, 126.223670959, 126.653244019, 127.082809448, 127.523986816, 127.965164185, 128.406341553, 128.835922241, 129.265487671, 129.706665039, 130.147842407, 130.577407837, 131.006988525, 131.436553955, 131.866119385, 132.307296753, 132.748474121, 133.189651489, 133.630844116, 134.060409546, 134.489974976, 134.931152344, 135.372329712, 135.801895142, 136.23147583, 136.672653198, 137.102218628, 137.531784058, 137.972961426, 138.402542114, 138.832107544, 139.261672974, 139.702850342, 140.13243103, 140.573608398, 140.99156189, 141.432739258, 141.873916626, 142.315093994, 142.744674683, 143.174240112, 143.603805542, 144.033370972, 144.47454834, 144.915740967, 145.356918335, 145.786483765, 146.216049194, 146.645614624, 147.075195313, 147.516372681, 147.957550049, 148.398727417, 148.828292847, 149.257858276, 149.699050903, 150.140228271, 150.569793701, 150.999359131, 151.428924561, 151.858505249, 152.299682617, 152.740859985, 153.170425415, 153.599990845, 154.041183472, 154.48236084, 154.923538208, 155.353103638, 155.782669067, 156.212234497, 156.641815186, 157.071380615, 157.500946045, 157.930511475, 158.360092163, 158.801269531, 159.242446899, 159.683624268, 160.113189697, 160.542770386, 160.983947754, 161.425125122, 161.86630249, 162.307479858, 162.737045288, 163.178222656, 163.619400024, 164.048980713, 164.478546143, 164.919723511, 165.360900879, 165.790466309, 166.220046997, 166.649612427, 167.090789795, 167.531967163, 167.949935913, 168.391113281, 168.832290649, 169.273468018, 169.703033447, 170.132598877, 170.573776245, 171.003356934, 171.432922363, 171.874099731, 172.3152771, 172.744842529, 173.174423218, 173.615600586, 174.045166016, 174.486343384, 174.915908813, 175.35710144, 175.78666687, 176.2162323, 176.657409668, 177.098587036, 177.528152466, 177.957733154, 178.387298584, 178.816864014, 179.258041382, 179.69921875, 180.140411377, 180.581588745, 181.011154175, 181.429107666, 181.858688354, 182.299865723, 182.741043091, 183.182220459, 183.611785889, 184.041351318, 184.470932007, 184.900497437, 185.341674805, 185.782852173, 186.212417603, 186.641998291, 187.083175659, 187.524353027, 187.965530396, 188.395095825, 188.836273193, 189.265853882, 189.70703125, 190.148208618, 190.577774048, 191.007339478, 191.436920166, 191.866485596, 192.296051025, 192.725616455, 193.166793823, 193.607971191, 194.049163818, 194.478729248, 194.908294678, 195.349472046, 195.790649414, 196.231826782, 196.673019409, 197.102584839, 197.543762207, 197.973327637, 198.414505005, 198.832473755, 199.262039185, 199.703216553, 200.144393921, 200.573959351, 201.003540039, 201.444717407, 201.874282837, 202.315460205, 202.745025635, 203.174606323, 203.604171753, 204.045349121, 204.474914551, 204.916091919, 205.345672607, 205.775238037, 206.204803467, 206.634368896, 207.075546265, 207.528335571, 207.95791626, 208.399093628, 208.828659058, 209.258224487, 209.699401855, 210.140579224, 210.581771851, 211.022949219, 211.452514648, 211.882080078, 212.311645508, 212.741226196, 213.182403564, 213.623580933, 214.053146362, 214.482711792, 214.92388916, 215.365081787, 215.794647217, 216.224212646, 216.665390015, 217.106567383, 217.536148071, 217.965713501, 218.406890869, 218.848068237, 219.277633667, 219.707214355, 220.136779785, 220.566345215, 221.007522583, 221.448699951, 221.878265381, 222.307846069, 222.725799561, 223.166976929, 223.608154297, 224.049331665, 224.478912354, 224.908477783, 225.326431274, 225.744400024, 226.162353516, 226.591918945, 227.009887695, 227.439453125]
