
metadata:
    version:
        essentia: "2.1-beta2"
    audio_properties:
        analysis_sample_rate: 44100
        bitrate: 320
        channels: 2
        equal_loudness: 1
        length: 211.513473511
        replay_gain: -15.2225112915
        downmix: "mix"
    tags:
        album: "The Arockalypse"
        artist: "Lordi"
        comment: ""
        date: "2006"
        genre: "Hard Rock"
        title: "Good To Be Bad"
        tracknumber: "10"

configuration:
    average_loudness:
        compute: 1
        frameSize: 88200
        hopSize: 44100
        silentFrames: "noise"
        windowType: "hann"
    general:
        analysisSampleRate: 44100
        endTime: 2000
        equalLoudness: 1
        nequalLoudness: 0
        shortSound: 0
        startTime: 0
    lowlevel:
        compute: 1
        frameSize: 2048
        hopSize: 1024
        zeroPadding: 0
        silentFrames: "noise"
        windowType: "blackmanharris62"
        mfccStats: ["mean", "cov", "icov"]
        stats: ["mean", "var", "median", "min", "max", "dmean", "dmean2", "dvar", "dvar2"]
    panning:
        compute: 0
        frameSize: 8192
        hopSize: 2048
        zeroPadding: 8192
        silentFrames: "noise"
        windowType: "hann"
        stats: ["copy"]
    rhythm:
        compute: 1
        maxTempo: 208
        minTempo: 40
        method: "degara"
        stats: ["mean", "var", "median", "min", "max", "dmean", "dmean2", "dvar", "dvar2"]
    segmentation:
        compute: 0
        cpw: 5
        inc1: 300
        inc2: 50
        minimumSegmentsLength: 10
        size1: 1000
        size2: 600
    sfx:
        compute: 1
        stats: ["mean", "var", "median", "min", "max", "dmean", "dmean2", "dvar", "dvar2"]
    svm:
        compute: 0
    tonal:
        compute: 1
        frameSize: 4096
        hopSize: 2048
        zeroPadding: 0
        silentFrames: "noise"
        windowType: "blackmanharris62"
        stats: ["mean", "var", "median", "min", "max", "dmean", "dmean2", "dvar", "dvar2"]

lowlevel:
    average_loudness: 0.956277370453
    barkbands_kurtosis:
        dmean: 0.722919106483
        dmean2: 1.17003417015
        dvar: 0.903115332127
        dvar2: 2.11683940887
        max: 25.8695068359
        mean: -0.330874919891
        median: -0.755610287189
        min: -1.88297092915
        var: 2.21639561653
    barkbands_skewness:
        dmean: 0.351481288671
        dmean2: 0.555637478828
        dvar: 0.116224199533
        dvar2: 0.280685961246
        max: 3.79468011856
        mean: -0.648603200912
        median: -0.718198120594
        min: -4.39984369278
        var: 0.51054751873
    barkbands_spread:
        dmean: 5.96876335144
        dmean2: 9.32307910919
        dvar: 33.5519714355
        dvar2: 76.966003418
        max: 73.9874267578
        mean: 34.8201179504
        median: 33.9819145203
        min: 2.69036507607
        var: 126.143013
    dissonance:
        dmean: 0.00792866107076
        dmean2: 0.013402945362
        dvar: 6.93512847647e-005
        dvar2: 0.000180610251846
        max: 0.500000178814
        mean: 0.485951632261
        median: 0.488331705332
        min: 0.208903521299
        var: 0.000118076648505
    hfc:
        dmean: 3.56587338448
        dmean2: 5.82838249207
        dvar: 25.3616123199
        dvar2: 66.8071746826
        max: 58.3673973083
        mean: 12.669711113
        median: 11.8105659485
        min: 1.22380604004e-016
        var: 58.0562705994
    pitch:
        dmean: 1055.00610352
        dmean2: 2006.68725586
        dvar: 2067199.25
        dvar2: 4870486.5
        max: 5328.06152344
        mean: 2073.45996094
        median: 2054.50415039
        min: 53.7073402405
        var: 3019732.25
    pitch_instantaneous_confidence:
        dmean: 0.0755632743239
        dmean2: 0.125398531556
        dvar: 0.00389939057641
        dvar2: 0.0102894445881
        max: 0.778269231319
        mean: 0.348190128803
        median: 0.33461856842
        min: 0.111849725246
        var: 0.0109588215128
    pitch_salience:
        dmean: 0.0495983995497
        dmean2: 0.082215026021
        dvar: 0.00204651290551
        dvar2: 0.00561850704253
        max: 0.980729758739
        mean: 0.679385006428
        median: 0.690585136414
        min: 0.273724228144
        var: 0.00531444046646
    silence_rate_20dB:
        dmean: 0
        dmean2: 0
        dvar: 0
        dvar2: 0
        max: 1
        mean: 1
        median: 1
        min: 1
        var: 0
    silence_rate_30dB:
        dmean: 0
        dmean2: 0
        dvar: 0
        dvar2: 0
        max: 1
        mean: 1
        median: 1
        min: 1
        var: 0
    silence_rate_60dB:
        dmean: 0.068715699017
        dmean2: 0.137446478009
        dvar: 0.0639935433865
        dvar2: 0.13635623455
        max: 1
        mean: 0.202612221241
        median: 0
        min: 0
        var: 0.161553964019
    spectral_centroid:
        dmean: 291.646484375
        dmean2: 468.666870117
        dvar: 98787.7109375
        dvar2: 242558.390625
        max: 10663.2236328
        mean: 2412.61987305
        median: 2462.26660156
        min: 239.684890747
        var: 348215.59375
    spectral_complexity:
        dmean: 4.3508234024
        dmean2: 6.77176427841
        dvar: 20.548620224
        dvar2: 42.2498435974
        max: 52
        mean: 20.8320713043
        median: 22
        min: 0
        var: 103.415840149
    spectral_crest:
        dmean: 1.54648220539
        dmean2: 2.6034348011
        dvar: 2.02817177773
        dvar2: 5.44819879532
        max: 22.0861129761
        mean: 6.02219438553
        median: 5.51081323624
        min: 2.43301582336
        var: 4.43525886536
    spectral_decrease:
        dmean: 2.40262559847e-010
        dmean2: 3.77461673029e-010
        dvar: 1.08111620719e-019
        dvar2: 2.58566009534e-019
        max: 1.11705309e-028
        mean: -1.05032582631e-009
        median: -1.05788067195e-009
        min: -3.44983663858e-009
        var: 2.67908445866e-019
    spectral_energy:
        dmean: 0.00119358848315
        dmean2: 0.00188409991097
        dvar: 2.66811184702e-006
        dvar2: 6.47789192953e-006
        max: 0.017183739692
        mean: 0.00511333812028
        median: 0.00508733047172
        min: 1.06786860272e-020
        var: 6.69687642585e-006
    spectral_energyband_high:
        dmean: 0.000460546434624
        dmean2: 0.000783690484241
        dvar: 4.93609718433e-007
        dvar2: 1.36119888339e-006
        max: 0.00828709639609
        mean: 0.00110784545541
        median: 0.000879195576999
        min: 7.94273687575e-021
        var: 8.01320709343e-007
    spectral_energyband_low:
        dmean: 0.000156765367137
        dmean2: 0.000244174181717
        dvar: 6.14385342601e-008
        dvar2: 1.49435379626e-007
        max: 0.0030392522458
        mean: 0.000346947810613
        median: 0.000256039522355
        min: 1.06300079829e-022
        var: 1.07106828295e-007
    spectral_energyband_middle_high:
        dmean: 0.000704677775502
        dmean2: 0.00111394980922
        dvar: 6.05543050369e-007
        dvar2: 1.46877175666e-006
        max: 0.0104148555547
        mean: 0.00271794083528
        median: 0.00268270378001
        min: 1.40054743766e-021
        var: 2.41266388912e-006
    spectral_energyband_middle_low:
        dmean: 0.000431008986197
        dmean2: 0.000701959244907
        dvar: 5.71223267798e-007
        dvar2: 1.49867264554e-006
        max: 0.00879724416882
        mean: 0.00109910324682
        median: 0.00090890028514
        min: 2.29407970893e-022
        var: 7.46851696931e-007
    spectral_flatness_db:
        dmean: 0.0110938604921
        dmean2: 0.0175776109099
        dvar: 9.24759078771e-005
        dvar2: 0.000220663263462
        max: 0.269231438637
        mean: 0.132055640221
        median: 0.129255756736
        min: 0.0468320064247
        var: 0.000505582545884
    spectral_flux:
        dmean: 0.00686286715791
        dmean2: 0.0102850366384
        dvar: 7.154969353e-005
        dvar2: 0.000135850190418
        max: 0.112620845437
        mean: 0.0422299541533
        median: 0.0424216501415
        min: 1.03337727264e-010
        var: 0.000247680203756
    spectral_kurtosis:
        dmean: 0.625081777573
        dmean2: 1.03516125679
        dvar: 0.415848493576
        dvar2: 1.08703362942
        max: 33.2036552429
        mean: 2.23177671432
        median: 2.11877918243
        min: -1.17581236362
        var: 1.8983963728
    spectral_rms:
        dmean: 0.000246101379162
        dmean2: 0.000378595141228
        dvar: 9.08688235768e-008
        dvar2: 2.06723072438e-007
        max: 0.00409446284175
        mean: 0.0021324811969
        median: 0.00222783512436
        min: 3.22772841441e-012
        var: 4.411618022e-007
    spectral_rolloff:
        dmean: 319.142852783
        dmean2: 525.090087891
        dvar: 164116.671875
        dvar2: 352640.6875
        max: 19315.2832031
        mean: 4135.40429688
        median: 4198.97460938
        min: 129.19921875
        var: 413567.375
    spectral_skewness:
        dmean: 0.13163857162
        dmean2: 0.214843809605
        dvar: 0.0162599422038
        dvar2: 0.0395466722548
        max: 4.21963596344
        mean: 1.05274426937
        median: 1.04103767872
        min: -0.106625132263
        var: 0.0708980485797
    spectral_spread:
        dmean: 476960.375
        dmean2: 694315.875
        dvar: 359063945216
        dvar2: 631669260288
        max: 40105916
        mean: 5498659.5
        median: 5195226
        min: 2381534.75
        var: 4.97327276032e+012
    spectral_strongpeak:
        dmean: 0.686961293221
        dmean2: 1.20036280155
        dvar: 0.838550150394
        dvar2: 2.19715166092
        max: 8.44355010986
        mean: 0.91644436121
        median: 0.341783255339
        min: 6.93664903295e-009
        var: 1.31539726257
    zerocrossingrate:
        dmean: 0.0077896672301
        dmean2: 0.0094769122079
        dvar: 6.7866196332e-005
        dvar2: 8.30241988297e-005
        max: 0.4892578125
        mean: 0.129981964827
        median: 0.13134765625
        min: 0.0322265625
        var: 0.000547472853214
    barkbands:
        dmean: [5.62663053927e-008, 5.9324909671e-005, 9.58480377449e-005, 0.000115089649626, 0.000239278175286, 7.70346305217e-005, 6.93461042829e-005, 6.93867332302e-005, 7.13181580068e-005, 7.080193609e-005, 5.87740214542e-005, 4.88691148348e-005, 7.15193382348e-005, 9.63767088251e-005, 8.51229051477e-005, 0.000148434817675, 0.00020724159549, 0.000175320383278, 0.000234788938542, 0.000319699698593, 0.000239181550569, 8.48869531183e-005, 1.67798771145e-005, 7.40983477954e-006, 2.75119123216e-006, 1.1679146894e-007, 6.23165963276e-010]
        dmean2: [7.13424270771e-008, 9.43549457588e-005, 0.000160009396495, 0.000188859426999, 0.000403315381845, 0.000127330116811, 0.000109134445665, 0.000110993110866, 0.000114179034426, 0.000110558183223, 9.42848346313e-005, 7.93841390987e-005, 0.000115513554192, 0.000158546637977, 0.000137771290611, 0.000241199071752, 0.000343405263266, 0.000289713032544, 0.000390266097384, 0.000535168685019, 0.000412130437326, 0.000144895835547, 2.77340077446e-005, 1.15448974611e-005, 4.14298710893e-006, 1.83182280011e-007, 1.06190845006e-009]
        dvar: [1.54426235796e-014, 1.84678246029e-008, 3.19826618522e-008, 2.96935418476e-008, 3.62570887091e-007, 1.43093954463e-008, 1.35653621669e-008, 1.37030484737e-008, 1.76809784591e-008, 1.92029290247e-008, 1.50314889424e-008, 8.84919959532e-009, 2.15256523717e-008, 2.94898825359e-008, 2.21190266103e-008, 5.48131460221e-008, 9.71426317165e-008, 4.48890631333e-008, 7.87781644362e-008, 1.6996126817e-007, 1.39606541438e-007, 2.20029789944e-008, 8.48781711582e-010, 2.27949048526e-010, 4.48206714798e-011, 6.28784676236e-014, 3.18587744385e-018]
        dvar2: [2.28596286187e-014, 4.19341006364e-008, 8.83908981564e-008, 7.99446411293e-008, 9.7612303307e-007, 3.83851102015e-008, 3.21295487993e-008, 3.50833673224e-008, 4.36430731554e-008, 4.49941914837e-008, 3.71023851642e-008, 2.34996946347e-008, 5.6524328329e-008, 7.7985944813e-008, 5.41244666863e-008, 1.42703640904e-007, 2.6444405421e-007, 1.18000713201e-007, 2.08746598673e-007, 4.64395270683e-007, 3.89974275095e-007, 6.05578378554e-008, 2.1071553391e-009, 4.63707794385e-010, 9.44616954102e-011, 1.56034351564e-013, 8.52040202374e-018]
        max: [1.99024270842e-006, 0.0012921676971, 0.00237570353784, 0.00227430090308, 0.00601497013122, 0.00214029802009, 0.00226608826779, 0.00217043259181, 0.00266913929954, 0.00298921624199, 0.00255545019172, 0.00184740358964, 0.00317484559491, 0.00280425441451, 0.00291422801092, 0.00434696953744, 0.00590947642922, 0.00258230045438, 0.00391997257248, 0.00714559620246, 0.00507424538955, 0.0015299160732, 0.000503980962094, 0.000402288802434, 0.00017738789029, 5.99370605414e-006, 4.15076080174e-008]
        mean: [8.00428239245e-008, 7.57314919611e-005, 0.000163155418704, 0.00022571082809, 0.000330162001774, 0.000132078421302, 0.000128703337396, 0.000120030919788, 0.000117740339192, 0.00012143519416, 9.94136280497e-005, 8.38656778797e-005, 0.000120823198813, 0.000161430740263, 0.000151636020746, 0.000290765834507, 0.000415984541178, 0.000375477655325, 0.000547469768208, 0.000768095371313, 0.000479583366541, 0.000152067819727, 3.20101062243e-005, 1.38433260872e-005, 5.8527893998e-006, 2.09137311913e-007, 7.66677332731e-010]
        median: [1.97025631365e-008, 2.70226482826e-005, 0.000108805506898, 0.000166968384292, 0.000177257854375, 7.89430559962e-005, 6.74091425026e-005, 6.29291243968e-005, 5.59040490771e-005, 5.16846375831e-005, 4.05093051086e-005, 3.66500280506e-005, 4.73312938993e-005, 8.49537318572e-005, 7.40793984733e-005, 0.000177372145117, 0.000288118288154, 0.000307870592223, 0.000455024041003, 0.0006139590987, 0.000372778362362, 0.000109361564682, 2.134902752e-005, 8.22672336653e-006, 3.57760404768e-006, 1.08205647109e-007, 3.82947895616e-010]
        min: [2.48235389107e-023, 7.4761010631e-023, 1.07602433964e-023, 6.65225338787e-024, 1.6897757155e-023, 4.65674184901e-023, 3.17835529702e-023, 5.37223490351e-023, 5.85044995732e-023, 7.34756532938e-023, 6.65243498365e-023, 8.86472029278e-023, 4.88513033393e-023, 1.21038866682e-022, 7.04290661669e-023, 9.92375406736e-023, 2.46019084394e-022, 1.597229394e-022, 3.18768670111e-022, 2.60733523844e-022, 4.76780059025e-022, 5.52330567961e-022, 6.01234945862e-022, 6.87026661639e-022, 1.20096901128e-021, 1.89523516935e-021, 2.66633390572e-021]
        var: [3.10938883148e-014, 2.13395594528e-008, 3.89017138502e-008, 5.0649248351e-008, 3.07091767127e-007, 2.43315749771e-008, 3.48583419907e-008, 3.0581524868e-008, 3.30402301074e-008, 5.03936306018e-008, 3.45183472916e-008, 1.8908306032e-008, 4.50716406419e-008, 5.69260194538e-008, 5.1819831981e-008, 1.38862617405e-007, 2.03370433383e-007, 9.08442459036e-008, 1.82380460956e-007, 4.46852169489e-007, 1.78177472776e-007, 2.4941522625e-008, 1.46828837977e-009, 5.28322996463e-010, 9.04760502629e-011, 8.76845118866e-014, 2.54348318988e-018]
    frequency_bands:
        dmean: [5.62663053927e-008, 5.9324909671e-005, 9.58480377449e-005, 0.000115089649626, 0.000239278175286, 7.70346305217e-005, 6.93461042829e-005, 6.93867332302e-005, 7.13181580068e-005, 7.080193609e-005, 5.87740214542e-005, 4.88691148348e-005, 7.15193382348e-005, 9.63767088251e-005, 8.51229051477e-005, 0.000148434817675, 0.00020724159549, 0.000175320383278, 0.000234788938542, 0.000319699698593, 0.000239181550569, 8.48869531183e-005, 1.67798771145e-005, 7.40983477954e-006, 2.75119123216e-006, 1.1679146894e-007, 6.23165963276e-010, 6.0117168188e-011]
        dmean2: [7.13424270771e-008, 9.43549457588e-005, 0.000160009396495, 0.000188859426999, 0.000403315381845, 0.000127330116811, 0.000109134445665, 0.000110993110866, 0.000114179034426, 0.000110558183223, 9.42848346313e-005, 7.93841390987e-005, 0.000115513554192, 0.000158546637977, 0.000137771290611, 0.000241199071752, 0.000343405263266, 0.000289713032544, 0.000390266097384, 0.000535168685019, 0.000412130437326, 0.000144895835547, 2.77340077446e-005, 1.15448974611e-005, 4.14298710893e-006, 1.83182280011e-007, 1.06190845006e-009, 1.11589626428e-010]
        dvar: [1.54426235796e-014, 1.84678246029e-008, 3.19826618522e-008, 2.96935418476e-008, 3.62570887091e-007, 1.43093954463e-008, 1.35653621669e-008, 1.37030484737e-008, 1.76809784591e-008, 1.92029290247e-008, 1.50314889424e-008, 8.84919959532e-009, 2.15256523717e-008, 2.94898825359e-008, 2.21190266103e-008, 5.48131460221e-008, 9.71426317165e-008, 4.48890631333e-008, 7.87781644362e-008, 1.6996126817e-007, 1.39606541438e-007, 2.20029789944e-008, 8.48781711582e-010, 2.27949048526e-010, 4.48206714798e-011, 6.28784676236e-014, 3.18587744385e-018, 7.38037118928e-021]
        dvar2: [2.28596286187e-014, 4.19341006364e-008, 8.83908981564e-008, 7.99446411293e-008, 9.7612303307e-007, 3.83851102015e-008, 3.21295487993e-008, 3.50833673224e-008, 4.36430731554e-008, 4.49941914837e-008, 3.71023851642e-008, 2.34996946347e-008, 5.6524328329e-008, 7.7985944813e-008, 5.41244666863e-008, 1.42703640904e-007, 2.6444405421e-007, 1.18000713201e-007, 2.08746598673e-007, 4.64395270683e-007, 3.89974275095e-007, 6.05578378554e-008, 2.1071553391e-009, 4.63707794385e-010, 9.44616954102e-011, 1.56034351564e-013, 8.52040202374e-018, 2.33079770299e-020]
        max: [1.99024270842e-006, 0.0012921676971, 0.00237570353784, 0.00227430090308, 0.00601497013122, 0.00214029802009, 0.00226608826779, 0.00217043259181, 0.00266913929954, 0.00298921624199, 0.00255545019172, 0.00184740358964, 0.00317484559491, 0.00280425441451, 0.00291422801092, 0.00434696953744, 0.00590947642922, 0.00258230045438, 0.00391997257248, 0.00714559620246, 0.00507424538955, 0.0015299160732, 0.000503980962094, 0.000402288802434, 0.00017738789029, 5.99370605414e-006, 4.15076080174e-008, 1.07235131885e-009]
        mean: [8.00428239245e-008, 7.57314919611e-005, 0.000163155418704, 0.00022571082809, 0.000330162001774, 0.000132078421302, 0.000128703337396, 0.000120030919788, 0.000117740339192, 0.00012143519416, 9.94136280497e-005, 8.38656778797e-005, 0.000120823198813, 0.000161430740263, 0.000151636020746, 0.000290765834507, 0.000415984541178, 0.000375477655325, 0.000547469768208, 0.000768095371313, 0.000479583366541, 0.000152067819727, 3.20101062243e-005, 1.38433260872e-005, 5.8527893998e-006, 2.09137311913e-007, 7.66677332731e-010, 4.65569562069e-011]
        median: [1.97025631365e-008, 2.70226482826e-005, 0.000108805506898, 0.000166968384292, 0.000177257854375, 7.89430559962e-005, 6.74091425026e-005, 6.29291243968e-005, 5.59040490771e-005, 5.16846375831e-005, 4.05093051086e-005, 3.66500280506e-005, 4.73312938993e-005, 8.49537318572e-005, 7.40793984733e-005, 0.000177372145117, 0.000288118288154, 0.000307870592223, 0.000455024041003, 0.0006139590987, 0.000372778362362, 0.000109361564682, 2.134902752e-005, 8.22672336653e-006, 3.57760404768e-006, 1.08205647109e-007, 3.82947895616e-010, 1.80444010428e-011]
        min: [2.48235389107e-023, 7.4761010631e-023, 1.07602433964e-023, 6.65225338787e-024, 1.6897757155e-023, 4.65674184901e-023, 3.17835529702e-023, 5.37223490351e-023, 5.85044995732e-023, 7.34756532938e-023, 6.65243498365e-023, 8.86472029278e-023, 4.88513033393e-023, 1.21038866682e-022, 7.04290661669e-023, 9.92375406736e-023, 2.46019084394e-022, 1.597229394e-022, 3.18768670111e-022, 2.60733523844e-022, 4.76780059025e-022, 5.52330567961e-022, 6.01234945862e-022, 6.87026661639e-022, 1.20096901128e-021, 1.89523516935e-021, 2.66633390572e-021, 7.20853471639e-022]
        var: [3.10938883148e-014, 2.13395594528e-008, 3.89017138502e-008, 5.0649248351e-008, 3.07091767127e-007, 2.43315749771e-008, 3.48583419907e-008, 3.0581524868e-008, 3.30402301074e-008, 5.03936306018e-008, 3.45183472916e-008, 1.8908306032e-008, 4.50716406419e-008, 5.69260194538e-008, 5.1819831981e-008, 1.38862617405e-007, 2.03370433383e-007, 9.08442459036e-008, 1.82380460956e-007, 4.46852169489e-007, 1.78177472776e-007, 2.4941522625e-008, 1.46828837977e-009, 5.28322996463e-010, 9.04760502629e-011, 8.76845118866e-014, 2.54348318988e-018, 5.77278444288e-021]
    mfcc:
        mean: [-689.363952637, 67.6924591064, -42.7115478516, 54.5175094604, -15.0864772797, 1.1887588501, -0.980923652649, -6.25257825851, 0.58742082119, -5.77861642838, -4.85553264618, -3.67265534401, -5.66731882095]
        cov: [[7334.07861328, 563.352050781, -513.271362305, 496.025848389, -257.793395996, 149.231536865, -53.0731163025, -59.0871086121, -9.61865615845, 13.0023212433, -35.8450737, -43.1896209717, -50.4603347778], [563.352050781, 606.287353516, -157.428314209, 181.691268921, -56.0026130676, 30.0983161926, 59.9085617065, 32.9344520569, 58.6616477966, -7.92770147324, 37.3218727112, 19.4865531921, -2.66548132896], [-513.271362305, -157.428314209, 455.331573486, -66.0114822388, 95.4966506958, 33.3647346497, 23.3832798004, 32.3707275391, -31.7632579803, 26.2178401947, 1.33809912205, 3.92339468002, 15.3123025894], [496.025848389, 181.691268921, -66.0114822388, 374.911621094, 61.3085975647, 4.09992218018, -21.3148841858, -16.4242668152, 44.8748054504, -43.1882858276, 1.25438427925, 2.16284561157, 0.446818739176], [-257.793395996, -56.0026130676, 95.4966506958, 61.3085975647, 211.945602417, 26.0131511688, -24.8440475464, -16.5514945984, 27.1486816406, 13.2529115677, -13.6471395493, -6.93362617493, -1.96771168709], [149.231536865, 30.0983161926, 33.3647346497, 4.09992218018, 26.0131511688, 108.909759521, 57.344379425, 22.3450164795, -0.824607312679, 25.0286026001, 8.31760692596, 0.548532783985, -0.97586119175], [-53.0731163025, 59.9085617065, 23.3832798004, -21.3148841858, -24.8440475464, 57.344379425, 162.70324707, 67.3187637329, 10.0437574387, 14.9490432739, 18.6955223083, 14.3506364822, -5.47390890121], [-59.0871086121, 32.9344520569, 32.3707275391, -16.4242668152, -16.5514945984, 22.3450164795, 67.3187637329, 97.7645339966, 29.5461177826, 18.7748603821, 16.2634449005, 13.0171489716, 6.1917052269], [-9.61865615845, 58.6616477966, -31.7632579803, 44.8748054504, 27.1486816406, -0.824607312679, 10.0437574387, 29.5461177826, 85.7583847046, 28.0124092102, 15.7979125977, 0.55836045742, -0.0317923203111], [13.0023212433, -7.92770147324, 26.2178401947, -43.1882858276, 13.2529115677, 25.0286026001, 14.9490432739, 18.7748603821, 28.0124092102, 93.5390472412, 27.8865909576, 7.88150978088, 5.27454137802], [-35.8450737, 37.3218727112, 1.33809912205, 1.25438427925, -13.6471395493, 8.31760692596, 18.6955223083, 16.2634449005, 15.7979125977, 27.8865909576, 73.6879577637, 30.0812091827, 8.72491359711], [-43.1896209717, 19.4865531921, 3.92339468002, 2.16284561157, -6.93362617493, 0.548532783985, 14.3506364822, 13.0171489716, 0.55836045742, 7.88150978088, 30.0812091827, 65.1876525879, 30.0078239441], [-50.4603347778, -2.66548132896, 15.3123025894, 0.446818739176, -1.96771168709, -0.97586119175, -5.47390890121, 6.1917052269, -0.0317923203111, 5.27454137802, 8.72491359711, 30.0078239441, 63.870388031]]
        icov: [[0.00019620799867, -6.4599684265e-005, 0.000128907515318, -0.000305734225549, 0.000342130835634, -0.000420501863118, 0.000223705370445, -1.16507499115e-006, 0.00019523157971, -0.000321983767208, 0.000248390773777, 1.18742286759e-006, 0.000139150448376], [-6.4599684265e-005, 0.00245030620135, 0.000468198530143, -0.000994241447188, 0.000694858841598, -0.000535450759344, -0.000642113038339, -9.41142207012e-005, -0.00109191529918, 0.000339829304721, -0.000674199778587, -0.000308540620608, 0.000121699544252], [0.000128907515318, 0.000468198530143, 0.00320111447945, -4.11942746723e-005, -0.00152976124082, -0.00028028502129, -7.70705810282e-005, -0.00180497288238, 0.00235223164782, -0.000821308349259, -0.000400892517064, 0.000538194319233, -0.00065790239023], [-0.000305734225549, -0.000994241447188, -4.11942746723e-005, 0.00452595995739, -0.00180416507646, 2.2868052838e-005, 0.000223596798605, 0.000756717054173, -0.00231456547044, 0.003102484392, -0.000819281092845, -0.000210577942198, -0.000460759591078], [0.000342130835634, 0.000694858841598, -0.00152976124082, -0.00180416507646, 0.00791151542217, -0.00321182352491, 0.00143129832577, 0.00224200473167, -0.0036613882985, -0.000887379748747, 0.00230219564401, -0.00114025117364, 0.00107133900747], [-0.000420501863118, -0.000535450759344, -0.00028028502129, 2.2868052838e-005, -0.00321182352491, 0.0144598148763, -0.00522484444082, -0.000691328430548, 0.00340334977955, -0.00320133892819, -0.000878219550941, 0.00198983727023, -0.00109515222721], [0.000223705370445, -0.000642113038339, -7.70705810282e-005, 0.000223596798605, 0.00143129832577, -0.00522484444082, 0.0112280072644, -0.00600401544943, 0.000407462997828, 0.000554560741875, -3.15912475344e-005, -0.00197450909764, 0.00256182905287], [-1.16507499115e-006, -9.41142207012e-005, -0.00180497288238, 0.000756717054173, 0.00224200473167, -0.000691328430548, -0.00600401544943, 0.0180455241352, -0.00739791477099, 0.000370062829461, 0.000303233624436, -0.00152135186363, -0.00114373548422], [0.00019523157971, -0.00109191529918, 0.00235223164782, -0.00231456547044, -0.0036613882985, 0.00340334977955, 0.000407462997828, -0.00739791477099, 0.0207354035228, -0.00666402000934, -0.00203133001924, 0.0030929390341, -0.000362773280358], [-0.000321983767208, 0.000339829304721, -0.000821308349259, 0.003102484392, -0.000887379748747, -0.00320133892819, 0.000554560741875, 0.000370062829461, -0.00666402000934, 0.016866017133, -0.00535163516179, 0.00028251396725, -0.00092742574634], [0.000248390773777, -0.000674199778587, -0.000400892517064, -0.000819281092845, 0.00230219564401, -0.000878219550941, -3.15912475344e-005, 0.000303233624436, -0.00203133001924, -0.00535163516179, 0.0204731505364, -0.00921043474227, 0.00226686475798], [1.18742286759e-006, -0.000308540620608, 0.000538194319233, -0.000210577942198, -0.00114025117364, 0.00198983727023, -0.00197450909764, -0.00152135186363, 0.0030929390341, 0.00028251396725, -0.00921043474227, 0.0251429602504, -0.0107423309237], [0.000139150448376, 0.000121699544252, -0.00065790239023, -0.000460759591078, 0.00107133900747, -0.00109515222721, 0.00256182905287, -0.00114373548422, -0.000362773280358, -0.00092742574634, 0.00226686475798, -0.0107423309237, 0.0210931245238]]
    sccoeffs:
        dmean: [0.0509280078113, 0.0435923747718, 0.0355611145496, 0.0303293969482, 0.0201553143561, 0.0197074227035]
        dmean2: [0.0837502107024, 0.0719313770533, 0.0588222779334, 0.0497360527515, 0.0334913358092, 0.0316965430975]
        dvar: [0.00184389133938, 0.00120846054051, 0.000785727461334, 0.000597769278102, 0.000254550977843, 0.000322565960232]
        dvar2: [0.00499093905091, 0.00330634322017, 0.0021076046396, 0.00155232497491, 0.000685083679855, 0.000771379796788]
        max: [-0.322207987309, -0.525162339211, -0.599327504635, -0.541105091572, -0.642717897892, -0.55445754528]
        mean: [-0.640240550041, -0.759275257587, -0.79149723053, -0.780489683151, -0.796652436256, -0.727827310562]
        median: [-0.640425622463, -0.760247290134, -0.793543159962, -0.781497657299, -0.797255218029, -0.727895438671]
        min: [-0.995283603668, -0.977059185505, -0.972326040268, -0.963287174702, -0.967865288258, -0.962784767151]
        var: [0.00504346378148, 0.00387196335942, 0.00281156529672, 0.00248387525789, 0.00118289398961, 0.00231335754506]
    scvalleys:
        dmean: [0.38334774971, 0.329799026251, 0.293486714363, 0.256217211485, 0.201451346278, 0.238232880831]
        dmean2: [0.631555020809, 0.541723489761, 0.470496743917, 0.393463373184, 0.302828341722, 0.344498276711]
        dvar: [0.101473130286, 0.0837462469935, 0.0682742372155, 0.0640391036868, 0.0560261011124, 0.0970089882612]
        dvar2: [0.26187813282, 0.192146226764, 0.149391680956, 0.125478103757, 0.096314907074, 0.184271320701]
        max: [-5.52213096619, -5.08380365372, -5.45829963684, -5.64537143707, -5.38833093643, -7.03644323349]
        mean: [-7.32131481171, -6.89723777771, -7.17188310623, -7.1674990654, -6.69606876373, -9.13835048676]
        median: [-7.0128068924, -6.677983284, -7.00314998627, -6.95776033401, -6.4122633934, -8.87296104431]
        min: [-27.5903873444, -27.3782958984, -26.9794845581, -26.996717453, -27.1600246429, -27.160326004]
        var: [2.58668017387, 1.68898820877, 1.61611676216, 1.57886505127, 1.56222712994, 1.68151795864]

rhythm:
    beats_loudness:
        dmean: 0.00326131796464
        dmean2: 0.00634574750438
        dvar: 4.02741943617e-006
        dvar2: 1.36928974825e-005
        max: 0.0138117289171
        mean: 0.00647465186194
        median: 0.00620234105736
        min: 3.53537056401e-012
        var: 7.05767342879e-006
    bpm: 132.895690918
    bpm_confidence: 0
    first_peak_bpm: 133
    first_peak_spread: 0.264108330011
    first_peak_weight: 0.699570834637
    onset_rate: 2.76578116417
    second_peak_bpm: 126
    second_peak_spread: 0.176470607519
    second_peak_weight: 0.030042918399
    beats_loudness_band_ratio:
        dmean: [0.116051577032, 0.12447989732, 0.0473741926253, 0.0565376654267, 0.0868427231908, 0.0887259691954]
        dmean2: [0.210094705224, 0.243153646588, 0.0851176083088, 0.103815354407, 0.151246294379, 0.155439034104]
        dvar: [0.00979203078896, 0.00644939672202, 0.00219047837891, 0.00433359621093, 0.00523555744439, 0.00473287934437]
        dvar2: [0.0278169233352, 0.0221199430525, 0.00638839229941, 0.0133971376345, 0.0149027360603, 0.0130824008957]
        max: [0.596799910069, 0.366972655058, 0.347236216068, 0.389210700989, 0.602174937725, 0.62936514616]
        mean: [0.21356318891, 0.107553221285, 0.0644846335053, 0.0807266458869, 0.240704134107, 0.340852618217]
        median: [0.210018232465, 0.0794458389282, 0.0527947023511, 0.0584257505834, 0.228865921497, 0.336811423302]
        min: [0, 0, 0, 0, 0, 0]
        var: [0.0158981028944, 0.00754437362775, 0.00247160065919, 0.00404926436022, 0.00822269916534, 0.00941298995167]
    beats_position: [0.406349211931, 0.812698423862, 1.20743763447, 1.6137868166, 2.00852608681, 2.40326523781, 2.79800438881, 3.26240348816, 3.72680258751, 4.19120168686, 4.6439909935, 5.0967798233, 5.54956912994, 6.00235795975, 6.45514726639, 6.90793657303, 7.36072540283, 7.81351470947, 8.25469398499, 8.70748329163, 9.14866161346, 9.6014509201, 10.0542402267, 10.5186395645, 10.9714279175, 11.4242172241, 11.8653964996, 12.3065757751, 12.7593650818, 13.2121543884, 13.6649427414, 14.117732048, 14.5705213547, 15.0233106613, 15.4644899368, 15.9056682587, 16.3584575653, 16.8112468719, 17.2640361786, 17.7168254852, 18.1696147919, 18.6224040985, 19.0635814667, 19.5279808044, 19.9807701111, 20.4335594177, 20.8747386932, 21.339138031, 21.7803173065, 22.221496582, 22.6742858887, 23.1270751953, 23.5798625946, 24.0326519012, 24.4854412079, 24.9382305145, 25.3910198212, 25.8438091278, 26.2849884033, 26.73777771, 27.1905670166, 27.6433563232, 28.0961437225, 28.5489330292, 29.0017223358, 29.4545116425, 29.9073009491, 30.3600902557, 30.8128795624, 31.2540588379, 31.7068481445, 32.1596374512, 32.6008148193, 33.053604126, 33.4947853088, 33.9475746155, 34.4003639221, 34.8531494141, 35.3059387207, 35.7587280273, 36.211517334, 36.6643066406, 37.1054878235, 37.5698852539, 38.0110664368, 38.4638557434, 38.91664505, 39.3578224182, 39.8106117249, 40.2634010315, 40.7161903381, 41.1689796448, 41.6217689514, 42.0745582581, 42.5273475647, 42.9801368713, 43.432926178, 43.8857116699, 44.3268928528, 44.7796821594, 45.2324714661, 45.6852607727, 46.1380500793, 46.5792274475, 47.0320167542, 47.4848060608, 47.9375953674, 48.3903846741, 48.8431739807, 49.2959632874, 49.748752594, 50.2015419006, 50.6427192688, 51.0955085754, 51.5482978821, 51.9894790649, 52.4422683716, 52.8950538635, 53.3478431702, 53.8006324768, 54.2534217834, 54.7062110901, 55.1590003967, 55.6117897034, 56.06457901, 56.5173683167, 56.9585494995, 57.4113349915, 57.8641242981, 58.3169136047, 58.7697029114, 59.222492218, 59.6752815247, 60.1280708313, 60.5808601379, 61.0220413208, 61.4748306274, 61.9276161194, 62.380405426, 62.8331947327, 63.2859840393, 63.7387733459, 64.1915664673, 64.6443557739, 65.0855331421, 65.5383224487, 65.9911117554, 66.443901062, 66.8966903687, 67.3378677368, 67.779045105, 68.2434463501, 68.6962356567, 69.1490249634, 69.60181427, 70.0546035767, 70.5073928833, 70.9601821899, 71.4129714966, 71.8657608032, 72.3185501099, 72.7713394165, 73.2125167847, 73.6653060913, 74.1180953979, 74.5592727661, 75.0120620728, 75.4648513794, 75.917640686, 76.3704299927, 76.8232192993, 77.276008606, 77.7171859741, 78.1699752808, 78.6227645874, 79.0871658325, 79.5283432007, 79.9811325073, 80.4223098755, 80.8750991821, 81.3278884888, 81.7806777954, 82.2334671021, 82.6862564087, 83.1390457153, 83.591835022, 84.0330123901, 84.4858016968, 84.9385910034, 85.3913803101, 85.8441696167, 86.2969589233, 86.74974823, 87.1909255981, 87.6437149048, 88.0965042114, 88.5492935181, 89.0020828247, 89.4432601929, 89.8844451904, 90.3488388062, 90.8132400513, 91.2544174194, 91.7072067261, 92.1599960327, 92.6127853394, 93.065574646, 93.5183639526, 93.9595413208, 94.4123306274, 94.8651199341, 95.3179092407, 95.7706985474, 96.223487854, 96.6762771606, 97.1290664673, 97.5702438354, 98.0230331421, 98.4642181396, 98.9170074463, 99.3697967529, 99.8225860596, 100.275375366, 100.728164673, 101.180953979, 101.633743286, 102.074920654, 102.527709961, 102.980499268, 103.444892883, 103.886077881, 104.338867188, 104.791656494, 105.232833862, 105.685623169, 106.138412476, 106.591201782, 107.043991089, 107.496780396, 107.949569702, 108.402359009, 108.855148315, 109.296325684, 109.74911499, 110.201904297, 110.654693604, 111.10748291, 111.560272217, 112.001449585, 112.454238892, 112.907028198, 113.359817505, 113.812606812, 114.265396118, 114.706573486, 115.159362793, 115.6121521, 116.064941406, 116.517730713, 116.97052002, 117.423309326, 117.864486694, 118.317276001, 118.770065308, 119.222854614, 119.675643921, 120.128433228, 120.581222534, 121.034011841, 121.486801147, 121.939590454, 122.392379761, 122.845169067, 123.297958374, 123.739135742, 124.203536987, 124.644714355, 125.085891724, 125.53868103, 125.991470337, 126.444259644, 126.89704895, 127.349838257, 127.802627563, 128.25541687, 128.708206177, 129.160995483, 129.61378479, 130.054962158, 130.507751465, 130.960540771, 131.413330078, 131.866119385, 132.307296753, 132.76008606, 133.212875366, 133.665664673, 134.118453979, 134.571243286, 135.012420654, 135.465209961, 135.917999268, 136.370788574, 136.823577881, 137.276367188, 137.729156494, 138.181945801, 138.646347046, 139.087524414, 139.528701782, 139.981491089, 140.434280396, 140.887069702, 141.339859009, 141.781036377, 142.233825684, 142.68661499, 143.151016235, 143.592193604, 144.04498291, 144.486160278, 144.938949585, 145.391738892, 145.844528198, 146.297317505, 146.750106812, 147.202896118, 147.655685425, 148.108474731, 148.561264038, 149.002441406, 149.455230713, 149.90802002, 150.349197388, 150.801986694, 151.254776001, 151.707565308, 152.160354614, 152.601531982, 153.054321289, 153.507110596, 153.971511841, 154.412689209, 154.877090454, 155.329879761, 155.782669067, 156.235458374, 156.699859619, 157.164260864, 157.640274048, 158.116271973, 158.592285156, 159.06829834, 159.544311523, 160.020309448, 160.496322632, 160.960723877, 161.401901245, 161.843078613, 162.29586792, 162.748657227, 163.213058472, 163.665847778, 164.118637085, 164.571426392, 165.024215698, 165.465393066, 165.906570435, 166.359359741, 166.812149048, 167.276550293, 167.740951538, 168.216964722, 168.692962646, 169.16897583, 169.644989014, 170.121002197, 170.597000122, 171.061401367, 171.525802612, 171.990203857, 172.454605103, 172.907394409, 173.360183716, 173.812973022, 174.265762329, 174.706939697, 175.159729004, 175.612518311, 176.076919556, 176.529708862, 176.982498169, 177.423675537, 177.876464844, 178.32925415, 178.782043457, 179.223220825, 179.676010132, 180.140411377, 180.581588745, 181.034378052, 181.487167358, 181.951568604, 182.392745972, 182.845535278, 183.298324585, 183.751113892, 184.203903198, 184.645080566, 185.086257935, 185.55065918, 186.003448486, 186.456237793, 186.897415161, 187.361816406, 187.814605713, 188.26739502, 188.708572388, 189.161361694, 189.614151001, 190.055328369, 190.508117676, 190.960906982, 191.425308228, 191.866485596, 192.319274902, 192.772064209, 193.213241577, 193.666030884, 194.11882019, 194.571609497, 195.012786865, 195.465576172, 195.918365479, 196.371154785, 196.823944092, 197.276733398, 197.729522705, 198.182312012, 198.635101318, 199.087890625, 199.540679932, 199.993469238, 200.446258545, 200.899047852, 201.351837158, 201.804626465, 202.245803833, 202.686981201, 203.139770508, 203.592559814, 204.045349121, 204.498138428, 204.950927734, 205.403717041, 205.844894409, 206.297683716, 206.750473022, 207.191650391, 207.644439697, 208.097229004, 208.561630249, 209.026031494, 209.502029419, 209.989654541, 210.477279663, 210.964889526]
