
metadata:
    version:
        essentia: "2.1-beta2"
    audio_properties:
        analysis_sample_rate: 44100
        bitrate: 320
        channels: 2
        equal_loudness: 1
        length: 189.413879395
        replay_gain: -15.5820579529
        downmix: "mix"
    tags:
        album: "The Arockalypse"
        artist: "Lordi"
        comment: ""
        date: "2006"
        genre: "Hard Rock"
        title: "The Night Of The Loving Dead"
        tracknumber: "11"

configuration:
    average_loudness:
        compute: 1
        frameSize: 88200
        hopSize: 44100
        silentFrames: "noise"
        windowType: "hann"
    general:
        analysisSampleRate: 44100
        endTime: 2000
        equalLoudness: 1
        nequalLoudness: 0
        shortSound: 0
        startTime: 0
    lowlevel:
        compute: 1
        frameSize: 2048
        hopSize: 1024
        zeroPadding: 0
        silentFrames: "noise"
        windowType: "blackmanharris62"
        mfccStats: ["mean", "cov", "icov"]
        stats: ["mean", "var", "median", "min", "max", "dmean", "dmean2", "dvar", "dvar2"]
    panning:
        compute: 0
        frameSize: 8192
        hopSize: 2048
        zeroPadding: 8192
        silentFrames: "noise"
        windowType: "hann"
        stats: ["copy"]
    rhythm:
        compute: 1
        maxTempo: 208
        minTempo: 40
        method: "degara"
        stats: ["mean", "var", "median", "min", "max", "dmean", "dmean2", "dvar", "dvar2"]
    segmentation:
        compute: 0
        cpw: 5
        inc1: 300
        inc2: 50
        minimumSegmentsLength: 10
        size1: 1000
        size2: 600
    sfx:
        compute: 1
        stats: ["mean", "var", "median", "min", "max", "dmean", "dmean2", "dvar", "dvar2"]
    svm:
        compute: 0
    tonal:
        compute: 1
        frameSize: 4096
        hopSize: 2048
        zeroPadding: 0
        silentFrames: "noise"
        windowType: "blackmanharris62"
        stats: ["mean", "var", "median", "min", "max", "dmean", "dmean2", "dvar", "dvar2"]

lowlevel:
    average_loudness: 0.910648941994
    barkbands_kurtosis:
        dmean: 1.1525901556
        dmean2: 1.84671401978
        dvar: 2.32909011841
        dvar2: 5.72638559341
        max: 40.6592903137
        mean: 0.554486691952
        median: 0.122560024261
        min: -1.86354577541
        var: 4.52616643906
    barkbands_skewness:
        dmean: 0.403908371925
        dmean2: 0.626387417316
        dvar: 0.149902135134
        dvar2: 0.347113907337
        max: 6.14998817444
        mean: -0.992671251297
        median: -1.06928789616
        min: -4.19454669952
        var: 0.477182745934
    barkbands_spread:
        dmean: 6.63030052185
        dmean2: 10.3033018112
        dvar: 46.1995353699
        dvar2: 100.743438721
        max: 75.0699920654
        mean: 29.373664856
        median: 27.4035949707
        min: 3.93713450432
        var: 150.78894043
    dissonance:
        dmean: 0.00695192534477
        dmean2: 0.0118859149516
        dvar: 4.9577178288e-005
        dvar2: 0.00013125714031
        max: 0.499999970198
        mean: 0.489404082298
        median: 0.491450130939
        min: 0.377072244883
        var: 7.40119940019e-005
    hfc:
        dmean: 3.30066418648
        dmean2: 5.23522043228
        dvar: 16.1089992523
        dvar2: 38.3657722473
        max: 61.7339363098
        mean: 12.5386381149
        median: 11.253405571
        min: 1.19801004867e-016
        var: 59.9168930054
    pitch:
        dmean: 1078.20373535
        dmean2: 2026.01135254
        dvar: 1802195.375
        dvar2: 4254234
        max: 5079.46679688
        mean: 2043.47839355
        median: 1337.91186523
        min: 55.1572341919
        var: 2670159
    pitch_instantaneous_confidence:
        dmean: 0.081006243825
        dmean2: 0.133903101087
        dvar: 0.00486577767879
        dvar2: 0.0123614789918
        max: 0.933897614479
        mean: 0.356572806835
        median: 0.331655681133
        min: 0.122957110405
        var: 0.0152196511626
    pitch_salience:
        dmean: 0.0552553199232
        dmean2: 0.0909290984273
        dvar: 0.00269415508956
        dvar2: 0.00713279377669
        max: 0.926345288754
        mean: 0.692263185978
        median: 0.707219600677
        min: 0.18217664957
        var: 0.00537612102926
    silence_rate_20dB:
        dmean: 0
        dmean2: 0
        dvar: 0
        dvar2: 0
        max: 1
        mean: 1
        median: 1
        min: 1
        var: 0
    silence_rate_30dB:
        dmean: 0
        dmean2: 0
        dvar: 0
        dvar2: 0
        max: 1
        mean: 1
        median: 1
        min: 1
        var: 0
    silence_rate_60dB:
        dmean: 0.104927681386
        dmean2: 0.209881082177
        dvar: 0.0939111486077
        dvar2: 0.19084648788
        max: 1
        mean: 0.317685991526
        median: 0
        min: 0
        var: 0.216781511903
    spectral_centroid:
        dmean: 276.980865479
        dmean2: 427.775817871
        dvar: 91195.6640625
        dvar2: 201046.703125
        max: 10871.0283203
        mean: 2567.22631836
        median: 2625.23071289
        min: 184.735473633
        var: 308456.15625
    spectral_complexity:
        dmean: 4.34273099899
        dmean2: 6.8397693634
        dvar: 17.4776344299
        dvar2: 39.9585266113
        max: 48
        mean: 19.5452880859
        median: 20
        min: 0
        var: 95.5297012329
    spectral_crest:
        dmean: 1.67404961586
        dmean2: 2.82169294357
        dvar: 2.71139025688
        dvar2: 7.16347789764
        max: 21.8121337891
        mean: 6.23564147949
        median: 5.68325281143
        min: 2.49314761162
        var: 5.04630661011
    spectral_decrease:
        dmean: 2.45727937997e-010
        dmean2: 3.79716008636e-010
        dvar: 9.4223180686e-020
        dvar2: 2.21091134719e-019
        max: -1.85873710743e-029
        mean: -9.65440283274e-010
        median: -8.5483597978e-010
        min: -3.72274056026e-009
        var: 3.03853139945e-019
    spectral_energy:
        dmean: 0.00119994056877
        dmean2: 0.00185740028974
        dvar: 2.17403271563e-006
        dvar2: 5.11318648933e-006
        max: 0.0196499302983
        mean: 0.00478108832613
        median: 0.00426587928087
        min: 1.09364456842e-020
        var: 7.50659182813e-006
    spectral_energyband_high:
        dmean: 0.000310159550281
        dmean2: 0.00050937308697
        dvar: 2.04419706051e-007
        dvar2: 5.19636103036e-007
        max: 0.00995303876698
        mean: 0.000852300145198
        median: 0.000741897732951
        min: 8.10496282663e-021
        var: 4.33561808677e-007
    spectral_energyband_low:
        dmean: 0.000173734151758
        dmean2: 0.000284259702312
        dvar: 1.40781409641e-007
        dvar2: 3.70660558247e-007
        max: 0.00441112695262
        mean: 0.000274937570794
        median: 0.000176449975697
        min: 8.72073550709e-023
        var: 1.38680036343e-007
    spectral_energyband_middle_high:
        dmean: 0.000840110704303
        dmean2: 0.00131360674277
        dvar: 9.78956109066e-007
        dvar2: 2.28619524023e-006
        max: 0.0179356373847
        mean: 0.00312355579808
        median: 0.00254609622061
        min: 1.67412884246e-021
        var: 4.48397577202e-006
    spectral_energyband_middle_low:
        dmean: 0.000338853802532
        dmean2: 0.000545091170352
        dvar: 3.964260884e-007
        dvar2: 9.58022383202e-007
        max: 0.00657482584938
        mean: 0.000630800903309
        median: 0.000433365610661
        min: 2.46353637149e-022
        var: 4.79215998439e-007
    spectral_flatness_db:
        dmean: 0.0126021653414
        dmean2: 0.0200803708285
        dvar: 0.000137846131111
        dvar2: 0.000329304282786
        max: 0.29748877883
        mean: 0.145367726684
        median: 0.141818106174
        min: 0.0539014227688
        var: 0.000675450835843
    spectral_flux:
        dmean: 0.00704311579466
        dmean2: 0.0104437246919
        dvar: 6.72589740134e-005
        dvar2: 0.000138809962664
        max: 0.118977591395
        mean: 0.0427540950477
        median: 0.0421582087874
        min: 1.04577464743e-010
        var: 0.000244975992246
    spectral_kurtosis:
        dmean: 0.726794540882
        dmean2: 1.21231663227
        dvar: 0.597764134407
        dvar2: 1.67064034939
        max: 18.0313930511
        mean: 2.62093639374
        median: 2.40977692604
        min: -1.23203635216
        var: 2.21884202957
    spectral_rms:
        dmean: 0.000263306428678
        dmean2: 0.000396324030589
        dvar: 8.52731858458e-008
        dvar2: 1.87536826957e-007
        max: 0.00437843147665
        mean: 0.00205397931859
        median: 0.00204005721025
        min: 3.26645112868e-012
        var: 4.45644531055e-007
    spectral_rolloff:
        dmean: 306.040679932
        dmean2: 493.083251953
        dvar: 160193.578125
        dvar2: 334226.875
        max: 18217.0898438
        mean: 4085.75854492
        median: 4112.84179688
        min: 150.732421875
        var: 412512.25
    spectral_skewness:
        dmean: 0.13577273488
        dmean2: 0.217467188835
        dvar: 0.0178895331919
        dvar2: 0.0437850356102
        max: 3.3119738102
        mean: 1.11387038231
        median: 1.10100829601
        min: 0.0134522942826
        var: 0.0813560113311
    spectral_spread:
        dmean: 469256.21875
        dmean2: 674589.8125
        dvar: 411274379264
        dvar2: 767107399680
        max: 41752604
        mean: 5015070.5
        median: 4626345.5
        min: 1751840.25
        var: 5.52326660096e+012
    spectral_strongpeak:
        dmean: 0.776296794415
        dmean2: 1.34071445465
        dvar: 0.866615056992
        dvar2: 2.20819163322
        max: 12.5790071487
        mean: 1.10290408134
        median: 0.730833828449
        min: 2.08527772827e-009
        var: 1.67208182812
    zerocrossingrate:
        dmean: 0.00788360554725
        dmean2: 0.00922628305852
        dvar: 7.61495684856e-005
        dvar2: 8.95100311027e-005
        max: 0.505859375
        mean: 0.133460149169
        median: 0.134765625
        min: 0.0263671875
        var: 0.000551192380954
    barkbands:
        dmean: [1.72266840792e-008, 5.45504444744e-005, 0.000115215734695, 0.000103552942164, 0.00014863742399, 3.48716275766e-005, 2.9225149774e-005, 3.79704397346e-005, 8.56844417285e-005, 7.20779862604e-005, 6.46259795758e-005, 5.17503285664e-005, 7.29261519155e-005, 9.76893206825e-005, 9.98147806968e-005, 0.000158588998602, 0.000260441709543, 0.000256375147728, 0.000316084333463, 0.000280931941234, 0.000164300741744, 5.12504993821e-005, 1.31442939164e-005, 6.60821206111e-006, 2.85811438516e-006, 8.46099865726e-008, 2.70244882028e-010]
        dmean2: [2.34036914293e-008, 8.66095360834e-005, 0.000200499445782, 0.000178162590601, 0.000239559856709, 5.95520759816e-005, 4.82210016344e-005, 6.10973147559e-005, 0.000137794137117, 0.000114815185952, 0.000104952749098, 8.4495441115e-005, 0.00011906176951, 0.000158503899002, 0.000160148949362, 0.000256164115854, 0.000419942400185, 0.000424316123826, 0.000524845905602, 0.000464972777991, 0.000273793848464, 8.58756029629e-005, 2.0894483896e-005, 9.43637405726e-006, 4.08951609643e-006, 1.24599310425e-007, 4.73668715362e-010]
        dvar: [1.9062927523e-015, 1.45806504648e-008, 7.81488083135e-008, 4.322300029e-008, 1.72494523554e-007, 4.54285320473e-009, 3.95056787283e-009, 9.08007891098e-009, 2.92945738778e-008, 2.11832595909e-008, 1.24788970268e-008, 8.75296279901e-009, 1.76483077041e-008, 2.49493439242e-008, 3.80521036902e-008, 9.01668357756e-008, 2.5290515282e-007, 1.34399158469e-007, 2.25214719762e-007, 1.49377683556e-007, 5.55756507481e-008, 9.90928938904e-009, 8.22345969098e-010, 4.78778128254e-010, 7.73494185369e-011, 5.49521467555e-014, 1.90373911919e-019]
        dvar2: [3.16120467443e-015, 3.27227951402e-008, 2.22095778213e-007, 1.17189777882e-007, 4.18621368681e-007, 1.24618972919e-008, 1.00767376665e-008, 2.17547313497e-008, 6.98849333958e-008, 4.95367515896e-008, 3.20795052744e-008, 2.21032294689e-008, 4.31834727976e-008, 6.06450356599e-008, 9.46105060962e-008, 2.24277997063e-007, 6.30645331512e-007, 3.63023474392e-007, 5.64338279219e-007, 3.7948825593e-007, 1.43251696727e-007, 2.59812509285e-008, 1.82683523864e-009, 8.77005856825e-010, 1.40075201438e-010, 1.03520023228e-013, 4.729160617e-019]
        max: [6.91020545673e-007, 0.0011442367686, 0.00275578186847, 0.00232356670313, 0.00456133717671, 0.00122440862469, 0.00226999470033, 0.00316368183121, 0.00337899266742, 0.00348527356982, 0.00234735081904, 0.00196868903004, 0.00290632620454, 0.00400751456618, 0.00432874495164, 0.00580670684576, 0.01392718032, 0.00599180767313, 0.0140813654289, 0.00768266431987, 0.00583566073328, 0.00151377171278, 0.000622115214355, 0.000799922447186, 0.000331655173795, 6.62416005071e-006, 1.08902211693e-008]
        mean: [2.10113650922e-008, 7.65774093452e-005, 0.000145779311424, 0.000129492706037, 0.000174869943294, 4.92394065077e-005, 4.48787795904e-005, 5.39303582627e-005, 0.000132517758175, 0.000121116412629, 0.000109958011308, 8.50519427331e-005, 0.000119687516417, 0.000166093013831, 0.000174771761522, 0.000291669217404, 0.000484844873426, 0.000497406639624, 0.000697825744282, 0.000671617977787, 0.000402153324103, 0.000105214152427, 2.78059251286e-005, 1.28845686049e-005, 5.54198368263e-006, 1.40034956075e-007, 3.1278205026e-010]
        median: [2.11771000735e-009, 3.05665380438e-005, 8.92103998922e-005, 6.36072800262e-005, 7.22480253899e-005, 2.87774728349e-005, 2.38897900999e-005, 1.58969960466e-005, 5.88053881074e-005, 5.92259166297e-005, 5.61744673178e-005, 4.69221704407e-005, 5.40807304787e-005, 9.70492183114e-005, 7.64341893955e-005, 0.000160150142619, 0.000276852748357, 0.000349020352587, 0.000522247108165, 0.000521287904121, 0.000357878423529, 7.61815608712e-005, 1.70061466633e-005, 6.32595993011e-006, 2.75352613244e-006, 5.87839465993e-008, 1.62966889983e-010]
        min: [2.58789070065e-023, 4.18440002241e-023, 1.13780690021e-023, 4.52960776334e-023, 3.84699979562e-023, 4.32436792837e-023, 2.68833478199e-023, 4.3951461065e-023, 3.32817670677e-023, 5.93019054197e-023, 1.18295763811e-022, 1.6346996559e-022, 1.13994540746e-022, 6.34050612886e-023, 7.96872197921e-023, 1.77657811987e-022, 1.29998862439e-022, 2.67254412169e-022, 4.39222555411e-022, 2.21170899891e-022, 4.68678293445e-022, 5.53527869488e-022, 4.21570196002e-022, 8.14714237357e-022, 1.4823229048e-021, 2.20295928192e-021, 2.1913836001e-021]
        var: [3.25062954256e-015, 1.82212094302e-008, 5.60063959654e-008, 4.13618721495e-008, 1.61330561355e-007, 4.69246330681e-009, 7.6930986026e-009, 1.87613551361e-008, 5.53280941062e-008, 4.27734114794e-008, 2.80242851147e-008, 1.52983723467e-008, 3.33906022831e-008, 4.37044676005e-008, 7.40493604212e-008, 1.81037222546e-007, 4.90872650971e-007, 2.4986317726e-007, 4.60933392787e-007, 3.52120366642e-007, 1.03773672322e-007, 1.35693891679e-008, 1.62322832953e-009, 1.09777231749e-009, 1.83940598864e-010, 1.08543077683e-013, 2.81989179542e-019]
    frequency_bands:
        dmean: [1.72266840792e-008, 5.45504444744e-005, 0.000115215734695, 0.000103552942164, 0.00014863742399, 3.48716275766e-005, 2.9225149774e-005, 3.79704397346e-005, 8.56844417285e-005, 7.20779862604e-005, 6.46259795758e-005, 5.17503285664e-005, 7.29261519155e-005, 9.76893206825e-005, 9.98147806968e-005, 0.000158588998602, 0.000260441709543, 0.000256375147728, 0.000316084333463, 0.000280931941234, 0.000164300741744, 5.12504993821e-005, 1.31442939164e-005, 6.60821206111e-006, 2.85811438516e-006, 8.46099865726e-008, 2.70244882028e-010, 5.70944402867e-011]
        dmean2: [2.34036914293e-008, 8.66095360834e-005, 0.000200499445782, 0.000178162590601, 0.000239559856709, 5.95520759816e-005, 4.82210016344e-005, 6.10973147559e-005, 0.000137794137117, 0.000114815185952, 0.000104952749098, 8.4495441115e-005, 0.00011906176951, 0.000158503899002, 0.000160148949362, 0.000256164115854, 0.000419942400185, 0.000424316123826, 0.000524845905602, 0.000464972777991, 0.000273793848464, 8.58756029629e-005, 2.0894483896e-005, 9.43637405726e-006, 4.08951609643e-006, 1.24599310425e-007, 4.73668715362e-010, 1.06485716078e-010]
        dvar: [1.9062927523e-015, 1.45806504648e-008, 7.81488083135e-008, 4.322300029e-008, 1.72494523554e-007, 4.54285320473e-009, 3.95056787283e-009, 9.08007891098e-009, 2.92945738778e-008, 2.11832595909e-008, 1.24788970268e-008, 8.75296279901e-009, 1.76483077041e-008, 2.49493439242e-008, 3.80521036902e-008, 9.01668357756e-008, 2.5290515282e-007, 1.34399158469e-007, 2.25214719762e-007, 1.49377683556e-007, 5.55756507481e-008, 9.90928938904e-009, 8.22345969098e-010, 4.78778128254e-010, 7.73494185369e-011, 5.49521467555e-014, 1.90373911919e-019, 6.80458158932e-021]
        dvar2: [3.16120467443e-015, 3.27227951402e-008, 2.22095778213e-007, 1.17189777882e-007, 4.18621368681e-007, 1.24618972919e-008, 1.00767376665e-008, 2.17547313497e-008, 6.98849333958e-008, 4.95367515896e-008, 3.20795052744e-008, 2.21032294689e-008, 4.31834727976e-008, 6.06450356599e-008, 9.46105060962e-008, 2.24277997063e-007, 6.30645331512e-007, 3.63023474392e-007, 5.64338279219e-007, 3.7948825593e-007, 1.43251696727e-007, 2.59812509285e-008, 1.82683523864e-009, 8.77005856825e-010, 1.40075201438e-010, 1.03520023228e-013, 4.729160617e-019, 2.16782551241e-020]
        max: [6.91020545673e-007, 0.0011442367686, 0.00275578186847, 0.00232356670313, 0.00456133717671, 0.00122440862469, 0.00226999470033, 0.00316368183121, 0.00337899266742, 0.00348527356982, 0.00234735081904, 0.00196868903004, 0.00290632620454, 0.00400751456618, 0.00432874495164, 0.00580670684576, 0.01392718032, 0.00599180767313, 0.0140813654289, 0.00768266431987, 0.00583566073328, 0.00151377171278, 0.000622115214355, 0.000799922447186, 0.000331655173795, 6.62416005071e-006, 1.08902211693e-008, 8.13153211432e-010]
        mean: [2.10113650922e-008, 7.65774093452e-005, 0.000145779311424, 0.000129492706037, 0.000174869943294, 4.92394065077e-005, 4.48787795904e-005, 5.39303582627e-005, 0.000132517758175, 0.000121116412629, 0.000109958011308, 8.50519427331e-005, 0.000119687516417, 0.000166093013831, 0.000174771761522, 0.000291669217404, 0.000484844873426, 0.000497406639624, 0.000697825744282, 0.000671617977787, 0.000402153324103, 0.000105214152427, 2.78059251286e-005, 1.28845686049e-005, 5.54198368263e-006, 1.40034956075e-007, 3.1278205026e-010, 4.33022645518e-011]
        median: [2.11771000735e-009, 3.05665380438e-005, 8.92103998922e-005, 6.36072800262e-005, 7.22480253899e-005, 2.87774728349e-005, 2.38897900999e-005, 1.58969960466e-005, 5.88053881074e-005, 5.92259166297e-005, 5.61744673178e-005, 4.69221704407e-005, 5.40807304787e-005, 9.70492183114e-005, 7.64341893955e-005, 0.000160150142619, 0.000276852748357, 0.000349020352587, 0.000522247108165, 0.000521287904121, 0.000357878423529, 7.61815608712e-005, 1.70061466633e-005, 6.32595993011e-006, 2.75352613244e-006, 5.87839465993e-008, 1.62966889983e-010, 1.53560202748e-011]
        min: [2.58789070065e-023, 4.18440002241e-023, 1.13780690021e-023, 4.52960776334e-023, 3.84699979562e-023, 4.32436792837e-023, 2.68833478199e-023, 4.3951461065e-023, 3.32817670677e-023, 5.93019054197e-023, 1.18295763811e-022, 1.6346996559e-022, 1.13994540746e-022, 6.34050612886e-023, 7.96872197921e-023, 1.77657811987e-022, 1.29998862439e-022, 2.67254412169e-022, 4.39222555411e-022, 2.21170899891e-022, 4.68678293445e-022, 5.53527869488e-022, 4.21570196002e-022, 8.14714237357e-022, 1.4823229048e-021, 2.20295928192e-021, 2.1913836001e-021, 6.57612979357e-022]
        var: [3.25062954256e-015, 1.82212094302e-008, 5.60063959654e-008, 4.13618721495e-008, 1.61330561355e-007, 4.69246330681e-009, 7.6930986026e-009, 1.87613551361e-008, 5.53280941062e-008, 4.27734114794e-008, 2.80242851147e-008, 1.52983723467e-008, 3.33906022831e-008, 4.37044676005e-008, 7.40493604212e-008, 1.81037222546e-007, 4.90872650971e-007, 2.4986317726e-007, 4.60933392787e-007, 3.52120366642e-007, 1.03773672322e-007, 1.35693891679e-008, 1.62322832953e-009, 1.09777231749e-009, 1.83940598864e-010, 1.08543077683e-013, 2.81989179542e-019, 5.32602007429e-021]
    mfcc:
        mean: [-693.700378418, 63.6287727356, -55.9003257751, 50.7228012085, -12.2410993576, 4.35190725327, 8.03394603729, 1.38368105888, 3.69953894615, -3.05826163292, -5.25332641602, -4.06434440613, -7.76035642624]
        cov: [[4981.5546875, 81.8986129761, -454.292236328, 303.679595947, -194.618499756, 54.1014518738, -5.75058317184, 12.7976322174, -26.9833602905, 51.109249115, -11.5280132294, -100.451141357, -38.9417572021], [81.8986129761, 555.876342773, -164.096801758, 128.050796509, 8.33327579498, 8.50730705261, 46.2203521729, -0.327024906874, 39.8679542542, -7.18004274368, 17.4386310577, 40.2842636108, -25.8036899567], [-454.292236328, -164.096801758, 484.434692383, -25.9060554504, 85.7889633179, 68.6245956421, 11.5208950043, 1.98092377186, -31.2874908447, -4.48657178879, -12.0043954849, -9.43878555298, 43.4883575439], [303.679595947, 128.050796509, -25.9060554504, 209.271621704, 33.5591926575, 45.0594139099, 3.74289488792, 7.08541297913, 28.0951709747, -1.22095561028, -1.44915938377, 7.45268011093, 5.72221279144], [-194.618499756, 8.33327579498, 85.7889633179, 33.5591926575, 161.052688599, 25.3464317322, -6.94988632202, 1.06837296486, 35.0036087036, 16.0537223816, -6.57784366608, 13.8620204926, 12.071513176], [54.1014518738, 8.50730705261, 68.6245956421, 45.0594139099, 25.3464317322, 131.504196167, 64.1529312134, 22.6568012238, 0.975984275341, 13.3455963135, 12.1852169037, 3.85605478287, 19.7533340454], [-5.75058317184, 46.2203521729, 11.5208950043, 3.74289488792, -6.94988632202, 64.1529312134, 141.769485474, 49.4003677368, 11.5932636261, 0.338300317526, 20.7581768036, 20.8888645172, 1.92093551159], [12.7976322174, -0.327024906874, 1.98092377186, 7.08541297913, 1.06837296486, 22.6568012238, 49.4003677368, 85.649848938, 26.8206787109, 17.9971141815, 18.356842041, 4.90868186951, 7.75200462341], [-26.9833602905, 39.8679542542, -31.2874908447, 28.0951709747, 35.0036087036, 0.975984275341, 11.5932636261, 26.8206787109, 93.5712280273, 38.7803039551, 13.6681880951, 13.5041160583, 3.77731275558], [51.109249115, -7.18004274368, -4.48657178879, -1.22095561028, 16.0537223816, 13.3455963135, 0.338300317526, 17.9971141815, 38.7803039551, 95.4369354248, 38.4663467407, 4.84750461578, 11.3638525009], [-11.5280132294, 17.4386310577, -12.0043954849, -1.44915938377, -6.57784366608, 12.1852169037, 20.7581768036, 18.356842041, 13.6681880951, 38.4663467407, 74.6977539063, 23.7711982727, 7.56215858459], [-100.451141357, 40.2842636108, -9.43878555298, 7.45268011093, 13.8620204926, 3.85605478287, 20.8888645172, 4.90868186951, 13.5041160583, 4.84750461578, 23.7711982727, 69.5476455688, 18.6520137787], [-38.9417572021, -25.8036899567, 43.4883575439, 5.72221279144, 12.071513176, 19.7533340454, 1.92093551159, 7.75200462341, 3.77731275558, 11.3638525009, 7.56215858459, 18.6520137787, 64.2686538696]]
        icov: [[0.000276006903732, 0.000102061894722, 0.000258917949395, -0.000499086803757, 0.000260860222625, -9.16796270758e-005, -6.19108468527e-005, -4.74954777019e-006, 0.000258251238847, -0.000336914206855, 0.000128474188386, 0.000331729796017, -7.94080824562e-006], [0.000102061894722, 0.00262282555923, 0.000779525202233, -0.00165135820862, -0.000129251129692, 0.000267184339464, -0.00107218348421, 0.000752617430408, -0.000309148250381, 0.000184443953913, -0.000286686758045, -0.000905388907995, 0.000899925944395], [0.000258917949395, 0.000779525202233, 0.00325071811676, -0.000115775903396, -0.0015221980866, -0.00122690922581, -0.000272629869869, 1.58985913004e-005, 0.00138151831925, 1.14931899589e-005, 0.000114228387247, 0.000897570571396, -0.00140739930794], [-0.000499086803757, -0.00165135820862, -0.000115775903396, 0.00763706164435, -0.00114046677481, -0.00302217411809, 0.00208436255343, -0.00061665213434, -0.00210828473791, 0.00190526607912, -2.47786883847e-005, -0.000362449412933, -0.000516746833455], [0.000260860222625, -0.000129251129692, -0.0015221980866, -0.00114046677481, 0.00888367835432, -0.0014794007875, 0.00141280516982, 0.000412558380049, -0.00322771188803, -0.00109399959911, 0.00204014638439, -0.00194028753322, 0.000638027442619], [-9.16796270758e-005, 0.000267184339464, -0.00122690922581, -0.00302217411809, -0.0014794007875, 0.0133034512401, -0.00656260130927, 0.000607076392043, 0.00220972439274, -0.00214611249976, -0.000623047584668, 0.00204190285876, -0.00280677108094], [-6.19108468527e-005, -0.00107218348421, -0.000272629869869, 0.00208436255343, 0.00141280516982, -0.00656260130927, 0.0132159320638, -0.0060412553139, -0.00112937646918, 0.0024830638431, -0.000970433233306, -0.00344380293973, 0.00235723867081], [-4.74954777019e-006, 0.000752617430408, 1.58985913004e-005, -0.00061665213434, 0.000412558380049, 0.000607076392043, -0.0060412553139, 0.0169610753655, -0.00406223209575, -0.000647604989354, -0.00217456673272, 0.00219017663039, -0.00181239331141], [0.000258251238847, -0.000309148250381, 0.00138151831925, -0.00210828473791, -0.00322771188803, 0.00220972439274, -0.00112937646918, -0.00406223209575, 0.0172184333205, -0.00675033312291, 0.00171258754563, -0.0013769849902, 0.000115773218567], [-0.000336914206855, 0.000184443953913, 1.14931899589e-005, 0.00190526607912, -0.00109399959911, -0.00214611249976, 0.0024830638431, -0.000647604989354, -0.00675033312291, 0.0176728740335, -0.00878127850592, 0.00241299509071, -0.00183369219303], [0.000128474188386, -0.000286686758045, 0.000114228387247, -2.47786883847e-005, 0.00204014638439, -0.000623047584668, -0.000970433233306, -0.00217456673272, 0.00171258754563, -0.00878127850592, 0.0208044499159, -0.00663462327793, 0.000916828692425], [0.000331729796017, -0.000905388907995, 0.000897570571396, -0.000362449412933, -0.00194028753322, 0.00204190285876, -0.00344380293973, 0.00219017663039, -0.0013769849902, 0.00241299509071, -0.00663462327793, 0.0208834595978, -0.0067878398113], [-7.94080824562e-006, 0.000899925944395, -0.00140739930794, -0.000516746833455, 0.000638027442619, -0.00280677108094, 0.00235723867081, -0.00181239331141, 0.000115773218567, -0.00183369219303, 0.000916828692425, -0.0067878398113, 0.0199850369245]]
    sccoeffs:
        dmean: [0.0534738898277, 0.0441354438663, 0.0367244333029, 0.0304901767522, 0.0210562907159, 0.0189690291882]
        dmean2: [0.0880427658558, 0.0730142816901, 0.0604725517333, 0.0502672828734, 0.0349367968738, 0.0299025531858]
        dvar: [0.00204736879095, 0.00126795272809, 0.00086073478451, 0.000619101105258, 0.000310125527903, 0.000291424774332]
        dvar2: [0.00534634618089, 0.00341711752117, 0.0022961513605, 0.0015994287096, 0.000817913562059, 0.000672753434628]
        max: [-0.290740162134, -0.507979512215, -0.53946942091, -0.592300474644, -0.628328919411, -0.572598934174]
        mean: [-0.638926744461, -0.785751581192, -0.790233850479, -0.787522494793, -0.793872952461, -0.733875095844]
        median: [-0.641273140907, -0.79037052393, -0.794163882732, -0.790681421757, -0.795938372612, -0.730430841446]
        min: [-0.94867348671, -0.971100986004, -0.962438464165, -0.966091752052, -0.963968336582, -0.961097240448]
        var: [0.00529417907819, 0.00334597332403, 0.00280354684219, 0.0022004134953, 0.00123634748161, 0.00154161336832]
    scvalleys:
        dmean: [0.425120264292, 0.366347461939, 0.302927792072, 0.256656169891, 0.214175269008, 0.216792941093]
        dmean2: [0.711552262306, 0.598793804646, 0.486481249332, 0.398471534252, 0.324116140604, 0.304099023342]
        dvar: [0.133716091514, 0.110013797879, 0.0765203312039, 0.067537009716, 0.0729462876916, 0.0905642881989]
        dvar2: [0.320951908827, 0.269196927547, 0.165208622813, 0.126423090696, 0.125992074609, 0.155254408717]
        max: [-5.67170906067, -5.24403238297, -5.40372371674, -5.58551740646, -5.46610164642, -6.93976593018]
        mean: [-7.64893817902, -7.23635911942, -7.01612234116, -7.03288269043, -6.64679765701, -9.17790794373]
        median: [-7.41565561295, -7.07295417786, -6.85125207901, -6.83801317215, -6.42371320724, -8.9526758194]
        min: [-27.4493503571, -26.7168731689, -26.8632411957, -27.3734035492, -27.170091629, -27.2090854645]
        var: [2.17029237747, 1.5865893364, 1.62798929214, 1.65734326839, 1.63627433777, 1.72704648972]

rhythm:
    beats_loudness:
        dmean: 0.00206400104798
        dmean2: 0.00364227732643
        dvar: 2.31202602663e-006
        dvar2: 7.00797818354e-006
        max: 0.0141087025404
        mean: 0.00641474034637
        median: 0.00636010803282
        min: 3.07770801032e-012
        var: 5.33150159754e-006
    bpm: 114.006904602
    bpm_confidence: 0
    first_peak_bpm: 115
    first_peak_spread: 0.401129901409
    first_peak_weight: 0.592178761959
    onset_rate: 2.79810523987
    second_peak_bpm: 110
    second_peak_spread: 0
    second_peak_weight: 0.00558659201488
    beats_loudness_band_ratio:
        dmean: [0.112396851182, 0.128902494907, 0.0373232662678, 0.0646970272064, 0.110314436257, 0.092788271606]
        dmean2: [0.194464951754, 0.255908429623, 0.0664913728833, 0.116460591555, 0.185809224844, 0.163089543581]
        dvar: [0.00780583173037, 0.00480319187045, 0.00172559521161, 0.00456204079092, 0.00796567648649, 0.00573890097439]
        dvar2: [0.0216597151011, 0.0166405756027, 0.00483203819022, 0.0130385160446, 0.0190021898597, 0.0162703096867]
        max: [0.599085152149, 0.287048786879, 0.329321414232, 0.403271555901, 0.688293755054, 0.805927753448]
        mean: [0.266704231501, 0.084280796349, 0.0468984022737, 0.0906826928258, 0.268773943186, 0.307140082121]
        median: [0.264027416706, 0.0407958626747, 0.0326768159866, 0.070179335773, 0.240850746632, 0.305045843124]
        min: [0, 0, 0, 0, 0, 0]
        var: [0.0166076291353, 0.00667483173311, 0.0017343579093, 0.00430150190368, 0.0151953287423, 0.00888825953007]
    beats_position: [0.476009070873, 0.975238084793, 1.47446703911, 1.98530614376, 2.50775504112, 3.04181408882, 3.56426286697, 4.08671188354, 4.62077093124, 5.14321994781, 5.66566896439, 6.18811798096, 6.71056699753, 7.24462556839, 7.77868461609, 8.3011341095, 8.82358264923, 9.35764122009, 9.8800907135, 10.4025392532, 10.9365987778, 11.4590473175, 11.9814968109, 12.5155553818, 13.0380039215, 13.5604534149, 14.0829019547, 14.6053514481, 15.1394100189, 15.6734695435, 16.1959171295, 16.7183666229, 17.2408161163, 17.7632656097, 18.2973232269, 18.8197727203, 19.3422222137, 19.8762817383, 20.4103393555, 20.9327888489, 21.4552383423, 21.9892959595, 22.5117454529, 23.0341949463, 23.5566444397, 24.0790920258, 24.6131515503, 25.1239910126, 25.6464385986, 26.1804981232, 26.7029476166, 27.2370071411, 27.7710647583, 28.3051242828, 28.8275737762, 29.3500213623, 29.8724708557, 30.3949203491, 30.9173698425, 31.4398174286, 31.9738769531, 32.5079345703, 33.0303840637, 33.5528335571, 34.0868911743, 34.6209526062, 35.1434020996, 35.6658477783, 36.1999092102, 36.7223587036, 37.244808197, 37.7672538757, 38.3013153076, 38.823764801, 39.3462142944, 39.8686599731, 40.402721405, 40.9367790222, 41.4592285156, 41.981678009, 42.5157356262, 43.0381851196, 43.5722427368, 44.0946922302, 44.6055335999, 45.1279792786, 45.650428772, 46.1728782654, 46.6953277588, 47.2409973145, 47.7634468079, 48.297504425, 48.8199539185, 49.3424034119, 49.8648529053, 50.3989105225, 50.9213600159, 51.4554176331, 51.9778671265, 52.5003166199, 53.0227661133, 53.5452156067, 54.0792732239, 54.6017227173, 55.1241722107, 55.6582298279, 56.1806793213, 56.7147369385, 57.2371864319, 57.7596359253, 58.2820854187, 58.8045349121, 59.3269844055, 59.8610420227, 60.3950996399, 60.9291610718, 61.4516105652, 61.9740562439, 62.5081176758, 63.042175293, 63.5646247864, 64.0870742798, 64.621131897, 65.1435852051, 65.6660308838, 66.200088501, 66.7225418091, 67.2449874878, 67.7674331665, 68.2898864746, 68.8239440918, 69.3463897705, 69.8688430786, 70.3912887573, 70.9137420654, 71.4477996826, 71.9818572998, 72.515914917, 73.0383682251, 73.5608139038, 74.0832672119, 74.6057128906, 75.1397705078, 75.6622238159, 76.1846694946, 76.7187271118, 77.2411804199, 77.7752380371, 78.2976837158, 78.8201370239, 79.3425827026, 79.8766403198, 80.3990936279, 80.9331512451, 81.4555969238, 81.9896621704, 82.5121078491, 83.0345535278, 83.5570068359, 84.0794525146, 84.6135101318, 85.1359634399, 85.6584091187, 86.1924667358, 86.7265319824, 87.2489776611, 87.7714233398, 88.2938766479, 88.8163223267, 89.3387756348, 89.872833252, 90.3952789307, 90.9293441772, 91.4634017944, 91.9858474731, 92.5083007813, 93.0423583984, 93.5764160156, 94.0988616943, 94.6213150024, 95.1321487427, 95.6546020508, 96.1770477295, 96.6995010376, 97.2219467163, 97.7560043335, 98.2900695801, 98.8241271973, 99.346572876, 99.8690261841, 100.403083801, 100.937141418, 101.459587097, 101.982040405, 102.516098022, 103.038543701, 103.549385071, 104.071838379, 104.605895996, 105.128341675, 105.650794983, 106.1848526, 106.707298279, 107.229751587, 107.763809204, 108.297866821, 108.8203125, 109.342765808, 109.865211487, 110.387664795, 110.921722412, 111.444168091, 111.966621399, 112.500679016, 113.034736633, 113.557182312, 114.07963562, 114.602081299, 115.136146545, 115.658592224, 116.192649841, 116.726707458, 117.249160767, 117.771606445, 118.282447815, 118.804893494, 119.327346802, 119.861404419, 120.383850098, 120.906303406, 121.440361023, 121.97441864, 122.496871948, 123.019317627, 123.541763306, 124.075828552, 124.609886169, 125.132331848, 125.666389465, 126.188842773, 126.711288452, 127.245346069, 127.767799377, 128.290252686, 128.824310303, 129.346755981, 129.86920166, 130.391647339, 130.914108276, 131.448165894, 131.970611572, 132.493057251, 133.027114868, 133.549560547, 134.072021484, 134.606079102, 135.140136719, 135.662582397, 136.185028076, 136.707473755, 137.229934692, 137.76399231, 138.298049927, 138.820495605, 139.342941284, 139.876998901, 140.411056519, 140.945129395, 141.455963135, 141.990020752, 142.512466431, 143.034912109, 143.557373047, 144.079818726, 144.602264404, 145.124710083, 145.6587677, 146.192825317, 146.715286255, 147.237731934, 147.771789551, 148.305847168, 148.828292847, 149.350738525, 149.884811401, 150.40725708, 150.929702759, 151.463760376, 151.974594116, 152.508651733, 153.031112671, 153.55355835, 154.06439209, 154.598449707, 155.132507324, 155.6665802, 156.200637817, 156.734695435, 157.257141113, 157.779586792, 158.302032471, 158.824493408, 159.358551025, 159.892608643, 160.415054321, 160.9375, 161.448348999, 161.959182739, 162.493240356, 163.027297974, 163.561355591, 164.08380127, 164.606262207, 165.140319824, 165.674377441, 166.208435059, 166.730880737, 167.253326416, 167.775772095, 168.298233032, 168.820678711, 169.34312439, 169.865570068, 170.388031006, 170.922088623, 171.45614624, 171.978591919, 172.512649536, 173.046707153, 173.569152832, 174.09161377, 174.60244751, 175.124893188, 175.658950806, 176.181396484, 176.703857422, 177.237915039, 177.771972656, 178.306030273, 178.828475952, 179.350921631, 179.873382568, 180.395828247, 180.929885864, 181.463943481, 181.998001099, 182.520446777, 183.042892456, 183.553741455, 184.076187134, 184.598632813, 185.121078491, 185.643539429, 186.177597046, 186.711654663, 187.24571228, 187.791381836, 188.325439453, 188.85949707]
