
metadata:
    version:
        essentia: "2.1-beta2"
    audio_properties:
        analysis_sample_rate: 44100
        bitrate: 320
        channels: 2
        equal_loudness: 1
        length: 244.166534424
        replay_gain: -14.5055007935
        downmix: "mix"
    tags:
        album: "The Arockalypse"
        artist: "Lordi"
        comment: ""
        date: "2006"
        genre: "Hard Rock"
        title: "Supermonstars (The Anthem of the Phantoms)"
        tracknumber: "12"

configuration:
    average_loudness:
        compute: 1
        frameSize: 88200
        hopSize: 44100
        silentFrames: "noise"
        windowType: "hann"
    general:
        analysisSampleRate: 44100
        endTime: 2000
        equalLoudness: 1
        nequalLoudness: 0
        shortSound: 0
        startTime: 0
    lowlevel:
        compute: 1
        frameSize: 2048
        hopSize: 1024
        zeroPadding: 0
        silentFrames: "noise"
        windowType: "blackmanharris62"
        mfccStats: ["mean", "cov", "icov"]
        stats: ["mean", "var", "median", "min", "max", "dmean", "dmean2", "dvar", "dvar2"]
    panning:
        compute: 0
        frameSize: 8192
        hopSize: 2048
        zeroPadding: 8192
        silentFrames: "noise"
        windowType: "hann"
        stats: ["copy"]
    rhythm:
        compute: 1
        maxTempo: 208
        minTempo: 40
        method: "degara"
        stats: ["mean", "var", "median", "min", "max", "dmean", "dmean2", "dvar", "dvar2"]
    segmentation:
        compute: 0
        cpw: 5
        inc1: 300
        inc2: 50
        minimumSegmentsLength: 10
        size1: 1000
        size2: 600
    sfx:
        compute: 1
        stats: ["mean", "var", "median", "min", "max", "dmean", "dmean2", "dvar", "dvar2"]
    svm:
        compute: 0
    tonal:
        compute: 1
        frameSize: 4096
        hopSize: 2048
        zeroPadding: 0
        silentFrames: "noise"
        windowType: "blackmanharris62"
        stats: ["mean", "var", "median", "min", "max", "dmean", "dmean2", "dvar", "dvar2"]

lowlevel:
    average_loudness: 0.579180896282
    barkbands_kurtosis:
        dmean: 0.937286317348
        dmean2: 1.46782374382
        dvar: 5.98620939255
        dvar2: 11.530046463
        max: 116.315429688
        mean: 0.120478086174
        median: -0.694089114666
        min: -1.94709801674
        var: 14.396777153
    barkbands_skewness:
        dmean: 0.373537629843
        dmean2: 0.572555243969
        dvar: 0.177789717913
        dvar2: 0.381371349096
        max: 9.52458000183
        mean: -0.576884031296
        median: -0.693189680576
        min: -4.44077634811
        var: 1.00818479061
    barkbands_spread:
        dmean: 5.96422624588
        dmean2: 9.33889579773
        dvar: 39.685333252
        dvar2: 91.0213623047
        max: 85.2235641479
        mean: 35.7891197205
        median: 36.0252876282
        min: 1.18771576881
        var: 206.331207275
    dissonance:
        dmean: 0.00728546176106
        dmean2: 0.012356470339
        dvar: 6.59877841827e-005
        dvar2: 0.000177776993951
        max: 0.500000119209
        mean: 0.488398253918
        median: 0.491202235222
        min: 0.339827537537
        var: 0.000104424143501
    hfc:
        dmean: 2.84363937378
        dmean2: 4.48774766922
        dvar: 17.5912647247
        dvar2: 44.2823486328
        max: 69.0959472656
        mean: 10.5943946838
        median: 9.48570346832
        min: 1.06804329848e-016
        var: 70.1651916504
    pitch:
        dmean: 838.330627441
        dmean2: 1587.22351074
        dvar: 1741113.125
        dvar2: 4326179.5
        max: 5374.45117188
        mean: 2678.80981445
        median: 3845.42114258
        min: 43.3279342651
        var: 2949696.25
    pitch_instantaneous_confidence:
        dmean: 0.0769469067454
        dmean2: 0.126177042723
        dvar: 0.00435647321865
        dvar2: 0.0109112411737
        max: 0.950036108494
        mean: 0.394862562418
        median: 0.37467443943
        min: 0.129629969597
        var: 0.0171413980424
    pitch_salience:
        dmean: 0.0525262355804
        dmean2: 0.0866079255939
        dvar: 0.00248537748121
        dvar2: 0.00663012964651
        max: 0.922418475151
        mean: 0.664168596268
        median: 0.682238161564
        min: 0.217497736216
        var: 0.0082790190354
    silence_rate_20dB:
        dmean: 0
        dmean2: 0
        dvar: 0
        dvar2: 0
        max: 1
        mean: 1
        median: 1
        min: 1
        var: 0
    silence_rate_30dB:
        dmean: 0
        dmean2: 0
        dvar: 0
        dvar2: 0
        max: 1
        mean: 1
        median: 1
        min: 1
        var: 0
    silence_rate_60dB:
        dmean: 0.0775960460305
        dmean2: 0.155206844211
        dvar: 0.071584418416
        dvar2: 0.149738326669
        max: 1
        mean: 0.357801645994
        median: 0
        min: 0
        var: 0.229795783758
    spectral_centroid:
        dmean: 279.103759766
        dmean2: 439.984741211
        dvar: 89874.3828125
        dvar2: 211769.5
        max: 10738.5859375
        mean: 2457.23950195
        median: 2544.83349609
        min: 148.828796387
        var: 547693.75
    spectral_complexity:
        dmean: 3.61525297165
        dmean2: 5.49196386337
        dvar: 16.5619697571
        dvar2: 33.6190986633
        max: 49
        mean: 15.8637447357
        median: 16
        min: 0
        var: 117.670440674
    spectral_crest:
        dmean: 1.54218935966
        dmean2: 2.54817533493
        dvar: 2.12200427055
        dvar2: 5.38666296005
        max: 22.5765666962
        mean: 6.80349969864
        median: 6.23455476761
        min: 2.4908850193
        var: 6.57784557343
    spectral_decrease:
        dmean: 1.96328092672e-010
        dmean2: 2.99882452204e-010
        dvar: 7.49440950739e-020
        dvar2: 1.70446109912e-019
        max: -1.67010180875e-028
        mean: -8.83410955499e-010
        median: -8.2837248172e-010
        min: -4.29397939428e-009
        var: 3.59657794296e-019
    spectral_energy:
        dmean: 0.000966826162767
        dmean2: 0.00147763686255
        dvar: 1.85423175481e-006
        dvar2: 4.28625253335e-006
        max: 0.0223857518286
        mean: 0.00429513910785
        median: 0.00398919871077
        min: 1.03177994044e-020
        var: 8.86182806425e-006
    spectral_energyband_high:
        dmean: 0.000371692614863
        dmean2: 0.000614747754298
        dvar: 3.54970580929e-007
        dvar2: 9.47055752931e-007
        max: 0.00719572603703
        mean: 0.000972044304945
        median: 0.000796915381216
        min: 7.19314402751e-021
        var: 7.48460308841e-007
    spectral_energyband_low:
        dmean: 0.000202360737603
        dmean2: 0.000321073981468
        dvar: 1.14398467588e-007
        dvar2: 3.022287558e-007
        max: 0.00440672738478
        mean: 0.000522821210325
        median: 0.000440190924564
        min: 6.70711251071e-023
        var: 2.17416953774e-007
    spectral_energyband_middle_high:
        dmean: 0.000552679121029
        dmean2: 0.000843300309498
        dvar: 4.669956013e-007
        dvar2: 1.05307105969e-006
        max: 0.019877737388
        mean: 0.0022046007216
        median: 0.00184269307647
        min: 1.91364013993e-021
        var: 3.62715604751e-006
    spectral_energyband_middle_low:
        dmean: 0.000329775619321
        dmean2: 0.000522107409779
        dvar: 3.64715901924e-007
        dvar2: 8.42448912408e-007
        max: 0.00678386259824
        mean: 0.00075081794057
        median: 0.000548094394617
        min: 2.76029599905e-022
        var: 6.31498721759e-007
    spectral_flatness_db:
        dmean: 0.0118981264532
        dmean2: 0.0185585077852
        dvar: 0.000133038178319
        dvar2: 0.000287380535156
        max: 0.361163765192
        mean: 0.152447417378
        median: 0.14098520577
        min: 0.0498418286443
        var: 0.0016504060477
    spectral_flux:
        dmean: 0.0061372956261
        dmean2: 0.00912539847195
        dvar: 6.96907882229e-005
        dvar2: 0.000144284640555
        max: 0.126553982496
        mean: 0.0367043837905
        median: 0.0378078073263
        min: 1.01576566602e-010
        var: 0.000372490525478
    spectral_kurtosis:
        dmean: 0.655353426933
        dmean2: 1.09090065956
        dvar: 0.786143124104
        dvar2: 2.07881522179
        max: 28.5335941315
        mean: 2.22542214394
        median: 1.96396255493
        min: -1.19824934006
        var: 2.62186336517
    spectral_rms:
        dmean: 0.00020752720593
        dmean2: 0.000311062583933
        dvar: 6.82830574306e-008
        dvar2: 1.51921028646e-007
        max: 0.00467330263928
        mean: 0.0018622870557
        median: 0.00197279010899
        min: 3.17271903194e-012
        var: 7.22283232335e-007
    spectral_rolloff:
        dmean: 301.529205322
        dmean2: 495.752624512
        dvar: 204857.25
        dvar2: 422801.3125
        max: 18281.6894531
        mean: 4152.95410156
        median: 4306.640625
        min: 129.19921875
        var: 787846.75
    spectral_skewness:
        dmean: 0.126579120755
        dmean2: 0.207160994411
        dvar: 0.0197399780154
        dvar2: 0.0484773032367
        max: 4.225233078
        mean: 0.966125130653
        median: 0.946209311485
        min: -0.128142148256
        var: 0.0857925117016
    spectral_spread:
        dmean: 394197.625
        dmean2: 574733.4375
        dvar: 284544729088
        dvar2: 545267744768
        max: 39834952
        mean: 5274951.5
        median: 4873900
        min: 2134907.25
        var: 8.1910389801e+012
    spectral_strongpeak:
        dmean: 0.501339972019
        dmean2: 0.865569353104
        dvar: 0.779397249222
        dvar2: 1.95107960701
        max: 15.5047216415
        mean: 0.689375936985
        median: 0.156695097685
        min: 1.19690723999e-009
        var: 1.77512454987
    zerocrossingrate:
        dmean: 0.00787848047912
        dmean2: 0.00922161992639
        dvar: 7.14875204721e-005
        dvar2: 8.19448760012e-005
        max: 0.4814453125
        mean: 0.131651252508
        median: 0.13525390625
        min: 0.00732421875
        var: 0.000936632568482
    barkbands:
        dmean: [2.88371584389e-008, 4.81768329337e-005, 0.000144838850247, 0.00011849807197, 0.000164494093042, 2.43910362769e-005, 4.22389966843e-005, 4.4932225137e-005, 6.90352972015e-005, 6.65388797643e-005, 5.57373095944e-005, 6.32044611848e-005, 9.70017645159e-005, 6.94499685778e-005, 4.77470384794e-005, 6.00495040999e-005, 0.000127050967421, 0.000136099872179, 0.000234086575801, 0.000268478586804, 0.000217096298002, 5.97339385422e-005, 9.25813310459e-006, 4.56999487142e-006, 1.48827859903e-006, 5.56272397034e-008, 2.53735449318e-010]
        dmean2: [4.11004776879e-008, 7.53624044592e-005, 0.000233351544011, 0.000190831793589, 0.000264137721388, 4.02895966545e-005, 6.87183855916e-005, 7.26740108803e-005, 0.000110424429295, 0.000106041239633, 9.1830472229e-005, 0.000103208396467, 0.000158448849106, 0.000112976573291, 7.54801512812e-005, 9.67968517216e-005, 0.000201618298888, 0.000222767572268, 0.000374547031242, 0.000442178774392, 0.000367134081898, 0.000100216435385, 1.54510889843e-005, 6.86599878463e-006, 2.19137723434e-006, 8.46633909646e-008, 4.37259534136e-010]
        dvar: [3.97011033938e-015, 8.78147154992e-009, 6.67703687895e-008, 3.73728425984e-008, 1.99027198278e-007, 3.33351501958e-009, 6.74905420439e-009, 8.11690803459e-009, 2.02826306861e-008, 2.57361332245e-008, 1.63055027258e-008, 1.67777507443e-008, 3.77076005975e-008, 1.80550063789e-008, 1.05297610631e-008, 1.30107613572e-008, 7.56069269414e-008, 6.81078802245e-008, 1.49520872128e-007, 1.29853475528e-007, 1.30099266471e-007, 1.15268408152e-008, 2.86381446335e-010, 8.27658774849e-011, 1.1429903031e-011, 1.61817004837e-014, 1.94642306052e-019]
        dvar2: [8.20403840755e-015, 2.10824584457e-008, 1.81496773166e-007, 9.49888132595e-008, 4.62721033045e-007, 8.24231527474e-009, 1.70329510496e-008, 2.02661603055e-008, 5.06176860426e-008, 6.41080930563e-008, 4.14072793831e-008, 4.30029558629e-008, 9.80179279964e-008, 4.50568009569e-008, 2.41156783432e-008, 3.08360483814e-008, 1.7674584285e-007, 1.64948303905e-007, 3.32272719561e-007, 3.39461251997e-007, 3.58235269005e-007, 2.99986133712e-008, 7.49409534428e-010, 1.59711965875e-010, 2.15646545759e-011, 3.50525950496e-014, 5.36598784206e-019]
        max: [1.12310806344e-006, 0.00137768569402, 0.00305351149291, 0.00350597733632, 0.0047935792245, 0.00109657540452, 0.00139894138556, 0.00164318981115, 0.00301387347281, 0.00328344409354, 0.0025712386705, 0.00215410976671, 0.0038849231787, 0.00390787841752, 0.00287443189882, 0.00234403298236, 0.00733932992443, 0.00805824901909, 0.0180677771568, 0.00547795370221, 0.00524510163814, 0.00136026449036, 0.000237176092924, 0.000194648368051, 9.48884553509e-005, 3.01695422422e-006, 1.06283959411e-008]
        mean: [5.81568464497e-008, 0.000100406738056, 0.000312585500069, 0.000216982734855, 0.000206481941859, 3.78318727599e-005, 6.63994433125e-005, 6.86406929162e-005, 0.000113709145808, 0.000118695839774, 9.2213282187e-005, 0.000105021113995, 0.000163418721058, 0.000118542244309, 8.5895153461e-005, 0.000111694142106, 0.000255724095041, 0.000284150999505, 0.000558038824238, 0.000653279130347, 0.000473662890727, 0.000118011470477, 1.96286273422e-005, 1.03826550912e-005, 3.59035698239e-006, 1.09735921683e-007, 3.06380781856e-010]
        median: [9.84669235038e-009, 6.30796639598e-005, 0.000216260756133, 0.000118657218991, 7.67925448599e-005, 1.5445128156e-005, 3.12040356221e-005, 3.08731105179e-005, 4.59630282421e-005, 3.14659482683e-005, 2.56718212768e-005, 3.81698628189e-005, 5.76049169467e-005, 5.67931238038e-005, 3.93635455112e-005, 6.5553256718e-005, 0.000149188592331, 0.000201429924346, 0.000391425041016, 0.000546017254237, 0.000366240128642, 7.22362019587e-005, 1.14710192065e-005, 5.56191298529e-006, 1.93155096895e-006, 4.76419579343e-008, 1.58284788054e-010]
        min: [2.12541373744e-023, 2.15726872965e-023, 3.15685284201e-023, 7.09290398978e-024, 5.24362217697e-023, 4.20263533109e-023, 3.0351050986e-023, 3.40515406944e-023, 6.12018737545e-023, 8.70369737372e-023, 1.37291130512e-022, 1.56407060403e-022, 1.63178162786e-022, 9.37023182718e-023, 1.889691686e-022, 2.24954579715e-022, 1.91753330102e-022, 2.61531800593e-022, 2.97289666358e-022, 3.1896953303e-022, 3.22548866325e-022, 6.51348237323e-022, 7.07084377855e-022, 6.90935978607e-022, 1.25430913511e-021, 1.72230736735e-021, 1.92726701156e-021]
        var: [1.18675922767e-014, 1.49092631574e-008, 1.1954745105e-007, 8.47796641779e-008, 2.08966866921e-007, 5.00284214056e-009, 1.22601839792e-008, 1.41878668813e-008, 4.32530384842e-008, 6.86327013e-008, 3.45956010506e-008, 3.29823208745e-008, 7.2063812695e-008, 3.61540024585e-008, 2.82782934846e-008, 3.09338865634e-008, 1.96145236941e-007, 1.52238399664e-007, 7.60433238156e-007, 3.52544816451e-007, 2.08808657476e-007, 1.96424547738e-008, 5.69344960066e-010, 2.79195000452e-010, 4.17820465726e-011, 3.97724557552e-014, 2.17934742749e-019]
    frequency_bands:
        dmean: [2.88371584389e-008, 4.81768329337e-005, 0.000144838850247, 0.00011849807197, 0.000164494093042, 2.43910362769e-005, 4.22389966843e-005, 4.4932225137e-005, 6.90352972015e-005, 6.65388797643e-005, 5.57373095944e-005, 6.32044611848e-005, 9.70017645159e-005, 6.94499685778e-005, 4.77470384794e-005, 6.00495040999e-005, 0.000127050967421, 0.000136099872179, 0.000234086575801, 0.000268478586804, 0.000217096298002, 5.97339385422e-005, 9.25813310459e-006, 4.56999487142e-006, 1.48827859903e-006, 5.56272397034e-008, 2.53735449318e-010, 4.7924865465e-011]
        dmean2: [4.11004776879e-008, 7.53624044592e-005, 0.000233351544011, 0.000190831793589, 0.000264137721388, 4.02895966545e-005, 6.87183855916e-005, 7.26740108803e-005, 0.000110424429295, 0.000106041239633, 9.1830472229e-005, 0.000103208396467, 0.000158448849106, 0.000112976573291, 7.54801512812e-005, 9.67968517216e-005, 0.000201618298888, 0.000222767572268, 0.000374547031242, 0.000442178774392, 0.000367134081898, 0.000100216435385, 1.54510889843e-005, 6.86599878463e-006, 2.19137723434e-006, 8.46633909646e-008, 4.37259534136e-010, 8.84650339095e-011]
        dvar: [3.97011033938e-015, 8.78147154992e-009, 6.67703687895e-008, 3.73728425984e-008, 1.99027198278e-007, 3.33351501958e-009, 6.74905420439e-009, 8.11690803459e-009, 2.02826306861e-008, 2.57361332245e-008, 1.63055027258e-008, 1.67777507443e-008, 3.77076005975e-008, 1.80550063789e-008, 1.05297610631e-008, 1.30107613572e-008, 7.56069269414e-008, 6.81078802245e-008, 1.49520872128e-007, 1.29853475528e-007, 1.30099266471e-007, 1.15268408152e-008, 2.86381446335e-010, 8.27658774849e-011, 1.1429903031e-011, 1.61817004837e-014, 1.94642306052e-019, 6.02454542492e-021]
        dvar2: [8.20403840755e-015, 2.10824584457e-008, 1.81496773166e-007, 9.49888132595e-008, 4.62721033045e-007, 8.24231527474e-009, 1.70329510496e-008, 2.02661603055e-008, 5.06176860426e-008, 6.41080930563e-008, 4.14072793831e-008, 4.30029558629e-008, 9.80179279964e-008, 4.50568009569e-008, 2.41156783432e-008, 3.08360483814e-008, 1.7674584285e-007, 1.64948303905e-007, 3.32272719561e-007, 3.39461251997e-007, 3.58235269005e-007, 2.99986133712e-008, 7.49409534428e-010, 1.59711965875e-010, 2.15646545759e-011, 3.50525950496e-014, 5.36598784206e-019, 1.91345212597e-020]
        max: [1.12310806344e-006, 0.00137768569402, 0.00305351149291, 0.00350597733632, 0.0047935792245, 0.00109657540452, 0.00139894138556, 0.00164318981115, 0.00301387347281, 0.00328344409354, 0.0025712386705, 0.00215410976671, 0.0038849231787, 0.00390787841752, 0.00287443189882, 0.00234403298236, 0.00733932992443, 0.00805824901909, 0.0180677771568, 0.00547795370221, 0.00524510163814, 0.00136026449036, 0.000237176092924, 0.000194648368051, 9.48884553509e-005, 3.01695422422e-006, 1.06283959411e-008, 1.09655895475e-009]
        mean: [5.81568464497e-008, 0.000100406738056, 0.000312585500069, 0.000216982734855, 0.000206481941859, 3.78318727599e-005, 6.63994433125e-005, 6.86406929162e-005, 0.000113709145808, 0.000118695839774, 9.2213282187e-005, 0.000105021113995, 0.000163418721058, 0.000118542244309, 8.5895153461e-005, 0.000111694142106, 0.000255724095041, 0.000284150999505, 0.000558038824238, 0.000653279130347, 0.000473662890727, 0.000118011470477, 1.96286273422e-005, 1.03826550912e-005, 3.59035698239e-006, 1.09735921683e-007, 3.06380781856e-010, 3.74937650371e-011]
        median: [9.84669235038e-009, 6.30796639598e-005, 0.000216260756133, 0.000118657218991, 7.67925448599e-005, 1.5445128156e-005, 3.12040356221e-005, 3.08731105179e-005, 4.59630282421e-005, 3.14659482683e-005, 2.56718212768e-005, 3.81698628189e-005, 5.76049169467e-005, 5.67931238038e-005, 3.93635455112e-005, 6.5553256718e-005, 0.000149188592331, 0.000201429924346, 0.000391425041016, 0.000546017254237, 0.000366240128642, 7.22362019587e-005, 1.14710192065e-005, 5.56191298529e-006, 1.93155096895e-006, 4.76419579343e-008, 1.58284788054e-010, 1.16274620141e-011]
        min: [2.12541373744e-023, 2.15726872965e-023, 3.15685284201e-023, 7.09290398978e-024, 5.24362217697e-023, 4.20263533109e-023, 3.0351050986e-023, 3.40515406944e-023, 6.12018737545e-023, 8.70369737372e-023, 1.37291130512e-022, 1.56407060403e-022, 1.63178162786e-022, 9.37023182718e-023, 1.889691686e-022, 2.24954579715e-022, 1.91753330102e-022, 2.61531800593e-022, 2.97289666358e-022, 3.1896953303e-022, 3.22548866325e-022, 6.51348237323e-022, 7.07084377855e-022, 6.90935978607e-022, 1.25430913511e-021, 1.72230736735e-021, 1.92726701156e-021, 6.19360823762e-022]
        var: [1.18675922767e-014, 1.49092631574e-008, 1.1954745105e-007, 8.47796641779e-008, 2.08966866921e-007, 5.00284214056e-009, 1.22601839792e-008, 1.41878668813e-008, 4.32530384842e-008, 6.86327013e-008, 3.45956010506e-008, 3.29823208745e-008, 7.2063812695e-008, 3.61540024585e-008, 2.82782934846e-008, 3.09338865634e-008, 1.96145236941e-007, 1.52238399664e-007, 7.60433238156e-007, 3.52544816451e-007, 2.08808657476e-007, 1.96424547738e-008, 5.69344960066e-010, 2.79195000452e-010, 4.17820465726e-011, 3.97724557552e-014, 2.17934742749e-019, 4.60920304613e-021]
    mfcc:
        mean: [-729.209716797, 64.4087219238, -42.631893158, 53.7440986633, -18.2872676849, 8.88798809052, 13.4017486572, -1.48152709007, 2.81702971458, 0.421854168177, 1.884324193, 3.25684642792, -8.79169464111]
        cov: [[14346.7763672, 1806.4588623, -269.969818115, 1437.56994629, 86.3506851196, 461.289215088, -52.5758743286, 333.595794678, 251.512619019, 18.9084606171, -260.224456787, -223.553253174, -77.1161956787], [1806.4588623, 924.139404297, -28.5963077545, 337.231262207, 125.52897644, 63.3230628967, 45.6445732117, 81.6752929688, 98.7255935669, 10.8597517014, -39.2845115662, -3.81352829933, 0.724286198616], [-269.969818115, -28.5963077545, 572.235046387, 23.8868293762, 232.708114624, 43.5185432434, -62.2895584106, 48.8415908813, -3.18711209297, -14.6692495346, -65.734664917, -38.0406532288, 25.6758155823], [1437.56994629, 337.231262207, 23.8868293762, 520.660827637, 179.160644531, 42.7749977112, -10.9197978973, 21.6063537598, 70.2588348389, 2.67324852943, -25.1283130646, -3.67508292198, -17.627374649], [86.3506851196, 125.52897644, 232.708114624, 179.160644531, 307.118865967, 16.6596355438, -51.5820770264, 29.4000339508, 42.2916793823, 8.69001960754, -42.9831085205, -13.2898159027, 6.28843164444], [461.289215088, 63.3230628967, 43.5185432434, 42.7749977112, 16.6596355438, 109.905105591, 36.034122467, 29.6427993774, 6.28633165359, 5.60806322098, -3.59688282013, -5.56010866165, -0.218032836914], [-52.5758743286, 45.6445732117, -62.2895584106, -10.9197978973, -51.5820770264, 36.034122467, 135.849639893, 29.2038326263, 8.42252063751, 17.089220047, 30.4702777863, 24.8948993683, -1.39766323566], [333.595794678, 81.6752929688, 48.8415908813, 21.6063537598, 29.4000339508, 29.6427993774, 29.2038326263, 100.683815002, 35.8405990601, 9.95018577576, -10.8085708618, -7.31025028229, 11.1837558746], [251.512619019, 98.7255935669, -3.18711209297, 70.2588348389, 42.2916793823, 6.28633165359, 8.42252063751, 35.8405990601, 78.9170227051, 29.3919086456, -2.37576365471, -0.56767219305, 3.55289673805], [18.9084606171, 10.8597517014, -14.6692495346, 2.67324852943, 8.69001960754, 5.60806322098, 17.089220047, 9.95018577576, 29.3919086456, 68.7557373047, 26.8007354736, 10.8183803558, 5.45003890991], [-260.224456787, -39.2845115662, -65.734664917, -25.1283130646, -42.9831085205, -3.59688282013, 30.4702777863, -10.8085708618, -2.37576365471, 26.8007354736, 78.3999099731, 41.4626808167, 0.732590258121], [-223.553253174, -3.81352829933, -38.0406532288, -3.67508292198, -13.2898159027, -5.56010866165, 24.8948993683, -7.31025028229, -0.56767219305, 10.8183803558, 41.4626808167, 70.1851577759, 18.1657505035], [-77.1161956787, 0.724286198616, 25.6758155823, -17.627374649, 6.28843164444, -0.218032836914, -1.39766323566, 11.1837558746, 3.55289673805, 5.45003890991, 0.732590258121, 18.1657505035, 55.7979927063]]
        icov: [[0.000170257335412, -0.000167077567312, 0.000113707283163, -0.000420854048571, 0.000370103400201, -0.000546646129806, 0.000422281096689, -0.000442316551926, 0.000161117277457, -0.0002784418175, 0.000384489510907, 0.000207368997508, 5.1961371355e-005], [-0.000167077567312, 0.00180919386912, 0.000212677899981, -0.000396084797103, -0.000577416853048, 0.000174699249328, -0.000844254391268, -0.000202436262043, -0.00105424027424, 0.000490388425533, 0.000425016129157, -0.000429904961493, -0.000238594046095], [0.000113707283163, 0.000212677899981, 0.00336761516519, 0.000279051135294, -0.00244496995583, -0.00155066885054, 0.000860913190991, -0.00151726871263, 0.00135452125687, 5.8269532019e-005, 0.00102785101626, 0.000841629283968, -0.00109135825187], [-0.000420854048571, -0.000396084797103, 0.000279051135294, 0.00441714236513, -0.00280158245005, 0.00028389992076, -0.000758152222261, 0.00188430817798, -0.00209596287459, 0.00170845142566, -0.00110674311873, -0.000875745725352, 0.000876933569089], [0.000370103400201, -0.000577416853048, -0.00244496995583, -0.00280158245005, 0.00793591886759, -0.000669786706567, 0.0024121995084, -0.00104988517705, -0.00119430862833, -0.00218629883602, 0.00259449891746, -0.00125107960775, 0.000795702100731], [-0.000546646129806, 0.000174699249328, -0.00155066885054, 0.00028389992076, -0.000669786706567, 0.0134901003912, -0.00457263784483, -0.000600288331043, 0.00128654728178, -0.000164907178259, -0.00130872777663, 0.000785268843174, -0.000124834186863], [0.000422281096689, -0.000844254391268, 0.000860913190991, -0.000758152222261, 0.0024121995084, -0.00457263784483, 0.0120649235323, -0.00439255265519, 0.000770041602664, -0.00186539720744, -0.000634424795862, -0.00273541128263, 0.00188385788351], [-0.000442316551926, -0.000202436262043, -0.00151726871263, 0.00188430817798, -0.00104988517705, -0.000600288331043, -0.00439255265519, 0.0163213368505, -0.00696689914912, 0.00182656990364, -0.00052228331333, 0.00156843254808, -0.00281916745007], [0.000161117277457, -0.00105424027424, 0.00135452125687, -0.00209596287459, -0.00119430862833, 0.00128654728178, 0.000770041602664, -0.00696689914912, 0.0225229859352, -0.0092051839456, 0.00233222707175, 0.000213984196307, -0.000129076724988], [-0.0002784418175, 0.000490388425533, 5.8269532019e-005, 0.00170845142566, -0.00218629883602, -0.000164907178259, -0.00186539720744, 0.00182656990364, -0.0092051839456, 0.022418230772, -0.009471911937, 0.00234334077686, -0.0022874569986], [0.000384489510907, 0.000425016129157, 0.00102785101626, -0.00110674311873, 0.00259449891746, -0.00130872777663, -0.000634424795862, -0.00052228331333, 0.00233222707175, -0.009471911937, 0.0263531878591, -0.0128476666287, 0.00410792371258], [0.000207368997508, -0.000429904961493, 0.000841629283968, -0.000875745725352, -0.00125107960775, 0.000785268843174, -0.00273541128263, 0.00156843254808, 0.000213984196307, 0.00234334077686, -0.0128476666287, 0.0258393287659, -0.0090967360884], [5.1961371355e-005, -0.000238594046095, -0.00109135825187, 0.000876933569089, 0.000795702100731, -0.000124834186863, 0.00188385788351, -0.00281916745007, -0.000129076724988, -0.0022874569986, 0.00410792371258, -0.0090967360884, 0.0224372819066]]
    sccoeffs:
        dmean: [0.0486361794174, 0.0418746396899, 0.0339512787759, 0.0291322674602, 0.0194932017475, 0.0179989878088]
        dmean2: [0.0797392874956, 0.0694224908948, 0.0566512830555, 0.0486406385899, 0.0325255803764, 0.0287670567632]
        dvar: [0.00175453873817, 0.00114005152136, 0.000730742176529, 0.000545130227692, 0.00026212274679, 0.00027842115378]
        dvar2: [0.00474359281361, 0.00313567649573, 0.00200944300741, 0.00145177333616, 0.000691477151122, 0.000655154173728]
        max: [-0.348594814539, -0.530287265778, -0.551885426044, -0.580924630165, -0.589231848717, -0.592712521553]
        mean: [-0.636857032776, -0.785498976707, -0.808848202229, -0.791807711124, -0.803346931934, -0.725294530392]
        median: [-0.63440155983, -0.789074480534, -0.814609229565, -0.794761896133, -0.804295301437, -0.720909059048]
        min: [-0.968351483345, -0.968419253826, -0.970139980316, -0.960604846478, -0.963057935238, -0.954745590687]
        var: [0.00562667613849, 0.0035571383778, 0.00301308045164, 0.00244537345134, 0.00143775565084, 0.00207354943268]
    scvalleys:
        dmean: [0.371284008026, 0.333237081766, 0.289843380451, 0.24907079339, 0.199028864503, 0.195489197969]
        dmean2: [0.621241390705, 0.54904538393, 0.461126774549, 0.386718064547, 0.291797637939, 0.28679984808]
        dvar: [0.102490738034, 0.0879147723317, 0.0698041245341, 0.0614632889628, 0.0582024529576, 0.0764469951391]
        dvar2: [0.267350882292, 0.21076785028, 0.147875279188, 0.117014884949, 0.09392439574, 0.144753187895]
        max: [-5.44839191437, -5.28128242493, -5.11139392853, -5.57715034485, -5.57614374161, -7.37917041779]
        mean: [-7.87910556793, -7.49866676331, -7.45790576935, -7.55258083344, -7.07248449326, -9.57681941986]
        median: [-7.06432151794, -7.02102470398, -7.06843662262, -7.07562828064, -6.54118680954, -9.08839988708]
        min: [-27.1805210114, -27.4305610657, -26.8750591278, -27.2421245575, -27.1344146729, -27.2588119507]
        var: [6.45003271103, 3.16286420822, 2.74810934067, 2.78208851814, 2.69408988953, 2.7984585762]

rhythm:
    beats_loudness:
        dmean: 0.00325507088564
        dmean2: 0.0063986312598
        dvar: 4.97473592986e-006
        dvar2: 1.81775521924e-005
        max: 0.0179766770452
        mean: 0.0059275990352
        median: 0.00575981615111
        min: 2.97394487508e-012
        var: 1.21425055113e-005
    bpm: 129.971084595
    bpm_confidence: 0
    first_peak_bpm: 129
    first_peak_spread: 0.283168315887
    first_peak_weight: 0.689523816109
    onset_rate: 2.62525749207
    second_peak_bpm: 148
    second_peak_spread: 0
    second_peak_weight: 0.0133333336562
    beats_loudness_band_ratio:
        dmean: [0.0881665870547, 0.137666150928, 0.0348817408085, 0.0646023899317, 0.0532921105623, 0.0869293212891]
        dmean2: [0.145375862718, 0.272538840771, 0.0590661987662, 0.110285118222, 0.0948141217232, 0.146665841341]
        dvar: [0.00732405763119, 0.00924031063914, 0.0017256665742, 0.00500001385808, 0.0029371723067, 0.00579604785889]
        dvar2: [0.0190269332379, 0.0347630046308, 0.00486478442326, 0.0140707101673, 0.00894226692617, 0.0132619058713]
        max: [0.891737878323, 0.376738131046, 0.321218073368, 0.568109035492, 0.624319970608, 0.837585449219]
        mean: [0.242660373449, 0.0911936238408, 0.0520982183516, 0.111280225217, 0.154775649309, 0.400715202093]
        median: [0.241444885731, 0.0291307084262, 0.0364275947213, 0.0744527503848, 0.140513986349, 0.381303012371]
        min: [0, 0, 0, 0, 0, 0]
        var: [0.0240686349571, 0.0103388652205, 0.00236527854577, 0.00881906971335, 0.00555912684649, 0.0194324553013]
    beats_position: [0.568888902664, 1.13777780533, 1.71827661991, 2.29877543449, 2.87927436829, 3.43655323982, 3.99383211136, 4.45823097229, 4.92263031006, 5.38702917099, 5.85142850876, 6.31582736969, 6.78022670746, 7.24462556839, 7.70902490616, 8.17342376709, 8.63782310486, 9.0906124115, 9.54340076447, 10.0078001022, 10.47219944, 10.9365987778, 11.4009971619, 11.8770065308, 12.3530158997, 12.8174142838, 13.2818136215, 13.7462129593, 14.2222223282, 14.6982307434, 15.2206802368, 15.7315187454, 16.2539672852, 16.7531967163, 17.2524261475, 17.7516555786, 18.2276649475, 18.6920623779, 19.1564617157, 19.6208610535, 20.0736503601, 20.5264396667, 20.9908390045, 21.4552383423, 21.9196376801, 22.3956451416, 22.8600444794, 23.3244438171, 23.7772331238, 24.2416324615, 24.7060317993, 25.1704311371, 25.6232185364, 26.076007843, 26.5404071808, 27.0048065186, 27.4692058563, 27.9336051941, 28.3980045319, 28.8624038696, 29.3268013, 29.7795906067, 30.2439899445, 30.6967792511, 31.1611785889, 31.6255779266, 32.0899772644, 32.5543746948, 33.0187759399, 33.4715652466, 33.935962677, 34.3887519836, 34.8531494141, 35.3175506592, 35.7819480896, 36.2463493347, 36.7107467651, 37.1635360718, 37.6163253784, 38.0807266235, 38.545124054, 39.0095214844, 39.4739227295, 39.9267120361, 40.3795013428, 40.8438987732, 41.3083000183, 41.7726974487, 42.2370948792, 42.7014961243, 43.1658935547, 43.6302947998, 44.0946922302, 44.5474815369, 45.011882782, 45.4646720886, 45.929069519, 46.3934669495, 46.8578681946, 47.322265625, 47.7866668701, 48.2510643005, 48.7154655457, 49.1682548523, 49.6326522827, 50.0854415894, 50.5498390198, 51.0142402649, 51.4786376953, 51.931427002, 52.3958282471, 52.8486175537, 53.3130149841, 53.7774124146, 54.2418136597, 54.7062110901, 55.1706123352, 55.6234016418, 56.0877990723, 56.5405883789, 57.0049858093, 57.4693870544, 57.9337844849, 58.39818573, 58.8625831604, 59.3269844055, 59.7913818359, 60.2441711426, 60.6969604492, 61.1613578796, 61.6257591248, 62.0901565552, 62.5545578003, 63.0189552307, 63.4833564758, 63.9361457825, 64.4005432129, 64.8533325195, 65.3177337646, 65.7821273804, 66.2465286255, 66.7109298706, 67.1753311157, 67.6281204224, 68.0925140381, 68.5453033447, 69.0097045898, 69.474105835, 69.9268951416, 70.3796844482, 70.844078064, 71.3084793091, 71.7728805542, 72.2372741699, 72.701675415, 73.1660766602, 73.6304779053, 74.094871521, 74.5592727661, 75.0120620728, 75.4648513794, 75.9292526245, 76.3936462402, 76.8580474854, 77.3224487305, 77.7868499756, 78.2396392822, 78.6924285889, 79.1568222046, 79.6212234497, 80.0856246948, 80.5500183105, 81.0144195557, 81.4788208008, 81.9432220459, 82.3960113525, 82.8487930298, 83.3131942749, 83.77759552, 84.2419967651, 84.7063903809, 85.1591796875, 85.6235809326, 86.0763702393, 86.5407714844, 87.0051651001, 87.4695663452, 87.9339675903, 88.3983688354, 88.8627624512, 89.3155517578, 89.7683410645, 90.2327423096, 90.6971435547, 91.1615371704, 91.6259384155, 92.0903396606, 92.5547409058, 93.0191345215, 93.4719238281, 93.9363250732, 94.3891143799, 94.853515625, 95.3179092407, 95.7823104858, 96.246711731, 96.7111129761, 97.1638946533, 97.61668396, 98.0810852051, 98.5454864502, 99.0098876953, 99.474281311, 99.9386825562, 100.403083801, 100.855873108, 101.308662415, 101.77305603, 102.237457275, 102.701858521, 103.166259766, 103.630653381, 104.095054626, 104.559455872, 105.012245178, 105.465034485, 105.929428101, 106.393829346, 106.858230591, 107.322631836, 107.787025452, 108.251426697, 108.704216003, 109.15700531, 109.621406555, 110.085800171, 110.550201416, 111.014602661, 111.479003906, 111.931785583, 112.396186829, 112.848976135, 113.31337738, 113.777778625, 114.242172241, 114.706573486, 115.170974731, 115.623764038, 116.088157654, 116.54094696, 117.005348206, 117.469749451, 117.934150696, 118.386940002, 118.851333618, 119.304122925, 119.76852417, 120.232925415, 120.697319031, 121.161720276, 121.626121521, 122.078910828, 122.531700134, 122.99609375, 123.460494995, 123.92489624, 124.389297485, 124.853691101, 125.318092346, 125.782493591, 126.246894836, 126.699676514, 127.164077759, 127.616867065, 128.081268311, 128.545669556, 129.010070801, 129.462860107, 129.915649414, 130.3800354, 130.844436646, 131.308837891, 131.773239136, 132.237640381, 132.702041626, 133.166442871, 133.630844116, 134.095230103, 134.559631348, 135.012420654, 135.465209961, 135.929611206, 136.394012451, 136.858413696, 137.322814941, 137.787200928, 138.251602173, 138.704391479, 139.157180786, 139.621582031, 140.085983276, 140.550384521, 141.003173828, 141.455963135, 141.92036438, 142.384765625, 142.849151611, 143.313552856, 143.777954102, 144.242355347, 144.706756592, 145.171157837, 145.623947144, 146.07673645, 146.541137695, 147.005523682, 147.469924927, 147.934326172, 148.398727417, 148.863128662, 149.315917969, 149.768707275, 150.233108521, 150.697509766, 151.161895752, 151.626296997, 152.090698242, 152.555099487, 153.019500732, 153.483901978, 153.948303223, 154.401092529, 154.853881836, 155.318267822, 155.782669067, 156.247070313, 156.711471558, 157.175872803, 157.628662109, 158.093063354, 158.545852661, 159.010253906, 159.474639893, 159.915817261, 160.380218506, 160.844619751, 161.309020996, 161.773422241, 162.237823486, 162.702224731, 163.166610718, 163.631011963, 164.095413208, 164.548202515, 165.01260376, 165.465393066, 165.929794312, 166.382583618, 166.835372925, 167.311386108, 167.787384033, 168.24017334, 168.704574585, 169.157363892, 169.621765137, 170.086166382, 170.550567627, 171.014968872, 171.479354858, 171.932144165, 172.384933472, 172.849334717, 173.302124023, 173.75491333, 174.219314575, 174.68371582, 175.148117065, 175.612518311, 176.076919556, 176.541305542, 177.005706787, 177.470108032, 177.934509277, 178.398910522, 178.863311768, 179.316101074, 179.768890381, 180.233291626, 180.686080933, 181.150466919, 181.603256226, 182.067657471, 182.532058716, 182.996459961, 183.460861206, 183.925262451, 184.389663696, 184.854049683, 185.318450928, 185.782852173, 186.247253418, 186.700042725, 187.152832031, 187.617233276, 188.081634521, 188.546035767, 189.010421753, 189.474822998, 189.939224243, 190.39201355, 190.856414795, 191.309204102, 191.773605347, 192.238006592, 192.702392578, 193.166793823, 193.631195068, 194.095596313, 194.559997559, 195.012786865, 195.465576172, 195.929977417, 196.394378662, 196.858764648, 197.323165894, 197.787567139, 198.251968384, 198.70475769, 199.157546997, 199.621948242, 200.086349487, 200.550750732, 201.015136719, 201.467926025, 201.932327271, 202.385116577, 202.849517822, 203.313919067, 203.778320313, 204.242721558, 204.707122803, 205.171508789, 205.635910034, 206.088699341, 206.541488647, 207.005889893, 207.470291138, 207.934692383, 208.399093628, 208.863494873, 209.327880859, 209.792282104, 210.245071411, 210.697860718, 211.162261963, 211.626663208, 212.091064453, 212.555465698, 213.019866943, 213.48425293, 213.948654175, 214.401443481, 214.865844727, 215.330245972, 215.794647217, 216.259048462, 216.711837769, 217.176239014, 217.62902832, 218.081817627, 218.546203613, 219.010604858, 219.475006104, 219.939407349, 220.403808594, 220.868209839, 221.332611084, 221.79699707, 222.273010254, 222.737411499, 223.190200806, 223.642990112, 224.095779419, 224.560180664, 225.012969971, 225.465759277, 225.930160522, 226.382949829, 226.835739136, 227.288528442, 227.752914429, 228.205703735, 228.67010498, 229.134506226, 229.610519409, 230.074920654, 230.527709961, 230.980499268, 231.433288574, 231.897689819, 232.350479126, 232.803268433, 233.267654419, 233.732055664, 234.184844971, 234.637634277, 235.102035522, 235.554824829, 236.007614136, 236.472015381, 236.948028564, 237.412414551, 237.865203857, 238.317993164, 238.770782471, 239.235183716, 239.711196899, 240.187210083, 240.651611328, 241.057952881, 241.464309692, 241.870651245, 242.277008057, 242.683349609, 243.089706421, 243.496047974]
