
metadata:
    version:
        essentia: "2.1-beta2"
    audio_properties:
        analysis_sample_rate: 44100
        bitrate: 320
        channels: 2
        equal_loudness: 1
        length: 217.234283447
        replay_gain: -14.2397499084
        downmix: "mix"
    tags:
        album: "Between Here & Lost"
        artist: "Love And Death"
        comment: ""
        date: "2012"
        genre: "Metal"
        title: "Watching The Bottom Fall"
        tracknumber: "3"

configuration:
    average_loudness:
        compute: 1
        frameSize: 88200
        hopSize: 44100
        silentFrames: "noise"
        windowType: "hann"
    general:
        analysisSampleRate: 44100
        endTime: 2000
        equalLoudness: 1
        nequalLoudness: 0
        shortSound: 0
        startTime: 0
    lowlevel:
        compute: 1
        frameSize: 2048
        hopSize: 1024
        zeroPadding: 0
        silentFrames: "noise"
        windowType: "blackmanharris62"
        mfccStats: ["mean", "cov", "icov"]
        stats: ["mean", "var", "median", "min", "max", "dmean", "dmean2", "dvar", "dvar2"]
    panning:
        compute: 0
        frameSize: 8192
        hopSize: 2048
        zeroPadding: 8192
        silentFrames: "noise"
        windowType: "hann"
        stats: ["copy"]
    rhythm:
        compute: 1
        maxTempo: 208
        minTempo: 40
        method: "degara"
        stats: ["mean", "var", "median", "min", "max", "dmean", "dmean2", "dvar", "dvar2"]
    segmentation:
        compute: 0
        cpw: 5
        inc1: 300
        inc2: 50
        minimumSegmentsLength: 10
        size1: 1000
        size2: 600
    sfx:
        compute: 1
        stats: ["mean", "var", "median", "min", "max", "dmean", "dmean2", "dvar", "dvar2"]
    svm:
        compute: 0
    tonal:
        compute: 1
        frameSize: 4096
        hopSize: 2048
        zeroPadding: 0
        silentFrames: "noise"
        windowType: "blackmanharris62"
        stats: ["mean", "var", "median", "min", "max", "dmean", "dmean2", "dvar", "dvar2"]

lowlevel:
    average_loudness: 0.903953492641
    barkbands_kurtosis:
        dmean: 0.673928976059
        dmean2: 1.12885725498
        dvar: 0.934344112873
        dvar2: 2.19986081123
        max: 21.3545646667
        mean: -0.627701342106
        median: -1.02244305611
        min: -1.88349604607
        var: 2.17664933205
    barkbands_skewness:
        dmean: 0.356400996447
        dmean2: 0.588370740414
        dvar: 0.110108286142
        dvar2: 0.2805583179
        max: 3.74110841751
        mean: -0.485647141933
        median: -0.546466350555
        min: -3.86868739128
        var: 0.462346702814
    barkbands_spread:
        dmean: 6.45894432068
        dmean2: 10.9609069824
        dvar: 37.9035835266
        dvar2: 107.664260864
        max: 83.1812591553
        mean: 34.3548851013
        median: 34.1870498657
        min: 3.42291998863
        var: 111.139419556
    dissonance:
        dmean: 0.0085408911109
        dmean2: 0.014616318047
        dvar: 7.64589567552e-005
        dvar2: 0.00021063881286
        max: 0.500000059605
        mean: 0.486586898565
        median: 0.489440113306
        min: 0.35351395607
        var: 0.000132064713398
    hfc:
        dmean: 2.22508215904
        dmean2: 3.78720521927
        dvar: 8.20218658447
        dvar2: 22.8105602264
        max: 43.7669334412
        mean: 10.5668888092
        median: 11.1178598404
        min: 1.11336207579e-016
        var: 40.2278289795
    pitch:
        dmean: 884.246948242
        dmean2: 1677.0814209
        dvar: 1554145
        dvar2: 3877907.5
        max: 4660.87353516
        mean: 1952.09680176
        median: 2087.07568359
        min: 51.8781089783
        var: 2523190
    pitch_instantaneous_confidence:
        dmean: 0.0682441443205
        dmean2: 0.113536559045
        dvar: 0.00333749689162
        dvar2: 0.00853378418833
        max: 0.900694012642
        mean: 0.32361587882
        median: 0.309087634087
        min: 0.102130055428
        var: 0.00966154504567
    pitch_salience:
        dmean: 0.0477724261582
        dmean2: 0.0808392986655
        dvar: 0.0016725595342
        dvar2: 0.00467599602416
        max: 0.975257694721
        mean: 0.699812591076
        median: 0.708629250526
        min: 0.329553753138
        var: 0.00419062096626
    silence_rate_20dB:
        dmean: 0
        dmean2: 0
        dvar: 0
        dvar2: 0
        max: 1
        mean: 1
        median: 1
        min: 1
        var: 0
    silence_rate_30dB:
        dmean: 0
        dmean2: 0
        dvar: 0
        dvar2: 0
        max: 1
        mean: 1
        median: 1
        min: 1
        var: 0
    silence_rate_60dB:
        dmean: 0.0354852490127
        dmean2: 0.070978090167
        dvar: 0.0342269651592
        dvar2: 0.0787808224559
        max: 1
        mean: 0.266645282507
        median: 0
        min: 0
        var: 0.195533528924
    spectral_centroid:
        dmean: 253.341445923
        dmean2: 419.793701172
        dvar: 75887.4921875
        dvar2: 172012.6875
        max: 11413.4589844
        mean: 2123.43554688
        median: 2140.81665039
        min: 239.773803711
        var: 392917.84375
    spectral_complexity:
        dmean: 3.54788374901
        dmean2: 5.96900033951
        dvar: 13.3405685425
        dvar2: 35.0110816956
        max: 44
        mean: 20.1162757874
        median: 23
        min: 0
        var: 131.307785034
    spectral_crest:
        dmean: 1.38762843609
        dmean2: 2.3523607254
        dvar: 1.72646260262
        dvar2: 4.572016716
        max: 19.4848499298
        mean: 5.61188793182
        median: 5.06427192688
        min: 2.31320619583
        var: 4.12114620209
    spectral_decrease:
        dmean: 2.36835134837e-010
        dmean2: 4.09421663239e-010
        dvar: 1.09123579263e-019
        dvar2: 3.07907488169e-019
        max: 1.33182978813e-028
        mean: -1.06113573484e-009
        median: -1.06629094443e-009
        min: -4.04927158471e-009
        var: 4.02875861652e-019
    spectral_energy:
        dmean: 0.00105912063736
        dmean2: 0.00182606175076
        dvar: 2.14751821659e-006
        dvar2: 6.05364721196e-006
        max: 0.0174258444458
        mean: 0.00496343430132
        median: 0.00505996868014
        min: 1.03011960154e-020
        var: 8.60761156218e-006
    spectral_energyband_high:
        dmean: 0.000202489361982
        dmean2: 0.000352731818566
        dvar: 9.46154301573e-008
        dvar2: 2.65284938905e-007
        max: 0.00441042566672
        mean: 0.000576236168854
        median: 0.000573056284338
        min: 7.05523831755e-021
        var: 1.73571947926e-007
    spectral_energyband_low:
        dmean: 0.000305161462165
        dmean2: 0.000545832852367
        dvar: 1.90745240047e-007
        dvar2: 5.66351502584e-007
        max: 0.00462146429345
        mean: 0.000469215417979
        median: 0.000404142920161
        min: 1.64098309079e-023
        var: 1.95492006583e-007
    spectral_energyband_middle_high:
        dmean: 0.000572050048504
        dmean2: 0.000944690604229
        dvar: 3.96973177885e-007
        dvar2: 1.03907404991e-006
        max: 0.0120503641665
        mean: 0.00279615679756
        median: 0.00279651791789
        min: 1.28625706776e-021
        var: 3.16190153171e-006
    spectral_energyband_middle_low:
        dmean: 0.000534111633897
        dmean2: 0.000917437137105
        dvar: 7.68212316871e-007
        dvar2: 2.1772909804e-006
        max: 0.0113736102358
        mean: 0.00127528572921
        median: 0.00102563214023
        min: 2.16932962403e-022
        var: 1.21664220387e-006
    spectral_flatness_db:
        dmean: 0.0115222316235
        dmean2: 0.0182562004775
        dvar: 0.000128489205963
        dvar2: 0.000278828723822
        max: 0.34753999114
        mean: 0.134172260761
        median: 0.126913681626
        min: 0.0520859509706
        var: 0.00103802338708
    spectral_flux:
        dmean: 0.00570521689951
        dmean2: 0.00904967542738
        dvar: 5.20128050994e-005
        dvar2: 9.86417289823e-005
        max: 0.112866543233
        mean: 0.041379109025
        median: 0.0440357401967
        min: 6.40784925121e-011
        var: 0.000270484044449
    spectral_kurtosis:
        dmean: 0.895352602005
        dmean2: 1.52345228195
        dvar: 1.08125019073
        dvar2: 3.11294269562
        max: 25.3318386078
        mean: 3.13991856575
        median: 2.87824320793
        min: -1.23194503784
        var: 2.60448718071
    spectral_rms:
        dmean: 0.00022557633929
        dmean2: 0.000382086174795
        dvar: 8.15184364455e-008
        dvar2: 2.22847376108e-007
        max: 0.00412320578471
        mean: 0.00206264900044
        median: 0.00222183600999
        min: 3.17016530214e-012
        var: 5.87853435263e-007
    spectral_rolloff:
        dmean: 270.194488525
        dmean2: 445.381225586
        dvar: 163430.953125
        dvar2: 341205.25
        max: 19250.6835938
        mean: 3698.23754883
        median: 3768.31054688
        min: 172.265625
        var: 810447.0625
    spectral_skewness:
        dmean: 0.133225262165
        dmean2: 0.219485864043
        dvar: 0.0176718551666
        dvar2: 0.0462380088866
        max: 3.71388030052
        mean: 1.17165160179
        median: 1.14628529549
        min: -0.0668233931065
        var: 0.0961201786995
    spectral_spread:
        dmean: 426456.15625
        dmean2: 665938.1875
        dvar: 561545281536
        dvar2: 991912132608
        max: 41458616
        mean: 4505828.5
        median: 4329188
        min: 1716858.5
        var: 3.37403261747e+012
    spectral_strongpeak:
        dmean: 0.529745876789
        dmean2: 0.943187534809
        dvar: 0.542634546757
        dvar2: 1.51073598862
        max: 5.72896766663
        mean: 0.627740681171
        median: 0.247031703591
        min: 5.75231862143e-010
        var: 0.655008494854
    zerocrossingrate:
        dmean: 0.0067517044954
        dmean2: 0.00842004641891
        dvar: 6.43922321615e-005
        dvar2: 7.70059996285e-005
        max: 0.517578125
        mean: 0.114885114133
        median: 0.1162109375
        min: 0.02099609375
        var: 0.000788950128481
    barkbands:
        dmean: [1.96571278366e-007, 8.31706711324e-005, 0.000177688343683, 0.000167156715179, 0.000182745963684, 0.000108138177893, 0.000103037826193, 0.000103237114672, 0.000140151649248, 6.56071351841e-005, 6.71144298394e-005, 5.71474120079e-005, 3.88563530578e-005, 5.85976740695e-005, 6.72969472362e-005, 0.000138957548188, 0.000224878080189, 0.000191817132873, 0.00021584276692, 0.000203347226488, 9.48344240896e-005, 4.39177929366e-005, 7.10779249857e-006, 2.76972536994e-006, 1.15449938676e-006, 4.84460649375e-008, 5.01869601433e-010]
        dmean2: [3.02035488176e-007, 0.000146448379382, 0.000318634032737, 0.000298530969303, 0.000314572622301, 0.000192456194782, 0.000173957072548, 0.000171166029759, 0.000223993760301, 0.000106808685814, 0.000109480897663, 9.34257914196e-005, 6.53769166092e-005, 9.69352840912e-005, 0.000109389729914, 0.000227058131713, 0.000375134317437, 0.000327294081217, 0.000369891582523, 0.000351911236066, 0.000162112119142, 7.79631809564e-005, 1.21894272525e-005, 4.58197246189e-006, 1.85507906281e-006, 8.13313292269e-008, 8.59511573026e-010]
        dvar: [1.11268551881e-013, 1.55887160957e-008, 7.11564496214e-008, 5.56354358139e-008, 1.57664644007e-007, 6.802849839e-008, 3.89088334884e-008, 4.52916104621e-008, 6.52431353387e-008, 1.35806494939e-008, 2.01115408771e-008, 1.34508937322e-008, 4.9721782247e-009, 1.42761571453e-008, 1.73789374003e-008, 3.52492790512e-008, 8.96320955235e-008, 5.48665006761e-008, 5.71950735662e-008, 6.34903116747e-008, 1.54924144624e-008, 6.23704687897e-009, 1.73463216013e-010, 3.37379915671e-011, 9.11883676208e-012, 1.09555131284e-014, 7.46316107954e-019]
        dvar2: [2.65214337037e-013, 4.57923619024e-008, 2.11626797864e-007, 1.66218455888e-007, 4.4174970526e-007, 1.97883991859e-007, 1.02631773302e-007, 1.15169598303e-007, 1.59030747682e-007, 3.31760361405e-008, 5.21544691878e-008, 3.33735066249e-008, 1.39543328004e-008, 3.77982622979e-008, 3.98892652242e-008, 8.51868620089e-008, 2.37391134306e-007, 1.56574628818e-007, 1.60048713838e-007, 1.82750596878e-007, 4.14382022029e-008, 1.72719065716e-008, 4.4668435617e-010, 7.72679698002e-011, 1.80618194012e-011, 2.84223057416e-014, 1.91361038243e-018]
        max: [3.36517973665e-006, 0.00112258107401, 0.00307490024716, 0.00361020630226, 0.00573688512668, 0.00292488513514, 0.00389144965447, 0.00434073759243, 0.00422776630148, 0.00278210337274, 0.00305076735094, 0.00326304649934, 0.00113134062849, 0.00362666649744, 0.00379808247089, 0.00428745290264, 0.00440453179181, 0.00332362367772, 0.00381359248422, 0.0030831543263, 0.00216127489693, 0.00104506360367, 0.000314817938488, 0.000154833993292, 0.000106532126665, 1.87842260857e-006, 1.44178313732e-008]
        mean: [3.71903382756e-007, 0.000117359872092, 0.000230892357649, 0.000209644073038, 0.000272160861641, 0.000139256648254, 0.000162898257258, 0.000162847180036, 0.000293716148008, 0.000117749921628, 0.000108581887616, 0.000101714584162, 6.71384259476e-005, 0.000102257989056, 0.000130068292492, 0.000299654406263, 0.000512823287863, 0.000476960180094, 0.000589556875639, 0.000507578835823, 0.000255677441601, 8.15537932795e-005, 1.46163365571e-005, 5.81933409194e-006, 2.45450200964e-006, 7.8159956729e-008, 6.48802678249e-010]
        median: [2.3473380395e-007, 8.3508566604e-005, 0.000159839284606, 0.000119528820505, 0.000142242570291, 7.89205878391e-005, 8.4097016952e-005, 7.50007020542e-005, 0.000111776673293, 6.00845887675e-005, 3.33640855388e-005, 4.7630041081e-005, 3.76919851988e-005, 5.32010271854e-005, 7.72661805968e-005, 0.000232789112488, 0.000390774308471, 0.000425122474553, 0.00059228396276, 0.000482157221995, 0.000247711781412, 6.61767480779e-005, 1.03842694443e-005, 3.65316986972e-006, 1.51151334649e-006, 3.78258597777e-008, 3.72257780157e-010]
        min: [1.42203133472e-024, 6.71761682475e-024, 8.8926741706e-025, 1.71992661038e-024, 5.8490174648e-024, 2.85641137972e-023, 1.3949790263e-023, 2.18687262839e-023, 1.59172914022e-023, 1.91137463238e-023, 1.68200906434e-023, 1.69430819471e-023, 4.41040867175e-023, 5.21052125784e-023, 4.68352872545e-023, 4.05212982116e-023, 1.06841705416e-022, 1.06264562156e-022, 1.65419802556e-022, 1.92177219777e-022, 2.82056320516e-022, 3.57543392413e-022, 3.54074247209e-022, 5.04437446631e-022, 9.37123336498e-022, 1.39251170921e-021, 2.04146660565e-021]
        var: [1.93396608949e-013, 1.67137326201e-008, 6.83233309928e-008, 6.70425279736e-008, 1.71739500843e-007, 5.28237897868e-008, 7.3823287039e-008, 7.80237670028e-008, 2.26804090175e-007, 3.44133290753e-008, 4.11894696128e-008, 2.91202724156e-008, 9.5517282972e-009, 2.52618832519e-008, 4.69116514523e-008, 9.53705523443e-008, 2.44465269361e-007, 1.56785162631e-007, 1.7183721468e-007, 1.40023502126e-007, 3.73122155395e-008, 6.77338718447e-009, 3.17854548237e-010, 7.41487565792e-011, 2.39081358877e-011, 1.4995454558e-014, 8.52807184918e-019]
    frequency_bands:
        dmean: [1.96571278366e-007, 8.31706711324e-005, 0.000177688343683, 0.000167156715179, 0.000182745963684, 0.000108138177893, 0.000103037826193, 0.000103237114672, 0.000140151649248, 6.56071351841e-005, 6.71144298394e-005, 5.71474120079e-005, 3.88563530578e-005, 5.85976740695e-005, 6.72969472362e-005, 0.000138957548188, 0.000224878080189, 0.000191817132873, 0.00021584276692, 0.000203347226488, 9.48344240896e-005, 4.39177929366e-005, 7.10779249857e-006, 2.76972536994e-006, 1.15449938676e-006, 4.84460649375e-008, 5.01869601433e-010, 5.89446685906e-011]
        dmean2: [3.02035488176e-007, 0.000146448379382, 0.000318634032737, 0.000298530969303, 0.000314572622301, 0.000192456194782, 0.000173957072548, 0.000171166029759, 0.000223993760301, 0.000106808685814, 0.000109480897663, 9.34257914196e-005, 6.53769166092e-005, 9.69352840912e-005, 0.000109389729914, 0.000227058131713, 0.000375134317437, 0.000327294081217, 0.000369891582523, 0.000351911236066, 0.000162112119142, 7.79631809564e-005, 1.21894272525e-005, 4.58197246189e-006, 1.85507906281e-006, 8.13313292269e-008, 8.59511573026e-010, 1.09478051624e-010]
        dvar: [1.11268551881e-013, 1.55887160957e-008, 7.11564496214e-008, 5.56354358139e-008, 1.57664644007e-007, 6.802849839e-008, 3.89088334884e-008, 4.52916104621e-008, 6.52431353387e-008, 1.35806494939e-008, 2.01115408771e-008, 1.34508937322e-008, 4.9721782247e-009, 1.42761571453e-008, 1.73789374003e-008, 3.52492790512e-008, 8.96320955235e-008, 5.48665006761e-008, 5.71950735662e-008, 6.34903116747e-008, 1.54924144624e-008, 6.23704687897e-009, 1.73463216013e-010, 3.37379915671e-011, 9.11883676208e-012, 1.09555131284e-014, 7.46316107954e-019, 8.74556574343e-021]
        dvar2: [2.65214337037e-013, 4.57923619024e-008, 2.11626797864e-007, 1.66218455888e-007, 4.4174970526e-007, 1.97883991859e-007, 1.02631773302e-007, 1.15169598303e-007, 1.59030747682e-007, 3.31760361405e-008, 5.21544691878e-008, 3.33735066249e-008, 1.39543328004e-008, 3.77982622979e-008, 3.98892652242e-008, 8.51868620089e-008, 2.37391134306e-007, 1.56574628818e-007, 1.60048713838e-007, 1.82750596878e-007, 4.14382022029e-008, 1.72719065716e-008, 4.4668435617e-010, 7.72679698002e-011, 1.80618194012e-011, 2.84223057416e-014, 1.91361038243e-018, 2.7854719054e-020]
        max: [3.36517973665e-006, 0.00112258107401, 0.00307490024716, 0.00361020630226, 0.00573688512668, 0.00292488513514, 0.00389144965447, 0.00434073759243, 0.00422776630148, 0.00278210337274, 0.00305076735094, 0.00326304649934, 0.00113134062849, 0.00362666649744, 0.00379808247089, 0.00428745290264, 0.00440453179181, 0.00332362367772, 0.00381359248422, 0.0030831543263, 0.00216127489693, 0.00104506360367, 0.000314817938488, 0.000154833993292, 0.000106532126665, 1.87842260857e-006, 1.44178313732e-008, 1.21917564933e-009]
        mean: [3.71903382756e-007, 0.000117359872092, 0.000230892357649, 0.000209644073038, 0.000272160861641, 0.000139256648254, 0.000162898257258, 0.000162847180036, 0.000293716148008, 0.000117749921628, 0.000108581887616, 0.000101714584162, 6.71384259476e-005, 0.000102257989056, 0.000130068292492, 0.000299654406263, 0.000512823287863, 0.000476960180094, 0.000589556875639, 0.000507578835823, 0.000255677441601, 8.15537932795e-005, 1.46163365571e-005, 5.81933409194e-006, 2.45450200964e-006, 7.8159956729e-008, 6.48802678249e-010, 4.56772640545e-011]
        median: [2.3473380395e-007, 8.3508566604e-005, 0.000159839284606, 0.000119528820505, 0.000142242570291, 7.89205878391e-005, 8.4097016952e-005, 7.50007020542e-005, 0.000111776673293, 6.00845887675e-005, 3.33640855388e-005, 4.7630041081e-005, 3.76919851988e-005, 5.32010271854e-005, 7.72661805968e-005, 0.000232789112488, 0.000390774308471, 0.000425122474553, 0.00059228396276, 0.000482157221995, 0.000247711781412, 6.61767480779e-005, 1.03842694443e-005, 3.65316986972e-006, 1.51151334649e-006, 3.78258597777e-008, 3.72257780157e-010, 1.46997639755e-011]
        min: [1.42203133472e-024, 6.71761682475e-024, 8.8926741706e-025, 1.71992661038e-024, 5.8490174648e-024, 2.85641137972e-023, 1.3949790263e-023, 2.18687262839e-023, 1.59172914022e-023, 1.91137463238e-023, 1.68200906434e-023, 1.69430819471e-023, 4.41040867175e-023, 5.21052125784e-023, 4.68352872545e-023, 4.05212982116e-023, 1.06841705416e-022, 1.06264562156e-022, 1.65419802556e-022, 1.92177219777e-022, 2.82056320516e-022, 3.57543392413e-022, 3.54074247209e-022, 5.04437446631e-022, 9.37123336498e-022, 1.39251170921e-021, 2.04146660565e-021, 6.50649697836e-022]
        var: [1.93396608949e-013, 1.67137326201e-008, 6.83233309928e-008, 6.70425279736e-008, 1.71739500843e-007, 5.28237897868e-008, 7.3823287039e-008, 7.80237670028e-008, 2.26804090175e-007, 3.44133290753e-008, 4.11894696128e-008, 2.91202724156e-008, 9.5517282972e-009, 2.52618832519e-008, 4.69116514523e-008, 9.53705523443e-008, 2.44465269361e-007, 1.56785162631e-007, 1.7183721468e-007, 1.40023502126e-007, 3.73122155395e-008, 6.77338718447e-009, 3.17854548237e-010, 7.41487565792e-011, 2.39081358877e-011, 1.4995454558e-014, 8.52807184918e-019, 6.66455622904e-021]
    mfcc:
        mean: [-696.549804688, 87.7990951538, -52.6007041931, 57.7665519714, -14.5816202164, -6.5070977211, -2.74455761909, -0.129466429353, 4.28466367722, -2.43999385834, -3.10772204399, -1.01475179195, -3.37451028824]
        cov: [[5237.94677734, 61.315032959, 279.875488281, 441.901062012, -133.168136597, 168.409515381, 89.9906082153, 434.773406982, 219.186584473, 146.226608276, 80.5271453857, 12.8430328369, -37.116394043], [61.315032959, 547.078369141, -128.800842285, 35.4638557434, -6.500020504, 10.3293619156, 38.621509552, 15.1681394577, 23.8836803436, -19.6519069672, 0.333254724741, 3.71766996384, 1.24795937538], [279.875488281, -128.800842285, 438.066802979, 113.079872131, 111.830001831, 105.709266663, 35.5245323181, 51.9747772217, -20.6062030792, 29.9786167145, 5.49173259735, -6.5387506485, 4.69102096558], [441.901062012, 35.4638557434, 113.079872131, 282.793212891, 78.9418258667, 44.828918457, 39.1513137817, 23.5650310516, 32.1354103088, 16.1870918274, -11.3736209869, -12.9863605499, -10.1441450119], [-133.168136597, -6.500020504, 111.830001831, 78.9418258667, 162.668243408, 64.0763015747, 1.76088118553, -34.5189743042, -5.15087270737, 27.5305538177, -1.13295674324, -0.607681334019, 6.41016721725], [168.409515381, 10.3293619156, 105.709266663, 44.828918457, 64.0763015747, 121.263343811, 41.4227867126, 30.9551563263, 0.824122846127, 23.2497730255, 13.6962451935, 2.58331131935, 10.1599378586], [89.9906082153, 38.621509552, 35.5245323181, 39.1513137817, 1.76088118553, 41.4227867126, 112.975364685, 67.8266677856, 26.3610401154, 4.86421823502, 5.13246774673, 14.0426712036, 2.54635548592], [434.773406982, 15.1681394577, 51.9747772217, 23.5650310516, -34.5189743042, 30.9551563263, 67.8266677856, 173.212783813, 60.2778282166, 19.8766136169, 19.0809516907, 10.1622991562, 6.81907272339], [219.186584473, 23.8836803436, -20.6062030792, 32.1354103088, -5.15087270737, 0.824122846127, 26.3610401154, 60.2778282166, 85.7597045898, 42.3305244446, 21.1806144714, 11.3818836212, 1.44773602486], [146.226608276, -19.6519069672, 29.9786167145, 16.1870918274, 27.5305538177, 23.2497730255, 4.86421823502, 19.8766136169, 42.3305244446, 87.2310333252, 46.5644989014, 21.50938797, 7.60449695587], [80.5271453857, 0.333254724741, 5.49173259735, -11.3736209869, -1.13295674324, 13.6962451935, 5.13246774673, 19.0809516907, 21.1806144714, 46.5644989014, 67.6742630005, 33.3112220764, 11.8167209625], [12.8430328369, 3.71766996384, -6.5387506485, -12.9863605499, -0.607681334019, 2.58331131935, 14.0426712036, 10.1622991562, 11.3818836212, 21.50938797, 33.3112220764, 55.9819602966, 27.3058948517], [-37.116394043, 1.24795937538, 4.69102096558, -10.1441450119, 6.41016721725, 10.1599378586, 2.54635548592, 6.81907272339, 1.44773602486, 7.60449695587, 11.8167209625, 27.3058948517, 51.4545555115]]
        icov: [[0.000353361945599, -3.46881570294e-005, -9.73370697466e-005, -0.000621472601779, 0.000794573395979, -0.00063682673499, 0.000695902912412, -0.000679037475493, -0.000186100718565, -0.000371668196749, 0.000199033194804, -0.000407310348237, 0.000455005443655], [-3.46881570294e-005, 0.00218822085299, 0.000966114283074, -0.000361845974112, -0.000410009553889, -0.000530296936631, -0.000644849438686, -1.00507932075e-005, -0.000365928310202, 0.00109179026913, -0.000665205356199, 0.000200620837859, -0.000153237313498], [-9.73370697466e-005, 0.000966114283074, 0.00424968823791, -0.000939310877584, -0.00212600338273, -0.00138764071744, -0.000232749647694, -0.00210375664756, 0.00324842729606, -0.00102006725501, -0.000104405800812, 0.000528058968484, -3.39872021868e-005], [-0.000621472601779, -0.000361845974112, -0.000939310877584, 0.00609095348045, -0.00319541036151, 0.00123844062909, -0.00228035007603, 0.00162070570514, -0.00231471401639, 0.00107363332063, 0.000551652163267, 0.00142318743747, -7.69489488448e-005], [0.000794573395979, -0.000410009553889, -0.00212600338273, -0.00319541036151, 0.0134387677535, -0.00622206693515, 0.00236064731143, 0.00273398403078, -0.00161492743064, -0.00402124365792, 0.0034982052166, -0.00209005991928, 0.000167715828866], [-0.00063682673499, -0.000530296936631, -0.00138764071744, 0.00123844062909, -0.00622206693515, 0.01633361727, -0.0058579146862, -0.000918462697882, 0.00395670253783, -0.00157152151223, -0.00350969913416, 0.00484146410599, -0.00375656131655], [0.000695902912412, -0.000644849438686, -0.000232749647694, -0.00228035007603, 0.00236064731143, -0.0058579146862, 0.015877533704, -0.00549252191558, -0.00207608286291, 0.00116993591655, 0.00303306989372, -0.00706390663981, 0.00383165176027], [-0.000679037475493, -1.00507932075e-005, -0.00210375664756, 0.00162070570514, 0.00273398403078, -0.000918462697882, -0.00549252191558, 0.0134404227138, -0.00813975557685, 0.00285223755054, -0.00198698509485, 0.00231082155369, -0.00260940031148], [-0.000186100718565, -0.000365928310202, 0.00324842729606, -0.00231471401639, -0.00161492743064, 0.00395670253783, -0.00207608286291, -0.00813975557685, 0.0258627012372, -0.0124780638143, 0.00155858218204, 0.000109640757728, 0.000423869933002], [-0.000371668196749, 0.00109179026913, -0.00102006725501, 0.00107363332063, -0.00402124365792, -0.00157152151223, 0.00116993591655, 0.00285223755054, -0.0124780638143, 0.0275041293353, -0.0151268113405, 0.000350244547008, -4.02506520913e-005], [0.000199033194804, -0.000665205356199, -0.000104405800812, 0.000551652163267, 0.0034982052166, -0.00350969913416, 0.00303306989372, -0.00198698509485, 0.00155858218204, -0.0151268113405, 0.0328786820173, -0.0159981604666, 0.00377935403958], [-0.000407310348237, 0.000200620837859, 0.000528058968484, 0.00142318743747, -0.00209005991928, 0.00484146410599, -0.00706390663981, 0.00231082155369, 0.000109640757728, 0.000350244547008, -0.0159981604666, 0.0369544439018, -0.0167102925479], [0.000455005443655, -0.000153237313498, -3.39872021868e-005, -7.69489488448e-005, 0.000167715828866, -0.00375656131655, 0.00383165176027, -0.00260940031148, 0.000423869933002, -4.02506520913e-005, 0.00377935403958, -0.0167102925479, 0.0286254324019]]
    sccoeffs:
        dmean: [0.0543522946537, 0.0456701219082, 0.034784745425, 0.0280988253653, 0.0190861299634, 0.016095129773]
        dmean2: [0.0917284563184, 0.0759786739945, 0.0584183111787, 0.0473172031343, 0.0321063287556, 0.0262022595853]
        dvar: [0.00199066149071, 0.00132591777947, 0.000750759849325, 0.000491246930324, 0.000230146426475, 0.000222597256652]
        dvar2: [0.00561348209158, 0.00365167320706, 0.00210171053186, 0.00132445688359, 0.000612694944721, 0.00054324377561]
        max: [-0.383136063814, -0.479792207479, -0.599530041218, -0.595773458481, -0.636427938938, -0.584068477154]
        mean: [-0.675659656525, -0.778726220131, -0.803507089615, -0.800544023514, -0.799721062183, -0.726424813271]
        median: [-0.678128004074, -0.786463022232, -0.808629870415, -0.804858624935, -0.800709962845, -0.722984075546]
        min: [-0.982777237892, -0.977914988995, -0.984235823154, -0.972242057323, -0.967500090599, -0.962844192982]
        var: [0.00471708131954, 0.00371385086328, 0.00247976533137, 0.00158019270748, 0.000809316814411, 0.00170789496042]
    scvalleys:
        dmean: [0.417680770159, 0.375938296318, 0.281228929758, 0.228213131428, 0.183393731713, 0.2549739182]
        dmean2: [0.690952539444, 0.627848565578, 0.464634925127, 0.374997645617, 0.299289762974, 0.394240945578]
        dvar: [0.157681658864, 0.141783878207, 0.0886667594314, 0.0707145184278, 0.0769014880061, 0.137716859579]
        dvar2: [0.344806373119, 0.323764830828, 0.163921833038, 0.119061678648, 0.122106455266, 0.289648324251]
        max: [-5.01571989059, -4.42666292191, -5.23183917999, -5.94334697723, -5.56885623932, -7.69285106659]
        mean: [-7.01020526886, -6.55176019669, -6.92654514313, -7.06113052368, -6.65157079697, -9.57746696472]
        median: [-6.62999820709, -6.36229276657, -6.75019788742, -6.88659620285, -6.31307983398, -9.24739265442]
        min: [-27.6839103699, -27.7751293182, -27.6383190155, -27.6394081116, -27.3827152252, -27.3080615997]
        var: [2.13245296478, 1.42996931076, 1.44015574455, 1.22225773335, 1.38703274727, 1.83299744129]

rhythm:
    beats_loudness:
        dmean: 0.00195447332226
        dmean2: 0.00367088033818
        dvar: 1.91842673303e-006
        dvar2: 5.78939125262e-006
        max: 0.0115896062925
        mean: 0.00429160008207
        median: 0.00423189206049
        min: 2.81329750607e-008
        var: 5.45052353118e-006
    bpm: 88.9923324585
    bpm_confidence: 0
    first_peak_bpm: 89
    first_peak_spread: 0.0822784900665
    first_peak_weight: 0.90625
    onset_rate: 1.91958665848
    second_peak_bpm: 98
    second_peak_spread: 0
    second_peak_weight: 0.00625000009313
    beats_loudness_band_ratio:
        dmean: [0.105446591973, 0.082597695291, 0.0722607597709, 0.0567770078778, 0.0970450863242, 0.0834441184998]
        dmean2: [0.191204994917, 0.154740661383, 0.13317219913, 0.101433120668, 0.176936939359, 0.149995625019]
        dvar: [0.00802491791546, 0.00476650660858, 0.00675436994061, 0.00425106147304, 0.00865443050861, 0.0065894657746]
        dvar2: [0.0252526942641, 0.0133017906919, 0.0204004701227, 0.0119607765228, 0.0258703194559, 0.0186470001936]
        max: [0.735309183598, 0.507730603218, 0.485258370638, 0.515477657318, 0.805691480637, 0.797161281109]
        mean: [0.17331071198, 0.101003877819, 0.106204688549, 0.0835851058364, 0.306804209948, 0.269454985857]
        median: [0.153084263206, 0.0782202407718, 0.081084780395, 0.0632320046425, 0.289893895388, 0.265014529228]
        min: [5.93893710175e-005, 0.00410145381466, 0.0131220156327, 0.0117479115725, 0.050463296473, 0.0515572950244]
        var: [0.0134843103588, 0.00701457308605, 0.00609575305134, 0.00422939192504, 0.0121224503964, 0.00785484537482]
    beats_position: [0.684988677502, 1.369977355, 2.0549659729, 2.73995471001, 3.41333317757, 4.08671188354, 4.77170038223, 5.44507932663, 6.11845779419, 6.78022670746, 7.45360517502, 8.12698364258, 8.80036258698, 9.47374153137, 10.1471195221, 10.8204984665, 11.4938774109, 12.1672563553, 12.8522443771, 13.5140132904, 14.1873922348, 14.8607711792, 15.545759201, 16.2307472229, 16.904127121, 17.5775051117, 18.2508831024, 18.9242630005, 19.5976409912, 20.2710208893, 20.94439888, 21.6177768707, 22.2911567688, 22.9645347595, 23.6379127502, 24.3112926483, 24.984670639, 25.6580486298, 26.3314285278, 27.0164165497, 27.7014045715, 28.3747844696, 29.0481624603, 29.7215423584, 30.3949203491, 31.0682983398, 31.7416782379, 32.4150543213, 33.0884361267, 33.7618141174, 34.4351921082, 35.1085700989, 35.7819480896, 36.455329895, 37.1287078857, 37.8020858765, 38.4754638672, 39.1488418579, 39.8222198486, 40.4956016541, 41.1689796448, 41.8423576355, 42.5157356262, 43.1891136169, 43.8624954224, 44.5358734131, 45.2092514038, 45.894241333, 46.5792274475, 47.2409973145, 47.9027671814, 48.5761451721, 49.2727432251, 49.9461212158, 50.6194992065, 51.2928771973, 51.9662590027, 52.6396369934, 53.3130149841, 53.9863929749, 54.6597709656, 55.333152771, 56.0065307617, 56.6799087524, 57.3532867432, 58.0266647339, 58.7116546631, 59.3850326538, 60.070022583, 60.7317886353, 61.4051704407, 62.0669364929, 62.7519264221, 63.4369163513, 64.1102905273, 64.7836685181, 65.4570541382, 66.1304321289, 66.8038101196, 67.4771881104, 68.1505661011, 68.8239440918, 69.4973220825, 70.1590881348, 70.8324737549, 71.4942398071, 72.1676177979, 72.8409957886, 73.5143737793, 74.18775177, 74.8611297607, 75.5461196899, 76.2311096191, 76.9160995483, 77.5894775391, 78.2628555298, 78.9362335205, 79.5979995728, 80.2713851929, 80.9447631836, 81.6181411743, 82.291519165, 82.9648971558, 83.6382751465, 84.3116531372, 84.9850311279, 85.6584091187, 86.3317871094, 87.0051651001, 87.6785507202, 88.3519287109, 89.0253067017, 89.7102966309, 90.3952789307, 91.0686569214, 91.7420425415, 92.4154205322, 93.0887985229, 93.7621765137, 94.4355545044, 95.0973205566, 95.7706985474, 96.4556884766, 97.1290664673, 97.802444458, 98.4874343872, 99.1724243164, 99.8458023071, 100.519180298, 101.192558289, 101.865936279, 102.53931427, 103.21269989, 103.886077881, 104.559455872, 105.221221924, 105.882987976, 106.556373596, 107.229751587, 107.914733887, 108.599723816, 109.261497498, 109.92326355, 110.608253479, 111.293243408, 111.966621399, 112.63999939, 113.31337738, 113.986755371, 114.660133362, 115.333511353, 116.006889343, 116.680267334, 117.353645325, 118.027030945, 118.700408936, 119.373786926, 120.058776855, 120.732154846, 121.417137146, 122.090522766, 122.763900757, 123.437278748, 124.0990448, 124.760810852, 125.434196472, 126.107574463, 126.792556763, 127.477546692, 128.150924683, 128.824310303, 129.497680664, 130.171066284, 130.844436646, 131.517822266, 132.179595947, 132.852966309, 133.51473999, 134.188110352, 134.861495972, 135.546478271, 136.219863892, 136.904846191, 137.578231812, 138.251602173, 138.936599731, 139.621582031, 140.236907959, 140.852249146, 141.525619507, 142.199005127, 142.86076355, 143.53414917, 144.253967285, 144.985397339, 145.6587677, 146.33215332, 147.005523682, 147.69052124, 148.37550354, 149.04888916, 149.722259521, 150.395645142, 151.069015503, 151.742401123, 152.415786743, 153.089157104, 153.762542725, 154.435913086, 155.109298706, 155.782669067, 156.456054688, 157.129425049, 157.802810669, 158.47618103, 159.14956665, 159.822952271, 160.496322632, 161.169708252, 161.843078613, 162.528076172, 163.201446533, 163.886444092, 164.559814453, 165.233200073, 165.906570435, 166.579956055, 167.253326416, 167.926712036, 168.600082397, 169.273468018, 169.946838379, 170.620223999, 171.293609619, 171.955368042, 172.628753662, 173.313735962, 173.987121582, 174.660491943, 175.333877563, 176.007247925, 176.680633545, 177.354003906, 178.027389526, 178.700775146, 179.374145508, 180.070739746, 180.755737305, 181.429107666, 182.102493286, 182.764266968, 183.437637329, 184.111022949, 184.784393311, 185.457778931, 186.131149292, 186.804534912, 187.477905273, 188.151290894, 188.824661255, 189.498046875, 190.159820557, 190.844802856, 191.518188477, 192.191558838, 192.864944458, 193.538314819, 194.211700439, 194.885070801, 195.558456421, 196.231826782, 196.905212402, 197.578598022, 198.251968384, 198.925354004, 199.598724365, 200.283721924, 200.957092285, 201.630477905, 202.303848267, 202.977233887, 203.650604248, 204.323989868, 204.997360229, 205.67074585, 206.332519531, 207.005889893, 207.679275513, 208.352645874, 209.026031494, 209.699401855, 210.372787476, 211.057769775, 211.731155396, 212.404525757, 213.066299438, 213.739685059, 214.41305542, 215.08644104, 215.759811401, 216.433197021]
    bpm_estimates: [87.5926895142, 87.5926971436, 87.5926818848, 89.102935791, 89.1029052734, 87.5927124023, 89.1028747559, 89.102935791, 90.6660919189, 89.102935791, 89.102935791, 89.1028747559, 89.1028747559, 89.1030044556, 89.1028747559, 89.1028747559, 89.1028747559, 87.5927734375, 90.6660919189, 89.1028747559, 89.1028747559, 87.5927734375, 87.5927734375, 89.1027526855, 89.1030044556, 89.1030044556, 89.1027526855, 89.1030044556, 89.1027526855, 89.1030044556, 89.1030044556, 89.1027526855, 89.1030044556, 89.1030044556, 89.1027526855, 89.1030044556, 89.1030044556, 89.1027526855, 87.5927734375, 87.5927734375, 89.1027526855, 89.1030044556, 89.1027526855, 89.1030044556, 89.1030044556, 89.1027526855, 89.1032562256, 89.1024932861, 89.1030044556, 89.1030044556, 89.1030044556, 89.1030044556, 89.1024932861, 89.1030044556, 89.1030044556, 89.1030044556, 89.1030044556, 89.1030044556, 89.1024932861, 89.1030044556, 89.1030044556, 89.1030044556, 89.1030044556, 89.1024932861, 89.1030044556, 89.1030044556, 87.5925292969, 87.5930175781, 90.6659622192, 90.6659622192, 89.1030044556, 86.1328887939, 89.1030044556, 89.1030044556, 89.1030044556, 89.1024932861, 89.1030044556, 89.1030044556, 89.1030044556, 89.1030044556, 89.1024932861, 89.1030044556, 89.1030044556, 89.1030044556, 89.1030044556, 87.5925292969, 89.1030044556, 87.5925292969, 90.6664810181, 89.1024932861, 90.6664810181, 87.5925292969, 87.5925292969, 89.1035079956, 89.1030044556, 89.1019897461, 89.1030044556, 89.1030044556, 89.1030044556, 89.1030044556, 89.1030044556, 89.1030044556, 90.6664810181, 89.1019897461, 90.6664810181, 89.1030044556, 89.1030044556, 89.1030044556, 89.1030044556, 89.1030044556, 87.5925292969, 87.5925292969, 87.5925292969, 89.1030044556, 89.1030044556, 89.1030044556, 90.6664810181, 89.1019897461, 89.1030044556, 89.1030044556, 89.1030044556, 89.1030044556, 89.1030044556, 89.1030044556, 89.1030044556, 89.1030044556, 89.1030044556, 89.1030044556, 89.1019897461, 89.1030044556, 89.1030044556, 87.5925292969, 87.5935058594, 89.1030044556, 89.1019897461, 89.1030044556, 89.1030044556, 89.1030044556, 89.1030044556, 90.6664810181, 89.1030044556, 87.5925292969, 89.1030044556, 89.1030044556, 87.5925292969, 87.5925292969, 89.1030044556, 89.1030044556, 89.1030044556, 89.1030044556, 89.1030044556, 89.1019897461, 89.1030044556, 89.1030044556, 90.6664810181, 90.6664810181, 89.1019897461, 89.1030044556, 87.5935058594, 87.5925292969, 90.665435791, 90.6664810181, 87.5925292969, 87.5925292969, 89.1030044556, 89.1030044556, 89.1030044556, 89.1030044556, 89.1030044556, 89.1030044556, 89.1030044556, 89.1030044556, 89.1030044556, 89.1019897461, 89.1030044556, 89.1030044556, 87.5925292969, 89.1030044556, 87.5935058594, 89.1019897461, 89.1030044556, 89.1030044556, 90.6664810181, 90.6664810181, 89.1019897461, 89.1030044556, 87.5935058594, 87.5925292969, 89.1030044556, 89.1019897461, 89.1040115356, 89.1019897461, 89.1040115356, 89.1019897461, 90.665435791, 89.1040115356, 90.665435791, 89.1040115356, 89.1019897461, 87.5935058594, 89.1019897461, 87.5935058594, 89.1019897461, 89.1040115356, 87.5915527344, 87.5935058594, 89.1040115356, 89.1019897461, 90.6675262451, 89.1019897461, 89.1040115356, 89.1019897461, 89.1040115356, 87.5915527344, 87.5935058594, 89.1019897461, 89.1040115356, 89.1019897461, 89.1040115356, 89.1019897461, 89.1019897461, 89.1040115356, 89.1019897461, 89.1040115356, 89.1019897461, 89.1040115356, 89.1019897461, 89.1040115356, 89.1019897461, 89.1040115356, 89.1019897461, 89.1019897461, 89.1040115356, 89.1019897461, 89.1040115356, 87.5915527344, 89.1040115356, 87.5915527344, 89.1040115356, 89.1019897461, 89.1040115356, 89.1019897461, 89.1040115356, 89.1019897461, 89.1040115356, 89.1019897461, 89.1040115356, 89.1019897461, 89.1019897461, 90.6675262451, 89.1019897461, 87.5935058594, 89.1019897461, 89.1040115356, 89.1019897461, 89.1040115356, 89.1019897461, 89.1040115356, 89.1019897461, 89.1019897461, 89.1040115356, 86.133354187, 87.5915527344, 89.1040115356, 89.1019897461, 90.665435791, 89.1040115356, 89.1019897461, 89.1040115356, 89.1019897461, 89.1040115356, 89.1019897461, 89.1040115356, 89.1019897461, 89.1040115356, 89.1019897461, 90.665435791, 87.5935058594, 89.1019897461, 89.1040115356, 89.1019897461, 89.1040115356, 89.1019897461, 89.1040115356, 89.1019897461, 89.1040115356, 89.1019897461, 89.1019897461, 89.1040115356, 89.1019897461, 89.1040115356, 87.5915527344, 89.1040115356, 89.1019897461, 89.1040115356, 89.1019897461, 89.1040115356, 89.1019897461, 89.1040115356, 89.1019897461, 90.665435791, 89.1040115356, 89.1019897461, 89.1040115356, 89.1019897461, 89.1040115356, 89.1019897461, 87.5935058594, 89.1019897461, 89.1040115356, 90.665435791, 89.1019897461, 89.1040115356, 89.1019897461, 89.1040115356, 89.1019897461]
