
metadata:
    version:
        essentia: "2.1-beta2"
    audio_properties:
        analysis_sample_rate: 44100
        bitrate: 320
        channels: 2
        equal_loudness: 1
        length: 246.386932373
        replay_gain: -14.0556297302
        downmix: "mix"
    tags:
        album: "Between Here & Lost"
        artist: "Love And Death"
        comment: ""
        date: "2012"
        genre: "Metal"
        title: "Meltdown"
        tracknumber: "5"

configuration:
    average_loudness:
        compute: 1
        frameSize: 88200
        hopSize: 44100
        silentFrames: "noise"
        windowType: "hann"
    general:
        analysisSampleRate: 44100
        endTime: 2000
        equalLoudness: 1
        nequalLoudness: 0
        shortSound: 0
        startTime: 0
    lowlevel:
        compute: 1
        frameSize: 2048
        hopSize: 1024
        zeroPadding: 0
        silentFrames: "noise"
        windowType: "blackmanharris62"
        mfccStats: ["mean", "cov", "icov"]
        stats: ["mean", "var", "median", "min", "max", "dmean", "dmean2", "dvar", "dvar2"]
    panning:
        compute: 0
        frameSize: 8192
        hopSize: 2048
        zeroPadding: 8192
        silentFrames: "noise"
        windowType: "hann"
        stats: ["copy"]
    rhythm:
        compute: 1
        maxTempo: 208
        minTempo: 40
        method: "degara"
        stats: ["mean", "var", "median", "min", "max", "dmean", "dmean2", "dvar", "dvar2"]
    segmentation:
        compute: 0
        cpw: 5
        inc1: 300
        inc2: 50
        minimumSegmentsLength: 10
        size1: 1000
        size2: 600
    sfx:
        compute: 1
        stats: ["mean", "var", "median", "min", "max", "dmean", "dmean2", "dvar", "dvar2"]
    svm:
        compute: 0
    tonal:
        compute: 1
        frameSize: 4096
        hopSize: 2048
        zeroPadding: 0
        silentFrames: "noise"
        windowType: "blackmanharris62"
        stats: ["mean", "var", "median", "min", "max", "dmean", "dmean2", "dvar", "dvar2"]

lowlevel:
    average_loudness: 0.760815024376
    barkbands_kurtosis:
        dmean: 1.15127670765
        dmean2: 1.87651264668
        dvar: 12.2065582275
        dvar2: 34.1387062073
        max: 160.907806396
        mean: 0.674598038197
        median: -0.995930314064
        min: -1.88602423668
        var: 41.6223335266
    barkbands_skewness:
        dmean: 0.393171280622
        dmean2: 0.634657859802
        dvar: 0.143566936255
        dvar2: 0.357243150473
        max: 11.3282184601
        mean: 0.112729877234
        median: -0.194185465574
        min: -5.03377962112
        var: 1.3606120348
    barkbands_spread:
        dmean: 5.66913938522
        dmean2: 9.15353965759
        dvar: 36.4422798157
        dvar2: 93.8314437866
        max: 65.5205078125
        mean: 27.66040802
        median: 29.0298690796
        min: 0.770617187023
        var: 167.383850098
    dissonance:
        dmean: 0.0141759300604
        dmean2: 0.0241647213697
        dvar: 0.000305905210553
        dvar2: 0.000867607479449
        max: 0.500000119209
        mean: 0.473294854164
        median: 0.484040737152
        min: 0.219203293324
        var: 0.000928848341573
    hfc:
        dmean: 2.33363771439
        dmean2: 3.90006399155
        dvar: 13.039226532
        dvar2: 34.6762504578
        max: 40.1671180725
        mean: 7.97123813629
        median: 8.01607322693
        min: 1.10016622891e-016
        var: 41.9471817017
    pitch:
        dmean: 853.194396973
        dmean2: 1622.37438965
        dvar: 1586213
        dvar2: 4021643.5
        max: 4722.43066406
        mean: 1279.62414551
        median: 320.220031738
        min: 50.1209945679
        var: 2171094.5
    pitch_instantaneous_confidence:
        dmean: 0.0737578198314
        dmean2: 0.119728021324
        dvar: 0.00402420433238
        dvar2: 0.00991475954652
        max: 0.902748942375
        mean: 0.338448435068
        median: 0.303146600723
        min: 0.107153594494
        var: 0.0175129789859
    pitch_salience:
        dmean: 0.0567978806794
        dmean2: 0.0956786498427
        dvar: 0.00250283558853
        dvar2: 0.00682148570195
        max: 0.971426963806
        mean: 0.683126091957
        median: 0.703099012375
        min: 0.131185024977
        var: 0.00793797057122
    silence_rate_20dB:
        dmean: 0
        dmean2: 0
        dvar: 0
        dvar2: 0
        max: 1
        mean: 1
        median: 1
        min: 1
        var: 0
    silence_rate_30dB:
        dmean: 0
        dmean2: 0
        dvar: 0
        dvar2: 0
        max: 1
        mean: 1
        median: 1
        min: 1
        var: 0
    silence_rate_60dB:
        dmean: 0.0608802177012
        dmean2: 0.121771916747
        dvar: 0.0571697764099
        dvar2: 0.121811039746
        max: 1
        mean: 0.387580096722
        median: 0
        min: 0
        var: 0.237333446741
    spectral_centroid:
        dmean: 227.05166626
        dmean2: 374.724212646
        dvar: 62007.421875
        dvar2: 146232.53125
        max: 11560.875
        mean: 1680.64001465
        median: 1870.97363281
        min: 105.959983826
        var: 727376.0625
    spectral_complexity:
        dmean: 4.02544546127
        dmean2: 6.5310087204
        dvar: 22.7472476959
        dvar2: 55.3412055969
        max: 45
        mean: 16.6781005859
        median: 19
        min: 0
        var: 129.467941284
    spectral_crest:
        dmean: 1.80715191364
        dmean2: 3.0071246624
        dvar: 3.20239162445
        dvar2: 8.17252349854
        max: 23.823677063
        mean: 6.54697418213
        median: 5.44197654724
        min: 2.38919878006
        var: 10.7324609756
    spectral_decrease:
        dmean: 2.70523575763e-010
        dmean2: 4.49480175302e-010
        dvar: 1.66164752308e-019
        dvar2: 4.4191979469e-019
        max: 1.06107846394e-028
        mean: -9.03798369478e-010
        median: -8.71556049553e-010
        min: -4.24777546471e-009
        var: 4.88606333752e-019
    spectral_energy:
        dmean: 0.00120764016174
        dmean2: 0.00200513401069
        dvar: 3.32167610395e-006
        dvar2: 8.81440882949e-006
        max: 0.0194230675697
        mean: 0.00413415534422
        median: 0.00407319236547
        min: 1.03492338832e-020
        var: 1.02054164017e-005
    spectral_energyband_high:
        dmean: 0.000167742851772
        dmean2: 0.000292080978397
        dvar: 8.567361931e-008
        dvar2: 2.37095335365e-007
        max: 0.00302345608361
        mean: 0.0003720006207
        median: 0.000327272369759
        min: 7.31952898561e-021
        var: 1.29458371134e-007
    spectral_energyband_low:
        dmean: 0.000249775999691
        dmean2: 0.000445829384262
        dvar: 2.20292633912e-007
        dvar2: 6.16001102571e-007
        max: 0.00371125829406
        mean: 0.00028134736931
        median: 0.000136838498292
        min: 2.21332297677e-023
        var: 1.78751122348e-007
    spectral_energyband_middle_high:
        dmean: 0.000616859528236
        dmean2: 0.00100187992211
        dvar: 7.34868535801e-007
        dvar2: 1.82267183391e-006
        max: 0.0114053487778
        mean: 0.00224424991757
        median: 0.00224319682457
        min: 1.25768399566e-021
        var: 3.50204641109e-006
    spectral_energyband_middle_low:
        dmean: 0.00060605519684
        dmean2: 0.00101550517138
        dvar: 1.06800791855e-006
        dvar2: 2.91671244668e-006
        max: 0.0106963980943
        mean: 0.00133589352481
        median: 0.000978542957455
        min: 2.47162793867e-022
        var: 1.69698262198e-006
    spectral_flatness_db:
        dmean: 0.0151808774099
        dmean2: 0.0235556606203
        dvar: 0.00022511970019
        dvar2: 0.000505163625348
        max: 0.438691973686
        mean: 0.15848813951
        median: 0.131370872259
        min: 0.0572697296739
        var: 0.00445306999609
    spectral_flux:
        dmean: 0.00683753425255
        dmean2: 0.0105732530355
        dvar: 7.70539190853e-005
        dvar2: 0.000139851894346
        max: 0.107847519219
        mean: 0.0372159034014
        median: 0.0405366010964
        min: 6.4929055188e-011
        var: 0.000418146868469
    spectral_kurtosis:
        dmean: 3.6866736412
        dmean2: 6.36689949036
        dvar: 106.35118103
        dvar2: 308.628723145
        max: 195.702224731
        mean: 9.78404426575
        median: 3.40260791779
        min: -1.23503708839
        var: 439.038360596
    spectral_rms:
        dmean: 0.000266360701062
        dmean2: 0.000428664556239
        dvar: 1.18857840903e-007
        dvar2: 2.98437129231e-007
        max: 0.00435308320448
        mean: 0.00180680211633
        median: 0.00199345080182
        min: 3.17754828526e-012
        var: 7.68795985095e-007
    spectral_rolloff:
        dmean: 261.769989014
        dmean2: 434.535308838
        dvar: 120985.515625
        dvar2: 253014.984375
        max: 19293.75
        mean: 2971.78149414
        median: 3445.3125
        min: 107.666015625
        var: 2183795
    spectral_skewness:
        dmean: 0.290163964033
        dmean2: 0.49019151926
        dvar: 0.307807475328
        dvar2: 0.896421074867
        max: 11.6143798828
        mean: 1.75999331474
        median: 1.27038025856
        min: -0.0687385722995
        var: 1.85039162636
    spectral_spread:
        dmean: 410467.84375
        dmean2: 628928.8125
        dvar: 364173590528
        dvar2: 675110387712
        max: 41829664
        mean: 3904659.5
        median: 4032385
        min: 445504.78125
        var: 4.82751021056e+012
    spectral_strongpeak:
        dmean: 0.379770249128
        dmean2: 0.658280134201
        dvar: 0.371061205864
        dvar2: 1.00055658817
        max: 7.56944894791
        mean: 0.513008594513
        median: 0.216438874602
        min: 0
        var: 0.564860165119
    zerocrossingrate:
        dmean: 0.00631139520556
        dmean2: 0.00796915497631
        dvar: 5.59257714485e-005
        dvar2: 6.87061838107e-005
        max: 0.52099609375
        mean: 0.0930946916342
        median: 0.10546875
        min: 0.00439453125
        var: 0.00170722219627
    barkbands:
        dmean: [4.7830172889e-007, 0.000101440680737, 0.000122689642012, 0.000147128273966, 0.000268303148914, 0.000144480436575, 0.000119726006233, 0.000111013192509, 0.000135926995426, 6.43786770524e-005, 4.42131640739e-005, 4.93408952025e-005, 4.54687688034e-005, 5.20946268807e-005, 7.42657648516e-005, 0.000128298837808, 0.000212130209547, 0.0001605682628, 0.000185360186151, 0.000152924156282, 9.12876421353e-005, 2.99349958368e-005, 5.98038468524e-006, 1.78571588094e-006, 7.4805160466e-007, 3.11848502577e-008, 3.88804655138e-010]
        dmean2: [7.19293780094e-007, 0.000181475421414, 0.000224357878324, 0.000258008018136, 0.000466933852294, 0.000257724983385, 0.0001950932201, 0.000176918983925, 0.000219698049477, 0.000105771854578, 7.12823530193e-005, 8.12123107607e-005, 7.39923416404e-005, 8.48302588565e-005, 0.00012014942331, 0.000212031009141, 0.000349628884578, 0.000269101408776, 0.000311502197292, 0.000263040536083, 0.000161278876476, 5.14632811246e-005, 1.00193010439e-005, 2.93006610264e-006, 1.25290182496e-006, 5.36178355048e-008, 6.76742772932e-010]
        dvar: [6.41177811799e-013, 5.20414324967e-008, 5.69441525045e-008, 4.8758359128e-008, 3.3724998616e-007, 1.02747399922e-007, 5.98941838348e-008, 7.16854557936e-008, 7.83817242223e-008, 2.23375362651e-008, 8.10990830047e-009, 1.01544443964e-008, 7.78639108745e-009, 8.24909474062e-009, 2.38415029941e-008, 3.82054423653e-008, 1.21196890746e-007, 5.71139437966e-008, 8.05984186059e-008, 5.68841826976e-008, 2.49565133004e-008, 3.00472913217e-009, 1.32747715598e-010, 2.10337355172e-011, 2.63521713131e-012, 3.94181520378e-015, 4.08490556854e-019]
        dvar2: [1.36920693967e-012, 1.43747442394e-007, 1.64659539337e-007, 1.39115513775e-007, 9.31125327952e-007, 2.99773006418e-007, 1.2932262905e-007, 1.44933878232e-007, 1.93159507944e-007, 5.27128030114e-008, 1.91228224367e-008, 2.57295305062e-008, 1.96227745164e-008, 2.04245971247e-008, 6.02949725703e-008, 9.22286318428e-008, 3.11935309583e-007, 1.43810311215e-007, 2.11323580857e-007, 1.54761167437e-007, 7.0211562786e-008, 8.20768963905e-009, 3.34896638199e-010, 4.69267541492e-011, 6.17577343431e-012, 1.04953023404e-014, 1.09927691876e-018]
        max: [6.79579079588e-006, 0.00163712911308, 0.00203482573852, 0.00241300254129, 0.00724989548326, 0.00464573362842, 0.00675134686753, 0.00643751351163, 0.00562858674675, 0.00579272396863, 0.00169308751356, 0.00230467272922, 0.00222153542563, 0.00179838028271, 0.0030245478265, 0.00377118703909, 0.00725122215226, 0.00683969538659, 0.00750871375203, 0.00363641604781, 0.00175905798096, 0.00128401548136, 0.000194496024051, 0.000131734079332, 4.37002017861e-005, 1.07214225409e-006, 1.39300144752e-008]
        mean: [6.52503160836e-007, 8.71883894433e-005, 0.00011706060468, 0.000170119354152, 0.000337867968483, 0.000183427997399, 0.000197198387468, 0.0001787016663, 0.0002424466511, 0.000103748177935, 7.30911851861e-005, 8.37012630654e-005, 8.16541069071e-005, 9.43346822169e-005, 0.000138360192068, 0.000267480500042, 0.000442294724053, 0.000350735237589, 0.000425674894359, 0.000312574178679, 0.00017156964168, 5.84532062931e-005, 1.115773739e-005, 3.3251660625e-006, 1.28657461573e-006, 4.51783144229e-008, 4.70056660262e-010]
        median: [2.08073331009e-007, 2.46047857217e-005, 4.18532144977e-005, 8.3004910266e-005, 0.000164044802659, 0.000107794840005, 9.18436271604e-005, 6.7684406531e-005, 0.000121427532576, 6.11878058407e-005, 3.82646539947e-005, 4.93639672641e-005, 5.01455069752e-005, 5.97007092438e-005, 7.86311065895e-005, 0.000215951906284, 0.000329385278746, 0.000285530753899, 0.000379929144401, 0.000281300017377, 0.000141593147418, 4.14297428506e-005, 6.07148558629e-006, 1.45165972754e-006, 6.60415423681e-007, 1.95972376105e-008, 2.35357788814e-010]
        min: [6.99604843669e-025, 2.39568103344e-024, 3.25147935027e-024, 1.07465140612e-024, 1.85045816219e-023, 2.52906944502e-023, 1.70969539999e-023, 7.74123326904e-024, 2.21569807918e-023, 1.91810109155e-023, 1.76913528033e-023, 3.03288303521e-023, 2.81358412117e-023, 4.29342280832e-023, 7.77083716777e-023, 8.67426339562e-023, 9.77159226507e-023, 1.23576222006e-022, 1.52751037206e-022, 1.63429437073e-022, 2.2246985719e-022, 4.10161904161e-022, 4.63885048368e-022, 5.46892148259e-022, 7.95414635404e-022, 1.31245038002e-021, 2.06072097116e-021]
        var: [1.04540616615e-012, 3.67533203871e-008, 4.16813925597e-008, 5.8025825922e-008, 3.23163988014e-007, 8.2564213244e-008, 1.4925272751e-007, 1.85831808608e-007, 1.62005719062e-007, 3.614862365e-008, 1.55260462265e-008, 1.73789782565e-008, 1.59926258902e-008, 1.80455597132e-008, 6.17088886656e-008, 1.05143350027e-007, 3.00766231476e-007, 1.64727708807e-007, 2.01162052349e-007, 9.45245801631e-008, 3.14284633873e-008, 4.56334747767e-009, 2.53048609844e-010, 4.45038485231e-011, 4.68483194946e-012, 5.37191598577e-015, 4.64243228074e-019]
    frequency_bands:
        dmean: [4.7830172889e-007, 0.000101440680737, 0.000122689642012, 0.000147128273966, 0.000268303148914, 0.000144480436575, 0.000119726006233, 0.000111013192509, 0.000135926995426, 6.43786770524e-005, 4.42131640739e-005, 4.93408952025e-005, 4.54687688034e-005, 5.20946268807e-005, 7.42657648516e-005, 0.000128298837808, 0.000212130209547, 0.0001605682628, 0.000185360186151, 0.000152924156282, 9.12876421353e-005, 2.99349958368e-005, 5.98038468524e-006, 1.78571588094e-006, 7.4805160466e-007, 3.11848502577e-008, 3.88804655138e-010, 5.1348071628e-011]
        dmean2: [7.19293780094e-007, 0.000181475421414, 0.000224357878324, 0.000258008018136, 0.000466933852294, 0.000257724983385, 0.0001950932201, 0.000176918983925, 0.000219698049477, 0.000105771854578, 7.12823530193e-005, 8.12123107607e-005, 7.39923416404e-005, 8.48302588565e-005, 0.00012014942331, 0.000212031009141, 0.000349628884578, 0.000269101408776, 0.000311502197292, 0.000263040536083, 0.000161278876476, 5.14632811246e-005, 1.00193010439e-005, 2.93006610264e-006, 1.25290182496e-006, 5.36178355048e-008, 6.76742772932e-010, 9.59767890163e-011]
        dvar: [6.41177811799e-013, 5.20414324967e-008, 5.69441525045e-008, 4.8758359128e-008, 3.3724998616e-007, 1.02747399922e-007, 5.98941838348e-008, 7.16854557936e-008, 7.83817242223e-008, 2.23375362651e-008, 8.10990830047e-009, 1.01544443964e-008, 7.78639108745e-009, 8.24909474062e-009, 2.38415029941e-008, 3.82054423653e-008, 1.21196890746e-007, 5.71139437966e-008, 8.05984186059e-008, 5.68841826976e-008, 2.49565133004e-008, 3.00472913217e-009, 1.32747715598e-010, 2.10337355172e-011, 2.63521713131e-012, 3.94181520378e-015, 4.08490556854e-019, 7.28642398965e-021]
        dvar2: [1.36920693967e-012, 1.43747442394e-007, 1.64659539337e-007, 1.39115513775e-007, 9.31125327952e-007, 2.99773006418e-007, 1.2932262905e-007, 1.44933878232e-007, 1.93159507944e-007, 5.27128030114e-008, 1.91228224367e-008, 2.57295305062e-008, 1.96227745164e-008, 2.04245971247e-008, 6.02949725703e-008, 9.22286318428e-008, 3.11935309583e-007, 1.43810311215e-007, 2.11323580857e-007, 1.54761167437e-007, 7.0211562786e-008, 8.20768963905e-009, 3.34896638199e-010, 4.69267541492e-011, 6.17577343431e-012, 1.04953023404e-014, 1.09927691876e-018, 2.33525494633e-020]
        max: [6.79579079588e-006, 0.00163712911308, 0.00203482573852, 0.00241300254129, 0.00724989548326, 0.00464573362842, 0.00675134686753, 0.00643751351163, 0.00562858674675, 0.00579272396863, 0.00169308751356, 0.00230467272922, 0.00222153542563, 0.00179838028271, 0.0030245478265, 0.00377118703909, 0.00725122215226, 0.00683969538659, 0.00750871375203, 0.00363641604781, 0.00175905798096, 0.00128401548136, 0.000194496024051, 0.000131734079332, 4.37002017861e-005, 1.07214225409e-006, 1.39300144752e-008, 1.03973107901e-009]
        mean: [6.52503160836e-007, 8.71883894433e-005, 0.00011706060468, 0.000170119354152, 0.000337867968483, 0.000183427997399, 0.000197198387468, 0.0001787016663, 0.0002424466511, 0.000103748177935, 7.30911851861e-005, 8.37012630654e-005, 8.16541069071e-005, 9.43346822169e-005, 0.000138360192068, 0.000267480500042, 0.000442294724053, 0.000350735237589, 0.000425674894359, 0.000312574178679, 0.00017156964168, 5.84532062931e-005, 1.115773739e-005, 3.3251660625e-006, 1.28657461573e-006, 4.51783144229e-008, 4.70056660262e-010, 3.8985367018e-011]
        median: [2.08073331009e-007, 2.46047857217e-005, 4.18532144977e-005, 8.3004910266e-005, 0.000164044802659, 0.000107794840005, 9.18436271604e-005, 6.7684406531e-005, 0.000121427532576, 6.11878058407e-005, 3.82646539947e-005, 4.93639672641e-005, 5.01455069752e-005, 5.97007092438e-005, 7.86311065895e-005, 0.000215951906284, 0.000329385278746, 0.000285530753899, 0.000379929144401, 0.000281300017377, 0.000141593147418, 4.14297428506e-005, 6.07148558629e-006, 1.45165972754e-006, 6.60415423681e-007, 1.95972376105e-008, 2.35357788814e-010, 1.02322412696e-011]
        min: [6.99604843669e-025, 2.39568103344e-024, 3.25147935027e-024, 1.07465140612e-024, 1.85045816219e-023, 2.52906944502e-023, 1.70969539999e-023, 7.74123326904e-024, 2.21569807918e-023, 1.91810109155e-023, 1.76913528033e-023, 3.03288303521e-023, 2.81358412117e-023, 4.29342280832e-023, 7.77083716777e-023, 8.67426339562e-023, 9.77159226507e-023, 1.23576222006e-022, 1.52751037206e-022, 1.63429437073e-022, 2.2246985719e-022, 4.10161904161e-022, 4.63885048368e-022, 5.46892148259e-022, 7.95414635404e-022, 1.31245038002e-021, 2.06072097116e-021, 5.15344426834e-022]
        var: [1.04540616615e-012, 3.67533203871e-008, 4.16813925597e-008, 5.8025825922e-008, 3.23163988014e-007, 8.2564213244e-008, 1.4925272751e-007, 1.85831808608e-007, 1.62005719062e-007, 3.614862365e-008, 1.55260462265e-008, 1.73789782565e-008, 1.59926258902e-008, 1.80455597132e-008, 6.17088886656e-008, 1.05143350027e-007, 3.00766231476e-007, 1.64727708807e-007, 2.01162052349e-007, 9.45245801631e-008, 3.14284633873e-008, 4.56334747767e-009, 2.53048609844e-010, 4.45038485231e-011, 4.68483194946e-012, 5.37191598577e-015, 4.64243228074e-019, 5.4800549984e-021]
    mfcc:
        mean: [-737.003112793, 110.575668335, -45.6846923828, 44.0336456299, -13.9222450256, -8.19490718842, -8.61026000977, -3.39038729668, -1.1613587141, -5.52029705048, -3.36823368073, -4.43054628372, -4.82295227051]
        cov: [[12158.0595703, -1981.26318359, -2249.67895508, 2086.80566406, -807.764465332, 292.614501953, 105.829025269, 366.937896729, 389.240692139, 160.213119507, 161.351959229, 201.446746826, 85.384223938], [-1981.26318359, 1528.94396973, 440.875701904, -526.990783691, 225.996139526, -138.239593506, 6.63215589523, -72.1834564209, -110.551704407, -81.9789047241, -31.4592189789, -72.3634262085, -57.7613983154], [-2249.67895508, 440.875701904, 922.254333496, -433.224853516, 251.887924194, 6.74036836624, -36.359161377, -58.2633171082, -95.3688201904, -12.7349615097, -54.8411483765, -44.5863723755, -28.5590076447], [2086.80566406, -526.990783691, -433.224853516, 619.004150391, -117.322319031, 91.8604888916, 71.0097579956, 79.0618209839, 93.6418304443, 37.0922050476, 40.9057769775, 48.4296684265, 38.052444458], [-807.764465332, 225.996139526, 251.887924194, -117.322319031, 248.372039795, 21.6466617584, -30.8880519867, -14.2863121033, -25.9823417664, 11.918053627, -17.0305538177, -17.5301074982, -3.61396551132], [292.614501953, -138.239593506, 6.74036836624, 91.8604888916, 21.6466617584, 137.150039673, 36.4112434387, 12.1346874237, 29.7959156036, 17.2088184357, 13.6664295197, 8.94001102448, 3.7500731945], [105.829025269, 6.63215589523, -36.359161377, 71.0097579956, -30.8880519867, 36.4112434387, 158.13117981, 57.2625465393, 11.9158010483, -1.07464146614, 22.9851436615, 18.8179092407, 7.54630422592], [366.937896729, -72.1834564209, -58.2633171082, 79.0618209839, -14.2863121033, 12.1346874237, 57.2625465393, 107.303497314, 44.3317871094, 10.0839595795, 23.4132575989, 25.367767334, 11.843626976], [389.240692139, -110.551704407, -95.3688201904, 93.6418304443, -25.9823417664, 29.7959156036, 11.9158010483, 44.3317871094, 98.6145477295, 32.8528442383, 17.0634651184, 18.5248775482, 5.41419744492], [160.213119507, -81.9789047241, -12.7349615097, 37.0922050476, 11.918053627, 17.2088184357, -1.07464146614, 10.0839595795, 32.8528442383, 73.6941452026, 23.0987262726, 11.3437662125, 7.65462875366], [161.351959229, -31.4592189789, -54.8411483765, 40.9057769775, -17.0305538177, 13.6664295197, 22.9851436615, 23.4132575989, 17.0634651184, 23.0987262726, 74.3750991821, 33.4791755676, 8.57404708862], [201.446746826, -72.3634262085, -44.5863723755, 48.4296684265, -17.5301074982, 8.94001102448, 18.8179092407, 25.367767334, 18.5248775482, 11.3437662125, 33.4791755676, 62.7645263672, 25.5625705719], [85.384223938, -57.7613983154, -28.5590076447, 38.052444458, -3.61396551132, 3.7500731945, 7.54630422592, 11.843626976, 5.41419744492, 7.65462875366, 8.57404708862, 25.5625705719, 53.2091217041]]
        icov: [[0.000330969021888, -0.00013136464986, 0.000360279169399, -0.000802098424174, 0.000626514491159, -0.000591845309827, 0.000720089243259, -0.000852195254993, 0.000457222602563, -0.000556342361961, 0.000421867443947, -0.000378470955184, 0.000412468711147], [-0.00013136464986, 0.00131412560586, -0.000169277074747, 0.00100207759533, -0.00135102786589, 0.00142351712566, -0.00131637405138, 0.00100303662475, -0.000664736027829, 0.00140102335718, -0.00100037408993, 0.000836775521748, 0.000226492062211], [0.000360279169399, -0.000169277074747, 0.00259933224879, 0.000405591534218, -0.000714422320016, -0.00156353972852, 0.0005529311602, -0.00116894184612, 0.00150380842388, -0.001157373772, 0.00145021313801, -0.000802623049822, 0.000752022198867], [-0.000802098424174, 0.00100207759533, 0.000405591534218, 0.00546188186854, -0.00187219225336, 0.000185712560778, -0.00256698462181, 0.00149438017979, -0.00176786002703, 0.00130258500576, -0.000873269164003, 0.000866365677211, -0.00170525570866], [0.000626514491159, -0.00135102786589, -0.000714422320016, -0.00187219225336, 0.0082069421187, -0.00357125350274, 0.00355594139546, -0.00338579108939, 0.00240832357667, -0.0035871961154, 0.00188797735609, -0.000494368898217, -0.00025383362663], [-0.000591845309827, 0.00142351712566, -0.00156353972852, 0.000185712560778, -0.00357125350274, 0.0122029148042, -0.00467313965783, 0.00447370065376, -0.00434838281944, 0.00212179962546, -0.00273602176458, 0.00153224298265, -7.06150240148e-005], [0.000720089243259, -0.00131637405138, 0.0005529311602, -0.00256698462181, 0.00355594139546, -0.00467313965783, 0.0114398170263, -0.00742855668068, 0.00364789413288, -0.00153693603352, 0.000424300553277, -0.00151842471678, 0.000660992634948], [-0.000852195254993, 0.00100303662475, -0.00116894184612, 0.00149438017979, -0.00338579108939, 0.00447370065376, -0.00742855668068, 0.0182233843952, -0.00808569416404, 0.00382631435059, -0.00327849620953, -0.000696086033713, -0.00165274704341], [0.000457222602563, -0.000664736027829, 0.00150380842388, -0.00176786002703, 0.00240832357667, -0.00434838281944, 0.00364789413288, -0.00808569416404, 0.018340582028, -0.00765708647668, 0.00274183391593, -0.00285985064693, 0.00253599951975], [-0.000556342361961, 0.00140102335718, -0.001157373772, 0.00130258500576, -0.0035871961154, 0.00212179962546, -0.00153693603352, 0.00382631435059, -0.00765708647668, 0.020550834015, -0.00721000367776, 0.00255691143684, -0.00240986049175], [0.000421867443947, -0.00100037408993, 0.00145021313801, -0.000873269164003, 0.00188797735609, -0.00273602176458, 0.000424300553277, -0.00327849620953, 0.00274183391593, -0.00721000367776, 0.0217255800962, -0.011093695648, 0.00321760424413], [-0.000378470955184, 0.000836775521748, -0.000802623049822, 0.000866365677211, -0.000494368898217, 0.00153224298265, -0.00151842471678, -0.000696086033713, -0.00285985064693, 0.00255691143684, -0.011093695648, 0.028064917773, -0.0110780373216], [0.000412468711147, 0.000226492062211, 0.000752022198867, -0.00170525570866, -0.00025383362663, -7.06150240148e-005, 0.000660992634948, -0.00165274704341, 0.00253599951975, -0.00240986049175, 0.00321760424413, -0.0110780373216, 0.0251550041139]]
    sccoeffs:
        dmean: [0.060297165066, 0.0480560213327, 0.0347452796996, 0.0282967779785, 0.0192359946668, 0.0166884902865]
        dmean2: [0.101518064737, 0.080572783947, 0.0580707788467, 0.0467419438064, 0.0315963923931, 0.0263214744627]
        dvar: [0.00235354411416, 0.00141916179564, 0.000766094832215, 0.000531490484718, 0.000264124275418, 0.000220791756874]
        dvar2: [0.00657124584541, 0.00391204562038, 0.00206246110611, 0.00137438869569, 0.000658848846797, 0.000505872478243]
        max: [-0.372398376465, -0.510825634003, -0.601907372475, -0.495531857014, -0.5735450387, -0.556224584579]
        mean: [-0.685947835445, -0.762304365635, -0.801494717598, -0.800365209579, -0.79813849926, -0.743041932583]
        median: [-0.690995335579, -0.766988277435, -0.805525660515, -0.805142343044, -0.802406966686, -0.730422616005]
        min: [-0.97726392746, -0.973552167416, -0.977528989315, -0.966950833797, -0.966020286083, -0.963776707649]
        var: [0.00569267384708, 0.00386537797749, 0.00237708725035, 0.00187550426926, 0.00137726322282, 0.00302578834817]
    scvalleys:
        dmean: [0.456199586391, 0.360600411892, 0.309262275696, 0.264428049326, 0.226208329201, 0.292905926704]
        dmean2: [0.741096556187, 0.592971026897, 0.497145175934, 0.413548082113, 0.354216247797, 0.442780435085]
        dvar: [0.168522596359, 0.11852824688, 0.100407622755, 0.0880354940891, 0.0857514292002, 0.159824967384]
        dvar2: [0.372535347939, 0.252351045609, 0.193456411362, 0.158442422748, 0.154328405857, 0.345447808504]
        max: [-5.00340890884, -4.73116111755, -5.43159580231, -5.70421600342, -5.50588941574, -7.64678573608]
        mean: [-7.15246582031, -6.62302684784, -7.14780521393, -7.38079977036, -7.4735159874, -10.4357709885]
        median: [-6.7911195755, -6.3548412323, -6.75195598602, -6.77445793152, -6.52754545212, -9.63809013367]
        min: [-27.8258647919, -27.8788070679, -27.9546546936, -27.4963626862, -27.4465312958, -27.3395500183]
        var: [2.34744977951, 1.95499384403, 2.12729167938, 2.53895807266, 4.08101177216, 4.11935043335]

rhythm:
    beats_loudness:
        dmean: 0.00234812800772
        dmean2: 0.00454419897869
        dvar: 3.69309714188e-006
        dvar2: 1.26081931739e-005
        max: 0.0134516162798
        mean: 0.00419664243236
        median: 0.00399131700397
        min: 2.14022230494e-010
        var: 8.75847308635e-006
    bpm: 94.8753204346
    bpm_confidence: 0
    first_peak_bpm: 96
    first_peak_spread: 0.457671940327
    first_peak_weight: 0.529715776443
    onset_rate: 3.0805208683
    second_peak_bpm: 91
    second_peak_spread: 0.200000017881
    second_peak_weight: 0.0103359175846
    beats_loudness_band_ratio:
        dmean: [0.119131714106, 0.117730326951, 0.107759542763, 0.0432448163629, 0.0818615332246, 0.0621565356851]
        dmean2: [0.214481770992, 0.211515277624, 0.192692413926, 0.0746487602592, 0.146033003926, 0.110890761018]
        dvar: [0.0109114451334, 0.0090627130121, 0.0121282069013, 0.00266530900262, 0.00729009602219, 0.00739221693948]
        dvar2: [0.030256209895, 0.0247635450214, 0.0335049442947, 0.00693702697754, 0.0224157646298, 0.0223236382008]
        max: [0.983539104462, 0.878305792809, 0.684538185596, 0.422800779343, 0.723353266716, 0.801570236683]
        mean: [0.207789316773, 0.178477972746, 0.154453441501, 0.0871094986796, 0.233779042959, 0.196799367666]
        median: [0.186087042093, 0.137771308422, 0.113039091229, 0.0761520937085, 0.24848844111, 0.218773633242]
        min: [0.000654055853374, 0.00584896747023, 0.0017233856488, 0.000579961575568, 0.000637360732071, 3.93534246541e-005]
        var: [0.017630206421, 0.0216954648495, 0.0135030299425, 0.00291799381375, 0.0186698064208, 0.0148013299331]
    beats_position: [0.66176867485, 1.34675729275, 2.04335594177, 2.69351458549, 3.33206343651, 3.97061228752, 4.59755086899, 5.22448968887, 5.86303853989, 6.5015873909, 7.12852573395, 7.75546455383, 8.39401340485, 9.03256225586, 9.65950107574, 10.2864398956, 10.9249887466, 11.5635375977, 12.1904764175, 12.8174142838, 13.4443531036, 14.0712919235, 14.6982307434, 15.3367795944, 15.9753284454, 16.602268219, 17.2292060852, 17.8677539825, 18.5063037872, 19.1332416534, 19.760181427, 20.3871192932, 21.0256690979, 21.6642169952, 22.2911567688, 22.918094635, 23.5566444397, 24.195192337, 24.8221302032, 25.4490699768, 26.076007843, 26.7029476166, 27.3298854828, 27.9568252563, 28.5953731537, 29.2339229584, 29.8724708557, 30.5110206604, 31.1379585266, 31.7648983002, 32.391834259, 33.0303840637, 33.6573219299, 34.2842636108, 34.9228096008, 35.5497512817, 36.1766891479, 36.8036270142, 37.4421768188, 38.0807266235, 38.7076644897, 39.334602356, 39.9615402222, 40.6000900269, 41.2270278931, 41.8655776978, 42.492515564, 43.1310653687, 43.7580032349, 44.3965530396, 45.0234909058, 45.650428772, 46.2773704529, 46.9159164429, 47.5428581238, 48.1814041138, 48.80834198, 49.4468917847, 50.0738296509, 50.7123794556, 51.3393173218, 51.9662590027, 52.5931968689, 53.2201347351, 53.8586845398, 54.4972343445, 55.1357803345, 55.7743301392, 56.4012680054, 57.0282058716, 57.6551475525, 58.2936935425, 58.9206352234, 59.5475730896, 60.1861228943, 60.8130607605, 61.4516105652, 62.0901565552, 62.7170982361, 63.3440361023, 63.9709739685, 64.6095199585, 65.2364578247, 65.8750076294, 66.5019454956, 67.1288909912, 67.7558288574, 68.3943786621, 69.0213165283, 69.659866333, 70.2868041992, 70.936958313, 71.5638961792, 72.1908340454, 72.817779541, 73.4447174072, 74.0716552734, 74.7102050781, 75.3487548828, 75.975692749, 76.6026306152, 77.2411804199, 77.8797302246, 78.5066680908, 79.133605957, 79.7605438232, 80.3874816895, 81.0260314941, 81.6645812988, 82.291519165, 82.9184570313, 83.5453948975, 84.1723327637, 84.8108825684, 85.449432373, 86.0763702393, 86.7149200439, 87.3534698486, 87.9804077148, 88.6073455811, 89.2342834473, 89.872833252, 90.5113830566, 91.1383209229, 91.7652587891, 92.3921966553, 93.0075302124, 93.6460723877, 94.2730178833, 94.8999557495, 95.5268936157, 96.1654434204, 96.8039855957, 97.4309310913, 98.0578689575, 98.6964187622, 99.3349609375, 99.9619064331, 100.588844299, 101.215782166, 101.842720032, 102.469657898, 103.108207703, 103.746757507, 104.373695374, 105.00063324, 105.639183044, 106.277732849, 106.904670715, 107.531608582, 108.170158386, 108.808708191, 109.435646057, 110.062583923, 110.68952179, 111.328071594, 111.95500946, 112.593559265, 113.220497131, 113.847434998, 114.485984802, 115.124534607, 115.751472473, 116.378410339, 117.005348206, 117.64389801, 118.270835876, 118.909385681, 119.536323547, 120.163261414, 120.79019928, 121.428749084, 122.067298889, 122.694236755, 123.321174622, 123.948112488, 124.575057983, 125.20199585, 125.840545654, 126.47908783, 127.117637634, 127.756187439, 128.383132935, 129.010070801, 129.637008667, 130.263946533, 130.890884399, 131.541046143, 132.167984009, 132.818145752, 133.43347168, 134.060409546, 134.687347412, 135.325897217, 135.952835083, 136.579772949, 137.206710815, 137.84526062, 138.483810425, 139.110748291, 139.749298096, 140.3878479, 141.014785767, 141.641723633, 142.268661499, 142.907211304, 143.545761108, 144.184310913, 144.822860718, 145.461410522, 146.099945068, 146.738494873, 147.377044678, 148.027206421, 148.677368164, 149.327529907, 149.97769165, 150.627838135, 151.277999878, 151.928161621, 152.578323364, 153.240081787, 153.89024353, 154.552017212, 155.202178955, 155.852325439, 156.490875244, 157.129425049, 157.837631226, 158.545852661, 159.195999146, 159.846160889, 160.484710693, 161.146484375, 161.808258057, 162.458404541, 163.108566284, 163.747116089, 164.385665894, 165.024215698, 165.651153564, 166.289703369, 166.916641235, 167.55519104, 168.182128906, 168.820678711, 169.447616577, 170.086166382, 170.713104248, 171.340042114, 171.96697998, 172.593917847, 173.232467651, 173.871017456, 174.497955322, 175.136505127, 175.763442993, 176.390380859, 177.017318726, 177.644256592, 178.282806396, 178.921356201, 179.559906006, 180.186843872, 180.825393677, 181.463943481, 182.090881348, 182.717819214, 183.34475708, 183.971694946, 184.610244751, 185.248794556, 185.88734436, 186.514282227, 187.141220093, 187.768157959, 188.395095825, 189.03364563, 189.672195435, 190.275909424, 190.868026733, 191.471740723, 192.110290527, 192.748840332, 193.399002075, 194.049163818, 194.699310303, 195.326248169, 195.953201294, 196.58013916, 197.207077026, 197.834014893, 198.460952759, 199.099502563, 199.738052368, 200.364990234, 200.991928101, 201.630477905, 202.26902771, 202.895965576, 203.522903442, 204.161453247, 204.800003052, 205.426940918, 206.053878784, 206.68081665, 207.319366455, 207.946304321, 208.584854126, 209.223403931, 209.861953735, 210.488891602, 211.115829468, 211.742767334, 212.3697052, 212.996643066, 213.635192871, 214.273742676, 214.900680542, 215.539230347, 216.177780151, 216.804718018, 217.443267822, 218.070205688, 218.708755493, 219.335693359, 219.962631226, 220.589569092, 221.216506958, 221.855056763, 222.481994629, 223.120544434, 223.7474823, 224.374420166, 225.001358032, 225.628295898, 226.266845703, 226.905395508, 227.532333374, 228.170883179, 228.809432983, 229.43637085, 230.063308716, 230.690246582, 231.317184448, 231.955734253, 232.594284058, 233.221221924, 233.859771729, 234.486709595, 235.125259399, 235.752197266, 236.379135132, 237.006072998, 237.633010864, 238.271560669, 238.910110474, 239.53704834, 240.163986206, 240.790924072, 241.417861938, 242.044799805, 242.671737671, 243.298675537, 243.925613403, 244.54095459, 245.156280518, 245.783218384]
