
metadata:
    version:
        essentia: "2.1-beta2"
    audio_properties:
        analysis_sample_rate: 44100
        bitrate: 320
        channels: 2
        equal_loudness: 1
        length: 271.751831055
        replay_gain: -13.4574718475
        downmix: "mix"
    tags:
        album: "Between Here & Lost"
        artist: "Love And Death"
        comment: ""
        date: "2012"
        genre: "Metal"
        title: "I W8 4 U (Feat. Mattie Montgomery)"
        tracknumber: "7"

configuration:
    average_loudness:
        compute: 1
        frameSize: 88200
        hopSize: 44100
        silentFrames: "noise"
        windowType: "hann"
    general:
        analysisSampleRate: 44100
        endTime: 2000
        equalLoudness: 1
        nequalLoudness: 0
        shortSound: 0
        startTime: 0
    lowlevel:
        compute: 1
        frameSize: 2048
        hopSize: 1024
        zeroPadding: 0
        silentFrames: "noise"
        windowType: "blackmanharris62"
        mfccStats: ["mean", "cov", "icov"]
        stats: ["mean", "var", "median", "min", "max", "dmean", "dmean2", "dvar", "dvar2"]
    panning:
        compute: 0
        frameSize: 8192
        hopSize: 2048
        zeroPadding: 8192
        silentFrames: "noise"
        windowType: "hann"
        stats: ["copy"]
    rhythm:
        compute: 1
        maxTempo: 208
        minTempo: 40
        method: "degara"
        stats: ["mean", "var", "median", "min", "max", "dmean", "dmean2", "dvar", "dvar2"]
    segmentation:
        compute: 0
        cpw: 5
        inc1: 300
        inc2: 50
        minimumSegmentsLength: 10
        size1: 1000
        size2: 600
    sfx:
        compute: 1
        stats: ["mean", "var", "median", "min", "max", "dmean", "dmean2", "dvar", "dvar2"]
    svm:
        compute: 0
    tonal:
        compute: 1
        frameSize: 4096
        hopSize: 2048
        zeroPadding: 0
        silentFrames: "noise"
        windowType: "blackmanharris62"
        stats: ["mean", "var", "median", "min", "max", "dmean", "dmean2", "dvar", "dvar2"]

lowlevel:
    average_loudness: 0.880816161633
    barkbands_kurtosis:
        dmean: 0.870558321476
        dmean2: 1.43975901604
        dvar: 15.4373292923
        dvar2: 38.0275611877
        max: 316.960021973
        mean: -0.0553899370134
        median: -0.91465729475
        min: -1.88334929943
        var: 16.3820781708
    barkbands_skewness:
        dmean: 0.353191703558
        dmean2: 0.578037619591
        dvar: 0.166764333844
        dvar2: 0.440069198608
        max: 16.3328361511
        mean: -0.604631006718
        median: -0.567319512367
        min: -5.35413122177
        var: 0.673846900463
    barkbands_spread:
        dmean: 4.51064062119
        dmean2: 7.2820224762
        dvar: 21.2605171204
        dvar2: 53.1846923828
        max: 63.6418914795
        mean: 27.6377639771
        median: 28.2767047882
        min: 0.500518381596
        var: 145.566680908
    dissonance:
        dmean: 0.00896433368325
        dmean2: 0.0154431164265
        dvar: 8.65983602125e-005
        dvar2: 0.000243640606641
        max: 0.500000238419
        mean: 0.485308557749
        median: 0.488999068737
        min: 0.344284594059
        var: 0.000168969345395
    hfc:
        dmean: 2.21615457535
        dmean2: 3.69146370888
        dvar: 7.31874275208
        dvar2: 19.1894989014
        max: 44.9077682495
        mean: 10.4806652069
        median: 10.8827123642
        min: 1.09385543641e-016
        var: 42.0662117004
    pitch:
        dmean: 930.563110352
        dmean2: 1782.08459473
        dvar: 1458992.375
        dvar2: 3762441.75
        max: 4573.33691406
        mean: 1865.56518555
        median: 2386.99389648
        min: 59.7952308655
        var: 2051709.5
    pitch_instantaneous_confidence:
        dmean: 0.0737551227212
        dmean2: 0.124468490481
        dvar: 0.00374398357235
        dvar2: 0.0102082462981
        max: 0.91013687849
        mean: 0.357542693615
        median: 0.330579519272
        min: 0.110248804092
        var: 0.0169252697378
    pitch_salience:
        dmean: 0.04789692536
        dmean2: 0.0817215815187
        dvar: 0.00201686052606
        dvar2: 0.00561940018088
        max: 0.998142242432
        mean: 0.696524441242
        median: 0.725546240807
        min: 0.0824089795351
        var: 0.010051401332
    silence_rate_20dB:
        dmean: 0
        dmean2: 0
        dvar: 0
        dvar2: 0
        max: 1
        mean: 1
        median: 1
        min: 1
        var: 0
    silence_rate_30dB:
        dmean: 0
        dmean2: 0
        dvar: 0
        dvar2: 0
        max: 1
        mean: 1
        median: 1
        min: 1
        var: 0
    silence_rate_60dB:
        dmean: 0.032467532903
        dmean2: 0.0649406164885
        dvar: 0.0314165726304
        dvar2: 0.0692634955049
        max: 1
        mean: 0.296454519033
        median: 0
        min: 0
        var: 0.208573997021
    spectral_centroid:
        dmean: 202.503189087
        dmean2: 326.385284424
        dvar: 52742.4140625
        dvar2: 117712.125
        max: 11748.1142578
        mean: 2041.05786133
        median: 2014.9050293
        min: 273.244720459
        var: 423009.90625
    spectral_complexity:
        dmean: 3.5295624733
        dmean2: 5.85610532761
        dvar: 11.5738315582
        dvar2: 29.9823474884
        max: 50
        mean: 20.6165733337
        median: 23
        min: 0
        var: 130.474899292
    spectral_crest:
        dmean: 1.5417355299
        dmean2: 2.62495970726
        dvar: 2.69948768616
        dvar2: 7.50922298431
        max: 26.1578769684
        mean: 6.4094619751
        median: 5.44618988037
        min: 2.48089909554
        var: 9.42373085022
    spectral_decrease:
        dmean: 2.23696006163e-010
        dmean2: 3.72040537266e-010
        dvar: 7.98549371237e-020
        dvar2: 2.15999049642e-019
        max: 1.4812918222e-028
        mean: -1.09428044404e-009
        median: -1.1431814384e-009
        min: -4.30773816618e-009
        var: 4.06233129264e-019
    spectral_energy:
        dmean: 0.0010145654669
        dmean2: 0.00168811588082
        dvar: 1.59527792221e-006
        dvar2: 4.30553427577e-006
        max: 0.0198153369129
        mean: 0.00508069386706
        median: 0.00537832593545
        min: 1.01685603507e-020
        var: 8.67286962603e-006
    spectral_energyband_high:
        dmean: 0.000159097238793
        dmean2: 0.000271917699138
        dvar: 6.99391620174e-008
        dvar2: 1.80808157779e-007
        max: 0.0041911220178
        mean: 0.00045642114128
        median: 0.000418034993345
        min: 7.16545447962e-021
        var: 1.78804782536e-007
    spectral_energyband_low:
        dmean: 0.00016085759853
        dmean2: 0.000278440566035
        dvar: 8.51154950965e-008
        dvar2: 2.34768691598e-007
        max: 0.00429084710777
        mean: 0.000305683410261
        median: 0.000148708146298
        min: 2.51388166379e-023
        var: 1.46999227013e-007
    spectral_energyband_middle_high:
        dmean: 0.000657683820464
        dmean2: 0.0010789714288
        dvar: 4.93787013056e-007
        dvar2: 1.27173711917e-006
        max: 0.0118767982349
        mean: 0.00307883159257
        median: 0.00314806145616
        min: 1.37527743346e-021
        var: 3.26407484863e-006
    spectral_energyband_middle_low:
        dmean: 0.000505812698975
        dmean2: 0.000849287840538
        dvar: 5.90600450323e-007
        dvar2: 1.62801745773e-006
        max: 0.00975114200264
        mean: 0.00136831786949
        median: 0.00114753481466
        min: 1.95730956113e-022
        var: 1.40363511036e-006
    spectral_flatness_db:
        dmean: 0.014361823909
        dmean2: 0.0230932552367
        dvar: 0.000227031428949
        dvar2: 0.0005531454226
        max: 0.423674851656
        mean: 0.164952382445
        median: 0.133324310184
        min: 0.0564360395074
        var: 0.00464169681072
    spectral_flux:
        dmean: 0.00553518440574
        dmean2: 0.00864499248564
        dvar: 3.61646161764e-005
        dvar2: 7.25717618479e-005
        max: 0.107362501323
        mean: 0.04230665043
        median: 0.0449527278543
        min: 6.44130512817e-011
        var: 0.000292639160762
    spectral_kurtosis:
        dmean: 2.58787083626
        dmean2: 4.51596832275
        dvar: 24.0448131561
        dvar2: 74.4786300659
        max: 76.9605026245
        mean: 6.36036872864
        median: 3.45250582695
        min: -1.23754811287
        var: 59.8300094604
    spectral_rms:
        dmean: 0.000216905900743
        dmean2: 0.000354972173227
        dvar: 5.68421647529e-008
        dvar2: 1.43768630778e-007
        max: 0.00439682090655
        mean: 0.00210071634501
        median: 0.00229066517204
        min: 3.14968992728e-012
        var: 5.43775115602e-007
    spectral_rolloff:
        dmean: 222.19392395
        dmean2: 374.399078369
        dvar: 112310.625
        dvar2: 235044.15625
        max: 19509.0820313
        mean: 3357.78051758
        median: 3466.84570313
        min: 193.798828125
        var: 896389.3125
    spectral_skewness:
        dmean: 0.246331006289
        dmean2: 0.422429800034
        dvar: 0.133443906903
        dvar2: 0.409620791674
        max: 5.55213785172
        mean: 1.42659449577
        median: 1.32192289829
        min: -0.0676100626588
        var: 0.282388359308
    spectral_spread:
        dmean: 406514.90625
        dmean2: 642916.75
        dvar: 467318243328
        dvar2: 852438614016
        max: 42030300
        mean: 4034916
        median: 4372320
        min: 562437.875
        var: 5.28691494912e+012
    spectral_strongpeak:
        dmean: 0.43787124753
        dmean2: 0.764352023602
        dvar: 0.30431163311
        dvar2: 0.827854692936
        max: 5.056432724
        mean: 0.629423320293
        median: 0.381550163031
        min: 1.52167181633e-010
        var: 0.430536717176
    zerocrossingrate:
        dmean: 0.00585453538224
        dmean2: 0.00741296308115
        dvar: 5.50051408936e-005
        dvar2: 7.37828013371e-005
        max: 0.5185546875
        mean: 0.107817463577
        median: 0.1083984375
        min: 0.0146484375
        var: 0.000826155534014
    barkbands:
        dmean: [4.57754822492e-007, 5.59731197427e-005, 8.89821603778e-005, 0.000103744554508, 0.000193453379325, 0.000115830349387, 0.000149665851495, 0.000112627742055, 0.00014069408644, 9.85380393104e-005, 6.0815425968e-005, 5.61981869396e-005, 5.71920791117e-005, 8.03330622148e-005, 7.77383247623e-005, 0.000210689599044, 0.000258554209722, 0.000222057409701, 0.000208552723052, 0.000145458325278, 8.68401912157e-005, 2.8165666663e-005, 8.39918811835e-006, 4.02281011702e-006, 2.09975473808e-006, 8.3787867311e-008, 7.033571503e-010]
        dmean2: [7.05984746219e-007, 9.80409240583e-005, 0.00015613832511, 0.000172752610524, 0.000319363665767, 0.000196632667212, 0.000252714264207, 0.000192136692931, 0.000235464816797, 0.000165491277585, 9.90520202322e-005, 9.31029862841e-005, 9.56827789196e-005, 0.000134957488626, 0.000125586302602, 0.00036079986603, 0.000435280846432, 0.000378263765015, 0.000357194949174, 0.000248959637247, 0.000152097549289, 4.71099992865e-005, 1.37964352689e-005, 6.26057135378e-006, 3.41622649103e-006, 1.34217870595e-007, 1.17648424336e-009]
        dvar: [7.69445434017e-013, 1.38441409447e-008, 2.90615549403e-008, 3.34097585153e-008, 1.53032331696e-007, 7.28534885752e-008, 1.04548327329e-007, 4.59162201594e-008, 6.41667767809e-008, 3.7605797587e-008, 1.55860000461e-008, 1.11670672709e-008, 1.39106024477e-008, 1.80019767981e-008, 2.15908748658e-008, 7.62259233511e-008, 1.02419690506e-007, 7.49184323467e-008, 6.20177829092e-008, 4.23798311999e-008, 2.27274910003e-008, 2.91572632705e-009, 2.89554796806e-010, 1.04582509319e-010, 3.76063451213e-011, 1.3735648903e-013, 4.11052929748e-018]
        dvar2: [1.73584757679e-012, 3.87013727732e-008, 8.26217316785e-008, 8.51522301559e-008, 4.15077806792e-007, 1.8778644062e-007, 2.70876711284e-007, 1.27893400759e-007, 1.77402725399e-007, 1.03153844577e-007, 4.04282545219e-008, 2.78781104868e-008, 3.67315671213e-008, 4.78621693389e-008, 5.3912874165e-008, 2.1298528452e-007, 2.77306895669e-007, 2.09094054071e-007, 1.79348390361e-007, 1.08781854635e-007, 6.24111891057e-008, 7.74990827068e-009, 7.05009550739e-010, 2.13204801036e-010, 8.80962733318e-011, 3.27863821162e-013, 9.57975403627e-018]
        max: [7.45088755139e-006, 0.00102768477518, 0.0029199521523, 0.0028345589526, 0.00632561184466, 0.00475724972785, 0.00501917582005, 0.0029925534036, 0.0033733707387, 0.00383435445838, 0.00342137413099, 0.00182722229511, 0.00286531657912, 0.00244479021057, 0.00356876431033, 0.00589535012841, 0.00594543246552, 0.00406069587916, 0.00350439478643, 0.00470814155415, 0.00254647154361, 0.000968431297224, 0.000281391752651, 0.00023996681557, 0.000103353144368, 1.17235958896e-005, 7.48186010924e-008]
        mean: [7.23184882645e-007, 7.69051184761e-005, 0.00014276735601, 0.000224879360758, 0.000367218133761, 0.000153928849613, 0.000194087158889, 0.000155727320816, 0.000213835533941, 0.000155382964294, 0.000101506011561, 9.1737274488e-005, 9.37688382692e-005, 0.000141566735692, 0.000144898411236, 0.000437572918599, 0.000583139888477, 0.000551206234377, 0.000577518541832, 0.000389388937037, 0.000190534701687, 6.25706743449e-005, 1.72425625351e-005, 8.64076810103e-006, 3.82115058528e-006, 1.29430787865e-007, 1.00635022537e-009]
        median: [1.88238487908e-007, 2.43544800469e-005, 3.87750878872e-005, 6.72477763146e-005, 0.000180874820217, 7.68758691265e-005, 8.53910896694e-005, 6.38119818177e-005, 8.14090308268e-005, 7.95600062702e-005, 5.52480705664e-005, 4.83827061544e-005, 4.23742458224e-005, 8.89624643605e-005, 9.23593470361e-005, 0.000346667657141, 0.000490418984555, 0.000492637162097, 0.00057531130733, 0.000348011148162, 0.00017101719277, 4.70927188871e-005, 1.05999033622e-005, 4.39944096797e-006, 2.05624587579e-006, 5.2390891625e-008, 4.91304885664e-010]
        min: [7.13722495644e-025, 5.71121253656e-024, 1.70272056796e-024, 1.7606306498e-024, 8.53184781205e-024, 1.39841435777e-023, 4.73378626486e-024, 5.54656740488e-024, 2.03004424053e-023, 2.21750693724e-023, 3.20008210407e-023, 3.16150649026e-023, 2.30075369307e-023, 2.71200818221e-023, 8.37016004102e-023, 7.3175368657e-023, 7.73336185715e-023, 1.28299693915e-022, 9.59935553047e-023, 2.30927077183e-022, 2.34946733703e-022, 2.34459886617e-022, 4.36859254356e-022, 6.02504746862e-022, 9.96452037945e-022, 1.26024843732e-021, 2.13432893852e-021]
        var: [1.23700355514e-012, 1.44878535835e-008, 4.26469171089e-008, 1.13412262692e-007, 2.51157331377e-007, 7.79309559107e-008, 1.22426143889e-007, 6.23603781946e-008, 1.07969221119e-007, 6.12756778651e-008, 2.39644091238e-008, 1.94244815788e-008, 2.4669517984e-008, 3.36010863577e-008, 4.02846858094e-008, 1.50231826979e-007, 2.45878737815e-007, 1.93517593061e-007, 2.04003370641e-007, 1.28959200651e-007, 3.65126773261e-008, 5.35992228379e-009, 5.62723478925e-010, 2.26956037297e-010, 5.24534131408e-011, 1.66045928634e-013, 5.71904651867e-018]
    frequency_bands:
        dmean: [4.57754822492e-007, 5.59731197427e-005, 8.89821603778e-005, 0.000103744554508, 0.000193453379325, 0.000115830349387, 0.000149665851495, 0.000112627742055, 0.00014069408644, 9.85380393104e-005, 6.0815425968e-005, 5.61981869396e-005, 5.71920791117e-005, 8.03330622148e-005, 7.77383247623e-005, 0.000210689599044, 0.000258554209722, 0.000222057409701, 0.000208552723052, 0.000145458325278, 8.68401912157e-005, 2.8165666663e-005, 8.39918811835e-006, 4.02281011702e-006, 2.09975473808e-006, 8.3787867311e-008, 7.033571503e-010, 5.54442325384e-011]
        dmean2: [7.05984746219e-007, 9.80409240583e-005, 0.00015613832511, 0.000172752610524, 0.000319363665767, 0.000196632667212, 0.000252714264207, 0.000192136692931, 0.000235464816797, 0.000165491277585, 9.90520202322e-005, 9.31029862841e-005, 9.56827789196e-005, 0.000134957488626, 0.000125586302602, 0.00036079986603, 0.000435280846432, 0.000378263765015, 0.000357194949174, 0.000248959637247, 0.000152097549289, 4.71099992865e-005, 1.37964352689e-005, 6.26057135378e-006, 3.41622649103e-006, 1.34217870595e-007, 1.17648424336e-009, 1.02560807069e-010]
        dvar: [7.69445434017e-013, 1.38441409447e-008, 2.90615549403e-008, 3.34097585153e-008, 1.53032331696e-007, 7.28534885752e-008, 1.04548327329e-007, 4.59162201594e-008, 6.41667767809e-008, 3.7605797587e-008, 1.55860000461e-008, 1.11670672709e-008, 1.39106024477e-008, 1.80019767981e-008, 2.15908748658e-008, 7.62259233511e-008, 1.02419690506e-007, 7.49184323467e-008, 6.20177829092e-008, 4.23798311999e-008, 2.27274910003e-008, 2.91572632705e-009, 2.89554796806e-010, 1.04582509319e-010, 3.76063451213e-011, 1.3735648903e-013, 4.11052929748e-018, 6.90969653501e-021]
        dvar2: [1.73584757679e-012, 3.87013727732e-008, 8.26217316785e-008, 8.51522301559e-008, 4.15077806792e-007, 1.8778644062e-007, 2.70876711284e-007, 1.27893400759e-007, 1.77402725399e-007, 1.03153844577e-007, 4.04282545219e-008, 2.78781104868e-008, 3.67315671213e-008, 4.78621693389e-008, 5.3912874165e-008, 2.1298528452e-007, 2.77306895669e-007, 2.09094054071e-007, 1.79348390361e-007, 1.08781854635e-007, 6.24111891057e-008, 7.74990827068e-009, 7.05009550739e-010, 2.13204801036e-010, 8.80962733318e-011, 3.27863821162e-013, 9.57975403627e-018, 2.1737417925e-020]
        max: [7.45088755139e-006, 0.00102768477518, 0.0029199521523, 0.0028345589526, 0.00632561184466, 0.00475724972785, 0.00501917582005, 0.0029925534036, 0.0033733707387, 0.00383435445838, 0.00342137413099, 0.00182722229511, 0.00286531657912, 0.00244479021057, 0.00356876431033, 0.00589535012841, 0.00594543246552, 0.00406069587916, 0.00350439478643, 0.00470814155415, 0.00254647154361, 0.000968431297224, 0.000281391752651, 0.00023996681557, 0.000103353144368, 1.17235958896e-005, 7.48186010924e-008, 1.04234454401e-009]
        mean: [7.23184882645e-007, 7.69051184761e-005, 0.00014276735601, 0.000224879360758, 0.000367218133761, 0.000153928849613, 0.000194087158889, 0.000155727320816, 0.000213835533941, 0.000155382964294, 0.000101506011561, 9.1737274488e-005, 9.37688382692e-005, 0.000141566735692, 0.000144898411236, 0.000437572918599, 0.000583139888477, 0.000551206234377, 0.000577518541832, 0.000389388937037, 0.000190534701687, 6.25706743449e-005, 1.72425625351e-005, 8.64076810103e-006, 3.82115058528e-006, 1.29430787865e-007, 1.00635022537e-009, 4.3341396444e-011]
        median: [1.88238487908e-007, 2.43544800469e-005, 3.87750878872e-005, 6.72477763146e-005, 0.000180874820217, 7.68758691265e-005, 8.53910896694e-005, 6.38119818177e-005, 8.14090308268e-005, 7.95600062702e-005, 5.52480705664e-005, 4.83827061544e-005, 4.23742458224e-005, 8.89624643605e-005, 9.23593470361e-005, 0.000346667657141, 0.000490418984555, 0.000492637162097, 0.00057531130733, 0.000348011148162, 0.00017101719277, 4.70927188871e-005, 1.05999033622e-005, 4.39944096797e-006, 2.05624587579e-006, 5.2390891625e-008, 4.91304885664e-010, 1.44042356168e-011]
        min: [7.13722495644e-025, 5.71121253656e-024, 1.70272056796e-024, 1.7606306498e-024, 8.53184781205e-024, 1.39841435777e-023, 4.73378626486e-024, 5.54656740488e-024, 2.03004424053e-023, 2.21750693724e-023, 3.20008210407e-023, 3.16150649026e-023, 2.30075369307e-023, 2.71200818221e-023, 8.37016004102e-023, 7.3175368657e-023, 7.73336185715e-023, 1.28299693915e-022, 9.59935553047e-023, 2.30927077183e-022, 2.34946733703e-022, 2.34459886617e-022, 4.36859254356e-022, 6.02504746862e-022, 9.96452037945e-022, 1.26024843732e-021, 2.13432893852e-021, 4.01224703328e-022]
        var: [1.23700355514e-012, 1.44878535835e-008, 4.26469171089e-008, 1.13412262692e-007, 2.51157331377e-007, 7.79309559107e-008, 1.22426143889e-007, 6.23603781946e-008, 1.07969221119e-007, 6.12756778651e-008, 2.39644091238e-008, 1.94244815788e-008, 2.4669517984e-008, 3.36010863577e-008, 4.02846858094e-008, 1.50231826979e-007, 2.45878737815e-007, 1.93517593061e-007, 2.04003370641e-007, 1.28959200651e-007, 3.65126773261e-008, 5.35992228379e-009, 5.62723478925e-010, 2.26956037297e-010, 5.24534131408e-011, 1.66045928634e-013, 5.71904651867e-018, 5.57854038228e-021]
    mfcc:
        mean: [-709.705505371, 93.7788467407, -68.7396697998, 41.8167304993, -6.65828037262, -18.7976932526, -7.90094852448, -4.56070661545, -1.5257474184, -7.35009336472, -8.12116909027, -5.28210020065, -7.36551904678]
        cov: [[6847.86376953, -1363.98242188, 1524.37854004, 958.896789551, -666.24786377, 751.155822754, 234.483856201, 485.974060059, 249.598937988, 103.125045776, 260.465942383, 89.7926025391, 143.836029053], [-1363.98242188, 1309.41418457, -391.862731934, -59.7389297485, 455.171508789, -136.768814087, 57.1891288757, -68.4393234253, -6.77387619019, 3.85341882706, -48.483669281, 1.63687324524, -54.4814796448], [1524.37854004, -391.862731934, 929.565246582, 356.600524902, -54.2432136536, 322.883209229, 119.868080139, 200.972610474, 94.6476974487, 60.0301704407, 63.7895965576, 22.2540302277, 67.1058959961], [958.896789551, -59.7389297485, 356.600524902, 553.743164063, 8.79712486267, 216.294586182, 144.071517944, 71.6153793335, 95.2580337524, 24.8099346161, 18.403886795, 11.2976922989, 61.2582511902], [-666.24786377, 455.171508789, -54.2432136536, 8.79712486267, 386.757781982, 3.04255414009, 24.5136890411, -26.2083454132, 6.6164484024, 34.2524681091, -25.8691368103, 2.23096728325, -15.9226417542], [751.155822754, -136.768814087, 322.883209229, 216.294586182, 3.04255414009, 238.035858154, 105.945549011, 99.5650405884, 59.1868743896, 32.9373245239, 50.5782279968, 26.6254997253, 39.4649887085], [234.483856201, 57.1891288757, 119.868080139, 144.071517944, 24.5136890411, 105.945549011, 187.819717407, 98.5768890381, 64.9387359619, 16.8323516846, 12.1642866135, 20.7730617523, 16.0957317352], [485.974060059, -68.4393234253, 200.972610474, 71.6153793335, -26.2083454132, 99.5650405884, 98.5768890381, 179.225967407, 70.9708786011, 18.7476482391, 37.2831497192, 25.4477519989, 19.7424736023], [249.598937988, -6.77387619019, 94.6476974487, 95.2580337524, 6.6164484024, 59.1868743896, 64.9387359619, 70.9708786011, 99.3378295898, 46.3008422852, 24.989736557, 16.9574985504, 15.8174657822], [103.125045776, 3.85341882706, 60.0301704407, 24.8099346161, 34.2524681091, 32.9373245239, 16.8323516846, 18.7476482391, 46.3008422852, 81.5174407959, 37.5145835876, 16.3803844452, 9.58542156219], [260.465942383, -48.483669281, 63.7895965576, 18.403886795, -25.8691368103, 50.5782279968, 12.1642866135, 37.2831497192, 24.989736557, 37.5145835876, 86.3040390015, 42.728351593, 17.355764389], [89.7926025391, 1.63687324524, 22.2540302277, 11.2976922989, 2.23096728325, 26.6254997253, 20.7730617523, 25.4477519989, 16.9574985504, 16.3803844452, 42.728351593, 63.306098938, 31.1137599945], [143.836029053, -54.4814796448, 67.1058959961, 61.2582511902, -15.9226417542, 39.4649887085, 16.0957317352, 19.7424736023, 15.8174657822, 9.58542156219, 17.355764389, 31.1137599945, 68.8110809326]]
        icov: [[0.00040204852121, 4.17306437157e-005, -0.000193988220417, -0.000447848025942, 0.000585196830798, -0.000565531721804, 0.000450873863883, -0.000512948958203, 7.97859247541e-005, -0.000178013549885, -0.000229718076298, -0.000177744732355, 0.000426740938565], [4.17306437157e-005, 0.00173242716119, 0.000431556574767, -0.00036018845276, -0.00192815507762, 0.00108750013169, -0.000895411300007, -0.000118763273349, -4.29194442404e-005, 0.000549397314899, -0.000680240918882, -0.000177765643457, 0.000543147383723], [-0.000193988220417, 0.000431556574767, 0.00280013913289, -0.000658002740238, -0.000470577477245, -0.00209326087497, 0.000804241455626, -0.00202086125501, 0.0010681708809, -0.00134434748907, 0.000830479839351, 0.00055702845566, -0.000434061978012], [-0.000447848025942, -0.00036018845276, -0.000658002740238, 0.00443260464817, -0.000412819907069, -0.00157947686967, -0.00198324001394, 0.00304062804207, -0.00327773578465, 0.00195578485727, 0.000253360456554, 0.00166459730826, -0.00258711725473], [0.000585196830798, -0.00192815507762, -0.000470577477245, -0.000412819907069, 0.00629007583484, -0.00287285330705, 0.00137380568776, -0.000372417940525, 0.000900207611267, -0.00356352399103, 0.00309275579639, -0.00192263349891, 0.00134396832436], [-0.000565531721804, 0.00108750013169, -0.00209326087497, -0.00157947686967, -0.00287285330705, 0.0138319674879, -0.00451593287289, -4.35279616795e-005, 0.00074647954898, 0.00111821177416, -0.00516840163618, 0.00140905682929, -0.00169917580206], [0.000450873863883, -0.000895411300007, 0.000804241455626, -0.00198324001394, 0.00137380568776, -0.00451593287289, 0.011756375432, -0.00516335247084, -0.00178853806574, -0.000757181318477, 0.00365185900591, -0.0032705317717, 0.00204351893626], [-0.000512948958203, -0.000118763273349, -0.00202086125501, 0.00304062804207, -0.000372417940525, -4.35279616795e-005, -0.00516335247084, 0.0140462284908, -0.00784834846854, 0.00511676212773, -0.00297067966312, 0.000198981200811, -0.000890715629794], [7.97859247541e-005, -4.29194442404e-005, 0.0010681708809, -0.00327773578465, 0.000900207611267, 0.00074647954898, -0.00178853806574, -0.00784834846854, 0.0237770080566, -0.0127706043422, 0.00239356118254, -0.00142181059346, 0.000478357775137], [-0.000178013549885, 0.000549397314899, -0.00134434748907, 0.00195578485727, -0.00356352399103, 0.00111821177416, -0.000757181318477, 0.00511676212773, -0.0127706043422, 0.0245956685394, -0.010700029321, 0.0033066009637, -0.00166678847745], [-0.000229718076298, -0.000680240918882, 0.000830479839351, 0.000253360456554, 0.00309275579639, -0.00516840163618, 0.00365185900591, -0.00297067966312, 0.00239356118254, -0.010700029321, 0.0270371213555, -0.0159878991544, 0.00393415708095], [-0.000177744732355, -0.000177765643457, 0.00055702845566, 0.00166459730826, -0.00192263349891, 0.00140905682929, -0.0032705317717, 0.000198981200811, -0.00142181059346, 0.0033066009637, -0.0159878991544, 0.0328867062926, -0.0133107965812], [0.000426740938565, 0.000543147383723, -0.000434061978012, -0.00258711725473, 0.00134396832436, -0.00169917580206, 0.00204351893626, -0.000890715629794, 0.000478357775137, -0.00166678847745, 0.00393415708095, -0.0133107965812, 0.023008659482]]
    sccoeffs:
        dmean: [0.0514555461705, 0.0494241677225, 0.0374192893505, 0.0315694324672, 0.0213271137327, 0.0186670664698]
        dmean2: [0.0843686386943, 0.0832394137979, 0.062541924417, 0.0534282140434, 0.0353293009102, 0.0301928091794]
        dvar: [0.00184233777691, 0.00168247253168, 0.000897822203115, 0.00063058338128, 0.000302785338135, 0.000330918410327]
        dvar2: [0.00483584357426, 0.00467702234164, 0.00246368860826, 0.00176512531471, 0.000783966330346, 0.000788306642789]
        max: [-0.288564503193, -0.371706813574, -0.488675147295, -0.543987452984, -0.485343247652, -0.571663379669]
        mean: [-0.650904536247, -0.757758259773, -0.7893024683, -0.779214799404, -0.771661818027, -0.748779177666]
        median: [-0.659522414207, -0.762137174606, -0.793549597263, -0.786912500858, -0.785347044468, -0.750909864902]
        min: [-0.981308102608, -0.988743960857, -0.992944359779, -0.988821327686, -0.989508032799, -0.964940369129]
        var: [0.00827114284039, 0.00382327334955, 0.00235814554617, 0.00228525791317, 0.002645467408, 0.00176426849794]
    scvalleys:
        dmean: [0.421769499779, 0.367652028799, 0.297376185656, 0.235313683748, 0.180734679103, 0.279345631599]
        dmean2: [0.679582297802, 0.606747210026, 0.485659897327, 0.38310277462, 0.293873846531, 0.439305871725]
        dvar: [0.158865660429, 0.122579410672, 0.0797409489751, 0.069079503417, 0.0626141577959, 0.146934151649]
        dvar2: [0.334913909435, 0.294479221106, 0.174682542682, 0.14520701766, 0.121357180178, 0.313536942005]
        max: [-4.97596216202, -4.4339723587, -5.13566398621, -5.49578094482, -5.56650352478, -7.1812915802]
        mean: [-7.6057472229, -6.77101516724, -6.93132734299, -6.98670196533, -6.88815021515, -10.0376853943]
        median: [-6.91973972321, -6.5123591423, -6.67746353149, -6.75928115845, -6.36147212982, -9.07004070282]
        min: [-27.960351944, -27.7060108185, -27.7328281403, -27.6334915161, -27.4736747742, -27.3479366302]
        var: [3.37362194061, 1.81062412262, 1.6532791853, 1.44395804405, 1.95024347305, 4.39458465576]

rhythm:
    beats_loudness:
        dmean: 0.00160296540707
        dmean2: 0.0026381786447
        dvar: 2.02708861252e-006
        dvar2: 5.74659543418e-006
        max: 0.0145806334913
        mean: 0.00524255586788
        median: 0.00542548904195
        min: 1.7471195931e-012
        var: 8.33323338156e-006
    bpm: 127.990028381
    bpm_confidence: 0
    first_peak_bpm: 129
    first_peak_spread: 0.422857135534
    first_peak_weight: 0.524221479893
    onset_rate: 1.83991408348
    second_peak_bpm: 167
    second_peak_spread: 0
    second_peak_weight: 0.0207612458616
    beats_loudness_band_ratio:
        dmean: [0.0941501557827, 0.0791880264878, 0.0695480257273, 0.054730463773, 0.10986995697, 0.0703650340438]
        dmean2: [0.168091580272, 0.138742133975, 0.121231816709, 0.0932818949223, 0.186763852835, 0.120938003063]
        dvar: [0.0093109831214, 0.00683620711789, 0.00525114685297, 0.00468061724678, 0.00861489214003, 0.00532692670822]
        dvar2: [0.0266743227839, 0.0193949081004, 0.0150355864316, 0.0122168743983, 0.0236327741295, 0.0146763203666]
        max: [0.768619596958, 0.698156833649, 0.693739175797, 0.638673901558, 0.95839625597, 0.661369383335]
        mean: [0.138731375337, 0.101715765893, 0.107169613242, 0.0965597182512, 0.397600442171, 0.203898891807]
        median: [0.102915897965, 0.0791712552309, 0.0881378427148, 0.0768034309149, 0.359647035599, 0.217066422105]
        min: [0, 0, 0, 0, 0, 0]
        var: [0.019605640322, 0.00811828207225, 0.00625453470275, 0.00607487605885, 0.0262909717858, 0.014359947294]
    beats_position: [0.452789098024, 0.9287981987, 1.40480720997, 1.88081634045, 2.35682535172, 2.83283448219, 3.30884337425, 3.78485250473, 4.26086139679, 4.73687076569, 5.21287965775, 5.6888885498, 6.17650794983, 6.65251684189, 7.12852573395, 7.60453510284, 8.08054447174, 8.56816291809, 9.04417228699, 9.52018165588, 9.98458003998, 10.4605894089, 10.9249887466, 11.4009971619, 11.8770065308, 12.3530158997, 12.8174142838, 13.2818136215, 13.7462129593, 14.2106122971, 14.6750106812, 15.15102005, 15.6270294189, 16.1030387878, 16.5790481567, 17.0550556183, 17.5194549561, 17.9838542938, 18.4482536316, 18.9126529694, 19.3886623383, 19.853061676, 20.3174591064, 20.7818584442, 21.246257782, 21.7106571198, 22.1866664886, 22.6510658264, 23.1154651642, 23.5798625946, 24.0558719635, 24.5202713013, 24.984670639, 25.4490699768, 25.9134693146, 26.3778686523, 26.8538761139, 27.3298854828, 27.7942848206, 28.2702941895, 28.7463035583, 29.2107028961, 29.6751022339, 30.1394996643, 30.6038990021, 31.0682983398, 31.5326976776, 32.0087051392, 32.4847145081, 32.9491157532, 33.4135131836, 33.8779144287, 34.3539237976, 34.8299331665, 35.2943305969, 35.7587280273, 36.2231292725, 36.6875267029, 37.1635360718, 37.6279373169, 38.1039466858, 38.5683441162, 39.0327415466, 39.5087509155, 39.9847602844, 40.4491615295, 40.91355896, 41.3779602051, 41.8539657593, 42.3183670044, 42.7827644348, 43.2587738037, 43.7347831726, 44.1991844177, 44.6751937866, 45.139591217, 45.6156005859, 46.0683898926, 46.497959137, 46.9275283813, 47.3687057495, 47.7982749939, 48.2278442383, 48.6690254211, 49.1218147278, 49.5746040344, 50.0157814026, 50.4685707092, 50.8284797668, 51.1883888245, 51.5482978821, 51.9082069397, 52.2681159973, 52.6280250549, 52.9879341125, 53.3478431702, 53.7077522278, 54.0676651001, 54.4275741577, 54.7990913391, 55.1706123352, 55.5421295166, 55.9136505127, 56.2735595703, 56.7379570007, 57.2139663696, 57.6899757385, 58.1775970459, 58.6536026001, 59.1412239075, 59.6288414001, 60.1164627075, 60.5924720764, 61.0568695068, 61.5328788757, 62.0088882446, 62.4848976135, 62.9492950439, 63.4136962891, 63.8780937195, 64.3424911499, 64.8185043335, 65.2945098877, 65.7589111328, 66.234916687, 66.7109298706, 67.1753311157, 67.6397247314, 68.1041259766, 68.5685272217, 69.0445327759, 69.5205459595, 69.9849395752, 70.4609527588, 70.9137420654, 71.3781356812, 71.8425369263, 72.3185501099, 72.7945556641, 73.2589569092, 73.7233581543, 74.18775177, 74.6521530151, 75.1165542603, 75.5925598145, 76.068572998, 76.5329666138, 76.9973678589, 77.461769104, 77.9261627197, 78.4021759033, 78.8781814575, 79.3541946411, 79.8302001953, 80.2946014404, 80.7590026855, 81.2350082397, 81.7110214233, 82.1754150391, 82.6398162842, 83.1042175293, 83.5686187744, 84.0330123901, 84.4974136353, 84.9618148804, 85.4262084961, 85.9022216797, 86.3782272339, 86.8542404175, 87.3302459717, 87.7946472168, 88.2590484619, 88.7350540161, 89.1994552612, 89.6638565063, 90.1282501221, 90.6042633057, 91.0686569214, 91.5330581665, 92.0090713501, 92.4850769043, 92.9494781494, 93.4138793945, 93.8782730103, 94.3542861938, 94.8186798096, 95.2830810547, 95.7474822998, 96.223487854, 96.6878890991, 97.1638946533, 97.6399078369, 98.104309082, 98.5687026978, 99.0331039429, 99.497505188, 99.9735107422, 100.449523926, 100.913917542, 101.378318787, 101.85433197, 102.318725586, 102.783126831, 103.259140015, 103.72353363, 104.187934875, 104.652336121, 105.116729736, 105.627571106, 106.138412476, 106.660858154, 107.183311462, 107.705757141, 108.22820282, 108.727432251, 109.226661682, 109.725891113, 110.248344421, 110.759178162, 111.270019531, 111.804077148, 112.338134766, 112.872200012, 113.429473877, 113.975143433, 114.544036865, 115.112922668, 115.681808472, 116.227478027, 116.784759521, 117.330429077, 117.794830322, 118.270835876, 118.735237122, 119.199638367, 119.664031982, 120.128433228, 120.592834473, 121.057228088, 121.533241272, 122.009246826, 122.48526001, 122.949661255, 123.414054871, 123.878456116, 124.342857361, 124.807250977, 125.28326416, 125.759269714, 126.223670959, 126.699676514, 127.175689697, 127.640090942, 128.104492188, 128.568893433, 129.033279419, 129.509292603, 129.985305786, 130.46131897, 130.914108276, 131.378494263, 131.854507446, 132.318908691, 132.794921875, 133.25932312, 133.723709106, 134.188110352, 134.652511597, 135.116912842, 135.581314087, 136.057327271, 136.533325195, 136.99772644, 137.462127686, 137.926528931, 138.402542114, 138.878540039, 139.354553223, 139.830566406, 140.294967651, 140.759368896, 141.235366821, 141.699768066, 142.17578125, 142.628570557, 143.10458374, 143.568969727, 144.033370972, 144.497772217, 144.962173462, 145.426574707, 145.902587891, 146.378585815, 146.842987061, 147.307388306, 147.783401489, 148.247802734, 148.723800659, 149.188201904, 149.652603149, 150.117004395, 150.593017578, 151.069015503, 151.533416748, 152.009429932, 152.485443115, 152.94984436, 153.414230347, 153.878631592, 154.354644775, 154.819046021, 155.283447266, 155.747848511, 156.223846436, 156.688247681, 157.164260864, 157.640274048, 158.104675293, 158.569061279, 159.033462524, 159.49786377, 159.973876953, 160.449890137, 160.914276123, 161.378677368, 161.854690552, 162.319091797, 162.783493042, 163.259490967, 163.723892212, 164.188293457, 164.652694702, 165.117095947, 165.581497192, 166.045898438, 166.510284424, 166.986297607, 167.462310791, 167.938323975, 168.40272522, 168.878723145, 169.34312439, 169.819137573, 170.295150757, 170.771148682, 171.247161865, 171.71156311, 172.175964355, 172.640365601, 173.104751587, 173.569152832, 174.033554077, 174.497955322, 174.962356567, 175.426757813, 175.891159058, 176.367156982, 176.843170166, 177.31918335, 177.795196533, 178.271194458, 178.735595703, 179.199996948, 179.676010132, 180.140411377, 180.604797363, 181.069198608, 181.533599854, 182.009613037, 182.474014282, 182.950012207, 183.414413452, 183.878814697, 184.343215942, 184.819229126, 185.29524231, 185.771240234, 186.247253418, 186.711654663, 187.176055908, 187.628845215, 188.09324646, 188.546035767, 189.022033691, 189.498046875, 189.974060059, 190.450057983, 190.914459229, 191.378860474, 191.843261719, 192.319274902, 192.783676147, 193.259674072, 193.735687256, 194.200088501, 194.676101685, 195.140487671, 195.604888916, 196.069290161, 196.545303345, 197.021316528, 197.485717773, 197.95010376, 198.414505005, 198.87890625, 199.354919434, 199.830932617, 200.295318604, 200.759719849, 201.224121094, 201.688522339, 202.152923584, 202.617324829, 203.093322754, 203.569335938, 204.045349121, 204.509750366, 204.985748291, 205.450149536, 205.914550781, 206.378952026, 206.85496521, 207.330978394, 207.79536438, 208.271377563, 208.747390747, 209.211791992, 209.676193237, 210.140579224, 210.604980469, 211.069381714, 211.533782959, 211.998184204, 212.462585449, 212.926986694, 213.402984619, 213.878997803, 214.355010986, 214.831008911, 215.295410156, 215.748199463, 216.212600708, 216.677001953, 217.153015137, 217.617416382, 218.093414307, 218.56942749, 219.033828735, 219.49822998, 219.962631226, 220.427032471, 220.903030396, 221.367431641, 221.843444824, 222.319458008, 222.795455933, 223.271469116, 223.7474823, 224.211883545, 224.676269531, 225.140670776, 225.605072021, 226.069473267, 226.533874512, 227.009887695, 227.48588562, 227.950286865, 228.41468811, 228.879089355, 229.355102539, 229.819503784, 230.283889771, 230.759902954, 231.224304199, 231.688705444, 232.164718628, 232.640716553, 233.105117798, 233.569519043, 234.033920288, 234.498321533, 234.974319458, 235.450332642, 235.914733887, 236.379135132, 236.843536377, 237.307937622, 237.772338867, 238.248336792, 238.724349976, 239.200363159, 239.676361084, 240.140762329, 240.605163574, 241.069564819, 241.533966064, 242.009979248, 242.485977173, 242.950378418, 243.414779663, 243.879180908, 244.343582153, 244.807983398, 245.283981323, 245.759994507, 246.224395752, 246.688796997, 247.164810181, 247.640808105, 248.105209351, 248.569610596, 249.034011841, 249.498413086, 249.974411011, 250.450424194, 250.914825439, 251.379226685, 251.84362793, 252.308029175, 252.772415161, 253.248428345, 253.724441528, 254.188842773, 254.664840698, 255.140853882, 255.605255127, 256.069641113, 256.545654297, 257.010070801, 257.474456787, 257.938873291, 258.414855957, 258.879272461, 259.355285645, 259.831298828, 260.295684814, 260.760070801, 261.224487305, 261.688873291, 262.153289795, 262.617675781, 263.093688965, 263.569702148, 264.045715332, 264.510101318, 264.986114502, 265.450531006, 265.914916992, 266.379302979, 266.855316162, 267.331329346, 267.79574585, 268.260131836, 268.724517822, 269.188934326, 269.66494751, 270.129333496, 270.59375, 271.092956543]
