
metadata:
    version:
        essentia: "2.1-beta2"
    audio_properties:
        analysis_sample_rate: 44100
        bitrate: 320
        channels: 2
        equal_loudness: 1
        length: 220.760818481
        replay_gain: -13.6323184967
        downmix: "mix"
    tags:
        album: "Between Here & Lost"
        artist: "Love And Death"
        comment: ""
        date: "2012"
        genre: "Metal"
        title: "Fading Away"
        tracknumber: "8"

configuration:
    average_loudness:
        compute: 1
        frameSize: 88200
        hopSize: 44100
        silentFrames: "noise"
        windowType: "hann"
    general:
        analysisSampleRate: 44100
        endTime: 2000
        equalLoudness: 1
        nequalLoudness: 0
        shortSound: 0
        startTime: 0
    lowlevel:
        compute: 1
        frameSize: 2048
        hopSize: 1024
        zeroPadding: 0
        silentFrames: "noise"
        windowType: "blackmanharris62"
        mfccStats: ["mean", "cov", "icov"]
        stats: ["mean", "var", "median", "min", "max", "dmean", "dmean2", "dvar", "dvar2"]
    panning:
        compute: 0
        frameSize: 8192
        hopSize: 2048
        zeroPadding: 8192
        silentFrames: "noise"
        windowType: "hann"
        stats: ["copy"]
    rhythm:
        compute: 1
        maxTempo: 208
        minTempo: 40
        method: "degara"
        stats: ["mean", "var", "median", "min", "max", "dmean", "dmean2", "dvar", "dvar2"]
    segmentation:
        compute: 0
        cpw: 5
        inc1: 300
        inc2: 50
        minimumSegmentsLength: 10
        size1: 1000
        size2: 600
    sfx:
        compute: 1
        stats: ["mean", "var", "median", "min", "max", "dmean", "dmean2", "dvar", "dvar2"]
    svm:
        compute: 0
    tonal:
        compute: 1
        frameSize: 4096
        hopSize: 2048
        zeroPadding: 0
        silentFrames: "noise"
        windowType: "blackmanharris62"
        stats: ["mean", "var", "median", "min", "max", "dmean", "dmean2", "dvar", "dvar2"]

lowlevel:
    average_loudness: 0.893437862396
    barkbands_kurtosis:
        dmean: 1.00933265686
        dmean2: 1.66379070282
        dvar: 1.45728230476
        dvar2: 3.74500322342
        max: 40.5899581909
        mean: 0.546887814999
        median: -0.381209015846
        min: -1.87038874626
        var: 6.93155241013
    barkbands_skewness:
        dmean: 0.356760770082
        dmean2: 0.58229380846
        dvar: 0.0984148383141
        dvar2: 0.257482260466
        max: 3.27855634689
        mean: -0.966997742653
        median: -0.933561563492
        min: -5.02155637741
        var: 0.456357300282
    barkbands_spread:
        dmean: 6.39270496368
        dmean2: 10.6219024658
        dvar: 40.6031990051
        dvar2: 110.983222961
        max: 70.5754699707
        mean: 28.1673946381
        median: 29.2916965485
        min: 0.990282654762
        var: 154.114990234
    dissonance:
        dmean: 0.00713512161747
        dmean2: 0.0122108235955
        dvar: 5.96894897171e-005
        dvar2: 0.000163207922014
        max: 0.500000119209
        mean: 0.488908439875
        median: 0.49193957448
        min: 0.365155428648
        var: 0.000106926745502
    hfc:
        dmean: 2.18460607529
        dmean2: 3.68573975563
        dvar: 6.67768859863
        dvar2: 18.1040172577
        max: 35.930606842
        mean: 10.9777498245
        median: 12.0049781799
        min: 1.09899560291e-016
        var: 42.6467247009
    pitch:
        dmean: 919.911682129
        dmean2: 1744.41296387
        dvar: 1504022.875
        dvar2: 3828530.75
        max: 4433.44970703
        mean: 2124.63916016
        median: 2957.67797852
        min: 77.4459762573
        var: 2171116.5
    pitch_instantaneous_confidence:
        dmean: 0.0725975856185
        dmean2: 0.121310807765
        dvar: 0.00336567917839
        dvar2: 0.00899596884847
        max: 0.889365792274
        mean: 0.349051237106
        median: 0.329704761505
        min: 0.105765163898
        var: 0.0122134536505
    pitch_salience:
        dmean: 0.0446222275496
        dmean2: 0.0755490213633
        dvar: 0.00145402085036
        dvar2: 0.00408438453451
        max: 0.924044907093
        mean: 0.720344483852
        median: 0.728922665119
        min: 0.393418848515
        var: 0.00341407698579
    silence_rate_20dB:
        dmean: 0
        dmean2: 0
        dvar: 0
        dvar2: 0
        max: 1
        mean: 1
        median: 1
        min: 1
        var: 0
    silence_rate_30dB:
        dmean: 0
        dmean2: 0
        dvar: 0
        dvar2: 0
        max: 1
        mean: 1
        median: 1
        min: 1
        var: 0
    silence_rate_60dB:
        dmean: 0.0258729495108
        dmean2: 0.0517513416708
        dvar: 0.0252051856369
        dvar2: 0.055810905993
        max: 1
        mean: 0.295509517193
        median: 0
        min: 0
        var: 0.20817553997
    spectral_centroid:
        dmean: 220.763122559
        dmean2: 361.100402832
        dvar: 67399.953125
        dvar2: 155900.4375
        max: 11677.0771484
        mean: 2373.48168945
        median: 2345.42919922
        min: 421.567077637
        var: 406952.03125
    spectral_complexity:
        dmean: 3.44320583344
        dmean2: 5.7618598938
        dvar: 12.4638299942
        dvar2: 32.4118919373
        max: 45
        mean: 20.5139350891
        median: 24
        min: 0
        var: 139.274551392
    spectral_crest:
        dmean: 1.49495971203
        dmean2: 2.55403780937
        dvar: 1.82346940041
        dvar2: 4.98823547363
        max: 18.8338794708
        mean: 6.04850101471
        median: 5.56836652756
        min: 2.54684782028
        var: 4.32649850845
    spectral_decrease:
        dmean: 2.14239709306e-010
        dmean2: 3.60271673605e-010
        dvar: 7.49333481883e-020
        dvar2: 2.01288017264e-019
        max: 1.17850048672e-028
        mean: -1.02051722628e-009
        median: -1.08092301776e-009
        min: -3.45954909164e-009
        var: 4.04186942922e-019
    spectral_energy:
        dmean: 0.000974184134975
        dmean2: 0.00163754180539
        dvar: 1.48766150687e-006
        dvar2: 4.01281477025e-006
        max: 0.0155336204916
        mean: 0.00484737427905
        median: 0.00521901668981
        min: 9.97793560917e-021
        var: 8.77614638739e-006
    spectral_energyband_high:
        dmean: 0.000176860601641
        dmean2: 0.000304728950141
        dvar: 6.49094431537e-008
        dvar2: 1.78323361411e-007
        max: 0.00339123071171
        mean: 0.000534100981895
        median: 0.000544470036402
        min: 7.19243155358e-021
        var: 1.59355337814e-007
    spectral_energyband_low:
        dmean: 0.000265386450337
        dmean2: 0.000467603764264
        dvar: 1.45950536989e-007
        dvar2: 4.17456760715e-007
        max: 0.00352707272395
        mean: 0.000356409262167
        median: 0.000266020186245
        min: 1.02969059437e-023
        var: 1.62484795396e-007
    spectral_energyband_middle_high:
        dmean: 0.000620070612058
        dmean2: 0.00102857791353
        dvar: 4.22409698331e-007
        dvar2: 1.12023860765e-006
        max: 0.0117372768
        mean: 0.00308033637702
        median: 0.00323861790821
        min: 1.3507953309e-021
        var: 3.46181127497e-006
    spectral_energyband_middle_low:
        dmean: 0.000411831046222
        dmean2: 0.000684535712935
        dvar: 5.12127769525e-007
        dvar2: 1.34213848924e-006
        max: 0.00912080332637
        mean: 0.000972456065938
        median: 0.000767304794863
        min: 1.51852581433e-022
        var: 9.72898419604e-007
    spectral_flatness_db:
        dmean: 0.0133730983362
        dmean2: 0.0208901166916
        dvar: 0.000182912408491
        dvar2: 0.000390734348912
        max: 0.446880459785
        mean: 0.151233494282
        median: 0.12885248661
        min: 0.058893866837
        var: 0.00332419411279
    spectral_flux:
        dmean: 0.00513285631314
        dmean2: 0.00808154884726
        dvar: 3.5962810216e-005
        dvar2: 7.44437566027e-005
        max: 0.0935708507895
        mean: 0.0410494692624
        median: 0.0452458672225
        min: 6.47504133644e-011
        var: 0.000297068821965
    spectral_kurtosis:
        dmean: 1.52101409435
        dmean2: 2.63807559013
        dvar: 10.8641214371
        dvar2: 34.4406051636
        max: 87.1894302368
        mean: 4.2780547142
        median: 3.27637839317
        min: -1.29792010784
        var: 24.0596561432
    spectral_rms:
        dmean: 0.000206506083487
        dmean2: 0.000342545943568
        dvar: 5.49747589673e-008
        dvar2: 1.4355101996e-007
        max: 0.00389291043393
        mean: 0.00200871331617
        median: 0.00225648493506
        min: 3.12002745688e-012
        var: 6.9421923854e-007
    spectral_rolloff:
        dmean: 220.30557251
        dmean2: 372.782470703
        dvar: 149231.59375
        dvar2: 321427
        max: 19745.9472656
        mean: 3757.89892578
        median: 3768.31054688
        min: 193.798828125
        var: 911898.125
    spectral_skewness:
        dmean: 0.173363447189
        dmean2: 0.291795641184
        dvar: 0.0598813556135
        dvar2: 0.182570263743
        max: 5.63755083084
        mean: 1.19468593597
        median: 1.18979275227
        min: -0.365836411715
        var: 0.1297352314
    spectral_spread:
        dmean: 489928.6875
        dmean2: 764536.3125
        dvar: 878570045440
        dvar2: 1.76479718605e+012
        max: 53564944
        mean: 4104438
        median: 4102348.75
        min: 595000.625
        var: 6.21103651226e+012
    spectral_strongpeak:
        dmean: 0.653356969357
        dmean2: 1.13547456264
        dvar: 0.588318943977
        dvar2: 1.54246664047
        max: 9.20535564423
        mean: 0.876275420189
        median: 0.541423916817
        min: 0
        var: 0.922385931015
    zerocrossingrate:
        dmean: 0.00571255153045
        dmean2: 0.00741831073537
        dvar: 5.89883820794e-005
        dvar2: 6.97423529346e-005
        max: 0.52685546875
        mean: 0.123004920781
        median: 0.1220703125
        min: 0.02880859375
        var: 0.000710780790541
    barkbands:
        dmean: [6.07376080097e-007, 0.000107200241473, 0.000142121396493, 0.00011941271805, 0.000178905611392, 0.000102769190562, 8.22495421744e-005, 7.99162808107e-005, 9.02548417798e-005, 7.36519868951e-005, 5.71760319872e-005, 4.47795646323e-005, 3.8920854422e-005, 5.44842951058e-005, 8.51734730531e-005, 0.000178920134204, 0.000254977145232, 0.000183147276402, 0.000252110883594, 0.000187264522538, 0.000104852835648, 2.75610273093e-005, 7.37929622119e-006, 3.75906074623e-006, 1.84178770724e-006, 5.691942917e-008, 6.37374542034e-010]
        dmean2: [9.93950266093e-007, 0.000186717588804, 0.000253065692959, 0.000210750687984, 0.000300986110233, 0.000174044893356, 0.000141585216625, 0.000129551437567, 0.0001455561287, 0.000121776509332, 9.04589469428e-005, 7.36984075047e-005, 6.46493645036e-005, 9.09281588974e-005, 0.000140692965942, 0.000293906923616, 0.000432414963143, 0.000308934424538, 0.000422924960731, 0.000321060331771, 0.000184633900062, 4.62573079858e-005, 1.25077131088e-005, 6.05622972216e-006, 3.03345314023e-006, 9.45359985849e-008, 1.11447395756e-009]
        dvar: [9.80540518572e-013, 3.12114138978e-008, 4.15724024094e-008, 3.82458757997e-008, 1.63621137972e-007, 4.80233062206e-008, 2.99500193535e-008, 2.86589774134e-008, 3.75296167476e-008, 3.10640757561e-008, 2.34712711489e-008, 5.70783731391e-009, 5.01275243536e-009, 7.50072004507e-009, 1.88642346188e-008, 6.01075811346e-008, 9.11256776703e-008, 4.57402755671e-008, 8.71224159482e-008, 5.07010753381e-008, 2.88841288665e-008, 2.54601073557e-009, 1.67791253114e-010, 5.33898758537e-011, 3.71527079934e-011, 3.50272857052e-014, 1.91551413861e-018]
        dvar2: [2.39400708459e-012, 8.74088570413e-008, 1.20558866001e-007, 1.0912078352e-007, 4.36139856674e-007, 1.28044433723e-007, 8.42168930149e-008, 6.6086265349e-008, 9.51473140276e-008, 7.4913813819e-008, 5.53814878401e-008, 1.52459520564e-008, 1.25593127009e-008, 1.96754061932e-008, 4.68899088446e-008, 1.49190753973e-007, 2.59484011167e-007, 1.26022484892e-007, 2.29731128343e-007, 1.42698368677e-007, 8.19062080382e-008, 6.45171649438e-009, 4.07958083981e-010, 1.18441187413e-010, 7.04689154252e-011, 7.55389403372e-014, 4.98036802781e-018]
        max: [8.03220700618e-006, 0.00184191437438, 0.0021262364462, 0.00242826109752, 0.00684665329754, 0.00297371158376, 0.00378829333931, 0.00330514810048, 0.00409555993974, 0.00382056436501, 0.00429070042446, 0.00147698866203, 0.00166202988476, 0.00223848596215, 0.00266041001305, 0.00516673922539, 0.00389437121339, 0.0051946034655, 0.00600732211024, 0.00335761928, 0.00189120904543, 0.00128244014923, 0.000244288443355, 0.000128232743009, 0.000152148422785, 5.27310794496e-006, 3.03635445675e-008]
        mean: [7.75320131652e-007, 0.000142611606861, 0.00014683464542, 0.000133043184178, 0.000258845218923, 0.00014736612502, 0.000119388270832, 0.000124117068481, 0.000157049435074, 0.000126563099911, 9.79146061582e-005, 8.18023545435e-005, 6.78369688103e-005, 0.000101326251752, 0.000169439503225, 0.000382715341402, 0.000596666825004, 0.000468093261588, 0.000693065987434, 0.000508806901053, 0.000235595216509, 6.28975903965e-005, 1.30870976136e-005, 8.42381541588e-006, 3.03891033582e-006, 7.93032839397e-008, 7.97849175616e-010]
        median: [3.7927293306e-007, 0.000100537508843, 7.63038551668e-005, 6.0251179093e-005, 0.000130259388243, 7.05760903656e-005, 7.35263747629e-005, 5.40998844372e-005, 6.73385948176e-005, 5.48291063751e-005, 2.85969108518e-005, 4.97633373016e-005, 4.0650327719e-005, 6.85987906763e-005, 0.000114173475595, 0.000287557515549, 0.00052615639288, 0.000451676343801, 0.00067916122498, 0.000498787034303, 0.00022234658536, 5.19639834238e-005, 7.82796723797e-006, 3.91275580114e-006, 1.26401801026e-006, 3.47201201123e-008, 4.22681251111e-010]
        min: [1.5019873425e-025, 3.48176303408e-024, 1.95280426606e-024, 2.40815785474e-024, 1.44157924879e-023, 1.11888299484e-023, 9.18298464727e-024, 8.2453753409e-024, 2.80836975059e-023, 1.19341962188e-023, 2.59826990135e-023, 3.09024900023e-023, 3.74826691136e-023, 3.43805556453e-023, 4.7317312822e-023, 7.80587395156e-023, 8.13658653113e-023, 1.43258023912e-022, 1.23408541732e-022, 1.97655423312e-022, 2.52771632769e-022, 2.77821058844e-022, 4.51574021972e-022, 5.60277439124e-022, 9.28105129117e-022, 1.31651418751e-021, 1.95627548439e-021]
        var: [1.2323318364e-012, 3.1181123461e-008, 4.07656379764e-008, 4.08885654224e-008, 1.86808605918e-007, 5.78196370782e-008, 3.15287849162e-008, 5.33037045614e-008, 7.97182622136e-008, 7.10983130148e-008, 6.73820679253e-008, 1.19789849151e-008, 9.9002530618e-009, 1.55567771998e-008, 4.38551666093e-008, 1.61812039323e-007, 2.30501484566e-007, 1.2935355187e-007, 3.0336633472e-007, 1.43620582094e-007, 4.09057960837e-008, 4.67048932862e-009, 2.95604624112e-010, 1.64404254099e-010, 6.49277853704e-011, 4.37390432846e-014, 1.79566724838e-018]
    frequency_bands:
        dmean: [6.07376080097e-007, 0.000107200241473, 0.000142121396493, 0.00011941271805, 0.000178905611392, 0.000102769190562, 8.22495421744e-005, 7.99162808107e-005, 9.02548417798e-005, 7.36519868951e-005, 5.71760319872e-005, 4.47795646323e-005, 3.8920854422e-005, 5.44842951058e-005, 8.51734730531e-005, 0.000178920134204, 0.000254977145232, 0.000183147276402, 0.000252110883594, 0.000187264522538, 0.000104852835648, 2.75610273093e-005, 7.37929622119e-006, 3.75906074623e-006, 1.84178770724e-006, 5.691942917e-008, 6.37374542034e-010, 5.47939471573e-011]
        dmean2: [9.93950266093e-007, 0.000186717588804, 0.000253065692959, 0.000210750687984, 0.000300986110233, 0.000174044893356, 0.000141585216625, 0.000129551437567, 0.0001455561287, 0.000121776509332, 9.04589469428e-005, 7.36984075047e-005, 6.46493645036e-005, 9.09281588974e-005, 0.000140692965942, 0.000293906923616, 0.000432414963143, 0.000308934424538, 0.000422924960731, 0.000321060331771, 0.000184633900062, 4.62573079858e-005, 1.25077131088e-005, 6.05622972216e-006, 3.03345314023e-006, 9.45359985849e-008, 1.11447395756e-009, 1.01655538154e-010]
        dvar: [9.80540518572e-013, 3.12114138978e-008, 4.15724024094e-008, 3.82458757997e-008, 1.63621137972e-007, 4.80233062206e-008, 2.99500193535e-008, 2.86589774134e-008, 3.75296167476e-008, 3.10640757561e-008, 2.34712711489e-008, 5.70783731391e-009, 5.01275243536e-009, 7.50072004507e-009, 1.88642346188e-008, 6.01075811346e-008, 9.11256776703e-008, 4.57402755671e-008, 8.71224159482e-008, 5.07010753381e-008, 2.88841288665e-008, 2.54601073557e-009, 1.67791253114e-010, 5.33898758537e-011, 3.71527079934e-011, 3.50272857052e-014, 1.91551413861e-018, 6.71905563762e-021]
        dvar2: [2.39400708459e-012, 8.74088570413e-008, 1.20558866001e-007, 1.0912078352e-007, 4.36139856674e-007, 1.28044433723e-007, 8.42168930149e-008, 6.6086265349e-008, 9.51473140276e-008, 7.4913813819e-008, 5.53814878401e-008, 1.52459520564e-008, 1.25593127009e-008, 1.96754061932e-008, 4.68899088446e-008, 1.49190753973e-007, 2.59484011167e-007, 1.26022484892e-007, 2.29731128343e-007, 1.42698368677e-007, 8.19062080382e-008, 6.45171649438e-009, 4.07958083981e-010, 1.18441187413e-010, 7.04689154252e-011, 7.55389403372e-014, 4.98036802781e-018, 2.15424100956e-020]
        max: [8.03220700618e-006, 0.00184191437438, 0.0021262364462, 0.00242826109752, 0.00684665329754, 0.00297371158376, 0.00378829333931, 0.00330514810048, 0.00409555993974, 0.00382056436501, 0.00429070042446, 0.00147698866203, 0.00166202988476, 0.00223848596215, 0.00266041001305, 0.00516673922539, 0.00389437121339, 0.0051946034655, 0.00600732211024, 0.00335761928, 0.00189120904543, 0.00128244014923, 0.000244288443355, 0.000128232743009, 0.000152148422785, 5.27310794496e-006, 3.03635445675e-008, 9.14221642834e-010]
        mean: [7.75320131652e-007, 0.000142611606861, 0.00014683464542, 0.000133043184178, 0.000258845218923, 0.00014736612502, 0.000119388270832, 0.000124117068481, 0.000157049435074, 0.000126563099911, 9.79146061582e-005, 8.18023545435e-005, 6.78369688103e-005, 0.000101326251752, 0.000169439503225, 0.000382715341402, 0.000596666825004, 0.000468093261588, 0.000693065987434, 0.000508806901053, 0.000235595216509, 6.28975903965e-005, 1.30870976136e-005, 8.42381541588e-006, 3.03891033582e-006, 7.93032839397e-008, 7.97849175616e-010, 4.27228669109e-011]
        median: [3.7927293306e-007, 0.000100537508843, 7.63038551668e-005, 6.0251179093e-005, 0.000130259388243, 7.05760903656e-005, 7.35263747629e-005, 5.40998844372e-005, 6.73385948176e-005, 5.48291063751e-005, 2.85969108518e-005, 4.97633373016e-005, 4.0650327719e-005, 6.85987906763e-005, 0.000114173475595, 0.000287557515549, 0.00052615639288, 0.000451676343801, 0.00067916122498, 0.000498787034303, 0.00022234658536, 5.19639834238e-005, 7.82796723797e-006, 3.91275580114e-006, 1.26401801026e-006, 3.47201201123e-008, 4.22681251111e-010, 1.31786803692e-011]
        min: [1.5019873425e-025, 3.48176303408e-024, 1.95280426606e-024, 2.40815785474e-024, 1.44157924879e-023, 1.11888299484e-023, 9.18298464727e-024, 8.2453753409e-024, 2.80836975059e-023, 1.19341962188e-023, 2.59826990135e-023, 3.09024900023e-023, 3.74826691136e-023, 3.43805556453e-023, 4.7317312822e-023, 7.80587395156e-023, 8.13658653113e-023, 1.43258023912e-022, 1.23408541732e-022, 1.97655423312e-022, 2.52771632769e-022, 2.77821058844e-022, 4.51574021972e-022, 5.60277439124e-022, 9.28105129117e-022, 1.31651418751e-021, 1.95627548439e-021, 5.64708439274e-022]
        var: [1.2323318364e-012, 3.1181123461e-008, 4.07656379764e-008, 4.08885654224e-008, 1.86808605918e-007, 5.78196370782e-008, 3.15287849162e-008, 5.33037045614e-008, 7.97182622136e-008, 7.10983130148e-008, 6.73820679253e-008, 1.19789849151e-008, 9.9002530618e-009, 1.55567771998e-008, 4.38551666093e-008, 1.61812039323e-007, 2.30501484566e-007, 1.2935355187e-007, 3.0336633472e-007, 1.43620582094e-007, 4.09057960837e-008, 4.67048932862e-009, 2.95604624112e-010, 1.64404254099e-010, 6.49277853704e-011, 4.37390432846e-014, 1.79566724838e-018, 5.40839361159e-021]
    mfcc:
        mean: [-714.492248535, 80.6814880371, -64.8623657227, 55.6573371887, -8.37989330292, -9.06313514709, -1.6028137207, -3.1009759903, 4.076379776, -3.51385617256, -6.01021957397, -1.54748344421, -3.98753762245]
        cov: [[10316.1113281, 1131.03125, 1222.89929199, 1012.70080566, -83.8846282959, 436.194885254, 44.7270507813, 493.483276367, 153.402526855, 263.861480713, 235.64364624, 136.577865601, 144.157623291], [1131.03125, 657.795410156, -84.4840393066, 213.301483154, -11.3247089386, 31.83826828, 22.8083381653, 39.5518951416, 23.400604248, 3.18832063675, 68.030960083, 17.5814552307, 15.7993383408], [1222.89929199, -84.4840393066, 864.29296875, 115.902435303, 62.1852340698, 178.09475708, 47.2231750488, 163.719268799, 45.5903244019, 107.401763916, 56.7220687866, 42.9490203857, 65.2705612183], [1012.70080566, 213.301483154, 115.902435303, 376.739898682, 21.0700454712, 85.3323287964, 57.9951286316, 24.584487915, 38.9522590637, 16.185338974, 15.7402429581, 12.701666832, 32.6876335144], [-83.8846282959, -11.3247089386, 62.1852340698, 21.0700454712, 166.519821167, 28.6554546356, 6.51216030121, 0.575227856636, 11.9754285812, 18.9624290466, 14.2993564606, 15.0854215622, 11.2106161118], [436.194885254, 31.83826828, 178.09475708, 85.3323287964, 28.6554546356, 149.331542969, 44.5628013611, 53.6080780029, 27.0994491577, 36.8992996216, 36.3382759094, 19.9329280853, 24.9243850708], [44.7270507813, 22.8083381653, 47.2231750488, 57.9951286316, 6.51216030121, 44.5628013611, 132.197433472, 50.9135818481, 21.9490470886, -0.558964729309, 3.4820561409, 14.7240123749, 5.4042429924], [493.483276367, 39.5518951416, 163.719268799, 24.584487915, 0.575227856636, 53.6080780029, 50.9135818481, 139.685134888, 47.7219429016, 33.6245613098, 28.2592658997, 18.6762828827, 19.4069766998], [153.402526855, 23.400604248, 45.5903244019, 38.9522590637, 11.9754285812, 27.0994491577, 21.9490470886, 47.7219429016, 93.0289535522, 38.6346664429, 13.3480224609, 7.19983005524, 10.3220338821], [263.861480713, 3.18832063675, 107.401763916, 16.185338974, 18.9624290466, 36.8992996216, -0.558964729309, 33.6245613098, 38.6346664429, 80.2098846436, 44.3528823853, 18.8358955383, 10.9101991653], [235.64364624, 68.030960083, 56.7220687866, 15.7402429581, 14.2993564606, 36.3382759094, 3.4820561409, 28.2592658997, 13.3480224609, 44.3528823853, 84.0973815918, 35.1213798523, 16.8397636414], [136.577865601, 17.5814552307, 42.9490203857, 12.701666832, 15.0854215622, 19.9329280853, 14.7240123749, 18.6762828827, 7.19983005524, 18.8358955383, 35.1213798523, 57.5928230286, 27.5185337067], [144.157623291, 15.7993383408, 65.2705612183, 32.6876335144, 11.2106161118, 24.9243850708, 5.4042429924, 19.4069766998, 10.3220338821, 10.9101991653, 16.8397636414, 27.5185337067, 56.7845115662]]
        icov: [[0.000226453441428, -0.000258439889876, -0.000172007188667, -0.000463250209577, 0.000238372464082, -0.000110119239253, 0.000465971243102, -0.000617837416939, 0.000300536426948, -0.000370521272998, 0.000210078593227, -0.000332228664774, 0.000244737864705], [-0.000258439889876, 0.00268296455033, 0.000783390249126, -0.00101829646155, -0.000137761046062, 0.00033553832327, -0.000101253252069, -0.000458789436379, -0.000286596186925, 0.00148247194011, -0.00281646801159, 0.00088580022566, -0.000185093900654], [-0.000172007188667, 0.000783390249126, 0.00237378361635, -0.000247301009949, -0.000521165668033, -0.00136675382964, 0.000163824253832, -0.00182179908734, 0.00118462671526, -0.00180773192551, 0.000431287917309, 0.000383940205211, -0.0012396046659], [-0.000463250209577, -0.00101829646155, -0.000247301009949, 0.00531635992229, -0.000551320263185, -0.00132078654133, -0.00236526830122, 0.00309991068207, -0.00194029789418, 0.000699131574947, 0.000924701918848, 0.00103823468089, -0.0020214591641], [0.000238372464082, -0.000137761046062, -0.000521165668033, -0.000551320263185, 0.00677640130743, -0.000882769119926, 0.000314904347761, 0.000636678596493, -0.000407072715461, -0.000930199457798, 6.2019280449e-005, -0.00150788028259, 0.000116743336548], [-0.000110119239253, 0.00033553832327, -0.00136675382964, -0.00132078654133, -0.000882769119926, 0.0114956637844, -0.00260848528706, -0.00038783729542, -0.000294566038065, -0.000671284855343, -0.00329714803956, 0.0015224236995, -0.00155067280866], [0.000465971243102, -0.000101253252069, 0.000163824253832, -0.00236526830122, 0.000314904347761, -0.00260848528706, 0.0116069167852, -0.00519243767485, -0.0002143423917, 0.00188867445104, 0.00161557551473, -0.0041338223964, 0.00297147128731], [-0.000617837416939, -0.000458789436379, -0.00182179908734, 0.00309991068207, 0.000636678596493, -0.00038783729542, -0.00519243767485, 0.0153456218541, -0.00609301682562, 0.00147120375186, -0.00197359360754, 0.000909927941393, -0.00173093099147], [0.000300536426948, -0.000286596186925, 0.00118462671526, -0.00194029789418, -0.000407072715461, -0.000294566038065, -0.0002143423917, -0.00609301682562, 0.0175108015537, -0.00977242551744, 0.00359283713624, 0.000580228457693, -0.00126761372667], [-0.000370521272998, 0.00148247194011, -0.00180773192551, 0.000699131574947, -0.000930199457798, -0.000671284855343, 0.00188867445104, 0.00147120375186, -0.00977242551744, 0.027076639235, -0.0123624335974, -3.7673918996e-005, 0.0022578004282], [0.000210078593227, -0.00281646801159, 0.000431287917309, 0.000924701918848, 6.2019280449e-005, -0.00329714803956, 0.00161557551473, -0.00197359360754, 0.00359283713624, -0.0123624335974, 0.0255987606943, -0.0111747644842, 0.000724125187844], [-0.000332228664774, 0.00088580022566, 0.000383940205211, 0.00103823468089, -0.00150788028259, 0.0015224236995, -0.0041338223964, 0.000909927941393, 0.000580228457693, -3.7673918996e-005, -0.0111747644842, 0.0306618940085, -0.0123735722154], [0.000244737864705, -0.000185093900654, -0.0012396046659, -0.0020214591641, 0.000116743336548, -0.00155067280866, 0.00297147128731, -0.00173093099147, -0.00126761372667, 0.0022578004282, 0.000724125187844, -0.0123735722154, 0.0261737592518]]
    sccoeffs:
        dmean: [0.0538296364248, 0.0452892556787, 0.0349364914, 0.0286665856838, 0.0192899052054, 0.0178106296808]
        dmean2: [0.0918646156788, 0.0757827088237, 0.0581619404256, 0.048303168267, 0.0322386994958, 0.0281939785928]
        dvar: [0.00190638389904, 0.00124521332327, 0.000733381952159, 0.000528130622115, 0.000247693242272, 0.000293594348477]
        dvar2: [0.00539017096162, 0.00349405314773, 0.00198041461408, 0.0014478948433, 0.000660321733449, 0.000611132534686]
        max: [-0.388909965754, -0.500026524067, -0.532800734043, -0.562437057495, -0.535980641842, -0.494892835617]
        mean: [-0.700649857521, -0.784807443619, -0.803926467896, -0.793610692024, -0.792926251888, -0.726577103138]
        median: [-0.705990672112, -0.790154457092, -0.812017142773, -0.797404766083, -0.796004831791, -0.730997204781]
        min: [-0.982597231865, -0.978729069233, -0.975561261177, -0.967441260815, -0.963884115219, -0.962572276592]
        var: [0.00455789966509, 0.00361819565296, 0.00285341171548, 0.00176910788286, 0.00151125784032, 0.00202877470292]
    scvalleys:
        dmean: [0.424904584885, 0.352107107639, 0.288394719362, 0.225294083357, 0.166153043509, 0.293491214514]
        dmean2: [0.716629385948, 0.587071120739, 0.470829308033, 0.369195789099, 0.26844727993, 0.448376178741]
        dvar: [0.174581572413, 0.120575770736, 0.0897064059973, 0.071795322001, 0.0704336762428, 0.182136699557]
        dvar2: [0.380311816931, 0.242897629738, 0.163245439529, 0.116567492485, 0.103183791041, 0.37258374691]
        max: [-5.03177499771, -4.67287397385, -5.34567928314, -5.82782268524, -5.66132545471, -7.37509822845]
        mean: [-7.42150878906, -6.96498966217, -7.2448682785, -7.11905813217, -6.7462387085, -9.94540405273]
        median: [-6.54870605469, -6.45593547821, -6.84200668335, -6.75666952133, -6.26772546768, -9.27779769897]
        min: [-27.9946308136, -28.1476688385, -27.5956268311, -27.4952983856, -27.5456485748, -27.3499622345]
        var: [4.92488336563, 3.26567149162, 2.73598217964, 2.46316623688, 2.54411244392, 3.77388620377]

rhythm:
    beats_loudness:
        dmean: 0.00269741774537
        dmean2: 0.00512646883726
        dvar: 3.71518149223e-006
        dvar2: 1.18263969853e-005
        max: 0.0130621297285
        mean: 0.00512977549806
        median: 0.00509624509141
        min: 1.17461196325e-009
        var: 9.82104484137e-006
    bpm: 90.8379058838
    bpm_confidence: 0
    first_peak_bpm: 91
    first_peak_spread: 0.0912052318454
    first_peak_weight: 0.827893197536
    onset_rate: 1.88439238071
    second_peak_bpm: 123
    second_peak_spread: 0.500000059605
    second_peak_weight: 0.026706231758
    beats_loudness_band_ratio:
        dmean: [0.0878101065755, 0.12390614301, 0.0493349656463, 0.0428723581135, 0.129956796765, 0.0954565033317]
        dmean2: [0.159090086818, 0.240358397365, 0.0879921913147, 0.0718716010451, 0.235096931458, 0.169777944684]
        dvar: [0.0061196712777, 0.00784486718476, 0.00497202342376, 0.00225767469965, 0.0139463171363, 0.00610157568008]
        dvar2: [0.0212040767074, 0.0280424449593, 0.0141642522067, 0.0061503672041, 0.0423075594008, 0.0180142596364]
        max: [0.427861064672, 0.413117259741, 0.610410511494, 0.353078454733, 0.961929440498, 0.607747614384]
        mean: [0.13254596293, 0.11720109731, 0.0745389387012, 0.0680859908462, 0.371031701565, 0.291303157806]
        median: [0.125882774591, 0.0879295393825, 0.0603977441788, 0.0518145114183, 0.339821994305, 0.293350666761]
        min: [2.88045648631e-005, 0.000519776251167, 0.00205999566242, 0.0108290743083, 0.052684366703, 0.0171162486076]
        var: [0.00942080840468, 0.00981977302581, 0.00451691215858, 0.0023632501252, 0.0208750143647, 0.0107091953978]
    beats_position: [0.66176867485, 1.33514738083, 2.00852608681, 2.68190479279, 3.35528349876, 4.02866220474, 4.71365070343, 5.38702917099, 6.04879808426, 6.71056699753, 7.37233543396, 8.03410434723, 8.6958732605, 9.34603118896, 10.0078001022, 10.6695690155, 11.3197278976, 11.9814968109, 12.6432647705, 13.3050336838, 13.9551925659, 14.6169614792, 15.2787294388, 15.9404983521, 16.602268219, 17.2640361786, 17.9258041382, 18.575963974, 19.2261219025, 19.8878898621, 20.549659729, 21.1998176575, 21.8731975555, 22.5349655151, 23.1967334747, 23.8585033417, 24.5202713013, 25.1820411682, 25.8438091278, 26.4939670563, 27.1557369232, 27.8175048828, 28.4676647186, 29.1294326782, 29.7912006378, 30.4529705048, 31.1147384644, 31.776506424, 32.4382743835, 33.1000442505, 33.7618141174, 34.4119720459, 35.0737419128, 35.7355079651, 36.3856697083, 37.0474357605, 37.7092056274, 38.3709754944, 39.0211334229, 39.6829032898, 40.3330612183, 40.9832191467, 41.6565971375, 42.3183670044, 42.9801368713, 43.6302947998, 44.2920608521, 44.953830719, 45.6156005859, 46.2657585144, 46.9275283813, 47.5892944336, 48.2510643005, 48.9128341675, 49.5746040344, 50.2247619629, 50.8749198914, 51.5250778198, 52.1984558105, 52.8602256775, 53.5219955444, 54.1837615967, 54.8455314636, 55.5073013306, 56.1690673828, 56.819229126, 57.4809951782, 58.1427650452, 58.8045349121, 59.4663009644, 60.1280708313, 60.7898406982, 61.4399986267, 62.0901565552, 62.7519264221, 63.4136962891, 64.0638504028, 64.7256240845, 65.3990020752, 66.0607681274, 66.7109298706, 67.3726959229, 68.0344696045, 68.6962356567, 69.3463897705, 70.0081634521, 70.6699295044, 71.3316955566, 71.9818572998, 72.6436233521, 73.3053970337, 73.9671630859, 74.6289291382, 75.2907028198, 75.9524688721, 76.6142425537, 77.276008606, 77.9261627197, 78.5879364014, 79.2497024536, 79.8998641968, 80.561630249, 81.2233963013, 81.8851699829, 82.5469360352, 83.1970977783, 83.8588638306, 84.5206298828, 85.1824035645, 85.8441696167, 86.4943313599, 87.1560974121, 87.8178634644, 88.479637146, 89.1414031982, 89.7915649414, 90.4533309937, 91.1150970459, 91.7652587891, 92.4154205322, 93.065574646, 93.7157363892, 94.3775024414, 95.0624923706, 95.7358703613, 96.3860321045, 97.0361862183, 97.6979598999, 98.3597259521, 99.0214920044, 99.683265686, 100.3334198, 100.983581543, 101.645347595, 102.307121277, 102.968887329, 103.630653381, 104.292427063, 104.954193115, 105.615959167, 106.277732849, 106.927886963, 107.589660645, 108.251426697, 108.913192749, 109.563354492, 110.225120544, 110.886894226, 111.548660278, 112.210426331, 112.872200012, 113.533966064, 114.195732117, 114.84589386, 115.496055603, 116.146209717, 116.807983398, 117.469749451, 118.131515503, 118.793289185, 119.455055237, 120.116821289, 120.79019928, 121.463577271, 122.125350952, 122.787117004, 123.437278748, 124.087432861, 124.737594604, 125.399360657, 126.061134338, 126.711288452, 127.373062134, 128.034820557, 128.696594238, 129.35836792, 130.008529663, 130.670288086, 131.332061768, 131.982223511, 132.643981934, 133.305755615, 133.967529297, 134.62928772, 135.279449463, 135.941223145, 136.602996826, 137.264755249, 137.914916992, 138.576690674, 139.238449097, 139.900222778, 140.56199646, 141.223754883, 141.873916626, 142.535690308, 143.197463989, 143.859222412, 144.520996094, 145.182769775, 145.844528198, 146.50630188, 147.156463623, 147.818222046, 148.491607666, 149.164993286, 149.838363647, 150.511749268, 151.185119629, 151.870117188, 152.566711426, 153.321365356, 154.076004028, 154.830657959, 155.585296631, 156.270294189, 156.955276489, 157.640274048, 158.336868286, 159.010253906, 159.672012329, 160.333786011, 160.983947754, 161.645706177, 162.307479858, 162.96925354, 163.631011963, 164.281173706, 164.942947388, 165.604721069, 166.266479492, 166.928253174, 167.590026855, 168.251785278, 168.91355896, 169.575332642, 170.225479126, 170.898864746, 171.549026489, 172.210784912, 172.860946655, 173.522720337, 174.184494019, 174.846252441, 175.508026123, 176.169799805, 176.831558228, 177.493331909, 178.143493652, 178.805252075, 179.455413818, 180.1171875, 180.767349243, 181.417495728, 182.079269409, 182.752655029, 183.414413452, 184.076187134, 184.737960815, 185.3881073, 186.049880981, 186.711654663, 187.373413086, 188.035186768, 188.685348511, 189.347122192, 190.008880615, 190.670654297, 191.332427979, 191.994186401, 192.655960083, 193.306121826, 193.967880249, 194.629653931, 195.279815674, 195.941589355, 196.603347778, 197.26512146, 197.926895142, 198.588653564, 199.250427246, 199.900588989, 200.550750732, 201.200897217, 201.862670898, 202.536056519, 203.197814941, 203.847976685, 204.509750366, 205.171508789, 205.833282471, 206.495056152, 207.145217896, 207.806976318, 208.306213379, 208.793823242, 209.281448364, 209.769073486, 210.268295288, 210.76751709, 211.255142212, 211.754379272, 212.253601074, 212.729614258, 213.205612183, 213.681625366, 214.15763855, 214.645263672, 215.132873535, 215.620498657, 216.108108521, 216.595733643, 217.153015137, 217.710296631, 218.267562866, 218.82484436, 219.382125854, 219.939407349]
    bpm_estimates: [89.1029052734, 89.1029052734, 89.1029052734, 89.1029052734, 89.1029052734, 87.5927124023, 89.102935791, 90.6660919189, 90.6660919189, 90.6661529541, 90.6660919189, 90.6660919189, 92.2852706909, 90.6660919189, 90.6660919189, 92.2851333618, 90.6660919189, 90.6662216187, 90.6660919189, 92.2851333618, 90.6660919189, 90.6662216187, 90.6660919189, 90.6659622192, 90.6662216187, 90.6662216187, 92.2849960327, 92.2852706909, 90.6662216187, 90.6659622192, 92.2852706909, 89.1027526855, 90.6662216187, 90.6662216187, 90.6659622192, 90.6662216187, 90.6659622192, 90.6662216187, 92.2852706909, 90.6659622192, 90.6662216187, 92.2849960327, 90.6662216187, 90.6662216187, 90.6659622192, 90.6662216187, 90.6662216187, 90.6662216187, 90.6659622192, 90.6659622192, 92.2852706909, 90.6659622192, 90.6664810181, 92.2847290039, 90.6664810181, 90.6659622192, 90.6659622192, 92.2852706909, 90.6659622192, 92.2852706909, 92.2852706909, 89.1030044556, 90.6659622192, 90.6659622192, 92.2852706909, 90.6664810181, 90.6659622192, 90.6659622192, 92.2852706909, 90.6659622192, 90.6664810181, 90.6659622192, 90.6659622192, 90.6659622192, 92.2852706909, 92.2852706909, 92.2852706909, 89.1030044556, 90.6659622192, 90.6659622192, 90.6664810181, 90.6659622192, 90.6659622192, 90.6664810181, 92.2847290039, 90.6664810181, 90.6659622192, 90.6659622192, 90.6664810181, 90.6659622192, 90.6659622192, 92.2852706909, 92.2852706909, 90.6659622192, 90.6659622192, 92.2858123779, 90.665435791, 89.1030044556, 90.6664810181, 92.2847290039, 90.6664810181, 90.665435791, 90.6664810181, 92.2858123779, 90.665435791, 90.6664810181, 90.6664810181, 92.2847290039, 90.6664810181, 90.665435791, 90.6664810181, 90.6664810181, 90.665435791, 90.6664810181, 90.665435791, 90.6664810181, 92.2858123779, 90.665435791, 90.6664810181, 92.2847290039, 90.6664810181, 90.6664810181, 90.665435791, 90.6664810181, 92.2847290039, 90.6664810181, 90.6664810181, 90.665435791, 90.6664810181, 92.2847290039, 90.6664810181, 90.6664810181, 90.665435791, 90.6664810181, 92.2847290039, 90.6664810181, 90.6664810181, 92.2847290039, 92.2847290039, 92.2858123779, 92.2847290039, 90.6664810181, 87.5925292969, 89.1030044556, 92.2847290039, 92.2858123779, 90.665435791, 90.6664810181, 90.6664810181, 90.665435791, 92.2858123779, 92.2847290039, 90.6664810181, 90.665435791, 90.6664810181, 90.6664810181, 90.665435791, 90.6664810181, 90.6664810181, 90.665435791, 92.2858123779, 90.665435791, 90.6664810181, 90.6664810181, 92.2847290039, 90.6664810181, 90.665435791, 90.6664810181, 90.6664810181, 90.665435791, 90.6664810181, 90.6664810181, 92.2847290039, 92.2847290039, 92.2858123779, 90.665435791, 90.6664810181, 90.6664810181, 90.665435791, 90.6664810181, 90.6664810181, 89.1030044556, 89.1030044556, 90.665435791, 90.6664810181, 92.2847290039, 92.2858123779, 92.2847290039, 90.6664810181, 90.665435791, 92.2858123779, 90.665435791, 90.6675262451, 90.665435791, 90.665435791, 92.2847290039, 90.6675262451, 90.665435791, 92.2847290039, 90.6675262451, 90.665435791, 90.665435791, 90.6675262451, 92.2847290039, 90.665435791, 90.665435791, 90.6675262451, 92.2847290039, 90.665435791, 90.6675262451, 90.665435791, 90.665435791, 90.6675262451, 92.2847290039, 90.665435791, 90.665435791, 90.6675262451, 90.665435791, 90.665435791, 90.6675262451, 90.665435791, 92.2847290039, 90.6675262451, 89.1019897461, 89.1019897461, 89.1040115356, 89.1019897461, 89.1040115356, 87.5915527344, 86.133354187, 87.5915527344, 87.5935058594, 87.5915527344, 86.133354187, 89.1019897461, 90.6675262451, 90.665435791, 92.2847290039, 90.6675262451, 90.665435791, 90.665435791, 90.6675262451, 92.2847290039, 90.665435791, 90.665435791, 90.6675262451, 90.665435791, 90.665435791, 90.6675262451, 90.665435791, 90.665435791, 92.286895752, 89.1019897461, 92.2847290039, 90.6675262451, 92.2847290039, 90.665435791, 90.665435791, 90.6675262451, 90.665435791, 90.665435791, 90.6675262451, 90.665435791, 92.2847290039, 90.6675262451, 92.2847290039, 90.665435791, 92.2847290039, 92.286895752, 90.665435791, 89.1019897461, 90.6675262451, 90.665435791, 90.665435791, 92.286895752, 90.665435791, 90.665435791, 90.6675262451, 90.665435791, 92.2847290039, 90.665435791, 90.6675262451, 90.665435791, 90.665435791, 90.6675262451, 90.665435791, 92.2847290039, 90.6675262451, 90.665435791, 92.2847290039, 90.665435791, 90.6675262451, 90.665435791, 90.665435791, 90.6675262451, 90.665435791, 92.2847290039, 92.2847290039, 92.286895752, 90.665435791, 89.1019897461, 90.6675262451, 92.2847290039, 90.665435791, 90.6675262451, 90.665435791, 90.665435791, 92.2847290039, 90.6675262451]
