
metadata:
    version:
        essentia: "2.1-beta2"
    audio_properties:
        analysis_sample_rate: 44100
        bitrate: 320
        channels: 2
        equal_loudness: 1
        length: 222.667755127
        replay_gain: -13.5702285767
        downmix: "mix"
    tags:
        album: "Between Here & Lost"
        artist: "Love And Death"
        comment: ""
        date: "2012"
        genre: "Metal"
        title: "Paralyzed"
        tracknumber: "9"

configuration:
    average_loudness:
        compute: 1
        frameSize: 88200
        hopSize: 44100
        silentFrames: "noise"
        windowType: "hann"
    general:
        analysisSampleRate: 44100
        endTime: 2000
        equalLoudness: 1
        nequalLoudness: 0
        shortSound: 0
        startTime: 0
    lowlevel:
        compute: 1
        frameSize: 2048
        hopSize: 1024
        zeroPadding: 0
        silentFrames: "noise"
        windowType: "blackmanharris62"
        mfccStats: ["mean", "cov", "icov"]
        stats: ["mean", "var", "median", "min", "max", "dmean", "dmean2", "dvar", "dvar2"]
    panning:
        compute: 0
        frameSize: 8192
        hopSize: 2048
        zeroPadding: 8192
        silentFrames: "noise"
        windowType: "hann"
        stats: ["copy"]
    rhythm:
        compute: 1
        maxTempo: 208
        minTempo: 40
        method: "degara"
        stats: ["mean", "var", "median", "min", "max", "dmean", "dmean2", "dvar", "dvar2"]
    segmentation:
        compute: 0
        cpw: 5
        inc1: 300
        inc2: 50
        minimumSegmentsLength: 10
        size1: 1000
        size2: 600
    sfx:
        compute: 1
        stats: ["mean", "var", "median", "min", "max", "dmean", "dmean2", "dvar", "dvar2"]
    svm:
        compute: 0
    tonal:
        compute: 1
        frameSize: 4096
        hopSize: 2048
        zeroPadding: 0
        silentFrames: "noise"
        windowType: "blackmanharris62"
        stats: ["mean", "var", "median", "min", "max", "dmean", "dmean2", "dvar", "dvar2"]

lowlevel:
    average_loudness: 0.865348279476
    barkbands_kurtosis:
        dmean: 1.0774242878
        dmean2: 1.79821264744
        dvar: 7.62473106384
        dvar2: 23.0986709595
        max: 81.8351287842
        mean: 0.163815096021
        median: -0.841668069363
        min: -1.89199757576
        var: 21.983625412
    barkbands_skewness:
        dmean: 0.41507434845
        dmean2: 0.669624269009
        dvar: 0.168694779277
        dvar2: 0.430298298597
        max: 8.49638175964
        mean: -0.300835549831
        median: -0.448123514652
        min: -5.43429660797
        var: 1.22723770142
    barkbands_spread:
        dmean: 6.74715709686
        dmean2: 10.8795366287
        dvar: 52.8535614014
        dvar2: 131.366607666
        max: 69.9800567627
        mean: 30.971496582
        median: 30.2234992981
        min: 1.17748045921
        var: 143.420166016
    dissonance:
        dmean: 0.0110045615584
        dmean2: 0.0187731143087
        dvar: 0.000147580285557
        dvar2: 0.000400040502427
        max: 0.5
        mean: 0.482971966267
        median: 0.487923711538
        min: 0.31783208251
        var: 0.000284733774606
    hfc:
        dmean: 2.59581637383
        dmean2: 4.17727422714
        dvar: 11.1694402695
        dvar2: 28.009355545
        max: 61.1094284058
        mean: 9.70689964294
        median: 8.93480873108
        min: 1.14255943383e-016
        var: 51.3952980042
    pitch:
        dmean: 764.893432617
        dmean2: 1454.41296387
        dvar: 1510565
        dvar2: 3756135.75
        max: 4603.17333984
        mean: 1959.42114258
        median: 1156.27722168
        min: 50.8662147522
        var: 2786841.25
    pitch_instantaneous_confidence:
        dmean: 0.0830650106072
        dmean2: 0.136420696974
        dvar: 0.00475670816377
        dvar2: 0.0122508043423
        max: 0.927472352982
        mean: 0.363616555929
        median: 0.344925582409
        min: 0.0923089981079
        var: 0.0151438163593
    pitch_salience:
        dmean: 0.0539241023362
        dmean2: 0.0896517634392
        dvar: 0.0022036912851
        dvar2: 0.00589446490631
        max: 0.998256087303
        mean: 0.687015235424
        median: 0.708696126938
        min: 0.0887536257505
        var: 0.0104824770242
    silence_rate_20dB:
        dmean: 0
        dmean2: 0
        dvar: 0
        dvar2: 0
        max: 1
        mean: 1
        median: 1
        min: 1
        var: 0
    silence_rate_30dB:
        dmean: 0
        dmean2: 0
        dvar: 0
        dvar2: 0
        max: 1
        mean: 1
        median: 1
        min: 1
        var: 0
    silence_rate_60dB:
        dmean: 0.107612095773
        dmean2: 0.215246632695
        dvar: 0.0960387066007
        dvar2: 0.191466405988
        max: 1
        mean: 0.38817641139
        median: 0
        min: 0
        var: 0.237468644977
    spectral_centroid:
        dmean: 264.36151123
        dmean2: 418.276947021
        dvar: 83273.515625
        dvar2: 175413.109375
        max: 11519.7265625
        mean: 2060.88037109
        median: 2143.28686523
        min: 78.2537994385
        var: 562507
    spectral_complexity:
        dmean: 3.98373293877
        dmean2: 6.36625289917
        dvar: 17.2818069458
        dvar2: 40.2946624756
        max: 48
        mean: 17.3625278473
        median: 18
        min: 0
        var: 117.249893188
    spectral_crest:
        dmean: 1.76902294159
        dmean2: 2.96159529686
        dvar: 2.87707400322
        dvar2: 7.62832641602
        max: 25.173324585
        mean: 6.68058538437
        median: 5.71824264526
        min: 2.4710354805
        var: 12.1716518402
    spectral_decrease:
        dmean: 2.62848992572e-010
        dmean2: 4.3674402983e-010
        dvar: 1.30701477346e-019
        dvar2: 3.47362090532e-019
        max: 1.15414613961e-028
        mean: -9.23916720907e-010
        median: -8.2981177485e-010
        min: -3.99162169984e-009
        var: 3.92785550648e-019
    spectral_energy:
        dmean: 0.00120131345466
        dmean2: 0.00198016385548
        dvar: 2.63533570433e-006
        dvar2: 6.95395419825e-006
        max: 0.0198972318321
        mean: 0.00436751777306
        median: 0.0039462284185
        min: 1.0210914583e-020
        var: 8.81971391209e-006
    spectral_energyband_high:
        dmean: 0.000217471504584
        dmean2: 0.00036169870873
        dvar: 9.54820862376e-008
        dvar2: 2.46637142709e-007
        max: 0.00590665591881
        mean: 0.000570000207517
        median: 0.000506780052092
        min: 7.54570876098e-021
        var: 2.33757575074e-007
    spectral_energyband_low:
        dmean: 0.000289194809739
        dmean2: 0.000515935244039
        dvar: 3.63567039585e-007
        dvar2: 1.00187139651e-006
        max: 0.0066061229445
        mean: 0.000293730408885
        median: 0.000136852628202
        min: 2.3659790793e-023
        var: 2.63285727442e-007
    spectral_energyband_middle_high:
        dmean: 0.000651744951028
        dmean2: 0.00104132934939
        dvar: 6.19982301941e-007
        dvar2: 1.4863544493e-006
        max: 0.0168912243098
        mean: 0.00248736608773
        median: 0.00205131503753
        min: 1.23537808898e-021
        var: 3.98759584641e-006
    spectral_energyband_middle_low:
        dmean: 0.000508926634211
        dmean2: 0.000864186964463
        dvar: 7.28864335997e-007
        dvar2: 2.0379286525e-006
        max: 0.0102721862495
        mean: 0.00111328391358
        median: 0.000913883326575
        min: 1.97309662422e-022
        var: 9.65270487541e-007
    spectral_flatness_db:
        dmean: 0.0133837210014
        dmean2: 0.0210603717715
        dvar: 0.000153725486598
        dvar2: 0.000349588051904
        max: 0.387981325388
        mean: 0.145608276129
        median: 0.134121596813
        min: 0.0484473705292
        var: 0.00175624212716
    spectral_flux:
        dmean: 0.00709513342008
        dmean2: 0.0110603542998
        dvar: 7.57466623327e-005
        dvar2: 0.000132741392008
        max: 0.108400695026
        mean: 0.0395813621581
        median: 0.0403055809438
        min: 6.50043213701e-011
        var: 0.000304504821543
    spectral_kurtosis:
        dmean: 1.21890091896
        dmean2: 2.12807154655
        dvar: 3.2269859314
        dvar2: 10.3377981186
        max: 33.1386833191
        mean: 3.39792728424
        median: 2.56986260414
        min: -1.24258267879
        var: 9.5828742981
    spectral_rms:
        dmean: 0.000272362987744
        dmean2: 0.000437155453255
        dvar: 1.07166485463e-007
        dvar2: 2.71829662779e-007
        max: 0.00440589757636
        mean: 0.00191109534353
        median: 0.0019621362444
        min: 3.15624262837e-012
        var: 6.08707807714e-007
    spectral_rolloff:
        dmean: 299.17199707
        dmean2: 484.353790283
        dvar: 191294.703125
        dvar2: 409330.09375
        max: 19530.6152344
        mean: 3530.51074219
        median: 3789.84375
        min: 64.599609375
        var: 1167362.875
    spectral_skewness:
        dmean: 0.174059689045
        dmean2: 0.291280955076
        dvar: 0.0368064530194
        dvar2: 0.105771958828
        max: 4.18477964401
        mean: 1.17500019073
        median: 1.05955159664
        min: -0.0493886396289
        var: 0.220204427838
    spectral_spread:
        dmean: 408114.5625
        dmean2: 624401.625
        dvar: 494890909696
        dvar2: 877866385408
        max: 42695032
        mean: 4254667.5
        median: 4123097.75
        min: 1290441.875
        var: 2.47274694246e+012
    spectral_strongpeak:
        dmean: 0.586346447468
        dmean2: 1.00878310204
        dvar: 0.60452067852
        dvar2: 1.57234668732
        max: 12.2155609131
        mean: 0.827957689762
        median: 0.391963005066
        min: 4.06555344945e-011
        var: 0.982159256935
    zerocrossingrate:
        dmean: 0.00768332695588
        dmean2: 0.0091276364401
        dvar: 7.00330419932e-005
        dvar2: 7.60413167882e-005
        max: 0.52587890625
        mean: 0.111479178071
        median: 0.1171875
        min: 0.00341796875
        var: 0.00119599036407
    barkbands:
        dmean: [1.05548883766e-006, 0.000118081959954, 0.000139330455568, 9.77484451141e-005, 0.000197259068955, 0.000122619443573, 0.000126156752231, 8.71034280863e-005, 0.000124264130136, 6.93327601766e-005, 4.54585933767e-005, 6.19309284957e-005, 4.76697350678e-005, 5.41044901183e-005, 5.3984895203e-005, 0.000132312357891, 0.000188428064575, 0.000168365906575, 0.000233930637478, 0.000236542749917, 0.000118192008813, 4.08679443353e-005, 6.88176123731e-006, 1.89998547739e-006, 7.39636561775e-007, 3.33412373266e-008, 2.80764606009e-010]
        dmean2: [1.75819559445e-006, 0.000210593178053, 0.000255998806097, 0.000171237436007, 0.000341979524819, 0.000213762235944, 0.000210020210943, 0.000146730555571, 0.000202500581509, 0.000113401525596, 7.26176513126e-005, 9.75302391453e-005, 7.53850181354e-005, 8.66737245815e-005, 8.70246076374e-005, 0.000218882181798, 0.000311901618261, 0.000282809342025, 0.000383901060559, 0.000399129057769, 0.000199524365598, 7.00989039615e-005, 1.13127234727e-005, 3.01805357594e-006, 1.15104546694e-006, 5.04366894916e-008, 4.79644046703e-010]
        dvar: [3.32408926773e-012, 7.24825284237e-008, 9.49823544261e-008, 3.15972563669e-008, 1.56580213684e-007, 4.97235426167e-008, 4.28357083138e-008, 7.1023663395e-008, 5.77900287624e-008, 3.45925919021e-008, 2.29195276091e-008, 1.89014865981e-008, 1.3429153789e-008, 1.41519382879e-008, 1.13439151406e-008, 5.20592209341e-008, 8.64970104431e-008, 4.95955028157e-008, 1.2788909487e-007, 9.98193527835e-008, 2.84738579381e-008, 4.55723681014e-009, 1.29023874917e-010, 9.40219516826e-012, 2.3635895758e-012, 9.67078268187e-015, 4.60048905381e-019]
        dvar2: [8.52649461452e-012, 1.97417747927e-007, 2.66496385848e-007, 8.81969199895e-008, 4.47751574484e-007, 1.41608069271e-007, 1.06791326004e-007, 1.81782880304e-007, 1.48666671862e-007, 9.0992294588e-008, 5.55338779407e-008, 4.12577776387e-008, 3.22452144985e-008, 3.44844721667e-008, 2.68303690376e-008, 1.32293379806e-007, 2.34151940504e-007, 1.34105064831e-007, 3.11947985665e-007, 2.63648303189e-007, 7.4318421639e-008, 1.2555679163e-008, 3.23234133903e-010, 2.13915950925e-011, 5.04479054017e-012, 2.12080922485e-014, 1.01047432372e-018]
        max: [1.36114058478e-005, 0.00168490596116, 0.00427504861727, 0.00365128787234, 0.00615101726726, 0.00262127094902, 0.00682181492448, 0.00719475839287, 0.0059165712446, 0.00457024900243, 0.00490021752194, 0.00304105109535, 0.00242319679819, 0.00253323232755, 0.00252419151366, 0.00660873018205, 0.00605585426092, 0.00372757692821, 0.0109324930236, 0.00471131224185, 0.00207749148831, 0.00123402231839, 0.000195020897081, 7.2055918281e-005, 4.10927423218e-005, 2.28033150051e-006, 3.45140804825e-008]
        mean: [1.39295764257e-006, 0.000104458311398, 0.000120043223433, 0.000108839922177, 0.000283970090095, 0.000158527123858, 0.000191517596249, 0.000109235457785, 0.000210958300158, 0.000122847952298, 7.14335983503e-005, 0.000151685846504, 7.71883060224e-005, 8.98707003216e-005, 9.62738413364e-005, 0.000253640901065, 0.000389044551412, 0.000380257377401, 0.000549648713786, 0.00053092878079, 0.000262218090938, 8.27423355076e-005, 1.47375440065e-005, 4.44292527391e-006, 1.55501606969e-006, 5.91674051975e-008, 3.2837896291e-010]
        median: [7.08378763647e-007, 4.08548403357e-005, 3.97789699491e-005, 5.44221766177e-005, 0.000176691377419, 0.000101372424979, 0.000111247725727, 4.85265263706e-005, 9.63982747635e-005, 4.27200648119e-005, 2.1447049221e-005, 4.1031245928e-005, 2.72140787274e-005, 3.30931216013e-005, 5.13851628057e-005, 0.000173994267243, 0.000253138685366, 0.000292613985948, 0.000422341370722, 0.000464694428956, 0.000208765064599, 6.37416669633e-005, 1.01370260381e-005, 3.00045189761e-006, 8.25226607049e-007, 2.13186464038e-008, 1.55636337151e-010]
        min: [4.63394921199e-024, 1.90157958318e-024, 3.80909140037e-024, 5.43877745079e-024, 1.22665859167e-023, 1.48373534447e-023, 1.26367549521e-023, 1.83578976698e-023, 2.95409918106e-023, 5.39928210405e-023, 4.4152891964e-023, 4.32102852238e-023, 4.69356619161e-023, 5.02267801463e-023, 2.68022718515e-023, 7.35547981307e-023, 1.29426363992e-022, 9.03371701787e-023, 1.59456102465e-022, 1.98826635632e-022, 3.22552703345e-022, 3.94463622634e-022, 4.86582432012e-022, 7.18157309148e-022, 9.34977129965e-022, 1.47296401048e-021, 2.27848293172e-021]
        var: [3.62143236406e-012, 4.97340195693e-008, 6.52345377716e-008, 2.88369044199e-008, 1.42992746532e-007, 4.23522941162e-008, 7.30727194309e-008, 7.01075890674e-008, 1.23349238379e-007, 8.09226818888e-008, 3.79781717186e-008, 1.41744479265e-007, 2.54556553614e-008, 2.99657862968e-008, 2.53993110988e-008, 1.05507915293e-007, 2.16122884922e-007, 1.39424969348e-007, 3.49191594751e-007, 2.24337355803e-007, 6.03162249035e-008, 7.27319093841e-009, 3.03624236864e-010, 2.81162246263e-011, 6.66431319851e-012, 2.00787313615e-014, 6.7278223304e-019]
    frequency_bands:
        dmean: [1.05548883766e-006, 0.000118081959954, 0.000139330455568, 9.77484451141e-005, 0.000197259068955, 0.000122619443573, 0.000126156752231, 8.71034280863e-005, 0.000124264130136, 6.93327601766e-005, 4.54585933767e-005, 6.19309284957e-005, 4.76697350678e-005, 5.41044901183e-005, 5.3984895203e-005, 0.000132312357891, 0.000188428064575, 0.000168365906575, 0.000233930637478, 0.000236542749917, 0.000118192008813, 4.08679443353e-005, 6.88176123731e-006, 1.89998547739e-006, 7.39636561775e-007, 3.33412373266e-008, 2.80764606009e-010, 5.1670827339e-011]
        dmean2: [1.75819559445e-006, 0.000210593178053, 0.000255998806097, 0.000171237436007, 0.000341979524819, 0.000213762235944, 0.000210020210943, 0.000146730555571, 0.000202500581509, 0.000113401525596, 7.26176513126e-005, 9.75302391453e-005, 7.53850181354e-005, 8.66737245815e-005, 8.70246076374e-005, 0.000218882181798, 0.000311901618261, 0.000282809342025, 0.000383901060559, 0.000399129057769, 0.000199524365598, 7.00989039615e-005, 1.13127234727e-005, 3.01805357594e-006, 1.15104546694e-006, 5.04366894916e-008, 4.79644046703e-010, 9.61071430772e-011]
        dvar: [3.32408926773e-012, 7.24825284237e-008, 9.49823544261e-008, 3.15972563669e-008, 1.56580213684e-007, 4.97235426167e-008, 4.28357083138e-008, 7.1023663395e-008, 5.77900287624e-008, 3.45925919021e-008, 2.29195276091e-008, 1.89014865981e-008, 1.3429153789e-008, 1.41519382879e-008, 1.13439151406e-008, 5.20592209341e-008, 8.64970104431e-008, 4.95955028157e-008, 1.2788909487e-007, 9.98193527835e-008, 2.84738579381e-008, 4.55723681014e-009, 1.29023874917e-010, 9.40219516826e-012, 2.3635895758e-012, 9.67078268187e-015, 4.60048905381e-019, 6.49619508603e-021]
        dvar2: [8.52649461452e-012, 1.97417747927e-007, 2.66496385848e-007, 8.81969199895e-008, 4.47751574484e-007, 1.41608069271e-007, 1.06791326004e-007, 1.81782880304e-007, 1.48666671862e-007, 9.0992294588e-008, 5.55338779407e-008, 4.12577776387e-008, 3.22452144985e-008, 3.44844721667e-008, 2.68303690376e-008, 1.32293379806e-007, 2.34151940504e-007, 1.34105064831e-007, 3.11947985665e-007, 2.63648303189e-007, 7.4318421639e-008, 1.2555679163e-008, 3.23234133903e-010, 2.13915950925e-011, 5.04479054017e-012, 2.12080922485e-014, 1.01047432372e-018, 2.07408413858e-020]
        max: [1.36114058478e-005, 0.00168490596116, 0.00427504861727, 0.00365128787234, 0.00615101726726, 0.00262127094902, 0.00682181492448, 0.00719475839287, 0.0059165712446, 0.00457024900243, 0.00490021752194, 0.00304105109535, 0.00242319679819, 0.00253323232755, 0.00252419151366, 0.00660873018205, 0.00605585426092, 0.00372757692821, 0.0109324930236, 0.00471131224185, 0.00207749148831, 0.00123402231839, 0.000195020897081, 7.2055918281e-005, 4.10927423218e-005, 2.28033150051e-006, 3.45140804825e-008, 9.19038622982e-010]
        mean: [1.39295764257e-006, 0.000104458311398, 0.000120043223433, 0.000108839922177, 0.000283970090095, 0.000158527123858, 0.000191517596249, 0.000109235457785, 0.000210958300158, 0.000122847952298, 7.14335983503e-005, 0.000151685846504, 7.71883060224e-005, 8.98707003216e-005, 9.62738413364e-005, 0.000253640901065, 0.000389044551412, 0.000380257377401, 0.000549648713786, 0.00053092878079, 0.000262218090938, 8.27423355076e-005, 1.47375440065e-005, 4.44292527391e-006, 1.55501606969e-006, 5.91674051975e-008, 3.2837896291e-010, 4.00673834389e-011]
        median: [7.08378763647e-007, 4.08548403357e-005, 3.97789699491e-005, 5.44221766177e-005, 0.000176691377419, 0.000101372424979, 0.000111247725727, 4.85265263706e-005, 9.63982747635e-005, 4.27200648119e-005, 2.1447049221e-005, 4.1031245928e-005, 2.72140787274e-005, 3.30931216013e-005, 5.13851628057e-005, 0.000173994267243, 0.000253138685366, 0.000292613985948, 0.000422341370722, 0.000464694428956, 0.000208765064599, 6.37416669633e-005, 1.01370260381e-005, 3.00045189761e-006, 8.25226607049e-007, 2.13186464038e-008, 1.55636337151e-010, 1.28684033915e-011]
        min: [4.63394921199e-024, 1.90157958318e-024, 3.80909140037e-024, 5.43877745079e-024, 1.22665859167e-023, 1.48373534447e-023, 1.26367549521e-023, 1.83578976698e-023, 2.95409918106e-023, 5.39928210405e-023, 4.4152891964e-023, 4.32102852238e-023, 4.69356619161e-023, 5.02267801463e-023, 2.68022718515e-023, 7.35547981307e-023, 1.29426363992e-022, 9.03371701787e-023, 1.59456102465e-022, 1.98826635632e-022, 3.22552703345e-022, 3.94463622634e-022, 4.86582432012e-022, 7.18157309148e-022, 9.34977129965e-022, 1.47296401048e-021, 2.27848293172e-021, 5.51220962522e-022]
        var: [3.62143236406e-012, 4.97340195693e-008, 6.52345377716e-008, 2.88369044199e-008, 1.42992746532e-007, 4.23522941162e-008, 7.30727194309e-008, 7.01075890674e-008, 1.23349238379e-007, 8.09226818888e-008, 3.79781717186e-008, 1.41744479265e-007, 2.54556553614e-008, 2.99657862968e-008, 2.53993110988e-008, 1.05507915293e-007, 2.16122884922e-007, 1.39424969348e-007, 3.49191594751e-007, 2.24337355803e-007, 6.03162249035e-008, 7.27319093841e-009, 3.03624236864e-010, 2.81162246263e-011, 6.66431319851e-012, 2.00787313615e-014, 6.7278223304e-019, 5.13252564613e-021]
    mfcc:
        mean: [-715.221191406, 91.2958221436, -49.4025688171, 56.0966072083, -20.2664394379, -8.49174976349, -6.19619083405, -2.15250897408, -0.460844784975, -4.206553936, -4.27635240555, -1.58407950401, -1.37538921833]
        cov: [[7811.703125, -451.731658936, -431.550842285, 1338.56298828, -148.513580322, 409.253814697, -166.24647522, -1.16133952141, 14.8781509399, -35.7001800537, -15.6817913055, -63.5147361755, -42.337928772], [-451.731658936, 925.85357666, -224.569137573, -165.375854492, -32.2792396545, -90.5454864502, 14.1189393997, -13.1680364609, -26.1044254303, -64.8321456909, -6.85833883286, -15.4757394791, 3.02225494385], [-431.550842285, -224.569137573, 411.841461182, 92.101272583, 87.2890396118, 47.2302932739, 41.2347640991, -0.812876164913, 14.4554729462, 29.817199707, 6.79054355621, 7.39523696899, 20.8206062317], [1338.56298828, -165.375854492, 92.101272583, 655.656494141, 117.313827515, 144.439849854, -3.49661564827, -23.0058174133, 50.5568466187, 32.4452362061, 2.0166926384, -9.06300735474, 26.1596393585], [-148.513580322, -32.2792396545, 87.2890396118, 117.313827515, 196.752029419, 51.7119674683, 16.634431839, 4.72079706192, 40.3085861206, 44.0899085999, 20.1215400696, 16.4188594818, 22.6634311676], [409.253814697, -90.5454864502, 47.2302932739, 144.439849854, 51.7119674683, 155.516189575, 37.7578697205, 21.9977474213, 12.6150360107, 23.5350475311, 33.7381629944, 11.8443956375, 4.8135676384], [-166.24647522, 14.1189393997, 41.2347640991, -3.49661564827, 16.634431839, 37.7578697205, 131.250228882, 53.5763015747, 14.2206773758, 2.10056185722, 8.7674074173, 21.5074462891, 11.0512104034], [-1.16133952141, -13.1680364609, -0.812876164913, -23.0058174133, 4.72079706192, 21.9977474213, 53.5763015747, 108.639892578, 28.374622345, 6.86483478546, 10.1504535675, 20.6237201691, 9.48773002625], [14.8781509399, -26.1044254303, 14.4554729462, 50.5568466187, 40.3085861206, 12.6150360107, 14.2206773758, 28.374622345, 78.4759216309, 35.6671333313, 9.94448661804, 2.60985684395, 4.0907535553], [-35.7001800537, -64.8321456909, 29.817199707, 32.4452362061, 44.0899085999, 23.5350475311, 2.10056185722, 6.86483478546, 35.6671333313, 84.7091598511, 34.4259643555, 3.9182779789, -3.20459938049], [-15.6817913055, -6.85833883286, 6.79054355621, 2.0166926384, 20.1215400696, 33.7381629944, 8.7674074173, 10.1504535675, 9.94448661804, 34.4259643555, 74.390411377, 27.2917804718, 1.24655175209], [-63.5147361755, -15.4757394791, 7.39523696899, -9.06300735474, 16.4188594818, 11.8443956375, 21.5074462891, 20.6237201691, 2.60985684395, 3.9182779789, 27.2917804718, 68.1577911377, 32.1309700012], [-42.337928772, 3.02225494385, 20.8206062317, 26.1596393585, 22.6634311676, 4.8135676384, 11.0512104034, 9.48773002625, 4.0907535553, -3.20459938049, 1.24655175209, 32.1309700012, 63.5369186401]]
        icov: [[0.00033434125362, 0.000109144311864, 0.000452298816526, -0.000719662755728, 0.000531134952325, -0.000582197273616, 0.000447139405878, -0.00031876997673, 0.000111021661723, 0.000169932536664, 8.06808966445e-005, -2.06613422051e-005, 0.000200453738216], [0.000109144311864, 0.00151114957407, 0.000963439582847, -4.70036429761e-005, -0.000364777544746, 0.000542224384844, -0.000620036676992, 0.000256992090726, 1.14552467494e-005, 0.00123867706861, -0.0009805704467, 0.00104121142067, -0.000582577311434], [0.000452298816526, 0.000963439582847, 0.00390810519457, -0.000993861467578, -0.000529872544575, -0.000654179428238, -0.000755703251343, 0.000228029792197, 0.000550978875253, 0.000122519879369, -7.48724924051e-005, 0.000842664216179, -0.000733910070267], [-0.000719662755728, -4.70036429761e-005, -0.000993861467578, 0.00391356972978, -0.00177766266279, -0.00098310096655, -0.000537350948434, 0.00172683445271, -0.00167639262509, -3.73412658519e-005, 0.000581306114327, 0.00073075061664, -0.00149367097765], [0.000531134952325, -0.000364777544746, -0.000529872544575, -0.00177766266279, 0.00835021212697, -0.00231168442406, 0.00086257228395, 0.000218474116991, -0.00206784973852, -0.0023106848821, 0.000660946825519, -0.00126503279898, -0.00106584257446], [-0.000582197273616, 0.000542224384844, -0.000654179428238, -0.00098310096655, -0.00231168442406, 0.011957465671, -0.00341813825071, -0.00106869486626, 0.00189272069838, -1.39210942507e-005, -0.0049189045094, 0.00117906881496, 0.000255861930782], [0.000447139405878, -0.000620036676992, -0.000755703251343, -0.000537350948434, 0.00086257228395, -0.00341813825071, 0.0116434823722, -0.00494083249941, -0.00039849136374, 0.000524261849932, 0.00142965838313, -0.00242997845635, 0.000713110959623], [-0.00031876997673, 0.000256992090726, 0.000228029792197, 0.00172683445271, 0.000218474116991, -0.00106869486626, -0.00494083249941, 0.014061418362, -0.00539381848648, 0.000772979052272, 0.000129059786559, -0.00211047171615, -0.000796658801846], [0.000111021661723, 1.14552467494e-005, 0.000550978875253, -0.00167639262509, -0.00206784973852, 0.00189272069838, -0.00039849136374, -0.00539381848648, 0.0195927787572, -0.00711067719385, 0.000736272311769, 0.00120449485257, -0.000191618280951], [0.000169932536664, 0.00123867706861, 0.000122519879369, -3.73412658519e-005, -0.0023106848821, -1.39210942507e-005, 0.000524261849932, 0.000772979052272, -0.00711067719385, 0.0204728879035, -0.00898609310389, 0.00286675989628, 0.000865161360707], [8.06808966445e-005, -0.0009805704467, -7.48724924051e-005, 0.000581306114327, 0.000660946825519, -0.0049189045094, 0.00142965838313, 0.000129059786559, 0.000736272311769, -0.00898609310389, 0.023094965145, -0.0105706676841, 0.00414646742865], [-2.06613422051e-005, 0.00104121142067, 0.000842664216179, 0.00073075061664, -0.00126503279898, 0.00117906881496, -0.00242997845635, -0.00211047171615, 0.00120449485257, 0.00286675989628, -0.0105706676841, 0.0263600368053, -0.0125965727493], [0.000200453738216, -0.000582577311434, -0.000733910070267, -0.00149367097765, -0.00106584257446, 0.000255861930782, 0.000713110959623, -0.000796658801846, -0.000191618280951, 0.000865161360707, 0.00414646742865, -0.0125965727493, 0.0234561469406]]
    sccoeffs:
        dmean: [0.0549226738513, 0.0467826612294, 0.0369830466807, 0.0293240677565, 0.0201986525208, 0.0170811936259]
        dmean2: [0.0921988859773, 0.0785552412271, 0.0621724575758, 0.0486041642725, 0.0338085442781, 0.0276968833059]
        dvar: [0.0020582168363, 0.00134779070504, 0.000860618776642, 0.000534843595233, 0.000263784604613, 0.000244110124186]
        dvar2: [0.0055573140271, 0.00373987713829, 0.00230598077178, 0.00143084628507, 0.000688392203301, 0.000606212532148]
        max: [-0.362460494041, -0.513442575932, -0.533026874065, -0.608371913433, -0.646825253963, -0.602015793324]
        mean: [-0.706528484821, -0.78773277998, -0.784419000149, -0.79593038559, -0.798969209194, -0.723967671394]
        median: [-0.715668618679, -0.791519701481, -0.797622978687, -0.800731539726, -0.800492525101, -0.716925859451]
        min: [-0.966943562031, -0.991054594517, -0.994362711906, -0.989379525185, -0.989370703697, -0.962075412273]
        var: [0.00548852514476, 0.00273015280254, 0.00393376406282, 0.00186411838513, 0.00103437772486, 0.00157639093231]
    scvalleys:
        dmean: [0.436687499285, 0.371255427599, 0.307566583157, 0.263271063566, 0.230395540595, 0.277302980423]
        dmean2: [0.701879620552, 0.611429333687, 0.494467288256, 0.413036763668, 0.356985002756, 0.411369204521]
        dvar: [0.166048005223, 0.119799681008, 0.0814378634095, 0.0740225240588, 0.0839909315109, 0.157148823142]
        dvar2: [0.37473782897, 0.284049361944, 0.172838196158, 0.139311015606, 0.160229504108, 0.313567101955]
        max: [-4.93566608429, -4.40074014664, -5.36115169525, -5.80371952057, -5.60019636154, -7.77424526215]
        mean: [-7.04579401016, -6.52974224091, -7.15194606781, -7.33835983276, -6.90205478668, -9.87043476105]
        median: [-6.59796524048, -6.33886766434, -7.00517845154, -7.08699512482, -6.47134637833, -9.39688873291]
        min: [-27.7747535706, -27.8483905792, -27.5787582397, -27.5012340546, -27.302400589, -27.3470249176]
        var: [2.2613568306, 1.39581143856, 1.35698664188, 1.46397912502, 1.89657354355, 2.18521118164]

rhythm:
    beats_loudness:
        dmean: 0.00187781290151
        dmean2: 0.00335545325652
        dvar: 3.72613135369e-006
        dvar2: 1.08388931039e-005
        max: 0.0147495400161
        mean: 0.00411477871239
        median: 0.00357950292528
        min: 5.98664016138e-008
        var: 7.25886729924e-006
    bpm: 118.408927917
    bpm_confidence: 0
    first_peak_bpm: 117
    first_peak_spread: 0.467213094234
    first_peak_weight: 0.460992902517
    onset_rate: 3.23800802231
    second_peak_bpm: 89
    second_peak_spread: 0.125000014901
    second_peak_weight: 0.0827423110604
    beats_loudness_band_ratio:
        dmean: [0.0917399078608, 0.0718573480844, 0.0858914107084, 0.0766826122999, 0.111115403473, 0.123590365052]
        dmean2: [0.163229390979, 0.127078101039, 0.148165240884, 0.132032468915, 0.189249321818, 0.212601184845]
        dvar: [0.0108330268413, 0.00742303207517, 0.00923395343125, 0.0096210995689, 0.0105105042458, 0.0126377530396]
        dvar2: [0.0285070836544, 0.0216876957566, 0.0250266715884, 0.024953937158, 0.0314245931804, 0.036963224411]
        max: [0.958428323269, 0.691602826118, 0.751699090004, 0.887048840523, 0.880865633488, 0.726383090019]
        mean: [0.124555453658, 0.106724843383, 0.142326727509, 0.108816631138, 0.27001401782, 0.274516046047]
        median: [0.0778404921293, 0.0808250159025, 0.104919984937, 0.0600069612265, 0.266235798597, 0.280453115702]
        min: [2.52263589573e-006, 0.000151641303091, 0.00816958025098, 0.0062661874108, 0.00404688483104, 0.00174386426806]
        var: [0.021391518414, 0.00846272800118, 0.0144280781969, 0.0150694157928, 0.016596974805, 0.0233609601855]
    beats_position: [0.545668900013, 1.10294783115, 1.64861679077, 2.20589566231, 2.76317453384, 3.28562355042, 3.80807256699, 4.33052158356, 4.85297060013, 5.3754196167, 5.89786815643, 6.40870714188, 6.91954612732, 7.4303855896, 7.92961454391, 8.42884349823, 8.93968200684, 9.43891143799, 9.93814086914, 10.4489793777, 10.95981884, 11.4706573486, 11.9814968109, 12.4807252884, 12.9799547195, 13.4907932281, 13.9900226593, 14.4892511368, 14.9884805679, 15.4993190765, 15.9985485077, 16.50938797, 17.0202255249, 17.5310649872, 18.0419044495, 18.5527439117, 19.0519733429, 19.5512008667, 20.062040329, 20.5728797913, 21.0721092224, 21.5713367462, 22.0821762085, 22.5814056396, 23.0806350708, 23.5914726257, 24.0907020569, 24.589931488, 25.1007709503, 25.6116104126, 26.1224479675, 26.6332874298, 27.1209068298, 27.6317462921, 28.1309738159, 28.6418132782, 29.1410427094, 29.6518821716, 30.1627197266, 30.6735591888, 31.17278862, 31.6720180511, 32.171245575, 32.6704750061, 33.1813163757, 33.6921539307, 34.2029914856, 34.7138328552, 35.2246704102, 35.7355079651, 36.2463493347, 36.7455787659, 37.244808197, 37.755645752, 38.2664833069, 38.765712738, 39.2649421692, 39.7757797241, 40.2750091553, 40.7742385864, 41.2850799561, 41.795917511, 42.3067550659, 42.8175964355, 43.3284339905, 43.8276634216, 44.3268928528, 44.8377304077, 45.3369598389, 45.8478012085, 46.347026825, 46.8578681946, 47.3570976257, 47.8679351807, 48.3671646118, 48.866394043, 49.3772315979, 49.8880729675, 50.3873023987, 50.8981399536, 51.4089775085, 51.9198188782, 52.4190483093, 52.9298858643, 53.4291152954, 53.9283447266, 54.4275741577, 54.9384117126, 55.4492492676, 55.9484786987, 56.4477081299, 56.946937561, 57.457775116, 57.9802246094, 58.491065979, 59.0019035339, 59.5127410889, 60.0235824585, 60.5228118896, 61.0220413208, 61.5212669373, 62.0321083069, 62.531337738, 63.0305671692, 63.5297966003, 64.0406341553, 64.5398635864, 65.0390930176, 65.5499343872, 66.0607681274, 66.5599975586, 67.0592269897, 67.5700683594, 68.0692977905, 68.5801315308, 69.0793609619, 69.5902023315, 70.1010437012, 70.6118774414, 71.122718811, 71.6103363037, 72.1211776733, 72.632019043, 73.1312484741, 73.6304779053, 74.1413116455, 74.6521530151, 75.1629943848, 75.673828125, 76.1846694946, 76.6838989258, 77.1831283569, 77.6823577881, 78.1931991577, 78.7040328979, 79.2032623291, 79.7024917603, 80.2017211914, 80.712562561, 81.2233963013, 81.7342376709, 82.2334671021, 82.7326965332, 83.2435379028, 83.7543716431, 84.2536010742, 84.7644424438, 85.263671875, 85.7745132446, 86.2853469849, 86.7961883545, 87.3070297241, 87.8062591553, 88.3054885864, 88.8163223267, 89.3271636963, 89.8380050659, 90.3372344971, 90.8364639282, 91.3472976685, 91.8581390381, 92.3689804077, 92.8798141479, 93.3906555176, 93.8898849487, 94.3891143799, 94.888343811, 95.3991851807, 95.8984146118, 96.4092483521, 96.9084777832, 97.4077072144, 97.918548584, 98.4293823242, 98.9286117554, 99.4278411865, 99.9386825562, 100.449523926, 100.960357666, 101.471199036, 101.982040405, 102.492874146, 102.992103577, 103.491333008, 104.164710999, 104.838096619, 105.511474609, 106.1848526, 106.858230591, 107.531608582, 108.204986572, 108.878364563, 109.540130615, 110.213516235, 110.875282288, 111.571876526, 112.245262146, 112.918640137, 113.592018127, 114.265396118, 114.938774109, 115.6121521, 116.297142029, 116.982131958, 117.655509949, 118.328887939, 118.990653992, 119.664031982, 120.325805664, 120.999183655, 121.672561646, 122.357551575, 123.042533875, 123.715919495, 124.389297485, 125.062675476, 125.736053467, 126.409431458, 127.082809448, 127.756187439, 128.42956543, 129.10295105, 129.776321411, 130.449707031, 130.948928833, 131.448165894, 131.958999634, 132.469833374, 132.992294312, 133.51473999, 134.037185669, 134.571243286, 135.105300903, 135.639358521, 136.161804199, 136.672653198, 137.183486938, 137.694335938, 138.205169678, 138.716003418, 139.226852417, 139.737686157, 140.260131836, 140.794189453, 141.339859009, 141.885528564, 142.407974243, 142.918823242, 143.429656982, 143.940490723, 144.439727783, 144.938949585, 145.438186646, 145.937408447, 146.448257446, 146.959091187, 147.469924927, 147.980773926, 148.491607666, 148.990829468, 149.490066528, 150.000900269, 150.511749268, 151.022583008, 151.52180481, 152.02104187, 152.53187561, 153.031112671, 153.530334473, 154.041183472, 154.540405273, 155.051239014, 155.562088013, 156.061309814, 156.572158813, 157.082992554, 157.593826294, 158.093063354, 158.592285156, 159.091522217, 159.590744019, 160.101577759, 160.612426758, 161.123260498, 161.634094238, 162.133331299, 162.644165039, 163.1434021, 163.642623901, 164.1534729, 164.664306641, 165.163528442, 165.662765503, 166.173599243, 166.672836304, 167.183670044, 167.682891846, 168.193740845, 168.692962646, 169.203811646, 169.714645386, 170.225479126, 170.724716187, 171.223937988, 171.723175049, 172.234008789, 172.73324585, 173.24407959, 173.75491333, 174.265762329, 174.776596069, 175.28742981, 175.78666687, 176.285888672, 176.785125732, 177.284347534, 177.795196533, 178.306030273, 178.816864014, 179.316101074, 179.815322876, 180.337768555, 180.848617554, 181.347839355, 181.847076416, 182.346298218, 182.857131958, 183.356369019, 183.85559082, 184.366439819, 184.87727356, 185.3881073, 185.898956299, 186.398178101, 186.9090271, 187.41986084, 187.919082642, 188.429931641, 188.917541504, 189.416778564, 189.916000366, 190.426849365, 190.937683105, 191.448516846, 191.959365845, 192.470199585, 192.969436646, 193.480270386, 193.979492188, 194.490341187, 194.97795105, 195.47718811, 195.953201294, 196.475646973, 196.998092651, 197.508926392, 198.019775391, 198.530609131, 199.041442871, 199.55229187, 200.051513672, 200.562347412, 201.061584473, 201.572418213, 202.060043335, 202.570877075, 203.081726074, 203.580947876, 204.103393555, 204.614242554, 205.113464355, 205.624298096, 206.123535156, 206.622756958, 207.121994019, 207.632827759, 208.132064819, 208.64289856, 209.142120361, 209.65296936, 210.152191162, 210.663040161, 211.173873901, 211.673095703, 212.183944702, 212.694778442, 213.194015503, 213.693237305, 214.204071045, 214.714920044, 215.214141846, 215.724990845, 216.224212646, 216.735046387, 217.234283447, 217.745117188, 218.244354248, 218.74357605, 219.266021729, 219.788482666, 220.310928345, 220.833374023, 221.355819702, 221.889877319]
