
metadata:
    version:
        essentia: "2.1-beta2"
    audio_properties:
        analysis_sample_rate: 44100
        bitrate: 256
        channels: 1
        equal_loudness: 1
        length: 288.914276123
        replay_gain: -19.0026664734
        downmix: "mix"
    tags:
        album: "Eat Me, Drink Me"
        artist: "Marilyn Manson"
        comment: ""
        date: "2007"
        genre: "Rock"
        title: "Heart Shaped Glasses (When The Heart Guides The Hand)"
        tracknumber: "6"

configuration:
    average_loudness:
        compute: 1
        frameSize: 88200
        hopSize: 44100
        silentFrames: "noise"
        windowType: "hann"
    general:
        analysisSampleRate: 44100
        endTime: 2000
        equalLoudness: 1
        nequalLoudness: 0
        shortSound: 0
        startTime: 0
    lowlevel:
        compute: 1
        frameSize: 2048
        hopSize: 1024
        zeroPadding: 0
        silentFrames: "noise"
        windowType: "blackmanharris62"
        mfccStats: ["mean", "cov", "icov"]
        stats: ["mean", "var", "median", "min", "max", "dmean", "dmean2", "dvar", "dvar2"]
    panning:
        compute: 0
        frameSize: 8192
        hopSize: 2048
        zeroPadding: 8192
        silentFrames: "noise"
        windowType: "hann"
        stats: ["copy"]
    rhythm:
        compute: 1
        maxTempo: 208
        minTempo: 40
        method: "degara"
        stats: ["mean", "var", "median", "min", "max", "dmean", "dmean2", "dvar", "dvar2"]
    segmentation:
        compute: 0
        cpw: 5
        inc1: 300
        inc2: 50
        minimumSegmentsLength: 10
        size1: 1000
        size2: 600
    sfx:
        compute: 1
        stats: ["mean", "var", "median", "min", "max", "dmean", "dmean2", "dvar", "dvar2"]
    svm:
        compute: 0
    tonal:
        compute: 1
        frameSize: 4096
        hopSize: 2048
        zeroPadding: 0
        silentFrames: "noise"
        windowType: "blackmanharris62"
        stats: ["mean", "var", "median", "min", "max", "dmean", "dmean2", "dvar", "dvar2"]

lowlevel:
    average_loudness: 0.951541483402
    barkbands_kurtosis:
        dmean: 2.19253277779
        dmean2: 3.52437400818
        dvar: 93.3663635254
        dvar2: 217.273849487
        max: 596.276367188
        mean: 3.68211364746
        median: -0.600838780403
        min: -1.89412558079
        var: 480.735198975
    barkbands_skewness:
        dmean: 0.402943938971
        dmean2: 0.630288183689
        dvar: 0.267548173666
        dvar2: 0.65794801712
        max: 12.3436527252
        mean: -0.215999305248
        median: -0.531472444534
        min: -16.4932231903
        var: 3.46178340912
    barkbands_spread:
        dmean: 5.10507774353
        dmean2: 8.04751968384
        dvar: 21.7859535217
        dvar2: 48.7559738159
        max: 73.1008758545
        mean: 27.3043518066
        median: 27.1165962219
        min: 0.118518069386
        var: 131.344863892
    dissonance:
        dmean: 0.0136737423018
        dmean2: 0.0237696934491
        dvar: 0.000522932386957
        dvar2: 0.00155922654085
        max: 0.500000119209
        mean: 0.480229794979
        median: 0.488283634186
        min: 0.217051103711
        var: 0.000905758934096
    hfc:
        dmean: 2.58174109459
        dmean2: 3.90772843361
        dvar: 7.50964212418
        dvar2: 16.2793521881
        max: 71.0174560547
        mean: 12.642706871
        median: 13.4283914566
        min: 1.11975677749e-016
        var: 44.9243965149
    pitch:
        dmean: 624.089416504
        dmean2: 1161.1036377
        dvar: 1054402.5
        dvar2: 2646498.75
        max: 6544.58886719
        mean: 1028.7052002
        median: 473.838409424
        min: 55.126159668
        var: 1626754.5
    pitch_instantaneous_confidence:
        dmean: 0.0736284852028
        dmean2: 0.120251983404
        dvar: 0.00432913191617
        dvar2: 0.0103777674958
        max: 0.993416726589
        mean: 0.377785593271
        median: 0.333524346352
        min: 0.109583973885
        var: 0.0304588489234
    pitch_salience:
        dmean: 0.0530182681978
        dmean2: 0.087797537446
        dvar: 0.00214881659485
        dvar2: 0.0058086165227
        max: 0.894005715847
        mean: 0.652842640877
        median: 0.670268833637
        min: 0.102214746177
        var: 0.00983159523457
    silence_rate_20dB:
        dmean: 0
        dmean2: 0
        dvar: 0
        dvar2: 0
        max: 1
        mean: 1
        median: 1
        min: 1
        var: 0
    silence_rate_30dB:
        dmean: 0
        dmean2: 0
        dvar: 0
        dvar2: 0
        max: 1
        mean: 1
        median: 1
        min: 1
        var: 0
    silence_rate_60dB:
        dmean: 0.043558627367
        dmean2: 0.0871242582798
        dvar: 0.0416576601565
        dvar2: 0.0944690480828
        max: 1
        mean: 0.152925103903
        median: 0
        min: 0
        var: 0.12953312695
    spectral_centroid:
        dmean: 222.631240845
        dmean2: 339.573852539
        dvar: 56222.3359375
        dvar2: 108581.070313
        max: 11327.3652344
        mean: 2039.34277344
        median: 2102.12695313
        min: 184.660644531
        var: 392369.15625
    spectral_complexity:
        dmean: 4.22132921219
        dmean2: 6.47532558441
        dvar: 16.4331226349
        dvar2: 34.9743041992
        max: 48
        mean: 22.0940208435
        median: 24
        min: 0
        var: 114.89012146
    spectral_crest:
        dmean: 1.75215315819
        dmean2: 2.9299082756
        dvar: 2.85063266754
        dvar2: 7.44218349457
        max: 26.7801990509
        mean: 6.93194007874
        median: 5.61874437332
        min: 2.06707763672
        var: 18.6639213562
    spectral_decrease:
        dmean: 2.20142890028e-010
        dmean2: 3.36258687561e-010
        dvar: 4.4151395274e-020
        dvar2: 9.65890206355e-020
        max: -3.38564611509e-029
        mean: -1.260939686e-009
        median: -1.34761568571e-009
        min: -5.07097075442e-009
        var: 2.86065034462e-019
    spectral_energy:
        dmean: 0.00102581712417
        dmean2: 0.00155778951012
        dvar: 9.91955062091e-007
        dvar2: 2.15438330997e-006
        max: 0.0255805198103
        mean: 0.00590579817072
        median: 0.00632484350353
        min: 1.02842993974e-020
        var: 6.56285010336e-006
    spectral_energyband_high:
        dmean: 0.000254741637036
        dmean2: 0.00039606782957
        dvar: 1.13164233539e-007
        dvar2: 2.65566484359e-007
        max: 0.00601603696123
        mean: 0.000802632421255
        median: 0.000706480466761
        min: 7.37245319674e-021
        var: 4.38221519516e-007
    spectral_energyband_low:
        dmean: 0.000142731252708
        dmean2: 0.000233851489611
        dvar: 2.3952457795e-008
        dvar2: 6.25175573532e-008
        max: 0.00238247797824
        mean: 0.00029934066697
        median: 0.000241263071075
        min: 6.00672204047e-023
        var: 6.84184726651e-008
    spectral_energyband_middle_high:
        dmean: 0.000843001063913
        dmean2: 0.00129482510965
        dvar: 8.31823797398e-007
        dvar2: 1.8853426127e-006
        max: 0.0255435910076
        mean: 0.00364622706547
        median: 0.00378198409453
        min: 1.54276010097e-021
        var: 4.51899450127e-006
    spectral_energyband_middle_low:
        dmean: 0.000499353860505
        dmean2: 0.000797284767032
        dvar: 2.80567206801e-007
        dvar2: 6.34561899915e-007
        max: 0.00703743472695
        mean: 0.00128341407981
        median: 0.0011230398668
        min: 3.5293646997e-022
        var: 7.52511539304e-007
    spectral_flatness_db:
        dmean: 0.0135793499649
        dmean2: 0.0218697302043
        dvar: 0.000190580598428
        dvar2: 0.000469868420623
        max: 0.536589443684
        mean: 0.156320154667
        median: 0.139073431492
        min: 0.0715224519372
        var: 0.00350680015981
    spectral_flux:
        dmean: 0.00647403812036
        dmean2: 0.0100919986144
        dvar: 3.91985850001e-005
        dvar2: 8.87071728357e-005
        max: 0.153386741877
        mean: 0.0452997758985
        median: 0.0475535951555
        min: 1.0141153195e-010
        var: 0.00021959390142
    spectral_kurtosis:
        dmean: 1.18635380268
        dmean2: 2.01224398613
        dvar: 4.0157828331
        dvar2: 11.2255306244
        max: 50.6859092712
        mean: 2.94891929626
        median: 2.07881689072
        min: -1.2311873436
        var: 11.4090986252
    spectral_rms:
        dmean: 0.000213914201595
        dmean2: 0.000321748462738
        dvar: 4.13202876359e-008
        dvar2: 8.54133759276e-008
        max: 0.00499565852806
        mean: 0.00230960967019
        median: 0.00248406501487
        min: 3.16756408429e-012
        var: 4.27456114949e-007
    spectral_rolloff:
        dmean: 294.721282959
        dmean2: 467.599945068
        dvar: 132485.515625
        dvar2: 248185.3125
        max: 18669.2871094
        mean: 3523.56616211
        median: 3725.24414063
        min: 193.798828125
        var: 1041190.4375
    spectral_skewness:
        dmean: 0.164030641317
        dmean2: 0.264440238476
        dvar: 0.0346155576408
        dvar2: 0.0873946398497
        max: 5.05216836929
        mean: 1.16056537628
        median: 1.07996356487
        min: -0.834324240685
        var: 0.231950521469
    spectral_spread:
        dmean: 339618.53125
        dmean2: 500136.9375
        dvar: 225736966144
        dvar2: 331567464448
        max: 41538520
        mean: 4198903.5
        median: 4200985
        min: 791811.3125
        var: 1.16187358822e+012
    spectral_strongpeak:
        dmean: 0.718538820744
        dmean2: 1.22455000877
        dvar: 0.778214454651
        dvar2: 1.93433439732
        max: 11.0831737518
        mean: 1.1819858551
        median: 0.700573265553
        min: 1.64621738463e-009
        var: 1.60302138329
    zerocrossingrate:
        dmean: 0.00703434227034
        dmean2: 0.00821754336357
        dvar: 5.88907241763e-005
        dvar2: 6.73427784932e-005
        max: 0.4833984375
        mean: 0.109155975282
        median: 0.11279296875
        min: 0.01123046875
        var: 0.000912009330932
    barkbands:
        dmean: [4.83368069126e-007, 3.7074310967e-005, 9.63301718002e-005, 0.000161968317116, 0.000214563653572, 6.39786667307e-005, 9.2688947916e-005, 0.000124861180666, 0.000143459037645, 0.000117134099128, 9.81241901172e-005, 0.000114608861622, 0.00015279262152, 0.000135380512802, 0.000177995520062, 0.000181451803655, 0.000328435911797, 0.00022448450909, 0.000177606241778, 0.000223581111641, 0.000150433945237, 2.60960605374e-005, 8.26441282697e-006, 3.55041242983e-006, 1.10683197363e-006, 2.88338397603e-009, 2.41825032221e-010]
        dmean2: [8.09175901395e-007, 6.27909612376e-005, 0.000156788082677, 0.000261824345216, 0.000355835218215, 0.000109536973468, 0.000150772786583, 0.0002039247629, 0.000239949731622, 0.000193675441551, 0.000157483926159, 0.000189592610695, 0.000252660509432, 0.00022263257415, 0.000287609815132, 0.000293593038805, 0.000531331636012, 0.000365244079148, 0.000286208523903, 0.000356898584869, 0.000239618457272, 4.05066202802e-005, 1.25827182273e-005, 5.33241927769e-006, 1.7077678649e-006, 4.74762940073e-009, 4.44207309824e-010]
        dvar: [4.53719906698e-013, 2.15098805434e-009, 1.40067619725e-008, 4.39255138929e-008, 7.96265382519e-008, 1.21549490473e-008, 3.23534976587e-008, 5.63840778511e-008, 5.11797750846e-008, 4.87208779987e-008, 3.47214346164e-008, 3.34656000689e-008, 5.40596936105e-008, 4.14245704405e-008, 8.72369838589e-008, 9.2824194553e-008, 2.54640440289e-007, 1.46215285213e-007, 5.1118895783e-008, 1.10284503307e-007, 4.05653040048e-008, 1.64937052904e-009, 1.83530482478e-010, 2.77423153894e-011, 3.86086822235e-012, 1.08519851153e-017, 1.00288799183e-019]
        dvar2: [1.27525442463e-012, 5.82351633582e-009, 3.50840032581e-008, 1.04062955586e-007, 1.93672079263e-007, 3.31671188292e-008, 8.31771203025e-008, 1.37895668217e-007, 1.31267285042e-007, 1.28322625415e-007, 8.80688446614e-008, 8.72822312203e-008, 1.37153662649e-007, 1.09814791927e-007, 2.11591896004e-007, 2.3717639408e-007, 6.25687846423e-007, 3.84401971587e-007, 1.25583653698e-007, 2.63910436615e-007, 9.78426726306e-008, 4.01925337457e-009, 4.27492624633e-010, 5.83662701503e-011, 8.66475814709e-012, 2.89432845525e-017, 3.1438795713e-019]
        max: [7.98139626568e-006, 0.00061564106727, 0.0017460284289, 0.00271730870008, 0.0037194613833, 0.00374145130627, 0.00537068396807, 0.00648006889969, 0.00443771993741, 0.00553895765916, 0.00612363684922, 0.00336060044356, 0.00426464993507, 0.00360640441068, 0.00597757054493, 0.00661661662161, 0.0135289849713, 0.0226428881288, 0.00580812944099, 0.00912971887738, 0.0039881914854, 0.00108879501931, 0.000509450386744, 0.000149173341924, 4.49393519375e-005, 4.80327138064e-008, 3.21508553114e-009]
        mean: [7.49550395085e-007, 5.48196512682e-005, 0.000155820598593, 0.000253092730418, 0.000332829949912, 8.74501129147e-005, 0.000144223638927, 0.000176262430614, 0.00024295746698, 0.000194215608644, 0.000176726243808, 0.000195780812646, 0.000266270304564, 0.000244451919571, 0.000334836775437, 0.000380758225219, 0.000679140503053, 0.000494727690239, 0.000442911754362, 0.000555992883164, 0.000381856894819, 7.24264900782e-005, 2.40927729465e-005, 1.0805916645e-005, 2.59107491729e-006, 6.23294171831e-009, 2.21460447203e-010]
        median: [3.29987415171e-007, 3.8639685954e-005, 8.74586112332e-005, 0.000132955232402, 0.000211617851164, 5.13976629009e-005, 6.81407691445e-005, 7.2251430538e-005, 0.000121673940157, 8.94297409104e-005, 9.27635264816e-005, 0.000110349894385, 0.000161787931575, 0.000143675744766, 0.000179742783075, 0.000207129924092, 0.000452969019534, 0.000399724638555, 0.000383138132747, 0.000447176396847, 0.000295025645755, 6.07363799645e-005, 1.86058277905e-005, 8.80618335941e-006, 1.89524735106e-006, 5.60647839265e-009, 1.13183518113e-010]
        min: [7.53325119578e-023, 9.69536558243e-024, 1.24043265527e-023, 8.86089747283e-024, 2.86772396064e-023, 8.40591311051e-023, 1.23959974438e-022, 6.94306711835e-023, 3.04343389204e-023, 5.11929896048e-023, 2.12479448163e-023, 1.19986930131e-022, 1.67335459757e-022, 1.13406050511e-022, 9.86672384153e-023, 1.17960529481e-022, 1.3393181999e-022, 2.55796996382e-022, 2.72595189824e-022, 2.34426388428e-022, 4.83574461204e-022, 5.87351953185e-022, 7.05108060406e-022, 6.66751144083e-022, 1.07042896501e-021, 2.03467730267e-021, 2.00949231874e-021]
        var: [9.52484835795e-013, 3.36992322936e-009, 3.4168259333e-008, 9.56959738119e-008, 1.33518668122e-007, 1.85810424824e-008, 6.54615703866e-008, 9.54610470671e-008, 1.117647912e-007, 1.03694695497e-007, 6.9858600682e-008, 6.32407974877e-008, 1.12222927839e-007, 8.50571169053e-008, 2.08508296851e-007, 2.40856962819e-007, 6.13529834936e-007, 2.36060557768e-007, 1.41129248732e-007, 3.02839652022e-007, 1.32146439569e-007, 5.1385224964e-009, 6.78017364475e-010, 1.16265094774e-010, 1.07475712358e-011, 2.78959580917e-017, 8.83392769678e-020]
    frequency_bands:
        dmean: [4.83368069126e-007, 3.7074310967e-005, 9.63301718002e-005, 0.000161968317116, 0.000214563653572, 6.39786667307e-005, 9.2688947916e-005, 0.000124861180666, 0.000143459037645, 0.000117134099128, 9.81241901172e-005, 0.000114608861622, 0.00015279262152, 0.000135380512802, 0.000177995520062, 0.000181451803655, 0.000328435911797, 0.00022448450909, 0.000177606241778, 0.000223581111641, 0.000150433945237, 2.60960605374e-005, 8.26441282697e-006, 3.55041242983e-006, 1.10683197363e-006, 2.88338397603e-009, 2.41825032221e-010, 6.74491087982e-011]
        dmean2: [8.09175901395e-007, 6.27909612376e-005, 0.000156788082677, 0.000261824345216, 0.000355835218215, 0.000109536973468, 0.000150772786583, 0.0002039247629, 0.000239949731622, 0.000193675441551, 0.000157483926159, 0.000189592610695, 0.000252660509432, 0.00022263257415, 0.000287609815132, 0.000293593038805, 0.000531331636012, 0.000365244079148, 0.000286208523903, 0.000356898584869, 0.000239618457272, 4.05066202802e-005, 1.25827182273e-005, 5.33241927769e-006, 1.7077678649e-006, 4.74762940073e-009, 4.44207309824e-010, 1.2460857346e-010]
        dvar: [4.53719906698e-013, 2.15098805434e-009, 1.40067619725e-008, 4.39255138929e-008, 7.96265382519e-008, 1.21549490473e-008, 3.23534976587e-008, 5.63840778511e-008, 5.11797750846e-008, 4.87208779987e-008, 3.47214346164e-008, 3.34656000689e-008, 5.40596936105e-008, 4.14245704405e-008, 8.72369838589e-008, 9.2824194553e-008, 2.54640440289e-007, 1.46215285213e-007, 5.1118895783e-008, 1.10284503307e-007, 4.05653040048e-008, 1.64937052904e-009, 1.83530482478e-010, 2.77423153894e-011, 3.86086822235e-012, 1.08519851153e-017, 1.00288799183e-019, 8.08140675842e-021]
        dvar2: [1.27525442463e-012, 5.82351633582e-009, 3.50840032581e-008, 1.04062955586e-007, 1.93672079263e-007, 3.31671188292e-008, 8.31771203025e-008, 1.37895668217e-007, 1.31267285042e-007, 1.28322625415e-007, 8.80688446614e-008, 8.72822312203e-008, 1.37153662649e-007, 1.09814791927e-007, 2.11591896004e-007, 2.3717639408e-007, 6.25687846423e-007, 3.84401971587e-007, 1.25583653698e-007, 2.63910436615e-007, 9.78426726306e-008, 4.01925337457e-009, 4.27492624633e-010, 5.83662701503e-011, 8.66475814709e-012, 2.89432845525e-017, 3.1438795713e-019, 2.53193797804e-020]
        max: [7.98139626568e-006, 0.00061564106727, 0.0017460284289, 0.00271730870008, 0.0037194613833, 0.00374145130627, 0.00537068396807, 0.00648006889969, 0.00443771993741, 0.00553895765916, 0.00612363684922, 0.00336060044356, 0.00426464993507, 0.00360640441068, 0.00597757054493, 0.00661661662161, 0.0135289849713, 0.0226428881288, 0.00580812944099, 0.00912971887738, 0.0039881914854, 0.00108879501931, 0.000509450386744, 0.000149173341924, 4.49393519375e-005, 4.80327138064e-008, 3.21508553114e-009, 8.82803274926e-010]
        mean: [7.49550395085e-007, 5.48196512682e-005, 0.000155820598593, 0.000253092730418, 0.000332829949912, 8.74501129147e-005, 0.000144223638927, 0.000176262430614, 0.00024295746698, 0.000194215608644, 0.000176726243808, 0.000195780812646, 0.000266270304564, 0.000244451919571, 0.000334836775437, 0.000380758225219, 0.000679140503053, 0.000494727690239, 0.000442911754362, 0.000555992883164, 0.000381856894819, 7.24264900782e-005, 2.40927729465e-005, 1.0805916645e-005, 2.59107491729e-006, 6.23294171831e-009, 2.21460447203e-010, 5.33747004927e-011]
        median: [3.29987415171e-007, 3.8639685954e-005, 8.74586112332e-005, 0.000132955232402, 0.000211617851164, 5.13976629009e-005, 6.81407691445e-005, 7.2251430538e-005, 0.000121673940157, 8.94297409104e-005, 9.27635264816e-005, 0.000110349894385, 0.000161787931575, 0.000143675744766, 0.000179742783075, 0.000207129924092, 0.000452969019534, 0.000399724638555, 0.000383138132747, 0.000447176396847, 0.000295025645755, 6.07363799645e-005, 1.86058277905e-005, 8.80618335941e-006, 1.89524735106e-006, 5.60647839265e-009, 1.13183518113e-010, 2.06685571436e-011]
        min: [7.53325119578e-023, 9.69536558243e-024, 1.24043265527e-023, 8.86089747283e-024, 2.86772396064e-023, 8.40591311051e-023, 1.23959974438e-022, 6.94306711835e-023, 3.04343389204e-023, 5.11929896048e-023, 2.12479448163e-023, 1.19986930131e-022, 1.67335459757e-022, 1.13406050511e-022, 9.86672384153e-023, 1.17960529481e-022, 1.3393181999e-022, 2.55796996382e-022, 2.72595189824e-022, 2.34426388428e-022, 4.83574461204e-022, 5.87351953185e-022, 7.05108060406e-022, 6.66751144083e-022, 1.07042896501e-021, 2.03467730267e-021, 2.00949231874e-021, 6.97517981564e-022]
        var: [9.52484835795e-013, 3.36992322936e-009, 3.4168259333e-008, 9.56959738119e-008, 1.33518668122e-007, 1.85810424824e-008, 6.54615703866e-008, 9.54610470671e-008, 1.117647912e-007, 1.03694695497e-007, 6.9858600682e-008, 6.32407974877e-008, 1.12222927839e-007, 8.50571169053e-008, 2.08508296851e-007, 2.40856962819e-007, 6.13529834936e-007, 2.36060557768e-007, 1.41129248732e-007, 3.02839652022e-007, 1.32146439569e-007, 5.1385224964e-009, 6.78017364475e-010, 1.16265094774e-010, 1.07475712358e-011, 2.78959580917e-017, 8.83392769678e-020, 6.81174833384e-021]
    mfcc:
        mean: [-688.924621582, 84.0373840332, -56.6977577209, 39.7557067871, -13.19672966, 0.80634188652, 0.987973093987, -0.888800799847, 0.225682273507, -0.940301716328, -6.46615505219, 1.22817146778, -7.85503816605]
        cov: [[7123.74707031, -103.68952179, -363.173278809, 886.573730469, 174.825302124, 665.14831543, 201.820663452, -4.12769460678, -347.515625, -241.021316528, -232.405029297, 9.18257045746, -140.80480957], [-103.68952179, 1042.99145508, -226.366088867, 67.2866134644, 88.6132659912, -80.3302612305, 68.4850082397, -6.53984689713, -23.4499340057, -51.7729911804, 19.7972011566, -7.12276363373, 17.4236621857], [-363.173278809, -226.366088867, 566.132385254, -14.9113798141, -94.041809082, -76.847984314, -40.1246948242, 0.132536187768, 27.5211849213, 34.5933227539, 24.2975349426, 0.531979203224, -16.4653377533], [886.573730469, 67.2866134644, -14.9113798141, 338.949798584, 110.21295166, 106.510253906, 30.6517086029, -12.8602790833, -44.2916183472, -39.700843811, -44.7092056274, 6.90567779541, 7.65887403488], [174.825302124, 88.6132659912, -94.041809082, 110.21295166, 318.665679932, 169.002990723, 21.3474979401, -11.145608902, 1.48804819584, -4.26190948486, -39.456577301, -5.92318487167, 21.8416595459], [665.14831543, -80.3302612305, -76.847984314, 106.510253906, 169.002990723, 338.201568604, 101.938591003, 25.3714447021, -39.623210907, -26.4364070892, -40.6810264587, -7.56253242493, -5.83957242966], [201.820663452, 68.4850082397, -40.1246948242, 30.6517086029, 21.3474979401, 101.938591003, 178.715118408, 56.3096008301, -25.9512577057, -43.5302734375, -14.7448272705, 1.39310657978, -0.758427500725], [-4.12769460678, -6.53984689713, 0.132536187768, -12.8602790833, -11.145608902, 25.3714447021, 56.3096008301, 124.707618713, 23.4134101868, -5.42569684982, 0.0472975336015, -4.08765649796, -6.57348203659], [-347.515625, -23.4499340057, 27.5211849213, -44.2916183472, 1.48804819584, -39.623210907, -25.9512577057, 23.4134101868, 132.033248901, 47.1204833984, 30.6095695496, -9.75398254395, -4.76764965057], [-241.021316528, -51.7729911804, 34.5933227539, -39.700843811, -4.26190948486, -26.4364070892, -43.5302734375, -5.42569684982, 47.1204833984, 111.915763855, 38.8332176208, 7.72424077988, -10.0629940033], [-232.405029297, 19.7972011566, 24.2975349426, -44.7092056274, -39.456577301, -40.6810264587, -14.7448272705, 0.0472975336015, 30.6095695496, 38.8332176208, 98.2783889771, 22.8444976807, -0.484947055578], [9.18257045746, -7.12276363373, 0.531979203224, 6.90567779541, -5.92318487167, -7.56253242493, 1.39310657978, -4.08765649796, -9.75398254395, 7.72424077988, 22.8444976807, 82.3231201172, 30.8034820557], [-140.80480957, 17.4236621857, -16.4653377533, 7.65887403488, 21.8416595459, -5.83957242966, -0.758427500725, -6.57348203659, -4.76764965057, -10.0629940033, -0.484947055578, 30.8034820557, 82.5241470337]]
        icov: [[0.000312374409987, 4.51981031802e-005, 0.000183337804629, -0.0007078628405, 0.000323311018292, -0.000457404676126, 0.00014634130639, -3.11328731186e-005, 0.000326349312672, 0.000214954139665, 0.000206509008422, -0.000280374195427, 0.000657574099023], [4.51981031802e-005, 0.00134603865445, 0.000518806045875, -0.000410866341554, -0.000703616940882, 0.00106288737152, -0.000854019774124, 0.000115727656521, 0.000312519696308, 0.000446400779765, -0.000812767480966, 0.00038501637755, 0.000121375211165], [0.000183337804629, 0.000518806045875, 0.00221618660726, -0.000771913561039, 0.000464712094981, 0.000260744360276, -9.30478017835e-006, -4.1482886445e-005, 5.73078650632e-005, -0.000138637333293, -0.000235156403505, -8.04431783763e-006, 0.000597186095547], [-0.0007078628405, -0.000410866341554, -0.000771913561039, 0.00540373753756, -0.00154396274593, 0.00023564005096, -0.000153516899445, 0.000377366726752, -0.00023259196314, 0.000209336678381, 0.000545371905901, -0.00021199202456, -0.00122816080693], [0.000323311018292, -0.000703616940882, 0.000464712094981, -0.00154396274593, 0.00595490122214, -0.00358992954716, 0.00122367858421, 0.000654908886645, -0.00113083946053, -0.00066292838892, 0.00180587137584, -8.29711789265e-005, -0.000935076968744], [-0.000457404676126, 0.00106288737152, 0.000260744360276, 0.00023564005096, -0.00358992954716, 0.00693714478984, -0.00335309491493, -0.000318847422022, 0.000925082189497, -0.000541925721336, -0.000593572389334, 0.000835914281197, 8.19814449642e-005], [0.00014634130639, -0.000854019774124, -9.30478017835e-006, -0.000153516899445, 0.00122367858421, -0.00335309491493, 0.00935420114547, -0.00353158637881, 0.000725291436538, 0.00237714056857, 5.24059714735e-006, -0.000902097846847, 0.000354435760528], [-3.11328731186e-005, 0.000115727656521, -4.1482886445e-005, 0.000377366726752, 0.000654908886645, -0.000318847422022, -0.00353158637881, 0.0103218462318, -0.00273215514608, 0.000239397078985, 0.000446758320322, -3.22739397234e-005, 0.000359002733603], [0.000326349312672, 0.000312519696308, 5.73078650632e-005, -0.00023259196314, -0.00113083946053, 0.000925082189497, 0.000725291436538, -0.00273215514608, 0.0110038844869, -0.00295257521793, -0.00208349013701, 0.00194379116874, 0.000215550331632], [0.000214954139665, 0.000446400779765, -0.000138637333293, 0.000209336678381, -0.00066292838892, -0.000541925721336, 0.00237714056857, 0.000239397078985, -0.00295257521793, 0.013307007961, -0.00352475256659, -0.00166758918203, 0.00245726597495], [0.000206509008422, -0.000812767480966, -0.000235156403505, 0.000545371905901, 0.00180587137584, -0.000593572389334, 5.24059714735e-006, 0.000446758320322, -0.00208349013701, -0.00352475256659, 0.0146981142461, -0.00446305423975, 0.0011441957904], [-0.000280374195427, 0.00038501637755, -8.04431783763e-006, -0.00021199202456, -8.29711789265e-005, 0.000835914281197, -0.000902097846847, -3.22739397234e-005, 0.00194379116874, -0.00166758918203, -0.00446305423975, 0.0164583846927, -0.00673198746517], [0.000657574099023, 0.000121375211165, 0.000597186095547, -0.00122816080693, -0.000935076968744, 8.19814449642e-005, 0.000354435760528, 0.000359002733603, 0.000215550331632, 0.00245726597495, 0.0011441957904, -0.00673198746517, 0.0165639240295]]
    sccoeffs:
        dmean: [0.0563378147781, 0.0488931536674, 0.0401147790253, 0.0311068892479, 0.021379256621, 0.0203455165029]
        dmean2: [0.0924739390612, 0.0817426145077, 0.0669246837497, 0.0510096885264, 0.0353026166558, 0.0320385731757]
        dvar: [0.00202790694311, 0.00148446927778, 0.000980236218311, 0.000610022572801, 0.000319793674862, 0.000317567057209]
        dvar2: [0.00522358017042, 0.00406880071387, 0.0026857056655, 0.00158915994689, 0.000827525334898, 0.000737976573873]
        max: [-0.364122152328, -0.403601765633, -0.500753760338, -0.447155535221, -0.41838401556, -0.327971786261]
        mean: [-0.669168710709, -0.767892122269, -0.768922924995, -0.772270381451, -0.79088228941, -0.72728741169]
        median: [-0.675202667713, -0.779437422752, -0.773189425468, -0.773922204971, -0.792915821075, -0.725884437561]
        min: [-0.960671186447, -0.968391239643, -0.963441252708, -0.963020682335, -0.957729160786, -0.959812164307]
        var: [0.00672964053228, 0.00537923490629, 0.00333206774667, 0.00275195622817, 0.00143028970342, 0.00175247236621]
    scvalleys:
        dmean: [0.380900979042, 0.370880275965, 0.304360508919, 0.26614677906, 0.196521788836, 0.220978960395]
        dmean2: [0.632893323898, 0.608204960823, 0.491961479187, 0.414758771658, 0.296953469515, 0.331285923719]
        dvar: [0.12450889498, 0.118917115033, 0.0921554639935, 0.0841836929321, 0.0706591904163, 0.0919952467084]
        dvar2: [0.280541062355, 0.262221038342, 0.183366030455, 0.155770659447, 0.116890631616, 0.160453721881]
        max: [-5.5541973114, -5.05658531189, -5.19706106186, -5.27144384384, -5.49114227295, -7.73688650131]
        mean: [-7.09053421021, -6.72160005569, -6.75548696518, -6.82853078842, -6.73731422424, -9.50486469269]
        median: [-6.75677204132, -6.54042959213, -6.54477977753, -6.57369661331, -6.40310192108, -9.11060523987]
        min: [-27.0533008575, -27.1885280609, -27.3443527222, -27.3140506744, -27.2234897614, -27.2667999268]
        var: [1.43577432632, 0.834139227867, 0.780191600323, 0.878536760807, 1.01415777206, 1.26250457764]

rhythm:
    beats_loudness:
        dmean: 0.00184933282435
        dmean2: 0.00330271176063
        dvar: 3.24281040776e-006
        dvar2: 9.12316500035e-006
        max: 0.0252488870174
        mean: 0.00685593020171
        median: 0.0071139712818
        min: 7.91866477812e-006
        var: 5.88494367548e-006
    bpm: 125.043067932
    bpm_confidence: 0
    first_peak_bpm: 126
    first_peak_spread: 0.500941574574
    first_peak_weight: 0.446127951145
    onset_rate: 1.8967564106
    second_peak_bpm: 115
    second_peak_spread: 0.315789461136
    second_peak_weight: 0.0218855217099
    beats_loudness_band_ratio:
        dmean: [0.0746904462576, 0.0485188663006, 0.0652088075876, 0.0913970097899, 0.122328944504, 0.0879658833146]
        dmean2: [0.136284321547, 0.0891853049397, 0.116050720215, 0.1591912359, 0.204498887062, 0.149697333574]
        dvar: [0.00464698998258, 0.00239185150713, 0.00639112852514, 0.00877620186657, 0.0121800629422, 0.00803386885673]
        dvar2: [0.0135601861402, 0.00726821320131, 0.0158256385475, 0.0224569085985, 0.0336828157306, 0.0223013982177]
        max: [0.458149969578, 0.445664584637, 0.990537583828, 0.982260584831, 0.986471414566, 0.925336003304]
        mean: [0.0975648164749, 0.0563606657088, 0.127138435841, 0.170744746923, 0.347029268742, 0.232936650515]
        median: [0.0775560811162, 0.0466027110815, 0.0826818645, 0.14127291739, 0.334087312222, 0.2232465446]
        min: [5.41360168427e-006, 1.89212260011e-005, 4.92565814056e-005, 0.000181569746928, 0.0020994017832, 0.00195030984469]
        var: [0.00616980437189, 0.00235628895462, 0.0300255846232, 0.014999287203, 0.025424959138, 0.0132414745167]
    beats_position: [0.522448956966, 1.06811785698, 1.6137868166, 2.11301589012, 2.60063481331, 3.08825397491, 3.5758728981, 4.05188179016, 4.53950119019, 5.01551008224, 5.47990942001, 5.9675283432, 6.45514726639, 6.91954612732, 7.40716552734, 7.89478445053, 8.38240337372, 8.85841274261, 9.33442115784, 9.81043052673, 10.2980499268, 10.774058342, 11.261677742, 11.7376871109, 12.2136955261, 12.689704895, 13.177324295, 13.6533327103, 14.1409521103, 14.6169614792, 15.1045799255, 15.5805892944, 16.0565986633, 16.5326080322, 17.0086174011, 17.4962348938, 17.9722442627, 18.4366436005, 18.9242630005, 19.4118824005, 19.8994998932, 20.3755092621, 20.851518631, 21.3275279999, 21.8151473999, 22.2911567688, 22.7787742615, 23.2431735992, 23.7307929993, 24.2068023682, 24.6944217682, 25.1704311371, 25.6580486298, 26.1224479675, 26.6100673676, 27.0976867676, 27.5853061676, 28.0613155365, 28.537322998, 29.0133323669, 29.4893417358, 29.9769611359, 30.4645805359, 30.9521980286, 31.4398174286, 31.9274368286, 32.4034461975, 32.8794555664, 33.3554649353, 33.8314743042, 34.3074836731, 34.783493042, 35.2478904724, 35.7238998413, 36.1999092102, 36.6643066406, 37.151927948, 37.6395454407, 38.1271629333, 38.6147842407, 39.0907936096, 39.5668029785, 40.0544204712, 40.5304298401, 41.0180473328, 41.4940567017, 41.981678009, 42.4576873779, 42.9336967468, 43.4097061157, 43.8857116699, 44.3733329773, 44.86095047, 45.3369598389, 45.8129692078, 46.2889785767, 46.7649879456, 47.2409973145, 47.7286148071, 48.204624176, 48.6922454834, 49.1798629761, 49.6674804688, 50.1434898376, 50.6194992065, 51.0955085754, 51.5715179443, 52.0591392517, 52.5467567444, 53.0111541748, 53.4987754822, 53.9747848511, 54.45079422, 54.9268035889, 55.4028091431, 55.8904304504, 56.3664398193, 56.8424491882, 57.3300666809, 57.8176841736, 58.305305481, 58.7697029114, 59.2573242188, 59.7333335876, 60.2093429565, 60.6853485107, 61.1729698181, 61.648979187, 62.1365966797, 62.6126060486, 63.0886154175, 63.5762329102, 64.0638504028, 64.5282516479, 65.0158691406, 65.4918823242, 65.9794998169, 66.4555053711, 66.9431304932, 67.4191360474, 67.90675354, 68.3827667236, 68.8587722778, 69.3347854614, 69.8224029541, 70.2984085083, 70.7744216919, 71.2504272461, 71.7264404297, 72.2024459839, 72.6784591675, 73.1660766602, 73.6536941528, 74.1297073364, 74.6173248291, 75.0933303833, 75.580947876, 76.0569610596, 76.5329666138, 77.0205917358, 77.49659729, 77.9726028442, 78.4486160278, 78.924621582, 79.4122467041, 79.8882522583, 80.3642578125, 80.8518829346, 81.3395004272, 81.8155059814, 82.291519165, 82.7791366577, 83.2667541504, 83.742767334, 84.2303848267, 84.7063903809, 85.1824035645, 85.6584091187, 86.1460266113, 86.6220397949, 87.0980453491, 87.5856704712, 88.0732879639, 88.5260772705, 88.9788665771, 89.4432601929, 89.907661438, 90.3836746216, 90.8596801758, 91.3472976685, 91.8233108521, 92.2993164063, 92.7869338989, 93.2629470825, 93.7389526367, 94.2265777588, 94.7141952515, 95.2018127441, 95.6778182983, 96.1654434204, 96.6414489746, 97.1174621582, 97.5818557739, 98.0578689575, 98.5454864502, 99.0331039429, 99.5091171265, 99.9851226807, 100.472740173, 100.937141418, 101.424758911, 101.912376404, 102.388389587, 102.864395142, 103.328796387, 103.793197632, 104.280815125, 104.768432617, 105.25605011, 105.743675232, 106.219680786, 106.69568634, 107.160087585, 107.647705078, 108.123718262, 108.611335754, 109.087341309, 109.574966431, 110.062583923, 110.550201416, 111.014602661, 111.502220154, 111.966621399, 112.454238892, 112.941856384, 113.429473877, 113.905487061, 114.381492615, 114.857505798, 115.345123291, 115.821128845, 116.308753967, 116.79637146, 117.283988953, 117.783218384, 118.270835876, 118.758453369, 119.188026428, 119.605987549, 120.047164917, 120.546394348, 121.045623779, 121.533241272, 122.020858765, 122.508476257, 122.984489441, 123.483718872, 123.971336365, 124.458953857, 124.94657135, 125.434196472, 125.921813965, 126.397819519, 126.873832703, 127.349838257, 127.83745575, 128.313461304, 128.801086426, 129.277099609, 129.753097534, 130.240722656, 130.71673584, 131.192733765, 131.668746948, 132.144760132, 132.632385254, 133.108383179, 133.584396362, 134.072021484, 134.559631348, 135.035644531, 135.511657715, 135.999267578, 136.4868927, 136.951293945, 137.438903809, 137.903305054, 138.379318237, 138.855331421, 139.342941284, 139.830566406, 140.30657959, 140.782577515, 141.258590698, 141.74621582, 142.222213745, 142.698226929, 143.174240112, 143.661849976, 144.149475098, 144.625488281, 145.101501465, 145.589111328, 146.065124512, 146.541137695, 147.01713562, 147.493148804, 147.980773926, 148.456771851, 148.932785034, 149.420410156, 149.896408081, 150.384033203, 150.860046387, 151.34765625, 151.823669434, 152.299682617, 152.78729248, 153.263305664, 153.739318848, 154.215332031, 154.691329956, 155.178955078, 155.654968262, 156.130966187, 156.60697937, 157.094604492, 157.582214355, 158.058227539, 158.545852661, 159.033462524, 159.509475708, 159.985488892, 160.461486816, 160.9375, 161.425125122, 161.912734985, 162.388748169, 162.864761353, 163.352371216, 163.839996338, 164.32762146, 164.815231323, 165.302856445, 165.778869629, 166.243255615, 166.70765686, 167.183670044, 167.671295166, 168.135681152, 168.623306274, 169.099319458, 169.575332642, 170.062942505, 170.550567627, 171.03817749, 171.525802612, 172.001815796, 172.477813721, 172.942214966, 173.429840088, 173.917449951, 174.393463135, 174.869476318, 175.345489502, 175.821487427, 176.309112549, 176.785125732, 177.261123657, 177.748748779, 178.224761963, 178.700775146, 179.176773071, 179.652786255, 180.140411377, 180.62802124, 181.115646362, 181.591659546, 182.079269409, 182.566894531, 183.042892456, 183.507293701, 183.971694946, 184.459320068, 184.935317993, 185.411331177, 185.898956299, 186.386566162, 186.874191284, 187.350204468, 187.826202393, 188.302215576, 188.77822876, 189.265853882, 189.765075684, 190.252700806, 190.72869873, 191.204711914, 191.680725098, 192.168334961, 192.644348145, 193.131973267, 193.61958313, 194.095596313, 194.571609497, 195.047622681, 195.535232544, 196.022857666, 196.510467529, 196.986480713, 197.462493896, 197.95010376, 198.426116943, 198.902130127, 199.378143311, 199.854141235, 200.330154419, 200.806167603, 201.293777466, 201.769790649, 202.245803833, 202.733413696, 203.20942688, 203.685440063, 204.161453247, 204.64906311, 205.136688232, 205.612701416, 206.088699341, 206.564712524, 207.040725708, 207.516723633, 208.004348755, 208.491973877, 208.967971802, 209.443984985, 209.931610107, 210.419219971, 210.906845093, 211.394470215, 211.882080078, 212.358093262, 212.810882568, 213.286895752, 213.762893677, 214.23890686, 214.714920044, 215.202529907, 215.678543091, 216.154556274, 216.630569458, 217.106567383, 217.582580566, 218.05859375, 218.522994995, 219.010604858, 219.49822998, 219.985839844, 220.473464966, 220.949478149, 221.425476074, 221.901489258, 222.377502441, 222.853515625, 223.341125488, 223.817138672, 224.304763794, 224.792373657, 225.279998779, 225.767608643, 226.255233765, 226.742858887, 227.23046875, 227.752914429, 228.275375366, 228.786209106, 229.297042847, 229.807891846, 230.341949463, 230.864395142, 231.38684082, 231.909286499, 232.431747437, 232.954193115, 233.441802979, 233.917816162, 234.405441284, 234.893051147, 235.38067627, 235.856689453, 236.321090698, 236.797088623, 237.273101807, 237.74911499, 238.236724854, 238.712738037, 239.188751221, 239.676361084, 240.163986206, 240.651611328, 241.115997314, 241.592010498, 242.068023682, 242.532424927, 243.02003479, 243.507659912, 243.995285034, 244.482894897, 244.947296143, 245.434921265, 245.910919189, 246.386932373, 246.862945557, 247.362167358, 247.84979248, 248.325805664, 248.801803589, 249.277816772, 249.753829956, 250.241439819, 250.717453003, 251.193466187, 251.681091309, 252.18031311, 252.644714355, 253.120727539, 253.608337402, 254.084350586, 254.56036377, 255.047973633, 255.523986816, 256, 256.476013184, 256.952026367, 257.428009033, 257.904022217, 258.3800354, 258.879272461, 259.366882324, 259.854522705, 260.318908691, 260.783294678, 261.259307861, 261.746948242, 262.222930908, 262.710571289, 263.198181152, 263.697418213, 264.173431396, 264.66104126, 265.148651123, 265.636291504, 266.216766357, 266.797271729, 267.366149902, 267.935058594, 268.503936768, 269.049621582, 269.606903076, 270.152557373, 270.69821167, 271.255493164, 271.812774658, 272.38168335, 272.950561523, 273.542663574, 274.123168945, 274.703674316, 275.284179688, 275.864654541, 276.410339355, 276.932769775, 277.455230713, 277.97769165, 278.511749268, 279.034179688, 279.603088379, 280.171966553, 280.729248047, 281.251708984, 281.774139404, 282.284973145, 282.749389648, 283.213775635, 283.678192139, 284.130981445, 284.583770752, 285.048156738, 285.489349365, 285.942138672, 286.418121338, 286.882537842, 287.346923828, 287.811340332, 288.275726318]
