
metadata:
    version:
        essentia: "2.1-beta2"
    audio_properties:
        analysis_sample_rate: 44100
        bitrate: 96
        channels: 2
        equal_loudness: 1
        length: 207.38609314
        replay_gain: -16.7078418732
        downmix: "mix"
    tags:
        album: "The Lowdown Disc 1"
        artist: "Marylin Manson"
        comment: ""
        date: "2012"
        genre: "Other"
        title: "This Is Hallowen"
        tracknumber: "3"

configuration:
    average_loudness:
        compute: 1
        frameSize: 88200
        hopSize: 44100
        silentFrames: "noise"
        windowType: "hann"
    general:
        analysisSampleRate: 44100
        endTime: 2000
        equalLoudness: 1
        nequalLoudness: 0
        shortSound: 0
        startTime: 0
    lowlevel:
        compute: 1
        frameSize: 2048
        hopSize: 1024
        zeroPadding: 0
        silentFrames: "noise"
        windowType: "blackmanharris62"
        mfccStats: ["mean", "cov", "icov"]
        stats: ["mean", "var", "median", "min", "max", "dmean", "dmean2", "dvar", "dvar2"]
    panning:
        compute: 0
        frameSize: 8192
        hopSize: 2048
        zeroPadding: 8192
        silentFrames: "noise"
        windowType: "hann"
        stats: ["copy"]
    rhythm:
        compute: 1
        maxTempo: 208
        minTempo: 40
        method: "degara"
        stats: ["mean", "var", "median", "min", "max", "dmean", "dmean2", "dvar", "dvar2"]
    segmentation:
        compute: 0
        cpw: 5
        inc1: 300
        inc2: 50
        minimumSegmentsLength: 10
        size1: 1000
        size2: 600
    sfx:
        compute: 1
        stats: ["mean", "var", "median", "min", "max", "dmean", "dmean2", "dvar", "dvar2"]
    svm:
        compute: 0
    tonal:
        compute: 1
        frameSize: 4096
        hopSize: 2048
        zeroPadding: 0
        silentFrames: "noise"
        windowType: "blackmanharris62"
        stats: ["mean", "var", "median", "min", "max", "dmean", "dmean2", "dvar", "dvar2"]

lowlevel:
    average_loudness: 0.950706064701
    barkbands_kurtosis:
        dmean: 1.51689195633
        dmean2: 2.44969797134
        dvar: 6.74421739578
        dvar2: 16.4287605286
        max: 50.2303924561
        mean: 1.24272537231
        median: -0.390924811363
        min: -1.90484857559
        var: 18.9070091248
    barkbands_skewness:
        dmean: 0.471483498812
        dmean2: 0.727795481682
        dvar: 0.214673876762
        dvar2: 0.476465076208
        max: 6.08870887756
        mean: 0.759762108326
        median: 0.716770887375
        min: -4.45298290253
        var: 1.16021800041
    barkbands_spread:
        dmean: 5.54527521133
        dmean2: 8.61995124817
        dvar: 33.1662483215
        dvar2: 72.6028823853
        max: 74.368347168
        mean: 26.3812923431
        median: 26.8507976532
        min: 0.743191361427
        var: 171.446960449
    dissonance:
        dmean: 0.0199767202139
        dmean2: 0.0337051078677
        dvar: 0.000569812429603
        dvar2: 0.00152718799654
        max: 0.500000059605
        mean: 0.461851269007
        median: 0.47427546978
        min: 0.0918201804161
        var: 0.00177129835356
    hfc:
        dmean: 1.68859934807
        dmean2: 2.45859313011
        dvar: 5.37737846375
        dvar2: 10.4205818176
        max: 63.3078422546
        mean: 5.95812654495
        median: 5.1792216301
        min: 1.16421330173e-016
        var: 24.7357845306
    pitch:
        dmean: 521.285339355
        dmean2: 987.143676758
        dvar: 1174926
        dvar2: 2878822.25
        max: 5369.50292969
        mean: 937.677124023
        median: 242.565811157
        min: 48.8585929871
        var: 1983778.625
    pitch_instantaneous_confidence:
        dmean: 0.0895656496286
        dmean2: 0.144654512405
        dvar: 0.0058781276457
        dvar2: 0.0144695108756
        max: 0.962486445904
        mean: 0.372515648603
        median: 0.347782790661
        min: 0.0588176250458
        var: 0.0186347234994
    pitch_salience:
        dmean: 0.0661016181111
        dmean2: 0.109512150288
        dvar: 0.00326594826765
        dvar2: 0.00878711603582
        max: 0.929480016232
        mean: 0.645359754562
        median: 0.656573832035
        min: 0.163054972887
        var: 0.00787001941353
    silence_rate_20dB:
        dmean: 0
        dmean2: 0
        dvar: 0
        dvar2: 0
        max: 1
        mean: 1
        median: 1
        min: 1
        var: 0
    silence_rate_30dB:
        dmean: 0
        dmean2: 0
        dvar: 0
        dvar2: 0
        max: 1
        mean: 1
        median: 1
        min: 1
        var: 0
    silence_rate_60dB:
        dmean: 0.0821764469147
        dmean2: 0.164371296763
        dvar: 0.0754291862249
        dvar2: 0.160409390926
        max: 1
        mean: 0.232508674264
        median: 0
        min: 0
        var: 0.178450927138
    spectral_centroid:
        dmean: 247.195220947
        dmean2: 371.86706543
        dvar: 89692.609375
        dvar2: 165410.375
        max: 11242.6806641
        mean: 1228.0802002
        median: 1071.12719727
        min: 171.112747192
        var: 598545.0625
    spectral_complexity:
        dmean: 3.22145104408
        dmean2: 4.94994974136
        dvar: 11.3267564774
        dvar2: 24.490655899
        max: 42
        mean: 13.0143289566
        median: 12
        min: 0
        var: 59.7730674744
    spectral_crest:
        dmean: 2.44113302231
        dmean2: 4.07201719284
        dvar: 4.98720598221
        dvar2: 13.17299366
        max: 25.5802631378
        mean: 7.74820995331
        median: 7.00163650513
        min: 2.31461143494
        var: 11.2465639114
    spectral_decrease:
        dmean: 3.21324800101e-010
        dmean2: 4.87472062716e-010
        dvar: 1.33757328098e-019
        dvar2: 2.96270943956e-019
        max: 6.30127263837e-029
        mean: -1.16361531521e-009
        median: -1.14747522595e-009
        min: -4.27061674912e-009
        var: 4.20493826422e-019
    spectral_energy:
        dmean: 0.00131575146224
        dmean2: 0.00198063044809
        dvar: 2.1843070499e-006
        dvar2: 4.75485467177e-006
        max: 0.01787192747
        mean: 0.00493218470365
        median: 0.00487025547773
        min: 1.03219288451e-020
        var: 7.51271727495e-006
    spectral_energyband_high:
        dmean: 0.000151097323396
        dmean2: 0.000222384769586
        dvar: 9.33112360713e-008
        dvar2: 1.83418123356e-007
        max: 0.0083887046203
        mean: 0.000337798759574
        median: 0.000166712576174
        min: 7.45530696731e-021
        var: 2.89751113769e-007
    spectral_energyband_low:
        dmean: 0.000369307555957
        dmean2: 0.000625897780992
        dvar: 2.02984338671e-007
        dvar2: 5.55167616767e-007
        max: 0.00552745955065
        mean: 0.000620780512691
        median: 0.000478559726616
        min: 6.77494886876e-023
        var: 3.27387425614e-007
    spectral_energyband_middle_high:
        dmean: 0.000503246556036
        dmean2: 0.000746021396481
        dvar: 4.11646311704e-007
        dvar2: 8.81518474216e-007
        max: 0.0125182205811
        mean: 0.00156852102373
        median: 0.00128154270351
        min: 1.2369072422e-021
        var: 1.9453002551e-006
    spectral_energyband_middle_low:
        dmean: 0.00107563880738
        dmean2: 0.00171233213041
        dvar: 1.75666934865e-006
        dvar2: 4.15753720517e-006
        max: 0.015011456795
        mean: 0.00263915001415
        median: 0.00230300286785
        min: 3.01808791737e-022
        var: 3.72990507458e-006
    spectral_flatness_db:
        dmean: 0.0212077926844
        dmean2: 0.0350185073912
        dvar: 0.000341122387908
        dvar2: 0.000877540267538
        max: 0.561594307423
        mean: 0.191240936518
        median: 0.174910143018
        min: 0.0736693590879
        var: 0.0036118265707
    spectral_flux:
        dmean: 0.00814149994403
        dmean2: 0.0127491513267
        dvar: 7.32622138457e-005
        dvar2: 0.000167417136254
        max: 0.133951112628
        mean: 0.0420229509473
        median: 0.043002076447
        min: 1.01596890623e-010
        var: 0.000311807496473
    spectral_kurtosis:
        dmean: 4.05785560608
        dmean2: 6.95829391479
        dvar: 176.958328247
        dvar2: 503.449829102
        max: 416.331634521
        mean: 9.6254491806
        median: 2.38131284714
        min: -1.20526432991
        var: 1232.09375
    spectral_rms:
        dmean: 0.000284213747364
        dmean2: 0.000422597338911
        dvar: 8.62983284833e-008
        dvar2: 1.79309608939e-007
        max: 0.00417564669624
        mean: 0.00206528254785
        median: 0.00217978633009
        min: 3.17335394073e-012
        var: 5.46488706732e-007
    spectral_rolloff:
        dmean: 514.612670898
        dmean2: 828.355773926
        dvar: 439245.8125
        dvar2: 887131.875
        max: 19272.2167969
        mean: 2411.3671875
        median: 2519.38476563
        min: 193.798828125
        var: 1986774.125
    spectral_skewness:
        dmean: 0.345222055912
        dmean2: 0.564128518105
        dvar: 0.328313231468
        dvar2: 0.906966567039
        max: 16.3049507141
        mean: 1.57566642761
        median: 1.14672875404
        min: -0.23045489192
        var: 3.18046617508
    spectral_spread:
        dmean: 333026.25
        dmean2: 483772.34375
        dvar: 329424371712
        dvar2: 441122783232
        max: 40371136
        mean: 3517197.75
        median: 3436534.75
        min: 207817.28125
        var: 1.61576491418e+012
    spectral_strongpeak:
        dmean: 0.293049156666
        dmean2: 0.498337626457
        dvar: 0.248639732599
        dvar2: 0.645683050156
        max: 10.6088981628
        mean: 0.427353560925
        median: 0.238197237253
        min: 0
        var: 0.341923177242
    zerocrossingrate:
        dmean: 0.00919222831726
        dmean2: 0.0104236099869
        dvar: 0.000115070972242
        dvar2: 0.000122786237625
        max: 0.4970703125
        mean: 0.0743571519852
        median: 0.0693359375
        min: 0.00830078125
        var: 0.00145949330181
    barkbands:
        dmean: [8.03263219495e-007, 8.76554768183e-005, 0.000225687152124, 0.000338809215464, 0.000587675254792, 0.000251709599979, 0.000289287301712, 0.00017025161651, 0.000153083499754, 0.000136044938699, 0.000102172067272, 6.70505323797e-005, 5.25692084921e-005, 5.41144727322e-005, 6.1681108491e-005, 8.04513547337e-005, 0.000122424084111, 9.96475064312e-005, 0.000114645794383, 0.000112280613394, 9.05813940335e-005, 1.85752851394e-005, 4.68498046757e-006, 1.53978783146e-006, 1.41441418577e-007, 1.74729980484e-010, 1.83696849398e-010]
        dmean2: [1.26155066482e-006, 0.000151897431351, 0.000387488253182, 0.000571570708416, 0.00100312288851, 0.000416498689447, 0.000472095533041, 0.000275994709227, 0.000245516421273, 0.00022004749917, 0.000163636854268, 0.000107398082037, 8.55380276334e-005, 8.63553941599e-005, 9.62564081419e-005, 0.000128056752146, 0.000192692285054, 0.000160734634846, 0.000181573370355, 0.000176447356353, 0.000136745540658, 2.74745107163e-005, 6.77064417687e-006, 2.12368649954e-006, 2.12615233863e-007, 3.21478843546e-010, 3.38008926404e-010]
        dvar: [1.24846346369e-012, 1.24676056146e-008, 8.2890871056e-008, 2.60702137211e-007, 9.22305559925e-007, 1.69050849763e-007, 2.82529356355e-007, 9.24881931041e-008, 7.12285199711e-008, 7.35886018788e-008, 7.90289291785e-008, 1.7828257981e-008, 1.0830284225e-008, 1.32886759374e-008, 1.82854353881e-008, 3.11161443278e-008, 5.82217190015e-008, 2.80816117026e-008, 3.67127164225e-008, 4.84140407764e-008, 4.02664070975e-008, 2.58371124495e-009, 2.06024239335e-010, 2.13893867895e-011, 1.231045295e-013, 5.34553289335e-020, 5.91667816498e-020]
        dvar2: [2.97203169193e-012, 3.5316645608e-008, 2.26672952408e-007, 6.57265388782e-007, 2.39945870817e-006, 4.38389378132e-007, 7.12616099463e-007, 2.31443181065e-007, 1.73253539515e-007, 1.7574060962e-007, 1.94285519228e-007, 4.35848015456e-008, 2.6815083487e-008, 3.29685789779e-008, 4.21835792963e-008, 7.26164230969e-008, 1.31754276822e-007, 6.88363073209e-008, 8.37209199744e-008, 1.07480012446e-007, 8.58482849253e-008, 5.30420996014e-009, 3.99507066318e-010, 3.65248734036e-011, 2.92132312264e-013, 1.66867429314e-019, 1.84797099003e-019]
        max: [1.12825973702e-005, 0.00111473619472, 0.00358543498442, 0.00938796810806, 0.00988625921309, 0.00785457435995, 0.0113545265049, 0.00716749858111, 0.00604509841651, 0.0080864103511, 0.0109500149265, 0.00215592142195, 0.00233946694061, 0.00349959428422, 0.00516392942518, 0.00491591030732, 0.00781167298555, 0.00479175429791, 0.00569162284955, 0.00627923291177, 0.00660865474492, 0.00126309855841, 0.000588631199207, 0.000154286521138, 1.19859123515e-005, 2.0309516291e-009, 2.14516382435e-009]
        mean: [1.25777967241e-006, 0.000118256139103, 0.000308349757688, 0.000419138552388, 0.000813202874269, 0.000397834199248, 0.000434410612797, 0.000247530639172, 0.0002516565728, 0.000220760775846, 0.000151653439389, 0.000101922079921, 7.82814095146e-005, 8.49970529089e-005, 9.69476095634e-005, 0.000136883958476, 0.000214665808016, 0.000188544843695, 0.000226591408136, 0.000220073925448, 0.000170719169546, 3.59588084393e-005, 9.06191417016e-006, 3.2318812373e-006, 2.47028054901e-007, 1.40389477821e-010, 1.46268927526e-010]
        median: [6.93045024036e-007, 7.4869414675e-005, 0.000199670990696, 0.000222214031965, 0.000488449994009, 0.00022279197583, 0.000202190727578, 0.000120520046039, 0.000130415719468, 9.8655174952e-005, 4.92735052831e-005, 4.1649400373e-005, 3.42283274222e-005, 3.71196620108e-005, 4.31228727393e-005, 6.16568650003e-005, 0.00010590266902, 0.000115523587738, 0.000145998448716, 0.000131959619466, 7.20972166164e-005, 1.20794775285e-005, 2.42449527832e-006, 8.62701597271e-007, 4.80894684074e-008, 5.52672074772e-011, 5.62669286164e-011]
        min: [4.31469996466e-023, 3.95199308003e-023, 2.14546382064e-024, 9.731398382e-024, 3.06374390491e-023, 8.81684148454e-023, 6.601708072e-023, 3.81611021139e-023, 5.59104851031e-023, 3.20837934307e-023, 4.33068922857e-023, 6.28508707255e-023, 1.16987579995e-022, 4.67620651853e-023, 4.51771268753e-023, 2.3484023117e-022, 1.0652805432e-022, 2.11247862741e-022, 1.73929579618e-022, 4.59749599689e-022, 3.79106129018e-022, 6.02436033922e-022, 7.39343311028e-022, 6.88913061567e-022, 1.27001728687e-021, 1.50542287256e-021, 2.19526787547e-021]
        var: [2.30503550275e-012, 1.71508816038e-008, 1.1905208197e-007, 3.29464370452e-007, 1.07729124466e-006, 2.99712638707e-007, 4.98952999806e-007, 1.57806240964e-007, 1.43155460819e-007, 1.68130370071e-007, 1.4656855285e-007, 3.13533590202e-008, 1.75103540556e-008, 2.29123440221e-008, 3.20810045196e-008, 6.72096973631e-008, 1.5701243683e-007, 6.79264147152e-008, 9.39370821129e-008, 1.10054635627e-007, 9.89186190736e-008, 6.38523367513e-009, 5.88501858356e-010, 6.80874245873e-011, 2.9361761503e-013, 4.53405708021e-020, 5.00688095005e-020]
    frequency_bands:
        dmean: [8.03263219495e-007, 8.76554768183e-005, 0.000225687152124, 0.000338809215464, 0.000587675254792, 0.000251709599979, 0.000289287301712, 0.00017025161651, 0.000153083499754, 0.000136044938699, 0.000102172067272, 6.70505323797e-005, 5.25692084921e-005, 5.41144727322e-005, 6.1681108491e-005, 8.04513547337e-005, 0.000122424084111, 9.96475064312e-005, 0.000114645794383, 0.000112280613394, 9.05813940335e-005, 1.85752851394e-005, 4.68498046757e-006, 1.53978783146e-006, 1.41441418577e-007, 1.74729980484e-010, 1.83696849398e-010, 5.24012569447e-011]
        dmean2: [1.26155066482e-006, 0.000151897431351, 0.000387488253182, 0.000571570708416, 0.00100312288851, 0.000416498689447, 0.000472095533041, 0.000275994709227, 0.000245516421273, 0.00022004749917, 0.000163636854268, 0.000107398082037, 8.55380276334e-005, 8.63553941599e-005, 9.62564081419e-005, 0.000128056752146, 0.000192692285054, 0.000160734634846, 0.000181573370355, 0.000176447356353, 0.000136745540658, 2.74745107163e-005, 6.77064417687e-006, 2.12368649954e-006, 2.12615233863e-007, 3.21478843546e-010, 3.38008926404e-010, 9.64168536677e-011]
        dvar: [1.24846346369e-012, 1.24676056146e-008, 8.2890871056e-008, 2.60702137211e-007, 9.22305559925e-007, 1.69050849763e-007, 2.82529356355e-007, 9.24881931041e-008, 7.12285199711e-008, 7.35886018788e-008, 7.90289291785e-008, 1.7828257981e-008, 1.0830284225e-008, 1.32886759374e-008, 1.82854353881e-008, 3.11161443278e-008, 5.82217190015e-008, 2.80816117026e-008, 3.67127164225e-008, 4.84140407764e-008, 4.02664070975e-008, 2.58371124495e-009, 2.06024239335e-010, 2.13893867895e-011, 1.231045295e-013, 5.34553289335e-020, 5.91667816498e-020, 4.81481801287e-021]
        dvar2: [2.97203169193e-012, 3.5316645608e-008, 2.26672952408e-007, 6.57265388782e-007, 2.39945870817e-006, 4.38389378132e-007, 7.12616099463e-007, 2.31443181065e-007, 1.73253539515e-007, 1.7574060962e-007, 1.94285519228e-007, 4.35848015456e-008, 2.6815083487e-008, 3.29685789779e-008, 4.21835792963e-008, 7.26164230969e-008, 1.31754276822e-007, 6.88363073209e-008, 8.37209199744e-008, 1.07480012446e-007, 8.58482849253e-008, 5.30420996014e-009, 3.99507066318e-010, 3.65248734036e-011, 2.92132312264e-013, 1.66867429314e-019, 1.84797099003e-019, 1.50408480291e-020]
        max: [1.12825973702e-005, 0.00111473619472, 0.00358543498442, 0.00938796810806, 0.00988625921309, 0.00785457435995, 0.0113545265049, 0.00716749858111, 0.00604509841651, 0.0080864103511, 0.0109500149265, 0.00215592142195, 0.00233946694061, 0.00349959428422, 0.00516392942518, 0.00491591030732, 0.00781167298555, 0.00479175429791, 0.00569162284955, 0.00627923291177, 0.00660865474492, 0.00126309855841, 0.000588631199207, 0.000154286521138, 1.19859123515e-005, 2.0309516291e-009, 2.14516382435e-009, 6.12298989289e-010]
        mean: [1.25777967241e-006, 0.000118256139103, 0.000308349757688, 0.000419138552388, 0.000813202874269, 0.000397834199248, 0.000434410612797, 0.000247530639172, 0.0002516565728, 0.000220760775846, 0.000151653439389, 0.000101922079921, 7.82814095146e-005, 8.49970529089e-005, 9.69476095634e-005, 0.000136883958476, 0.000214665808016, 0.000188544843695, 0.000226591408136, 0.000220073925448, 0.000170719169546, 3.59588084393e-005, 9.06191417016e-006, 3.2318812373e-006, 2.47028054901e-007, 1.40389477821e-010, 1.46268927526e-010, 4.16258590097e-011]
        median: [6.93045024036e-007, 7.4869414675e-005, 0.000199670990696, 0.000222214031965, 0.000488449994009, 0.00022279197583, 0.000202190727578, 0.000120520046039, 0.000130415719468, 9.8655174952e-005, 4.92735052831e-005, 4.1649400373e-005, 3.42283274222e-005, 3.71196620108e-005, 4.31228727393e-005, 6.16568650003e-005, 0.00010590266902, 0.000115523587738, 0.000145998448716, 0.000131959619466, 7.20972166164e-005, 1.20794775285e-005, 2.42449527832e-006, 8.62701597271e-007, 4.80894684074e-008, 5.52672074772e-011, 5.62669286164e-011, 1.60169308372e-011]
        min: [4.31469996466e-023, 3.95199308003e-023, 2.14546382064e-024, 9.731398382e-024, 3.06374390491e-023, 8.81684148454e-023, 6.601708072e-023, 3.81611021139e-023, 5.59104851031e-023, 3.20837934307e-023, 4.33068922857e-023, 6.28508707255e-023, 1.16987579995e-022, 4.67620651853e-023, 4.51771268753e-023, 2.3484023117e-022, 1.0652805432e-022, 2.11247862741e-022, 1.73929579618e-022, 4.59749599689e-022, 3.79106129018e-022, 6.02436033922e-022, 7.39343311028e-022, 6.88913061567e-022, 1.27001728687e-021, 1.50542287256e-021, 2.19526787547e-021, 9.17879876198e-022]
        var: [2.30503550275e-012, 1.71508816038e-008, 1.1905208197e-007, 3.29464370452e-007, 1.07729124466e-006, 2.99712638707e-007, 4.98952999806e-007, 1.57806240964e-007, 1.43155460819e-007, 1.68130370071e-007, 1.4656855285e-007, 3.13533590202e-008, 1.75103540556e-008, 2.29123440221e-008, 3.20810045196e-008, 6.72096973631e-008, 1.5701243683e-007, 6.79264147152e-008, 9.39370821129e-008, 1.10054635627e-007, 9.89186190736e-008, 6.38523367513e-009, 5.88501858356e-010, 6.80874245873e-011, 2.9361761503e-013, 4.53405708021e-020, 5.00688095005e-020, 4.07263626671e-021]
    mfcc:
        mean: [-738.622619629, 130.809814453, -33.8178291321, 54.2378005981, -21.8923606873, -4.56518125534, -3.77593517303, -2.52791929245, -1.82186031342, -0.997653126717, -9.38455295563, -0.996159255505, -7.12633943558]
        cov: [[10866.7666016, 765.373413086, -2074.31542969, 1255.80578613, -456.894897461, 396.493621826, -176.729019165, 139.975219727, -244.614776611, -146.838577271, -139.431869507, 148.284820557, -282.38760376], [765.373413086, 1881.48706055, -121.293884277, 101.52646637, -32.2639770508, -215.763092041, 91.6211547852, -114.321662903, 53.2617645264, -33.6869354248, -31.98295784, -69.9454269409, 30.0833282471], [-2074.31542969, -121.293884277, 1010.32849121, -164.832672119, 50.664478302, -83.4232330322, 20.7340049744, -57.7063522339, 60.3113937378, 85.0671234131, -22.3000354767, -49.4444961548, 34.9024467468], [1255.80578613, 101.52646637, -164.832672119, 377.556121826, 36.9248847961, 61.9006652832, -11.8139867783, -28.1007080078, -22.7286720276, -0.113439187407, -32.6260185242, 12.4140167236, -24.8404350281], [-456.894897461, -32.2639770508, 50.664478302, 36.9248847961, 250.33303833, 49.6343650818, -21.7364215851, -26.6763916016, 9.2263469696, -1.32798743248, -3.07437705994, -9.56646156311, 3.20419120789], [396.493621826, -215.763092041, -83.4232330322, 61.9006652832, 49.6343650818, 175.625686646, 19.520450592, 22.007566452, -27.9880962372, -13.2469272614, 10.0395994186, 11.2653875351, -29.0216007233], [-176.729019165, 91.6211547852, 20.7340049744, -11.8139867783, -21.7364215851, 19.520450592, 142.407684326, 19.5202255249, 3.56234192848, 2.02730584145, 7.09942531586, -3.50267672539, 5.30387401581], [139.975219727, -114.321662903, -57.7063522339, -28.1007080078, -26.6763916016, 22.007566452, 19.5202255249, 138.669128418, 20.3365898132, -27.152015686, 8.2390794754, 1.09441447258, -18.2644062042], [-244.614776611, 53.2617645264, 60.3113937378, -22.7286720276, 9.2263469696, -27.9880962372, 3.56234192848, 20.3365898132, 99.4396896362, 42.9972305298, -1.56698215008, -8.31931972504, 8.96890735626], [-146.838577271, -33.6869354248, 85.0671234131, -0.113439187407, -1.32798743248, -13.2469272614, 2.02730584145, -27.152015686, 42.9972305298, 109.218032837, 19.0873241425, 1.08094596863, 8.19016265869], [-139.431869507, -31.98295784, -22.3000354767, -32.6260185242, -3.07437705994, 10.0395994186, 7.09942531586, 8.2390794754, -1.56698215008, 19.0873241425, 85.44556427, 30.0184898376, 2.24571919441], [148.284820557, -69.9454269409, -49.4444961548, 12.4140167236, -9.56646156311, 11.2653875351, -3.50267672539, 1.09441447258, -8.31931972504, 1.08094596863, 30.0184898376, 86.5539093018, 21.7132282257], [-282.38760376, 30.0833282471, 34.9024467468, -24.8404350281, 3.20419120789, -29.0216007233, 5.30387401581, -18.2644062042, 8.96890735626, 8.19016265869, 2.24571919441, 21.7132282257, 85.1009902954]]
        icov: [[0.000569316849578, -0.000418299314333, 0.000659082084894, -0.001197164529, 0.00120263069402, -0.00120287854224, 0.00112016906496, -0.000856897037011, 0.000857433595229, -0.000846329843625, 0.00118152215146, -0.000965700892266, 0.00091434631031], [-0.000418299314333, 0.0011721777264, -0.000270758202532, 0.000481294002384, -0.000907842651941, 0.00207916507497, -0.00169695343357, 0.00159605965018, -0.00147470843513, 0.00151985988487, -0.00127230840735, 0.00143199285958, -0.000681967183482], [0.000659082084894, -0.000270758202532, 0.00209091673605, -0.000910258269869, 0.00101569644175, -0.000772814324591, 0.000797555258032, -0.000402750738431, 0.000651548733003, -0.00166095467284, 0.00182428513654, -0.00054900260875, 0.000904657586943], [-0.001197164529, 0.000481294002384, -0.000910258269869, 0.0061172619462, -0.00293626706116, 0.00115719554015, -0.00196280074306, 0.00212348159403, -0.00107556965668, 0.000468502083095, -0.0003059526789, 0.000710223859642, -0.00100534246303], [0.00120263069402, -0.000907842651941, 0.00101569644175, -0.00293626706116, 0.00737886689603, -0.00454114424065, 0.00335235288367, -0.000588706112467, 0.000305610534269, -0.000647911976557, 0.00186458777171, -0.00114012556151, 0.00114801339805], [-0.00120287854224, 0.00207916507497, -0.000772814324591, 0.00115719554015, -0.00454114424065, 0.012042065151, -0.00498517695814, 0.00151969760191, -0.000574933364987, 0.00229079043493, -0.00344586581923, 0.00188081723172, 0.00029393756995], [0.00112016906496, -0.00169695343357, 0.000797555258032, -0.00196280074306, 0.00335235288367, -0.00498517695814, 0.0107269920409, -0.00354798650369, 0.00231795455329, -0.00256738974713, 0.00197930843569, -0.00161799881607, 0.000523934606463], [-0.000856897037011, 0.00159605965018, -0.000402750738431, 0.00212348159403, -0.000588706112467, 0.00151969760191, -0.00354798650369, 0.012223077938, -0.00669233454391, 0.00610919063911, -0.0033809361048, 0.00200021755882, 0.000458492228063], [0.000857433595229, -0.00147470843513, 0.000651548733003, -0.00107556965668, 0.000305610534269, -0.000574933364987, 0.00231795455329, -0.00669233454391, 0.0172394253314, -0.00908361747861, 0.0040214410983, -0.0015581966145, 0.000345754611772], [-0.000846329843625, 0.00151985988487, -0.00166095467284, 0.000468502083095, -0.000647911976557, 0.00229079043493, -0.00256738974713, 0.00610919063911, -0.00908361747861, 0.0163968224078, -0.00644613802433, 0.00261216447689, -0.00136796117295], [0.00118152215146, -0.00127230840735, 0.00182428513654, -0.0003059526789, 0.00186458777171, -0.00344586581923, 0.00197930843569, -0.0033809361048, 0.0040214410983, -0.00644613802433, 0.018346156925, -0.00787763111293, 0.00316092791036], [-0.000965700892266, 0.00143199285958, -0.00054900260875, 0.000710223859642, -0.00114012556151, 0.00188081723172, -0.00161799881607, 0.00200021755882, -0.0015581966145, 0.00261216447689, -0.00787763111293, 0.0176552999765, -0.00644771149382], [0.00091434631031, -0.000681967183482, 0.000904657586943, -0.00100534246303, 0.00114801339805, 0.00029393756995, 0.000523934606463, 0.000458492228063, 0.000345754611772, -0.00136796117295, 0.00316092791036, -0.00644771149382, 0.0161410588771]]
    sccoeffs:
        dmean: [0.0611703656614, 0.0517013221979, 0.0396888330579, 0.0298278089613, 0.0212270673364, 0.0294853653759]
        dmean2: [0.101837471128, 0.0857628956437, 0.0646002069116, 0.0484846234322, 0.0346664711833, 0.0458017513156]
        dvar: [0.00256352336146, 0.00172444770578, 0.0010383912595, 0.00060611119261, 0.000313604075927, 0.000709258718416]
        dvar2: [0.00663162721321, 0.00460298079997, 0.00267912237905, 0.00154500617646, 0.000775951193646, 0.00175965891685]
        max: [-0.314088195562, -0.397952973843, -0.43091660738, -0.595972537994, -0.658207178116, -0.39461094141]
        mean: [-0.663199603558, -0.746197581291, -0.77371931076, -0.800681233406, -0.804358124733, -0.68352162838]
        median: [-0.662680804729, -0.750645637512, -0.777998566628, -0.803198218346, -0.803284287453, -0.685482442379]
        min: [-0.958443105221, -0.968221724033, -0.974497437477, -0.980677425861, -0.965570151806, -0.957688510418]
        var: [0.00780074298382, 0.00546162715182, 0.00423305109143, 0.00278268731199, 0.00155562907457, 0.00552893523127]
    scvalleys:
        dmean: [0.3839623034, 0.371959984303, 0.324216097593, 0.292252510786, 0.252349197865, 0.43875041604]
        dmean2: [0.645400345325, 0.596246600151, 0.509923875332, 0.443884015083, 0.370074301958, 0.598061800003]
        dvar: [0.113974228501, 0.110009163618, 0.0939004868269, 0.0802560001612, 0.0849212259054, 0.210051253438]
        dvar2: [0.275920271873, 0.245880573988, 0.196964934468, 0.158071160316, 0.152584418654, 0.439191639423]
        max: [-5.12551021576, -4.42712545395, -5.07280111313, -5.70674943924, -5.63708305359, -8.11421775818]
        mean: [-6.7890162468, -6.54157733917, -7.1903719902, -7.74574184418, -7.67350625992, -11.3769083023]
        median: [-6.35709905624, -6.14532184601, -6.76859092712, -7.24606657028, -7.06755828857, -10.7660207748]
        min: [-27.3630924225, -27.3376140594, -27.1285247803, -27.1467571259, -27.2135105133, -27.3005599976]
        var: [3.75855970383, 3.27051186562, 3.31185460091, 3.45734810829, 3.63397073746, 4.24791526794]

rhythm:
    beats_loudness:
        dmean: 0.00231428444386
        dmean2: 0.00408749841154
        dvar: 4.05700393458e-006
        dvar2: 1.1389995052e-005
        max: 0.0163519233465
        mean: 0.00634053442627
        median: 0.00632533803582
        min: 3.85481056797e-011
        var: 8.14156464912e-006
    bpm: 166.454223633
    bpm_confidence: 0
    first_peak_bpm: 167
    first_peak_spread: 0
    first_peak_weight: 0.647469460964
    onset_rate: 2.86422300339
    second_peak_bpm: 172
    second_peak_spread: 0
    second_peak_weight: 0.242582902312
    beats_loudness_band_ratio:
        dmean: [0.149979963899, 0.123667255044, 0.138680443168, 0.0730382800102, 0.0725126042962, 0.0689023658633]
        dmean2: [0.264518231153, 0.209808796644, 0.253452599049, 0.133427038789, 0.128474533558, 0.123425610363]
        dvar: [0.0145476330072, 0.0112094199285, 0.0147210862488, 0.00916319247335, 0.00630721170455, 0.00980654917657]
        dvar2: [0.0457694865763, 0.030217314139, 0.0410253852606, 0.0256475042552, 0.0191271454096, 0.0294040497392]
        max: [0.775287806988, 0.761648893356, 0.802925765514, 0.804531276226, 0.569408476353, 0.880492925644]
        mean: [0.292114555836, 0.214516744018, 0.212842062116, 0.107173062861, 0.121086888015, 0.105046480894]
        median: [0.284977078438, 0.183359384537, 0.175271108747, 0.0749979242682, 0.109124198556, 0.0888363942504]
        min: [0, 0, 0, 0, 0, 0]
        var: [0.0281600859016, 0.0191225837916, 0.0224497076124, 0.0124898226932, 0.00912984646857, 0.00946110952646]
    beats_position: [0.348299324512, 0.708208620548, 1.07972788811, 1.45124709606, 1.8111563921, 2.17106580734, 2.53097510338, 2.89088439941, 3.25079369545, 3.61070299149, 3.95900225639, 4.31891155243, 4.67882061005, 5.0387301445, 5.38702917099, 5.74693870544, 6.09523820877, 6.44353723526, 6.80344676971, 7.1517457962, 7.51165533066, 7.87156438828, 8.23147392273, 8.59138298035, 8.95129203796, 9.29959201813, 9.65950107574, 10.0078001022, 10.3560991287, 10.71600914, 11.0759181976, 11.4358272552, 11.7957363129, 12.1556463242, 12.5155553818, 12.8754644394, 13.235373497, 13.5836734772, 13.9319725037, 14.2918815613, 14.6401815414, 15.0000905991, 15.3599996567, 15.7199087143, 16.0798187256, 16.4281177521, 16.7880268097, 17.1479358673, 17.5078449249, 17.8677539825, 18.2276649475, 18.575963974, 18.9358730316, 19.2957820892, 19.6556911469, 20.0156002045, 20.363899231, 20.7121982574, 21.0721092224, 21.43201828, 21.7919273376, 22.1518363953, 22.5117454529, 22.8716545105, 23.219953537, 23.5682544708, 23.9397735596, 24.2880725861, 24.6479816437, 25.0078907013, 25.3677997589, 25.7160987854, 26.076007843, 26.4243087769, 26.7842178345, 27.1441268921, 27.5040359497, 27.8639450073, 28.2238540649, 28.5837631226, 28.932062149, 29.291973114, 29.6518821716, 30.0117912292, 30.3717002869, 30.7199993134, 31.079908371, 31.4398174286, 31.7997264862, 32.1596374512, 32.5195465088, 32.8678436279, 33.2277526855, 33.5876655579, 33.9475746155, 34.3074836731, 34.6673927307, 35.0156898499, 35.3639907837, 35.7238998413, 36.0838088989, 36.4437179565, 36.8036270142, 37.1635360718, 37.5118370056, 37.8717460632, 38.2316551208, 38.5915641785, 38.9398651123, 39.2997741699, 39.6596832275, 40.0079803467, 40.3562812805, 40.7161903381, 41.0760993958, 41.4360084534, 41.795917511, 42.1558265686, 42.5157356262, 42.8756446838, 43.2355537415, 43.5954627991, 43.9553718567, 44.3152809143, 44.6635818481, 45.0234909058, 45.3833999634, 45.743309021, 46.0916099548, 46.439907074, 46.7882080078, 47.1481170654, 47.508026123, 47.8679351807, 48.2278442383, 48.5877532959, 48.9476623535, 49.2959632874, 49.655872345, 50.0157814026, 50.3756904602, 50.7355995178, 51.0839004517, 51.4438095093, 51.7921066284, 52.152015686, 52.5119247437, 52.871837616, 53.2317466736, 53.5916557312, 53.9399528503, 54.299861908, 54.6597709656, 55.0080718994, 55.367980957, 55.7278900146, 56.0877990723, 56.4477081299, 56.8076171875, 57.1675262451, 57.5274353027, 57.8873443604, 58.2356452942, 58.5955543518, 58.9554634094, 59.315372467, 59.6752815247, 60.0235824585, 60.3718795776, 60.7201805115, 61.0800895691, 61.4399986267, 61.7999076843, 62.1598167419, 62.5081176758, 62.8680267334, 63.227935791, 63.5878448486, 63.9361457825, 64.2960510254, 64.655960083, 65.0158691406, 65.3757781982, 65.7356872559, 66.0955963135, 66.4555053711, 66.8154220581, 67.1753311157, 67.5352401733, 67.895149231, 68.2434463501, 68.6033554077, 68.9516525269, 69.299949646, 69.659866333, 70.0197753906, 70.3796844482, 70.7395935059, 71.087890625, 71.4477996826, 71.8077087402, 72.1560058594, 72.515914917, 72.8642196655, 73.2125167847, 73.5724258423, 73.9323348999, 74.303855896, 74.6637649536, 75.0236740112, 75.3835830688, 75.7434921265, 76.0917892456, 76.4400863647, 76.7883911133, 77.1483001709, 77.5082092285, 77.8681182861, 78.2280273438, 78.5763244629, 78.9362335205, 79.2961425781, 79.6560516357, 80.0159606934, 80.375869751, 80.7357788086, 81.0840835571, 81.4439926147, 81.8039016724, 82.1521987915, 82.5004959106, 82.8604049683, 83.2203140259, 83.5802230835, 83.9401321411, 84.3000411987, 84.6599502563, 85.0082550049, 85.3681640625, 85.7280731201, 86.0879821777, 86.4478912354, 86.807800293, 87.1560974121, 87.5160064697, 87.8643035889, 88.2126083374, 88.572517395, 88.9324264526, 89.2807235718, 89.6406326294, 90.000541687, 90.3604507446, 90.7203598022, 91.0802688599, 91.4401779175, 91.8000869751, 92.1599960327, 92.5083007813, 92.8682098389, 93.2281188965, 93.5764160156, 93.9363250732, 94.2962341309, 94.6561431885, 95.0160522461, 95.3643493652, 95.7242584229, 96.0841674805, 96.4440765381, 96.8039855957, 97.1755065918, 97.5238113403, 97.8721084595, 98.2204055786, 98.5687026978, 98.9170074463, 99.2769165039, 99.6368255615, 99.9967346191, 100.356643677, 100.716552734, 101.064849854, 101.424758911, 101.784667969, 102.144577026, 102.516098022, 102.87600708, 103.235916138, 103.595825195, 103.955734253, 104.304031372, 104.652336121, 105.012245178, 105.360542297, 105.720451355, 106.080360413, 106.44026947, 106.800178528, 107.160087585, 107.508384705, 107.868293762, 108.22820282, 108.588119507, 108.948028564, 109.307937622, 109.66784668, 110.016143799, 110.364440918, 110.724349976, 111.084259033, 111.432563782, 111.792472839, 112.140769958, 112.477455139, 112.848976135, 113.220497131, 113.580406189, 113.940315247, 114.288612366, 114.648521423, 115.008430481, 115.368339539, 115.728248596, 116.088157654, 116.448066711, 116.807983398, 117.167892456, 117.516189575, 117.876098633, 118.23600769, 118.58430481, 118.944213867, 119.304122925, 119.675643921, 120.035552979, 120.395462036, 120.743759155, 121.092063904, 121.440361023, 121.788658142, 122.1485672, 122.508476257, 122.868385315, 123.228294373, 123.58820343, 123.948112488, 124.308021545, 124.667930603, 125.02784729, 125.387756348, 125.736053467, 126.084350586, 126.444259644, 126.804168701, 127.164077759, 127.523986816, 127.883895874, 128.243804932, 128.603713989, 128.963623047, 129.323532104, 129.671829224, 130.020126343, 130.3800354, 130.739959717, 131.088256836, 131.436553955, 131.796463013, 132.144760132, 132.504669189, 132.864578247, 133.224487305, 133.584396362, 133.94430542, 134.304214478, 134.664123535, 135.024032593, 135.372329712, 135.73223877, 136.092147827, 136.440444946, 136.800354004, 137.160263062, 137.520172119, 137.868484497, 138.216781616, 138.576690674, 138.936599731, 139.296508789, 139.668029785, 140.027938843, 140.3878479, 140.73614502, 141.096054077, 141.455963135, 141.804260254, 142.152557373, 142.500854492, 142.86076355, 143.220672607, 143.580581665, 143.928878784, 144.288803101, 144.63710022, 144.997009277, 145.356918335, 145.716827393, 146.07673645, 146.436645508, 146.796554565, 147.144851685, 147.504760742, 147.8646698, 148.212966919, 148.572875977, 148.932785034, 149.292694092, 149.652603149, 150.024124146, 150.372421265, 150.720718384, 151.080627441, 151.440536499, 151.800445557, 152.160354614, 152.520263672, 152.880172729, 153.228485107, 153.588394165, 153.936691284, 154.284988403, 154.644897461, 155.004806519, 155.376327515, 155.736236572, 156.084533691, 156.444442749, 156.804351807, 157.164260864, 157.512557983, 157.872467041, 158.22076416, 158.569061279, 158.917373657, 159.277282715, 159.637191772, 159.985488892, 160.345397949, 160.705307007, 161.076828003, 161.436737061, 161.808258057, 162.168167114, 162.528076172, 162.887985229, 163.236282349, 163.596191406, 163.944488525, 164.304397583, 164.652694702, 165.01260376, 165.372512817, 165.732421875, 166.092330933, 166.45223999, 166.812149048, 167.172058105, 167.531967163, 167.891876221, 168.251785278, 168.600082397, 168.959991455, 169.319900513, 169.67980957, 170.039718628, 170.399627686, 170.759536743, 171.107849121, 171.45614624, 171.804443359, 172.152740479, 172.512649536, 172.860946655, 173.220855713, 173.580764771, 173.940673828, 174.288970947, 174.637283325, 174.997192383, 175.35710144, 175.717010498, 176.076919556, 176.436828613, 176.796737671, 177.14503479, 177.504943848, 177.864852905, 178.224761963, 178.584671021, 178.93296814, 179.292877197, 179.652786255, 180.001083374, 180.349380493, 180.709289551, 181.069198608, 181.429107666, 181.789016724, 182.148925781, 182.508834839, 182.857131958, 183.217056274, 183.576965332, 183.93687439, 184.308380127, 184.668289185, 185.028198242, 185.3881073, 185.759628296, 186.131149292, 186.502670288, 186.862579346, 187.222488403, 187.594009399, 187.977142334, 188.360275269, 188.766616821, 189.172973633, 189.579315186, 189.985671997, 190.403625488, 190.809967041, 191.204711914, 191.599456787, 191.994186401, 192.388931274, 192.783676147, 193.178405762, 193.561538696, 193.944671631, 194.327789307, 194.72253418, 195.117279053, 195.523620605, 195.929977417, 196.347930908, 196.75428772, 197.172241211, 197.578598022, 197.996551514, 198.426116943, 198.855682373, 199.273651123, 199.691604614, 200.109558105, 200.527526855, 200.968704224, 201.42149353, 201.862670898, 202.257415771, 202.652145386, 203.046890259, 203.430023193, 203.766708374, 204.103393555, 204.451690674, 204.800003052, 205.148300171, 205.49659729, 205.844894409, 206.193191528, 206.529876709, 206.866577148]
