
metadata:
    version:
        essentia: "2.1-beta2"
    audio_properties:
        analysis_sample_rate: 44100
        bitrate: 128
        channels: 2
        equal_loudness: 1
        length: 314.462036133
        replay_gain: -10.8112163544
        downmix: "mix"
    tags:
        album: "Antichrist Superstar"
        artist: "Marilyn Manson"
        comment: ""
        date: "1996"
        genre: "Industrial"
        title: "Antichrist Superstar"
        tracknumber: "12"

configuration:
    average_loudness:
        compute: 1
        frameSize: 88200
        hopSize: 44100
        silentFrames: "noise"
        windowType: "hann"
    general:
        analysisSampleRate: 44100
        endTime: 2000
        equalLoudness: 1
        nequalLoudness: 0
        shortSound: 0
        startTime: 0
    lowlevel:
        compute: 1
        frameSize: 2048
        hopSize: 1024
        zeroPadding: 0
        silentFrames: "noise"
        windowType: "blackmanharris62"
        mfccStats: ["mean", "cov", "icov"]
        stats: ["mean", "var", "median", "min", "max", "dmean", "dmean2", "dvar", "dvar2"]
    panning:
        compute: 0
        frameSize: 8192
        hopSize: 2048
        zeroPadding: 8192
        silentFrames: "noise"
        windowType: "hann"
        stats: ["copy"]
    rhythm:
        compute: 1
        maxTempo: 208
        minTempo: 40
        method: "degara"
        stats: ["mean", "var", "median", "min", "max", "dmean", "dmean2", "dvar", "dvar2"]
    segmentation:
        compute: 0
        cpw: 5
        inc1: 300
        inc2: 50
        minimumSegmentsLength: 10
        size1: 1000
        size2: 600
    sfx:
        compute: 1
        stats: ["mean", "var", "median", "min", "max", "dmean", "dmean2", "dvar", "dvar2"]
    svm:
        compute: 0
    tonal:
        compute: 1
        frameSize: 4096
        hopSize: 2048
        zeroPadding: 0
        silentFrames: "noise"
        windowType: "blackmanharris62"
        stats: ["mean", "var", "median", "min", "max", "dmean", "dmean2", "dvar", "dvar2"]

lowlevel:
    average_loudness: 0.489359945059
    barkbands_kurtosis:
        dmean: 0.909301578999
        dmean2: 1.51661884785
        dvar: 3.91039085388
        dvar2: 10.0460557938
        max: 59.6516227722
        mean: -0.205077439547
        median: -1.03209888935
        min: -1.88248074055
        var: 7.60953807831
    barkbands_skewness:
        dmean: 0.400318235159
        dmean2: 0.644442856312
        dvar: 0.158637613058
        dvar2: 0.392310142517
        max: 7.03624486923
        mean: 0.121680475771
        median: 0.0933164954185
        min: -5.38538837433
        var: 0.88376802206
    barkbands_spread:
        dmean: 5.11338615417
        dmean2: 8.32504177094
        dvar: 22.8897914886
        dvar2: 58.4127578735
        max: 78.0558319092
        mean: 33.2333335876
        median: 34.9904289246
        min: 0.781372249126
        var: 187.374130249
    dissonance:
        dmean: 0.0141212148592
        dmean2: 0.0242630522698
        dvar: 0.000366780062905
        dvar2: 0.0010629571043
        max: 0.500000119209
        mean: 0.478590965271
        median: 0.486157298088
        min: 0.183959290385
        var: 0.000663596380036
    hfc:
        dmean: 1.58965694904
        dmean2: 2.49778866768
        dvar: 5.06948709488
        dvar2: 11.5706977844
        max: 85.1499938965
        mean: 7.86832857132
        median: 6.35455226898
        min: 1.07858131479e-016
        var: 49.3513450623
    pitch:
        dmean: 855.920593262
        dmean2: 1636.55517578
        dvar: 1728096.5
        dvar2: 4430886.5
        max: 5331.14160156
        mean: 1614.8034668
        median: 681.170959473
        min: 60.6340560913
        var: 2561617.25
    pitch_instantaneous_confidence:
        dmean: 0.0755867287517
        dmean2: 0.126126289368
        dvar: 0.00436823349446
        dvar2: 0.0113405017182
        max: 0.960039138794
        mean: 0.353110402822
        median: 0.312510341406
        min: 0.0998912453651
        var: 0.0233579110354
    pitch_salience:
        dmean: 0.0570595823228
        dmean2: 0.0957365036011
        dvar: 0.00250725145452
        dvar2: 0.00685202470049
        max: 0.888627052307
        mean: 0.671226620674
        median: 0.691580057144
        min: 0.13538429141
        var: 0.0083411866799
    silence_rate_20dB:
        dmean: 0
        dmean2: 0
        dvar: 0
        dvar2: 0
        max: 1
        mean: 1
        median: 1
        min: 1
        var: 0
    silence_rate_30dB:
        dmean: 0
        dmean2: 0
        dvar: 0
        dvar2: 0
        max: 1
        mean: 1
        median: 1
        min: 1
        var: 0
    silence_rate_60dB:
        dmean: 0.0583327189088
        dmean2: 0.116674050689
        dvar: 0.054929357022
        dvar2: 0.121692746878
        max: 1
        mean: 0.401358544827
        median: 0
        min: 0
        var: 0.240300416946
    spectral_centroid:
        dmean: 254.843276978
        dmean2: 406.834594727
        dvar: 71786.0703125
        dvar2: 167960.25
        max: 11584.0996094
        mean: 1731.78088379
        median: 1713.5690918
        min: 228.983825684
        var: 663454.3125
    spectral_complexity:
        dmean: 3.01528453827
        dmean2: 4.86826181412
        dvar: 10.8489980698
        dvar2: 26.1428985596
        max: 56
        mean: 14.3599376678
        median: 12
        min: 0
        var: 129.494033813
    spectral_crest:
        dmean: 2.01596260071
        dmean2: 3.38051843643
        dvar: 3.88908624649
        dvar2: 10.4818811417
        max: 25.7907772064
        mean: 7.00858354568
        median: 5.97702980042
        min: 2.40072464943
        var: 12.1968765259
    spectral_decrease:
        dmean: 2.10622699837e-010
        dmean2: 3.30823257677e-010
        dvar: 7.69622412851e-020
        dvar2: 1.7631229387e-019
        max: 1.80823732845e-028
        mean: -9.05686803332e-010
        median: -8.62382942834e-010
        min: -5.91511861714e-009
        var: 4.21966001117e-019
    spectral_energy:
        dmean: 0.000905672612134
        dmean2: 0.00141924992204
        dvar: 1.41318309943e-006
        dvar2: 3.20706817547e-006
        max: 0.0244581922889
        mean: 0.00413195509464
        median: 0.00388534925878
        min: 1.0172237427e-020
        var: 9.13771964406e-006
    spectral_energyband_high:
        dmean: 0.000163398188306
        dmean2: 0.000262963993009
        dvar: 8.10024971543e-008
        dvar2: 1.8337829033e-007
        max: 0.01176555641
        mean: 0.000490703270771
        median: 0.000323952815961
        min: 6.85398058932e-021
        var: 3.4191785403e-007
    spectral_energyband_low:
        dmean: 0.000275849190075
        dmean2: 0.000448085047537
        dvar: 1.95621893795e-007
        dvar2: 4.93902689414e-007
        max: 0.01059018448
        mean: 0.000449845538242
        median: 0.000292697455734
        min: 1.76435083894e-023
        var: 3.05530051037e-007
    spectral_energyband_middle_high:
        dmean: 0.000398815784138
        dmean2: 0.000643696577754
        dvar: 2.66875531452e-007
        dvar2: 6.72485043651e-007
        max: 0.0128035806119
        mean: 0.0019754646346
        median: 0.00149179063737
        min: 1.05824218736e-021
        var: 3.50897926182e-006
    spectral_energyband_middle_low:
        dmean: 0.000550735509023
        dmean2: 0.000888911017682
        dvar: 6.00659461725e-007
        dvar2: 1.47870559886e-006
        max: 0.0109144095331
        mean: 0.00138847879134
        median: 0.00113829178736
        min: 1.75976894548e-022
        var: 1.46144975588e-006
    spectral_flatness_db:
        dmean: 0.0143984761089
        dmean2: 0.0232092104852
        dvar: 0.000211898615817
        dvar2: 0.000540736946277
        max: 0.398958265781
        mean: 0.138030126691
        median: 0.122480809689
        min: 0.0490680262446
        var: 0.00262455362827
    spectral_flux:
        dmean: 0.00553431035951
        dmean2: 0.00872562173754
        dvar: 4.41851771029e-005
        dvar2: 0.000104729595478
        max: 0.110648833215
        mean: 0.036637827754
        median: 0.0382229536772
        min: 6.45252323794e-011
        var: 0.000334074196871
    spectral_kurtosis:
        dmean: 1.36607575417
        dmean2: 2.3177549839
        dvar: 9.91191101074
        dvar2: 28.3004970551
        max: 88.3249053955
        mean: 4.76964044571
        median: 2.61715698242
        min: -1.24982321262
        var: 56.4421882629
    spectral_rms:
        dmean: 0.000209740479477
        dmean2: 0.000324405700667
        dvar: 5.37609672335e-008
        dvar2: 1.16431500885e-007
        max: 0.00488483859226
        mean: 0.00182030547876
        median: 0.00194694241509
        min: 3.15025935026e-012
        var: 7.17654870641e-007
    spectral_rolloff:
        dmean: 366.829467773
        dmean2: 612.225830078
        dvar: 221896.34375
        dvar2: 536067.4375
        max: 19379.8828125
        mean: 3293.62524414
        median: 3445.3125
        min: 172.265625
        var: 1802711.75
    spectral_skewness:
        dmean: 0.172154724598
        dmean2: 0.283372581005
        dvar: 0.0709413215518
        dvar2: 0.181900978088
        max: 7.66336870193
        mean: 1.49315786362
        median: 1.27169895172
        min: -0.348474174738
        var: 0.60527575016
    spectral_spread:
        dmean: 423701.9375
        dmean2: 653794.6875
        dvar: 318692425728
        dvar2: 676500930560
        max: 42201216
        mean: 5325712.5
        median: 5324852
        min: 821850.0625
        var: 6.80207214182e+012
    spectral_strongpeak:
        dmean: 0.390674799681
        dmean2: 0.683523952961
        dvar: 0.539122819901
        dvar2: 1.43253552914
        max: 11.8693828583
        mean: 0.579212665558
        median: 0.182693213224
        min: 0
        var: 1.47144126892
    zerocrossingrate:
        dmean: 0.0074648661539
        dmean2: 0.00948477815837
        dvar: 5.75499507249e-005
        dvar2: 7.87662138464e-005
        max: 0.5224609375
        mean: 0.100025333464
        median: 0.10302734375
        min: 0.01318359375
        var: 0.00143565644976
    barkbands:
        dmean: [1.02878993857e-006, 6.76382987876e-005, 0.000162038049893, 0.000169771505171, 0.000265953683993, 0.000118078402011, 9.44567946135e-005, 9.56661315286e-005, 0.000147600687342, 8.45173053676e-005, 4.13669840782e-005, 4.70356862934e-005, 4.98708614032e-005, 4.94230807817e-005, 7.09642117727e-005, 8.44841852086e-005, 0.000106271254481, 0.000137265422381, 0.000174115397385, 0.000127877327031, 9.77728122962e-005, 2.51933761319e-005, 4.66518486064e-006, 2.6782859095e-006, 1.79892992946e-006, 9.95333095943e-008, 2.39284680958e-009]
        dmean2: [1.67650830463e-006, 0.000111619585368, 0.00027166630025, 0.000284258218016, 0.000435010442743, 0.000199133952265, 0.000158755326993, 0.000161762160133, 0.00024803559063, 0.000144397825352, 6.89640219207e-005, 7.87073295214e-005, 8.47111514304e-005, 8.29431955935e-005, 0.000119482989248, 0.00014345337695, 0.000179190799827, 0.000228862278163, 0.000287666509394, 0.000210615471588, 0.000162153810379, 4.14852438553e-005, 7.28127361072e-006, 4.00346561946e-006, 2.69906149697e-006, 1.47359259017e-007, 3.96788335522e-009]
        dvar: [1.01210134024e-011, 2.52705838477e-008, 6.99563287299e-008, 8.4327012928e-008, 2.27284274956e-007, 4.16026004757e-008, 2.6987612145e-008, 3.473783039e-008, 7.26098221548e-008, 3.39233920954e-008, 1.60732067656e-008, 1.12919078532e-008, 6.89408441445e-009, 7.67237473553e-009, 1.98962233355e-008, 2.42305926434e-008, 3.28749045764e-008, 6.9517959389e-008, 1.24730235029e-007, 5.23004501929e-008, 2.95597324396e-008, 1.9427419673e-009, 7.9339854131e-011, 4.70837535627e-011, 1.20382835644e-011, 6.16634225777e-014, 8.0566815945e-017]
        dvar2: [2.36378017854e-011, 6.61624000031e-008, 1.88148206348e-007, 2.27211273796e-007, 5.47844081211e-007, 1.13977669969e-007, 7.05624501052e-008, 9.41332700677e-008, 2.04723036745e-007, 9.55267154268e-008, 3.27662021959e-008, 2.56967389589e-008, 1.89131927897e-008, 2.01523473464e-008, 5.4175629316e-008, 6.67308910351e-008, 9.0982751999e-008, 1.67593427136e-007, 2.79439575479e-007, 1.21528245245e-007, 7.64955956356e-008, 4.9490895826e-009, 1.69295882868e-010, 9.43541286769e-011, 2.43697145796e-011, 1.35041703839e-013, 2.05279678847e-016]
        max: [3.90560162487e-005, 0.00201315688901, 0.00703338626772, 0.00450547458604, 0.00737772230059, 0.00663616880774, 0.00344695989043, 0.00629467051476, 0.00548829184845, 0.00396219082177, 0.00482038408518, 0.00322213140316, 0.00209307251498, 0.00223265960813, 0.00325926486403, 0.0053075440228, 0.00489117344841, 0.00463454285637, 0.00771853607148, 0.0113440547138, 0.00434852903709, 0.001253994531, 0.000256417901255, 0.000295001664199, 9.50059111346e-005, 4.79387563246e-006, 1.56493811687e-007]
        mean: [1.07232858682e-006, 8.46066031954e-005, 0.000222720744205, 0.000225709038205, 0.000403164944146, 0.000177475289092, 0.000134363523102, 0.000136148490128, 0.000266200833721, 0.000133471170557, 6.15087265032e-005, 9.13549956749e-005, 9.23418119783e-005, 8.84683031472e-005, 0.000151562184328, 0.000182006711839, 0.000242236361373, 0.000320854014717, 0.000465922057629, 0.000328985712258, 0.000230659512454, 6.50085494271e-005, 1.30923262986e-005, 7.77684635977e-006, 5.03100636706e-006, 2.12023195445e-007, 2.60946042552e-009]
        median: [2.35726474784e-007, 4.78590955026e-005, 0.000124024023535, 0.000116485796752, 0.000231302517932, 0.000104759317765, 7.35284920665e-005, 5.4533702496e-005, 8.77760685398e-005, 3.30973416567e-005, 2.30157256738e-005, 2.82202017843e-005, 5.04209310748e-005, 4.46306366939e-005, 6.42553495709e-005, 8.871674072e-005, 0.000119188189274, 0.000168990489328, 0.000259656429989, 0.000206432086998, 0.000133604626171, 3.85347302654e-005, 7.86761029303e-006, 4.2176484385e-006, 2.66617144007e-006, 7.55099520688e-008, 4.92042073752e-010]
        min: [2.68812710449e-025, 5.25676870172e-024, 1.12411012525e-024, 3.72613439314e-024, 1.89159000088e-023, 1.23013021074e-023, 2.59479524516e-024, 1.3674864349e-023, 2.902700791e-023, 2.00828572127e-023, 1.76009998307e-023, 3.18409441787e-023, 3.75082723831e-023, 3.5729719208e-023, 4.03549968665e-023, 5.93584004823e-023, 7.19143965881e-023, 8.76766831333e-023, 1.14378709696e-022, 1.82208327719e-022, 2.09503243206e-022, 3.19467234841e-022, 3.78610623395e-022, 5.25927885712e-022, 9.05392296421e-022, 1.4094554822e-021, 2.01930236576e-021]
        var: [9.75495292183e-012, 2.3594463272e-008, 9.10422670586e-008, 1.11265116232e-007, 3.31656565322e-007, 6.56548309053e-008, 3.99797279726e-008, 5.90753614915e-008, 1.89867762401e-007, 6.8312360213e-008, 2.87967463208e-008, 3.83230087664e-008, 1.55896096032e-008, 1.59838773328e-008, 5.78863321721e-008, 6.7822014671e-008, 1.02608225916e-007, 1.86799454127e-007, 5.95339997744e-007, 1.77248196565e-007, 8.5077545009e-008, 6.56324772308e-009, 3.1783201071e-010, 1.72250685937e-010, 4.7229612582e-011, 1.24145187403e-013, 6.93954175176e-017]
    frequency_bands:
        dmean: [1.02878993857e-006, 6.76382987876e-005, 0.000162038049893, 0.000169771505171, 0.000265953683993, 0.000118078402011, 9.44567946135e-005, 9.56661315286e-005, 0.000147600687342, 8.45173053676e-005, 4.13669840782e-005, 4.70356862934e-005, 4.98708614032e-005, 4.94230807817e-005, 7.09642117727e-005, 8.44841852086e-005, 0.000106271254481, 0.000137265422381, 0.000174115397385, 0.000127877327031, 9.77728122962e-005, 2.51933761319e-005, 4.66518486064e-006, 2.6782859095e-006, 1.79892992946e-006, 9.95333095943e-008, 2.39284680958e-009, 4.97620417095e-011]
        dmean2: [1.67650830463e-006, 0.000111619585368, 0.00027166630025, 0.000284258218016, 0.000435010442743, 0.000199133952265, 0.000158755326993, 0.000161762160133, 0.00024803559063, 0.000144397825352, 6.89640219207e-005, 7.87073295214e-005, 8.47111514304e-005, 8.29431955935e-005, 0.000119482989248, 0.00014345337695, 0.000179190799827, 0.000228862278163, 0.000287666509394, 0.000210615471588, 0.000162153810379, 4.14852438553e-005, 7.28127361072e-006, 4.00346561946e-006, 2.69906149697e-006, 1.47359259017e-007, 3.96788335522e-009, 9.2360404047e-011]
        dvar: [1.01210134024e-011, 2.52705838477e-008, 6.99563287299e-008, 8.4327012928e-008, 2.27284274956e-007, 4.16026004757e-008, 2.6987612145e-008, 3.473783039e-008, 7.26098221548e-008, 3.39233920954e-008, 1.60732067656e-008, 1.12919078532e-008, 6.89408441445e-009, 7.67237473553e-009, 1.98962233355e-008, 2.42305926434e-008, 3.28749045764e-008, 6.9517959389e-008, 1.24730235029e-007, 5.23004501929e-008, 2.95597324396e-008, 1.9427419673e-009, 7.9339854131e-011, 4.70837535627e-011, 1.20382835644e-011, 6.16634225777e-014, 8.0566815945e-017, 6.81272818744e-021]
        dvar2: [2.36378017854e-011, 6.61624000031e-008, 1.88148206348e-007, 2.27211273796e-007, 5.47844081211e-007, 1.13977669969e-007, 7.05624501052e-008, 9.41332700677e-008, 2.04723036745e-007, 9.55267154268e-008, 3.27662021959e-008, 2.56967389589e-008, 1.89131927897e-008, 2.01523473464e-008, 5.4175629316e-008, 6.67308910351e-008, 9.0982751999e-008, 1.67593427136e-007, 2.79439575479e-007, 1.21528245245e-007, 7.64955956356e-008, 4.9490895826e-009, 1.69295882868e-010, 9.43541286769e-011, 2.43697145796e-011, 1.35041703839e-013, 2.05279678847e-016, 2.17948892061e-020]
        max: [3.90560162487e-005, 0.00201315688901, 0.00703338626772, 0.00450547458604, 0.00737772230059, 0.00663616880774, 0.00344695989043, 0.00629467051476, 0.00548829184845, 0.00396219082177, 0.00482038408518, 0.00322213140316, 0.00209307251498, 0.00223265960813, 0.00325926486403, 0.0053075440228, 0.00489117344841, 0.00463454285637, 0.00771853607148, 0.0113440547138, 0.00434852903709, 0.001253994531, 0.000256417901255, 0.000295001664199, 9.50059111346e-005, 4.79387563246e-006, 1.56493811687e-007, 1.29323618481e-009]
        mean: [1.07232858682e-006, 8.46066031954e-005, 0.000222720744205, 0.000225709038205, 0.000403164944146, 0.000177475289092, 0.000134363523102, 0.000136148490128, 0.000266200833721, 0.000133471170557, 6.15087265032e-005, 9.13549956749e-005, 9.23418119783e-005, 8.84683031472e-005, 0.000151562184328, 0.000182006711839, 0.000242236361373, 0.000320854014717, 0.000465922057629, 0.000328985712258, 0.000230659512454, 6.50085494271e-005, 1.30923262986e-005, 7.77684635977e-006, 5.03100636706e-006, 2.12023195445e-007, 2.60946042552e-009, 3.86549056652e-011]
        median: [2.35726474784e-007, 4.78590955026e-005, 0.000124024023535, 0.000116485796752, 0.000231302517932, 0.000104759317765, 7.35284920665e-005, 5.4533702496e-005, 8.77760685398e-005, 3.30973416567e-005, 2.30157256738e-005, 2.82202017843e-005, 5.04209310748e-005, 4.46306366939e-005, 6.42553495709e-005, 8.871674072e-005, 0.000119188189274, 0.000168990489328, 0.000259656429989, 0.000206432086998, 0.000133604626171, 3.85347302654e-005, 7.86761029303e-006, 4.2176484385e-006, 2.66617144007e-006, 7.55099520688e-008, 4.92042073752e-010, 1.14313246369e-011]
        min: [2.68812710449e-025, 5.25676870172e-024, 1.12411012525e-024, 3.72613439314e-024, 1.89159000088e-023, 1.23013021074e-023, 2.59479524516e-024, 1.3674864349e-023, 2.902700791e-023, 2.00828572127e-023, 1.76009998307e-023, 3.18409441787e-023, 3.75082723831e-023, 3.5729719208e-023, 4.03549968665e-023, 5.93584004823e-023, 7.19143965881e-023, 8.76766831333e-023, 1.14378709696e-022, 1.82208327719e-022, 2.09503243206e-022, 3.19467234841e-022, 3.78610623395e-022, 5.25927885712e-022, 9.05392296421e-022, 1.4094554822e-021, 2.01930236576e-021, 5.16338669253e-022]
        var: [9.75495292183e-012, 2.3594463272e-008, 9.10422670586e-008, 1.11265116232e-007, 3.31656565322e-007, 6.56548309053e-008, 3.99797279726e-008, 5.90753614915e-008, 1.89867762401e-007, 6.8312360213e-008, 2.87967463208e-008, 3.83230087664e-008, 1.55896096032e-008, 1.59838773328e-008, 5.78863321721e-008, 6.7822014671e-008, 1.02608225916e-007, 1.86799454127e-007, 5.95339997744e-007, 1.77248196565e-007, 8.5077545009e-008, 6.56324772308e-009, 3.1783201071e-010, 1.72250685937e-010, 4.7229612582e-011, 1.24145187403e-013, 6.93954175176e-017, 5.25819530303e-021]
    mfcc:
        mean: [-726.932800293, 91.7745285034, -35.5947570801, 45.7328834534, -10.6888580322, -7.75319671631, -1.54202651978, -7.36700105667, -0.762391448021, -3.20387411118, -1.28314208984, -4.8184928894, -6.96079778671]
        cov: [[11859.3466797, -529.263671875, -1053.93188477, 1716.80163574, -16.0163497925, 604.291564941, 332.897155762, 92.8500823975, 403.38659668, -99.835723877, -156.442718506, -173.838104248, -81.7857131958], [-529.263671875, 721.906860352, -278.937713623, -221.500473022, -118.048194885, -173.965698242, -50.9920539856, 8.4912443161, -20.3420524597, 37.5242805481, 2.62639331818, -33.1207427979, -33.3380012512], [-1053.93188477, -278.937713623, 907.309387207, 67.2517166138, 156.171783447, 88.548034668, 19.363073349, -32.9881782532, -20.892950058, -31.4004878998, 32.3396835327, 57.803237915, 50.2357215881], [1716.80163574, -221.500473022, 67.2517166138, 541.681640625, 117.505279541, 166.15486145, 58.7550163269, -7.79469680786, 65.2303848267, -43.7010498047, -27.4286327362, -13.2249803543, 8.97546005249], [-16.0163497925, -118.048194885, 156.171783447, 117.505279541, 316.717071533, 34.8176422119, 3.91023445129, -2.09097790718, -26.723028183, 8.29187679291, -3.02462434769, 13.0316619873, 22.1270542145], [604.291564941, -173.965698242, 88.548034668, 166.15486145, 34.8176422119, 174.175521851, 61.6538352966, -8.46500778198, 40.1036682129, -18.0758457184, 3.92232060432, 1.45295095444, 7.55871248245], [332.897155762, -50.9920539856, 19.363073349, 58.7550163269, 3.91023445129, 61.6538352966, 101.560745239, 39.3065986633, 1.84370517731, -20.6309604645, 3.36573910713, 1.54886186123, 2.180300951], [92.8500823975, 8.4912443161, -32.9881782532, -7.79469680786, -2.09097790718, -8.46500778198, 39.3065986633, 92.7351379395, 14.9215984344, -0.0523399151862, 2.74268198013, -1.09308075905, -0.345354110003], [403.38659668, -20.3420524597, -20.892950058, 65.2303848267, -26.723028183, 40.1036682129, 1.84370517731, 14.9215984344, 101.478393555, 28.8433418274, 3.50517821312, -7.25184583664, -6.34522914886], [-99.835723877, 37.5242805481, -31.4004878998, -43.7010498047, 8.29187679291, -18.0758457184, -20.6309604645, -0.0523399151862, 28.8433418274, 77.5879898071, 27.2209186554, -1.51984405518, -7.04215860367], [-156.442718506, 2.62639331818, 32.3396835327, -27.4286327362, -3.02462434769, 3.92232060432, 3.36573910713, 2.74268198013, 3.50517821312, 27.2209186554, 65.6814575195, 30.2879753113, 6.5272359848], [-173.838104248, -33.1207427979, 57.803237915, -13.2249803543, 13.0316619873, 1.45295095444, 1.54886186123, -1.09308075905, -7.25184583664, -1.51984405518, 30.2879753113, 67.5518188477, 34.0151481628], [-81.7857131958, -33.3380012512, 50.2357215881, 8.97546005249, 22.1270542145, 7.55871248245, 2.180300951, -0.345354110003, -6.34522914886, -7.04215860367, 6.5272359848, 34.0151481628, 68.5537338257]]
        icov: [[0.000256024271948, 5.87467948208e-005, 0.000346507382346, -0.000720606418326, 0.000109375578177, -0.000114670088806, -0.000404704478569, 2.38577558775e-005, -0.000384412211133, -7.4312902143e-006, 0.000135283364216, 0.000107761268737, 6.20755672571e-005], [5.87467948208e-005, 0.00211850670166, 0.000464263895992, 0.000103756050521, 0.000257838226389, 0.00182860437781, -0.000565857160836, 0.000422987999627, -0.000372235255782, -8.15383027657e-005, -0.000609806389548, 0.000966496532783, 1.74894012162e-005], [0.000346507382346, 0.000464263895992, 0.0019221608527, -0.000715614180081, -0.000498171721119, -0.000415605725721, -0.000583937682677, 0.000565035094041, -0.000720464100596, 0.000863285618834, -0.000645971449558, -0.000163810618687, -0.000282873515971], [-0.000720606418326, 0.000103756050521, -0.000715614180081, 0.00534729007632, -0.00163708545733, -0.00143177667633, 0.000614994089119, 0.000701100332662, -0.00131689442787, 0.00228545605205, -0.000205790842301, 0.000391387467971, -0.000376421055989], [0.000109375578177, 0.000257838226389, -0.000498171721119, -0.00163708545733, 0.00456589274108, -0.000550740282051, 0.000698989315424, -0.00122357916553, 0.00294771674089, -0.00325059145689, 0.00158703571651, -0.000596339523327, -0.000522426387761], [-0.000114670088806, 0.00182860437781, -0.000415605725721, -0.00143177667633, -0.000550740282051, 0.0141290193424, -0.00773978047073, 0.00516599416733, -0.00511824898422, 0.00215956079774, -0.00285634677857, 0.00192115805112, -0.000796629930846], [-0.000404704478569, -0.000565857160836, -0.000583937682677, 0.000614994089119, 0.000698989315424, -0.00773978047073, 0.0192373543978, -0.00926840677857, 0.00476382067427, 0.00186484609731, -0.00143713632133, -0.000300860323478, 0.000477254710859], [2.38577558775e-005, 0.000422987999627, 0.000565035094041, 0.000701100332662, -0.00122357916553, 0.00516599416733, -0.00926840677857, 0.0162631869316, -0.00535693811253, 0.00173313659616, -0.0013084334787, 0.00094125844771, -0.000729894614778], [-0.000384412211133, -0.000372235255782, -0.000720464100596, -0.00131689442787, 0.00294771674089, -0.00511824898422, 0.00476382067427, -0.00535693811253, 0.0179722514004, -0.00918893422931, 0.00268864235841, -0.00123926531523, 0.000573604833335], [-7.4312902143e-006, -8.15383027657e-005, 0.000863285618834, 0.00228545605205, -0.00325059145689, 0.00215956079774, 0.00186484609731, 0.00173313659616, -0.00918893422931, 0.023407753557, -0.0113817611709, 0.00485427724198, 9.27642668103e-006], [0.000135283364216, -0.000609806389548, -0.000645971449558, -0.000205790842301, 0.00158703571651, -0.00285634677857, -0.00143713632133, -0.0013084334787, 0.00268864235841, -0.0113817611709, 0.0265010092407, -0.0131855634972, 0.00330581935123], [0.000107761268737, 0.000966496532783, -0.000163810618687, 0.000391387467971, -0.000596339523327, 0.00192115805112, -0.000300860323478, 0.00094125844771, -0.00123926531523, 0.00485427724198, -0.0131855634972, 0.0274563319981, -0.0113216200843], [6.20755672571e-005, 1.74894012162e-005, -0.000282873515971, -0.000376421055989, -0.000522426387761, -0.000796629930846, 0.000477254710859, -0.000729894614778, 0.000573604833335, 9.27642668103e-006, 0.00330581935123, -0.0113216200843, 0.0205207075924]]
    sccoeffs:
        dmean: [0.0518139265478, 0.0474924445152, 0.0382909998298, 0.0276826657355, 0.0192732103169, 0.0194413214922]
        dmean2: [0.0863569155335, 0.0801317691803, 0.064951941371, 0.0467142164707, 0.0320814959705, 0.0316800251603]
        dvar: [0.00165405054577, 0.00132703396957, 0.000933173811063, 0.000488958205096, 0.000305333407596, 0.000533854297828]
        dvar2: [0.00457663042471, 0.00384414219297, 0.00264585483819, 0.00135616713669, 0.000755310989916, 0.00120875507127]
        max: [-0.392088085413, -0.551884591579, -0.526278734207, -0.563387870789, -0.494484275579, -0.308363378048]
        mean: [-0.679681181908, -0.775594770908, -0.793315470219, -0.804395258427, -0.806003212929, -0.765002250671]
        median: [-0.683845341206, -0.77867937088, -0.800661623478, -0.809762895107, -0.811625361443, -0.767477452755]
        min: [-0.974935889244, -0.976735472679, -0.975259780884, -0.970350801945, -0.966178059578, -0.965273022652]
        var: [0.00486320769414, 0.00295230420306, 0.00356539292261, 0.00179899181239, 0.0016564053949, 0.00252785882913]
    scvalleys:
        dmean: [0.381132692099, 0.347291558981, 0.2966773808, 0.235698848963, 0.19231313467, 0.198356583714]
        dmean2: [0.631662011147, 0.575944244862, 0.483895540237, 0.381465345621, 0.302522301674, 0.291097909212]
        dvar: [0.107891283929, 0.0807015225291, 0.0615596808493, 0.0475043281913, 0.0524015650153, 0.0675723925233]
        dvar2: [0.264787703753, 0.211296856403, 0.151212871075, 0.108469434083, 0.106971137226, 0.13711206615]
        max: [-4.65205907822, -4.4703412056, -5.08084726334, -5.47934484482, -5.35695505142, -7.299949646]
        mean: [-7.1270570755, -6.72447109222, -7.26456546783, -7.39305067062, -7.29801464081, -9.80096054077]
        median: [-6.51630496979, -6.45257472992, -6.99239969254, -7.00571632385, -6.77107667923, -9.07371330261]
        min: [-28.6694469452, -27.913110733, -27.7054805756, -27.5684585571, -27.5231342316, -27.3645191193]
        var: [3.13865661621, 2.08892178535, 2.46950817108, 2.61026620865, 3.39618325233, 4.20562982559]

rhythm:
    beats_loudness:
        dmean: 0.00215395679697
        dmean2: 0.00390050583519
        dvar: 4.12661438531e-006
        dvar2: 1.28686197058e-005
        max: 0.0202547684312
        mean: 0.00551513861865
        median: 0.00537435617298
        min: 0
        var: 1.08996828203e-005
    bpm: 172.264953613
    bpm_confidence: 0
    first_peak_bpm: 172
    first_peak_spread: 0
    first_peak_weight: 0.728654980659
    onset_rate: 2.31824493408
    second_peak_bpm: 167
    second_peak_spread: 0
    second_peak_weight: 0.104093566537
    beats_loudness_band_ratio:
        dmean: [0.132021576166, 0.130328804255, 0.099880874157, 0.0653149187565, 0.0818483307958, 0.0828505158424]
        dmean2: [0.224988564849, 0.232977554202, 0.163867101073, 0.112570993602, 0.141282558441, 0.147094041109]
        dvar: [0.0161139033735, 0.0139760728925, 0.011742756702, 0.00784068182111, 0.0095698768273, 0.00828629918396]
        dvar2: [0.0358204841614, 0.0397900827229, 0.0299668442458, 0.0207756068558, 0.029756905511, 0.0242686010897]
        max: [0.746589541435, 0.746996879578, 0.938783466816, 0.630249500275, 0.856758952141, 0.906830668449]
        mean: [0.214145675302, 0.167400702834, 0.164136946201, 0.0929647758603, 0.199998751283, 0.217377007008]
        median: [0.185227811337, 0.122114665806, 0.104248858988, 0.0638663470745, 0.164419457316, 0.202009633183]
        min: [0, 0, 0, 0, 0, 0]
        var: [0.0247096139938, 0.0182514060289, 0.0244617592543, 0.00804661773145, 0.0176175814122, 0.017018655315]
