
metadata:
    version:
        essentia: "2.1-beta2"
    audio_properties:
        analysis_sample_rate: 44100
        bitrate: 160
        channels: 2
        equal_loudness: 1
        length: 303.516723633
        replay_gain: -12.855594635
        downmix: "mix"
    tags:
        album: "Mechanical Animals"
        artist: "Marylin Manson"
        comment: ""
        date: "1998"
        genre: "Other"
        title: "I Don't Like the Drugs (But the Drugs Like Me)"
        tracknumber: "9"

configuration:
    average_loudness:
        compute: 1
        frameSize: 88200
        hopSize: 44100
        silentFrames: "noise"
        windowType: "hann"
    general:
        analysisSampleRate: 44100
        endTime: 2000
        equalLoudness: 1
        nequalLoudness: 0
        shortSound: 0
        startTime: 0
    lowlevel:
        compute: 1
        frameSize: 2048
        hopSize: 1024
        zeroPadding: 0
        silentFrames: "noise"
        windowType: "blackmanharris62"
        mfccStats: ["mean", "cov", "icov"]
        stats: ["mean", "var", "median", "min", "max", "dmean", "dmean2", "dvar", "dvar2"]
    panning:
        compute: 0
        frameSize: 8192
        hopSize: 2048
        zeroPadding: 8192
        silentFrames: "noise"
        windowType: "hann"
        stats: ["copy"]
    rhythm:
        compute: 1
        maxTempo: 208
        minTempo: 40
        method: "degara"
        stats: ["mean", "var", "median", "min", "max", "dmean", "dmean2", "dvar", "dvar2"]
    segmentation:
        compute: 0
        cpw: 5
        inc1: 300
        inc2: 50
        minimumSegmentsLength: 10
        size1: 1000
        size2: 600
    sfx:
        compute: 1
        stats: ["mean", "var", "median", "min", "max", "dmean", "dmean2", "dvar", "dvar2"]
    svm:
        compute: 0
    tonal:
        compute: 1
        frameSize: 4096
        hopSize: 2048
        zeroPadding: 0
        silentFrames: "noise"
        windowType: "blackmanharris62"
        stats: ["mean", "var", "median", "min", "max", "dmean", "dmean2", "dvar", "dvar2"]

lowlevel:
    average_loudness: 0.734954416752
    barkbands_kurtosis:
        dmean: 0.983291387558
        dmean2: 1.57589876652
        dvar: 6.38533639908
        dvar2: 14.242181778
        max: 85.2232971191
        mean: -0.0974064618349
        median: -0.911031007767
        min: -1.91502010822
        var: 12.9368553162
    barkbands_skewness:
        dmean: 0.431817799807
        dmean2: 0.664483726025
        dvar: 0.219258412719
        dvar2: 0.456832319498
        max: 8.81821727753
        mean: -0.21282428503
        median: -0.235554024577
        min: -7.14143228531
        var: 0.883492350578
    barkbands_spread:
        dmean: 5.78109359741
        dmean2: 9.10937309265
        dvar: 36.0480422974
        dvar2: 81.983253479
        max: 73.5607376099
        mean: 31.1641941071
        median: 31.0987052917
        min: 1.4889652729
        var: 137.237411499
    dissonance:
        dmean: 0.0125918854028
        dmean2: 0.0214980915189
        dvar: 0.000211600374314
        dvar2: 0.000592870521359
        max: 0.500000059605
        mean: 0.480895489454
        median: 0.486339062452
        min: 0.324952036142
        var: 0.000346993707353
    hfc:
        dmean: 1.93460798264
        dmean2: 2.95183849335
        dvar: 7.41028594971
        dvar2: 16.9134578705
        max: 62.2240943909
        mean: 8.1677236557
        median: 7.29496765137
        min: 1.21313249846e-016
        var: 40.4057998657
    pitch:
        dmean: 865.805541992
        dmean2: 1646.22045898
        dvar: 1756073.375
        dvar2: 4164835.5
        max: 5536.76416016
        mean: 1458.94128418
        median: 427.89440918
        min: 50.8344726563
        var: 2662655.25
    pitch_instantaneous_confidence:
        dmean: 0.079000428319
        dmean2: 0.127560466528
        dvar: 0.00486759468913
        dvar2: 0.0115082124248
        max: 0.939410328865
        mean: 0.362571775913
        median: 0.325951814651
        min: 0.0708473920822
        var: 0.0216395054013
    pitch_salience:
        dmean: 0.059036783874
        dmean2: 0.0963592678308
        dvar: 0.00293914251961
        dvar2: 0.00751332379878
        max: 0.914973080158
        mean: 0.655770599842
        median: 0.676194727421
        min: 0.0975260809064
        var: 0.0094000948593
    silence_rate_20dB:
        dmean: 0
        dmean2: 0
        dvar: 0
        dvar2: 0
        max: 1
        mean: 1
        median: 1
        min: 1
        var: 0
    silence_rate_30dB:
        dmean: 0
        dmean2: 0
        dvar: 0
        dvar2: 0
        max: 1
        mean: 1
        median: 1
        min: 1
        var: 0
    silence_rate_60dB:
        dmean: 0.0827723369002
        dmean2: 0.165557339787
        dvar: 0.0759152546525
        dvar2: 0.160657033324
        max: 1
        mean: 0.434253811836
        median: 0
        min: 0
        var: 0.24566654861
    spectral_centroid:
        dmean: 310.594329834
        dmean2: 472.308166504
        dvar: 119891.085938
        dvar2: 230535.5625
        max: 11428.6328125
        mean: 2033.50280762
        median: 1983.97729492
        min: 157.673736572
        var: 514913.3125
    spectral_complexity:
        dmean: 3.40238666534
        dmean2: 5.30472040176
        dvar: 14.9506044388
        dvar2: 31.7718544006
        max: 52
        mean: 15.4458808899
        median: 14
        min: 0
        var: 126.15512085
    spectral_crest:
        dmean: 2.05647158623
        dmean2: 3.40459775925
        dvar: 4.11621379852
        dvar2: 10.529047966
        max: 25.1577072144
        mean: 6.79601049423
        median: 5.87698364258
        min: 2.17424035072
        var: 10.4600639343
    spectral_decrease:
        dmean: 2.46366121948e-010
        dmean2: 4.08468397994e-010
        dvar: 1.66188572525e-019
        dvar2: 4.45202564349e-019
        max: 7.33939627433e-030
        mean: -8.5805557104e-010
        median: -7.68055619105e-010
        min: -5.67784530503e-009
        var: 4.24633141605e-019
    spectral_energy:
        dmean: 0.00107280374505
        dmean2: 0.00175832794048
        dvar: 2.95500103675e-006
        dvar2: 7.78308458393e-006
        max: 0.0241989344358
        mean: 0.00397933833301
        median: 0.00358949787915
        min: 1.09757626127e-020
        var: 8.79998424352e-006
    spectral_energyband_high:
        dmean: 0.000204205105547
        dmean2: 0.000308062299155
        dvar: 9.71828342244e-008
        dvar2: 2.16980083678e-007
        max: 0.00662511819974
        mean: 0.000584525056183
        median: 0.000404512131354
        min: 7.99255996737e-021
        var: 3.81424030138e-007
    spectral_energyband_low:
        dmean: 0.000236646897974
        dmean2: 0.00040677638026
        dvar: 3.33143816533e-007
        dvar2: 9.38335745104e-007
        max: 0.00717644998804
        mean: 0.000339978432748
        median: 0.000190444625332
        min: 6.79453218296e-023
        var: 3.21129306258e-007
    spectral_energyband_middle_high:
        dmean: 0.000541900633834
        dmean2: 0.000849797273986
        dvar: 4.82899110921e-007
        dvar2: 1.20008871818e-006
        max: 0.0125537058339
        mean: 0.0021250883583
        median: 0.00190187687986
        min: 1.52208977431e-021
        var: 2.75076604339e-006
    spectral_energyband_middle_low:
        dmean: 0.000580879335757
        dmean2: 0.000993827241473
        dvar: 1.20887932553e-006
        dvar2: 3.46379738403e-006
        max: 0.0159312244505
        mean: 0.00111413537525
        median: 0.000773764622863
        min: 4.10990397438e-022
        var: 1.6617508436e-006
    spectral_flatness_db:
        dmean: 0.0151998363435
        dmean2: 0.0232173837721
        dvar: 0.000222976872465
        dvar2: 0.000499298796058
        max: 0.337266266346
        mean: 0.132268607616
        median: 0.125959038734
        min: 0.0419226065278
        var: 0.00122465589084
    spectral_flux:
        dmean: 0.00620814971626
        dmean2: 0.00962671730667
        dvar: 7.16188078513e-005
        dvar2: 0.000142877164762
        max: 0.139999777079
        mean: 0.0372333973646
        median: 0.0376103818417
        min: 1.04765272846e-010
        var: 0.000317182100844
    spectral_kurtosis:
        dmean: 0.825418710709
        dmean2: 1.34541964531
        dvar: 1.17589950562
        dvar2: 2.87016105652
        max: 38.4957885742
        mean: 2.92044186592
        median: 2.70133638382
        min: -1.25390684605
        var: 3.21028137207
    spectral_rms:
        dmean: 0.000244256050792
        dmean2: 0.000385750900023
        dvar: 9.71830047547e-008
        dvar2: 2.39169452243e-007
        max: 0.0048588803038
        mean: 0.00180109695066
        median: 0.00187134952284
        min: 3.27231731295e-012
        var: 6.3836262143e-007
    spectral_rolloff:
        dmean: 412.259765625
        dmean2: 653.653991699
        dvar: 304136.3125
        dvar2: 643152.625
        max: 18497.0214844
        mean: 3662.22900391
        median: 3746.77734375
        min: 150.732421875
        var: 926113.5625
    spectral_skewness:
        dmean: 0.152990266681
        dmean2: 0.233269929886
        dvar: 0.0269374921918
        dvar2: 0.0581318847835
        max: 4.87105703354
        mean: 1.24686670303
        median: 1.25113177299
        min: -0.0789289399981
        var: 0.123588949442
    spectral_spread:
        dmean: 533741
        dmean2: 740195.375
        dvar: 494629322752
        dvar2: 862191419392
        max: 41721128
        mean: 5179803
        median: 4900092
        min: 1512496.25
        var: 2.40435829146e+012
    spectral_strongpeak:
        dmean: 0.418912619352
        dmean2: 0.722458839417
        dvar: 0.408413678408
        dvar2: 1.08495342731
        max: 10.6015195847
        mean: 0.61686360836
        median: 0.303619295359
        min: 8.51821457815e-009
        var: 0.655723631382
    zerocrossingrate:
        dmean: 0.0100264251232
        dmean2: 0.0113326003775
        dvar: 0.000116547678772
        dvar2: 0.000123740872368
        max: 0.4970703125
        mean: 0.112172544003
        median: 0.11083984375
        min: 0.01025390625
        var: 0.000945561972912
    barkbands:
        dmean: [1.05407150386e-006, 4.87768120365e-005, 0.000100906778243, 0.000252822152106, 0.000213848426938, 0.000126687373267, 6.43642779323e-005, 5.68529867451e-005, 8.92278767424e-005, 0.000115419679787, 8.54213067214e-005, 7.74453292252e-005, 7.50227045501e-005, 8.43892266857e-005, 7.76447341195e-005, 7.72762577981e-005, 0.00011518838437, 0.000134355868795, 0.000158846509294, 0.000170091792825, 0.000111951943836, 3.52544229827e-005, 7.53578615331e-006, 2.84709221887e-006, 1.81499751761e-006, 1.09444783902e-007, 1.50365120355e-009]
        dmean2: [1.71421845607e-006, 8.04804512882e-005, 0.000180952629307, 0.000430204469012, 0.000381202349672, 0.000214238636545, 0.000105975246697, 9.4404174888e-005, 0.000146202321048, 0.00019222710398, 0.000141850265209, 0.00012817735842, 0.00012479806901, 0.000138881572639, 0.000128132815007, 0.000128551269881, 0.000189994490938, 0.000219885827391, 0.000259562628344, 0.000269367417786, 0.000174335917109, 5.23929993506e-005, 1.09800339487e-005, 4.0654881559e-006, 2.52849690696e-006, 1.58603199907e-007, 2.40639286275e-009]
        dvar: [5.6131336558e-012, 1.29121389136e-008, 9.68785442979e-008, 2.94873842677e-007, 3.62014077382e-007, 6.39290362869e-008, 1.25880186275e-008, 1.09520561509e-008, 2.20329035017e-008, 6.03840959457e-008, 3.61309808738e-008, 2.74186575666e-008, 2.24711271812e-008, 2.05214369942e-008, 1.65947042774e-008, 1.87619324521e-008, 3.82790190656e-008, 3.85321712315e-008, 5.27822621166e-008, 6.62897505777e-008, 3.38369687825e-008, 4.21326307176e-009, 1.60582644404e-010, 2.41856465411e-011, 1.15165455297e-011, 5.9134202526e-014, 1.34770824939e-017]
        dvar2: [1.62299392675e-011, 3.4107198843e-008, 2.82869848434e-007, 8.24014136924e-007, 1.05516778603e-006, 1.74972754508e-007, 3.16251416166e-008, 2.82048855382e-008, 5.75713166029e-008, 1.66860019135e-007, 9.44461433505e-008, 7.18099073538e-008, 5.86987169982e-008, 5.47973186826e-008, 4.46122321307e-008, 5.09281612437e-008, 1.00700383143e-007, 1.01473233372e-007, 1.36777927651e-007, 1.60387372716e-007, 8.0979631889e-008, 8.71725980289e-009, 3.08743780542e-010, 4.51997883566e-011, 2.16362292665e-011, 1.19656658171e-013, 3.24853480361e-017]
        max: [3.97047842853e-005, 0.00174387241714, 0.00434657093138, 0.0112069398165, 0.00770236551762, 0.00485018454492, 0.0028309088666, 0.00202971091494, 0.00448454823345, 0.00450853072107, 0.00485995737836, 0.00462374044582, 0.00487189972773, 0.00255529698916, 0.00312564428896, 0.00381202506833, 0.00634603248909, 0.00504809617996, 0.00634442456067, 0.00635242229328, 0.00488618947566, 0.00170167116448, 0.000310161558446, 0.000134643327328, 0.000104271297459, 7.48094225855e-006, 6.20466451551e-008]
        mean: [1.48098558839e-006, 7.69496255089e-005, 0.000107316685899, 0.00033348571742, 0.000231849640841, 0.000178024172783, 0.000100261611806, 8.28619886306e-005, 0.000151051906869, 0.00017388521519, 0.000136542832479, 0.000129014631966, 0.000124138226965, 0.000151442465722, 0.000140155185363, 0.000148330320371, 0.000253953592619, 0.000303484761389, 0.000374631752493, 0.000409163389122, 0.000262887158897, 7.98575420049e-005, 1.81672621693e-005, 6.46151420369e-006, 3.74776436729e-006, 1.93728951103e-007, 1.60213786682e-009]
        median: [4.34490999623e-007, 3.42288549291e-005, 4.49534090876e-005, 6.12286676187e-005, 9.12350806175e-005, 7.55519213271e-005, 4.97553955938e-005, 3.83039368899e-005, 7.13705085218e-005, 5.89507617406e-005, 4.70219856652e-005, 5.88031616644e-005, 5.62474269827e-005, 7.81810085755e-005, 7.57047455409e-005, 8.50791111588e-005, 0.000152242952026, 0.00021333413315, 0.000267638184596, 0.000287546718027, 0.000171737352503, 3.89795823139e-005, 9.32914099394e-006, 2.94397386824e-006, 1.33095215915e-006, 4.51191333184e-008, 2.9843114091e-010]
        min: [1.03228081915e-023, 2.45183396706e-023, 2.99061649899e-023, 9.69469741724e-024, 1.87352839937e-023, 2.89582223946e-023, 1.24013844171e-022, 5.149031128e-023, 1.34250343091e-022, 8.2883242418e-023, 5.33248010042e-023, 1.07913811562e-022, 1.4695196292e-022, 5.61985771057e-023, 1.53705937555e-022, 1.12653174285e-022, 1.27276194222e-022, 1.83790580747e-022, 3.71092741103e-022, 3.34951223881e-022, 2.51236799748e-022, 5.69700754979e-022, 8.75639643763e-022, 7.56233517207e-022, 1.37866996449e-021, 1.70625812476e-021, 2.47882199672e-021]
        var: [7.41415522726e-012, 1.53674530878e-008, 6.51616929304e-008, 4.61767200477e-007, 2.53180701293e-007, 8.3170959897e-008, 2.41766979769e-008, 1.73465348752e-008, 4.38027285554e-008, 9.97237918909e-008, 7.94798324932e-008, 5.13640365796e-008, 4.24705071111e-008, 4.43102479153e-008, 3.64519259222e-008, 4.07826341586e-008, 1.37793946919e-007, 1.03617907143e-007, 1.6026041294e-007, 1.99365459252e-007, 9.45818499076e-008, 1.42848914919e-008, 6.41188324657e-010, 9.18736128841e-011, 4.77557542122e-011, 1.81357587368e-013, 1.68163171554e-017]
    frequency_bands:
        dmean: [1.05407150386e-006, 4.87768120365e-005, 0.000100906778243, 0.000252822152106, 0.000213848426938, 0.000126687373267, 6.43642779323e-005, 5.68529867451e-005, 8.92278767424e-005, 0.000115419679787, 8.54213067214e-005, 7.74453292252e-005, 7.50227045501e-005, 8.43892266857e-005, 7.76447341195e-005, 7.72762577981e-005, 0.00011518838437, 0.000134355868795, 0.000158846509294, 0.000170091792825, 0.000111951943836, 3.52544229827e-005, 7.53578615331e-006, 2.84709221887e-006, 1.81499751761e-006, 1.09444783902e-007, 1.50365120355e-009, 4.89070138554e-011]
        dmean2: [1.71421845607e-006, 8.04804512882e-005, 0.000180952629307, 0.000430204469012, 0.000381202349672, 0.000214238636545, 0.000105975246697, 9.4404174888e-005, 0.000146202321048, 0.00019222710398, 0.000141850265209, 0.00012817735842, 0.00012479806901, 0.000138881572639, 0.000128132815007, 0.000128551269881, 0.000189994490938, 0.000219885827391, 0.000259562628344, 0.000269367417786, 0.000174335917109, 5.23929993506e-005, 1.09800339487e-005, 4.0654881559e-006, 2.52849690696e-006, 1.58603199907e-007, 2.40639286275e-009, 9.14780334815e-011]
        dvar: [5.6131336558e-012, 1.29121389136e-008, 9.68785442979e-008, 2.94873842677e-007, 3.62014077382e-007, 6.39290362869e-008, 1.25880186275e-008, 1.09520561509e-008, 2.20329035017e-008, 6.03840959457e-008, 3.61309808738e-008, 2.74186575666e-008, 2.24711271812e-008, 2.05214369942e-008, 1.65947042774e-008, 1.87619324521e-008, 3.82790190656e-008, 3.85321712315e-008, 5.27822621166e-008, 6.62897505777e-008, 3.38369687825e-008, 4.21326307176e-009, 1.60582644404e-010, 2.41856465411e-011, 1.15165455297e-011, 5.9134202526e-014, 1.34770824939e-017, 6.72202993354e-021]
        dvar2: [1.62299392675e-011, 3.4107198843e-008, 2.82869848434e-007, 8.24014136924e-007, 1.05516778603e-006, 1.74972754508e-007, 3.16251416166e-008, 2.82048855382e-008, 5.75713166029e-008, 1.66860019135e-007, 9.44461433505e-008, 7.18099073538e-008, 5.86987169982e-008, 5.47973186826e-008, 4.46122321307e-008, 5.09281612437e-008, 1.00700383143e-007, 1.01473233372e-007, 1.36777927651e-007, 1.60387372716e-007, 8.0979631889e-008, 8.71725980289e-009, 3.08743780542e-010, 4.51997883566e-011, 2.16362292665e-011, 1.19656658171e-013, 3.24853480361e-017, 2.17681754728e-020]
        max: [3.97047842853e-005, 0.00174387241714, 0.00434657093138, 0.0112069398165, 0.00770236551762, 0.00485018454492, 0.0028309088666, 0.00202971091494, 0.00448454823345, 0.00450853072107, 0.00485995737836, 0.00462374044582, 0.00487189972773, 0.00255529698916, 0.00312564428896, 0.00381202506833, 0.00634603248909, 0.00504809617996, 0.00634442456067, 0.00635242229328, 0.00488618947566, 0.00170167116448, 0.000310161558446, 0.000134643327328, 0.000104271297459, 7.48094225855e-006, 6.20466451551e-008, 1.55893442599e-009]
        mean: [1.48098558839e-006, 7.69496255089e-005, 0.000107316685899, 0.00033348571742, 0.000231849640841, 0.000178024172783, 0.000100261611806, 8.28619886306e-005, 0.000151051906869, 0.00017388521519, 0.000136542832479, 0.000129014631966, 0.000124138226965, 0.000151442465722, 0.000140155185363, 0.000148330320371, 0.000253953592619, 0.000303484761389, 0.000374631752493, 0.000409163389122, 0.000262887158897, 7.98575420049e-005, 1.81672621693e-005, 6.46151420369e-006, 3.74776436729e-006, 1.93728951103e-007, 1.60213786682e-009, 3.79144111939e-011]
        median: [4.34490999623e-007, 3.42288549291e-005, 4.49534090876e-005, 6.12286676187e-005, 9.12350806175e-005, 7.55519213271e-005, 4.97553955938e-005, 3.83039368899e-005, 7.13705085218e-005, 5.89507617406e-005, 4.70219856652e-005, 5.88031616644e-005, 5.62474269827e-005, 7.81810085755e-005, 7.57047455409e-005, 8.50791111588e-005, 0.000152242952026, 0.00021333413315, 0.000267638184596, 0.000287546718027, 0.000171737352503, 3.89795823139e-005, 9.32914099394e-006, 2.94397386824e-006, 1.33095215915e-006, 4.51191333184e-008, 2.9843114091e-010, 1.13589181464e-011]
        min: [1.03228081915e-023, 2.45183396706e-023, 2.99061649899e-023, 9.69469741724e-024, 1.87352839937e-023, 2.89582223946e-023, 1.24013844171e-022, 5.149031128e-023, 1.34250343091e-022, 8.2883242418e-023, 5.33248010042e-023, 1.07913811562e-022, 1.4695196292e-022, 5.61985771057e-023, 1.53705937555e-022, 1.12653174285e-022, 1.27276194222e-022, 1.83790580747e-022, 3.71092741103e-022, 3.34951223881e-022, 2.51236799748e-022, 5.69700754979e-022, 8.75639643763e-022, 7.56233517207e-022, 1.37866996449e-021, 1.70625812476e-021, 2.47882199672e-021, 7.96573061866e-022]
        var: [7.41415522726e-012, 1.53674530878e-008, 6.51616929304e-008, 4.61767200477e-007, 2.53180701293e-007, 8.3170959897e-008, 2.41766979769e-008, 1.73465348752e-008, 4.38027285554e-008, 9.97237918909e-008, 7.94798324932e-008, 5.13640365796e-008, 4.24705071111e-008, 4.43102479153e-008, 3.64519259222e-008, 4.07826341586e-008, 1.37793946919e-007, 1.03617907143e-007, 1.6026041294e-007, 1.99365459252e-007, 9.45818499076e-008, 1.42848914919e-008, 6.41188324657e-010, 9.18736128841e-011, 4.77557542122e-011, 1.81357587368e-013, 1.68163171554e-017, 5.14052401413e-021]
    mfcc:
        mean: [-724.474060059, 79.7189254761, -47.5244674683, 43.5580062866, -18.4110507965, 1.32247030735, 3.78732562065, -4.03650760651, -2.3353331089, -2.55483984947, -3.92435717583, -4.3234128952, -5.52663660049]
        cov: [[10146.1269531, 912.890625, -713.641601563, 928.961425781, -170.436843872, 86.1945114136, -164.382461548, 76.1435699463, -44.4957580566, -238.431259155, -118.804161072, -61.2857208252, -20.9078502655], [912.890625, 1102.8371582, -228.014282227, 110.091781616, 28.9658622742, -58.9611206055, 44.7922172546, 43.1861381531, 0.236673116684, 7.44574403763, 19.2710571289, 52.3263664246, 22.069065094], [-713.641601563, -228.014282227, 618.485839844, 107.137565613, 123.837593079, 19.8240394592, -6.14352798462, -37.1588516235, -6.75652265549, -19.2991924286, 20.5257568359, 40.7997360229, 17.9887886047], [928.961425781, 110.091781616, 107.137565613, 494.985961914, 115.551208496, 8.18497753143, -67.7742385864, -27.2446956635, -9.8397359848, -38.5626106262, -28.0355491638, 6.63667631149, 17.0067672729], [-170.436843872, 28.9658622742, 123.837593079, 115.551208496, 247.980300903, 33.8356513977, -8.40924453735, -24.1865177155, 3.30592226982, -6.08099269867, -12.8912801743, 19.5800189972, 37.9793815613], [86.1945114136, -58.9611206055, 19.8240394592, 8.18497753143, 33.8356513977, 197.778366089, 86.0573730469, 32.8258476257, -4.66035032272, -6.44434976578, 7.3697476387, -14.1548624039, -6.88360500336], [-164.382461548, 44.7922172546, -6.14352798462, -67.7742385864, -8.40924453735, 86.0573730469, 214.048019409, 93.2152328491, 33.3986968994, 33.6304206848, 22.7981967926, 24.7376461029, 11.8180332184], [76.1435699463, 43.1861381531, -37.1588516235, -27.2446956635, -24.1865177155, 32.8258476257, 93.2152328491, 150.208572388, 64.0443344116, 26.2532176971, 16.2255172729, 3.71543502808, 11.1226215363], [-44.4957580566, 0.236673116684, -6.75652265549, -9.8397359848, 3.30592226982, -4.66035032272, 33.3986968994, 64.0443344116, 127.664970398, 62.9276885986, 13.1382884979, 7.96127510071, 8.10806655884], [-238.431259155, 7.44574403763, -19.2991924286, -38.5626106262, -6.08099269867, -6.44434976578, 33.6304206848, 26.2532176971, 62.9276885986, 115.058280945, 44.8565750122, 18.7219085693, 0.48881611228], [-118.804161072, 19.2710571289, 20.5257568359, -28.0355491638, -12.8912801743, 7.3697476387, 22.7981967926, 16.2255172729, 13.1382884979, 44.8565750122, 92.8136672974, 36.4854927063, 5.81137943268], [-61.2857208252, 52.3263664246, 40.7997360229, 6.63667631149, 19.5800189972, -14.1548624039, 24.7376461029, 3.71543502808, 7.96127510071, 18.7219085693, 36.4854927063, 98.5994033813, 46.998550415], [-20.9078502655, 22.069065094, 17.9887886047, 17.0067672729, 37.9793815613, -6.88360500336, 11.8180332184, 11.1226215363, 8.10806655884, 0.48881611228, 5.81137943268, 46.998550415, 93.066947937]]
        icov: [[0.000165827688761, -7.90015183156e-005, 0.000192867548321, -0.000347627123119, 0.000220965448534, -0.000178147762199, 0.000134345522383, -9.16385906748e-005, -0.000116364913993, 0.00032492147875, -5.5044738474e-006, -6.92577013979e-005, 1.65251985891e-005], [-7.90015183156e-005, 0.00120467168745, 0.000494031410199, -0.000220276910113, -0.000491809856612, 0.000697816547472, -0.000534968974534, -0.000231281170272, 0.000303420209093, 4.69857368444e-005, -0.000334557931637, -0.000578140607104, 0.000275406055152], [0.000192867548321, 0.000494031410199, 0.00244227820076, -0.000812882790342, -0.000767744844779, 6.48191926302e-005, -0.000270533491857, 0.000288401177386, -0.000390841509216, 0.00120763503946, -0.000912476854865, -0.00097729510162, 0.000498860608786], [-0.000347627123119, -0.000220276910113, -0.000812882790342, 0.00332593964413, -0.00127540621907, -0.000144667559653, 0.000837520463392, -6.94534028298e-005, 7.49811351852e-006, -0.00024861539714, 0.000592332216911, -0.000113345849968, -4.38825736637e-005], [0.000220965448534, -0.000491809856612, -0.000767744844779, -0.00127540621907, 0.00597123941407, -0.00165909714997, 0.000444363802671, 0.00106476340443, -0.000792490318418, -0.000240512716118, 0.00123567390256, -9.41942780628e-005, -0.00215473724529], [-0.000178147762199, 0.000697816547472, 6.48191926302e-005, -0.000144667559653, -0.00165909714997, 0.00753307901323, -0.0036931084469, -0.000186414268683, 0.000909072812647, 0.000831467274111, -0.00165561947506, 0.00195858301595, 0.000564625661355], [0.000134345522383, -0.000534968974534, -0.000270533491857, 0.000837520463392, 0.000444363802671, -0.0036931084469, 0.00896296370775, -0.00463972054422, 0.000795728585217, -0.00171065446921, 0.0012702710228, -0.00256058829837, 0.000171566614881], [-9.16385906748e-005, -0.000231281170272, 0.000288401177386, -6.94534028298e-005, 0.00106476340443, -0.000186414268683, -0.00463972054422, 0.0123438099399, -0.00586726143956, 0.00204556668177, -0.00184972782154, 0.00201279181056, -0.00174369756132], [-0.000116364913993, 0.000303420209093, -0.000390841509216, 7.49811351852e-006, -0.000792490318418, 0.000909072812647, 0.000795728585217, -0.00586726143956, 0.0142408851534, -0.00791108701378, 0.00241396040656, -0.000159654460731, -0.000302345928503], [0.00032492147875, 4.69857368444e-005, 0.00120763503946, -0.00024861539714, -0.000240512716118, 0.000831467274111, -0.00171065446921, 0.00204556668177, -0.00791108701378, 0.0165791139007, -0.00680090906098, -0.000357973127393, 0.00121385324746], [-5.5044738474e-006, -0.000334557931637, -0.000912476854865, 0.000592332216911, 0.00123567390256, -0.00165561947506, 0.0012702710228, -0.00184972782154, 0.00241396040656, -0.00680090906098, 0.0167392045259, -0.00597393605858, 0.0013762593735], [-6.92577013979e-005, -0.000578140607104, -0.00097729510162, -0.000113345849968, -9.41942780628e-005, 0.00195858301595, -0.00256058829837, 0.00201279181056, -0.000159654460731, -0.000357973127393, -0.00597393605858, 0.0177862420678, -0.00799412932247], [1.65251985891e-005, 0.000275406055152, 0.000498860608786, -4.38825736637e-005, -0.00215473724529, 0.000564625661355, 0.000171566614881, -0.00174369756132, -0.000302345928503, 0.00121385324746, 0.0013762593735, -0.00799412932247, 0.0156736820936]]
    sccoeffs:
        dmean: [0.0555075071752, 0.0491663664579, 0.040420871228, 0.0306811314076, 0.0202474165708, 0.0185891799629]
        dmean2: [0.0913753956556, 0.0817909911275, 0.0666322633624, 0.0509625561535, 0.033456787467, 0.0287763196975]
        dvar: [0.00233133416623, 0.00153267965652, 0.00101982138585, 0.000579205399845, 0.000276588922134, 0.000279585481621]
        dvar2: [0.00618084147573, 0.00417535332963, 0.00271566864103, 0.00154950935394, 0.000705300073605, 0.000613473181147]
        max: [-0.335224419832, -0.41104516387, -0.491387486458, -0.559773921967, -0.620792865753, -0.474435716867]
        mean: [-0.695237278938, -0.766373753548, -0.781999349594, -0.787309288979, -0.801728129387, -0.751805603504]
        median: [-0.709743738174, -0.771463930607, -0.788814008236, -0.793284475803, -0.803347706795, -0.750140488148]
        min: [-0.943890988827, -0.961015820503, -0.973208606243, -0.966344833374, -0.963278234005, -0.96207934618]
        var: [0.00871522538364, 0.00443189870566, 0.00423705857247, 0.00250202557072, 0.00111118971836, 0.00195228378288]
    scvalleys:
        dmean: [0.381951928139, 0.387988090515, 0.324134886265, 0.277450710535, 0.217712044716, 0.26719596982]
        dmean2: [0.619969189167, 0.626252710819, 0.515241980553, 0.435029566288, 0.320403426886, 0.335737258196]
        dvar: [0.113785259426, 0.118730932474, 0.0916984155774, 0.0778098031878, 0.0641630142927, 0.106687940657]
        dvar2: [0.261144071817, 0.270027518272, 0.197383895516, 0.151759549975, 0.106723472476, 0.160282179713]
        max: [-4.98579740524, -4.84816598892, -5.20960569382, -5.46372652054, -5.53264856339, -7.35757064819]
        mean: [-7.33581066132, -7.08974981308, -7.16246700287, -7.34545183182, -7.1287021637, -9.56125354767]
        median: [-6.94401836395, -6.77190828323, -6.83875608444, -7.00103759766, -6.7237906456, -9.29196929932]
        min: [-27.8567428589, -27.4763088226, -26.9349136353, -27.1549263, -27.0021247864, -27.308839798]
        var: [2.13767409325, 1.81853175163, 1.64903497696, 1.64304876328, 1.76295089722, 1.71741843224]

rhythm:
    beats_loudness:
        dmean: 0.00374589324929
        dmean2: 0.00735911773518
        dvar: 4.92432081955e-006
        dvar2: 1.58782750077e-005
        max: 0.0136756161228
        mean: 0.0059757810086
        median: 0.00583810266107
        min: 4.41646452742e-009
        var: 1.06151437649e-005
    bpm: 93.9026870728
    bpm_confidence: 0
    first_peak_bpm: 94
    first_peak_spread: 0.227659583092
    first_peak_weight: 0.767441868782
    onset_rate: 2.74119997025
    second_peak_bpm: 88
    second_peak_spread: 0
    second_peak_weight: 0.00634249486029
    beats_loudness_band_ratio:
        dmean: [0.127612367272, 0.0602026507258, 0.0682505816221, 0.0902315452695, 0.100179731846, 0.125395476818]
        dmean2: [0.23564247787, 0.107504062355, 0.121285766363, 0.162546351552, 0.176292493939, 0.23249655962]
        dvar: [0.0135259311646, 0.00747491559014, 0.00683241663501, 0.00962523650378, 0.00481382058933, 0.0115779107437]
        dvar2: [0.0436806604266, 0.0228706169873, 0.0203796941787, 0.0285817589611, 0.0146863851696, 0.0365289971232]
        max: [0.711081087589, 0.750452637672, 0.901677012444, 0.75747936964, 0.563066124916, 0.930623054504]
        mean: [0.198548704386, 0.0849574506283, 0.102811276913, 0.153415352106, 0.229643404484, 0.261892437935]
        median: [0.17880398035, 0.0693619847298, 0.0752231478691, 0.111628375947, 0.229388535023, 0.256173968315]
        min: [0.000401170371333, 0.0027291525621, 0.000618778227363, 0.00207264418714, 0.0269347243011, 0.0270665474236]
        var: [0.018894046545, 0.00598092889413, 0.00870277732611, 0.0149254705757, 0.00807772949338, 0.0139646697789]
    beats_position: [0.650158703327, 1.30031740665, 1.95047616959, 2.58902478218, 3.27401351929, 3.95900225639, 4.60916090012, 5.25931978226, 5.89786815643, 6.53641700745, 7.17496585846, 7.81351470947, 8.45206356049, 9.0906124115, 9.74077033997, 10.379319191, 11.0062580109, 11.6331968307, 12.2717456818, 12.9102945328, 13.5488433838, 14.1873922348, 14.8259410858, 15.4644899368, 16.1030387878, 16.7415866852, 17.3801364899, 18.0186843872, 18.6572322845, 19.2957820892, 19.9343299866, 20.5728797913, 21.2114276886, 21.8499774933, 22.5001354218, 23.1386852264, 23.7772331238, 24.4157810211, 25.0543308258, 25.6928787231, 26.3314285278, 26.9699764252, 27.6085262299, 28.2470741272, 28.8856239319, 29.5241718292, 30.1627197266, 30.8012695313, 31.4398174286, 32.0783653259, 32.7169151306, 33.3554649353, 33.99401474, 34.63256073, 35.2711105347, 35.9212684631, 36.5598182678, 37.1983680725, 37.8369140625, 38.4754638672, 39.1024017334, 39.7409515381, 40.3795013428, 41.0296592712, 41.6798171997, 42.3183670044, 42.9569168091, 43.5954627991, 44.2340126038, 44.8725624084, 45.5111083984, 46.1496582031, 46.7882080078, 47.4267578125, 48.0653038025, 48.7038536072, 49.3424034119, 49.9809532166, 50.6194992065, 51.269657135, 51.9082069397, 52.5467567444, 53.1736946106, 53.8122444153, 54.45079422, 55.08934021, 55.7278900146, 56.3664398193, 57.0049858093, 57.643535614, 58.2820854187, 58.9206352234, 59.5591812134, 60.1977310181, 60.8362808228, 61.4748306274, 62.1017684937, 62.7403144836, 63.3788642883, 64.0174102783, 64.655960083, 65.3061218262, 65.9446716309, 66.5832214355, 67.2217712402, 67.8603134155, 68.4988632202, 69.1490249634, 69.7875747681, 70.4261245728, 71.064666748, 71.7032165527, 72.3417663574, 72.9803161621, 73.6188659668, 74.2574157715, 74.8843536377, 75.5229034424, 76.1614532471, 76.8116073608, 77.4501571655, 78.0887069702, 78.7156448364, 79.3541946411, 79.9927444458, 80.6312942505, 81.2698364258, 81.9083862305, 82.5585479736, 83.1970977783, 83.8240356445, 84.4625854492, 85.1011352539, 85.7512893677, 86.3782272339, 87.0283889771, 87.6669387817, 88.3054885864, 88.9324264526, 89.5825805664, 90.2211303711, 90.8596801758, 91.486618042, 92.1367797852, 92.7753295898, 93.4138793945, 94.0524215698, 94.6909713745, 95.3295211792, 95.9680709839, 96.6066207886, 97.2451705933, 97.895324707, 98.5338745117, 99.1724243164, 99.8109741211, 100.449523926, 101.08807373, 101.715011597, 102.353561401, 102.992103577, 103.630653381, 104.269203186, 104.907752991, 105.557914734, 106.208068848, 106.835006714, 107.473556519, 108.112106323, 108.762268066, 109.389205933, 110.027755737, 110.666305542, 111.304847717, 111.943397522, 112.581947327, 113.220497131, 113.859046936, 114.497596741, 115.136146545, 115.774688721, 116.424850464, 117.05178833, 117.690338135, 118.328887939, 118.967437744, 119.605987549, 120.244529724, 120.883079529, 121.521629333, 122.160179138, 122.810340881, 123.448883057, 124.087432861, 124.737594604, 125.376144409, 126.014694214, 126.653244019, 127.291786194, 127.930335999, 128.568893433, 129.207427979, 129.845977783, 130.484527588, 131.123077393, 131.761627197, 132.400177002, 133.050338745, 133.68888855, 134.327438354, 134.965988159, 135.604537964, 136.23147583, 136.881637573, 137.520172119, 138.158721924, 138.797271729, 139.435821533, 140.074371338, 140.712921143, 141.339859009, 141.990020752, 142.628570557, 143.267120361, 143.894058228, 144.544219971, 145.171157837, 145.82131958, 146.459854126, 147.098403931, 147.736953735, 148.37550354, 149.014053345, 149.652603149, 150.291152954, 150.929702759, 151.568252563, 152.206802368, 152.845352173, 153.483901978, 154.122451782, 154.761001587, 155.399536133, 156.038085938, 156.676635742, 157.315185547, 157.953735352, 158.592285156, 159.230834961, 159.880996704, 160.519546509, 161.158096313, 161.796646118, 162.435195923, 163.073745728, 163.712280273, 164.350830078, 164.989379883, 165.627929688, 166.278091431, 166.905029297, 167.531967163, 168.158905029, 168.809066772, 169.436004639, 170.086166382, 170.724716187, 171.363265991, 172.001815796, 172.640365601, 173.278915405, 173.917449951, 174.555999756, 175.194549561, 175.833099365, 176.47164917, 177.110198975, 177.748748779, 178.387298584, 179.025848389, 179.664398193, 180.302947998, 180.941497803, 181.580047607, 182.230194092, 182.868743896, 183.507293701, 184.145843506, 184.784393311, 185.422943115, 186.06149292, 186.700042725, 187.338592529, 187.988754272, 188.627304077, 189.265853882, 189.892791748, 190.542938232, 191.169876099, 191.808425903, 192.446975708, 193.097137451, 193.735687256, 194.374237061, 195.001174927, 195.639724731, 196.278274536, 196.928436279, 197.566986084, 198.205535889, 198.844070435, 199.482620239, 200.121170044, 200.759719849, 201.386657715, 202.036819458, 202.675369263, 203.313919067, 203.952468872, 204.591018677, 205.229568481, 205.868118286, 206.495056152, 207.133605957, 207.760543823, 208.387481689, 209.014419556, 209.676193237, 210.33795166, 211.01133728, 211.649887085, 212.276824951, 212.926986694, 213.553924561, 214.192474365, 214.831008911, 215.469558716, 216.108108521, 216.758270264, 217.408432007, 218.035369873, 218.662307739, 219.289245605, 219.939407349, 220.577957153, 221.216506958, 221.855056763, 222.493606567, 223.132156372, 223.770706177, 224.409240723, 225.047790527, 225.686340332, 226.324890137, 226.963439941, 227.601989746, 228.240539551, 228.879089355, 229.506027222, 230.156188965, 230.79473877, 231.433288574, 232.071838379, 232.710388184, 233.348922729, 233.987472534, 234.626022339, 235.264572144, 235.914733887, 236.541671753, 237.180221558, 237.818771362, 238.457321167, 239.095870972, 239.722808838, 240.372970581, 241.011520386, 241.65007019, 242.288604736, 242.927154541, 243.577316284, 244.215866089, 244.854415894, 245.492965698, 246.131515503, 246.770065308, 247.408615112, 248.047164917, 248.685714722, 249.324264526, 249.962814331, 250.601348877, 251.239898682, 251.878448486, 252.516998291, 253.167160034, 253.817321777, 254.444259644, 255.082809448, 255.721359253, 256.359893799, 256.998443604, 257.636993408, 258.275543213, 258.914093018, 259.552642822, 260.179595947, 260.829742432, 261.456695557, 262.106842041, 262.733795166, 263.372344971, 264.010864258, 264.66104126, 265.299591064, 265.938140869, 266.576690674, 267.215240479, 267.853790283, 268.492340088, 269.119262695, 269.7578125, 270.396362305, 271.046539307, 271.708282471, 272.358459473, 273.008605957, 273.635559082, 274.262481689, 274.901031494, 275.539581299, 276.178131104, 276.816680908, 277.455230713, 278.093780518, 278.732330322, 279.370880127, 280.009429932, 280.647979736, 281.286529541, 281.925079346, 282.56362915, 283.202178955, 283.84072876, 284.479278564, 285.117828369, 285.756378174, 286.394927979, 287.033477783, 287.672027588, 288.310546875, 288.94909668, 289.587646484, 290.226196289, 290.864746094, 291.503295898, 292.141845703, 292.780395508, 293.418945313, 294.057495117, 294.696044922, 295.334594727, 295.973144531, 296.611694336, 297.250244141, 297.888793945, 298.52734375, 299.165893555, 299.792816162, 300.442993164, 301.081542969, 301.720092773, 302.358642578, 302.997192383]
