
metadata:
    version:
        essentia: "2.1-beta2"
    audio_properties:
        analysis_sample_rate: 44100
        bitrate: 128
        channels: 2
        equal_loudness: 1
        length: 272.770599365
        replay_gain: -13.2374229431
        downmix: "mix"
    tags:
        album: "Lest We Forget: The Best Of"
        artist: "Marilyn Manson"
        comment: ""
        date: "2004"
        genre: "Metal"
        title: "Lunchbox"
        tracknumber: "10"

configuration:
    average_loudness:
        compute: 1
        frameSize: 88200
        hopSize: 44100
        silentFrames: "noise"
        windowType: "hann"
    general:
        analysisSampleRate: 44100
        endTime: 2000
        equalLoudness: 1
        nequalLoudness: 0
        shortSound: 0
        startTime: 0
    lowlevel:
        compute: 1
        frameSize: 2048
        hopSize: 1024
        zeroPadding: 0
        silentFrames: "noise"
        windowType: "blackmanharris62"
        mfccStats: ["mean", "cov", "icov"]
        stats: ["mean", "var", "median", "min", "max", "dmean", "dmean2", "dvar", "dvar2"]
    panning:
        compute: 0
        frameSize: 8192
        hopSize: 2048
        zeroPadding: 8192
        silentFrames: "noise"
        windowType: "hann"
        stats: ["copy"]
    rhythm:
        compute: 1
        maxTempo: 208
        minTempo: 40
        method: "degara"
        stats: ["mean", "var", "median", "min", "max", "dmean", "dmean2", "dvar", "dvar2"]
    segmentation:
        compute: 0
        cpw: 5
        inc1: 300
        inc2: 50
        minimumSegmentsLength: 10
        size1: 1000
        size2: 600
    sfx:
        compute: 1
        stats: ["mean", "var", "median", "min", "max", "dmean", "dmean2", "dvar", "dvar2"]
    svm:
        compute: 0
    tonal:
        compute: 1
        frameSize: 4096
        hopSize: 2048
        zeroPadding: 0
        silentFrames: "noise"
        windowType: "blackmanharris62"
        stats: ["mean", "var", "median", "min", "max", "dmean", "dmean2", "dvar", "dvar2"]

lowlevel:
    average_loudness: 0.887371003628
    barkbands_kurtosis:
        dmean: 0.694626569748
        dmean2: 1.14043045044
        dvar: 2.83063817024
        dvar2: 7.30682563782
        max: 114.048339844
        mean: -0.345214545727
        median: -1.0869679451
        min: -1.90795230865
        var: 11.8435440063
    barkbands_skewness:
        dmean: 0.351255595684
        dmean2: 0.556223571301
        dvar: 0.146223410964
        dvar2: 0.345981180668
        max: 5.6968164444
        mean: -0.0967959910631
        median: -0.165090605617
        min: -10.6544914246
        var: 0.827780544758
    barkbands_spread:
        dmean: 4.88745307922
        dmean2: 7.88402843475
        dvar: 25.7813243866
        dvar2: 66.713760376
        max: 89.6191329956
        mean: 30.8600730896
        median: 31.2009010315
        min: 0.831306636333
        var: 95.6838684082
    dissonance:
        dmean: 0.0093195438385
        dmean2: 0.0158591903746
        dvar: 9.50404719333e-005
        dvar2: 0.000264068483375
        max: 0.500000119209
        mean: 0.483324795961
        median: 0.486335813999
        min: 0.309030592442
        var: 0.000165997960721
    hfc:
        dmean: 2.32395648956
        dmean2: 3.580483675
        dvar: 9.641497612
        dvar2: 20.5238761902
        max: 48.4624786377
        mean: 8.59841060638
        median: 7.41016864777
        min: 1.19176582767e-016
        var: 44.6005744934
    pitch:
        dmean: 953.824462891
        dmean2: 1824.32006836
        dvar: 1785148.25
        dvar2: 4295574.5
        max: 11417.1367188
        mean: 1476.31323242
        median: 412.049865723
        min: 68.5917739868
        var: 2661048.75
    pitch_instantaneous_confidence:
        dmean: 0.0722258985043
        dmean2: 0.11904617399
        dvar: 0.00408458570018
        dvar2: 0.0106372572482
        max: 0.979904413223
        mean: 0.335297048092
        median: 0.308865606785
        min: 0.117249369621
        var: 0.0149923488498
    pitch_salience:
        dmean: 0.0499489568174
        dmean2: 0.0838202312589
        dvar: 0.00208521354944
        dvar2: 0.00568992458284
        max: 0.897831141949
        mean: 0.695621550083
        median: 0.715560436249
        min: 0.161636278033
        var: 0.00762116489932
    silence_rate_20dB:
        dmean: 0
        dmean2: 0
        dvar: 0
        dvar2: 0
        max: 1
        mean: 1
        median: 1
        min: 1
        var: 0
    silence_rate_30dB:
        dmean: 0
        dmean2: 0
        dvar: 0
        dvar2: 0
        max: 1
        mean: 1
        median: 1
        min: 1
        var: 0
    silence_rate_60dB:
        dmean: 0.0835886970162
        dmean2: 0.167191624641
        dvar: 0.0765888020396
        dvar2: 0.159671187401
        max: 1
        mean: 0.344369739294
        median: 0
        min: 0
        var: 0.225775241852
    spectral_centroid:
        dmean: 244.205200195
        dmean2: 388.090362549
        dvar: 73620.796875
        dvar2: 159838.25
        max: 10881.6933594
        mean: 1801.1081543
        median: 1822.54833984
        min: 195.413101196
        var: 499823.59375
    spectral_complexity:
        dmean: 3.9145386219
        dmean2: 5.99114656448
        dvar: 17.5686969757
        dvar2: 36.2505912781
        max: 51
        mean: 18.3476886749
        median: 18
        min: 0
        var: 135.702392578
    spectral_crest:
        dmean: 1.56587219238
        dmean2: 2.60468769073
        dvar: 2.36608862877
        dvar2: 6.28749227524
        max: 26.5509567261
        mean: 6.22132158279
        median: 5.33858680725
        min: 2.19726538658
        var: 9.27613067627
    spectral_decrease:
        dmean: 2.43936065791e-010
        dmean2: 3.82840592561e-010
        dvar: 8.83582245737e-020
        dvar2: 2.10604785148e-019
        max: 5.89140104243e-029
        mean: -9.99641702748e-010
        median: -9.53373380241e-010
        min: -3.97602573088e-009
        var: 3.65995833095e-019
    spectral_energy:
        dmean: 0.00110290618613
        dmean2: 0.00172028283123
        dvar: 1.84741304565e-006
        dvar2: 4.25805501436e-006
        max: 0.0188452601433
        mean: 0.0045527680777
        median: 0.00426096050069
        min: 1.05873019565e-020
        var: 8.13536280475e-006
    spectral_energyband_high:
        dmean: 0.000141396725667
        dmean2: 0.000222720118472
        dvar: 4.44647376696e-008
        dvar2: 1.02304340999e-007
        max: 0.00443575205281
        mean: 0.00034085221705
        median: 0.000241557179834
        min: 7.49821453821e-021
        var: 1.21348463722e-007
    spectral_energyband_low:
        dmean: 0.000263266236288
        dmean2: 0.000459729460999
        dvar: 2.59086590404e-007
        dvar2: 7.21391018033e-007
        max: 0.00518731819466
        mean: 0.00034085905645
        median: 0.000202626397368
        min: 8.12381771298e-023
        var: 2.18478731995e-007
    spectral_energyband_middle_high:
        dmean: 0.000750508799683
        dmean2: 0.00115994736552
        dvar: 9.48768047238e-007
        dvar2: 2.13196449295e-006
        max: 0.0155464401469
        mean: 0.00269691995345
        median: 0.00230662780814
        min: 1.44877281458e-021
        var: 4.51353616882e-006
    spectral_energyband_middle_low:
        dmean: 0.000416466471506
        dmean2: 0.000682100304402
        dvar: 2.51059020684e-007
        dvar2: 6.79486731769e-007
        max: 0.00739673664793
        mean: 0.00134133303072
        median: 0.00123476411682
        min: 3.40427635125e-022
        var: 6.78608046201e-007
    spectral_flatness_db:
        dmean: 0.0137779796496
        dmean2: 0.020750368014
        dvar: 0.000183877549716
        dvar2: 0.000402467529057
        max: 0.46478971839
        mean: 0.133754387498
        median: 0.125236436725
        min: 0.0605715364218
        var: 0.00151419115718
    spectral_flux:
        dmean: 0.00623582070693
        dmean2: 0.00918501149863
        dvar: 5.00657806697e-005
        dvar2: 9.15239943424e-005
        max: 0.104176819324
        mean: 0.0385957583785
        median: 0.039899200201
        min: 1.02894616438e-010
        var: 0.000294712750474
    spectral_kurtosis:
        dmean: 1.01174676418
        dmean2: 1.67988336086
        dvar: 1.44654858112
        dvar2: 3.98002171516
        max: 28.5275802612
        mean: 4.18338918686
        median: 3.92134690285
        min: -1.74093687534
        var: 4.43267011642
    spectral_rms:
        dmean: 0.000244024820859
        dmean2: 0.000372765236534
        dvar: 7.33636866812e-008
        dvar2: 1.63093062611e-007
        max: 0.00428784545511
        mean: 0.00197058985941
        median: 0.00203888071701
        min: 3.21388792315e-012
        var: 5.58509270832e-007
    spectral_rolloff:
        dmean: 333.520111084
        dmean2: 548.603881836
        dvar: 248549.28125
        dvar2: 570092.625
        max: 19078.4179688
        mean: 3322.32739258
        median: 3445.3125
        min: 172.265625
        var: 1137039.125
    spectral_skewness:
        dmean: 0.159417912364
        dmean2: 0.25767660141
        dvar: 0.0283029656857
        dvar2: 0.071647785604
        max: 3.5895011425
        mean: 1.49485814571
        median: 1.47297668457
        min: -1.33800601959
        var: 0.118331119418
    spectral_spread:
        dmean: 554801.0625
        dmean2: 762820.1875
        dvar: 459736481792
        dvar2: 771752067072
        max: 39445904
        mean: 4838332.5
        median: 4456603
        min: 1121202.375
        var: 3.96144725197e+012
    spectral_strongpeak:
        dmean: 0.409414470196
        dmean2: 0.721104562283
        dvar: 0.403516858816
        dvar2: 1.09839105606
        max: 7.10778903961
        mean: 0.556189954281
        median: 0.254461616278
        min: 4.68128469322e-009
        var: 0.519942760468
    zerocrossingrate:
        dmean: 0.00759171787649
        dmean2: 0.00915858801454
        dvar: 8.36874824017e-005
        dvar2: 9.44146304391e-005
        max: 0.5009765625
        mean: 0.101332679391
        median: 0.1025390625
        min: 0.01611328125
        var: 0.00102393969428
    barkbands:
        dmean: [4.66211616867e-007, 6.30726281088e-005, 0.000145519457874, 0.000157753529493, 0.000162360855029, 0.000117944189697, 8.57711784192e-005, 6.01190731686e-005, 0.000109243825136, 0.000124931844766, 0.000105707084003, 6.32905212115e-005, 7.28745799279e-005, 8.60444706632e-005, 0.000101364406873, 0.000116525465273, 0.000159802220878, 0.000223048133194, 0.000211859063711, 0.000189092068467, 6.12073927186e-005, 1.84641612577e-005, 3.79661491934e-006, 2.04852267416e-006, 1.47091361669e-006, 6.34282244505e-008, 1.50272838617e-009]
        dmean2: [7.48785794258e-007, 0.000108052052383, 0.000261420849711, 0.000271886267001, 0.000265078037046, 0.000192410530872, 0.000141334458021, 9.8873017123e-005, 0.000178450718522, 0.000203039220651, 0.000173805412487, 0.000103357146145, 0.000120465621876, 0.000143191005918, 0.000165475314134, 0.000192930805497, 0.000263270834694, 0.000366246211343, 0.000343060732121, 0.000312261807267, 9.92983477772e-005, 2.82198798232e-005, 5.80311552767e-006, 3.09711890623e-006, 2.19067987928e-006, 9.54326395686e-008, 2.45150943989e-009]
        dvar: [8.6864499968e-013, 1.57608130991e-008, 9.37346200658e-008, 6.14023392131e-008, 4.40395986345e-008, 4.24791615217e-008, 2.74956324375e-008, 9.10275410604e-009, 3.38827170765e-008, 4.61608351543e-008, 3.69367505471e-008, 1.15326814765e-008, 1.63530771147e-008, 2.41914523968e-008, 3.77458704293e-008, 3.81368394642e-008, 7.91217900087e-008, 8.8873989057e-008, 1.04575541116e-007, 7.33442746537e-008, 9.08338559924e-009, 1.37129030353e-009, 5.06424693847e-011, 1.43026666899e-011, 5.96680213918e-012, 9.71939983195e-015, 8.08859389166e-018]
        dvar2: [2.00798535785e-012, 4.21853307842e-008, 2.66904208956e-007, 1.75395499014e-007, 1.19576597513e-007, 1.12509397354e-007, 7.52150128847e-008, 2.29141594588e-008, 8.99441587876e-008, 1.2217925871e-007, 9.29692660634e-008, 2.97386062442e-008, 4.3184833487e-008, 6.47182787361e-008, 1.03158711795e-007, 1.01489611382e-007, 2.0593651584e-007, 2.32373125186e-007, 2.53515537452e-007, 1.81483883921e-007, 2.22506173486e-008, 3.06811465123e-009, 1.20420298733e-010, 3.0856782407e-011, 1.34612616193e-011, 2.23532994279e-014, 1.98520302988e-017]
        max: [9.24383857637e-006, 0.0011609015055, 0.00311890523881, 0.00335325533524, 0.00322880828753, 0.00533906836063, 0.00396407023072, 0.00240987166762, 0.00333746429533, 0.00402960041538, 0.00617082649842, 0.00282919313759, 0.00232084095478, 0.00288906460628, 0.00562271662056, 0.00512395147234, 0.00770045956597, 0.00548293627799, 0.00715917395428, 0.00497725978494, 0.00225718482397, 0.00155667576473, 0.000261484005023, 0.000225142997806, 6.48829591228e-005, 1.46123511513e-006, 2.56196202031e-008]
        mean: [4.79516074847e-007, 7.11720058462e-005, 0.000151180793182, 0.000226769552683, 0.000376043753931, 0.00021493982058, 0.000160524214152, 9.64955397649e-005, 0.000196549764951, 0.000239723696723, 0.000174809014425, 0.000112343215733, 0.000123631412862, 0.000142643038998, 0.000180661823833, 0.000219752968405, 0.000314970558975, 0.000487765035359, 0.00047160781105, 0.000407904182794, 0.000122855810332, 4.29857100244e-005, 8.38788946567e-006, 4.60036699224e-006, 3.86293504562e-006, 1.13229567944e-007, 1.54818846632e-009]
        median: [1.4367489598e-007, 3.65410342056e-005, 6.87246356392e-005, 0.000110002467409, 0.00029182844446, 0.000141561526107, 0.000104465041659, 6.13311203779e-005, 0.000115725582873, 0.000128611369291, 8.80130537553e-005, 6.78691649227e-005, 6.8974950409e-005, 7.62536437833e-005, 9.2929964012e-005, 0.000122346755234, 0.000192188395886, 0.000358338322258, 0.000346430344507, 0.000286823924398, 8.17178515717e-005, 2.70827058557e-005, 5.01961676491e-006, 2.45611340688e-006, 1.6215388996e-006, 5.46000684665e-008, 4.61834570586e-010]
        min: [7.82605869331e-023, 4.92441560701e-023, 1.03921135663e-023, 8.02920930907e-024, 6.45388626687e-023, 1.17757066476e-022, 7.01786249176e-023, 3.6495674748e-023, 3.76935410999e-023, 2.28444699153e-023, 2.55945557823e-023, 1.44681368799e-022, 6.77599079624e-023, 5.99346223528e-023, 1.39442537217e-022, 2.32629628343e-022, 1.84750895837e-022, 1.78966727866e-022, 3.09027815653e-022, 3.79376739863e-022, 3.63368543286e-022, 6.15462462495e-022, 4.91835412603e-022, 8.53147540659e-022, 1.07088274305e-021, 1.58941997396e-021, 2.32719470134e-021]
        var: [9.05431328871e-013, 1.30931061548e-008, 6.73032900522e-008, 1.00130911562e-007, 1.04533306455e-007, 6.57646168634e-008, 4.14113898728e-008, 1.46479850471e-008, 5.95246376633e-008, 1.00102631961e-007, 7.63723377872e-008, 2.09073398594e-008, 2.86314065789e-008, 4.27127666569e-008, 7.17563963804e-008, 9.26557746084e-008, 1.63967712297e-007, 2.28649554401e-007, 2.51661276707e-007, 1.85017711374e-007, 1.93697733408e-008, 3.04235237003e-009, 1.22813884063e-010, 5.13306029626e-011, 5.42569739137e-011, 2.1171263256e-014, 7.9173914931e-018]
    frequency_bands:
        dmean: [4.66211616867e-007, 6.30726281088e-005, 0.000145519457874, 0.000157753529493, 0.000162360855029, 0.000117944189697, 8.57711784192e-005, 6.01190731686e-005, 0.000109243825136, 0.000124931844766, 0.000105707084003, 6.32905212115e-005, 7.28745799279e-005, 8.60444706632e-005, 0.000101364406873, 0.000116525465273, 0.000159802220878, 0.000223048133194, 0.000211859063711, 0.000189092068467, 6.12073927186e-005, 1.84641612577e-005, 3.79661491934e-006, 2.04852267416e-006, 1.47091361669e-006, 6.34282244505e-008, 1.50272838617e-009, 5.57780870103e-011]
        dmean2: [7.48785794258e-007, 0.000108052052383, 0.000261420849711, 0.000271886267001, 0.000265078037046, 0.000192410530872, 0.000141334458021, 9.8873017123e-005, 0.000178450718522, 0.000203039220651, 0.000173805412487, 0.000103357146145, 0.000120465621876, 0.000143191005918, 0.000165475314134, 0.000192930805497, 0.000263270834694, 0.000366246211343, 0.000343060732121, 0.000312261807267, 9.92983477772e-005, 2.82198798232e-005, 5.80311552767e-006, 3.09711890623e-006, 2.19067987928e-006, 9.54326395686e-008, 2.45150943989e-009, 1.04281971947e-010]
        dvar: [8.6864499968e-013, 1.57608130991e-008, 9.37346200658e-008, 6.14023392131e-008, 4.40395986345e-008, 4.24791615217e-008, 2.74956324375e-008, 9.10275410604e-009, 3.38827170765e-008, 4.61608351543e-008, 3.69367505471e-008, 1.15326814765e-008, 1.63530771147e-008, 2.41914523968e-008, 3.77458704293e-008, 3.81368394642e-008, 7.91217900087e-008, 8.8873989057e-008, 1.04575541116e-007, 7.33442746537e-008, 9.08338559924e-009, 1.37129030353e-009, 5.06424693847e-011, 1.43026666899e-011, 5.96680213918e-012, 9.71939983195e-015, 8.08859389166e-018, 6.76553042491e-021]
        dvar2: [2.00798535785e-012, 4.21853307842e-008, 2.66904208956e-007, 1.75395499014e-007, 1.19576597513e-007, 1.12509397354e-007, 7.52150128847e-008, 2.29141594588e-008, 8.99441587876e-008, 1.2217925871e-007, 9.29692660634e-008, 2.97386062442e-008, 4.3184833487e-008, 6.47182787361e-008, 1.03158711795e-007, 1.01489611382e-007, 2.0593651584e-007, 2.32373125186e-007, 2.53515537452e-007, 1.81483883921e-007, 2.22506173486e-008, 3.06811465123e-009, 1.20420298733e-010, 3.0856782407e-011, 1.34612616193e-011, 2.23532994279e-014, 1.98520302988e-017, 2.16581039058e-020]
        max: [9.24383857637e-006, 0.0011609015055, 0.00311890523881, 0.00335325533524, 0.00322880828753, 0.00533906836063, 0.00396407023072, 0.00240987166762, 0.00333746429533, 0.00402960041538, 0.00617082649842, 0.00282919313759, 0.00232084095478, 0.00288906460628, 0.00562271662056, 0.00512395147234, 0.00770045956597, 0.00548293627799, 0.00715917395428, 0.00497725978494, 0.00225718482397, 0.00155667576473, 0.000261484005023, 0.000225142997806, 6.48829591228e-005, 1.46123511513e-006, 2.56196202031e-008, 9.40377664627e-010]
        mean: [4.79516074847e-007, 7.11720058462e-005, 0.000151180793182, 0.000226769552683, 0.000376043753931, 0.00021493982058, 0.000160524214152, 9.64955397649e-005, 0.000196549764951, 0.000239723696723, 0.000174809014425, 0.000112343215733, 0.000123631412862, 0.000142643038998, 0.000180661823833, 0.000219752968405, 0.000314970558975, 0.000487765035359, 0.00047160781105, 0.000407904182794, 0.000122855810332, 4.29857100244e-005, 8.38788946567e-006, 4.60036699224e-006, 3.86293504562e-006, 1.13229567944e-007, 1.54818846632e-009, 4.34593125376e-011]
        median: [1.4367489598e-007, 3.65410342056e-005, 6.87246356392e-005, 0.000110002467409, 0.00029182844446, 0.000141561526107, 0.000104465041659, 6.13311203779e-005, 0.000115725582873, 0.000128611369291, 8.80130537553e-005, 6.78691649227e-005, 6.8974950409e-005, 7.62536437833e-005, 9.2929964012e-005, 0.000122346755234, 0.000192188395886, 0.000358338322258, 0.000346430344507, 0.000286823924398, 8.17178515717e-005, 2.70827058557e-005, 5.01961676491e-006, 2.45611340688e-006, 1.6215388996e-006, 5.46000684665e-008, 4.61834570586e-010, 1.5004374479e-011]
        min: [7.82605869331e-023, 4.92441560701e-023, 1.03921135663e-023, 8.02920930907e-024, 6.45388626687e-023, 1.17757066476e-022, 7.01786249176e-023, 3.6495674748e-023, 3.76935410999e-023, 2.28444699153e-023, 2.55945557823e-023, 1.44681368799e-022, 6.77599079624e-023, 5.99346223528e-023, 1.39442537217e-022, 2.32629628343e-022, 1.84750895837e-022, 1.78966727866e-022, 3.09027815653e-022, 3.79376739863e-022, 3.63368543286e-022, 6.15462462495e-022, 4.91835412603e-022, 8.53147540659e-022, 1.07088274305e-021, 1.58941997396e-021, 2.32719470134e-021, 1.05840425095e-021]
        var: [9.05431328871e-013, 1.30931061548e-008, 6.73032900522e-008, 1.00130911562e-007, 1.04533306455e-007, 6.57646168634e-008, 4.14113898728e-008, 1.46479850471e-008, 5.95246376633e-008, 1.00102631961e-007, 7.63723377872e-008, 2.09073398594e-008, 2.86314065789e-008, 4.27127666569e-008, 7.17563963804e-008, 9.26557746084e-008, 1.63967712297e-007, 2.28649554401e-007, 2.51661276707e-007, 1.85017711374e-007, 1.93697733408e-008, 3.04235237003e-009, 1.22813884063e-010, 5.13306029626e-011, 5.42569739137e-011, 2.1171263256e-014, 7.9173914931e-018, 5.49780908931e-021]
    mfcc:
        mean: [-708.273620605, 103.293884277, -53.6035842896, 43.1664085388, -12.777422905, -10.9290647507, 3.24285936356, -2.93866109848, -3.58564662933, -7.43108463287, -6.34538030624, -10.0963363647, -5.70662546158]
        cov: [[6937.17919922, 339.226989746, 6.31978130341, 691.529724121, -314.609313965, 428.572174072, 93.284614563, 164.300842285, 46.9133033752, 78.8136520386, 28.4229106903, -34.7705192566, -51.7188301086], [339.226989746, 771.879150391, 33.6589698792, 134.537246704, -13.5643444061, 25.1137905121, 67.6389923096, 17.7688751221, 8.93846321106, -26.8700332642, -5.85794448853, -52.3001327515, -39.303855896], [6.31978130341, 33.6589698792, 465.930541992, 5.73873138428, 44.7720794678, 62.5477676392, 47.5495147705, -2.46485853195, 15.3730983734, -20.7739009857, 7.1611289978, -2.97092056274, -18.602514267], [691.529724121, 134.537246704, 5.73873138428, 321.223754883, -1.2958728075, 106.533981323, 10.9579219818, 36.310798645, 24.5005779266, 36.9846191406, 18.2524871826, 14.5571975708, 12.2211103439], [-314.609313965, -13.5643444061, 44.7720794678, -1.2958728075, 139.336456299, 4.71811676025, -3.46715426445, -6.1103386879, 22.717206955, 13.8977422714, -3.45824122429, 3.69070672989, 6.72662448883], [428.572174072, 25.1137905121, 62.5477676392, 106.533981323, 4.71811676025, 150.367446899, 36.1010475159, 32.0210609436, 21.687210083, 25.918712616, 21.8845825195, 10.9295310974, -2.69600200653], [93.284614563, 67.6389923096, 47.5495147705, 10.9579219818, -3.46715426445, 36.1010475159, 97.715461731, 35.451915741, -0.504888832569, -3.6197245121, 11.5871839523, 0.0303063467145, -7.08569669724], [164.300842285, 17.7688751221, -2.46485853195, 36.310798645, -6.1103386879, 32.0210609436, 35.451915741, 86.7711105347, 21.0678272247, 17.4654045105, 16.4231681824, 7.10512828827, 2.11451554298], [46.9133033752, 8.93846321106, 15.3730983734, 24.5005779266, 22.717206955, 21.687210083, -0.504888832569, 21.0678272247, 70.1104431152, 32.2470245361, 4.52025127411, 7.2158780098, 8.29589366913], [78.8136520386, -26.8700332642, -20.7739009857, 36.9846191406, 13.8977422714, 25.918712616, -3.6197245121, 17.4654045105, 32.2470245361, 74.5192337036, 31.5869503021, 15.7910737991, 9.89553260803], [28.4229106903, -5.85794448853, 7.1611289978, 18.2524871826, -3.45824122429, 21.8845825195, 11.5871839523, 16.4231681824, 4.52025127411, 31.5869503021, 71.6366958618, 26.0899810791, 3.06159186363], [-34.7705192566, -52.3001327515, -2.97092056274, 14.5571975708, 3.69070672989, 10.9295310974, 0.0303063467145, 7.10512828827, 7.2158780098, 15.7910737991, 26.0899810791, 59.7412338257, 28.4703407288], [-51.7188301086, -39.303855896, -18.602514267, 12.2211103439, 6.72662448883, -2.69600200653, -7.08569669724, 2.11451554298, 8.29589366913, 9.89553260803, 3.06159186363, 28.4703407288, 56.0289573669]]
        icov: [[0.000236725711147, 8.61836724653e-007, 4.26675387644e-006, -0.000360593170626, 0.000547654170077, -0.000426981947385, 2.41557281697e-005, -0.000129080959596, -4.08051964769e-005, -9.6894800663e-005, 0.000153212982696, 0.00018154650752, 0.000143353405292], [8.61836724653e-007, 0.00172513944563, 5.26525909663e-005, -0.00102057971526, 6.48355126032e-005, 0.000580444699153, -0.0013148203725, 0.000382788624847, -0.000840565480758, 0.00101450597867, -0.000598066370003, 0.00144763593562, 0.000532844685949], [4.26675387644e-006, 5.26525909663e-005, 0.00262987264432, 0.000140376898344, -0.000819600652903, -0.00112543883733, -0.00106579298154, 0.000834677892271, -0.00106997054536, 0.00164468970615, -0.000687942665536, -2.62948196905e-005, 0.000680273980834], [-0.000360593170626, -0.00102057971526, 0.000140376898344, 0.00545010110363, -0.000682712125126, -0.00274015916511, 0.00148093339521, -0.000870451098308, 0.000637364806607, -0.00134346133564, 0.000402637582738, -0.00101665826514, -0.00138320517726], [0.000547654170077, 6.48355126032e-005, -0.000819600652903, -0.000682712125126, 0.00931951124221, -0.000811176083516, -1.04793707578e-005, 0.000788957695477, -0.00225391099229, -0.00170568260364, 0.00137577601708, 0.000261514360318, -0.000334286771249], [-0.000426981947385, 0.000580444699153, -0.00112543883733, -0.00274015916511, -0.000811176083516, 0.0117067825049, -0.00313483318314, -0.000495612621307, -0.0012465394102, -0.00125835463405, -0.00106891489122, -0.000896299956366, 0.00144067988731], [2.41557281697e-005, -0.0013148203725, -0.00106579298154, 0.00148093339521, -1.04793707578e-005, -0.00313483318314, 0.0149785382673, -0.00596308428794, 0.0022863089107, 0.0011993853841, -0.000978161115199, -0.000516579311807, 0.00015839120897], [-0.000129080959596, 0.000382788624847, 0.000834677892271, -0.000870451098308, 0.000788957695477, -0.000495612621307, -0.00596308428794, 0.0163034386933, -0.00460987444967, -0.000332775554853, -0.00198898022063, 0.000189002646948, -0.000117636300274], [-4.08051964769e-005, -0.000840565480758, -0.00106997054536, 0.000637364806607, -0.00225391099229, -0.0012465394102, 0.0022863089107, -0.00460987444967, 0.0212527681142, -0.0093095973134, 0.00412589730695, -0.00122046703473, -0.0015557135921], [-9.6894800663e-005, 0.00101450597867, 0.00164468970615, -0.00134346133564, -0.00170568260364, -0.00125835463405, 0.0011993853841, -0.000332775554853, -0.0093095973134, 0.0240363087505, -0.00995436124504, 0.0013159919763, -0.00122171547264], [0.000153212982696, -0.000598066370003, -0.000687942665536, 0.000402637582738, 0.00137577601708, -0.00106891489122, -0.000978161115199, -0.00198898022063, 0.00412589730695, -0.00995436124504, 0.0223337505013, -0.00975832063705, 0.00402577174827], [0.00018154650752, 0.00144763593562, -2.62948196905e-005, -0.00101665826514, 0.000261514360318, -0.000896299956366, -0.000516579311807, 0.000189002646948, -0.00122046703473, 0.0013159919763, -0.00975832063705, 0.0286607258022, -0.012832920067], [0.000143353405292, 0.000532844685949, 0.000680273980834, -0.00138320517726, -0.000334286771249, 0.00144067988731, 0.00015839120897, -0.000117636300274, -0.0015557135921, -0.00122171547264, 0.00402577174827, -0.012832920067, 0.0257625300437]]
    sccoeffs:
        dmean: [0.0496613383293, 0.0429790019989, 0.0362370721996, 0.0292640086263, 0.0211109016091, 0.0190043598413]
        dmean2: [0.0824463665485, 0.0719096213579, 0.0605937205255, 0.0488934367895, 0.0352013520896, 0.0306228678674]
        dvar: [0.00171910075005, 0.00122750608716, 0.000827699201182, 0.000558500527404, 0.000308279821184, 0.000295480364002]
        dvar2: [0.00466446951032, 0.00342247379012, 0.00227623921819, 0.00149937067181, 0.000811934645753, 0.000697751529515]
        max: [-0.384454071522, -0.450164943933, -0.512411296368, -0.519640803337, -0.610652148724, -0.565234482288]
        mean: [-0.655402481556, -0.770027816296, -0.788355231285, -0.79906141758, -0.79432874918, -0.766134262085]
        median: [-0.660713016987, -0.774179160595, -0.791018903255, -0.803250730038, -0.795657157898, -0.766262352467]
        min: [-0.965968430042, -0.963615119457, -0.9659948349, -0.955105125904, -0.960633993149, -0.961708903313]
        var: [0.00528228329495, 0.00298564159311, 0.00239859288558, 0.00179710402153, 0.00098282948602, 0.00107373308856]
    scvalleys:
        dmean: [0.381457090378, 0.333903670311, 0.293398231268, 0.263773858547, 0.237910076976, 0.302055001259]
        dmean2: [0.622051239014, 0.546789646149, 0.47577548027, 0.419849723577, 0.358785808086, 0.402339607477]
        dvar: [0.125766664743, 0.100055679679, 0.0847386866808, 0.0788823887706, 0.0855907201767, 0.119876362383]
        dvar2: [0.290223240852, 0.223573163152, 0.175337553024, 0.151931613684, 0.153437435627, 0.225061625242]
        max: [-5.1957821846, -5.01236963272, -5.15415525436, -5.48588514328, -5.51420450211, -7.46016693115]
        mean: [-7.14314603806, -6.60754299164, -6.69729757309, -6.99811887741, -6.93095541, -9.66293239594]
        median: [-6.82319068909, -6.39682340622, -6.51375102997, -6.81700086594, -6.65989732742, -9.42935466766]
        min: [-27.0614490509, -27.1514549255, -27.0029277802, -27.3447475433, -27.1804428101, -27.1282577515]
        var: [1.88542604446, 0.93558883667, 0.859182655811, 0.727058649063, 0.886245965958, 1.05982577801]

rhythm:
    beats_loudness:
        dmean: 0.00273594842292
        dmean2: 0.00519007677212
        dvar: 4.90192405778e-006
        dvar2: 1.52038292072e-005
        max: 0.0133422911167
        mean: 0.00584603706375
        median: 0.00614235829562
        min: 1.5092801732e-005
        var: 9.72620000539e-006
    bpm: 84.1132278442
    bpm_confidence: 0
    first_peak_bpm: 83
    first_peak_spread: 0.506925225258
    first_peak_weight: 0.45876288414
    onset_rate: 3.05384802818
    second_peak_bpm: 129
    second_peak_spread: 0.399999976158
    second_peak_weight: 0.0231958758086
    beats_loudness_band_ratio:
        dmean: [0.0922621488571, 0.0822897553444, 0.0614095926285, 0.067750044167, 0.102633051574, 0.0916238799691]
        dmean2: [0.160903707147, 0.137475326657, 0.102795928717, 0.117761783302, 0.175925984979, 0.154011100531]
        dvar: [0.00872481893748, 0.00660057924688, 0.00300961942412, 0.00314981699921, 0.00769216613844, 0.0056597776711]
        dvar2: [0.0277149435133, 0.0174467060715, 0.00891124457121, 0.00853466894478, 0.0204878635705, 0.0162900816649]
        max: [0.610832691193, 0.776127159595, 0.638886988163, 0.475946933031, 0.79768550396, 0.738873362541]
        mean: [0.141451388597, 0.151515752077, 0.116008535028, 0.136127114296, 0.267213106155, 0.228823840618]
        median: [0.110226511955, 0.11655472964, 0.101233758032, 0.120922349393, 0.244945019484, 0.223728999496]
        min: [1.22306187222e-006, 2.84255520455e-006, 0.0100610181689, 0.00799080636352, 0.0182590279728, 0.0113209448755]
        var: [0.013879366219, 0.0172186456621, 0.0060192188248, 0.00499228201807, 0.0202146917582, 0.00932823028415]
    beats_position: [0.708208620548, 1.42802715302, 2.14784574509, 2.86766433716, 3.58748292923, 4.29569149017, 5.00390005112, 5.72371864319, 6.44353723526, 7.1517457962, 7.85995435715, 8.56816291809, 9.27637195587, 9.97297000885, 10.6695690155, 11.3661680222, 12.0627660751, 12.7593650818, 13.4559631348, 14.1525621414, 14.8607711792, 15.5689792633, 16.2771873474, 16.99700737, 17.7168254852, 18.4250335693, 19.1332416534, 19.853061676, 20.5728797913, 21.2810878754, 21.9892959595, 22.7091159821, 23.4289340973, 24.1371421814, 24.8453502655, 25.5651702881, 26.2849884033, 26.9931964874, 27.7014045715, 28.4212245941, 29.1410427094, 29.8492507935, 30.5574588776, 31.2772789001, 31.9854869843, 32.6936950684, 33.4135131836, 34.1333312988, 34.8531494141, 35.5613594055, 36.269569397, 36.9777755737, 37.6859855652, 38.4058036804, 39.1256217957, 39.8454399109, 40.5536499023, 41.2734680176, 41.981678009, 42.678276062, 43.3980941772, 44.1179122925, 44.8377304077, 45.5459403992, 46.2541503906, 46.9739685059, 47.6937866211, 48.4019927979, 49.1102027893, 49.8300209045, 50.5498390198, 51.2580490112, 51.9778671265, 52.6976852417, 53.4058952332, 54.1141014099, 54.8223114014, 55.5421295166, 56.2619476318, 56.9817695618, 57.701587677, 58.4214057922, 59.129611969, 59.8262138367, 60.5344200134, 61.2542381287, 61.9740562439, 62.6822662354, 63.3904762268, 64.0986862183, 64.8185043335, 65.5267105103, 66.2465286255, 66.9663467407, 67.686164856, 68.3943786621, 69.1025848389, 69.8107910156, 70.5189971924, 71.2272109985, 71.9354171753, 72.6552352905, 73.3750534058, 74.094871521, 74.8146896362, 75.5345077515, 76.2427215576, 76.9509277344, 77.6707458496, 78.3905639648, 79.098777771, 79.8069839478, 80.5151901245, 81.2233963013, 81.9432220459, 82.6630401611, 83.3712463379, 84.0794525146, 84.7992706299, 85.5190887451, 86.2389068604, 86.9471206665, 87.6553268433, 88.3751449585, 89.0949630737, 89.8031692505, 90.5113830566, 91.2312011719, 91.9510192871, 92.6592254639, 93.36743927, 94.0872573853, 94.8070755005, 95.5152816772, 96.223487854, 96.9317016602, 97.6399078369, 98.3597259521, 99.0795440674, 99.7877502441, 100.49596405, 101.215782166, 101.935600281, 102.655418396, 103.375236511, 104.083442688, 104.791656494, 105.511474609, 106.219680786, 106.939498901, 107.647705078, 108.355918884, 109.075737, 109.783943176, 110.503761292, 111.223579407, 111.931785583, 112.63999939, 113.359817505, 114.068023682, 114.776237488, 115.496055603, 116.215873718, 116.912467957, 117.632286072, 118.340499878, 119.048706055, 119.76852417, 120.488342285, 121.2081604, 121.927978516, 122.624580383, 123.344398499, 124.064216614, 124.784034729, 125.480628967, 126.200454712, 126.920272827, 127.640090942, 128.336685181, 129.056503296, 129.776321411, 130.484527588, 131.192733765, 131.912567139, 132.632385254, 133.352203369, 134.060409546, 134.768615723, 135.488433838, 136.208251953, 136.91645813, 137.624664307, 138.344482422, 139.064300537, 139.772521973, 140.480728149, 141.188934326, 141.908752441, 142.628570557, 143.336776733, 144.04498291, 144.753189087, 145.473007202, 146.192825317, 146.912643433, 147.620864868, 148.329071045, 149.04888916, 149.757095337, 150.476913452, 151.185119629, 151.904937744, 152.613143921, 153.321365356, 154.041183472, 154.749389648, 155.457595825, 156.165802002, 156.885620117, 157.605438232, 158.313644409, 159.033462524, 159.75328064, 160.473098755, 161.181304932, 161.889526367, 162.609344482, 163.329162598, 164.037368774, 164.745574951, 165.465393066, 166.185211182, 166.893417358, 167.601623535, 168.32144165, 169.041259766, 169.749481201, 170.457687378, 171.177505493, 171.897323608, 172.605529785, 173.313735962, 174.033554077, 174.753372192, 175.461578369, 176.169799805, 176.88961792, 177.609436035, 178.317642212, 179.025848389, 179.745666504, 180.453872681, 181.162078857, 181.881896973, 182.601715088, 183.321533203, 184.029754639, 184.737960815, 185.446166992, 186.154373169, 186.874191284, 187.594009399, 188.302215576, 189.010421753, 189.730239868, 190.450057983, 191.158279419, 191.866485596, 192.586303711, 193.306121826, 194.002716064, 194.72253418, 195.430740356, 196.138946533, 196.858764648, 197.578598022, 198.298416138, 199.018234253, 199.72644043, 200.434646606, 201.154464722, 201.874282837, 202.582489014, 203.29069519, 203.998901367, 204.707122803, 205.415328979, 206.123535156, 206.843353271, 207.563171387, 208.282989502, 209.002807617, 209.722625732, 210.442443848, 211.162261963, 211.87046814, 212.578674316, 213.298492432, 214.006713867, 214.714920044, 215.423126221, 216.142944336, 216.851150513, 217.547744751, 218.267562866, 218.987380981, 219.707214355, 220.427032471, 221.146850586, 221.855056763, 222.563262939, 223.283081055, 223.991287231, 224.711105347, 225.430923462, 226.139129639, 226.835739136, 227.555557251, 228.263763428, 228.971969604, 229.69178772, 230.411605835, 231.13142395, 231.851242065, 232.559448242, 233.279266357, 233.987472534, 234.707290649, 235.427108765, 236.14692688, 236.855148315, 237.563354492, 238.271560669, 238.979766846, 239.687973022, 240.396179199, 241.104400635, 241.812606812, 242.532424927, 243.252243042, 243.972061157, 244.691879272, 245.411697388, 246.119903564, 246.828109741, 247.547927856, 248.267745972, 248.987564087, 249.695770264, 250.403991699, 251.112197876, 251.832015991, 252.551834106, 253.260040283, 253.979858398, 254.699676514, 255.40788269, 256.116088867, 256.812683105, 257.520904541, 258.240722656, 258.856048584, 259.471374512, 260.07510376, 260.667205811, 261.259307861, 261.839813232, 262.431915283, 263.024017334, 263.476806641, 263.929595947, 264.394012451, 264.870025635, 265.334411621, 265.798828125, 266.263214111, 266.727600098, 267.192016602, 267.656402588, 268.120819092, 268.585205078, 269.061218262, 269.548828125, 270.036468506, 270.524078369, 271.000091553, 271.476104736, 271.9637146]
