
metadata:
    version:
        essentia: "2.1-beta2"
    audio_properties:
        analysis_sample_rate: 44100
        bitrate: 320
        channels: 2
        equal_loudness: 1
        length: 270.158355713
        replay_gain: -14.7405395508
        downmix: "mix"
    tags:
        album: "Vultures"
        artist: "Axewound"
        comment: ""
        date: "2012"
        genre: "Metalcore"
        title: "Burn Alive"
        tracknumber: "5"

configuration:
    average_loudness:
        compute: 1
        frameSize: 88200
        hopSize: 44100
        silentFrames: "noise"
        windowType: "hann"
    general:
        analysisSampleRate: 44100
        endTime: 2000
        equalLoudness: 1
        nequalLoudness: 0
        shortSound: 0
        startTime: 0
    lowlevel:
        compute: 1
        frameSize: 2048
        hopSize: 1024
        zeroPadding: 0
        silentFrames: "noise"
        windowType: "blackmanharris62"
        mfccStats: ["mean", "cov", "icov"]
        stats: ["mean", "var", "median", "min", "max", "dmean", "dmean2", "dvar", "dvar2"]
    panning:
        compute: 0
        frameSize: 8192
        hopSize: 2048
        zeroPadding: 8192
        silentFrames: "noise"
        windowType: "hann"
        stats: ["copy"]
    rhythm:
        compute: 1
        maxTempo: 208
        minTempo: 40
        method: "degara"
        stats: ["mean", "var", "median", "min", "max", "dmean", "dmean2", "dvar", "dvar2"]
    segmentation:
        compute: 0
        cpw: 5
        inc1: 300
        inc2: 50
        minimumSegmentsLength: 10
        size1: 1000
        size2: 600
    sfx:
        compute: 1
        stats: ["mean", "var", "median", "min", "max", "dmean", "dmean2", "dvar", "dvar2"]
    svm:
        compute: 0
    tonal:
        compute: 1
        frameSize: 4096
        hopSize: 2048
        zeroPadding: 0
        silentFrames: "noise"
        windowType: "blackmanharris62"
        stats: ["mean", "var", "median", "min", "max", "dmean", "dmean2", "dvar", "dvar2"]

lowlevel:
    average_loudness: 0.927436590195
    barkbands_kurtosis:
        dmean: 0.837781488895
        dmean2: 1.39267659187
        dvar: 1.97454345226
        dvar2: 4.90172481537
        max: 47.9913406372
        mean: 0.0886598154902
        median: -0.992803931236
        min: -1.8708126545
        var: 15.3768615723
    barkbands_skewness:
        dmean: 0.406941473484
        dmean2: 0.655233085155
        dvar: 0.139812111855
        dvar2: 0.327320754528
        max: 5.97676134109
        mean: -0.050545565784
        median: -0.304608225822
        min: -3.23371624947
        var: 1.233299613
    barkbands_spread:
        dmean: 7.5194644928
        dmean2: 12.5601387024
        dvar: 55.7742652893
        dvar2: 149.963989258
        max: 82.7384643555
        mean: 33.1522903442
        median: 32.7914962769
        min: 1.27386343479
        var: 152.249771118
    dissonance:
        dmean: 0.0100503014401
        dmean2: 0.0172382704914
        dvar: 0.000109314736619
        dvar2: 0.00030708470149
        max: 0.500000119209
        mean: 0.48440310359
        median: 0.487946391106
        min: 0.360164672136
        var: 0.00019360758597
    hfc:
        dmean: 3.59520673752
        dmean2: 6.03870344162
        dvar: 17.8188552856
        dvar2: 47.052280426
        max: 55.3505973816
        mean: 11.006696701
        median: 10.6140785217
        min: 1.06416885067e-016
        var: 43.1531982422
    pitch:
        dmean: 952.858642578
        dmean2: 1819.69897461
        dvar: 1880302.5
        dvar2: 4546222.5
        max: 4693.52294922
        mean: 1801.51928711
        median: 753.338745117
        min: 53.5378875732
        var: 2799374.75
    pitch_instantaneous_confidence:
        dmean: 0.0770517364144
        dmean2: 0.127369984984
        dvar: 0.00449590105563
        dvar2: 0.0114154694602
        max: 0.857991695404
        mean: 0.343080431223
        median: 0.316159904003
        min: 0.0998977422714
        var: 0.0158790946007
    pitch_salience:
        dmean: 0.0614430755377
        dmean2: 0.104246675968
        dvar: 0.00291537423618
        dvar2: 0.00782808940858
        max: 0.895207762718
        mean: 0.685984909534
        median: 0.704250812531
        min: 0.165260016918
        var: 0.00728559726849
    silence_rate_20dB:
        dmean: 0
        dmean2: 0
        dvar: 0
        dvar2: 0
        max: 1
        mean: 1
        median: 1
        min: 1
        var: 0
    silence_rate_30dB:
        dmean: 0
        dmean2: 0
        dvar: 0
        dvar2: 0
        max: 1
        mean: 1
        median: 1
        min: 1
        var: 0
    silence_rate_60dB:
        dmean: 0.0795874521136
        dmean2: 0.159188583493
        dvar: 0.073264144361
        dvar2: 0.162748575211
        max: 1
        mean: 0.210381567478
        median: 0
        min: 0
        var: 0.166134208441
    spectral_centroid:
        dmean: 290.910339355
        dmean2: 470.643981934
        dvar: 81777.75
        dvar2: 193242.9375
        max: 11449.5566406
        mean: 1944.44116211
        median: 2052.67041016
        min: 198.400482178
        var: 512086.71875
    spectral_complexity:
        dmean: 5.23781681061
        dmean2: 8.37304496765
        dvar: 25.4378795624
        dvar2: 62.2754249573
        max: 54
        mean: 20.5580101013
        median: 22
        min: 0
        var: 114.911865234
    spectral_crest:
        dmean: 1.83257579803
        dmean2: 3.10329222679
        dvar: 3.26305127144
        dvar2: 8.53138923645
        max: 23.7131023407
        mean: 6.76239395142
        median: 5.71496868134
        min: 2.49670147896
        var: 11.0006818771
    spectral_decrease:
        dmean: 3.44520273421e-010
        dmean2: 5.82320580644e-010
        dvar: 1.73130737514e-019
        dvar2: 4.56498335999e-019
        max: 7.49353762604e-029
        mean: -1.16053466837e-009
        median: -1.12997333712e-009
        min: -4.38732428165e-009
        var: 3.69901883345e-019
    spectral_energy:
        dmean: 0.0015847790055
        dmean2: 0.00267352047376
        dvar: 3.58946044798e-006
        dvar2: 9.49132299866e-006
        max: 0.0206159632653
        mean: 0.00537845818326
        median: 0.00526502542198
        min: 1.0302927117e-020
        var: 7.951729458e-006
    spectral_energyband_high:
        dmean: 0.000351078342646
        dmean2: 0.000610593880992
        dvar: 2.05742779258e-007
        dvar2: 5.63979881463e-007
        max: 0.00591679569334
        mean: 0.000707262952346
        median: 0.000625924149062
        min: 6.89390820974e-021
        var: 2.7924889423e-007
    spectral_energyband_low:
        dmean: 0.00039400649257
        dmean2: 0.000708765874151
        dvar: 3.0853416888e-007
        dvar2: 8.36305275698e-007
        max: 0.00506268115714
        mean: 0.000440007803263
        median: 0.000226315634791
        min: 2.56628837585e-023
        var: 3.00645126572e-007
    spectral_energyband_middle_high:
        dmean: 0.000813650665805
        dmean2: 0.00131493655499
        dvar: 8.48986474011e-007
        dvar2: 2.08633582588e-006
        max: 0.014925442636
        mean: 0.00284725939855
        median: 0.00263855722733
        min: 1.52470662157e-021
        var: 3.37997767019e-006
    spectral_energyband_middle_low:
        dmean: 0.000746326812077
        dmean2: 0.00124867178965
        dvar: 1.17034176128e-006
        dvar2: 3.04363925352e-006
        max: 0.0101080341265
        mean: 0.00154356448911
        median: 0.00114739313722
        min: 2.57822362046e-022
        var: 1.73815112703e-006
    spectral_flatness_db:
        dmean: 0.0138087794185
        dmean2: 0.0219844393432
        dvar: 0.000152734981384
        dvar2: 0.00035937136272
        max: 0.374348431826
        mean: 0.140729725361
        median: 0.128860920668
        min: 0.0631693229079
        var: 0.00183689116966
    spectral_flux:
        dmean: 0.00883030053228
        dmean2: 0.0138309272006
        dvar: 8.34642632981e-005
        dvar2: 0.000167652367963
        max: 0.116793386638
        mean: 0.0472810640931
        median: 0.0492015630007
        min: 6.59590160268e-011
        var: 0.000360593403457
    spectral_kurtosis:
        dmean: 1.19582521915
        dmean2: 2.01988124847
        dvar: 3.41403126717
        dvar2: 10.214805603
        max: 64.9866333008
        mean: 3.51084566116
        median: 2.68708610535
        min: -1.24284684658
        var: 20.2857494354
    spectral_rms:
        dmean: 0.000319643877447
        dmean2: 0.000528311007656
        dvar: 1.20484401123e-007
        dvar2: 3.10608896825e-007
        max: 0.00448476709425
        mean: 0.00218911399134
        median: 0.00226640887558
        min: 3.1704315822e-012
        var: 4.55068658312e-007
    spectral_rolloff:
        dmean: 320.771057129
        dmean2: 529.501403809
        dvar: 156406.453125
        dvar2: 344816
        max: 19379.8828125
        mean: 3528.12817383
        median: 3789.84375
        min: 172.265625
        var: 1328592.125
    spectral_skewness:
        dmean: 0.185974553227
        dmean2: 0.309384942055
        dvar: 0.0338993705809
        dvar2: 0.0950884521008
        max: 6.07962942123
        mean: 1.21434891224
        median: 1.14672636986
        min: -0.0610539168119
        var: 0.288421064615
    spectral_spread:
        dmean: 504436.1875
        dmean2: 743141.625
        dvar: 409246793728
        dvar2: 791819911168
        max: 41386276
        mean: 4627986.5
        median: 4500856
        min: 1017580.3125
        var: 3.00589069107e+012
    spectral_strongpeak:
        dmean: 0.496178239584
        dmean2: 0.866599857807
        dvar: 0.497959971428
        dvar2: 1.34238505363
        max: 7.66650676727
        mean: 0.583817064762
        median: 0.272357344627
        min: 4.34998453924e-010
        var: 0.589995861053
    zerocrossingrate:
        dmean: 0.00834480393678
        dmean2: 0.0102703589946
        dvar: 6.6563821747e-005
        dvar2: 8.8350243459e-005
        max: 0.5107421875
        mean: 0.106711529195
        median: 0.11279296875
        min: 0.0107421875
        var: 0.00110514520202
    barkbands:
        dmean: [1.39827750445e-006, 0.000163969220011, 0.000196205088287, 0.000148740873556, 0.000325781322317, 0.000163887554663, 0.000189832600881, 0.000182378207683, 0.000142647448229, 0.000134236150188, 9.3898990599e-005, 9.92351633613e-005, 7.81205599196e-005, 9.09791706363e-005, 8.82254680619e-005, 0.000129279142129, 0.000157891525305, 0.000237391825067, 0.000301124149701, 0.000260565953795, 0.000171607825905, 6.05906025157e-005, 7.43626605981e-006, 3.16541036227e-006, 1.43174486311e-006, 5.4106354952e-008, 6.04910732616e-010]
        dmean2: [2.1902383196e-006, 0.000299572595395, 0.000358242425136, 0.000255662453128, 0.000548797659576, 0.000285809044726, 0.000327388668666, 0.000300032377709, 0.000240986875724, 0.000223900511628, 0.000154082168592, 0.00016521854559, 0.000129051419208, 0.000149049621541, 0.000145780402818, 0.000214797910303, 0.000263191905105, 0.000395792187192, 0.000501423433889, 0.000440321542555, 0.000300587125821, 0.000108101841761, 1.22568417282e-005, 4.94710229759e-006, 2.15299724005e-006, 8.58432116502e-008, 1.0089309388e-009]
        dvar: [4.00177807558e-012, 6.6747531946e-008, 8.78498838119e-008, 5.63678277388e-008, 3.17414475148e-007, 1.18868456411e-007, 1.94328677594e-007, 2.34605820992e-007, 7.50732098709e-008, 5.84449146857e-008, 3.20107496066e-008, 3.93849859393e-008, 2.29401670993e-008, 2.78181495617e-008, 3.37683161433e-008, 3.47873232442e-008, 5.42870566278e-008, 1.19445942914e-007, 1.48045032233e-007, 1.01977121858e-007, 5.10938882314e-008, 9.85041381796e-009, 1.56096524595e-010, 5.54187772062e-011, 7.26582856381e-012, 2.96237677672e-014, 2.46932789553e-018]
        dvar2: [9.21145451582e-012, 1.82405344162e-007, 2.43399114197e-007, 1.49106028857e-007, 8.53185156302e-007, 3.23978355254e-007, 4.96409938933e-007, 5.23021697063e-007, 1.97997707119e-007, 1.56932273399e-007, 7.97865453706e-008, 1.05257690564e-007, 5.9955688414e-008, 7.12579506512e-008, 8.94350122849e-008, 8.88231994622e-008, 1.38920086101e-007, 2.96456335036e-007, 3.8314206563e-007, 2.75482193501e-007, 1.40559805573e-007, 2.75551013118e-008, 3.78277714708e-010, 1.18162743479e-010, 1.52490121225e-011, 7.629891185e-014, 6.33659557577e-018]
        max: [1.66251775227e-005, 0.00175582861993, 0.00322960317135, 0.00438839429989, 0.0059692854993, 0.00512436311692, 0.00623643258587, 0.00688676955178, 0.00407284963876, 0.00355734932236, 0.00289050489664, 0.00293698627502, 0.00292528467253, 0.00255177961662, 0.00703811645508, 0.00361621123739, 0.00608130404726, 0.0056671788916, 0.00772342411801, 0.0068395268172, 0.00241361698136, 0.00157892785501, 0.000274506484857, 0.00021083035972, 7.5853029557e-005, 7.43547298043e-006, 5.31784536406e-008]
        mean: [1.58388775162e-006, 0.000143934783409, 0.000186828270671, 0.000211834718357, 0.000420193333412, 0.000211723643588, 0.000220010217163, 0.000202951909159, 0.000201863818802, 0.000208617246244, 0.000145613157656, 0.000162083175383, 0.000133778783493, 0.000155030225869, 0.000152865643031, 0.000249365897616, 0.000303304201225, 0.000417245697463, 0.000671780377161, 0.000558952102438, 0.000307690439513, 8.78857099451e-005, 1.36851322168e-005, 6.36862569081e-006, 3.17431704389e-006, 9.65430899669e-008, 8.15068512683e-010]
        median: [4.03746099664e-007, 4.95220956509e-005, 8.13253573142e-005, 9.39837045735e-005, 0.000208819110412, 0.000113155241706, 7.9344768892e-005, 5.75594385737e-005, 8.06019525044e-005, 6.98935618857e-005, 5.57116072741e-005, 6.15598837612e-005, 5.05888092448e-005, 8.14878439996e-005, 8.30397329992e-005, 0.000189347993, 0.00023673355463, 0.00028793286765, 0.000584920751862, 0.000499165151268, 0.000259702617768, 5.96316094743e-005, 8.37506195239e-006, 3.98915017286e-006, 1.85928161045e-006, 5.14729592282e-008, 3.87310933325e-010]
        min: [6.5991404678e-025, 3.0609388733e-024, 2.14415214217e-024, 3.22978449209e-024, 1.44388477367e-023, 1.54953328594e-023, 1.83022529992e-023, 1.82022569909e-023, 2.18071194026e-023, 1.73733819051e-023, 3.68358978346e-023, 3.16220163449e-023, 3.32394935895e-023, 5.88991067306e-023, 5.39488341564e-023, 5.14063102153e-023, 9.33352518263e-023, 1.56330256905e-022, 1.41128667448e-022, 2.62859989922e-022, 3.19150175866e-022, 3.58889479418e-022, 4.61909084329e-022, 7.05076960354e-022, 9.45543877614e-022, 1.3794537262e-021, 2.04928705712e-021]
        var: [5.30927298653e-012, 5.41527391817e-008, 7.49347321971e-008, 1.25981472365e-007, 3.54586973117e-007, 1.08047068181e-007, 2.07763505955e-007, 2.742438312e-007, 1.14021716513e-007, 1.15004574752e-007, 6.13596000676e-008, 7.21840649476e-008, 5.05931723183e-008, 4.93531615575e-008, 5.10092306172e-008, 6.62424497477e-008, 9.27360517267e-008, 2.09837480725e-007, 2.90535297154e-007, 1.78975284371e-007, 6.27062419767e-008, 9.11363606804e-009, 2.85916734732e-010, 1.12290551857e-010, 2.07575710093e-011, 3.98594934728e-014, 2.84972923409e-018]
    frequency_bands:
        dmean: [1.39827750445e-006, 0.000163969220011, 0.000196205088287, 0.000148740873556, 0.000325781322317, 0.000163887554663, 0.000189832600881, 0.000182378207683, 0.000142647448229, 0.000134236150188, 9.3898990599e-005, 9.92351633613e-005, 7.81205599196e-005, 9.09791706363e-005, 8.82254680619e-005, 0.000129279142129, 0.000157891525305, 0.000237391825067, 0.000301124149701, 0.000260565953795, 0.000171607825905, 6.05906025157e-005, 7.43626605981e-006, 3.16541036227e-006, 1.43174486311e-006, 5.4106354952e-008, 6.04910732616e-010, 6.56694768009e-011]
        dmean2: [2.1902383196e-006, 0.000299572595395, 0.000358242425136, 0.000255662453128, 0.000548797659576, 0.000285809044726, 0.000327388668666, 0.000300032377709, 0.000240986875724, 0.000223900511628, 0.000154082168592, 0.00016521854559, 0.000129051419208, 0.000149049621541, 0.000145780402818, 0.000214797910303, 0.000263191905105, 0.000395792187192, 0.000501423433889, 0.000440321542555, 0.000300587125821, 0.000108101841761, 1.22568417282e-005, 4.94710229759e-006, 2.15299724005e-006, 8.58432116502e-008, 1.0089309388e-009, 1.22691815041e-010]
        dvar: [4.00177807558e-012, 6.6747531946e-008, 8.78498838119e-008, 5.63678277388e-008, 3.17414475148e-007, 1.18868456411e-007, 1.94328677594e-007, 2.34605820992e-007, 7.50732098709e-008, 5.84449146857e-008, 3.20107496066e-008, 3.93849859393e-008, 2.29401670993e-008, 2.78181495617e-008, 3.37683161433e-008, 3.47873232442e-008, 5.42870566278e-008, 1.19445942914e-007, 1.48045032233e-007, 1.01977121858e-007, 5.10938882314e-008, 9.85041381796e-009, 1.56096524595e-010, 5.54187772062e-011, 7.26582856381e-012, 2.96237677672e-014, 2.46932789553e-018, 9.52776114004e-021]
        dvar2: [9.21145451582e-012, 1.82405344162e-007, 2.43399114197e-007, 1.49106028857e-007, 8.53185156302e-007, 3.23978355254e-007, 4.96409938933e-007, 5.23021697063e-007, 1.97997707119e-007, 1.56932273399e-007, 7.97865453706e-008, 1.05257690564e-007, 5.9955688414e-008, 7.12579506512e-008, 8.94350122849e-008, 8.88231994622e-008, 1.38920086101e-007, 2.96456335036e-007, 3.8314206563e-007, 2.75482193501e-007, 1.40559805573e-007, 2.75551013118e-008, 3.78277714708e-010, 1.18162743479e-010, 1.52490121225e-011, 7.629891185e-014, 6.33659557577e-018, 3.08515621015e-020]
        max: [1.66251775227e-005, 0.00175582861993, 0.00322960317135, 0.00438839429989, 0.0059692854993, 0.00512436311692, 0.00623643258587, 0.00688676955178, 0.00407284963876, 0.00355734932236, 0.00289050489664, 0.00293698627502, 0.00292528467253, 0.00255177961662, 0.00703811645508, 0.00361621123739, 0.00608130404726, 0.0056671788916, 0.00772342411801, 0.0068395268172, 0.00241361698136, 0.00157892785501, 0.000274506484857, 0.00021083035972, 7.5853029557e-005, 7.43547298043e-006, 5.31784536406e-008, 1.60053192921e-009]
        mean: [1.58388775162e-006, 0.000143934783409, 0.000186828270671, 0.000211834718357, 0.000420193333412, 0.000211723643588, 0.000220010217163, 0.000202951909159, 0.000201863818802, 0.000208617246244, 0.000145613157656, 0.000162083175383, 0.000133778783493, 0.000155030225869, 0.000152865643031, 0.000249365897616, 0.000303304201225, 0.000417245697463, 0.000671780377161, 0.000558952102438, 0.000307690439513, 8.78857099451e-005, 1.36851322168e-005, 6.36862569081e-006, 3.17431704389e-006, 9.65430899669e-008, 8.15068512683e-010, 4.96449201193e-011]
        median: [4.03746099664e-007, 4.95220956509e-005, 8.13253573142e-005, 9.39837045735e-005, 0.000208819110412, 0.000113155241706, 7.9344768892e-005, 5.75594385737e-005, 8.06019525044e-005, 6.98935618857e-005, 5.57116072741e-005, 6.15598837612e-005, 5.05888092448e-005, 8.14878439996e-005, 8.30397329992e-005, 0.000189347993, 0.00023673355463, 0.00028793286765, 0.000584920751862, 0.000499165151268, 0.000259702617768, 5.96316094743e-005, 8.37506195239e-006, 3.98915017286e-006, 1.85928161045e-006, 5.14729592282e-008, 3.87310933325e-010, 1.81622321349e-011]
        min: [6.5991404678e-025, 3.0609388733e-024, 2.14415214217e-024, 3.22978449209e-024, 1.44388477367e-023, 1.54953328594e-023, 1.83022529992e-023, 1.82022569909e-023, 2.18071194026e-023, 1.73733819051e-023, 3.68358978346e-023, 3.16220163449e-023, 3.32394935895e-023, 5.88991067306e-023, 5.39488341564e-023, 5.14063102153e-023, 9.33352518263e-023, 1.56330256905e-022, 1.41128667448e-022, 2.62859989922e-022, 3.19150175866e-022, 3.58889479418e-022, 4.61909084329e-022, 7.05076960354e-022, 9.45543877614e-022, 1.3794537262e-021, 2.04928705712e-021, 5.07204795931e-022]
        var: [5.30927298653e-012, 5.41527391817e-008, 7.49347321971e-008, 1.25981472365e-007, 3.54586973117e-007, 1.08047068181e-007, 2.07763505955e-007, 2.742438312e-007, 1.14021716513e-007, 1.15004574752e-007, 6.13596000676e-008, 7.21840649476e-008, 5.05931723183e-008, 4.93531615575e-008, 5.10092306172e-008, 6.62424497477e-008, 9.27360517267e-008, 2.09837480725e-007, 2.90535297154e-007, 1.78975284371e-007, 6.27062419767e-008, 9.11363606804e-009, 2.85916734732e-010, 1.12290551857e-010, 2.07575710093e-011, 3.98594934728e-014, 2.84972923409e-018, 7.09930345663e-021]
    mfcc:
        mean: [-693.962341309, 92.1629714966, -50.3908004761, 55.3931770325, -17.4461231232, -2.70261955261, 2.75807237625, -6.648645401, 0.676429271698, -6.07168149948, -4.56183767319, -5.28179836273, -4.84814548492]
        cov: [[5796.44238281, -382.763183594, -806.992248535, 283.551727295, -448.526733398, 11.4383563995, 57.8496818542, 148.941650391, 131.538146973, 141.099716187, 206.815963745, 117.726829529, 50.3144569397], [-382.763183594, 795.522033691, -173.551589966, 209.608566284, 21.3945026398, 22.1031532288, 43.359790802, -50.9595413208, 48.1172180176, -38.7063865662, 1.03301155567, 2.47574687004, -7.25801181793], [-806.992248535, -173.551589966, 673.97644043, -37.3399124146, 226.077682495, 30.3658332825, -48.1901283264, 8.82827377319, -60.5654983521, -5.06064414978, -76.4254379272, -13.781414032, 9.96626758575], [283.551727295, 209.608566284, -37.3399124146, 446.345825195, 97.0924224854, 77.0678100586, 6.86978387833, -32.0882492065, 116.77848053, 38.1120681763, 39.1047859192, 48.205532074, 42.9948272705], [-448.526733398, 21.3945026398, 226.077682495, 97.0924224854, 245.787078857, 73.1767807007, 6.50828123093, -8.79069042206, 16.1129951477, 36.3587150574, -22.8250865936, 8.99115848541, 14.2294950485], [11.4383563995, 22.1031532288, 30.3658332825, 77.0678100586, 73.1767807007, 140.711395264, 73.4702072144, 42.0872459412, 30.2102413177, 13.9038639069, 13.4699335098, 8.5923242569, 8.47192287445], [57.8496818542, 43.359790802, -48.1901283264, 6.86978387833, 6.50828123093, 73.4702072144, 138.873825073, 77.5844192505, 33.1456871033, 8.48498439789, 18.4696502686, 11.4648389816, 2.96982812881], [148.941650391, -50.9595413208, 8.82827377319, -32.0882492065, -8.79069042206, 42.0872459412, 77.5844192505, 130.963775635, 45.0765037537, 25.707075119, 18.0391979218, 7.60731649399, -0.0248671472073], [131.538146973, 48.1172180176, -60.5654983521, 116.77848053, 16.1129951477, 30.2102413177, 33.1456871033, 45.0765037537, 120.772926331, 59.3349304199, 38.1826248169, 25.4080066681, 19.1233959198], [141.099716187, -38.7063865662, -5.06064414978, 38.1120681763, 36.3587150574, 13.9038639069, 8.48498439789, 25.707075119, 59.3349304199, 101.321731567, 57.4485282898, 35.1370353699, 14.8818235397], [206.815963745, 1.03301155567, -76.4254379272, 39.1047859192, -22.8250865936, 13.4699335098, 18.4696502686, 18.0391979218, 38.1826248169, 57.4485282898, 98.2054672241, 54.0215873718, 19.8943595886], [117.726829529, 2.47574687004, -13.781414032, 48.205532074, 8.99115848541, 8.5923242569, 11.4648389816, 7.60731649399, 25.4080066681, 35.1370353699, 54.0215873718, 83.1362533569, 47.938079834], [50.3144569397, -7.25801181793, 9.96626758575, 42.9948272705, 14.2294950485, 8.47192287445, 2.96982812881, -0.0248671472073, 19.1233959198, 14.8818235397, 19.8943595886, 47.938079834, 69.1844024658]]
        icov: [[0.000310443749186, 0.000236097403103, 0.000311077950755, -0.000536542618647, 0.000571819080506, -0.000134036003146, 0.000144139456097, -0.000533971178811, 0.00063165766187, -0.000635129690636, 0.000254209269769, -0.000195207627257, 4.22862058258e-006], [0.000236097403103, 0.00192810164299, 0.000660200312268, -0.00105805287603, -0.000191040118807, 0.000484069925733, -0.000916597957257, 0.000453321641544, -0.000174249275005, 0.000943993101828, -4.77443500131e-005, -0.000332656229148, 0.000701857556123], [0.000311077950755, 0.000660200312268, 0.00330330617726, -0.000477289606351, -0.00238949921913, 8.82938365976e-006, 0.00167165452149, -0.00244293035939, 0.00218813563697, -0.000321685947711, 0.0014248752268, -0.000575999438297, -0.000464719167212], [-0.000536542618647, -0.00105805287603, -0.000477289606351, 0.00571729755029, -0.00213973131031, -0.00193082622718, 0.000927526678424, 0.00336635741405, -0.00635366886854, 0.00309860450216, -0.00132205733098, -0.00080595019972, -0.000538830878213], [0.000571819080506, -0.000191040118807, -0.00238949921913, -0.00213973131031, 0.0110589647666, -0.00434035016224, -0.000544695474673, 0.00158705015201, 0.00176021095831, -0.00738742575049, 0.00537923211232, -0.00192274397705, 0.000406921259128], [-0.000134036003146, 0.000484069925733, 8.82938365976e-006, -0.00193082622718, -0.00434035016224, 0.0139848934487, -0.00642523448914, -0.00150835607201, 0.000715407775715, 0.0023110434413, -0.00343405408785, 0.00291310064495, -0.000923509243876], [0.000144139456097, -0.000916597957257, 0.00167165452149, 0.000927526678424, -0.000544695474673, -0.00642523448914, 0.0159206911922, -0.00802503991872, 6.31375514786e-005, 0.00160817895085, -6.04913839197e-005, -0.0019507787656, 0.000200038746698], [-0.000533971178811, 0.000453321641544, -0.00244293035939, 0.00336635741405, 0.00158705015201, -0.00150835607201, -0.00802503991872, 0.0176908001304, -0.00861321296543, 0.000482761359308, -0.000310192874167, -0.000408242136473, 0.00155392300803], [0.00063165766187, -0.000174249275005, 0.00218813563697, -0.00635366886854, 0.00176021095831, 0.000715407775715, 6.31375514786e-005, -0.00861321296543, 0.0228924751282, -0.0120270010084, 0.00248806434684, 0.00192391057499, -0.00308904214762], [-0.000635129690636, 0.000943993101828, -0.000321685947711, 0.00309860450216, -0.00738742575049, 0.0023110434413, 0.00160817895085, 0.000482761359308, -0.0120270010084, 0.0266726501286, -0.0136496694759, -0.000328699650709, 0.00158900266979], [0.000254209269769, -4.77443500131e-005, 0.0014248752268, -0.00132205733098, 0.00537923211232, -0.00343405408785, -6.04913839197e-005, -0.000310192874167, 0.00248806434684, -0.0136496694759, 0.0273800622672, -0.014883980155, 0.00443131057546], [-0.000195207627257, -0.000332656229148, -0.000575999438297, -0.00080595019972, -0.00192274397705, 0.00291310064495, -0.0019507787656, -0.000408242136473, 0.00192391057499, -0.000328699650709, -0.014883980155, 0.0323942415416, -0.0178139507771], [4.22862058258e-006, 0.000701857556123, -0.000464719167212, -0.000538830878213, 0.000406921259128, -0.000923509243876, 0.000200038746698, 0.00155392300803, -0.00308904214762, 0.00158900266979, 0.00443131057546, -0.0178139507771, 0.0265289880335]]
    sccoeffs:
        dmean: [0.0665569007397, 0.0503224506974, 0.038286883384, 0.0293501131237, 0.0199004914612, 0.0237497836351]
        dmean2: [0.110871098936, 0.0837956666946, 0.0643157884479, 0.0492642149329, 0.0334235578775, 0.0388432703912]
        dvar: [0.00289557361975, 0.001764284214, 0.000941990991123, 0.000565557740629, 0.000269054260571, 0.00049580988707]
        dvar2: [0.00779544655234, 0.00444114208221, 0.00261272396892, 0.00154272699729, 0.000733701628633, 0.00130476884078]
        max: [-0.306212663651, -0.415580898523, -0.557241737843, -0.583785772324, -0.647188782692, -0.465238690376]
        mean: [-0.672178089619, -0.762475013733, -0.797276139259, -0.79953545332, -0.803529977798, -0.724880218506]
        median: [-0.676846265793, -0.771183013916, -0.803067445755, -0.803682208061, -0.805683612823, -0.732044100761]
        min: [-0.967714190483, -0.973765194416, -0.974106252193, -0.976494133472, -0.964345932007, -0.961540102959]
        var: [0.00714689027518, 0.00444012833759, 0.00296409102157, 0.00202493392862, 0.00100863503758, 0.00341534311883]
    scvalleys:
        dmean: [0.430911660194, 0.399740338326, 0.313173979521, 0.250271618366, 0.233710631728, 0.296448111534]
        dmean2: [0.724280655384, 0.66825979948, 0.513890028, 0.40615427494, 0.377570748329, 0.442005217075]
        dvar: [0.141598135233, 0.148376822472, 0.076489418745, 0.05471271649, 0.0579571276903, 0.143663033843]
        dvar2: [0.339018732309, 0.377400368452, 0.176052823663, 0.118895485997, 0.124282374978, 0.315783798695]
        max: [-5.17443752289, -4.48470258713, -4.96244764328, -5.42472219467, -5.45788908005, -7.53760576248]
        mean: [-6.84805440903, -6.59349966049, -6.77948951721, -6.97367620468, -6.71176671982, -9.61563491821]
        median: [-6.56391048431, -6.4700756073, -6.65804576874, -6.79501533508, -6.41141939163, -9.18032169342]
        min: [-28.0401039124, -27.8332920074, -27.8569164276, -27.5524768829, -27.3703556061, -27.3259372711]
        var: [1.57800149918, 1.19255113602, 1.27427077293, 1.23290991783, 1.60219323635, 2.34716653824]

rhythm:
    beats_loudness:
        dmean: 0.00151767791249
        dmean2: 0.00256945029832
        dvar: 2.03657714337e-006
        dvar2: 5.50418508283e-006
        max: 0.0126909706742
        mean: 0.00538579933345
        median: 0.00539806531742
        min: 5.73818592642e-009
        var: 5.58474675927e-006
    bpm: 110.457038879
    bpm_confidence: 0
    first_peak_bpm: 110
    first_peak_spread: 0.542483687401
    first_peak_weight: 0.278884470463
    onset_rate: 3.40170884132
    second_peak_bpm: 115
    second_peak_spread: 0.436781615019
    second_peak_weight: 0.097609564662
    beats_loudness_band_ratio:
        dmean: [0.095759794116, 0.0979938656092, 0.0849637165666, 0.0762642174959, 0.0916268825531, 0.0888323411345]
        dmean2: [0.165303245187, 0.169714614749, 0.147575646639, 0.134406611323, 0.158522665501, 0.152688458562]
        dvar: [0.0106229195371, 0.00914528034627, 0.0104037085548, 0.00781327951699, 0.00763416057453, 0.00617904961109]
        dvar2: [0.0295919105411, 0.0262330118567, 0.0289132781327, 0.0229489412159, 0.022134333849, 0.0169432982802]
        max: [0.921163141727, 0.953366696835, 0.706859588623, 0.714911460876, 0.647015869617, 0.649801850319]
        mean: [0.168189749122, 0.182105943561, 0.122187122703, 0.113713257015, 0.217074349523, 0.262336164713]
        median: [0.122223183513, 0.128558605909, 0.0793238058686, 0.0783318206668, 0.201577186584, 0.259390443563]
        min: [0.000623714004178, 0.00213372893631, 0.00774850323796, 0.00338327768259, 0.00451192818582, 0.000376137846615]
        var: [0.0238810740411, 0.0329833589494, 0.0141302114353, 0.0104100452736, 0.0122555289418, 0.0135488910601]
    beats_position: [0.545668900013, 1.10294783115, 1.64861679077, 2.19428563118, 2.73995471001, 3.28562355042, 3.83129239082, 4.3653512001, 4.91102027893, 5.45668935776, 6.01396799088, 6.5596370697, 7.11691617966, 7.66258478165, 8.20825386047, 8.75392246246, 9.287981987, 9.82204055786, 10.3677091599, 10.9249887466, 11.4706573486, 12.0279359818, 12.5736055374, 13.1192741394, 13.6765527725, 14.2222223282, 14.7678909302, 15.3251695633, 15.8824491501, 16.4397277832, 17.0086174011, 17.5775051117, 18.1347846985, 18.6688423157, 19.2145118713, 19.760181427, 20.3174591064, 20.8631286621, 21.4087982178, 21.9660758972, 22.5117454529, 23.0574150085, 23.6030826569, 24.1487522125, 24.6944217682, 25.2400894165, 25.774148941, 26.3314285278, 26.8770961761, 27.4227657318, 27.9568252563, 28.4908847809, 29.0481624603, 29.6054420471, 30.1743297577, 30.7432193756, 31.3237190247, 31.9042167664, 32.4614944458, 32.9955558777, 33.5528335571, 34.1101112366, 34.6673927307, 35.2130622864, 35.7471199036, 36.2811775208, 36.8268470764, 37.3841247559, 37.94140625, 38.5219039917, 39.0907936096, 39.6596832275, 40.216960907, 40.7742385864, 41.3315200806, 41.8771858215, 42.4228553772, 42.9685249329, 43.5141944885, 44.0482521057, 44.6055335999, 45.1511993408, 45.6968688965, 46.2425384521, 46.7882080078, 47.3454856873, 47.8911552429, 48.4368247986, 48.9708824158, 49.5049438477, 50.0506095886, 50.5962791443, 51.1419487, 51.6876182556, 52.2216758728, 52.7673454285, 53.3130149841, 53.8586845398, 54.4043540955, 54.9384117126, 55.4956893921, 56.0529708862, 56.6102485657, 57.1559181213, 57.701587677, 58.247253418, 58.7929229736, 59.3502044678, 59.9074821472, 60.4647598267, 61.0104293823, 61.5677070618, 62.1249885559, 62.6938781738, 63.2511558533, 63.8084335327, 64.3657150269, 64.9229888916, 65.4802703857, 66.0375518799, 66.5716094971, 67.1056671143, 67.6397247314, 68.1970062256, 68.7426757813, 69.2883453369, 69.8340148926, 70.3796844482, 70.9137420654, 71.4594116211, 72.0050811768, 72.5507507324, 73.0964126587, 73.6536941528, 74.1993637085, 74.7450332642, 75.2790908813, 75.824760437, 76.3704299927, 76.9044876099, 77.461769104, 78.0190429688, 78.5647125244, 79.1219940186, 79.6908798218, 80.2481613159, 80.8170471191, 81.3975524902, 81.9780502319, 82.5469360352, 83.1158294678, 83.6963272095, 84.2652130127, 84.8224945068, 85.3681640625, 85.9138336182, 86.4711074829, 87.0167770386, 87.5624465942, 88.1081161499, 88.6537857056, 89.1994552612, 89.7451248169, 90.2791824341, 90.8132400513, 91.3472976685, 91.8813552856, 92.4386367798, 92.9959182739, 93.5531921387, 94.1104736328, 94.6561431885, 95.2018127441, 95.7590942383, 96.3047637939, 96.8504257202, 97.4077072144, 97.9649887085, 98.5454864502, 99.1259841919, 99.683265686, 100.217323303, 100.762992859, 101.308662415, 101.85433197, 102.376777649, 102.899223328, 103.433288574, 103.955734253, 104.466575623, 105.00063324, 105.546302795, 106.091972351, 106.637641907, 107.183311462, 107.728981018, 108.274642944, 108.8203125, 109.365982056, 109.911651611, 110.457321167, 111.002990723, 111.548660278, 112.082717896, 112.628387451, 113.174057007, 113.731338501, 114.277008057, 114.834281921, 115.368339539, 115.914009094, 116.45967865, 117.005348206, 117.551017761, 118.096687317, 118.642356873, 119.188026428, 119.722084045, 120.27936554, 120.825035095, 121.359092712, 121.904762268, 122.462036133, 123.007705688, 123.553375244, 124.110656738, 124.667930603, 125.20199585, 125.736053467, 126.281723022, 126.827392578, 127.373062134, 127.91872406, 128.476013184, 129.033279419, 129.567337036, 130.101409912, 130.647079468, 131.192733765, 131.73840332, 132.295684814, 132.84135437, 133.375411987, 133.921081543, 134.466751099, 135.024032593, 135.616149902, 136.208251953, 136.788757324, 137.369247437, 137.949752808, 138.507034302, 139.064300537, 139.621582031, 140.178863525, 140.73614502, 141.281814575, 141.827484131, 142.384765625, 142.918823242, 143.464492798, 144.010162354, 144.555831909, 145.101501465, 145.647155762, 146.181228638, 146.715286255, 147.260955811, 147.806625366, 148.352294922, 148.909561157, 149.466842651, 150.024124146, 150.558181763, 151.09223938, 151.637908936, 152.183578491, 152.729248047, 153.274917603, 153.820587158, 154.366256714, 154.900314331, 155.457595825, 156.014877319, 156.560546875, 157.106216431, 157.640274048, 158.185943604, 158.720001221, 159.242446899, 159.764892578, 160.298950195, 160.821395874, 161.343856812, 161.86630249, 162.388748169, 162.911193848, 163.433654785, 163.956100464, 164.478546143, 165.000991821, 165.535049438, 166.045898438, 166.70765686, 167.369430542, 168.019592285, 168.681350708, 169.34312439, 169.993286133, 170.643447876, 171.293609619, 171.955368042, 172.617141724, 173.278915405, 173.940673828, 174.590835571, 175.240997314, 175.879547119, 176.518096924, 177.028930664, 177.539764404, 178.050613403, 178.561447144, 179.072280884, 179.583129883, 180.093963623, 180.604797363, 181.115646362, 181.626480103, 182.137313843, 182.648162842, 183.158996582, 183.658233643, 184.157455444, 184.668289185, 185.179138184, 185.689971924, 186.212417603, 186.73487854, 187.24571228, 187.756546021, 188.26739502, 188.77822876, 189.265853882, 189.776687622, 190.287521362, 190.798370361, 191.309204102, 191.820037842, 192.319274902, 192.818496704, 193.317733765, 193.816955566, 194.327789307, 194.815414429, 195.314651489, 195.813873291, 196.324707031, 196.83555603, 197.346389771, 197.857223511, 198.36807251, 198.87890625, 199.412963867, 199.947021484, 200.481079102, 201.003540039, 201.525985718, 202.048431396, 202.559265137, 203.081726074, 203.615783691, 204.13822937, 204.64906311, 205.171508789, 205.693969727, 206.216415405, 206.750473022, 207.28453064, 207.806976318, 208.329421997, 208.851882935, 209.385940552, 209.90838623, 210.442443848, 210.976501465, 211.498947144, 212.021408081, 212.54385376, 213.066299438, 213.600357056, 214.122802734, 214.645263672, 215.167709351, 215.690155029, 216.224212646, 216.758270264, 217.292327881, 217.826385498, 218.383666992, 218.940948486, 219.49822998, 220.032287598, 220.566345215, 221.100402832, 221.634460449, 222.191741943, 222.760635376, 223.306304932, 223.840362549, 224.374420166, 224.908477783, 225.430923462, 225.953369141, 226.475830078, 227.009887695, 227.532333374, 228.066390991, 228.600448608, 229.122894287, 229.645339966, 230.179412842, 230.701858521, 231.224304199, 231.735137939, 232.269195557, 232.803268433, 233.33732605, 233.871383667, 234.405441284, 234.927886963, 235.46194458, 236.007614136, 236.541671753, 237.07572937, 237.609786987, 238.143844604, 238.666305542, 239.188751221, 239.722808838, 240.268478394, 240.883804321, 241.499130249, 242.114456177, 242.694961548, 243.275466919, 243.832733154, 244.401626587, 244.97052002, 245.400085449, 245.829650879, 246.259231567, 246.677185059, 247.153198242, 247.617584229, 248.081985474, 248.546386719, 249.010787964, 249.475189209, 249.997634888, 250.520080566, 251.054138184, 251.564987183, 252.064208984, 252.563446045, 253.062667847, 253.561904907, 254.061126709, 254.56036377, 255.059585571, 255.558822632, 256.034820557, 256.51083374, 256.998443604, 257.43963623, 257.88079834, 258.310394287, 258.739959717, 259.169525146, 259.599090576, 260.028656006, 260.423400879, 260.818145752, 261.224487305, 261.642456055, 262.060394287, 262.478363037, 262.896331787, 263.279449463, 263.674194336, 264.057312012, 264.452056885, 264.846801758, 265.241546631, 265.636291504, 266.10067749, 266.565063477, 267.02947998, 267.505493164, 267.981506348, 268.457489014, 268.933502197, 269.409515381]
