
metadata:
    version:
        essentia: "2.1-beta2"
    audio_properties:
        analysis_sample_rate: 44100
        bitrate: 128
        channels: 2
        equal_loudness: 1
        length: 216.659591675
        replay_gain: -15.5682210922
        downmix: "mix"
    tags:
        album: "Holy Wood (In the Shadow of the Valley of Death)"
        artist: "Marylin Manson"
        comment: ""
        date: "2000"
        genre: "Metal"
        title: "The Nobodies"
        tracknumber: "10"

configuration:
    average_loudness:
        compute: 1
        frameSize: 88200
        hopSize: 44100
        silentFrames: "noise"
        windowType: "hann"
    general:
        analysisSampleRate: 44100
        endTime: 2000
        equalLoudness: 1
        nequalLoudness: 0
        shortSound: 0
        startTime: 0
    lowlevel:
        compute: 1
        frameSize: 2048
        hopSize: 1024
        zeroPadding: 0
        silentFrames: "noise"
        windowType: "blackmanharris62"
        mfccStats: ["mean", "cov", "icov"]
        stats: ["mean", "var", "median", "min", "max", "dmean", "dmean2", "dvar", "dvar2"]
    panning:
        compute: 0
        frameSize: 8192
        hopSize: 2048
        zeroPadding: 8192
        silentFrames: "noise"
        windowType: "hann"
        stats: ["copy"]
    rhythm:
        compute: 1
        maxTempo: 208
        minTempo: 40
        method: "degara"
        stats: ["mean", "var", "median", "min", "max", "dmean", "dmean2", "dvar", "dvar2"]
    segmentation:
        compute: 0
        cpw: 5
        inc1: 300
        inc2: 50
        minimumSegmentsLength: 10
        size1: 1000
        size2: 600
    sfx:
        compute: 1
        stats: ["mean", "var", "median", "min", "max", "dmean", "dmean2", "dvar", "dvar2"]
    svm:
        compute: 0
    tonal:
        compute: 1
        frameSize: 4096
        hopSize: 2048
        zeroPadding: 0
        silentFrames: "noise"
        windowType: "blackmanharris62"
        stats: ["mean", "var", "median", "min", "max", "dmean", "dmean2", "dvar", "dvar2"]

lowlevel:
    average_loudness: 0.753495693207
    barkbands_kurtosis:
        dmean: 0.948611497879
        dmean2: 1.50201702118
        dvar: 4.46507501602
        dvar2: 10.3252029419
        max: 68.2242507935
        mean: 0.24196614325
        median: -0.613106250763
        min: -1.88461041451
        var: 12.2599658966
    barkbands_skewness:
        dmean: 0.385948300362
        dmean2: 0.588963627815
        dvar: 0.194438144565
        dvar2: 0.405224889517
        max: 6.26604270935
        mean: -0.354160308838
        median: -0.537765264511
        min: -4.84756326675
        var: 1.13513231277
    barkbands_spread:
        dmean: 5.1003704071
        dmean2: 8.04909896851
        dvar: 33.5170822144
        dvar2: 78.1328430176
        max: 75.3197479248
        mean: 29.9234046936
        median: 28.5764884949
        min: 1.08175444603
        var: 129.629150391
    dissonance:
        dmean: 0.0105239804834
        dmean2: 0.0179653614759
        dvar: 0.000162032272783
        dvar2: 0.00047241334687
        max: 0.500000059605
        mean: 0.481598347425
        median: 0.486664414406
        min: 0.211846441031
        var: 0.000335057266057
    hfc:
        dmean: 1.63696014881
        dmean2: 2.55221176147
        dvar: 4.88228607178
        dvar2: 11.7147321701
        max: 42.9006500244
        mean: 8.68515872955
        median: 6.72851991653
        min: 1.08210874379e-016
        var: 60.7151870728
    pitch:
        dmean: 828.525390625
        dmean2: 1582.91101074
        dvar: 1631415.875
        dvar2: 4035021.75
        max: 5211.49707031
        mean: 1391.02954102
        median: 324.415557861
        min: 49.8452720642
        var: 2353208
    pitch_instantaneous_confidence:
        dmean: 0.0719294771552
        dmean2: 0.116676449776
        dvar: 0.0040499875322
        dvar2: 0.00969339348376
        max: 0.969642400742
        mean: 0.372855395079
        median: 0.334791570902
        min: 0.092547416687
        var: 0.0226310901344
    pitch_salience:
        dmean: 0.0533153228462
        dmean2: 0.0867410153151
        dvar: 0.00249787117355
        dvar2: 0.00642871856689
        max: 0.918718159199
        mean: 0.668225944042
        median: 0.687574923038
        min: 0.187057077885
        var: 0.00816980842501
    silence_rate_20dB:
        dmean: 0
        dmean2: 0
        dvar: 0
        dvar2: 0
        max: 1
        mean: 1
        median: 1
        min: 1
        var: 0
    silence_rate_30dB:
        dmean: 0
        dmean2: 0
        dvar: 0
        dvar2: 0
        max: 1
        mean: 1
        median: 1
        min: 1
        var: 0
    silence_rate_60dB:
        dmean: 0.0220769476146
        dmean2: 0.0441586263478
        dvar: 0.021590327844
        dvar2: 0.0501427687705
        max: 1
        mean: 0.494320631027
        median: 0
        min: 0
        var: 0.249978736043
    spectral_centroid:
        dmean: 257.108551025
        dmean2: 391.363677979
        dvar: 118272.289063
        dvar2: 220353.96875
        max: 11744.7763672
        mean: 2102.21948242
        median: 2114.26538086
        min: 62.7936210632
        var: 1311329.5
    spectral_complexity:
        dmean: 2.62801408768
        dmean2: 4.27095413208
        dvar: 8.62235546112
        dvar2: 22.2398204803
        max: 49
        mean: 16.3472995758
        median: 12
        min: 0
        var: 191.171020508
    spectral_crest:
        dmean: 1.70763874054
        dmean2: 2.79876708984
        dvar: 2.9526693821
        dvar2: 7.57537937164
        max: 23.5489044189
        mean: 6.58713912964
        median: 5.90039968491
        min: 2.43359494209
        var: 7.5850481987
    spectral_decrease:
        dmean: 1.64508281997e-010
        dmean2: 2.64515742643e-010
        dvar: 5.57499828827e-020
        dvar2: 1.44512395046e-019
        max: 1.26007974953e-028
        mean: -8.60001625469e-010
        median: -7.97131027852e-010
        min: -3.26126037287e-009
        var: 4.71973024103e-019
    spectral_energy:
        dmean: 0.000734288827516
        dmean2: 0.00117205048446
        dvar: 9.98812879516e-007
        dvar2: 2.5685262699e-006
        max: 0.0160697456449
        mean: 0.004033615347
        median: 0.00364867690951
        min: 9.99053314984e-021
        var: 1.0636837942e-005
    spectral_energyband_high:
        dmean: 0.000125600388856
        dmean2: 0.000196573266294
        dvar: 3.92836696506e-008
        dvar2: 8.88004549893e-008
        max: 0.00395925343037
        mean: 0.000406100676628
        median: 0.00033552228706
        min: 7.04440419023e-021
        var: 1.6563490135e-007
    spectral_energyband_low:
        dmean: 0.000141454467666
        dmean2: 0.000237711326918
        dvar: 8.88741595872e-008
        dvar2: 2.37503201106e-007
        max: 0.00321270991117
        mean: 0.000261634791968
        median: 0.000199541653274
        min: 1.90776906473e-023
        var: 9.61864259352e-008
    spectral_energyband_middle_high:
        dmean: 0.000486589036882
        dmean2: 0.000760200840887
        dvar: 4.52688709629e-007
        dvar2: 1.1078876696e-006
        max: 0.0138832554221
        mean: 0.00253046839498
        median: 0.00140216271393
        min: 1.19759172735e-021
        var: 5.92978494751e-006
    spectral_energyband_middle_low:
        dmean: 0.00043051072862
        dmean2: 0.000704009318724
        dvar: 7.03317311945e-007
        dvar2: 1.8136182689e-006
        max: 0.0097185485065
        mean: 0.000938532641158
        median: 0.000694990972988
        min: 1.4227613821e-022
        var: 1.03496643078e-006
    spectral_flatness_db:
        dmean: 0.0135610261932
        dmean2: 0.0210486482829
        dvar: 0.000198323672521
        dvar2: 0.000456512963865
        max: 0.442132890224
        mean: 0.144697502255
        median: 0.13681140542
        min: 0.0574750639498
        var: 0.00146304117516
    spectral_flux:
        dmean: 0.0055038118735
        dmean2: 0.00848635751754
        dvar: 4.75391789223e-005
        dvar2: 9.84064172371e-005
        max: 0.0944534167647
        mean: 0.0347914174199
        median: 0.038846898824
        min: 6.48528175606e-011
        var: 0.000399314565584
    spectral_kurtosis:
        dmean: 1.10409235954
        dmean2: 1.833075881
        dvar: 6.35105323792
        dvar2: 16.3380451202
        max: 106.06703186
        mean: 3.39515709877
        median: 2.8759496212
        min: -1.27998960018
        var: 19.5596427917
    spectral_rms:
        dmean: 0.000177967347554
        dmean2: 0.000275769387372
        dvar: 4.91654112977e-008
        dvar2: 1.1725808946e-007
        max: 0.00395952025428
        mean: 0.00176214810926
        median: 0.0018867123872
        min: 3.12199636802e-012
        var: 8.30075407521e-007
    spectral_rolloff:
        dmean: 324.795928955
        dmean2: 515.172729492
        dvar: 248461.453125
        dvar2: 480593.0625
        max: 19724.4140625
        mean: 3612.515625
        median: 3596.04492188
        min: 64.599609375
        var: 3083764.75
    spectral_skewness:
        dmean: 0.153996303678
        dmean2: 0.241648614407
        dvar: 0.0516612455249
        dvar2: 0.113150544465
        max: 8.93723678589
        mean: 1.26265227795
        median: 1.23464334011
        min: -0.097024448216
        var: 0.283237278461
    spectral_spread:
        dmean: 459463.3125
        dmean2: 647917
        dvar: 611137880064
        dvar2: 965505056768
        max: 42311984
        mean: 5011072
        median: 4416575
        min: 823505.5
        var: 1.3433989759e+013
    spectral_strongpeak:
        dmean: 0.439374566078
        dmean2: 0.762140333652
        dvar: 0.429891765118
        dvar2: 1.1431709528
        max: 10.383058548
        mean: 0.696631073952
        median: 0.363505423069
        min: 0
        var: 0.681386649609
    zerocrossingrate:
        dmean: 0.00853390619159
        dmean2: 0.0100289722905
        dvar: 0.000108660984552
        dvar2: 0.000115108312457
        max: 0.52880859375
        mean: 0.112810447812
        median: 0.1123046875
        min: 0.00439453125
        var: 0.00243614404462
    barkbands:
        dmean: [2.27109310913e-007, 4.00190074288e-005, 8.26404066174e-005, 0.000127942359541, 0.000215766442125, 9.55817376962e-005, 5.62021159567e-005, 4.93893458042e-005, 7.52089472371e-005, 6.90406159265e-005, 6.17487748968e-005, 3.62528007827e-005, 4.7865221859e-005, 6.62379025016e-005, 9.87274834188e-005, 0.000106961168058, 0.000149567727931, 0.000206127777346, 0.000173086620634, 0.0001285878825, 6.79919176036e-005, 2.42187852564e-005, 6.7657801992e-006, 3.10949667437e-006, 1.39155656598e-006, 6.23489242457e-008, 8.95090723763e-010]
        dmean2: [3.80500182473e-007, 7.04027843312e-005, 0.000141635158798, 0.000214113344555, 0.000375221396098, 0.0001561826939, 9.09655791475e-005, 8.06913594715e-005, 0.000118309646496, 0.000112736342999, 9.60849865805e-005, 5.97862817813e-005, 8.01001879154e-005, 0.000108436004666, 0.000160922543728, 0.000176462024683, 0.000248836149694, 0.00033816989162, 0.000289911229629, 0.000212889790419, 0.000109197688289, 3.79603297915e-005, 9.97226834443e-006, 4.46240983365e-006, 2.00753356694e-006, 9.04019827885e-008, 1.38045430642e-009]
        dvar: [2.34128011032e-013, 1.29518529235e-008, 3.54532510016e-008, 7.19679462691e-008, 3.20265996834e-007, 3.82876024219e-008, 1.04693338443e-008, 9.65350377413e-009, 2.18129567742e-008, 2.56353942518e-008, 2.11557260599e-008, 9.5672856304e-009, 9.23140852649e-009, 1.38183775533e-008, 3.05344798335e-008, 3.02936378205e-008, 6.74905180631e-008, 1.21474826642e-007, 6.45019611056e-008, 3.58222962404e-008, 1.17576188785e-008, 2.34407360189e-009, 3.0588045985e-010, 8.25394683157e-011, 1.99136176299e-011, 3.73246321816e-014, 8.72617891755e-018]
        dvar2: [6.60726898541e-013, 3.60747343109e-008, 9.77548495484e-008, 1.80248818538e-007, 8.93137269031e-007, 9.7006470412e-008, 2.74482943041e-008, 2.36421762168e-008, 5.38046549536e-008, 6.66142980776e-008, 5.02072090569e-008, 2.58582453228e-008, 2.43611353312e-008, 3.29591287596e-008, 7.76400241875e-008, 7.95787968855e-008, 1.90133988553e-007, 3.26409121953e-007, 1.75941423208e-007, 9.64592530295e-008, 2.8332282298e-008, 5.29928367854e-009, 6.2660560074e-010, 1.61570423707e-010, 4.25180099461e-011, 7.85721720976e-014, 1.97307126814e-017]
        max: [5.28664668309e-006, 0.00114984600805, 0.00199571019039, 0.00344169698656, 0.0063965418376, 0.0030331434682, 0.00159601296764, 0.00163081544451, 0.0032128484454, 0.00326385651715, 0.00263416953385, 0.00240953243338, 0.00197151256725, 0.00271220086142, 0.00359236681834, 0.00338908075355, 0.00633677234873, 0.00743739912286, 0.00513216294348, 0.00338000245392, 0.00231758831069, 0.00105755717959, 0.000403250509407, 0.000241241737967, 0.00015337181685, 5.44578369954e-006, 7.30526252823e-008]
        mean: [2.71033655963e-007, 5.00315945828e-005, 0.000140223623021, 0.000174046319444, 0.000263906549662, 0.000146057078382, 9.53859344008e-005, 7.65925142332e-005, 0.000135322698043, 0.000122407145682, 0.000115624985483, 6.5921638452e-005, 9.06255154405e-005, 0.000126062965137, 0.000204175157705, 0.000255793012911, 0.000367386208382, 0.000523084891029, 0.000470559985843, 0.000348497385858, 0.000179026683327, 5.75741978537e-005, 1.5193814761e-005, 6.82120389683e-006, 2.91660148832e-006, 1.05287355723e-007, 9.95257876113e-010]
        median: [7.62771179552e-008, 2.53271518886e-005, 9.27615037654e-005, 8.00137131591e-005, 0.000101317142253, 6.67511776555e-005, 5.00101778016e-005, 3.24330467265e-005, 6.41242804704e-005, 3.71203277609e-005, 1.95828652068e-005, 2.35464194702e-005, 3.92121910409e-005, 6.13090523984e-005, 0.000103437763755, 0.000108690932393, 0.00018473547243, 0.000252082012594, 0.000262941495748, 0.000251779449172, 0.000138471805258, 3.71403075405e-005, 7.17982902643e-006, 3.50607842847e-006, 1.34323136081e-006, 2.38837767341e-008, 1.32732713709e-010]
        min: [7.09320429926e-026, 2.90074804472e-024, 8.48982657213e-025, 8.45719534079e-025, 8.58676830827e-024, 8.10789424006e-024, 6.3119731088e-024, 1.07243194596e-023, 1.53245113413e-023, 1.08619046901e-023, 2.17085985642e-023, 2.02801607914e-023, 3.41560616089e-023, 3.42976747632e-023, 4.14613427316e-023, 6.27839437663e-023, 7.25241986896e-023, 9.21911763217e-023, 1.36094371721e-022, 1.89403610077e-022, 2.37588420615e-022, 3.35978712055e-022, 3.64661770299e-022, 5.37148996638e-022, 8.79188179929e-022, 1.21394126719e-021, 1.98385133533e-021]
        var: [2.9881004897e-013, 9.58344692492e-009, 3.49160949042e-008, 8.8129525011e-008, 2.63357435415e-007, 5.78936116824e-008, 1.84366957257e-008, 1.76588947909e-008, 4.06963316379e-008, 6.49366000971e-008, 6.98244235764e-008, 2.50149270187e-008, 2.27686118848e-008, 3.19588089326e-008, 7.88910483607e-008, 1.14116865291e-007, 2.58468844549e-007, 4.57060338022e-007, 2.65218773166e-007, 1.30128384512e-007, 3.5887531169e-008, 5.81517678455e-009, 8.6745827188e-010, 2.09873604606e-010, 4.33753380435e-011, 7.39646449015e-014, 1.03847901966e-017]
    frequency_bands:
        dmean: [2.27109310913e-007, 4.00190074288e-005, 8.26404066174e-005, 0.000127942359541, 0.000215766442125, 9.55817376962e-005, 5.62021159567e-005, 4.93893458042e-005, 7.52089472371e-005, 6.90406159265e-005, 6.17487748968e-005, 3.62528007827e-005, 4.7865221859e-005, 6.62379025016e-005, 9.87274834188e-005, 0.000106961168058, 0.000149567727931, 0.000206127777346, 0.000173086620634, 0.0001285878825, 6.79919176036e-005, 2.42187852564e-005, 6.7657801992e-006, 3.10949667437e-006, 1.39155656598e-006, 6.23489242457e-008, 8.95090723763e-010, 4.46812586929e-011]
        dmean2: [3.80500182473e-007, 7.04027843312e-005, 0.000141635158798, 0.000214113344555, 0.000375221396098, 0.0001561826939, 9.09655791475e-005, 8.06913594715e-005, 0.000118309646496, 0.000112736342999, 9.60849865805e-005, 5.97862817813e-005, 8.01001879154e-005, 0.000108436004666, 0.000160922543728, 0.000176462024683, 0.000248836149694, 0.00033816989162, 0.000289911229629, 0.000212889790419, 0.000109197688289, 3.79603297915e-005, 9.97226834443e-006, 4.46240983365e-006, 2.00753356694e-006, 9.04019827885e-008, 1.38045430642e-009, 8.28435167688e-011]
        dvar: [2.34128011032e-013, 1.29518529235e-008, 3.54532510016e-008, 7.19679462691e-008, 3.20265996834e-007, 3.82876024219e-008, 1.04693338443e-008, 9.65350377413e-009, 2.18129567742e-008, 2.56353942518e-008, 2.11557260599e-008, 9.5672856304e-009, 9.23140852649e-009, 1.38183775533e-008, 3.05344798335e-008, 3.02936378205e-008, 6.74905180631e-008, 1.21474826642e-007, 6.45019611056e-008, 3.58222962404e-008, 1.17576188785e-008, 2.34407360189e-009, 3.0588045985e-010, 8.25394683157e-011, 1.99136176299e-011, 3.73246321816e-014, 8.72617891755e-018, 6.04778928091e-021]
        dvar2: [6.60726898541e-013, 3.60747343109e-008, 9.77548495484e-008, 1.80248818538e-007, 8.93137269031e-007, 9.7006470412e-008, 2.74482943041e-008, 2.36421762168e-008, 5.38046549536e-008, 6.66142980776e-008, 5.02072090569e-008, 2.58582453228e-008, 2.43611353312e-008, 3.29591287596e-008, 7.76400241875e-008, 7.95787968855e-008, 1.90133988553e-007, 3.26409121953e-007, 1.75941423208e-007, 9.64592530295e-008, 2.8332282298e-008, 5.29928367854e-009, 6.2660560074e-010, 1.61570423707e-010, 4.25180099461e-011, 7.85721720976e-014, 1.97307126814e-017, 1.92524542738e-020]
        max: [5.28664668309e-006, 0.00114984600805, 0.00199571019039, 0.00344169698656, 0.0063965418376, 0.0030331434682, 0.00159601296764, 0.00163081544451, 0.0032128484454, 0.00326385651715, 0.00263416953385, 0.00240953243338, 0.00197151256725, 0.00271220086142, 0.00359236681834, 0.00338908075355, 0.00633677234873, 0.00743739912286, 0.00513216294348, 0.00338000245392, 0.00231758831069, 0.00105755717959, 0.000403250509407, 0.000241241737967, 0.00015337181685, 5.44578369954e-006, 7.30526252823e-008, 1.54134138786e-009]
        mean: [2.71033655963e-007, 5.00315945828e-005, 0.000140223623021, 0.000174046319444, 0.000263906549662, 0.000146057078382, 9.53859344008e-005, 7.65925142332e-005, 0.000135322698043, 0.000122407145682, 0.000115624985483, 6.5921638452e-005, 9.06255154405e-005, 0.000126062965137, 0.000204175157705, 0.000255793012911, 0.000367386208382, 0.000523084891029, 0.000470559985843, 0.000348497385858, 0.000179026683327, 5.75741978537e-005, 1.5193814761e-005, 6.82120389683e-006, 2.91660148832e-006, 1.05287355723e-007, 9.95257876113e-010, 3.51707794832e-011]
        median: [7.62771179552e-008, 2.53271518886e-005, 9.27615037654e-005, 8.00137131591e-005, 0.000101317142253, 6.67511776555e-005, 5.00101778016e-005, 3.24330467265e-005, 6.41242804704e-005, 3.71203277609e-005, 1.95828652068e-005, 2.35464194702e-005, 3.92121910409e-005, 6.13090523984e-005, 0.000103437763755, 0.000108690932393, 0.00018473547243, 0.000252082012594, 0.000262941495748, 0.000251779449172, 0.000138471805258, 3.71403075405e-005, 7.17982902643e-006, 3.50607842847e-006, 1.34323136081e-006, 2.38837767341e-008, 1.32732713709e-010, 8.355772671e-012]
        min: [7.09320429926e-026, 2.90074804472e-024, 8.48982657213e-025, 8.45719534079e-025, 8.58676830827e-024, 8.10789424006e-024, 6.3119731088e-024, 1.07243194596e-023, 1.53245113413e-023, 1.08619046901e-023, 2.17085985642e-023, 2.02801607914e-023, 3.41560616089e-023, 3.42976747632e-023, 4.14613427316e-023, 6.27839437663e-023, 7.25241986896e-023, 9.21911763217e-023, 1.36094371721e-022, 1.89403610077e-022, 2.37588420615e-022, 3.35978712055e-022, 3.64661770299e-022, 5.37148996638e-022, 8.79188179929e-022, 1.21394126719e-021, 1.98385133533e-021, 4.72592760097e-022]
        var: [2.9881004897e-013, 9.58344692492e-009, 3.49160949042e-008, 8.8129525011e-008, 2.63357435415e-007, 5.78936116824e-008, 1.84366957257e-008, 1.76588947909e-008, 4.06963316379e-008, 6.49366000971e-008, 6.98244235764e-008, 2.50149270187e-008, 2.27686118848e-008, 3.19588089326e-008, 7.88910483607e-008, 1.14116865291e-007, 2.58468844549e-007, 4.57060338022e-007, 2.65218773166e-007, 1.30128384512e-007, 3.5887531169e-008, 5.81517678455e-009, 8.6745827188e-010, 2.09873604606e-010, 4.33753380435e-011, 7.39646449015e-014, 1.03847901966e-017, 4.81681487856e-021]
    mfcc:
        mean: [-730.178039551, 80.8748626709, -48.5464401245, 49.6393508911, -10.1894407272, -4.49954223633, -4.13336849213, -5.13581943512, -2.84100627899, -2.74046158791, -4.01129245758, -6.19330310822, -10.1274023056]
        cov: [[9715.56054688, 352.357879639, -1316.39135742, 518.225585938, -89.1099472046, -36.6334457397, 5.59726381302, 171.181869507, 138.475280762, 21.9207286835, -91.0469818115, -51.6258163452, 86.2145385742], [352.357879639, 1044.13452148, -35.1114692688, 129.664138794, 180.052246094, -5.86992263794, 60.9087791443, 3.2371160984, 74.9729232788, 75.6012115479, 27.4112930298, 24.7735271454, 51.4636077881], [-1316.39135742, -35.1114692688, 739.811889648, 41.4691352844, 147.227706909, 84.7379150391, 13.100520134, -10.7714853287, -0.33949264884, 4.85656261444, 13.8838891983, 13.8132095337, 11.9529161453], [518.225585938, 129.664138794, 41.4691352844, 320.05090332, 147.358154297, 64.6857223511, 22.6198329926, 34.3522796631, 48.8845024109, 21.1713371277, 23.3091182709, 21.4166355133, 33.9101219177], [-89.1099472046, 180.052246094, 147.227706909, 147.358154297, 273.688262939, 68.5529632568, 27.7429485321, 20.1939067841, 55.5018234253, 49.5971565247, 21.3992767334, 10.5265512466, 51.010974884], [-36.6334457397, -5.86992263794, 84.7379150391, 64.6857223511, 68.5529632568, 157.911087036, 100.237709045, 68.6193237305, 27.6992912292, 18.4191894531, 23.7951393127, 8.26171398163, 16.1176815033], [5.59726381302, 60.9087791443, 13.100520134, 22.6198329926, 27.7429485321, 100.237709045, 163.711837769, 94.2524032593, 32.4816703796, 10.7711200714, 23.417011261, 5.37970590591, 15.3995704651], [171.181869507, 3.2371160984, -10.7714853287, 34.3522796631, 20.1939067841, 68.6193237305, 94.2524032593, 148.158447266, 61.2949981689, 22.0236911774, 20.6505088806, 7.76322603226, 21.5150527954], [138.475280762, 74.9729232788, -0.33949264884, 48.8845024109, 55.5018234253, 27.6992912292, 32.4816703796, 61.2949981689, 108.548904419, 57.1840858459, 16.5111083984, 13.0511932373, 19.7518901825], [21.9207286835, 75.6012115479, 4.85656261444, 21.1713371277, 49.5971565247, 18.4191894531, 10.7711200714, 22.0236911774, 57.1840858459, 93.4326477051, 40.8331108093, 15.6931400299, 3.91958999634], [-91.0469818115, 27.4112930298, 13.8838891983, 23.3091182709, 21.3992767334, 23.7951393127, 23.417011261, 20.6505088806, 16.5111083984, 40.8331108093, 76.1966629028, 32.6023826599, 3.82500076294], [-51.6258163452, 24.7735271454, 13.8132095337, 21.4166355133, 10.5265512466, 8.26171398163, 5.37970590591, 7.76322603226, 13.0511932373, 15.6931400299, 32.6023826599, 73.1935653687, 28.8036308289], [86.2145385742, 51.4636077881, 11.9529161453, 33.9101219177, 51.010974884, 16.1176815033, 15.3995704651, 21.5150527954, 19.7518901825, 3.91958999634, 3.82500076294, 28.8036308289, 81.6187515259]]
        icov: [[0.000171735227923, -2.92049844575e-005, 0.000290929310722, -0.000356998556526, 0.000157102505909, -5.59356958547e-005, 0.000113654867164, -0.000159264163813, -3.79896687264e-006, -0.000131906374008, 0.000268024246907, 0.000154726949404, -0.000183788171853], [-2.92049844575e-005, 0.00128781900275, 9.48450178839e-005, -0.00022716098465, -0.000755973451305, 0.00104461598676, -0.00128494203091, 0.00073203019565, -0.000255373539403, -0.0006863407325, 0.000149583283928, -0.000182618154213, -0.000232817794313], [0.000290929310722, 9.48450178839e-005, 0.00216805795208, -0.000262716261204, -0.000884249573573, -0.00102105073165, 0.000480714428704, 6.06403700658e-005, 3.92812326027e-005, 0.000261840643361, 0.000340209517162, -0.000216731074033, 0.000110584878712], [-0.000356998556526, -0.00022716098465, -0.000262716261204, 0.00542292697355, -0.00257552275434, -0.00151689141057, 0.00111709686462, -0.00011967694445, -0.00136015750468, 0.00229172757827, -0.00158519751858, -0.00105926103424, 0.000702961406205], [0.000157102505909, -0.000755973451305, -0.000884249573573, -0.00257552275434, 0.00766245555133, -0.00190912256949, 0.000617591023911, 0.00101831543725, -0.00104040279984, -0.00244281860068, 8.26749019325e-005, 0.00240309839137, -0.00376949668862], [-5.59356958547e-005, 0.00104461598676, -0.00102105073165, -0.00151689141057, -0.00190912256949, 0.0136797940359, -0.00758178066462, -0.00126530393027, 0.00140124454629, -0.00170812336728, -0.000145062396768, -0.000263197754975, 0.000278587831417], [0.000113654867164, -0.00128494203091, 0.000480714428704, 0.00111709686462, 0.000617591023911, -0.00758178066462, 0.0147186685354, -0.00633685244247, -4.90504244226e-005, 0.00253330450505, -0.0021971242968, 0.000973895424977, -0.000190309539903], [-0.000159264163813, 0.00073203019565, 6.06403700658e-005, -0.00011967694445, 0.00101831543725, -0.00126530393027, -0.00633685244247, 0.0146591765806, -0.00714679062366, 0.00161590031348, -0.0020774921868, 0.00120459846221, -0.00198348658159], [-3.79896687264e-006, -0.000255373539403, 3.92812326027e-005, -0.00136015750468, -0.00104040279984, 0.00140124454629, -4.90504244226e-005, -0.00714679062366, 0.0199402365834, -0.0115645872429, 0.00495002744719, -0.00169412011746, -0.000913225521799], [-0.000131906374008, -0.0006863407325, 0.000261840643361, 0.00229172757827, -0.00244281860068, -0.00170812336728, 0.00253330450505, 0.00161590031348, -0.0115645872429, 0.023435793817, -0.0110877677798, 0.000587390037253, 0.00252724252641], [0.000268024246907, 0.000149583283928, 0.000340209517162, -0.00158519751858, 8.26749019325e-005, -0.000145062396768, -0.0021971242968, -0.0020774921868, 0.00495002744719, -0.0110877677798, 0.0237449854612, -0.00919554196298, 0.00263741402887], [0.000154726949404, -0.000182618154213, -0.000216731074033, -0.00105926103424, 0.00240309839137, -0.000263197754975, 0.000973895424977, 0.00120459846221, -0.00169412011746, 0.000587390037253, -0.00919554196298, 0.0211612023413, -0.00818286091089], [-0.000183788171853, -0.000232817794313, 0.000110584878712, 0.000702961406205, -0.00376949668862, 0.000278587831417, -0.000190309539903, -0.00198348658159, -0.000913225521799, 0.00252724252641, 0.00263741402887, -0.00818286091089, 0.0180082228035]]
    sccoeffs:
        dmean: [0.0498454011977, 0.0427773781121, 0.0354510955513, 0.0276885516942, 0.0190525092185, 0.018047221005]
        dmean2: [0.0818991735578, 0.0709564387798, 0.0585903413594, 0.0460673645139, 0.0313154384494, 0.0280661992729]
        dvar: [0.00204910058528, 0.00118444871623, 0.000796289823484, 0.000503404589836, 0.000243604023126, 0.000301982450765]
        dvar2: [0.00514617562294, 0.00319271511398, 0.00216819858178, 0.00134623656049, 0.000608534668572, 0.00063573976513]
        max: [-0.337148189545, -0.485958814621, -0.530817091465, -0.638199687004, -0.637653112411, -0.519911408424]
        mean: [-0.657251596451, -0.772194087505, -0.78458660841, -0.790292561054, -0.796473741531, -0.74923479557]
        median: [-0.663178801537, -0.776803612709, -0.787759423256, -0.791060686111, -0.795435547829, -0.746941566467]
        min: [-0.977577924728, -0.978302299976, -0.977369606495, -0.968280315399, -0.968159615993, -0.964232802391]
        var: [0.00688190758228, 0.00386653048918, 0.0033562425524, 0.00208458094858, 0.00138138153125, 0.0019486900419]
    scvalleys:
        dmean: [0.383843868971, 0.36140230298, 0.305083930492, 0.249486207962, 0.207424640656, 0.290410786867]
        dmean2: [0.614744603634, 0.583349227905, 0.491194456816, 0.40107434988, 0.310231268406, 0.369190871716]
        dvar: [0.146038636565, 0.136408761144, 0.101182170212, 0.0794727504253, 0.0852812677622, 0.189270019531]
        dvar2: [0.295991659164, 0.277850985527, 0.201308101416, 0.140409678221, 0.122635260224, 0.258124113083]
        max: [-5.21925401688, -5.03226947784, -5.36068201065, -5.61945009232, -5.5072760582, -7.42105340958]
        mean: [-7.67606163025, -7.18662023544, -7.6150097847, -7.47904729843, -7.29878044128, -9.90203666687]
        median: [-7.00324344635, -6.74132347107, -7.18965625763, -7.07057189941, -6.7289018631, -9.31189727783]
        min: [-27.9698677063, -28.0142803192, -27.8449802399, -27.6877822876, -27.4903316498, -27.4788208008]
        var: [5.17624616623, 4.72625350952, 4.66318750381, 4.89761972427, 5.02258777618, 4.73238515854]

rhythm:
    beats_loudness:
        dmean: 0.00167943781707
        dmean2: 0.00301243504509
        dvar: 2.07384937312e-006
        dvar2: 5.84185272601e-006
        max: 0.0140864402056
        mean: 0.00471982266754
        median: 0.00465691974387
        min: 0
        var: 9.36766628001e-006
    bpm: 150.103027344
    bpm_confidence: 0
    first_peak_bpm: 152
    first_peak_spread: 0.455913960934
    first_peak_weight: 0.472897201777
    onset_rate: 2.08622217178
    second_peak_bpm: 144
    second_peak_spread: 0.241379290819
    second_peak_weight: 0.041121494025
    beats_loudness_band_ratio:
        dmean: [0.182235077024, 0.106270566583, 0.0557452179492, 0.0573071613908, 0.119081646204, 0.130975857377]
        dmean2: [0.303934812546, 0.197176456451, 0.0975942090154, 0.0964647233486, 0.216570079327, 0.221858307719]
        dvar: [0.0396740883589, 0.0194967035204, 0.00395858753473, 0.00404070131481, 0.0121693098918, 0.018226409331]
        dvar2: [0.0855673551559, 0.0553663000464, 0.0107513563707, 0.0102610513568, 0.0337455235422, 0.043579608202]
        max: [0.931156218052, 0.713051080704, 0.438763976097, 0.384987443686, 0.70417124033, 0.895858228207]
        mean: [0.221994653344, 0.107698120177, 0.0812501460314, 0.0825506746769, 0.283994108438, 0.257537901402]
        median: [0.11303319782, 0.0685039162636, 0.0614531040192, 0.0516934394836, 0.277260601521, 0.246031403542]
        min: [0, 0, 0, 0, 0, 0]
        var: [0.0540404133499, 0.0156848635525, 0.00464762561023, 0.00597974751145, 0.0257218647748, 0.020298987627]
    beats_position: [0.452789098024, 0.917188167572, 1.34675729275, 1.75310659409, 2.15945577621, 2.55419492722, 2.94893407822, 3.35528349876, 3.76163268089, 4.15637159348, 4.55111122131, 4.95746040344, 5.36380958557, 5.75854873657, 6.15328788757, 6.5596370697, 6.96598625183, 7.36072540283, 7.75546455383, 8.16181373596, 8.56816291809, 8.96290206909, 9.35764122009, 9.76399040222, 10.1703395844, 10.5650787354, 10.95981884, 11.354557991, 11.7609071732, 12.1672563553, 12.5619955063, 12.9567346573, 13.3630838394, 13.7694330215, 14.1641721725, 14.5589113235, 14.9536504745, 15.3599996567, 15.7663488388, 16.1610889435, 16.5558280945, 16.9621772766, 17.3685264587, 17.7632656097, 18.1580047607, 18.5527439117, 18.9590930939, 19.3538322449, 19.760181427, 20.1665306091, 20.5728797913, 20.9676189423, 21.3623580933, 21.7570972443, 22.1518363953, 22.5581855774, 22.9645347595, 23.3592739105, 23.7540130615, 24.1487522125, 24.5551013947, 24.9614505768, 25.3561897278, 25.7509288788, 26.1572780609, 26.563627243, 26.958366394, 27.353105545, 27.7594547272, 28.1658039093, 28.5605430603, 28.9552822113, 29.3616313934, 29.7679805756, 30.1627197266, 30.5574588776, 30.9638080597, 31.3701572418, 31.7648983002, 32.1596374512, 32.5659866333, 32.9723358154, 33.3670730591, 33.7618141174, 34.1565513611, 34.5629005432, 34.9692497253, 35.3639907837, 35.7587280273, 36.1650772095, 36.5598182678, 36.96616745, 37.3609046936, 37.755645752, 38.1503829956, 38.5567321777, 38.9630813599, 39.3578224182, 39.7525634766, 40.1589126587, 40.5652618408, 40.9599990845, 41.3547401428, 41.7494773865, 42.1558265686, 42.5621757507, 42.9569168091, 43.3632659912, 43.7696151733, 44.1875724792, 44.5939216614, 45.011882782, 45.4182319641, 45.8129692078, 46.2193183899, 46.625667572, 47.0204086304, 47.415145874, 47.8098869324, 48.204624176, 48.6109733582, 49.0057144165, 49.3656234741, 49.7255325317, 50.0738296509, 50.4337387085, 50.7936515808, 51.1535606384, 51.5018577576, 51.8501586914, 52.2332878113, 52.6280250549, 53.0343742371, 53.4291152954, 53.8238525391, 54.2185935974, 54.6133308411, 55.0080718994, 55.4028091431, 55.7975502014, 56.1922874451, 56.5986366272, 57.0049858093, 57.4113349915, 57.8176841736, 58.2124252319, 58.6071662903, 59.0135154724, 59.4198646545, 59.8146018982, 60.2093429565, 60.6156921387, 61.0104293823, 61.4051704407, 61.7999076843, 62.2062568665, 62.6009979248, 62.9957351685, 63.3904762268, 63.7968254089, 64.2031707764, 64.6095199585, 65.0158691406, 65.4106140137, 65.8169631958, 66.2233123779, 66.6180496216, 67.0127868652, 67.4075241089, 67.8022689819, 68.1853942871, 68.5917434692, 68.9864807129, 69.3812255859, 69.7759628296, 70.1707000732, 70.5654373169, 70.9601821899, 71.3549194336, 71.7496566772, 72.1560058594, 72.5623550415, 72.9570999146, 73.3518371582, 73.7465744019, 74.152923584, 74.5592727661, 74.9540100098, 75.3487548828, 75.7551040649, 76.1614532471, 76.5561904907, 76.9509277344, 77.3572769165, 77.7636260986, 78.1583633423, 78.5531082153, 78.9594573975, 79.3658065796, 79.7605438232, 80.1552810669, 80.561630249, 80.9679794312, 81.3627166748, 81.7574615479, 82.1521987915, 82.5585479736, 82.9532852173, 83.3480224609, 83.7543716431, 84.1607208252, 84.5670700073, 84.9618148804, 85.356552124, 85.7512893677, 86.1576385498, 86.5639877319, 86.9587249756, 87.3650741577, 87.7714233398, 88.1661682129, 88.5609054565, 88.9556427002, 89.3619918823, 89.7683410645, 90.1630859375, 90.5578231812, 90.9525604248, 91.3472976685, 91.7536468506, 92.1599960327, 92.5547409058, 92.9610900879, 93.36743927, 93.7621765137, 94.1569137573, 94.551651001, 94.9580001831, 95.3643493652, 95.7590942383, 96.1538314819, 96.5601806641, 96.9665298462, 97.3612670898, 97.7560043335, 98.1507492065, 98.5570983887, 98.9518356323, 99.346572876, 99.7645339966, 100.194099426, 100.612060547, 101.030021667, 101.424758911, 101.819496155, 102.214241028, 102.608978271, 103.015327454, 103.421676636, 103.839637756, 104.245986938, 104.652336121, 105.058685303, 105.476638794, 105.836547852, 106.196456909, 106.556373596, 106.904670715, 107.311019897, 107.71736908, 108.123718262, 108.541679382, 108.959632874, 109.377593994, 109.783943176, 110.190292358, 110.585029602, 110.991378784, 111.397727966, 111.804077148, 112.222038269, 112.628387451, 113.023124695, 113.429473877, 113.82421875, 114.218955994, 114.613693237, 115.008430481, 115.414779663, 115.821128845, 116.215873718, 116.610610962, 117.005348206, 117.400085449, 117.794830322, 118.212783813, 118.630744934, 119.025482178, 119.420227051, 119.814964294, 120.221313477, 120.61605072, 120.999183655, 121.393920898, 121.788658142, 122.195007324, 122.589744568, 122.99609375, 123.390838623, 123.785575867, 124.18031311, 124.575057983, 125.039451599, 125.503852844, 125.968254089, 126.455871582, 126.943489075, 127.454330444, 127.941947937, 128.441177368, 128.94039917, 129.346755981, 129.753097534, 130.159454346, 130.565795898, 130.97215271, 131.378494263, 131.784851074, 132.191192627, 132.597549438, 133.003890991, 133.410247803, 133.793380737, 134.188110352, 134.582855225, 134.977600098, 135.38394165, 135.790298462, 136.185028076, 136.591384888, 136.99772644, 137.404083252, 137.810424805, 138.205169678, 138.599899292, 139.006256104, 139.412597656, 139.818954468, 140.213699341, 140.620040894, 141.026397705, 141.432739258, 141.850692749, 142.268661499, 142.756271362, 143.243896484, 143.731521606, 144.184310913, 144.625488281, 145.078277588, 145.542678833, 145.960632324, 146.390197754, 146.819763184, 147.260955811, 147.702133179, 148.143310547, 148.561264038, 148.96762085, 149.373962402, 149.780319214, 150.175048828, 150.569793701, 150.952926636, 151.34765625, 151.742401123, 152.137145996, 152.53187561, 152.926620483, 153.332962036, 153.739318848, 154.1456604, 154.552017212, 154.946762085, 155.341491699, 155.747848511, 156.154190063, 156.548934937, 156.955276489, 157.361633301, 157.756362915, 158.151107788, 158.5574646, 158.963806152, 159.358551025, 159.75328064, 160.159637451, 160.565979004, 160.960723877, 161.35546875, 161.761810303, 162.168167114, 162.562896729, 162.957641602, 163.352371216, 163.758728027, 164.16506958, 164.559814453, 164.954559326, 165.360900879, 165.76725769, 166.161987305, 166.556732178, 166.96307373, 167.369430542, 167.764175415, 168.158905029, 168.553649902, 168.959991455, 169.366348267, 169.761077881, 170.155822754, 170.550567627, 170.945297241, 171.351654053, 171.757995605, 172.164352417, 172.55909729, 172.953826904, 173.360183716, 173.766525269, 174.161270142, 174.555999756, 174.950744629, 175.35710144, 175.751831055, 176.146575928, 176.55291748, 176.959274292, 177.354003906, 177.748748779, 178.143493652, 178.549835205, 178.956192017, 179.350921631, 179.757278442, 180.163619995, 180.558364868, 180.953109741, 181.359451294, 181.765808105, 182.16053772, 182.555282593, 182.961624146, 183.367980957, 183.762710571, 184.157455444, 184.552200317, 184.95854187, 185.353286743, 185.748016357, 186.154373169, 186.560714722, 186.967071533, 187.361816406, 187.768157959, 188.18611145, 188.6040802, 189.03364563, 189.451599121, 189.869567871, 190.275909424, 190.670654297, 191.06539917, 191.460128784, 191.854873657, 192.24961853, 192.632736206, 193.027481079, 193.422225952, 193.816955566, 194.211700439, 194.606430054, 195.012786865, 195.419128418, 195.813873291, 196.208618164, 196.614959717, 197.021316528, 197.416046143, 197.810791016, 198.217132568, 198.62348938, 199.018234253, 199.424575806, 199.830932617, 200.225662231, 200.620407104, 201.015136719, 201.42149353, 201.827835083, 202.222579956, 202.617324829, 203.012054443, 203.406799316, 203.801544189, 204.196273804, 204.602630615, 205.008972168, 205.403717041, 205.798446655, 206.193191528, 206.587936401, 206.982666016, 207.377410889, 207.772155762, 208.166885376, 208.561630249, 208.956375122, 209.351104736, 209.757461548, 210.163803101, 210.558547974, 210.953277588, 211.359634399, 211.765975952, 212.172332764, 212.578674316, 212.985031128, 213.391372681, 213.809341431, 214.23890686, 214.66847229, 215.132873535, 215.59727478, 216.061676025]
