
metadata:
    version:
        essentia: "2.1-beta2"
    audio_properties:
        analysis_sample_rate: 44100
        bitrate: 128
        channels: 2
        equal_loudness: 1
        length: 226.690612793
        replay_gain: -12.6237392426
        downmix: "mix"
    tags:
        album: "Lest We Forget: The Best Of"
        artist: "Marylin Manson"
        comment: ""
        date: "2004"
        genre: "Other"
        title: "The Dope Show"
        tracknumber: "6"

configuration:
    average_loudness:
        compute: 1
        frameSize: 88200
        hopSize: 44100
        silentFrames: "noise"
        windowType: "hann"
    general:
        analysisSampleRate: 44100
        endTime: 2000
        equalLoudness: 1
        nequalLoudness: 0
        shortSound: 0
        startTime: 0
    lowlevel:
        compute: 1
        frameSize: 2048
        hopSize: 1024
        zeroPadding: 0
        silentFrames: "noise"
        windowType: "blackmanharris62"
        mfccStats: ["mean", "cov", "icov"]
        stats: ["mean", "var", "median", "min", "max", "dmean", "dmean2", "dvar", "dvar2"]
    panning:
        compute: 0
        frameSize: 8192
        hopSize: 2048
        zeroPadding: 8192
        silentFrames: "noise"
        windowType: "hann"
        stats: ["copy"]
    rhythm:
        compute: 1
        maxTempo: 208
        minTempo: 40
        method: "degara"
        stats: ["mean", "var", "median", "min", "max", "dmean", "dmean2", "dvar", "dvar2"]
    segmentation:
        compute: 0
        cpw: 5
        inc1: 300
        inc2: 50
        minimumSegmentsLength: 10
        size1: 1000
        size2: 600
    sfx:
        compute: 1
        stats: ["mean", "var", "median", "min", "max", "dmean", "dmean2", "dvar", "dvar2"]
    svm:
        compute: 0
    tonal:
        compute: 1
        frameSize: 4096
        hopSize: 2048
        zeroPadding: 0
        silentFrames: "noise"
        windowType: "blackmanharris62"
        stats: ["mean", "var", "median", "min", "max", "dmean", "dmean2", "dvar", "dvar2"]

lowlevel:
    average_loudness: 0.722456157207
    barkbands_kurtosis:
        dmean: 1.01731932163
        dmean2: 1.62453937531
        dvar: 8.4341211319
        dvar2: 20.6459445953
        max: 100.911399841
        mean: -0.15869115293
        median: -1.18994808197
        min: -1.96182179451
        var: 14.6433162689
    barkbands_skewness:
        dmean: 0.443359673023
        dmean2: 0.664329349995
        dvar: 0.241052702069
        dvar2: 0.519793272018
        max: 8.18887424469
        mean: -0.253304928541
        median: -0.289790570736
        min: -5.87803792953
        var: 1.02479708195
    barkbands_spread:
        dmean: 6.46006298065
        dmean2: 10.0216341019
        dvar: 48.7196044922
        dvar2: 107.383972168
        max: 88.8891067505
        mean: 38.2398147583
        median: 39.3139648438
        min: 1.1800121069
        var: 178.313659668
    dissonance:
        dmean: 0.00888730958104
        dmean2: 0.0150843011215
        dvar: 0.000115116941743
        dvar2: 0.000316053687129
        max: 0.500000119209
        mean: 0.485614418983
        median: 0.489413231611
        min: 0.333342432976
        var: 0.000207244665944
    hfc:
        dmean: 1.65497255325
        dmean2: 2.43501710892
        dvar: 4.14754343033
        dvar2: 8.4179391861
        max: 43.7371292114
        mean: 7.68638134003
        median: 5.63047885895
        min: 1.16981099837e-016
        var: 43.7915992737
    pitch:
        dmean: 913.025512695
        dmean2: 1730.49536133
        dvar: 1801452.875
        dvar2: 4200699
        max: 5550.86669922
        mean: 2124.84423828
        median: 2646.05712891
        min: 50.8909912109
        var: 3015878.75
    pitch_instantaneous_confidence:
        dmean: 0.0771026313305
        dmean2: 0.125089868903
        dvar: 0.00441201170906
        dvar2: 0.0108447838575
        max: 0.98558318615
        mean: 0.371252417564
        median: 0.343647807837
        min: 0.103911280632
        var: 0.0177369583398
    pitch_salience:
        dmean: 0.0604841820896
        dmean2: 0.0986784994602
        dvar: 0.00355362775736
        dvar2: 0.00924441870302
        max: 0.911749541759
        mean: 0.65047454834
        median: 0.667952895164
        min: 0.164451599121
        var: 0.0087496265769
    silence_rate_20dB:
        dmean: 0
        dmean2: 0
        dvar: 0
        dvar2: 0
        max: 1
        mean: 1
        median: 1
        min: 1
        var: 0
    silence_rate_30dB:
        dmean: 0
        dmean2: 0
        dvar: 0
        dvar2: 0
        max: 1
        mean: 1
        median: 1
        min: 1
        var: 0
    silence_rate_60dB:
        dmean: 0.0524428971112
        dmean2: 0.10489653796
        dvar: 0.0496894158423
        dvar2: 0.108432501554
        max: 1
        mean: 0.555202782154
        median: 1
        min: 0
        var: 0.246946573257
    spectral_centroid:
        dmean: 323.242919922
        dmean2: 474.972839355
        dvar: 119698.601563
        dvar2: 230860.34375
        max: 11159.1474609
        mean: 2030.22290039
        median: 1991.06176758
        min: 167.899368286
        var: 584779.0625
    spectral_complexity:
        dmean: 2.79463291168
        dmean2: 4.43064928055
        dvar: 8.85914230347
        dvar2: 20.0717506409
        max: 48
        mean: 13.8356208801
        median: 10
        min: 0
        var: 126.787063599
    spectral_crest:
        dmean: 1.75532484055
        dmean2: 2.94743251801
        dvar: 3.09584617615
        dvar2: 8.26260471344
        max: 24.2711105347
        mean: 6.57259845734
        median: 5.87467575073
        min: 2.53314423561
        var: 7.33115673065
    spectral_decrease:
        dmean: 2.02730360277e-010
        dmean2: 3.09958253508e-010
        dvar: 9.17260969001e-020
        dvar2: 1.98332927451e-019
        max: 6.52685440535e-029
        mean: -7.99686372677e-010
        median: -5.77952130598e-010
        min: -4.97358421114e-009
        var: 4.25211366702e-019
    spectral_energy:
        dmean: 0.00087339541642
        dmean2: 0.00132100167684
        dvar: 1.52142388288e-006
        dvar2: 3.19242599289e-006
        max: 0.020860042423
        mean: 0.00371538219042
        median: 0.00274283858016
        min: 1.03641942201e-020
        var: 8.95728589967e-006
    spectral_energyband_high:
        dmean: 0.000187139885384
        dmean2: 0.000266382994596
        dvar: 6.27234797435e-008
        dvar2: 1.23798230334e-007
        max: 0.00620357086882
        mean: 0.000575913873035
        median: 0.000387544452678
        min: 7.644076207e-021
        var: 3.77744896696e-007
    spectral_energyband_low:
        dmean: 0.000365897227312
        dmean2: 0.000582888431381
        dvar: 5.77809942115e-007
        dvar2: 1.37610118145e-006
        max: 0.0096316980198
        mean: 0.000549861462787
        median: 0.000353243842255
        min: 1.39624429609e-022
        var: 6.06096421052e-007
    spectral_energyband_middle_high:
        dmean: 0.000391058158129
        dmean2: 0.000618955004029
        dvar: 2.39656799295e-007
        dvar2: 6.10017707459e-007
        max: 0.0122092030942
        mean: 0.00176096591167
        median: 0.00121468689758
        min: 1.37294694901e-021
        var: 2.5732595077e-006
    spectral_energyband_middle_low:
        dmean: 0.000486740842462
        dmean2: 0.000781337614171
        dvar: 8.16852718799e-007
        dvar2: 2.00055228561e-006
        max: 0.0136228678748
        mean: 0.00106666632928
        median: 0.000654129311442
        min: 2.86638201358e-022
        var: 1.51960477979e-006
    spectral_flatness_db:
        dmean: 0.0160357970744
        dmean2: 0.0238477531821
        dvar: 0.000249946053373
        dvar2: 0.000543022586498
        max: 0.364726155996
        mean: 0.13849106431
        median: 0.129130005836
        min: 0.0545326285064
        var: 0.0015268214047
    spectral_flux:
        dmean: 0.00574686564505
        dmean2: 0.00860328692943
        dvar: 4.29760766565e-005
        dvar2: 8.90441588126e-005
        max: 0.119723856449
        mean: 0.0341564714909
        median: 0.0319151431322
        min: 1.01804689678e-010
        var: 0.000278015359072
    spectral_kurtosis:
        dmean: 0.994206130505
        dmean2: 1.60466074944
        dvar: 2.12782645226
        dvar2: 5.85853528976
        max: 51.0356140137
        mean: 2.88129687309
        median: 2.5062494278
        min: -1.2080360651
        var: 6.45594263077
    spectral_rms:
        dmean: 0.000211136168218
        dmean2: 0.000313018506858
        dvar: 5.81391823573e-008
        dvar2: 1.14442677557e-007
        max: 0.00451123714447
        mean: 0.0017422871897
        median: 0.00163583015092
        min: 3.17984419178e-012
        var: 5.89221656355e-007
    spectral_rolloff:
        dmean: 365.113006592
        dmean2: 580.644226074
        dvar: 282426.4375
        dvar2: 613508
        max: 18604.6875
        mean: 3713.72094727
        median: 3789.84375
        min: 129.19921875
        var: 890369.125
    spectral_skewness:
        dmean: 0.16288138926
        dmean2: 0.249585092068
        dvar: 0.0325185209513
        dvar2: 0.0762824416161
        max: 5.59236383438
        mean: 1.15982449055
        median: 1.14465594292
        min: -0.0211120992899
        var: 0.163538247347
    spectral_spread:
        dmean: 722053.4375
        dmean2: 972229.875
        dvar: 719433236480
        dvar2: 1.1990705111e+012
        max: 40093956
        mean: 5246438
        median: 4961720
        min: 1433982.5
        var: 3.18626883174e+012
    spectral_strongpeak:
        dmean: 0.381360322237
        dmean2: 0.668892621994
        dvar: 0.444228321314
        dvar2: 1.16242563725
        max: 7.51154994965
        mean: 0.48874771595
        median: 0.156029298902
        min: 3.6011040816e-009
        var: 0.646668374538
    zerocrossingrate:
        dmean: 0.00999093521386
        dmean2: 0.0113330567256
        dvar: 0.000107418461994
        dvar2: 0.000119261552754
        max: 0.5048828125
        mean: 0.113702267408
        median: 0.1123046875
        min: 0.01123046875
        var: 0.00106161425356
    barkbands:
        dmean: [1.45078001879e-006, 6.64499384584e-005, 0.000168395665241, 0.000267246505246, 0.000196224733372, 7.35590438126e-005, 8.03861621534e-005, 3.14227545459e-005, 6.50815709378e-005, 4.70695013064e-005, 4.02256227972e-005, 3.52606148226e-005, 4.12650952057e-005, 5.07782606292e-005, 6.11236973782e-005, 5.93523363932e-005, 0.000107344967546, 0.000129196050693, 0.000145052676089, 0.000153441200382, 0.000105285645986, 2.70568616543e-005, 7.45168563299e-006, 3.98010843128e-006, 2.64054028776e-006, 1.05141708673e-007, 6.44597764055e-010]
        dmean2: [2.30360774367e-006, 0.000107916661364, 0.000275904283626, 0.000442102580564, 0.000332090625307, 0.000122358149383, 0.00013277119433, 5.07771110279e-005, 0.000105339480797, 7.79468318797e-005, 6.59627839923e-005, 5.89519440837e-005, 6.77850985085e-005, 8.31724464661e-005, 9.97883325908e-005, 9.65712388279e-005, 0.000179009599378, 0.000213939667447, 0.000238043052377, 0.000241914967773, 0.000162676427863, 3.77984179067e-005, 1.00970773929e-005, 5.75904095967e-006, 3.97769781557e-006, 1.54478186687e-007, 1.00492691946e-009]
        dvar: [8.78624777101e-012, 1.96983229728e-008, 1.05231031e-007, 4.48236562534e-007, 1.85182003065e-007, 2.44327527099e-008, 3.58860745564e-008, 3.92429511109e-009, 1.78919066229e-008, 9.75677405535e-009, 9.31181087793e-009, 8.20854229033e-009, 8.10640976567e-009, 1.0236579584e-008, 2.10225454822e-008, 1.26065282657e-008, 2.85496533081e-008, 3.36364074371e-008, 4.03798843251e-008, 4.85692481789e-008, 2.13469135701e-008, 1.90234961117e-009, 1.31782848523e-010, 4.00243796439e-011, 1.84389864488e-011, 4.09873856047e-014, 1.96806492292e-018]
        dvar2: [1.9894984965e-011, 5.01332486635e-008, 2.54903710584e-007, 1.11995882435e-006, 5.10631593897e-007, 6.57979200014e-008, 9.6400022187e-008, 1.01240917871e-008, 4.83576165777e-008, 2.65952184719e-008, 2.45179698766e-008, 2.39313990846e-008, 2.13516635483e-008, 2.67798831999e-008, 5.4911456715e-008, 3.19474899868e-008, 7.73788926267e-008, 9.19816045553e-008, 1.06476583994e-007, 1.18866658738e-007, 4.84479834029e-008, 3.82108789054e-009, 2.3482915612e-010, 7.24644441674e-011, 3.72748984456e-011, 8.63767540024e-014, 4.35032606192e-018]
        max: [2.80165222648e-005, 0.00175155187026, 0.00420329999179, 0.00933187454939, 0.00801920425147, 0.00377462059259, 0.00435816077515, 0.00184417539276, 0.00284031452611, 0.00177961471491, 0.0023064755369, 0.00274039851502, 0.00243004760705, 0.00206012651324, 0.00400963611901, 0.00256379484199, 0.00364043866284, 0.00511380983517, 0.0038704413455, 0.00526841310784, 0.00302560231648, 0.00110199884512, 0.000293553137453, 0.000179555368959, 0.000153089509695, 5.39068742e-006, 3.85455862784e-008]
        mean: [1.75051843598e-006, 8.05725430837e-005, 0.000253086967859, 0.000341286067851, 0.000273290061159, 0.00013036148448, 0.000119621101476, 4.99017805851e-005, 0.000130835833261, 8.28329357319e-005, 6.92356261425e-005, 5.98266160523e-005, 7.04353078618e-005, 8.84947294253e-005, 0.000114131944429, 0.000128416024381, 0.000242333713686, 0.000311705283821, 0.00038425475941, 0.000419845309807, 0.000272149132797, 6.35520264041e-005, 1.53015353135e-005, 7.37807158657e-006, 4.609849384e-006, 1.73464854925e-007, 8.08003608466e-010]
        median: [7.66591767842e-007, 2.7838996175e-005, 0.000160342868185, 0.000135107053211, 0.000112044821435, 4.97401633766e-005, 4.2659965402e-005, 1.9683937353e-005, 3.68376822735e-005, 3.06913279928e-005, 2.69264292001e-005, 2.20482579607e-005, 2.53778289334e-005, 3.20908948197e-005, 4.46741687483e-005, 6.54321775073e-005, 0.000140852789627, 0.000223230701522, 0.000246278941631, 0.000265981099801, 0.000177206806256, 3.3403008274e-005, 7.73286592448e-006, 3.25957944369e-006, 1.71945316652e-006, 5.32538422249e-008, 1.96881885794e-010]
        min: [2.17317358545e-023, 6.58968961833e-023, 2.98164683496e-023, 3.73473068931e-023, 1.8288007749e-023, 1.86482679026e-023, 3.33572989216e-023, 7.8794475372e-023, 8.48860719039e-023, 6.34613607137e-023, 3.586068274e-023, 2.8283948269e-023, 5.19951538603e-023, 1.65415018904e-022, 1.47627139502e-022, 1.29873187431e-022, 2.47440018522e-022, 1.9351141707e-022, 1.87500498921e-022, 2.86127372901e-022, 4.44065934177e-022, 3.88299678091e-022, 6.29412502038e-022, 8.06165509499e-022, 1.08438531544e-021, 1.97795545204e-021, 2.37287502365e-021]
        var: [9.5511749551e-012, 2.00386676141e-008, 1.19089357042e-007, 4.45148202743e-007, 2.21969983727e-007, 4.51565824733e-008, 5.15463831618e-008, 6.5970944263e-009, 4.60361953003e-008, 1.98222060988e-008, 1.79717929427e-008, 1.41977105628e-008, 1.74610406134e-008, 2.41475426321e-008, 5.37514672772e-008, 4.10653377969e-008, 9.28541297185e-008, 1.00083624943e-007, 1.68351903085e-007, 2.14179934233e-007, 9.47823792785e-008, 7.95944643528e-009, 5.06223063468e-010, 1.33247912704e-010, 5.74397786279e-011, 1.0760559517e-013, 3.7035092868e-018]
    frequency_bands:
        dmean: [1.45078001879e-006, 6.64499384584e-005, 0.000168395665241, 0.000267246505246, 0.000196224733372, 7.35590438126e-005, 8.03861621534e-005, 3.14227545459e-005, 6.50815709378e-005, 4.70695013064e-005, 4.02256227972e-005, 3.52606148226e-005, 4.12650952057e-005, 5.07782606292e-005, 6.11236973782e-005, 5.93523363932e-005, 0.000107344967546, 0.000129196050693, 0.000145052676089, 0.000153441200382, 0.000105285645986, 2.70568616543e-005, 7.45168563299e-006, 3.98010843128e-006, 2.64054028776e-006, 1.05141708673e-007, 6.44597764055e-010, 4.14941067617e-011]
        dmean2: [2.30360774367e-006, 0.000107916661364, 0.000275904283626, 0.000442102580564, 0.000332090625307, 0.000122358149383, 0.00013277119433, 5.07771110279e-005, 0.000105339480797, 7.79468318797e-005, 6.59627839923e-005, 5.89519440837e-005, 6.77850985085e-005, 8.31724464661e-005, 9.97883325908e-005, 9.65712388279e-005, 0.000179009599378, 0.000213939667447, 0.000238043052377, 0.000241914967773, 0.000162676427863, 3.77984179067e-005, 1.00970773929e-005, 5.75904095967e-006, 3.97769781557e-006, 1.54478186687e-007, 1.00492691946e-009, 7.7182309155e-011]
        dvar: [8.78624777101e-012, 1.96983229728e-008, 1.05231031e-007, 4.48236562534e-007, 1.85182003065e-007, 2.44327527099e-008, 3.58860745564e-008, 3.92429511109e-009, 1.78919066229e-008, 9.75677405535e-009, 9.31181087793e-009, 8.20854229033e-009, 8.10640976567e-009, 1.0236579584e-008, 2.10225454822e-008, 1.26065282657e-008, 2.85496533081e-008, 3.36364074371e-008, 4.03798843251e-008, 4.85692481789e-008, 2.13469135701e-008, 1.90234961117e-009, 1.31782848523e-010, 4.00243796439e-011, 1.84389864488e-011, 4.09873856047e-014, 1.96806492292e-018, 4.56955411448e-021]
        dvar2: [1.9894984965e-011, 5.01332486635e-008, 2.54903710584e-007, 1.11995882435e-006, 5.10631593897e-007, 6.57979200014e-008, 9.6400022187e-008, 1.01240917871e-008, 4.83576165777e-008, 2.65952184719e-008, 2.45179698766e-008, 2.39313990846e-008, 2.13516635483e-008, 2.67798831999e-008, 5.4911456715e-008, 3.19474899868e-008, 7.73788926267e-008, 9.19816045553e-008, 1.06476583994e-007, 1.18866658738e-007, 4.84479834029e-008, 3.82108789054e-009, 2.3482915612e-010, 7.24644441674e-011, 3.72748984456e-011, 8.63767540024e-014, 4.35032606192e-018, 1.47569441332e-020]
        max: [2.80165222648e-005, 0.00175155187026, 0.00420329999179, 0.00933187454939, 0.00801920425147, 0.00377462059259, 0.00435816077515, 0.00184417539276, 0.00284031452611, 0.00177961471491, 0.0023064755369, 0.00274039851502, 0.00243004760705, 0.00206012651324, 0.00400963611901, 0.00256379484199, 0.00364043866284, 0.00511380983517, 0.0038704413455, 0.00526841310784, 0.00302560231648, 0.00110199884512, 0.000293553137453, 0.000179555368959, 0.000153089509695, 5.39068742e-006, 3.85455862784e-008, 8.85499062964e-010]
        mean: [1.75051843598e-006, 8.05725430837e-005, 0.000253086967859, 0.000341286067851, 0.000273290061159, 0.00013036148448, 0.000119621101476, 4.99017805851e-005, 0.000130835833261, 8.28329357319e-005, 6.92356261425e-005, 5.98266160523e-005, 7.04353078618e-005, 8.84947294253e-005, 0.000114131944429, 0.000128416024381, 0.000242333713686, 0.000311705283821, 0.00038425475941, 0.000419845309807, 0.000272149132797, 6.35520264041e-005, 1.53015353135e-005, 7.37807158657e-006, 4.609849384e-006, 1.73464854925e-007, 8.08003608466e-010, 3.22823053012e-011]
        median: [7.66591767842e-007, 2.7838996175e-005, 0.000160342868185, 0.000135107053211, 0.000112044821435, 4.97401633766e-005, 4.2659965402e-005, 1.9683937353e-005, 3.68376822735e-005, 3.06913279928e-005, 2.69264292001e-005, 2.20482579607e-005, 2.53778289334e-005, 3.20908948197e-005, 4.46741687483e-005, 6.54321775073e-005, 0.000140852789627, 0.000223230701522, 0.000246278941631, 0.000265981099801, 0.000177206806256, 3.3403008274e-005, 7.73286592448e-006, 3.25957944369e-006, 1.71945316652e-006, 5.32538422249e-008, 1.96881885794e-010, 9.85494151562e-012]
        min: [2.17317358545e-023, 6.58968961833e-023, 2.98164683496e-023, 3.73473068931e-023, 1.8288007749e-023, 1.86482679026e-023, 3.33572989216e-023, 7.8794475372e-023, 8.48860719039e-023, 6.34613607137e-023, 3.586068274e-023, 2.8283948269e-023, 5.19951538603e-023, 1.65415018904e-022, 1.47627139502e-022, 1.29873187431e-022, 2.47440018522e-022, 1.9351141707e-022, 1.87500498921e-022, 2.86127372901e-022, 4.44065934177e-022, 3.88299678091e-022, 6.29412502038e-022, 8.06165509499e-022, 1.08438531544e-021, 1.97795545204e-021, 2.37287502365e-021, 7.35172420407e-022]
        var: [9.5511749551e-012, 2.00386676141e-008, 1.19089357042e-007, 4.45148202743e-007, 2.21969983727e-007, 4.51565824733e-008, 5.15463831618e-008, 6.5970944263e-009, 4.60361953003e-008, 1.98222060988e-008, 1.79717929427e-008, 1.41977105628e-008, 1.74610406134e-008, 2.41475426321e-008, 5.37514672772e-008, 4.10653377969e-008, 9.28541297185e-008, 1.00083624943e-007, 1.68351903085e-007, 2.14179934233e-007, 9.47823792785e-008, 7.95944643528e-009, 5.06223063468e-010, 1.33247912704e-010, 5.74397786279e-011, 1.0760559517e-013, 3.7035092868e-018, 3.59034594484e-021]
    mfcc:
        mean: [-725.238830566, 80.5102081299, -39.7957305908, 59.3693275452, -8.91351699829, -1.88052117825, 5.54611349106, -3.2992079258, 0.825476288795, -4.40481042862, -4.86465597153, -4.03925418854, -7.32982349396]
        cov: [[6009.90332031, -27.6434936523, -243.374649048, 177.725891113, -327.565795898, 61.3601493835, -119.217529297, -74.7094039917, 3.79364418983, 14.3381128311, -11.8092489243, -92.082359314, -74.3607940674], [-27.6434936523, 1214.48132324, -209.574386597, -13.3653964996, -42.5342254639, -142.607452393, 53.700050354, 26.5273151398, -22.9808616638, -38.7736854553, -4.77516078949, 5.7016825676, 5.24397373199], [-243.374649048, -209.574386597, 816.610168457, 55.991153717, 190.388168335, 118.962730408, -8.88778781891, 44.2703056335, 10.8353261948, 42.7402915955, 51.8637046814, 47.98960495, 24.9866485596], [177.725891113, -13.3653964996, 55.991153717, 320.719116211, 63.851776123, 20.7127304077, -28.0534954071, -32.6356582642, 23.6947669983, -11.2340841293, -7.28237342834, -5.25388002396, 15.1651659012], [-327.565795898, -42.5342254639, 190.388168335, 63.851776123, 294.467926025, 55.2912788391, -29.0466022491, -12.1303825378, 22.0909690857, 53.5090789795, 2.38697075844, 13.3379011154, 27.3768978119], [61.3601493835, -142.607452393, 118.962730408, 20.7127304077, 55.2912788391, 203.954742432, 56.3394622803, 37.3788871765, 13.4892368317, 32.2461891174, 41.9785461426, 14.9077911377, -7.96170902252], [-119.217529297, 53.700050354, -8.88778781891, -28.0534954071, -29.0466022491, 56.3394622803, 162.226959229, 82.171333313, 11.3926467896, -4.6450138092, 26.2575035095, 24.8431110382, -7.57317304611], [-74.7094039917, 26.5273151398, 44.2703056335, -32.6356582642, -12.1303825378, 37.3788871765, 82.171333313, 149.470611572, 37.9022216797, 11.6646118164, 22.4226665497, 17.6792907715, 2.63192939758], [3.79364418983, -22.9808616638, 10.8353261948, 23.6947669983, 22.0909690857, 13.4892368317, 11.3926467896, 37.9022216797, 105.809638977, 46.4521446228, 17.0460224152, 6.35442590714, 5.54431295395], [14.3381128311, -38.7736854553, 42.7402915955, -11.2340841293, 53.5090789795, 32.2461891174, -4.6450138092, 11.6646118164, 46.4521446228, 118.205329895, 47.0679244995, 25.0940799713, 5.99618148804], [-11.8092489243, -4.77516078949, 51.8637046814, -7.28237342834, 2.38697075844, 41.9785461426, 26.2575035095, 22.4226665497, 17.0460224152, 47.0679244995, 98.4716567993, 46.2025871277, 8.29420089722], [-92.082359314, 5.7016825676, 47.98960495, -5.25388002396, 13.3379011154, 14.9077911377, 24.8431110382, 17.6792907715, 6.35442590714, 25.0940799713, 46.2025871277, 88.4496765137, 30.9710540771], [-74.3607940674, 5.24397373199, 24.9866485596, 15.1651659012, 27.3768978119, -7.96170902252, -7.57317304611, 2.63192939758, 5.54431295395, 5.99618148804, 8.29420089722, 30.9710540771, 67.3812561035]]
        icov: [[0.000198996363906, -2.38134325627e-005, 1.91996023204e-005, -0.000152749795234, 0.000320894847391, -0.000210173384403, 0.000228401651839, 6.49718595014e-006, 1.59082810569e-005, -0.000185930504813, 4.88526529807e-005, 0.000109664491902, 7.77424211265e-005], [-2.38134325627e-005, 0.000990582630038, 0.000206362557947, -7.98524997663e-005, -0.000280011270661, 0.000889073475264, -0.00053767929785, -0.000247573334491, 0.000291343778372, 0.000166158366483, -0.000379470002372, 1.51849890244e-005, 7.10616768629e-006], [1.91996023204e-005, 0.000206362557947, 0.0016816558782, -0.00014936469961, -0.000951381924096, -0.00049139134353, 0.000583027722314, -0.00080245512072, 0.000379950244678, 0.000305434397887, -0.000596807920374, -0.000528308504727, 9.83506979537e-005], [-0.000152749795234, -7.98524997663e-005, -0.00014936469961, 0.00375053123571, -0.000849566597026, -0.000444014614914, 0.000143367957207, 0.00108021567576, -0.00161420728546, 0.00152695097495, -0.000192762730876, 0.000134181711474, -0.000725457211956], [0.000320894847391, -0.000280011270661, -0.000951381924096, -0.000849566597026, 0.00552271911874, -0.0015458635753, 0.000863765133545, 0.000623120053206, -0.000137886992889, -0.00265760743059, 0.00197314936668, 0.000133444322273, -0.0014902332332], [-0.000210173384403, 0.000889073475264, -0.00049139134353, -0.000444014614914, -0.0015458635753, 0.00780098652467, -0.00302270962857, -0.000520320259966, 0.00073582312325, -0.000590555195231, -0.00245297071524, 0.000839399755932, 0.00111957988702], [0.000228401651839, -0.00053767929785, 0.000583027722314, 0.000143367957207, 0.000863765133545, -0.00302270962857, 0.0108278198168, -0.00483229616657, -5.02220564158e-006, 0.00159800844267, -0.000536740059033, -0.00254790089093, 0.00183844252024], [6.49718595014e-006, -0.000247573334491, -0.00080245512072, 0.00108021567576, 0.000623120053206, -0.000520320259966, -0.00483229616657, 0.0109893381596, -0.00383310508914, 0.000439209165052, -8.3926723164e-005, 0.000230367702898, -0.00102536764462], [1.59082810569e-005, 0.000291343778372, 0.000379950244678, -0.00161420728546, -0.000137886992889, 0.00073582312325, -5.02220564158e-006, -0.00383310508914, 0.013516173698, -0.00550707196817, 7.26384096197e-005, 0.00113950972445, -0.000645369989797], [-0.000185930504813, 0.000166158366483, 0.000305434397887, 0.00152695097495, -0.00265760743059, -0.000590555195231, 0.00159800844267, 0.000439209165052, -0.00550707196817, 0.0146569116041, -0.00573577685282, -0.0014367508702, 0.00101266335696], [4.88526529807e-005, -0.000379470002372, -0.000596807920374, -0.000192762730876, 0.00197314936668, -0.00245297071524, -0.000536740059033, -8.3926723164e-005, 7.26384096197e-005, -0.00573577685282, 0.0176499951631, -0.00722489226609, 0.000852249213494], [0.000109664491902, 1.51849890244e-005, -0.000528308504727, 0.000134181711474, 0.000133444322273, 0.000839399755932, -0.00254790089093, 0.000230367702898, 0.00113950972445, -0.0014367508702, -0.00722489226609, 0.019052086398, -0.00779849849641], [7.77424211265e-005, 7.10616768629e-006, 9.83506979537e-005, -0.000725457211956, -0.0014902332332, 0.00111957988702, 0.00183844252024, -0.00102536764462, -0.000645369989797, 0.00101266335696, 0.000852249213494, -0.00779849849641, 0.0194799900055]]
    sccoeffs:
        dmean: [0.0519705824554, 0.0442659147084, 0.0354289151728, 0.0299932584167, 0.0197837408632, 0.0236381590366]
        dmean2: [0.0842184796929, 0.0728894099593, 0.0589986927807, 0.0497520007193, 0.0328251644969, 0.0349320694804]
        dvar: [0.0019863366615, 0.00126653420739, 0.000800333335064, 0.000629190006293, 0.000284253474092, 0.000486169068608]
        dvar2: [0.00492502981797, 0.00339953741059, 0.00214685266837, 0.00164710066747, 0.000721953809261, 0.000954349059612]
        max: [-0.292707324028, -0.459129601717, -0.505019128323, -0.516801059246, -0.570285618305, -0.500872969627]
        mean: [-0.660599350929, -0.771882295609, -0.79817289114, -0.798763871193, -0.80246669054, -0.749224305153]
        median: [-0.664950370789, -0.776634335518, -0.802438855171, -0.804511189461, -0.804848074913, -0.752202391624]
        min: [-0.962607800961, -0.98721331358, -0.974182486534, -0.960102617741, -0.967194914818, -0.964415490627]
        var: [0.00634509744123, 0.00403194222599, 0.00338078872301, 0.00249884859659, 0.000996511196718, 0.00282064592466]
    scvalleys:
        dmean: [0.402964860201, 0.360033035278, 0.322349965572, 0.298025488853, 0.220564812422, 0.396344959736]
        dmean2: [0.639368057251, 0.570414185524, 0.51909673214, 0.475415825844, 0.334666639566, 0.490305453539]
        dvar: [0.148638635874, 0.112943358719, 0.0996866375208, 0.117330789566, 0.07760515064, 0.216869801283]
        dvar2: [0.312079399824, 0.240441381931, 0.21616473794, 0.262212485075, 0.141338586807, 0.366534352303]
        max: [-4.91003751755, -4.83561325073, -5.37229776382, -5.78171014786, -5.43068647385, -7.25841379166]
        mean: [-7.06986618042, -7.08995580673, -7.35722923279, -7.44355678558, -6.97155046463, -9.57185459137]
        median: [-6.83376026154, -6.95666217804, -7.17559146881, -7.28036785126, -6.77736377716, -9.27003002167]
        min: [-27.8102207184, -27.4177436829, -27.1594181061, -27.2761802673, -27.0837440491, -27.1985454559]
        var: [1.27490663528, 0.945496141911, 0.927518427372, 0.81658321619, 0.896969735622, 1.81839513779]

rhythm:
    beats_loudness:
        dmean: 0.00671955896541
        dmean2: 0.0134661272168
        dvar: 9.10008748178e-006
        dvar2: 3.03768993035e-005
        max: 0.020542787388
        mean: 0.00699826423079
        median: 0.00755859771743
        min: 4.20952437707e-006
        var: 2.13557395909e-005
    bpm: 89.8141555786
    bpm_confidence: 0
    first_peak_bpm: 91
    first_peak_spread: 0.484375029802
    first_peak_weight: 0.485294103622
    onset_rate: 3.07908654213
    second_peak_bpm: 86
    second_peak_spread: 0
    second_peak_weight: 0.0235294122249
    beats_loudness_band_ratio:
        dmean: [0.197436705232, 0.0643338337541, 0.0619297362864, 0.0704161673784, 0.1025198102, 0.0793607532978]
        dmean2: [0.370607346296, 0.116475149989, 0.117174819112, 0.132846936584, 0.193377137184, 0.136086836457]
        dvar: [0.0186031125486, 0.00412884866819, 0.00467382045463, 0.00532509153709, 0.0101476535201, 0.00553944800049]
        dvar2: [0.0551990009844, 0.0128181939945, 0.0150301000103, 0.0149208195508, 0.0323356837034, 0.0139499977231]
        max: [0.80932289362, 0.46018871665, 0.520737111568, 0.566056132317, 0.76718121767, 0.914450883865]
        mean: [0.424558579922, 0.0836282223463, 0.0661353245378, 0.063950650394, 0.161725074053, 0.227308765054]
        median: [0.433686763048, 0.0562134981155, 0.0490456447005, 0.036513838917, 0.140505328774, 0.211428180337]
        min: [4.00177850679e-006, 1.43108727571e-005, 0.00373687734827, 0.00359454727732, 0.00441537937149, 0.00193248456344]
        var: [0.0451673008502, 0.00543170748278, 0.00390938669443, 0.00560225034133, 0.0108827697113, 0.0108063202351]
    beats_position: [0.684988677502, 1.38158726692, 2.07818579674, 2.77478456497, 3.47138309479, 4.1679816246, 4.86458063126, 5.56117916107, 6.26938772202, 6.9543762207, 7.63936471939, 8.3011341095, 8.97451210022, 9.63628101349, 10.3096599579, 10.9830379486, 11.6448068619, 12.3065757751, 12.9799547195, 13.6417226791, 14.3151016235, 14.9768705368, 15.6386394501, 16.3004074097, 16.9737873077, 17.6471652985, 18.3205432892, 18.9939231873, 19.6556911469, 20.3174591064, 20.9908390045, 21.6642169952, 22.3259868622, 22.9877548218, 23.6611328125, 24.3229026794, 24.984670639, 25.6580486298, 26.3314285278, 26.9931964874, 27.6549663544, 28.3283443451, 29.0017223358, 29.6634922028, 30.3252601624, 30.9870281219, 31.6487979889, 32.322177887, 32.9955558777, 33.6573219299, 34.3307037354, 34.9924697876, 35.6658477783, 36.3276176453, 36.9893875122, 37.6627655029, 38.3361434937, 38.9979133606, 39.6712913513, 40.3330612183, 41.006439209, 41.6682090759, 42.3299751282, 43.0033569336, 43.6767349243, 44.3385009766, 45.0002708435, 45.6736488342, 46.3354187012, 46.9971885681, 47.6705665588, 48.3439445496, 49.0173225403, 49.6790924072, 50.3408622742, 51.0026283264, 51.6643981934, 52.3377761841, 53.0111541748, 53.6845359802, 54.3463020325, 55.0080718994, 55.6814498901, 56.3548278809, 57.0165977478, 57.6783676147, 58.3517456055, 59.0251235962, 59.6985015869, 60.3602714539, 61.0220413208, 61.6954193115, 62.3687973022, 63.0305671692, 63.6923332214, 64.3541030884, 65.0158691406, 65.6892471313, 66.3626327515, 67.0360107422, 67.6977767944, 68.3595428467, 69.0329208374, 69.7062988281, 70.3680725098, 71.029838562, 71.7032165527, 72.3649902344, 73.0383682251, 73.7001342773, 74.3735122681, 75.0352783203, 75.697052002, 76.3704299927, 77.0321960449, 77.6939697266, 78.3673477173, 79.040725708, 79.7024917603, 80.3642578125, 81.0376434326, 81.7110214233, 82.3727874756, 83.0345535278, 83.7079315186, 84.3813171387, 85.0546951294, 85.7164611816, 86.3898391724, 87.0516052246, 87.7133789063, 88.3751449585, 89.0485229492, 89.7102966309, 90.3836746216, 91.0454406738, 91.7188186646, 92.3805847168, 93.0539703369, 93.7157363892, 94.3891143799, 95.0508804321, 95.7126541138, 96.3860321045, 97.0594100952, 97.7211761475, 98.3945541382, 99.0563278198, 99.7297058105, 100.391471863, 101.053237915, 101.726615906, 102.400001526, 103.061767578, 103.735145569, 104.396911621, 105.070289612, 105.732063293, 106.393829346, 107.067207336, 107.740585327, 108.402359009, 109.064125061, 109.737503052, 110.410881042, 111.072654724, 111.734420776, 112.396186829, 113.05796051, 113.731338501, 114.404716492, 115.078094482, 115.751472473, 116.413238525, 117.075012207, 117.748390198, 118.41015625, 119.071922302, 119.745300293, 120.418685913, 121.092063904, 121.753829956, 122.427207947, 123.100585938, 123.762359619, 124.424125671, 125.085891724, 125.747665405, 126.409431458, 127.082809448, 127.756187439, 128.417953491, 129.079727173, 129.753097534, 130.426483154, 131.088256836, 131.750015259, 132.423400879, 133.09677124, 133.758544922, 134.420318604, 135.093688965, 135.767074585, 136.428848267, 137.090606689, 137.76399231, 138.437362671, 139.099136353, 139.760910034, 140.422668457, 141.096054077, 141.757827759, 142.43119812, 143.10458374, 143.766342163, 144.428115845, 145.101501465, 145.763259888, 146.436645508, 147.098403931, 147.771789551, 148.445159912, 149.106933594, 149.768707275, 150.442077637, 151.103851318, 151.777236938, 152.438995361, 153.112380981, 153.774139404, 154.447525024, 155.109298706, 155.782669067, 156.444442749, 157.11781311, 157.779586792, 158.452972412, 159.114730835, 159.788116455, 160.449890137, 161.123260498, 161.796646118, 162.458404541, 163.120178223, 163.793563843, 164.455322266, 165.128707886, 165.790466309, 166.463851929, 167.12562561, 167.798995972, 168.460769653, 169.122543335, 169.784301758, 170.457687378, 171.131057739, 171.792831421, 172.466217041, 173.127975464, 173.801361084, 174.474731445, 175.136505127, 175.798278809, 176.460037231, 177.121810913, 177.795196533, 178.468566895, 179.130340576, 179.792098999, 180.465484619, 181.138870239, 181.800628662, 182.462402344, 183.135772705, 183.809158325, 184.470932007, 185.13269043, 185.80607605, 186.479446411, 187.152832031, 187.826202393, 188.487976074, 189.149749756, 189.823120117, 190.496505737, 191.158279419, 191.820037842, 192.493423462, 193.166793823, 193.828567505, 194.490341187, 195.175323486, 195.837097168, 196.510467529, 197.172241211, 197.834014893, 198.495773315, 199.157546997, 199.819320679, 200.481079102, 201.154464722, 201.827835083, 202.501220703, 203.162994385, 203.836364746, 204.498138428, 205.159912109, 205.821670532, 206.495056152, 207.168426514, 207.841812134, 208.503585815, 209.165344238, 209.82711792, 210.500488281, 211.162261963, 211.835647583, 212.497406006, 213.159179688, 213.832565308, 214.505935669, 215.167709351, 215.841079712, 216.502853394, 217.176239014, 217.849609375, 218.522994995, 219.196365356, 219.869750977, 220.461853027, 221.053970337, 221.553192139, 222.052429199, 222.551651001, 223.062484741, 223.584945679, 224.107391357, 224.618225098, 225.129058838, 225.651519775, 226.162353516]
