
metadata:
    version:
        essentia: "2.1-beta2"
    audio_properties:
        analysis_sample_rate: 44100
        bitrate: 276
        channels: 2
        equal_loudness: 1
        length: 177.763259888
        replay_gain: -14.5966300964
        downmix: "mix"
    tags:
        album: "L'Armée des Ombres"
        artist: "Mass Hysteria"
        comment: ""
        date: "2012"
        genre: "Metal"
        title: "Positif à bloc"
        tracknumber: "1/12"

configuration:
    average_loudness:
        compute: 1
        frameSize: 88200
        hopSize: 44100
        silentFrames: "noise"
        windowType: "hann"
    general:
        analysisSampleRate: 44100
        endTime: 2000
        equalLoudness: 1
        nequalLoudness: 0
        shortSound: 0
        startTime: 0
    lowlevel:
        compute: 1
        frameSize: 2048
        hopSize: 1024
        zeroPadding: 0
        silentFrames: "noise"
        windowType: "blackmanharris62"
        mfccStats: ["mean", "cov", "icov"]
        stats: ["mean", "var", "median", "min", "max", "dmean", "dmean2", "dvar", "dvar2"]
    panning:
        compute: 0
        frameSize: 8192
        hopSize: 2048
        zeroPadding: 8192
        silentFrames: "noise"
        windowType: "hann"
        stats: ["copy"]
    rhythm:
        compute: 1
        maxTempo: 208
        minTempo: 40
        method: "degara"
        stats: ["mean", "var", "median", "min", "max", "dmean", "dmean2", "dvar", "dvar2"]
    segmentation:
        compute: 0
        cpw: 5
        inc1: 300
        inc2: 50
        minimumSegmentsLength: 10
        size1: 1000
        size2: 600
    sfx:
        compute: 1
        stats: ["mean", "var", "median", "min", "max", "dmean", "dmean2", "dvar", "dvar2"]
    svm:
        compute: 0
    tonal:
        compute: 1
        frameSize: 4096
        hopSize: 2048
        zeroPadding: 0
        silentFrames: "noise"
        windowType: "blackmanharris62"
        stats: ["mean", "var", "median", "min", "max", "dmean", "dmean2", "dvar", "dvar2"]

lowlevel:
    average_loudness: 0.86628049612
    barkbands_kurtosis:
        dmean: 8.51486301422
        dmean2: 14.3899679184
        dvar: 12624.0039063
        dvar2: 35694.484375
        max: 4242.26123047
        mean: 9.2610578537
        median: -1.10515701771
        min: -1.86156833172
        var: 17153.8339844
    barkbands_skewness:
        dmean: 0.558133840561
        dmean2: 0.853535115719
        dvar: 2.29221892357
        dvar2: 6.2478556633
        max: 58.9886627197
        mean: 0.114121191204
        median: -0.345821768045
        min: -2.34463453293
        var: 8.24957180023
    barkbands_spread:
        dmean: 5.81787157059
        dmean2: 9.32015132904
        dvar: 30.0352916718
        dvar2: 78.2538299561
        max: 61.7461013794
        mean: 33.1787605286
        median: 34.590713501
        min: 0.00765281962231
        var: 132.78338623
    dissonance:
        dmean: 0.0128071708605
        dmean2: 0.0221702419221
        dvar: 0.000812339945696
        dvar2: 0.00243680016138
        max: 0.500000238419
        mean: 0.47734695673
        median: 0.489291071892
        min: 0.0382728539407
        var: 0.00288395653479
    hfc:
        dmean: 2.34806489944
        dmean2: 3.68247961998
        dvar: 9.33517742157
        dvar2: 23.0616798401
        max: 39.4966697693
        mean: 8.76377105713
        median: 7.89592885971
        min: 1.03901104569e-016
        var: 40.6227531433
    pitch:
        dmean: 973.79473877
        dmean2: 1870.71948242
        dvar: 1833293.75
        dvar2: 4398980
        max: 5115.56396484
        mean: 2186.29931641
        median: 3317.23779297
        min: 67.9795150757
        var: 2525508
    pitch_instantaneous_confidence:
        dmean: 0.076046846807
        dmean2: 0.127108037472
        dvar: 0.00427901372313
        dvar2: 0.0112533401698
        max: 0.989343583584
        mean: 0.343775093555
        median: 0.313039302826
        min: 0.0906569957733
        var: 0.0223116334528
    pitch_salience:
        dmean: 0.0600265935063
        dmean2: 0.0954547673464
        dvar: 0.00352429971099
        dvar2: 0.00760678667575
        max: 0.99753510952
        mean: 0.674878239632
        median: 0.711284101009
        min: 0.0237881820649
        var: 0.0154448756948
    silence_rate_20dB:
        dmean: 0
        dmean2: 0
        dvar: 0
        dvar2: 0
        max: 1
        mean: 1
        median: 1
        min: 1
        var: 0
    silence_rate_30dB:
        dmean: 0
        dmean2: 0
        dvar: 0
        dvar2: 0
        max: 1
        mean: 1
        median: 1
        min: 1
        var: 0
    silence_rate_60dB:
        dmean: 0.0702716857195
        dmean2: 0.14056172967
        dvar: 0.0653370395303
        dvar2: 0.144323796034
        max: 1
        mean: 0.32336422801
        median: 0
        min: 0
        var: 0.218816563487
    spectral_centroid:
        dmean: 286.226715088
        dmean2: 436.88458252
        dvar: 89122.8515625
        dvar2: 194748.234375
        max: 11708.1591797
        mean: 1961.21472168
        median: 2000.05773926
        min: 164.136444092
        var: 1134073.875
    spectral_complexity:
        dmean: 3.9853708744
        dmean2: 6.17792272568
        dvar: 16.9957370758
        dvar2: 38.6823692322
        max: 46
        mean: 17.6429405212
        median: 19
        min: 0
        var: 123.948326111
    spectral_crest:
        dmean: 1.70410299301
        dmean2: 2.83018612862
        dvar: 2.90983772278
        dvar2: 7.45048236847
        max: 26.9752578735
        mean: 6.72115802765
        median: 5.49314928055
        min: 2.40097093582
        var: 16.2207736969
    spectral_decrease:
        dmean: 2.40600955825e-010
        dmean2: 3.8475941877e-010
        dvar: 9.82013959821e-020
        dvar2: 2.49115057445e-019
        max: 2.13927675991e-028
        mean: -9.59174628612e-010
        median: -8.91571483308e-010
        min: -4.12220257928e-009
        var: 3.99029807845e-019
    spectral_energy:
        dmean: 0.00108227599412
        dmean2: 0.0017233050894
        dvar: 1.95941197489e-006
        dvar2: 4.90785896545e-006
        max: 0.0185921117663
        mean: 0.00441504176706
        median: 0.00411017425358
        min: 9.81737452083e-021
        var: 8.52589255373e-006
    spectral_energyband_high:
        dmean: 0.000177851310582
        dmean2: 0.000294571858831
        dvar: 7.09375953534e-008
        dvar2: 1.81612236361e-007
        max: 0.00428514229134
        mean: 0.000447515194537
        median: 0.000414220965467
        min: 6.96924465338e-021
        var: 1.29886913669e-007
    spectral_energyband_low:
        dmean: 0.00031393734389
        dmean2: 0.000502225535456
        dvar: 2.4344456051e-007
        dvar2: 5.97223902332e-007
        max: 0.00732913706452
        mean: 0.00050496426411
        median: 0.00032854906749
        min: 1.20502423911e-023
        var: 4.32668429085e-007
    spectral_energyband_middle_high:
        dmean: 0.000662882695906
        dmean2: 0.0010193992639
        dvar: 6.80144410126e-007
        dvar2: 1.60253534887e-006
        max: 0.0120737673715
        mean: 0.00252449023537
        median: 0.00208258256316
        min: 1.12497583147e-021
        var: 4.26772749051e-006
    spectral_energyband_middle_low:
        dmean: 0.000477485067677
        dmean2: 0.000793392304331
        dvar: 5.29458418441e-007
        dvar2: 1.46702348047e-006
        max: 0.00854103919119
        mean: 0.00114573852625
        median: 0.000965982093476
        min: 1.5961027744e-022
        var: 7.96271763193e-007
    spectral_flatness_db:
        dmean: 0.0133748697117
        dmean2: 0.020553663373
        dvar: 0.000274003512459
        dvar2: 0.000602133572102
        max: 0.754688382149
        mean: 0.14773465693
        median: 0.125712379813
        min: 0.0585898943245
        var: 0.00823470298201
    spectral_flux:
        dmean: 0.00633724499494
        dmean2: 0.00961973145604
        dvar: 4.7534082114e-005
        dvar2: 9.0396424639e-005
        max: 0.0971168428659
        mean: 0.0383601300418
        median: 0.0387008823454
        min: 6.3618395274e-011
        var: 0.000307503069052
    spectral_kurtosis:
        dmean: 3.2498819828
        dmean2: 5.46094894409
        dvar: 253.415328979
        dvar2: 724.677062988
        max: 438.485748291
        mean: 9.97791099548
        median: 3.31717276573
        min: -1.25381052494
        var: 1434.02478027
    spectral_rms:
        dmean: 0.000236223902903
        dmean2: 0.000369076937204
        dvar: 6.77978277963e-008
        dvar2: 1.63985916402e-007
        max: 0.00425894884393
        mean: 0.00192182790488
        median: 0.00200247997418
        min: 3.09482257529e-012
        var: 6.13924896697e-007
    spectral_rolloff:
        dmean: 310.531036377
        dmean2: 494.285552979
        dvar: 208371.71875
        dvar2: 406946.4375
        max: 19681.3476563
        mean: 3512.17675781
        median: 3617.578125
        min: 150.732421875
        var: 3188629.5
    spectral_skewness:
        dmean: 0.203729823232
        dmean2: 0.332402348518
        dvar: 0.202107593417
        dvar2: 0.540816485882
        max: 16.9718837738
        mean: 1.55770254135
        median: 1.20782637596
        min: -0.0754968822002
        var: 3.82581877708
    spectral_spread:
        dmean: 389994.625
        dmean2: 599495.375
        dvar: 425503358976
        dvar2: 840631255040
        max: 42236100
        mean: 4505881.5
        median: 4109878.5
        min: 241614.25
        var: 1.42595556639e+013
    spectral_strongpeak:
        dmean: 0.381824016571
        dmean2: 0.659216046333
        dvar: 0.380261659622
        dvar2: 0.969896554947
        max: 8.37064838409
        mean: 0.507386267185
        median: 0.19759529829
        min: 1.8059574669e-010
        var: 0.58680087328
    zerocrossingrate:
        dmean: 0.00836985278875
        dmean2: 0.0100151551887
        dvar: 8.18233384052e-005
        dvar2: 9.30063615669e-005
        max: 0.5283203125
        mean: 0.1075983271
        median: 0.11083984375
        min: 0.00634765625
        var: 0.00226341374218
    barkbands:
        dmean: [4.7989203722e-007, 5.98681908741e-005, 0.000176104120328, 0.000224187300773, 0.000157539150678, 8.43327507027e-005, 0.000111974746687, 5.93011536694e-005, 8.80337174749e-005, 0.000172003303305, 4.92476756335e-005, 5.44497343071e-005, 5.137102562e-005, 4.90750280733e-005, 6.04423257755e-005, 0.00010173751798, 0.000138940420584, 0.000208312325412, 0.000266503164312, 0.000138440096634, 8.7815009465e-005, 3.3466360037e-005, 4.8070955927e-006, 2.15183604269e-006, 1.16044873266e-006, 4.43159997587e-008, 6.50564213611e-010]
        dmean2: [6.99524491665e-007, 0.000103563237644, 0.000280115898931, 0.000374621915398, 0.000262799323536, 0.000139111303724, 0.00018779769016, 9.91844790406e-005, 0.000144940699101, 0.000283428060357, 8.28868796816e-005, 8.8438304374e-005, 8.55331454659e-005, 8.19557390059e-005, 0.000100101082353, 0.000168059428688, 0.000223103779717, 0.000333470321493, 0.000446234014817, 0.000228792792768, 0.000147201411892, 5.67169408896e-005, 8.00782163424e-006, 3.52729557562e-006, 1.84720215657e-006, 7.43733039599e-008, 1.11088205301e-009]
        dvar: [2.0872793511e-012, 1.83374595508e-008, 8.17090466398e-008, 2.00013076324e-007, 6.05667480613e-008, 3.12167465211e-008, 7.01065019371e-008, 7.9551201182e-009, 2.19954010561e-008, 1.4886649069e-007, 6.51987308586e-009, 1.13660387768e-008, 1.46737511031e-008, 5.37577449222e-009, 1.21311662937e-008, 3.32177449991e-008, 5.66148301573e-008, 1.11755007026e-007, 1.17992271953e-007, 3.18929238574e-008, 1.68934004563e-008, 4.69874894549e-009, 9.39788802334e-011, 4.29482248376e-011, 2.04972375878e-011, 1.6814862694e-014, 1.76219228296e-018]
        dvar2: [4.41375885493e-012, 5.19481027084e-008, 1.98536284302e-007, 5.55320070816e-007, 1.69859688981e-007, 7.8236737977e-008, 1.88782820487e-007, 1.94875191539e-008, 5.77446783723e-008, 3.88765727166e-007, 1.63100946082e-008, 2.65961510593e-008, 3.73975304058e-008, 1.40880844768e-008, 3.09419867506e-008, 8.60329905095e-008, 1.34401346941e-007, 2.58692949728e-007, 3.22127959862e-007, 8.37765270489e-008, 4.42903811404e-008, 1.10666045217e-008, 2.31059338329e-010, 9.73369163049e-011, 4.46253867192e-011, 4.13990910509e-014, 4.77282634417e-018]
        max: [3.76482821594e-005, 0.00201299227774, 0.00428133038804, 0.00527043640614, 0.00409528426826, 0.00583102274686, 0.00470415176824, 0.00182404683437, 0.00309789692983, 0.00553587637842, 0.0017293500714, 0.00282719382085, 0.00416276464239, 0.00140660232864, 0.00322707206942, 0.0040992833674, 0.00468548713252, 0.00674830703065, 0.00638204300776, 0.00198627798818, 0.00268908799626, 0.00158535549417, 0.000168061611475, 0.00017415099137, 9.89085019683e-005, 3.40868109561e-006, 1.57513913024e-008]
        mean: [9.05290562514e-007, 7.35643770895e-005, 0.000260855944362, 0.000279300613329, 0.000252779223956, 0.000139764306368, 0.000166360478033, 9.70168912318e-005, 0.00015703443205, 0.000292031938443, 8.24683957035e-005, 0.000105275554233, 8.68424685905e-005, 9.0871064458e-005, 0.000120603406685, 0.000213492268813, 0.000301574531477, 0.00048920174595, 0.000607715221122, 0.000325429515215, 0.000197891116841, 5.9474245063e-005, 9.06220611796e-006, 3.72953400074e-006, 1.73869227638e-006, 5.97972942273e-008, 7.80268849532e-010]
        median: [7.71626957885e-008, 4.18279960286e-005, 0.000154205787112, 0.000145432073623, 0.000175067820237, 8.67196213221e-005, 8.59377105371e-005, 6.42709783278e-005, 0.000109844622784, 0.000119778553199, 5.66157541471e-005, 5.98006226937e-005, 5.35177168786e-005, 6.39110294287e-005, 8.43373272801e-005, 0.000159463103046, 0.000210381724173, 0.000264441099716, 0.00053831085097, 0.000297822873108, 0.00017936367658, 3.99494892918e-005, 6.46938269711e-006, 2.15961313188e-006, 6.97927646343e-007, 2.74846847503e-008, 3.67956665137e-010]
        min: [1.66000875428e-025, 1.91517560088e-024, 3.92260666039e-025, 3.62544916689e-025, 5.49814081163e-024, 3.92169419484e-024, 1.0006647729e-023, 5.7545967309e-024, 1.5469190009e-023, 6.12016512957e-024, 1.24950755335e-023, 3.15624005485e-023, 2.43337572628e-023, 2.92068240202e-023, 4.77471031758e-023, 5.66112586442e-023, 7.17814829919e-023, 1.16632592588e-022, 1.37365296059e-022, 1.99393302819e-022, 2.51870236122e-022, 3.88130470582e-022, 4.083832437e-022, 6.05917775657e-022, 7.82838248821e-022, 1.2423127948e-021, 1.8366570091e-021]
        var: [5.9460370655e-012, 1.43223486404e-008, 1.39581089798e-007, 1.95867599473e-007, 7.57847473665e-008, 4.94871166268e-008, 1.02439571492e-007, 1.40958507089e-008, 4.03609625721e-008, 3.30579013053e-007, 1.11119158319e-008, 3.07904883812e-008, 1.88259114964e-008, 9.97935334368e-009, 2.21946621082e-008, 7.92779957237e-008, 1.4208140442e-007, 4.08843931154e-007, 2.31432053965e-007, 6.17712885287e-008, 2.78807732457e-008, 7.82276821099e-009, 1.47313300447e-010, 7.17314888043e-011, 3.21787180235e-011, 2.16733488117e-014, 1.87705168769e-018]
    frequency_bands:
        dmean: [4.7989203722e-007, 5.98681908741e-005, 0.000176104120328, 0.000224187300773, 0.000157539150678, 8.43327507027e-005, 0.000111974746687, 5.93011536694e-005, 8.80337174749e-005, 0.000172003303305, 4.92476756335e-005, 5.44497343071e-005, 5.137102562e-005, 4.90750280733e-005, 6.04423257755e-005, 0.00010173751798, 0.000138940420584, 0.000208312325412, 0.000266503164312, 0.000138440096634, 8.7815009465e-005, 3.3466360037e-005, 4.8070955927e-006, 2.15183604269e-006, 1.16044873266e-006, 4.43159997587e-008, 6.50564213611e-010, 5.31258578795e-011]
        dmean2: [6.99524491665e-007, 0.000103563237644, 0.000280115898931, 0.000374621915398, 0.000262799323536, 0.000139111303724, 0.00018779769016, 9.91844790406e-005, 0.000144940699101, 0.000283428060357, 8.28868796816e-005, 8.8438304374e-005, 8.55331454659e-005, 8.19557390059e-005, 0.000100101082353, 0.000168059428688, 0.000223103779717, 0.000333470321493, 0.000446234014817, 0.000228792792768, 0.000147201411892, 5.67169408896e-005, 8.00782163424e-006, 3.52729557562e-006, 1.84720215657e-006, 7.43733039599e-008, 1.11088205301e-009, 9.85646425589e-011]
        dvar: [2.0872793511e-012, 1.83374595508e-008, 8.17090466398e-008, 2.00013076324e-007, 6.05667480613e-008, 3.12167465211e-008, 7.01065019371e-008, 7.9551201182e-009, 2.19954010561e-008, 1.4886649069e-007, 6.51987308586e-009, 1.13660387768e-008, 1.46737511031e-008, 5.37577449222e-009, 1.21311662937e-008, 3.32177449991e-008, 5.66148301573e-008, 1.11755007026e-007, 1.17992271953e-007, 3.18929238574e-008, 1.68934004563e-008, 4.69874894549e-009, 9.39788802334e-011, 4.29482248376e-011, 2.04972375878e-011, 1.6814862694e-014, 1.76219228296e-018, 6.71254078251e-021]
        dvar2: [4.41375885493e-012, 5.19481027084e-008, 1.98536284302e-007, 5.55320070816e-007, 1.69859688981e-007, 7.8236737977e-008, 1.88782820487e-007, 1.94875191539e-008, 5.77446783723e-008, 3.88765727166e-007, 1.63100946082e-008, 2.65961510593e-008, 3.73975304058e-008, 1.40880844768e-008, 3.09419867506e-008, 8.60329905095e-008, 1.34401346941e-007, 2.58692949728e-007, 3.22127959862e-007, 8.37765270489e-008, 4.42903811404e-008, 1.10666045217e-008, 2.31059338329e-010, 9.73369163049e-011, 4.46253867192e-011, 4.13990910509e-014, 4.77282634417e-018, 2.12802261531e-020]
        max: [3.76482821594e-005, 0.00201299227774, 0.00428133038804, 0.00527043640614, 0.00409528426826, 0.00583102274686, 0.00470415176824, 0.00182404683437, 0.00309789692983, 0.00553587637842, 0.0017293500714, 0.00282719382085, 0.00416276464239, 0.00140660232864, 0.00322707206942, 0.0040992833674, 0.00468548713252, 0.00674830703065, 0.00638204300776, 0.00198627798818, 0.00268908799626, 0.00158535549417, 0.000168061611475, 0.00017415099137, 9.89085019683e-005, 3.40868109561e-006, 1.57513913024e-008, 1.11846976125e-009]
        mean: [9.05290562514e-007, 7.35643770895e-005, 0.000260855944362, 0.000279300613329, 0.000252779223956, 0.000139764306368, 0.000166360478033, 9.70168912318e-005, 0.00015703443205, 0.000292031938443, 8.24683957035e-005, 0.000105275554233, 8.68424685905e-005, 9.0871064458e-005, 0.000120603406685, 0.000213492268813, 0.000301574531477, 0.00048920174595, 0.000607715221122, 0.000325429515215, 0.000197891116841, 5.9474245063e-005, 9.06220611796e-006, 3.72953400074e-006, 1.73869227638e-006, 5.97972942273e-008, 7.80268849532e-010, 4.09260889067e-011]
        median: [7.71626957885e-008, 4.18279960286e-005, 0.000154205787112, 0.000145432073623, 0.000175067820237, 8.67196213221e-005, 8.59377105371e-005, 6.42709783278e-005, 0.000109844622784, 0.000119778553199, 5.66157541471e-005, 5.98006226937e-005, 5.35177168786e-005, 6.39110294287e-005, 8.43373272801e-005, 0.000159463103046, 0.000210381724173, 0.000264441099716, 0.00053831085097, 0.000297822873108, 0.00017936367658, 3.99494892918e-005, 6.46938269711e-006, 2.15961313188e-006, 6.97927646343e-007, 2.74846847503e-008, 3.67956665137e-010, 1.30390828343e-011]
        min: [1.66000875428e-025, 1.91517560088e-024, 3.92260666039e-025, 3.62544916689e-025, 5.49814081163e-024, 3.92169419484e-024, 1.0006647729e-023, 5.7545967309e-024, 1.5469190009e-023, 6.12016512957e-024, 1.24950755335e-023, 3.15624005485e-023, 2.43337572628e-023, 2.92068240202e-023, 4.77471031758e-023, 5.66112586442e-023, 7.17814829919e-023, 1.16632592588e-022, 1.37365296059e-022, 1.99393302819e-022, 2.51870236122e-022, 3.88130470582e-022, 4.083832437e-022, 6.05917775657e-022, 7.82838248821e-022, 1.2423127948e-021, 1.8366570091e-021, 4.70814957917e-022]
        var: [5.9460370655e-012, 1.43223486404e-008, 1.39581089798e-007, 1.95867599473e-007, 7.57847473665e-008, 4.94871166268e-008, 1.02439571492e-007, 1.40958507089e-008, 4.03609625721e-008, 3.30579013053e-007, 1.11119158319e-008, 3.07904883812e-008, 1.88259114964e-008, 9.97935334368e-009, 2.21946621082e-008, 7.92779957237e-008, 1.4208140442e-007, 4.08843931154e-007, 2.31432053965e-007, 6.17712885287e-008, 2.78807732457e-008, 7.82276821099e-009, 1.47313300447e-010, 7.17314888043e-011, 3.21787180235e-011, 2.16733488117e-014, 1.87705168769e-018, 5.1906556829e-021]
    mfcc:
        mean: [-720.21496582, 97.7786712646, -52.5475730896, 51.9407463074, -20.1624679565, -5.74866580963, 1.20895433426, -0.198432862759, 2.21065306664, -3.0164899826, -4.02978181839, -5.84970283508, -7.20745372772]
        cov: [[12051.8261719, 816.931762695, -1233.29907227, 1957.93395996, 264.541656494, 644.656188965, 322.5809021, 268.936309814, -242.37461853, -451.095184326, -412.351043701, -227.911254883, -6.39963197708], [816.931762695, 520.204528809, -201.28918457, 190.888793945, -40.1465835571, -25.5668182373, 35.7911262512, -26.9358787537, -2.4834113121, -31.7330589294, -38.2580490112, -34.1178131104, -41.5582847595], [-1233.29907227, -201.28918457, 426.168304443, -285.256652832, -4.66733598709, -56.420124054, -57.3845214844, 10.009223938, 18.9633159637, 82.6103591919, 57.2681846619, 36.7728233337, 23.5403995514], [1957.93395996, 190.888793945, -285.256652832, 622.172790527, 157.382644653, 190.439407349, 121.088279724, -1.95358633995, -69.4028778076, -152.465713501, -136.567611694, -74.2031936646, 1.68785512447], [264.541656494, -40.1465835571, -4.66733598709, 157.382644653, 164.328765869, 93.8184204102, 48.4138336182, -0.431300729513, -30.2273445129, -51.3094711304, -52.8046226501, -22.0424919128, 3.56313109398], [644.656188965, -25.5668182373, -56.420124054, 190.439407349, 93.8184204102, 139.468276978, 63.0217056274, 25.3078575134, -28.1159992218, -46.7707023621, -51.1245765686, -23.6377716064, 9.52244091034], [322.5809021, 35.7911262512, -57.3845214844, 121.088279724, 48.4138336182, 63.0217056274, 114.710601807, 35.5329246521, 1.93488478661, -26.7889041901, -35.3954467773, -15.9019947052, -10.5467090607], [268.936309814, -26.9358787537, 10.009223938, -1.95358633995, -0.431300729513, 25.3078575134, 35.5329246521, 91.6982421875, 24.1970863342, 18.089132309, 6.36542606354, 7.80104160309, -2.01314067841], [-242.37461853, -2.4834113121, 18.9633159637, -69.4028778076, -30.2273445129, -28.1159992218, 1.93488478661, 24.1970863342, 70.635017395, 52.3330841064, 31.2136878967, 14.3523349762, -3.82087135315], [-451.095184326, -31.7330589294, 82.6103591919, -152.465713501, -51.3094711304, -46.7707023621, -26.7889041901, 18.089132309, 52.3330841064, 101.536621094, 63.3613433838, 34.2144241333, 4.7773566246], [-412.351043701, -38.2580490112, 57.2681846619, -136.567611694, -52.8046226501, -51.1245765686, -35.3954467773, 6.36542606354, 31.2136878967, 63.3613433838, 85.3298873901, 46.8128929138, 12.4032869339], [-227.911254883, -34.1178131104, 36.7728233337, -74.2031936646, -22.0424919128, -23.6377716064, -15.9019947052, 7.80104160309, 14.3523349762, 34.2144241333, 46.8128929138, 58.574760437, 26.7259159088], [-6.39963197708, -41.5582847595, 23.5403995514, 1.68785512447, 3.56313109398, 9.52244091034, -10.5467090607, -2.01314067841, -3.82087135315, 4.7773566246, 12.4032869339, 26.7259159088, 46.481010437]]
        icov: [[0.000269082636805, -0.000138692557812, 0.000290115916869, -0.000709067971911, 0.000353354698746, -0.000341761071468, 0.000558427767828, -0.00113555788994, 0.000591369986068, -0.000188256526599, 0.000123037709272, 0.000100882403785, -0.000110558634333], [-0.000138692557812, 0.00329082133248, 0.000470852217404, -0.00138607469853, 0.000975312606897, 0.00251669646241, -0.00107283238322, 0.00133080210071, 2.12380746234e-005, -0.00135912338737, 0.000917170080356, -0.000747221463826, 0.00228525907733], [0.000290115916869, 0.000470852217404, 0.00475240824744, 0.00119251792785, -0.00183733808808, 0.000478592177387, 0.000778508954681, -0.00192590244114, 0.00228264858015, -0.00283483974636, 0.000739165290724, 0.00152191380039, -0.00244652386755], [-0.000709067971911, -0.00138607469853, 0.00119251792785, 0.00810476671904, -0.00297485012561, -0.00352895795368, -0.00235361373052, 0.00312507920898, -0.0019106620457, 0.00348799442872, 0.000486926408485, 0.00197585904971, -0.00346442940645], [0.000353354698746, 0.000975312606897, -0.00183733808808, -0.00297485012561, 0.0131039982662, -0.00606231298298, -0.000552913115826, 0.00116100488231, 7.68117970438e-005, 0.00137038808316, 0.00295941741206, -0.00301335658878, 0.00292988284491], [-0.000341761071468, 0.00251669646241, 0.000478592177387, -0.00352895795368, -0.00606231298298, 0.0220985990018, -0.00489764148369, -0.00343671697192, 0.00417353166267, -0.00398620311171, 0.00143391010351, 0.00351949804462, -0.00488734617829], [0.000558427767828, -0.00107283238322, 0.000778508954681, -0.00235361373052, -0.000552913115826, -0.00489764148369, 0.016543071717, -0.00659580575302, -0.00239141867496, 0.00107000791468, 0.00326484930702, -0.00320513918996, 0.00398776587099], [-0.00113555788994, 0.00133080210071, -0.00192590244114, 0.00312507920898, 0.00116100488231, -0.00343671697192, -0.00659580575302, 0.0206776876003, -0.00703851506114, -7.81098060543e-006, -6.23750820523e-005, -0.00380389601924, 0.00353548722342], [0.000591369986068, 2.12380746234e-005, 0.00228264858015, -0.0019106620457, 7.68117970438e-005, 0.00417353166267, -0.00239141867496, -0.00703851506114, 0.0284663103521, -0.0147213451564, -0.000510940561071, 0.00257944082841, -0.000188350823009], [-0.000188256526599, -0.00135912338737, -0.00283483974636, 0.00348799442872, 0.00137038808316, -0.00398620311171, 0.00107000791468, -7.81098060543e-006, -0.0147213451564, 0.030699821189, -0.0120329698548, -0.00105081428774, 0.000471660372568], [0.000123037709272, 0.000917170080356, 0.000739165290724, 0.000486926408485, 0.00295941741206, 0.00143391010351, 0.00326484930702, -6.23750820523e-005, -0.000510940561071, -0.0120329698548, 0.0366351120174, -0.0200082119554, 0.00358566944487], [0.000100882403785, -0.000747221463826, 0.00152191380039, 0.00197585904971, -0.00301335658878, 0.00351949804462, -0.00320513918996, -0.00380389601924, 0.00257944082841, -0.00105081428774, -0.0200082119554, 0.0450125746429, -0.0231011901051], [-0.000110558634333, 0.00228525907733, -0.00244652386755, -0.00346442940645, 0.00292988284491, -0.00488734617829, 0.00398776587099, 0.00353548722342, -0.000188350823009, 0.000471660372568, 0.00358566944487, -0.0231011901051, 0.0390037149191]]
    sccoeffs:
        dmean: [0.0527914054692, 0.043660312891, 0.0359354503453, 0.0254556853324, 0.0176547728479, 0.016325423494]
        dmean2: [0.0854800343513, 0.0734777823091, 0.0604898184538, 0.0435363613069, 0.0298699531704, 0.0260626766831]
        dvar: [0.00193701533135, 0.00123700534459, 0.000823428155854, 0.000423256831709, 0.000195783082745, 0.000233045837376]
        dvar2: [0.00513566751033, 0.00335825723596, 0.00231332634576, 0.00117822561879, 0.000543121248484, 0.000514187384397]
        max: [-0.320552289486, -0.287627339363, -0.453143745661, -0.619376778603, -0.695648312569, -0.55250364542]
        mean: [-0.671761572361, -0.77867102623, -0.792845189571, -0.822309315205, -0.812844395638, -0.729652702808]
        median: [-0.674190878868, -0.794103264809, -0.802644729614, -0.824445128441, -0.812605202198, -0.720779061317]
        min: [-0.982544958591, -0.98641294241, -0.997095882893, -0.987740814686, -0.989602267742, -0.965665578842]
        var: [0.00832151249051, 0.00752497883514, 0.00406488031149, 0.00133211445063, 0.00112498621456, 0.00355594023131]
    scvalleys:
        dmean: [0.385106921196, 0.325923204422, 0.264405101538, 0.23148009181, 0.19291870296, 0.241035297513]
        dmean2: [0.642373859882, 0.548776447773, 0.439795404673, 0.363784819841, 0.291369587183, 0.376007586718]
        dvar: [0.108303546906, 0.0821462348104, 0.0576787292957, 0.0472254864872, 0.0455293729901, 0.0922994315624]
        dvar2: [0.267128556967, 0.198125511408, 0.126925438643, 0.0909861177206, 0.077559709549, 0.19529157877]
        max: [-5.11463165283, -4.86214256287, -5.41084766388, -5.68291091919, -5.54688262939, -7.52443742752]
        mean: [-7.36278963089, -6.9174618721, -7.07642364502, -7.32179450989, -7.13572835922, -10.2349748611]
        median: [-6.72374534607, -6.38705778122, -6.54263925552, -6.7698764801, -6.47482061386, -9.58362197876]
        min: [-28.0461921692, -27.8869628906, -27.8121299744, -27.5878582001, -27.5025863647, -27.368686676]
        var: [6.173579216, 5.70285224915, 5.51023578644, 5.60943984985, 6.41390275955, 5.36922502518]

rhythm:
    beats_loudness:
        dmean: 0.00193350715563
        dmean2: 0.00335031654686
        dvar: 3.44154750564e-006
        dvar2: 9.45907049754e-006
        max: 0.0142405563965
        mean: 0.00490049971268
        median: 0.00460162200034
        min: 0
        var: 9.13169697014e-006
    bpm: 138.700027466
    bpm_confidence: 0
    first_peak_bpm: 140
    first_peak_spread: 0.335616439581
    first_peak_weight: 0.454332560301
    onset_rate: 3.22338867188
    second_peak_bpm: 185
    second_peak_spread: 0
    second_peak_weight: 0.0866510570049
    beats_loudness_band_ratio:
        dmean: [0.123684808612, 0.0547418557107, 0.0552058294415, 0.0545874871314, 0.0995930433273, 0.0898729339242]
        dmean2: [0.221975103021, 0.0960031449795, 0.0981919914484, 0.0942144989967, 0.174372032285, 0.154994621873]
        dvar: [0.0167376659811, 0.00440684799105, 0.00632906751707, 0.00326907821, 0.00857246667147, 0.00649784971029]
        dvar2: [0.044687256217, 0.0120107997209, 0.0200050026178, 0.00875394139439, 0.0229274407029, 0.0176715571433]
        max: [0.980572760105, 0.839889764786, 0.999252140522, 0.447110742331, 0.715651452541, 0.581371307373]
        mean: [0.182178124785, 0.0857784971595, 0.136439085007, 0.106500938535, 0.260120213032, 0.25784739852]
        median: [0.145218759775, 0.0624243542552, 0.08161470294, 0.0893482416868, 0.254091471434, 0.261709928513]
        min: [0, 0, 0, 0, 0, 0]
        var: [0.0249147992581, 0.0078897215426, 0.0383274741471, 0.00584813486785, 0.0158880818635, 0.0121481437236]
    beats_position: [0.545668900013, 1.07972788811, 1.62539684772, 2.17106580734, 2.70512461662, 3.21596360207, 3.73841261864, 4.26086139679, 4.71365070343, 5.16644001007, 5.61922883987, 6.08362817764, 6.54802703857, 7.01242637634, 7.45360517502, 7.89478445053, 8.33596324921, 8.76553249359, 9.2067117691, 9.63628101349, 10.0658502579, 10.4954195023, 10.9249887466, 11.354557991, 11.7957363129, 12.2369155884, 12.6780948639, 13.1192741394, 13.5604534149, 14.0132427216, 14.4544210434, 14.8956003189, 15.3367795944, 15.7779588699, 16.2191371918, 16.6719264984, 17.1247158051, 17.5775051117, 18.0186843872, 18.4598636627, 18.9010429382, 19.3422222137, 19.7834014893, 20.2245807648, 20.6657600403, 21.1185474396, 21.5713367462, 22.0241260529, 22.4769153595, 22.9297046661, 23.3941040039, 23.8468933105, 24.2880725861, 24.7292518616, 25.158821106, 25.5883903503, 26.0179595947, 26.4475269318, 26.8887062073, 27.3182754517, 27.747844696, 28.1774139404, 28.6069831848, 29.0481624603, 29.4777317047, 29.9073009491, 30.3368701935, 30.7664394379, 31.1960086823, 31.6255779266, 32.0551452637, 32.4847145081, 32.9258956909, 33.3554649353, 33.7850341797, 34.2262115479, 34.6557807922, 35.0853500366, 35.514919281, 35.9444885254, 36.3856697083, 36.8152389526, 37.244808197, 37.6743774414, 38.1039466858, 38.5335159302, 38.9630813599, 39.3926506042, 39.8222198486, 40.2634010315, 40.6929702759, 41.1225395203, 41.5521087646, 41.981678009, 42.4228553772, 42.8524246216, 43.281993866, 43.7115631104, 44.1411323547, 44.5823135376, 45.011882782, 45.4414520264, 45.8710212708, 46.3005905151, 46.7417678833, 47.1713371277, 47.6009063721, 48.0420837402, 48.4832649231, 48.9128341675, 49.3424034119, 49.7719726563, 50.2015419006, 50.631111145, 51.0606803894, 51.4786376953, 51.9082069397, 52.3493881226, 52.7789573669, 53.2201347351, 53.6497039795, 54.0792732239, 54.5204544067, 54.9500198364, 55.3795890808, 55.8091583252, 56.2387275696, 56.668296814, 57.0978660583, 57.5274353027, 57.9570045471, 58.3865737915, 58.8161430359, 59.2573242188, 59.6868934631, 60.1164627075, 60.5460319519, 60.9756011963, 61.4167785645, 61.8463478088, 62.2759170532, 62.7170982361, 63.1466636658, 63.5762329102, 64.0058059692, 64.4353713989, 64.8765487671, 65.2945098877, 65.7240829468, 66.1536483765, 66.5832214355, 67.0127868652, 67.4539642334, 67.895149231, 68.3247146606, 68.7542877197, 69.1838531494, 69.6134262085, 70.0429916382, 70.4725646973, 70.902130127, 71.3316955566, 71.7612686157, 72.1908340454, 72.632019043, 73.0615844727, 73.4911575317, 73.9207229614, 74.3502960205, 74.7914733887, 75.2326507568, 75.673828125, 76.1150131226, 76.5445785522, 76.9741516113, 77.3921051025, 77.8100662231, 78.2396392822, 78.6692047119, 79.098777771, 79.5399551392, 79.9695205688, 80.410697937, 80.8402709961, 81.2698364258, 81.7110214233, 82.1289749146, 82.5585479736, 82.9881134033, 83.4292984009, 83.870475769, 84.2884368896, 84.7180023193, 85.1475753784, 85.5771408081, 86.0067138672, 86.4362792969, 86.865852356, 87.3070297241, 87.7365951538, 88.1661682129, 88.5957336426, 89.0369110107, 89.4664840698, 89.907661438, 90.3372344971, 90.6623077393, 90.9873886108, 91.3124694824, 91.637550354, 91.9742355347, 92.3109283447, 92.6592254639, 93.0075302124, 93.3442153931, 93.6809082031, 94.0175933838, 94.3542861938, 94.6909713745, 95.0276641846, 95.3759613037, 95.7126541138, 96.0493392944, 96.3860321045, 96.6995010376, 97.0129699707, 97.3380508423, 97.6631240845, 97.9882049561, 98.3016738892, 98.6151428223, 98.9286117554, 99.253692627, 99.590385437, 99.9270706177, 100.263763428, 100.588844299, 100.92552948, 101.26222229, 101.610519409, 101.958816528, 102.295509338, 102.632194519, 102.957275391, 103.282356262, 103.607437134, 103.932518005, 104.257591248, 104.582672119, 104.907752991, 105.221221924, 105.534690857, 105.84815979, 106.173240662, 106.498321533, 106.835006714, 107.160087585, 107.485168457, 107.810249329, 108.1353302, 108.460403442, 108.785484314, 109.110565186, 109.435646057, 109.760726929, 110.097412109, 110.445709229, 110.805618286, 111.153923035, 111.479003906, 111.804077148, 112.12915802, 112.442626953, 112.767707825, 113.092788696, 113.417869568, 113.754554749, 114.07963562, 114.404716492, 114.729797363, 115.066482544, 115.414779663, 115.763084412, 116.099769592, 116.436462402, 116.773147583, 117.098228455, 117.527801514, 117.957366943, 118.386940002, 118.816505432, 119.2576828, 119.687255859, 120.116821289, 120.557998657, 120.987571716, 121.417137146, 121.846710205, 122.276275635, 122.705848694, 123.135414124, 123.576599121, 124.006164551, 124.43573761, 124.86530304, 125.294876099, 125.736053467, 126.165618896, 126.595191956, 127.024757385, 127.454330444, 127.895507813, 128.325073242, 128.754638672, 129.18421936, 129.61378479, 130.04335022, 130.472915649, 130.914108276, 131.343673706, 131.773239136, 132.214416504, 132.655593872, 133.09677124, 133.537963867, 133.979141235, 134.431930542, 134.884719849, 135.267837524, 135.650970459, 136.022491455, 136.394012451, 136.765533447, 137.125442505, 137.496963501, 137.856872559, 138.228393555, 138.588302612, 138.924987793, 139.273284912, 139.63319397, 140.016326904, 140.399459839, 140.782577515, 141.177322388, 141.572067261, 141.966796875, 142.361541748, 142.814331055, 143.267120361, 143.731521606, 144.195922852, 144.648712158, 145.101501465, 145.554275513, 146.007064819, 146.448257446, 146.889434814, 147.319000244, 147.748565674, 148.178131104, 148.607711792, 149.037277222, 149.466842651, 149.90802002, 150.337600708, 150.767166138, 151.185119629, 151.626296997, 152.055877686, 152.497055054, 152.926620483, 153.356185913, 153.785751343, 154.203720093, 154.644897461, 155.074462891, 155.515640259, 155.956817627, 156.386398315, 156.815963745, 157.233917236, 157.663482666, 158.104675293, 158.534240723, 158.963806152, 159.393371582, 159.83454895, 160.264129639, 160.693695068, 161.123260498, 161.564437866, 161.994003296, 162.423583984, 162.853149414, 163.282714844, 163.723892212, 164.1534729, 164.58303833, 165.01260376, 165.442169189, 165.883346558, 166.312927246, 166.742492676, 167.172058105, 167.601623535, 168.031204224, 168.460769653, 168.890335083, 169.319900513, 169.737869263, 170.179046631, 170.620223999, 171.049789429, 171.479354858, 171.920547485, 172.350112915, 172.779678345, 173.209243774, 173.650421143, 174.080001831, 174.521179199, 174.950744629, 175.380310059, 175.809890747, 176.251068115, 176.692245483, 177.133422852]
