
metadata:
    version:
        essentia: "2.1-beta2"
    audio_properties:
        analysis_sample_rate: 44100
        bitrate: 280
        channels: 2
        equal_loudness: 1
        length: 204.956741333
        replay_gain: -14.2675037384
        downmix: "mix"
    tags:
        album: "L'Armée des Ombres"
        artist: "Mass Hysteria"
        comment: "You Like It? Buy It!"
        date: "2012"
        genre: "Metal"
        title: "L'esprit du temps"
        tracknumber: "5"

configuration:
    average_loudness:
        compute: 1
        frameSize: 88200
        hopSize: 44100
        silentFrames: "noise"
        windowType: "hann"
    general:
        analysisSampleRate: 44100
        endTime: 2000
        equalLoudness: 1
        nequalLoudness: 0
        shortSound: 0
        startTime: 0
    lowlevel:
        compute: 1
        frameSize: 2048
        hopSize: 1024
        zeroPadding: 0
        silentFrames: "noise"
        windowType: "blackmanharris62"
        mfccStats: ["mean", "cov", "icov"]
        stats: ["mean", "var", "median", "min", "max", "dmean", "dmean2", "dvar", "dvar2"]
    panning:
        compute: 0
        frameSize: 8192
        hopSize: 2048
        zeroPadding: 8192
        silentFrames: "noise"
        windowType: "hann"
        stats: ["copy"]
    rhythm:
        compute: 1
        maxTempo: 208
        minTempo: 40
        method: "degara"
        stats: ["mean", "var", "median", "min", "max", "dmean", "dmean2", "dvar", "dvar2"]
    segmentation:
        compute: 0
        cpw: 5
        inc1: 300
        inc2: 50
        minimumSegmentsLength: 10
        size1: 1000
        size2: 600
    sfx:
        compute: 1
        stats: ["mean", "var", "median", "min", "max", "dmean", "dmean2", "dvar", "dvar2"]
    svm:
        compute: 0
    tonal:
        compute: 1
        frameSize: 4096
        hopSize: 2048
        zeroPadding: 0
        silentFrames: "noise"
        windowType: "blackmanharris62"
        stats: ["mean", "var", "median", "min", "max", "dmean", "dmean2", "dvar", "dvar2"]

lowlevel:
    average_loudness: 0.886570572853
    barkbands_kurtosis:
        dmean: 0.558893978596
        dmean2: 0.92342042923
        dvar: 0.920847475529
        dvar2: 2.31803321838
        max: 14.5805110931
        mean: -1.00702857971
        median: -1.30988383293
        min: -1.86809170246
        var: 1.21071100235
    barkbands_skewness:
        dmean: 0.408249884844
        dmean2: 0.628324389458
        dvar: 0.158758565784
        dvar2: 0.350122869015
        max: 3.86915755272
        mean: -0.00379020324908
        median: 0.0037762792781
        min: -2.52130150795
        var: 0.470850080252
    barkbands_spread:
        dmean: 5.87364912033
        dmean2: 9.62557125092
        dvar: 28.5385932922
        dvar2: 78.7000579834
        max: 66.9072952271
        mean: 38.6883010864
        median: 39.1803436279
        min: 9.53616428375
        var: 68.0346298218
    dissonance:
        dmean: 0.0110214296728
        dmean2: 0.0188299585134
        dvar: 0.000105565843114
        dvar2: 0.00029589238693
        max: 0.500000059605
        mean: 0.481554597616
        median: 0.484885692596
        min: 0.378141611814
        var: 0.000187197380001
    hfc:
        dmean: 2.48657751083
        dmean2: 3.89436626434
        dvar: 15.7742757797
        dvar2: 40.3014755249
        max: 54.0590400696
        mean: 7.85853767395
        median: 6.93015003204
        min: 1.10260144864e-016
        var: 37.8188858032
    pitch:
        dmean: 926.207214355
        dmean2: 1791.76245117
        dvar: 1890191.375
        dvar2: 4513693
        max: 4957.55224609
        mean: 1933.50244141
        median: 2436.26660156
        min: 64.9621734619
        var: 2693056.75
    pitch_instantaneous_confidence:
        dmean: 0.0792483389378
        dmean2: 0.132055982947
        dvar: 0.00397190218791
        dvar2: 0.0108286961913
        max: 0.756838917732
        mean: 0.344404906034
        median: 0.335061728954
        min: 0.0998954772949
        var: 0.00883330497891
    pitch_salience:
        dmean: 0.0603545233607
        dmean2: 0.0967573747039
        dvar: 0.0027998376172
        dvar2: 0.00676308665425
        max: 0.914513468742
        mean: 0.655106425285
        median: 0.661426723003
        min: 0.249259352684
        var: 0.00652025826275
    silence_rate_20dB:
        dmean: 0
        dmean2: 0
        dvar: 0
        dvar2: 0
        max: 1
        mean: 1
        median: 1
        min: 1
        var: 0
    silence_rate_30dB:
        dmean: 0
        dmean2: 0
        dvar: 0
        dvar2: 0
        max: 1
        mean: 1
        median: 1
        min: 1
        var: 0
    silence_rate_60dB:
        dmean: 0.0709187686443
        dmean2: 0.141853615642
        dvar: 0.0658898577094
        dvar2: 0.146440476179
        max: 1
        mean: 0.31762573123
        median: 0
        min: 0
        var: 0.216719061136
    spectral_centroid:
        dmean: 305.621398926
        dmean2: 479.514007568
        dvar: 91362.4609375
        dvar2: 199523.03125
        max: 11671.4140625
        mean: 1754.50769043
        median: 1697.64404297
        min: 282.068481445
        var: 734535.4375
    spectral_complexity:
        dmean: 3.88784408569
        dmean2: 5.90731906891
        dvar: 18.0925178528
        dvar2: 37.9992675781
        max: 49
        mean: 15.078953743
        median: 15
        min: 0
        var: 90.2810287476
    spectral_crest:
        dmean: 1.66143739223
        dmean2: 2.76613521576
        dvar: 2.17615604401
        dvar2: 5.45063686371
        max: 18.0053501129
        mean: 5.83033514023
        median: 5.3697104454
        min: 2.4241104126
        var: 4.06686639786
    spectral_decrease:
        dmean: 2.59694349358e-010
        dmean2: 4.14937556537e-010
        dvar: 1.15080869411e-019
        dvar2: 2.86093339549e-019
        max: 1.33180005658e-028
        mean: -9.82586789711e-010
        median: -9.22012299842e-010
        min: -4.17646983664e-009
        var: 4.01008087828e-019
    spectral_energy:
        dmean: 0.00115981057752
        dmean2: 0.00184553372674
        dvar: 2.52011932389e-006
        dvar2: 6.25636948826e-006
        max: 0.0196286756545
        mean: 0.00442128814757
        median: 0.00413241842762
        min: 1.00847533837e-020
        var: 8.38701635075e-006
    spectral_energyband_high:
        dmean: 0.000175320150447
        dmean2: 0.00029099531821
        dvar: 1.00072398368e-007
        dvar2: 2.66147509365e-007
        max: 0.00692854076624
        mean: 0.000394186383346
        median: 0.000342702318449
        min: 7.09824120809e-021
        var: 1.29992898223e-007
    spectral_energyband_low:
        dmean: 0.000413169414969
        dmean2: 0.000684951432049
        dvar: 3.28446617459e-007
        dvar2: 8.84377072907e-007
        max: 0.00565230846405
        mean: 0.000703071418684
        median: 0.000566951232031
        min: 1.47328341079e-023
        var: 4.3021611873e-007
    spectral_energyband_middle_high:
        dmean: 0.000678420532495
        dmean2: 0.00103782711085
        dvar: 9.97274128167e-007
        dvar2: 2.39266364588e-006
        max: 0.0140324272215
        mean: 0.00215828651562
        median: 0.00176110421307
        min: 1.2224757072e-021
        var: 3.30876514454e-006
    spectral_energyband_middle_low:
        dmean: 0.000511312682647
        dmean2: 0.000839749467559
        dvar: 4.10581861843e-007
        dvar2: 1.09193854314e-006
        max: 0.00836823042482
        mean: 0.00138956739102
        median: 0.00118169328198
        min: 1.47312150498e-022
        var: 1.14040585686e-006
    spectral_flatness_db:
        dmean: 0.011688767001
        dmean2: 0.0182054974139
        dvar: 0.000118268755614
        dvar2: 0.000251247751294
        max: 0.268949598074
        mean: 0.130786791444
        median: 0.128945797682
        min: 0.0628865435719
        var: 0.000426602753578
    spectral_flux:
        dmean: 0.00673629436642
        dmean2: 0.010083517991
        dvar: 5.85042107559e-005
        dvar2: 0.000105651066406
        max: 0.105858162045
        mean: 0.0379193201661
        median: 0.0376751497388
        min: 6.50768883226e-011
        var: 0.000309113849653
    spectral_kurtosis:
        dmean: 0.881069839001
        dmean2: 1.51091337204
        dvar: 0.69023168087
        dvar2: 1.96052587032
        max: 14.3292884827
        mean: 3.08560037613
        median: 2.91118907928
        min: -1.24764323235
        var: 1.77943682671
    spectral_rms:
        dmean: 0.000246768904617
        dmean2: 0.000386516592698
        dvar: 8.21527663675e-008
        dvar2: 1.97059364382e-007
        max: 0.00437606312335
        mean: 0.00192135083489
        median: 0.002007891424
        min: 3.13668362117e-012
        var: 6.21862966455e-007
    spectral_rolloff:
        dmean: 343.091796875
        dmean2: 548.1328125
        dvar: 211452.921875
        dvar2: 408077.375
        max: 19659.8144531
        mean: 3498.14306641
        median: 3509.91210938
        min: 150.732421875
        var: 1714303.75
    spectral_skewness:
        dmean: 0.139490306377
        dmean2: 0.234214708209
        dvar: 0.0179288052022
        dvar2: 0.0469680987298
        max: 2.52703547478
        mean: 1.16120219231
        median: 1.14570498466
        min: -0.0559246726334
        var: 0.0638122484088
    spectral_spread:
        dmean: 371437.125
        dmean2: 555989.3125
        dvar: 414881021952
        dvar2: 686817017856
        max: 43165232
        mean: 4491480.5
        median: 4183549
        min: 2042817.625
        var: 8.38773663334e+012
    spectral_strongpeak:
        dmean: 0.344349503517
        dmean2: 0.601999104023
        dvar: 0.344165503979
        dvar2: 0.933814167976
        max: 7.46045780182
        mean: 0.443679243326
        median: 0.15453787148
        min: 0
        var: 0.476449877024
    zerocrossingrate:
        dmean: 0.00827240385115
        dmean2: 0.0100862774998
        dvar: 7.02132383594e-005
        dvar2: 8.52941593621e-005
        max: 0.521484375
        mean: 0.101731307805
        median: 0.1005859375
        min: 0.015625
        var: 0.00129200436641
    barkbands:
        dmean: [5.63312028135e-007, 8.52720477269e-005, 0.000269668817054, 0.000225179275731, 0.000171355059138, 0.000140540214488, 9.94306246866e-005, 0.000103438105725, 8.15013263491e-005, 0.000104878767161, 5.46222217963e-005, 6.46661719657e-005, 3.85594103136e-005, 5.80479972996e-005, 8.0478770542e-005, 8.3338796685e-005, 0.000136137619847, 0.000203981762752, 0.000271569617325, 0.000137446419103, 8.74434990692e-005, 3.24025422742e-005, 4.17262026531e-006, 2.11936344385e-006, 9.07797470973e-007, 2.35695285511e-008, 3.52211426691e-010]
        dmean2: [8.15594717096e-007, 0.000145067082485, 0.000444835983217, 0.000381196325179, 0.000285190471914, 0.000232490230701, 0.000165413905052, 0.000168726968695, 0.000132734654471, 0.000161927120644, 9.04092521523e-005, 0.000102682810393, 6.27761110081e-005, 9.51682231971e-005, 0.000126491577248, 0.000135818583658, 0.000220089641516, 0.000324975291733, 0.000456081819721, 0.000226829637541, 0.000146819060319, 5.60754779144e-005, 7.08768175173e-006, 3.50043910657e-006, 1.4283954215e-006, 3.85665899216e-008, 6.07901728955e-010]
        dvar: [1.57979163605e-012, 2.92587731821e-008, 1.43871972114e-007, 1.27375358261e-007, 5.11226261324e-008, 7.31965315026e-008, 4.56659954295e-008, 3.85527592073e-008, 2.31265868678e-008, 4.60782487721e-008, 2.24690523964e-008, 2.92876460861e-008, 1.11764038024e-008, 1.3045776015e-008, 4.77478430128e-008, 2.32463115424e-008, 5.50348850936e-008, 1.12773200556e-007, 1.73487961774e-007, 5.44697620342e-008, 2.42650770588e-008, 5.78891024006e-009, 7.75126421382e-011, 4.91961679727e-011, 1.310863397e-011, 4.58950529965e-015, 3.22738267865e-019]
        dvar2: [3.30722667134e-012, 8.15254637132e-008, 3.83117878755e-007, 3.65720012496e-007, 1.3768655549e-007, 1.90856297877e-007, 1.15996087402e-007, 9.14151740972e-008, 5.86191184482e-008, 1.0437842235e-007, 5.48189547089e-008, 6.74094309261e-008, 2.76089835438e-008, 3.44247013118e-008, 1.16201711364e-007, 5.70387932441e-008, 1.36111893312e-007, 2.692844987e-007, 4.77843741464e-007, 1.47324755062e-007, 6.59143495341e-008, 1.51850159114e-008, 1.89553803209e-010, 1.07704373198e-010, 2.61906902416e-011, 1.05190556854e-014, 8.57164513891e-019]
        max: [1.17754962048e-005, 0.0017825148534, 0.00455823540688, 0.00449394062161, 0.00290144234896, 0.00458606332541, 0.00553399417549, 0.00440546032041, 0.00329793128185, 0.00379553856328, 0.00391221838072, 0.0043913689442, 0.00294389249757, 0.002245092066, 0.00470510870218, 0.00384198222309, 0.00719076022506, 0.00623369123787, 0.00561960041523, 0.00347239733674, 0.00429964344949, 0.00208265776746, 0.000186229270184, 0.000201239745365, 8.03656221251e-005, 2.26444899454e-006, 8.46842329594e-009]
        mean: [7.48664547245e-007, 0.000141099677421, 0.000396181741962, 0.00028911177651, 0.00029995793011, 0.000227004362387, 0.000146903621498, 0.000179051727173, 0.00013752724044, 0.000186246848898, 8.51076038089e-005, 0.000103397607745, 6.48007699056e-005, 9.65126382653e-005, 0.000144365607412, 0.00016046273231, 0.00027138623409, 0.000410125590861, 0.000555580540095, 0.00028488895623, 0.000177195775905, 5.11398720846e-005, 7.64628384786e-006, 3.40092606166e-006, 1.40979079788e-006, 3.59210652334e-008, 4.34631997059e-010]
        median: [2.09050924127e-007, 0.000102124526165, 0.00028561745421, 0.000192379608052, 0.000200652575586, 9.83696518233e-005, 7.10371823516e-005, 7.06394203007e-005, 7.78888497734e-005, 7.97653046902e-005, 4.06460894737e-005, 3.80389465136e-005, 3.49129040842e-005, 5.9634061472e-005, 6.24208259978e-005, 0.000111585970444, 0.000184092961717, 0.000243780115852, 0.000473964202683, 0.000238968685153, 0.000147724873386, 3.40989063261e-005, 5.73291708861e-006, 1.92519019038e-006, 5.48459013316e-007, 1.86407547176e-008, 2.38336378411e-010]
        min: [2.01160516907e-024, 3.64611313178e-024, 7.39685978795e-025, 2.71805042287e-024, 8.51449523872e-024, 6.13096779081e-024, 1.24190624744e-023, 5.66867952313e-024, 1.70936139628e-023, 1.36506889177e-023, 2.24746266794e-023, 2.74313410917e-023, 3.16162923701e-023, 3.05027804925e-023, 5.22826242405e-023, 4.40341747087e-023, 1.03321751259e-022, 1.15296085509e-022, 1.36958067127e-022, 1.73772842422e-022, 2.59608923737e-022, 3.03788416091e-022, 4.22119066487e-022, 6.70449021084e-022, 8.93693930959e-022, 1.38765101337e-021, 2.03555860545e-021]
        var: [2.42050433516e-012, 2.82844290211e-008, 1.797440774e-007, 1.23935549823e-007, 1.04770116138e-007, 1.34139199304e-007, 7.07239991016e-008, 9.95586049157e-008, 4.58643185652e-008, 1.18019514161e-007, 4.03629023538e-008, 6.90405528303e-008, 1.59037565339e-008, 2.04025152328e-008, 1.20583337093e-007, 4.53264625833e-008, 1.18908587865e-007, 2.73381516536e-007, 2.47169822387e-007, 6.99224003142e-008, 2.97884170664e-008, 5.93057780662e-009, 1.0817448326e-010, 6.85822579283e-011, 2.32164704128e-011, 7.8189662183e-015, 3.75678111412e-019]
    frequency_bands:
        dmean: [5.63312028135e-007, 8.52720477269e-005, 0.000269668817054, 0.000225179275731, 0.000171355059138, 0.000140540214488, 9.94306246866e-005, 0.000103438105725, 8.15013263491e-005, 0.000104878767161, 5.46222217963e-005, 6.46661719657e-005, 3.85594103136e-005, 5.80479972996e-005, 8.0478770542e-005, 8.3338796685e-005, 0.000136137619847, 0.000203981762752, 0.000271569617325, 0.000137446419103, 8.74434990692e-005, 3.24025422742e-005, 4.17262026531e-006, 2.11936344385e-006, 9.07797470973e-007, 2.35695285511e-008, 3.52211426691e-010, 5.1702451348e-011]
        dmean2: [8.15594717096e-007, 0.000145067082485, 0.000444835983217, 0.000381196325179, 0.000285190471914, 0.000232490230701, 0.000165413905052, 0.000168726968695, 0.000132734654471, 0.000161927120644, 9.04092521523e-005, 0.000102682810393, 6.27761110081e-005, 9.51682231971e-005, 0.000126491577248, 0.000135818583658, 0.000220089641516, 0.000324975291733, 0.000456081819721, 0.000226829637541, 0.000146819060319, 5.60754779144e-005, 7.08768175173e-006, 3.50043910657e-006, 1.4283954215e-006, 3.85665899216e-008, 6.07901728955e-010, 9.61603713323e-011]
        dvar: [1.57979163605e-012, 2.92587731821e-008, 1.43871972114e-007, 1.27375358261e-007, 5.11226261324e-008, 7.31965315026e-008, 4.56659954295e-008, 3.85527592073e-008, 2.31265868678e-008, 4.60782487721e-008, 2.24690523964e-008, 2.92876460861e-008, 1.11764038024e-008, 1.3045776015e-008, 4.77478430128e-008, 2.32463115424e-008, 5.50348850936e-008, 1.12773200556e-007, 1.73487961774e-007, 5.44697620342e-008, 2.42650770588e-008, 5.78891024006e-009, 7.75126421382e-011, 4.91961679727e-011, 1.310863397e-011, 4.58950529965e-015, 3.22738267865e-019, 6.39304711767e-021]
        dvar2: [3.30722667134e-012, 8.15254637132e-008, 3.83117878755e-007, 3.65720012496e-007, 1.3768655549e-007, 1.90856297877e-007, 1.15996087402e-007, 9.14151740972e-008, 5.86191184482e-008, 1.0437842235e-007, 5.48189547089e-008, 6.74094309261e-008, 2.76089835438e-008, 3.44247013118e-008, 1.16201711364e-007, 5.70387932441e-008, 1.36111893312e-007, 2.692844987e-007, 4.77843741464e-007, 1.47324755062e-007, 6.59143495341e-008, 1.51850159114e-008, 1.89553803209e-010, 1.07704373198e-010, 2.61906902416e-011, 1.05190556854e-014, 8.57164513891e-019, 2.01236806383e-020]
        max: [1.17754962048e-005, 0.0017825148534, 0.00455823540688, 0.00449394062161, 0.00290144234896, 0.00458606332541, 0.00553399417549, 0.00440546032041, 0.00329793128185, 0.00379553856328, 0.00391221838072, 0.0043913689442, 0.00294389249757, 0.002245092066, 0.00470510870218, 0.00384198222309, 0.00719076022506, 0.00623369123787, 0.00561960041523, 0.00347239733674, 0.00429964344949, 0.00208265776746, 0.000186229270184, 0.000201239745365, 8.03656221251e-005, 2.26444899454e-006, 8.46842329594e-009, 8.72703187493e-010]
        mean: [7.48664547245e-007, 0.000141099677421, 0.000396181741962, 0.00028911177651, 0.00029995793011, 0.000227004362387, 0.000146903621498, 0.000179051727173, 0.00013752724044, 0.000186246848898, 8.51076038089e-005, 0.000103397607745, 6.48007699056e-005, 9.65126382653e-005, 0.000144365607412, 0.00016046273231, 0.00027138623409, 0.000410125590861, 0.000555580540095, 0.00028488895623, 0.000177195775905, 5.11398720846e-005, 7.64628384786e-006, 3.40092606166e-006, 1.40979079788e-006, 3.59210652334e-008, 4.34631997059e-010, 3.98354474407e-011]
        median: [2.09050924127e-007, 0.000102124526165, 0.00028561745421, 0.000192379608052, 0.000200652575586, 9.83696518233e-005, 7.10371823516e-005, 7.06394203007e-005, 7.78888497734e-005, 7.97653046902e-005, 4.06460894737e-005, 3.80389465136e-005, 3.49129040842e-005, 5.9634061472e-005, 6.24208259978e-005, 0.000111585970444, 0.000184092961717, 0.000243780115852, 0.000473964202683, 0.000238968685153, 0.000147724873386, 3.40989063261e-005, 5.73291708861e-006, 1.92519019038e-006, 5.48459013316e-007, 1.86407547176e-008, 2.38336378411e-010, 1.24064552035e-011]
        min: [2.01160516907e-024, 3.64611313178e-024, 7.39685978795e-025, 2.71805042287e-024, 8.51449523872e-024, 6.13096779081e-024, 1.24190624744e-023, 5.66867952313e-024, 1.70936139628e-023, 1.36506889177e-023, 2.24746266794e-023, 2.74313410917e-023, 3.16162923701e-023, 3.05027804925e-023, 5.22826242405e-023, 4.40341747087e-023, 1.03321751259e-022, 1.15296085509e-022, 1.36958067127e-022, 1.73772842422e-022, 2.59608923737e-022, 3.03788416091e-022, 4.22119066487e-022, 6.70449021084e-022, 8.93693930959e-022, 1.38765101337e-021, 2.03555860545e-021, 4.7243195869e-022]
        var: [2.42050433516e-012, 2.82844290211e-008, 1.797440774e-007, 1.23935549823e-007, 1.04770116138e-007, 1.34139199304e-007, 7.07239991016e-008, 9.95586049157e-008, 4.58643185652e-008, 1.18019514161e-007, 4.03629023538e-008, 6.90405528303e-008, 1.59037565339e-008, 2.04025152328e-008, 1.20583337093e-007, 4.53264625833e-008, 1.18908587865e-007, 2.73381516536e-007, 2.47169822387e-007, 6.99224003142e-008, 2.97884170664e-008, 5.93057780662e-009, 1.0817448326e-010, 6.85822579283e-011, 2.32164704128e-011, 7.8189662183e-015, 3.75678111412e-019, 5.14416433584e-021]
    mfcc:
        mean: [-719.231262207, 103.746017456, -46.0807495117, 62.2228775024, -13.8276395798, -2.35197401047, 2.63314604759, 0.67312759161, 1.81276869774, -1.61758208275, -2.19486379623, -3.3343334198, -5.54000043869]
        cov: [[10185.6630859, 1177.61047363, -1032.00231934, 1002.3762207, -337.635986328, 118.814163208, -146.301452637, 118.918289185, -17.7248821259, -10.2141208649, -19.8116168976, -74.8730163574, -153.396789551], [1177.61047363, 711.978393555, -252.933532715, 228.600158691, -77.1623458862, -6.13491249084, 39.8811950684, -17.9913082123, 16.5692176819, -19.4740009308, 12.9473934174, 12.4750852585, -3.39743542671], [-1032.00231934, -252.933532715, 350.732513428, -128.421203613, 61.2165527344, -6.99758195877, 3.86042523384, -7.585501194, -17.7272491455, 17.0114898682, -4.35307598114, 13.5821352005, 21.3093795776], [1002.3762207, 228.600158691, -128.421203613, 243.015777588, -32.9585418701, 8.09526538849, -12.211186409, -5.33528757095, 16.8318824768, 6.23847723007, -4.16871404648, -15.2820415497, -15.7200117111], [-337.635986328, -77.1623458862, 61.2165527344, -32.9585418701, 99.8933486938, 13.5613031387, -4.87570810318, -2.9142768383, 1.49799621105, 6.9616484642, 2.65919685364, -2.69234609604, 1.40694797039], [118.814163208, -6.13491249084, -6.99758195877, 8.09526538849, 13.5613031387, 61.2808570862, 14.3521585464, 18.8625049591, -6.03896331787, 1.28799307346, 2.96609807014, 1.48938405514, -3.13455748558], [-146.301452637, 39.8811950684, 3.86042523384, -12.211186409, -4.87570810318, 14.3521585464, 87.30103302, 22.1325588226, 5.05891656876, -4.81714916229, -2.42219281197, 3.85385751724, -4.8807964325], [118.918289185, -17.9913082123, -7.585501194, -5.33528757095, -2.9142768383, 18.8625049591, 22.1325588226, 72.8339233398, 14.3996305466, 12.3159484863, -3.88109230995, -9.79981803894, -15.3062477112], [-17.7248821259, 16.5692176819, -17.7272491455, 16.8318824768, 1.49799621105, -6.03896331787, 5.05891656876, 14.3996305466, 53.5002059937, 20.4998645782, 2.48492097855, -11.0849123001, -9.63491344452], [-10.2141208649, -19.4740009308, 17.0114898682, 6.23847723007, 6.9616484642, 1.28799307346, -4.81714916229, 12.3159484863, 20.4998645782, 56.2673225403, 12.8330879211, -3.82525682449, -10.5370922089], [-19.8116168976, 12.9473934174, -4.35307598114, -4.16871404648, 2.65919685364, 2.96609807014, -2.42219281197, -3.88109230995, 2.48492097855, 12.8330879211, 44.4440040588, 18.720123291, 5.54945039749], [-74.8730163574, 12.4750852585, 13.5821352005, -15.2820415497, -2.69234609604, 1.48938405514, 3.85385751724, -9.79981803894, -11.0849123001, -3.82525682449, 18.720123291, 47.3520545959, 24.5179176331], [-153.396789551, -3.39743542671, 21.3093795776, -15.7200117111, 1.40694797039, -3.13455748558, -4.8807964325, -15.3062477112, -9.63491344452, -10.5370922089, 5.54945039749, 24.5179176331, 48.8598747253]]
        icov: [[0.000247650401434, -7.95866726548e-005, 0.000329787959345, -0.000712705776095, 0.000374670082238, -0.000326530367602, 0.000549839111045, -0.000539879780263, 0.000533059122972, -1.86240613402e-005, 7.24031997379e-005, -0.000163932680152, 0.000428035040386], [-7.95866726548e-005, 0.00273494282737, 0.00107700878289, -0.00182362110354, 0.000355765689164, 0.000893214077223, -0.00198967754841, 0.000905867666006, -0.000345319509506, 0.000520350469742, -0.000679702381603, -0.000980410957709, -0.000370760360966], [0.000329787959345, 0.00107700878289, 0.00515117961913, -6.49279754725e-005, -0.00127955013886, 0.000672851630952, -0.000544565962628, -7.51314655645e-005, 0.00212635425851, -0.00235257530585, 0.00148780050222, -0.00118238909636, -0.000818851636723], [-0.000712705776095, -0.00182362110354, -6.49279754725e-005, 0.00912744738162, -0.000343487336067, -0.00117097934708, 0.000445449521067, 0.00250006909482, -0.0025927638635, -0.00151421455666, 0.00126638798974, 0.00187645293772, -0.000560226733796], [0.000374670082238, 0.000355765689164, -0.00127955013886, -0.000343487336067, 0.0130207184702, -0.00442846817896, 0.00166800408624, 0.000984607380815, -0.00106688635424, -0.00013174956257, -0.00102975731716, 0.00155903038103, 0.000560429936741], [-0.000326530367602, 0.000893214077223, 0.000672851630952, -0.00117097934708, -0.00442846817896, 0.0212001781911, -0.003970596008, -0.00487545318902, 0.00434743519872, -0.00035035633482, -0.00195341045037, -0.000828684133012, -0.000650171656162], [0.000549839111045, -0.00198967754841, -0.000544565962628, 0.000445449521067, 0.00166800408624, -0.003970596008, 0.0159067995846, -0.00493418332189, -0.00115384289529, 0.00232449988835, 0.00157066027168, -0.00275628315285, 0.00318768853322], [-0.000539879780263, 0.000905867666006, -7.51314655645e-005, 0.00250006909482, 0.000984607380815, -0.00487545318902, -0.00493418332189, 0.0200343485922, -0.00509284390137, -0.00292074214667, 0.00181392976083, 0.0012085310882, 0.00220061931759], [0.000533059122972, -0.000345319509506, 0.00212635425851, -0.0025927638635, -0.00106688635424, 0.00434743519872, -0.00115384289529, -0.00509284390137, 0.0267132353038, -0.00847958214581, -0.00136298302095, 0.00453891092911, -0.000196892404347], [-1.86240613402e-005, 0.000520350469742, -0.00235257530585, -0.00151421455666, -0.00013174956257, -0.00035035633482, 0.00232449988835, -0.00292074214667, -0.00847958214581, 0.0254926532507, -0.00816781260073, 0.000226201678743, 0.00445489631966], [7.24031997379e-005, -0.000679702381603, 0.00148780050222, 0.00126638798974, -0.00102975731716, -0.00195341045037, 0.00157066027168, 0.00181392976083, -0.00136298302095, -0.00816781260073, 0.0314789749682, -0.0139013621956, 0.00193822022993], [-0.000163932680152, -0.000980410957709, -0.00118238909636, 0.00187645293772, 0.00155903038103, -0.000828684133012, -0.00275628315285, 0.0012085310882, 0.00453891092911, 0.000226201678743, -0.0139013621956, 0.0373440086842, -0.0156747549772], [0.000428035040386, -0.000370760360966, -0.000818851636723, -0.000560226733796, 0.000560429936741, -0.000650171656162, 0.00318768853322, 0.00220061931759, -0.000196892404347, 0.00445489631966, 0.00193822022993, -0.0156747549772, 0.031478960067]]
    sccoeffs:
        dmean: [0.0526297576725, 0.0471504367888, 0.0376209504902, 0.0259722210467, 0.018568161875, 0.0173968151212]
        dmean2: [0.0874669402838, 0.078807733953, 0.0624957866967, 0.0433264411986, 0.0314647443593, 0.0275996755809]
        dvar: [0.00185479118954, 0.00138827657793, 0.000896131794434, 0.000431649998063, 0.000232154256082, 0.000300233165035]
        dvar2: [0.00514072040096, 0.00384837831371, 0.0023764653597, 0.00119152839761, 0.000627919682302, 0.00070351321483]
        max: [-0.376774013042, -0.517353832722, -0.523988008499, -0.597177147865, -0.656427025795, -0.579004704952]
        mean: [-0.670743048191, -0.769361197948, -0.790252566338, -0.815632224083, -0.812784731388, -0.729231476784]
        median: [-0.666849851608, -0.774066209793, -0.796028733253, -0.819823861122, -0.812698602676, -0.722946941853]
        min: [-0.982735455036, -0.981013000011, -0.9719799757, -0.970249176025, -0.965671956539, -0.964942872524]
        var: [0.00524769723415, 0.00451360922307, 0.00340482196771, 0.00201445445418, 0.0012632397702, 0.00183405703865]
    scvalleys:
        dmean: [0.366812080145, 0.339192152023, 0.292140007019, 0.237710431218, 0.209123790264, 0.264916837215]
        dmean2: [0.61171066761, 0.572246015072, 0.472642034292, 0.372798293829, 0.313407659531, 0.404142439365]
        dvar: [0.095352075994, 0.0811133161187, 0.0652415007353, 0.0499828532338, 0.0525179430842, 0.126229375601]
        dvar2: [0.234299451113, 0.199704945087, 0.142485201359, 0.0963837727904, 0.0917963981628, 0.261554926634]
        max: [-5.12318515778, -5.0052728653, -5.14588356018, -5.68397855759, -5.37775087357, -7.38315534592]
        mean: [-6.91250324249, -6.8399643898, -7.2219004631, -7.38443994522, -7.03327989578, -10.139960289]
        median: [-6.54300880432, -6.4631357193, -6.83145475388, -6.97648525238, -6.58011341095, -9.67923355103]
        min: [-28.0408477783, -27.9823036194, -27.6686592102, -27.4915542603, -27.6058368683, -27.3949050903]
        var: [4.0157122612, 4.01878881454, 3.97709298134, 3.95552897453, 4.05736207962, 3.65881466866]

rhythm:
    beats_loudness:
        dmean: 0.00182285474148
        dmean2: 0.00314418482594
        dvar: 2.72663078249e-006
        dvar2: 7.20674461263e-006
        max: 0.0164325293154
        mean: 0.0054815588519
        median: 0.00539448065683
        min: 0
        var: 9.11397546588e-006
    bpm: 166.600357056
    bpm_confidence: 0
    first_peak_bpm: 167
    first_peak_spread: 0
    first_peak_weight: 0.452107280493
    onset_rate: 3.58124375343
    second_peak_bpm: 172
    second_peak_spread: 0
    second_peak_weight: 0.331417620182
    beats_loudness_band_ratio:
        dmean: [0.0991720631719, 0.0619915053248, 0.0815419331193, 0.0586800277233, 0.103325635195, 0.0694514364004]
        dmean2: [0.169772699475, 0.105999134481, 0.137792527676, 0.104408539832, 0.17951631546, 0.113919086754]
        dvar: [0.00668994057924, 0.00367195275612, 0.00615644594654, 0.00483188219368, 0.00932385306805, 0.00294955167919]
        dvar2: [0.0180262196809, 0.0100650247186, 0.0164687409997, 0.0138988047838, 0.0246619097888, 0.00811914727092]
        max: [0.576976776123, 0.474223732948, 0.526252388954, 0.47915443778, 0.727652907372, 0.45988753438]
        mean: [0.212260395288, 0.103590153158, 0.138512805104, 0.0925557985902, 0.25925809145, 0.228693962097]
        median: [0.203915134072, 0.0851630121469, 0.114052802324, 0.0740111097693, 0.238961279392, 0.227209642529]
        min: [0, 0, 0, 0, 0, 0]
        var: [0.0119951600209, 0.00483828224242, 0.00910703465343, 0.00439589098096, 0.0153605025262, 0.00646723294631]
    beats_position: [0.383129239082, 0.777868449688, 1.16099774837, 1.52090704441, 1.88081634045, 2.24072551727, 2.60063481331, 2.96054410934, 3.30884337425, 3.66875267029, 4.01705217361, 4.3653512001, 4.72526073456, 5.08516979218, 5.4334692955, 5.79337835312, 6.15328788757, 6.5015873909, 6.84988641739, 7.20979595184, 7.56970500946, 7.91800451279, 8.27791404724, 8.63782310486, 8.98612213135, 9.34603118896, 9.70594120026, 10.0890703201, 10.47219944, 10.866938591, 11.261677742, 11.6331968307, 11.9931058884, 12.3530158997, 12.7129249573, 13.0612239838, 13.4211339951, 13.7694330215, 14.1293420792, 14.4892511368, 14.8491611481, 15.2090702057, 15.5573692322, 15.9056682587, 16.2655773163, 16.6254863739, 16.9737873077, 17.3336963654, 17.693605423, 18.0419044495, 18.390203476, 18.7501125336, 19.1100215912, 19.458322525, 19.8182315826, 20.1781406403, 20.5264396667, 20.8863487244, 21.246257782, 21.5945568085, 21.942855835, 22.3027667999, 22.6626758575, 23.010974884, 23.3592739105, 23.7191829681, 24.0790920258, 24.4273910522, 24.7873020172, 25.1356010437, 25.4955101013, 25.8554191589, 26.2153282166, 26.563627243, 26.9119262695, 27.2718353271, 27.6317462921, 27.9800453186, 28.3283443451, 28.6766433716, 29.0249423981, 29.3848514557, 29.7447605133, 30.1046714783, 30.4645805359, 30.8244895935, 31.1843986511, 31.5326976776, 31.8809967041, 32.2409057617, 32.6008148193, 32.9491157532, 33.3090248108, 33.6689338684, 34.0172348022, 34.3771438599, 34.7370529175, 35.0853500366, 35.4336509705, 35.7819480896, 36.1418571472, 36.5017662048, 36.8500671387, 37.1983680725, 37.5466651917, 37.8949661255, 38.2664833069, 38.6147842407, 38.9746932983, 39.334602356, 39.6945114136, 40.0544204712, 40.402721405, 40.7626304626, 41.1225395203, 41.4824485779, 41.8423576355, 42.1906585693, 42.5389556885, 42.8988647461, 43.2587738037, 43.6070747375, 43.9553718567, 44.3152809143, 44.6751937866, 45.0234909058, 45.3833999634, 45.7317008972, 46.0799980164, 46.439907074, 46.7998161316, 47.1597251892, 47.508026123, 47.8679351807, 48.2278442383, 48.5761451721, 48.9360542297, 49.2959632874, 49.6442604065, 50.0041732788, 50.3524703979, 50.7007713318, 51.0606803894, 51.4089775085, 51.7572784424, 52.1287956238, 52.4770965576, 52.8370056152, 53.1969146729, 53.5452156067, 53.9051246643, 54.2650337219, 54.6133308411, 54.9616317749, 55.3215408325, 55.6814498901, 56.029750824, 56.3780479431, 56.7379570007, 57.0978660583, 57.4461669922, 57.8060760498, 58.1659851074, 58.5142860413, 58.8625831604, 59.222492218, 59.5824012756, 59.9307022095, 60.2906112671, 60.6505203247, 60.9988212585, 61.3587303162, 61.7186393738, 62.0669364929, 62.4152374268, 62.7751464844, 63.135055542, 63.4833564758, 63.831653595, 64.1915664673, 64.5514755249, 64.899772644, 65.2596817017, 65.6195907593, 65.9678878784, 66.327796936, 66.6877059937, 67.0360107422, 67.3843078613, 67.7442169189, 68.1041259766, 68.4524230957, 68.8123321533, 69.1722412109, 69.5205459595, 69.8688430786, 70.2287521362, 70.5770492554, 70.936958313, 71.2852630615, 71.6451721191, 72.0050811768, 72.3533782959, 72.7132873535, 73.0731964111, 73.4214935303, 73.7814025879, 74.1413116455, 74.489616394, 74.8495254517, 75.2094345093, 75.5577316284, 75.9060287476, 76.2659378052, 76.6258468628, 76.9741516113, 77.3340606689, 77.6939697266, 78.0422668457, 78.3905639648, 78.7504730225, 79.1103820801, 79.4586868286, 79.8069839478, 80.1552810669, 80.5151901245, 80.8750991821, 81.2233963013, 81.5833053589, 81.9432220459, 82.291519165, 82.6398162842, 82.9881134033, 83.3364181519, 83.7079315186, 84.0678405762, 84.4161453247, 84.7760543823, 85.1359634399, 85.4958724976, 85.8557815552, 86.2156906128, 86.5639877319, 86.9122848511, 87.2722015381, 87.6321105957, 87.9804077148, 88.328704834, 88.6886138916, 89.0485229492, 89.3968200684, 89.7567367554, 90.116645813, 90.4649429321, 90.8248519897, 91.1731491089, 91.521446228, 91.8813552856, 92.2412643433, 92.6011810303, 92.9494781494, 93.2977752686, 93.6576843262, 94.0175933838, 94.3775024414, 94.737411499, 95.0857162476, 95.4456253052, 95.8055343628, 96.1538314819, 96.5021286011, 96.8504257202, 97.1987304688, 97.5702438354, 97.918548584, 98.2668457031, 98.6267547607, 98.9866638184, 99.346572876, 99.6948699951, 100.054779053, 100.403083801, 100.762992859, 101.122901917, 101.471199036, 101.819496155, 102.179405212, 102.53931427, 102.887619019, 103.247528076, 103.607437134, 103.955734253, 104.304031372, 104.66394043, 105.023849487, 105.383758545, 105.743675232, 106.10358429, 106.463493347, 106.823402405, 107.171699524, 107.531608582, 107.879905701, 108.22820282, 108.576507568, 108.936416626, 109.296325684, 109.656234741, 110.016143799, 110.364440918, 110.712738037, 111.061042786, 111.409339905, 111.769248962, 112.12915802, 112.489067078, 112.837364197, 113.197273254, 113.545578003, 113.893875122, 114.25378418, 114.613693237, 114.973602295, 115.333511353, 115.681808472, 116.041717529, 116.401634216, 116.749931335, 117.109840393, 117.469749451, 117.81804657, 118.166343689, 118.526252747, 118.886169434, 119.234466553, 119.582763672, 119.942672729, 120.302581787, 120.650878906, 121.010787964, 121.370697021, 121.71900177, 122.067298889, 122.415596008, 122.775505066, 123.135414124, 123.483718872, 123.84362793, 124.203536987, 124.551834106, 124.900131226, 125.260040283, 125.619949341, 125.968254089, 126.328163147, 126.676460266, 127.024757385, 127.384666443, 127.7445755, 128.104492188, 128.464401245, 128.824310303, 129.172607422, 129.520904541, 129.86920166, 130.217498779, 130.577407837, 130.937316895, 131.297225952, 131.65713501, 132.005432129, 132.365356445, 132.725265503, 133.073562622, 133.421859741, 133.781768799, 134.141677856, 134.489974976, 134.849884033, 135.209793091, 135.55809021, 135.906387329, 136.266296387, 136.626205444, 136.986114502, 137.34602356, 137.694335938, 138.042633057, 138.402542114, 138.762451172, 139.110748291, 139.45904541, 139.818954468, 140.178863525, 140.527160645, 140.875457764, 141.235366821, 141.595275879, 141.943572998, 142.303482056, 142.663391113, 143.011703491, 143.36000061, 143.708297729, 144.068206787, 144.428115845, 144.788024902, 145.14793396, 145.496231079, 145.856140137, 146.216049194, 146.564346313, 146.924255371, 147.27255249, 147.632461548, 147.980773926, 148.340682983, 148.688980103, 149.04888916, 149.408798218, 149.768707275, 150.302764893, 150.83682251, 151.370880127, 151.893325806, 152.427383423, 152.94984436, 153.472290039, 153.994735718, 154.528793335, 155.074462891, 155.620132446, 156.154190063, 156.688247681, 157.210693359, 157.744766235, 158.267211914, 158.801269531, 159.335327148, 159.869384766, 160.403442383, 160.9375, 161.471557617, 162.005615234, 162.539672852, 163.073745728, 163.607803345, 164.141860962, 164.675918579, 165.209976196, 165.744033813, 166.278091431, 166.800537109, 167.322982788, 167.857055664, 168.391113281, 168.925170898, 169.459228516, 169.993286133, 170.52734375, 171.061401367, 171.595458984, 172.129516602, 172.663574219, 173.197631836, 173.731704712, 174.265762329, 174.788208008, 175.310653687, 175.844711304, 176.378768921, 176.912826538, 177.446884155, 177.980941772, 178.515014648, 179.049072266, 179.583129883, 180.1171875, 180.651245117, 181.185302734, 181.719360352, 182.253417969, 182.787475586, 183.321533203, 183.85559082, 184.378051758, 184.900497437, 185.434555054, 185.968612671, 186.502670288, 187.036727905, 187.570785522, 188.10484314, 188.638900757, 189.172973633, 189.70703125, 190.241088867, 190.775146484, 191.309204102, 191.843261719, 192.377319336, 192.899765015, 193.422225952, 193.956283569, 194.490341187, 195.024398804, 195.558456421, 196.092514038, 196.626571655, 197.172241211, 197.717910767, 198.263580322, 198.809249878, 199.366531372, 199.912200928, 200.469467163, 201.026748657, 201.572418213, 202.118087769, 202.663757324, 203.20942688, 203.755096436, 204.323989868]
