
metadata:
    version:
        essentia: "2.1-beta2"
    audio_properties:
        analysis_sample_rate: 44100
        bitrate: 293
        channels: 2
        equal_loudness: 1
        length: 264.594299316
        replay_gain: -13.6079750061
        downmix: "mix"
    tags:
        album: "L'Armée des Ombres"
        artist: "Mass Hysteria"
        comment: "You Like It? Buy It!"
        date: "2012"
        genre: "Metal"
        title: "Tout doit disparaître"
        tracknumber: "6"

configuration:
    average_loudness:
        compute: 1
        frameSize: 88200
        hopSize: 44100
        silentFrames: "noise"
        windowType: "hann"
    general:
        analysisSampleRate: 44100
        endTime: 2000
        equalLoudness: 1
        nequalLoudness: 0
        shortSound: 0
        startTime: 0
    lowlevel:
        compute: 1
        frameSize: 2048
        hopSize: 1024
        zeroPadding: 0
        silentFrames: "noise"
        windowType: "blackmanharris62"
        mfccStats: ["mean", "cov", "icov"]
        stats: ["mean", "var", "median", "min", "max", "dmean", "dmean2", "dvar", "dvar2"]
    panning:
        compute: 0
        frameSize: 8192
        hopSize: 2048
        zeroPadding: 8192
        silentFrames: "noise"
        windowType: "hann"
        stats: ["copy"]
    rhythm:
        compute: 1
        maxTempo: 208
        minTempo: 40
        method: "degara"
        stats: ["mean", "var", "median", "min", "max", "dmean", "dmean2", "dvar", "dvar2"]
    segmentation:
        compute: 0
        cpw: 5
        inc1: 300
        inc2: 50
        minimumSegmentsLength: 10
        size1: 1000
        size2: 600
    sfx:
        compute: 1
        stats: ["mean", "var", "median", "min", "max", "dmean", "dmean2", "dvar", "dvar2"]
    svm:
        compute: 0
    tonal:
        compute: 1
        frameSize: 4096
        hopSize: 2048
        zeroPadding: 0
        silentFrames: "noise"
        windowType: "blackmanharris62"
        stats: ["mean", "var", "median", "min", "max", "dmean", "dmean2", "dvar", "dvar2"]

lowlevel:
    average_loudness: 0.934933066368
    barkbands_kurtosis:
        dmean: 0.698185563087
        dmean2: 1.13752996922
        dvar: 1.54967772961
        dvar2: 3.76856184006
        max: 37.831943512
        mean: -0.674634039402
        median: -1.15118527412
        min: -1.90891289711
        var: 3.13808584213
    barkbands_skewness:
        dmean: 0.391378253698
        dmean2: 0.623099207878
        dvar: 0.140686407685
        dvar2: 0.338755190372
        max: 4.15172290802
        mean: -0.408744186163
        median: -0.485457509756
        min: -2.93549871445
        var: 0.487342059612
    barkbands_spread:
        dmean: 6.23493862152
        dmean2: 10.0362291336
        dvar: 31.8893852234
        dvar2: 82.572303772
        max: 68.6023254395
        mean: 37.0622787476
        median: 38.3205299377
        min: 0.798330008984
        var: 114.878433228
    dissonance:
        dmean: 0.00993091985583
        dmean2: 0.0170239787549
        dvar: 0.000202472612727
        dvar2: 0.000593243108597
        max: 0.500000178814
        mean: 0.485230535269
        median: 0.489333957434
        min: 0.190513923764
        var: 0.000292742042802
    hfc:
        dmean: 3.16456508636
        dmean2: 5.11340522766
        dvar: 19.1967048645
        dvar2: 48.7432975769
        max: 59.0613861084
        mean: 9.08723735809
        median: 7.84539747238
        min: 1.07676548791e-016
        var: 40.1936607361
    pitch:
        dmean: 967.546325684
        dmean2: 1843.48242188
        dvar: 1777878
        dvar2: 4247350
        max: 5056.49365234
        mean: 2327.94360352
        median: 3469.1081543
        min: 43.0243911743
        var: 2483274.25
    pitch_instantaneous_confidence:
        dmean: 0.0835442021489
        dmean2: 0.139911532402
        dvar: 0.00499805016443
        dvar2: 0.0127529622987
        max: 0.885064899921
        mean: 0.351878404617
        median: 0.337737262249
        min: 0.0956073403358
        var: 0.0114478832111
    pitch_salience:
        dmean: 0.054213359952
        dmean2: 0.0901306048036
        dvar: 0.00231606676243
        dvar2: 0.00620253151283
        max: 0.944897890091
        mean: 0.6858060956
        median: 0.699607312679
        min: 0.256338685751
        var: 0.00595515919849
    silence_rate_20dB:
        dmean: 0
        dmean2: 0
        dvar: 0
        dvar2: 0
        max: 1
        mean: 1
        median: 1
        min: 1
        var: 0
    silence_rate_30dB:
        dmean: 0
        dmean2: 0
        dvar: 0
        dvar2: 0
        max: 1
        mean: 1
        median: 1
        min: 1
        var: 0
    silence_rate_60dB:
        dmean: 0.11109161377
        dmean2: 0.222202718258
        dvar: 0.0987434312701
        dvar2: 0.205630660057
        max: 1
        mean: 0.343248218298
        median: 0
        min: 0
        var: 0.225432947278
    spectral_centroid:
        dmean: 288.701904297
        dmean2: 466.841766357
        dvar: 83572.0625
        dvar2: 197033.796875
        max: 11885.4072266
        mean: 2080.05761719
        median: 2107.86083984
        min: 257.335876465
        var: 653052.375
    spectral_complexity:
        dmean: 4.34240102768
        dmean2: 6.75401496887
        dvar: 18.4798316956
        dvar2: 41.9685707092
        max: 46
        mean: 16.4672279358
        median: 17
        min: 0
        var: 84.3276290894
    spectral_crest:
        dmean: 1.64351129532
        dmean2: 2.77280020714
        dvar: 2.32719802856
        dvar2: 6.19353961945
        max: 19.1945228577
        mean: 6.02442646027
        median: 5.55136632919
        min: 2.37636089325
        var: 4.61730289459
    spectral_decrease:
        dmean: 3.17476406275e-010
        dmean2: 5.08522668419e-010
        dvar: 1.99811861763e-019
        dvar2: 5.0693308891e-019
        max: 2.08204004789e-028
        mean: -9.38835453823e-010
        median: -8.06421984745e-010
        min: -4.93263119239e-009
        var: 4.0217536892e-019
    spectral_energy:
        dmean: 0.00145441514906
        dmean2: 0.00232829293236
        dvar: 4.12917779613e-006
        dvar2: 1.0437448509e-005
        max: 0.0220107901841
        mean: 0.00436761975288
        median: 0.00377361103892
        min: 1.02255429167e-020
        var: 8.54737936606e-006
    spectral_energyband_high:
        dmean: 0.000234537161305
        dmean2: 0.000400565651944
        dvar: 1.44774503497e-007
        dvar2: 3.88232876958e-007
        max: 0.00406547356397
        mean: 0.000496636785101
        median: 0.000407083920436
        min: 7.11367329639e-021
        var: 1.7295568e-007
    spectral_energyband_low:
        dmean: 0.000362627120921
        dmean2: 0.000617036595941
        dvar: 3.60004321465e-007
        dvar2: 1.0015778571e-006
        max: 0.00834154803306
        mean: 0.000558918341994
        median: 0.000383138656616
        min: 1.98716286613e-023
        var: 4.33647954878e-007
    spectral_energyband_middle_high:
        dmean: 0.000819283130113
        dmean2: 0.00127237976994
        dvar: 1.15162015391e-006
        dvar2: 2.63193533101e-006
        max: 0.014219132252
        mean: 0.00247603701428
        median: 0.00204367749393
        min: 1.23938454312e-021
        var: 3.48218509316e-006
    spectral_energyband_middle_low:
        dmean: 0.000546653638594
        dmean2: 0.000913815340027
        dvar: 9.03727766399e-007
        dvar2: 2.42239957515e-006
        max: 0.012437812984
        mean: 0.00102525518741
        median: 0.000766524346545
        min: 1.63983394133e-022
        var: 1.04464220385e-006
    spectral_flatness_db:
        dmean: 0.0117982774973
        dmean2: 0.0187272150069
        dvar: 0.00012993538985
        dvar2: 0.000295608479064
        max: 0.502207875252
        mean: 0.138332128525
        median: 0.128150314093
        min: 0.0576679632068
        var: 0.00209851609543
    spectral_flux:
        dmean: 0.00769408233464
        dmean2: 0.0116533897817
        dvar: 8.6353655206e-005
        dvar2: 0.000149333252921
        max: 0.118937045336
        mean: 0.0403726063669
        median: 0.037980042398
        min: 6.25727733516e-011
        var: 0.000337057776051
    spectral_kurtosis:
        dmean: 1.78969013691
        dmean2: 3.07686829567
        dvar: 69.8105773926
        dvar2: 194.559082031
        max: 415.785797119
        mean: 6.31363248825
        median: 2.68022918701
        min: -1.2557643652
        var: 861.115478516
    spectral_rms:
        dmean: 0.000305791530991
        dmean2: 0.000478167785332
        dvar: 1.31512081225e-007
        dvar2: 3.21962517091e-007
        max: 0.00463399849832
        mean: 0.00193076778669
        median: 0.00191874220036
        min: 3.15850275621e-012
        var: 5.33210254616e-007
    spectral_rolloff:
        dmean: 290.781585693
        dmean2: 478.195800781
        dvar: 152100.3125
        dvar2: 304278.375
        max: 19487.5488281
        mean: 3702.671875
        median: 3725.24414063
        min: 172.265625
        var: 1650514
    spectral_skewness:
        dmean: 0.171835571527
        dmean2: 0.28551492095
        dvar: 0.0992072895169
        dvar2: 0.253920018673
        max: 16.2743358612
        mean: 1.22699248791
        median: 1.04966449738
        min: -0.0702833756804
        var: 1.99794661999
    spectral_spread:
        dmean: 398742.5
        dmean2: 620927.75
        dvar: 379217575936
        dvar2: 654075101184
        max: 41834404
        mean: 4298624
        median: 4053442
        min: 242303.375
        var: 7.67024535962e+012
    spectral_strongpeak:
        dmean: 0.480233699083
        dmean2: 0.841222405434
        dvar: 0.523522436619
        dvar2: 1.35172140598
        max: 8.64716815948
        mean: 0.53655642271
        median: 0.138807907701
        min: 3.76386317946e-011
        var: 0.674745798111
    zerocrossingrate:
        dmean: 0.00748630799353
        dmean2: 0.00945697259158
        dvar: 6.18212507106e-005
        dvar2: 7.70474871388e-005
        max: 0.52197265625
        mean: 0.11401399225
        median: 0.11572265625
        min: 0.01611328125
        var: 0.00122936232947
    barkbands:
        dmean: [4.78431445572e-007, 8.27957628644e-005, 0.000202771378099, 0.000251149380347, 0.000145615747897, 9.06135028345e-005, 0.000168280006619, 4.1889721615e-005, 5.68508839933e-005, 0.000116584349598, 3.88051412301e-005, 0.000101692239696, 5.15699466632e-005, 6.13939628238e-005, 7.33420383767e-005, 0.000125894337543, 0.000161452349857, 0.000217256208998, 0.000339656660799, 0.000182731062523, 0.00010840986215, 4.97884393553e-005, 6.54532595945e-006, 2.66451297648e-006, 1.27211706058e-006, 3.84039609003e-008, 4.61383459216e-010]
        dmean2: [6.27762631211e-007, 0.00013978361676, 0.00034348652116, 0.000440403120592, 0.000248370488407, 0.000154512556037, 0.000272284989478, 7.08408115315e-005, 9.33471310418e-005, 0.000184611300938, 6.55972471577e-005, 0.000172860192833, 8.41427245177e-005, 9.97227471089e-005, 0.000120157681522, 0.00020400332869, 0.000262663059402, 0.000347689870978, 0.000576302350964, 0.000308783841319, 0.000186565157492, 8.55505932122e-005, 1.11073923108e-005, 4.49224489785e-006, 2.09717541111e-006, 6.5846428754e-008, 8.09279532277e-010]
        dvar: [9.33606382307e-013, 2.64292996377e-008, 1.20630232914e-007, 2.52142370982e-007, 6.89194266101e-008, 4.0109686239e-008, 2.11504755043e-007, 4.28691704357e-009, 1.26869474926e-008, 8.07590723184e-008, 1.1251714227e-008, 3.26486571112e-008, 2.33864785315e-008, 2.19720597272e-008, 3.30247118541e-008, 4.95338454698e-008, 9.71731637378e-008, 1.49235049207e-007, 1.94497658867e-007, 6.8958463828e-008, 2.76206666427e-008, 9.52272216637e-009, 1.56228099901e-010, 5.92841886693e-011, 2.31889455554e-011, 1.31156445025e-014, 7.49065966503e-019]
        dvar2: [1.81221801888e-012, 7.49136432887e-008, 3.32569129569e-007, 7.24714254829e-007, 1.93037223539e-007, 1.01561838051e-007, 5.1688266467e-007, 1.12180993384e-008, 3.03596792151e-008, 1.90198747418e-007, 2.87506392027e-008, 8.92748914794e-008, 5.6580649499e-008, 5.12490281324e-008, 8.10354450209e-008, 1.1091385943e-007, 2.38533715446e-007, 3.52860951125e-007, 5.14062548973e-007, 1.8462942819e-007, 7.46053174794e-008, 2.39377460076e-008, 3.8762193455e-010, 1.39262656962e-010, 5.22011947557e-011, 3.28091774669e-014, 1.95694761549e-018]
        max: [1.76723442564e-005, 0.0021112668328, 0.00523002352566, 0.00525671802461, 0.0044049625285, 0.00474421028048, 0.00844972766936, 0.00204562209547, 0.00353496149182, 0.00580097408965, 0.00351110752672, 0.00307213468477, 0.0044757486321, 0.00402884976938, 0.00453492440283, 0.00531229749322, 0.00505820801482, 0.00750152068213, 0.00728086521849, 0.00494624115527, 0.00222307769582, 0.00211861450225, 0.000219047928113, 0.000148212624481, 0.000127996463561, 2.9317809549e-006, 1.53948835901e-008]
        mean: [6.8867899472e-007, 0.000118389078125, 0.000283617060632, 0.00027393369237, 0.000208556914004, 0.00012473136303, 0.000210650832742, 6.78214273648e-005, 9.82387500699e-005, 0.000175259949174, 5.75821868551e-005, 0.000151569736772, 7.37729933462e-005, 9.68899767031e-005, 0.000119242547953, 0.000235331986914, 0.00029067468131, 0.000392653251765, 0.000715162197594, 0.0003626801481, 0.000217513152165, 7.66924131312e-005, 1.05397930383e-005, 3.6959040699e-006, 1.69407246631e-006, 4.16826502203e-008, 4.54050130827e-010]
        median: [9.09308894848e-008, 8.12767248135e-005, 0.000176532266778, 0.000144347985042, 0.00014240827295, 7.25084901205e-005, 6.7035536631e-005, 4.74486114399e-005, 6.79145960021e-005, 8.13671940705e-005, 3.54786861863e-005, 6.94787522661e-005, 3.73981456505e-005, 5.42654815945e-005, 7.00256059645e-005, 0.000162611642736, 0.00019089403213, 0.000237543106778, 0.000599639141001, 0.000303912529489, 0.000176786081283, 4.62562529719e-005, 6.67723770675e-006, 1.79492587904e-006, 6.13112263181e-007, 1.52164520983e-008, 1.94872562531e-010]
        min: [4.02836061378e-025, 4.36677977276e-024, 1.69840116008e-024, 1.56562196605e-024, 7.84961881311e-024, 1.47472686848e-023, 1.22038911962e-023, 8.04934419481e-024, 1.24308598893e-023, 1.37793284655e-023, 1.83717216683e-023, 3.05792779122e-023, 2.58591349967e-023, 3.60144443522e-023, 6.01906550482e-023, 7.14182661876e-023, 6.38544280146e-023, 1.25483637188e-022, 1.14952546052e-022, 1.97154578679e-022, 2.31588710601e-022, 3.29355410651e-022, 4.14743608298e-022, 6.59761306348e-022, 9.10091130626e-022, 1.34458673052e-021, 1.95340882697e-021]
        var: [1.73103328546e-012, 2.24105605184e-008, 1.43957819887e-007, 1.99693559466e-007, 6.27762375416e-008, 4.374831164e-008, 2.69332048219e-007, 5.52427525946e-009, 1.75790884072e-008, 1.31402074999e-007, 1.30590169789e-008, 4.82562079185e-008, 2.71162949872e-008, 3.62475169879e-008, 4.03634956569e-008, 8.89111007041e-008, 1.42110380352e-007, 2.6575040124e-007, 3.14755965292e-007, 8.46137879762e-008, 3.32030900552e-008, 1.18411191963e-008, 2.08564207571e-010, 8.47933806503e-011, 3.47488461616e-011, 1.29602918837e-014, 7.01544388613e-019]
    frequency_bands:
        dmean: [4.78431445572e-007, 8.27957628644e-005, 0.000202771378099, 0.000251149380347, 0.000145615747897, 9.06135028345e-005, 0.000168280006619, 4.1889721615e-005, 5.68508839933e-005, 0.000116584349598, 3.88051412301e-005, 0.000101692239696, 5.15699466632e-005, 6.13939628238e-005, 7.33420383767e-005, 0.000125894337543, 0.000161452349857, 0.000217256208998, 0.000339656660799, 0.000182731062523, 0.00010840986215, 4.97884393553e-005, 6.54532595945e-006, 2.66451297648e-006, 1.27211706058e-006, 3.84039609003e-008, 4.61383459216e-010, 5.08422193235e-011]
        dmean2: [6.27762631211e-007, 0.00013978361676, 0.00034348652116, 0.000440403120592, 0.000248370488407, 0.000154512556037, 0.000272284989478, 7.08408115315e-005, 9.33471310418e-005, 0.000184611300938, 6.55972471577e-005, 0.000172860192833, 8.41427245177e-005, 9.97227471089e-005, 0.000120157681522, 0.00020400332869, 0.000262663059402, 0.000347689870978, 0.000576302350964, 0.000308783841319, 0.000186565157492, 8.55505932122e-005, 1.11073923108e-005, 4.49224489785e-006, 2.09717541111e-006, 6.5846428754e-008, 8.09279532277e-010, 9.43984335144e-011]
        dvar: [9.33606382307e-013, 2.64292996377e-008, 1.20630232914e-007, 2.52142370982e-007, 6.89194266101e-008, 4.0109686239e-008, 2.11504755043e-007, 4.28691704357e-009, 1.26869474926e-008, 8.07590723184e-008, 1.1251714227e-008, 3.26486571112e-008, 2.33864785315e-008, 2.19720597272e-008, 3.30247118541e-008, 4.95338454698e-008, 9.71731637378e-008, 1.49235049207e-007, 1.94497658867e-007, 6.8958463828e-008, 2.76206666427e-008, 9.52272216637e-009, 1.56228099901e-010, 5.92841886693e-011, 2.31889455554e-011, 1.31156445025e-014, 7.49065966503e-019, 5.54730542843e-021]
        dvar2: [1.81221801888e-012, 7.49136432887e-008, 3.32569129569e-007, 7.24714254829e-007, 1.93037223539e-007, 1.01561838051e-007, 5.1688266467e-007, 1.12180993384e-008, 3.03596792151e-008, 1.90198747418e-007, 2.87506392027e-008, 8.92748914794e-008, 5.6580649499e-008, 5.12490281324e-008, 8.10354450209e-008, 1.1091385943e-007, 2.38533715446e-007, 3.52860951125e-007, 5.14062548973e-007, 1.8462942819e-007, 7.46053174794e-008, 2.39377460076e-008, 3.8762193455e-010, 1.39262656962e-010, 5.22011947557e-011, 3.28091774669e-014, 1.95694761549e-018, 1.75745684844e-020]
        max: [1.76723442564e-005, 0.0021112668328, 0.00523002352566, 0.00525671802461, 0.0044049625285, 0.00474421028048, 0.00844972766936, 0.00204562209547, 0.00353496149182, 0.00580097408965, 0.00351110752672, 0.00307213468477, 0.0044757486321, 0.00402884976938, 0.00453492440283, 0.00531229749322, 0.00505820801482, 0.00750152068213, 0.00728086521849, 0.00494624115527, 0.00222307769582, 0.00211861450225, 0.000219047928113, 0.000148212624481, 0.000127996463561, 2.9317809549e-006, 1.53948835901e-008, 7.9495626748e-010]
        mean: [6.8867899472e-007, 0.000118389078125, 0.000283617060632, 0.00027393369237, 0.000208556914004, 0.00012473136303, 0.000210650832742, 6.78214273648e-005, 9.82387500699e-005, 0.000175259949174, 5.75821868551e-005, 0.000151569736772, 7.37729933462e-005, 9.68899767031e-005, 0.000119242547953, 0.000235331986914, 0.00029067468131, 0.000392653251765, 0.000715162197594, 0.0003626801481, 0.000217513152165, 7.66924131312e-005, 1.05397930383e-005, 3.6959040699e-006, 1.69407246631e-006, 4.16826502203e-008, 4.54050130827e-010, 3.91458740423e-011]
        median: [9.09308894848e-008, 8.12767248135e-005, 0.000176532266778, 0.000144347985042, 0.00014240827295, 7.25084901205e-005, 6.7035536631e-005, 4.74486114399e-005, 6.79145960021e-005, 8.13671940705e-005, 3.54786861863e-005, 6.94787522661e-005, 3.73981456505e-005, 5.42654815945e-005, 7.00256059645e-005, 0.000162611642736, 0.00019089403213, 0.000237543106778, 0.000599639141001, 0.000303912529489, 0.000176786081283, 4.62562529719e-005, 6.67723770675e-006, 1.79492587904e-006, 6.13112263181e-007, 1.52164520983e-008, 1.94872562531e-010, 1.40247570501e-011]
        min: [4.02836061378e-025, 4.36677977276e-024, 1.69840116008e-024, 1.56562196605e-024, 7.84961881311e-024, 1.47472686848e-023, 1.22038911962e-023, 8.04934419481e-024, 1.24308598893e-023, 1.37793284655e-023, 1.83717216683e-023, 3.05792779122e-023, 2.58591349967e-023, 3.60144443522e-023, 6.01906550482e-023, 7.14182661876e-023, 6.38544280146e-023, 1.25483637188e-022, 1.14952546052e-022, 1.97154578679e-022, 2.31588710601e-022, 3.29355410651e-022, 4.14743608298e-022, 6.59761306348e-022, 9.10091130626e-022, 1.34458673052e-021, 1.95340882697e-021, 5.18422574708e-022]
        var: [1.73103328546e-012, 2.24105605184e-008, 1.43957819887e-007, 1.99693559466e-007, 6.27762375416e-008, 4.374831164e-008, 2.69332048219e-007, 5.52427525946e-009, 1.75790884072e-008, 1.31402074999e-007, 1.30590169789e-008, 4.82562079185e-008, 2.71162949872e-008, 3.62475169879e-008, 4.03634956569e-008, 8.89111007041e-008, 1.42110380352e-007, 2.6575040124e-007, 3.14755965292e-007, 8.46137879762e-008, 3.32030900552e-008, 1.18411191963e-008, 2.08564207571e-010, 8.47933806503e-011, 3.47488461616e-011, 1.29602918837e-014, 7.01544388613e-019, 4.38262058567e-021]
    mfcc:
        mean: [-708.950439453, 95.7933959961, -49.9155960083, 62.9376983643, -16.0229358673, 0.170800626278, 2.44242429733, 1.42220854759, 1.90715479851, -2.24468827248, -3.13200497627, -5.02883243561, -1.80617415905]
        cov: [[7640.32373047, 124.448921204, -1256.4050293, 722.285766602, -283.716949463, 470.745880127, 272.392456055, 433.395233154, 124.918251038, -161.107192993, -39.5808944702, 20.6922225952, 70.8369140625], [124.448921204, 423.236968994, -78.8756866455, 90.5615539551, -50.386013031, -28.0205917358, -22.7648963928, -38.8841514587, -2.30190634727, 8.51656246185, -0.392205774784, -4.41379642487, 0.723554849625], [-1256.4050293, -78.8756866455, 606.414123535, -188.476150513, 56.5840492249, -121.68862915, -75.9405517578, -60.4355239868, -36.4602775574, 39.7444610596, 1.36919939518, -2.72939872742, -18.0886898041], [722.285766602, 90.5615539551, -188.476150513, 211.391891479, -5.11688041687, 57.2121238708, 26.6884040833, 10.3052835464, 31.1726779938, -6.68045139313, 1.00153541565, -6.30511665344, 5.67323589325], [-283.716949463, -50.386013031, 56.5840492249, -5.11688041687, 99.3792114258, -5.10680627823, -10.4222593307, -33.339389801, -7.03097295761, 18.1039943695, 2.09132909775, -4.54090642929, -11.8217506409], [470.745880127, -28.0205917358, -121.68862915, 57.2121238708, -5.10680627823, 111.006965637, 49.5168800354, 50.5139083862, 16.2614631653, -14.27775383, -1.6970808506, 3.36690068245, 6.94076681137], [272.392456055, -22.7648963928, -75.9405517578, 26.6884040833, -10.4222593307, 49.5168800354, 106.635955811, 50.4876213074, 19.7576770782, -9.82827472687, -7.18238115311, -1.34734129906, -7.85159015656], [433.395233154, -38.8841514587, -60.4355239868, 10.3052835464, -33.339389801, 50.5139083862, 50.4876213074, 105.338142395, 31.152677536, -15.4971179962, -6.47396230698, 0.261750489473, 1.89806985855], [124.918251038, -2.30190634727, -36.4602775574, 31.1726779938, -7.03097295761, 16.2614631653, 19.7576770782, 31.152677536, 58.6505508423, 12.3255310059, 2.5139465332, -5.03263235092, -4.04474210739], [-161.107192993, 8.51656246185, 39.7444610596, -6.68045139313, 18.1039943695, -14.27775383, -9.82827472687, -15.4971179962, 12.3255310059, 56.5035171509, 9.64119529724, -3.73950219154, -9.2877368927], [-39.5808944702, -0.392205774784, 1.36919939518, 1.00153541565, 2.09132909775, -1.6970808506, -7.18238115311, -6.47396230698, 2.5139465332, 9.64119529724, 42.6341629028, 13.7050170898, 0.288677245378], [20.6922225952, -4.41379642487, -2.72939872742, -6.30511665344, -4.54090642929, 3.36690068245, -1.34734129906, 0.261750489473, -5.03263235092, -3.73950219154, 13.7050170898, 39.3519363403, 22.0399456024], [70.8369140625, 0.723554849625, -18.0886898041, 5.67323589325, -11.8217506409, 6.94076681137, -7.85159015656, 1.89806985855, -4.04474210739, -9.2877368927, 0.288677245378, 22.0399456024, 52.0904884338]]
        icov: [[0.000352136150468, 0.000110907458293, 0.00028490749537, -0.00097328069387, 0.000525253941305, -0.000295005884254, 0.000187085737707, -0.00109269772656, 0.00058624020312, -4.15488739236e-006, 0.000223694310989, -0.000274803955108, 0.000110872133519], [0.000110907458293, 0.0032770736143, 0.000257434818195, -0.00201561301947, 0.00238254107535, 0.000996476854198, 0.000293589924695, 0.000884531124029, 0.000764256110415, -0.00100752396975, 0.000551089411601, -0.000289781746687, 0.000531790894456], [0.00028490749537, 0.000257434818195, 0.00308002019301, 0.000996892922558, -0.000713142624591, 0.00158830417786, 0.000822889909614, -0.00115173775703, 0.000792555394582, -0.00103414035402, 0.000487798912218, -0.000300688610878, 0.000364160863683], [-0.00097328069387, -0.00201561301947, 0.000996892922558, 0.0111334817484, -0.00296131358482, -0.00214273808524, -0.000672732829116, 0.00488587655127, -0.00549193564802, 0.00111747242045, -0.00128924113233, 0.00262393360026, -0.00151108310092], [0.000525253941305, 0.00238254107535, -0.000713142624591, -0.00296131358482, 0.0151344547048, -0.00269559770823, 5.5655327742e-005, 0.00377655937336, 0.00141643290408, -0.00329438783228, 0.00120288878679, -0.000700672972016, 0.00280455173925], [-0.000295005884254, 0.000996476854198, 0.00158830417786, -0.00214273808524, -0.00269559770823, 0.0170564521104, -0.00361179490574, -0.00499094324186, 0.00142536719795, 0.000340387312463, -0.000865248090122, -0.000324761058437, -0.00176115939394], [0.000187085737707, 0.000293589924695, 0.000822889909614, -0.000672732829116, 5.5655327742e-005, -0.00361179490574, 0.0143023505807, -0.00484297377989, -0.000861634034663, 0.00032121874392, 0.00241401814856, -0.00239239935763, 0.00391590548679], [-0.00109269772656, 0.000884531124029, -0.00115173775703, 0.00488587655127, 0.00377655937336, -0.00499094324186, -0.00484297377989, 0.0225891955197, -0.01011978928, 0.00312987994403, 0.000832515477668, 0.000630271271802, 1.1573419215e-005], [0.00058624020312, 0.000764256110415, 0.000792555394582, -0.00549193564802, 0.00141643290408, 0.00142536719795, -0.000861634034663, -0.01011978928, 0.0266305729747, -0.00806120410562, -0.00145215424709, 0.00206472352147, 0.000200873968424], [-4.15488739236e-006, -0.00100752396975, -0.00103414035402, 0.00111747242045, -0.00329438783228, 0.000340387312463, 0.00032121874392, 0.00312987994403, -0.00806120410562, 0.0236823447049, -0.00467083416879, 0.00148613518104, 0.00167390785646], [0.000223694310989, 0.000551089411601, 0.000487798912218, -0.00128924113233, 0.00120288878679, -0.000865248090122, 0.00241401814856, 0.000832515477668, -0.00145215424709, -0.00467083416879, 0.02973696962, -0.014030716382, 0.00554591603577], [-0.000274803955108, -0.000289781746687, -0.000300688610878, 0.00262393360026, -0.000700672972016, -0.000324761058437, -0.00239239935763, 0.000630271271802, 0.00206472352147, 0.00148613518104, -0.014030716382, 0.0407333634794, -0.0172433685511], [0.000110872133519, 0.000531790894456, 0.000364160863683, -0.00151108310092, 0.00280455173925, -0.00176115939394, 0.00391590548679, 1.1573419215e-005, 0.000200873968424, 0.00167390785646, 0.00554591603577, -0.0172433685511, 0.0283703450114]]
    sccoeffs:
        dmean: [0.0530825741589, 0.0461090728641, 0.0379394888878, 0.0288552809507, 0.0197881627828, 0.0182257816195]
        dmean2: [0.0889190137386, 0.0762477293611, 0.0632065311074, 0.0477615185082, 0.033210888505, 0.0289148017764]
        dvar: [0.00195798254572, 0.00146418251097, 0.000930399401113, 0.000572906981688, 0.000262498069787, 0.000297457096167]
        dvar2: [0.00556248426437, 0.0037916728761, 0.00249341712333, 0.00145946617704, 0.000689398380928, 0.000672561640386]
        max: [-0.408431857824, -0.458338737488, -0.514950990677, -0.598251402378, -0.648267388344, -0.544374406338]
        mean: [-0.686844289303, -0.787361264229, -0.798183083534, -0.808044016361, -0.806312799454, -0.71640765667]
        median: [-0.689684331417, -0.796079039574, -0.80423527956, -0.812611460686, -0.807611346245, -0.711373627186]
        min: [-0.979697525501, -0.977640151978, -0.978887379169, -0.969941318035, -0.966795027256, -0.963805854321]
        var: [0.00436861254275, 0.00379371154122, 0.002547981916, 0.00180867942981, 0.000916118500754, 0.00245893234387]
    scvalleys:
        dmean: [0.362442225218, 0.324576318264, 0.270374506712, 0.24285466969, 0.213800609112, 0.293987303972]
        dmean2: [0.601793348789, 0.546003103256, 0.445723056793, 0.384999841452, 0.335402101278, 0.471936047077]
        dvar: [0.0946018472314, 0.0776904374361, 0.056677993387, 0.0518946498632, 0.0597294569016, 0.135746926069]
        dvar2: [0.234804421663, 0.188622057438, 0.12900069356, 0.103645689785, 0.119134902954, 0.304447323084]
        max: [-5.18298959732, -5.11353206635, -5.40934801102, -5.60470438004, -5.4384932518, -7.42361593246]
        mean: [-6.86588096619, -6.73722743988, -7.04500627518, -7.241979599, -6.88852262497, -10.0302228928]
        median: [-6.58964300156, -6.51687145233, -6.73425769806, -6.94378566742, -6.51348352432, -9.64817047119]
        min: [-28.1259098053, -28.2892780304, -27.894777298, -27.7216186523, -27.4866943359, -27.4336299896]
        var: [2.97981095314, 2.84032964706, 3.13779807091, 3.14036560059, 3.77074742317, 3.42557621002]

rhythm:
    beats_loudness:
        dmean: 0.00203142734244
        dmean2: 0.00366551894695
        dvar: 3.95398865294e-006
        dvar2: 1.14648100862e-005
        max: 0.0135575504974
        mean: 0.00519301742315
        median: 0.00518285762519
        min: 0
        var: 7.65935601521e-006
    bpm: 129.057846069
    bpm_confidence: 0
    first_peak_bpm: 129
    first_peak_spread: 0.137996211648
    first_peak_weight: 0.815742373466
    onset_rate: 3.6357550621
    second_peak_bpm: 120
    second_peak_spread: 0.416666686535
    second_peak_weight: 0.0125223612413
    beats_loudness_band_ratio:
        dmean: [0.0899932309985, 0.0431938506663, 0.0729442760348, 0.0599413141608, 0.0960877984762, 0.082787618041]
        dmean2: [0.153252378106, 0.0754726827145, 0.132324695587, 0.106858432293, 0.166824162006, 0.14554195106]
        dvar: [0.00602095574141, 0.00319337262772, 0.0111504998058, 0.0043185390532, 0.008385729976, 0.00548366829753]
        dvar2: [0.0172861348838, 0.00962469819933, 0.031265925616, 0.0111323120072, 0.0236802659929, 0.0159687604755]
        max: [0.493992596865, 0.694271504879, 0.891218960285, 0.487986385822, 0.729599237442, 0.576582014561]
        mean: [0.173426046968, 0.0745860114694, 0.106352351606, 0.101965412498, 0.275156706572, 0.298354387283]
        median: [0.166860938072, 0.0559238903224, 0.0719935372472, 0.083401337266, 0.255052775145, 0.301572024822]
        min: [0, 0, 0, 0, 0, 0]
        var: [0.00881068129092, 0.00528909126297, 0.0120628029108, 0.00506573356688, 0.0120536983013, 0.00901648122817]
    beats_position: [0.452789098024, 0.917188167572, 1.38158726692, 1.84598636627, 2.31038546562, 2.77478456497, 3.22757363319, 3.66875267029, 4.12154197693, 4.57433080673, 5.0387301445, 5.50312900543, 5.9675283432, 6.43192720413, 6.8963265419, 7.36072540283, 7.8251247406, 8.28952407837, 8.75392246246, 9.21832180023, 9.682721138, 10.1471195221, 10.6115188599, 11.0759181976, 11.5403175354, 12.0047159195, 12.4691152573, 12.933514595, 13.3979139328, 13.8623123169, 14.3267116547, 14.7911109924, 15.2555103302, 15.7199087143, 16.1843090057, 16.6487064362, 17.1131057739, 17.5775051117, 18.0419044495, 18.5063037872, 18.970703125, 19.4351024628, 19.8994998932, 20.363899231, 20.8282985687, 21.2926979065, 21.7570972443, 22.221496582, 22.6858959198, 23.1502952576, 23.614692688, 24.0790920258, 24.5434913635, 25.0078907013, 25.4722900391, 25.9366893768, 26.4010887146, 26.865486145, 27.3414955139, 27.8058948517, 28.2702941895, 28.7463035583, 29.2107028961, 29.6751022339, 30.1394996643, 30.6038990021, 31.0682983398, 31.5326976776, 31.9970970154, 32.4614944458, 32.9258956909, 33.3902931213, 33.8546943665, 34.3190917969, 34.783493042, 35.2478904724, 35.7122879028, 36.1766891479, 36.6410865784, 37.1054878235, 37.5698852539, 38.034286499, 38.5102958679, 38.9630813599, 39.427482605, 39.8918800354, 40.3562812805, 40.8206787109, 41.2850799561, 41.7494773865, 42.2254867554, 42.6898841858, 43.1658935547, 43.6302947998, 44.0830841064, 44.5474815369, 45.011882782, 45.4646720886, 45.9406776428, 46.4050788879, 46.8810882568, 47.3454856873, 47.8098869324, 48.2742843628, 48.7270736694, 49.2030830383, 49.6674804688, 50.1318817139, 50.5962791443, 51.0606803894, 51.5250778198, 51.9894790649, 52.4538764954, 52.9182739258, 53.3826751709, 53.8470726013, 54.3114738464, 54.7758712769, 55.240272522, 55.7046699524, 56.1806793213, 56.6450767517, 57.0978660583, 57.5622673035, 58.0382766724, 58.5142860413, 58.9786834717, 59.4430847168, 59.9074821472, 60.3718795776, 60.8362808228, 61.3006782532, 61.7650794983, 62.2294769287, 62.6938781738, 63.1582756042, 63.6226730347, 64.0870742798, 64.5514755249, 65.0158691406, 65.4802703857, 65.9446716309, 66.409072876, 66.8618545532, 67.3378677368, 67.8022689819, 68.2666625977, 68.7310638428, 69.1954650879, 69.659866333, 70.1358718872, 70.6002731323, 71.0762786865, 71.5406799316, 72.0050811768, 72.4694747925, 72.9338760376, 73.3982772827, 73.8626708984, 74.3270721436, 74.7914733887, 75.2442626953, 75.697052002, 76.1614532471, 76.6258468628, 77.0902481079, 77.554649353, 78.0306549072, 78.5066680908, 78.9710617065, 79.4354629517, 79.8998641968, 80.3642578125, 80.8286590576, 81.2930603027, 81.7574615479, 82.2218551636, 82.6862564087, 83.1390457153, 83.6150588989, 84.0794525146, 84.5438537598, 85.0082550049, 85.4726486206, 85.9370498657, 86.4014511108, 86.865852356, 87.3418579102, 87.8178634644, 88.2822647095, 88.7466659546, 89.2110671997, 89.6754608154, 90.1398620605, 90.6042633057, 91.0686569214, 91.5330581665, 91.9974594116, 92.4618606567, 92.9262542725, 93.3906555176, 93.8550567627, 94.3194503784, 94.7838516235, 95.2482528687, 95.7126541138, 96.1770477295, 96.6414489746, 97.1058502197, 97.5702438354, 98.0346450806, 98.4990463257, 98.9634475708, 99.4278411865, 99.8922424316, 100.356643677, 100.821044922, 101.285438538, 101.749839783, 102.225845337, 102.701858521, 103.166259766, 103.630653381, 104.095054626, 104.559455872, 105.023849487, 105.488250732, 105.952651978, 106.417053223, 106.881446838, 107.345848083, 107.810249329, 108.274642944, 108.727432251, 109.191833496, 109.656234741, 110.132240295, 110.596641541, 111.061042786, 111.525436401, 111.989837646, 112.454238892, 112.918640137, 113.383033752, 113.847434998, 114.311836243, 114.787841797, 115.252243042, 115.728248596, 116.192649841, 116.657051086, 117.121452332, 117.585845947, 118.050247192, 118.514648438, 118.979042053, 119.443443298, 119.907844543, 120.372245789, 120.836639404, 121.301040649, 121.765441895, 122.22983551, 122.694236755, 123.158638, 123.623039246, 124.087432861, 124.551834106, 125.016235352, 125.480628967, 125.945030212, 126.409431458, 126.873832703, 127.338226318, 127.802627563, 128.267028809, 128.731430054, 129.195831299, 129.660217285, 130.12461853, 130.589019775, 131.053421021, 131.517822266, 131.982223511, 132.446624756, 132.911010742, 133.375411987, 133.839813232, 134.304214478, 134.768615723, 135.233016968, 135.697418213, 136.161804199, 136.626205444, 137.090606689, 137.555007935, 138.01940918, 138.507034302, 138.971420288, 139.435821533, 139.900222778, 140.364624023, 140.829025269, 141.293426514, 141.757827759, 142.222213745, 142.68661499, 143.151016235, 143.61541748, 144.079818726, 144.544219971, 145.008621216, 145.473007202, 145.937408447, 146.413421631, 146.866210938, 147.330612183, 147.806625366, 148.282623291, 148.747024536, 149.211425781, 149.675827026, 150.140228271, 150.604629517, 151.069015503, 151.533416748, 151.997817993, 152.462219238, 152.926620483, 153.391021729, 153.855422974, 154.31980896, 154.784210205, 155.24861145, 155.713012695, 156.17741394, 156.641815186, 157.106216431, 157.570602417, 158.035003662, 158.499404907, 158.963806152, 159.428207397, 159.892608643, 160.380218506, 160.844619751, 161.309020996, 161.773422241, 162.237823486, 162.702224731, 163.166610718, 163.631011963, 164.095413208, 164.559814453, 165.024215698, 165.488616943, 165.953018188, 166.417419434, 166.88180542, 167.346206665, 167.798995972, 168.275009155, 168.751022339, 169.227020264, 169.691421509, 170.155822754, 170.620223999, 171.084625244, 171.549026489, 172.001815796, 172.466217041, 172.919006348, 173.383392334, 173.847793579, 174.312194824, 174.776596069, 175.240997314, 175.70539856, 176.181396484, 176.657409668, 177.121810913, 177.586212158, 178.050613403, 178.515014648, 178.979400635, 179.44380188, 179.908203125, 180.37260437, 180.837005615, 181.289794922, 181.742584229, 182.206985474, 182.671386719, 183.147384644, 183.623397827, 184.087799072, 184.552200317, 185.016601563, 185.480987549, 185.945388794, 186.409790039, 186.874191284, 187.338592529, 187.802993774, 188.26739502, 188.731781006, 189.196182251, 189.660583496, 190.124984741, 190.589385986, 191.06539917, 191.541397095, 192.00579834, 192.470199585, 192.93460083, 193.387390137, 193.840179443, 194.304580688, 194.768981934, 195.244979858, 195.720993042, 196.185394287, 196.649795532, 197.114196777, 197.578598022, 198.042984009, 198.507385254, 198.971786499, 199.436187744, 199.900588989, 200.364990234, 200.829391479, 201.293777466, 201.758178711, 202.222579956, 202.686981201, 203.151382446, 203.615783691, 204.080184937, 204.544570923, 205.008972168, 205.473373413, 205.937774658, 206.402175903, 206.866577148, 207.342575073, 207.806976318, 208.282989502, 208.747390747, 209.211791992, 209.676193237, 210.140579224, 210.604980469, 211.069381714, 211.533782959, 211.998184204, 212.462585449, 212.926986694, 213.391372681, 213.867385864, 214.366622925, 214.865844727, 215.481170654, 216.061676025, 216.642166138, 217.222671509, 217.80317688, 218.499771118, 219.207977295, 219.916183472, 220.61277771, 221.309387207, 222.005981445, 222.702575684, 223.387573242, 224.072555542, 224.676269531, 225.268386841, 225.87210083, 226.359725952, 226.858947754, 227.346572876, 227.799362183, 228.263763428, 228.716552734, 229.192550659, 229.668563843, 230.132965088, 230.597366333, 231.061767578, 231.526168823, 231.990570068, 232.454956055, 232.930969238, 233.383758545, 233.84815979, 234.312561035, 234.788574219, 235.252960205, 235.728973389, 236.193374634, 236.657775879, 237.122177124, 237.586578369, 238.050964355, 238.515365601, 238.979766846, 239.444168091, 239.908569336, 240.372970581, 240.837371826, 241.301757813, 241.766159058, 242.230560303, 242.694961548, 243.159362793, 243.623764038, 244.088165283, 244.55255127, 245.016952515, 245.48135376, 245.945755005, 246.41015625, 246.874557495, 247.33895874, 247.803344727, 248.267745972, 248.732147217, 249.196548462, 249.672561646, 250.14855957, 250.612960815, 251.077362061, 251.541763306, 252.006164551, 252.470565796, 252.934967041, 253.399353027, 253.863754272, 254.328155518, 254.792556763, 255.256958008, 255.721359253, 256.185760498, 256.650146484, 257.114562988, 257.578948975, 258.043365479, 258.507751465, 258.972137451, 259.436553955, 259.900939941, 260.365356445, 260.829742432, 261.305755615, 261.804992676, 262.304199219, 262.803436279, 263.30267334, 263.81350708]
