
metadata:
    version:
        essentia: "2.1-beta2"
    audio_properties:
        analysis_sample_rate: 44100
        bitrate: 233
        channels: 2
        equal_loudness: 1
        length: 137.16897583
        replay_gain: -13.2633953094
        downmix: "mix"
    tags:
        album: "L'Armée des Ombres"
        artist: "Mass Hysteria"
        comment: "You Like It? Buy It!"
        date: "2012"
        genre: "Metal"
        title: "Pulsion"
        tracknumber: "9"

configuration:
    average_loudness:
        compute: 1
        frameSize: 88200
        hopSize: 44100
        silentFrames: "noise"
        windowType: "hann"
    general:
        analysisSampleRate: 44100
        endTime: 2000
        equalLoudness: 1
        nequalLoudness: 0
        shortSound: 0
        startTime: 0
    lowlevel:
        compute: 1
        frameSize: 2048
        hopSize: 1024
        zeroPadding: 0
        silentFrames: "noise"
        windowType: "blackmanharris62"
        mfccStats: ["mean", "cov", "icov"]
        stats: ["mean", "var", "median", "min", "max", "dmean", "dmean2", "dvar", "dvar2"]
    panning:
        compute: 0
        frameSize: 8192
        hopSize: 2048
        zeroPadding: 8192
        silentFrames: "noise"
        windowType: "hann"
        stats: ["copy"]
    rhythm:
        compute: 1
        maxTempo: 208
        minTempo: 40
        method: "degara"
        stats: ["mean", "var", "median", "min", "max", "dmean", "dmean2", "dvar", "dvar2"]
    segmentation:
        compute: 0
        cpw: 5
        inc1: 300
        inc2: 50
        minimumSegmentsLength: 10
        size1: 1000
        size2: 600
    sfx:
        compute: 1
        stats: ["mean", "var", "median", "min", "max", "dmean", "dmean2", "dvar", "dvar2"]
    svm:
        compute: 0
    tonal:
        compute: 1
        frameSize: 4096
        hopSize: 2048
        zeroPadding: 0
        silentFrames: "noise"
        windowType: "blackmanharris62"
        stats: ["mean", "var", "median", "min", "max", "dmean", "dmean2", "dvar", "dvar2"]

lowlevel:
    average_loudness: 0.879510581493
    barkbands_kurtosis:
        dmean: 0.628938496113
        dmean2: 1.0341026783
        dvar: 0.994835495949
        dvar2: 2.53399682045
        max: 25.7912044525
        mean: -0.475690960884
        median: -1.12280786037
        min: -1.85450935364
        var: 2.99422454834
    barkbands_skewness:
        dmean: 0.339522510767
        dmean2: 0.5305737257
        dvar: 0.104189023376
        dvar2: 0.238491952419
        max: 5.05720329285
        mean: 0.175305709243
        median: 0.0145850218832
        min: -2.3905570507
        var: 0.752172410488
    barkbands_spread:
        dmean: 4.33858728409
        dmean2: 6.96955490112
        dvar: 15.9943161011
        dvar2: 40.0675086975
        max: 68.1039657593
        mean: 32.7863998413
        median: 33.2915878296
        min: 3.65428352356
        var: 99.9139022827
    dissonance:
        dmean: 0.011697659269
        dmean2: 0.0198129359633
        dvar: 0.000172326894244
        dvar2: 0.000483146839542
        max: 0.5
        mean: 0.480420947075
        median: 0.486440062523
        min: 0.356919407845
        var: 0.00033514390816
    hfc:
        dmean: 1.86120760441
        dmean2: 2.78440976143
        dvar: 10.1330890656
        dvar2: 22.5246562958
        max: 62.7093849182
        mean: 8.07318973541
        median: 8.07954120636
        min: 1.09913397368e-016
        var: 42.9644622803
    pitch:
        dmean: 591.479675293
        dmean2: 1126.2890625
        dvar: 1190709.375
        dvar2: 3041736.25
        max: 5189.46044922
        mean: 1666.95617676
        median: 550.340759277
        min: 58.5111045837
        var: 2608330
    pitch_instantaneous_confidence:
        dmean: 0.0835973694921
        dmean2: 0.138928890228
        dvar: 0.00518142990768
        dvar2: 0.0127953169867
        max: 0.939220070839
        mean: 0.347380012274
        median: 0.316240787506
        min: 0.0976047515869
        var: 0.0194521360099
    pitch_salience:
        dmean: 0.0514718219638
        dmean2: 0.0853727832437
        dvar: 0.00233497610316
        dvar2: 0.00600326480344
        max: 0.997949957848
        mean: 0.690757274628
        median: 0.715269267559
        min: 0.123894564807
        var: 0.00807801727206
    silence_rate_20dB:
        dmean: 0
        dmean2: 0
        dvar: 0
        dvar2: 0
        max: 1
        mean: 1
        median: 1
        min: 1
        var: 0
    silence_rate_30dB:
        dmean: 0
        dmean2: 0
        dvar: 0
        dvar2: 0
        max: 1
        mean: 1
        median: 1
        min: 1
        var: 0
    silence_rate_60dB:
        dmean: 0.0643195658922
        dmean2: 0.128660917282
        dvar: 0.0601851642132
        dvar2: 0.12767624855
        max: 1
        mean: 0.384498208761
        median: 0
        min: 0
        var: 0.236647352576
    spectral_centroid:
        dmean: 236.593109131
        dmean2: 368.111785889
        dvar: 73937.625
        dvar2: 163171.625
        max: 11609.2207031
        mean: 1771.55749512
        median: 1734.76538086
        min: 315.584686279
        var: 1510639.5
    spectral_complexity:
        dmean: 3.16858506203
        dmean2: 4.93177604675
        dvar: 11.5200471878
        dvar2: 23.8541107178
        max: 50
        mean: 17.2012176514
        median: 15
        min: 0
        var: 148.12940979
    spectral_crest:
        dmean: 1.75082182884
        dmean2: 2.92149353027
        dvar: 3.19334411621
        dvar2: 8.27096557617
        max: 24.3035297394
        mean: 6.5323805809
        median: 5.51817512512
        min: 2.14383149147
        var: 10.553478241
    spectral_decrease:
        dmean: 2.15443968221e-010
        dmean2: 3.29452298775e-010
        dvar: 9.40153257077e-020
        dvar2: 2.22885728908e-019
        max: 1.96586590734e-028
        mean: -9.83264469845e-010
        median: -9.98150673226e-010
        min: -5.15163689485e-009
        var: 4.12377323456e-019
    spectral_energy:
        dmean: 0.000946805230342
        dmean2: 0.0014390143333
        dvar: 1.93176265384e-006
        dvar2: 4.47668890047e-006
        max: 0.0251314099878
        mean: 0.00444333162159
        median: 0.00455803517252
        min: 1.01682630827e-020
        var: 8.85545068741e-006
    spectral_energyband_high:
        dmean: 0.000141792130307
        dmean2: 0.000228424658417
        dvar: 7.10898788725e-008
        dvar2: 1.79168239356e-007
        max: 0.0042011491023
        mean: 0.000439193303464
        median: 0.000315125682391
        min: 6.80098690794e-021
        var: 1.95302064299e-007
    spectral_energyband_low:
        dmean: 0.000202945142519
        dmean2: 0.000329225615133
        dvar: 1.57274897106e-007
        dvar2: 4.38259405655e-007
        max: 0.00617990829051
        mean: 0.000410375912907
        median: 0.000219004854443
        min: 1.90126537988e-023
        var: 2.39404585045e-007
    spectral_energyband_middle_high:
        dmean: 0.000520929810591
        dmean2: 0.000776419648901
        dvar: 6.100739256e-007
        dvar2: 1.2606560631e-006
        max: 0.0155147584155
        mean: 0.00213465746492
        median: 0.00214106636122
        min: 1.25842241996e-021
        var: 2.98698387269e-006
    spectral_energyband_middle_low:
        dmean: 0.000549382530153
        dmean2: 0.000890536874067
        dvar: 5.47660135908e-007
        dvar2: 1.4199143834e-006
        max: 0.0110158603638
        mean: 0.00160843168851
        median: 0.00143064081203
        min: 1.29328772432e-022
        var: 1.31716456053e-006
    spectral_flatness_db:
        dmean: 0.0112011628225
        dmean2: 0.0177506301552
        dvar: 0.000126911560073
        dvar2: 0.000292860466288
        max: 0.349187552929
        mean: 0.119607411325
        median: 0.112812906504
        min: 0.0592860691249
        var: 0.000652796588838
    spectral_flux:
        dmean: 0.00584297254682
        dmean2: 0.00882065482438
        dvar: 4.81494462292e-005
        dvar2: 9.11495590117e-005
        max: 0.116536006331
        mean: 0.0377250909805
        median: 0.0402598269284
        min: 6.4016236756e-011
        var: 0.000283209315967
    spectral_kurtosis:
        dmean: 0.680806934834
        dmean2: 1.11312580109
        dvar: 0.470618247986
        dvar2: 1.17950189114
        max: 11.1532173157
        mean: 3.80397319794
        median: 3.88256955147
        min: -1.26535058022
        var: 1.89957928658
    spectral_rms:
        dmean: 0.000214606887312
        dmean2: 0.000321201281622
        dvar: 6.30838741245e-008
        dvar2: 1.32572154143e-007
        max: 0.00495161069557
        mean: 0.00193590752315
        median: 0.00210875878111
        min: 3.1496439571e-012
        var: 5.87205647662e-007
    spectral_rolloff:
        dmean: 374.653167725
        dmean2: 609.652954102
        dvar: 258303.953125
        dvar2: 570580.8125
        max: 19789.0136719
        mean: 3334.41674805
        median: 3509.91210938
        min: 279.931640625
        var: 4420293
    spectral_skewness:
        dmean: 0.120762296021
        dmean2: 0.192746073008
        dvar: 0.0161522831768
        dvar2: 0.0365020781755
        max: 2.34431624413
        mean: 1.44839394093
        median: 1.44117689133
        min: -0.0763725042343
        var: 0.106770627201
    spectral_spread:
        dmean: 412249.59375
        dmean2: 614874
        dvar: 544854245376
        dvar2: 940344344576
        max: 42496628
        mean: 5583322
        median: 4843102.5
        min: 2757176.75
        var: 1.87516363735e+013
    spectral_strongpeak:
        dmean: 0.335849255323
        dmean2: 0.589122831821
        dvar: 0.311275690794
        dvar2: 0.834025204182
        max: 5.39980602264
        mean: 0.469707131386
        median: 0.221575707197
        min: 0
        var: 0.378830760717
    zerocrossingrate:
        dmean: 0.00780721055344
        dmean2: 0.00949019659311
        dvar: 8.13642909634e-005
        dvar2: 9.69399843598e-005
        max: 0.533203125
        mean: 0.100070469081
        median: 0.10205078125
        min: 0.01513671875
        var: 0.00309574906714
    barkbands:
        dmean: [4.39409149067e-007, 5.57523671887e-005, 0.000110859917186, 0.000160585856065, 0.000190856415429, 0.000142640448757, 0.00015815939696, 0.000175352790393, 9.01502062334e-005, 9.52697519097e-005, 4.79749760416e-005, 5.15881365573e-005, 3.60511585313e-005, 4.74825210404e-005, 6.66582491249e-005, 0.000113288828288, 0.000115531918709, 0.000152637701831, 0.000224885807256, 0.000121064345876, 7.22831609892e-005, 2.57791343756e-005, 4.2207466322e-006, 2.20834454012e-006, 1.13616590625e-006, 5.18985352471e-008, 5.62840940521e-010]
        dmean2: [7.27128224298e-007, 9.14597621886e-005, 0.000181088777026, 0.000263251247816, 0.000308633520035, 0.000241915229708, 0.000258932675933, 0.000294117169688, 0.000148056918988, 0.000153843488079, 8.02847425803e-005, 8.42388762976e-005, 5.88793154748e-005, 7.8382108768e-005, 0.000109586260805, 0.000187610654393, 0.000191161292605, 0.000240478533669, 0.000368559121853, 0.000193451473024, 0.000120260541735, 4.30414766015e-005, 6.85791519572e-006, 3.45126204593e-006, 1.72334171111e-006, 8.1227049975e-008, 9.12824982269e-010]
        dvar: [2.06839580186e-012, 2.16579696399e-008, 4.73651553534e-008, 1.18922358183e-007, 8.41330773937e-008, 3.87883467567e-008, 8.74637180459e-008, 1.04779900312e-007, 2.76732574633e-008, 2.93900246362e-008, 5.56870993762e-009, 8.29384738665e-009, 4.27407975678e-009, 7.03899161181e-009, 1.37458391336e-008, 3.57987666177e-008, 3.18513606601e-008, 7.59291083341e-008, 1.28180531078e-007, 3.54187719154e-008, 1.81501356167e-008, 6.04076522137e-009, 1.07280059836e-010, 3.39346953315e-011, 1.50263343435e-011, 1.66046833266e-014, 8.19430343804e-019]
        dvar2: [5.8065319046e-012, 6.15063484588e-008, 1.30771255158e-007, 3.39239363711e-007, 2.1955970908e-007, 1.07813015404e-007, 2.03956275868e-007, 2.67307001423e-007, 6.59595968955e-008, 7.21856565633e-008, 1.3739434479e-008, 2.08929957779e-008, 1.00381125634e-008, 1.72326171111e-008, 3.45249944189e-008, 9.69121884964e-008, 7.77214737013e-008, 1.70839811631e-007, 3.38972711234e-007, 8.77408439237e-008, 4.83164726006e-008, 1.57421684577e-008, 2.66884569999e-010, 7.6353930123e-011, 3.0858218758e-011, 3.95687816009e-014, 2.11858160232e-018]
        max: [2.52724730672e-005, 0.00228053727187, 0.00335773639381, 0.00526861753315, 0.00397956650704, 0.00261241639964, 0.00454868981615, 0.00414008973166, 0.00327926781029, 0.0028112907894, 0.00139326089993, 0.00165988784283, 0.00136266218033, 0.00191072851885, 0.00191366078798, 0.00278689595871, 0.00258181686513, 0.00366818113253, 0.00683299638331, 0.00294521264732, 0.00284486520104, 0.00185684720054, 0.000209860110772, 0.000166399870068, 0.000113860834972, 2.86810632133e-006, 1.99300895787e-008]
        mean: [6.25107134056e-007, 9.55048963078e-005, 0.000195832311874, 0.000237658663536, 0.000348875386408, 0.000231985672144, 0.000275079510175, 0.000303469016217, 0.000165416189702, 0.000164101962582, 7.80437403591e-005, 9.25049680518e-005, 6.29904679954e-005, 8.84749824763e-005, 0.000144236269989, 0.000269970827503, 0.000240610548644, 0.000311654352117, 0.000544971670024, 0.000324647902744, 0.000196228313143, 5.23880880792e-005, 1.01652594822e-005, 5.1594697652e-006, 2.61153741121e-006, 1.26079214624e-007, 1.8547030578e-009]
        median: [2.55494001067e-007, 5.86890419072e-005, 7.92016944615e-005, 0.000114993446914, 0.000239400469582, 0.000158956667292, 0.000143769400893, 0.000103211852547, 9.87061794149e-005, 9.20685197343e-005, 4.73055551993e-005, 5.49952164874e-005, 4.43677927251e-005, 5.68680588913e-005, 7.91139755165e-005, 0.000145322512253, 0.00017809261044, 0.000228187229368, 0.000377067248337, 0.000223041090067, 0.000126704064314, 3.77398864657e-005, 6.95908147463e-006, 3.11981011691e-006, 1.26063707739e-006, 7.1084549802e-008, 1.30250854546e-009]
        min: [5.81832495774e-025, 4.09305134953e-024, 1.62072833763e-024, 7.02082076453e-026, 9.8390952505e-024, 7.98185635551e-024, 7.39882740426e-024, 5.58323326532e-024, 1.13304438916e-023, 1.52534791499e-023, 1.51820667276e-023, 1.66025890701e-023, 3.48839435662e-023, 3.54651983693e-023, 3.78780840646e-023, 3.30483494367e-023, 6.83623641912e-023, 1.00979560122e-022, 1.3080398019e-022, 1.79870421675e-022, 2.84657011905e-022, 2.85274292407e-022, 3.5866963335e-022, 5.73934502038e-022, 8.68297809982e-022, 1.22911213525e-021, 1.9052184881e-021]
        var: [1.98524855409e-012, 1.99495371334e-008, 6.9532639202e-008, 1.27270226358e-007, 1.29549945882e-007, 5.62413227101e-008, 1.81016446277e-007, 2.37648436041e-007, 5.45354694736e-008, 5.36254347594e-008, 9.58036583398e-009, 1.55434545235e-008, 6.59627197308e-009, 1.43927438856e-008, 4.09393159373e-008, 1.3839949986e-007, 6.9210187803e-008, 1.48319756477e-007, 3.2005212347e-007, 1.086664696e-007, 4.39828227172e-008, 6.81934642088e-009, 1.77840922544e-010, 7.4101350056e-011, 3.47876623341e-011, 4.03677064649e-014, 3.4912088331e-018]
    frequency_bands:
        dmean: [4.39409149067e-007, 5.57523671887e-005, 0.000110859917186, 0.000160585856065, 0.000190856415429, 0.000142640448757, 0.00015815939696, 0.000175352790393, 9.01502062334e-005, 9.52697519097e-005, 4.79749760416e-005, 5.15881365573e-005, 3.60511585313e-005, 4.74825210404e-005, 6.66582491249e-005, 0.000113288828288, 0.000115531918709, 0.000152637701831, 0.000224885807256, 0.000121064345876, 7.22831609892e-005, 2.57791343756e-005, 4.2207466322e-006, 2.20834454012e-006, 1.13616590625e-006, 5.18985352471e-008, 5.62840940521e-010, 4.95690155589e-011]
        dmean2: [7.27128224298e-007, 9.14597621886e-005, 0.000181088777026, 0.000263251247816, 0.000308633520035, 0.000241915229708, 0.000258932675933, 0.000294117169688, 0.000148056918988, 0.000153843488079, 8.02847425803e-005, 8.42388762976e-005, 5.88793154748e-005, 7.8382108768e-005, 0.000109586260805, 0.000187610654393, 0.000191161292605, 0.000240478533669, 0.000368559121853, 0.000193451473024, 0.000120260541735, 4.30414766015e-005, 6.85791519572e-006, 3.45126204593e-006, 1.72334171111e-006, 8.1227049975e-008, 9.12824982269e-010, 9.21902415518e-011]
        dvar: [2.06839580186e-012, 2.16579696399e-008, 4.73651553534e-008, 1.18922358183e-007, 8.41330773937e-008, 3.87883467567e-008, 8.74637180459e-008, 1.04779900312e-007, 2.76732574633e-008, 2.93900246362e-008, 5.56870993762e-009, 8.29384738665e-009, 4.27407975678e-009, 7.03899161181e-009, 1.37458391336e-008, 3.57987666177e-008, 3.18513606601e-008, 7.59291083341e-008, 1.28180531078e-007, 3.54187719154e-008, 1.81501356167e-008, 6.04076522137e-009, 1.07280059836e-010, 3.39346953315e-011, 1.50263343435e-011, 1.66046833266e-014, 8.19430343804e-019, 5.7310796766e-021]
        dvar2: [5.8065319046e-012, 6.15063484588e-008, 1.30771255158e-007, 3.39239363711e-007, 2.1955970908e-007, 1.07813015404e-007, 2.03956275868e-007, 2.67307001423e-007, 6.59595968955e-008, 7.21856565633e-008, 1.3739434479e-008, 2.08929957779e-008, 1.00381125634e-008, 1.72326171111e-008, 3.45249944189e-008, 9.69121884964e-008, 7.77214737013e-008, 1.70839811631e-007, 3.38972711234e-007, 8.77408439237e-008, 4.83164726006e-008, 1.57421684577e-008, 2.66884569999e-010, 7.6353930123e-011, 3.0858218758e-011, 3.95687816009e-014, 2.11858160232e-018, 1.83514914124e-020]
        max: [2.52724730672e-005, 0.00228053727187, 0.00335773639381, 0.00526861753315, 0.00397956650704, 0.00261241639964, 0.00454868981615, 0.00414008973166, 0.00327926781029, 0.0028112907894, 0.00139326089993, 0.00165988784283, 0.00136266218033, 0.00191072851885, 0.00191366078798, 0.00278689595871, 0.00258181686513, 0.00366818113253, 0.00683299638331, 0.00294521264732, 0.00284486520104, 0.00185684720054, 0.000209860110772, 0.000166399870068, 0.000113860834972, 2.86810632133e-006, 1.99300895787e-008, 1.16811982309e-009]
        mean: [6.25107134056e-007, 9.55048963078e-005, 0.000195832311874, 0.000237658663536, 0.000348875386408, 0.000231985672144, 0.000275079510175, 0.000303469016217, 0.000165416189702, 0.000164101962582, 7.80437403591e-005, 9.25049680518e-005, 6.29904679954e-005, 8.84749824763e-005, 0.000144236269989, 0.000269970827503, 0.000240610548644, 0.000311654352117, 0.000544971670024, 0.000324647902744, 0.000196228313143, 5.23880880792e-005, 1.01652594822e-005, 5.1594697652e-006, 2.61153741121e-006, 1.26079214624e-007, 1.8547030578e-009, 3.81173113906e-011]
        median: [2.55494001067e-007, 5.86890419072e-005, 7.92016944615e-005, 0.000114993446914, 0.000239400469582, 0.000158956667292, 0.000143769400893, 0.000103211852547, 9.87061794149e-005, 9.20685197343e-005, 4.73055551993e-005, 5.49952164874e-005, 4.43677927251e-005, 5.68680588913e-005, 7.91139755165e-005, 0.000145322512253, 0.00017809261044, 0.000228187229368, 0.000377067248337, 0.000223041090067, 0.000126704064314, 3.77398864657e-005, 6.95908147463e-006, 3.11981011691e-006, 1.26063707739e-006, 7.1084549802e-008, 1.30250854546e-009, 1.3463258286e-011]
        min: [5.81832495774e-025, 4.09305134953e-024, 1.62072833763e-024, 7.02082076453e-026, 9.8390952505e-024, 7.98185635551e-024, 7.39882740426e-024, 5.58323326532e-024, 1.13304438916e-023, 1.52534791499e-023, 1.51820667276e-023, 1.66025890701e-023, 3.48839435662e-023, 3.54651983693e-023, 3.78780840646e-023, 3.30483494367e-023, 6.83623641912e-023, 1.00979560122e-022, 1.3080398019e-022, 1.79870421675e-022, 2.84657011905e-022, 2.85274292407e-022, 3.5866963335e-022, 5.73934502038e-022, 8.68297809982e-022, 1.22911213525e-021, 1.9052184881e-021, 4.8484920994e-022]
        var: [1.98524855409e-012, 1.99495371334e-008, 6.9532639202e-008, 1.27270226358e-007, 1.29549945882e-007, 5.62413227101e-008, 1.81016446277e-007, 2.37648436041e-007, 5.45354694736e-008, 5.36254347594e-008, 9.58036583398e-009, 1.55434545235e-008, 6.59627197308e-009, 1.43927438856e-008, 4.09393159373e-008, 1.3839949986e-007, 6.9210187803e-008, 1.48319756477e-007, 3.2005212347e-007, 1.086664696e-007, 4.39828227172e-008, 6.81934642088e-009, 1.77840922544e-010, 7.4101350056e-011, 3.47876623341e-011, 4.03677064649e-014, 3.4912088331e-018, 4.34050667196e-021]
    mfcc:
        mean: [-708.591186523, 102.552696228, -40.9742698669, 49.8793296814, -16.5620937347, -7.7323641777, -2.68516492844, -5.04778862, 0.175827428699, -2.98722147942, -3.69126915932, -4.14015626907, -2.95370435715]
        cov: [[8120.28955078, 546.684265137, -794.744384766, 774.672119141, -166.571975708, -60.7217712402, -29.2097358704, 15.882021904, 67.2039642334, -6.10566997528, -181.474258423, -85.2790603638, -67.6521224976], [546.684265137, 694.241271973, -87.4861755371, 106.07875061, -83.1669006348, -14.5749578476, 14.0432453156, -30.2856559753, -23.4180984497, -18.3048973083, 23.178981781, 1.76337897778, 4.23260974884], [-794.744384766, -87.4861755371, 282.72467041, -70.556312561, 42.1487197876, 23.1640892029, 26.7612609863, -0.780391931534, 1.66419923306, 11.0040988922, 23.7495708466, 14.2462978363, 9.72002983093], [774.672119141, 106.07875061, -70.556312561, 216.479309082, 10.6892204285, 20.1741275787, 31.694108963, 14.081196785, 10.2355804443, -7.41257095337, -37.4066429138, -11.4939117432, 2.09904408455], [-166.571975708, -83.1669006348, 42.1487197876, 10.6892204285, 111.537208557, 45.6939201355, 7.61715364456, 8.36990833282, 10.7783670425, 3.95953965187, -17.5791797638, -4.0154209137, 8.69735527039], [-60.7217712402, -14.5749578476, 23.1640892029, 20.1741275787, 45.6939201355, 91.7453460693, 54.5080451965, 16.146402359, 8.38117027283, -2.06998920441, -21.565404892, -9.10737037659, 9.68819332123], [-29.2097358704, 14.0432453156, 26.7612609863, 31.694108963, 7.61715364456, 54.5080451965, 123.020683289, 44.6071548462, -1.33486878872, -9.90577888489, -23.217086792, -5.96245288849, 4.77629566193], [15.882021904, -30.2856559753, -0.780391931534, 14.081196785, 8.36990833282, 16.146402359, 44.6071548462, 61.1586036682, 14.4704427719, -3.08968782425, -15.0616827011, -3.50177192688, 3.16844081879], [67.2039642334, -23.4180984497, 1.66419923306, 10.2355804443, 10.7783670425, 8.38117027283, -1.33486878872, 14.4704427719, 55.9107284546, 28.6632843018, -4.76047229767, -4.95550298691, -2.66300487518], [-6.10566997528, -18.3048973083, 11.0040988922, -7.41257095337, 3.95953965187, -2.06998920441, -9.90577888489, -3.08968782425, 28.6632843018, 53.5385818481, 20.2225170135, 1.42687320709, -5.52237939835], [-181.474258423, 23.178981781, 23.7495708466, -37.4066429138, -17.5791797638, -21.565404892, -23.217086792, -15.0616827011, -4.76047229767, 20.2225170135, 66.6274337769, 24.5962314606, -0.800673365593], [-85.2790603638, 1.76337897778, 14.2462978363, -11.4939117432, -4.0154209137, -9.10737037659, -5.96245288849, -3.50177192688, -4.95550298691, 1.42687320709, 24.5962314606, 43.1905212402, 16.26304245], [-67.6521224976, 4.23260974884, 9.72002983093, 2.09904408455, 8.69735527039, 9.68819332123, 4.77629566193, 3.16844081879, -2.66300487518, -5.52237939835, -0.800673365593, 16.26304245, 43.8916130066]]
        icov: [[0.000256320548942, -1.98684392672e-005, 0.000437688751845, -0.000752648746129, 0.00030408546445, 2.73924815701e-005, 0.000158231923706, 2.6773495847e-005, -0.000112750123662, -0.000213039602386, 0.000371373898815, -9.45138963289e-005, 0.000258755550021], [-1.98684392672e-005, 0.00193876528647, 0.000275808211882, -0.00102039019112, 0.00124578922987, -0.000226716816542, -0.000653805444017, 0.00131673784927, -0.000123018966406, 0.000916362914722, -0.00164146174211, 0.000737190362997, -0.000645849155262], [0.000437688751845, 0.000275808211882, 0.00539705809206, 8.946620801e-005, -0.00141171307769, 0.000339371297741, -0.0020094269421, 0.00151151022874, -0.000855774444062, -0.000199717585929, -0.00123942946084, -0.000438070157543, -0.000174413464265], [-0.000752648746129, -0.00102039019112, 8.946620801e-005, 0.00857020448893, -0.0023000203073, 0.000246243493166, -0.00187928962987, 1.37052238642e-005, -0.000715157715604, 0.000130236905534, 0.00203390186653, -0.000613742799032, -0.000648930319585], [0.00030408546445, 0.00124578922987, -0.00141171307769, -0.0023000203073, 0.0145610785112, -0.00767087098211, 0.00429245363921, -0.00153010128997, 0.000437346345279, -0.00160539499484, 0.00287926755846, -0.000685107603204, -0.000646702595986], [2.73924815701e-005, -0.000226716816542, 0.000339371297741, 0.000246243493166, -0.00767087098211, 0.020916249603, -0.00986605323851, 0.00390109443106, -0.00327393319458, 0.000705178710632, 0.000666505773552, 0.00325786182657, -0.00363253266551], [0.000158231923706, -0.000653805444017, -0.0020094269421, -0.00187928962987, 0.00429245363921, -0.00986605323851, 0.0179115943611, -0.0117003712803, 0.00534122483805, -0.0020609528292, 0.00348939141259, -0.00163961888757, 0.00180038798135], [2.6773495847e-005, 0.00131673784927, 0.00151151022874, 1.37052238642e-005, -0.00153010128997, 0.00390109443106, -0.0117003712803, 0.0273340176791, -0.00982241332531, 0.00501100998372, -0.000328863301547, 0.000350576010533, -0.0017803022638], [-0.000112750123662, -0.000123018966406, -0.000855774444062, -0.000715157715604, 0.000437346345279, -0.00327393319458, 0.00534122483805, -0.00982241332531, 0.0314544476569, -0.0189471431077, 0.00656252726912, -0.000596888072323, 0.00069099990651], [-0.000213039602386, 0.000916362914722, -0.000199717585929, 0.000130236905534, -0.00160539499484, 0.000705178710632, -0.0020609528292, 0.00501100998372, -0.0189471431077, 0.0344324782491, -0.0137460269034, 0.00384616805241, 0.00115307956003], [0.000371373898815, -0.00164146174211, -0.00123942946084, 0.00203390186653, 0.00287926755846, 0.000666505773552, 0.00348939141259, -0.000328863301547, 0.00656252726912, -0.0137460269034, 0.0307009685785, -0.0154682062566, 0.00479438109323], [-9.45138963289e-005, 0.000737190362997, -0.000438070157543, -0.000613742799032, -0.000685107603204, 0.00325786182657, -0.00163961888757, 0.000350576010533, -0.000596888072323, 0.00384616805241, -0.0154682062566, 0.0372931696475, -0.0141732431948], [0.000258755550021, -0.000645849155262, -0.000174413464265, -0.000648930319585, -0.000646702595986, -0.00363253266551, 0.00180038798135, -0.0017803022638, 0.00069099990651, 0.00115307956003, 0.00479438109323, -0.0141732431948, 0.0297027584165]]
    sccoeffs:
        dmean: [0.0462444573641, 0.0466575920582, 0.0358214713633, 0.0262131541967, 0.0189367458224, 0.0159053876996]
        dmean2: [0.0768025144935, 0.0784898400307, 0.0598258338869, 0.0434449166059, 0.0316650569439, 0.0258564427495]
        dvar: [0.00151899282355, 0.00144973408896, 0.000840135442559, 0.000465885212179, 0.000250844022958, 0.000196618508198]
        dvar2: [0.00403446843848, 0.00402415869758, 0.00225456454791, 0.0012524491176, 0.000650099071208, 0.000455907749711]
        max: [-0.314503759146, -0.483039885759, -0.583269417286, -0.649723112583, -0.678829729557, -0.63282597065]
        mean: [-0.687549591064, -0.763244330883, -0.80622780323, -0.812171518803, -0.812267363071, -0.761396586895]
        median: [-0.687323927879, -0.769829511642, -0.809395551682, -0.817458927631, -0.811680912971, -0.752821326256]
        min: [-0.981314897537, -0.99251973629, -0.996726155281, -0.987960517406, -0.989465534687, -0.966016352177]
        var: [0.00574284559116, 0.00471898540854, 0.00264492398128, 0.00196970324032, 0.0011343798833, 0.00173130666371]
    scvalleys:
        dmean: [0.358369231224, 0.333316475153, 0.282712996006, 0.233795434237, 0.192235931754, 0.200971990824]
        dmean2: [0.590971648693, 0.558841526508, 0.465800106525, 0.380149930716, 0.295940667391, 0.298668682575]
        dvar: [0.1069945544, 0.083949521184, 0.0656865984201, 0.0536908693612, 0.0536814071238, 0.0707875713706]
        dvar2: [0.250553667545, 0.199901327491, 0.14073485136, 0.100561201572, 0.0862349420786, 0.112856432796]
        max: [-4.80229330063, -4.85030651093, -5.41441202164, -5.54392337799, -5.23281860352, -7.58374881744]
        mean: [-7.07117938995, -6.62993240356, -7.08127164841, -7.37620162964, -7.2152132988, -9.7715511322]
        median: [-6.62783479691, -6.20098161697, -6.63223075867, -6.88820075989, -6.73840904236, -9.3244638443]
        min: [-28.6820526123, -27.8331985474, -27.862701416, -27.6211490631, -27.4453620911, -27.4179763794]
        var: [7.04403686523, 7.16785430908, 6.91918325424, 6.71606349945, 6.92796468735, 5.43755912781]

rhythm:
    beats_loudness:
        dmean: 0.00309198070318
        dmean2: 0.00566499121487
        dvar: 7.31801355869e-006
        dvar2: 2.14575502469e-005
        max: 0.016643203795
        mean: 0.00589797645807
        median: 0.00550939328969
        min: 0
        var: 1.30118323796e-005
    bpm: 129.89263916
    bpm_confidence: 0
    first_peak_bpm: 129
    first_peak_spread: 0.271126717329
    first_peak_weight: 0.704081654549
    onset_rate: 2.34017968178
    second_peak_bpm: 120
    second_peak_spread: 0.300000011921
    second_peak_weight: 0.023809524253
    beats_loudness_band_ratio:
        dmean: [0.118830621243, 0.0830414816737, 0.110444061458, 0.0609476305544, 0.114974290133, 0.112212836742]
        dmean2: [0.20472162962, 0.145801216364, 0.193916723132, 0.112660251558, 0.18133226037, 0.200035661459]
        dvar: [0.0133432056755, 0.00713253347203, 0.0161646492779, 0.00589949963614, 0.0106932483613, 0.00964111555368]
        dvar2: [0.0351152047515, 0.0191310700029, 0.0500210002065, 0.0198490228504, 0.0261159073561, 0.0257562361658]
        max: [0.672624886036, 0.633567154408, 0.746182620525, 0.461877435446, 0.666657686234, 0.515583872795]
        mean: [0.169759064913, 0.135431990027, 0.170462682843, 0.0933291390538, 0.237778872252, 0.222748160362]
        median: [0.140673965216, 0.105133347213, 0.121317140758, 0.0771368741989, 0.224721208215, 0.232910677791]
        min: [0, 0, 0, 0, 0, 0]
        var: [0.0184764899313, 0.0101407449692, 0.0203549247235, 0.00533741060644, 0.0175621248782, 0.0165919698775]
    beats_position: [0.441179126501, 0.905578196049, 1.35836732388, 1.82276642323, 2.28716540337, 2.76317453384, 3.25079369545, 3.73841261864, 4.23764181137, 4.71365070343, 5.18965959549, 5.66566896439, 6.14167785645, 6.6176867485, 7.0936961174, 7.56970500946, 8.03410434723, 8.498503685, 8.96290206909, 9.42730140686, 9.89170074463, 10.3560991287, 10.8204984665, 11.2848978043, 11.749297142, 12.2136955261, 12.6780948639, 13.1424942017, 13.5952835083, 14.0480718613, 14.512471199, 14.9768705368, 15.4412698746, 15.8940582275, 16.3584575653, 16.8112468719, 17.2756462097, 17.7400455475, 18.2044448853, 18.6688423157, 19.1332416534, 19.5976409912, 20.0504302979, 20.5032196045, 20.9676189423, 21.43201828, 21.8964176178, 22.3608150482, 22.825214386, 23.2780036926, 23.7307929993, 24.195192337, 24.6595916748, 25.1239910126, 25.5883903503, 26.0527877808, 26.5171871185, 26.9815864563, 27.4343757629, 27.8871650696, 28.3515644073, 28.8159637451, 29.2803630829, 29.7447605133, 30.2091598511, 30.6735591888, 31.1379585266, 31.6023578644, 32.0667572021, 32.5311546326, 32.9839439392, 33.4367332458, 33.901134491, 34.3655319214, 34.818321228, 35.2827186584, 35.7471199036, 36.211517334, 36.6643066406, 37.1287078857, 37.5931053162, 38.0575065613, 38.5102958679, 38.9746932983, 39.4390907288, 39.9034919739, 40.3678894043, 40.8206787109, 41.2850799561, 41.7494773865, 42.2022666931, 42.6550559998, 43.1194534302, 43.5838546753, 44.0482521057, 44.5126533508, 44.9770507813, 45.4414520264, 45.894241333, 46.347026825, 46.8114280701, 47.2758255005, 47.7402267456, 48.204624176, 48.6690254211, 49.1334228516, 49.5978240967, 50.0506095886, 50.5150108337, 50.9678001404, 51.4321975708, 51.8965988159, 52.3609962463, 52.813785553, 53.2665748596, 53.73097229, 54.1953735352, 54.6597709656, 55.1241722107, 55.5885696411, 56.0529708862, 56.5173683167, 56.9701576233, 57.4229469299, 57.8873443604, 58.3517456055, 58.8161430359, 59.280544281, 59.7449417114, 60.2093429565, 60.673740387, 61.1381378174, 61.6025390625, 62.0669364929, 62.5197257996, 62.9725151062, 63.4369163513, 63.9013137817, 64.3657150269, 64.8301086426, 65.2945098877, 65.7589111328, 66.2117004395, 66.6644897461, 67.1288909912, 67.5932846069, 68.0576858521, 68.5220870972, 68.9864807129, 69.450881958, 69.9036712646, 70.3564605713, 70.8208618164, 71.2852630615, 71.7496566772, 72.2140579224, 72.6784591675, 73.1312484741, 73.5840377808, 74.0484313965, 74.5128326416, 74.9772338867, 75.4300231934, 75.8828125, 76.3472061157, 76.8116073608, 77.276008606, 77.7404098511, 78.2048034668, 78.6692047119, 79.133605957, 79.5979995728, 80.0507888794, 80.503578186, 80.9679794312, 81.4323806763, 81.8967819214, 82.3611755371, 82.8139648438, 83.2667541504, 83.7311553955, 84.1955566406, 84.6599502563, 85.1243515015, 85.5887527466, 86.0531539917, 86.5059356689, 86.9587249756, 87.4231262207, 87.8875274658, 88.3519287109, 88.8163223267, 89.2807235718, 89.7451248169, 90.2095184326, 90.6739196777, 91.1383209229, 91.602722168, 92.0671157837, 92.5315170288, 92.9959182739, 93.460319519, 93.9131011963, 94.3658905029, 94.830291748, 95.2946929932, 95.7474822998, 96.2118835449, 96.6762771606, 97.1406784058, 97.6050796509, 98.0578689575, 98.5222625732, 98.9866638184, 99.4510650635, 99.9038543701, 100.368255615, 100.832649231, 101.297050476, 101.749839783, 102.214241028, 102.678634644, 103.13142395, 103.584213257, 104.037002563, 104.513015747, 104.977409363, 105.441810608, 105.906211853, 106.370613098, 106.835006714, 107.299407959, 107.763809204, 108.22820282, 108.692604065, 109.145393372, 109.598182678, 110.062583923, 110.51537323, 110.979774475, 111.444168091, 111.908569336, 112.372970581, 112.825759888, 113.290153503, 113.754554749, 114.207344055, 114.660133362, 115.124534607, 115.588935852, 116.053329468, 116.517730713, 116.982131958, 117.446525574, 117.89931488, 118.352104187, 118.816505432, 119.280906677, 119.745300293, 120.1980896, 120.650878906, 121.115280151, 121.579681396, 122.044082642, 122.508476257, 122.972877502, 123.437278748, 123.901672363, 124.35446167, 124.807250977, 125.271652222, 125.736053467, 126.200454712, 126.664848328, 127.129249573, 127.582038879, 128.046432495, 128.499221802, 128.963623047, 129.428024292, 129.892425537, 130.356826782, 130.821228027, 131.285614014, 131.73840332, 132.191192627, 132.655593872, 133.119995117, 133.607620239, 134.106842041, 134.606079102, 135.105300903, 135.604537964, 136.103759766, 136.602996826]
    bpm_estimates: [129.19921875, 132.512008667, 129.19921875, 129.199249268, 126.04800415, 126.048065186, 126.048065186, 126.047935486, 126.048065186, 126.048065186, 126.047935486, 126.048065186, 129.199157715, 129.199157715, 129.199417114, 129.199157715, 129.199157715, 129.199417114, 129.199157715, 129.199157715, 129.199157715, 129.199417114, 129.199157715, 129.199157715, 132.511962891, 132.512237549, 129.199157715, 129.199157715, 129.199157715, 132.512237549, 129.199157715, 132.511962891, 129.199157715, 129.199157715, 129.199157715, 129.199676514, 129.199157715, 129.199157715, 132.511962891, 132.511962891, 129.199157715, 129.199157715, 129.199157715, 129.199676514, 129.199157715, 132.511962891, 132.511962891, 129.199157715, 129.199157715, 129.199157715, 129.199157715, 129.199676514, 129.199157715, 129.199157715, 132.511962891, 132.511962891, 129.199157715, 129.199157715, 129.199157715, 129.199676514, 129.199157715, 129.199157715, 129.199157715, 129.199157715, 129.199157715, 129.199676514, 132.511962891, 132.511962891, 129.198623657, 129.199676514, 132.511962891, 129.199676514, 129.198623657, 129.199676514, 132.511962891, 129.198623657, 129.199676514, 129.198623657, 132.511962891, 129.199676514, 129.199676514, 129.198623657, 129.199676514, 132.511962891, 129.198623657, 129.199676514, 132.511962891, 132.511962891, 129.199676514, 129.198623657, 129.199676514, 129.198623657, 129.199676514, 129.198623657, 132.511962891, 132.513076782, 129.198623657, 129.199676514, 129.198623657, 129.199676514, 129.198623657, 129.199676514, 129.198623657, 132.513076782, 129.198623657, 132.511962891, 129.199676514, 129.198623657, 129.199676514, 132.511962891, 132.511962891, 129.199676514, 129.198623657, 129.199676514, 129.198623657, 129.199676514, 129.198623657, 129.199676514, 132.511962891, 132.511962891, 129.199676514, 129.198623657, 129.199676514, 129.198623657, 129.199676514, 129.198623657, 129.199676514, 129.199676514, 129.198623657, 129.199676514, 132.511962891, 132.511962891, 129.198623657, 129.199676514, 129.198623657, 129.200744629, 129.198623657, 129.198623657, 132.511962891, 132.511962891, 129.198623657, 129.200744629, 129.198623657, 129.198623657, 129.200744629, 129.198623657, 132.511962891, 132.511962891, 129.198623657, 129.198623657, 129.200744629, 129.198623657, 129.198623657, 132.511962891, 132.511962891, 129.200744629, 129.198623657, 129.198623657, 132.511962891, 132.511962891, 129.200744629, 129.198623657, 129.198623657, 129.198623657, 129.200744629, 129.198623657, 129.198623657, 129.200744629, 132.511962891, 132.511962891, 129.198623657, 129.198623657, 129.198623657, 129.200744629, 132.511962891, 132.511962891, 129.198623657, 129.198623657, 129.200744629, 129.198623657, 129.198623657, 129.198623657, 132.514190674, 132.511962891, 129.198623657, 129.198623657, 129.198623657, 129.200744629, 129.198623657, 129.198623657, 129.200744629, 129.198623657, 129.198623657, 129.198623657, 129.200744629, 129.198623657, 129.198623657, 129.198623657, 132.514190674, 132.511962891, 129.198623657, 129.198623657, 132.511962891, 129.198623657, 129.200744629, 129.198623657, 129.198623657, 132.511962891, 129.200744629, 129.198623657, 129.198623657, 132.511962891, 129.198623657, 129.200744629, 129.198623657, 132.511962891, 129.198623657, 129.200744629, 132.511962891, 132.511962891, 132.511962891, 126.046928406, 129.200744629, 129.198623657, 129.198623657, 129.198623657, 129.200744629, 129.198623657, 129.198623657, 129.200744629, 129.198623657, 132.511962891, 132.511962891, 129.198623657, 132.511962891, 129.198623657, 129.200744629, 129.198623657, 129.198623657, 132.511962891, 129.200744629, 129.198623657, 132.511962891, 132.511962891, 129.198623657, 129.198623657, 129.200744629, 129.198623657, 129.198623657, 129.200744629, 132.511962891, 132.511962891, 129.198623657, 129.198623657, 129.200744629, 132.511962891, 132.511962891, 129.198623657, 129.198623657, 129.198623657, 129.200744629, 129.198623657, 129.198623657, 129.200744629, 132.511962891, 132.511962891, 129.198623657, 129.198623657, 129.198623657, 129.200744629, 129.198623657, 132.511962891, 129.200744629, 132.511962891, 129.198623657, 129.198623657, 129.198623657, 129.198623657, 129.198623657, 129.202865601, 132.511962891, 132.511962891, 129.198623657, 129.198623657]
