
metadata:
    version:
        essentia: "2.1-beta2"
    audio_properties:
        analysis_sample_rate: 44100
        bitrate: 285
        channels: 2
        equal_loudness: 1
        length: 190.302047729
        replay_gain: -15.8536310196
        downmix: "mix"
    tags:
        album: "L'Armée des Ombres"
        artist: "Mass Hysteria"
        comment: ""
        date: "2012"
        genre: "Metal"
        title: "La valse des pantins (Bonus)"
        tracknumber: "11/12"

configuration:
    average_loudness:
        compute: 1
        frameSize: 88200
        hopSize: 44100
        silentFrames: "noise"
        windowType: "hann"
    general:
        analysisSampleRate: 44100
        endTime: 2000
        equalLoudness: 1
        nequalLoudness: 0
        shortSound: 0
        startTime: 0
    lowlevel:
        compute: 1
        frameSize: 2048
        hopSize: 1024
        zeroPadding: 0
        silentFrames: "noise"
        windowType: "blackmanharris62"
        mfccStats: ["mean", "cov", "icov"]
        stats: ["mean", "var", "median", "min", "max", "dmean", "dmean2", "dvar", "dvar2"]
    panning:
        compute: 0
        frameSize: 8192
        hopSize: 2048
        zeroPadding: 8192
        silentFrames: "noise"
        windowType: "hann"
        stats: ["copy"]
    rhythm:
        compute: 1
        maxTempo: 208
        minTempo: 40
        method: "degara"
        stats: ["mean", "var", "median", "min", "max", "dmean", "dmean2", "dvar", "dvar2"]
    segmentation:
        compute: 0
        cpw: 5
        inc1: 300
        inc2: 50
        minimumSegmentsLength: 10
        size1: 1000
        size2: 600
    sfx:
        compute: 1
        stats: ["mean", "var", "median", "min", "max", "dmean", "dmean2", "dvar", "dvar2"]
    svm:
        compute: 0
    tonal:
        compute: 1
        frameSize: 4096
        hopSize: 2048
        zeroPadding: 0
        silentFrames: "noise"
        windowType: "blackmanharris62"
        stats: ["mean", "var", "median", "min", "max", "dmean", "dmean2", "dvar", "dvar2"]

lowlevel:
    average_loudness: 0.850581109524
    barkbands_kurtosis:
        dmean: 0.515662074089
        dmean2: 0.837728202343
        dvar: 0.612145841122
        dvar2: 1.53765904903
        max: 25.360118866
        mean: -0.789535403252
        median: -1.13752233982
        min: -1.87183153629
        var: 1.57041251659
    barkbands_skewness:
        dmean: 0.336768388748
        dmean2: 0.529051303864
        dvar: 0.0926644727588
        dvar2: 0.234355911613
        max: 2.53973150253
        mean: -0.208607256413
        median: -0.21188609302
        min: -3.08031439781
        var: 0.387623518705
    barkbands_spread:
        dmean: 5.24144411087
        dmean2: 8.31218719482
        dvar: 24.1553058624
        dvar2: 60.1981544495
        max: 67.0319595337
        mean: 32.767250061
        median: 33.7440795898
        min: 0.907517373562
        var: 112.906463623
    dissonance:
        dmean: 0.0122137917206
        dmean2: 0.0208940170705
        dvar: 0.000173938518856
        dvar2: 0.000492613180541
        max: 0.500000119209
        mean: 0.478615045547
        median: 0.483604520559
        min: 0.251374155283
        var: 0.000378750497475
    hfc:
        dmean: 2.02264094353
        dmean2: 3.19060277939
        dvar: 9.03327274323
        dvar2: 20.486076355
        max: 50.4658889771
        mean: 7.4774389267
        median: 6.2273106575
        min: 1.10151962874e-016
        var: 38.7214813232
    pitch:
        dmean: 964.153686523
        dmean2: 1852.08862305
        dvar: 1888071.625
        dvar2: 4357058
        max: 5124.06054688
        mean: 1471.58117676
        median: 408.142578125
        min: 79.2824020386
        var: 2437513.25
    pitch_instantaneous_confidence:
        dmean: 0.0813614875078
        dmean2: 0.13332991302
        dvar: 0.00474323518574
        dvar2: 0.0113587630913
        max: 0.911290645599
        mean: 0.360255241394
        median: 0.336813926697
        min: 0.0990459322929
        var: 0.0147184859961
    pitch_salience:
        dmean: 0.0564092285931
        dmean2: 0.0930502638221
        dvar: 0.00260668690316
        dvar2: 0.00688646733761
        max: 0.899022996426
        mean: 0.652544796467
        median: 0.662576794624
        min: 0.182804048061
        var: 0.00625361921266
    silence_rate_20dB:
        dmean: 0
        dmean2: 0
        dvar: 0
        dvar2: 0
        max: 1
        mean: 1
        median: 1
        min: 1
        var: 0
    silence_rate_30dB:
        dmean: 0
        dmean2: 0
        dvar: 0
        dvar2: 0
        max: 1
        mean: 1
        median: 1
        min: 1
        var: 0
    silence_rate_60dB:
        dmean: 0.0912640318274
        dmean2: 0.182550340891
        dvar: 0.0829275026917
        dvar2: 0.175093993545
        max: 1
        mean: 0.479199707508
        median: 0
        min: 0
        var: 0.249564677477
    spectral_centroid:
        dmean: 248.67414856
        dmean2: 397.631134033
        dvar: 74333.4609375
        dvar2: 172583.75
        max: 11870.4853516
        mean: 1943.3560791
        median: 1887.54052734
        min: 449.128814697
        var: 1017242.1875
    spectral_complexity:
        dmean: 3.2188873291
        dmean2: 5.16558885574
        dvar: 11.2342433929
        dvar2: 26.567024231
        max: 42
        mean: 13.3381729126
        median: 13
        min: 0
        var: 82.4078369141
    spectral_crest:
        dmean: 1.9511603117
        dmean2: 3.20711970329
        dvar: 3.74823832512
        dvar2: 9.6818447113
        max: 24.52202034
        mean: 6.65225934982
        median: 5.93503427505
        min: 2.28773903847
        var: 7.9995303154
    spectral_decrease:
        dmean: 2.28156285531e-010
        dmean2: 3.59789392723e-010
        dvar: 1.15617968123e-019
        dvar2: 2.75239592538e-019
        max: 2.37736190482e-028
        mean: -8.44864123106e-010
        median: -7.12799042013e-010
        min: -4.43967973496e-009
        var: 4.04786752264e-019
    spectral_energy:
        dmean: 0.00101489631925
        dmean2: 0.00159897678532
        dvar: 2.24417453865e-006
        dvar2: 5.23818926013e-006
        max: 0.0204212050885
        mean: 0.00386693584733
        median: 0.00326446769759
        min: 9.94307285441e-021
        var: 8.54635072756e-006
    spectral_energyband_high:
        dmean: 0.000159443879966
        dmean2: 0.000267628172878
        dvar: 9.09578403707e-008
        dvar2: 2.12842522274e-007
        max: 0.00678677251562
        mean: 0.000384154351195
        median: 0.000318554666592
        min: 6.888526689e-021
        var: 1.75317040885e-007
    spectral_energyband_low:
        dmean: 0.000198054083739
        dmean2: 0.000346038170392
        dvar: 1.29241726654e-007
        dvar2: 3.65016290971e-007
        max: 0.00352714583278
        mean: 0.000327125599142
        median: 0.000250757992035
        min: 1.8369579122e-023
        var: 1.30418001731e-007
    spectral_energyband_middle_high:
        dmean: 0.000596114143264
        dmean2: 0.000903318810742
        dvar: 6.83334121732e-007
        dvar2: 1.40629379075e-006
        max: 0.0178001187742
        mean: 0.00218173512258
        median: 0.00162416789681
        min: 1.16752484299e-021
        var: 3.80298160962e-006
    spectral_energyband_middle_low:
        dmean: 0.000501508417074
        dmean2: 0.000813850550912
        dvar: 8.27135920645e-007
        dvar2: 2.20563401854e-006
        max: 0.0102473208681
        mean: 0.00110336160287
        median: 0.000826650124509
        min: 1.83544405657e-022
        var: 1.22904884847e-006
    spectral_flatness_db:
        dmean: 0.0134304361418
        dmean2: 0.0210667122155
        dvar: 0.000157170521561
        dvar2: 0.000355264986865
        max: 0.401680350304
        mean: 0.148379832506
        median: 0.13953384757
        min: 0.0545651987195
        var: 0.00157558079809
    spectral_flux:
        dmean: 0.0066470685415
        dmean2: 0.0103033045307
        dvar: 6.58830758766e-005
        dvar2: 0.000122897836263
        max: 0.119460374117
        mean: 0.0356567576528
        median: 0.0338585563004
        min: 6.16268772125e-011
        var: 0.000323711312376
    spectral_kurtosis:
        dmean: 1.25466918945
        dmean2: 2.14746522903
        dvar: 5.19905042648
        dvar2: 15.2994699478
        max: 97.9413909912
        mean: 3.65258002281
        median: 3.01151561737
        min: -1.26930248737
        var: 21.6621685028
    spectral_rms:
        dmean: 0.0002343278029
        dmean2: 0.000362289050827
        dvar: 8.00833461767e-008
        dvar2: 1.80715517217e-007
        max: 0.00446353293955
        mean: 0.00179197778925
        median: 0.00178461382166
        min: 3.11457196839e-012
        var: 5.61439378544e-007
    spectral_rolloff:
        dmean: 306.859405518
        dmean2: 496.965179443
        dvar: 157867.734375
        dvar2: 331092.34375
        max: 19552.1484375
        mean: 3602.9609375
        median: 3531.4453125
        min: 473.73046875
        var: 2596779.5
    spectral_skewness:
        dmean: 0.172151312232
        dmean2: 0.279390275478
        dvar: 0.0350247658789
        dvar2: 0.0924010500312
        max: 8.05488681793
        mean: 1.15558302402
        median: 1.09817266464
        min: -0.113557763398
        var: 0.245446592569
    spectral_spread:
        dmean: 386908.09375
        dmean2: 574233.75
        dvar: 427510398976
        dvar2: 813417758720
        max: 42853092
        mean: 4283415.5
        median: 3807935
        min: 903437.625
        var: 1.34759611105e+013
    spectral_strongpeak:
        dmean: 0.419667065144
        dmean2: 0.709437787533
        dvar: 0.417459160089
        dvar2: 1.08208084106
        max: 7.79372406006
        mean: 0.626316964626
        median: 0.329555124044
        min: 1.54948692765e-010
        var: 0.665448665619
    zerocrossingrate:
        dmean: 0.00752343935892
        dmean2: 0.00933799892664
        dvar: 6.90594897605e-005
        dvar2: 9.70258770394e-005
        max: 0.53466796875
        mean: 0.107271939516
        median: 0.10595703125
        min: 0.0244140625
        var: 0.00189826602582
    barkbands:
        dmean: [4.16558663119e-007, 5.21608017152e-005, 0.000103984639281, 0.000169704624568, 0.000117971430882, 0.000205509466468, 9.40557874856e-005, 3.88730077248e-005, 8.45115937409e-005, 0.00011442763207, 5.60779881198e-005, 6.88832151354e-005, 9.94647780317e-005, 4.87764737045e-005, 7.69414909882e-005, 9.32079346967e-005, 0.000154878944159, 0.000171344014234, 0.000211656879401, 0.000106254490674, 7.79528709245e-005, 3.84466839023e-005, 4.28652901974e-006, 1.62291496508e-006, 7.68746133417e-007, 1.89276914142e-008, 3.37420841268e-010]
        dmean2: [5.10450490765e-007, 8.9886423666e-005, 0.000181999435881, 0.000301383435726, 0.000194792693947, 0.000328417780111, 0.000150620209752, 6.27573463134e-005, 0.000136226924951, 0.000179267139174, 8.89070142875e-005, 0.000111619890959, 0.000159231654834, 7.97624597908e-005, 0.000123626785353, 0.000149600906298, 0.000249615230132, 0.000269019627012, 0.000359148398275, 0.000178605332621, 0.000132943678182, 6.32369919913e-005, 7.01251929058e-006, 2.63750644081e-006, 1.20936022086e-006, 3.08579259922e-008, 5.80177184073e-010]
        dvar: [6.32511404364e-013, 1.10419398069e-008, 3.94679844362e-008, 2.12909426978e-007, 8.50136032682e-008, 1.59557075108e-007, 7.47582333815e-008, 1.35561544212e-008, 2.82066761059e-008, 1.01219377768e-007, 1.17619061157e-008, 4.39810321495e-008, 4.5033807794e-008, 1.35524320655e-008, 3.59578287146e-008, 3.27365263786e-008, 1.00772126643e-007, 1.08799426357e-007, 9.38857311894e-008, 2.28698091576e-008, 1.97569924865e-008, 1.4374282209e-008, 1.09701671358e-010, 2.9354109421e-011, 1.22298239244e-011, 3.19988379869e-015, 2.89912458286e-019]
        dvar2: [1.04316999917e-012, 3.08663565818e-008, 1.13768678034e-007, 6.15851206476e-007, 2.23915748165e-007, 4.30178459965e-007, 1.87917507333e-007, 3.3363914298e-008, 7.10311809371e-008, 2.27828806487e-007, 2.71101221472e-008, 1.1082606477e-007, 1.1162986624e-007, 3.48568924835e-008, 8.41407157282e-008, 7.5141763034e-008, 2.38905329297e-007, 2.28019871429e-007, 2.51522465078e-007, 5.83886432537e-008, 4.72971812826e-008, 3.15639248072e-008, 2.40711117705e-010, 6.9148201054e-011, 2.69626491273e-011, 7.30711352564e-015, 7.81405316334e-019]
        max: [8.26738323667e-006, 0.00115799182095, 0.00263745523989, 0.00465582869947, 0.00469985138625, 0.00748061295599, 0.00526567315683, 0.00472903251648, 0.00393501063809, 0.0086178900674, 0.00276857055724, 0.00516482582316, 0.00346284895204, 0.00210999953561, 0.00500987563282, 0.00460440199822, 0.00681137293577, 0.0100173857063, 0.00540788145736, 0.00266298186034, 0.00389623269439, 0.00281816651113, 0.000225106428843, 0.000141359807458, 0.000112885718409, 1.51613289745e-006, 8.9629539346e-009]
        mean: [6.58382418806e-007, 6.97373761795e-005, 0.000165109551745, 0.000190423044842, 0.000179951253813, 0.000357770215487, 0.000129373394884, 5.55873994017e-005, 0.000137872732012, 0.000207821402, 8.76902413438e-005, 0.00010690723866, 0.000128269646666, 7.87724129623e-005, 0.000124943457195, 0.000190209553693, 0.000301431166008, 0.000372623326257, 0.000484784890432, 0.000253956299275, 0.000171411127667, 6.06348876317e-005, 7.19786203263e-006, 2.60549199993e-006, 1.17152376333e-006, 2.57046490759e-008, 3.66919189476e-010]
        median: [9.7289735379e-008, 4.65520679427e-005, 0.000118331030535, 8.80683874129e-005, 8.06431780802e-005, 0.000138625080581, 5.13196646352e-005, 2.45493174589e-005, 7.45066063246e-005, 7.16118520359e-005, 4.409160465e-005, 3.11239236908e-005, 4.83309668198e-005, 4.25624821219e-005, 6.80394587107e-005, 0.000109865366539, 0.000157185873832, 0.000196849403437, 0.000402620818932, 0.000221605645493, 0.000138794159284, 2.75630955002e-005, 3.85623752663e-006, 1.17736965421e-006, 3.7864396063e-007, 9.9960706379e-009, 1.65895575055e-010]
        min: [1.83790083271e-025, 3.60242009839e-024, 1.11902266267e-024, 1.01838491598e-024, 1.24418069121e-023, 9.35765738435e-024, 1.04444008449e-023, 1.11041488857e-023, 2.07518522811e-023, 1.13591576397e-023, 1.37122169128e-023, 2.44732752025e-023, 3.78754240256e-023, 2.10391806663e-023, 4.8752537954e-023, 4.52109342982e-023, 6.65342957948e-023, 1.09122333847e-022, 1.41970375723e-022, 1.86499036846e-022, 2.54803132615e-022, 2.78992965362e-022, 4.05254154345e-022, 5.66067400489e-022, 7.91332804023e-022, 1.23424041271e-021, 1.93564059967e-021]
        var: [1.47410610194e-012, 9.668720935e-009, 3.9319722589e-008, 1.50553674416e-007, 1.12445938782e-007, 3.56287159775e-007, 8.21186603162e-008, 1.63227067418e-008, 5.06493513797e-008, 2.75122090443e-007, 2.44253417492e-008, 8.94552272257e-008, 5.87152264586e-008, 1.72868386272e-008, 5.91252273807e-008, 1.03241937666e-007, 2.29056738021e-007, 3.36996350825e-007, 1.96334980274e-007, 4.63703955234e-008, 3.76226942933e-008, 2.28500507404e-008, 1.99858699035e-010, 5.566617306e-011, 2.16564058353e-011, 4.9131489655e-015, 3.10983824566e-019]
    frequency_bands:
        dmean: [4.16558663119e-007, 5.21608017152e-005, 0.000103984639281, 0.000169704624568, 0.000117971430882, 0.000205509466468, 9.40557874856e-005, 3.88730077248e-005, 8.45115937409e-005, 0.00011442763207, 5.60779881198e-005, 6.88832151354e-005, 9.94647780317e-005, 4.87764737045e-005, 7.69414909882e-005, 9.32079346967e-005, 0.000154878944159, 0.000171344014234, 0.000211656879401, 0.000106254490674, 7.79528709245e-005, 3.84466839023e-005, 4.28652901974e-006, 1.62291496508e-006, 7.68746133417e-007, 1.89276914142e-008, 3.37420841268e-010, 4.50823753328e-011]
        dmean2: [5.10450490765e-007, 8.9886423666e-005, 0.000181999435881, 0.000301383435726, 0.000194792693947, 0.000328417780111, 0.000150620209752, 6.27573463134e-005, 0.000136226924951, 0.000179267139174, 8.89070142875e-005, 0.000111619890959, 0.000159231654834, 7.97624597908e-005, 0.000123626785353, 0.000149600906298, 0.000249615230132, 0.000269019627012, 0.000359148398275, 0.000178605332621, 0.000132943678182, 6.32369919913e-005, 7.01251929058e-006, 2.63750644081e-006, 1.20936022086e-006, 3.08579259922e-008, 5.80177184073e-010, 8.39067010316e-011]
        dvar: [6.32511404364e-013, 1.10419398069e-008, 3.94679844362e-008, 2.12909426978e-007, 8.50136032682e-008, 1.59557075108e-007, 7.47582333815e-008, 1.35561544212e-008, 2.82066761059e-008, 1.01219377768e-007, 1.17619061157e-008, 4.39810321495e-008, 4.5033807794e-008, 1.35524320655e-008, 3.59578287146e-008, 3.27365263786e-008, 1.00772126643e-007, 1.08799426357e-007, 9.38857311894e-008, 2.28698091576e-008, 1.97569924865e-008, 1.4374282209e-008, 1.09701671358e-010, 2.9354109421e-011, 1.22298239244e-011, 3.19988379869e-015, 2.89912458286e-019, 5.49350799246e-021]
        dvar2: [1.04316999917e-012, 3.08663565818e-008, 1.13768678034e-007, 6.15851206476e-007, 2.23915748165e-007, 4.30178459965e-007, 1.87917507333e-007, 3.3363914298e-008, 7.10311809371e-008, 2.27828806487e-007, 2.71101221472e-008, 1.1082606477e-007, 1.1162986624e-007, 3.48568924835e-008, 8.41407157282e-008, 7.5141763034e-008, 2.38905329297e-007, 2.28019871429e-007, 2.51522465078e-007, 5.83886432537e-008, 4.72971812826e-008, 3.15639248072e-008, 2.40711117705e-010, 6.9148201054e-011, 2.69626491273e-011, 7.30711352564e-015, 7.81405316334e-019, 1.75385861278e-020]
        max: [8.26738323667e-006, 0.00115799182095, 0.00263745523989, 0.00465582869947, 0.00469985138625, 0.00748061295599, 0.00526567315683, 0.00472903251648, 0.00393501063809, 0.0086178900674, 0.00276857055724, 0.00516482582316, 0.00346284895204, 0.00210999953561, 0.00500987563282, 0.00460440199822, 0.00681137293577, 0.0100173857063, 0.00540788145736, 0.00266298186034, 0.00389623269439, 0.00281816651113, 0.000225106428843, 0.000141359807458, 0.000112885718409, 1.51613289745e-006, 8.9629539346e-009, 9.45412192976e-010]
        mean: [6.58382418806e-007, 6.97373761795e-005, 0.000165109551745, 0.000190423044842, 0.000179951253813, 0.000357770215487, 0.000129373394884, 5.55873994017e-005, 0.000137872732012, 0.000207821402, 8.76902413438e-005, 0.00010690723866, 0.000128269646666, 7.87724129623e-005, 0.000124943457195, 0.000190209553693, 0.000301431166008, 0.000372623326257, 0.000484784890432, 0.000253956299275, 0.000171411127667, 6.06348876317e-005, 7.19786203263e-006, 2.60549199993e-006, 1.17152376333e-006, 2.57046490759e-008, 3.66919189476e-010, 3.48710400833e-011]
        median: [9.7289735379e-008, 4.65520679427e-005, 0.000118331030535, 8.80683874129e-005, 8.06431780802e-005, 0.000138625080581, 5.13196646352e-005, 2.45493174589e-005, 7.45066063246e-005, 7.16118520359e-005, 4.409160465e-005, 3.11239236908e-005, 4.83309668198e-005, 4.25624821219e-005, 6.80394587107e-005, 0.000109865366539, 0.000157185873832, 0.000196849403437, 0.000402620818932, 0.000221605645493, 0.000138794159284, 2.75630955002e-005, 3.85623752663e-006, 1.17736965421e-006, 3.7864396063e-007, 9.9960706379e-009, 1.65895575055e-010, 1.10422842745e-011]
        min: [1.83790083271e-025, 3.60242009839e-024, 1.11902266267e-024, 1.01838491598e-024, 1.24418069121e-023, 9.35765738435e-024, 1.04444008449e-023, 1.11041488857e-023, 2.07518522811e-023, 1.13591576397e-023, 1.37122169128e-023, 2.44732752025e-023, 3.78754240256e-023, 2.10391806663e-023, 4.8752537954e-023, 4.52109342982e-023, 6.65342957948e-023, 1.09122333847e-022, 1.41970375723e-022, 1.86499036846e-022, 2.54803132615e-022, 2.78992965362e-022, 4.05254154345e-022, 5.66067400489e-022, 7.91332804023e-022, 1.23424041271e-021, 1.93564059967e-021, 5.46394900831e-022]
        var: [1.47410610194e-012, 9.668720935e-009, 3.9319722589e-008, 1.50553674416e-007, 1.12445938782e-007, 3.56287159775e-007, 8.21186603162e-008, 1.63227067418e-008, 5.06493513797e-008, 2.75122090443e-007, 2.44253417492e-008, 8.94552272257e-008, 5.87152264586e-008, 1.72868386272e-008, 5.91252273807e-008, 1.03241937666e-007, 2.29056738021e-007, 3.36996350825e-007, 1.96334980274e-007, 4.63703955234e-008, 3.76226942933e-008, 2.28500507404e-008, 1.99858699035e-010, 5.566617306e-011, 2.16564058353e-011, 4.9131489655e-015, 3.10983824566e-019, 4.26443755955e-021]
    mfcc:
        mean: [-724.129821777, 103.366348267, -59.0156593323, 56.3745918274, -21.0717544556, -4.39788389206, 1.88958227634, -3.05623912811, 0.167200967669, -7.25637292862, -5.72688770294, -5.90395545959, -5.67407178879]
        cov: [[6423.71972656, 293.090698242, -481.424957275, 963.152770996, 36.7585792542, 265.30947876, -202.128051758, 126.376525879, -59.0331726074, 21.8291854858, 112.682106018, 47.026424408, 4.49568271637], [293.090698242, 766.750366211, -173.279769897, 213.426834106, -28.2179412842, -20.1185436249, 130.276351929, -28.3868637085, 71.7196350098, -9.02032566071, -10.777425766, -14.453338623, -26.4746627808], [-481.424957275, -173.279769897, 477.156036377, -34.9491653442, 91.6534729004, 6.45308160782, -11.1597642899, 59.7872009277, 19.9697227478, 50.2373847961, -3.97918558121, -17.8132095337, 20.4727916718], [963.152770996, 213.426834106, -34.9491653442, 371.085174561, 56.7527999878, 72.3486938477, -8.86110877991, 16.6004486084, 49.1242713928, 27.842168808, 28.7766056061, 1.57865202427, 0.746604382992], [36.7585792542, -28.2179412842, 91.6534729004, 56.7527999878, 125.678337097, 36.1371421814, -8.08990383148, 14.0641431808, 15.38007164, 19.0656471252, 6.0528678894, 4.44281196594, 9.0102558136], [265.30947876, -20.1185436249, 6.45308160782, 72.3486938477, 36.1371421814, 108.151992798, 21.8263950348, 26.9713954926, 2.16466903687, 12.9126777649, 20.1959590912, 13.6970825195, 5.6632938385], [-202.128051758, 130.276351929, -11.1597642899, -8.86110877991, -8.08990383148, 21.8263950348, 144.729446411, 19.442111969, 18.9229774475, -0.00613645184785, 0.709226489067, 5.72864723206, -11.542675972], [126.376525879, -28.3868637085, 59.7872009277, 16.6004486084, 14.0641431808, 26.9713954926, 19.442111969, 104.305343628, 20.7928295135, 21.2225933075, 3.20953941345, -1.23395895958, 2.31092500687], [-59.0331726074, 71.7196350098, 19.9697227478, 49.1242713928, 15.38007164, 2.16466903687, 18.9229774475, 20.7928295135, 78.1035690308, 37.2845878601, 8.14198303223, -5.59213972092, -3.97809004784], [21.8291854858, -9.02032566071, 50.2373847961, 27.842168808, 19.0656471252, 12.9126777649, -0.00613645184785, 21.2225933075, 37.2845878601, 75.0483703613, 30.8603954315, 8.99069881439, 0.856199085712], [112.682106018, -10.777425766, -3.97918558121, 28.7766056061, 6.0528678894, 20.1959590912, 0.709226489067, 3.20953941345, 8.14198303223, 30.8603954315, 71.956703186, 33.3139610291, 5.4173579216], [47.026424408, -14.453338623, -17.8132095337, 1.57865202427, 4.44281196594, 13.6970825195, 5.72864723206, -1.23395895958, -5.59213972092, 8.99069881439, 33.3139610291, 53.0360374451, 19.9684638977], [4.49568271637, -26.4746627808, 20.4727916718, 0.746604382992, 9.0102558136, 5.6632938385, -11.542675972, 2.31092500687, -3.97809004784, 0.856199085712, 5.4173579216, 19.9684638977, 45.7440338135]]
        icov: [[0.000386373983929, 6.93795027473e-006, 0.000365229323506, -0.00101165112574, 0.000178246249561, -0.000251561083132, 0.000526986841578, -0.00072260358138, 0.00098319130484, -0.000221821959713, -9.80094773695e-005, -4.92016515636e-005, 0.000107350082544], [6.93795027473e-006, 0.00262572802603, 0.000611804716755, -0.00184997194447, 0.00027599564055, 0.0017602002481, -0.00262305070646, 0.000812775280792, -0.00130556756631, 0.00041012474685, 0.000462083145976, 0.000299520877888, -6.55272879158e-006], [0.000365229323506, 0.000611804716755, 0.00356176332571, -0.00071995187318, -0.00204103649594, 0.000709261803422, -0.000166638375958, -0.00184130528942, 0.00122769828886, -0.00205044029281, -8.72305827215e-005, 0.00219629122876, -0.0017022046959], [-0.00101165112574, -0.00184997194447, -0.00071995187318, 0.00770953577012, -0.00188122165855, -0.00283412332647, 0.00125744496472, 0.00140191451646, -0.00410071434453, 0.000686578277964, -0.0012600349728, 0.00114984065294, -0.00052915973356], [0.000178246249561, 0.00027599564055, -0.00204103649594, -0.00188122165855, 0.0113723706454, -0.00312659679912, 0.000966357823927, 0.000637398043182, -0.0011185844196, -0.000284060195554, 0.0014184426982, -0.00191596522927, 2.15129948629e-005], [-0.000251561083132, 0.0017602002481, 0.000709261803422, -0.00283412332647, -0.00312659679912, 0.0149427894503, -0.00453035021201, -0.001978993183, 0.00200684857555, -0.000604205939453, -0.00167670845985, -0.000406190491049, -0.000943312363233], [0.000526986841578, -0.00262305070646, -0.000166638375958, 0.00125744496472, 0.000966357823927, -0.00453035021201, 0.0116504793987, -0.00278243911453, -0.000686466344632, 0.00104974373244, 0.000322154781315, -0.00316714821383, 0.00320008327253], [-0.00072260358138, 0.000812775280792, -0.00184130528942, 0.00140191451646, 0.000637398043182, -0.001978993183, -0.00278243911453, 0.0135169299319, -0.00433613080531, -0.00105380371679, 0.00132294953801, 0.000394585746108, -0.000609167676885], [0.00098319130484, -0.00130556756631, 0.00122769828886, -0.00410071434453, -0.0011185844196, 0.00200684857555, -0.000686466344632, -0.00433613080531, 0.0238994583488, -0.0109216114506, 0.000198260546313, 0.00328800082207, -0.000493010913488], [-0.000221821959713, 0.00041012474685, -0.00205044029281, 0.000686578277964, -0.000284060195554, -0.000604205939453, 0.00104974373244, -0.00105380371679, -0.0109216114506, 0.0240641608834, -0.00858704838902, -0.000789094774518, 0.00157571164891], [-9.80094773695e-005, 0.000462083145976, -8.72305827215e-005, -0.0012600349728, 0.0014184426982, -0.00167670845985, 0.000322154781315, 0.00132294953801, 0.000198260546313, -0.00858704838902, 0.0254646707326, -0.015585873276, 0.00424520485103], [-4.92016515636e-005, 0.000299520877888, 0.00219629122876, 0.00114984065294, -0.00191596522927, -0.000406190491049, -0.00316714821383, 0.000394585746108, 0.00328800082207, -0.000789094774518, -0.015585873276, 0.036164034158, -0.0148550011218], [0.000107350082544, -6.55272879158e-006, -0.0017022046959, -0.00052915973356, 2.15129948629e-005, -0.000943312363233, 0.00320008327253, -0.000609167676885, -0.000493010913488, 0.00157571164891, 0.00424520485103, -0.0148550011218, 0.0294771753252]]
    sccoeffs:
        dmean: [0.0505653582513, 0.0469698980451, 0.0380936302245, 0.0317180007696, 0.0182666145265, 0.0177163202316]
        dmean2: [0.0841958224773, 0.0773639604449, 0.0628261044621, 0.0507856607437, 0.0303380228579, 0.027577701956]
        dvar: [0.0019932880532, 0.0014932124177, 0.000905635708477, 0.000694169604685, 0.000234817765886, 0.000326267821947]
        dvar2: [0.00551121262833, 0.00400562491268, 0.00240042898804, 0.00167880975641, 0.000606487563346, 0.000674732902553]
        max: [-0.315372794867, -0.474043041468, -0.520977258682, -0.599323809147, -0.638431847095, -0.554023146629]
        mean: [-0.676908791065, -0.743223071098, -0.773248672485, -0.794427633286, -0.811481952667, -0.712610304356]
        median: [-0.679157912731, -0.747112870216, -0.780111372471, -0.802055418491, -0.814744472504, -0.708640992641]
        min: [-0.981593191624, -0.976914405823, -0.975641727448, -0.969522893429, -0.969135463238, -0.964929938316]
        var: [0.00538514740765, 0.00512348208576, 0.00338148837909, 0.00247402116656, 0.00110877701081, 0.00303706852719]
    scvalleys:
        dmean: [0.36109945178, 0.310201793909, 0.276902854443, 0.210010185838, 0.170388907194, 0.279855370522]
        dmean2: [0.600095272064, 0.514314770699, 0.463671535254, 0.346212416887, 0.277669131756, 0.40791657567]
        dvar: [0.106498710811, 0.084786310792, 0.0706319659948, 0.0490849912167, 0.0508318543434, 0.140923470259]
        dvar2: [0.256057620049, 0.187780246139, 0.148234978318, 0.088670603931, 0.0865036025643, 0.281997948885]
        max: [-5.48122835159, -5.15024375916, -5.64309215546, -5.95964670181, -5.66523504257, -7.5833158493]
        mean: [-7.45740556717, -7.0282831192, -7.21174383163, -7.41853427887, -7.06314325333, -10.4305438995]
        median: [-6.89592170715, -6.70934867859, -6.90934991837, -7.05622053146, -6.62339162827, -9.87787055969]
        min: [-27.9933509827, -27.9054012299, -27.9501171112, -27.5879135132, -27.4622745514, -27.4166698456]
        var: [5.28490066528, 4.58931589127, 4.41243267059, 4.54528665543, 4.85435152054, 4.71796035767]

rhythm:
    beats_loudness:
        dmean: 0.00261639803648
        dmean2: 0.0049675819464
        dvar: 7.23248831491e-006
        dvar2: 2.28656044783e-005
        max: 0.0171725992113
        mean: 0.00507296435535
        median: 0.00454804394394
        min: 0
        var: 1.20146623885e-005
    bpm: 119.982116699
    bpm_confidence: 0
    first_peak_bpm: 120
    first_peak_spread: 0.228323683143
    first_peak_weight: 0.715817689896
    onset_rate: 2.78504633904
    second_peak_bpm: 96
    second_peak_spread: 0.187499985099
    second_peak_weight: 0.0348525457084
    beats_loudness_band_ratio:
        dmean: [0.0817615538836, 0.114113010466, 0.0708060562611, 0.103005170822, 0.114984691143, 0.074255220592]
        dmean2: [0.136617526412, 0.208688423038, 0.120098203421, 0.18398539722, 0.20394179225, 0.12891985476]
        dvar: [0.00630391715094, 0.0108826281503, 0.00629712641239, 0.0113473962992, 0.0137455454096, 0.00413190666586]
        dvar2: [0.0180851258337, 0.0301953051239, 0.0174136981368, 0.030578866601, 0.0375222302973, 0.0123637802899]
        max: [0.610358595848, 0.534329235554, 0.628083348274, 0.760653972626, 0.782301783562, 0.455482184887]
        mean: [0.146002650261, 0.136086210608, 0.103527627885, 0.167029216886, 0.26361939311, 0.21178779006]
        median: [0.120447576046, 0.0960215032101, 0.0749484747648, 0.093392521143, 0.233213171363, 0.208878397942]
        min: [0, 0, 0, 0, 0, 0]
        var: [0.013762476854, 0.012729678303, 0.00750199286267, 0.0247730854899, 0.0208946987987, 0.00662508234382]
    beats_position: [0.522448956966, 1.04489791393, 1.5673469305, 2.07818579674, 2.58902478218, 3.08825397491, 3.58748292923, 4.08671188354, 4.58594083786, 5.08516979218, 5.58439922333, 6.08362817764, 6.58285713196, 7.08208608627, 7.58131504059, 8.08054447174, 8.59138298035, 9.0906124115, 9.58984088898, 10.0890703201, 10.5882987976, 11.0875282288, 11.5867567062, 12.0859861374, 12.5968255997, 13.0960540771, 13.6068935394, 14.117732048, 14.6285715103, 15.15102005, 15.6734695435, 16.1959171295, 16.7183666229, 17.2292060852, 17.7400455475, 18.2508831024, 18.7501125336, 19.2493419647, 19.7485713959, 20.2361907959, 20.7354183197, 21.246257782, 21.7454872131, 22.2447166443, 22.7439460754, 23.2431735992, 23.7424030304, 24.2416324615, 24.7292518616, 25.2284793854, 25.7277088165, 26.2385482788, 26.7493877411, 27.2486171722, 27.7362346649, 28.2354640961, 28.7346935272, 29.2339229584, 29.7331504822, 30.2323799133, 30.7316093445, 31.2308387756, 31.7416782379, 32.2409057617, 32.7401351929, 33.239364624, 33.7385940552, 34.2378234863, 34.7370529175, 35.2478904724, 35.7471199036, 36.2463493347, 36.7339668274, 37.2331962585, 37.7324256897, 38.2432632446, 38.7424926758, 39.2417221069, 39.7409515381, 40.2401809692, 40.7394104004, 41.2386398315, 41.7378692627, 42.2370948792, 42.7363243103, 43.2355537415, 43.7347831726, 44.2340126038, 44.7332420349, 45.2324714661, 45.7317008972, 46.2425384521, 46.7417678833, 47.2409973145, 47.7286148071, 48.2162361145, 48.7154655457, 49.2263031006, 49.7371406555, 50.2479820251, 50.7472114563, 51.2464370728, 51.7456665039, 52.2448959351, 52.7441253662, 53.2433547974, 53.7425842285, 54.2418136597, 54.7410430908, 55.240272522, 55.7395019531, 56.2387275696, 56.7379570007, 57.2371864319, 57.7248077393, 58.2240333557, 58.7232627869, 59.2341041565, 59.7217216492, 60.2209510803, 60.7317886353, 61.2310180664, 61.7302474976, 62.2294769287, 62.7287063599, 63.227935791, 63.7271652222, 64.2263946533, 64.7372360229, 65.2364578247, 65.7356872559, 66.234916687, 66.7341461182, 67.2449874878, 67.7442169189, 68.2434463501, 68.7310638428, 69.2419052124, 69.7411346436, 70.2403640747, 70.7395935059, 71.238822937, 71.7380523682, 72.2372741699, 72.7365036011, 73.2357330322, 73.7349624634, 74.2341918945, 74.7334213257, 75.2326507568, 75.731880188, 76.2311096191, 76.7303390503, 77.2295684814, 77.7404098511, 78.2396392822, 78.738861084, 79.2380905151, 79.7373199463, 80.2481613159, 80.7473907471, 81.2466201782, 81.7458496094, 82.2450790405, 82.7443084717, 83.2435379028, 83.742767334, 84.2419967651, 84.7412261963, 85.2404556274, 85.7396774292, 86.2389068604, 86.74974823, 87.2489776611, 87.7482070923, 88.2474365234, 88.7466659546, 89.2458953857, 89.7451248169, 90.244354248, 90.7435836792, 91.2428131104, 91.7420425415, 92.2412643433, 92.7404937744, 93.2397232056, 93.7389526367, 94.2381820679, 94.737411499, 95.2366409302, 95.7358703613, 96.2350997925, 96.7343292236, 97.2335586548, 97.7327880859, 98.2320175171, 98.7312469482, 99.2420806885, 99.7413101196, 100.240539551, 100.739768982, 101.238998413, 101.738227844, 102.237457275, 102.736686707, 103.235916138, 103.735145569, 104.234375, 104.733604431, 105.232833862, 105.732063293, 106.231292725, 106.730522156, 107.229751587, 107.740585327, 108.239814758, 108.739044189, 109.238273621, 109.737503052, 110.236732483, 110.735961914, 111.235191345, 111.734420776, 112.233650208, 112.732879639, 113.23210907, 113.731338501, 114.230567932, 114.729797363, 115.240631104, 115.739860535, 116.239089966, 116.738319397, 117.237548828, 117.736778259, 118.23600769, 118.735237122, 119.234466553, 119.733695984, 120.232925415, 120.732154846, 121.231384277, 121.730613708, 122.22983551, 122.729064941, 123.228294373, 123.739135742, 124.238365173, 124.737594604, 125.225212097, 125.724441528, 126.223670959, 126.734512329, 127.245346069, 127.7445755, 128.243804932, 128.743041992, 129.242263794, 129.741500854, 130.240722656, 130.739959717, 131.239181519, 131.726806641, 132.237640381, 132.748474121, 133.247711182, 133.746932983, 134.234558105, 134.722167969, 135.209793091, 135.720626831, 136.219863892, 136.730697632, 137.241546631, 137.752380371, 138.251602173, 138.762451172, 139.250061035, 139.749298096, 140.248519897, 140.747756958, 141.235366821, 141.722991943, 142.233825684, 142.733062744, 143.232284546, 143.731521606, 144.242355347, 144.741577148, 145.240814209, 145.740036011, 146.239273071, 146.726898193, 147.214508057, 147.713745117, 148.212966919, 148.723800659, 149.234649658, 149.73387146, 150.233108521, 150.732330322, 151.231567383, 151.730789185, 152.230026245, 152.740859985, 153.240081787, 153.739318848, 154.238540649, 154.73777771, 155.225387573, 155.724624634, 156.235458374, 156.734695435, 157.233917236, 157.733154297, 158.243988037, 158.731613159, 159.242446899, 159.741668701, 160.240905762, 160.740127563, 161.239364624, 161.738586426, 162.237823486, 162.737045288, 163.236282349, 163.723892212, 164.223129272, 164.722351074, 165.233200073, 165.744033813, 166.243255615, 166.742492676, 167.230117798, 167.7293396, 168.228561401, 168.727798462, 169.227020264, 169.726257324, 170.237091064, 170.736328125, 171.235549927, 171.734786987, 172.234008789, 172.73324585, 173.24407959, 173.743301392, 174.242538452, 174.730148315, 175.217773438, 175.717010498, 176.2162323, 176.703857422, 177.272735596, 177.841629028, 178.398910522, 178.956192017, 179.513473511, 180.140411377, 180.767349243, 181.394287109, 182.021224976, 182.648162842, 183.275100708, 183.902038574, 184.52897644, 185.155914307, 185.782852173, 186.409790039, 187.036727905, 187.663665771, 188.302215576, 188.940765381, 189.579315186]
