
metadata:
    version:
        essentia: "2.1-beta2"
    audio_properties:
        analysis_sample_rate: 44100
        bitrate: 128
        channels: 2
        equal_loudness: 1
        length: 270.2628479
        replay_gain: -17.4753646851
        downmix: "mix"
    tags:
        album: "Contraddiction"
        artist: "Mass Hysteria"
        comment: ""
        date: "1999"
        genre: "Metal"
        title: "Zion"
        tracknumber: "2"

configuration:
    average_loudness:
        compute: 1
        frameSize: 88200
        hopSize: 44100
        silentFrames: "noise"
        windowType: "hann"
    general:
        analysisSampleRate: 44100
        endTime: 2000
        equalLoudness: 1
        nequalLoudness: 0
        shortSound: 0
        startTime: 0
    lowlevel:
        compute: 1
        frameSize: 2048
        hopSize: 1024
        zeroPadding: 0
        silentFrames: "noise"
        windowType: "blackmanharris62"
        mfccStats: ["mean", "cov", "icov"]
        stats: ["mean", "var", "median", "min", "max", "dmean", "dmean2", "dvar", "dvar2"]
    panning:
        compute: 0
        frameSize: 8192
        hopSize: 2048
        zeroPadding: 8192
        silentFrames: "noise"
        windowType: "hann"
        stats: ["copy"]
    rhythm:
        compute: 1
        maxTempo: 208
        minTempo: 40
        method: "degara"
        stats: ["mean", "var", "median", "min", "max", "dmean", "dmean2", "dvar", "dvar2"]
    segmentation:
        compute: 0
        cpw: 5
        inc1: 300
        inc2: 50
        minimumSegmentsLength: 10
        size1: 1000
        size2: 600
    sfx:
        compute: 1
        stats: ["mean", "var", "median", "min", "max", "dmean", "dmean2", "dvar", "dvar2"]
    svm:
        compute: 0
    tonal:
        compute: 1
        frameSize: 4096
        hopSize: 2048
        zeroPadding: 0
        silentFrames: "noise"
        windowType: "blackmanharris62"
        stats: ["mean", "var", "median", "min", "max", "dmean", "dmean2", "dvar", "dvar2"]

lowlevel:
    average_loudness: 0.87445795536
    barkbands_kurtosis:
        dmean: 1.51882183552
        dmean2: 2.47465109825
        dvar: 17.5973434448
        dvar2: 43.1562042236
        max: 110.102546692
        mean: 0.262646496296
        median: -0.465595752001
        min: -1.89997112751
        var: 17.183506012
    barkbands_skewness:
        dmean: 0.502463459969
        dmean2: 0.74084931612
        dvar: 0.348426192999
        dvar2: 0.699864268303
        max: 9.99309062958
        mean: -0.712284624577
        median: -0.947536885738
        min: -3.13404750824
        var: 1.1801520586
    barkbands_spread:
        dmean: 8.17798233032
        dmean2: 13.1247968674
        dvar: 56.9488334656
        dvar2: 141.131088257
        max: 90.0549316406
        mean: 37.9498634338
        median: 37.9438209534
        min: 1.65221524239
        var: 136.308670044
    dissonance:
        dmean: 0.00703134248033
        dmean2: 0.011885705404
        dvar: 7.28276572772e-005
        dvar2: 0.000201233211556
        max: 0.500000119209
        mean: 0.487361192703
        median: 0.490016251802
        min: 0.342400193214
        var: 0.000113870264613
    hfc:
        dmean: 3.10578799248
        dmean2: 5.11460542679
        dvar: 16.5086746216
        dvar2: 43.3673782349
        max: 77.0139312744
        mean: 13.7200260162
        median: 14.1701097488
        min: 1.16809959477e-016
        var: 63.7208518982
    pitch:
        dmean: 499.345947266
        dmean2: 944.976135254
        dvar: 1133042.5
        dvar2: 2772971
        max: 5287.70751953
        mean: 3373.57519531
        median: 3802.80615234
        min: 72.2266082764
        var: 1394573.25
    pitch_instantaneous_confidence:
        dmean: 0.065879099071
        dmean2: 0.109749823809
        dvar: 0.00279526947998
        dvar2: 0.0075252247043
        max: 0.812823414803
        mean: 0.435581237078
        median: 0.43796890974
        min: 0.113519608974
        var: 0.00636032503098
    pitch_salience:
        dmean: 0.0525087378919
        dmean2: 0.0843707025051
        dvar: 0.00274570914917
        dvar2: 0.00635056197643
        max: 0.864989161491
        mean: 0.688982248306
        median: 0.706952214241
        min: 0.107016675174
        var: 0.00675572501495
    silence_rate_20dB:
        dmean: 0
        dmean2: 0
        dvar: 0
        dvar2: 0
        max: 1
        mean: 1
        median: 1
        min: 1
        var: 0
    silence_rate_30dB:
        dmean: 0
        dmean2: 0
        dvar: 0
        dvar2: 0
        max: 1
        mean: 1
        median: 1
        min: 1
        var: 0
    silence_rate_60dB:
        dmean: 0.0359106510878
        dmean2: 0.0718274787068
        dvar: 0.0346155576408
        dvar2: 0.078203253448
        max: 1
        mean: 0.209346279502
        median: 0
        min: 0
        var: 0.165516421199
    spectral_centroid:
        dmean: 313.216552734
        dmean2: 477.649810791
        dvar: 110590.710938
        dvar2: 223091.84375
        max: 10919.1650391
        mean: 2557.19458008
        median: 2742.27319336
        min: 168.606750488
        var: 459619.0625
    spectral_complexity:
        dmean: 3.44656348228
        dmean2: 5.60787010193
        dvar: 10.7617454529
        dvar2: 24.9606513977
        max: 44
        mean: 20.7460708618
        median: 23
        min: 0
        var: 103.688201904
    spectral_crest:
        dmean: 1.62875878811
        dmean2: 2.6685757637
        dvar: 2.68778634071
        dvar2: 6.27077484131
        max: 22.8853130341
        mean: 6.78031492233
        median: 6.21594429016
        min: 3.00297999382
        var: 5.69192266464
    spectral_decrease:
        dmean: 2.256842907e-010
        dmean2: 3.63115204571e-010
        dvar: 8.76711541398e-020
        dvar2: 2.20959070165e-019
        max: -9.35411986463e-030
        mean: -1.01750297077e-009
        median: -1.02408426184e-009
        min: -3.95890475957e-009
        var: 2.75884922663e-019
    spectral_energy:
        dmean: 0.00108669733163
        dmean2: 0.0017597922124
        dvar: 2.04846151064e-006
        dvar2: 5.20281128047e-006
        max: 0.0206974651664
        mean: 0.00508473534137
        median: 0.00516506936401
        min: 1.07801747875e-020
        var: 7.03414752934e-006
    spectral_energyband_high:
        dmean: 0.000367456872482
        dmean2: 0.000620384293143
        dvar: 2.57562106754e-007
        dvar2: 6.76925424159e-007
        max: 0.011335067451
        mean: 0.00116999796592
        median: 0.00116125086788
        min: 7.93307647248e-021
        var: 6.06732669439e-007
    spectral_energyband_low:
        dmean: 0.000270706485026
        dmean2: 0.000444564677309
        dvar: 1.13404716728e-007
        dvar2: 2.90184630103e-007
        max: 0.00565773993731
        mean: 0.000443349883426
        median: 0.00033794430783
        min: 2.11405445595e-023
        var: 1.65094490967e-007
    spectral_energyband_middle_high:
        dmean: 0.000590420735534
        dmean2: 0.00095730368048
        dvar: 4.06609785841e-007
        dvar2: 1.04678235857e-006
        max: 0.0109937870875
        mean: 0.00259309844114
        median: 0.00261918921024
        min: 1.36693484442e-021
        var: 2.40869394474e-006
    spectral_energyband_middle_low:
        dmean: 0.000493443978485
        dmean2: 0.000790337391663
        dvar: 6.07148365361e-007
        dvar2: 1.56590294864e-006
        max: 0.00948763638735
        mean: 0.00104423949961
        median: 0.000834405305795
        min: 3.18800830392e-022
        var: 8.14222971712e-007
    spectral_flatness_db:
        dmean: 0.0144515587017
        dmean2: 0.0216073896736
        dvar: 0.000235668878304
        dvar2: 0.000471292616567
        max: 0.373525321484
        mean: 0.143235489726
        median: 0.137507468462
        min: 0.0592134259641
        var: 0.000916221993975
    spectral_flux:
        dmean: 0.00614821957424
        dmean2: 0.0092543317005
        dvar: 4.91651007906e-005
        dvar2: 9.28120061872e-005
        max: 0.100324474275
        mean: 0.0432677082717
        median: 0.0447330847383
        min: 6.82988110512e-011
        var: 0.000237785716308
    spectral_kurtosis:
        dmean: 0.616855978966
        dmean2: 1.00373542309
        dvar: 0.684478223324
        dvar2: 1.92770802975
        max: 35.8955421448
        mean: 2.01851153374
        median: 1.76096141338
        min: -1.26842856407
        var: 3.61253976822
    spectral_rms:
        dmean: 0.000227952652494
        dmean2: 0.000361435551895
        dvar: 6.88258978698e-008
        dvar2: 1.68356720565e-007
        max: 0.00449362304062
        mean: 0.00212129484862
        median: 0.00224479218014
        min: 3.24302997651e-012
        var: 4.60800578139e-007
    spectral_rolloff:
        dmean: 312.377288818
        dmean2: 497.004852295
        dvar: 315469.96875
        dvar2: 599144.75
        max: 18583.1542969
        mean: 4134.66162109
        median: 4328.17382813
        min: 150.732421875
        var: 732432.625
    spectral_skewness:
        dmean: 0.118446521461
        dmean2: 0.191837519407
        dvar: 0.0151373418048
        dvar2: 0.0374880023301
        max: 4.52810096741
        mean: 0.954414725304
        median: 0.915313005447
        min: 0.0419404841959
        var: 0.10488127172
    spectral_spread:
        dmean: 569290.375
        dmean2: 795371.9375
        dvar: 677642698752
        dvar2: 1.01645477478e+012
        max: 50793588
        mean: 5581914.5
        median: 5294938.5
        min: 1431240.875
        var: 3.0256946217e+012
    spectral_strongpeak:
        dmean: 0.724133372307
        dmean2: 1.27956438065
        dvar: 0.907217741013
        dvar2: 2.34342980385
        max: 7.89346408844
        mean: 0.811465203762
        median: 0.242023333907
        min: 0
        var: 1.17780148983
    zerocrossingrate:
        dmean: 0.00933858845383
        dmean2: 0.0111210579053
        dvar: 0.000120343240269
        dvar2: 0.00013096841576
        max: 0.50732421875
        mean: 0.135466143489
        median: 0.142578125
        min: 0.00927734375
        var: 0.000801229325589
    barkbands:
        dmean: [1.08008907773e-006, 8.70393341756e-005, 0.000151585860294, 0.000171397958184, 0.000273575773463, 0.000104020313302, 9.38084340305e-005, 5.30449651706e-005, 3.26050030708e-005, 4.36042173533e-005, 2.32548318309e-005, 1.87952846318e-005, 2.63950714725e-005, 3.0506927942e-005, 3.83631486329e-005, 7.13036206434e-005, 0.000104295068013, 0.000216803062358, 0.000301039515762, 0.000341033621226, 0.000181712806807, 8.37196421344e-005, 1.59861156135e-005, 5.93856520936e-006, 4.86975841341e-006, 2.81031702798e-007, 2.39949310421e-010]
        dmean2: [1.47336947975e-006, 0.000149554951349, 0.000257320702076, 0.000278149498627, 0.000464325159555, 0.000173625390744, 0.000150607796968, 8.74137767823e-005, 5.20365174452e-005, 6.85044433339e-005, 3.73093644157e-005, 2.97746755678e-005, 4.31489679613e-005, 5.05568605149e-005, 6.24592939857e-005, 0.000118073519843, 0.000173021791852, 0.00035998178646, 0.000505389354657, 0.000575618585572, 0.000307901151245, 0.000141970362165, 2.6445970434e-005, 9.28771351028e-006, 7.11193206371e-006, 3.93019888634e-007, 4.35701918988e-010]
        dvar: [3.85455686466e-012, 1.73417991078e-008, 3.93259860232e-008, 6.93854147471e-008, 3.57995304512e-007, 1.94001241738e-008, 3.69023958058e-008, 1.69871565703e-008, 4.15980583313e-009, 9.8882599886e-009, 2.38092656701e-009, 1.16719867105e-009, 2.27151941701e-009, 2.60884758241e-009, 3.56667917423e-009, 8.75977335113e-009, 1.51699346418e-008, 7.25139770452e-008, 1.04280601931e-007, 1.41694144418e-007, 4.79617838778e-008, 3.02242213479e-008, 7.99205868152e-010, 7.23718793227e-011, 4.87407024463e-011, 2.9189826012e-013, 1.27129633913e-019]
        dvar2: [7.20720184921e-012, 4.85440523335e-008, 1.07649768211e-007, 1.65381649708e-007, 9.81622520158e-007, 5.2871694578e-008, 8.85268249817e-008, 4.1090462588e-008, 1.00870574116e-008, 2.47989735414e-008, 5.75849323781e-009, 2.65192867666e-009, 6.12439032821e-009, 6.84938239459e-009, 9.00875551935e-009, 2.30328094375e-008, 4.03665865178e-008, 1.85795173024e-007, 2.88586761599e-007, 3.9574140942e-007, 1.32241041229e-007, 6.97321596022e-008, 1.97968086368e-009, 1.57375029675e-010, 1.04661883327e-010, 5.43831960801e-013, 3.79896603289e-019]
        max: [1.32739023684e-005, 0.00105382618494, 0.0024204000365, 0.00602870527655, 0.00694437464699, 0.00232474901713, 0.00461989501491, 0.00257267290726, 0.00151437241584, 0.00159937911667, 0.00139055470936, 0.0011100344127, 0.000957521609962, 0.00149722117931, 0.0011255874997, 0.0022512266878, 0.00222789798863, 0.00515969842672, 0.00502023147419, 0.00441839220002, 0.00422136671841, 0.00512067601085, 0.000678430777043, 0.0002884962596, 0.000299261999317, 1.00710203697e-005, 7.13041004019e-009]
        mean: [1.10328062419e-006, 0.000107649386337, 0.000203019473702, 0.000220183341298, 0.000360608450137, 0.000178765811143, 0.000138409828651, 6.33772579022e-005, 5.23093149241e-005, 7.24869314581e-005, 3.56612727046e-005, 3.31794544763e-005, 4.64918739453e-005, 5.07417644258e-005, 7.22447875887e-005, 0.000162335854839, 0.000239838569541, 0.000525987532455, 0.000821735942736, 0.000948705826886, 0.000539644330274, 0.00015187052486, 3.32209274347e-005, 1.38827699629e-005, 1.07822006612e-005, 5.09007179517e-007, 2.13663128856e-010]
        median: [8.85333335532e-008, 6.97029972798e-005, 0.000140653792187, 0.000125854436192, 0.000209975652979, 0.000117059389595, 3.8231475628e-005, 2.19142548303e-005, 2.43629274337e-005, 2.04944444704e-005, 1.52520769916e-005, 1.54988683789e-005, 1.91148956219e-005, 2.9763135899e-005, 4.67791833216e-005, 0.000137122042361, 0.000209403122426, 0.000447781407274, 0.000789135636296, 0.000938111508731, 0.000540136010386, 0.000106859566586, 2.36826490436e-005, 1.06283487185e-005, 7.82493953011e-006, 2.32860742244e-007, 9.21112006114e-011]
        min: [2.74052518839e-023, 1.95734534386e-024, 3.64361559815e-024, 2.213072119e-023, 3.57147245399e-023, 1.32704942489e-023, 1.6431483562e-023, 3.66758663559e-023, 8.4170234275e-023, 1.03495950679e-022, 2.90474015422e-023, 5.55571574591e-023, 1.06397519928e-022, 1.015443088e-022, 1.27201662643e-022, 1.06050320156e-022, 1.25382713479e-022, 1.88576139164e-022, 2.03256045438e-022, 2.09050714726e-022, 4.06025041843e-022, 5.75477539212e-022, 5.19977880247e-022, 8.5027129069e-022, 1.21169691374e-021, 1.53162668613e-021, 2.31016742269e-021]
        var: [5.41399694173e-012, 1.63194773251e-008, 4.52643540427e-008, 1.02430149695e-007, 2.9953744729e-007, 3.73119348751e-008, 8.47606713705e-008, 2.20124611872e-008, 8.06257194341e-009, 2.27837286815e-008, 4.95188245964e-009, 3.21686766114e-009, 5.61463586735e-009, 4.37889058347e-009, 7.35709271282e-009, 2.22366391966e-008, 3.868889209e-008, 2.06967627037e-007, 3.13475879921e-007, 3.71188036752e-007, 1.23325492041e-007, 4.87113851477e-008, 1.35383360078e-009, 2.34144342803e-010, 1.24725479944e-010, 6.02336702651e-013, 1.19524302716e-019]
    frequency_bands:
        dmean: [1.08008907773e-006, 8.70393341756e-005, 0.000151585860294, 0.000171397958184, 0.000273575773463, 0.000104020313302, 9.38084340305e-005, 5.30449651706e-005, 3.26050030708e-005, 4.36042173533e-005, 2.32548318309e-005, 1.87952846318e-005, 2.63950714725e-005, 3.0506927942e-005, 3.83631486329e-005, 7.13036206434e-005, 0.000104295068013, 0.000216803062358, 0.000301039515762, 0.000341033621226, 0.000181712806807, 8.37196421344e-005, 1.59861156135e-005, 5.93856520936e-006, 4.86975841341e-006, 2.81031702798e-007, 2.39949310421e-010, 6.0374982791e-011]
        dmean2: [1.47336947975e-006, 0.000149554951349, 0.000257320702076, 0.000278149498627, 0.000464325159555, 0.000173625390744, 0.000150607796968, 8.74137767823e-005, 5.20365174452e-005, 6.85044433339e-005, 3.73093644157e-005, 2.97746755678e-005, 4.31489679613e-005, 5.05568605149e-005, 6.24592939857e-005, 0.000118073519843, 0.000173021791852, 0.00035998178646, 0.000505389354657, 0.000575618585572, 0.000307901151245, 0.000141970362165, 2.6445970434e-005, 9.28771351028e-006, 7.11193206371e-006, 3.93019888634e-007, 4.35701918988e-010, 1.12088963111e-010]
        dvar: [3.85455686466e-012, 1.73417991078e-008, 3.93259860232e-008, 6.93854147471e-008, 3.57995304512e-007, 1.94001241738e-008, 3.69023958058e-008, 1.69871565703e-008, 4.15980583313e-009, 9.8882599886e-009, 2.38092656701e-009, 1.16719867105e-009, 2.27151941701e-009, 2.60884758241e-009, 3.56667917423e-009, 8.75977335113e-009, 1.51699346418e-008, 7.25139770452e-008, 1.04280601931e-007, 1.41694144418e-007, 4.79617838778e-008, 3.02242213479e-008, 7.99205868152e-010, 7.23718793227e-011, 4.87407024463e-011, 2.9189826012e-013, 1.27129633913e-019, 7.99230228122e-021]
        dvar2: [7.20720184921e-012, 4.85440523335e-008, 1.07649768211e-007, 1.65381649708e-007, 9.81622520158e-007, 5.2871694578e-008, 8.85268249817e-008, 4.1090462588e-008, 1.00870574116e-008, 2.47989735414e-008, 5.75849323781e-009, 2.65192867666e-009, 6.12439032821e-009, 6.84938239459e-009, 9.00875551935e-009, 2.30328094375e-008, 4.03665865178e-008, 1.85795173024e-007, 2.88586761599e-007, 3.9574140942e-007, 1.32241041229e-007, 6.97321596022e-008, 1.97968086368e-009, 1.57375029675e-010, 1.04661883327e-010, 5.43831960801e-013, 3.79896603289e-019, 2.55502584909e-020]
        max: [1.32739023684e-005, 0.00105382618494, 0.0024204000365, 0.00602870527655, 0.00694437464699, 0.00232474901713, 0.00461989501491, 0.00257267290726, 0.00151437241584, 0.00159937911667, 0.00139055470936, 0.0011100344127, 0.000957521609962, 0.00149722117931, 0.0011255874997, 0.0022512266878, 0.00222789798863, 0.00515969842672, 0.00502023147419, 0.00441839220002, 0.00422136671841, 0.00512067601085, 0.000678430777043, 0.0002884962596, 0.000299261999317, 1.00710203697e-005, 7.13041004019e-009, 1.10464248859e-009]
        mean: [1.10328062419e-006, 0.000107649386337, 0.000203019473702, 0.000220183341298, 0.000360608450137, 0.000178765811143, 0.000138409828651, 6.33772579022e-005, 5.23093149241e-005, 7.24869314581e-005, 3.56612727046e-005, 3.31794544763e-005, 4.64918739453e-005, 5.07417644258e-005, 7.22447875887e-005, 0.000162335854839, 0.000239838569541, 0.000525987532455, 0.000821735942736, 0.000948705826886, 0.000539644330274, 0.00015187052486, 3.32209274347e-005, 1.38827699629e-005, 1.07822006612e-005, 5.09007179517e-007, 2.13663128856e-010, 4.69419225713e-011]
        median: [8.85333335532e-008, 6.97029972798e-005, 0.000140653792187, 0.000125854436192, 0.000209975652979, 0.000117059389595, 3.8231475628e-005, 2.19142548303e-005, 2.43629274337e-005, 2.04944444704e-005, 1.52520769916e-005, 1.54988683789e-005, 1.91148956219e-005, 2.9763135899e-005, 4.67791833216e-005, 0.000137122042361, 0.000209403122426, 0.000447781407274, 0.000789135636296, 0.000938111508731, 0.000540136010386, 0.000106859566586, 2.36826490436e-005, 1.06283487185e-005, 7.82493953011e-006, 2.32860742244e-007, 9.21112006114e-011, 1.633898572e-011]
        min: [2.74052518839e-023, 1.95734534386e-024, 3.64361559815e-024, 2.213072119e-023, 3.57147245399e-023, 1.32704942489e-023, 1.6431483562e-023, 3.66758663559e-023, 8.4170234275e-023, 1.03495950679e-022, 2.90474015422e-023, 5.55571574591e-023, 1.06397519928e-022, 1.015443088e-022, 1.27201662643e-022, 1.06050320156e-022, 1.25382713479e-022, 1.88576139164e-022, 2.03256045438e-022, 2.09050714726e-022, 4.06025041843e-022, 5.75477539212e-022, 5.19977880247e-022, 8.5027129069e-022, 1.21169691374e-021, 1.53162668613e-021, 2.31016742269e-021, 6.12661539276e-022]
        var: [5.41399694173e-012, 1.63194773251e-008, 4.52643540427e-008, 1.02430149695e-007, 2.9953744729e-007, 3.73119348751e-008, 8.47606713705e-008, 2.20124611872e-008, 8.06257194341e-009, 2.27837286815e-008, 4.95188245964e-009, 3.21686766114e-009, 5.61463586735e-009, 4.37889058347e-009, 7.35709271282e-009, 2.22366391966e-008, 3.868889209e-008, 2.06967627037e-007, 3.13475879921e-007, 3.71188036752e-007, 1.23325492041e-007, 4.87113851477e-008, 1.35383360078e-009, 2.34144342803e-010, 1.24725479944e-010, 6.02336702651e-013, 1.19524302716e-019, 6.33360239687e-021]
    mfcc:
        mean: [-695.334411621, 57.5999488831, -28.3401241302, 72.9253158569, -7.47445964813, -3.13533258438, 3.63612604141, -5.87596035004, -1.76923489571, -6.35680198669, -5.49298858643, -6.52247667313, -4.49676561356]
        cov: [[5742.07568359, -191.830215454, -285.673034668, 559.505126953, -193.41355896, -97.7282028198, -73.6357192993, -33.8532600403, 19.8567714691, 66.9995803833, 86.559425354, 63.0853805542, 113.51373291], [-191.830215454, 348.082458496, -98.8718109131, 64.041809082, -30.2930164337, 0.783459186554, 14.1078205109, -10.561378479, -4.31899881363, -16.5201301575, -10.9123249054, -8.40644931793, -22.6093769073], [-285.673034668, -98.8718109131, 409.414825439, 2.60755634308, 121.246315002, 20.6923542023, 2.46505308151, 19.9451675415, -5.17638111115, -8.65089225769, -23.6888065338, -14.0334825516, 13.6787366867], [559.505126953, 64.041809082, 2.60755634308, 375.653778076, 47.4517822266, 9.92813301086, -46.5279273987, -45.1278038025, 17.1814212799, 7.91960763931, -18.3105735779, -7.14693689346, 16.4454936981], [-193.41355896, -30.2930164337, 121.246315002, 47.4517822266, 142.110183716, 31.120344162, 18.8570365906, -3.31601691246, 6.2793211937, -3.33781957626, -15.0210561752, -5.22424650192, 1.21865153313], [-97.7282028198, 0.783459186554, 20.6923542023, 9.92813301086, 31.120344162, 89.6461791992, 45.7667541504, 15.9610958099, -7.31284236908, -4.85637235641, -1.44407916069, -3.99489307404, -7.50107812881], [-73.6357192993, 14.1078205109, 2.46505308151, -46.5279273987, 18.8570365906, 45.7667541504, 118.290519714, 49.4020462036, 12.7121896744, -12.3818597794, -9.6096868515, -0.0794095993042, -11.2737178802], [-33.8532600403, -10.561378479, 19.9451675415, -45.1278038025, -3.31601691246, 15.9610958099, 49.4020462036, 77.9740524292, 25.0625114441, 1.12968015671, -5.74355268478, -3.22249078751, -1.67021453381], [19.8567714691, -4.31899881363, -5.17638111115, 17.1814212799, 6.2793211937, -7.31284236908, 12.7121896744, 25.0625114441, 68.1173706055, 29.6462287903, 4.92071342468, -3.21563816071, -0.673745810986], [66.9995803833, -16.5201301575, -8.65089225769, 7.91960763931, -3.33781957626, -4.85637235641, -12.3818597794, 1.12968015671, 29.6462287903, 59.1262817383, 29.2484645844, 9.06573486328, 2.50048518181], [86.559425354, -10.9123249054, -23.6888065338, -18.3105735779, -15.0210561752, -1.44407916069, -9.6096868515, -5.74355268478, 4.92071342468, 29.2484645844, 59.7435455322, 32.7810096741, 13.7317705154], [63.0853805542, -8.40644931793, -14.0334825516, -7.14693689346, -5.22424650192, -3.99489307404, -0.0794095993042, -3.22249078751, -3.21563816071, 9.06573486328, 32.7810096741, 61.2020454407, 32.2064094543], [113.51373291, -22.6093769073, 13.6787366867, 16.4454936981, 1.21865153313, -7.50107812881, -11.2737178802, -1.67021453381, -0.673745810986, 2.50048518181, 13.7317705154, 32.2064094543, 54.5489997864]]
        icov: [[0.000279942818452, 0.000322603969835, 0.000129114851006, -0.000628313631751, 0.000449275656138, 0.000411552988226, -0.000380112847779, -0.000195014610654, 0.000335920078214, -9.53710041358e-005, -0.000474673521239, 0.000230127261602, -0.000337618752383], [0.000322603969835, 0.00379784288816, 0.000755651679356, -0.00155088782776, 0.00105743145104, 0.00074342667358, -0.0012534998823, 7.55298387958e-005, 0.000446070713224, 0.000878744118381, -0.000533007201739, -0.000114306400064, 0.00116962415632], [0.000129114851006, 0.000755651679356, 0.00382641120814, -5.13397353643e-005, -0.0031024236232, 0.000304595567286, 0.000791168364231, -0.00192629150115, 0.00132583058439, -0.000259052729234, 0.000315568933729, 0.00119327404536, -0.00143950141501], [-0.000628313631751, -0.00155088782776, -5.13397353643e-005, 0.00512342061847, -0.00215347576886, -0.00249332073145, 0.00251899799332, 0.00239183939993, -0.00275684893131, -0.000265216280241, 0.00299537647516, -0.000288640905637, -0.00117348041385], [0.000449275656138, 0.00105743145104, -0.0031024236232, -0.00215347576886, 0.0123508675024, -0.00218377867714, -0.00281147169881, 0.00332571077161, -0.00196766806766, -7.56688859838e-006, 0.00129141891375, -0.00107657408807, 0.00016169429], [0.000411552988226, 0.00074342667358, 0.000304595567286, -0.00249332073145, -0.00218377867714, 0.0171392615885, -0.00717557873577, -0.00233249296434, 0.00587089220062, -0.00147411855869, -0.0039293654263, 0.00258120568469, 0.000583497108892], [-0.000380112847779, -0.0012534998823, 0.000791168364231, 0.00251899799332, -0.00281147169881, -0.00717557873577, 0.0168987121433, -0.00726959481835, -0.00354822259396, 0.00382869993336, 0.00251632975414, -0.00420704763383, 0.00329072983004], [-0.000195014610654, 7.55298387958e-005, -0.00192629150115, 0.00239183939993, 0.00332571077161, -0.00233249296434, -0.00726959481835, 0.0228503756225, -0.00884606689215, 0.000838681997266, 0.0026011900045, 0.000493202183861, -0.00209244852886], [0.000335920078214, 0.000446070713224, 0.00132583058439, -0.00275684893131, -0.00196766806766, 0.00587089220062, -0.00354822259396, -0.00884606689215, 0.026233362034, -0.0138003416359, 0.000639705220237, 0.0031797545962, -0.00125016528182], [-9.53710041358e-005, 0.000878744118381, -0.000259052729234, -0.000265216280241, -7.56688859838e-006, -0.00147411855869, 0.00382869993336, 0.000838681997266, -0.0138003416359, 0.0319937989116, -0.0150648048148, 0.00124148942996, 0.00274431612343], [-0.000474673521239, -0.000533007201739, 0.000315568933729, 0.00299537647516, 0.00129141891375, -0.0039293654263, 0.00251632975414, 0.0026011900045, 0.000639705220237, -0.0150648048148, 0.0353512689471, -0.0165743865073, 0.00140029890463], [0.000230127261602, -0.000114306400064, 0.00119327404536, -0.000288640905637, -0.00107657408807, 0.00258120568469, -0.00420704763383, 0.000493202183861, 0.0031797545962, 0.00124148942996, -0.0165743865073, 0.0344354659319, -0.0173902940005], [-0.000337618752383, 0.00116962415632, -0.00143950141501, -0.00117348041385, 0.00016169429, 0.000583497108892, 0.00329072983004, -0.00209244852886, -0.00125016528182, 0.00274431612343, 0.00140029890463, -0.0173902940005, 0.0307006090879]]
    sccoeffs:
        dmean: [0.0560580343008, 0.0498054586351, 0.0359812527895, 0.0294382255524, 0.0192960351706, 0.0187218748033]
        dmean2: [0.0906580835581, 0.0829224660993, 0.0597605295479, 0.0491357296705, 0.0324053503573, 0.0293495431542]
        dvar: [0.00204186025076, 0.00151982682291, 0.000815284613054, 0.000522402406204, 0.000223789422307, 0.000278112333035]
        dvar2: [0.00537404092029, 0.0041923308745, 0.00218991772272, 0.00142470048741, 0.000624825246632, 0.000649284629617]
        max: [-0.34964582324, -0.47529810667, -0.571618318558, -0.603834986687, -0.663191318512, -0.528692722321]
        mean: [-0.674123108387, -0.748397767544, -0.801753044128, -0.792060554028, -0.79717373848, -0.736955285072]
        median: [-0.678982317448, -0.752553939819, -0.812172830105, -0.792818427086, -0.796469032764, -0.731708228588]
        min: [-0.963965892792, -0.970784962177, -0.973926067352, -0.963519990444, -0.961370229721, -0.962616920471]
        var: [0.00514280889183, 0.00424487190321, 0.00290955463424, 0.00141907134093, 0.000664663210046, 0.00180971587542]
    scvalleys:
        dmean: [0.40078496933, 0.386468440294, 0.316558420658, 0.257632106543, 0.20331685245, 0.241873949766]
        dmean2: [0.654876768589, 0.625921607018, 0.508752167225, 0.408293873072, 0.305765479803, 0.351645886898]
        dvar: [0.111045464873, 0.118402831256, 0.0798190161586, 0.0633035823703, 0.0612330697477, 0.0888508781791]
        dvar2: [0.273951172829, 0.27582859993, 0.176630064845, 0.125900372863, 0.103891223669, 0.161055803299]
        max: [-5.17780590057, -5.0560336113, -6.0377202034, -6.13878107071, -5.34535932541, -7.06651687622]
        mean: [-6.80378770828, -7.03204202652, -7.53116941452, -7.45463418961, -6.53662157059, -8.96502685547]
        median: [-6.58779144287, -6.89104270935, -7.39611959457, -7.27769947052, -6.2366361618, -8.66280651093]
        min: [-27.6074867249, -27.1525726318, -27.2336940765, -27.1536617279, -27.1710948944, -27.2589416504]
        var: [1.16822195053, 0.861403822899, 0.686496794224, 0.734203338623, 1.17676579952, 1.32150506973]

rhythm:
    beats_loudness:
        dmean: 0.00228624464944
        dmean2: 0.00424390379339
        dvar: 3.21895936395e-006
        dvar2: 1.00505649243e-005
        max: 0.0177562274039
        mean: 0.00614101113752
        median: 0.00643451232463
        min: 1.18865322918e-007
        var: 8.11860900285e-006
    bpm: 102.9454422
    bpm_confidence: 0
    first_peak_bpm: 103
    first_peak_spread: 0.272930651903
    first_peak_weight: 0.704989135265
    onset_rate: 2.379165411
    second_peak_bpm: 98
    second_peak_spread: 0
    second_peak_weight: 0.0195227768272
    beats_loudness_band_ratio:
        dmean: [0.134573161602, 0.092293523252, 0.0456428192556, 0.0283087138087, 0.07015183568, 0.105739936233]
        dmean2: [0.246131435037, 0.16696472466, 0.0832251086831, 0.0480105988681, 0.121554113925, 0.187484055758]
        dvar: [0.016453333199, 0.00513339601457, 0.00238632690161, 0.00142496835906, 0.0037331301719, 0.00739162741229]
        dvar2: [0.0551415011287, 0.0163794886321, 0.00719173951074, 0.00319534237497, 0.0120745273307, 0.0236420184374]
        max: [0.799465060234, 0.453427702188, 0.39594361186, 0.866387665272, 0.585744261742, 0.823954045773]
        mean: [0.223946660757, 0.140283674002, 0.0566444098949, 0.0465730726719, 0.192646473646, 0.386713176966]
        median: [0.184607028961, 0.127204090357, 0.0429333969951, 0.0289070978761, 0.185431778431, 0.398450672626]
        min: [8.62122979015e-005, 0.00224954308942, 0.00400473782793, 0.00214198301546, 0.00658020051196, 0.00121916458011]
        var: [0.0234920438379, 0.00726747466251, 0.00246055191383, 0.00639443006366, 0.00594784785062, 0.0137689663097]
    beats_position: [0.557278871536, 1.1261677742, 1.69505667686, 2.27555561066, 2.8444442749, 3.41333317757, 3.98222208023, 4.55111122131, 5.13160991669, 5.71210861206, 6.29260778427, 6.87310647964, 7.46521520615, 8.05732440948, 8.63782310486, 9.21832180023, 9.79882049561, 10.379319191, 10.95981884, 11.5403175354, 12.1208162308, 12.7013149261, 13.2934236526, 13.873922348, 14.4544210434, 15.0349206924, 15.6270294189, 16.2075271606, 16.7880268097, 17.3685264587, 17.9490242004, 18.5295238495, 19.1216316223, 19.7021312714, 20.2942390442, 20.8747386932, 21.4552383423, 22.035736084, 22.616235733, 23.1967334747, 23.7888431549, 24.3809528351, 24.9614505768, 25.5419502258, 26.1224479675, 26.7029476166, 27.2834453583, 27.8639450073, 28.4444446564, 29.0249423981, 29.6170520782, 30.2091598511, 30.7896595001, 31.3701572418, 31.9506568909, 32.5311546326, 33.111656189, 33.6921539307, 34.2842636108, 34.8763694763, 35.4568710327, 36.0373687744, 36.6178665161, 37.1983680725, 37.7788658142, 38.3709754944, 38.9514732361, 39.5435829163, 40.124080658, 40.7045783997, 41.2850799561, 41.8655776978, 42.4460754395, 43.0265769958, 43.6070747375, 44.1875724792, 44.7796821594, 45.3717918396, 45.9522895813, 46.532787323, 47.1132888794, 47.6937866211, 48.2742843628, 48.866394043, 49.4468917847, 50.0273895264, 50.6078910828, 51.1883888245, 51.7804985046, 52.3609962463, 52.941493988, 53.5219955444, 54.1141014099, 54.7062110901, 55.2867126465, 55.8672103882, 56.4477081299, 57.0282058716, 57.608707428, 58.1892051697, 58.7697029114, 59.3502044678, 59.9307022095, 60.5111999512, 61.0916976929, 61.6954193115, 62.2759170532, 62.8564147949, 63.4369163513, 64.0174102783, 64.5979156494, 65.1900177002, 65.7705230713, 66.351020813, 66.9431304932, 67.5236282349, 68.1041259766, 68.6846237183, 69.26512146, 69.8456192017, 70.4377288818, 71.029838562, 71.6103363037, 72.1908340454, 72.7713394165, 73.3518371582, 73.9323348999, 74.5244445801, 75.1049423218, 75.697052002, 76.2775497437, 76.8580474854, 77.4385452271, 78.0190429688, 78.5995483398, 79.1684341431, 79.7489318848, 80.3410415649, 80.9215393066, 81.5020370483, 82.08253479, 82.6862564087, 83.2783660889, 83.870475769, 84.4509735107, 85.0314712524, 85.6119689941, 86.1924667358, 86.7729721069, 87.3534698486, 87.9339675903, 88.514465332, 89.0833511353, 89.6754608154, 90.2559585571, 90.8364639282, 91.393737793, 91.9974594116, 92.5895690918, 93.181678772, 93.7621765137, 94.3426742554, 94.9231719971, 95.5152816772, 96.0957794189, 96.6878890991, 97.2683868408, 97.8488845825, 98.4293823242, 99.0098876953, 99.590385437, 100.170883179, 100.75138092, 101.331878662, 101.912376404, 102.504486084, 103.096595764, 103.677093506, 104.257591248, 104.849700928, 105.441810608, 106.02230835, 106.602806091, 107.183311462, 107.763809204, 108.344306946, 108.924804688, 109.505302429, 110.085800171, 110.666305542, 111.246803284, 111.838912964, 112.431015015, 113.011520386, 113.592018127, 114.172515869, 114.776237488, 115.379951477, 115.995285034, 116.598999023, 117.214332581, 117.806434631, 118.398544312, 118.990653992, 119.582763672, 120.163261414, 120.743759155, 121.324264526, 121.904762268, 122.48526001, 123.065757751, 123.646255493, 124.226753235, 124.807250977, 125.387756348, 125.968254089, 126.56036377, 127.15246582, 127.732971191, 128.313461304, 128.893966675, 129.474472046, 130.078186035, 130.658676147, 131.239181519, 131.81968689, 132.400177002, 132.980682373, 133.561172485, 134.141677856, 134.710571289, 135.267837524, 135.825119019, 136.382400513, 136.939682007, 137.508575439, 138.077453613, 138.669570923, 139.250061035, 139.830566406, 140.411056519, 140.99156189, 141.572067261, 142.152557373, 142.744674683, 143.336776733, 143.917282104, 144.497772217, 145.078277588, 145.6587677, 146.239273071, 146.819763184, 147.400268555, 147.992385864, 148.584487915, 149.164993286, 149.745483398, 150.32598877, 150.906478882, 151.486984253, 152.079086304, 152.659591675, 153.251693726, 153.832199097, 154.412689209, 154.99319458, 155.573699951, 156.154190063, 156.746307373, 157.338409424, 157.918914795, 158.499404907, 159.079910278, 159.660400391, 160.240905762, 160.821395874, 161.401901245, 161.982406616, 162.574508667, 163.155014038, 163.747116089, 164.32762146, 164.908111572, 165.488616943, 166.069107056, 166.649612427, 167.241714478, 167.833831787, 168.414321899, 168.994827271, 169.575332642, 170.155822754, 170.736328125, 171.316818237, 171.897323608, 172.466217041, 173.046707153, 173.638824463, 174.219314575, 174.799819946, 175.380310059, 175.96081543, 176.541305542, 177.133422852, 177.725524902, 178.317642212, 178.898132324, 179.490249634, 180.070739746, 180.651245117, 181.231735229, 181.812240601, 182.392745972, 182.984848022, 183.565353394, 184.145843506, 184.714736938, 185.306838989, 185.898956299, 186.479446411, 187.059951782, 187.640457153, 188.220947266, 188.801452637, 189.381942749, 189.974060059, 190.566162109, 191.14666748, 191.727157593, 192.307662964, 192.888153076, 193.468658447, 194.049163818, 194.641265869, 195.22177124, 195.813873291, 196.394378662, 196.974868774, 197.555374146, 198.135864258, 198.716369629, 199.30847168, 199.900588989, 200.481079102, 201.061584473, 201.642089844, 202.222579956, 202.791473389, 203.360351563, 203.964080811, 204.544570923, 205.125076294, 205.717178345, 206.309295654, 206.889785767, 207.470291138, 208.050796509, 208.631286621, 209.211791992, 209.792282104, 210.372787476, 210.964889526, 211.557006836, 212.137496948, 212.729614258, 213.321716309, 213.90222168, 214.482711792, 215.063217163, 215.643707275, 216.224212646, 216.804718018, 217.38520813, 217.965713501, 218.557815552, 219.149932861, 219.730422974, 220.310928345, 220.891418457, 221.471923828, 222.052429199, 222.632919312, 223.225036621, 223.817138672, 224.397644043, 224.978134155, 225.558639526, 226.139129639, 226.71963501, 227.300125122, 227.880630493, 228.461135864, 229.041625977, 229.622131348, 230.214233398, 230.806350708, 231.38684082, 231.967346191, 232.547836304, 233.128341675, 233.708831787, 234.289337158, 234.869842529, 235.450332642, 236.030838013, 236.611328125, 237.203445435, 237.795547485, 238.376052856, 238.956542969, 239.53704834, 240.117553711, 240.698043823, 241.278549194, 241.859039307, 242.451156616, 243.043258667, 243.623764038, 244.20425415, 244.784759521, 245.365249634, 245.945755005, 246.526260376, 247.106750488, 247.687255859, 248.290969849, 248.87147522, 249.451965332, 250.044082642, 250.636184692, 251.216690063, 251.797180176, 252.377685547, 252.958175659, 253.53868103, 254.119186401, 254.699676514, 255.280181885, 255.872283936, 256.464385986, 257.044891357, 257.625396729, 258.2059021, 258.786376953, 259.366882324, 259.947387695, 260.539489746, 261.131591797, 261.712097168, 262.292602539, 262.87310791, 263.453613281, 264.057312012, 264.66104126, 265.264770508, 265.880096436, 266.495422363, 267.110748291, 267.726074219, 268.341400146, 268.956726074, 269.572052002]
