
metadata:
    version:
        essentia: "2.1-beta2"
    audio_properties:
        analysis_sample_rate: 44100
        bitrate: 320
        channels: 2
        equal_loudness: 1
        length: 354.977966309
        replay_gain: -14.6220397949
        downmix: "mix"
    tags:
        album: "Vultures"
        artist: "Axewound"
        comment: ""
        date: "2012"
        genre: "Metalcore"
        title: "Collide"
        tracknumber: "7"

configuration:
    average_loudness:
        compute: 1
        frameSize: 88200
        hopSize: 44100
        silentFrames: "noise"
        windowType: "hann"
    general:
        analysisSampleRate: 44100
        endTime: 2000
        equalLoudness: 1
        nequalLoudness: 0
        shortSound: 0
        startTime: 0
    lowlevel:
        compute: 1
        frameSize: 2048
        hopSize: 1024
        zeroPadding: 0
        silentFrames: "noise"
        windowType: "blackmanharris62"
        mfccStats: ["mean", "cov", "icov"]
        stats: ["mean", "var", "median", "min", "max", "dmean", "dmean2", "dvar", "dvar2"]
    panning:
        compute: 0
        frameSize: 8192
        hopSize: 2048
        zeroPadding: 8192
        silentFrames: "noise"
        windowType: "hann"
        stats: ["copy"]
    rhythm:
        compute: 1
        maxTempo: 208
        minTempo: 40
        method: "degara"
        stats: ["mean", "var", "median", "min", "max", "dmean", "dmean2", "dvar", "dvar2"]
    segmentation:
        compute: 0
        cpw: 5
        inc1: 300
        inc2: 50
        minimumSegmentsLength: 10
        size1: 1000
        size2: 600
    sfx:
        compute: 1
        stats: ["mean", "var", "median", "min", "max", "dmean", "dmean2", "dvar", "dvar2"]
    svm:
        compute: 0
    tonal:
        compute: 1
        frameSize: 4096
        hopSize: 2048
        zeroPadding: 0
        silentFrames: "noise"
        windowType: "blackmanharris62"
        stats: ["mean", "var", "median", "min", "max", "dmean", "dmean2", "dvar", "dvar2"]

lowlevel:
    average_loudness: 0.58386951685
    barkbands_kurtosis:
        dmean: 1.19052362442
        dmean2: 1.95424425602
        dvar: 5.5966386795
        dvar2: 14.123878479
        max: 108.985992432
        mean: 2.62382364273
        median: -0.278275102377
        min: -1.87761759758
        var: 68.3045883179
    barkbands_skewness:
        dmean: 0.361922323704
        dmean2: 0.571721971035
        dvar: 0.138711243868
        dvar2: 0.315728157759
        max: 9.0880022049
        mean: 0.227564439178
        median: -0.242844074965
        min: -5.77747154236
        var: 2.37525439262
    barkbands_spread:
        dmean: 4.70287036896
        dmean2: 7.68575000763
        dvar: 37.0868377686
        dvar2: 96.8813095093
        max: 71.771270752
        mean: 24.6452617645
        median: 24.1456851959
        min: 0.237212866545
        var: 210.400299072
    dissonance:
        dmean: 0.0163337048143
        dmean2: 0.0276833251119
        dvar: 0.00059285009047
        dvar2: 0.00160643504933
        max: 0.500000119209
        mean: 0.454123467207
        median: 0.480748742819
        min: 0.0467326156795
        var: 0.00384843884967
    hfc:
        dmean: 2.23524594307
        dmean2: 3.64785432816
        dvar: 15.9103546143
        dvar2: 41.4690055847
        max: 70.6444702148
        mean: 7.41678237915
        median: 5.014772892
        min: 1.22275638093e-016
        var: 62.9251213074
    pitch:
        dmean: 706.516967773
        dmean2: 1348.80566406
        dvar: 1522027.625
        dvar2: 3934204
        max: 5508.51220703
        mean: 1443.25366211
        median: 367.445617676
        min: 54.9722175598
        var: 2595182.25
    pitch_instantaneous_confidence:
        dmean: 0.0676430165768
        dmean2: 0.112084843218
        dvar: 0.00433938205242
        dvar2: 0.0110571393743
        max: 0.980377793312
        mean: 0.452110171318
        median: 0.391884505749
        min: 0.123346567154
        var: 0.0398560091853
    pitch_salience:
        dmean: 0.0495877712965
        dmean2: 0.0824944004416
        dvar: 0.00238573201932
        dvar2: 0.00617795810103
        max: 0.889158427715
        mean: 0.633336663246
        median: 0.671515822411
        min: 0.0326367802918
        var: 0.0171116124839
    silence_rate_20dB:
        dmean: 0
        dmean2: 0
        dvar: 0
        dvar2: 0
        max: 1
        mean: 1
        median: 1
        min: 1
        var: 0
    silence_rate_30dB:
        dmean: 0
        dmean2: 0
        dvar: 0
        dvar2: 0
        max: 1
        mean: 1
        median: 1
        min: 1
        var: 0
    silence_rate_60dB:
        dmean: 0.0588697008789
        dmean2: 0.117747105658
        dvar: 0.0554137937725
        dvar2: 0.118560582399
        max: 1
        mean: 0.543462634087
        median: 1
        min: 0
        var: 0.248149186373
    spectral_centroid:
        dmean: 207.895019531
        dmean2: 325.12789917
        dvar: 74789.03125
        dvar2: 159447.5625
        max: 11119.1025391
        mean: 1698.97290039
        median: 1878.73059082
        min: 228.386489868
        var: 835162.5
    spectral_complexity:
        dmean: 3.10374140739
        dmean2: 4.91502571106
        dvar: 18.6780414581
        dvar2: 45.1842308044
        max: 54
        mean: 13.5872192383
        median: 10
        min: 0
        var: 165.280044556
    spectral_crest:
        dmean: 1.65810966492
        dmean2: 2.79165935516
        dvar: 3.13077163696
        dvar2: 8.33157157898
        max: 26.2761001587
        mean: 8.61414718628
        median: 6.54760599136
        min: 2.43001437187
        var: 25.4975128174
    spectral_decrease:
        dmean: 2.06498443345e-010
        dmean2: 3.42566336409e-010
        dvar: 1.28142271003e-019
        dvar2: 3.40393197269e-019
        max: 9.58364587595e-029
        mean: -7.32618521404e-010
        median: -5.46885370323e-010
        min: -4.41784386851e-009
        var: 5.08186732827e-019
    spectral_energy:
        dmean: 0.000960433389992
        dmean2: 0.00158804643434
        dvar: 2.77881099464e-006
        dvar2: 7.36591118766e-006
        max: 0.0230815820396
        mean: 0.0034377949778
        median: 0.00256170216016
        min: 1.07290519561e-020
        var: 1.13660144052e-005
    spectral_energyband_high:
        dmean: 0.000214855957893
        dmean2: 0.000367636996089
        dvar: 1.84922285484e-007
        dvar2: 5.13708698691e-007
        max: 0.00634951237589
        mean: 0.000455997331301
        median: 0.000288410868961
        min: 7.53295289276e-021
        var: 3.23750754205e-007
    spectral_energyband_low:
        dmean: 0.000174033018993
        dmean2: 0.000311175041134
        dvar: 1.73228940525e-007
        dvar2: 4.90955642363e-007
        max: 0.00397795438766
        mean: 0.000233256912907
        median: 7.79767724453e-005
        min: 2.5788672363e-023
        var: 1.9053263145e-007
    spectral_energyband_middle_high:
        dmean: 0.000555481179617
        dmean2: 0.000875878322404
        dvar: 8.36760762013e-007
        dvar2: 1.96547330233e-006
        max: 0.0213237665594
        mean: 0.00202367012389
        median: 0.00116819690447
        min: 1.64850017791e-021
        var: 5.25278846908e-006
    spectral_energyband_middle_low:
        dmean: 0.000377964955987
        dmean2: 0.000629754504189
        dvar: 6.42927716399e-007
        dvar2: 1.71053466147e-006
        max: 0.0108368778601
        mean: 0.000800846377388
        median: 0.000554397527594
        min: 3.90881764984e-022
        var: 1.01633406757e-006
    spectral_flatness_db:
        dmean: 0.0136082423851
        dmean2: 0.0219271704555
        dvar: 0.000178664035047
        dvar2: 0.000412012566812
        max: 0.59723764658
        mean: 0.188956215978
        median: 0.14921207726
        min: 0.0513428710401
        var: 0.00854915007949
    spectral_flux:
        dmean: 0.00564570026472
        dmean2: 0.00874607171863
        dvar: 7.34784334782e-005
        dvar2: 0.000143630735693
        max: 0.121715761721
        mean: 0.0308585632592
        median: 0.0301162246615
        min: 1.03581136723e-010
        var: 0.000607655674685
    spectral_kurtosis:
        dmean: 3.32866549492
        dmean2: 5.78336715698
        dvar: 41.110824585
        dvar2: 122.157859802
        max: 189.641387939
        mean: 12.0936670303
        median: 3.4764649868
        min: -1.17761969566
        var: 509.941802979
    spectral_rms:
        dmean: 0.000207467688597
        dmean2: 0.000335612596245
        dvar: 1.00299381245e-007
        dvar2: 2.57168892404e-007
        max: 0.00474537815899
        mean: 0.00151874602307
        median: 0.00158089271281
        min: 3.23533105688e-012
        var: 1.04735295281e-006
    spectral_rolloff:
        dmean: 274.539855957
        dmean2: 445.459716797
        dvar: 174899.125
        dvar2: 363596.6875
        max: 19336.8164063
        mean: 2911.07861328
        median: 3596.04492188
        min: 150.732421875
        var: 2377927.25
    spectral_skewness:
        dmean: 0.296148538589
        dmean2: 0.5054448843
        dvar: 0.170284003019
        dvar2: 0.51872330904
        max: 11.0654315948
        mean: 1.93715953827
        median: 1.28353095055
        min: -0.0909999459982
        var: 3.02121949196
    spectral_spread:
        dmean: 393025.5625
        dmean2: 601714.25
        dvar: 304267395072
        dvar2: 558741651456
        max: 39382052
        mean: 4006793.25
        median: 3823669
        min: 511982.59375
        var: 5.41326730854e+012
    spectral_strongpeak:
        dmean: 0.358791738749
        dmean2: 0.623861551285
        dvar: 0.382658779621
        dvar2: 1.02445924282
        max: 9.76891899109
        mean: 0.523085236549
        median: 0.191831514239
        min: 1.47082457325e-009
        var: 0.609878480434
    zerocrossingrate:
        dmean: 0.006504539866
        dmean2: 0.00770431617275
        dvar: 6.81029778207e-005
        dvar2: 7.61381088523e-005
        max: 0.50537109375
        mean: 0.0919788181782
        median: 0.10595703125
        min: 0.01123046875
        var: 0.0021183739882
    barkbands:
        dmean: [7.88508373262e-007, 6.67864733259e-005, 9.0821638878e-005, 7.51839324948e-005, 0.000141141266795, 7.85573574831e-005, 8.36157050799e-005, 0.000112224879558, 7.93198632891e-005, 7.92212231318e-005, 9.4032024208e-005, 5.67446586501e-005, 5.24576826137e-005, 6.44105966785e-005, 8.22377551231e-005, 9.82253841357e-005, 0.000116211507702, 0.000156119494932, 0.000183833763003, 0.000176242581801, 9.37246368267e-005, 4.22992452513e-005, 6.01684951107e-006, 2.34300068769e-006, 9.41270855037e-007, 3.30477227806e-008, 4.10027706232e-010]
        dmean2: [1.24113660149e-006, 0.000120979151689, 0.000162438853295, 0.000126017723233, 0.000244242197368, 0.000137048758916, 0.000139292780659, 0.000184677992365, 0.000130900807562, 0.000131402353873, 0.000150807842147, 9.30604001042e-005, 8.55977996252e-005, 0.000106297455204, 0.000134933856316, 0.000159499046276, 0.000192521634744, 0.000257235136814, 0.000304607267026, 0.000295205129078, 0.000162494310644, 7.53455606173e-005, 9.78047864919e-006, 3.5922812458e-006, 1.43256386309e-006, 4.90850382562e-008, 6.49464593216e-010]
        dvar: [3.95699098488e-012, 3.13213490699e-008, 5.05919572902e-008, 3.49806867916e-008, 1.001974681e-007, 7.12960925853e-008, 7.79235591608e-008, 1.59906619501e-007, 4.76039438979e-008, 3.720706232e-008, 7.69765122755e-008, 2.69313709111e-008, 2.42242048643e-008, 2.14669348964e-008, 4.05012947624e-008, 5.62222055578e-008, 5.59809620881e-008, 9.61665733712e-008, 1.18909696312e-007, 9.43316393887e-008, 3.54049269902e-008, 1.49935921456e-008, 2.4989371683e-010, 5.93984306185e-011, 6.58869486747e-012, 2.41975459581e-014, 2.29017298256e-018]
        dvar2: [9.12621974519e-012, 8.93286440373e-008, 1.45496230175e-007, 9.12660240715e-008, 2.7037486916e-007, 2.00342540779e-007, 2.01198446348e-007, 3.90910059878e-007, 1.23308822708e-007, 9.54903924821e-008, 1.94261914999e-007, 6.77672886695e-008, 6.10732655559e-008, 5.68098954545e-008, 1.00151339666e-007, 1.35562487458e-007, 1.38014414119e-007, 2.43035344738e-007, 3.01756216459e-007, 2.50300388416e-007, 9.81560077662e-008, 4.29349675812e-008, 5.40104350133e-010, 1.15540542411e-010, 1.29086394351e-011, 5.07094739192e-014, 5.00935657237e-018]
        max: [1.9595699996e-005, 0.00182368978858, 0.00261513050646, 0.0046363840811, 0.00534138455987, 0.00715823844075, 0.00757043156773, 0.0084175625816, 0.00500418478623, 0.00376441073604, 0.00699039362371, 0.00417675217614, 0.00556890945882, 0.00366126256995, 0.00490528950468, 0.0097425263375, 0.00853448733687, 0.0067981495522, 0.0126203559339, 0.00590576557443, 0.00280235335231, 0.00188295636326, 0.000464973651106, 0.000293635122944, 0.000117043426144, 6.65620518703e-006, 8.32265882877e-008]
        mean: [9.74085423877e-007, 7.45244324207e-005, 0.000104282458778, 0.000108985528641, 0.000211632534047, 0.000100116085378, 0.000113801754196, 0.0001262663136, 0.000115128714242, 0.000114098002086, 0.000152823035023, 9.32938128244e-005, 8.67586495588e-005, 0.000113901238365, 0.000143395722262, 0.000187254263437, 0.000230520294281, 0.000298365397612, 0.000406492734328, 0.000399897806346, 0.000177379319211, 5.91943389736e-005, 1.12673133117e-005, 5.09277288074e-006, 2.27209670811e-006, 6.56025065382e-008, 6.39500397082e-010]
        median: [1.07002449568e-007, 1.81954892469e-005, 2.76175323961e-005, 2.89320341835e-005, 9.41307444009e-005, 4.57795285911e-005, 4.5165172196e-005, 2.88059345621e-005, 3.89849847124e-005, 2.67861487373e-005, 2.32963211602e-005, 1.81325412996e-005, 2.04800671781e-005, 3.80379824492e-005, 4.51549603895e-005, 8.91664167284e-005, 0.000125390841276, 0.000126125130919, 0.000260947243078, 0.000263352878392, 0.000104216873297, 1.85666976904e-005, 2.76398054666e-006, 1.20299648643e-006, 4.00102152298e-007, 9.9432950762e-009, 1.15974563286e-010]
        min: [1.04948161564e-024, 1.70720196844e-023, 7.11066045989e-024, 3.55800486284e-024, 7.00877039651e-023, 3.37666262236e-023, 1.44011938279e-023, 1.11418095786e-022, 1.45895457287e-022, 2.64757749446e-023, 2.77522118427e-023, 1.04285871814e-022, 6.14309147852e-023, 9.86701161799e-023, 1.65700826365e-022, 2.31441868877e-022, 1.23079403719e-022, 2.00157033771e-022, 3.0949454363e-022, 4.7221658073e-022, 3.56324280459e-022, 4.65811736999e-022, 4.55580779038e-022, 8.69404891065e-022, 1.28997473571e-021, 1.38288664691e-021, 2.78165815041e-021]
        var: [4.99684451802e-012, 2.69524562668e-008, 4.78991317721e-008, 6.38284518573e-008, 1.34449862799e-007, 5.29858112941e-008, 7.76869981678e-008, 1.68990297311e-007, 5.86527271196e-008, 6.09522459172e-008, 1.77731635631e-007, 5.02624999399e-008, 4.22712354009e-008, 4.68165382017e-008, 7.90049341504e-008, 1.24242134802e-007, 1.47500443859e-007, 2.18259756934e-007, 2.6443174761e-007, 2.37951766735e-007, 5.56272219399e-008, 1.34755726577e-008, 5.58256330052e-010, 1.7516242623e-010, 2.47169437695e-011, 4.84668254423e-014, 4.0022509417e-018]
    frequency_bands:
        dmean: [7.88508373262e-007, 6.67864733259e-005, 9.0821638878e-005, 7.51839324948e-005, 0.000141141266795, 7.85573574831e-005, 8.36157050799e-005, 0.000112224879558, 7.93198632891e-005, 7.92212231318e-005, 9.4032024208e-005, 5.67446586501e-005, 5.24576826137e-005, 6.44105966785e-005, 8.22377551231e-005, 9.82253841357e-005, 0.000116211507702, 0.000156119494932, 0.000183833763003, 0.000176242581801, 9.37246368267e-005, 4.22992452513e-005, 6.01684951107e-006, 2.34300068769e-006, 9.41270855037e-007, 3.30477227806e-008, 4.10027706232e-010, 4.03932963466e-011]
        dmean2: [1.24113660149e-006, 0.000120979151689, 0.000162438853295, 0.000126017723233, 0.000244242197368, 0.000137048758916, 0.000139292780659, 0.000184677992365, 0.000130900807562, 0.000131402353873, 0.000150807842147, 9.30604001042e-005, 8.55977996252e-005, 0.000106297455204, 0.000134933856316, 0.000159499046276, 0.000192521634744, 0.000257235136814, 0.000304607267026, 0.000295205129078, 0.000162494310644, 7.53455606173e-005, 9.78047864919e-006, 3.5922812458e-006, 1.43256386309e-006, 4.90850382562e-008, 6.49464593216e-010, 7.49950934686e-011]
        dvar: [3.95699098488e-012, 3.13213490699e-008, 5.05919572902e-008, 3.49806867916e-008, 1.001974681e-007, 7.12960925853e-008, 7.79235591608e-008, 1.59906619501e-007, 4.76039438979e-008, 3.720706232e-008, 7.69765122755e-008, 2.69313709111e-008, 2.42242048643e-008, 2.14669348964e-008, 4.05012947624e-008, 5.62222055578e-008, 5.59809620881e-008, 9.61665733712e-008, 1.18909696312e-007, 9.43316393887e-008, 3.54049269902e-008, 1.49935921456e-008, 2.4989371683e-010, 5.93984306185e-011, 6.58869486747e-012, 2.41975459581e-014, 2.29017298256e-018, 6.59491069108e-021]
        dvar2: [9.12621974519e-012, 8.93286440373e-008, 1.45496230175e-007, 9.12660240715e-008, 2.7037486916e-007, 2.00342540779e-007, 2.01198446348e-007, 3.90910059878e-007, 1.23308822708e-007, 9.54903924821e-008, 1.94261914999e-007, 6.77672886695e-008, 6.10732655559e-008, 5.68098954545e-008, 1.00151339666e-007, 1.35562487458e-007, 1.38014414119e-007, 2.43035344738e-007, 3.01756216459e-007, 2.50300388416e-007, 9.81560077662e-008, 4.29349675812e-008, 5.40104350133e-010, 1.15540542411e-010, 1.29086394351e-011, 5.07094739192e-014, 5.00935657237e-018, 2.13832699161e-020]
        max: [1.9595699996e-005, 0.00182368978858, 0.00261513050646, 0.0046363840811, 0.00534138455987, 0.00715823844075, 0.00757043156773, 0.0084175625816, 0.00500418478623, 0.00376441073604, 0.00699039362371, 0.00417675217614, 0.00556890945882, 0.00366126256995, 0.00490528950468, 0.0097425263375, 0.00853448733687, 0.0067981495522, 0.0126203559339, 0.00590576557443, 0.00280235335231, 0.00188295636326, 0.000464973651106, 0.000293635122944, 0.000117043426144, 6.65620518703e-006, 8.32265882877e-008, 1.33419297832e-009]
        mean: [9.74085423877e-007, 7.45244324207e-005, 0.000104282458778, 0.000108985528641, 0.000211632534047, 0.000100116085378, 0.000113801754196, 0.0001262663136, 0.000115128714242, 0.000114098002086, 0.000152823035023, 9.32938128244e-005, 8.67586495588e-005, 0.000113901238365, 0.000143395722262, 0.000187254263437, 0.000230520294281, 0.000298365397612, 0.000406492734328, 0.000399897806346, 0.000177379319211, 5.91943389736e-005, 1.12673133117e-005, 5.09277288074e-006, 2.27209670811e-006, 6.56025065382e-008, 6.39500397082e-010, 3.1521823346e-011]
        median: [1.07002449568e-007, 1.81954892469e-005, 2.76175323961e-005, 2.89320341835e-005, 9.41307444009e-005, 4.57795285911e-005, 4.5165172196e-005, 2.88059345621e-005, 3.89849847124e-005, 2.67861487373e-005, 2.32963211602e-005, 1.81325412996e-005, 2.04800671781e-005, 3.80379824492e-005, 4.51549603895e-005, 8.91664167284e-005, 0.000125390841276, 0.000126125130919, 0.000260947243078, 0.000263352878392, 0.000104216873297, 1.85666976904e-005, 2.76398054666e-006, 1.20299648643e-006, 4.00102152298e-007, 9.9432950762e-009, 1.15974563286e-010, 5.26672195439e-012]
        min: [1.04948161564e-024, 1.70720196844e-023, 7.11066045989e-024, 3.55800486284e-024, 7.00877039651e-023, 3.37666262236e-023, 1.44011938279e-023, 1.11418095786e-022, 1.45895457287e-022, 2.64757749446e-023, 2.77522118427e-023, 1.04285871814e-022, 6.14309147852e-023, 9.86701161799e-023, 1.65700826365e-022, 2.31441868877e-022, 1.23079403719e-022, 2.00157033771e-022, 3.0949454363e-022, 4.7221658073e-022, 3.56324280459e-022, 4.65811736999e-022, 4.55580779038e-022, 8.69404891065e-022, 1.28997473571e-021, 1.38288664691e-021, 2.78165815041e-021, 9.02350650719e-022]
        var: [4.99684451802e-012, 2.69524562668e-008, 4.78991317721e-008, 6.38284518573e-008, 1.34449862799e-007, 5.29858112941e-008, 7.76869981678e-008, 1.68990297311e-007, 5.86527271196e-008, 6.09522459172e-008, 1.77731635631e-007, 5.02624999399e-008, 4.22712354009e-008, 4.68165382017e-008, 7.90049341504e-008, 1.24242134802e-007, 1.47500443859e-007, 2.18259756934e-007, 2.6443174761e-007, 2.37951766735e-007, 5.56272219399e-008, 1.34755726577e-008, 5.58256330052e-010, 1.7516242623e-010, 2.47169437695e-011, 4.84668254423e-014, 4.0022509417e-018, 4.94391311839e-021]
    mfcc:
        mean: [-791.085998535, 91.3224945068, -39.048084259, 38.3564949036, -13.7319507599, -9.51971912384, -1.57453203201, -6.80068874359, -1.48369777203, -3.13780474663, -5.95323181152, -3.80101943016, -2.21561312675]
        cov: [[24906.4160156, 650.918884277, -4009.19262695, 3540.88720703, -605.652526855, 1166.35119629, 974.205566406, 234.632141113, 388.776489258, 30.5926990509, 94.4225082397, -101.333053589, -271.280578613], [650.918884277, 1613.84851074, -224.528030396, 260.674438477, 178.526382446, -128.620117188, 31.0303878784, -132.784484863, -61.3562355042, -51.2361450195, -95.3142623901, -20.0254325867, -40.4308776855], [-4009.19262695, -224.528030396, 1194.69604492, -577.203979492, 176.810897827, -137.264663696, -167.288345337, 27.3454113007, -81.9192199707, 3.49752354622, -20.6907482147, 3.47074151039, 37.2849006653], [3540.88720703, 260.674438477, -577.203979492, 920.040527344, 26.5164642334, 206.737289429, 152.678314209, -25.9433784485, 112.512550354, 17.8656921387, 36.9086914063, 25.5622749329, -30.8824119568], [-605.652526855, 178.526382446, 176.810897827, 26.5164642334, 250.328735352, 18.3770866394, -16.2094020844, -27.6440868378, -47.3227958679, -7.45850563049, -16.9709014893, 10.556427002, 16.0268669128], [1166.35119629, -128.620117188, -137.264663696, 206.737289429, 18.3770866394, 264.183197021, 167.457763672, 97.5629882813, 62.1995162964, 18.0382556915, 42.1749382019, 0.247770309448, -16.9231853485], [974.205566406, 31.0303878784, -167.288345337, 152.678314209, -16.2094020844, 167.457763672, 228.70703125, 118.0470047, 81.7996444702, 26.0332508087, 25.4243850708, -4.35393571854, -30.0331249237], [234.632141113, -132.784484863, 27.3454113007, -25.9433784485, -27.6440868378, 97.5629882813, 118.0470047, 200.240325928, 108.510566711, 47.5053291321, 21.35704422, -21.0605049133, -21.672586441], [388.776489258, -61.3562355042, -81.9192199707, 112.512550354, -47.3227958679, 62.1995162964, 81.7996444702, 108.510566711, 179.733276367, 74.694152832, 38.2484130859, -0.359101325274, -18.9613780975], [30.5926990509, -51.2361450195, 3.49752354622, 17.8656921387, -7.45850563049, 18.0382556915, 26.0332508087, 47.5053291321, 74.694152832, 89.7104263306, 41.2587966919, 6.09067869186, -6.22573375702], [94.4225082397, -95.3142623901, -20.6907482147, 36.9086914063, -16.9709014893, 42.1749382019, 25.4243850708, 21.35704422, 38.2484130859, 41.2587966919, 84.45287323, 40.5892105103, 8.98927307129], [-101.333053589, -20.0254325867, 3.47074151039, 25.5622749329, 10.556427002, 0.247770309448, -4.35393571854, -21.0605049133, -0.359101325274, 6.09067869186, 40.5892105103, 75.5066833496, 40.7418556213], [-271.280578613, -40.4308776855, 37.2849006653, -30.8824119568, 16.0268669128, -16.9231853485, -30.0331249237, -21.672586441, -18.9613780975, -6.22573375702, 8.98927307129, 40.7418556213, 81.0690917969]]
        icov: [[0.000194562628167, -1.66142854141e-005, 0.000350543297827, -0.000585619476624, 0.000386869680369, -0.00030425740988, 0.000131689128466, -0.000521497044247, 0.000638886005618, -0.000270074786386, 0.000201999544515, 0.000125894206576, 7.0869224146e-005], [-1.66142854141e-005, 0.000998310744762, 0.000154401772306, -0.000193212254089, -0.00095358811086, 0.00132657703944, -0.00111698138062, 0.000502959010191, -7.64197247918e-005, 0.000164106648299, 0.000549230899196, -3.91640569433e-005, 0.000437278184108], [0.000350543297827, 0.000154401772306, 0.00225975108333, -0.000206818906008, -0.000716860580724, -0.000399896933232, 0.00104284042027, -0.00165805907454, 0.00111761142034, -0.000560581800528, 0.000417428818764, -0.000222093221964, 0.000416939263232], [-0.000585619476624, -0.000193212254089, -0.000206818906008, 0.00415594736114, -0.00187720381655, -0.00083751330385, -0.000246046489337, 0.00320513453335, -0.0038900533691, 0.00119551050011, -0.000411020533647, -0.00121024798136, 0.000419999385485], [0.000386869680369, -0.00095358811086, -0.000716860580724, -0.00187720381655, 0.00726583972573, -0.00295112840831, 0.00120828498621, -0.00104931218084, 0.00321816746145, -0.00259653292596, 0.00230829440989, -0.000943401071709, -0.000680295808706], [-0.00030425740988, 0.00132657703944, -0.000399896933232, -0.00083751330385, -0.00295112840831, 0.0114033864811, -0.0065961163491, -0.000872347329278, 8.24970265967e-006, 0.00269610062242, -0.0044713546522, 0.00262504536659, -0.00081906869309], [0.000131689128466, -0.00111698138062, 0.00104284042027, -0.000246046489337, 0.00120828498621, -0.0065961163491, 0.0126340081915, -0.00531719624996, 0.000186006131116, -0.000522119225934, 0.00135179155041, -0.00288828229532, 0.00225845887326], [-0.000521497044247, 0.000502959010191, -0.00165805907454, 0.00320513453335, -0.00104931218084, -0.000872347329278, -0.00531719624996, 0.0144343459979, -0.00788205210119, 0.0003671166196, -0.000384154205676, 0.00287130661309, -0.000812150421552], [0.000638886005618, -7.64197247918e-005, 0.00111761142034, -0.0038900533691, 0.00321816746145, 8.24970265967e-006, 0.000186006131116, -0.00788205210119, 0.0162307824939, -0.00906074885279, 0.00110183784273, -0.000741093303077, 0.00078186072642], [-0.000270074786386, 0.000164106648299, -0.000560581800528, 0.00119551050011, -0.00259653292596, 0.00269610062242, -0.000522119225934, 0.0003671166196, -0.00906074885279, 0.0224697720259, -0.0105946101248, 0.00367177580483, -0.000191981729586], [0.000201999544515, 0.000549230899196, 0.000417428818764, -0.000411020533647, 0.00230829440989, -0.0044713546522, 0.00135179155041, -0.000384154205676, 0.00110183784273, -0.0105946101248, 0.0264905355871, -0.0152097903192, 0.00376016949303], [0.000125894206576, -3.91640569433e-005, -0.000222093221964, -0.00121024798136, -0.000943401071709, 0.00262504536659, -0.00288828229532, 0.00287130661309, -0.000741093303077, 0.00367177580483, -0.0152097903192, 0.0291309189051, -0.0123698487878], [7.0869224146e-005, 0.000437278184108, 0.000416939263232, 0.000419999385485, -0.000680295808706, -0.00081906869309, 0.00225845887326, -0.000812150421552, 0.00078186072642, -0.000191981729586, 0.00376016949303, -0.0123698487878, 0.0193094350398]]
    sccoeffs:
        dmean: [0.047337654978, 0.0427570082247, 0.0339066758752, 0.0270094517618, 0.0182011444122, 0.0179845709354]
        dmean2: [0.0804560184479, 0.0712136551738, 0.0561394020915, 0.0448670312762, 0.0302023682743, 0.0294959358871]
        dvar: [0.00179653719533, 0.00147156941239, 0.000868717906997, 0.000535758910701, 0.000254529411905, 0.000371497502783]
        dvar2: [0.004959912505, 0.00389558891766, 0.00230442523025, 0.00141358422115, 0.000650657166261, 0.00093876599567]
        max: [-0.269938796759, -0.452442348003, -0.526000618935, -0.491552263498, -0.591053962708, -0.555423915386]
        mean: [-0.695766150951, -0.73769402504, -0.779528617859, -0.795528888702, -0.807762742043, -0.754999339581]
        median: [-0.704082250595, -0.745196640491, -0.789913892746, -0.801545798779, -0.807785272598, -0.744719862938]
        min: [-0.962165892124, -0.97388112545, -0.965432226658, -0.962584972382, -0.958588063717, -0.960380017757]
        var: [0.00840248167515, 0.00623436551541, 0.00447132438421, 0.00277968891896, 0.00203618733212, 0.00498106749728]
    scvalleys:
        dmean: [0.382809370756, 0.356492638588, 0.302338033915, 0.247399494052, 0.210789248347, 0.230638369918]
        dmean2: [0.647804915905, 0.595481872559, 0.495726853609, 0.40239444375, 0.333198219538, 0.359415948391]
        dvar: [0.112996771932, 0.120299033821, 0.084649220109, 0.0677218511701, 0.0648355856538, 0.107478037477]
        dvar2: [0.295703887939, 0.297151148319, 0.200131118298, 0.15136423707, 0.13644182682, 0.231797128916]
        max: [-5.06544065475, -4.39391183853, -4.87972545624, -5.54514789581, -5.51979446411, -7.18835544586]
        mean: [-8.10516262054, -7.72372674942, -7.94105291367, -8.2671957016, -8.2247133255, -11.2750663757]
        median: [-7.09467315674, -6.99242258072, -7.25431108475, -7.2522315979, -6.84989595413, -9.88219356537]
        min: [-27.4746551514, -27.2259044647, -27.233045578, -27.2629394531, -27.3726043701, -27.2244739532]
        var: [5.57679128647, 3.98998236656, 4.08668470383, 5.3873872757, 7.07655286789, 8.04918193817]

rhythm:
    beats_loudness:
        dmean: 0.00135665817652
        dmean2: 0.00223142583854
        dvar: 2.39114547185e-006
        dvar2: 6.55397525406e-006
        max: 0.0160264670849
        mean: 0.00369834015146
        median: 0.00330070802011
        min: 5.76212081521e-012
        var: 1.03360498542e-005
    bpm: 142.206451416
    bpm_confidence: 0
    first_peak_bpm: 144
    first_peak_spread: 0.439071565866
    first_peak_weight: 0.363408535719
    onset_rate: 2.4142343998
    second_peak_bpm: 136
    second_peak_spread: 0.250000029802
    second_peak_weight: 0.0751879662275
    beats_loudness_band_ratio:
        dmean: [0.0794017612934, 0.0909056961536, 0.108229622245, 0.104733347893, 0.0948729068041, 0.0911641344428]
        dmean2: [0.137303039432, 0.162425085902, 0.192087739706, 0.188710212708, 0.168921232224, 0.159794390202]
        dvar: [0.0122056640685, 0.0159449987113, 0.0170244947076, 0.018786849454, 0.011302205734, 0.0108920466155]
        dvar2: [0.0328313075006, 0.0454599633813, 0.0453941710293, 0.057105217129, 0.0344832129776, 0.0309605952352]
        max: [0.746527791023, 0.939689993858, 0.976086676121, 0.883144915104, 0.931041359901, 0.872272670269]
        mean: [0.0974294915795, 0.174370542169, 0.179024502635, 0.124883018434, 0.215314626694, 0.22781650722]
        median: [0.048288103193, 0.0745512545109, 0.107325136662, 0.0686224102974, 0.211284115911, 0.246333748102]
        min: [0, 0, 0, 0, 0, 0]
        var: [0.0160547196865, 0.0460902899504, 0.0340242385864, 0.0197893772274, 0.0246189963073, 0.0299918726087]
