
metadata:
    version:
        essentia: "2.1-beta2"
    audio_properties:
        analysis_sample_rate: 44100
        bitrate: 128
        channels: 2
        equal_loudness: 1
        length: 192.470199585
        replay_gain: -17.9157657623
        downmix: "mix"
    tags:
        album: "Contraddiction"
        artist: "Mass Hysteria"
        comment: ""
        date: "1999"
        genre: "Metal"
        title: "Osmos'99"
        tracknumber: "10"

configuration:
    average_loudness:
        compute: 1
        frameSize: 88200
        hopSize: 44100
        silentFrames: "noise"
        windowType: "hann"
    general:
        analysisSampleRate: 44100
        endTime: 2000
        equalLoudness: 1
        nequalLoudness: 0
        shortSound: 0
        startTime: 0
    lowlevel:
        compute: 1
        frameSize: 2048
        hopSize: 1024
        zeroPadding: 0
        silentFrames: "noise"
        windowType: "blackmanharris62"
        mfccStats: ["mean", "cov", "icov"]
        stats: ["mean", "var", "median", "min", "max", "dmean", "dmean2", "dvar", "dvar2"]
    panning:
        compute: 0
        frameSize: 8192
        hopSize: 2048
        zeroPadding: 8192
        silentFrames: "noise"
        windowType: "hann"
        stats: ["copy"]
    rhythm:
        compute: 1
        maxTempo: 208
        minTempo: 40
        method: "degara"
        stats: ["mean", "var", "median", "min", "max", "dmean", "dmean2", "dvar", "dvar2"]
    segmentation:
        compute: 0
        cpw: 5
        inc1: 300
        inc2: 50
        minimumSegmentsLength: 10
        size1: 1000
        size2: 600
    sfx:
        compute: 1
        stats: ["mean", "var", "median", "min", "max", "dmean", "dmean2", "dvar", "dvar2"]
    svm:
        compute: 0
    tonal:
        compute: 1
        frameSize: 4096
        hopSize: 2048
        zeroPadding: 0
        silentFrames: "noise"
        windowType: "blackmanharris62"
        stats: ["mean", "var", "median", "min", "max", "dmean", "dmean2", "dvar", "dvar2"]

lowlevel:
    average_loudness: 0.834791719913
    barkbands_kurtosis:
        dmean: 1.41629469395
        dmean2: 2.24480581284
        dvar: 8.50661659241
        dvar2: 19.6281147003
        max: 74.2666091919
        mean: 0.510504722595
        median: -0.604116797447
        min: -1.92434597015
        var: 19.1760463715
    barkbands_skewness:
        dmean: 0.471363842487
        dmean2: 0.727585673332
        dvar: 0.227819368243
        dvar2: 0.514270424843
        max: 5.57203054428
        mean: -0.584910035133
        median: -0.857674837112
        min: -7.27361536026
        var: 1.44490277767
    barkbands_spread:
        dmean: 7.85433292389
        dmean2: 12.5501718521
        dvar: 55.1050415039
        dvar2: 135.869216919
        max: 91.323135376
        mean: 41.5662117004
        median: 42.8208084106
        min: 1.11630630493
        var: 191.115463257
    dissonance:
        dmean: 0.00679605873302
        dmean2: 0.0114330612123
        dvar: 7.92939026724e-005
        dvar2: 0.000215813925024
        max: 0.500000119209
        mean: 0.48754748702
        median: 0.490800768137
        min: 0.299325466156
        var: 0.000182661009603
    hfc:
        dmean: 3.02649760246
        dmean2: 4.9525141716
        dvar: 14.426240921
        dvar2: 37.3999900818
        max: 58.6508903503
        mean: 12.9387969971
        median: 12.8818225861
        min: 1.16625107771e-016
        var: 70.5186767578
    pitch:
        dmean: 544.922302246
        dmean2: 1030.98913574
        dvar: 1248230.625
        dvar2: 3134287.25
        max: 5188.42138672
        mean: 3259.58154297
        median: 3798.55712891
        min: 73.9313278198
        var: 1742644.375
    pitch_instantaneous_confidence:
        dmean: 0.0662439018488
        dmean2: 0.109112381935
        dvar: 0.00307812844403
        dvar2: 0.00813782401383
        max: 0.867140233517
        mean: 0.467153072357
        median: 0.469374775887
        min: 0.143529295921
        var: 0.00857441965491
    pitch_salience:
        dmean: 0.0519559979439
        dmean2: 0.0851131975651
        dvar: 0.00246678991243
        dvar2: 0.00615487527102
        max: 0.936347723007
        mean: 0.664214193821
        median: 0.688419699669
        min: 0.217277675867
        var: 0.00859360210598
    silence_rate_20dB:
        dmean: 0
        dmean2: 0
        dvar: 0
        dvar2: 0
        max: 1
        mean: 1
        median: 1
        min: 1
        var: 0
    silence_rate_30dB:
        dmean: 0
        dmean2: 0
        dvar: 0
        dvar2: 0
        max: 1
        mean: 1
        median: 1
        min: 1
        var: 0
    silence_rate_60dB:
        dmean: 0.0465677417815
        dmean2: 0.0931467190385
        dvar: 0.0443974658847
        dvar2: 0.096289947629
        max: 1
        mean: 0.247285887599
        median: 0
        min: 0
        var: 0.186137616634
    spectral_centroid:
        dmean: 302.732910156
        dmean2: 474.671386719
        dvar: 102458.976563
        dvar2: 227931.328125
        max: 10969.7050781
        mean: 2474.81298828
        median: 2701.20166016
        min: 115.028862
        var: 685708.25
    spectral_complexity:
        dmean: 3.23995661736
        dmean2: 5.27557897568
        dvar: 9.74129104614
        dvar2: 23.4458408356
        max: 46
        mean: 18.6153202057
        median: 21
        min: 0
        var: 91.908493042
    spectral_crest:
        dmean: 1.56049978733
        dmean2: 2.62077856064
        dvar: 2.35414028168
        dvar2: 6.22888374329
        max: 22.7179737091
        mean: 6.89163732529
        median: 6.2822842598
        min: 3.12652587891
        var: 5.91573190689
    spectral_decrease:
        dmean: 2.20730558831e-010
        dmean2: 3.58180929361e-010
        dvar: 8.46744661886e-020
        dvar2: 2.19113656067e-019
        max: 3.804929189e-029
        mean: -9.57033230442e-010
        median: -9.45676870145e-010
        min: -3.79575837428e-009
        var: 2.58089062362e-019
    spectral_energy:
        dmean: 0.00106549053453
        dmean2: 0.00173297699075
        dvar: 1.89313595911e-006
        dvar2: 4.88565774504e-006
        max: 0.0180356986821
        mean: 0.00478566391394
        median: 0.00476133916527
        min: 1.0434630588e-020
        var: 6.86382963977e-006
    spectral_energyband_high:
        dmean: 0.00038052504533
        dmean2: 0.000639703706838
        dvar: 2.74459125649e-007
        dvar2: 7.21924152458e-007
        max: 0.00806741416454
        mean: 0.00114957278129
        median: 0.00106253265403
        min: 7.81562732682e-021
        var: 7.43922953461e-007
    spectral_energyband_low:
        dmean: 0.000284748326521
        dmean2: 0.000469062302727
        dvar: 1.08577232538e-007
        dvar2: 2.90848333862e-007
        max: 0.00464789103717
        mean: 0.000603640102781
        median: 0.000521467765793
        min: 1.34664977849e-023
        var: 1.76756287829e-007
    spectral_energyband_middle_high:
        dmean: 0.000548009411432
        dmean2: 0.000882449792698
        dvar: 3.72988921526e-007
        dvar2: 9.47681087382e-007
        max: 0.00984259229153
        mean: 0.00230578961782
        median: 0.00224458845332
        min: 1.44278272236e-021
        var: 2.30545106206e-006
    spectral_energyband_middle_low:
        dmean: 0.000468702084618
        dmean2: 0.000771410414018
        dvar: 7.22870254322e-007
        dvar2: 1.90943251255e-006
        max: 0.00944288820028
        mean: 0.000877869839314
        median: 0.000659357523546
        min: 1.89525915072e-022
        var: 7.77035552346e-007
    spectral_flatness_db:
        dmean: 0.0150602879003
        dmean2: 0.0226122513413
        dvar: 0.000222297312575
        dvar2: 0.000458009308204
        max: 0.506967246532
        mean: 0.156790390611
        median: 0.145850658417
        min: 0.0583767257631
        var: 0.00257605686784
    spectral_flux:
        dmean: 0.00640357332304
        dmean2: 0.00969394203275
        dvar: 5.45878501725e-005
        dvar2: 0.000106965446321
        max: 0.101342529058
        mean: 0.0416083149612
        median: 0.0430364571512
        min: 1.02150038428e-010
        var: 0.000271593075013
    spectral_kurtosis:
        dmean: 1.56745481491
        dmean2: 2.38736057281
        dvar: 52.7748527527
        dvar2: 102.405830383
        max: 211.886230469
        mean: 4.03749513626
        median: 1.72724270821
        min: -1.18174064159
        var: 279.167541504
    spectral_rms:
        dmean: 0.000230370555073
        dmean2: 0.000368938053725
        dvar: 6.95491237934e-008
        dvar2: 1.73556799155e-007
        max: 0.00419473508373
        mean: 0.00205446826294
        median: 0.00215527461842
        min: 3.19063113603e-012
        var: 4.48088968596e-007
    spectral_rolloff:
        dmean: 313.256652832
        dmean2: 509.145080566
        dvar: 280388.625
        dvar2: 546753.4375
        max: 18604.6875
        mean: 4045.69726563
        median: 4328.17382813
        min: 107.666015625
        var: 1203718.5
    spectral_skewness:
        dmean: 0.175475239754
        dmean2: 0.271277159452
        dvar: 0.171346232295
        dvar2: 0.312710940838
        max: 12.2268095016
        mean: 1.00823152065
        median: 0.841483592987
        min: -0.150693804026
        var: 1.24329137802
    spectral_spread:
        dmean: 642545.6875
        dmean2: 925205
        dvar: 696830328832
        dvar2: 1.23119350579e+012
        max: 40922876
        mean: 5334570
        median: 5155038
        min: 452971.65625
        var: 2.92970194534e+012
    spectral_strongpeak:
        dmean: 0.659094035625
        dmean2: 1.17830979824
        dvar: 1.05838608742
        dvar2: 2.79097294807
        max: 11.3852481842
        mean: 0.73186647892
        median: 0.131291896105
        min: 1.4522861802e-009
        var: 1.45908761024
    zerocrossingrate:
        dmean: 0.00872355792671
        dmean2: 0.0106567619368
        dvar: 9.76989613264e-005
        dvar2: 0.000120221477118
        max: 0.53271484375
        mean: 0.132276445627
        median: 0.142578125
        min: 0.00439453125
        var: 0.0013634134084
    barkbands:
        dmean: [7.08082041001e-007, 9.61413679761e-005, 0.000179479146027, 0.000159174858709, 0.000257637235336, 8.54163008626e-005, 5.82465036132e-005, 5.38292224519e-005, 3.95633724111e-005, 2.53824182437e-005, 1.65879318956e-005, 1.69864179043e-005, 2.09726349567e-005, 2.86855574814e-005, 3.15715260513e-005, 5.26257936144e-005, 0.000103885424323, 0.000201062051929, 0.000292033044389, 0.000317034573527, 0.000197778819711, 9.50788380578e-005, 1.77187084773e-005, 1.14492786452e-005, 6.92402272762e-006, 2.65535334165e-007, 2.42506265069e-010]
        dmean2: [1.00200543329e-006, 0.000158985640155, 0.000298769999063, 0.00026262740721, 0.000443779688794, 0.000139150957693, 0.000101386976894, 8.94149998203e-005, 6.31160874036e-005, 4.09002313972e-005, 2.70125419775e-005, 2.7383919587e-005, 3.3651398553e-005, 4.69153965241e-005, 5.03267474414e-005, 8.72286691447e-005, 0.000171850711922, 0.000335137330694, 0.000486962875584, 0.000536969513632, 0.000333918549586, 0.000157339658472, 2.89034942398e-005, 1.81562736543e-005, 1.11405461212e-005, 4.027378111e-007, 4.40536745971e-010]
        dvar: [1.52705821078e-012, 1.63151767651e-008, 4.61219400449e-008, 6.38179642465e-008, 3.50719261633e-007, 2.00900167613e-008, 2.41128343959e-008, 1.72680447719e-008, 1.4147722105e-008, 3.66340846547e-009, 1.44783596223e-009, 1.15553899782e-009, 2.43722797499e-009, 4.46886438965e-009, 2.8957651832e-009, 4.41470326962e-009, 1.85295832011e-008, 6.26643341661e-008, 1.15747091911e-007, 1.44475905017e-007, 7.12356040822e-008, 2.63898964903e-008, 8.57127757659e-010, 6.87119583453e-010, 1.90011145706e-010, 3.06569629708e-013, 1.21939166042e-019]
        dvar2: [3.05659534142e-012, 4.47648993429e-008, 1.23391956208e-007, 1.65970803323e-007, 9.82207893685e-007, 5.28054577842e-008, 6.61581509576e-008, 4.25308428476e-008, 3.37026655473e-008, 8.81248141127e-009, 3.23498716703e-009, 2.75029932162e-009, 5.76502312555e-009, 1.14305116483e-008, 6.81357592569e-009, 1.1567510505e-008, 4.79984549884e-008, 1.69831153585e-007, 3.10761208766e-007, 3.90481488921e-007, 1.89057715261e-007, 6.54777849718e-008, 2.20029994225e-009, 1.68164415726e-009, 4.9872223018e-010, 6.76566062289e-013, 3.63905082398e-019]
        max: [1.07732666947e-005, 0.00123776588589, 0.0028827865608, 0.00450660847127, 0.00689022289589, 0.00407606130466, 0.00186451792251, 0.00239297933877, 0.00430931197479, 0.00148999143858, 0.00102501537185, 0.000627116125543, 0.00189965323079, 0.00137774029281, 0.00104417128023, 0.00110058707651, 0.00209508091211, 0.00429210299626, 0.00733680324629, 0.00620772829279, 0.00481348112226, 0.00320165138692, 0.000389970286051, 0.000448763283202, 0.000208418481634, 1.04319715319e-005, 4.86825468826e-009]
        mean: [7.83394909831e-007, 0.000164430442965, 0.000314226257615, 0.000227370808716, 0.000329819129547, 0.000141897646245, 5.97133548581e-005, 5.78108920308e-005, 4.87633296871e-005, 3.73488182959e-005, 2.3907114155e-005, 2.46228846663e-005, 3.048479266e-005, 4.25309626735e-005, 5.56544327992e-005, 0.000116127353976, 0.000223650873522, 0.000455596280517, 0.000774065847509, 0.000881712068804, 0.000548922107555, 0.000165124074556, 3.19642676914e-005, 1.76606718014e-005, 1.10342225526e-005, 4.38463757746e-007, 2.26708693485e-010]
        median: [7.69783383703e-008, 0.000112886918942, 0.000247370684519, 0.000130122381961, 0.000195770000573, 9.18483856367e-005, 2.36306059378e-005, 1.7709149688e-005, 1.52948541654e-005, 1.1987209291e-005, 1.06904344648e-005, 9.93365210888e-006, 1.02713856904e-005, 1.69638915395e-005, 3.09690040012e-005, 9.81805933407e-005, 0.000179419890628, 0.000389079155866, 0.000716343522072, 0.000831982935779, 0.000498042209074, 0.00010695016681, 1.80512524821e-005, 8.57608210936e-006, 5.80265304961e-006, 1.78759847813e-007, 1.05213442125e-010]
        min: [6.35358907143e-024, 5.37674064034e-024, 2.79201170406e-025, 1.18989538579e-023, 1.66647323767e-023, 5.11527513877e-023, 1.70069512815e-023, 5.18910463089e-023, 3.35617117148e-023, 8.03966644923e-023, 1.48333845277e-022, 6.31650834903e-023, 1.55106411786e-022, 1.0929412882e-022, 1.80693197289e-022, 6.19650367269e-023, 1.30927774554e-022, 1.41641540632e-022, 2.65611562002e-022, 2.96413664721e-022, 3.50512508668e-022, 9.27527758665e-022, 7.25648332304e-022, 6.20088443818e-022, 1.01361674248e-021, 1.766381998e-021, 2.41629655321e-021]
        var: [2.19798506652e-012, 2.42315518761e-008, 7.41154266848e-008, 9.09298591978e-008, 2.68439634965e-007, 2.80841767619e-008, 1.84635347011e-008, 1.82177561925e-008, 1.70714677949e-008, 6.72608457819e-009, 2.56454502079e-009, 1.99936711631e-009, 4.07163502913e-009, 6.23116580556e-009, 5.78046011057e-009, 1.03699635545e-008, 4.08217566417e-008, 1.51498255718e-007, 3.29282585199e-007, 4.19170760324e-007, 1.97426231807e-007, 4.15857250857e-008, 1.43937095576e-009, 9.64889834698e-010, 2.5161223105e-010, 5.77913585043e-013, 1.14577659256e-019]
    frequency_bands:
        dmean: [7.08082041001e-007, 9.61413679761e-005, 0.000179479146027, 0.000159174858709, 0.000257637235336, 8.54163008626e-005, 5.82465036132e-005, 5.38292224519e-005, 3.95633724111e-005, 2.53824182437e-005, 1.65879318956e-005, 1.69864179043e-005, 2.09726349567e-005, 2.86855574814e-005, 3.15715260513e-005, 5.26257936144e-005, 0.000103885424323, 0.000201062051929, 0.000292033044389, 0.000317034573527, 0.000197778819711, 9.50788380578e-005, 1.77187084773e-005, 1.14492786452e-005, 6.92402272762e-006, 2.65535334165e-007, 2.42506265069e-010, 5.64104180034e-011]
        dmean2: [1.00200543329e-006, 0.000158985640155, 0.000298769999063, 0.00026262740721, 0.000443779688794, 0.000139150957693, 0.000101386976894, 8.94149998203e-005, 6.31160874036e-005, 4.09002313972e-005, 2.70125419775e-005, 2.7383919587e-005, 3.3651398553e-005, 4.69153965241e-005, 5.03267474414e-005, 8.72286691447e-005, 0.000171850711922, 0.000335137330694, 0.000486962875584, 0.000536969513632, 0.000333918549586, 0.000157339658472, 2.89034942398e-005, 1.81562736543e-005, 1.11405461212e-005, 4.027378111e-007, 4.40536745971e-010, 1.0481374102e-010]
        dvar: [1.52705821078e-012, 1.63151767651e-008, 4.61219400449e-008, 6.38179642465e-008, 3.50719261633e-007, 2.00900167613e-008, 2.41128343959e-008, 1.72680447719e-008, 1.4147722105e-008, 3.66340846547e-009, 1.44783596223e-009, 1.15553899782e-009, 2.43722797499e-009, 4.46886438965e-009, 2.8957651832e-009, 4.41470326962e-009, 1.85295832011e-008, 6.26643341661e-008, 1.15747091911e-007, 1.44475905017e-007, 7.12356040822e-008, 2.63898964903e-008, 8.57127757659e-010, 6.87119583453e-010, 1.90011145706e-010, 3.06569629708e-013, 1.21939166042e-019, 6.98391418456e-021]
        dvar2: [3.05659534142e-012, 4.47648993429e-008, 1.23391956208e-007, 1.65970803323e-007, 9.82207893685e-007, 5.28054577842e-008, 6.61581509576e-008, 4.25308428476e-008, 3.37026655473e-008, 8.81248141127e-009, 3.23498716703e-009, 2.75029932162e-009, 5.76502312555e-009, 1.14305116483e-008, 6.81357592569e-009, 1.1567510505e-008, 4.79984549884e-008, 1.69831153585e-007, 3.10761208766e-007, 3.90481488921e-007, 1.89057715261e-007, 6.54777849718e-008, 2.20029994225e-009, 1.68164415726e-009, 4.9872223018e-010, 6.76566062289e-013, 3.63905082398e-019, 2.21537725008e-020]
        max: [1.07732666947e-005, 0.00123776588589, 0.0028827865608, 0.00450660847127, 0.00689022289589, 0.00407606130466, 0.00186451792251, 0.00239297933877, 0.00430931197479, 0.00148999143858, 0.00102501537185, 0.000627116125543, 0.00189965323079, 0.00137774029281, 0.00104417128023, 0.00110058707651, 0.00209508091211, 0.00429210299626, 0.00733680324629, 0.00620772829279, 0.00481348112226, 0.00320165138692, 0.000389970286051, 0.000448763283202, 0.000208418481634, 1.04319715319e-005, 4.86825468826e-009, 1.05112318849e-009]
        mean: [7.83394909831e-007, 0.000164430442965, 0.000314226257615, 0.000227370808716, 0.000329819129547, 0.000141897646245, 5.97133548581e-005, 5.78108920308e-005, 4.87633296871e-005, 3.73488182959e-005, 2.3907114155e-005, 2.46228846663e-005, 3.048479266e-005, 4.25309626735e-005, 5.56544327992e-005, 0.000116127353976, 0.000223650873522, 0.000455596280517, 0.000774065847509, 0.000881712068804, 0.000548922107555, 0.000165124074556, 3.19642676914e-005, 1.76606718014e-005, 1.10342225526e-005, 4.38463757746e-007, 2.26708693485e-010, 4.41290441688e-011]
        median: [7.69783383703e-008, 0.000112886918942, 0.000247370684519, 0.000130122381961, 0.000195770000573, 9.18483856367e-005, 2.36306059378e-005, 1.7709149688e-005, 1.52948541654e-005, 1.1987209291e-005, 1.06904344648e-005, 9.93365210888e-006, 1.02713856904e-005, 1.69638915395e-005, 3.09690040012e-005, 9.81805933407e-005, 0.000179419890628, 0.000389079155866, 0.000716343522072, 0.000831982935779, 0.000498042209074, 0.00010695016681, 1.80512524821e-005, 8.57608210936e-006, 5.80265304961e-006, 1.78759847813e-007, 1.05213442125e-010, 1.58385318749e-011]
        min: [6.35358907143e-024, 5.37674064034e-024, 2.79201170406e-025, 1.18989538579e-023, 1.66647323767e-023, 5.11527513877e-023, 1.70069512815e-023, 5.18910463089e-023, 3.35617117148e-023, 8.03966644923e-023, 1.48333845277e-022, 6.31650834903e-023, 1.55106411786e-022, 1.0929412882e-022, 1.80693197289e-022, 6.19650367269e-023, 1.30927774554e-022, 1.41641540632e-022, 2.65611562002e-022, 2.96413664721e-022, 3.50512508668e-022, 9.27527758665e-022, 7.25648332304e-022, 6.20088443818e-022, 1.01361674248e-021, 1.766381998e-021, 2.41629655321e-021, 7.86826224687e-022]
        var: [2.19798506652e-012, 2.42315518761e-008, 7.41154266848e-008, 9.09298591978e-008, 2.68439634965e-007, 2.80841767619e-008, 1.84635347011e-008, 1.82177561925e-008, 1.70714677949e-008, 6.72608457819e-009, 2.56454502079e-009, 1.99936711631e-009, 4.07163502913e-009, 6.23116580556e-009, 5.78046011057e-009, 1.03699635545e-008, 4.08217566417e-008, 1.51498255718e-007, 3.29282585199e-007, 4.19170760324e-007, 1.97426231807e-007, 4.15857250857e-008, 1.43937095576e-009, 9.64889834698e-010, 2.5161223105e-010, 5.77913585043e-013, 1.14577659256e-019, 5.55664311817e-021]
    mfcc:
        mean: [-709.519836426, 60.6852340698, -22.2492828369, 81.4972305298, -3.65711236, -0.555155992508, 7.34414815903, -1.76405119896, 1.54332613945, -4.23556613922, -3.4995701313, -5.06483983994, -4.23812675476]
        cov: [[7237.37695313, -1092.68908691, -801.755859375, 469.001220703, -329.90512085, -32.8090400696, -214.511352539, -318.352905273, -178.255889893, -120.315406799, -127.393486023, -85.6752166748, -71.8158874512], [-1092.68908691, 845.519958496, -7.29363870621, 60.8734931946, 27.3430500031, 34.3086624146, 91.8028106689, 94.4035186768, 34.7881202698, 9.35568714142, 52.4089241028, 23.918176651, 4.4567027092], [-801.755859375, -7.29363870621, 587.11706543, -162.980209351, 103.358634949, -39.0575180054, -15.4418306351, 63.0933494568, 3.02437996864, 19.4899158478, 1.25883853436, -7.03566837311, 7.12014293671], [469.001220703, 60.8734931946, -162.980209351, 431.497802734, 22.4583129883, 14.3719921112, -8.72521400452, -60.376750946, 20.4402980804, -26.7718505859, -43.9372024536, -18.74958992, 9.9807510376], [-329.90512085, 27.3430500031, 103.358634949, 22.4583129883, 154.202423096, 16.3853721619, 34.7544441223, 16.4970397949, 11.7886009216, 2.58182263374, -5.11557626724, 0.307632654905, 10.176112175], [-32.8090400696, 34.3086624146, -39.0575180054, 14.3719921112, 16.3853721619, 92.1386032104, 38.7501602173, 14.7549829483, -1.7080616951, 2.65002703667, 5.63403463364, 6.89211654663, 6.053606987], [-214.511352539, 91.8028106689, -15.4418306351, -8.72521400452, 34.7544441223, 38.7501602173, 107.460960388, 50.8153686523, 16.0593585968, -5.1996178627, 1.1611109972, 11.1979103088, 6.20723247528], [-318.352905273, 94.4035186768, 63.0933494568, -60.376750946, 16.4970397949, 14.7549829483, 50.8153686523, 97.0282211304, 22.0674304962, 13.7023258209, 12.6046628952, 11.7598953247, 5.4900598526], [-178.255889893, 34.7881202698, 3.02437996864, 20.4402980804, 11.7886009216, -1.7080616951, 16.0593585968, 22.0674304962, 68.4670257568, 25.4988880157, 5.84231567383, -2.93384122849, 4.27430391312], [-120.315406799, 9.35568714142, 19.4899158478, -26.7718505859, 2.58182263374, 2.65002703667, -5.1996178627, 13.7023258209, 25.4988880157, 59.6059570313, 26.4500522614, 5.57656764984, -4.82990646362], [-127.393486023, 52.4089241028, 1.25883853436, -43.9372024536, -5.11557626724, 5.63403463364, 1.1611109972, 12.6046628952, 5.84231567383, 26.4500522614, 62.1288414001, 21.3011112213, 0.935366749763], [-85.6752166748, 23.918176651, -7.03566837311, -18.74958992, 0.307632654905, 6.89211654663, 11.1979103088, 11.7598953247, -2.93384122849, 5.57656764984, 21.3011112213, 50.5035820007, 21.3614521027], [-71.8158874512, 4.4567027092, 7.12014293671, 9.9807510376, 10.176112175, 6.053606987, 6.20723247528, 5.4900598526, 4.27430391312, -4.82990646362, 0.935366749763, 21.3614521027, 49.8377723694]]
        icov: [[0.000263136374997, 0.000323001091601, 0.00022359052673, -0.000287049857434, 0.000330615439452, 2.00476079044e-005, 4.94124942634e-005, -9.3774360721e-006, 0.000501602713484, 7.97943430371e-005, -5.47541712876e-005, 0.000165103323525, 0.000195747532416], [0.000323001091601, 0.00194418197498, 0.000231578684179, -0.000930246955249, 0.000473169755423, 0.00010476942407, -0.000702712219208, -0.00133119698148, 0.000523308175616, 0.000640175770968, -0.0017382154474, 0.000236418025452, 0.000518070766702], [0.00022359052673, 0.000231578684179, 0.00287265260704, 0.000680829107296, -0.00187097641174, 0.00100672605913, 0.00165717711207, -0.00194767478388, 0.000870963791385, -0.000335163233103, 0.000547086005099, 0.000952277507167, -0.000502984505147], [-0.000287049857434, -0.000930246955249, 0.000680829107296, 0.00383766577579, -0.00147836608812, -0.00060947437305, 0.0007778184372, 0.00204134453088, -0.00243710982613, 0.000685264531057, 0.00230603851378, 0.000137532886583, -0.000968926586211], [0.000330615439452, 0.000473169755423, -0.00187097641174, -0.00147836608812, 0.00937807839364, -0.000990820582956, -0.00350995501503, 0.00134368496947, 0.00020277229487, -0.000645480991807, 3.0655417504e-005, 0.000476044195239, -0.00079246412497], [2.00476079044e-005, 0.00010476942407, 0.00100672605913, -0.00060947437305, -0.000990820582956, 0.0139448372647, -0.00492563610896, -0.000684528669808, 0.0032120293472, -0.00252428487875, -0.00112795480527, 0.000910526607186, -0.00169409194496], [4.94124942634e-005, -0.000702712219208, 0.00165717711207, 0.0007778184372, -0.00350995501503, -0.00492563610896, 0.0176537334919, -0.00759332673624, -0.00308487797156, 0.00456038210541, 0.00178837112617, -0.0025756212417, 0.00147114391439], [-9.3774360721e-006, -0.00133119698148, -0.00194767478388, 0.00204134453088, 0.00134368496947, -0.000684528669808, -0.00759332673624, 0.0192664023489, -0.00394701818004, -0.00191282876767, 0.000786975317169, -0.00175361928996, -0.000502855458762], [0.000501602713484, 0.000523308175616, 0.000870963791385, -0.00243710982613, 0.00020277229487, 0.0032120293472, -0.00308487797156, -0.00394701818004, 0.0227151233703, -0.0104917548597, 0.000113407470053, 0.00496479310095, -0.00366796227172], [7.97943430371e-005, 0.000640175770968, -0.000335163233103, 0.000685264531057, -0.000645480991807, -0.00252428487875, 0.00456038210541, -0.00191282876767, -0.0104917548597, 0.0275156460702, -0.00962819159031, -0.00167351483833, 0.00451395846903], [-5.47541712876e-005, -0.0017382154474, 0.000547086005099, 0.00230603851378, 3.0655417504e-005, -0.00112795480527, 0.00178837112617, 0.000786975317169, 0.000113407470053, -0.00962819159031, 0.0263598654419, -0.00968835502863, 0.00207294989377], [0.000165103323525, 0.000236418025452, 0.000952277507167, 0.000137532886583, 0.000476044195239, 0.000910526607186, -0.0025756212417, -0.00175361928996, 0.00496479310095, -0.00167351483833, -0.00968835502863, 0.0312492344528, -0.0134408446029], [0.000195747532416, 0.000518070766702, -0.000502984505147, -0.000968926586211, -0.00079246412497, -0.00169409194496, 0.00147114391439, -0.000502855458762, -0.00366796227172, 0.00451395846903, 0.00207294989377, -0.0134408446029, 0.0272806398571]]
    sccoeffs:
        dmean: [0.0533008910716, 0.0467564985156, 0.0365120954812, 0.0294910836965, 0.0200046841055, 0.0219570752233]
        dmean2: [0.087803915143, 0.0777973607183, 0.060263864696, 0.0492078401148, 0.0333144888282, 0.0339158512652]
        dvar: [0.00189374038018, 0.00141992082354, 0.000857440056279, 0.000523768016137, 0.000265938375378, 0.000422296929173]
        dvar2: [0.00520780868828, 0.00380245875567, 0.00220402376726, 0.00144259177614, 0.000687829160597, 0.000919659098145]
        max: [-0.364093482494, -0.539106190205, -0.562914729118, -0.631198883057, -0.601644098759, -0.587971150875]
        mean: [-0.660903155804, -0.765721619129, -0.808707714081, -0.797683775425, -0.791994392872, -0.733733415604]
        median: [-0.662818193436, -0.768354535103, -0.815196156502, -0.798861861229, -0.791884303093, -0.729598045349]
        min: [-0.968794703484, -0.96522206068, -0.965145349503, -0.95948690176, -0.956919372082, -0.963791787624]
        var: [0.00470422487706, 0.00345146702603, 0.00235733482987, 0.0013727589976, 0.000855684105773, 0.00248116697185]
    scvalleys:
        dmean: [0.38246139884, 0.398645728827, 0.326236754656, 0.268981307745, 0.202861741185, 0.314000666142]
        dmean2: [0.624023556709, 0.644221127033, 0.526217222214, 0.417591303587, 0.305646330118, 0.448736488819]
        dvar: [0.121431991458, 0.139089182019, 0.0868369564414, 0.0664441436529, 0.0643277689815, 0.142290830612]
        dvar2: [0.271510183811, 0.324069976807, 0.195400238037, 0.130751535296, 0.105848379433, 0.291430741549]
        max: [-5.11438560486, -4.74560451508, -5.80115270615, -6.17036342621, -5.48911762238, -7.27052211761]
        mean: [-6.75391817093, -7.17871952057, -7.74132156372, -7.76277065277, -6.74850463867, -9.23333072662]
        median: [-6.5558757782, -7.03541564941, -7.5861954689, -7.50171613693, -6.2972240448, -8.77679634094]
        min: [-26.6928825378, -27.051897049, -27.2828197479, -27.2986106873, -27.2891864777, -27.16147995]
        var: [1.6073807478, 1.34388041496, 1.23609399796, 1.61835515499, 2.20234036446, 2.57768416405]

rhythm:
    beats_loudness:
        dmean: 0.00199882662855
        dmean2: 0.00373262842186
        dvar: 2.63852712123e-006
        dvar2: 7.971985724e-006
        max: 0.0150532284752
        mean: 0.00587814766914
        median: 0.00585307786241
        min: 1.7935168628e-010
        var: 7.60217153584e-006
    bpm: 92.91355896
    bpm_confidence: 0
    first_peak_bpm: 92
    first_peak_spread: 0.38983052969
    first_peak_weight: 0.608108103275
    onset_rate: 3.21088695526
    second_peak_bpm: 99
    second_peak_spread: 0
    second_peak_weight: 0.00337837846018
    beats_loudness_band_ratio:
        dmean: [0.111709907651, 0.0845375210047, 0.0347936451435, 0.0210124030709, 0.0565094947815, 0.0976050943136]
        dmean2: [0.190242365003, 0.156266525388, 0.0622155331075, 0.0391269251704, 0.0971565693617, 0.170993357897]
        dvar: [0.00878497865051, 0.00371524179354, 0.00236370624043, 0.000943528255448, 0.00270232511684, 0.00698938313872]
        dvar2: [0.0266131274402, 0.0114699406549, 0.00452603865415, 0.00287397345528, 0.00767714856192, 0.0201334096491]
        max: [0.969118535519, 0.420787483454, 0.857208967209, 0.223897829652, 0.461562216282, 0.741680026054]
        mean: [0.265427261591, 0.122614450753, 0.0458089672029, 0.0261937174946, 0.184510871768, 0.398105978966]
        median: [0.230038642883, 0.107235141098, 0.0325654782355, 0.0164438318461, 0.18408511579, 0.412818789482]
        min: [0.0042230556719, 0.00725704291835, 0.00382085004821, 0.0037418701686, 0.00135308259632, 0.000632874842267]
        var: [0.0343805067241, 0.00646600918844, 0.00534751266241, 0.000812161597423, 0.00538487359881, 0.0193351339549]
    beats_position: [0.592108845711, 1.19582760334, 1.82276642323, 2.4497051239, 3.08825397491, 3.73841261864, 4.38857126236, 5.0387301445, 5.67727899551, 6.31582736969, 6.96598625183, 7.61614513397, 8.25469398499, 8.893242836, 9.54340076447, 10.1935596466, 10.8321084976, 11.4706573486, 12.1208162308, 12.7709751129, 13.4095239639, 14.0480718613, 14.6982307434, 15.3367795944, 15.9753284454, 16.6254863739, 17.2640361786, 17.9025840759, 18.5527439117, 19.2029018402, 19.853061676, 20.5032196045, 21.153377533, 21.8035373688, 22.4536952972, 23.1038551331, 23.7424030304, 24.3809528351, 25.0311107635, 25.681268692, 26.3314285278, 26.9815864563, 27.620136261, 28.2586841583, 28.9088420868, 29.5590019226, 30.1975498199, 30.8477096558, 31.4862575531, 32.1364173889, 32.7865753174, 33.4367332458, 34.0752830505, 34.725440979, 35.3755989075, 36.0141487122, 36.6526985168, 37.3028564453, 37.94140625, 38.5915641785, 39.2417221069, 39.8918800354, 40.5420417786, 41.192199707, 41.830745697, 42.4692955017, 43.1194534302, 43.7696151733, 44.4081611633, 45.046710968, 45.6852607727, 46.3354187012, 46.9739685059, 47.6241264343, 48.2742843628, 48.9244422913, 49.5746040344, 50.2247619629, 50.8749198914, 51.5250778198, 52.1636276245, 52.8021774292, 53.4523353577, 54.1024932861, 54.7526512146, 55.4028091431, 56.0413589478, 56.6799087524, 57.3300666809, 57.9802246094, 58.6303825378, 59.280544281, 59.9307022095, 60.5692520142, 61.2077980042, 61.8579597473, 62.4965057373, 63.135055542, 63.7852134705, 64.4353713989, 65.0855331421, 65.7240829468, 66.3626327515, 67.0127868652, 67.6629486084, 68.3131027222, 68.9516525269, 69.5902023315, 70.2403640747, 70.8905181885, 71.5290679932, 72.1792297363, 72.817779541, 73.4679336548, 74.1180953979, 74.7682495117, 75.4184112549, 76.0569610596, 76.6955108643, 77.345664978, 77.9958267212, 78.6459884644, 79.2845306396, 79.9346923828, 80.5732421875, 81.2233963013, 81.8735580444, 82.5237197876, 83.1622695923, 83.8008117676, 84.4509735107, 85.1011352539, 85.7280731201, 86.3782272339, 87.0283889771, 87.6785507202, 88.3170928955, 88.9556427002, 89.6058044434, 90.2559585571, 90.9061203003, 91.544670105, 92.1832199097, 92.8333740234, 93.4835357666, 94.1336975098, 94.7838516235, 95.4340133667, 96.0841674805, 96.7343292236, 97.3728790283, 98.0230331421, 98.6731948853, 99.3117446899, 99.9619064331, 100.600448608, 101.238998413, 101.889160156, 102.53931427, 103.189476013, 103.839637756, 104.48979187, 105.128341675, 105.766891479, 106.417053223, 107.067207336, 107.705757141, 108.344306946, 108.994468689, 109.644622803, 110.283172607, 110.921722412, 111.571876526, 112.222038269, 112.872200012, 113.522354126, 114.160903931, 114.799453735, 115.43800354, 116.076553345, 116.726707458, 117.38848114, 118.038635254, 118.688796997, 119.338951111, 119.977500916, 120.627662659, 121.277824402, 121.927978516, 122.56652832, 123.205078125, 123.855232239, 124.493782043, 125.132331848, 125.782493591, 126.432647705, 127.082809448, 127.732971191, 128.383132935, 129.033279419, 129.671829224, 130.310379028, 130.960540771, 131.599090576, 132.249252319, 132.887802124, 133.526351929, 134.164901733, 134.815048218, 135.465209961, 136.115371704, 136.765533447, 137.41569519, 138.054244995, 138.692779541, 139.342941284, 139.993103027, 140.631652832, 141.270202637, 141.92036438, 142.582122803, 143.220672607, 143.870834351, 144.520996094, 145.159545898, 145.798095703, 146.448257446, 147.098403931, 147.748565674, 148.387115479, 149.037277222, 149.675827026, 150.314376831, 150.952926636, 151.603088379, 152.253234863, 152.903396606, 153.55355835, 154.203720093, 154.842269897, 155.480819702, 156.130966187, 156.78112793, 157.431289673, 158.081451416, 158.731613159, 159.381759644, 160.031921387, 160.670471191, 161.309020996, 161.959182739, 162.609344482, 163.247894287, 163.886444092, 164.536590576, 165.186752319, 165.825302124, 166.463851929, 167.114013672, 167.764175415, 168.40272522, 169.052871704, 169.691421509, 170.341583252, 170.991744995, 171.641906738, 172.280456543, 172.930603027, 173.569152832, 174.219314575, 174.869476318, 175.519638062, 176.169799805, 176.808334351, 177.446884155, 178.097045898, 178.747207642, 179.385757446, 180.035919189, 180.674468994, 181.313018799, 181.951568604, 182.601715088, 183.251876831, 183.902038574, 184.540588379, 185.179138184, 185.829299927, 186.479446411, 187.129608154, 187.779769897, 188.429931641, 189.080093384, 189.70703125, 190.368789673, 191.042175293, 191.715545654]
    bpm_estimates: [95.7031173706, 95.7031326294, 93.9630508423, 92.2851715088, 92.2851715088, 92.2851333618, 93.9630508423, 93.9631271362, 92.2851333618, 92.2851333618, 93.9630508423, 93.9630508423, 92.2852706909, 92.2851333618, 93.9630508423, 93.9630508423, 92.2851333618, 92.2851333618, 93.9630508423, 93.9631958008, 92.2851333618, 93.9630508423, 93.9630508423, 92.2852706909, 93.9629135132, 93.9631958008, 92.2849960327, 92.2852706909, 92.2849960327, 92.2852706909, 92.2852706909, 92.2849960327, 92.2852706909, 92.2849960327, 93.9631958008, 93.9629135132, 92.2852706909, 92.2852706909, 92.2849960327, 92.2852706909, 93.9629135132, 93.9631958008, 92.2852706909, 92.2849960327, 93.9631958008, 92.2849960327, 93.9631958008, 92.2849960327, 92.2852706909, 92.2852706909, 93.9629135132, 92.2852706909, 92.2852706909, 93.9629135132, 93.9629135132, 92.2852706909, 93.9629135132, 92.2852706909, 92.2852706909, 92.2852706909, 92.2847290039, 92.2852706909, 93.9634780884, 93.9629135132, 92.2852706909, 92.2847290039, 93.9634780884, 93.9629135132, 93.9629135132, 92.2852706909, 93.9629135132, 92.2852706909, 92.2852706909, 92.2852706909, 92.2847290039, 92.2852706909, 92.2852706909, 92.2852706909, 93.9629135132, 93.9629135132, 92.2852706909, 92.2852706909, 92.2852706909, 92.2852706909, 93.9629135132, 93.9629135132, 92.2852706909, 92.2852706909, 92.2852706909, 92.2847290039, 92.2852706909, 93.9629135132, 93.9634780884, 92.2847290039, 93.9634780884, 93.9629135132, 92.2852706909, 92.2852706909, 92.2847290039, 93.9629135132, 93.9629135132, 92.2858123779, 92.2847290039, 92.2858123779, 93.9629135132, 93.9629135132, 92.2847290039, 92.2858123779, 93.9629135132, 92.2847290039, 93.9629135132, 92.2858123779, 92.2847290039, 92.2858123779, 92.2847290039, 93.9629135132, 93.9629135132, 92.2858123779, 92.2847290039, 92.2847290039, 93.9640350342, 92.2847290039, 93.9629135132, 92.2858123779, 92.2847290039, 92.2847290039, 93.9629135132, 93.9640350342, 92.2847290039, 92.2847290039, 95.7032623291, 92.2858123779, 92.2847290039, 92.2847290039, 93.9640350342, 93.9629135132, 92.2847290039, 92.2858123779, 92.2847290039, 93.9629135132, 93.9629135132, 92.2858123779, 92.2847290039, 92.2847290039, 92.2858123779, 92.2847290039, 92.2858123779, 92.2847290039, 93.9629135132, 92.2858123779, 92.2847290039, 93.9629135132, 92.2847290039, 93.9640350342, 93.9629135132, 92.2847290039, 92.2858123779, 92.2847290039, 92.2847290039, 92.2858123779, 93.9629135132, 93.9629135132, 92.2847290039, 92.2858123779, 93.9629135132, 93.9629135132, 92.2847290039, 92.2858123779, 93.9629135132, 93.9629135132, 92.2858123779, 92.2847290039, 92.2847290039, 92.2858123779, 93.9629135132, 93.9629135132, 93.9629135132, 93.9629135132, 92.2858123779, 90.665435791, 92.2858123779, 92.2847290039, 92.2858123779, 93.9629135132, 92.2847290039, 92.2847290039, 92.2858123779, 93.9629135132, 93.9629135132, 92.2858123779, 93.9629135132, 93.9629135132, 92.2847290039, 92.2858123779, 92.2847290039, 92.2847290039, 92.2847290039, 92.286895752, 93.9629135132, 93.9629135132, 92.2847290039, 93.9629135132, 92.2847290039, 93.9629135132, 93.9629135132, 93.9629135132, 92.286895752, 92.2847290039, 92.2847290039, 92.2847290039, 92.2847290039, 93.9629135132, 93.9651565552, 92.2847290039, 92.2847290039, 93.9629135132, 93.9629135132, 92.2847290039, 90.6675262451, 93.9629135132, 92.2847290039, 92.2847290039, 93.9629135132, 93.9629135132, 92.2847290039, 92.286895752, 92.2847290039, 93.9629135132, 92.2847290039, 93.9629135132, 93.9629135132, 93.9629135132, 92.2847290039, 92.286895752, 92.2847290039, 92.2847290039, 92.2847290039, 93.9629135132, 93.9629135132, 92.286895752, 92.2847290039, 92.2847290039, 92.2847290039, 92.2847290039, 92.286895752, 92.2847290039, 93.9629135132, 93.9629135132, 92.2847290039, 92.2847290039, 93.9629135132, 93.9629135132, 92.286895752, 92.2847290039, 93.9629135132, 93.9629135132, 92.2847290039, 92.2847290039, 93.9629135132, 92.286895752, 93.9629135132, 92.2847290039, 92.2847290039, 92.2847290039, 93.9629135132, 92.286895752, 93.9629135132, 92.2847290039, 92.2847290039, 92.2847290039, 92.2847290039, 93.9651565552, 93.9629135132, 92.2847290039, 92.2847290039, 93.9629135132, 92.2847290039, 93.9629135132, 93.9629135132, 93.9629135132, 92.286895752, 92.2847290039, 92.2847290039, 93.9629135132, 93.9629135132, 92.2847290039, 92.286895752, 92.2847290039, 92.2847290039, 92.2847290039, 92.2847290039, 95.7032623291, 90.6675262451, 89.1019897461, 89.1040115356]
