
metadata:
    version:
        essentia: "2.1-beta2"
    audio_properties:
        analysis_sample_rate: 44100
        bitrate: 128
        channels: 2
        equal_loudness: 1
        length: 246.360809326
        replay_gain: -15.815653801
        downmix: "mix"
    tags:
        album: "Contraddiction"
        artist: "Mass Hysteria"
        comment: ""
        date: "1999"
        genre: "Metal"
        title: "Sur La Breche"
        tracknumber: "7"

configuration:
    average_loudness:
        compute: 1
        frameSize: 88200
        hopSize: 44100
        silentFrames: "noise"
        windowType: "hann"
    general:
        analysisSampleRate: 44100
        endTime: 2000
        equalLoudness: 1
        nequalLoudness: 0
        shortSound: 0
        startTime: 0
    lowlevel:
        compute: 1
        frameSize: 2048
        hopSize: 1024
        zeroPadding: 0
        silentFrames: "noise"
        windowType: "blackmanharris62"
        mfccStats: ["mean", "cov", "icov"]
        stats: ["mean", "var", "median", "min", "max", "dmean", "dmean2", "dvar", "dvar2"]
    panning:
        compute: 0
        frameSize: 8192
        hopSize: 2048
        zeroPadding: 8192
        silentFrames: "noise"
        windowType: "hann"
        stats: ["copy"]
    rhythm:
        compute: 1
        maxTempo: 208
        minTempo: 40
        method: "degara"
        stats: ["mean", "var", "median", "min", "max", "dmean", "dmean2", "dvar", "dvar2"]
    segmentation:
        compute: 0
        cpw: 5
        inc1: 300
        inc2: 50
        minimumSegmentsLength: 10
        size1: 1000
        size2: 600
    sfx:
        compute: 1
        stats: ["mean", "var", "median", "min", "max", "dmean", "dmean2", "dvar", "dvar2"]
    svm:
        compute: 0
    tonal:
        compute: 1
        frameSize: 4096
        hopSize: 2048
        zeroPadding: 0
        silentFrames: "noise"
        windowType: "blackmanharris62"
        stats: ["mean", "var", "median", "min", "max", "dmean", "dmean2", "dvar", "dvar2"]

lowlevel:
    average_loudness: 0.782516360283
    barkbands_kurtosis:
        dmean: 1.00610148907
        dmean2: 1.68368434906
        dvar: 2.32589221001
        dvar2: 5.92482948303
        max: 53.9700469971
        mean: 0.270384192467
        median: -0.626792669296
        min: -1.89282476902
        var: 5.28978919983
    barkbands_skewness:
        dmean: 0.445717126131
        dmean2: 0.707327306271
        dvar: 0.206074401736
        dvar2: 0.488079339266
        max: 4.51713514328
        mean: -0.697811126709
        median: -0.800984621048
        min: -3.71425366402
        var: 1.00739204884
    barkbands_spread:
        dmean: 7.10865402222
        dmean2: 11.5742483139
        dvar: 46.9654769897
        dvar2: 119.229804993
        max: 72.9373550415
        mean: 38.3360557556
        median: 39.6931190491
        min: 0.824430167675
        var: 206.708389282
    dissonance:
        dmean: 0.0089542530477
        dmean2: 0.0149652818218
        dvar: 0.000247227115324
        dvar2: 0.000622355437372
        max: 0.500000059605
        mean: 0.48429659009
        median: 0.491309821606
        min: 0.152601793408
        var: 0.000728375161998
    hfc:
        dmean: 2.67043471336
        dmean2: 4.33544874191
        dvar: 19.7290916443
        dvar2: 51.4225730896
        max: 61.1149024963
        mean: 8.80056762695
        median: 8.70552921295
        min: 1.04497938542e-016
        var: 62.1543045044
    pitch:
        dmean: 526.172851563
        dmean2: 978.778991699
        dvar: 1009725.5625
        dvar2: 2762813
        max: 4996.43115234
        mean: 2648.12841797
        median: 3607.93945313
        min: 52.4576683044
        var: 2460507.25
    pitch_instantaneous_confidence:
        dmean: 0.0704942420125
        dmean2: 0.11624135077
        dvar: 0.00468676025048
        dvar2: 0.0117116319016
        max: 0.97565549612
        mean: 0.384248107672
        median: 0.399122834206
        min: 0.0663321018219
        var: 0.027829632163
    pitch_salience:
        dmean: 0.0513590425253
        dmean2: 0.0845556333661
        dvar: 0.00283473636955
        dvar2: 0.0073775970377
        max: 0.851592063904
        mean: 0.689157247543
        median: 0.708486020565
        min: 0.0748354941607
        var: 0.00981327705085
    silence_rate_20dB:
        dmean: 0
        dmean2: 0
        dvar: 0
        dvar2: 0
        max: 1
        mean: 1
        median: 1
        min: 1
        var: 0
    silence_rate_30dB:
        dmean: 0
        dmean2: 0
        dvar: 0
        dvar2: 0
        max: 1
        mean: 1
        median: 1
        min: 1
        var: 0
    silence_rate_60dB:
        dmean: 0.0563619211316
        dmean2: 0.112734474242
        dvar: 0.0531827285886
        dvar2: 0.11754732579
        max: 1
        mean: 0.390255391598
        median: 0
        min: 0
        var: 0.237976327538
    spectral_centroid:
        dmean: 337.50881958
        dmean2: 551.210266113
        dvar: 113461.273438
        dvar2: 270401.375
        max: 12047.8574219
        mean: 3785.66625977
        median: 2492.26147461
        min: 299.020874023
        var: 11963508
    spectral_complexity:
        dmean: 3.20000004768
        dmean2: 5.11509084702
        dvar: 13.544049263
        dvar2: 32.9090843201
        max: 48
        mean: 14.2958250046
        median: 16
        min: 0
        var: 113.430610657
    spectral_crest:
        dmean: 1.65906238556
        dmean2: 2.76544380188
        dvar: 3.35917949677
        dvar2: 8.56972026825
        max: 26.3996105194
        mean: 6.8692946434
        median: 6.25657701492
        min: 2.76000952721
        var: 7.62553215027
    spectral_decrease:
        dmean: 2.66930283432e-010
        dmean2: 4.25309870655e-010
        dvar: 1.97392371396e-019
        dvar2: 4.74343103353e-019
        max: 2.55092984104e-028
        mean: -8.0859785534e-010
        median: -7.91538945499e-010
        min: -4.89221108069e-009
        var: 4.7306924521e-019
    spectral_energy:
        dmean: 0.00121290038805
        dmean2: 0.00192980456632
        dvar: 3.93562186218e-006
        dvar2: 9.59713270277e-006
        max: 0.0226508397609
        mean: 0.00385006610304
        median: 0.00381178595126
        min: 9.84210915985e-021
        var: 1.04327509689e-005
    spectral_energyband_high:
        dmean: 0.000249574804911
        dmean2: 0.000428213214036
        dvar: 2.3914546432e-007
        dvar2: 6.55481755985e-007
        max: 0.00703522004187
        mean: 0.000642755127046
        median: 0.000596851692535
        min: 6.56709310791e-021
        var: 4.48024451316e-007
    spectral_energyband_low:
        dmean: 0.000390993751353
        dmean2: 0.000656928925309
        dvar: 4.91695516303e-007
        dvar2: 1.26700263081e-006
        max: 0.00748161459342
        mean: 0.000606055778917
        median: 0.000421822653152
        min: 5.4816638739e-024
        var: 6.05935326803e-007
    spectral_energyband_middle_high:
        dmean: 0.000567693728954
        dmean2: 0.000899091071915
        dvar: 6.72398243751e-007
        dvar2: 1.60034539931e-006
        max: 0.0147195644677
        mean: 0.00185200350825
        median: 0.00169616146013
        min: 9.56015507571e-022
        var: 3.00558394883e-006
    spectral_energyband_middle_low:
        dmean: 0.000563323090319
        dmean2: 0.000943646416999
        dvar: 1.74599006186e-006
        dvar2: 4.46450349045e-006
        max: 0.0167261436582
        mean: 0.000881774234585
        median: 0.000548294221517
        min: 1.40731397096e-022
        var: 1.77390018052e-006
    spectral_flatness_db:
        dmean: 0.0167931243777
        dmean2: 0.0265599805862
        dvar: 0.000396857678425
        dvar2: 0.00102362968028
        max: 0.467606753111
        mean: 0.13448305428
        median: 0.127223566175
        min: 0.0370285585523
        var: 0.00313751539215
    spectral_flux:
        dmean: 0.00661541055888
        dmean2: 0.00994009524584
        dvar: 8.81523592398e-005
        dvar2: 0.000151822998305
        max: 0.124128334224
        mean: 0.0353915281594
        median: 0.0391678623855
        min: 6.20544726715e-011
        var: 0.000551348319277
    spectral_kurtosis:
        dmean: 1.519515872
        dmean2: 2.51445126534
        dvar: 24.2070503235
        dvar2: 64.2467346191
        max: 76.0883407593
        mean: 2.88482737541
        median: 1.58283162117
        min: -1.29067540169
        var: 53.1791343689
    spectral_rms:
        dmean: 0.000254989252426
        dmean2: 0.000397895404603
        dvar: 1.24237132582e-007
        dvar2: 2.91842951583e-007
        max: 0.0047008912079
        mean: 0.00165795185603
        median: 0.00192842306569
        min: 3.09871876422e-012
        var: 1.00741237929e-006
    spectral_rolloff:
        dmean: 329.788696289
        dmean2: 562.977416992
        dvar: 244472.5
        dvar2: 605760.25
        max: 19939.7460938
        mean: 6473.73046875
        median: 4134.375
        min: 172.265625
        var: 33762316
    spectral_skewness:
        dmean: 0.190833389759
        dmean2: 0.318115383387
        dvar: 0.170316174626
        dvar2: 0.464574366808
        max: 6.69739627838
        mean: 1.03267860413
        median: 1.03458189964
        min: -0.110776498914
        var: 0.768382906914
    spectral_spread:
        dmean: 912058.875
        dmean2: 1402741.625
        dvar: 1.24070409011e+012
        dvar2: 2.7865120768e+012
        max: 43391496
        mean: 12057354
        median: 6372563
        min: 997391.125
        var: 1.81239751377e+014
    spectral_strongpeak:
        dmean: 0.348871618509
        dmean2: 0.620517969131
        dvar: 0.528128564358
        dvar2: 1.39103555679
        max: 9.69197463989
        mean: 0.390731215477
        median: 0.103509008884
        min: 0
        var: 0.682298839092
    zerocrossingrate:
        dmean: 0.0101790763438
        dmean2: 0.0138763645664
        dvar: 0.000104358048702
        dvar2: 0.000186168414075
        max: 0.53662109375
        mean: 0.18782864511
        median: 0.1318359375
        min: 0.0166015625
        var: 0.0222236532718
    barkbands:
        dmean: [1.46503373344e-006, 0.00013529563148, 0.000236341846175, 0.000215322899749, 0.000345102773281, 8.12473663245e-005, 6.90501256031e-005, 3.68133150914e-005, 2.62321227638e-005, 2.01011571335e-005, 1.61229818332e-005, 1.75368968485e-005, 1.74570322997e-005, 2.66659208137e-005, 4.35329275206e-005, 8.31890283735e-005, 0.000124454774777, 0.000192074585357, 0.000236735853832, 0.000218795830733, 0.000114877104352, 5.22335176356e-005, 1.07760206447e-005, 5.91808657191e-006, 8.8190254246e-006, 4.27186591878e-007, 1.76997014267e-010]
        dmean2: [2.06739946407e-006, 0.000230159435887, 0.000410677865148, 0.000381779129384, 0.000617584388237, 0.000137437644298, 0.000116308343422, 6.2484999944e-005, 4.38569004473e-005, 3.36397570209e-005, 2.65825674433e-005, 2.82210658042e-005, 2.87011444016e-005, 4.22869015893e-005, 7.1025780926e-005, 0.000134405563585, 0.000203287374461, 0.00031655470957, 0.000393642083509, 0.000371472677216, 0.000196849432541, 9.12108444027e-005, 1.77726487891e-005, 9.5996338132e-006, 1.44224741234e-005, 6.74178522786e-007, 3.22236043404e-010]
        dvar: [1.10665495864e-011, 5.10956610356e-008, 2.08485289477e-007, 3.6034441564e-007, 9.3853651606e-007, 1.96066523017e-008, 2.71798512586e-008, 6.10634920406e-009, 2.69577582479e-009, 2.27025953592e-009, 9.22869392017e-010, 1.08407205435e-009, 1.22238907885e-009, 2.03206051985e-009, 8.54176995801e-009, 3.18896091756e-008, 8.68522676001e-008, 1.05471194445e-007, 1.59446273074e-007, 1.10968365163e-007, 5.27913925907e-008, 1.5310485324e-008, 4.69044636464e-010, 1.07337208566e-010, 2.28326649254e-010, 6.28272932811e-013, 7.84828189708e-020]
        dvar2: [2.17130844554e-011, 1.42103047551e-007, 5.6970282003e-007, 1.01446698864e-006, 2.67926998276e-006, 5.35997379814e-008, 7.31648412966e-008, 1.64552691473e-008, 7.02644342709e-009, 5.92709925584e-009, 2.38088837534e-009, 2.62061039535e-009, 3.16860337968e-009, 5.00793850833e-009, 2.09752197833e-008, 7.45699964e-008, 2.10751039731e-007, 2.60058072854e-007, 4.04900248441e-007, 3.03873804341e-007, 1.46108760646e-007, 4.26128110576e-008, 1.20486098876e-009, 2.60450605527e-010, 5.76166891975e-010, 1.38787961158e-012, 2.36785801168e-019]
        max: [2.51342935371e-005, 0.00203597825021, 0.00513845402747, 0.010887183249, 0.0145440325141, 0.00246946816333, 0.0033971699886, 0.00137577403802, 0.000936171622016, 0.00120499148034, 0.000563212379348, 0.000647247419693, 0.00071158411447, 0.000870717456564, 0.00230306526646, 0.0062249051407, 0.013873828575, 0.00558779900894, 0.0105053670704, 0.00497521599755, 0.00450370134786, 0.00158922770061, 0.000573398312554, 0.000199296468054, 0.000181449300726, 1.76457488124e-005, 3.63214613941e-009]
        mean: [1.45535170759e-006, 0.000180856368388, 0.000310718489345, 0.000215868087253, 0.0003592146968, 0.000120036056614, 9.38077064347e-005, 4.56175148429e-005, 3.92853180529e-005, 3.14396893373e-005, 2.34239450947e-005, 2.53144007729e-005, 2.50530410995e-005, 4.24983663834e-005, 6.94144837325e-005, 0.000162719225045, 0.000245119357714, 0.000390321889427, 0.000526505289599, 0.000533785845619, 0.000282537861494, 7.9665092926e-005, 1.99484256882e-005, 1.16391202027e-005, 1.31037086248e-005, 7.29292821688e-007, 1.54203316782e-010]
        median: [1.08147951039e-007, 0.000105618135422, 0.000154681998538, 7.61327537475e-005, 0.000150148000102, 6.63636310492e-005, 3.5953369661e-005, 2.24261493713e-005, 1.80297956831e-005, 1.46622905959e-005, 1.21776201922e-005, 1.19724418255e-005, 1.17090403364e-005, 2.18904933718e-005, 2.79668402072e-005, 9.09762384254e-005, 0.000140301563079, 0.00027829510509, 0.000458089081803, 0.000497701112181, 0.000260675733443, 4.2472340283e-005, 9.37697950576e-006, 5.64495212529e-006, 6.64819754093e-006, 3.12097597543e-007, 4.61851563938e-011]
        min: [1.86747257797e-026, 8.20019629078e-025, 1.28777277998e-025, 2.48418388074e-025, 4.21469725099e-024, 4.46117881298e-024, 2.15129784146e-024, 1.96298648819e-024, 9.38900987217e-024, 8.95787056619e-024, 4.66902867315e-024, 1.13334289412e-023, 1.51354608254e-023, 1.86552650989e-023, 2.47758364918e-023, 2.75342432637e-023, 4.42830540134e-023, 7.05840615576e-023, 8.70477653544e-023, 1.03981030716e-022, 1.66677297326e-022, 2.51865641796e-022, 3.07622835448e-022, 4.57957610635e-022, 7.69224251402e-022, 1.11643836223e-021, 1.81274389614e-021]
        var: [1.40958798453e-011, 5.98103611082e-008, 2.05151920341e-007, 2.60299657384e-007, 6.58334784021e-007, 2.86793131465e-008, 3.01717619777e-008, 6.4740270922e-009, 4.79546136134e-009, 4.15597556369e-009, 1.3969115864e-009, 1.64648072953e-009, 1.73311731633e-009, 3.7465750502e-009, 1.62727094022e-008, 7.77230013682e-008, 2.12838500602e-007, 2.55421099382e-007, 3.53504759687e-007, 2.65471356897e-007, 8.91328042485e-008, 1.76567169774e-008, 1.08058340054e-009, 3.04377134608e-010, 3.19570925278e-010, 1.28951255056e-012, 7.08958796184e-020]
    frequency_bands:
        dmean: [1.46503373344e-006, 0.00013529563148, 0.000236341846175, 0.000215322899749, 0.000345102773281, 8.12473663245e-005, 6.90501256031e-005, 3.68133150914e-005, 2.62321227638e-005, 2.01011571335e-005, 1.61229818332e-005, 1.75368968485e-005, 1.74570322997e-005, 2.66659208137e-005, 4.35329275206e-005, 8.31890283735e-005, 0.000124454774777, 0.000192074585357, 0.000236735853832, 0.000218795830733, 0.000114877104352, 5.22335176356e-005, 1.07760206447e-005, 5.91808657191e-006, 8.8190254246e-006, 4.27186591878e-007, 1.76997014267e-010, 4.4681220529e-011]
        dmean2: [2.06739946407e-006, 0.000230159435887, 0.000410677865148, 0.000381779129384, 0.000617584388237, 0.000137437644298, 0.000116308343422, 6.2484999944e-005, 4.38569004473e-005, 3.36397570209e-005, 2.65825674433e-005, 2.82210658042e-005, 2.87011444016e-005, 4.22869015893e-005, 7.1025780926e-005, 0.000134405563585, 0.000203287374461, 0.00031655470957, 0.000393642083509, 0.000371472677216, 0.000196849432541, 9.12108444027e-005, 1.77726487891e-005, 9.5996338132e-006, 1.44224741234e-005, 6.74178522786e-007, 3.22236043404e-010, 8.29294063975e-011]
        dvar: [1.10665495864e-011, 5.10956610356e-008, 2.08485289477e-007, 3.6034441564e-007, 9.3853651606e-007, 1.96066523017e-008, 2.71798512586e-008, 6.10634920406e-009, 2.69577582479e-009, 2.27025953592e-009, 9.22869392017e-010, 1.08407205435e-009, 1.22238907885e-009, 2.03206051985e-009, 8.54176995801e-009, 3.18896091756e-008, 8.68522676001e-008, 1.05471194445e-007, 1.59446273074e-007, 1.10968365163e-007, 5.27913925907e-008, 1.5310485324e-008, 4.69044636464e-010, 1.07337208566e-010, 2.28326649254e-010, 6.28272932811e-013, 7.84828189708e-020, 5.27313140608e-021]
        dvar2: [2.17130844554e-011, 1.42103047551e-007, 5.6970282003e-007, 1.01446698864e-006, 2.67926998276e-006, 5.35997379814e-008, 7.31648412966e-008, 1.64552691473e-008, 7.02644342709e-009, 5.92709925584e-009, 2.38088837534e-009, 2.62061039535e-009, 3.16860337968e-009, 5.00793850833e-009, 2.09752197833e-008, 7.45699964e-008, 2.10751039731e-007, 2.60058072854e-007, 4.04900248441e-007, 3.03873804341e-007, 1.46108760646e-007, 4.26128110576e-008, 1.20486098876e-009, 2.60450605527e-010, 5.76166891975e-010, 1.38787961158e-012, 2.36785801168e-019, 1.65879181126e-020]
        max: [2.51342935371e-005, 0.00203597825021, 0.00513845402747, 0.010887183249, 0.0145440325141, 0.00246946816333, 0.0033971699886, 0.00137577403802, 0.000936171622016, 0.00120499148034, 0.000563212379348, 0.000647247419693, 0.00071158411447, 0.000870717456564, 0.00230306526646, 0.0062249051407, 0.013873828575, 0.00558779900894, 0.0105053670704, 0.00497521599755, 0.00450370134786, 0.00158922770061, 0.000573398312554, 0.000199296468054, 0.000181449300726, 1.76457488124e-005, 3.63214613941e-009, 8.26009149968e-010]
        mean: [1.45535170759e-006, 0.000180856368388, 0.000310718489345, 0.000215868087253, 0.0003592146968, 0.000120036056614, 9.38077064347e-005, 4.56175148429e-005, 3.92853180529e-005, 3.14396893373e-005, 2.34239450947e-005, 2.53144007729e-005, 2.50530410995e-005, 4.24983663834e-005, 6.94144837325e-005, 0.000162719225045, 0.000245119357714, 0.000390321889427, 0.000526505289599, 0.000533785845619, 0.000282537861494, 7.9665092926e-005, 1.99484256882e-005, 1.16391202027e-005, 1.31037086248e-005, 7.29292821688e-007, 1.54203316782e-010, 3.48600662226e-011]
        median: [1.08147951039e-007, 0.000105618135422, 0.000154681998538, 7.61327537475e-005, 0.000150148000102, 6.63636310492e-005, 3.5953369661e-005, 2.24261493713e-005, 1.80297956831e-005, 1.46622905959e-005, 1.21776201922e-005, 1.19724418255e-005, 1.17090403364e-005, 2.18904933718e-005, 2.79668402072e-005, 9.09762384254e-005, 0.000140301563079, 0.00027829510509, 0.000458089081803, 0.000497701112181, 0.000260675733443, 4.2472340283e-005, 9.37697950576e-006, 5.64495212529e-006, 6.64819754093e-006, 3.12097597543e-007, 4.61851563938e-011, 8.35746662847e-012]
        min: [1.86747257797e-026, 8.20019629078e-025, 1.28777277998e-025, 2.48418388074e-025, 4.21469725099e-024, 4.46117881298e-024, 2.15129784146e-024, 1.96298648819e-024, 9.38900987217e-024, 8.95787056619e-024, 4.66902867315e-024, 1.13334289412e-023, 1.51354608254e-023, 1.86552650989e-023, 2.47758364918e-023, 2.75342432637e-023, 4.42830540134e-023, 7.05840615576e-023, 8.70477653544e-023, 1.03981030716e-022, 1.66677297326e-022, 2.51865641796e-022, 3.07622835448e-022, 4.57957610635e-022, 7.69224251402e-022, 1.11643836223e-021, 1.81274389614e-021, 4.2398701338e-022]
        var: [1.40958798453e-011, 5.98103611082e-008, 2.05151920341e-007, 2.60299657384e-007, 6.58334784021e-007, 2.86793131465e-008, 3.01717619777e-008, 6.4740270922e-009, 4.79546136134e-009, 4.15597556369e-009, 1.3969115864e-009, 1.64648072953e-009, 1.73311731633e-009, 3.7465750502e-009, 1.62727094022e-008, 7.77230013682e-008, 2.12838500602e-007, 2.55421099382e-007, 3.53504759687e-007, 2.65471356897e-007, 8.91328042485e-008, 1.76567169774e-008, 1.08058340054e-009, 3.04377134608e-010, 3.19570925278e-010, 1.28951255056e-012, 7.08958796184e-020, 4.19034471411e-021]
    mfcc:
        mean: [-784.463378906, 58.0009880066, -22.7427940369, 53.4934616089, -1.47380518913, -5.70395517349, 4.82982635498, -5.4415602684, 0.862979948521, -4.31502866745, -1.67953455448, -3.24962854385, -1.16080582142]
        cov: [[32521.9589844, 3435.33789063, -1476.14306641, 5688.8671875, 361.830657959, -301.247894287, 515.951721191, -182.607849121, 606.065063477, -227.020523071, -263.498687744, -454.802581787, -173.56262207], [3435.33789063, 1474.55493164, -382.308410645, 362.014801025, -127.815879822, -96.8959274292, 55.2593650818, -141.879226685, -126.406906128, -89.5973129272, -0.612678408623, -17.294467926, 1.9621745348], [-1476.14306641, -382.308410645, 521.744140625, -219.938949585, 15.4429693222, 60.5652580261, 23.5783958435, 60.0651702881, 8.86785030365, 16.7965621948, -13.1104001999, -3.15879321098, 0.81453037262], [5688.8671875, 362.014801025, -219.938949585, 1512.09289551, 168.972366333, 12.4656400681, 119.964653015, 45.692817688, 265.518554688, 4.1957321167, -99.4499511719, -137.748840332, -68.1966629028], [361.830657959, -127.815879822, 15.4429693222, 168.972366333, 233.320175171, 56.6125831604, 38.6245422363, 39.7535743713, 96.9592132568, 36.6576652527, 4.71103906631, -6.19421386719, 3.17271947861], [-301.247894287, -96.8959274292, 60.5652580261, 12.4656400681, 56.6125831604, 113.492416382, 35.9704246521, 32.7692260742, 12.8094711304, 21.2620601654, 7.17519378662, 11.0063486099, 1.85112440586], [515.951721191, 55.2593650818, 23.5783958435, 119.964653015, 38.6245422363, 35.9704246521, 104.806877136, 28.9360809326, 28.9968509674, -0.540374398232, -3.03018021584, -5.90668678284, 2.01740169525], [-182.607849121, -141.879226685, 60.0651702881, 45.692817688, 39.7535743713, 32.7692260742, 28.9360809326, 90.3712615967, 53.315032959, 20.3814754486, -13.1665973663, -2.85152745247, -2.35175943375], [606.065063477, -126.406906128, 8.86785030365, 265.518554688, 96.9592132568, 12.8094711304, 28.9968509674, 53.315032959, 166.609451294, 46.9517593384, -18.1011257172, -41.9963989258, -15.6330909729], [-227.020523071, -89.5973129272, 16.7965621948, 4.1957321167, 36.6576652527, 21.2620601654, -0.540374398232, 20.3814754486, 46.9517593384, 65.493927002, 21.9240932465, 0.503769755363, -8.05248641968], [-263.498687744, -0.612678408623, -13.1104001999, -99.4499511719, 4.71103906631, 7.17519378662, -3.03018021584, -13.1665973663, -18.1011257172, 21.9240932465, 69.1686477661, 41.0914573669, 9.5834646225], [-454.802581787, -17.294467926, -3.15879321098, -137.748840332, -6.19421386719, 11.0063486099, -5.90668678284, -2.85152745247, -41.9963989258, 0.503769755363, 41.0914573669, 70.6657104492, 27.315366745], [-173.56262207, 1.9621745348, 0.81453037262, -68.1966629028, 3.17271947861, 1.85112440586, 2.01740169525, -2.35175943375, -15.6330909729, -8.05248641968, 9.5834646225, 27.315366745, 44.8633613586]]
        icov: [[0.000143626588397, -0.00013614782074, 2.60765173152e-005, -0.000531175173819, -6.51851587463e-005, 0.000323955289787, -0.000194576510694, 0.000123373916722, 0.000151174186612, 0.000200496826437, -0.000294048077194, 0.000108420143079, -0.000154383480549], [-0.00013614782074, 0.00139066099655, 0.000562460336369, 9.89361578831e-005, 0.000395025068428, 0.0002566416224, -0.0010759558063, 0.000931347778533, 0.00111871666741, -0.00014140989515, -6.2155238993e-005, 0.000432400323916, -0.000274223042652], [2.60765173152e-005, 0.000562460336369, 0.00274542951956, 0.00032629899215, 0.000200443697395, -0.00069818389602, -0.00108156877104, -0.000617841724306, 0.000256934145, 8.56944971019e-005, 0.000451500265626, 0.000977731659077, -3.35097611242e-005], [-0.000531175173819, 9.89361578831e-005, 0.00032629899215, 0.0034390965011, -8.89442817424e-005, -0.00166046270169, 5.88547809457e-005, -0.000228923541727, -0.00297035905533, 0.000326390261762, 0.00204785657115, -0.000113871567009, 0.00187812244985], [-6.51851587463e-005, 0.000395025068428, 0.000200443697395, -8.89442817424e-005, 0.00681699439883, -0.00271260389127, -0.000635428645182, 0.000509957491886, -0.00339910015464, -0.00033458636608, -0.000712913577445, -0.000524658942595, -0.00149593967944], [0.000323955289787, 0.0002566416224, -0.00069818389602, -0.00166046270169, -0.00271260389127, 0.0140576427802, -0.00426613679156, -0.00184558541514, 0.00423096586019, -0.00378978694789, 0.00012513108959, -0.00157260219567, 0.000162416195963], [-0.000194576510694, -0.0010759558063, -0.00108156877104, 5.88547809457e-005, -0.000635428645182, -0.00426613679156, 0.014635713771, -0.00442018685862, -0.00154712342191, 0.00313907000236, -0.00257401075214, 0.00134265783709, -0.00150879728608], [0.000123373916722, 0.000931347778533, -0.000617841724306, -0.000228923541727, 0.000509957491886, -0.00184558541514, -0.00442018685862, 0.0193852037191, -0.00496210809797, -0.00224857334979, 0.006427815184, -0.00594544410706, 0.00146898720413], [0.000151174186612, 0.00111871666741, 0.000256934145, -0.00297035905533, -0.00339910015464, 0.00423096586019, -0.00154712342191, -0.00496210809797, 0.018495509401, -0.00923248939216, -0.000785488868132, 0.00702105369419, -0.00342792924494], [0.000200496826437, -0.00014140989515, 8.56944971019e-005, 0.000326390261762, -0.00033458636608, -0.00378978694789, 0.00313907000236, -0.00224857334979, -0.00923248939216, 0.0291284490377, -0.0123064192012, 0.00239798636176, 0.00437732599676], [-0.000294048077194, -6.2155238993e-005, 0.000451500265626, 0.00204785657115, -0.000712913577445, 0.00012513108959, -0.00257401075214, 0.006427815184, -0.000785488868132, -0.0123064192012, 0.0314844921231, -0.0183286182582, 0.00441921129823], [0.000108420143079, 0.000432400323916, 0.000977731659077, -0.000113871567009, -0.000524658942595, -0.00157260219567, 0.00134265783709, -0.00594544410706, 0.00702105369419, 0.00239798636176, -0.0183286182582, 0.0353874191642, -0.0148140089586], [-0.000154383480549, -0.000274223042652, -3.35097611242e-005, 0.00187812244985, -0.00149593967944, 0.000162416195963, -0.00150879728608, 0.00146898720413, -0.00342792924494, 0.00437732599676, 0.00441921129823, -0.0148140089586, 0.0324709042907]]
    sccoeffs:
        dmean: [0.051507204771, 0.0414982289076, 0.0313642472029, 0.0280203204602, 0.0175335742533, 0.0183880198747]
        dmean2: [0.0842089876533, 0.0688822939992, 0.0525231994689, 0.046588037163, 0.0293911639601, 0.0292522013187]
        dvar: [0.00229049078189, 0.00141989183612, 0.000854396435898, 0.000780613685492, 0.000270894408459, 0.000415538204834]
        dvar2: [0.0059695080854, 0.00390431052074, 0.00227654678747, 0.00205856142566, 0.000732408952899, 0.000958425865974]
        max: [-0.332666993141, -0.390782505274, -0.421891003847, -0.481057286263, -0.659978270531, -0.593744516373]
        mean: [-0.717445790768, -0.798934400082, -0.833820462227, -0.817504227161, -0.828513085842, -0.798107206821]
        median: [-0.685878634453, -0.789137840271, -0.827124416828, -0.808555006981, -0.807332277298, -0.773617148399]
        min: [-0.985157966614, -0.981298387051, -0.984889149666, -0.984222114086, -0.981218039989, -0.978266954422]
        var: [0.0171137861907, 0.00959854293615, 0.00611767312512, 0.0071148131974, 0.00435584736988, 0.00716251833364]
    scvalleys:
        dmean: [0.450877666473, 0.402941733599, 0.352497547865, 0.309027940035, 0.225614130497, 0.340416461229]
        dmean2: [0.738586604595, 0.665132522583, 0.573902904987, 0.496423989534, 0.36383882165, 0.516572654247]
        dvar: [0.175000444055, 0.139934241772, 0.12336666137, 0.132807388902, 0.125049188733, 0.264011621475]
        dvar2: [0.398113846779, 0.32078436017, 0.257079333067, 0.279546409845, 0.263836622238, 0.573432385921]
        max: [-4.88648986816, -4.75322389603, -5.77010440826, -5.84390926361, -5.29158353806, -7.41329956055]
        mean: [-10.5321798325, -10.5632257462, -11.0644521713, -11.0540466309, -10.4552650452, -12.4048910141]
        median: [-6.68127727509, -6.90650606155, -7.5015707016, -7.4449877739, -6.46430826187, -8.89951896667]
        min: [-28.4407653809, -28.2760295868, -28.1905708313, -28.0377578735, -27.633480072, -27.5123558044]
        var: [63.4698181152, 62.1173858643, 58.0454902649, 58.5725479126, 63.2935562134, 50.0207138062]

rhythm:
    beats_loudness:
        dmean: 0.00211648270488
        dmean2: 0.00375793641433
        dvar: 4.39293444288e-006
        dvar2: 1.37023698699e-005
        max: 0.015439379029
        mean: 0.00560193089768
        median: 0.00590689154342
        min: 0
        var: 1.41209229696e-005
    bpm: 134.854125977
    bpm_confidence: 0
    first_peak_bpm: 136
    first_peak_spread: 0.342465758324
    first_peak_weight: 0.543396234512
    onset_rate: 2.85353851318
    second_peak_bpm: 129
    second_peak_spread: 0.285714298487
    second_peak_weight: 0.0283018872142
    beats_loudness_band_ratio:
        dmean: [0.127617448568, 0.0592493712902, 0.0443512909114, 0.0321755036712, 0.0733540356159, 0.0860853642225]
        dmean2: [0.226322650909, 0.104124583304, 0.079899251461, 0.0575318410993, 0.128656566143, 0.155840337276]
        dvar: [0.0169110614806, 0.00375557970256, 0.00611205073074, 0.00526331737638, 0.00666258577257, 0.00906004477292]
        dvar2: [0.0504065565765, 0.0110794398934, 0.0187762193382, 0.0165129806846, 0.0181423928589, 0.0276104770601]
        max: [0.879445672035, 0.603426516056, 0.884818792343, 0.92210650444, 0.668584346771, 0.754943311214]
        mean: [0.317317247391, 0.0929637625813, 0.0617675855756, 0.0520593859255, 0.146297335625, 0.219252482057]
        median: [0.337139993906, 0.0799946635962, 0.0296014212072, 0.019226487726, 0.132885411382, 0.247106313705]
        min: [0, 0, 0, 0, 0, 0]
        var: [0.0540309809148, 0.00618773279712, 0.0133638596162, 0.013398040086, 0.0148732550442, 0.0224433522671]
    beats_position: [0.557278871536, 1.10294783115, 1.62539684772, 2.14784574509, 2.69351458549, 3.23918366432, 3.78485250473, 4.31891155243, 4.85297060013, 5.39863920212, 5.93269824982, 6.40870714188, 6.88471651077, 7.3491153717, 7.81351470947, 8.27791404724, 8.75392246246, 9.22993183136, 9.682721138, 10.1355104446, 10.5882987976, 11.0294780731, 11.4706573486, 11.9118366241, 12.3646259308, 12.8174142838, 13.2585935593, 13.6997728348, 14.1409521103, 14.5821313858, 15.0349206924, 15.4760990143, 15.9288883209, 16.3700675964, 16.8112468719, 17.2524261475, 17.7052154541, 18.1463947296, 18.5991840363, 19.0519733429, 19.5279808044, 20.0156002045, 20.4799995422, 20.94439888, 21.4204082489, 21.9080276489, 22.3608150482, 22.8136043549, 23.2663936615, 23.7191829681, 24.1603622437, 24.6015415192, 25.0543308258, 25.4955101013, 25.9366893768, 26.3778686523, 26.830657959, 27.2834453583, 27.7246246338, 28.1658039093, 28.6069831848, 29.0481624603, 29.4893417358, 29.9421310425, 30.3949203491, 30.8477096558, 31.2772789001, 31.7184581757, 32.1596374512, 32.6008148193, 33.053604126, 33.4947853088, 33.9475746155, 34.3887519836, 34.8299331665, 35.2594985962, 35.7122879028, 36.1766891479, 36.6178665161, 37.059047699, 37.5002250671, 37.94140625, 38.3825836182, 38.823764801, 39.2649421692, 39.7177314758, 40.1705207825, 40.6116981506, 41.0528793335, 41.4940567017, 41.9352378845, 42.3880271912, 42.8408164978, 43.281993866, 43.7231750488, 44.164352417, 44.6055335999, 45.046710968, 45.4995002747, 45.9522895813, 46.3934669495, 46.8346481323, 47.287437439, 47.7402267456, 48.1814041138, 48.6225852966, 49.0637626648, 49.5049438477, 49.9461212158, 50.3873023987, 50.8400878906, 51.2928771973, 51.7340583801, 52.1752357483, 52.6164169312, 53.0692062378, 53.5219955444, 53.9631729126, 54.4043540955, 54.8455314636, 55.2867126465, 55.7278900146, 56.1690673828, 56.6218566895, 57.0746459961, 57.515827179, 57.9570045471, 58.39818573, 58.8393630981, 59.2921524048, 59.7449417114, 60.1861228943, 60.6273002625, 61.0800895691, 61.5212669373, 61.9740562439, 62.4152374268, 62.8564147949, 63.2975959778, 63.7387733459, 64.1799545288, 64.621131897, 65.0623092651, 65.5150985718, 65.9678878784, 66.409072876, 66.8502502441, 67.3030395508, 67.7558288574, 68.1970062256, 68.6381835938, 69.0793609619, 69.5205459595, 69.9617233276, 70.4029006958, 70.8556900024, 71.3084793091, 71.7496566772, 72.1908340454, 72.632019043, 73.0848083496, 73.5375976563, 73.9787750244, 74.4199523926, 74.8611297607, 75.3139190674, 75.766708374, 76.2078933716, 76.6490707397, 77.0902481079, 77.5314254761, 77.9726028442, 78.4253921509, 78.8665771484, 79.3193664551, 79.7605438232, 80.2017211914, 80.6428985596, 81.0840835571, 81.5368728638, 81.9896621704, 82.4308395386, 82.8720169067, 83.3131942749, 83.7543716431, 84.1955566406, 84.6483459473, 85.1011352539, 85.5423126221, 85.9834899902, 86.4246673584, 86.865852356, 87.3070297241, 87.7482070923, 88.2009963989, 88.6537857056, 89.0949630737, 89.5361404419, 89.9889297485, 90.4301147461, 90.8829040527, 91.3240814209, 91.7652587891, 92.2064361572, 92.6476211548, 93.100402832, 93.5415878296, 93.9943771362, 94.4355545044, 94.8767318726, 95.3179092407, 95.7590942383, 96.2002716064, 96.6530609131, 97.0942382813, 97.5470275879, 97.9882049561, 98.4293823242, 98.8705673218, 99.3117446899, 99.7529220581, 100.205711365, 100.658500671, 101.09967804, 101.540863037, 101.982040405, 102.434829712, 102.87600708, 103.328796387, 103.769973755, 104.211151123, 104.66394043, 105.116729736, 105.557914734, 105.999092102, 106.44026947, 106.881446838, 107.334236145, 107.787025452, 108.22820282, 108.669387817, 109.110565186, 109.563354492, 110.016143799, 110.457321167, 110.898498535, 111.351287842, 111.804077148, 112.245262146, 112.686439514, 113.127616882, 113.56879425, 114.009971619, 114.451156616, 114.892333984, 115.345123291, 115.797912598, 116.239089966, 116.680267334, 117.121452332, 117.5626297, 118.003807068, 118.456596375, 118.897773743, 119.350563049, 119.791740417, 120.232925415, 120.674102783, 121.115280151, 121.55645752, 121.997642517, 122.450431824, 122.90322113, 123.344398499, 123.785575867, 124.238365173, 124.69115448, 125.132331848, 125.573509216, 126.014694214, 126.455871582, 126.908660889, 127.361450195, 127.802627563, 128.243804932, 128.6849823, 129.126159668, 129.567337036, 130.020126343, 130.472915649, 130.914108276, 131.355285645, 131.796463013, 132.237640381, 132.690429688, 133.143218994, 133.584396362, 134.02557373, 134.466751099, 134.907928467, 135.349105835, 135.801895142, 136.254684448, 136.695877075, 137.137054443, 137.578231812, 138.01940918, 138.460586548, 138.913375854, 139.366165161, 139.807342529, 140.248519897, 140.689697266, 141.142486572, 141.595275879, 142.036453247, 142.477645874, 142.918823242, 143.36000061, 143.801177979, 144.242355347, 144.683532715, 145.136322021, 145.57749939, 146.030288696, 146.483078003, 146.924255371, 147.365432739, 147.818222046, 148.259414673, 148.700592041, 149.141769409, 149.582946777, 150.035736084, 150.488525391, 150.929702759, 151.382492065, 151.823669434, 152.27645874, 152.717636108, 153.158813477, 153.599990845, 154.052780151, 154.493972778, 154.946762085, 155.387939453, 155.829116821, 156.270294189, 156.723083496, 157.175872803, 157.617050171, 158.058227539, 158.499404907, 158.940582275, 159.381759644, 159.83454895, 160.287338257, 160.728515625, 161.169708252, 161.61088562, 162.052062988, 162.493240356, 162.946029663, 163.39881897, 163.839996338, 164.281173706, 164.722351074, 165.163528442, 165.616317749, 166.057495117, 166.510284424, 166.951477051, 167.392654419, 167.833831787, 168.275009155, 168.716186523, 169.16897583, 169.621765137, 170.062942505, 170.504119873, 170.95690918, 171.398086548, 171.850875854, 172.292053223, 172.73324585, 173.174423218, 173.615600586, 174.056777954, 174.509567261, 174.962356567, 175.403533936, 175.844711304, 176.285888672, 176.72706604, 177.168243408, 177.609436035, 178.073822021, 178.515014648, 178.956192017, 179.397369385, 179.838546753, 180.29133606, 180.744125366, 181.185302734, 181.626480103, 182.079269409, 182.532058716, 182.973236084, 183.414413452, 183.85559082, 184.296783447, 184.737960815, 185.179138184, 185.63192749, 186.084716797, 186.525894165, 186.967071533, 187.408248901, 187.861038208, 188.313827515, 188.755004883, 189.196182251, 189.637359619, 190.078552246, 190.519729614, 190.960906982, 191.413696289, 191.866485596, 192.307662964, 192.748840332, 193.1900177, 193.631195068, 194.072372437, 194.525161743, 194.97795105, 195.419128418, 195.860321045, 196.301498413, 196.742675781, 197.183853149, 197.636642456, 198.089431763, 198.530609131, 198.971786499, 199.412963867, 199.854141235, 200.295318604, 200.73651123, 201.16607666, 201.572418213, 201.978775024, 202.466384888, 202.95401001, 203.441635132, 203.940856934, 204.440093994, 204.939315796, 205.426940918, 205.914550781, 206.402175903, 206.889785767, 207.377410889, 207.865036011, 208.306213379, 208.747390747, 209.188568115, 209.65296936, 210.117370605, 210.581771851, 211.046157837, 211.510559082, 211.963348389, 212.427749634, 212.88053894, 213.333328247, 213.786117554, 214.23890686, 214.691696167, 215.144485474, 215.59727478, 216.050064087, 216.502853394, 216.967254639, 217.420043945, 217.88444519, 218.337234497, 218.836456299, 219.335693359, 219.939407349, 220.531509399, 221.123626709, 221.727340698, 222.331054688, 222.934783936, 223.538497925, 224.142211914, 224.711105347, 225.279998779, 225.860488892, 226.394546509, 226.928619385, 227.509109497, 228.089614868, 228.67010498, 229.238998413, 229.819503784, 230.388381958, 230.957275391, 231.526168823, 232.106658936, 232.675552368, 233.244445801, 233.824935913, 234.393829346, 234.962722778, 235.531600952, 236.100494385, 236.680999756, 237.261489868, 237.946487427, 238.643081665, 239.339675903, 240.036270142, 240.732879639, 241.429473877, 242.126068115, 242.822677612, 243.519271851, 244.215866089, 244.912460327, 245.597457886]
