
metadata:
    version:
        essentia: "2.1-beta2"
    audio_properties:
        analysis_sample_rate: 44100
        bitrate: 128
        channels: 2
        equal_loudness: 1
        length: 145.919998169
        replay_gain: -17.4651031494
        downmix: "mix"
    tags:
        album: "Contraddiction"
        artist: "Mass Hysteria"
        comment: ""
        date: "1999"
        genre: "Metal"
        title: "P4"
        tracknumber: "6"

configuration:
    average_loudness:
        compute: 1
        frameSize: 88200
        hopSize: 44100
        silentFrames: "noise"
        windowType: "hann"
    general:
        analysisSampleRate: 44100
        endTime: 2000
        equalLoudness: 1
        nequalLoudness: 0
        shortSound: 0
        startTime: 0
    lowlevel:
        compute: 1
        frameSize: 2048
        hopSize: 1024
        zeroPadding: 0
        silentFrames: "noise"
        windowType: "blackmanharris62"
        mfccStats: ["mean", "cov", "icov"]
        stats: ["mean", "var", "median", "min", "max", "dmean", "dmean2", "dvar", "dvar2"]
    panning:
        compute: 0
        frameSize: 8192
        hopSize: 2048
        zeroPadding: 8192
        silentFrames: "noise"
        windowType: "hann"
        stats: ["copy"]
    rhythm:
        compute: 1
        maxTempo: 208
        minTempo: 40
        method: "degara"
        stats: ["mean", "var", "median", "min", "max", "dmean", "dmean2", "dvar", "dvar2"]
    segmentation:
        compute: 0
        cpw: 5
        inc1: 300
        inc2: 50
        minimumSegmentsLength: 10
        size1: 1000
        size2: 600
    sfx:
        compute: 1
        stats: ["mean", "var", "median", "min", "max", "dmean", "dmean2", "dvar", "dvar2"]
    svm:
        compute: 0
    tonal:
        compute: 1
        frameSize: 4096
        hopSize: 2048
        zeroPadding: 0
        silentFrames: "noise"
        windowType: "blackmanharris62"
        stats: ["mean", "var", "median", "min", "max", "dmean", "dmean2", "dvar", "dvar2"]

lowlevel:
    average_loudness: 0.961826086044
    barkbands_kurtosis:
        dmean: 2.87284135818
        dmean2: 4.89762210846
        dvar: 62.5261497498
        dvar2: 197.521179199
        max: 99.701133728
        mean: 2.15739226341
        median: -0.361381143332
        min: -1.91726362705
        var: 99.870010376
    barkbands_skewness:
        dmean: 0.571575403214
        dmean2: 0.893614411354
        dvar: 0.296450853348
        dvar2: 0.809399664402
        max: 7.58435630798
        mean: -0.702680945396
        median: -1.00194227695
        min: -4.52667188644
        var: 2.18056511879
    barkbands_spread:
        dmean: 9.26086521149
        dmean2: 14.9618778229
        dvar: 61.2241516113
        dvar2: 157.429779053
        max: 82.2271881104
        mean: 38.4956855774
        median: 39.429649353
        min: 0.746871888638
        var: 221.596466064
    dissonance:
        dmean: 0.00652864994481
        dmean2: 0.0111560635269
        dvar: 6.263468822e-005
        dvar2: 0.000179668160854
        max: 0.499999940395
        mean: 0.48791846633
        median: 0.491548120975
        min: 0.357161551714
        var: 0.000197865607333
    hfc:
        dmean: 3.95182847977
        dmean2: 6.3785943985
        dvar: 21.4416942596
        dvar2: 53.8173294067
        max: 77.4881668091
        mean: 15.1892242432
        median: 15.4236965179
        min: 1.14087688229e-016
        var: 74.3388366699
    pitch:
        dmean: 320.42010498
        dmean2: 587.078430176
        dvar: 593322.1875
        dvar2: 1614964.5
        max: 5214.84228516
        mean: 3484.55908203
        median: 3837.375
        min: 83.4718017578
        var: 1239536
    pitch_instantaneous_confidence:
        dmean: 0.0678382664919
        dmean2: 0.113972313702
        dvar: 0.0031669086311
        dvar2: 0.00887085404247
        max: 0.844184577465
        mean: 0.444036692381
        median: 0.447500944138
        min: 0.114370822906
        var: 0.00627707503736
    pitch_salience:
        dmean: 0.0626247599721
        dmean2: 0.103052541614
        dvar: 0.00511519564316
        dvar2: 0.0141936661676
        max: 0.873651683331
        mean: 0.685773074627
        median: 0.714085519314
        min: 0.15674623847
        var: 0.0106772109866
    silence_rate_20dB:
        dmean: 0
        dmean2: 0
        dvar: 0
        dvar2: 0
        max: 1
        mean: 1
        median: 1
        min: 1
        var: 0
    silence_rate_30dB:
        dmean: 0
        dmean2: 0
        dvar: 0
        dvar2: 0
        max: 1
        mean: 1
        median: 1
        min: 1
        var: 0
    silence_rate_60dB:
        dmean: 0.0280031822622
        dmean2: 0.0560152754188
        dvar: 0.0272170081735
        dvar2: 0.0621106736362
        max: 1
        mean: 0.172128543258
        median: 0
        min: 0
        var: 0.142488375306
    spectral_centroid:
        dmean: 327.539367676
        dmean2: 505.003417969
        dvar: 103922.046875
        dvar2: 220466.46875
        max: 10682.3486328
        mean: 2643.60913086
        median: 2827.32543945
        min: 125.471885681
        var: 628747.0625
    spectral_complexity:
        dmean: 3.95099449158
        dmean2: 6.14863157272
        dvar: 12.6894044876
        dvar2: 27.9739074707
        max: 43
        mean: 21.4169578552
        median: 24
        min: 0
        var: 104.926361084
    spectral_crest:
        dmean: 1.6868699789
        dmean2: 2.82662701607
        dvar: 2.84708809853
        dvar2: 7.51454162598
        max: 22.0962200165
        mean: 6.96562099457
        median: 6.30474662781
        min: 3.14498758316
        var: 6.65727806091
    spectral_decrease:
        dmean: 2.76711376035e-010
        dmean2: 4.49215858955e-010
        dvar: 9.44479282434e-020
        dvar2: 2.38885805948e-019
        max: 7.16755351995e-029
        mean: -1.08434072832e-009
        median: -1.08456088554e-009
        min: -3.6555667382e-009
        var: 2.6231050107e-019
    spectral_energy:
        dmean: 0.00134740467183
        dmean2: 0.00218779197894
        dvar: 2.26582142204e-006
        dvar2: 5.73503893975e-006
        max: 0.0174162071198
        mean: 0.00547025213018
        median: 0.0054934900254
        min: 1.09304025806e-020
        var: 6.99576867191e-006
    spectral_energyband_high:
        dmean: 0.000497815839481
        dmean2: 0.000822956673801
        dvar: 3.89996188233e-007
        dvar2: 9.80610593615e-007
        max: 0.012640286237
        mean: 0.00142016413156
        median: 0.00135117513128
        min: 7.50281007581e-021
        var: 9.21726098113e-007
    spectral_energyband_low:
        dmean: 0.000417492934503
        dmean2: 0.000684798462316
        dvar: 2.24276888616e-007
        dvar2: 5.46759110875e-007
        max: 0.00567251071334
        mean: 0.000619598140474
        median: 0.000432302244008
        min: 4.41703384118e-023
        var: 3.66922421335e-007
    spectral_energyband_middle_high:
        dmean: 0.000652876740787
        dmean2: 0.00103106955066
        dvar: 4.7589321639e-007
        dvar2: 1.15223326702e-006
        max: 0.0112299546599
        mean: 0.00264953519218
        median: 0.00271962955594
        min: 1.56765922695e-021
        var: 2.2593783342e-006
    spectral_energyband_middle_low:
        dmean: 0.000593973265495
        dmean2: 0.000972411420662
        dvar: 6.42827387765e-007
        dvar2: 1.66336099028e-006
        max: 0.00855035148561
        mean: 0.00100223801564
        median: 0.000751957995817
        min: 3.2541050028e-022
        var: 7.91411082446e-007
    spectral_flatness_db:
        dmean: 0.0162698887289
        dmean2: 0.0268998835236
        dvar: 0.000478191766888
        dvar2: 0.00145414529834
        max: 0.384934961796
        mean: 0.150875464082
        median: 0.14035372436
        min: 0.0579716973007
        var: 0.00181435944978
    spectral_flux:
        dmean: 0.00679586781189
        dmean2: 0.0102886306122
        dvar: 4.52025087725e-005
        dvar2: 8.7693981186e-005
        max: 0.100552253425
        mean: 0.047483317554
        median: 0.0483613908291
        min: 1.0454856425e-010
        var: 0.000218020228203
    spectral_kurtosis:
        dmean: 1.28883957863
        dmean2: 2.24267029762
        dvar: 13.4384632111
        dvar2: 43.1171531677
        max: 36.9673614502
        mean: 2.35873937607
        median: 1.6921299696
        min: -1.31640958786
        var: 13.1247377396
    spectral_rms:
        dmean: 0.000272815581411
        dmean2: 0.000436088972492
        dvar: 7.21423418781e-008
        dvar2: 1.79197002126e-007
        max: 0.00412206538022
        mean: 0.00221141660586
        median: 0.0023150597699
        min: 3.26554863879e-012
        var: 4.46471290161e-007
    spectral_rolloff:
        dmean: 247.130813599
        dmean2: 405.827941895
        dvar: 148787.296875
        dvar2: 300061.46875
        max: 18755.4199219
        mean: 4194.65039063
        median: 4414.30664063
        min: 129.19921875
        var: 1111798.375
    spectral_skewness:
        dmean: 0.194566592574
        dmean2: 0.333962470293
        dvar: 0.154763221741
        dvar2: 0.495124071836
        max: 4.87884616852
        mean: 0.972499728203
        median: 0.888484060764
        min: 0.0145532488823
        var: 0.314341783524
    spectral_spread:
        dmean: 603603.3125
        dmean2: 912280.375
        dvar: 800344178688
        dvar2: 1.50927363277e+012
        max: 51607344
        mean: 5458964.5
        median: 5437413.5
        min: 1896635.375
        var: 2.02176620134e+012
    spectral_strongpeak:
        dmean: 0.672284245491
        dmean2: 1.20146036148
        dvar: 0.827253341675
        dvar2: 2.13545107841
        max: 8.73115444183
        mean: 0.692610085011
        median: 0.188592001796
        min: 0
        var: 0.951400220394
    zerocrossingrate:
        dmean: 0.00878284685314
        dmean2: 0.0110258786008
        dvar: 9.96579910861e-005
        dvar2: 0.000124826139654
        max: 0.49267578125
        mean: 0.137820988894
        median: 0.146484375
        min: 0.00634765625
        var: 0.00130494916812
    barkbands:
        dmean: [9.81573066383e-007, 0.000122841316625, 0.000247130374191, 0.000240496257902, 0.00032620690763, 0.000114362068416, 8.73769022292e-005, 3.53635114152e-005, 3.20660328725e-005, 3.88162479794e-005, 1.82789171959e-005, 1.78616610356e-005, 2.53015750786e-005, 2.66424794972e-005, 2.93549983326e-005, 6.40997095616e-005, 0.000104549988464, 0.000221243317355, 0.000324494933011, 0.000391856214264, 0.00024561517057, 0.000129228254082, 1.87831792573e-005, 8.67070684762e-006, 5.24010647496e-006, 2.52097208886e-007, 2.59453070139e-010]
        dmean2: [1.45085266468e-006, 0.000211987600778, 0.000427174236393, 0.000388692860724, 0.000563459878322, 0.000192031235201, 0.000148128499859, 5.98343576712e-005, 5.3280065913e-005, 6.20195205556e-005, 3.01480649796e-005, 2.96724374493e-005, 4.11771070503e-005, 4.41862794105e-005, 4.86668177473e-005, 0.000106390696601, 0.000173830470885, 0.000367761327652, 0.000540185021237, 0.000657221651636, 0.000402056903113, 0.000222725851927, 3.19927603414e-005, 1.40264546644e-005, 8.03664534033e-006, 3.7660322505e-007, 4.71789718404e-010]
        dvar: [2.71770279892e-012, 2.30079528762e-008, 8.51667607549e-008, 1.22307952211e-007, 3.41642618196e-007, 3.0024089881e-008, 3.48712809739e-008, 4.75408601375e-009, 4.49137615988e-009, 5.7279674337e-009, 1.04378350407e-009, 1.21475629555e-009, 2.80911094386e-009, 2.45871079052e-009, 2.99875524412e-009, 5.04066699492e-009, 1.39940139476e-008, 5.57117836308e-008, 1.10141641585e-007, 2.45268779508e-007, 9.57279411296e-008, 4.75370427466e-008, 6.59882704035e-010, 2.41445224924e-010, 6.08026892723e-011, 1.53037250841e-013, 1.1781773864e-019]
        dvar2: [5.91054028637e-012, 6.38950012899e-008, 2.33182831266e-007, 2.6046052426e-007, 9.30762780627e-007, 7.95103574092e-008, 8.58663469216e-008, 1.17683987e-008, 1.10003295362e-008, 1.35145334923e-008, 2.55368370894e-009, 3.16854387172e-009, 6.65124888499e-009, 6.06884009713e-009, 7.27046867155e-009, 1.3478715033e-008, 3.69784842746e-008, 1.50383939967e-007, 3.0213399782e-007, 6.40931432372e-007, 2.42607342216e-007, 1.20802653214e-007, 1.73893066613e-009, 5.72795255671e-010, 1.38813044392e-010, 3.19185623028e-013, 3.52799846632e-019]
        max: [1.10281816887e-005, 0.0010486288229, 0.00219410913996, 0.00504635181278, 0.00629506260157, 0.00299593363889, 0.00244922749698, 0.00107693846803, 0.00117595400661, 0.00112419005018, 0.000766566721722, 0.00116609875113, 0.00135641754605, 0.00088430265896, 0.00106417317875, 0.00200553773902, 0.00227116164751, 0.00326138455421, 0.00387803604826, 0.00907007418573, 0.0056731197983, 0.00482787331566, 0.000381559104426, 0.000448947568657, 0.000144734382047, 4.3679965529e-006, 3.6779748136e-009]
        mean: [9.89323893918e-007, 0.000137049893965, 0.00029559675022, 0.000286305323243, 0.00036798446672, 0.000164445213159, 9.03510663193e-005, 4.1907580453e-005, 3.85046550946e-005, 7.37316731829e-005, 2.81489501504e-005, 2.75316233456e-005, 4.65221928607e-005, 4.25565594924e-005, 5.33922247996e-005, 0.000148056453327, 0.000241653004196, 0.000526892545167, 0.000869335490279, 0.00104449584614, 0.000663954531774, 0.000210503392736, 3.81313693651e-005, 1.93860341824e-005, 1.23103200167e-005, 5.22456275576e-007, 2.36908548334e-010]
        median: [1.51400612936e-007, 8.69322684593e-005, 0.000190760489204, 0.000139422452776, 0.000204935495276, 0.000100909550383, 2.9471477319e-005, 1.89107886399e-005, 1.73509961314e-005, 1.44026944326e-005, 1.46185338963e-005, 1.30409498524e-005, 1.29809286591e-005, 2.25479434448e-005, 3.48467874574e-005, 0.000134005938889, 0.000219870751607, 0.000477224413771, 0.000833338184748, 0.00101768434979, 0.000633135554381, 0.000148967839777, 3.15743454848e-005, 1.50714913616e-005, 1.00211000245e-005, 3.24964105403e-007, 1.14590031908e-010]
        min: [2.8943508561e-023, 1.1979311174e-023, 5.35952177893e-024, 4.28093924227e-023, 2.69596338248e-023, 4.94314379599e-023, 2.25879954578e-023, 7.85051653682e-023, 5.61345216002e-023, 1.2035914626e-022, 5.35078356669e-023, 1.61591883413e-022, 8.10927427333e-023, 6.36090102316e-023, 1.44352887118e-022, 7.95051822496e-023, 1.81669680871e-022, 2.09533686926e-022, 2.58825919335e-022, 3.10440318436e-022, 4.1434579521e-022, 5.36999453854e-022, 6.53542154164e-022, 6.99360760639e-022, 1.11640342516e-021, 1.51722392878e-021, 2.19562592997e-021]
        var: [3.41512170106e-012, 2.21819753676e-008, 9.53634184953e-008, 1.99455470806e-007, 2.7669074143e-007, 4.15886241001e-008, 3.83299472162e-008, 5.63870816706e-009, 5.26570875792e-009, 1.87693647291e-008, 1.88672166779e-009, 2.07858774637e-009, 8.24841706049e-009, 4.51374715382e-009, 5.58202772893e-009, 1.22053895879e-008, 3.13935863971e-008, 1.44074704167e-007, 3.07068177108e-007, 5.06241235598e-007, 2.17181025164e-007, 6.07016019671e-008, 1.15917864196e-009, 5.06935549094e-010, 1.42856032559e-010, 3.58684788685e-013, 1.10663983434e-019]
    frequency_bands:
        dmean: [9.81573066383e-007, 0.000122841316625, 0.000247130374191, 0.000240496257902, 0.00032620690763, 0.000114362068416, 8.73769022292e-005, 3.53635114152e-005, 3.20660328725e-005, 3.88162479794e-005, 1.82789171959e-005, 1.78616610356e-005, 2.53015750786e-005, 2.66424794972e-005, 2.93549983326e-005, 6.40997095616e-005, 0.000104549988464, 0.000221243317355, 0.000324494933011, 0.000391856214264, 0.00024561517057, 0.000129228254082, 1.87831792573e-005, 8.67070684762e-006, 5.24010647496e-006, 2.52097208886e-007, 2.59453070139e-010, 6.29089072501e-011]
        dmean2: [1.45085266468e-006, 0.000211987600778, 0.000427174236393, 0.000388692860724, 0.000563459878322, 0.000192031235201, 0.000148128499859, 5.98343576712e-005, 5.3280065913e-005, 6.20195205556e-005, 3.01480649796e-005, 2.96724374493e-005, 4.11771070503e-005, 4.41862794105e-005, 4.86668177473e-005, 0.000106390696601, 0.000173830470885, 0.000367761327652, 0.000540185021237, 0.000657221651636, 0.000402056903113, 0.000222725851927, 3.19927603414e-005, 1.40264546644e-005, 8.03664534033e-006, 3.7660322505e-007, 4.71789718404e-010, 1.17059403837e-010]
        dvar: [2.71770279892e-012, 2.30079528762e-008, 8.51667607549e-008, 1.22307952211e-007, 3.41642618196e-007, 3.0024089881e-008, 3.48712809739e-008, 4.75408601375e-009, 4.49137615988e-009, 5.7279674337e-009, 1.04378350407e-009, 1.21475629555e-009, 2.80911094386e-009, 2.45871079052e-009, 2.99875524412e-009, 5.04066699492e-009, 1.39940139476e-008, 5.57117836308e-008, 1.10141641585e-007, 2.45268779508e-007, 9.57279411296e-008, 4.75370427466e-008, 6.59882704035e-010, 2.41445224924e-010, 6.08026892723e-011, 1.53037250841e-013, 1.1781773864e-019, 7.80302009262e-021]
        dvar2: [5.91054028637e-012, 6.38950012899e-008, 2.33182831266e-007, 2.6046052426e-007, 9.30762780627e-007, 7.95103574092e-008, 8.58663469216e-008, 1.17683987e-008, 1.10003295362e-008, 1.35145334923e-008, 2.55368370894e-009, 3.16854387172e-009, 6.65124888499e-009, 6.06884009713e-009, 7.27046867155e-009, 1.3478715033e-008, 3.69784842746e-008, 1.50383939967e-007, 3.0213399782e-007, 6.40931432372e-007, 2.42607342216e-007, 1.20802653214e-007, 1.73893066613e-009, 5.72795255671e-010, 1.38813044392e-010, 3.19185623028e-013, 3.52799846632e-019, 2.45828529931e-020]
        max: [1.10281816887e-005, 0.0010486288229, 0.00219410913996, 0.00504635181278, 0.00629506260157, 0.00299593363889, 0.00244922749698, 0.00107693846803, 0.00117595400661, 0.00112419005018, 0.000766566721722, 0.00116609875113, 0.00135641754605, 0.00088430265896, 0.00106417317875, 0.00200553773902, 0.00227116164751, 0.00326138455421, 0.00387803604826, 0.00907007418573, 0.0056731197983, 0.00482787331566, 0.000381559104426, 0.000448947568657, 0.000144734382047, 4.3679965529e-006, 3.6779748136e-009, 7.9569978384e-010]
        mean: [9.89323893918e-007, 0.000137049893965, 0.00029559675022, 0.000286305323243, 0.00036798446672, 0.000164445213159, 9.03510663193e-005, 4.1907580453e-005, 3.85046550946e-005, 7.37316731829e-005, 2.81489501504e-005, 2.75316233456e-005, 4.65221928607e-005, 4.25565594924e-005, 5.33922247996e-005, 0.000148056453327, 0.000241653004196, 0.000526892545167, 0.000869335490279, 0.00104449584614, 0.000663954531774, 0.000210503392736, 3.81313693651e-005, 1.93860341824e-005, 1.23103200167e-005, 5.22456275576e-007, 2.36908548334e-010, 4.86242469899e-011]
        median: [1.51400612936e-007, 8.69322684593e-005, 0.000190760489204, 0.000139422452776, 0.000204935495276, 0.000100909550383, 2.9471477319e-005, 1.89107886399e-005, 1.73509961314e-005, 1.44026944326e-005, 1.46185338963e-005, 1.30409498524e-005, 1.29809286591e-005, 2.25479434448e-005, 3.48467874574e-005, 0.000134005938889, 0.000219870751607, 0.000477224413771, 0.000833338184748, 0.00101768434979, 0.000633135554381, 0.000148967839777, 3.15743454848e-005, 1.50714913616e-005, 1.00211000245e-005, 3.24964105403e-007, 1.14590031908e-010, 1.82416165506e-011]
        min: [2.8943508561e-023, 1.1979311174e-023, 5.35952177893e-024, 4.28093924227e-023, 2.69596338248e-023, 4.94314379599e-023, 2.25879954578e-023, 7.85051653682e-023, 5.61345216002e-023, 1.2035914626e-022, 5.35078356669e-023, 1.61591883413e-022, 8.10927427333e-023, 6.36090102316e-023, 1.44352887118e-022, 7.95051822496e-023, 1.81669680871e-022, 2.09533686926e-022, 2.58825919335e-022, 3.10440318436e-022, 4.1434579521e-022, 5.36999453854e-022, 6.53542154164e-022, 6.99360760639e-022, 1.11640342516e-021, 1.51722392878e-021, 2.19562592997e-021, 7.21351779296e-022]
        var: [3.41512170106e-012, 2.21819753676e-008, 9.53634184953e-008, 1.99455470806e-007, 2.7669074143e-007, 4.15886241001e-008, 3.83299472162e-008, 5.63870816706e-009, 5.26570875792e-009, 1.87693647291e-008, 1.88672166779e-009, 2.07858774637e-009, 8.24841706049e-009, 4.51374715382e-009, 5.58202772893e-009, 1.22053895879e-008, 3.13935863971e-008, 1.44074704167e-007, 3.07068177108e-007, 5.06241235598e-007, 2.17181025164e-007, 6.07016019671e-008, 1.15917864196e-009, 5.06935549094e-010, 1.42856032559e-010, 3.58684788685e-013, 1.10663983434e-019, 6.20849779157e-021]
    mfcc:
        mean: [-699.01184082, 54.0040931702, -21.7969474792, 77.1268692017, -5.49675226212, -0.951601564884, 5.5415096283, -3.16903686523, 0.0207759551704, -6.49943161011, -4.97139024734, -5.35137033463, -3.8940782547]
        cov: [[8477.53710938, -809.431640625, -808.797302246, 555.159301758, -308.525268555, -68.690788269, -11.5083780289, -63.8913650513, -54.5399246216, -220.182861328, -139.51423645, -149.534744263, -122.87613678], [-809.431640625, 924.099975586, 200.296951294, 75.6195678711, 39.9744911194, -0.514910817146, -0.737356424332, -18.6865501404, -20.8152732849, 10.9402599335, 18.5079860687, 7.39379835129, -9.62911224365], [-808.797302246, 200.296951294, 439.652709961, -78.4362258911, 124.456336975, -7.91792106628, -19.6537914276, 12.2665987015, 10.9635486603, 44.9021263123, 26.9273891449, 25.2873725891, 19.6338214874], [555.159301758, 75.6195678711, -78.4362258911, 337.966705322, 11.2287302017, 2.65270543098, -41.661857605, -38.4013710022, 18.6775817871, -8.2001914978, -18.7767047882, -17.4117336273, 7.83188009262], [-308.525268555, 39.9744911194, 124.456336975, 11.2287302017, 135.873779297, 20.594083786, 18.4555587769, 1.94005823135, 16.5146160126, 20.7424716949, 4.32749891281, 14.5364122391, 11.939125061], [-68.690788269, -0.514910817146, -7.91792106628, 2.65270543098, 20.594083786, 70.1628723145, 35.6963768005, 24.2053794861, -4.51974773407, 0.719428300858, 3.82723808289, 3.62645363808, -1.54806578159], [-11.5083780289, -0.737356424332, -19.6537914276, -41.661857605, 18.4555587769, 35.6963768005, 111.326751709, 54.1449813843, 7.04322957993, -7.91575288773, -11.6454553604, 1.86283934116, -5.70852184296], [-63.8913650513, -18.6865501404, 12.2665987015, -38.4013710022, 1.94005823135, 24.2053794861, 54.1449813843, 71.3394012451, 17.2822437286, 6.68460988998, -4.68536663055, 1.08741855621, -2.05883669853], [-54.5399246216, -20.8152732849, 10.9635486603, 18.6775817871, 16.5146160126, -4.51974773407, 7.04322957993, 17.2822437286, 51.9768295288, 23.089176178, 7.74199867249, -1.65852427483, 4.79949378967], [-220.182861328, 10.9402599335, 44.9021263123, -8.2001914978, 20.7424716949, 0.719428300858, -7.91575288773, 6.68460988998, 23.089176178, 57.8764533997, 27.2812156677, 13.467001915, 4.94094610214], [-139.51423645, 18.5079860687, 26.9273891449, -18.7767047882, 4.32749891281, 3.82723808289, -11.6454553604, -4.68536663055, 7.74199867249, 27.2812156677, 55.0507774353, 25.7980728149, 9.79992294312], [-149.534744263, 7.39379835129, 25.2873725891, -17.4117336273, 14.5364122391, 3.62645363808, 1.86283934116, 1.08741855621, -1.65852427483, 13.467001915, 25.7980728149, 48.7992858887, 23.4806900024], [-122.87613678, -9.62911224365, 19.6338214874, 7.83188009262, 11.939125061, -1.54806578159, -5.70852184296, -2.05883669853, 4.79949378967, 4.94094610214, 9.79992294312, 23.4806900024, 43.8148880005]]
        icov: [[0.000197246321477, 0.000185620592674, 8.62751185196e-005, -0.00040480462485, 0.000188770514796, 0.000310994160827, -0.00019093422452, -6.57311757095e-005, 0.000207468401641, 0.00045420054812, -0.00019797612913, 6.48329005344e-005, 0.000494831940159], [0.000185620592674, 0.00154807663057, -0.000858676619828, -0.00107748026494, 0.000653086870443, 0.000464798940811, -0.00107956130523, 0.000477380934171, 0.00106216175482, 0.000334441603627, -0.00078861421207, -1.50620844579e-005, 0.00118879403453], [8.62751185196e-005, -0.000858676619828, 0.00463036075234, 0.00118275952991, -0.00443117134273, 0.0015984744532, 0.00270744413137, -0.00306751159951, 0.00114198843949, -0.000846389972139, -0.000700629723724, 0.000715290370863, -0.00101681402884], [-0.00040480462485, -0.00107748026494, 0.00118275952991, 0.00512536382303, -0.00154514028691, -0.00234533147886, 0.00250296550803, 0.00181483430788, -0.00350729352795, -0.000448549399152, 0.00235512619838, 0.000588035094552, -0.00247577461414], [0.000188770514796, 0.000653086870443, -0.00443117134273, -0.00154514028691, 0.0140401320532, -0.00445954687893, -0.0048537068069, 0.00659266673028, -0.00427565490827, -0.00186498695984, 0.00365306995809, -0.0032657389529, 0.000240538342041], [0.000310994160827, 0.000464798940811, 0.0015984744532, -0.00234533147886, -0.00445954687893, 0.02166829817, -0.00421979092062, -0.00758110266179, 0.00824544019997, 0.000126307044411, -0.00610138755292, 0.0022614619229, 0.000987289939076], [-0.00019093422452, -0.00107956130523, 0.00270744413137, 0.00250296550803, -0.0048537068069, -0.00421979092062, 0.019246507436, -0.0123094851151, -0.00158297515009, 0.00348271173425, 0.00261631072499, -0.00264827604406, 0.00128401105758], [-6.57311757095e-005, 0.000477380934171, -0.00306751159951, 0.00181483430788, 0.00659266673028, -0.00758110266179, -0.0123094851151, 0.0306601878256, -0.0107338726521, -0.00319611700252, 0.00598856713623, -0.00241080345586, 0.000232132093515], [0.000207468401641, 0.00106216175482, 0.00114198843949, -0.00350729352795, -0.00427565490827, 0.00824544019997, -0.00158297515009, -0.0107338726521, 0.0328859910369, -0.0103454133496, -0.00589371658862, 0.00863950327039, -0.0040712072514], [0.00045420054812, 0.000334441603627, -0.000846389972139, -0.000448549399152, -0.00186498695984, 0.000126307044411, 0.00348271173425, -0.00319611700252, -0.0103454133496, 0.0308194067329, -0.0113596115261, -0.00283629423939, 0.00434148171917], [-0.00019797612913, -0.00078861421207, -0.000700629723724, 0.00235512619838, 0.00365306995809, -0.00610138755292, 0.00261631072499, 0.00598856713623, -0.00589371658862, -0.0113596115261, 0.0338910892606, -0.015803469345, 0.00139121932443], [6.48329005344e-005, -1.50620844579e-005, 0.000715290370863, 0.000588035094552, -0.0032657389529, 0.0022614619229, -0.00264827604406, -0.00241080345586, 0.00863950327039, -0.00283629423939, -0.015803469345, 0.0396101512015, -0.0180548280478], [0.000494831940159, 0.00118879403453, -0.00101681402884, -0.00247577461414, 0.000240538342041, 0.000987289939076, 0.00128401105758, 0.000232132093515, -0.0040712072514, 0.00434148171917, 0.00139121932443, -0.0180548280478, 0.0348389111459]]
    sccoeffs:
        dmean: [0.0604748725891, 0.0512094721198, 0.0360225103796, 0.0279472433031, 0.0183371063322, 0.0199532788247]
        dmean2: [0.097997315228, 0.0855789557099, 0.0607421025634, 0.0470709986985, 0.0312582142651, 0.0322088450193]
        dvar: [0.00222044903785, 0.00161181413569, 0.00082789483713, 0.000496613094583, 0.000199215734028, 0.000310396950226]
        dvar2: [0.00588608998805, 0.00457115098834, 0.00227082427591, 0.00142604392022, 0.00056460138876, 0.000772940693423]
        max: [-0.389681965113, -0.522812247276, -0.607592225075, -0.621670901775, -0.67293047905, -0.533347725868]
        mean: [-0.672429084778, -0.76801687479, -0.81266528368, -0.804983913898, -0.802333712578, -0.735117435455]
        median: [-0.676808953285, -0.770910382271, -0.820701479912, -0.804045438766, -0.799186587334, -0.734008073807]
        min: [-0.958139240742, -0.969673216343, -0.959988594055, -0.955310106277, -0.960703611374, -0.959779560566]
        var: [0.00514221610501, 0.00370628759265, 0.00262607447803, 0.0014780361671, 0.000838508363813, 0.0020906298887]
    scvalleys:
        dmean: [0.404654413462, 0.422332704067, 0.317573219538, 0.25404727459, 0.216871649027, 0.272705078125]
        dmean2: [0.668696641922, 0.687778115273, 0.518394172192, 0.410785883665, 0.350857704878, 0.439344346523]
        dvar: [0.133182108402, 0.153278589249, 0.0812622904778, 0.0654654428363, 0.0904505550861, 0.126309320331]
        dvar2: [0.305437982082, 0.357233822346, 0.172209858894, 0.125442832708, 0.202489003539, 0.318496674299]
        max: [-5.35815191269, -4.9810461998, -5.99006938934, -6.17319011688, -5.55355882645, -7.37576723099]
        mean: [-6.78800058365, -7.12669038773, -7.69032382965, -7.62762498856, -6.60982227325, -8.9814825058]
        median: [-6.50966644287, -6.95378303528, -7.4398317337, -7.30852890015, -6.17234706879, -8.47238349915]
        min: [-27.60679245, -27.0952320099, -27.481092453, -27.2774066925, -27.2537117004, -27.2432346344]
        var: [3.16365432739, 2.39166283607, 2.32739162445, 2.39675378799, 2.70735883713, 2.67616486549]

rhythm:
    beats_loudness:
        dmean: 0.00176630890928
        dmean2: 0.00324048637412
        dvar: 2.73193131761e-006
        dvar2: 9.43413942878e-006
        max: 0.0127654094249
        mean: 0.00637572444975
        median: 0.00691200233996
        min: 1.56551789761e-012
        var: 6.81002802594e-006
    bpm: 114.898803711
    bpm_confidence: 0
    first_peak_bpm: 115
    first_peak_spread: 0.298507422209
    first_peak_weight: 0.666666686535
    onset_rate: 2.8645837307
    second_peak_bpm: 172
    second_peak_spread: 0
    second_peak_weight: 0.0390070937574
    beats_loudness_band_ratio:
        dmean: [0.0883502960205, 0.0572253353894, 0.0237444620579, 0.0218431968242, 0.0535181351006, 0.0853128433228]
        dmean2: [0.151246190071, 0.0975678488612, 0.0419982038438, 0.0375224463642, 0.0903339982033, 0.14635425806]
        dvar: [0.00592470401898, 0.00233662873507, 0.000870848365594, 0.000808380253147, 0.00206659501418, 0.00582670932636]
        dvar2: [0.0153877781704, 0.0063936104998, 0.00231552147307, 0.00225526606664, 0.00585192581639, 0.0139018362388]
        max: [0.959362268448, 0.391922324896, 0.21944232285, 0.267307281494, 0.46136906743, 0.869469285011]
        mean: [0.225227236748, 0.106662042439, 0.037819635123, 0.0312515497208, 0.186914756894, 0.431724905968]
        median: [0.164239853621, 0.0918929204345, 0.0283355638385, 0.0176339112222, 0.191507577896, 0.453068375587]
        min: [0, 0, 0, 0, 0, 0]
        var: [0.041476584971, 0.0043516070582, 0.000929783273023, 0.00117313058581, 0.00585982715711, 0.0237999223173]
    beats_position: [0.336689323187, 0.684988677502, 1.03328800201, 1.38158726692, 1.72988653183, 2.07818579674, 2.42648530006, 2.77478456497, 3.12308382988, 3.47138309479, 3.8196823597, 4.1679816246, 4.58594083786, 5.00390005112, 5.41024923325, 5.94430828094, 6.46675729752, 6.98920631409, 7.51165533066, 8.03410434723, 8.55655288696, 9.07900238037, 9.6014509201, 10.1239004135, 10.6463489532, 11.1687984467, 11.6912469864, 12.2136955261, 12.7477550507, 13.2818136215, 13.8042631149, 14.3267116547, 14.8491611481, 15.3716096878, 15.8940582275, 16.4165077209, 16.9273471832, 17.4381847382, 17.9606342316, 18.483083725, 19.0055332184, 19.5279808044, 20.0504302979, 20.5728797913, 21.0953292847, 21.6177768707, 22.1402263641, 22.6626758575, 23.1851234436, 23.707572937, 24.2300224304, 24.7524719238, 25.2749195099, 25.7973690033, 26.3198184967, 26.8422679901, 27.3647155762, 27.8871650696, 28.3980045319, 28.932062149, 29.4661216736, 29.988571167, 30.5110206604, 31.0334682465, 31.5559177399, 32.0783653259, 32.6008148193, 33.1232643127, 33.6457138062, 34.1565513611, 34.6673927307, 35.1782302856, 35.7122879028, 36.2463493347, 36.7571868896, 37.2680282593, 37.8020858765, 38.3361434937, 38.8469848633, 39.369430542, 39.8918800354, 40.4143295288, 40.9367790222, 41.4476165771, 41.9700660706, 42.5041275024, 43.0381851196, 43.560634613, 44.0946922302, 44.6055335999, 45.1279792786, 45.650428772, 46.1728782654, 46.6953277588, 47.229385376, 47.7402267456, 48.262676239, 48.7851219177, 49.2959632874, 49.8300209045, 50.3408622742, 50.8633079529, 51.3857574463, 51.9082069397, 52.4306564331, 52.9531059265, 53.4755554199, 53.9980049133, 54.5204544067, 55.0429000854, 55.5653495789, 56.0761909485, 56.5986366272, 57.1210861206, 57.643535614, 58.1659851074, 58.6884346008, 59.2108840942, 59.7449417114, 60.2673912048, 60.7898406982, 61.3122901917, 61.8347396851, 62.3571853638, 62.8796348572, 63.4020843506, 63.924533844, 64.4469833374, 64.9694290161, 65.4918823242, 66.0259399414, 66.5483856201, 67.0592269897, 67.5816802979, 68.1041259766, 68.6149673462, 69.1374130249, 69.659866333, 70.1939239502, 70.7163696289, 71.238822937, 71.7496566772, 72.2721099854, 72.7945556641, 73.3053970337, 73.8278427124, 74.3502960205, 74.8727416992, 75.3951950073, 75.9292526245, 76.4633102417, 76.9973678589, 77.5082092285, 78.0306549072, 78.5531082153, 79.075553894, 79.5979995728, 80.1204528809, 80.6428985596, 81.1653518677, 81.6877975464, 82.198638916, 82.7210845947, 83.2319259644, 83.7543716431, 84.2768249512, 84.7992706299, 85.321723938, 85.8441696167, 86.3666229248, 86.8890686035, 87.3999099731, 87.9339675903, 88.456413269, 88.9788665771, 89.5013122559, 90.023765564, 90.5462112427, 91.0686569214, 91.5911102295, 92.1135559082, 92.6476211548, 93.181678772, 93.7041244507, 94.2265777588, 94.7490234375, 95.2598648071, 95.7823104858, 96.2931518555, 96.8155975342, 97.3380508423, 97.860496521, 98.3829498291, 98.9053955078, 99.4278411865, 99.9502944946, 100.472740173, 100.995193481, 101.51763916, 102.040092468, 102.562538147, 103.073379517, 103.595825195, 104.129882813, 104.652336121, 105.186393738, 105.708839417, 106.231292725, 106.765350342, 107.299407959, 107.833465576, 108.344306946, 108.855148315, 109.365982056, 109.876823425, 110.410881042, 110.933334351, 111.455780029, 111.966621399, 112.489067078, 113.011520386, 113.545578003, 114.068023682, 114.59047699, 115.10131073, 115.623764038, 116.146209717, 116.668663025, 117.191108704, 117.725166321, 118.23600769, 118.74684906, 119.269294739, 119.791740417, 120.325805664, 120.848251343, 121.370697021, 121.904762268, 122.415596008, 122.938049316, 123.460494995, 123.971336365, 124.493782043, 125.016235352, 125.550292969, 126.061134338, 126.571968079, 127.106025696, 127.628479004, 128.150924683, 128.673370361, 129.195831299, 129.729888916, 130.240722656, 130.751556396, 131.274017334, 131.808074951, 132.33052063, 132.84135437, 133.375411987, 133.897872925, 134.420318604, 134.942764282, 135.465209961, 135.98765564, 136.510116577, 137.032562256, 137.555007935, 138.077453613, 138.599899292, 139.122360229, 139.644805908, 140.167251587, 140.689697266, 141.212158203, 141.734603882, 142.257049561, 142.767883301, 143.290344238, 143.812789917, 144.335235596, 144.857681274, 145.380126953]
    bpm_estimates: [112.347129822, 114.843742371, 114.843742371, 114.843742371, 114.843742371, 114.843849182, 114.843635559, 114.843849182, 114.843635559, 114.843849182, 114.843635559, 114.843849182, 114.843849182, 112.34703064, 112.347229004, 114.843635559, 114.843849182, 114.843635559, 114.843849182, 114.843849182, 114.843635559, 117.453727722, 117.454170227, 114.843635559, 114.843635559, 114.843635559, 114.844055176, 114.843635559, 114.843635559, 114.843635559, 114.844055176, 114.843635559, 114.843635559, 114.844055176, 114.843635559, 114.843635559, 114.843635559, 114.844055176, 114.843635559, 114.843635559, 114.843635559, 114.844055176, 114.843635559, 117.453727722, 112.347427368, 112.34703064, 114.843635559, 114.843635559, 114.844055176, 114.843635559, 114.844055176, 114.843635559, 114.843635559, 114.843635559, 117.454170227, 117.453292847, 117.454170227, 112.347427368, 112.346626282, 117.454170227, 117.453292847, 112.347427368, 112.347427368, 117.453292847, 114.844474792, 114.843635559, 114.843635559, 114.843635559, 117.454170227, 114.843635559, 112.346626282, 112.347427368, 114.843635559, 112.347427368, 117.453292847, 114.844474792, 114.843635559, 114.843635559, 114.843635559, 112.347427368, 117.453292847, 114.843635559, 114.844474792, 117.453292847, 112.347427368, 117.453292847, 114.844474792, 114.843635559, 114.843635559, 114.843635559, 114.843635559, 114.843635559, 114.843635559, 114.843635559, 114.844474792, 114.843635559, 117.453292847, 114.844474792, 114.843635559, 114.843635559, 114.843635559, 114.843635559, 114.843635559, 112.347427368, 114.843635559, 114.843635559, 114.843635559, 114.843635559, 114.844474792, 114.843635559, 114.843635559, 114.843635559, 114.843635559, 114.844474792, 114.842796326, 112.347427368, 114.844474792, 117.453292847, 114.842796326, 114.844474792, 117.453292847, 114.844474792, 114.842796326, 112.347427368, 114.844474792, 114.842796326, 117.455047607, 114.842796326, 114.844474792, 117.453292847, 114.844474792, 114.842796326, 114.844474792, 114.842796326, 112.347427368, 112.347427368, 112.347427368, 117.453292847, 114.844474792, 114.842796326, 114.844474792, 114.844474792, 114.842796326, 114.844474792, 114.842796326, 114.844474792, 117.453292847, 114.844474792, 117.453292847, 114.844474792, 114.842796326, 114.844474792, 114.842796326, 114.844474792, 114.842796326, 114.844474792, 117.453292847, 112.347427368, 114.844474792, 114.842796326, 114.844474792, 114.842796326, 114.844474792, 114.844474792, 114.842796326, 114.844474792, 112.345825195, 112.347427368, 114.844474792, 114.842796326, 114.844474792, 117.453292847, 114.844474792, 117.453292847, 114.844474792, 114.842796326, 114.844474792, 114.842796326, 114.844474792, 114.844474792, 114.842796326, 114.844474792, 114.842796326, 114.844474792, 114.842796326, 114.844474792, 117.453292847, 114.844474792, 112.347427368, 114.842796326, 112.347427368, 114.844474792, 114.842796326, 112.347427368, 112.347427368, 112.347427368, 117.453292847, 117.453292847, 117.455047607, 117.453292847, 112.347427368, 114.842796326, 114.844474792, 117.453292847, 114.844474792, 114.842796326, 112.347427368, 114.844474792, 114.842796326, 117.455047607, 114.842796326, 114.844474792, 114.842796326, 114.844474792, 112.347427368, 117.453292847, 117.453292847, 114.844474792, 114.844474792, 112.345825195, 114.844474792, 114.844474792, 112.345825195, 117.455047607, 114.842796326, 114.844474792, 117.453292847, 114.844474792, 114.842796326, 112.347427368, 117.453292847, 117.455047607, 112.347427368, 114.842796326, 114.844474792, 114.844474792, 114.841117859, 112.347427368, 117.455047607, 117.455047607, 114.841117859, 112.347427368, 114.844474792, 117.455047607, 112.347427368, 114.841117859, 114.844474792, 114.844474792, 114.844474792, 114.844474792, 114.841117859, 114.844474792, 114.844474792, 114.844474792, 114.844474792, 114.841117859, 114.844474792, 114.844474792, 114.844474792, 114.841117859, 114.844474792, 114.844474792, 117.455047607, 114.841117859, 114.844474792, 114.844474792, 114.844474792, 114.844474792]
