
metadata:
    version:
        essentia: "2.1-beta2"
    audio_properties:
        analysis_sample_rate: 44100
        bitrate: 128
        channels: 2
        equal_loudness: 1
        length: 238.497955322
        replay_gain: -14.1174697876
        downmix: "mix"
    tags:
        album: "De Cercle en Cercle"
        artist: "Mass Hysteria"
        comment: ""
        date: "2001"
        genre: "Metal"
        title: "Immixtion (Scratchs DJ Ombre)"
        tracknumber: "7"

configuration:
    average_loudness:
        compute: 1
        frameSize: 88200
        hopSize: 44100
        silentFrames: "noise"
        windowType: "hann"
    general:
        analysisSampleRate: 44100
        endTime: 2000
        equalLoudness: 1
        nequalLoudness: 0
        shortSound: 0
        startTime: 0
    lowlevel:
        compute: 1
        frameSize: 2048
        hopSize: 1024
        zeroPadding: 0
        silentFrames: "noise"
        windowType: "blackmanharris62"
        mfccStats: ["mean", "cov", "icov"]
        stats: ["mean", "var", "median", "min", "max", "dmean", "dmean2", "dvar", "dvar2"]
    panning:
        compute: 0
        frameSize: 8192
        hopSize: 2048
        zeroPadding: 8192
        silentFrames: "noise"
        windowType: "hann"
        stats: ["copy"]
    rhythm:
        compute: 1
        maxTempo: 208
        minTempo: 40
        method: "degara"
        stats: ["mean", "var", "median", "min", "max", "dmean", "dmean2", "dvar", "dvar2"]
    segmentation:
        compute: 0
        cpw: 5
        inc1: 300
        inc2: 50
        minimumSegmentsLength: 10
        size1: 1000
        size2: 600
    sfx:
        compute: 1
        stats: ["mean", "var", "median", "min", "max", "dmean", "dmean2", "dvar", "dvar2"]
    svm:
        compute: 0
    tonal:
        compute: 1
        frameSize: 4096
        hopSize: 2048
        zeroPadding: 0
        silentFrames: "noise"
        windowType: "blackmanharris62"
        stats: ["mean", "var", "median", "min", "max", "dmean", "dmean2", "dvar", "dvar2"]

lowlevel:
    average_loudness: 0.943171858788
    barkbands_kurtosis:
        dmean: 4.99104595184
        dmean2: 7.89365243912
        dvar: 135.089553833
        dvar2: 330.76260376
        max: 490.593902588
        mean: 7.05486297607
        median: 1.37214040756
        min: -1.94502019882
        var: 211.491088867
    barkbands_skewness:
        dmean: 0.67979067564
        dmean2: 1.04876875877
        dvar: 0.762169659138
        dvar2: 1.76041483879
        max: 18.7515544891
        mean: 1.55372905731
        median: 1.22985577583
        min: -4.05180025101
        var: 2.06875228882
    barkbands_spread:
        dmean: 4.75664234161
        dmean2: 7.23694229126
        dvar: 33.8106384277
        dvar2: 68.4814224243
        max: 100.113174438
        mean: 21.5456466675
        median: 17.2724208832
        min: 0.169058457017
        var: 287.827392578
    dissonance:
        dmean: 0.0332766212523
        dmean2: 0.052998136729
        dvar: 0.00145221455023
        dvar2: 0.00334018841386
        max: 0.500000119209
        mean: 0.41169500351
        median: 0.44751688838
        min: 0.0458742678165
        var: 0.00815413706005
    hfc:
        dmean: 1.48297297955
        dmean2: 2.26118731499
        dvar: 7.4489030838
        dvar2: 18.2705192566
        max: 49.0655555725
        mean: 4.12337017059
        median: 2.58231449127
        min: 1.09584007431e-016
        var: 16.8279190063
    pitch:
        dmean: 473.054504395
        dmean2: 916.582519531
        dvar: 1223773.75
        dvar2: 3143617.5
        max: 5265.51269531
        mean: 725.004699707
        median: 206.890182495
        min: 48.4553604126
        var: 1606684.5
    pitch_instantaneous_confidence:
        dmean: 0.0916921645403
        dmean2: 0.147045373917
        dvar: 0.00818685721606
        dvar2: 0.0189053490758
        max: 0.969023942947
        mean: 0.45168620348
        median: 0.409287631512
        min: 0.0873197317123
        var: 0.0348932854831
    pitch_salience:
        dmean: 0.0617645345628
        dmean2: 0.0993922799826
        dvar: 0.00382683100179
        dvar2: 0.00954658910632
        max: 0.863847076893
        mean: 0.594126462936
        median: 0.602398753166
        min: 0.0345769785345
        var: 0.00998018030077
    silence_rate_20dB:
        dmean: 0
        dmean2: 0
        dvar: 0
        dvar2: 0
        max: 1
        mean: 1
        median: 1
        min: 1
        var: 0
    silence_rate_30dB:
        dmean: 0
        dmean2: 0
        dvar: 0
        dvar2: 0
        max: 1
        mean: 1
        median: 1
        min: 1
        var: 0
    silence_rate_60dB:
        dmean: 0.1189641729
        dmean2: 0.237951517105
        dvar: 0.104817740619
        dvar2: 0.212884113193
        max: 1
        mean: 0.286479115486
        median: 0
        min: 0
        var: 0.20439915359
    spectral_centroid:
        dmean: 172.882659912
        dmean2: 262.222442627
        dvar: 72173.4375
        dvar2: 137516.046875
        max: 11581.8847656
        mean: 846.145141602
        median: 637.209228516
        min: 68.7655029297
        var: 567555.1875
    spectral_complexity:
        dmean: 2.66043615341
        dmean2: 4.07788896561
        dvar: 15.2330503464
        dvar2: 34.0576171875
        max: 46
        mean: 9.26029396057
        median: 7
        min: 0
        var: 54.7154083252
    spectral_crest:
        dmean: 1.98528087139
        dmean2: 3.22925972939
        dvar: 4.14263153076
        dvar2: 10.3898181915
        max: 26.5401229858
        mean: 9.02289581299
        median: 8.66334915161
        min: 2.30411911011
        var: 13.6148548126
    spectral_decrease:
        dmean: 3.74285852311e-010
        dmean2: 5.85297366129e-010
        dvar: 2.84246167693e-019
        dvar2: 6.90413639495e-019
        max: 1.63830964056e-028
        mean: -1.16636456049e-009
        median: -1.02363040266e-009
        min: -5.95497562372e-009
        var: 4.64873281207e-019
    spectral_energy:
        dmean: 0.00152238283772
        dmean2: 0.0023718974553
        dvar: 4.78984657093e-006
        dvar2: 1.16646833703e-005
        max: 0.0258792880923
        mean: 0.00477612297982
        median: 0.00417229486629
        min: 1.01860070761e-020
        var: 8.06267598819e-006
    spectral_energyband_high:
        dmean: 9.70962501015e-005
        dmean2: 0.00015429679479
        dvar: 4.76202401956e-008
        dvar2: 1.22504573596e-007
        max: 0.00361939962022
        mean: 0.000214980493183
        median: 4.64578697574e-005
        min: 7.20006843396e-021
        var: 9.43875235748e-008
    spectral_energyband_low:
        dmean: 0.000435107416706
        dmean2: 0.0007001326303
        dvar: 7.61693002005e-007
        dvar2: 1.99474106921e-006
        max: 0.0103504387662
        mean: 0.000995395821519
        median: 0.000746571982745
        min: 2.22439069527e-023
        var: 1.02868932572e-006
    spectral_energyband_middle_high:
        dmean: 0.000377638352802
        dmean2: 0.000563267851248
        dvar: 3.83725875963e-007
        dvar2: 8.87567750851e-007
        max: 0.0118215503171
        mean: 0.00088925100863
        median: 0.000502154289279
        min: 1.04726679715e-021
        var: 1.13798421353e-006
    spectral_energyband_middle_low:
        dmean: 0.00114768266212
        dmean2: 0.00185953255277
        dvar: 2.97283577311e-006
        dvar2: 7.71496161178e-006
        max: 0.0199398510158
        mean: 0.00299156899564
        median: 0.00251835281961
        min: 2.50498956055e-022
        var: 4.09176755056e-006
    spectral_flatness_db:
        dmean: 0.0330206863582
        dmean2: 0.0473401620984
        dvar: 0.00165270664729
        dvar2: 0.00301749212667
        max: 0.679566562176
        mean: 0.218671947718
        median: 0.190466970205
        min: 0.0440975837409
        var: 0.0142568023875
    spectral_flux:
        dmean: 0.0108840279281
        dmean2: 0.0162986461073
        dvar: 0.000159285365953
        dvar2: 0.00031722636777
        max: 0.130215451121
        mean: 0.0348152555525
        median: 0.0337747074664
        min: 6.49045886481e-011
        var: 0.000405007594964
    spectral_kurtosis:
        dmean: 11.1054153442
        dmean2: 17.5115680695
        dvar: 940.087036133
        dvar2: 2193.07739258
        max: 534.128601074
        mean: 19.9474601746
        median: 3.3979716301
        min: -1.6364839077
        var: 2620.76757813
    spectral_rms:
        dmean: 0.000317028083373
        dmean2: 0.000480925344164
        dvar: 1.49732372279e-007
        dvar2: 3.41117328162e-007
        max: 0.00502474745736
        mean: 0.00205901172012
        median: 0.00201755599119
        min: 3.15239089173e-012
        var: 4.20102395537e-007
    spectral_rolloff:
        dmean: 395.820098877
        dmean2: 656.964050293
        dvar: 478831.1875
        dvar2: 989918.0625
        max: 19487.5488281
        mean: 1733.33398438
        median: 882.861328125
        min: 43.06640625
        var: 2690892.75
    spectral_skewness:
        dmean: 0.72337782383
        dmean2: 1.08758592606
        dvar: 1.80550372601
        dvar2: 3.59646892548
        max: 18.8538208008
        mean: 2.6541724205
        median: 1.60783743858
        min: -0.0425951778889
        var: 7.23312473297
    spectral_spread:
        dmean: 1423344
        dmean2: 2073520.375
        dvar: 4.30136046387e+012
        dvar2: 8.78971925299e+012
        max: 43885780
        mean: 5447242
        median: 5200278
        min: 212800.90625
        var: 1.1354698154e+013
    spectral_strongpeak:
        dmean: 0.158653527498
        dmean2: 0.274397552013
        dvar: 0.0626407042146
        dvar2: 0.166393578053
        max: 4.65840625763
        mean: 0.328582584858
        median: 0.242732554674
        min: 0
        var: 0.0795254260302
    zerocrossingrate:
        dmean: 0.00799826718867
        dmean2: 0.0094503890723
        dvar: 9.68991880654e-005
        dvar2: 0.000105796381831
        max: 0.51611328125
        mean: 0.055919252336
        median: 0.046875
        min: 0.00244140625
        var: 0.00163735402748
    barkbands:
        dmean: [6.49658375096e-007, 9.02883257368e-005, 0.000276989740087, 0.000278355233604, 0.000486949109472, 0.000384238664992, 0.000205667398404, 0.000147283106344, 0.000168507176568, 6.57474229229e-005, 6.163665239e-005, 4.63989999844e-005, 4.64863624074e-005, 3.25533183059e-005, 3.31195660692e-005, 4.3637399358e-005, 6.61508820485e-005, 8.27745316201e-005, 9.10955131985e-005, 7.36927759135e-005, 4.97794935654e-005, 1.88006415556e-005, 4.1664161472e-006, 2.43986596615e-006, 2.06141385206e-006, 1.37138485456e-007, 8.28100588102e-010]
        dmean2: [1.01469345282e-006, 0.000154015157023, 0.000450335035566, 0.000455649133073, 0.00081421865616, 0.000629007292446, 0.000351507478626, 0.000240929293795, 0.000277359824395, 0.000108199186798, 9.58874152275e-005, 7.54155917093e-005, 7.45407960494e-005, 5.27350675839e-005, 5.27638112544e-005, 7.02897741576e-005, 0.00010645925795, 0.000134220492328, 0.000146757505718, 0.000122044162708, 7.91632992332e-005, 3.03455653921e-005, 6.72327223583e-006, 3.81416953132e-006, 3.2934203773e-006, 2.0913344656e-007, 1.3195913251e-009]
        dvar: [1.76920403241e-012, 3.58715936954e-008, 3.46148226527e-007, 3.22112953199e-007, 7.50668789351e-007, 4.99437135204e-007, 1.96191820123e-007, 1.50427723611e-007, 1.31203123033e-007, 2.66189008613e-008, 2.55447343278e-008, 9.50869605276e-009, 1.0585912591e-008, 5.8432685357e-009, 4.06031874789e-009, 7.92621346335e-009, 1.57915351906e-008, 3.13209618241e-008, 3.36670566981e-008, 2.35051587083e-008, 1.15636602516e-008, 2.39728326079e-009, 6.99709803986e-011, 3.22682783271e-011, 2.18208263958e-011, 1.24375349971e-013, 9.54569818327e-018]
        dvar2: [4.06727906563e-012, 1.00185125973e-007, 9.20781076275e-007, 8.71738450314e-007, 1.98608768187e-006, 1.27812882056e-006, 5.25471648416e-007, 3.66319056866e-007, 3.17289249097e-007, 6.44247819537e-008, 6.17338358211e-008, 2.36901200878e-008, 2.60991122047e-008, 1.50173704583e-008, 9.83874759442e-009, 1.97392306944e-008, 3.98038437766e-008, 7.78929134526e-008, 8.62259952328e-008, 6.31454994959e-008, 3.00811464626e-008, 6.36294794631e-009, 1.83007178856e-010, 7.7344963767e-011, 5.05472712298e-011, 2.94251764881e-013, 2.3074884784e-017]
        max: [2.45218780037e-005, 0.0021367338486, 0.00615020887926, 0.00811413303018, 0.0147926462814, 0.0130279809237, 0.00687198527157, 0.00858119595796, 0.00670941034332, 0.00421201717108, 0.00360164907761, 0.0025025291834, 0.00196420610882, 0.00105915754102, 0.000786708900705, 0.00153269805014, 0.00251453695819, 0.00277279084548, 0.00325767253526, 0.00272695277818, 0.00174366333522, 0.000855192833114, 0.000189668309758, 0.000179722410394, 0.000153486369527, 1.23482514027e-005, 8.66251141929e-008]
        mean: [1.49441041231e-006, 0.000201499075047, 0.000492185645271, 0.000512200116646, 0.000930481473915, 0.000716836366337, 0.000447796599474, 0.000161876116181, 0.00019676660304, 8.52845769259e-005, 8.38440901134e-005, 6.42461745883e-005, 5.94212469878e-005, 4.27851737186e-005, 4.70203922305e-005, 6.39354329905e-005, 0.000104896884295, 0.000118689247756, 0.000153717934154, 0.000145882891957, 0.000100611177913, 2.98993509205e-005, 7.3481551226e-006, 4.30921727457e-006, 2.92938534585e-006, 1.74285517573e-007, 8.32095559122e-010]
        median: [3.75111937956e-007, 0.000141815311508, 0.000264749745838, 0.000334195588948, 0.00063469063025, 0.000459620379843, 0.000234714039834, 4.02195764764e-005, 5.02575894643e-005, 2.315267011e-005, 1.67332545971e-005, 1.80018705578e-005, 1.23425952552e-005, 1.21117900562e-005, 1.55097804964e-005, 2.6285631975e-005, 3.76878815587e-005, 4.76104214613e-005, 5.51151497348e-005, 2.42361438723e-005, 1.46745587699e-005, 6.87707370162e-006, 2.13736916521e-006, 1.68328642758e-006, 9.7345616723e-007, 3.35353007586e-008, 1.75571737704e-010]
        min: [2.4544539319e-024, 4.47476457549e-024, 3.77867884032e-024, 1.94343299294e-024, 2.32069436126e-023, 1.41507415346e-023, 1.04432767181e-023, 1.94623739346e-023, 4.02629494206e-023, 2.87570060657e-023, 2.6929092286e-023, 2.70894266873e-023, 3.89541155829e-023, 3.62612315978e-023, 4.54566960246e-023, 6.72944863392e-023, 9.09114546069e-023, 1.07925625543e-022, 1.5026551951e-022, 1.43315932614e-022, 3.22044651678e-022, 3.7258572032e-022, 4.15204378797e-022, 6.76821855995e-022, 9.70056979249e-022, 1.23249254938e-021, 2.13475343404e-021]
        var: [5.56925078971e-012, 4.6566373868e-008, 4.34860908172e-007, 3.64027727073e-007, 9.95707864604e-007, 7.30941962956e-007, 2.96369904618e-007, 1.68511675724e-007, 1.58919462478e-007, 3.79631224234e-008, 4.47892070099e-008, 1.48075756101e-008, 1.53736561259e-008, 8.66163496482e-009, 6.02635852331e-009, 1.08168478619e-008, 2.63552006885e-008, 4.0348183461e-008, 5.32016777299e-008, 4.74913690596e-008, 2.37621335941e-008, 2.83470602547e-009, 1.26259780409e-010, 5.25241482252e-011, 3.23980321737e-011, 1.80087471628e-013, 8.90721649359e-018]
    frequency_bands:
        dmean: [6.49658375096e-007, 9.02883257368e-005, 0.000276989740087, 0.000278355233604, 0.000486949109472, 0.000384238664992, 0.000205667398404, 0.000147283106344, 0.000168507176568, 6.57474229229e-005, 6.163665239e-005, 4.63989999844e-005, 4.64863624074e-005, 3.25533183059e-005, 3.31195660692e-005, 4.3637399358e-005, 6.61508820485e-005, 8.27745316201e-005, 9.10955131985e-005, 7.36927759135e-005, 4.97794935654e-005, 1.88006415556e-005, 4.1664161472e-006, 2.43986596615e-006, 2.06141385206e-006, 1.37138485456e-007, 8.28100588102e-010, 5.37113929722e-011]
        dmean2: [1.01469345282e-006, 0.000154015157023, 0.000450335035566, 0.000455649133073, 0.00081421865616, 0.000629007292446, 0.000351507478626, 0.000240929293795, 0.000277359824395, 0.000108199186798, 9.58874152275e-005, 7.54155917093e-005, 7.45407960494e-005, 5.27350675839e-005, 5.27638112544e-005, 7.02897741576e-005, 0.00010645925795, 0.000134220492328, 0.000146757505718, 0.000122044162708, 7.91632992332e-005, 3.03455653921e-005, 6.72327223583e-006, 3.81416953132e-006, 3.2934203773e-006, 2.0913344656e-007, 1.3195913251e-009, 9.94597668114e-011]
        dvar: [1.76920403241e-012, 3.58715936954e-008, 3.46148226527e-007, 3.22112953199e-007, 7.50668789351e-007, 4.99437135204e-007, 1.96191820123e-007, 1.50427723611e-007, 1.31203123033e-007, 2.66189008613e-008, 2.55447343278e-008, 9.50869605276e-009, 1.0585912591e-008, 5.8432685357e-009, 4.06031874789e-009, 7.92621346335e-009, 1.57915351906e-008, 3.13209618241e-008, 3.36670566981e-008, 2.35051587083e-008, 1.15636602516e-008, 2.39728326079e-009, 6.99709803986e-011, 3.22682783271e-011, 2.18208263958e-011, 1.24375349971e-013, 9.54569818327e-018, 5.65556390279e-021]
        dvar2: [4.06727906563e-012, 1.00185125973e-007, 9.20781076275e-007, 8.71738450314e-007, 1.98608768187e-006, 1.27812882056e-006, 5.25471648416e-007, 3.66319056866e-007, 3.17289249097e-007, 6.44247819537e-008, 6.17338358211e-008, 2.36901200878e-008, 2.60991122047e-008, 1.50173704583e-008, 9.83874759442e-009, 1.97392306944e-008, 3.98038437766e-008, 7.78929134526e-008, 8.62259952328e-008, 6.31454994959e-008, 3.00811464626e-008, 6.36294794631e-009, 1.83007178856e-010, 7.7344963767e-011, 5.05472712298e-011, 2.94251764881e-013, 2.3074884784e-017, 1.80929522345e-020]
        max: [2.45218780037e-005, 0.0021367338486, 0.00615020887926, 0.00811413303018, 0.0147926462814, 0.0130279809237, 0.00687198527157, 0.00858119595796, 0.00670941034332, 0.00421201717108, 0.00360164907761, 0.0025025291834, 0.00196420610882, 0.00105915754102, 0.000786708900705, 0.00153269805014, 0.00251453695819, 0.00277279084548, 0.00325767253526, 0.00272695277818, 0.00174366333522, 0.000855192833114, 0.000189668309758, 0.000179722410394, 0.000153486369527, 1.23482514027e-005, 8.66251141929e-008, 1.03230501924e-009]
        mean: [1.49441041231e-006, 0.000201499075047, 0.000492185645271, 0.000512200116646, 0.000930481473915, 0.000716836366337, 0.000447796599474, 0.000161876116181, 0.00019676660304, 8.52845769259e-005, 8.38440901134e-005, 6.42461745883e-005, 5.94212469878e-005, 4.27851737186e-005, 4.70203922305e-005, 6.39354329905e-005, 0.000104896884295, 0.000118689247756, 0.000153717934154, 0.000145882891957, 0.000100611177913, 2.98993509205e-005, 7.3481551226e-006, 4.30921727457e-006, 2.92938534585e-006, 1.74285517573e-007, 8.32095559122e-010, 4.21136736595e-011]
        median: [3.75111937956e-007, 0.000141815311508, 0.000264749745838, 0.000334195588948, 0.00063469063025, 0.000459620379843, 0.000234714039834, 4.02195764764e-005, 5.02575894643e-005, 2.315267011e-005, 1.67332545971e-005, 1.80018705578e-005, 1.23425952552e-005, 1.21117900562e-005, 1.55097804964e-005, 2.6285631975e-005, 3.76878815587e-005, 4.76104214613e-005, 5.51151497348e-005, 2.42361438723e-005, 1.46745587699e-005, 6.87707370162e-006, 2.13736916521e-006, 1.68328642758e-006, 9.7345616723e-007, 3.35353007586e-008, 1.75571737704e-010, 1.74035161282e-011]
        min: [2.4544539319e-024, 4.47476457549e-024, 3.77867884032e-024, 1.94343299294e-024, 2.32069436126e-023, 1.41507415346e-023, 1.04432767181e-023, 1.94623739346e-023, 4.02629494206e-023, 2.87570060657e-023, 2.6929092286e-023, 2.70894266873e-023, 3.89541155829e-023, 3.62612315978e-023, 4.54566960246e-023, 6.72944863392e-023, 9.09114546069e-023, 1.07925625543e-022, 1.5026551951e-022, 1.43315932614e-022, 3.22044651678e-022, 3.7258572032e-022, 4.15204378797e-022, 6.76821855995e-022, 9.70056979249e-022, 1.23249254938e-021, 2.13475343404e-021, 4.91997223752e-022]
        var: [5.56925078971e-012, 4.6566373868e-008, 4.34860908172e-007, 3.64027727073e-007, 9.95707864604e-007, 7.30941962956e-007, 2.96369904618e-007, 1.68511675724e-007, 1.58919462478e-007, 3.79631224234e-008, 4.47892070099e-008, 1.48075756101e-008, 1.53736561259e-008, 8.66163496482e-009, 6.02635852331e-009, 1.08168478619e-008, 2.63552006885e-008, 4.0348183461e-008, 5.32016777299e-008, 4.74913690596e-008, 2.37621335941e-008, 2.83470602547e-009, 1.26259780409e-010, 5.25241482252e-011, 3.23980321737e-011, 1.80087471628e-013, 8.90721649359e-018, 4.46197176334e-021]
    mfcc:
        mean: [-771.917907715, 129.827407837, 3.99443244934, 52.3723907471, -3.20161819458, -7.30457878113, -4.10412168503, -8.12651729584, -7.52388095856, -11.6074581146, -5.3540186882, -3.32549524307, -2.24930381775]
        cov: [[12551.9697266, -1275.90124512, -3094.08374023, 564.020263672, -970.628601074, 160.342315674, 496.625091553, 439.942657471, 610.280822754, 387.397277832, 201.476364136, 37.2156028748, -267.795959473], [-1275.90124512, 2025.73583984, 331.498199463, -146.563690186, 216.288116455, -87.6870269775, -97.6345291138, -25.9443016052, -156.378265381, -136.391143799, 31.0152931213, -23.27318573, 14.4437637329], [-3094.08374023, 331.498199463, 1700.37902832, 54.7577133179, 324.816986084, -29.2887706757, -120.589744568, -167.863006592, -172.402648926, -135.039459229, -64.4216308594, 21.8054523468, 161.774597168], [564.020263672, -146.563690186, 54.7577133179, 451.721710205, 69.2981719971, 21.2026176453, 10.611998558, 34.9183654785, 41.9903488159, 33.5490722656, 21.0426292419, 27.7047615051, 40.2839012146], [-970.628601074, 216.288116455, 324.816986084, 69.2981719971, 373.956115723, 41.8040771484, -78.6723632813, -27.5578479767, -39.7201766968, -3.8676431179, 12.3766622543, 0.625920116901, 27.7562007904], [160.342315674, -87.6870269775, -29.2887706757, 21.2026176453, 41.8040771484, 188.461303711, 84.319152832, 26.8798274994, 43.0651016235, 42.333278656, 20.9031887054, 16.0307216644, -7.28413200378], [496.625091553, -97.6345291138, -120.589744568, 10.611998558, -78.6723632813, 84.319152832, 281.30871582, 104.064193726, 78.7538604736, 60.3252601624, 17.3699207306, 29.6163692474, -19.6424407959], [439.942657471, -25.9443016052, -167.863006592, 34.9183654785, -27.5578479767, 26.8798274994, 104.064193726, 194.380523682, 108.705184937, 54.5798721313, 48.3511161804, 2.83628463745, -30.4239597321], [610.280822754, -156.378265381, -172.402648926, 41.9903488159, -39.7201766968, 43.0651016235, 78.7538604736, 108.705184937, 189.197692871, 100.718467712, 36.9385604858, 29.8166923523, -23.6792430878], [387.397277832, -136.391143799, -135.039459229, 33.5490722656, -3.8676431179, 42.333278656, 60.3252601624, 54.5798721313, 100.718467712, 155.780059814, 63.5520477295, 39.4685974121, -1.10386228561], [201.476364136, 31.0152931213, -64.4216308594, 21.0426292419, 12.3766622543, 20.9031887054, 17.3699207306, 48.3511161804, 36.9385604858, 63.5520477295, 142.433364868, 57.3459358215, 14.55464077], [37.2156028748, -23.27318573, 21.8054523468, 27.7047615051, 0.625920116901, 16.0307216644, 29.6163692474, 2.83628463745, 29.8166923523, 39.4685974121, 57.3459358215, 157.645996094, 85.2677612305], [-267.795959473, 14.4437637329, 161.774597168, 40.2839012146, 27.7562007904, -7.28413200378, -19.6424407959, -30.4239597321, -23.6792430878, -1.10386228561, 14.55464077, 85.2677612305, 160.286315918]]
        icov: [[0.000206736527616, 4.03866306442e-006, 0.000301315827528, -0.000321248720866, 0.000303252978483, -7.22516560927e-005, -9.68494568951e-005, 0.000137592680403, -0.00029375142185, 6.65083134663e-005, -0.000144639343489, 7.40511532058e-005, 1.0916051906e-005], [4.03866306442e-006, 0.000621782732196, -2.05905998882e-005, 0.000220399233513, -0.00039039683179, 0.000284513895167, -7.2640752478e-005, -0.000223247596296, 0.000272564589977, 0.000470243685413, -0.000391728855902, 7.34489094611e-006, 2.05320084206e-005], [0.000301315827528, -2.05905998882e-005, 0.00132051249966, -0.000496320542879, -0.000275833212072, 4.85646669404e-005, -0.000383137259632, 0.00066497240914, -0.000410801963881, 0.000618969381321, -0.000109868815343, 0.000259172840742, -0.000757844536565], [-0.000321248720866, 0.000220399233513, -0.000496320542879, 0.00300528248772, -0.00107062689494, 0.000193738771486, 0.000132368062623, -0.000608732399996, 6.73673130223e-005, -8.31641882542e-005, 9.57068550633e-005, -2.84797570202e-005, -0.000700236822013], [0.000303252978483, -0.00039039683179, -0.000275833212072, -0.00107062689494, 0.00458578113467, -0.00174864113797, 0.0013731593499, -0.000437827926362, 0.000356148782885, -0.00108574121259, -0.000150780077092, 0.000100159144495, 0.000306452391669], [-7.22516560927e-005, 0.000284513895167, 4.85646669404e-005, 0.000193738771486, -0.00174864113797, 0.00712422514334, -0.00243743439205, 0.000992483459413, -0.000862725428306, -0.000149703366333, -0.000665812112857, 0.000102862664789, 0.00014944607392], [-9.68494568951e-005, -7.2640752478e-005, -0.000383137259632, 0.000132368062623, 0.0013731593499, -0.00243743439205, 0.00600597867742, -0.00311361462809, 0.000848107913043, -0.00148602644913, 0.00151229568291, -0.00156058976427, 0.000802547961939], [0.000137592680403, -0.000223247596296, 0.00066497240914, -0.000608732399996, -0.000437827926362, 0.000992483459413, -0.00311361462809, 0.010247069411, -0.00550825893879, 0.00182538572699, -0.00317434943281, 0.00210864609107, -0.000218468019739], [-0.00029375142185, 0.000272564589977, -0.000410801963881, 6.73673130223e-005, 0.000356148782885, -0.000862725428306, 0.000848107913043, -0.00550825893879, 0.0124539285898, -0.00588331883773, 0.00222815084271, -0.00245511461981, 0.00174291187432], [6.65083134663e-005, 0.000470243685413, 0.000618969381321, -8.31641882542e-005, -0.00108574121259, -0.000149703366333, -0.00148602644913, 0.00182538572699, -0.00588331883773, 0.012718998827, -0.004351739306, 0.000100354838651, -0.000629276735708], [-0.000144639343489, -0.000391728855902, -0.000109868815343, 9.57068550633e-005, -0.000150780077092, -0.000665812112857, 0.00151229568291, -0.00317434943281, 0.00222815084271, -0.004351739306, 0.0111591229215, -0.00406648311764, 0.000908293062821], [7.40511532058e-005, 7.34489094611e-006, 0.000259172840742, -2.84797570202e-005, 0.000100159144495, 0.000102862664789, -0.00156058976427, 0.00210864609107, -0.00245511461981, 0.000100354838651, -0.00406648311764, 0.0118212513626, -0.00621635699645], [1.0916051906e-005, 2.05320084206e-005, -0.000757844536565, -0.000700236822013, 0.000306452391669, 0.00014944607392, 0.000802547961939, -0.000218468019739, 0.00174291187432, -0.000629276735708, 0.000908293062821, -0.00621635699645, 0.0106842936948]]
    sccoeffs:
        dmean: [0.0477780327201, 0.0597578920424, 0.0487585291266, 0.0391843281686, 0.0315852873027, 0.0262556765229]
        dmean2: [0.0782340541482, 0.0955909192562, 0.0772493109107, 0.0618765614927, 0.0495673343539, 0.0402410030365]
        dvar: [0.00169739918783, 0.0030192558188, 0.00179997691885, 0.00117856846191, 0.000929464993533, 0.000625953660347]
        dvar2: [0.00421215686947, 0.00688619352877, 0.00423697289079, 0.00271713058464, 0.00205006473698, 0.00133187626489]
        max: [-0.204788729548, -0.269356548786, -0.439952403307, -0.514577448368, -0.549380004406, -0.599920749664]
        mean: [-0.615947782993, -0.645577669144, -0.766243994236, -0.788740515709, -0.796162068844, -0.791189134121]
        median: [-0.63306671381, -0.665606081486, -0.77325129509, -0.797257721424, -0.802932441235, -0.784762322903]
        min: [-0.974394083023, -0.974275410175, -0.974628806114, -0.96690517664, -0.967358052731, -0.963295280933]
        var: [0.0117634506896, 0.0172667428851, 0.00534757599235, 0.00356666068546, 0.00264855357818, 0.00306858425029]
    scvalleys:
        dmean: [0.397452622652, 0.574339151382, 0.546553134918, 0.546430230141, 0.499996423721, 0.604205131531]
        dmean2: [0.640846192837, 0.877828538418, 0.800872147083, 0.776983261108, 0.70774435997, 0.832831740379]
        dvar: [0.189866960049, 0.366785019636, 0.343444555998, 0.368584603071, 0.409169524908, 0.549487709999]
        dvar2: [0.375154584646, 0.768095910549, 0.685575783253, 0.68870139122, 0.732148885727, 0.980607450008]
        max: [-4.75877332687, -4.06252241135, -5.28239393234, -5.78556394577, -5.53659963608, -7.71481847763]
        mean: [-6.75944757462, -7.15782976151, -7.97027683258, -8.50566291809, -8.44687843323, -10.3703708649]
        median: [-6.28808069229, -6.68427085876, -7.43730449677, -7.86898136139, -8.0718536377, -9.77603340149]
        min: [-28.0196895599, -27.7827110291, -27.9226760864, -27.4546375275, -27.5284423828, -27.3419685364]
        var: [3.30504465103, 3.25048208237, 3.59247875214, 3.86726403236, 4.32310009003, 3.63625454903]

rhythm:
    beats_loudness:
        dmean: 0.0031926902011
        dmean2: 0.0057667628862
        dvar: 6.19248385192e-006
        dvar2: 1.72969030245e-005
        max: 0.018186185509
        mean: 0.00688489666209
        median: 0.00682763569057
        min: 6.05452363592e-012
        var: 8.19579145173e-006
    bpm: 104.090621948
    bpm_confidence: 0
    first_peak_bpm: 103
    first_peak_spread: 0.374064862728
    first_peak_weight: 0.61070561409
    onset_rate: 4.59123468399
    second_peak_bpm: 98
    second_peak_spread: 0.444444447756
    second_peak_weight: 0.012165450491
    beats_loudness_band_ratio:
        dmean: [0.280154824257, 0.209691047668, 0.105048947036, 0.0577998906374, 0.0780487880111, 0.0870544761419]
        dmean2: [0.529120922089, 0.360674887896, 0.172954544425, 0.100996002555, 0.146050795913, 0.167175844312]
        dvar: [0.0436733402312, 0.022717403248, 0.00874259136617, 0.00494025880471, 0.00316145853139, 0.00471600657329]
        dvar2: [0.130606949329, 0.0681880787015, 0.0213720500469, 0.012674077414, 0.00849227141589, 0.0131900692359]
        max: [0.991856276989, 0.97159075737, 0.652837216854, 0.674617469311, 0.391601651907, 0.571375072002]
        mean: [0.316233515739, 0.338103175163, 0.140830054879, 0.0620037131011, 0.101105317473, 0.0966834649444]
        median: [0.239429488778, 0.297254323959, 0.116054370999, 0.0466049388051, 0.0954598113894, 0.101169258356]
        min: [0, 0, 0, 0, 0, 0]
        var: [0.0496086664498, 0.0406118370593, 0.0110799279064, 0.00473851663992, 0.00705666700378, 0.00653332937509]
    beats_position: [0.557278871536, 1.13777780533, 1.75310659409, 2.39165520668, 3.03020405769, 3.65714287758, 4.28408145905, 4.87619018555, 5.45668935776, 6.03718805313, 6.6176867485, 7.19818592072, 7.77868461609, 8.35918331146, 8.92807197571, 9.49696159363, 10.0658502579, 10.6347389221, 11.2152376175, 11.7957363129, 12.3762359619, 12.9451246262, 13.5256233215, 14.1061220169, 14.6750106812, 15.2555103302, 15.8360090256, 16.4165077209, 16.99700737, 17.5658950806, 18.1347846985, 18.7152824402, 19.2957820892, 19.8762817383, 20.4451694489, 21.0140590668, 21.5945568085, 22.1750564575, 22.7555541992, 23.3360538483, 23.9049434662, 24.4738311768, 25.0543308258, 25.6348285675, 26.2153282166, 26.7958278656, 27.3647155762, 27.9336051941, 28.5141029358, 29.0946025848, 29.6751022339, 30.2555999756, 30.8244895935, 31.3933773041, 31.9738769531, 32.5543746948, 33.1348762512, 33.7153739929, 34.2842636108, 34.8531494141, 35.4336509705, 36.0257606506, 36.5946464539, 37.1751480103, 37.7440338135, 38.3129234314, 38.8934249878, 39.4739227295, 40.0544204712, 40.6233100891, 41.2038078308, 41.7843093872, 42.3531951904, 42.9336967468, 43.5141944885, 44.0830841064, 44.6519737244, 45.2324714661, 45.8129692078, 46.3934669495, 46.9623565674, 47.5312461853, 48.111743927, 48.6922454834, 49.2727432251, 49.841632843, 50.4221305847, 51.0026283264, 51.5715179443, 52.152015686, 52.7325172424, 53.3130149841, 53.8819046021, 54.4624023438, 55.0312919617, 55.6001815796, 56.1690673828, 56.7495689392, 57.3300666809, 57.9105644226, 58.491065979, 59.0599517822, 59.6288414001, 60.2093429565, 60.7898406982, 61.3587303162, 61.9276161194, 62.5081176758, 63.0886154175, 63.6691131592, 64.2380065918, 64.806892395, 65.3873901367, 65.9678878784, 66.5483856201, 67.1288909912, 67.7093887329, 68.2782745361, 68.8471679688, 69.4276657104, 70.0081634521, 70.5886611938, 71.1575469971, 71.7264404297, 72.3069381714, 72.8758239746, 73.4447174072, 74.0252151489, 74.6057128906, 75.1862106323, 75.766708374, 76.3472061157, 76.9277114868, 77.5082092285, 78.0887069702, 78.6692047119, 79.2497024536, 79.8185958862, 80.3874816895, 80.9679794312, 81.5484771729, 82.1289749146, 82.6978683472, 83.2667541504, 83.8472518921, 84.4277572632, 85.0082550049, 85.5887527466, 86.1692504883, 86.7381362915, 87.3070297241, 87.8875274658, 88.4680252075, 89.0369110107, 89.6058044434, 90.1863021851, 90.7667999268, 91.3472976685, 91.9277954102, 92.5083007813, 93.0771865845, 93.6460723877, 94.2265777588, 94.795463562, 95.3643493652, 95.9332427979, 96.525352478, 97.1058502197, 97.6863479614, 98.2668457031, 98.8473434448, 99.4278411865, 100.008346558, 100.577232361, 101.146118164, 101.726615906, 102.307121277, 102.87600708, 103.444892883, 104.025398254, 104.605895996, 105.186393738, 105.755279541, 106.324172974, 106.904670715, 107.485168457, 108.065666199, 108.64616394, 109.215057373, 109.795555115, 110.364440918, 110.94493866, 111.525436401, 112.094329834, 112.663215637, 113.243713379, 113.82421875, 114.404716492, 114.973602295, 115.542495728, 116.122993469, 116.691879272, 117.260765076, 117.841270447, 118.421768188, 119.00226593, 119.571151733, 120.140045166, 120.720542908, 121.301040649, 121.869926453, 122.450431824, 123.019317627, 123.599815369, 124.18031311, 124.760810852, 125.341316223, 125.910202026, 126.47908783, 127.059593201, 127.640090942, 128.220581055, 128.789474487, 129.369979858, 129.938858032, 130.519363403, 131.099868774, 131.680358887, 132.260864258, 132.829742432, 133.398635864, 133.979141235, 134.559631348, 135.140136719, 135.720626831, 136.289520264, 136.858413696, 137.438903809, 138.01940918, 138.599899292, 139.168792725, 139.760910034, 140.341400146, 140.921905518, 141.490783691, 142.071289063, 142.640182495, 143.220672607, 143.801177979, 144.381668091, 144.962173462, 145.531066895, 146.099945068, 146.680450439, 147.260955811, 147.829833984, 148.410339355, 148.990829468, 149.5597229, 150.140228271, 150.720718384, 151.289611816, 151.858505249, 152.438995361, 153.019500732, 153.599990845, 154.180496216, 154.749389648, 155.318267822, 155.898773193, 156.479278564, 157.059768677, 157.640274048, 158.22076416, 158.789657593, 159.358551025, 159.939041138, 160.519546509, 161.088439941, 161.668930054, 162.237823486, 162.818313599, 163.39881897, 163.979324341, 164.548202515, 165.117095947, 165.69758606, 166.278091431, 166.858596802, 167.427474976, 168.007980347, 168.576873779, 169.157363892, 169.737869263, 170.318359375, 170.898864746, 171.479354858, 172.048248291, 172.617141724, 173.197631836, 173.778137207, 174.358642578, 174.927520752, 175.496414185, 176.076919556, 176.657409668, 177.237915039, 177.806793213, 178.375686646, 178.944580078, 179.513473511, 180.093963623, 180.674468994, 181.243347168, 181.812240601, 182.392745972, 182.973236084, 183.542129517, 184.111022949, 184.691513062, 185.272018433, 185.852508545, 186.421401978, 187.001907349, 187.570785522, 188.151290894, 188.731781006, 189.312286377, 189.892791748, 190.461669922, 191.030563354, 191.611068726, 192.191558838, 192.772064209, 193.352554321, 193.921447754, 194.490341187, 195.070831299, 195.65133667, 196.220230103, 196.789108276, 197.369613647, 197.95010376, 198.530609131, 199.111114502, 199.691604614, 200.272109985, 200.852600098, 201.42149353, 201.990386963, 202.570877075, 203.139770508, 203.70866394, 204.289154053, 204.858047485, 205.426940918, 206.00743103, 206.587936401, 207.168426514, 207.748931885, 208.329421997, 208.89831543, 209.467208862, 210.047698975, 210.628204346, 211.208709717, 211.789199829, 212.3697052, 212.950195313, 213.519088745, 214.087982178, 214.66847229, 215.248977661, 215.829467773, 216.409973145, 216.990478516, 217.570968628, 218.139862061, 218.708755493, 219.289245605, 219.869750977, 220.43862915, 221.007522583, 221.588027954, 222.168518066, 222.737411499, 223.306304932, 223.886795044, 224.467300415, 225.047790527, 225.628295898, 226.20880127, 226.789291382, 227.358184814, 227.927078247, 228.507568359, 229.08807373, 229.668563843, 230.249069214, 230.829559326, 231.410064697, 231.97895813, 232.547836304, 233.128341675, 233.697235107, 234.254501343, 234.846618652, 235.450332642, 236.065658569, 236.680999756, 237.296325684, 237.911651611]
