
metadata:
    version:
        essentia: "2.1-beta2"
    audio_properties:
        analysis_sample_rate: 44100
        bitrate: 320
        channels: 2
        equal_loudness: 1
        length: 211.461227417
        replay_gain: -14.949590683
        downmix: "mix"
    tags:
        album: "Vultures"
        artist: "Axewound"
        comment: ""
        date: "2012"
        genre: "Metalcore"
        title: "Destroy"
        tracknumber: "8"

configuration:
    average_loudness:
        compute: 1
        frameSize: 88200
        hopSize: 44100
        silentFrames: "noise"
        windowType: "hann"
    general:
        analysisSampleRate: 44100
        endTime: 2000
        equalLoudness: 1
        nequalLoudness: 0
        shortSound: 0
        startTime: 0
    lowlevel:
        compute: 1
        frameSize: 2048
        hopSize: 1024
        zeroPadding: 0
        silentFrames: "noise"
        windowType: "blackmanharris62"
        mfccStats: ["mean", "cov", "icov"]
        stats: ["mean", "var", "median", "min", "max", "dmean", "dmean2", "dvar", "dvar2"]
    panning:
        compute: 0
        frameSize: 8192
        hopSize: 2048
        zeroPadding: 8192
        silentFrames: "noise"
        windowType: "hann"
        stats: ["copy"]
    rhythm:
        compute: 1
        maxTempo: 208
        minTempo: 40
        method: "degara"
        stats: ["mean", "var", "median", "min", "max", "dmean", "dmean2", "dvar", "dvar2"]
    segmentation:
        compute: 0
        cpw: 5
        inc1: 300
        inc2: 50
        minimumSegmentsLength: 10
        size1: 1000
        size2: 600
    sfx:
        compute: 1
        stats: ["mean", "var", "median", "min", "max", "dmean", "dmean2", "dvar", "dvar2"]
    svm:
        compute: 0
    tonal:
        compute: 1
        frameSize: 4096
        hopSize: 2048
        zeroPadding: 0
        silentFrames: "noise"
        windowType: "blackmanharris62"
        stats: ["mean", "var", "median", "min", "max", "dmean", "dmean2", "dvar", "dvar2"]

lowlevel:
    average_loudness: 0.956945240498
    barkbands_kurtosis:
        dmean: 0.900394380093
        dmean2: 1.51377248764
        dvar: 1.55029201508
        dvar2: 3.96050262451
        max: 31.5024261475
        mean: -0.445375710726
        median: -0.861915588379
        min: -1.895601511
        var: 2.57331562042
    barkbands_skewness:
        dmean: 0.455632954836
        dmean2: 0.727985858917
        dvar: 0.175239801407
        dvar2: 0.426138222218
        max: 4.32045507431
        mean: -0.607059657574
        median: -0.648801207542
        min: -4.25234413147
        var: 0.478264987469
    barkbands_spread:
        dmean: 8.45100498199
        dmean2: 14.0183763504
        dvar: 68.7406234741
        dvar2: 190.953140259
        max: 76.6693572998
        mean: 34.135269165
        median: 33.3168144226
        min: 2.95142197609
        var: 140.817169189
    dissonance:
        dmean: 0.00786740891635
        dmean2: 0.0133466115221
        dvar: 7.32329936e-005
        dvar2: 0.000185025666724
        max: 0.500000119209
        mean: 0.488078832626
        median: 0.490741550922
        min: 0.351751059294
        var: 0.000115019989607
    hfc:
        dmean: 4.19259214401
        dmean2: 7.07814693451
        dvar: 21.7780399323
        dvar2: 57.6538467407
        max: 43.9693222046
        mean: 11.6443052292
        median: 10.5049676895
        min: 1.17063950247e-016
        var: 36.7934684753
    pitch:
        dmean: 900.908752441
        dmean2: 1704.88134766
        dvar: 1708077
        dvar2: 4243071.5
        max: 4557.05712891
        mean: 2676.25463867
        median: 3645.95751953
        min: 74.8950195313
        var: 2394710.5
    pitch_instantaneous_confidence:
        dmean: 0.0792516767979
        dmean2: 0.132517874241
        dvar: 0.0044044512324
        dvar2: 0.011538349092
        max: 0.924243628979
        mean: 0.34118694067
        median: 0.331402540207
        min: 0.119429171085
        var: 0.0105609735474
    pitch_salience:
        dmean: 0.0607497431338
        dmean2: 0.100921563804
        dvar: 0.00326353404671
        dvar2: 0.008355201222
        max: 0.908976197243
        mean: 0.713496088982
        median: 0.730643451214
        min: 0.14292268455
        var: 0.00594094581902
    silence_rate_20dB:
        dmean: 0
        dmean2: 0
        dvar: 0
        dvar2: 0
        max: 1
        mean: 1
        median: 1
        min: 1
        var: 0
    silence_rate_30dB:
        dmean: 0
        dmean2: 0
        dvar: 0
        dvar2: 0
        max: 1
        mean: 1
        median: 1
        min: 1
        var: 0
    silence_rate_60dB:
        dmean: 0.144284620881
        dmean2: 0.288600921631
        dvar: 0.123467959464
        dvar2: 0.268775373697
        max: 1
        mean: 0.233750551939
        median: 0
        min: 0
        var: 0.179119646549
    spectral_centroid:
        dmean: 324.621612549
        dmean2: 520.184631348
        dvar: 93366
        dvar2: 213092.9375
        max: 11014.7041016
        mean: 2348.91210938
        median: 2374.4543457
        min: 306.654998779
        var: 310890.34375
    spectral_complexity:
        dmean: 5.95849323273
        dmean2: 9.53700828552
        dvar: 28.7974128723
        dvar2: 69.8471069336
        max: 54
        mean: 21.1181373596
        median: 21
        min: 0
        var: 91.7875671387
    spectral_crest:
        dmean: 1.89527463913
        dmean2: 3.18091392517
        dvar: 3.7096619606
        dvar2: 9.46489334106
        max: 25.1533889771
        mean: 6.26615667343
        median: 5.65280294418
        min: 2.39732289314
        var: 6.01344060898
    spectral_decrease:
        dmean: 3.67984726024e-010
        dmean2: 6.2266708456e-010
        dvar: 1.78605005884e-019
        dvar2: 4.71114979314e-019
        max: -2.97578275702e-030
        mean: -1.07556552553e-009
        median: -9.131606582e-010
        min: -3.62426577638e-009
        var: 3.34282814084e-019
    spectral_energy:
        dmean: 0.00172945403028
        dmean2: 0.00292404112406
        dvar: 3.88069292967e-006
        dvar2: 1.02934236565e-005
        max: 0.0171310007572
        mean: 0.00511561101303
        median: 0.00445830635726
        min: 1.06292619856e-020
        var: 7.09392134013e-006
    spectral_energyband_high:
        dmean: 0.000406344101066
        dmean2: 0.000704043486621
        dvar: 2.60119662698e-007
        dvar2: 7.08892628154e-007
        max: 0.00480016833171
        mean: 0.000818414089736
        median: 0.000695231487043
        min: 7.70141258659e-021
        var: 2.85622832052e-007
    spectral_energyband_low:
        dmean: 0.000341108854627
        dmean2: 0.000619775382802
        dvar: 3.16228778274e-007
        dvar2: 8.79175956925e-007
        max: 0.00373728154227
        mean: 0.000347285938915
        median: 0.000159336457727
        min: 7.13826727836e-023
        var: 2.66325940856e-007
    spectral_energyband_middle_high:
        dmean: 0.000925752217881
        dmean2: 0.0015260115033
        dvar: 9.86905092759e-007
        dvar2: 2.4735631996e-006
        max: 0.0124855907634
        mean: 0.00280555058271
        median: 0.00233987532556
        min: 1.64543752957e-021
        var: 2.80349945569e-006
    spectral_energyband_middle_low:
        dmean: 0.000681073986925
        dmean2: 0.00110954616684
        dvar: 9.76931346486e-007
        dvar2: 2.44239140557e-006
        max: 0.0113193625584
        mean: 0.0012552565895
        median: 0.000794605235569
        min: 3.27975522534e-022
        var: 1.61712114277e-006
    spectral_flatness_db:
        dmean: 0.0136464647949
        dmean2: 0.0216935519129
        dvar: 0.000166072117281
        dvar2: 0.000372129958123
        max: 0.329510390759
        mean: 0.130933493376
        median: 0.123176135123
        min: 0.0411829724908
        var: 0.000889956776518
    spectral_flux:
        dmean: 0.00932420417666
        dmean2: 0.0149675784633
        dvar: 9.31745307753e-005
        dvar2: 0.000180777176865
        max: 0.105932980776
        mean: 0.0480145774782
        median: 0.0464571490884
        min: 1.03098314608e-010
        var: 0.000252741388977
    spectral_kurtosis:
        dmean: 0.824169397354
        dmean2: 1.36189031601
        dvar: 0.702605545521
        dvar2: 2.02182006836
        max: 10.3050727844
        mean: 2.64845299721
        median: 2.49615454674
        min: -1.23156869411
        var: 1.45506691933
    spectral_rms:
        dmean: 0.000359726313036
        dmean2: 0.000596543890424
        dvar: 1.41603820225e-007
        dvar2: 3.69552708435e-007
        max: 0.00408817455173
        mean: 0.00215260032564
        median: 0.00208556163125
        min: 3.22025023834e-012
        var: 3.57137565743e-007
    spectral_rolloff:
        dmean: 290.371032715
        dmean2: 470.12310791
        dvar: 120845.734375
        dvar2: 259538.546875
        max: 18475.4882813
        mean: 4011.05834961
        median: 4069.77539063
        min: 172.265625
        var: 304631.125
    spectral_skewness:
        dmean: 0.154881954193
        dmean2: 0.256934523582
        dvar: 0.0222905501723
        dvar2: 0.0599055849016
        max: 2.30516672134
        mean: 1.09037828445
        median: 1.09889507294
        min: -0.00760025903583
        var: 0.0747560560703
    spectral_spread:
        dmean: 476979.46875
        dmean2: 703274.5625
        dvar: 295462305792
        dvar2: 551717175296
        max: 40819116
        mean: 4831257.5
        median: 4773770
        min: 2162313.5
        var: 1.97999905997e+012
    spectral_strongpeak:
        dmean: 0.572529494762
        dmean2: 1.01253163815
        dvar: 0.491634249687
        dvar2: 1.29195475578
        max: 6.14062547684
        mean: 0.642380654812
        median: 0.291601836681
        min: 4.10885103719e-009
        var: 0.569891631603
    zerocrossingrate:
        dmean: 0.00864553265274
        dmean2: 0.0107204709202
        dvar: 7.66433440731e-005
        dvar2: 0.000102556477941
        max: 0.49755859375
        mean: 0.125277489424
        median: 0.12646484375
        min: 0.03271484375
        var: 0.000518445507623
    barkbands:
        dmean: [1.37100266784e-006, 0.000132402623422, 0.000173135544173, 0.000121796954772, 0.000307241192786, 0.000154354740516, 0.000129708685563, 0.00021285036928, 0.000126736602397, 0.000104321974504, 8.25793395052e-005, 7.78216126491e-005, 6.65001789457e-005, 8.6839638243e-005, 9.03788459254e-005, 0.00013919689809, 0.000179573267815, 0.000246275274549, 0.000328539754264, 0.000309310649754, 0.000197323795874, 7.09481391823e-005, 9.76511728368e-006, 4.33136028732e-006, 1.67162272646e-006, 5.2161105657e-008, 5.46089284903e-010]
        dmean2: [2.17656497625e-006, 0.000242192880251, 0.000317317026202, 0.000209729507333, 0.000493741827086, 0.000271667318884, 0.000230672827456, 0.000353500276105, 0.000214801897528, 0.000176895628101, 0.000136875911267, 0.000128687272081, 0.000109357039037, 0.000143702534842, 0.000149352868902, 0.000231218000408, 0.000302805041429, 0.000412804161897, 0.000556526996661, 0.000528208853211, 0.000345118896803, 0.000125620965264, 1.55616980919e-005, 6.69643168294e-006, 2.50606171903e-006, 8.1676610364e-008, 9.1164031879e-010]
        dvar: [5.05443690374e-012, 5.65562565669e-008, 8.93889122722e-008, 5.40832516549e-008, 2.78580699842e-007, 1.27631039959e-007, 1.03846510058e-007, 3.2738620348e-007, 7.77864457291e-008, 3.68832147046e-008, 3.05130392064e-008, 3.33606102743e-008, 1.96337861524e-008, 2.3378103009e-008, 2.69304489819e-008, 4.49161667859e-008, 7.01043347817e-008, 9.6262937177e-008, 1.45856503764e-007, 1.13815723068e-007, 6.53033183085e-008, 1.329299959e-008, 2.14692957856e-010, 1.05785012694e-010, 1.27199110619e-011, 2.28148561512e-014, 3.05523233111e-018]
        dvar2: [1.20839770482e-011, 1.58230804459e-007, 2.51614636682e-007, 1.50958115341e-007, 6.75528724514e-007, 3.43614857456e-007, 2.85583524828e-007, 7.42904546769e-007, 2.01547550205e-007, 9.80127197181e-008, 7.87963259086e-008, 8.66472902317e-008, 4.9085834064e-008, 6.09621793046e-008, 6.83373855281e-008, 1.11203924291e-007, 1.76452019218e-007, 2.43979172865e-007, 3.90633402958e-007, 3.11128104613e-007, 1.78584357968e-007, 3.7008408782e-008, 4.88687479372e-010, 2.24312249331e-010, 2.7706465594e-011, 5.93378902329e-014, 8.3355800964e-018]
        max: [1.52635311679e-005, 0.00138955714647, 0.00244142743759, 0.00554490415379, 0.00878603663296, 0.00622507091612, 0.00530301174149, 0.00886875577271, 0.00585210090503, 0.00284508080222, 0.00311929034069, 0.00372982304543, 0.00229101791047, 0.00279736355878, 0.00261718849652, 0.00637646671385, 0.00857444200665, 0.00383012043312, 0.0063752331771, 0.00390700809658, 0.00237788935192, 0.00132348143961, 0.00027070750366, 0.00024508064962, 0.000117198032967, 3.43869623975e-006, 6.52097966736e-008]
        mean: [1.52850088853e-006, 0.0001135896091, 0.000156184352818, 0.000145380166941, 0.000402767356718, 0.000169335311512, 0.000135940412292, 0.000214972082176, 0.000149027735461, 0.000146314443555, 0.000118173891678, 0.000120697455714, 0.000108101310616, 0.000141242649988, 0.00015163802891, 0.000255014689174, 0.000319679296808, 0.000424741796451, 0.0007115554763, 0.000647408887744, 0.000346097978763, 0.000103192651295, 1.96915989363e-005, 9.28499594011e-006, 3.93498294216e-006, 1.05347119472e-007, 8.84406492485e-010]
        median: [3.54047756446e-007, 3.64907864423e-005, 6.22966399533e-005, 6.88517393428e-005, 0.000202020048164, 8.85075860424e-005, 6.14626042079e-005, 4.27900522482e-005, 6.69408473186e-005, 5.35885992576e-005, 4.05493410653e-005, 4.98947847518e-005, 4.27990671596e-005, 7.93586514192e-005, 8.33225640235e-005, 0.000195892673219, 0.000249245378654, 0.000290586845949, 0.000611399009358, 0.000573474215344, 0.000275581754977, 6.62082748022e-005, 1.31392198455e-005, 6.36347067484e-006, 2.78762718153e-006, 7.1657979106e-008, 4.7357845423e-010]
        min: [2.64054211736e-023, 3.7983030964e-023, 6.68213701668e-024, 2.89182492348e-023, 1.21044205692e-023, 3.46239697217e-023, 2.53223467052e-023, 1.26776725362e-022, 8.55336888418e-023, 1.19169127497e-022, 3.72058893764e-023, 9.22188621841e-023, 8.39126869666e-023, 1.92681850942e-022, 1.17573684715e-022, 7.40906492555e-023, 2.76243160329e-022, 2.21704599003e-022, 2.92680875892e-022, 3.06324711186e-022, 3.7811865187e-022, 3.54563113778e-022, 5.74394237552e-022, 9.50873396647e-022, 1.256078304e-021, 1.83191061605e-021, 2.45635725762e-021]
        var: [6.3394393901e-012, 4.09687359593e-008, 6.86193146748e-008, 7.48388302441e-008, 3.65997493645e-007, 9.95324072051e-008, 8.36995042164e-008, 4.00624685426e-007, 7.64067991099e-008, 6.26629272915e-008, 5.19196952098e-008, 5.62641702118e-008, 3.99784596539e-008, 3.93919208364e-008, 5.15225870856e-008, 7.29763698359e-008, 9.21133960219e-008, 1.60792268389e-007, 2.17989423845e-007, 1.54904853389e-007, 6.60146994846e-008, 1.17630136742e-008, 4.94106033866e-010, 2.00177985299e-010, 2.4929436987e-011, 2.55226646295e-014, 2.89308114961e-018]
    frequency_bands:
        dmean: [1.37100266784e-006, 0.000132402623422, 0.000173135544173, 0.000121796954772, 0.000307241192786, 0.000154354740516, 0.000129708685563, 0.00021285036928, 0.000126736602397, 0.000104321974504, 8.25793395052e-005, 7.78216126491e-005, 6.65001789457e-005, 8.6839638243e-005, 9.03788459254e-005, 0.00013919689809, 0.000179573267815, 0.000246275274549, 0.000328539754264, 0.000309310649754, 0.000197323795874, 7.09481391823e-005, 9.76511728368e-006, 4.33136028732e-006, 1.67162272646e-006, 5.2161105657e-008, 5.46089284903e-010, 6.12566594671e-011]
        dmean2: [2.17656497625e-006, 0.000242192880251, 0.000317317026202, 0.000209729507333, 0.000493741827086, 0.000271667318884, 0.000230672827456, 0.000353500276105, 0.000214801897528, 0.000176895628101, 0.000136875911267, 0.000128687272081, 0.000109357039037, 0.000143702534842, 0.000149352868902, 0.000231218000408, 0.000302805041429, 0.000412804161897, 0.000556526996661, 0.000528208853211, 0.000345118896803, 0.000125620965264, 1.55616980919e-005, 6.69643168294e-006, 2.50606171903e-006, 8.1676610364e-008, 9.1164031879e-010, 1.14370755921e-010]
        dvar: [5.05443690374e-012, 5.65562565669e-008, 8.93889122722e-008, 5.40832516549e-008, 2.78580699842e-007, 1.27631039959e-007, 1.03846510058e-007, 3.2738620348e-007, 7.77864457291e-008, 3.68832147046e-008, 3.05130392064e-008, 3.33606102743e-008, 1.96337861524e-008, 2.3378103009e-008, 2.69304489819e-008, 4.49161667859e-008, 7.01043347817e-008, 9.6262937177e-008, 1.45856503764e-007, 1.13815723068e-007, 6.53033183085e-008, 1.329299959e-008, 2.14692957856e-010, 1.05785012694e-010, 1.27199110619e-011, 2.28148561512e-014, 3.05523233111e-018, 7.57636371905e-021]
        dvar2: [1.20839770482e-011, 1.58230804459e-007, 2.51614636682e-007, 1.50958115341e-007, 6.75528724514e-007, 3.43614857456e-007, 2.85583524828e-007, 7.42904546769e-007, 2.01547550205e-007, 9.80127197181e-008, 7.87963259086e-008, 8.66472902317e-008, 4.9085834064e-008, 6.09621793046e-008, 6.83373855281e-008, 1.11203924291e-007, 1.76452019218e-007, 2.43979172865e-007, 3.90633402958e-007, 3.11128104613e-007, 1.78584357968e-007, 3.7008408782e-008, 4.88687479372e-010, 2.24312249331e-010, 2.7706465594e-011, 5.93378902329e-014, 8.3355800964e-018, 2.41442937876e-020]
        max: [1.52635311679e-005, 0.00138955714647, 0.00244142743759, 0.00554490415379, 0.00878603663296, 0.00622507091612, 0.00530301174149, 0.00886875577271, 0.00585210090503, 0.00284508080222, 0.00311929034069, 0.00372982304543, 0.00229101791047, 0.00279736355878, 0.00261718849652, 0.00637646671385, 0.00857444200665, 0.00383012043312, 0.0063752331771, 0.00390700809658, 0.00237788935192, 0.00132348143961, 0.00027070750366, 0.00024508064962, 0.000117198032967, 3.43869623975e-006, 6.52097966736e-008, 1.23786869644e-009]
        mean: [1.52850088853e-006, 0.0001135896091, 0.000156184352818, 0.000145380166941, 0.000402767356718, 0.000169335311512, 0.000135940412292, 0.000214972082176, 0.000149027735461, 0.000146314443555, 0.000118173891678, 0.000120697455714, 0.000108101310616, 0.000141242649988, 0.00015163802891, 0.000255014689174, 0.000319679296808, 0.000424741796451, 0.0007115554763, 0.000647408887744, 0.000346097978763, 0.000103192651295, 1.96915989363e-005, 9.28499594011e-006, 3.93498294216e-006, 1.05347119472e-007, 8.84406492485e-010, 4.66569387292e-011]
        median: [3.54047756446e-007, 3.64907864423e-005, 6.22966399533e-005, 6.88517393428e-005, 0.000202020048164, 8.85075860424e-005, 6.14626042079e-005, 4.27900522482e-005, 6.69408473186e-005, 5.35885992576e-005, 4.05493410653e-005, 4.98947847518e-005, 4.27990671596e-005, 7.93586514192e-005, 8.33225640235e-005, 0.000195892673219, 0.000249245378654, 0.000290586845949, 0.000611399009358, 0.000573474215344, 0.000275581754977, 6.62082748022e-005, 1.31392198455e-005, 6.36347067484e-006, 2.78762718153e-006, 7.1657979106e-008, 4.7357845423e-010, 1.82059367582e-011]
        min: [2.64054211736e-023, 3.7983030964e-023, 6.68213701668e-024, 2.89182492348e-023, 1.21044205692e-023, 3.46239697217e-023, 2.53223467052e-023, 1.26776725362e-022, 8.55336888418e-023, 1.19169127497e-022, 3.72058893764e-023, 9.22188621841e-023, 8.39126869666e-023, 1.92681850942e-022, 1.17573684715e-022, 7.40906492555e-023, 2.76243160329e-022, 2.21704599003e-022, 2.92680875892e-022, 3.06324711186e-022, 3.7811865187e-022, 3.54563113778e-022, 5.74394237552e-022, 9.50873396647e-022, 1.256078304e-021, 1.83191061605e-021, 2.45635725762e-021, 6.28820692276e-022]
        var: [6.3394393901e-012, 4.09687359593e-008, 6.86193146748e-008, 7.48388302441e-008, 3.65997493645e-007, 9.95324072051e-008, 8.36995042164e-008, 4.00624685426e-007, 7.64067991099e-008, 6.26629272915e-008, 5.19196952098e-008, 5.62641702118e-008, 3.99784596539e-008, 3.93919208364e-008, 5.15225870856e-008, 7.29763698359e-008, 9.21133960219e-008, 1.60792268389e-007, 2.17989423845e-007, 1.54904853389e-007, 6.60146994846e-008, 1.17630136742e-008, 4.94106033866e-010, 2.00177985299e-010, 2.4929436987e-011, 2.55226646295e-014, 2.89308114961e-018, 5.79322040843e-021]
    mfcc:
        mean: [-684.576660156, 75.3042526245, -51.9490470886, 56.3242950439, -16.469209671, -3.41507387161, 2.10895609856, -6.65633201599, 0.226213946939, -4.2414598465, -5.84650468826, -4.96561288834, -5.10458469391]
        cov: [[3393.76831055, 348.711669922, -43.2968864441, 91.181930542, -110.80821228, 55.5893630981, -20.4546298981, 70.5673751831, -43.6003990173, -30.9793834686, -36.1140289307, -73.9179153442, -45.4969100952], [348.711669922, 815.671203613, -211.338485718, 274.289031982, 9.2668466568, 46.3161621094, 82.6458206177, -44.4430847168, 70.7284469604, -24.3699073792, 7.82904911041, 4.42010545731, -9.67915153503], [-43.2968864441, -211.338485718, 438.258392334, 40.0241775513, 121.153121948, 57.4500045776, -9.44834423065, 37.7485237122, -19.5230445862, 13.0126791, -7.43913841248, -7.21219158173, 28.3765239716], [91.181930542, 274.289031982, 40.0241775513, 405.169433594, 126.516143799, 80.9557113647, 33.2213630676, -22.6071891785, 92.8320007324, 15.1421470642, 24.2783660889, 23.4311275482, 33.3217544556], [-110.80821228, 9.2668466568, 121.153121948, 126.516143799, 174.57989502, 77.8820953369, 44.9100341797, 18.355890274, 36.1865196228, 25.9470710754, 0.48867842555, 6.43862056732, 16.9233970642], [55.5893630981, 46.3161621094, 57.4500045776, 80.9557113647, 77.8820953369, 149.581161499, 86.9637145996, 48.8003349304, 28.4612026215, -6.57792186737, 2.31199645996, -6.38874149323, 7.02616024017], [-20.4546298981, 82.6458206177, -9.44834423065, 33.2213630676, 44.9100341797, 86.9637145996, 148.507415771, 65.6767272949, 24.7596683502, -6.89163446426, 6.98855304718, 9.43508625031, 6.98165893555], [70.5673751831, -44.4430847168, 37.7485237122, -22.6071891785, 18.355890274, 48.8003349304, 65.6767272949, 102.137420654, 25.5963630676, 10.674779892, 6.82221603394, 1.9389654398, 3.41388869286], [-43.6003990173, 70.7284469604, -19.5230445862, 92.8320007324, 36.1865196228, 28.4612026215, 24.7596683502, 25.5963630676, 100.190406799, 46.5189285278, 30.6337680817, 19.599527359, 18.7790660858], [-30.9793834686, -24.3699073792, 13.0126791, 15.1421470642, 25.9470710754, -6.57792186737, -6.89163446426, 10.674779892, 46.5189285278, 85.0097427368, 43.0195846558, 27.2267093658, 14.1402215958], [-36.1140289307, 7.82904911041, -7.43913841248, 24.2783660889, 0.48867842555, 2.31199645996, 6.98855304718, 6.82221603394, 30.6337680817, 43.0195846558, 74.1027679443, 43.4200134277, 19.5501365662], [-73.9179153442, 4.42010545731, -7.21219158173, 23.4311275482, 6.43862056732, -6.38874149323, 9.43508625031, 1.9389654398, 19.599527359, 27.2267093658, 43.4200134277, 73.7892684937, 38.6651954651], [-45.4969100952, -9.67915153503, 28.3765239716, 33.3217544556, 16.9233970642, 7.02616024017, 6.98165893555, 3.41388869286, 18.7790660858, 14.1402215958, 19.5501365662, 38.6651954651, 59.9347343445]]
        icov: [[0.000376725103706, -0.000232989463257, -2.6512925615e-006, -0.000247895455686, 0.000457841699244, -0.000332804513164, 0.000485667056637, -0.000789580692071, 0.000683829071932, -0.000441334443167, 0.000144683304825, 0.000284850684693, -5.55333499506e-005], [-0.000232989463257, 0.00240538828075, 0.000810407451354, -0.00147184298839, 0.000419064424932, 0.000329370406689, -0.00192005361896, 0.00172343070153, -0.000938197306823, 0.000647726701573, 5.08201555931e-005, -6.92377216183e-005, 0.000783986703027], [-2.6512925615e-006, 0.000810407451354, 0.00402411818504, -0.000723684031982, -0.00251567899249, -0.000711216474883, 0.00164787122048, -0.00208671134897, 0.00257835164666, -0.000426999875344, -0.000470231985673, 0.00144408852793, -0.00213877274655], [-0.000247895455686, -0.00147184298839, -0.000723684031982, 0.00617351662368, -0.00338536477648, -0.00105676811654, 0.000888240232598, 0.00278374087065, -0.00498426938429, 0.00296147190966, -0.00138655072078, -0.000608179194387, -0.000990120926872], [0.000457841699244, 0.000419064424932, -0.00251567899249, -0.00338536477648, 0.0131197515875, -0.00388587545604, -0.00234543136321, 0.00121038453653, 0.000491793034598, -0.00585506856441, 0.00487767811865, -0.00125807302538, 0.000891551491804], [-0.000332804513164, 0.000329370406689, -0.000711216474883, -0.00105676811654, -0.00388587545604, 0.0144032435492, -0.0061941514723, -0.00161742907949, -0.00162858364638, 0.00363378133625, -0.00292326905765, 0.00352190039121, -0.000718319613952], [0.000485667056637, -0.00192005361896, 0.00164787122048, 0.000888240232598, -0.00234543136321, -0.0061941514723, 0.016153562814, -0.00915209390223, 0.00180335796904, 0.00205939216539, -0.000636114506051, -0.00223051500507, -0.000591870571952], [-0.000789580692071, 0.00172343070153, -0.00208671134897, 0.00278374087065, 0.00121038453653, -0.00161742907949, -0.00915209390223, 0.0208233240992, -0.00801561307162, 0.00030869001057, 0.000399943062803, -0.000649954716209, 0.0015746060526], [0.000683829071932, -0.000938197306823, 0.00257835164666, -0.00498426938429, 0.000491793034598, -0.00162858364638, 0.00180335796904, -0.00801561307162, 0.0237313043326, -0.0114607363939, -0.000872024567798, 0.00299035687931, -0.0041599245742], [-0.000441334443167, 0.000647726701573, -0.000426999875344, 0.00296147190966, -0.00585506856441, 0.00363378133625, 0.00205939216539, 0.00030869001057, -0.0114607363939, 0.025757368654, -0.0113387182355, -0.00145434588194, 0.00144595338497], [0.000144683304825, 5.08201555931e-005, -0.000470231985673, -0.00138655072078, 0.00487767811865, -0.00292326905765, -0.000636114506051, 0.000399943062803, -0.000872024567798, -0.0113387182355, 0.0283325035125, -0.0137433502823, 0.00270096189342], [0.000284850684693, -6.92377216183e-005, 0.00144408852793, -0.000608179194387, -0.00125807302538, 0.00352190039121, -0.00223051500507, -0.000649954716209, 0.00299035687931, -0.00145434588194, -0.0137433502823, 0.0311690513045, -0.0161200407892], [-5.55333499506e-005, 0.000783986703027, -0.00213877274655, -0.000990120926872, 0.000891551491804, -0.000718319613952, -0.000591870571952, 0.0015746060526, -0.0041599245742, 0.00144595338497, 0.00270096189342, -0.0161200407892, 0.0286247152835]]
    sccoeffs:
        dmean: [0.0666747763753, 0.0517008006573, 0.0364708527923, 0.0296143516898, 0.0195286106318, 0.0237905178219]
        dmean2: [0.110312759876, 0.0855264440179, 0.0618344657123, 0.0496272258461, 0.0330665521324, 0.0391646288335]
        dvar: [0.00299652549438, 0.00186927197501, 0.000888643087819, 0.000550515833311, 0.000250388751738, 0.000502398761455]
        dvar2: [0.00785391684622, 0.00471954140812, 0.0024688844569, 0.00151439651381, 0.000678639218677, 0.00131245073862]
        max: [-0.310357600451, -0.365026891232, -0.533180117607, -0.588043034077, -0.664159536362, -0.538248240948]
        mean: [-0.685618042946, -0.776809334755, -0.809530735016, -0.802943706512, -0.804773569107, -0.729433238506]
        median: [-0.69466650486, -0.785618185997, -0.81426358223, -0.8069845438, -0.806160748005, -0.735902190208]
        min: [-0.960784494877, -0.960767567158, -0.972546994686, -0.968806862831, -0.960405111313, -0.959169864655]
        var: [0.00737621076405, 0.00427812337875, 0.00194878678303, 0.00141310016625, 0.000582860026043, 0.00218394235708]
    scvalleys:
        dmean: [0.407849013805, 0.431972146034, 0.337582111359, 0.267544269562, 0.236215233803, 0.249708786607]
        dmean2: [0.675793528557, 0.715454339981, 0.545545756817, 0.432084619999, 0.381127208471, 0.374230086803]
        dvar: [0.137596741319, 0.171220883727, 0.0959570407867, 0.0632238537073, 0.0577245801687, 0.111798048019]
        dvar2: [0.324132621288, 0.435390889645, 0.219912394881, 0.136980727315, 0.123655296862, 0.221433699131]
        max: [-5.06704044342, -4.51428937912, -4.98664283752, -5.36984491348, -5.38923835754, -7.40050363541]
        mean: [-6.94526433945, -6.66278839111, -6.79511594772, -6.88364887238, -6.46229362488, -9.21214580536]
        median: [-6.64443922043, -6.58780622482, -6.75600719452, -6.80556821823, -6.35960865021, -8.98199081421]
        min: [-27.101316452, -27.2545948029, -27.2736320496, -27.0590877533, -27.1755981445, -27.265586853]
        var: [1.72683560848, 1.05705308914, 1.02037000656, 0.870819807053, 0.801485836506, 1.18124961853]

rhythm:
    beats_loudness:
        dmean: 0.00200839922763
        dmean2: 0.0034279266838
        dvar: 2.79244250123e-006
        dvar2: 8.18562148197e-006
        max: 0.0117963766679
        mean: 0.00586858345196
        median: 0.00572526827455
        min: 4.7569073125e-009
        var: 5.22055461261e-006
    bpm: 90.9794235229
    bpm_confidence: 0
    first_peak_bpm: 91
    first_peak_spread: 0.148409888148
    first_peak_weight: 0.732522785664
    onset_rate: 3.40487957001
    second_peak_bpm: 120
    second_peak_spread: 0.448275864124
    second_peak_weight: 0.0486322194338
    beats_loudness_band_ratio:
        dmean: [0.0688119158149, 0.113188304007, 0.0617936141789, 0.0725289881229, 0.0841776803136, 0.0968363657594]
        dmean2: [0.118078604341, 0.192163303494, 0.107682727277, 0.127932146192, 0.146569505334, 0.167853966355]
        dvar: [0.00722499005497, 0.011348625645, 0.00768368365243, 0.00719796773046, 0.00448963977396, 0.00709622167051]
        dvar2: [0.0189211666584, 0.0335138589144, 0.022073218599, 0.0205189324915, 0.01343867369, 0.0203582234681]
        max: [0.578171610832, 0.610607028008, 0.560531318188, 0.44194445014, 0.527272582054, 0.870975196362]
        mean: [0.0927402451634, 0.170121610165, 0.0913459435105, 0.103971689939, 0.247795641422, 0.341243892908]
        median: [0.0685270577669, 0.142524659634, 0.0697870180011, 0.076565399766, 0.239228904247, 0.340484917164]
        min: [5.84862982578e-006, 1.85847620742e-005, 0.00344082666561, 0.00941724702716, 0.0704212337732, 0.107761152089]
        var: [0.00743729062378, 0.0132666025311, 0.00668071489781, 0.00686977477744, 0.00638002762571, 0.0101605886593]
    beats_position: [0.684988677502, 1.369977355, 2.06657600403, 2.76317453384, 3.45977306366, 4.13315200806, 4.80653047562, 5.46829938889, 6.13006782532, 6.78022670746, 7.45360517502, 8.11537361145, 8.76553249359, 9.42730140686, 10.077460289, 10.7392292023, 11.4009971619, 12.051156044, 12.7129249573, 13.3746938705, 14.0248527527, 14.6982307434, 15.3599996567, 16.0217685699, 16.6951465607, 17.3453063965, 17.995464325, 18.6572322845, 19.3190021515, 19.96916008, 20.6309299469, 21.2926979065, 21.942855835, 22.6046257019, 23.2663936615, 23.9281635284, 24.589931488, 25.2516994476, 25.9134693146, 26.563627243, 27.22539711, 27.8871650696, 28.5605430603, 29.2223129272, 29.8840808868, 30.5342407227, 31.1843986511, 31.8461666107, 32.5079345703, 33.1580963135, 33.8198623657, 34.4816322327, 35.1550102234, 35.8051681519, 36.455329895, 37.1054878235, 37.755645752, 38.3825836182, 39.1024017334, 39.8222198486, 40.4839897156, 41.1573677063, 41.795917511, 42.4460754395, 43.0846252441, 43.7231750488, 44.3733329773, 45.0351028442, 45.6968688965, 46.347026825, 46.9971885681, 47.6589546204, 48.3207244873, 48.994102478, 49.6442604065, 50.2944221497, 50.9445800781, 51.6063499451, 52.2681159973, 52.941493988, 53.6148757935, 54.2650337219, 54.9268035889, 55.5885696411, 56.2503395081, 56.912109375, 57.5622673035, 58.2124252319, 58.8625831604, 59.5243530273, 60.1861228943, 60.8478889465, 61.5096588135, 62.1598167419, 62.8215866089, 63.4833564758, 64.1567306519, 64.8185043335, 65.4802703857, 66.1304321289, 66.7805862427, 67.4423599243, 68.0925140381, 68.7542877197, 69.4044418335, 70.0546035767, 70.7163696289, 71.3781356812, 72.0515213013, 72.724899292, 73.3750534058, 74.0368270874, 74.6985931396, 75.3487548828, 76.0105209351, 76.6722869873, 77.3340606689, 77.9958267212, 78.6575927734, 79.3193664551, 79.9695205688, 80.6312942505, 81.2930603027, 81.9432220459, 82.6049880981, 83.2667541504, 83.928527832, 84.5902938843, 85.263671875, 85.9138336182, 86.5755996704, 87.2373657227, 87.8875274658, 88.5492935181, 89.2110671997, 89.8612213135, 90.5229949951, 91.1847610474, 91.8697509766, 92.5547409058, 93.2397232056, 93.8782730103, 94.5284347534, 95.1785888672, 95.8171386719, 96.467300415, 97.1174621582, 97.7560043335, 98.4293823242, 99.1027679443, 99.7529220581, 100.426300049, 101.09967804, 101.749839783, 102.400001526, 103.061767578, 103.72353363, 104.373695374, 105.023849487, 105.685623169, 106.347389221, 107.009155273, 107.670928955, 108.332695007, 108.98285675, 109.644622803, 110.306388855, 110.968162537, 111.641540527, 112.291702271, 112.953468323, 113.615234375, 114.277008057, 114.938774109, 115.588935852, 116.239089966, 116.900856018, 117.5626297, 118.212783813, 118.874557495, 119.536323547, 120.209701538, 120.859863281, 121.510017395, 122.171791077, 122.833557129, 123.495323181, 124.145484924, 124.795646667, 125.45741272, 126.119178772, 126.780952454, 127.442718506, 128.104492188, 128.76625061, 129.428024292, 130.078186035, 130.728347778, 131.390106201, 132.051879883, 132.713653564, 133.375411987, 134.048797607, 134.710571289, 135.360717773, 136.010879517, 136.672653198, 137.334411621, 137.984573364, 138.646347046, 139.308120728, 139.96987915, 140.620040894, 141.281814575, 141.943572998, 142.593734741, 143.255508423, 143.917282104, 144.579040527, 145.240814209, 145.890975952, 146.552734375, 147.214508057, 147.8646698, 148.526443481, 149.188201904, 149.849975586, 150.511749268, 151.17350769, 151.835281372, 152.497055054, 153.158813477, 153.80897522, 154.459136963, 155.109298706, 155.771057129, 156.432830811, 157.106216431, 157.779586792, 158.441360474, 159.103118896, 159.75328064, 160.415054321, 161.076828003, 161.726974487, 162.388748169, 163.050521851, 163.700683594, 164.362442017, 165.024215698, 165.68598938, 166.347747803, 166.997909546, 167.648071289, 168.298233032, 168.959991455, 169.621765137, 170.295150757, 170.968521118, 171.618682861, 172.268844604, 172.930603027, 173.580764771, 174.219314575, 174.881088257, 175.54284668, 176.204620361, 176.866394043, 177.539764404, 178.213150024, 178.874923706, 179.536682129, 180.210067749, 180.871826172, 181.533599854, 182.183761597, 182.845535278, 183.507293701, 184.157455444, 184.807617188, 185.457778931, 186.107940674, 186.781311035, 187.443084717, 188.10484314, 188.755004883, 189.405166626, 190.066940308, 190.72869873, 191.402084351, 191.889694214, 192.377319336, 192.864944458, 193.36416626, 193.86340332, 194.362625122, 194.861862183, 195.349472046, 195.837097168, 196.33631897, 196.823944092, 197.323165894, 197.810791016, 198.310012817, 198.809249878, 199.296859741, 199.796096802, 200.295318604, 200.782943726, 201.282180786, 201.781402588, 202.26902771, 202.756637573, 203.255874634, 203.743484497, 204.242721558, 204.741943359, 205.24118042, 205.75201416, 206.274459839, 206.704025269, 207.133605957, 207.551559448, 207.981124878, 208.422302246, 208.851882935, 209.281448364, 209.722625732, 210.163803101, 210.616592407]
    bpm_estimates: [87.5926895142, 86.1328125, 86.1328277588, 86.1328277588, 89.1028747559, 89.102935791, 90.6660919189, 90.6661529541, 92.2851333618, 89.102935791, 90.6661529541, 92.2851333618, 90.6660919189, 92.2851333618, 90.6660919189, 90.6662216187, 92.2851333618, 90.6660919189, 90.6660919189, 92.2851333618, 89.1030044556, 90.6660919189, 90.6660919189, 89.1030044556, 92.2849960327, 92.2852706909, 90.6662216187, 90.6659622192, 92.2852706909, 90.6659622192, 90.6662216187, 92.2852706909, 90.6659622192, 90.6662216187, 90.6659622192, 90.6662216187, 90.6662216187, 90.6659622192, 92.2852706909, 90.6659622192, 90.6662216187, 89.1030044556, 90.6659622192, 90.6662216187, 92.2849960327, 92.2852706909, 90.6662216187, 90.6662216187, 92.2847290039, 90.6664810181, 90.6659622192, 89.1030044556, 92.2852706909, 92.2847290039, 92.2852706909, 92.2852706909, 90.6659622192, 89.1030044556, 93.9629135132, 92.2852706909, 93.9629135132, 93.9629135132, 92.2852706909, 90.6659622192, 90.6664810181, 92.2852706909, 92.2847290039, 90.6664810181, 90.6659622192, 89.1030044556, 92.2852706909, 92.2847290039, 92.2852706909, 90.6659622192, 90.6664810181, 89.1030044556, 89.1024932861, 92.2852706909, 90.6659622192, 90.6664810181, 90.6659622192, 90.6659622192, 92.2852706909, 92.2852706909, 92.2852706909, 90.6659622192, 90.6659622192, 90.6664810181, 90.6659622192, 92.2852706909, 90.6659622192, 90.6659622192, 89.1035079956, 90.665435791, 90.6664810181, 92.2847290039, 92.2858123779, 90.665435791, 92.2858123779, 90.665435791, 92.2858123779, 92.2847290039, 90.6664810181, 90.6664810181, 89.1019897461, 89.1030044556, 92.2858123779, 90.665435791, 90.6664810181, 92.2847290039, 90.6664810181, 90.6664810181, 90.665435791, 90.6664810181, 90.6664810181, 90.665435791, 92.2858123779, 90.665435791, 90.6664810181, 92.2847290039, 90.6664810181, 90.6664810181, 90.665435791, 90.6664810181, 89.1030044556, 92.2847290039, 90.6664810181, 90.6664810181, 92.2847290039, 90.6664810181, 90.665435791, 92.2858123779, 90.665435791, 90.6664810181, 87.5925292969, 87.5925292969, 87.5935058594, 93.9629135132, 92.2847290039, 92.2858123779, 93.9629135132, 92.2847290039, 92.2847290039, 93.9640350342, 89.1030044556, 89.1019897461, 92.2858123779, 89.1030044556, 89.1030044556, 92.2847290039, 92.2847290039, 90.6664810181, 90.6664810181, 92.2847290039, 92.2858123779, 90.665435791, 90.6664810181, 90.6664810181, 90.665435791, 90.6664810181, 92.2847290039, 90.6664810181, 90.6664810181, 90.665435791, 89.1030044556, 92.2847290039, 90.6664810181, 90.6664810181, 90.665435791, 90.6664810181, 92.2847290039, 92.2858123779, 90.6664810181, 90.665435791, 92.2858123779, 90.665435791, 90.6664810181, 89.1030044556, 92.2847290039, 92.2858123779, 90.665435791, 90.6664810181, 90.6664810181, 92.2847290039, 92.2847290039, 90.6664810181, 90.6664810181, 90.665435791, 90.6664810181, 90.665435791, 90.6675262451, 90.665435791, 92.2847290039, 92.2847290039, 90.6675262451, 90.665435791, 90.665435791, 90.6675262451, 89.1019897461, 90.665435791, 92.286895752, 92.2847290039, 90.665435791, 90.6675262451, 92.2847290039, 90.665435791, 90.665435791, 90.6675262451, 92.2847290039, 90.665435791, 90.6675262451, 92.2847290039, 90.665435791, 90.665435791, 90.6675262451, 90.665435791, 92.2847290039, 90.6675262451, 90.665435791, 92.2847290039, 90.665435791, 90.6675262451, 90.665435791, 90.665435791, 90.6675262451, 90.665435791, 90.665435791, 90.6675262451, 92.2847290039, 92.2847290039, 92.2847290039, 90.6675262451, 90.665435791, 89.1019897461, 89.1040115356, 90.665435791, 90.6675262451, 92.2847290039, 90.665435791, 90.665435791, 92.286895752, 90.665435791, 90.665435791, 92.2847290039, 90.6675262451, 90.665435791, 90.665435791, 90.6675262451, 92.2847290039, 92.2847290039, 92.2847290039, 90.6675262451, 90.665435791, 89.1019897461, 89.1040115356, 92.2847290039, 92.2847290039, 90.6675262451, 92.2847290039, 93.9629135132, 90.665435791, 90.6675262451, 90.665435791, 90.665435791, 89.1040115356, 89.1019897461, 90.665435791, 90.6675262451, 89.1019897461, 90.6675262451, 90.665435791, 92.2847290039, 90.665435791, 90.6675262451, 92.2847290039, 92.2847290039, 92.2847290039, 92.2847290039, 89.1040115356, 90.665435791, 90.6675262451, 92.2847290039, 92.2847290039, 90.665435791, 90.6675262451, 89.1019897461]
