
metadata:
    version:
        essentia: "2.1-beta2"
    audio_properties:
        analysis_sample_rate: 44100
        bitrate: 128
        channels: 2
        equal_loudness: 1
        length: 220.969802856
        replay_gain: -14.0979251862
        downmix: "mix"
    tags:
        album: "De Cercle en Cercle"
        artist: "Mass Hysteria"
        comment: ""
        date: "2001"
        genre: "Metal"
        title: "L' Harmonie Invisible"
        tracknumber: "10"

configuration:
    average_loudness:
        compute: 1
        frameSize: 88200
        hopSize: 44100
        silentFrames: "noise"
        windowType: "hann"
    general:
        analysisSampleRate: 44100
        endTime: 2000
        equalLoudness: 1
        nequalLoudness: 0
        shortSound: 0
        startTime: 0
    lowlevel:
        compute: 1
        frameSize: 2048
        hopSize: 1024
        zeroPadding: 0
        silentFrames: "noise"
        windowType: "blackmanharris62"
        mfccStats: ["mean", "cov", "icov"]
        stats: ["mean", "var", "median", "min", "max", "dmean", "dmean2", "dvar", "dvar2"]
    panning:
        compute: 0
        frameSize: 8192
        hopSize: 2048
        zeroPadding: 8192
        silentFrames: "noise"
        windowType: "hann"
        stats: ["copy"]
    rhythm:
        compute: 1
        maxTempo: 208
        minTempo: 40
        method: "degara"
        stats: ["mean", "var", "median", "min", "max", "dmean", "dmean2", "dvar", "dvar2"]
    segmentation:
        compute: 0
        cpw: 5
        inc1: 300
        inc2: 50
        minimumSegmentsLength: 10
        size1: 1000
        size2: 600
    sfx:
        compute: 1
        stats: ["mean", "var", "median", "min", "max", "dmean", "dmean2", "dvar", "dvar2"]
    svm:
        compute: 0
    tonal:
        compute: 1
        frameSize: 4096
        hopSize: 2048
        zeroPadding: 0
        silentFrames: "noise"
        windowType: "blackmanharris62"
        stats: ["mean", "var", "median", "min", "max", "dmean", "dmean2", "dvar", "dvar2"]

lowlevel:
    average_loudness: 0.961916267872
    barkbands_kurtosis:
        dmean: 1.08923530579
        dmean2: 1.74397742748
        dvar: 11.789683342
        dvar2: 29.1374359131
        max: 168.695159912
        mean: 0.888247311115
        median: -0.577326357365
        min: -1.8692086935
        var: 67.0318450928
    barkbands_skewness:
        dmean: 0.348221838474
        dmean2: 0.558247208595
        dvar: 0.13476344943
        dvar2: 0.330354183912
        max: 10.2344112396
        mean: 0.993215560913
        median: 0.899205565453
        min: -1.96856868267
        var: 0.65645301342
    barkbands_spread:
        dmean: 5.22246408463
        dmean2: 8.18973636627
        dvar: 23.3322467804
        dvar2: 53.6467208862
        max: 75.7396697998
        mean: 35.5691757202
        median: 36.702041626
        min: 0.483864158392
        var: 145.697875977
    dissonance:
        dmean: 0.0150122670457
        dmean2: 0.0251001603901
        dvar: 0.00025797719718
        dvar2: 0.000687390565872
        max: 0.500000059605
        mean: 0.467991322279
        median: 0.475524306297
        min: 0.152051225305
        var: 0.000825965951663
    hfc:
        dmean: 1.43632590771
        dmean2: 2.34593510628
        dvar: 7.85004043579
        dvar2: 20.9838790894
        max: 40.00598526
        mean: 5.35839223862
        median: 4.93194293976
        min: 1.09850366206e-016
        var: 10.8232336044
    pitch:
        dmean: 724.078918457
        dmean2: 1405.92407227
        dvar: 1804272.25
        dvar2: 4396401
        max: 5004.31982422
        mean: 1879.72619629
        median: 320.185668945
        min: 58.2062950134
        var: 3135177.75
    pitch_instantaneous_confidence:
        dmean: 0.0763963460922
        dmean2: 0.123275980353
        dvar: 0.00426792120561
        dvar2: 0.0107356961817
        max: 0.86266040802
        mean: 0.400473862886
        median: 0.37947678566
        min: 0.0979623794556
        var: 0.0164145473391
    pitch_salience:
        dmean: 0.0592238232493
        dmean2: 0.095258526504
        dvar: 0.0028089270927
        dvar2: 0.0071454513818
        max: 0.951920390129
        mean: 0.581425607204
        median: 0.584923148155
        min: 0.157060563564
        var: 0.00858295150101
    silence_rate_20dB:
        dmean: 0
        dmean2: 0
        dvar: 0
        dvar2: 0
        max: 1
        mean: 1
        median: 1
        min: 1
        var: 0
    silence_rate_30dB:
        dmean: 0
        dmean2: 0
        dvar: 0
        dvar2: 0
        max: 1
        mean: 1
        median: 1
        min: 1
        var: 0
    silence_rate_60dB:
        dmean: 0.080487549305
        dmean2: 0.160992011428
        dvar: 0.0740051716566
        dvar2: 0.168272182345
        max: 1
        mean: 0.197310358286
        median: 0
        min: 0
        var: 0.158381164074
    spectral_centroid:
        dmean: 197.751144409
        dmean2: 319.320159912
        dvar: 52001.140625
        dvar2: 120145.757813
        max: 11786.28125
        mean: 1093.48535156
        median: 1043.78637695
        min: 117.637382507
        var: 334139.71875
    spectral_complexity:
        dmean: 2.83976054192
        dmean2: 4.61412334442
        dvar: 12.6008634567
        dvar2: 29.9900398254
        max: 42
        mean: 10.6778736115
        median: 10
        min: 0
        var: 29.429599762
    spectral_crest:
        dmean: 2.07253193855
        dmean2: 3.33607912064
        dvar: 3.73022937775
        dvar2: 9.35626506805
        max: 24.3797645569
        mean: 8.56982326508
        median: 7.70463085175
        min: 2.48100972176
        var: 13.571606636
    spectral_decrease:
        dmean: 3.58201995843e-010
        dmean2: 5.87692672305e-010
        dvar: 2.56410919695e-019
        dvar2: 6.94008101148e-019
        max: 1.000023656e-028
        mean: -1.21607157677e-009
        median: -1.10711539936e-009
        min: -5.75878411624e-009
        var: 4.48968924473e-019
    spectral_energy:
        dmean: 0.00145095423795
        dmean2: 0.002382614417
        dvar: 4.5073416004e-006
        dvar2: 1.21892035168e-005
        max: 0.0253636613488
        mean: 0.00507573923096
        median: 0.00464729219675
        min: 1.00912181556e-020
        var: 7.6576416177e-006
    spectral_energyband_high:
        dmean: 0.000129786902107
        dmean2: 0.000220871064812
        dvar: 6.57395275994e-008
        dvar2: 1.7668996577e-007
        max: 0.00364271760918
        mean: 0.00030449219048
        median: 0.000248136057053
        min: 7.12156624734e-021
        var: 7.33041360945e-008
    spectral_energyband_low:
        dmean: 0.00060825899709
        dmean2: 0.00103281333577
        dvar: 8.77461047821e-007
        dvar2: 2.49568392974e-006
        max: 0.00991887226701
        mean: 0.00136261305306
        median: 0.00117082847282
        min: 1.70879026098e-023
        var: 9.99223061626e-007
    spectral_energyband_middle_high:
        dmean: 0.000355277414201
        dmean2: 0.000566318631172
        dvar: 3.52152653704e-007
        dvar2: 8.84671123913e-007
        max: 0.00816958863288
        mean: 0.00119560293388
        median: 0.000987171079032
        min: 1.26208768229e-021
        var: 7.32744240395e-007
    spectral_energyband_middle_low:
        dmean: 0.0009630410932
        dmean2: 0.00154096516781
        dvar: 2.00420913643e-006
        dvar2: 5.22309755979e-006
        max: 0.0166641697288
        mean: 0.00247489125468
        median: 0.00183136668056
        min: 1.26955083657e-022
        var: 4.0718141463e-006
    spectral_flatness_db:
        dmean: 0.0144646028057
        dmean2: 0.0225414969027
        dvar: 0.00017556300736
        dvar2: 0.000416974682594
        max: 0.444485187531
        mean: 0.156427443027
        median: 0.148336261511
        min: 0.0496356151998
        var: 0.00193127989769
    spectral_flux:
        dmean: 0.00828404538333
        dmean2: 0.0130366226658
        dvar: 0.000111653433123
        dvar2: 0.000219808352995
        max: 0.120671272278
        mean: 0.0353953279555
        median: 0.0325744077563
        min: 6.5604785493e-011
        var: 0.000249663629802
    spectral_kurtosis:
        dmean: 1.17231118679
        dmean2: 1.9977619648
        dvar: 3.62038993835
        dvar2: 10.36835289
        max: 68.2518997192
        mean: 3.72479128838
        median: 3.0042757988
        min: -1.23681032658
        var: 27.2576789856
    spectral_rms:
        dmean: 0.000293747405522
        dmean2: 0.000474294676678
        dvar: 1.36125677841e-007
        dvar2: 3.61313112762e-007
        max: 0.0049744383432
        mean: 0.00213037547655
        median: 0.00212930585258
        min: 3.13768867659e-012
        var: 4.13436140434e-007
    spectral_rolloff:
        dmean: 542.817443848
        dmean2: 905.922790527
        dvar: 415763.8125
        dvar2: 972213.3125
        max: 19250.6835938
        mean: 2648.34130859
        median: 3014.6484375
        min: 107.666015625
        var: 1725630.375
    spectral_skewness:
        dmean: 0.170439958572
        dmean2: 0.276259928942
        dvar: 0.0346023365855
        dvar2: 0.0918072909117
        max: 6.67378950119
        mean: 1.3693574667
        median: 1.31554579735
        min: -0.0565576516092
        var: 0.383145660162
    spectral_spread:
        dmean: 473712.34375
        dmean2: 678246.3125
        dvar: 504446648320
        dvar2: 942604877824
        max: 41894848
        mean: 5154609
        median: 4974852
        min: 1345535.5
        var: 4.66582555853e+012
    spectral_strongpeak:
        dmean: 0.196084856987
        dmean2: 0.323965489864
        dvar: 0.108199305832
        dvar2: 0.273371070623
        max: 4.31486701965
        mean: 0.378943383694
        median: 0.185937434435
        min: 8.42206304696e-010
        var: 0.214390814304
    zerocrossingrate:
        dmean: 0.00760060548782
        dmean2: 0.00959999114275
        dvar: 5.80703635933e-005
        dvar2: 7.83679934102e-005
        max: 0.51513671875
        mean: 0.0744711533189
        median: 0.07421875
        min: 0.0078125
        var: 0.000817934400402
    barkbands:
        dmean: [5.96926611252e-007, 0.000142702047015, 0.000426630314905, 0.000264460453764, 0.000472179322969, 0.000141703698318, 0.000183584779734, 0.000235151543166, 0.000127106482978, 9.96185117401e-005, 3.87657455576e-005, 3.67511638615e-005, 4.9622678489e-005, 3.24313550664e-005, 3.31129376718e-005, 3.71755195374e-005, 5.97510479565e-005, 8.75046025612e-005, 0.000108220869151, 0.00011136726971, 6.17369732936e-005, 2.29375400522e-005, 4.62032630821e-006, 1.97352846953e-006, 1.09654331482e-006, 4.77578083746e-008, 2.74777200993e-010]
        dmean2: [9.56859480539e-007, 0.000243443078944, 0.000716158130672, 0.000449153507361, 0.000788705307059, 0.000237810978433, 0.00027859309921, 0.000341293372912, 0.000185307580978, 0.000150536478031, 5.95952005824e-005, 5.7742363424e-005, 7.76414672146e-005, 5.28182026756e-005, 5.37533742317e-005, 6.25501124887e-005, 0.000100459197711, 0.000145291749504, 0.000183902113349, 0.000190211721929, 0.000106137697003, 3.83662991226e-005, 7.79763104219e-006, 2.90953062176e-006, 1.57468127782e-006, 7.00608140392e-008, 4.88961870992e-010]
        dvar: [1.6256317039e-012, 5.51858612141e-008, 4.2628647634e-007, 1.47127479977e-007, 7.0175218525e-007, 1.02535778979e-007, 1.47198633726e-007, 3.21811228332e-007, 9.77626370968e-008, 8.79385240182e-008, 7.19172010832e-009, 1.02894306409e-008, 1.93298816953e-008, 5.31763344469e-009, 1.20535954551e-008, 3.54588869378e-009, 8.98771990165e-009, 1.95300771111e-008, 2.33639365632e-008, 2.74887224094e-008, 1.50626906503e-008, 4.15717105184e-009, 1.09559875061e-010, 2.95086316493e-011, 8.40828708742e-012, 9.48704429496e-015, 1.21030934654e-019]
        dvar2: [3.68127793873e-012, 1.59521562182e-007, 1.19574895052e-006, 4.19484820213e-007, 1.91160097529e-006, 2.65808438371e-007, 3.18469261629e-007, 6.4079273443e-007, 1.83285777666e-007, 2.03407552135e-007, 1.5924166874e-008, 2.32007444367e-008, 4.57805704457e-008, 1.32281785525e-008, 3.15731867317e-008, 8.98866847621e-009, 2.44012827721e-008, 4.99090049288e-008, 6.30267322776e-008, 7.56392495305e-008, 4.10277287699e-008, 1.03661701445e-008, 2.89532176012e-010, 5.29357460644e-011, 1.51521573066e-011, 2.00184497207e-014, 3.51262841657e-019]
        max: [1.0543879398e-005, 0.00222106650472, 0.00767580699176, 0.00527221336961, 0.0141870863736, 0.00661821244285, 0.011785919778, 0.0145308692008, 0.0072215734981, 0.00681049795821, 0.00375846889801, 0.00345700141042, 0.00327427964658, 0.00144297257066, 0.00401069084182, 0.00121644418687, 0.00191089278087, 0.00246910727583, 0.0020674848929, 0.00284197344445, 0.00203823996708, 0.0018052062951, 0.000218114000745, 0.000163327669725, 6.79961376591e-005, 1.8017790353e-006, 5.80110892656e-009]
        mean: [6.68965299155e-007, 0.000268967240117, 0.000880255945958, 0.000414048932726, 0.000767874822486, 0.000218839544686, 0.00033608393278, 0.00040206121048, 0.000254309648881, 0.000161643940373, 6.74943294143e-005, 5.94963712501e-005, 7.45053766877e-005, 5.13131308253e-005, 5.35343024239e-005, 7.24929268472e-005, 0.000118284435302, 0.000172694664798, 0.000254867045442, 0.000275674712611, 0.000123374018585, 3.32155141223e-005, 7.28355007595e-006, 4.25357166023e-006, 2.41461907535e-006, 9.71674722905e-008, 2.90802965042e-010]
        median: [2.5988177299e-007, 0.000177052512299, 0.00068853906123, 0.000286798924208, 0.000460162060335, 0.000128550556838, 0.000136942049721, 7.31196632842e-005, 9.75853326963e-005, 4.46955673397e-005, 3.5447315895e-005, 2.55899703916e-005, 2.11090446101e-005, 2.30537007155e-005, 2.33989521803e-005, 5.42879643035e-005, 9.12943069125e-005, 0.000135463400511, 0.000216315776925, 0.000242754031206, 9.73126298049e-005, 1.65945311892e-005, 3.63330354958e-006, 1.63868867276e-006, 1.00733245745e-006, 4.33651834442e-008, 1.70804204114e-010]
        min: [2.34955890011e-024, 6.36135540704e-024, 2.19795344198e-024, 2.1517853575e-024, 1.53660795778e-023, 1.91078235561e-023, 1.1319070095e-023, 1.53059999313e-023, 2.80358231153e-023, 1.62904920301e-023, 2.29168526365e-023, 3.92992769388e-023, 2.7977324346e-023, 3.55906051651e-023, 5.69650343612e-023, 8.34467983378e-023, 5.20701335116e-023, 9.39070623866e-023, 1.77301070153e-022, 1.87597080739e-022, 2.80483420223e-022, 2.96548591491e-022, 4.89373055863e-022, 6.49378382223e-022, 7.8584480599e-022, 1.48111111347e-021, 2.08045233878e-021]
        var: [1.68178828069e-012, 6.64831034669e-008, 5.99785323629e-007, 1.82517524649e-007, 9.28207384732e-007, 1.31676401338e-007, 4.13085359696e-007, 1.00966849459e-006, 3.26189336874e-007, 1.78174985876e-007, 1.43795197971e-008, 2.17312106088e-008, 3.91314998183e-008, 9.30039867342e-009, 2.35706689722e-008, 5.54462653568e-009, 1.23083161441e-008, 2.4856483094e-008, 3.27788924892e-008, 3.54125653246e-008, 1.49490180235e-008, 5.42987566021e-009, 1.28753382955e-010, 1.14385022287e-010, 3.15358988923e-011, 2.22341761024e-014, 1.32822303813e-019]
    frequency_bands:
        dmean: [5.96926611252e-007, 0.000142702047015, 0.000426630314905, 0.000264460453764, 0.000472179322969, 0.000141703698318, 0.000183584779734, 0.000235151543166, 0.000127106482978, 9.96185117401e-005, 3.87657455576e-005, 3.67511638615e-005, 4.9622678489e-005, 3.24313550664e-005, 3.31129376718e-005, 3.71755195374e-005, 5.97510479565e-005, 8.75046025612e-005, 0.000108220869151, 0.00011136726971, 6.17369732936e-005, 2.29375400522e-005, 4.62032630821e-006, 1.97352846953e-006, 1.09654331482e-006, 4.77578083746e-008, 2.74777200993e-010, 5.83093087703e-011]
        dmean2: [9.56859480539e-007, 0.000243443078944, 0.000716158130672, 0.000449153507361, 0.000788705307059, 0.000237810978433, 0.00027859309921, 0.000341293372912, 0.000185307580978, 0.000150536478031, 5.95952005824e-005, 5.7742363424e-005, 7.76414672146e-005, 5.28182026756e-005, 5.37533742317e-005, 6.25501124887e-005, 0.000100459197711, 0.000145291749504, 0.000183902113349, 0.000190211721929, 0.000106137697003, 3.83662991226e-005, 7.79763104219e-006, 2.90953062176e-006, 1.57468127782e-006, 7.00608140392e-008, 4.88961870992e-010, 1.08255737707e-010]
        dvar: [1.6256317039e-012, 5.51858612141e-008, 4.2628647634e-007, 1.47127479977e-007, 7.0175218525e-007, 1.02535778979e-007, 1.47198633726e-007, 3.21811228332e-007, 9.77626370968e-008, 8.79385240182e-008, 7.19172010832e-009, 1.02894306409e-008, 1.93298816953e-008, 5.31763344469e-009, 1.20535954551e-008, 3.54588869378e-009, 8.98771990165e-009, 1.95300771111e-008, 2.33639365632e-008, 2.74887224094e-008, 1.50626906503e-008, 4.15717105184e-009, 1.09559875061e-010, 2.95086316493e-011, 8.40828708742e-012, 9.48704429496e-015, 1.21030934654e-019, 6.21664075462e-021]
        dvar2: [3.68127793873e-012, 1.59521562182e-007, 1.19574895052e-006, 4.19484820213e-007, 1.91160097529e-006, 2.65808438371e-007, 3.18469261629e-007, 6.4079273443e-007, 1.83285777666e-007, 2.03407552135e-007, 1.5924166874e-008, 2.32007444367e-008, 4.57805704457e-008, 1.32281785525e-008, 3.15731867317e-008, 8.98866847621e-009, 2.44012827721e-008, 4.99090049288e-008, 6.30267322776e-008, 7.56392495305e-008, 4.10277287699e-008, 1.03661701445e-008, 2.89532176012e-010, 5.29357460644e-011, 1.51521573066e-011, 2.00184497207e-014, 3.51262841657e-019, 1.96721902735e-020]
        max: [1.0543879398e-005, 0.00222106650472, 0.00767580699176, 0.00527221336961, 0.0141870863736, 0.00661821244285, 0.011785919778, 0.0145308692008, 0.0072215734981, 0.00681049795821, 0.00375846889801, 0.00345700141042, 0.00327427964658, 0.00144297257066, 0.00401069084182, 0.00121644418687, 0.00191089278087, 0.00246910727583, 0.0020674848929, 0.00284197344445, 0.00203823996708, 0.0018052062951, 0.000218114000745, 0.000163327669725, 6.79961376591e-005, 1.8017790353e-006, 5.80110892656e-009, 9.63113921948e-010]
        mean: [6.68965299155e-007, 0.000268967240117, 0.000880255945958, 0.000414048932726, 0.000767874822486, 0.000218839544686, 0.00033608393278, 0.00040206121048, 0.000254309648881, 0.000161643940373, 6.74943294143e-005, 5.94963712501e-005, 7.45053766877e-005, 5.13131308253e-005, 5.35343024239e-005, 7.24929268472e-005, 0.000118284435302, 0.000172694664798, 0.000254867045442, 0.000275674712611, 0.000123374018585, 3.32155141223e-005, 7.28355007595e-006, 4.25357166023e-006, 2.41461907535e-006, 9.71674722905e-008, 2.90802965042e-010, 4.55706167246e-011]
        median: [2.5988177299e-007, 0.000177052512299, 0.00068853906123, 0.000286798924208, 0.000460162060335, 0.000128550556838, 0.000136942049721, 7.31196632842e-005, 9.75853326963e-005, 4.46955673397e-005, 3.5447315895e-005, 2.55899703916e-005, 2.11090446101e-005, 2.30537007155e-005, 2.33989521803e-005, 5.42879643035e-005, 9.12943069125e-005, 0.000135463400511, 0.000216315776925, 0.000242754031206, 9.73126298049e-005, 1.65945311892e-005, 3.63330354958e-006, 1.63868867276e-006, 1.00733245745e-006, 4.33651834442e-008, 1.70804204114e-010, 1.85813153059e-011]
        min: [2.34955890011e-024, 6.36135540704e-024, 2.19795344198e-024, 2.1517853575e-024, 1.53660795778e-023, 1.91078235561e-023, 1.1319070095e-023, 1.53059999313e-023, 2.80358231153e-023, 1.62904920301e-023, 2.29168526365e-023, 3.92992769388e-023, 2.7977324346e-023, 3.55906051651e-023, 5.69650343612e-023, 8.34467983378e-023, 5.20701335116e-023, 9.39070623866e-023, 1.77301070153e-022, 1.87597080739e-022, 2.80483420223e-022, 2.96548591491e-022, 4.89373055863e-022, 6.49378382223e-022, 7.8584480599e-022, 1.48111111347e-021, 2.08045233878e-021, 5.34653520361e-022]
        var: [1.68178828069e-012, 6.64831034669e-008, 5.99785323629e-007, 1.82517524649e-007, 9.28207384732e-007, 1.31676401338e-007, 4.13085359696e-007, 1.00966849459e-006, 3.26189336874e-007, 1.78174985876e-007, 1.43795197971e-008, 2.17312106088e-008, 3.91314998183e-008, 9.30039867342e-009, 2.35706689722e-008, 5.54462653568e-009, 1.23083161441e-008, 2.4856483094e-008, 3.27788924892e-008, 3.54125653246e-008, 1.49490180235e-008, 5.42987566021e-009, 1.28753382955e-010, 1.14385022287e-010, 3.15358988923e-011, 2.22341761024e-014, 1.32822303813e-019, 5.08134101845e-021]
    mfcc:
        mean: [-715.82824707, 118.659370422, -26.1035671234, 66.930267334, -12.8496599197, -6.9398393631, 8.24713516235, -3.23945522308, 1.90629518032, -0.566693544388, -2.33931326866, -1.70081067085, -2.901720047]
        cov: [[5712.38134766, 372.196838379, -479.646362305, 342.821624756, -350.266967773, 11.2750892639, 26.5640258789, 84.8325042725, 25.5261974335, 2.06100034714, 32.3545074463, -24.7489261627, 17.5339031219], [372.196838379, 711.961608887, -312.758422852, 180.288635254, -79.9263916016, -62.5189208984, 65.3490982056, -54.7640838623, 26.5125331879, 27.3029308319, 15.5555925369, 26.8869724274, -14.3295249939], [-479.646362305, -312.758422852, 452.48739624, -141.114776611, 96.5296554565, 15.9781227112, -67.4515228271, 23.7944412231, -32.6595802307, -12.8009443283, 4.59872531891, -4.74780797958, 10.3506450653], [342.821624756, 180.288635254, -141.114776611, 280.866912842, 13.7937736511, -11.9099855423, 14.5988445282, -12.6014614105, 17.7129211426, -6.18947315216, -28.854970932, -6.7267575264, 6.0396156311], [-350.266967773, -79.9263916016, 96.5296554565, 13.7937736511, 134.27281189, 5.22414302826, 0.522700667381, -15.736866951, -1.1014008522, 5.68870735168, -15.0007171631, -4.94475317001, -6.72197055817], [11.2750892639, -62.5189208984, 15.9781227112, -11.9099855423, 5.22414302826, 101.994445801, 14.9179725647, 24.7941570282, -17.0941181183, -9.03810882568, 2.67089152336, -15.770401001, -10.5057344437], [26.5640258789, 65.3490982056, -67.4515228271, 14.5988445282, 0.522700667381, 14.9179725647, 109.321807861, 22.8910999298, 16.5936908722, -1.67072713375, -8.67092609406, 9.43517971039, -9.08475780487], [84.8325042725, -54.7640838623, 23.7944412231, -12.6014614105, -15.736866951, 24.7941570282, 22.8910999298, 69.396194458, 16.6903133392, -0.0906617566943, -1.43275547028, -5.62091684341, 0.769144773483], [25.5261974335, 26.5125331879, -32.6595802307, 17.7129211426, -1.1014008522, -17.0941181183, 16.5936908722, 16.6903133392, 54.3512611389, 26.9312267303, 1.69730317593, -1.91930639744, -3.85528326035], [2.06100034714, 27.3029308319, -12.8009443283, -6.18947315216, 5.68870735168, -9.03810882568, -1.67072713375, -0.0906617566943, 26.9312267303, 63.9217643738, 24.1469993591, 6.25747489929, -7.82653427124], [32.3545074463, 15.5555925369, 4.59872531891, -28.854970932, -15.0007171631, 2.67089152336, -8.67092609406, -1.43275547028, 1.69730317593, 24.1469993591, 53.9796028137, 22.1807289124, 2.0264070034], [-24.7489261627, 26.8869724274, -4.74780797958, -6.7267575264, -4.94475317001, -15.770401001, 9.43517971039, -5.62091684341, -1.91930639744, 6.25747489929, 22.1807289124, 53.2036590576, 24.4438743591], [17.5339031219, -14.3295249939, 10.3506450653, 6.0396156311, -6.72197055817, -10.5057344437, -9.08475780487, 0.769144773483, -3.85528326035, -7.82653427124, 2.0264070034, 24.4438743591, 49.9121780396]]
        icov: [[0.000242156515014, 3.94079106627e-005, 7.53823260311e-005, -0.000355483032763, 0.00058755959617, 4.85611053591e-005, -2.80877102341e-005, -0.00026482300018, 0.000215434673009, -0.000117218121886, -0.000265988754109, 0.000270364573225, -8.14007289591e-005], [3.94079106627e-005, 0.00270684412681, 0.00078642857261, -0.00142927828711, 0.00142952089664, 0.00111365912016, -0.00148916186299, 0.00182144413702, 0.000318570440868, -0.000713102461305, -0.000991611741483, -0.000547398813069, 0.00112208002247], [7.53823260311e-005, 0.00078642857261, 0.00471658492461, 0.00151325692423, -0.00343925715424, 0.000910133647267, 0.00236099096946, -0.00320522952825, 0.00207101809792, 0.000662111619022, -0.000934403156862, 4.77973444504e-005, -0.000476094253827], [-0.000355483032763, -0.00142927828711, 0.00151325692423, 0.00613092398271, -0.00341630983166, -0.000631433795206, 0.00162756675854, -0.000724337820429, -0.00157634855714, 0.00123025407083, 0.00262639019638, 8.31997676869e-005, -0.00170296768192], [0.00058755959617, 0.00142952089664, -0.00343925715424, -0.00341630983166, 0.0139709413052, -0.00125463330187, -0.00316898874007, 0.00585592538118, -0.00109258992597, -0.00357509567402, 0.00324802217074, -0.000961102254223, 0.00197487138212], [4.85611053591e-005, 0.00111365912016, 0.000910133647267, -0.000631433795206, -0.00125463330187, 0.0144703956321, -0.00281160627492, -0.00566711230204, 0.00779254268855, -0.000166308440384, -0.0049153235741, 0.00556542072445, 0.00069252285175], [-2.80877102341e-005, -0.00148916186299, 0.00236099096946, 0.00162756675854, -0.00316898874007, -0.00281160627492, 0.0148545494303, -0.00602455064654, -0.0033447756432, 0.00249847653322, 0.00451444415376, -0.00751749239862, 0.00430551497266], [-0.00026482300018, 0.00182144413702, -0.00320522952825, -0.000724337820429, 0.00585592538118, -0.00566711230204, -0.00602455064654, 0.0251623708755, -0.0105890734121, 0.000970485794824, 0.000569415395148, 0.00127985491417, -0.00183584459592], [0.000215434673009, 0.000318570440868, 0.00207101809792, -0.00157634855714, -0.00109258992597, 0.00779254268855, -0.0033447756432, -0.0105890734121, 0.0334227010608, -0.013603261672, 0.000376536074327, 0.00474618282169, -0.00106664816849], [-0.000117218121886, -0.000713102461305, 0.000662111619022, 0.00123025407083, -0.00357509567402, -0.000166308440384, 0.00249847653322, 0.000970485794824, -0.013603261672, 0.0270125940442, -0.0111180329695, -0.00085566972848, 0.00352904177271], [-0.000265988754109, -0.000991611741483, -0.000934403156862, 0.00262639019638, 0.00324802217074, -0.0049153235741, 0.00451444415376, 0.000569415395148, 0.000376536074327, -0.0111180329695, 0.0337887853384, -0.0162211097777, 0.00475846650079], [0.000270364573225, -0.000547398813069, 4.77973444504e-005, 8.31997676869e-005, -0.000961102254223, 0.00556542072445, -0.00751749239862, 0.00127985491417, 0.00474618282169, -0.00085566972848, -0.0162211097777, 0.0376140736043, -0.0181481670588], [-8.14007289591e-005, 0.00112208002247, -0.000476094253827, -0.00170296768192, 0.00197487138212, 0.00069252285175, 0.00430551497266, -0.00183584459592, -0.00106664816849, 0.00352904177271, 0.00475846650079, -0.0181481670588, 0.0310800559819]]
    sccoeffs:
        dmean: [0.0448857024312, 0.047019213438, 0.0368663854897, 0.027761304751, 0.0169677529484, 0.0219814553857]
        dmean2: [0.0753920003772, 0.0757724046707, 0.0599552020431, 0.0459231249988, 0.0287717804313, 0.0344589203596]
        dvar: [0.00145496544428, 0.00149950024206, 0.000862523331307, 0.000497004308272, 0.000175729830517, 0.000413316331105]
        dvar2: [0.00410380074754, 0.00375069165602, 0.00223395531066, 0.00133303040639, 0.000503167684656, 0.000940569210798]
        max: [-0.372301876545, -0.419006377459, -0.523442029953, -0.594481647015, -0.698143005371, -0.537350058556]
        mean: [-0.630002081394, -0.73132288456, -0.769981145859, -0.808984160423, -0.820229709148, -0.749765276909]
        median: [-0.628580510616, -0.740826129913, -0.779160916805, -0.81430631876, -0.819288551807, -0.75434589386]
        min: [-0.973556935787, -0.975527882576, -0.990809798241, -0.966676533222, -0.965190827847, -0.964177131653]
        var: [0.00373768317513, 0.00553259579465, 0.00387019990012, 0.00194662017748, 0.000648857152555, 0.00281621073373]
    scvalleys:
        dmean: [0.339292556047, 0.342915564775, 0.289002150297, 0.238168075681, 0.173393726349, 0.327173680067]
        dmean2: [0.567363679409, 0.559529900551, 0.476069957018, 0.391048401594, 0.28493219614, 0.482363730669]
        dvar: [0.105906903744, 0.108180247247, 0.0786636024714, 0.0642258301377, 0.0547152124345, 0.169000655413]
        dvar2: [0.255481183529, 0.253944039345, 0.174654871225, 0.135082736611, 0.106939345598, 0.330434113741]
        max: [-4.70574426651, -4.32103967667, -5.4104590416, -5.89731502533, -5.58179998398, -7.80159425735]
        mean: [-6.40718317032, -6.64414024353, -7.28576135635, -7.59619283676, -7.08681964874, -10.0372838974]
        median: [-6.2314286232, -6.4410238266, -7.06828737259, -7.37707328796, -6.8319568634, -9.63404273987]
        min: [-27.7438602448, -27.7571926117, -27.747505188, -27.5593204498, -27.5663471222, -27.3877792358]
        var: [1.7998868227, 2.15897083282, 2.25016903877, 2.26464629173, 2.35913157463, 2.57387661934]

rhythm:
    beats_loudness:
        dmean: 0.00218298449181
        dmean2: 0.00382416672073
        dvar: 3.55520160156e-006
        dvar2: 1.11551335067e-005
        max: 0.0185622405261
        mean: 0.00563884573057
        median: 0.00558478245512
        min: 9.83485081568e-012
        var: 6.4769878918e-006
    bpm: 115.142593384
    bpm_confidence: 0
    first_peak_bpm: 115
    first_peak_spread: 0.265251994133
    first_peak_weight: 0.641203701496
    onset_rate: 2.2718038559
    second_peak_bpm: 152
    second_peak_spread: 0.0952381119132
    second_peak_weight: 0.0439814813435
    beats_loudness_band_ratio:
        dmean: [0.167175069451, 0.129450589418, 0.159177005291, 0.0630221366882, 0.0581889487803, 0.0612140633166]
        dmean2: [0.282225817442, 0.230536073446, 0.28612869978, 0.114417411387, 0.100922107697, 0.103555612266]
        dvar: [0.0195292569697, 0.011517691426, 0.0212336760014, 0.00645272620022, 0.00310173281468, 0.00265745166689]
        dvar2: [0.0527786612511, 0.0305066891015, 0.0637724995613, 0.0194936059415, 0.00903761014342, 0.00719757471234]
        max: [0.978783667088, 0.883139789104, 0.858384609222, 0.523688495159, 0.392045676708, 0.488343656063]
        mean: [0.304286658764, 0.192044645548, 0.207913070917, 0.0722638219595, 0.108103118837, 0.143022567034]
        median: [0.26312237978, 0.153960689902, 0.157013624907, 0.0480499789119, 0.098277553916, 0.135622397065]
        min: [0, 0, 0, 0, 0, 0]
        var: [0.029371034354, 0.0202094167471, 0.0264491718262, 0.00529008172452, 0.00387920998037, 0.0048313178122]
    beats_position: [0.522448956966, 1.04489791393, 1.57895684242, 2.10140585899, 2.6470746994, 3.1811337471, 3.70358276367, 4.21442174911, 4.73687076569, 5.27092981339, 5.78176879883, 6.29260778427, 6.81505680084, 7.33750534058, 7.85995435715, 8.38240337372, 8.90485286713, 9.42730140686, 9.94974994659, 10.47219944, 10.9830379486, 11.505487442, 12.0279359818, 12.538775444, 13.0612239838, 13.5952835083, 14.117732048, 14.6285715103, 15.15102005, 15.6734695435, 16.1959171295, 16.7183666229, 17.2408161163, 17.7632656097, 18.2741031647, 18.784942627, 19.3073921204, 19.8298416138, 20.3522891998, 20.8747386932, 21.3971881866, 21.9196376801, 22.4420852661, 22.9645347595, 23.4869842529, 24.009431839, 24.5318813324, 25.0543308258, 25.5767803192, 26.0992279053, 26.6216773987, 27.1441268921, 27.6665763855, 28.1890239716, 28.6998634338, 29.2107028961, 29.7331504822, 30.2555999756, 30.778049469, 31.3004989624, 31.8229465485, 32.3453979492, 32.8678436279, 33.3902931213, 33.9243545532, 34.4468002319, 34.9692497253, 35.4916992188, 36.0141487122, 36.5249862671, 37.0474357605, 37.5698852539, 38.0923347473, 38.6147842407, 39.1488418579, 39.6945114136, 40.124080658, 40.5188217163, 40.91355896, 41.3083000183, 41.703037262, 42.1093864441, 42.5157356262, 42.9104766846, 43.3052139282, 43.6999549866, 44.0946922302, 44.4894332886, 44.8725624084, 45.2556915283, 45.6272087097, 45.9987297058, 46.497959137, 46.9971885681, 47.508026123, 48.018863678, 48.5297050476, 49.0405426025, 49.5629920959, 50.0854415894, 50.6078910828, 51.1303405762, 51.6527900696, 52.1752357483, 52.6976852417, 53.2201347351, 53.7425842285, 54.2650337219, 54.7874832153, 55.3099327087, 55.8439903259, 56.3548278809, 56.8772773743, 57.3997268677, 57.9221763611, 58.4446258545, 58.9554634094, 59.4663009644, 59.9887504578, 60.5111999512, 61.0336494446, 61.556098938, 62.0785484314, 62.6009979248, 63.1234474182, 63.6458930969, 64.1683425903, 64.6907958984, 65.2132415771, 65.7356872559, 66.258140564, 66.7805862427, 67.3030395508, 67.8254852295, 68.3479385376, 68.8703842163, 69.392829895, 69.9152832031, 70.4377288818, 70.9601821899, 71.4826278687, 72.0050811768, 72.5275268555, 73.0499725342, 73.5608139038, 74.0716552734, 74.5941009521, 75.1165542603, 75.638999939, 76.1614532471, 76.6838989258, 77.2063446045, 77.7287979126, 78.2512435913, 78.7736968994, 79.2961425781, 79.8185958862, 80.3410415649, 80.8634872437, 81.3859405518, 81.9083862305, 82.4308395386, 82.9532852173, 83.4757385254, 83.9865722656, 84.5090255737, 85.0314712524, 85.5539245605, 86.0763702393, 86.5872116089, 87.1096572876, 87.6321105957, 88.1429443359, 88.665397644, 89.1878433228, 89.7102966309, 90.244354248, 90.7667999268, 91.2776412964, 91.8000869751, 92.3225402832, 92.8449859619, 93.36743927, 93.8898849487, 94.4007263184, 94.9231719971, 95.4572296143, 95.9796829224, 96.5021286011, 97.0245819092, 97.5470275879, 98.0694732666, 98.5919265747, 99.1259841919, 99.6484298706, 100.170883179, 100.681724548, 101.192558289, 101.715011597, 102.237457275, 102.759910583, 103.282356262, 103.804801941, 104.327255249, 104.849700928, 105.372154236, 105.894599915, 106.417053223, 106.939498901, 107.46194458, 107.984397888, 108.506843567, 109.029296875, 109.551742554, 110.074195862, 110.596641541, 111.130699158, 111.653152466, 112.175598145, 112.698051453, 113.220497131, 113.74294281, 114.25378418, 114.776237488, 115.287071228, 115.797912598, 116.308753967, 116.819587708, 117.318817139, 117.81804657, 118.317276001, 118.816505432, 119.188026428, 119.571151733, 119.965896606, 120.349021912, 120.743759155, 121.138504028, 121.533241272, 121.927978516, 122.31111145, 122.694236755, 123.088973999, 123.483718872, 123.878456116, 124.273193359, 124.667930603, 125.190383911, 125.71282959, 126.246894836, 126.769340515, 127.291786194, 127.802627563, 128.325073242, 128.847518921, 129.369979858, 129.892425537, 130.414871216, 130.937316895, 131.459777832, 131.982223511, 132.493057251, 133.01550293, 133.537963867, 134.060409546, 134.582855225, 135.105300903, 135.627746582, 136.161804199, 136.684265137, 137.206710815, 137.717544556, 138.239990234, 138.750839233, 139.261672974, 139.784118652, 140.31817627, 140.829025269, 141.351470947, 141.873916626, 142.396362305, 142.918823242, 143.441268921, 143.9637146, 144.47454834, 144.997009277, 145.519454956, 146.053512573, 146.575958252, 147.098403931, 147.620864868, 148.143310547, 148.654144287, 149.176589966, 149.699050903, 150.221496582, 150.743942261, 151.266387939, 151.777236938, 152.299682617, 152.822128296, 153.344573975, 153.855422974, 154.377868652, 154.900314331, 155.42276001, 155.945205688, 156.479278564, 157.001724243, 157.524169922, 158.046615601, 158.569061279, 159.079910278, 159.602355957, 160.136413574, 160.658859253, 161.181304932, 161.703765869, 162.214599609, 162.72543335, 163.247894287, 163.770339966, 164.292785645, 164.815231323, 165.337677002, 165.860137939, 166.382583618, 166.905029297, 167.427474976, 167.949935913, 168.460769653, 168.971603394, 169.494049072, 170.01651001, 170.550567627, 171.073013306, 171.583847046, 172.106307983, 172.617141724, 173.127975464, 173.650421143, 174.17288208, 174.706939697, 175.240997314, 175.763442993, 176.285888672, 176.808334351, 177.330795288, 177.853240967, 178.375686646, 178.886520386, 179.408981323, 179.931427002, 180.442260742, 180.976318359, 181.498779297, 182.021224976, 182.543670654, 183.066116333, 183.588562012, 184.111022949, 184.645080566, 185.155914307, 185.666748047, 186.189208984, 186.711654663, 187.222488403, 187.733337402, 188.255783081, 188.766616821, 189.2890625, 189.811508179, 190.333969116, 190.856414795, 191.378860474, 191.901306152, 192.43536377, 192.969436646, 193.491882324, 194.025939941, 194.54838562, 195.070831299, 195.581680298, 196.104125977, 196.626571655, 197.137405396, 197.659866333, 198.182312012, 198.693145752, 199.203994751, 199.738052368, 200.260498047, 200.782943726, 201.317001343, 201.839447021, 202.361907959, 202.884353638, 203.406799316, 203.917633057, 204.440093994, 204.962539673, 205.473373413, 205.995819092, 206.518280029, 207.02911377, 207.551559448, 208.062393188, 208.584854126, 209.107299805, 209.618133545, 210.128982544, 210.628204346, 211.139038086, 211.649887085, 212.160720825, 212.671554565, 213.182403564, 213.693237305, 214.134414673, 214.575592041, 215.016769409, 215.457962036, 215.875915527, 216.293869019, 216.711837769, 217.164627075, 217.62902832, 218.081817627, 218.534591675, 218.987380981, 219.440170288, 219.892959595, 220.345748901]
