
metadata:
    version:
        essentia: "2.1-beta2"
    audio_properties:
        analysis_sample_rate: 44100
        bitrate: 128
        channels: 2
        equal_loudness: 1
        length: 224.757553101
        replay_gain: -14.2110328674
        downmix: "mix"
    tags:
        album: "De Cercle en Cercle"
        artist: "Mass Hysteria"
        comment: ""
        date: "2001"
        genre: "Metal"
        title: "La Aventura Humana (Scratchs DJ Ombre)"
        tracknumber: "3"

configuration:
    average_loudness:
        compute: 1
        frameSize: 88200
        hopSize: 44100
        silentFrames: "noise"
        windowType: "hann"
    general:
        analysisSampleRate: 44100
        endTime: 2000
        equalLoudness: 1
        nequalLoudness: 0
        shortSound: 0
        startTime: 0
    lowlevel:
        compute: 1
        frameSize: 2048
        hopSize: 1024
        zeroPadding: 0
        silentFrames: "noise"
        windowType: "blackmanharris62"
        mfccStats: ["mean", "cov", "icov"]
        stats: ["mean", "var", "median", "min", "max", "dmean", "dmean2", "dvar", "dvar2"]
    panning:
        compute: 0
        frameSize: 8192
        hopSize: 2048
        zeroPadding: 8192
        silentFrames: "noise"
        windowType: "hann"
        stats: ["copy"]
    rhythm:
        compute: 1
        maxTempo: 208
        minTempo: 40
        method: "degara"
        stats: ["mean", "var", "median", "min", "max", "dmean", "dmean2", "dvar", "dvar2"]
    segmentation:
        compute: 0
        cpw: 5
        inc1: 300
        inc2: 50
        minimumSegmentsLength: 10
        size1: 1000
        size2: 600
    sfx:
        compute: 1
        stats: ["mean", "var", "median", "min", "max", "dmean", "dmean2", "dvar", "dvar2"]
    svm:
        compute: 0
    tonal:
        compute: 1
        frameSize: 4096
        hopSize: 2048
        zeroPadding: 0
        silentFrames: "noise"
        windowType: "blackmanharris62"
        stats: ["mean", "var", "median", "min", "max", "dmean", "dmean2", "dvar", "dvar2"]

lowlevel:
    average_loudness: 0.884206593037
    barkbands_kurtosis:
        dmean: 1.17892384529
        dmean2: 1.87191784382
        dvar: 14.9929685593
        dvar2: 34.653553009
        max: 122.089866638
        mean: 0.0681851431727
        median: -1.22539782524
        min: -1.88816809654
        var: 32.3832397461
    barkbands_skewness:
        dmean: 0.447597891092
        dmean2: 0.689566552639
        dvar: 0.245353087783
        dvar2: 0.546216249466
        max: 9.68273353577
        mean: 0.446209013462
        median: 0.288334399462
        min: -3.27744317055
        var: 1.20427191257
    barkbands_spread:
        dmean: 6.02632904053
        dmean2: 9.45777702332
        dvar: 40.1896781921
        dvar2: 91.7847900391
        max: 83.3090820313
        mean: 39.33934021
        median: 40.251739502
        min: 1.16186833382
        var: 142.15045166
    dissonance:
        dmean: 0.0128880497068
        dmean2: 0.0217283964157
        dvar: 0.000171364328708
        dvar2: 0.000469683029223
        max: 0.500000178814
        mean: 0.476736813784
        median: 0.481117874384
        min: 0.321801692247
        var: 0.000313272175845
    hfc:
        dmean: 2.28530454636
        dmean2: 3.61735653877
        dvar: 20.3368148804
        dvar2: 53.5739784241
        max: 55.3118019104
        mean: 7.01337814331
        median: 5.41735601425
        min: 1.11553643583e-016
        var: 40.5537452698
    pitch:
        dmean: 941.336669922
        dmean2: 1810.51599121
        dvar: 2046271.25
        dvar2: 4716536.5
        max: 4856.44726563
        mean: 2051.32666016
        median: 2106.42163086
        min: 50.6561546326
        var: 3100700.75
    pitch_instantaneous_confidence:
        dmean: 0.0834687575698
        dmean2: 0.13586987555
        dvar: 0.00510834995657
        dvar2: 0.0129917785525
        max: 0.857388973236
        mean: 0.374855846167
        median: 0.362096250057
        min: 0.0902977585793
        var: 0.0130201950669
    pitch_salience:
        dmean: 0.0625642314553
        dmean2: 0.103072717786
        dvar: 0.00319104734808
        dvar2: 0.00834675133228
        max: 0.978721022606
        mean: 0.636796534061
        median: 0.649981021881
        min: 0.13299806416
        var: 0.00849474966526
    silence_rate_20dB:
        dmean: 0
        dmean2: 0
        dvar: 0
        dvar2: 0
        max: 1
        mean: 1
        median: 1
        min: 1
        var: 0
    silence_rate_30dB:
        dmean: 0
        dmean2: 0
        dvar: 0
        dvar2: 0
        max: 1
        mean: 1
        median: 1
        min: 1
        var: 0
    silence_rate_60dB:
        dmean: 0.10433883965
        dmean2: 0.208699241281
        dvar: 0.0934415906668
        dvar2: 0.189537480474
        max: 1
        mean: 0.441380023956
        median: 0
        min: 0
        var: 0.246559783816
    spectral_centroid:
        dmean: 301.220001221
        dmean2: 468.129821777
        dvar: 107645.6875
        dvar2: 236419.1875
        max: 11936.7714844
        mean: 1643.12097168
        median: 1610.02148438
        min: 86.4772491455
        var: 756318.375
    spectral_complexity:
        dmean: 3.22933888435
        dmean2: 5.00857543945
        dvar: 16.8051834106
        dvar2: 36.4945678711
        max: 54
        mean: 12.7638673782
        median: 11
        min: 0
        var: 92.1759719849
    spectral_crest:
        dmean: 2.03193974495
        dmean2: 3.35096216202
        dvar: 3.67727351189
        dvar2: 9.46587848663
        max: 23.8876724243
        mean: 7.06926441193
        median: 6.15062093735
        min: 2.38696980476
        var: 10.8845205307
    spectral_decrease:
        dmean: 3.39250821879e-010
        dmean2: 5.58725843369e-010
        dvar: 3.76671296834e-019
        dvar2: 1.00733300194e-018
        max: 1.83143058055e-028
        mean: -9.29739008004e-010
        median: -7.89826537506e-010
        min: -6.84806300555e-009
        var: 5.41201423929e-019
    spectral_energy:
        dmean: 0.00145251664799
        dmean2: 0.00238233059645
        dvar: 7.20987509339e-006
        dvar2: 1.92619500012e-005
        max: 0.0306196119636
        mean: 0.00414518592879
        median: 0.00351524166763
        min: 1.01591358231e-020
        var: 1.08673484647e-005
    spectral_energyband_high:
        dmean: 0.00020630362269
        dmean2: 0.000343609921401
        dvar: 1.91311968933e-007
        dvar2: 5.20946116467e-007
        max: 0.00606514839455
        mean: 0.000482991803437
        median: 0.000327345071128
        min: 7.13556046309e-021
        var: 2.80569395272e-007
    spectral_energyband_low:
        dmean: 0.000437036069343
        dmean2: 0.000759304501116
        dvar: 7.05213665242e-007
        dvar2: 1.98450607058e-006
        max: 0.0094463666901
        mean: 0.000674739887472
        median: 0.000502987240907
        min: 1.7389840699e-023
        var: 6.29656994988e-007
    spectral_energyband_middle_high:
        dmean: 0.000516914238688
        dmean2: 0.000790754507761
        dvar: 6.71704640354e-007
        dvar2: 1.63278662058e-006
        max: 0.0107637578622
        mean: 0.00154486543033
        median: 0.00114366679918
        min: 1.30101414357e-021
        var: 2.13311250263e-006
    spectral_energyband_middle_low:
        dmean: 0.000818391970824
        dmean2: 0.00134502560832
        dvar: 2.52819518209e-006
        dvar2: 6.73833528708e-006
        max: 0.0169018693268
        mean: 0.00160828011576
        median: 0.00121798901819
        min: 1.75109829128e-022
        var: 2.79432106254e-006
    spectral_flatness_db:
        dmean: 0.0164596382529
        dmean2: 0.0254657231271
        dvar: 0.000278414081549
        dvar2: 0.000656033516861
        max: 0.394241303205
        mean: 0.133214324713
        median: 0.124636359513
        min: 0.0284809973091
        var: 0.00134839490056
    spectral_flux:
        dmean: 0.00925712101161
        dmean2: 0.0141408583149
        dvar: 0.000169660459505
        dvar2: 0.00031962885987
        max: 0.150761902332
        mean: 0.0379698202014
        median: 0.0366124883294
        min: 6.59192631036e-011
        var: 0.000423595571192
    spectral_kurtosis:
        dmean: 0.914656221867
        dmean2: 1.50373601913
        dvar: 3.2079167366
        dvar2: 8.75366592407
        max: 68.4661254883
        mean: 2.326182127
        median: 1.9925429821
        min: -1.25442421436
        var: 6.1338262558
    spectral_rms:
        dmean: 0.000318020931445
        dmean2: 0.000500272552017
        dvar: 2.12213464579e-007
        dvar2: 5.40257076409e-007
        max: 0.00546560063958
        mean: 0.00184360938147
        median: 0.00185189198237
        min: 3.14822994063e-012
        var: 6.45180705305e-007
    spectral_rolloff:
        dmean: 448.581604004
        dmean2: 735.579833984
        dvar: 422288.375
        dvar2: 934960.4375
        max: 19422.9492188
        mean: 3408.44311523
        median: 3596.04492188
        min: 86.1328125
        var: 2125342.5
    spectral_skewness:
        dmean: 0.164576277137
        dmean2: 0.262076675892
        dvar: 0.0438965894282
        dvar2: 0.109167709947
        max: 6.41802453995
        mean: 1.15512955189
        median: 1.13176238537
        min: -0.15102212131
        var: 0.136094674468
    spectral_spread:
        dmean: 717962.1875
        dmean2: 997211.375
        dvar: 881868275712
        dvar2: 1.73198186906e+012
        max: 42614448
        mean: 6051463
        median: 5537694
        min: 1127386.125
        var: 8.33678475264e+012
    spectral_strongpeak:
        dmean: 0.314832657576
        dmean2: 0.543041169643
        dvar: 0.39904615283
        dvar2: 1.08041596413
        max: 8.4819355011
        mean: 0.403890132904
        median: 0.173655986786
        min: 0
        var: 0.463337898254
    zerocrossingrate:
        dmean: 0.0102750416845
        dmean2: 0.0123464679345
        dvar: 0.000108778258436
        dvar2: 0.000139725467307
        max: 0.521484375
        mean: 0.100026339293
        median: 0.1005859375
        min: 0.0087890625
        var: 0.00155612535309
    barkbands:
        dmean: [9.75856664809e-007, 0.000138785602758, 0.000264204543782, 0.000168379410752, 0.000293105083983, 0.000233775077504, 0.000178104164661, 0.000173036474735, 0.000121952965856, 7.49716054997e-005, 4.3090829422e-005, 4.41707161372e-005, 3.67329921573e-005, 4.995654308e-005, 6.29904025118e-005, 5.23907219758e-005, 0.000107467123598, 0.000145308469655, 0.000192640844034, 0.000154882494826, 9.63485435932e-005, 4.4756790885e-005, 1.26443837871e-005, 4.38290680904e-006, 2.16400439967e-006, 7.86756615412e-008, 5.04262631651e-010]
        dmean2: [1.5881427089e-006, 0.000240195469814, 0.000464079814265, 0.00028661286342, 0.000492866209242, 0.000387887790566, 0.000296963407891, 0.000289049057756, 0.000198026624275, 0.000123227160657, 6.8543748057e-005, 6.98052172083e-005, 5.88389666518e-005, 8.03185685072e-005, 0.000100094897789, 8.59801002662e-005, 0.000175576424226, 0.000235385276028, 0.000313638098305, 0.000260697415797, 0.000163437856827, 7.4664458225e-005, 2.13988769246e-005, 6.77384787195e-006, 3.39066582455e-006, 1.16949195217e-007, 8.25964574513e-010]
        dvar: [3.54493886502e-012, 7.00038071955e-008, 2.70133227787e-007, 8.22904624442e-008, 3.37548783591e-007, 2.72902809684e-007, 2.33888115986e-007, 1.9982496724e-007, 5.3431921998e-008, 2.87542540889e-008, 8.72128591567e-009, 1.01887334125e-008, 7.805325275e-009, 1.8888732356e-008, 3.68658277239e-008, 1.32867601366e-008, 3.84180260937e-008, 7.32535241355e-008, 9.51478540401e-008, 7.90947254359e-008, 3.68051935595e-008, 1.26534436262e-008, 5.44170541961e-010, 1.09390038694e-010, 2.56378390739e-011, 1.98841577291e-014, 7.77209959664e-019]
        dvar2: [8.7040184088e-012, 2.02500530122e-007, 7.60273906053e-007, 2.19903100174e-007, 9.41446103297e-007, 7.12750363618e-007, 6.02274838002e-007, 5.11158248173e-007, 1.32678977138e-007, 7.3080286711e-008, 1.96765714833e-008, 2.29264252027e-008, 1.91471549726e-008, 4.66331968596e-008, 8.5923382187e-008, 3.12109342815e-008, 9.5521997423e-008, 1.81746770522e-007, 2.32523632349e-007, 2.15628332967e-007, 1.00606250442e-007, 3.49540307809e-008, 1.46875600571e-009, 2.67937450005e-010, 6.447215678e-011, 4.27778641774e-014, 1.89166920989e-018]
        max: [2.23441093112e-005, 0.00217071035877, 0.00687676528469, 0.00441571697593, 0.00786641333252, 0.00874443165958, 0.00789940636605, 0.00782116688788, 0.00443622190505, 0.00260743638501, 0.00217864802107, 0.00217731599696, 0.00195745681413, 0.00397398741916, 0.0062019508332, 0.00392546271905, 0.00426630629227, 0.00644867867231, 0.00414377404377, 0.00462535908446, 0.00382480514236, 0.00209737243131, 0.000418786454247, 0.000322122214129, 0.00011437379726, 3.10767723022e-006, 1.92310505298e-008]
        mean: [1.38387906645e-006, 0.000209959165659, 0.00032557483064, 0.000216995293158, 0.000439520954387, 0.000309106515488, 0.000212420389289, 0.000213503328268, 0.000180638468009, 0.000100053664937, 6.2470586272e-005, 6.38325509499e-005, 5.05538118887e-005, 6.74759867252e-005, 9.5493021945e-005, 9.17860670597e-005, 0.00019943798543, 0.000260287546553, 0.000396808492951, 0.000347016379237, 0.000196912238607, 7.0328329457e-005, 2.0808309273e-005, 8.7215057647e-006, 3.94419066652e-006, 1.53327889052e-007, 6.4658800536e-010]
        median: [3.57146461738e-007, 0.000131129549118, 0.000183932774235, 0.000106782397779, 0.000242398033151, 0.000154549925355, 7.27677979739e-005, 8.12125144876e-005, 8.92372772796e-005, 3.86598840123e-005, 2.69614502031e-005, 2.03884374059e-005, 1.66196568898e-005, 2.56516796071e-005, 2.90726929961e-005, 5.51827615709e-005, 0.000109446977149, 0.000158736802405, 0.000269189826213, 0.000248734286288, 0.000129833657411, 3.3419837564e-005, 1.14589456643e-005, 5.46663750356e-006, 2.14157194023e-006, 6.69026931632e-008, 2.32092386976e-010]
        min: [1.2157351361e-024, 5.35998484028e-024, 1.69375319162e-024, 7.76542940794e-025, 7.5930859799e-024, 4.16295862523e-024, 8.22938434149e-024, 1.41044448658e-023, 1.37337370383e-023, 1.22306296366e-023, 1.39925149697e-023, 2.84831198703e-023, 2.98600324042e-023, 3.92871726571e-023, 7.35509295568e-023, 4.93624410297e-023, 8.09779981815e-023, 9.79912414175e-023, 1.52906348141e-022, 1.78326677682e-022, 2.37992241668e-022, 3.60131083374e-022, 4.16032543908e-022, 5.43564493147e-022, 8.95244692659e-022, 1.34677867836e-021, 2.1659871762e-021]
        var: [5.45472044269e-012, 7.02359415072e-008, 2.26278658033e-007, 9.54191605729e-008, 3.78874148055e-007, 3.01094445376e-007, 2.50105415489e-007, 2.12748815898e-007, 7.65439338579e-008, 3.75603761427e-008, 1.51483163791e-008, 1.94364240258e-008, 1.14577867194e-008, 2.28287131421e-008, 6.54118252896e-008, 2.2739108374e-008, 8.36602112031e-008, 1.16492969937e-007, 1.95174308715e-007, 1.27176193132e-007, 5.18871061672e-008, 1.30351853755e-008, 7.98480059849e-010, 1.74006850595e-010, 3.8911197181e-011, 4.99214283464e-014, 1.20574674753e-018]
    frequency_bands:
        dmean: [9.75856664809e-007, 0.000138785602758, 0.000264204543782, 0.000168379410752, 0.000293105083983, 0.000233775077504, 0.000178104164661, 0.000173036474735, 0.000121952965856, 7.49716054997e-005, 4.3090829422e-005, 4.41707161372e-005, 3.67329921573e-005, 4.995654308e-005, 6.29904025118e-005, 5.23907219758e-005, 0.000107467123598, 0.000145308469655, 0.000192640844034, 0.000154882494826, 9.63485435932e-005, 4.4756790885e-005, 1.26443837871e-005, 4.38290680904e-006, 2.16400439967e-006, 7.86756615412e-008, 5.04262631651e-010, 4.87383501613e-011]
        dmean2: [1.5881427089e-006, 0.000240195469814, 0.000464079814265, 0.00028661286342, 0.000492866209242, 0.000387887790566, 0.000296963407891, 0.000289049057756, 0.000198026624275, 0.000123227160657, 6.8543748057e-005, 6.98052172083e-005, 5.88389666518e-005, 8.03185685072e-005, 0.000100094897789, 8.59801002662e-005, 0.000175576424226, 0.000235385276028, 0.000313638098305, 0.000260697415797, 0.000163437856827, 7.4664458225e-005, 2.13988769246e-005, 6.77384787195e-006, 3.39066582455e-006, 1.16949195217e-007, 8.25964574513e-010, 9.09231925861e-011]
        dvar: [3.54493886502e-012, 7.00038071955e-008, 2.70133227787e-007, 8.22904624442e-008, 3.37548783591e-007, 2.72902809684e-007, 2.33888115986e-007, 1.9982496724e-007, 5.3431921998e-008, 2.87542540889e-008, 8.72128591567e-009, 1.01887334125e-008, 7.805325275e-009, 1.8888732356e-008, 3.68658277239e-008, 1.32867601366e-008, 3.84180260937e-008, 7.32535241355e-008, 9.51478540401e-008, 7.90947254359e-008, 3.68051935595e-008, 1.26534436262e-008, 5.44170541961e-010, 1.09390038694e-010, 2.56378390739e-011, 1.98841577291e-014, 7.77209959664e-019, 6.30475608859e-021]
        dvar2: [8.7040184088e-012, 2.02500530122e-007, 7.60273906053e-007, 2.19903100174e-007, 9.41446103297e-007, 7.12750363618e-007, 6.02274838002e-007, 5.11158248173e-007, 1.32678977138e-007, 7.3080286711e-008, 1.96765714833e-008, 2.29264252027e-008, 1.91471549726e-008, 4.66331968596e-008, 8.5923382187e-008, 3.12109342815e-008, 9.5521997423e-008, 1.81746770522e-007, 2.32523632349e-007, 2.15628332967e-007, 1.00606250442e-007, 3.49540307809e-008, 1.46875600571e-009, 2.67937450005e-010, 6.447215678e-011, 4.27778641774e-014, 1.89166920989e-018, 2.04089270871e-020]
        max: [2.23441093112e-005, 0.00217071035877, 0.00687676528469, 0.00441571697593, 0.00786641333252, 0.00874443165958, 0.00789940636605, 0.00782116688788, 0.00443622190505, 0.00260743638501, 0.00217864802107, 0.00217731599696, 0.00195745681413, 0.00397398741916, 0.0062019508332, 0.00392546271905, 0.00426630629227, 0.00644867867231, 0.00414377404377, 0.00462535908446, 0.00382480514236, 0.00209737243131, 0.000418786454247, 0.000322122214129, 0.00011437379726, 3.10767723022e-006, 1.92310505298e-008, 1.30063027015e-009]
        mean: [1.38387906645e-006, 0.000209959165659, 0.00032557483064, 0.000216995293158, 0.000439520954387, 0.000309106515488, 0.000212420389289, 0.000213503328268, 0.000180638468009, 0.000100053664937, 6.2470586272e-005, 6.38325509499e-005, 5.05538118887e-005, 6.74759867252e-005, 9.5493021945e-005, 9.17860670597e-005, 0.00019943798543, 0.000260287546553, 0.000396808492951, 0.000347016379237, 0.000196912238607, 7.0328329457e-005, 2.0808309273e-005, 8.7215057647e-006, 3.94419066652e-006, 1.53327889052e-007, 6.4658800536e-010, 3.67756415598e-011]
        median: [3.57146461738e-007, 0.000131129549118, 0.000183932774235, 0.000106782397779, 0.000242398033151, 0.000154549925355, 7.27677979739e-005, 8.12125144876e-005, 8.92372772796e-005, 3.86598840123e-005, 2.69614502031e-005, 2.03884374059e-005, 1.66196568898e-005, 2.56516796071e-005, 2.90726929961e-005, 5.51827615709e-005, 0.000109446977149, 0.000158736802405, 0.000269189826213, 0.000248734286288, 0.000129833657411, 3.3419837564e-005, 1.14589456643e-005, 5.46663750356e-006, 2.14157194023e-006, 6.69026931632e-008, 2.32092386976e-010, 1.12151052334e-011]
        min: [1.2157351361e-024, 5.35998484028e-024, 1.69375319162e-024, 7.76542940794e-025, 7.5930859799e-024, 4.16295862523e-024, 8.22938434149e-024, 1.41044448658e-023, 1.37337370383e-023, 1.22306296366e-023, 1.39925149697e-023, 2.84831198703e-023, 2.98600324042e-023, 3.92871726571e-023, 7.35509295568e-023, 4.93624410297e-023, 8.09779981815e-023, 9.79912414175e-023, 1.52906348141e-022, 1.78326677682e-022, 2.37992241668e-022, 3.60131083374e-022, 4.16032543908e-022, 5.43564493147e-022, 8.95244692659e-022, 1.34677867836e-021, 2.1659871762e-021, 5.31365497621e-022]
        var: [5.45472044269e-012, 7.02359415072e-008, 2.26278658033e-007, 9.54191605729e-008, 3.78874148055e-007, 3.01094445376e-007, 2.50105415489e-007, 2.12748815898e-007, 7.65439338579e-008, 3.75603761427e-008, 1.51483163791e-008, 1.94364240258e-008, 1.14577867194e-008, 2.28287131421e-008, 6.54118252896e-008, 2.2739108374e-008, 8.36602112031e-008, 1.16492969937e-007, 1.95174308715e-007, 1.27176193132e-007, 5.18871061672e-008, 1.30351853755e-008, 7.98480059849e-010, 1.74006850595e-010, 3.8911197181e-011, 4.99214283464e-014, 1.20574674753e-018, 4.74080675457e-021]
    mfcc:
        mean: [-721.749511719, 90.4056777954, -23.1704406738, 59.7274627686, -12.9724941254, -8.2111787796, 0.719785630703, -2.56485843658, -0.963149785995, -0.238216027617, -2.65964317322, -2.1318321228, -2.78830766678]
        cov: [[9595.27050781, 527.316223145, -893.628723145, 331.016021729, -579.67376709, -75.798828125, -226.533004761, 82.9069442749, -29.3545780182, 19.0483551025, 40.5150680542, -50.8295478821, -35.4747886658], [527.316223145, 905.239074707, -294.453491211, 184.301513672, -63.1343345642, -94.2267303467, 31.2376880646, -55.5339927673, -5.45900964737, 3.88640880585, -11.9261484146, 6.40693902969, -12.0272884369], [-893.628723145, -294.453491211, 547.423156738, 0.280852913857, 161.841278076, 78.8806533813, 43.3269729614, 55.9984321594, 28.6124744415, 10.0267267227, 2.02684688568, 7.51665306091, 16.6393852234], [331.016021729, 184.301513672, 0.280852913857, 312.225738525, 37.7508888245, 32.8470611572, 21.6171245575, 13.3161563873, 34.4991226196, 21.6187667847, -9.41086196899, -1.56352877617, 4.81989717484], [-579.67376709, -63.1343345642, 161.841278076, 37.7508888245, 226.708755493, 75.6923217773, 57.4017944336, 27.1508197784, 33.0109710693, 36.8350028992, 3.82820439339, 11.9534807205, 1.01540958881], [-75.798828125, -94.2267303467, 78.8806533813, 32.8470611572, 75.6923217773, 177.470962524, 58.7582893372, 73.781539917, 25.1549720764, 18.145483017, 21.7037029266, 2.53404283524, 4.54171085358], [-226.533004761, 31.2376880646, 43.3269729614, 21.6171245575, 57.4017944336, 58.7582893372, 159.519958496, 62.7916259766, 38.5856399536, 18.0874671936, 3.04674839973, 25.4726791382, -0.989929914474], [82.9069442749, -55.5339927673, 55.9984321594, 13.3161563873, 27.1508197784, 73.781539917, 62.7916259766, 114.6615448, 47.7127151489, 25.0197162628, 15.403553009, 11.4462547302, 4.73537635803], [-29.3545780182, -5.45900964737, 28.6124744415, 34.4991226196, 33.0109710693, 25.1549720764, 38.5856399536, 47.7127151489, 86.6612243652, 52.9665908813, 17.9364891052, 11.8000097275, 3.43148612976], [19.0483551025, 3.88640880585, 10.0267267227, 21.6187667847, 36.8350028992, 18.145483017, 18.0874671936, 25.0197162628, 52.9665908813, 89.9743728638, 34.7247238159, 18.5809059143, -2.02096128464], [40.5150680542, -11.9261484146, 2.02684688568, -9.41086196899, 3.82820439339, 21.7037029266, 3.04674839973, 15.403553009, 17.9364891052, 34.7247238159, 73.8842849731, 33.8695068359, 10.9789676666], [-50.8295478821, 6.40693902969, 7.51665306091, -1.56352877617, 11.9534807205, 2.53404283524, 25.4726791382, 11.4462547302, 11.8000097275, 18.5809059143, 33.8695068359, 65.4638977051, 27.7902469635], [-35.4747886658, -12.0272884369, 16.6393852234, 4.81989717484, 1.01540958881, 4.54171085358, -0.989929914474, 4.73537635803, 3.43148612976, -2.02096128464, 10.9789676666, 27.7902469635, 57.5820426941]]
        icov: [[0.000157077869517, -3.07212161488e-007, 0.000185186596354, -0.000212119659409, 0.000296434620395, -1.57638733072e-005, 0.000231029291172, -0.000409624219174, 0.000183918193216, -0.000145307072671, -5.33241945959e-005, 2.75242837233e-005, 7.54471038817e-005], [-3.07212161488e-007, 0.0017620511353, 0.000852462486364, -0.00112075824291, -8.27726908028e-005, 0.000939765363, -0.000985737890005, 0.000430393149145, 0.000326987646986, -6.95337948855e-005, -0.000291103177005, 6.10110691923e-005, 9.44604980759e-005], [0.000185186596354, 0.000852462486364, 0.00310166040435, -0.000557719089556, -0.00151798757724, 0.000354021700332, 8.91404124559e-005, -0.00123812980019, 0.000143312689033, 0.000515379011631, -0.000232134610997, 0.000320179300616, -0.000555972219445], [-0.000212119659409, -0.00112075824291, -0.000557719089556, 0.00452358508483, -0.000670051376801, -0.00131635880098, 0.000290683237836, 0.000872118282132, -0.00192431511823, -0.000102596684883, 0.00138333893847, -2.98394261335e-005, -0.000671621237416], [0.000296434620395, -8.27726908028e-005, -0.00151798757724, -0.000670051376801, 0.00781930983067, -0.00265383906662, -0.000958811782766, 0.00151993404143, -0.000200675305678, -0.00291440077126, 0.00171751168091, -0.00115642370656, 0.000730339670554], [-1.57638733072e-005, 0.000939765363, 0.000354021700332, -0.00131635880098, -0.00265383906662, 0.0103168990463, -0.00202878052369, -0.00533223850653, 0.00240369909443, 0.000480797025375, -0.00402597058564, 0.00370174297132, -0.00131412770133], [0.000231029291172, -0.000985737890005, 8.91404124559e-005, 0.000290683237836, -0.000958811782766, -0.00202878052369, 0.0108252875507, -0.00439515244216, -0.00225278921425, 0.00115384813398, 0.00302220135927, -0.00564880622551, 0.00293556298129], [-0.000409624219174, 0.000430393149145, -0.00123812980019, 0.000872118282132, 0.00151993404143, -0.00533223850653, -0.00439515244216, 0.0182479340583, -0.00759057980031, 0.000802066060714, 4.16420007241e-005, -0.000478269415908, -0.000356748641934], [0.000183918193216, 0.000326987646986, 0.000143312689033, -0.00192431511823, -0.000200675305678, 0.00240369909443, -0.00225278921425, -0.00759057980031, 0.0241022985429, -0.0120804188773, -0.000237816144363, 0.00235960236751, -0.0022530478891], [-0.000145307072671, -6.95337948855e-005, 0.000515379011631, -0.000102596684883, -0.00291440077126, 0.000480797025375, 0.00115384813398, 0.000802066060714, -0.0120804188773, 0.0221781525761, -0.00719386106357, -0.00218770117499, 0.00364871718921], [-5.33241945959e-005, -0.000291103177005, -0.000232134610997, 0.00138333893847, 0.00171751168091, -0.00402597058564, 0.00302220135927, 4.16420007241e-005, -0.000237816144363, -0.00719386106357, 0.0233227163553, -0.011783526279, 0.00119521445595], [2.75242837233e-005, 6.10110691923e-005, 0.000320179300616, -2.98394261335e-005, -0.00115642370656, 0.00370174297132, -0.00564880622551, -0.000478269415908, 0.00235960236751, -0.00218770117499, -0.011783526279, 0.0291768107563, -0.0124416686594], [7.54471038817e-005, 9.44604980759e-005, -0.000555972219445, -0.000671621237416, 0.000730339670554, -0.00131412770133, 0.00293556298129, -0.000356748641934, -0.0022530478891, 0.00364871718921, 0.00119521445595, -0.0124416686594, 0.0238592252135]]
    sccoeffs:
        dmean: [0.0530911199749, 0.0493710115552, 0.0381325781345, 0.0305171962827, 0.0217531919479, 0.0240694731474]
        dmean2: [0.088523298502, 0.0806522071362, 0.0623919479549, 0.0495983473957, 0.0355836637318, 0.0381841361523]
        dvar: [0.00208124238998, 0.00165978167206, 0.000985134975053, 0.00060555152595, 0.000345418346114, 0.000597332429606]
        dvar2: [0.00554718216881, 0.00434305239469, 0.00247666728683, 0.00154737790581, 0.000846449634992, 0.00142958539072]
        max: [-0.3309494555, -0.463341891766, -0.480401843786, -0.61316204071, -0.605885624886, -0.569000184536]
        mean: [-0.672571361065, -0.753296792507, -0.793336510658, -0.808908164501, -0.809362828732, -0.76047873497]
        median: [-0.675569832325, -0.758928775787, -0.797249853611, -0.814570069313, -0.809003412724, -0.760688960552]
        min: [-0.977369189262, -0.996186554432, -0.979597330093, -0.972266256809, -0.968291044235, -0.96294683218]
        var: [0.00557058025151, 0.00507788732648, 0.00317404419184, 0.00229702866636, 0.00115987658501, 0.0026262041647]
    scvalleys:
        dmean: [0.418027848005, 0.420979559422, 0.355704426765, 0.316785216331, 0.251110076904, 0.345733702183]
        dmean2: [0.673274040222, 0.66264885664, 0.550326943398, 0.476621210575, 0.375334024429, 0.469389885664]
        dvar: [0.167836517096, 0.204145312309, 0.145803168416, 0.132703781128, 0.125104919076, 0.175937741995]
        dvar2: [0.379994213581, 0.438482731581, 0.273117721081, 0.243182078004, 0.234975755215, 0.332408696413]
        max: [-4.8427772522, -4.10436201096, -4.98170137405, -5.68512487411, -5.48385000229, -7.31433105469]
        mean: [-6.84065532684, -6.77570581436, -7.46310281754, -7.72274780273, -7.19432735443, -9.60584449768]
        median: [-6.42891931534, -6.42964315414, -7.11075162888, -7.3681344986, -6.77097797394, -9.11209392548]
        min: [-28.0212802887, -27.8816394806, -28.0253410339, -27.6325340271, -27.4671363831, -27.3869533539]
        var: [3.16396975517, 3.39530181885, 3.27542614937, 3.17022705078, 3.23084712029, 3.02363729477]

rhythm:
    beats_loudness:
        dmean: 0.0035380248446
        dmean2: 0.00687212916091
        dvar: 6.02857244303e-006
        dvar2: 2.06876520679e-005
        max: 0.0177650935948
        mean: 0.00537716271356
        median: 0.00515444204211
        min: 4.59142836598e-012
        var: 1.03242336991e-005
    bpm: 87.0643615723
    bpm_confidence: 0
    first_peak_bpm: 88
    first_peak_spread: 0.364312291145
    first_peak_weight: 0.504424750805
    onset_rate: 3.39921855927
    second_peak_bpm: 115
    second_peak_spread: 0.349999964237
    second_peak_weight: 0.115044251084
    beats_loudness_band_ratio:
        dmean: [0.160179793835, 0.120386444032, 0.109677799046, 0.0555624552071, 0.0886114314198, 0.0890302732587]
        dmean2: [0.29896146059, 0.206642925739, 0.191136330366, 0.100130788982, 0.154804140329, 0.145590171218]
        dvar: [0.0202531777322, 0.0105333346874, 0.00984582770616, 0.00333318812773, 0.00634281942621, 0.00563183380291]
        dvar2: [0.060737695545, 0.0298749115318, 0.0248095616698, 0.00935247074813, 0.0167950186878, 0.0155551852658]
        max: [0.976649463177, 0.802579283714, 0.656439840794, 0.392950832844, 0.599220871925, 0.664047300816]
        mean: [0.203327402472, 0.187613874674, 0.154165372252, 0.0707210078835, 0.173178717494, 0.236741095781]
        median: [0.146261274815, 0.156138211489, 0.116122290492, 0.0530512779951, 0.161089539528, 0.234401911497]
        min: [0, 0, 0, 0, 0, 0]
        var: [0.029670715332, 0.0158085878938, 0.0148270763457, 0.00369899789803, 0.0090145021677, 0.0110544739291]
    beats_position: [0.66176867485, 1.34675729275, 2.02013611794, 2.71673464775, 3.42494320869, 4.15637159348, 4.87619018555, 5.61922883987, 6.3622674942, 7.11691617966, 7.87156438828, 8.56816291809, 9.26476192474, 9.96135997772, 10.6463489532, 11.3313379288, 12.0163259506, 12.7129249573, 13.3979139328, 14.0945119858, 14.7795009613, 15.4644899368, 16.1610889435, 16.8460769653, 17.5310649872, 18.2160549164, 18.9010429382, 19.5976409912, 20.2942390442, 20.9792289734, 21.6642169952, 22.3492050171, 23.0341949463, 23.7307929993, 24.4273910522, 25.1123809814, 25.7973690033, 26.4939670563, 27.1789569855, 27.8639450073, 28.5605430603, 29.2455329895, 29.9305210114, 30.6271190643, 31.3121089935, 32.0087051392, 32.6936950684, 33.3902931213, 34.0752830505, 34.7602729797, 35.4568710327, 36.1418571472, 36.8268470764, 37.5234451294, 38.2084350586, 38.8934249878, 39.5784111023, 40.2634010315, 40.9599990845, 41.6565971375, 42.3531951904, 43.0381851196, 43.7231750488, 44.4081611633, 45.0931510925, 45.7897491455, 46.4863471985, 47.1713371277, 47.8563270569, 48.5413131714, 49.2263031006, 49.9229011536, 50.6194992065, 51.3044891357, 51.9894790649, 52.6744651794, 53.3594551086, 54.0444450378, 54.7294311523, 55.4260292053, 56.122631073, 56.8076171875, 57.4926071167, 58.1892051697, 58.8858032227, 59.5707931519, 60.2557830811, 60.952381134, 61.6373672485, 62.3223571777, 63.0189552307, 63.7155532837, 64.4005432129, 65.0855331421, 65.7705230713, 66.4555053711, 67.1521072388, 67.837097168, 68.5336914063, 69.2186813354, 69.9152832031, 70.6002731323, 71.2852630615, 71.9702453613, 72.6552352905, 73.3518371582, 74.0484313965, 74.7450332642, 75.4300231934, 76.1150131226, 76.7999954224, 77.4849853516, 78.1815872192, 78.8665771484, 79.5515594482, 80.2481613159, 80.9447631836, 81.6413574219, 82.3263473511, 83.0113372803, 83.684715271, 84.3697052002, 85.0546951294, 85.7512893677, 86.4478912354, 87.1328811646, 87.8178634644, 88.514465332, 89.2110671997, 89.8960494995, 90.5810394287, 91.2660293579, 91.9510192871, 92.6476211548, 93.3442153931, 94.0292053223, 94.7141952515, 95.4107894897, 96.0957794189, 96.7807693481, 97.4773712158, 98.1623535156, 98.8473434448, 99.5439453125, 100.240539551, 100.92552948, 101.610519409, 102.295509338, 102.992103577, 103.677093506, 104.373695374, 105.058685303, 105.743675232, 106.44026947, 107.125259399, 107.810249329, 108.506843567, 109.191833496, 109.876823425, 110.561813354, 111.246803284, 111.943397522, 112.63999939, 113.336593628, 114.021583557, 114.706573486, 115.403175354, 116.088157654, 116.773147583, 117.458137512, 118.143127441, 118.839729309, 119.536323547, 120.221313477, 120.906303406, 121.591293335, 122.287887573, 122.972877502, 123.657867432, 124.342857361, 125.039451599, 125.724441528, 126.409431458, 127.094421387, 127.791015625, 128.476013184, 129.172607422, 129.86920166, 130.565795898, 131.250793457, 131.935775757, 132.632385254, 133.328979492, 134.013961792, 134.698959351, 135.38394165, 136.068939209, 136.753921509, 137.438903809, 138.123901367, 138.808883667, 139.505477905, 140.202087402, 140.887069702, 141.572067261, 142.257049561, 142.94203186, 143.638641357, 144.335235596, 145.020217896, 145.705215454, 146.390197754, 147.075195313, 147.760177612, 148.445159912, 148.96762085, 149.490066528, 150.012512207, 150.534957886, 151.069015503, 151.579864502, 152.090698242, 152.601531982, 153.12399292, 153.646438599, 154.168884277, 154.691329956, 155.202178955, 155.724624634, 156.247070313, 156.78112793, 157.315185547, 157.837631226, 158.360092163, 158.882537842, 159.416595459, 159.950653076, 160.484710693, 161.030380249, 161.552825928, 162.075286865, 162.597732544, 163.120178223, 163.631011963, 164.1534729, 164.675918579, 165.186752319, 165.709197998, 166.231658936, 166.765716553, 167.29977417, 167.845443726, 168.391113281, 168.936782837, 169.470840454, 169.993286133, 170.515731812, 171.03817749, 171.560638428, 172.071472168, 172.593917847, 173.116363525, 173.638824463, 174.149658203, 174.660491943, 175.35710144, 176.04208374, 176.738677979, 177.423675537, 178.108657837, 178.793640137, 179.490249634, 180.175231934, 180.860229492, 181.55682373, 182.253417969, 182.926803589, 183.611785889, 184.296783447, 184.981765747, 185.666748047, 186.351745605, 187.036727905, 187.733337402, 188.429931641, 189.11491394, 189.799911499, 190.484893799, 191.169876099, 191.866485596, 192.563079834, 193.259674072, 193.956283569, 194.641265869, 195.326248169, 196.011245728, 196.696228027, 197.392837524, 198.089431763, 198.774414063, 199.459411621, 200.156005859, 200.852600098, 201.537597656, 202.222579956, 202.919174194, 203.615783691, 204.300765991, 204.985748291, 205.67074585, 206.355728149, 207.040725708, 207.725708008, 208.410705566, 209.095687866, 209.792282104, 210.488891602, 211.173873901, 211.858856201, 212.555465698, 213.252059937, 213.948654175, 214.645263672, 215.330245972, 216.015228271, 216.688613892, 217.199447632, 217.721893311, 218.23274231, 218.755187988, 219.277633667, 219.788482666, 220.310928345, 220.833374023, 221.355819702, 221.878265381, 222.400726318, 222.923171997, 223.445617676, 223.968063354]
    bpm_estimates: [87.5926971436, 89.1028900146, 86.1328277588, 84.7208023071, 83.3543319702, 86.1328277588, 86.1327667236, 86.1328887939, 87.5926513672, 87.5926513672, 87.5927734375, 86.1327667236, 87.5926513672, 86.1328887939, 87.5926513672, 87.5926513672, 86.1327667236, 87.5927734375, 87.5927734375, 87.5925292969, 87.5927734375, 86.1328887939, 86.1328887939, 87.5925292969, 87.5927734375, 87.5927734375, 87.5925292969, 86.1328887939, 86.1328887939, 87.5925292969, 87.5927734375, 86.1328887939, 87.5925292969, 87.5927734375, 86.1328887939, 87.5925292969, 87.5927734375, 86.1328887939, 87.5925292969, 86.1331176758, 87.5925292969, 86.1328887939, 87.5925292969, 87.5925292969, 86.1328887939, 87.5930175781, 87.5925292969, 86.1328887939, 87.5925292969, 87.5925292969, 87.5930175781, 87.5925292969, 86.1328887939, 86.1328887939, 86.1328887939, 87.5925292969, 87.5925292969, 87.5930175781, 87.5925292969, 86.1328887939, 86.1328887939, 87.5925292969, 87.5925292969, 87.5930175781, 87.5925292969, 86.1328887939, 86.1328887939, 87.5925292969, 87.5925292969, 87.5930175781, 87.5925292969, 87.5925292969, 87.5930175781, 86.1328887939, 86.1324157715, 87.5930175781, 87.5925292969, 86.1328887939, 86.1328887939, 87.5925292969, 87.5925292969, 86.1328887939, 87.5930175781, 87.5925292969, 86.1328887939, 86.1328887939, 87.5925292969, 87.5925292969, 87.5925292969, 87.5935058594, 86.1324157715, 87.5925292969, 86.133354187, 87.5925292969, 86.1324157715, 87.5925292969, 87.5925292969, 87.5935058594, 87.5925292969, 86.1324157715, 86.133354187, 86.1324157715, 87.5925292969, 87.5925292969, 87.5935058594, 87.5925292969, 86.1324157715, 87.5925292969, 87.5935058594, 86.1324157715, 86.1324157715, 86.133354187, 87.5925292969, 87.5925292969, 89.1030044556, 87.5925292969, 87.5925292969, 86.133354187, 86.1324157715, 87.5925292969, 87.5935058594, 86.1324157715, 86.1324157715, 87.5935058594, 87.5925292969, 87.5925292969, 87.5925292969, 86.1324157715, 86.133354187, 87.5925292969, 87.5925292969, 86.133354187, 87.5925292969, 87.5925292969, 86.1324157715, 87.5935058594, 87.5925292969, 86.1324157715, 86.133354187, 87.5925292969, 87.5925292969, 87.5925292969, 86.133354187, 87.5925292969, 86.1324157715, 87.5925292969, 87.5925292969, 86.133354187, 87.5925292969, 87.5925292969, 86.133354187, 87.5925292969, 87.5925292969, 87.5925292969, 87.5925292969, 86.133354187, 86.1324157715, 86.133354187, 87.5925292969, 87.5925292969, 86.1324157715, 87.5935058594, 87.5925292969, 87.5925292969, 87.5925292969, 86.1324157715, 86.133354187, 87.5925292969, 87.5925292969, 87.5925292969, 86.133354187, 87.5925292969, 87.5925292969, 87.5925292969, 86.133354187, 87.5925292969, 87.5925292969, 87.5925292969, 86.133354187, 87.5915527344, 86.133354187, 86.133354187, 86.133354187, 87.5915527344, 87.5935058594, 86.1314697266, 86.133354187, 87.5935058594, 87.5915527344, 87.5935058594, 87.5915527344, 87.5935058594, 87.5935058594, 87.5915527344, 87.5935058594, 86.133354187, 86.1314697266, 87.5935058594, 87.5915527344, 87.5935058594, 87.5935058594, 86.1314697266, 86.133354187, 87.5935058594, 87.5915527344, 87.5935058594, 87.5915527344, 87.5935058594, 87.5935058594, 86.1314697266, 87.5935058594, 86.133354187, 87.5915527344, 87.5935058594, 87.5935058594, 86.1314697266, 87.5935058594, 87.5915527344, 86.133354187, 86.133354187, 89.1019897461, 87.5935058594, 87.5915527344, 87.5935058594, 87.5935058594, 87.5915527344, 87.5935058594, 86.1314697266, 86.133354187, 87.5935058594, 87.5915527344, 87.5935058594, 87.5935058594, 86.1314697266, 86.133354187, 86.133354187, 86.1314697266, 87.5935058594, 87.5935058594, 87.5915527344, 87.5935058594, 86.1314697266, 86.133354187, 87.5935058594, 87.5915527344, 86.133354187, 86.133354187, 87.5915527344, 87.5935058594, 86.133354187, 86.1314697266, 87.5935058594, 87.5935058594, 87.5915527344, 87.5935058594, 87.5915527344, 87.5935058594, 87.5915527344, 87.5935058594, 86.133354187, 86.1314697266, 87.5935058594, 87.5935058594, 86.1314697266, 86.133354187, 86.133354187, 86.1314697266, 87.5935058594, 87.5935058594, 89.1019897461]
