
metadata:
    version:
        essentia: "2.1-beta2"
    audio_properties:
        analysis_sample_rate: 44100
        bitrate: 128
        channels: 2
        equal_loudness: 1
        length: 226.37713623
        replay_gain: -14.7290725708
        downmix: "mix"
    tags:
        album: "De Cercle en Cercle"
        artist: "Mass Hysteria"
        comment: ""
        date: "2001"
        genre: "Metal"
        title: "La Canopée"
        tracknumber: "8"

configuration:
    average_loudness:
        compute: 1
        frameSize: 88200
        hopSize: 44100
        silentFrames: "noise"
        windowType: "hann"
    general:
        analysisSampleRate: 44100
        endTime: 2000
        equalLoudness: 1
        nequalLoudness: 0
        shortSound: 0
        startTime: 0
    lowlevel:
        compute: 1
        frameSize: 2048
        hopSize: 1024
        zeroPadding: 0
        silentFrames: "noise"
        windowType: "blackmanharris62"
        mfccStats: ["mean", "cov", "icov"]
        stats: ["mean", "var", "median", "min", "max", "dmean", "dmean2", "dvar", "dvar2"]
    panning:
        compute: 0
        frameSize: 8192
        hopSize: 2048
        zeroPadding: 8192
        silentFrames: "noise"
        windowType: "hann"
        stats: ["copy"]
    rhythm:
        compute: 1
        maxTempo: 208
        minTempo: 40
        method: "degara"
        stats: ["mean", "var", "median", "min", "max", "dmean", "dmean2", "dvar", "dvar2"]
    segmentation:
        compute: 0
        cpw: 5
        inc1: 300
        inc2: 50
        minimumSegmentsLength: 10
        size1: 1000
        size2: 600
    sfx:
        compute: 1
        stats: ["mean", "var", "median", "min", "max", "dmean", "dmean2", "dvar", "dvar2"]
    svm:
        compute: 0
    tonal:
        compute: 1
        frameSize: 4096
        hopSize: 2048
        zeroPadding: 0
        silentFrames: "noise"
        windowType: "blackmanharris62"
        stats: ["mean", "var", "median", "min", "max", "dmean", "dmean2", "dvar", "dvar2"]

lowlevel:
    average_loudness: 0.843595981598
    barkbands_kurtosis:
        dmean: 1.0665371418
        dmean2: 1.69505703449
        dvar: 19.7351856232
        dvar2: 47.1417999268
        max: 364.374023438
        mean: 0.530741512775
        median: -0.911715865135
        min: -1.95117783546
        var: 63.9614448547
    barkbands_skewness:
        dmean: 0.365563362837
        dmean2: 0.578521490097
        dvar: 0.158394932747
        dvar2: 0.390272140503
        max: 13.3680858612
        mean: 0.748206913471
        median: 0.657827317715
        min: -4.5234003067
        var: 0.896331548691
    barkbands_spread:
        dmean: 4.65438365936
        dmean2: 7.2379155159
        dvar: 19.1651878357
        dvar2: 44.2521934509
        max: 80.7309494019
        mean: 32.6866607666
        median: 33.723739624
        min: 0.307792246342
        var: 166.868225098
    dissonance:
        dmean: 0.0191920977086
        dmean2: 0.0319746509194
        dvar: 0.000479803769849
        dvar2: 0.00126702175476
        max: 0.500000059605
        mean: 0.456677675247
        median: 0.46822065115
        min: 0.10450424999
        var: 0.00181614467874
    hfc:
        dmean: 1.35201358795
        dmean2: 2.21667385101
        dvar: 6.29561281204
        dvar2: 16.9203624725
        max: 36.1810951233
        mean: 5.39088439941
        median: 4.8009557724
        min: 1.06343524072e-016
        var: 16.8247528076
    pitch:
        dmean: 554.896728516
        dmean2: 1079.12915039
        dvar: 1408929.875
        dvar2: 3610585.25
        max: 5370.73779297
        mean: 1374.75219727
        median: 292.671844482
        min: 59.9452514648
        var: 2732497.75
    pitch_instantaneous_confidence:
        dmean: 0.0793098434806
        dmean2: 0.127396985888
        dvar: 0.00470220576972
        dvar2: 0.011557392776
        max: 0.988331735134
        mean: 0.440676599741
        median: 0.408793628216
        min: 0.0911666154861
        var: 0.0246286112815
    pitch_salience:
        dmean: 0.0544089302421
        dmean2: 0.0873060077429
        dvar: 0.00227948674001
        dvar2: 0.00568428076804
        max: 0.943578958511
        mean: 0.573224067688
        median: 0.588816761971
        min: 0.0307673066854
        var: 0.0128109175712
    silence_rate_20dB:
        dmean: 0
        dmean2: 0
        dvar: 0
        dvar2: 0
        max: 1
        mean: 1
        median: 1
        min: 1
        var: 0
    silence_rate_30dB:
        dmean: 0
        dmean2: 0
        dvar: 0
        dvar2: 0
        max: 1
        mean: 1
        median: 1
        min: 1
        var: 0
    silence_rate_60dB:
        dmean: 0.0986666679382
        dmean2: 0.197353571653
        dvar: 0.0889462456107
        dvar2: 0.193072155118
        max: 1
        mean: 0.390934258699
        median: 0
        min: 0
        var: 0.238104760647
    spectral_centroid:
        dmean: 215.781890869
        dmean2: 343.132720947
        dvar: 57478.6171875
        dvar2: 136923.265625
        max: 11586.375
        mean: 1290.88122559
        median: 1238.09069824
        min: 130.949310303
        var: 690869.9375
    spectral_complexity:
        dmean: 2.64923071861
        dmean2: 4.37850046158
        dvar: 10.4535484314
        dvar2: 26.4168548584
        max: 44
        mean: 11.379447937
        median: 11
        min: 0
        var: 47.9176521301
    spectral_crest:
        dmean: 2.11805415154
        dmean2: 3.46690678596
        dvar: 3.99684786797
        dvar2: 10.1609859467
        max: 26.7430171967
        mean: 8.22191619873
        median: 7.32989549637
        min: 2.50351905823
        var: 14.0581159592
    spectral_decrease:
        dmean: 2.83840645432e-010
        dmean2: 4.6401446574e-010
        dvar: 1.73890580455e-019
        dvar2: 4.57660886651e-019
        max: 1.65012269299e-028
        mean: -1.00563635197e-009
        median: -8.9612922638e-010
        min: -4.67956651207e-009
        var: 4.68863083494e-019
    spectral_energy:
        dmean: 0.00116653332952
        dmean2: 0.00190870231017
        dvar: 3.11754502036e-006
        dvar2: 8.21603680379e-006
        max: 0.0198787376285
        mean: 0.004284478724
        median: 0.00381481950171
        min: 1.00785632616e-020
        var: 8.45334488986e-006
    spectral_energyband_high:
        dmean: 0.000124129626784
        dmean2: 0.000210200203583
        dvar: 6.13693984519e-008
        dvar2: 1.67234588844e-007
        max: 0.00440047634766
        mean: 0.00031177161145
        median: 0.000261861248873
        min: 7.07091839848e-021
        var: 1.02050286444e-007
    spectral_energyband_low:
        dmean: 0.00041565997526
        dmean2: 0.000708293868229
        dvar: 4.5390311243e-007
        dvar2: 1.26965278469e-006
        max: 0.00638312660158
        mean: 0.000755788641982
        median: 0.000614252814557
        min: 2.13447696038e-023
        var: 4.90395848374e-007
    spectral_energyband_middle_high:
        dmean: 0.000306454778183
        dmean2: 0.00048873416381
        dvar: 1.96113020934e-007
        dvar2: 4.97495989293e-007
        max: 0.00728836422786
        mean: 0.00118651369121
        median: 0.00100649229717
        min: 1.14993624879e-021
        var: 8.43153827645e-007
    spectral_energyband_middle_low:
        dmean: 0.000793734798208
        dmean2: 0.00127215555403
        dvar: 1.50553171352e-006
        dvar2: 3.87101863453e-006
        max: 0.014389696531
        mean: 0.00222316547297
        median: 0.0016670061741
        min: 1.82517472842e-022
        var: 3.88950411434e-006
    spectral_flatness_db:
        dmean: 0.0154495462775
        dmean2: 0.0240763351321
        dvar: 0.000215324223973
        dvar2: 0.000503924151417
        max: 0.553190946579
        mean: 0.165907755494
        median: 0.144930884242
        min: 0.0521905981004
        var: 0.00475166738033
    spectral_flux:
        dmean: 0.00743248732761
        dmean2: 0.011558804661
        dvar: 8.61894732225e-005
        dvar2: 0.000165782344993
        max: 0.112182445824
        mean: 0.0326747857034
        median: 0.03157761693
        min: 6.39072683661e-011
        var: 0.000275292550214
    spectral_kurtosis:
        dmean: 1.52800989151
        dmean2: 2.54884696007
        dvar: 7.61712169647
        dvar2: 21.3117427826
        max: 121.038619995
        mean: 4.65092182159
        median: 3.13068079948
        min: -1.40644419193
        var: 62.4069023132
    spectral_rms:
        dmean: 0.000254293117905
        dmean2: 0.000408167019486
        dvar: 1.01094279614e-007
        dvar2: 2.60112557271e-007
        max: 0.00440384959802
        mean: 0.00189899257384
        median: 0.00192919024266
        min: 3.13572084965e-012
        var: 5.73794920911e-007
    spectral_rolloff:
        dmean: 400.584411621
        dmean2: 666.165527344
        dvar: 296050.03125
        dvar2: 699987.375
        max: 19466.015625
        mean: 2831.04711914
        median: 3229.98046875
        min: 172.265625
        var: 2525014.25
    spectral_skewness:
        dmean: 0.206971123815
        dmean2: 0.334215581417
        dvar: 0.0651021525264
        dvar2: 0.164659127593
        max: 9.53565883636
        mean: 1.50782740116
        median: 1.33728051186
        min: -0.0812463909388
        var: 0.654179036617
    spectral_spread:
        dmean: 543977.1875
        dmean2: 777346
        dvar: 609322467328
        dvar2: 1.1724381225e+012
        max: 42689364
        mean: 5172508.5
        median: 4879003.5
        min: 836609.3125
        var: 7.94481026662e+012
    spectral_strongpeak:
        dmean: 0.246337637305
        dmean2: 0.408569723368
        dvar: 0.160498067737
        dvar2: 0.407676815987
        max: 5.3797416687
        mean: 0.476622790098
        median: 0.222379043698
        min: 2.14623509937e-011
        var: 0.332440495491
    zerocrossingrate:
        dmean: 0.00788126047701
        dmean2: 0.00977148488164
        dvar: 5.66219750908e-005
        dvar2: 7.7875534771e-005
        max: 0.5224609375
        mean: 0.081708714366
        median: 0.08251953125
        min: 0.005859375
        var: 0.00158847321291
    barkbands:
        dmean: [7.61111152769e-007, 9.72888810793e-005, 0.000277607905446, 0.000179260998266, 0.000334641896188, 0.000187644749531, 0.000163276898093, 0.000192591134692, 0.000186602745089, 6.49181893095e-005, 4.77760222566e-005, 2.69648026006e-005, 3.35717704729e-005, 2.54404876614e-005, 3.65705709555e-005, 4.05951286666e-005, 6.12781004747e-005, 7.60328039178e-005, 0.000119813747006, 0.000109953100036, 6.23343366897e-005, 2.03904492082e-005, 4.91376613354e-006, 1.86205579666e-006, 1.18555806239e-006, 4.39208989178e-008, 2.18390250328e-010]
        dmean2: [1.25624467273e-006, 0.000170156941749, 0.000471588631626, 0.000302952481434, 0.000560551823583, 0.000306101050228, 0.000261807348579, 0.000298971164739, 0.000272845034488, 9.7454583738e-005, 7.32942426112e-005, 4.30297768617e-005, 5.29405479028e-005, 4.10157554143e-005, 5.85084380873e-005, 6.65946499794e-005, 0.000101054276456, 0.000125195438159, 0.000202050578082, 0.000186836812645, 0.000107277541247, 3.42608145729e-005, 8.4119847088e-006, 2.75660727311e-006, 1.70897089902e-006, 6.29758361015e-008, 3.90967286323e-010]
        dvar: [2.11669397288e-012, 2.98305131707e-008, 2.00712960918e-007, 7.16915025123e-008, 3.58927820798e-007, 1.5150676802e-007, 1.32009901677e-007, 1.8008941538e-007, 1.8460580975e-007, 2.60823220799e-008, 1.37989557558e-008, 4.28284474552e-009, 6.92790491641e-009, 2.90429036376e-009, 6.71190436563e-009, 5.384504842e-009, 8.22764434361e-009, 1.28577841707e-008, 2.71286655362e-008, 2.94065252149e-008, 1.45018681508e-008, 2.87634849272e-009, 1.06150623014e-010, 3.74755886046e-011, 2.52692294173e-011, 8.72392012552e-015, 9.64632310212e-020]
        dvar2: [5.19758194817e-012, 8.71265157798e-008, 5.55533745228e-007, 1.94554417021e-007, 9.53924313762e-007, 3.9747038727e-007, 3.13032302302e-007, 3.87299223803e-007, 4.10722748256e-007, 4.9905814592e-008, 2.96303390712e-008, 9.39296995739e-009, 1.50455168324e-008, 6.66025146145e-009, 1.57302064707e-008, 1.30329516068e-008, 2.1956706675e-008, 3.36634329301e-008, 7.4667077854e-008, 8.18188325979e-008, 3.96307022754e-008, 7.68258257011e-009, 2.84040679865e-010, 6.77533584792e-011, 5.009182652e-011, 1.69035267147e-014, 2.8957096194e-019]
        max: [1.18991074487e-005, 0.00141957076266, 0.00472171232104, 0.00375820649788, 0.0081702331081, 0.00938541907817, 0.00773482630029, 0.0128289163113, 0.0122844558209, 0.00568309752271, 0.00394793972373, 0.00247880932875, 0.00251695374027, 0.00175369880162, 0.00269736954942, 0.0026423537638, 0.00173021026421, 0.00191814568825, 0.00258971587755, 0.00249775452539, 0.0024621495977, 0.000893228396308, 0.000202375158551, 0.000243826434598, 0.000190194885363, 2.56114753938e-006, 4.18662127188e-009]
        mean: [8.12217308521e-007, 0.000136407645186, 0.000465736171464, 0.000278879597317, 0.000533719081432, 0.000319215934724, 0.000278698920738, 0.000361832848284, 0.000383955077268, 0.000132518383907, 8.4010163846e-005, 4.52997628599e-005, 5.1938703109e-005, 4.29811989306e-005, 6.16198085481e-005, 7.75271182647e-005, 0.000125785372802, 0.000164133452927, 0.000283092085738, 0.000282252643956, 0.000129275373183, 3.08429953293e-005, 7.36669198886e-006, 4.00757971875e-006, 2.48036008088e-006, 8.92514506745e-008, 2.33504410252e-010]
        median: [3.15134911943e-007, 8.76951380633e-005, 0.000357422220986, 0.000169347578776, 0.000319862156175, 0.00012805609731, 9.29621528485e-005, 0.00010465914238, 0.000127031424199, 4.45868172392e-005, 3.42374041793e-005, 2.07723842323e-005, 2.09688842006e-005, 2.29899960686e-005, 2.79185151157e-005, 5.84083099966e-005, 9.74757131189e-005, 0.000135423251777, 0.000250018492807, 0.000249773933319, 0.000107352760097, 1.30196876853e-005, 3.38588301929e-006, 1.51835126871e-006, 8.66174559633e-007, 3.30748832766e-008, 1.09365627665e-010]
        min: [1.71021420422e-025, 6.64288014259e-024, 4.18729488555e-025, 2.01607327724e-024, 5.0361601997e-024, 6.38536951629e-024, 7.75524501643e-024, 1.03493281174e-023, 2.66070981972e-023, 1.29522251613e-023, 2.15195590923e-023, 2.23146914417e-023, 4.82121429903e-023, 3.86634929145e-023, 5.2229145782e-023, 5.0218206806e-023, 8.59823045722e-023, 9.22165019122e-023, 1.43723603308e-022, 1.48155550091e-022, 2.65184617859e-022, 2.93123395306e-022, 3.82543946978e-022, 5.8243652933e-022, 9.33054884198e-022, 1.28186176199e-021, 1.98397088878e-021]
        var: [1.98068666503e-012, 2.4388095099e-008, 2.2497626162e-007, 1.1701276037e-007, 4.91430398597e-007, 3.80159661972e-007, 3.50949278527e-007, 6.0221844933e-007, 6.71492102811e-007, 1.1036892289e-007, 3.59137573014e-008, 1.0004444384e-008, 1.45533762819e-008, 5.59311175152e-009, 1.43344927039e-008, 9.24782206368e-009, 1.66164060289e-008, 2.57766910039e-008, 6.2358772368e-008, 7.44283212839e-008, 2.0418520208e-008, 3.12990300344e-009, 1.28710861413e-010, 1.3609025018e-010, 7.9282955201e-011, 2.63720523284e-014, 1.22058887511e-019]
    frequency_bands:
        dmean: [7.61111152769e-007, 9.72888810793e-005, 0.000277607905446, 0.000179260998266, 0.000334641896188, 0.000187644749531, 0.000163276898093, 0.000192591134692, 0.000186602745089, 6.49181893095e-005, 4.77760222566e-005, 2.69648026006e-005, 3.35717704729e-005, 2.54404876614e-005, 3.65705709555e-005, 4.05951286666e-005, 6.12781004747e-005, 7.60328039178e-005, 0.000119813747006, 0.000109953100036, 6.23343366897e-005, 2.03904492082e-005, 4.91376613354e-006, 1.86205579666e-006, 1.18555806239e-006, 4.39208989178e-008, 2.18390250328e-010, 4.75985362236e-011]
        dmean2: [1.25624467273e-006, 0.000170156941749, 0.000471588631626, 0.000302952481434, 0.000560551823583, 0.000306101050228, 0.000261807348579, 0.000298971164739, 0.000272845034488, 9.7454583738e-005, 7.32942426112e-005, 4.30297768617e-005, 5.29405479028e-005, 4.10157554143e-005, 5.85084380873e-005, 6.65946499794e-005, 0.000101054276456, 0.000125195438159, 0.000202050578082, 0.000186836812645, 0.000107277541247, 3.42608145729e-005, 8.4119847088e-006, 2.75660727311e-006, 1.70897089902e-006, 6.29758361015e-008, 3.90967286323e-010, 8.85578416154e-011]
        dvar: [2.11669397288e-012, 2.98305131707e-008, 2.00712960918e-007, 7.16915025123e-008, 3.58927820798e-007, 1.5150676802e-007, 1.32009901677e-007, 1.8008941538e-007, 1.8460580975e-007, 2.60823220799e-008, 1.37989557558e-008, 4.28284474552e-009, 6.92790491641e-009, 2.90429036376e-009, 6.71190436563e-009, 5.384504842e-009, 8.22764434361e-009, 1.28577841707e-008, 2.71286655362e-008, 2.94065252149e-008, 1.45018681508e-008, 2.87634849272e-009, 1.06150623014e-010, 3.74755886046e-011, 2.52692294173e-011, 8.72392012552e-015, 9.64632310212e-020, 5.36853465361e-021]
        dvar2: [5.19758194817e-012, 8.71265157798e-008, 5.55533745228e-007, 1.94554417021e-007, 9.53924313762e-007, 3.9747038727e-007, 3.13032302302e-007, 3.87299223803e-007, 4.10722748256e-007, 4.9905814592e-008, 2.96303390712e-008, 9.39296995739e-009, 1.50455168324e-008, 6.66025146145e-009, 1.57302064707e-008, 1.30329516068e-008, 2.1956706675e-008, 3.36634329301e-008, 7.4667077854e-008, 8.18188325979e-008, 3.96307022754e-008, 7.68258257011e-009, 2.84040679865e-010, 6.77533584792e-011, 5.009182652e-011, 1.69035267147e-014, 2.8957096194e-019, 1.70157078142e-020]
        max: [1.18991074487e-005, 0.00141957076266, 0.00472171232104, 0.00375820649788, 0.0081702331081, 0.00938541907817, 0.00773482630029, 0.0128289163113, 0.0122844558209, 0.00568309752271, 0.00394793972373, 0.00247880932875, 0.00251695374027, 0.00175369880162, 0.00269736954942, 0.0026423537638, 0.00173021026421, 0.00191814568825, 0.00258971587755, 0.00249775452539, 0.0024621495977, 0.000893228396308, 0.000202375158551, 0.000243826434598, 0.000190194885363, 2.56114753938e-006, 4.18662127188e-009, 1.04959974045e-009]
        mean: [8.12217308521e-007, 0.000136407645186, 0.000465736171464, 0.000278879597317, 0.000533719081432, 0.000319215934724, 0.000278698920738, 0.000361832848284, 0.000383955077268, 0.000132518383907, 8.4010163846e-005, 4.52997628599e-005, 5.1938703109e-005, 4.29811989306e-005, 6.16198085481e-005, 7.75271182647e-005, 0.000125785372802, 0.000164133452927, 0.000283092085738, 0.000282252643956, 0.000129275373183, 3.08429953293e-005, 7.36669198886e-006, 4.00757971875e-006, 2.48036008088e-006, 8.92514506745e-008, 2.33504410252e-010, 3.74995520747e-011]
        median: [3.15134911943e-007, 8.76951380633e-005, 0.000357422220986, 0.000169347578776, 0.000319862156175, 0.00012805609731, 9.29621528485e-005, 0.00010465914238, 0.000127031424199, 4.45868172392e-005, 3.42374041793e-005, 2.07723842323e-005, 2.09688842006e-005, 2.29899960686e-005, 2.79185151157e-005, 5.84083099966e-005, 9.74757131189e-005, 0.000135423251777, 0.000250018492807, 0.000249773933319, 0.000107352760097, 1.30196876853e-005, 3.38588301929e-006, 1.51835126871e-006, 8.66174559633e-007, 3.30748832766e-008, 1.09365627665e-010, 1.25101578402e-011]
        min: [1.71021420422e-025, 6.64288014259e-024, 4.18729488555e-025, 2.01607327724e-024, 5.0361601997e-024, 6.38536951629e-024, 7.75524501643e-024, 1.03493281174e-023, 2.66070981972e-023, 1.29522251613e-023, 2.15195590923e-023, 2.23146914417e-023, 4.82121429903e-023, 3.86634929145e-023, 5.2229145782e-023, 5.0218206806e-023, 8.59823045722e-023, 9.22165019122e-023, 1.43723603308e-022, 1.48155550091e-022, 2.65184617859e-022, 2.93123395306e-022, 3.82543946978e-022, 5.8243652933e-022, 9.33054884198e-022, 1.28186176199e-021, 1.98397088878e-021, 5.0581513856e-022]
        var: [1.98068666503e-012, 2.4388095099e-008, 2.2497626162e-007, 1.1701276037e-007, 4.91430398597e-007, 3.80159661972e-007, 3.50949278527e-007, 6.0221844933e-007, 6.71492102811e-007, 1.1036892289e-007, 3.59137573014e-008, 1.0004444384e-008, 1.45533762819e-008, 5.59311175152e-009, 1.43344927039e-008, 9.24782206368e-009, 1.66164060289e-008, 2.57766910039e-008, 6.2358772368e-008, 7.44283212839e-008, 2.0418520208e-008, 3.12990300344e-009, 1.28710861413e-010, 1.3609025018e-010, 7.9282955201e-011, 2.63720523284e-014, 1.22058887511e-019, 4.27653871108e-021]
    mfcc:
        mean: [-739.091064453, 115.040367126, -27.4082603455, 55.7964935303, -16.0281848907, -13.4527816772, 0.723272383213, -5.09605979919, 1.85646104813, 1.15741789341, -2.56136226654, -3.22891330719, -3.28784751892]
        cov: [[10785.8300781, 849.598937988, -844.43182373, 1463.32714844, -277.683074951, 612.702270508, 497.836669922, 311.437957764, 137.248840332, -173.860183716, 1.45424079895, -42.9582595825, -224.155975342], [849.598937988, 1079.50415039, -149.309204102, 169.135742188, 73.8410797119, 82.7185287476, 98.7103881836, 26.120557785, 27.8592853546, -20.1333847046, 52.4273376465, 31.7651920319, -7.34677743912], [-844.43182373, -149.309204102, 568.174743652, -127.007949829, 150.021469116, 106.585006714, -19.7199134827, 40.17162323, -13.2652683258, -3.289529562, 78.0796203613, 31.1511001587, 24.6584949493], [1463.32714844, 169.135742188, -127.007949829, 434.732818604, 2.99854493141, 137.543731689, 111.016731262, 59.5421524048, 36.7367668152, -28.7600383759, -4.64522743225, 11.8450164795, -29.5055923462], [-277.683074951, 73.8410797119, 150.021469116, 2.99854493141, 237.460281372, 132.768661499, 55.522808075, 31.6136131287, 18.7595844269, -0.0984442830086, 51.4274902344, 22.174577713, 2.15146207809], [612.702270508, 82.7185287476, 106.585006714, 137.543731689, 132.768661499, 348.968261719, 150.387069702, 116.844245911, 18.7774391174, -24.2949790955, 93.0126113892, 27.0737056732, -11.7298688889], [497.836669922, 98.7103881836, -19.7199134827, 111.016731262, 55.522808075, 150.387069702, 210.50617981, 87.7580947876, 35.3700141907, -10.0185832977, 32.6066551208, 24.2326545715, -23.0013465881], [311.437957764, 26.120557785, 40.17162323, 59.5421524048, 31.6136131287, 116.844245911, 87.7580947876, 118.920410156, 39.0555915833, -11.3488330841, 27.9053936005, 8.62026405334, -11.0409517288], [137.248840332, 27.8592853546, -13.2652683258, 36.7367668152, 18.7595844269, 18.7774391174, 35.3700141907, 39.0555915833, 85.9794311523, 29.33568573, 14.6931695938, -2.16561388969, -13.1590633392], [-173.860183716, -20.1333847046, -3.289529562, -28.7600383759, -0.0984442830086, -24.2949790955, -10.0185832977, -11.3488330841, 29.33568573, 96.0441970825, 34.6207771301, 5.86514520645, -5.02643918991], [1.45424079895, 52.4273376465, 78.0796203613, -4.64522743225, 51.4274902344, 93.0126113892, 32.6066551208, 27.9053936005, 14.6931695938, 34.6207771301, 119.996360779, 37.3495368958, 3.51464939117], [-42.9582595825, 31.7651920319, 31.1511001587, 11.8450164795, 22.174577713, 27.0737056732, 24.2326545715, 8.62026405334, -2.16561388969, 5.86514520645, 37.3495368958, 62.5332832336, 20.6744327545], [-224.155975342, -7.34677743912, 24.6584949493, -29.5055923462, 2.15146207809, -11.7298688889, -23.0013465881, -11.0409517288, -13.1590633392, -5.02643918991, 3.51464939117, 20.6744327545, 62.2700653076]]
        icov: [[0.000223899725825, -6.08188092883e-005, 0.000144024874317, -0.000558451050892, 0.000369618443074, -0.000247343763476, -1.05375374915e-005, -9.06275163288e-005, -5.30503675691e-005, 0.000238218024606, -0.000157391797984, 0.000161804942763, 0.000361016165698], [-6.08188092883e-005, 0.00114062835928, 0.000380131736165, -0.000160737414262, -0.00061599368928, 0.000329198897816, -0.000241059678956, 0.00013869938266, -0.000109198415885, 0.000482975883642, -0.000782620860264, -0.000151422151248, -0.000181849143701], [0.000144024874317, 0.000380131736165, 0.00291445851326, 0.000299129256746, -0.00133448187262, -0.000464090728201, 0.0010240690317, -0.00132425152697, 0.00051256880397, 0.000668177497573, -0.00119622529019, -0.000488109973958, 4.49192120868e-005], [-0.000558451050892, -0.000160737414262, 0.000299129256746, 0.00490770675242, -0.000298640487017, -0.00123467412777, -0.000267377472483, 0.000571891083382, -0.00125428242609, 1.13507603601e-005, 0.00184380961582, -0.00193833268713, 0.000233455037232], [0.000369618443074, -0.00061599368928, -0.00133448187262, -0.000298640487017, 0.00744374096394, -0.00308712548576, -0.000731305626687, 0.00215751328506, -0.00221673841588, 0.000440323259681, 0.000318351289025, -0.000552312470973, 0.000650999136269], [-0.000247343763476, 0.000329198897816, -0.000464090728201, -0.00123467412777, -0.00308712548576, 0.00861858017743, -0.00251594837755, -0.00432602129877, 0.00282305036671, 0.00138318561949, -0.00500151515007, 0.00235151546076, -0.00100922444835], [-1.05375374915e-005, -0.000241059678956, 0.0010240690317, -0.000267377472483, -0.000731305626687, -0.00251594837755, 0.00943431444466, -0.00389211042784, -0.000919452402741, -2.3906426577e-005, 0.00125638535246, -0.00380185688846, 0.00274261715822], [-9.06275163288e-005, 0.00013869938266, -0.00132425152697, 0.000571891083382, 0.00215751328506, -0.00432602129877, -0.00389211042784, 0.0179886929691, -0.00744732609019, 0.00280519668013, 0.000272021163255, -0.00013882049825, 3.13096352329e-005], [-5.30503675691e-005, -0.000109198415885, 0.00051256880397, -0.00125428242609, -0.00221673841588, 0.00282305036671, -0.000919452402741, -0.00744732609019, 0.0183945670724, -0.00617518275976, -0.000851836521178, 0.00248864502646, 0.000557673629373], [0.000238218024606, 0.000482975883642, 0.000668177497573, 1.13507603601e-005, 0.000440323259681, 0.00138318561949, -2.3906426577e-005, 0.00280519668013, -0.00617518275976, 0.0159537959844, -0.00646129529923, 2.88334867946e-005, 0.00172713177744], [-0.000157391797984, -0.000782620860264, -0.00119622529019, 0.00184380961582, 0.000318351289025, -0.00500151515007, 0.00125638535246, 0.000272021163255, -0.000851836521178, -0.00646129529923, 0.0173230487853, -0.00812433194369, 0.00126568798441], [0.000161804942763, -0.000151422151248, -0.000488109973958, -0.00193833268713, -0.000552312470973, 0.00235151546076, -0.00380185688846, -0.00013882049825, 0.00248864502646, 2.88334867946e-005, -0.00812433194369, 0.0252097286284, -0.00851062685251], [0.000361016165698, -0.000181849143701, 4.49192120868e-005, 0.000233455037232, 0.000650999136269, -0.00100922444835, 0.00274261715822, 3.13096352329e-005, 0.000557673629373, 0.00172713177744, 0.00126568798441, -0.00851062685251, 0.0212474986911]]
    sccoeffs:
        dmean: [0.0447505563498, 0.0469716005027, 0.0391295179725, 0.0293536093086, 0.0199572555721, 0.0218660198152]
        dmean2: [0.0746913030744, 0.0766360163689, 0.0627156719565, 0.0482109300792, 0.0331280864775, 0.0348024554551]
        dvar: [0.00138413871173, 0.00149066094309, 0.00101531553082, 0.000585070461966, 0.000275306170806, 0.000423710007453]
        dvar2: [0.00382137112319, 0.00392360985279, 0.00255224620923, 0.00150785804726, 0.000728188082576, 0.00102453737054]
        max: [-0.393357664347, -0.396014660597, -0.474610298872, -0.505262553692, -0.51360231638, -0.572196781635]
        mean: [-0.668043971062, -0.708696722984, -0.745358526707, -0.792166352272, -0.796894907951, -0.75747025013]
        median: [-0.66723382473, -0.715963602066, -0.750286519527, -0.798124730587, -0.807318866253, -0.751760542393]
        min: [-0.97726303339, -0.979644179344, -0.975496768951, -0.972117245197, -0.969015955925, -0.964091718197]
        var: [0.00522215059027, 0.00659985188395, 0.00473056826741, 0.00279415561818, 0.00328410346992, 0.00292078056373]
    scvalleys:
        dmean: [0.349297523499, 0.347775161266, 0.298783540726, 0.257863998413, 0.211755812168, 0.314515471458]
        dmean2: [0.577132701874, 0.576085031033, 0.492609411478, 0.421548038721, 0.331589609385, 0.458367109299]
        dvar: [0.103815287352, 0.107861280441, 0.077333457768, 0.0669935196638, 0.0718684196472, 0.13806219399]
        dvar2: [0.263927131891, 0.262678354979, 0.180956855416, 0.148368760943, 0.141984164715, 0.262815713882]
        max: [-4.91170597076, -4.31882476807, -5.35970067978, -6.06704807281, -5.48281955719, -7.37589263916]
        mean: [-6.89434194565, -6.90468120575, -7.67063617706, -8.00498580933, -7.65395116806, -10.2733297348]
        median: [-6.3002576828, -6.51992750168, -7.17174959183, -7.4197473526, -6.82511997223, -9.72152423859]
        min: [-28.0595283508, -28.1045055389, -27.8621196747, -27.6479606628, -27.5644836426, -27.391210556]
        var: [4.77685976028, 3.8090801239, 4.04311800003, 4.04664564133, 4.74159908295, 3.71555328369]

rhythm:
    beats_loudness:
        dmean: 0.00196951907128
        dmean2: 0.00363883841783
        dvar: 2.49785944106e-006
        dvar2: 7.74483578425e-006
        max: 0.0135489394888
        mean: 0.00533750094473
        median: 0.0052824690938
        min: 1.0653371575e-040
        var: 8.07843935036e-006
    bpm: 102.089241028
    bpm_confidence: 0
    first_peak_bpm: 101
    first_peak_spread: 0.464088410139
    first_peak_weight: 0.497435897589
    onset_rate: 2.52233982086
    second_peak_bpm: 140
    second_peak_spread: 0.555555522442
    second_peak_weight: 0.0205128211528
    beats_loudness_band_ratio:
        dmean: [0.158513695002, 0.164345651865, 0.132242068648, 0.0438313223422, 0.0592558644712, 0.0832673087716]
        dmean2: [0.303530603647, 0.305471718311, 0.231254965067, 0.0769227519631, 0.100816823542, 0.148241236806]
        dvar: [0.0210079383105, 0.0129516720772, 0.0154186636209, 0.00334175000899, 0.00293944799341, 0.00683784484863]
        dvar2: [0.0691262707114, 0.0413749925792, 0.043079521507, 0.00977495964617, 0.00810269918293, 0.0213383324444]
        max: [0.928250074387, 0.853662371635, 0.987029016018, 0.459398329258, 0.548225998878, 0.836726009846]
        mean: [0.214473709464, 0.225027784705, 0.216318920255, 0.063112989068, 0.12651668489, 0.172150850296]
        median: [0.166745379567, 0.209834128618, 0.162302404642, 0.048615463078, 0.121443897486, 0.162145420909]
        min: [0, 0, 0, 0, 0, 0]
        var: [0.0307994000614, 0.0196333173662, 0.0270617436618, 0.00335280434228, 0.00510120159015, 0.0137518187985]
    beats_position: [0.568888902664, 1.14938771725, 1.72988653183, 2.31038546562, 2.89088439941, 3.47138309479, 4.05188179016, 4.62077093124, 5.18965959549, 5.75854873657, 6.32743740082, 6.8963265419, 7.4884352684, 8.09215450287, 8.6958732605, 9.29959201813, 9.90331077576, 10.5070295334, 11.110748291, 11.7144670486, 12.2833557129, 12.8638544083, 13.3863039017, 13.9087524414, 14.4195919037, 14.9884805679, 15.5573692322, 16.114648819, 16.7183666229, 17.3220863342, 17.9258041382, 18.5179138184, 19.1100215912, 19.7021312714, 20.2942390442, 20.8747386932, 21.4668483734, 22.0589561462, 22.6510658264, 23.2431735992, 23.8236732483, 24.4157810211, 25.0078907013, 25.5883903503, 26.168888092, 26.7493877411, 27.3298854828, 27.9103851318, 28.5024929047, 29.0946025848, 29.686712265, 30.2788200378, 30.870929718, 31.4630374908, 32.0551452637, 32.6472549438, 33.2277526855, 33.8082542419, 34.4003639221, 34.9924697876, 35.572971344, 36.1650772095, 36.7571868896, 37.3376846313, 37.9297943115, 38.5219039917, 39.1140136719, 39.7061233521, 40.2866210938, 40.8671188354, 41.4592285156, 42.0513381958, 42.6318359375, 43.2239456177, 43.8160552979, 44.3965530396, 44.9770507813, 45.5691604614, 46.1612701416, 46.7533760071, 47.3338775635, 47.9143753052, 48.4948730469, 49.0869827271, 49.6674804688, 50.2595901489, 50.8516998291, 51.4321975708, 52.024307251, 52.6164169312, 53.1969146729, 53.789024353, 54.3811340332, 54.9616317749, 55.5421295166, 56.122631073, 56.7147369385, 57.3068466187, 57.8989562988, 58.491065979, 59.0831718445, 59.6752815247, 60.2557830811, 60.8362808228, 61.4283905029, 62.0204963684, 62.6126060486, 63.2047157288, 63.7852134705, 64.3657150269, 64.9462127686, 65.5383224487, 66.142036438, 66.7341461182, 67.3262557983, 67.9183654785, 68.4988632202, 69.0793609619, 69.6714706421, 70.2635803223, 70.8556900024, 71.4477996826, 72.0282974243, 72.608795166, 73.2009048462, 73.7930145264, 74.3735122681, 74.9540100098, 75.5461196899, 76.1382293701, 76.7303390503, 77.3224487305, 77.9145584106, 78.5066680908, 79.0871658325, 79.6676635742, 80.2597732544, 80.8518829346, 81.4439926147, 82.0360946655, 82.6166000366, 83.1970977783, 83.77759552, 84.3697052002, 84.9618148804, 85.5423126221, 86.1344223022, 86.7265319824, 87.3186416626, 87.9107437134, 88.4912490845, 89.0717468262, 89.6522445679, 90.244354248, 90.8364639282, 91.428565979, 92.0206756592, 92.6011810303, 93.1932830811, 93.7853927612, 94.3658905029, 94.946395874, 95.5384979248, 96.130607605, 96.7111129761, 97.3032150269, 97.895324707, 98.4758224487, 99.0679321289, 99.6600418091, 100.252151489, 100.844261169, 101.424758911, 102.005256653, 102.585754395, 103.177864075, 103.769973755, 104.350471497, 104.930976868, 105.511474609, 106.10358429, 106.69568634, 107.276191711, 107.856689453, 108.448799133, 109.040908813, 109.633010864, 110.225120544, 110.805618286, 111.386123657, 111.978225708, 112.570335388, 113.174057007, 113.766166687, 114.358276367, 114.938774109, 115.542495728, 116.122993469, 116.703491211, 117.283988953, 117.876098633, 118.468208313, 119.060317993, 119.652427673, 120.232925415, 120.836639404, 121.417137146, 121.997642517, 122.578140259, 123.170249939, 123.762359619, 124.366073608, 124.94657135, 125.527069092, 126.119178772, 126.711288452, 127.291786194, 127.883895874, 128.464401245, 129.056503296, 129.637008667, 130.217498779, 130.79800415, 131.40171814, 131.993835449, 132.5859375, 133.166442871, 133.746932983, 134.339050293, 134.931152344, 135.511657715, 136.103759766, 136.684265137, 137.276367188, 137.868484497, 138.460586548, 139.041091919, 139.621582031, 140.213699341, 140.805801392, 141.397918701, 141.990020752, 142.570526123, 143.162628174, 143.754730225, 144.335235596, 144.927337646, 145.519454956, 146.099945068, 146.692062378, 147.284164429, 147.8646698, 148.456771851, 149.037277222, 149.629379272, 150.209884644, 150.801986694, 151.394104004, 151.974594116, 152.566711426, 153.147201538, 153.739318848, 154.31980896, 154.900314331, 155.492416382, 156.084533691, 156.676635742, 157.268753052, 157.849243164, 158.429748535, 159.010253906, 159.602355957, 160.194458008, 160.786575317, 161.378677368, 161.959182739, 162.55128479, 163.1434021, 163.73550415, 164.32762146, 164.908111572, 165.488616943, 166.092330933, 166.684448242, 167.276550293, 167.857055664, 168.449157715, 169.041259766, 169.621765137, 170.202270508, 170.78276062, 171.363265991, 171.955368042, 172.547485352, 173.127975464, 173.708480835, 174.300582886, 174.892700195, 175.484802246, 176.076919556, 176.657409668, 177.237915039, 177.818405151, 178.398910522, 178.991012573, 179.583129883, 180.163619995, 180.744125366, 181.347839355, 181.939956665, 182.532058716, 183.112564087, 183.704666138, 184.296783447, 184.87727356, 185.457778931, 186.049880981, 186.641998291, 187.234100342, 187.826202393, 188.429931641, 189.022033691, 189.614151001, 190.194641113, 190.786758423, 191.378860474, 191.959365845, 192.539855957, 193.120361328, 193.712463379, 194.304580688, 194.896682739, 195.47718811, 196.069290161, 196.649795532, 197.241897583, 197.834014893, 198.426116943, 199.018234253, 199.598724365, 200.190841675, 200.782943726, 201.363449097, 201.943939209, 202.536056519, 203.128158569, 203.720275879, 204.31237793, 204.892883301, 205.473373413, 206.053878784, 206.645980835, 207.249694824, 207.841812134, 208.422302246, 209.002807617, 209.583312988, 210.163803101, 210.76751709, 211.348022461, 211.940139771, 212.532241821, 213.124343872, 213.716461182, 214.296951294, 214.877456665, 215.469558716, 215.933959961, 216.398361206, 216.851150513, 217.245895386, 217.640625, 218.035369873, 218.453323364, 218.871292114, 219.289245605, 219.707214355, 220.125167847, 220.554733276, 220.984298706, 221.425476074, 221.866668701, 222.296234131, 222.725799561, 223.143753052, 223.561721802, 223.979675293, 224.409240723, 224.838821411, 225.268386841, 225.697952271]
