
metadata:
    version:
        essentia: "2.1-beta2"
    audio_properties:
        analysis_sample_rate: 44100
        bitrate: 128
        channels: 2
        equal_loudness: 1
        length: 239.986938477
        replay_gain: -15.4421024323
        downmix: "mix"
    tags:
        album: "De Cercle en Cercle"
        artist: "Mass Hysteria"
        comment: ""
        date: "2001"
        genre: "Metal"
        title: "La Puissance Bienvenue"
        tracknumber: "2"

configuration:
    average_loudness:
        compute: 1
        frameSize: 88200
        hopSize: 44100
        silentFrames: "noise"
        windowType: "hann"
    general:
        analysisSampleRate: 44100
        endTime: 2000
        equalLoudness: 1
        nequalLoudness: 0
        shortSound: 0
        startTime: 0
    lowlevel:
        compute: 1
        frameSize: 2048
        hopSize: 1024
        zeroPadding: 0
        silentFrames: "noise"
        windowType: "blackmanharris62"
        mfccStats: ["mean", "cov", "icov"]
        stats: ["mean", "var", "median", "min", "max", "dmean", "dmean2", "dvar", "dvar2"]
    panning:
        compute: 0
        frameSize: 8192
        hopSize: 2048
        zeroPadding: 8192
        silentFrames: "noise"
        windowType: "hann"
        stats: ["copy"]
    rhythm:
        compute: 1
        maxTempo: 208
        minTempo: 40
        method: "degara"
        stats: ["mean", "var", "median", "min", "max", "dmean", "dmean2", "dvar", "dvar2"]
    segmentation:
        compute: 0
        cpw: 5
        inc1: 300
        inc2: 50
        minimumSegmentsLength: 10
        size1: 1000
        size2: 600
    sfx:
        compute: 1
        stats: ["mean", "var", "median", "min", "max", "dmean", "dmean2", "dvar", "dvar2"]
    svm:
        compute: 0
    tonal:
        compute: 1
        frameSize: 4096
        hopSize: 2048
        zeroPadding: 0
        silentFrames: "noise"
        windowType: "blackmanharris62"
        stats: ["mean", "var", "median", "min", "max", "dmean", "dmean2", "dvar", "dvar2"]

lowlevel:
    average_loudness: 0.947414040565
    barkbands_kurtosis:
        dmean: 0.616320431232
        dmean2: 0.97062754631
        dvar: 3.49417161942
        dvar2: 7.0082321167
        max: 130.572357178
        mean: -0.335092872381
        median: -0.993861973286
        min: -1.86529052258
        var: 13.0794658661
    barkbands_skewness:
        dmean: 0.296712636948
        dmean2: 0.47047573328
        dvar: 0.0758845210075
        dvar2: 0.183596476912
        max: 9.56445980072
        mean: 0.595353066921
        median: 0.571618378162
        min: -2.71058177948
        var: 0.398301452398
    barkbands_spread:
        dmean: 5.06747961044
        dmean2: 7.93792104721
        dvar: 20.7013912201
        dvar2: 48.7920188904
        max: 67.229133606
        mean: 36.8456497192
        median: 37.1095542908
        min: 0.308019697666
        var: 132.137481689
    dissonance:
        dmean: 0.0149388313293
        dmean2: 0.0251873638481
        dvar: 0.000197640139959
        dvar2: 0.000552104029339
        max: 0.500000119209
        mean: 0.470991373062
        median: 0.47618702054
        min: 0.323892176151
        var: 0.000431655498687
    hfc:
        dmean: 1.80301380157
        dmean2: 2.9694070816
        dvar: 8.24232769012
        dvar2: 21.8014888763
        max: 38.4471893311
        mean: 6.99821805954
        median: 6.36845350266
        min: 1.09115221017e-016
        var: 13.6275262833
    pitch:
        dmean: 574.029724121
        dmean2: 1102.72961426
        dvar: 1337279.375
        dvar2: 3330406.25
        max: 4682.90576172
        mean: 1566.70263672
        median: 293.194152832
        min: 71.9171600342
        var: 2852824.75
    pitch_instantaneous_confidence:
        dmean: 0.077719271183
        dmean2: 0.125031501055
        dvar: 0.00425955001265
        dvar2: 0.0104527454823
        max: 0.888757050037
        mean: 0.390267163515
        median: 0.376086473465
        min: 0.103187501431
        var: 0.0129551561549
    pitch_salience:
        dmean: 0.0582528188825
        dmean2: 0.0939697101712
        dvar: 0.0024014681112
        dvar2: 0.00623643025756
        max: 0.960453271866
        mean: 0.609906435013
        median: 0.612852036953
        min: 0.243158489466
        var: 0.00669960398227
    silence_rate_20dB:
        dmean: 0
        dmean2: 0
        dvar: 0
        dvar2: 0
        max: 1
        mean: 1
        median: 1
        min: 1
        var: 0
    silence_rate_30dB:
        dmean: 0
        dmean2: 0
        dvar: 0
        dvar2: 0
        max: 1
        mean: 1
        median: 1
        min: 1
        var: 0
    silence_rate_60dB:
        dmean: 0.0675309598446
        dmean2: 0.135074988008
        dvar: 0.0629728287458
        dvar2: 0.144677564502
        max: 1
        mean: 0.126052051783
        median: 0
        min: 0
        var: 0.11015637219
    spectral_centroid:
        dmean: 215.347503662
        dmean2: 343.009521484
        dvar: 50933.6054688
        dvar2: 119073.671875
        max: 11642.1044922
        mean: 1331.1517334
        median: 1279.88916016
        min: 168.921081543
        var: 332706.25
    spectral_complexity:
        dmean: 3.23897051811
        dmean2: 5.25186252594
        dvar: 13.0452814102
        dvar2: 31.6762542725
        max: 43
        mean: 13.2546195984
        median: 13
        min: 0
        var: 32.7470970154
    spectral_crest:
        dmean: 1.94152486324
        dmean2: 3.12810301781
        dvar: 3.06534552574
        dvar2: 7.61253643036
        max: 23.2494220734
        mean: 7.30181789398
        median: 6.52182435989
        min: 2.5177154541
        var: 9.72165870667
    spectral_decrease:
        dmean: 3.05734826345e-010
        dmean2: 5.04259300982e-010
        dvar: 1.40393643056e-019
        dvar2: 3.74850646456e-019
        max: 1.98163169024e-028
        mean: -1.26397448064e-009
        median: -1.18525711468e-009
        min: -4.57237403495e-009
        var: 3.08527640984e-019
    spectral_energy:
        dmean: 0.00127915816847
        dmean2: 0.00210975506343
        dvar: 2.68069106824e-006
        dvar2: 7.17484499546e-006
        max: 0.0202824883163
        mean: 0.00540528120473
        median: 0.00506027368829
        min: 1.02537720707e-020
        var: 5.59352702112e-006
    spectral_energyband_high:
        dmean: 0.000157418689923
        dmean2: 0.000269857177045
        dvar: 7.79756064162e-008
        dvar2: 2.14364163753e-007
        max: 0.00312292040326
        mean: 0.000370961497538
        median: 0.000308592658257
        min: 7.23873670422e-021
        var: 7.71906769614e-008
    spectral_energyband_low:
        dmean: 0.000515628198627
        dmean2: 0.000890655617695
        dvar: 3.52807603576e-007
        dvar2: 1.02642093225e-006
        max: 0.00509789539501
        mean: 0.00103894900531
        median: 0.000923046434764
        min: 2.56086763925e-023
        var: 4.2274072598e-007
    spectral_energyband_middle_high:
        dmean: 0.000477432273328
        dmean2: 0.000735954439733
        dvar: 3.82905795959e-007
        dvar2: 8.9915999979e-007
        max: 0.0109503977001
        mean: 0.0017541894922
        median: 0.00142130069435
        min: 1.25986816849e-021
        var: 1.46530305756e-006
    spectral_energyband_middle_low:
        dmean: 0.00085505383322
        dmean2: 0.00136242352892
        dvar: 1.17752119877e-006
        dvar2: 3.03381830236e-006
        max: 0.0133074438199
        mean: 0.00253971689381
        median: 0.00211265636608
        min: 2.1036301324e-022
        var: 2.84967291009e-006
    spectral_flatness_db:
        dmean: 0.0126871457323
        dmean2: 0.0198201388121
        dvar: 0.000123551144497
        dvar2: 0.000284557259874
        max: 0.485318183899
        mean: 0.140198513865
        median: 0.134342953563
        min: 0.0533630885184
        var: 0.00158292974811
    spectral_flux:
        dmean: 0.00779219903052
        dmean2: 0.0120930047706
        dvar: 7.56832087063e-005
        dvar2: 0.000141505544889
        max: 0.107316538692
        mean: 0.0383762195706
        median: 0.0359053947031
        min: 6.59564278194e-011
        var: 0.000187357523828
    spectral_kurtosis:
        dmean: 1.06514251232
        dmean2: 1.78016257286
        dvar: 5.83554458618
        dvar2: 15.778096199
        max: 125.009002686
        mean: 3.53049492836
        median: 2.7315826416
        min: -1.26118040085
        var: 51.0470046997
    spectral_rms:
        dmean: 0.00025951905991
        dmean2: 0.000423571385909
        dvar: 8.6234727803e-008
        dvar2: 2.27184045798e-007
        max: 0.00444834725931
        mean: 0.00223571714014
        median: 0.00222190283239
        min: 3.16285951422e-012
        var: 2.75026678764e-007
    spectral_rolloff:
        dmean: 435.556304932
        dmean2: 707.661499023
        dvar: 268015.84375
        dvar2: 618070.1875
        max: 19552.1484375
        mean: 3052.97607422
        median: 3229.98046875
        min: 172.265625
        var: 1275535.875
    spectral_skewness:
        dmean: 0.158336520195
        dmean2: 0.258951276541
        dvar: 0.0355351492763
        dvar2: 0.0924612730742
        max: 9.40148830414
        mean: 1.33040380478
        median: 1.28956949711
        min: -0.0528662316501
        var: 0.381549686193
    spectral_spread:
        dmean: 439704.875
        dmean2: 638134.875
        dvar: 472946180096
        dvar2: 842744922112
        max: 42032896
        mean: 5267200.5
        median: 5015903.5
        min: 761275.75
        var: 4.18227604685e+012
    spectral_strongpeak:
        dmean: 0.313829958439
        dmean2: 0.520109772682
        dvar: 0.307394653559
        dvar2: 0.715436577797
        max: 7.09410619736
        mean: 0.573057711124
        median: 0.233222872019
        min: 5.59670310096e-010
        var: 0.553029716015
    zerocrossingrate:
        dmean: 0.00755017157644
        dmean2: 0.00930942315608
        dvar: 5.35220860911e-005
        dvar2: 7.20494426787e-005
        max: 0.5302734375
        mean: 0.0850574448705
        median: 0.083984375
        min: 0.00830078125
        var: 0.000778937130235
    barkbands:
        dmean: [9.19405522382e-007, 0.000135245951242, 0.000332951603923, 0.0002252402046, 0.000383089616662, 0.000137780618388, 0.000162650103448, 0.000169375998667, 0.000241815971094, 0.000176761110197, 5.19924687978e-005, 5.52779201826e-005, 6.50055080769e-005, 4.00084572902e-005, 4.92259241582e-005, 4.2757466872e-005, 9.24586129258e-005, 0.000130346539663, 0.000143086144817, 0.000135774651426, 7.22385229892e-005, 3.58360775863e-005, 7.79029687692e-006, 3.83747510568e-006, 2.02354044632e-006, 6.00405485329e-008, 2.92203677921e-010]
        dmean2: [1.5370477513e-006, 0.00023338747269, 0.000574786099605, 0.000381580932299, 0.0006539360038, 0.000229229874094, 0.000270035961876, 0.000262679997832, 0.000350059126504, 0.000251239398494, 8.10205528978e-005, 8.44479509396e-005, 0.000101680358057, 6.40418147668e-005, 7.85775846452e-005, 7.18280280125e-005, 0.000150402105646, 0.000209842764889, 0.000241976798861, 0.000230660894886, 0.000125184393255, 6.00270905124e-005, 1.36035832838e-005, 5.92258311372e-006, 3.07497680296e-006, 8.93327865015e-008, 5.21844012447e-010]
        dvar: [3.37626649728e-012, 4.08775342464e-008, 1.544528061e-007, 6.15256183778e-008, 3.46423604469e-007, 5.49837118058e-008, 1.18932248938e-007, 1.40725290976e-007, 1.61676453558e-007, 1.6166052319e-007, 1.61301070278e-008, 3.35264651596e-008, 5.10016029409e-008, 6.87233292496e-009, 1.12839888544e-008, 4.11256895205e-009, 1.67122315986e-008, 6.02014793571e-008, 3.25117284206e-008, 3.60716150283e-008, 1.66932512258e-008, 4.87715290376e-009, 2.09719505651e-010, 3.38796574129e-010, 7.28485813339e-011, 4.5477839295e-014, 1.37446437307e-019]
        dvar2: [8.49809198705e-012, 1.15818430402e-007, 4.46951247568e-007, 1.74625355953e-007, 9.48651461385e-007, 1.37991122529e-007, 2.94134537171e-007, 3.18260845233e-007, 2.92535276003e-007, 2.98209300809e-007, 3.59454972454e-008, 7.1973531135e-008, 1.12187422019e-007, 1.63014739485e-008, 2.71936144713e-008, 9.88493820131e-009, 4.04614546312e-008, 1.37603436201e-007, 8.55416431023e-008, 9.84000863014e-008, 4.64548399748e-008, 1.34081838965e-008, 5.68740499141e-010, 7.06934677464e-010, 1.54591076051e-010, 9.25826933564e-014, 4.00383669863e-019]
        max: [1.29971222123e-005, 0.00201916368678, 0.00379235856235, 0.00322005129419, 0.00792131386697, 0.00598079897463, 0.00713909696788, 0.00876678898931, 0.00843411125243, 0.010184828192, 0.00327762472443, 0.00504623958841, 0.00641553103924, 0.00255024875514, 0.00420234631747, 0.00144099385943, 0.00301653821953, 0.00737175578251, 0.00385359534994, 0.00342570268549, 0.00191245262977, 0.00109730078839, 0.000240449255216, 0.000539386353921, 0.000227568016271, 9.84971211437e-006, 8.01748445411e-009]
        mean: [8.74974432463e-007, 0.000269528914941, 0.000550272350665, 0.000358370511094, 0.000678017677274, 0.00023718981538, 0.000245591858402, 0.000299385777907, 0.000548916112166, 0.000348652625689, 9.32502662181e-005, 9.8537580925e-005, 0.000110920234874, 6.80796438246e-005, 8.84623659658e-005, 8.39799104142e-005, 0.000192766136024, 0.000250324344961, 0.000328726804582, 0.000327249465045, 0.000143420751556, 6.01794781687e-005, 1.06861316453e-005, 7.82781535236e-006, 3.9552992348e-006, 1.19143834354e-007, 3.11159931154e-010]
        median: [3.23721593531e-007, 0.000200257767574, 0.00042917492101, 0.000264941510977, 0.000432108092355, 0.000155710760737, 0.000106755549496, 9.67791856965e-005, 0.0002149179345, 9.44034545682e-005, 3.51722228515e-005, 3.08354428853e-005, 2.73651221505e-005, 3.37152014254e-005, 4.18551608163e-005, 6.41245133011e-005, 0.000127687235363, 0.000175661290996, 0.000277859304333, 0.000277824379737, 0.000116707378766, 4.24809659307e-005, 6.25081656835e-006, 2.42045621235e-006, 1.48505853304e-006, 5.23680334652e-008, 1.76621134385e-010]
        min: [2.9627612633e-026, 4.8579770316e-024, 1.78251444017e-024, 4.6284070697e-024, 1.22115904786e-023, 1.79860444163e-023, 1.0760914717e-023, 1.43901355758e-023, 3.7277464304e-023, 2.82513651582e-023, 2.03013464399e-023, 2.63500305163e-023, 1.86780537127e-023, 5.83975237235e-023, 5.822024459e-023, 6.99028833214e-023, 9.96657469947e-023, 1.06456564589e-022, 1.69264395064e-022, 2.28208725612e-022, 2.49448243817e-022, 3.37694541322e-022, 4.99438719065e-022, 6.27295981919e-022, 9.51181165996e-022, 1.24727254633e-021, 2.06409653853e-021]
        var: [2.88103438675e-012, 5.8218809329e-008, 1.98337431812e-007, 1.03658805983e-007, 5.07815229867e-007, 8.75515411281e-008, 2.03379855179e-007, 3.71866008209e-007, 8.23170523745e-007, 5.98923008965e-007, 5.15220399677e-008, 1.01308970102e-007, 1.31937696324e-007, 1.58894675195e-008, 2.21080398433e-008, 7.62378871144e-009, 4.36094182987e-008, 9.18562648167e-008, 5.21940961562e-008, 4.96697794006e-008, 1.52798396158e-008, 4.86951945433e-009, 2.09575024002e-010, 1.02179698036e-009, 1.78441886267e-010, 1.06599645289e-013, 1.59103240666e-019]
    frequency_bands:
        dmean: [9.19405522382e-007, 0.000135245951242, 0.000332951603923, 0.0002252402046, 0.000383089616662, 0.000137780618388, 0.000162650103448, 0.000169375998667, 0.000241815971094, 0.000176761110197, 5.19924687978e-005, 5.52779201826e-005, 6.50055080769e-005, 4.00084572902e-005, 4.92259241582e-005, 4.2757466872e-005, 9.24586129258e-005, 0.000130346539663, 0.000143086144817, 0.000135774651426, 7.22385229892e-005, 3.58360775863e-005, 7.79029687692e-006, 3.83747510568e-006, 2.02354044632e-006, 6.00405485329e-008, 2.92203677921e-010, 6.22660950578e-011]
        dmean2: [1.5370477513e-006, 0.00023338747269, 0.000574786099605, 0.000381580932299, 0.0006539360038, 0.000229229874094, 0.000270035961876, 0.000262679997832, 0.000350059126504, 0.000251239398494, 8.10205528978e-005, 8.44479509396e-005, 0.000101680358057, 6.40418147668e-005, 7.85775846452e-005, 7.18280280125e-005, 0.000150402105646, 0.000209842764889, 0.000241976798861, 0.000230660894886, 0.000125184393255, 6.00270905124e-005, 1.36035832838e-005, 5.92258311372e-006, 3.07497680296e-006, 8.93327865015e-008, 5.21844012447e-010, 1.15616655139e-010]
        dvar: [3.37626649728e-012, 4.08775342464e-008, 1.544528061e-007, 6.15256183778e-008, 3.46423604469e-007, 5.49837118058e-008, 1.18932248938e-007, 1.40725290976e-007, 1.61676453558e-007, 1.6166052319e-007, 1.61301070278e-008, 3.35264651596e-008, 5.10016029409e-008, 6.87233292496e-009, 1.12839888544e-008, 4.11256895205e-009, 1.67122315986e-008, 6.02014793571e-008, 3.25117284206e-008, 3.60716150283e-008, 1.66932512258e-008, 4.87715290376e-009, 2.09719505651e-010, 3.38796574129e-010, 7.28485813339e-011, 4.5477839295e-014, 1.37446437307e-019, 7.31056813157e-021]
        dvar2: [8.49809198705e-012, 1.15818430402e-007, 4.46951247568e-007, 1.74625355953e-007, 9.48651461385e-007, 1.37991122529e-007, 2.94134537171e-007, 3.18260845233e-007, 2.92535276003e-007, 2.98209300809e-007, 3.59454972454e-008, 7.1973531135e-008, 1.12187422019e-007, 1.63014739485e-008, 2.71936144713e-008, 9.88493820131e-009, 4.04614546312e-008, 1.37603436201e-007, 8.55416431023e-008, 9.84000863014e-008, 4.64548399748e-008, 1.34081838965e-008, 5.68740499141e-010, 7.06934677464e-010, 1.54591076051e-010, 9.25826933564e-014, 4.00383669863e-019, 2.32668894179e-020]
        max: [1.29971222123e-005, 0.00201916368678, 0.00379235856235, 0.00322005129419, 0.00792131386697, 0.00598079897463, 0.00713909696788, 0.00876678898931, 0.00843411125243, 0.010184828192, 0.00327762472443, 0.00504623958841, 0.00641553103924, 0.00255024875514, 0.00420234631747, 0.00144099385943, 0.00301653821953, 0.00737175578251, 0.00385359534994, 0.00342570268549, 0.00191245262977, 0.00109730078839, 0.000240449255216, 0.000539386353921, 0.000227568016271, 9.84971211437e-006, 8.01748445411e-009, 1.63320312829e-009]
        mean: [8.74974432463e-007, 0.000269528914941, 0.000550272350665, 0.000358370511094, 0.000678017677274, 0.00023718981538, 0.000245591858402, 0.000299385777907, 0.000548916112166, 0.000348652625689, 9.32502662181e-005, 9.8537580925e-005, 0.000110920234874, 6.80796438246e-005, 8.84623659658e-005, 8.39799104142e-005, 0.000192766136024, 0.000250324344961, 0.000328726804582, 0.000327249465045, 0.000143420751556, 6.01794781687e-005, 1.06861316453e-005, 7.82781535236e-006, 3.9552992348e-006, 1.19143834354e-007, 3.11159931154e-010, 4.84779785759e-011]
        median: [3.23721593531e-007, 0.000200257767574, 0.00042917492101, 0.000264941510977, 0.000432108092355, 0.000155710760737, 0.000106755549496, 9.67791856965e-005, 0.0002149179345, 9.44034545682e-005, 3.51722228515e-005, 3.08354428853e-005, 2.73651221505e-005, 3.37152014254e-005, 4.18551608163e-005, 6.41245133011e-005, 0.000127687235363, 0.000175661290996, 0.000277859304333, 0.000277824379737, 0.000116707378766, 4.24809659307e-005, 6.25081656835e-006, 2.42045621235e-006, 1.48505853304e-006, 5.23680334652e-008, 1.76621134385e-010, 1.99709727922e-011]
        min: [2.9627612633e-026, 4.8579770316e-024, 1.78251444017e-024, 4.6284070697e-024, 1.22115904786e-023, 1.79860444163e-023, 1.0760914717e-023, 1.43901355758e-023, 3.7277464304e-023, 2.82513651582e-023, 2.03013464399e-023, 2.63500305163e-023, 1.86780537127e-023, 5.83975237235e-023, 5.822024459e-023, 6.99028833214e-023, 9.96657469947e-023, 1.06456564589e-022, 1.69264395064e-022, 2.28208725612e-022, 2.49448243817e-022, 3.37694541322e-022, 4.99438719065e-022, 6.27295981919e-022, 9.51181165996e-022, 1.24727254633e-021, 2.06409653853e-021, 5.65765992515e-022]
        var: [2.88103438675e-012, 5.8218809329e-008, 1.98337431812e-007, 1.03658805983e-007, 5.07815229867e-007, 8.75515411281e-008, 2.03379855179e-007, 3.71866008209e-007, 8.23170523745e-007, 5.98923008965e-007, 5.15220399677e-008, 1.01308970102e-007, 1.31937696324e-007, 1.58894675195e-008, 2.21080398433e-008, 7.62378871144e-009, 4.36094182987e-008, 9.18562648167e-008, 5.21940961562e-008, 4.96697794006e-008, 1.52798396158e-008, 4.86951945433e-009, 2.09575024002e-010, 1.02179698036e-009, 1.78441886267e-010, 1.06599645289e-013, 1.59103240666e-019, 5.77697123693e-021]
    mfcc:
        mean: [-693.938903809, 111.48576355, -28.2830162048, 60.5398216248, -17.276550293, -6.8319568634, 5.31033086777, 0.9121555686, 5.61868095398, -0.129661798477, 0.248890697956, -6.56595468521, -5.44643354416]
        cov: [[3576.25317383, 29.956111908, -345.625732422, 121.953804016, -290.004577637, 41.5399589539, -52.2062797546, 49.3162384033, 56.1312294006, -13.6032876968, 76.8552246094, -53.8077888489, -44.4119110107], [29.956111908, 605.21673584, -95.7431182861, 91.113571167, -34.087348938, -19.2484703064, 36.3899536133, -30.2582931519, 1.30269241333, -17.9507045746, -25.0271701813, -11.5079240799, -12.7236423492], [-345.625732422, -95.7431182861, 306.33996582, -19.4751224518, 93.1314926147, -23.5055503845, -27.6121330261, -10.0012111664, -28.7912578583, 2.41738271713, -19.8040790558, 10.9824104309, 13.8990182877], [121.953804016, 91.113571167, -19.4751224518, 252.338134766, 22.8343276978, 15.6187238693, -11.8406686783, -13.1777839661, -2.14446401596, 13.3000192642, -8.63723659515, 16.0857276917, 18.2956905365], [-290.004577637, -34.087348938, 93.1314926147, 22.8343276978, 154.122177124, 0.376053035259, -1.08691072464, -25.3930740356, -17.779592514, 3.50881505013, -17.979724884, 13.554350853, 7.26106500626], [41.5399589539, -19.2484703064, -23.5055503845, 15.6187238693, 0.376053035259, 89.4394607544, 11.0136260986, 13.1603441238, -22.4738693237, -12.0083532333, 7.11620330811, 3.36960291862, 13.4149198532], [-52.2062797546, 36.3899536133, -27.6121330261, -11.8406686783, -1.08691072464, 11.0136260986, 105.454681396, 32.083152771, 10.7016811371, -9.69514083862, -9.7144536972, 12.6592092514, -1.34336400032], [49.3162384033, -30.2582931519, -10.0012111664, -13.1777839661, -25.3930740356, 13.1603441238, 32.083152771, 74.9532623291, 23.8783302307, 1.15329968929, -2.95716190338, -5.01579332352, -3.5281291008], [56.1312294006, 1.30269241333, -28.7912578583, -2.14446401596, -17.779592514, -22.4738693237, 10.7016811371, 23.8783302307, 76.3368301392, 35.5629005432, 4.62160921097, -18.284286499, -18.7676506042], [-13.6032876968, -17.9507045746, 2.41738271713, 13.3000192642, 3.50881505013, -12.0083532333, -9.69514083862, 1.15329968929, 35.5629005432, 75.8177261353, 20.5903720856, -6.76524877548, -15.0509986877], [76.8552246094, -25.0271701813, -19.8040790558, -8.63723659515, -17.979724884, 7.11620330811, -9.7144536972, -2.95716190338, 4.62160921097, 20.5903720856, 60.8251304626, 15.822265625, 5.36875009537], [-53.8077888489, -11.5079240799, 10.9824104309, 16.0857276917, 13.554350853, 3.36960291862, 12.6592092514, -5.01579332352, -18.284286499, -6.76524877548, 15.822265625, 62.7325592041, 32.4609451294], [-44.4119110107, -12.7236423492, 13.8990182877, 18.2956905365, 7.26106500626, 13.4149198532, -1.34336400032, -3.5281291008, -18.7676506042, -15.0509986877, 5.36875009537, 32.4609451294, 64.1705932617]]
        icov: [[0.000376032432541, 7.2661350714e-005, 0.000222504269914, -0.000293035787763, 0.000517739332281, -6.17114055785e-005, 0.000220716596232, -0.000101235011243, -0.000140045085573, 0.000367241183994, -0.000407148298109, 0.000182936724741, 0.000250083277933], [7.2661350714e-005, 0.00209979549982, 0.000476469256682, -0.000904585176613, 0.000642793311272, 0.000631414586678, -0.00111315911636, 0.0013216054067, 8.73895405675e-005, 0.000505696691107, 0.000449350074632, 0.000574291567318, 0.000282031833194], [0.000222504269914, 0.000476469256682, 0.00490095559508, 0.000334485928761, -0.00231828400865, 0.00175584387034, 0.00131469080225, -0.00156397849787, 0.00215271883644, -0.000916621647775, 0.00101117766462, 1.08839685709e-005, -0.000747127691284], [-0.000293035787763, -0.000904585176613, 0.000334485928761, 0.00509149488062, -0.00119469373021, -0.00126677157823, 0.00115727528464, 0.000112821013317, -0.000290658092126, -0.0020276485011, 0.00211974303238, -0.00185879343189, -0.00127347349189], [0.000517739332281, 0.000642793311272, -0.00231828400865, -0.00119469373021, 0.0101744914427, -0.00140485563315, -0.00121813185979, 0.00373392715119, -0.000213605089812, -0.000904151413124, 0.00249680434354, -0.00159894535318, 0.000976134906523], [-6.17114055785e-005, 0.000631414586678, 0.00175584387034, -0.00126677157823, -0.00140485563315, 0.0151116456836, -0.00170164986048, -0.00423586368561, 0.00670050689951, 0.000111252491479, -0.0032252240926, 0.00385605357587, -0.00290031195618], [0.000220716596232, -0.00111315911636, 0.00131469080225, 0.00115727528464, -0.00121813185979, -0.00170164986048, 0.0136210760102, -0.00566802732646, -0.0021603887435, 0.00137920491397, 0.00256356759928, -0.00560042494908, 0.002094586147], [-0.000101235011243, 0.0013216054067, -0.00156397849787, 0.000112821013317, 0.00373392715119, -0.00423586368561, -0.00566802732646, 0.0205653421581, -0.00726027507335, 0.00132132356521, 0.00193344650324, 0.000201689399546, -0.000103639707959], [-0.000140045085573, 8.73895405675e-005, 0.00215271883644, -0.000290658092126, -0.000213605089812, 0.00670050689951, -0.0021603887435, -0.00726027507335, 0.0244394689798, -0.00998427718878, -0.000540760695003, 0.00540439458564, -0.000166653393535], [0.000367241183994, 0.000505696691107, -0.000916621647775, -0.0020276485011, -0.000904151413124, 0.000111252491479, 0.00137920491397, 0.00132132356521, -0.00998427718878, 0.0216074697673, -0.00786796398461, 0.000512965081725, 0.00385832763277], [-0.000407148298109, 0.000449350074632, 0.00101117766462, 0.00211974303238, 0.00249680434354, -0.0032252240926, 0.00256356759928, 0.00193344650324, -0.000540760695003, -0.00786796398461, 0.0244014207274, -0.00886356830597, -2.57804567809e-005], [0.000182936724741, 0.000574291567318, 1.08839685709e-005, -0.00185879343189, -0.00159894535318, 0.00385605357587, -0.00560042494908, 0.000201689399546, 0.00540439458564, 0.000512965081725, -0.00886356830597, 0.0278301294893, -0.0115987667814], [0.000250083277933, 0.000282031833194, -0.000747127691284, -0.00127347349189, 0.000976134906523, -0.00290031195618, 0.002094586147, -0.000103639707959, -0.000166653393535, 0.00385832763277, -2.57804567809e-005, -0.0115987667814, 0.0235970336944]]
    sccoeffs:
        dmean: [0.0494186542928, 0.0466544814408, 0.0392704382539, 0.028271863237, 0.0177694056183, 0.0209296029061]
        dmean2: [0.0841958001256, 0.0765278935432, 0.0639835968614, 0.0472588390112, 0.0299596283585, 0.0338410809636]
        dvar: [0.00154244469013, 0.00143946171738, 0.000983970821835, 0.000498482608236, 0.000192896841327, 0.000327544374159]
        dvar2: [0.00447656167671, 0.00373348128051, 0.00253425468691, 0.00134478625841, 0.000538079999387, 0.000820233428385]
        max: [-0.391727685928, -0.48703160882, -0.491183966398, -0.603688061237, -0.702232718468, -0.56178098917]
        mean: [-0.643838584423, -0.741363883018, -0.741548538208, -0.801270902157, -0.811392664909, -0.746062457561]
        median: [-0.643195688725, -0.745824575424, -0.75321906805, -0.807709932327, -0.812361478806, -0.745945870876]
        min: [-0.97279715538, -0.984622180462, -0.976518273354, -0.968415379524, -0.961709320545, -0.962719976902]
        var: [0.00330352596939, 0.00419541168958, 0.00602448591962, 0.00193522521295, 0.000624456035439, 0.00156642741058]
    scvalleys:
        dmean: [0.353339493275, 0.361568748951, 0.287234663963, 0.233367428184, 0.173719719052, 0.263160914183]
        dmean2: [0.590413510799, 0.598071157932, 0.476329356432, 0.387768805027, 0.286359429359, 0.396793544292]
        dvar: [0.0931195318699, 0.118281595409, 0.0691482201219, 0.0545475184917, 0.0431832782924, 0.10258859396]
        dvar2: [0.226847887039, 0.287542015314, 0.156627506018, 0.117433838546, 0.0831967815757, 0.205204546452]
        max: [-5.01317882538, -4.21981287003, -5.3778719902, -5.90945625305, -5.67444896698, -7.30260181427]
        mean: [-6.37136697769, -6.43184280396, -7.0125541687, -7.33791255951, -6.8788599968, -9.61374568939]
        median: [-6.24858856201, -6.35114955902, -6.90786170959, -7.23487663269, -6.74177217484, -9.40992736816]
        min: [-28.1669063568, -27.8541088104, -27.4029445648, -27.7209510803, -27.4970970154, -27.3655090332]
        var: [1.5484597683, 1.44195330143, 1.33780372143, 1.26451337337, 1.35740125179, 1.6225181818]

rhythm:
    beats_loudness:
        dmean: 0.00200726673938
        dmean2: 0.00356138194911
        dvar: 2.31430317399e-006
        dvar2: 7.0718506322e-006
        max: 0.013461808674
        mean: 0.00581349711865
        median: 0.00560744851828
        min: 4.57377496987e-010
        var: 5.12169981448e-006
    bpm: 95.0221862793
    bpm_confidence: 0
    first_peak_bpm: 96
    first_peak_spread: 0.409677416086
    first_peak_weight: 0.462121218443
    onset_rate: 2.78348517418
    second_peak_bpm: 126
    second_peak_spread: 0.523076891899
    second_peak_weight: 0.0782828256488
    beats_loudness_band_ratio:
        dmean: [0.127996772528, 0.101493239403, 0.122860781848, 0.0672095641494, 0.0845901593566, 0.0717770457268]
        dmean2: [0.223819002509, 0.176416113973, 0.202899307013, 0.118042610586, 0.149983793497, 0.120990633965]
        dvar: [0.0106814438477, 0.00904645305127, 0.0128206377849, 0.0081503810361, 0.0056241764687, 0.00357409985736]
        dvar2: [0.0319317281246, 0.0260242465883, 0.0340321287513, 0.0196227449924, 0.0153688313439, 0.00952039472759]
        max: [0.711238622665, 0.85544270277, 0.636554181576, 0.571086585522, 0.582118034363, 0.564979970455]
        mean: [0.23596303165, 0.158170074224, 0.20138309896, 0.0945442244411, 0.166040018201, 0.178105041385]
        median: [0.203587919474, 0.126860305667, 0.154987230897, 0.0601713694632, 0.148470342159, 0.172814965248]
        min: [0.00755750341341, 0.00574805354699, 0.012573719956, 0.00116583087947, 0.000274328165688, 0.000156925845658]
        var: [0.0195425525308, 0.013995045796, 0.0215552058071, 0.0104524688795, 0.00747523875907, 0.00587855605409]
    beats_position: [0.626938760281, 1.26548755169, 1.90403628349, 2.55419492722, 3.21596360207, 3.86612248421, 4.52789115906, 5.18965959549, 5.86303853989, 6.52480697632, 7.19818592072, 7.8251247406, 8.45206356049, 9.0906124115, 9.71755123138, 10.3444900513, 10.9830379486, 11.6215867996, 12.2601356506, 12.8870744705, 13.5140132904, 14.1409521103, 14.7795009613, 15.4064397812, 16.0449886322, 16.6835365295, 17.3104763031, 17.9490242004, 18.575963974, 19.2029018402, 19.8298416138, 20.4683895111, 21.1069393158, 21.733877182, 22.3608150482, 22.9993648529, 23.6379127502, 24.2648525238, 24.9034004211, 25.5419502258, 26.168888092, 26.7842178345, 27.4111557007, 28.0380954742, 28.6766433716, 29.3035831451, 29.9305210114, 30.5574588776, 31.1843986511, 31.8113365173, 32.4382743835, 33.0768241882, 33.7037620544, 34.3423118591, 34.9692497253, 35.6194114685, 36.2579574585, 36.8848991394, 37.5234451294, 38.1503829956, 38.7773246765, 39.4042625427, 40.0312004089, 40.6697502136, 41.3083000183, 41.9352378845, 42.5621757507, 43.1891136169, 43.8160552979, 44.4546012878, 45.0931510925, 45.7200889587, 46.347026825, 46.9739685059, 47.6009063721, 48.2394561768, 48.8780021667, 49.5049438477, 50.1318817139, 50.7588195801, 51.3857574463, 52.0010871887, 52.6396369934, 53.2781867981, 53.9167327881, 54.5436706543, 55.1706123352, 55.7975502014, 56.4361000061, 57.0746459961, 57.701587677, 58.3285255432, 58.9670753479, 59.6056213379, 60.2325630188, 60.859500885, 61.4864387512, 62.1133766174, 62.7403144836, 63.3788642883, 64.0290222168, 64.6675720215, 65.2712936401, 65.9214477539, 66.5599975586, 67.1869354248, 67.813873291, 68.4524230957, 69.0793609619, 69.7062988281, 70.3448486328, 70.9833984375, 71.6103363037, 72.2372741699, 72.8642196655, 73.4795455933, 74.094871521, 74.7218093872, 75.3487548828, 75.9872970581, 76.6258468628, 77.252784729, 77.8913345337, 78.5298843384, 79.1568222046, 79.7837600708, 80.410697937, 81.0492477417, 81.6877975464, 82.3147354126, 82.9416732788, 83.5686187744, 84.1955566406, 84.8224945068, 85.4610443115, 86.0995864868, 86.7381362915, 87.3650741577, 87.9920196533, 88.6189575195, 89.2575073242, 89.8844451904, 90.5113830566, 91.1383209229, 91.7652587891, 92.3921966553, 93.0191345215, 93.6460723877, 94.2846221924, 94.9115600586, 95.5384979248, 96.1770477295, 96.8039855957, 97.4309310913, 98.0694732666, 98.7080230713, 99.3349609375, 99.9619064331, 100.612060547, 101.238998413, 101.877548218, 102.516098022, 103.143035889, 103.769973755, 104.396911621, 105.012245178, 105.639183044, 106.277732849, 106.916282654, 107.554824829, 108.181770325, 108.808708191, 109.435646057, 110.074195862, 110.712738037, 111.339683533, 111.966621399, 112.593559265, 113.220497131, 113.859046936, 114.497596741, 115.124534607, 115.751472473, 116.378410339, 117.005348206, 117.632286072, 118.259223938, 118.897773743, 119.536323547, 120.174873352, 120.813423157, 121.440361023, 122.067298889, 122.705848694, 123.33278656, 123.959724426, 124.598274231, 125.225212097, 125.852149963, 126.47908783, 127.106025696, 127.732971191, 128.371520996, 129.010070801, 129.648620605, 130.28717041, 130.914108276, 131.552658081, 132.191192627, 132.818145752, 133.445083618, 134.072021484, 134.698959351, 135.325897217, 135.964447021, 136.602996826, 137.229934692, 137.856872559, 138.483810425, 139.110748291, 139.737686157, 140.364624023, 140.99156189, 141.630111694, 142.245437622, 142.872375488, 143.499313354, 144.137863159, 144.776412964, 145.40335083, 146.053512573, 146.692062378, 147.330612183, 147.957550049, 148.584487915, 149.04888916, 149.524902344, 150.000900269, 150.465301514, 150.941314697, 151.417327881, 151.893325806, 152.369338989, 152.845352173, 153.321365356, 153.797363281, 154.273376465, 154.749389648, 155.225387573, 155.689788818, 156.154190063, 156.630203247, 157.106216431, 157.570602417, 158.058227539, 158.534240723, 159.010253906, 159.474639893, 159.939041138, 160.415054321, 160.891067505, 161.35546875, 161.843078613, 162.319091797, 162.79510498, 163.271102905, 163.747116089, 164.234741211, 164.722351074, 165.209976196, 165.69758606, 166.185211182, 166.672836304, 167.160446167, 167.636459351, 168.112472534, 168.588470459, 169.064483643, 169.552108765, 170.039718628, 170.538955688, 171.03817749, 171.525802612, 172.013427734, 172.593917847, 173.174423218, 173.75491333, 174.405075073, 175.055236816, 175.70539856, 176.343948364, 176.982498169, 177.609436035, 178.236373901, 178.863311768, 179.490249634, 180.1171875, 180.744125366, 181.371063232, 181.998001099, 182.624938965, 183.251876831, 183.878814697, 184.517364502, 185.155914307, 185.782852173, 186.409790039, 187.036727905, 187.663665771, 188.290603638, 188.929153442, 189.567703247, 190.194641113, 190.833190918, 191.471740723, 192.110290527, 192.748840332, 193.375778198, 194.002716064, 194.629653931, 195.256591797, 195.883529663, 196.522079468, 197.160629272, 197.799179077, 198.426116943, 199.05305481, 199.691604614, 200.31854248, 200.945480347, 201.572418213, 202.199356079, 202.826293945, 203.453231812, 204.091781616, 204.730331421, 205.357269287, 205.995819092, 206.634368896, 207.261306763, 207.888244629, 208.515182495, 209.142120361, 209.780670166, 210.419219971, 211.046157837, 211.673095703, 212.300048828, 212.926986694, 213.553924561, 214.192474365, 214.831008911, 215.457962036, 216.084899902, 216.711837769, 217.350387573, 217.977325439, 218.615875244, 219.24281311, 219.869750977, 220.496688843, 221.135238647, 221.773788452, 222.400726318, 223.027664185, 223.654602051, 224.281539917, 224.920089722, 225.558639526, 226.04624939, 226.533874512, 227.021499634, 227.509109497, 227.996734619, 228.484344482, 228.971969604, 229.471191406, 229.958816528, 230.434829712, 230.910827637, 231.38684082, 231.862854004, 232.338867188, 232.803268433, 233.267654419, 233.755279541, 234.219680786, 234.707290649, 235.218139648, 235.71736145, 236.216598511, 236.727432251, 237.226669312, 237.725891113, 238.236724854, 238.747573853, 239.258407593]
