
metadata:
    version:
        essentia: "2.1-beta2"
    audio_properties:
        analysis_sample_rate: 44100
        bitrate: 128
        channels: 2
        equal_loudness: 1
        length: 322.037536621
        replay_gain: -15.3008728027
        downmix: "mix"
    tags:
        album: "De Cercle en Cercle"
        artist: "Mass Hysteria"
        comment: ""
        date: "2001"
        genre: "Metal"
        title: "Remède"
        tracknumber: "1"

configuration:
    average_loudness:
        compute: 1
        frameSize: 88200
        hopSize: 44100
        silentFrames: "noise"
        windowType: "hann"
    general:
        analysisSampleRate: 44100
        endTime: 2000
        equalLoudness: 1
        nequalLoudness: 0
        shortSound: 0
        startTime: 0
    lowlevel:
        compute: 1
        frameSize: 2048
        hopSize: 1024
        zeroPadding: 0
        silentFrames: "noise"
        windowType: "blackmanharris62"
        mfccStats: ["mean", "cov", "icov"]
        stats: ["mean", "var", "median", "min", "max", "dmean", "dmean2", "dvar", "dvar2"]
    panning:
        compute: 0
        frameSize: 8192
        hopSize: 2048
        zeroPadding: 8192
        silentFrames: "noise"
        windowType: "hann"
        stats: ["copy"]
    rhythm:
        compute: 1
        maxTempo: 208
        minTempo: 40
        method: "degara"
        stats: ["mean", "var", "median", "min", "max", "dmean", "dmean2", "dvar", "dvar2"]
    segmentation:
        compute: 0
        cpw: 5
        inc1: 300
        inc2: 50
        minimumSegmentsLength: 10
        size1: 1000
        size2: 600
    sfx:
        compute: 1
        stats: ["mean", "var", "median", "min", "max", "dmean", "dmean2", "dvar", "dvar2"]
    svm:
        compute: 0
    tonal:
        compute: 1
        frameSize: 4096
        hopSize: 2048
        zeroPadding: 0
        silentFrames: "noise"
        windowType: "blackmanharris62"
        stats: ["mean", "var", "median", "min", "max", "dmean", "dmean2", "dvar", "dvar2"]

lowlevel:
    average_loudness: 0.783033847809
    barkbands_kurtosis:
        dmean: 2.4698779583
        dmean2: 3.86724853516
        dvar: 64.9191818237
        dvar2: 164.304779053
        max: 268.368652344
        mean: 4.39997911453
        median: 0.646743297577
        min: -1.88799512386
        var: 167.538314819
    barkbands_skewness:
        dmean: 0.445210933685
        dmean2: 0.674974739552
        dvar: 0.317679494619
        dvar2: 0.736167669296
        max: 14.1627883911
        mean: 1.39022397995
        median: 1.23278641701
        min: -2.74930000305
        var: 1.50007915497
    barkbands_spread:
        dmean: 5.12464284897
        dmean2: 7.9269528389
        dvar: 33.7540168762
        dvar2: 74.5567169189
        max: 81.2322692871
        mean: 25.2838973999
        median: 25.6881504059
        min: 0.393560439348
        var: 226.160308838
    dissonance:
        dmean: 0.0210185684264
        dmean2: 0.0352038294077
        dvar: 0.000563593232073
        dvar2: 0.00156032957602
        max: 0.500000178814
        mean: 0.449777752161
        median: 0.462784290314
        min: 0.126354783773
        var: 0.00178132753354
    hfc:
        dmean: 1.18366622925
        dmean2: 1.8416454792
        dvar: 7.83034563065
        dvar2: 19.3993854523
        max: 45.4999542236
        mean: 3.89201855659
        median: 3.35596227646
        min: 1.11535061798e-016
        var: 18.0861721039
    pitch:
        dmean: 564.328979492
        dmean2: 1099.17053223
        dvar: 1485523
        dvar2: 3696409.25
        max: 4902.26171875
        mean: 1108.03027344
        median: 246.048095703
        min: 46.7160377502
        var: 2438272.75
    pitch_instantaneous_confidence:
        dmean: 0.0775860995054
        dmean2: 0.12444204092
        dvar: 0.00493525154889
        dvar2: 0.0119465282187
        max: 0.939215302467
        mean: 0.422943890095
        median: 0.406363129616
        min: 0.0817225575447
        var: 0.0174042936414
    pitch_salience:
        dmean: 0.0602143183351
        dmean2: 0.0965533405542
        dvar: 0.00332530285232
        dvar2: 0.00848625041544
        max: 0.975045144558
        mean: 0.590496361256
        median: 0.599531412125
        min: 0.107112534344
        var: 0.009846101515
    silence_rate_20dB:
        dmean: 0
        dmean2: 0
        dvar: 0
        dvar2: 0
        max: 1
        mean: 1
        median: 1
        min: 1
        var: 0
    silence_rate_30dB:
        dmean: 0
        dmean2: 0
        dvar: 0
        dvar2: 0
        max: 1
        mean: 1
        median: 1
        min: 1
        var: 0
    silence_rate_60dB:
        dmean: 0.0569615699351
        dmean2: 0.11393135041
        dvar: 0.0537096224725
        dvar2: 0.11838465184
        max: 1
        mean: 0.468565255404
        median: 0
        min: 0
        var: 0.24902190268
    spectral_centroid:
        dmean: 178.264007568
        dmean2: 272.195098877
        dvar: 55899.0585938
        dvar2: 114623.78125
        max: 11623.9023438
        mean: 913.678527832
        median: 857.696044922
        min: 80.084854126
        var: 508466.53125
    spectral_complexity:
        dmean: 2.10209822655
        dmean2: 3.36472463608
        dvar: 10.020781517
        dvar2: 22.2280063629
        max: 44
        mean: 8.1578950882
        median: 7
        min: 0
        var: 37.8210792542
    spectral_crest:
        dmean: 2.29966592789
        dmean2: 3.67364525795
        dvar: 5.25657510757
        dvar2: 12.6852045059
        max: 25.8443012238
        mean: 9.23595809937
        median: 8.51394367218
        min: 2.48808264732
        var: 15.21185112
    spectral_decrease:
        dmean: 3.28724131249e-010
        dmean2: 5.18435516739e-010
        dvar: 2.61167466711e-019
        dvar2: 6.50501761349e-019
        max: 1.27886803873e-028
        mean: -9.45447831135e-010
        median: -7.99870947255e-010
        min: -5.96386806606e-009
        var: 6.31957199197e-019
    spectral_energy:
        dmean: 0.00132814259268
        dmean2: 0.002092147246
        dvar: 4.4423422878e-006
        dvar2: 1.11141389425e-005
        max: 0.0266360156238
        mean: 0.00392135744914
        median: 0.00336543750018
        min: 1.02086576078e-020
        var: 1.09604306999e-005
    spectral_energyband_high:
        dmean: 0.000105123974208
        dmean2: 0.000169637758518
        dvar: 9.0080469306e-008
        dvar2: 2.28605557595e-007
        max: 0.00534809008241
        mean: 0.000218234170461
        median: 0.000142623466672
        min: 7.10796461926e-021
        var: 1.34816957598e-007
    spectral_energyband_low:
        dmean: 0.000384618731914
        dmean2: 0.000644373940304
        dvar: 5.78315052735e-007
        dvar2: 1.56189594236e-006
        max: 0.0104723116383
        mean: 0.000782634073403
        median: 0.000586564536206
        min: 1.4582445665e-023
        var: 6.72824342018e-007
    spectral_energyband_middle_high:
        dmean: 0.000245472387178
        dmean2: 0.000374225783162
        dvar: 2.15138470594e-007
        dvar2: 4.94890286973e-007
        max: 0.00972136016935
        mean: 0.000829174066894
        median: 0.000644185929559
        min: 1.25699464483e-021
        var: 9.00898044165e-007
    spectral_energyband_middle_low:
        dmean: 0.00106254348066
        dmean2: 0.0016894772416
        dvar: 2.96383973364e-006
        dvar2: 7.50481649447e-006
        max: 0.016970699653
        mean: 0.00223599583842
        median: 0.00142561807297
        min: 1.66970210847e-022
        var: 5.25625409864e-006
    spectral_flatness_db:
        dmean: 0.019727692008
        dmean2: 0.0295137967914
        dvar: 0.000463671633042
        dvar2: 0.000957439711783
        max: 0.569983184338
        mean: 0.185486093163
        median: 0.168011114001
        min: 0.0599683448672
        var: 0.00502251554281
    spectral_flux:
        dmean: 0.00872679241002
        dmean2: 0.0135472044349
        dvar: 0.00013566549751
        dvar2: 0.000250173005043
        max: 0.125932827592
        mean: 0.029542343691
        median: 0.0280595067888
        min: 6.51540002505e-011
        var: 0.000442833319539
    spectral_kurtosis:
        dmean: 2.34361934662
        dmean2: 3.75554895401
        dvar: 47.2815895081
        dvar2: 101.127586365
        max: 241.794921875
        mean: 6.8890209198
        median: 3.51243829727
        min: -1.47384595871
        var: 230.518203735
    spectral_rms:
        dmean: 0.000286620110273
        dmean2: 0.000437417969806
        dvar: 1.46396260448e-007
        dvar2: 3.42223046346e-007
        max: 0.00509768165648
        mean: 0.00174998235889
        median: 0.00181200262159
        min: 3.15589394895e-012
        var: 7.63264267789e-007
    spectral_rolloff:
        dmean: 503.392456055
        dmean2: 832.43359375
        dvar: 530549.5
        dvar2: 1169896.25
        max: 19616.7480469
        mean: 1950.88891602
        median: 1722.65625
        min: 86.1328125
        var: 2441613
    spectral_skewness:
        dmean: 0.259291499853
        dmean2: 0.406762868166
        dvar: 0.170029759407
        dvar2: 0.358469724655
        max: 13.9865484238
        mean: 1.81636714935
        median: 1.47151088715
        min: -0.0770193859935
        var: 1.44845557213
    spectral_spread:
        dmean: 592415.4375
        dmean2: 842420.3125
        dvar: 816315629568
        dvar2: 1.81929443328e+012
        max: 41704840
        mean: 5090126.5
        median: 4890612
        min: 357058.09375
        var: 5.20653635584e+012
    spectral_strongpeak:
        dmean: 0.170521989465
        dmean2: 0.279276192188
        dvar: 0.0843484029174
        dvar2: 0.212640821934
        max: 6.49834537506
        mean: 0.331641316414
        median: 0.164974242449
        min: 5.83712300717e-010
        var: 0.173982173204
    zerocrossingrate:
        dmean: 0.0079179443419
        dmean2: 0.00946029089391
        dvar: 6.70102162985e-005
        dvar2: 8.10949568404e-005
        max: 0.52490234375
        mean: 0.0611470341682
        median: 0.06201171875
        min: 0.0029296875
        var: 0.0013743477175
    barkbands:
        dmean: [2.74550274071e-007, 8.34686361486e-005, 0.000257377600065, 0.000199423637241, 0.000578298699111, 0.000216186279431, 0.000210363112274, 0.000176019078935, 9.07521680347e-005, 6.22742809355e-005, 3.24335669575e-005, 2.92293952953e-005, 2.7446410968e-005, 2.29747020057e-005, 1.82378353202e-005, 2.17530450755e-005, 3.43159772456e-005, 6.31250804872e-005, 7.67095407355e-005, 7.74967993493e-005, 5.28762393515e-005, 2.10613470699e-005, 4.63152446173e-006, 2.4730354653e-006, 1.13160785986e-006, 4.8227029481e-008, 3.174640828e-010]
        dmean2: [4.4854658654e-007, 0.000135236696224, 0.000437151786173, 0.000344370171661, 0.000903259438928, 0.000364683626685, 0.000347373628756, 0.000272464792943, 0.000135557245812, 9.3456277682e-005, 5.02473158122e-005, 4.52003077953e-005, 4.29818683187e-005, 3.7376605178e-005, 2.92117110803e-005, 3.59912301064e-005, 5.72250246478e-005, 0.000103005288111, 0.00012638613407, 0.000130082087708, 8.70545336511e-005, 3.32667987095e-005, 7.36378251531e-006, 3.81126278626e-006, 1.68985138771e-006, 7.10379453039e-008, 5.24306098537e-010]
        dvar: [3.55173789685e-013, 2.14107185315e-008, 2.71586685585e-007, 2.61709573124e-007, 9.83938434729e-007, 3.21571405948e-007, 3.37186094157e-007, 2.03530547083e-007, 5.61587825132e-008, 5.51715828578e-008, 8.15443268465e-009, 5.93290527817e-009, 4.84918816213e-009, 3.03557157189e-009, 2.21889107088e-009, 1.47039347365e-009, 7.17722947741e-009, 1.57366848441e-008, 2.32812134016e-008, 3.2346335388e-008, 2.33753265633e-008, 4.43503012093e-009, 2.53738030587e-010, 9.977306481e-011, 1.89858111871e-011, 2.79508319566e-014, 3.59947049016e-019]
        dvar2: [9.37484465058e-013, 5.94282703048e-008, 7.45495924548e-007, 7.28025042918e-007, 2.31756030189e-006, 8.71768293109e-007, 8.59340445913e-007, 4.82874270347e-007, 1.13784722089e-007, 1.2041934383e-007, 1.6631021893e-008, 1.30896999906e-008, 1.11779066003e-008, 7.39485672696e-009, 5.21571763556e-009, 3.73059716452e-009, 1.86911339739e-008, 3.81757772061e-008, 5.89513788896e-008, 8.59872031356e-008, 6.11387989125e-008, 1.08323661152e-008, 5.8570148731e-010, 2.1430486552e-010, 4.53125349742e-011, 7.25968086644e-014, 8.53960946776e-019]
        max: [8.66669779498e-006, 0.00173365080263, 0.00728652905673, 0.00672210473567, 0.0124308392406, 0.0101334294304, 0.00962151307613, 0.00873897224665, 0.0104682920501, 0.00754091935232, 0.00350587954745, 0.00276015326381, 0.00191072782036, 0.00177717907354, 0.00158430880401, 0.00105133559555, 0.00489553902298, 0.00349842570722, 0.00352228432894, 0.00304101617076, 0.00246160663664, 0.00132750207558, 0.0006092680851, 0.000501712609548, 0.000154313049279, 4.01338866141e-006, 1.19488561268e-008]
        mean: [4.45756001e-007, 0.000211225677049, 0.000441807846073, 0.000264165835688, 0.00086484401254, 0.000290747644613, 0.00028895252035, 0.000319509883411, 0.000186993915122, 0.000112572066428, 5.19611494383e-005, 5.21571309946e-005, 4.67169265903e-005, 3.53399082087e-005, 2.93572466035e-005, 4.39693649241e-005, 6.77064090269e-005, 0.000124538317323, 0.000179678856512, 0.000170964704012, 9.3668968475e-005, 3.10223113047e-005, 7.03440491634e-006, 4.09552148994e-006, 1.81683083156e-006, 6.8594061986e-008, 3.79240361337e-010]
        median: [2.1429096364e-007, 0.000171069143107, 0.000243813468842, 0.000133387031383, 0.000399454438593, 0.000129306965391, 6.46802363917e-005, 7.40988980397e-005, 7.17316215741e-005, 2.41473007918e-005, 2.08410820051e-005, 1.72357977135e-005, 1.40388483487e-005, 1.58495422511e-005, 1.38641853482e-005, 3.08774178848e-005, 4.84510601382e-005, 8.42041918077e-005, 0.000139807496453, 0.000133580819238, 5.61869892408e-005, 7.64682226873e-006, 1.44393891333e-006, 6.65175775794e-007, 3.7558686472e-007, 1.40908262836e-008, 9.68275321034e-011]
        min: [4.16900317331e-025, 3.66804307051e-024, 1.40038065274e-024, 2.10800357726e-024, 1.29586882987e-023, 1.19949818958e-023, 8.7601244365e-024, 1.12876529206e-023, 3.86688603241e-023, 2.00050487062e-023, 2.41795996424e-023, 3.20002940816e-023, 4.72571511339e-023, 3.47929942147e-023, 6.59738890077e-023, 7.12532427971e-023, 9.45409720773e-023, 1.23784392933e-022, 1.70626587453e-022, 1.50693372421e-022, 3.23121162824e-022, 3.22663825447e-022, 5.00962874065e-022, 5.78350608494e-022, 8.30583796363e-022, 1.30520154347e-021, 2.15767094143e-021]
        var: [4.52171557575e-013, 3.79478848345e-008, 3.51814435362e-007, 2.10798177136e-007, 1.51279778038e-006, 3.16104944886e-007, 4.80955577586e-007, 4.85466728151e-007, 1.93730500087e-007, 1.49015860984e-007, 1.90973086234e-008, 1.57861386185e-008, 1.24394290424e-008, 4.74991290744e-009, 4.03348154876e-009, 3.33620064907e-009, 1.51710040086e-008, 3.10025320971e-008, 5.17900069497e-008, 5.18321705556e-008, 2.97933144822e-008, 6.25391605169e-009, 5.46374778754e-010, 3.40433570223e-010, 3.98488117503e-011, 2.98793616531e-014, 5.67485553182e-019]
    frequency_bands:
        dmean: [2.74550274071e-007, 8.34686361486e-005, 0.000257377600065, 0.000199423637241, 0.000578298699111, 0.000216186279431, 0.000210363112274, 0.000176019078935, 9.07521680347e-005, 6.22742809355e-005, 3.24335669575e-005, 2.92293952953e-005, 2.7446410968e-005, 2.29747020057e-005, 1.82378353202e-005, 2.17530450755e-005, 3.43159772456e-005, 6.31250804872e-005, 7.67095407355e-005, 7.74967993493e-005, 5.28762393515e-005, 2.10613470699e-005, 4.63152446173e-006, 2.4730354653e-006, 1.13160785986e-006, 4.8227029481e-008, 3.174640828e-010, 4.88403484322e-011]
        dmean2: [4.4854658654e-007, 0.000135236696224, 0.000437151786173, 0.000344370171661, 0.000903259438928, 0.000364683626685, 0.000347373628756, 0.000272464792943, 0.000135557245812, 9.3456277682e-005, 5.02473158122e-005, 4.52003077953e-005, 4.29818683187e-005, 3.7376605178e-005, 2.92117110803e-005, 3.59912301064e-005, 5.72250246478e-005, 0.000103005288111, 0.00012638613407, 0.000130082087708, 8.70545336511e-005, 3.32667987095e-005, 7.36378251531e-006, 3.81126278626e-006, 1.68985138771e-006, 7.10379453039e-008, 5.24306098537e-010, 9.08660646726e-011]
        dvar: [3.55173789685e-013, 2.14107185315e-008, 2.71586685585e-007, 2.61709573124e-007, 9.83938434729e-007, 3.21571405948e-007, 3.37186094157e-007, 2.03530547083e-007, 5.61587825132e-008, 5.51715828578e-008, 8.15443268465e-009, 5.93290527817e-009, 4.84918816213e-009, 3.03557157189e-009, 2.21889107088e-009, 1.47039347365e-009, 7.17722947741e-009, 1.57366848441e-008, 2.32812134016e-008, 3.2346335388e-008, 2.33753265633e-008, 4.43503012093e-009, 2.53738030587e-010, 9.977306481e-011, 1.89858111871e-011, 2.79508319566e-014, 3.59947049016e-019, 5.98992420043e-021]
        dvar2: [9.37484465058e-013, 5.94282703048e-008, 7.45495924548e-007, 7.28025042918e-007, 2.31756030189e-006, 8.71768293109e-007, 8.59340445913e-007, 4.82874270347e-007, 1.13784722089e-007, 1.2041934383e-007, 1.6631021893e-008, 1.30896999906e-008, 1.11779066003e-008, 7.39485672696e-009, 5.21571763556e-009, 3.73059716452e-009, 1.86911339739e-008, 3.81757772061e-008, 5.89513788896e-008, 8.59872031356e-008, 6.11387989125e-008, 1.08323661152e-008, 5.8570148731e-010, 2.1430486552e-010, 4.53125349742e-011, 7.25968086644e-014, 8.53960946776e-019, 1.91529066413e-020]
        max: [8.66669779498e-006, 0.00173365080263, 0.00728652905673, 0.00672210473567, 0.0124308392406, 0.0101334294304, 0.00962151307613, 0.00873897224665, 0.0104682920501, 0.00754091935232, 0.00350587954745, 0.00276015326381, 0.00191072782036, 0.00177717907354, 0.00158430880401, 0.00105133559555, 0.00489553902298, 0.00349842570722, 0.00352228432894, 0.00304101617076, 0.00246160663664, 0.00132750207558, 0.0006092680851, 0.000501712609548, 0.000154313049279, 4.01338866141e-006, 1.19488561268e-008, 1.37848743531e-009]
        mean: [4.45756001e-007, 0.000211225677049, 0.000441807846073, 0.000264165835688, 0.00086484401254, 0.000290747644613, 0.00028895252035, 0.000319509883411, 0.000186993915122, 0.000112572066428, 5.19611494383e-005, 5.21571309946e-005, 4.67169265903e-005, 3.53399082087e-005, 2.93572466035e-005, 4.39693649241e-005, 6.77064090269e-005, 0.000124538317323, 0.000179678856512, 0.000170964704012, 9.3668968475e-005, 3.10223113047e-005, 7.03440491634e-006, 4.09552148994e-006, 1.81683083156e-006, 6.8594061986e-008, 3.79240361337e-010, 3.77069972468e-011]
        median: [2.1429096364e-007, 0.000171069143107, 0.000243813468842, 0.000133387031383, 0.000399454438593, 0.000129306965391, 6.46802363917e-005, 7.40988980397e-005, 7.17316215741e-005, 2.41473007918e-005, 2.08410820051e-005, 1.72357977135e-005, 1.40388483487e-005, 1.58495422511e-005, 1.38641853482e-005, 3.08774178848e-005, 4.84510601382e-005, 8.42041918077e-005, 0.000139807496453, 0.000133580819238, 5.61869892408e-005, 7.64682226873e-006, 1.44393891333e-006, 6.65175775794e-007, 3.7558686472e-007, 1.40908262836e-008, 9.68275321034e-011, 1.06752367363e-011]
        min: [4.16900317331e-025, 3.66804307051e-024, 1.40038065274e-024, 2.10800357726e-024, 1.29586882987e-023, 1.19949818958e-023, 8.7601244365e-024, 1.12876529206e-023, 3.86688603241e-023, 2.00050487062e-023, 2.41795996424e-023, 3.20002940816e-023, 4.72571511339e-023, 3.47929942147e-023, 6.59738890077e-023, 7.12532427971e-023, 9.45409720773e-023, 1.23784392933e-022, 1.70626587453e-022, 1.50693372421e-022, 3.23121162824e-022, 3.22663825447e-022, 5.00962874065e-022, 5.78350608494e-022, 8.30583796363e-022, 1.30520154347e-021, 2.15767094143e-021, 4.62187672135e-022]
        var: [4.52171557575e-013, 3.79478848345e-008, 3.51814435362e-007, 2.10798177136e-007, 1.51279778038e-006, 3.16104944886e-007, 4.80955577586e-007, 4.85466728151e-007, 1.93730500087e-007, 1.49015860984e-007, 1.90973086234e-008, 1.57861386185e-008, 1.24394290424e-008, 4.74991290744e-009, 4.03348154876e-009, 3.33620064907e-009, 1.51710040086e-008, 3.10025320971e-008, 5.17900069497e-008, 5.18321705556e-008, 2.97933144822e-008, 6.25391605169e-009, 5.46374778754e-010, 3.40433570223e-010, 3.98488117503e-011, 2.98793616531e-014, 5.67485553182e-019, 4.69121307632e-021]
    mfcc:
        mean: [-771.641174316, 127.224945068, -8.70423793793, 56.0134162903, -12.4532470703, -5.36747360229, 4.57767391205, -2.3733291626, 0.603967308998, -2.6452293396, -1.99164545536, -3.54727649689, -6.0212392807]
        cov: [[12735.1591797, 45.5442619324, -2315.88769531, 1165.59033203, -1131.07824707, -568.816223145, -132.163452148, -317.083465576, -254.734558105, 88.2369766235, -1.59840750694, 16.4089832306, 104.559036255], [45.5442619324, 1261.96606445, 165.8074646, 24.6560001373, -61.6001663208, -32.0230178833, 10.632060051, -12.8868904114, 42.3754310608, -30.2293949127, -9.26151275635, -3.96502280235, -35.8210678101], [-2315.88769531, 165.8074646, 1403.84558105, -124.277420044, 218.601470947, 125.896965027, -79.8245925903, 66.3733901978, 63.169303894, -0.399644732475, 76.1831054688, 37.0699005127, 27.3702125549], [1165.59033203, 24.6560001373, -124.277420044, 522.271972656, -112.532608032, -103.09160614, -14.8108024597, -71.7579956055, -17.0880241394, 21.329252243, -6.14452838898, 22.9447727203, 37.9122924805], [-1131.07824707, -61.6001663208, 218.601470947, -112.532608032, 298.416442871, 120.76914978, 26.0393791199, 51.2518959045, 13.3317060471, -19.0723361969, -14.5773735046, -22.6739654541, -34.4370765686], [-568.816223145, -32.0230178833, 125.896965027, -103.09160614, 120.76914978, 159.961166382, 46.5989494324, 52.5053215027, 9.34985923767, -10.9302549362, 2.60732960701, -24.115316391, -17.3689289093], [-132.163452148, 10.632060051, -79.8245925903, -14.8108024597, 26.0393791199, 46.5989494324, 116.536964417, 30.0045623779, 11.7372837067, -3.14946126938, -15.0557317734, -9.77414035797, -16.3687171936], [-317.083465576, -12.8868904114, 66.3733901978, -71.7579956055, 51.2518959045, 52.5053215027, 30.0045623779, 96.0626373291, 30.7113418579, -2.90267133713, 7.80105209351, -10.201622963, -11.2835979462], [-254.734558105, 42.3754310608, 63.169303894, -17.0880241394, 13.3317060471, 9.34985923767, 11.7372837067, 30.7113418579, 69.9874343872, 23.0281238556, 9.33576202393, 2.78285169601, 1.86058175564], [88.2369766235, -30.2293949127, -0.399644732475, 21.329252243, -19.0723361969, -10.9302549362, -3.14946126938, -2.90267133713, 23.0281238556, 68.0874710083, 26.9360389709, 18.2692890167, 12.3318939209], [-1.59840750694, -9.26151275635, 76.1831054688, -6.14452838898, -14.5773735046, 2.60732960701, -15.0557317734, 7.80105209351, 9.33576202393, 26.9360389709, 66.4571075439, 27.8971500397, 15.1362457275], [16.4089832306, -3.96502280235, 37.0699005127, 22.9447727203, -22.6739654541, -24.115316391, -9.77414035797, -10.201622963, 2.78285169601, 18.2692890167, 27.8971500397, 61.0790214539, 33.6151123047], [104.559036255, -35.8210678101, 27.3702125549, 37.9122924805, -34.4370765686, -17.3689289093, -16.3687171936, -11.2835979462, 1.86058175564, 12.3318939209, 15.1362457275, 33.6151123047, 62.40026474]]
        icov: [[0.00019673933275, -4.07583429478e-005, 0.000246741925366, -0.00029311835533, 0.000439350813394, -5.72508688492e-005, 0.000252233701758, -0.000152789914864, 0.000477803725516, -0.00018889758212, -0.00020764148212, 0.000226459131227, -6.66702835588e-005], [-4.07583429478e-005, 0.000928022025619, -0.000238667635131, 1.23589907162e-005, 0.000307080015773, 9.88279934973e-005, -0.000275235041045, 0.000436256465036, -0.000992980902083, 0.00078590225894, 0.000113415371743, -0.000370161229512, 0.00094805972185], [0.000246741925366, -0.000238667635131, 0.00138561893255, -0.000372651644284, -0.000155233239639, -0.000718061288353, 0.00138786027674, -0.000342090323102, -0.000163127624546, 0.000263794703642, -0.00118137069512, -0.000168950369698, -0.000584838213399], [-0.00029311835533, 1.23589907162e-005, -0.000372651644284, 0.00284470245242, -0.000475461012684, 0.00118548481259, -0.000963904894888, 0.00128503260203, -0.00045541417785, -0.000334681215463, 0.000597135920543, 4.8458467063e-005, -0.0011107721366], [0.000439350813394, 0.000307080015773, -0.000155233239639, -0.000475461012684, 0.00686769885942, -0.00368905439973, 0.000950814806856, -0.000842393841594, 0.000579901097808, -0.000117330644571, 0.00196405826136, -0.00115538807586, 0.00280930451117], [-5.72508688492e-005, 9.88279934973e-005, -0.000718061288353, 0.00118548481259, -0.00368905439973, 0.0127715058625, -0.00454684533179, -0.00243135727942, 0.00171889958438, 0.000114255584776, -0.00300594372675, 0.00519212335348, -0.00250768731348], [0.000252233701758, -0.000275235041045, 0.00138786027674, -0.000963904894888, 0.000950814806856, -0.00454684533179, 0.0126095758751, -0.00279937242158, -0.000998114352114, -0.000618112040684, 0.0029125653673, -0.00292003247887, 0.00247533875518], [-0.000152789914864, 0.000436256465036, -0.000342090323102, 0.00128503260203, -0.000842393841594, -0.00243135727942, -0.00279937242158, 0.0166930891573, -0.00726360781118, 0.00314535014331, -0.00305968453176, 0.00128407438751, 0.000663744867779], [0.000477803725516, -0.000992980902083, -0.000163127624546, -0.00045541417785, 0.000579901097808, 0.00171889958438, -0.000998114352114, -0.00726360781118, 0.0224845055491, -0.00892280880362, 0.000784637988545, 0.00195841630921, -0.00195155607071], [-0.00018889758212, 0.00078590225894, 0.000263794703642, -0.000334681215463, -0.000117330644571, 0.000114255584776, -0.000618112040684, 0.00314535014331, -0.00892280880362, 0.0220652800053, -0.00750370975584, -0.00240985257551, 0.000252703379374], [-0.00020764148212, 0.000113415371743, -0.00118137069512, 0.000597135920543, 0.00196405826136, -0.00300594372675, 0.0029125653673, -0.00305968453176, 0.000784637988545, -0.00750370975584, 0.0247729681432, -0.0101118590683, 0.00192407460418], [0.000226459131227, -0.000370161229512, -0.000168950369698, 4.8458467063e-005, -0.00115538807586, 0.00519212335348, -0.00292003247887, 0.00128407438751, 0.00195841630921, -0.00240985257551, -0.0101118590683, 0.0306466650218, -0.0139122316614], [-6.66702835588e-005, 0.00094805972185, -0.000584838213399, -0.0011107721366, 0.00280930451117, -0.00250768731348, 0.00247533875518, 0.000663744867779, -0.00195155607071, 0.000252703379374, 0.00192407460418, -0.0139122316614, 0.0262707080692]]
    sccoeffs:
        dmean: [0.0466884300113, 0.0444798246026, 0.034733120352, 0.0267710536718, 0.0177694186568, 0.0187167413533]
        dmean2: [0.0767716690898, 0.0726026147604, 0.0560843236744, 0.0445197187364, 0.0298228543252, 0.0288753584027]
        dvar: [0.00168241106439, 0.00158497132361, 0.000888049020432, 0.000561556837056, 0.000228706732742, 0.000358163786586]
        dvar2: [0.00452740537003, 0.00414490327239, 0.00220646779053, 0.00146553723607, 0.000604313390795, 0.000784396892413]
        max: [-0.324755340815, -0.480392992496, -0.501321852207, -0.508421301842, -0.54457461834, -0.52327221632]
        mean: [-0.651758253574, -0.732803761959, -0.761604487896, -0.8081792593, -0.821681499481, -0.767935335636]
        median: [-0.656155228615, -0.73533731699, -0.767988801003, -0.813623428345, -0.822160720825, -0.768970668316]
        min: [-0.980677306652, -0.990345537663, -0.97276610136, -0.971970617771, -0.963347733021, -0.966236889362]
        var: [0.0049488376826, 0.00547668291256, 0.00500761484727, 0.00277745560743, 0.0013598552905, 0.00391006702557]
    scvalleys:
        dmean: [0.348271280527, 0.374263077974, 0.321680128574, 0.30120408535, 0.249649181962, 0.337843894958]
        dmean2: [0.568576753139, 0.592708706856, 0.513922035694, 0.478501498699, 0.389220565557, 0.468024790287]
        dvar: [0.126430869102, 0.186236321926, 0.141198813915, 0.15096026659, 0.137211889029, 0.195443078876]
        dvar2: [0.276489317417, 0.378233790398, 0.286489069462, 0.310547232628, 0.269951671362, 0.373156249523]
        max: [-4.8635392189, -4.24880123138, -5.4358663559, -5.85825538635, -5.65735054016, -7.24528312683]
        mean: [-6.71367311478, -7.03695058823, -7.87822628021, -8.38910388947, -8.08136749268, -10.588971138]
        median: [-6.3138256073, -6.59573030472, -7.30678462982, -7.62544584274, -7.07726287842, -10.2071743011]
        min: [-28.0888347626, -27.9455051422, -27.6283550262, -27.5313987732, -27.4784946442, -27.3451824188]
        var: [2.71431016922, 3.22823572159, 3.32550525665, 3.53030705452, 4.12196445465, 3.05090069771]

rhythm:
    beats_loudness:
        dmean: 0.00182620552368
        dmean2: 0.00314522488043
        dvar: 3.18963770951e-006
        dvar2: 8.62263641466e-006
        max: 0.0145744709298
        mean: 0.00473479693756
        median: 0.00497081968933
        min: 3.66599242282e-012
        var: 1.07261612357e-005
    bpm: 155.782958984
    bpm_confidence: 0
    first_peak_bpm: 157
    first_peak_spread: 0.0637329146266
    first_peak_weight: 0.745169103146
    onset_rate: 3.52132868767
    second_peak_bpm: 152
    second_peak_spread: 0.0629370510578
    second_peak_weight: 0.161835744977
    beats_loudness_band_ratio:
        dmean: [0.199614554644, 0.147947341204, 0.124330207705, 0.0604803487659, 0.0506085753441, 0.071603640914]
        dmean2: [0.339311957359, 0.262226611376, 0.212861031294, 0.107003681362, 0.0869178697467, 0.119443565607]
        dvar: [0.0298616215587, 0.0156135773286, 0.0141954338178, 0.00629672966897, 0.00385125167668, 0.00747023615986]
        dvar2: [0.0810849815607, 0.0484407655895, 0.039662707597, 0.0176145918667, 0.0108350394294, 0.0204660147429]
        max: [0.990132987499, 0.783533275127, 0.872530162334, 0.655464231968, 0.657431721687, 0.689889729023]
        mean: [0.358693629503, 0.251372307539, 0.175674051046, 0.06432005018, 0.0795267745852, 0.110627517104]
        median: [0.308569818735, 0.212091594934, 0.137083634734, 0.0391826108098, 0.0721355006099, 0.0918296575546]
        min: [0, 0, 0, 0, 0, 0]
        var: [0.0527095496655, 0.025599591434, 0.0220884289593, 0.00618204195052, 0.0050224843435, 0.0111378710717]
