
metadata:
    version:
        essentia: "2.1-beta2"
    audio_properties:
        analysis_sample_rate: 44100
        bitrate: 128
        channels: 2
        equal_loudness: 1
        length: 222.249801636
        replay_gain: -11.8464546204
        downmix: "mix"
    tags:
        album: "De Cercle en Cercle"
        artist: "Mass Hysteria"
        comment: ""
        date: "2001"
        genre: "Metal"
        title: "Temps Mort"
        tracknumber: "9"

configuration:
    average_loudness:
        compute: 1
        frameSize: 88200
        hopSize: 44100
        silentFrames: "noise"
        windowType: "hann"
    general:
        analysisSampleRate: 44100
        endTime: 2000
        equalLoudness: 1
        nequalLoudness: 0
        shortSound: 0
        startTime: 0
    lowlevel:
        compute: 1
        frameSize: 2048
        hopSize: 1024
        zeroPadding: 0
        silentFrames: "noise"
        windowType: "blackmanharris62"
        mfccStats: ["mean", "cov", "icov"]
        stats: ["mean", "var", "median", "min", "max", "dmean", "dmean2", "dvar", "dvar2"]
    panning:
        compute: 0
        frameSize: 8192
        hopSize: 2048
        zeroPadding: 8192
        silentFrames: "noise"
        windowType: "hann"
        stats: ["copy"]
    rhythm:
        compute: 1
        maxTempo: 208
        minTempo: 40
        method: "degara"
        stats: ["mean", "var", "median", "min", "max", "dmean", "dmean2", "dvar", "dvar2"]
    segmentation:
        compute: 0
        cpw: 5
        inc1: 300
        inc2: 50
        minimumSegmentsLength: 10
        size1: 1000
        size2: 600
    sfx:
        compute: 1
        stats: ["mean", "var", "median", "min", "max", "dmean", "dmean2", "dvar", "dvar2"]
    svm:
        compute: 0
    tonal:
        compute: 1
        frameSize: 4096
        hopSize: 2048
        zeroPadding: 0
        silentFrames: "noise"
        windowType: "blackmanharris62"
        stats: ["mean", "var", "median", "min", "max", "dmean", "dmean2", "dvar", "dvar2"]

lowlevel:
    average_loudness: 0.964506864548
    barkbands_kurtosis:
        dmean: 5.45695734024
        dmean2: 8.92742156982
        dvar: 173.269210815
        dvar2: 448.330322266
        max: 451.010864258
        mean: 7.66266393661
        median: 3.44213366508
        min: -1.95106494427
        var: 216.375671387
    barkbands_skewness:
        dmean: 0.723215758801
        dmean2: 1.09936654568
        dvar: 0.873588323593
        dvar2: 1.94041752815
        max: 11.8023614883
        mean: 1.76537322998
        median: 1.80446243286
        min: -14.2176141739
        var: 2.97008895874
    barkbands_spread:
        dmean: 6.15293121338
        dmean2: 9.22978591919
        dvar: 50.1222267151
        dvar2: 108.744354248
        max: 94.8508758545
        mean: 19.8706989288
        median: 16.5130996704
        min: 0.184023201466
        var: 198.801437378
    dissonance:
        dmean: 0.0235156770796
        dmean2: 0.0382406711578
        dvar: 0.000602558196988
        dvar2: 0.0015065522166
        max: 0.500000119209
        mean: 0.446960657835
        median: 0.460083097219
        min: 0.243383049965
        var: 0.00209127087146
    hfc:
        dmean: 3.14635944366
        dmean2: 5.0966835022
        dvar: 103.954284668
        dvar2: 259.841308594
        max: 90.3549423218
        mean: 3.03542017937
        median: 0.702338039875
        min: 1.09118192249e-016
        var: 87.8859710693
    pitch:
        dmean: 522.242614746
        dmean2: 1007.58843994
        dvar: 1430883.25
        dvar2: 3531409
        max: 9393.20800781
        mean: 769.058654785
        median: 166.549667358
        min: 43.0641746521
        var: 1852574
    pitch_instantaneous_confidence:
        dmean: 0.0876244753599
        dmean2: 0.138310700655
        dvar: 0.00787396356463
        dvar2: 0.0178360491991
        max: 0.993337452412
        mean: 0.452759027481
        median: 0.428942382336
        min: 0.100265443325
        var: 0.0306026730686
    pitch_salience:
        dmean: 0.074739433825
        dmean2: 0.123133450747
        dvar: 0.00603016698733
        dvar2: 0.0157424733043
        max: 0.948032259941
        mean: 0.58052778244
        median: 0.577250778675
        min: 0.0916116759181
        var: 0.0133540267125
    silence_rate_20dB:
        dmean: 0
        dmean2: 0
        dvar: 0
        dvar2: 0
        max: 1
        mean: 1
        median: 1
        min: 1
        var: 0
    silence_rate_30dB:
        dmean: 0
        dmean2: 0
        dvar: 0
        dvar2: 0
        max: 1
        mean: 1
        median: 1
        min: 1
        var: 0
    silence_rate_60dB:
        dmean: 0.152737155557
        dmean2: 0.305506229401
        dvar: 0.129399955273
        dvar2: 0.215523824096
        max: 1
        mean: 0.772171735764
        median: 1
        min: 0
        var: 0.175904929638
    spectral_centroid:
        dmean: 256.293243408
        dmean2: 376.21963501
        dvar: 192150.59375
        dvar2: 345689.5
        max: 11687.2441406
        mean: 972.588867188
        median: 550.24230957
        min: 58.3095169067
        var: 1180648.625
    spectral_complexity:
        dmean: 2.98265767097
        dmean2: 4.50673913956
        dvar: 49.8467178345
        dvar2: 93.0347518921
        max: 56
        mean: 5.80894184113
        median: 4
        min: 0
        var: 67.190322876
    spectral_crest:
        dmean: 2.33125257492
        dmean2: 3.58825945854
        dvar: 5.23977327347
        dvar2: 11.9815206528
        max: 26.8572063446
        mean: 10.0958595276
        median: 9.54988384247
        min: 2.09289121628
        var: 18.7321453094
    spectral_decrease:
        dmean: 5.34803146213e-010
        dmean2: 9.11609621124e-010
        dvar: 1.2208387612e-018
        dvar2: 3.17583361006e-018
        max: 1.24024158777e-028
        mean: -6.42790043415e-010
        median: -3.2381813897e-010
        min: -7.42116101904e-009
        var: 9.97782994977e-019
    spectral_energy:
        dmean: 0.00229782378301
        dmean2: 0.00389361707494
        dvar: 2.37975746131e-005
        dvar2: 6.11831637798e-005
        max: 0.0358197838068
        mean: 0.00270135863684
        median: 0.00130785792135
        min: 1.01186621343e-020
        var: 1.97145345737e-005
    spectral_energyband_high:
        dmean: 0.000231955447816
        dmean2: 0.000370950903744
        dvar: 5.79130301048e-007
        dvar2: 1.4204715626e-006
        max: 0.00718991225585
        mean: 0.00020115271036
        median: 1.69253980857e-005
        min: 7.36432598566e-021
        var: 5.1017059377e-007
    spectral_energyband_low:
        dmean: 0.000732543587219
        dmean2: 0.00131493143272
        dvar: 3.5015798403e-006
        dvar2: 9.70703786152e-006
        max: 0.0143131213263
        mean: 0.000783576571848
        median: 0.000221964844968
        min: 1.5732660085e-023
        var: 2.6949921903e-006
    spectral_energyband_middle_high:
        dmean: 0.00065757863922
        dmean2: 0.00107811356429
        dvar: 5.42556335859e-006
        dvar2: 1.37908855322e-005
        max: 0.0209145769477
        mean: 0.000624504347797
        median: 0.000125631733681
        min: 1.307825156e-021
        var: 4.39875702796e-006
    spectral_energyband_middle_low:
        dmean: 0.00111905415542
        dmean2: 0.00196538236924
        dvar: 5.81393487664e-006
        dvar2: 1.61248335644e-005
        max: 0.0173266343772
        mean: 0.00129390088841
        median: 0.00072757108137
        min: 2.06528101634e-022
        var: 3.95577126255e-006
    spectral_flatness_db:
        dmean: 0.0306421220303
        dmean2: 0.0456071160734
        dvar: 0.00115511124022
        dvar2: 0.00236999662593
        max: 0.825165867805
        mean: 0.202612742782
        median: 0.193343892694
        min: 0.05259950459
        var: 0.00666492944583
    spectral_flux:
        dmean: 0.0149832777679
        dmean2: 0.0229809712619
        dvar: 0.000606905377936
        dvar2: 0.00112348922994
        max: 0.180591478944
        mean: 0.0284087993205
        median: 0.0152018032968
        min: 6.31088792336e-011
        var: 0.000989645486698
    spectral_kurtosis:
        dmean: 5.07309627533
        dmean2: 8.002161026
        dvar: 84.0366897583
        dvar2: 207.850967407
        max: 242.167602539
        mean: 9.72014045715
        median: 4.31112384796
        min: -1.30854153633
        var: 219.964355469
    spectral_rms:
        dmean: 0.00048414603225
        dmean2: 0.000757449946832
        dvar: 6.76918261888e-007
        dvar2: 1.60250033332e-006
        max: 0.00591152533889
        mean: 0.00132929044776
        median: 0.00112958357204
        min: 3.14195241005e-012
        var: 8.68457561864e-007
    spectral_rolloff:
        dmean: 499.308563232
        dmean2: 819.281188965
        dvar: 767162.5625
        dvar2: 1465102.875
        max: 19186.0839844
        mean: 1668.45251465
        median: 689.0625
        min: 43.06640625
        var: 3497038
    spectral_skewness:
        dmean: 0.500805795193
        dmean2: 0.751938462257
        dvar: 0.372080087662
        dvar2: 0.846650123596
        max: 12.7379198074
        mean: 2.14156913757
        median: 1.79288375378
        min: -1.91135144234
        var: 1.51710689068
    spectral_spread:
        dmean: 1401652.625
        dmean2: 1893303.625
        dvar: 2.88411667661e+012
        dvar2: 5.81867772314e+012
        max: 52486528
        mean: 5687047
        median: 5310570
        min: 439452.65625
        var: 1.28103439401e+013
    spectral_strongpeak:
        dmean: 0.13496118784
        dmean2: 0.231311067939
        dvar: 0.10675997287
        dvar2: 0.281580358744
        max: 3.91136264801
        mean: 0.220074608922
        median: 0.140351489186
        min: 0
        var: 0.107407972217
    zerocrossingrate:
        dmean: 0.0123115535825
        dmean2: 0.0134597979486
        dvar: 0.000200925700483
        dvar2: 0.000204036638024
        max: 0.5224609375
        mean: 0.0614567734301
        median: 0.0458984375
        min: 0.001953125
        var: 0.00258617009968
    barkbands:
        dmean: [3.22001119457e-006, 0.00016880549083, 0.000441549229436, 0.000450212799478, 0.000352049915818, 0.000201871909667, 0.000144619116327, 4.47982165497e-005, 4.86555618409e-005, 3.04603872792e-005, 1.91646031453e-005, 4.66992678412e-005, 3.35643926519e-005, 4.19330535806e-005, 7.37722875783e-005, 6.85322302161e-005, 7.23386983736e-005, 0.000104549806565, 0.00015056146367, 0.000160996729392, 7.02988181729e-005, 5.38392450835e-005, 1.59247574629e-005, 8.1805519585e-006, 4.44575198344e-006, 2.02094611268e-007, 5.19649490105e-010]
        dmean2: [5.02957209392e-006, 0.000282345543383, 0.000813520746306, 0.00084184500156, 0.00063282251358, 0.00031371897785, 0.000246951414738, 7.41959156585e-005, 8.46805851324e-005, 4.827255907e-005, 3.11250114464e-005, 8.0016827269e-005, 5.3107545682e-005, 7.41706680856e-005, 0.000135067573865, 0.000113952301035, 0.000114411188406, 0.00017614182434, 0.000245089671807, 0.000264459609753, 0.00011088084284, 9.11311653908e-005, 2.44801758527e-005, 1.18678408398e-005, 5.98354699832e-006, 3.04656026628e-007, 7.87598486429e-010]
        dvar: [3.82109656416e-011, 1.32039915002e-007, 1.40450424624e-006, 1.46290335579e-006, 9.53340077103e-007, 1.72104435592e-007, 2.01489058327e-007, 1.28430794888e-008, 3.04514742311e-008, 1.01990043078e-008, 3.3569054203e-009, 2.92180288852e-008, 1.2241560654e-008, 2.58258125996e-008, 1.02723809903e-007, 5.89862452216e-008, 6.23779783382e-008, 1.36072856094e-007, 2.77714065078e-007, 2.78600225556e-007, 4.73798031919e-008, 4.02141466793e-008, 2.8845910105e-009, 7.43604233744e-010, 1.83289591837e-010, 3.12659783046e-013, 1.69223906613e-018]
        dvar2: [9.2194023249e-011, 3.36331453354e-007, 4.0216632442e-006, 4.19439993493e-006, 2.71578505817e-006, 4.61872360802e-007, 5.2477207646e-007, 3.02423721621e-008, 8.67503118229e-008, 2.45282407718e-008, 9.08292019375e-009, 7.71928156951e-008, 2.94601196771e-008, 7.23069319974e-008, 2.93461852152e-007, 1.51157465211e-007, 1.48913954945e-007, 3.66455395806e-007, 7.00642431184e-007, 7.09029109203e-007, 1.12593099288e-007, 1.08099527552e-007, 6.71486599657e-009, 1.60431656848e-009, 3.72735869947e-010, 7.29655647968e-013, 3.63127987572e-018]
        max: [8.19028209662e-005, 0.00279328133911, 0.00860185548663, 0.00952088646591, 0.00814708136022, 0.00581413554028, 0.00559500092641, 0.00152172578964, 0.00196713535115, 0.0012894035317, 0.00082936976105, 0.00157978280913, 0.00123004836496, 0.00169219996314, 0.00300387409516, 0.00233425875194, 0.00332329771481, 0.0040169893764, 0.00595412077382, 0.00527242710814, 0.00183603272308, 0.00210621836595, 0.000515275576618, 0.000233043974731, 0.000138562289067, 5.53770087208e-006, 1.81799251209e-008]
        mean: [5.69543590245e-006, 0.000216078056837, 0.000367182918126, 0.000327985471813, 0.000380311452318, 0.000350094662281, 0.000122141951579, 4.94683918077e-005, 5.2720959502e-005, 3.14725584758e-005, 2.41875804932e-005, 3.74653427571e-005, 3.27658744936e-005, 3.53663417627e-005, 5.34664577572e-005, 6.00483217568e-005, 6.64904437144e-005, 9.12316536414e-005, 0.000128899599076, 0.000135269598104, 6.54747709632e-005, 4.13759262301e-005, 1.36513172038e-005, 7.63866228226e-006, 4.68591315439e-006, 1.92396640841e-007, 5.27835275488e-010]
        median: [2.65907011965e-008, 8.91769104783e-006, 0.000104815379018, 6.72874957672e-005, 0.000183576397831, 0.000221330323257, 2.66111928795e-005, 1.73405042005e-005, 2.35800616792e-005, 6.47013121124e-006, 7.79310903454e-006, 3.45641683452e-006, 6.59504939904e-006, 6.53568622511e-006, 4.95284803037e-006, 5.22981554241e-006, 3.52091979039e-006, 5.73758643441e-006, 8.16416741145e-006, 1.15618722702e-005, 5.87940166952e-006, 2.87915145236e-006, 6.38379844986e-007, 1.70735347638e-007, 1.45964193621e-007, 1.4547278937e-008, 7.81666953387e-011]
        min: [4.14290173811e-025, 6.06627567456e-024, 6.73401941234e-025, 1.50602500378e-024, 9.11222382407e-024, 1.26301474532e-023, 1.24026115691e-023, 1.57084704543e-023, 1.89667026511e-023, 2.49539092194e-023, 1.55882038761e-023, 1.20980718167e-023, 4.57929653404e-023, 5.16177186271e-023, 4.8331289386e-023, 8.87702841617e-023, 8.78092748743e-023, 1.22938481607e-022, 1.47789506009e-022, 1.42583894937e-022, 2.41095532117e-022, 3.67741180351e-022, 4.15510204393e-022, 5.79080954853e-022, 9.34131067178e-022, 1.27471006262e-021, 1.93332606915e-021]
        var: [1.17896137297e-010, 2.10583607441e-007, 8.70630174177e-007, 8.71522786383e-007, 5.86758005738e-007, 2.00595096089e-007, 1.49926194126e-007, 1.19863301506e-008, 1.91110594017e-008, 9.12920583573e-009, 2.8110087591e-009, 2.08384403066e-008, 1.11295017646e-008, 1.66152833714e-008, 6.10495476394e-008, 4.69076830711e-008, 5.81561785395e-008, 1.02834860627e-007, 2.2854295878e-007, 2.2632649177e-007, 4.52961579356e-008, 2.83038694704e-008, 2.71937028451e-009, 8.32597990552e-010, 2.44509523739e-010, 3.13936268474e-013, 1.94323544248e-018]
    frequency_bands:
        dmean: [3.22001119457e-006, 0.00016880549083, 0.000441549229436, 0.000450212799478, 0.000352049915818, 0.000201871909667, 0.000144619116327, 4.47982165497e-005, 4.86555618409e-005, 3.04603872792e-005, 1.91646031453e-005, 4.66992678412e-005, 3.35643926519e-005, 4.19330535806e-005, 7.37722875783e-005, 6.85322302161e-005, 7.23386983736e-005, 0.000104549806565, 0.00015056146367, 0.000160996729392, 7.02988181729e-005, 5.38392450835e-005, 1.59247574629e-005, 8.1805519585e-006, 4.44575198344e-006, 2.02094611268e-007, 5.19649490105e-010, 3.11761901017e-011]
        dmean2: [5.02957209392e-006, 0.000282345543383, 0.000813520746306, 0.00084184500156, 0.00063282251358, 0.00031371897785, 0.000246951414738, 7.41959156585e-005, 8.46805851324e-005, 4.827255907e-005, 3.11250114464e-005, 8.0016827269e-005, 5.3107545682e-005, 7.41706680856e-005, 0.000135067573865, 0.000113952301035, 0.000114411188406, 0.00017614182434, 0.000245089671807, 0.000264459609753, 0.00011088084284, 9.11311653908e-005, 2.44801758527e-005, 1.18678408398e-005, 5.98354699832e-006, 3.04656026628e-007, 7.87598486429e-010, 5.92617968587e-011]
        dvar: [3.82109656416e-011, 1.32039915002e-007, 1.40450424624e-006, 1.46290335579e-006, 9.53340077103e-007, 1.72104435592e-007, 2.01489058327e-007, 1.28430794888e-008, 3.04514742311e-008, 1.01990043078e-008, 3.3569054203e-009, 2.92180288852e-008, 1.2241560654e-008, 2.58258125996e-008, 1.02723809903e-007, 5.89862452216e-008, 6.23779783382e-008, 1.36072856094e-007, 2.77714065078e-007, 2.78600225556e-007, 4.73798031919e-008, 4.02141466793e-008, 2.8845910105e-009, 7.43604233744e-010, 1.83289591837e-010, 3.12659783046e-013, 1.69223906613e-018, 4.17530157841e-021]
        dvar2: [9.2194023249e-011, 3.36331453354e-007, 4.0216632442e-006, 4.19439993493e-006, 2.71578505817e-006, 4.61872360802e-007, 5.2477207646e-007, 3.02423721621e-008, 8.67503118229e-008, 2.45282407718e-008, 9.08292019375e-009, 7.71928156951e-008, 2.94601196771e-008, 7.23069319974e-008, 2.93461852152e-007, 1.51157465211e-007, 1.48913954945e-007, 3.66455395806e-007, 7.00642431184e-007, 7.09029109203e-007, 1.12593099288e-007, 1.08099527552e-007, 6.71486599657e-009, 1.60431656848e-009, 3.72735869947e-010, 7.29655647968e-013, 3.63127987572e-018, 1.37615292012e-020]
        max: [8.19028209662e-005, 0.00279328133911, 0.00860185548663, 0.00952088646591, 0.00814708136022, 0.00581413554028, 0.00559500092641, 0.00152172578964, 0.00196713535115, 0.0012894035317, 0.00082936976105, 0.00157978280913, 0.00123004836496, 0.00169219996314, 0.00300387409516, 0.00233425875194, 0.00332329771481, 0.0040169893764, 0.00595412077382, 0.00527242710814, 0.00183603272308, 0.00210621836595, 0.000515275576618, 0.000233043974731, 0.000138562289067, 5.53770087208e-006, 1.81799251209e-008, 1.04913966403e-009]
        mean: [5.69543590245e-006, 0.000216078056837, 0.000367182918126, 0.000327985471813, 0.000380311452318, 0.000350094662281, 0.000122141951579, 4.94683918077e-005, 5.2720959502e-005, 3.14725584758e-005, 2.41875804932e-005, 3.74653427571e-005, 3.27658744936e-005, 3.53663417627e-005, 5.34664577572e-005, 6.00483217568e-005, 6.64904437144e-005, 9.12316536414e-005, 0.000128899599076, 0.000135269598104, 6.54747709632e-005, 4.13759262301e-005, 1.36513172038e-005, 7.63866228226e-006, 4.68591315439e-006, 1.92396640841e-007, 5.27835275488e-010, 2.17005042408e-011]
        median: [2.65907011965e-008, 8.91769104783e-006, 0.000104815379018, 6.72874957672e-005, 0.000183576397831, 0.000221330323257, 2.66111928795e-005, 1.73405042005e-005, 2.35800616792e-005, 6.47013121124e-006, 7.79310903454e-006, 3.45641683452e-006, 6.59504939904e-006, 6.53568622511e-006, 4.95284803037e-006, 5.22981554241e-006, 3.52091979039e-006, 5.73758643441e-006, 8.16416741145e-006, 1.15618722702e-005, 5.87940166952e-006, 2.87915145236e-006, 6.38379844986e-007, 1.70735347638e-007, 1.45964193621e-007, 1.4547278937e-008, 7.81666953387e-011, 4.97221751619e-012]
        min: [4.14290173811e-025, 6.06627567456e-024, 6.73401941234e-025, 1.50602500378e-024, 9.11222382407e-024, 1.26301474532e-023, 1.24026115691e-023, 1.57084704543e-023, 1.89667026511e-023, 2.49539092194e-023, 1.55882038761e-023, 1.20980718167e-023, 4.57929653404e-023, 5.16177186271e-023, 4.8331289386e-023, 8.87702841617e-023, 8.78092748743e-023, 1.22938481607e-022, 1.47789506009e-022, 1.42583894937e-022, 2.41095532117e-022, 3.67741180351e-022, 4.15510204393e-022, 5.79080954853e-022, 9.34131067178e-022, 1.27471006262e-021, 1.93332606915e-021, 5.76680798217e-022]
        var: [1.17896137297e-010, 2.10583607441e-007, 8.70630174177e-007, 8.71522786383e-007, 5.86758005738e-007, 2.00595096089e-007, 1.49926194126e-007, 1.19863301506e-008, 1.91110594017e-008, 9.12920583573e-009, 2.8110087591e-009, 2.08384403066e-008, 1.11295017646e-008, 1.66152833714e-008, 6.10495476394e-008, 4.69076830711e-008, 5.81561785395e-008, 1.02834860627e-007, 2.2854295878e-007, 2.2632649177e-007, 4.52961579356e-008, 2.83038694704e-008, 2.71937028451e-009, 8.32597990552e-010, 2.44509523739e-010, 3.13936268474e-013, 1.94323544248e-018, 2.76194940102e-021]
    mfcc:
        mean: [-822.430725098, 124.17855835, -3.9122273922, 41.6432037354, -6.13812112808, -3.84958338737, -3.55829596519, -9.51492023468, -8.81848239899, -6.87161874771, -6.1394405365, -9.18754577637, -4.08587884903]
        cov: [[11718.1933594, 51.2117958069, -900.847595215, 1097.83947754, -488.089691162, 41.0231552124, -121.470054626, -182.693572998, -48.0743370056, -140.980026245, -57.1262359619, -87.3212966919, -7.64840984344], [51.2117958069, 2693.1472168, 193.888916016, 29.7837352753, 258.984405518, -136.046157837, 63.6824645996, -28.8992595673, -150.432037354, -12.6613817215, -138.07749939, -87.2799758911, -42.8745956421], [-900.847595215, 193.888916016, 768.899353027, 140.261413574, 147.928268433, 217.411010742, 76.5241165161, 132.582809448, 98.4862976074, 28.3109493256, 64.5898742676, 2.30842757225, 32.1545715332], [1097.83947754, 29.7837352753, 140.261413574, 916.963317871, 13.6272506714, 195.188644409, 179.613388062, 95.3463363647, 197.552993774, 13.5823059082, 41.9763832092, -20.6550388336, 24.081243515], [-488.089691162, 258.984405518, 147.928268433, 13.6272506714, 225.657730103, 47.083366394, 52.705242157, 56.1387329102, 15.415225029, 26.8131961823, 3.94242978096, 19.0940723419, 9.36258792877], [41.0231552124, -136.046157837, 217.411010742, 195.188644409, 47.083366394, 300.172027588, 99.6621627808, 88.2310943604, 104.957260132, 42.1531791687, 87.6214675903, 29.6782341003, 39.5363464355], [-121.470054626, 63.6824645996, 76.5241165161, 179.613388062, 52.705242157, 99.6621627808, 151.262908936, 65.2170257568, 60.8069877625, 35.7265167236, 27.0527076721, 20.1890678406, 22.1594772339], [-182.693572998, -28.8992595673, 132.582809448, 95.3463363647, 56.1387329102, 88.2310943604, 65.2170257568, 118.959945679, 68.0564117432, 26.6432323456, 36.1868019104, 10.739525795, 16.4402217865], [-48.0743370056, -150.432037354, 98.4862976074, 197.552993774, 15.415225029, 104.957260132, 60.8069877625, 68.0564117432, 153.690414429, 34.3851127625, 38.0863761902, 15.6210851669, 19.4848442078], [-140.980026245, -12.6613817215, 28.3109493256, 13.5823059082, 26.8131961823, 42.1531791687, 35.7265167236, 26.6432323456, 34.3851127625, 77.8245544434, 32.4238166809, 14.6342277527, 12.829627037], [-57.1262359619, -138.07749939, 64.5898742676, 41.9763832092, 3.94242978096, 87.6214675903, 27.0527076721, 36.1868019104, 38.0863761902, 32.4238166809, 105.365791321, 32.8677940369, 14.661233902], [-87.3212966919, -87.2799758911, 2.30842757225, -20.6550388336, 19.0940723419, 29.6782341003, 20.1890678406, 10.739525795, 15.6210851669, 14.6342277527, 32.8677940369, 80.518989563, 27.5858879089], [-7.64840984344, -42.8745956421, 32.1545715332, 24.081243515, 9.36258792877, 39.5363464355, 22.1594772339, 16.4402217865, 19.4848442078, 12.829627037, 14.661233902, 27.5858879089, 62.8963661194]]
        icov: [[0.000137464536238, -3.95409697376e-005, 0.000183825482964, -0.000265649810899, 0.000205020143767, -0.000215644962736, 0.000355894939275, -6.59717043163e-005, 0.000239757908275, 2.21187128773e-005, 5.55984479433e-005, -6.66597115924e-005, -6.81251767674e-005], [-3.95409697376e-005, 0.000545631104615, -0.000242881505983, -5.09710334882e-005, -0.000625650747679, 0.000310006696964, -0.00050131266471, 0.000278364605037, 0.000565542490222, -0.000205315300263, 0.000379986595362, 0.000397650641389, 0.000116638009786], [0.000183825482964, -0.000242881505983, 0.00230277725495, -0.000245491653914, -0.000528010772541, -0.00142272701487, 0.00105719745625, -0.00131649582181, -0.00019090816204, 0.00063635094557, -0.000399130658479, 0.000635998265352, -0.000538476044312], [-0.000265649810899, -5.09710334882e-005, -0.000245491653914, 0.00252282549627, -0.000141518670716, 5.82419525017e-005, -0.00259820464998, 0.000611027819104, -0.00280168862082, 0.00134676194284, -0.000483646377688, 0.00141758425161, -8.31047218526e-005], [0.000205020143767, -0.000625650747679, -0.000528010772541, -0.000141518670716, 0.00696510449052, -0.000547601142898, -0.000252377794823, -0.00242259074003, 0.000913505908102, -0.00136191525962, 0.00147932686377, -0.00228034192696, 0.000602237239946], [-0.000215644962736, 0.000310006696964, -0.00142272701487, 5.82419525017e-005, -0.000547601142898, 0.00730363791808, -0.00275842309929, -0.000178611575393, -0.0017013780307, 9.05844208319e-005, -0.00352931884117, 0.000588919909205, -0.0015278570354], [0.000355894939275, -0.00050131266471, 0.00105719745625, -0.00259820464998, -0.000252377794823, -0.00275842309929, 0.0138310892507, -0.00424276757985, 0.00130538095254, -0.00330362468958, 0.0016372401733, -0.00274585396983, -0.000744432152715], [-6.59717043163e-005, 0.000278364605037, -0.00131649582181, 0.000611027819104, -0.00242259074003, -0.000178611575393, -0.00424276757985, 0.0159756597131, -0.0043382095173, 0.000327563786414, -0.00231652939692, 0.0019382139435, -0.000620268343482], [0.000239757908275, 0.000565542490222, -0.00019090816204, -0.00280168862082, 0.000913505908102, -0.0017013780307, 0.00130538095254, -0.0043382095173, 0.0140425683931, -0.00384678831324, 0.00128312420566, -0.00176175637171, 0.000100466517324], [2.21187128773e-005, -0.000205315300263, 0.00063635094557, 0.00134676194284, -0.00136191525962, 9.05844208319e-005, -0.00330362468958, 0.000327563786414, -0.00384678831324, 0.0179367940873, -0.00474384939298, 0.00118596688844, -0.00163553887978], [5.55984479433e-005, 0.000379986595362, -0.000399130658479, -0.000483646377688, 0.00147932686377, -0.00352931884117, 0.0016372401733, -0.00231652939692, 0.00128312420566, -0.00474384939298, 0.0161331146955, -0.00540163507685, 0.00186060811393], [-6.66597115924e-005, 0.000397650641389, 0.000635998265352, 0.00141758425161, -0.00228034192696, 0.000588919909205, -0.00274585396983, 0.0019382139435, -0.00176175637171, 0.00118596688844, -0.00540163507685, 0.0185149684548, -0.00673242611811], [-6.81251767674e-005, 0.000116638009786, -0.000538476044312, -8.31047218526e-005, 0.000602237239946, -0.0015278570354, -0.000744432152715, -0.000620268343482, 0.000100466517324, -0.00163553887978, 0.00186060811393, -0.00673242611811, 0.0203942358494]]
    sccoeffs:
        dmean: [0.0536955632269, 0.0441675037146, 0.0328142270446, 0.0314332917333, 0.0319486632943, 0.0319778397679]
        dmean2: [0.0895439684391, 0.0719375014305, 0.0526195764542, 0.0508620850742, 0.0506529323757, 0.0512734241784]
        dvar: [0.00228479830548, 0.00154026655946, 0.000779839348979, 0.000764727476053, 0.00110473891255, 0.00115721777547]
        dvar2: [0.00592337269336, 0.00397482188419, 0.00198304234073, 0.00190832174849, 0.00244755786844, 0.00286799063906]
        max: [-0.316083371639, -0.440161824226, -0.549949884415, -0.523954212666, -0.494466632605, -0.467841893435]
        mean: [-0.644033253193, -0.719951450825, -0.784611642361, -0.785257458687, -0.789448916912, -0.778999269009]
        median: [-0.644504487514, -0.717204451561, -0.784902632236, -0.78546243906, -0.806234300137, -0.785121381283]
        min: [-0.977315664291, -0.972612261772, -0.979385197163, -0.968773901463, -0.967825114727, -0.969495415688]
        var: [0.0112584028393, 0.00655453884974, 0.00381912570447, 0.00394212221727, 0.00505821267143, 0.00360858440399]
    scvalleys:
        dmean: [0.518027126789, 0.531392037868, 0.454075753689, 0.469634175301, 0.570962548256, 0.809690117836]
        dmean2: [0.779173851013, 0.817201435566, 0.680921018124, 0.667502045631, 0.743846952915, 1.03740751743]
        dvar: [0.380682080984, 0.460149258375, 0.380735218525, 0.420405447483, 0.556196451187, 0.830981969833]
        dvar2: [0.60081756115, 0.896632432938, 0.681514680386, 0.772566139698, 0.960220515728, 1.50119996071]
        max: [-4.59612321854, -4.49606561661, -5.25263690948, -5.18312311172, -5.26573038101, -6.97464227676]
        mean: [-7.63395500183, -7.54499816895, -8.42325973511, -8.99701309204, -9.20154094696, -11.3023042679]
        median: [-7.11009883881, -7.19521903992, -8.10811901093, -8.82902812958, -9.1674489975, -10.8088579178]
        min: [-28.1351184845, -27.9466495514, -27.6745262146, -27.5250930786, -27.4412479401, -27.3400039673]
        var: [5.28362894058, 4.12866449356, 3.79667472839, 3.66098165512, 4.07750701904, 5.15938282013]

rhythm:
    beats_loudness:
        dmean: 0.00473317783326
        dmean2: 0.00941141694784
        dvar: 7.4071454037e-006
        dvar2: 1.8122680558e-005
        max: 0.0110651571304
        mean: 0.00564943393692
        median: 0.00645839050412
        min: 1.19806768673e-011
        var: 9.9294265965e-006
    bpm: 109.955757141
    bpm_confidence: 0
    first_peak_bpm: 110
    first_peak_spread: 0.0725000277162
    first_peak_weight: 0.916049361229
    onset_rate: 4.58493089676
    second_peak_bpm: 105
    second_peak_spread: 0.333333343267
    second_peak_weight: 0.004938271828
    beats_loudness_band_ratio:
        dmean: [0.394695550203, 0.208215638995, 0.114445075393, 0.0706596374512, 0.165787175298, 0.279104232788]
        dmean2: [0.775062561035, 0.398025542498, 0.220893502235, 0.136169523001, 0.323505729437, 0.536860227585]
        dvar: [0.0850225389004, 0.0509614497423, 0.00339213083498, 0.0011896030046, 0.00295661692508, 0.00710591906682]
        dvar2: [0.191893026233, 0.125928685069, 0.00980011001229, 0.00368847255595, 0.0108142551035, 0.0240436755121]
        max: [0.954173505306, 0.918031096458, 0.394228696823, 0.320594847202, 0.453931063414, 0.999780118465]
        mean: [0.276286870241, 0.251857429743, 0.120591923594, 0.0681018605828, 0.133275851607, 0.210501134396]
        median: [0.123247638345, 0.169022113085, 0.147402048111, 0.082362383604, 0.1712718606, 0.264582186937]
        min: [0, 0, 0, 0, 0, 0]
        var: [0.0873503684998, 0.0404069945216, 0.00577221484855, 0.00224179378711, 0.00940332002938, 0.030365459621]
    beats_position: [0.580498874187, 1.17260766029, 1.77632653713, 2.40326523781, 2.97215414047, 3.51782298088, 4.06349182129, 4.60916090012, 5.15482997894, 5.70049858093, 6.24616765976, 6.79183673859, 7.33750534058, 7.8831744194, 8.42884349823, 8.97451210022, 9.52018165588, 10.0658502579, 10.6115188599, 11.1571884155, 11.7028570175, 12.2485256195, 12.7941951752, 13.3398637772, 13.8855323792, 14.4312019348, 14.9768705368, 15.5225391388, 16.0682086945, 16.6138763428, 17.1595458984, 17.7052154541, 18.2508831024, 18.7965526581, 19.3422222137, 19.8878898621, 20.4335594177, 20.9792289734, 21.5248966217, 22.0705661774, 22.616235733, 23.1619052887, 23.707572937, 24.2532424927, 24.7989120483, 25.3445796967, 25.8902492523, 26.435918808, 26.9815864563, 27.527256012, 28.0729255676, 28.6185932159, 29.1642627716, 29.7099323273, 30.2555999756, 30.8012695313, 31.3469390869, 31.8926067352, 32.4382743835, 32.9839439392, 33.5296134949, 34.0752830505, 34.6209526062, 35.1666221619, 35.7122879028, 36.2579574585, 36.8036270142, 37.3492965698, 37.8949661255, 38.4406356812, 38.9863014221, 39.5319709778, 40.0776405334, 40.6233100891, 41.1689796448, 41.7146492004, 42.2603149414, 42.8059844971, 43.3516540527, 43.8973236084, 44.4429931641, 44.9886627197, 45.5343284607, 46.0799980164, 46.625667572, 47.1713371277, 47.7170066833, 48.262676239, 48.80834198, 49.3540115356, 49.8996810913, 50.445350647, 50.9910202026, 51.5366897583, 52.0823554993, 52.6280250549, 53.1736946106, 53.7193641663, 54.2650337219, 54.8107032776, 55.3563690186, 55.9020385742, 56.4477081299, 56.9817695618, 57.5390472412, 58.0847167969, 58.6303825378, 59.1760520935, 59.7217216492, 60.2673912048, 60.8130607605, 61.3471183777, 61.8927879333, 62.438457489, 62.9841270447, 63.5297966003, 64.0870742798, 64.6327438354, 65.1784133911, 65.7124710083, 66.258140564, 66.8038101196, 67.3494796753, 67.895149231, 68.4408187866, 68.9864807129, 69.5321502686, 70.0778198242, 70.6118774414, 71.1575469971, 71.7032165527, 72.2488861084, 72.7945556641, 73.3402252197, 73.8858947754, 74.4315643311, 74.9772338867, 75.5229034424, 76.068572998, 76.6142425537, 77.15990448, 77.7055740356, 78.2512435913, 78.796913147, 79.3425827026, 79.8882522583, 80.433921814, 80.9795913696, 81.5252609253, 82.070930481, 82.6166000366, 83.1622695923, 83.7079315186, 84.2536010742, 84.7992706299, 85.3449401855, 85.8906097412, 86.4362792969, 86.9819488525, 87.5276184082, 88.0732879639, 88.6189575195, 89.1646270752, 89.7102966309, 90.2559585571, 90.8016281128, 91.3472976685, 91.8929672241, 92.4386367798, 92.9843063354, 93.5299758911, 94.0756454468, 94.6213150024, 95.1669845581, 95.7126541138, 96.2583236694, 96.8039855957, 97.3496551514, 97.895324707, 98.4409942627, 98.9866638184, 99.532333374, 100.07800293, 100.623672485, 101.169342041, 101.715011597, 102.260681152, 102.806350708, 103.352012634, 103.89768219, 104.443351746, 104.989021301, 105.534690857, 106.080360413, 106.626029968, 107.171699524, 107.71736908, 108.263038635, 108.808708191, 109.354377747, 109.900039673, 110.445709229, 110.991378784, 111.53704834, 112.082717896, 112.628387451, 113.174057007, 113.719726563, 114.265396118, 114.799453735, 115.345123291, 115.890792847, 116.448066711, 116.993736267, 117.539405823, 118.07346344, 118.630744934, 119.17641449, 119.722084045, 120.267753601, 120.813423157, 121.359092712, 121.904762268, 122.450431824, 122.99609375, 123.530158997, 124.075828552, 124.621498108, 125.178771973, 125.724441528, 126.270111084, 126.804168701, 127.349838257, 127.895507813, 128.441177368, 128.986846924, 129.544128418, 130.089797974, 130.623855591, 131.169525146, 131.715194702, 132.260864258, 132.806533813, 133.352203369, 133.886260986, 134.431930542, 134.977600098, 135.523269653, 136.068939209, 136.614593506, 137.160263062, 137.705932617, 138.251602173, 138.797271729, 139.342941284, 139.88861084, 140.434280396, 140.979949951, 141.525619507, 142.071289063, 142.616958618, 143.162628174, 143.708297729, 144.253967285, 144.799636841, 145.345306396, 145.890975952, 146.436645508, 146.982315063, 147.527984619, 148.073654175, 148.61932373, 149.164993286, 149.710647583, 150.256317139, 150.801986694, 151.34765625, 151.893325806, 152.438995361, 152.984664917, 153.530334473, 154.076004028, 154.621673584, 155.16734314, 155.713012695, 156.258682251, 156.804351807, 157.350021362, 157.895690918, 158.441360474, 158.987030029, 159.532699585, 160.078369141, 160.624038696, 161.169708252, 161.715377808, 162.261047363, 162.80670166, 163.352371216, 163.898040771, 164.443710327, 164.989379883, 165.535049438, 166.080718994, 166.62638855, 167.172058105, 167.717727661, 168.263397217, 168.809066772, 169.354736328, 169.900405884, 170.446075439, 170.991744995, 171.537414551, 172.083084106, 172.628753662, 173.174423218, 173.720092773, 174.265762329, 174.811431885, 175.35710144, 175.902755737, 176.448425293, 176.994094849, 177.539764404, 178.08543396, 178.631103516, 179.176773071, 179.722442627, 180.268112183, 180.813781738, 181.359451294, 181.90512085, 182.439178467, 182.996459961, 183.542129517, 184.087799072, 184.633468628, 185.179138184, 185.724807739, 186.270477295, 186.816146851, 187.361816406, 187.895874023, 188.453155518, 188.998809814, 189.54447937, 190.090148926, 190.635818481, 191.169876099, 191.715545654, 192.26121521, 192.806884766, 193.352554321, 193.898223877, 194.443893433, 194.989562988, 195.535232544, 196.0809021, 196.626571655, 197.160629272, 197.706298828, 198.251968384, 198.809249878, 199.354919434, 199.900588989, 200.434646606, 200.980316162, 201.525985718, 202.071655273, 202.617324829, 203.162994385, 203.70866394, 204.254333496, 204.800003052, 205.345672607, 205.891326904, 206.43699646, 206.982666016, 207.528335571, 208.074005127, 208.619674683, 209.165344238, 209.711013794, 210.25668335, 210.802352905, 211.348022461, 211.893692017, 212.439361572, 212.985031128, 213.530700684, 214.076370239, 214.622039795, 215.167709351, 215.713378906, 216.259048462, 216.804718018, 217.350387573, 217.896057129, 218.430114746, 218.975784302, 219.544662476, 220.10194397, 220.659225464, 221.216506958, 221.773788452]
