
metadata:
    version:
        essentia: "2.1-beta2"
    audio_properties:
        analysis_sample_rate: 44100
        bitrate: 128
        channels: 2
        equal_loudness: 1
        length: 224.235107422
        replay_gain: -12.0585670471
        downmix: "mix"
    tags:
        album: "Le bien-être et la paix"
        artist: "Mass Hysteria"
        comment: ""
        date: "1997"
        genre: "Metal"
        title: "Donnez-vous la peine"
        tracknumber: "6"

configuration:
    average_loudness:
        compute: 1
        frameSize: 88200
        hopSize: 44100
        silentFrames: "noise"
        windowType: "hann"
    general:
        analysisSampleRate: 44100
        endTime: 2000
        equalLoudness: 1
        nequalLoudness: 0
        shortSound: 0
        startTime: 0
    lowlevel:
        compute: 1
        frameSize: 2048
        hopSize: 1024
        zeroPadding: 0
        silentFrames: "noise"
        windowType: "blackmanharris62"
        mfccStats: ["mean", "cov", "icov"]
        stats: ["mean", "var", "median", "min", "max", "dmean", "dmean2", "dvar", "dvar2"]
    panning:
        compute: 0
        frameSize: 8192
        hopSize: 2048
        zeroPadding: 8192
        silentFrames: "noise"
        windowType: "hann"
        stats: ["copy"]
    rhythm:
        compute: 1
        maxTempo: 208
        minTempo: 40
        method: "degara"
        stats: ["mean", "var", "median", "min", "max", "dmean", "dmean2", "dvar", "dvar2"]
    segmentation:
        compute: 0
        cpw: 5
        inc1: 300
        inc2: 50
        minimumSegmentsLength: 10
        size1: 1000
        size2: 600
    sfx:
        compute: 1
        stats: ["mean", "var", "median", "min", "max", "dmean", "dmean2", "dvar", "dvar2"]
    svm:
        compute: 0
    tonal:
        compute: 1
        frameSize: 4096
        hopSize: 2048
        zeroPadding: 0
        silentFrames: "noise"
        windowType: "blackmanharris62"
        stats: ["mean", "var", "median", "min", "max", "dmean", "dmean2", "dvar", "dvar2"]

lowlevel:
    average_loudness: 0.839818835258
    barkbands_kurtosis:
        dmean: 3.92122459412
        dmean2: 6.66850948334
        dvar: 715.425231934
        dvar2: 2146.89575195
        max: 520.766174316
        mean: 3.09569501877
        median: -1.00489759445
        min: -1.92330372334
        var: 769.934265137
    barkbands_skewness:
        dmean: 0.531571745872
        dmean2: 0.800264179707
        dvar: 0.798150837421
        dvar2: 2.03497672081
        max: 17.2257957458
        mean: -0.112140931189
        median: -0.41949903965
        min: -6.56492710114
        var: 2.78517198563
    barkbands_spread:
        dmean: 5.70378446579
        dmean2: 8.65775680542
        dvar: 30.6517429352
        dvar2: 68.2343902588
        max: 77.043296814
        mean: 32.7014122009
        median: 34.5394592285
        min: 0.270025223494
        var: 158.390899658
    dissonance:
        dmean: 0.0103429881856
        dmean2: 0.0175679698586
        dvar: 0.0002067200694
        dvar2: 0.000567620212678
        max: 0.500000178814
        mean: 0.483798027039
        median: 0.489351689816
        min: 0.218599230051
        var: 0.000368482578779
    hfc:
        dmean: 2.5425825119
        dmean2: 3.79547047615
        dvar: 12.1647996902
        dvar2: 26.5626239777
        max: 48.1727485657
        mean: 7.86144399643
        median: 6.59974193573
        min: 1.08410224907e-016
        var: 39.8852310181
    pitch:
        dmean: 907.031494141
        dmean2: 1732.09606934
        dvar: 1665024.125
        dvar2: 3962106.25
        max: 4657.70605469
        mean: 2010.80383301
        median: 3053.09521484
        min: 53.6266059875
        var: 2362573
    pitch_instantaneous_confidence:
        dmean: 0.0800496935844
        dmean2: 0.131358489394
        dvar: 0.0046474095434
        dvar2: 0.0118388282135
        max: 0.883475899696
        mean: 0.362699300051
        median: 0.345781803131
        min: 0.0895408987999
        var: 0.0142571758479
    pitch_salience:
        dmean: 0.0606064870954
        dmean2: 0.0957247465849
        dvar: 0.00410433625802
        dvar2: 0.00997973047197
        max: 0.904109060764
        mean: 0.675503313541
        median: 0.694166183472
        min: 0.0497648790479
        var: 0.00942607037723
    silence_rate_20dB:
        dmean: 0
        dmean2: 0
        dvar: 0
        dvar2: 0
        max: 1
        mean: 1
        median: 1
        min: 1
        var: 0
    silence_rate_30dB:
        dmean: 0
        dmean2: 0
        dvar: 0
        dvar2: 0
        max: 1
        mean: 1
        median: 1
        min: 1
        var: 0
    silence_rate_60dB:
        dmean: 0.124262191355
        dmean2: 0.248550117016
        dvar: 0.108814880252
        dvar2: 0.212454602122
        max: 1
        mean: 0.467384546995
        median: 0
        min: 0
        var: 0.248964354396
    spectral_centroid:
        dmean: 258.521636963
        dmean2: 390.033843994
        dvar: 82623
        dvar2: 152604.359375
        max: 11610.0947266
        mean: 1916.67089844
        median: 1978.86157227
        min: 47.9354743958
        var: 1147033.625
    spectral_complexity:
        dmean: 4.11121463776
        dmean2: 6.38483858109
        dvar: 22.8712329865
        dvar2: 49.306224823
        max: 51
        mean: 15.1532411575
        median: 15
        min: 0
        var: 106.75693512
    spectral_crest:
        dmean: 1.85223293304
        dmean2: 3.10078454018
        dvar: 3.32911849022
        dvar2: 8.59058094025
        max: 24.3921222687
        mean: 6.87056779861
        median: 5.89130735397
        min: 2.61871385574
        var: 10.7122135162
    spectral_decrease:
        dmean: 2.80869466573e-010
        dmean2: 4.25740526167e-010
        dvar: 1.69226289927e-019
        dvar2: 3.90612573028e-019
        max: 1.82244118216e-028
        mean: -8.56478443723e-010
        median: -7.17864656608e-010
        min: -4.50505943661e-009
        var: 4.23822478755e-019
    spectral_energy:
        dmean: 0.00126943190116
        dmean2: 0.00191071094014
        dvar: 3.37276060236e-006
        dvar2: 7.69456710259e-006
        max: 0.0206340923905
        mean: 0.00394560117275
        median: 0.00330659025349
        min: 9.95118794858e-021
        var: 8.97733207239e-006
    spectral_energyband_high:
        dmean: 0.000149502244312
        dmean2: 0.000229526995099
        dvar: 5.85785748797e-008
        dvar2: 1.39441212355e-007
        max: 0.00342852016911
        mean: 0.00034359464189
        median: 0.00022328394698
        min: 7.04279021869e-021
        var: 1.35396405199e-007
    spectral_energyband_low:
        dmean: 0.000247249990935
        dmean2: 0.000379101402359
        dvar: 1.58527114991e-007
        dvar2: 3.76347202291e-007
        max: 0.00343809090555
        mean: 0.000363149942132
        median: 0.000198318055482
        min: 1.50131495197e-023
        var: 2.12084074747e-007
    spectral_energyband_middle_high:
        dmean: 0.000717138056643
        dmean2: 0.00108965090476
        dvar: 8.84911116827e-007
        dvar2: 1.86642751032e-006
        max: 0.0126174585894
        mean: 0.00225211633369
        median: 0.00193837098777
        min: 1.05485288751e-021
        var: 3.26001395479e-006
    spectral_energyband_middle_low:
        dmean: 0.000604143831879
        dmean2: 0.000971670495346
        dvar: 1.04614957763e-006
        dvar2: 2.5265755994e-006
        max: 0.0100226150826
        mean: 0.00111972878221
        median: 0.000789000943769
        min: 1.61555810381e-022
        var: 1.44100749822e-006
    spectral_flatness_db:
        dmean: 0.0191545020789
        dmean2: 0.027031397447
        dvar: 0.000486145319883
        dvar2: 0.00107729935553
        max: 0.486033827066
        mean: 0.145842000842
        median: 0.12926158309
        min: 0.0576025955379
        var: 0.00340987718664
    spectral_flux:
        dmean: 0.00800353754312
        dmean2: 0.0112993577495
        dvar: 0.000100298770121
        dvar2: 0.000186513527296
        max: 0.104462534189
        mean: 0.037950783968
        median: 0.0365543365479
        min: 6.41978276095e-011
        var: 0.000390453729779
    spectral_kurtosis:
        dmean: 2.00605392456
        dmean2: 3.17862224579
        dvar: 23.5748233795
        dvar2: 56.5819969177
        max: 140.441986084
        mean: 5.30186986923
        median: 3.86948919296
        min: -1.24835252762
        var: 49.4647407532
    spectral_rms:
        dmean: 0.000290575815598
        dmean2: 0.00042280429625
        dvar: 1.30958810018e-007
        dvar2: 2.7840926009e-007
        max: 0.00448673823848
        mean: 0.00178436120041
        median: 0.00179609074257
        min: 3.11584265333e-012
        var: 6.65419293e-007
    spectral_rolloff:
        dmean: 281.296508789
        dmean2: 454.289306641
        dvar: 214198.828125
        dvar2: 420364.9375
        max: 19336.8164063
        mean: 3355.62573242
        median: 3552.97851563
        min: 64.599609375
        var: 2986186.75
    spectral_skewness:
        dmean: 0.249083220959
        dmean2: 0.376865714788
        dvar: 0.132913887501
        dvar2: 0.319516807795
        max: 8.43959712982
        mean: 1.46587502956
        median: 1.37090206146
        min: -0.0771547183394
        var: 0.588277041912
    spectral_spread:
        dmean: 740696.0625
        dmean2: 906756.75
        dvar: 794712539136
        dvar2: 1.37110998221e+012
        max: 42462376
        mean: 4786939
        median: 4371205.5
        min: 443415.8125
        var: 1.31578535608e+013
    spectral_strongpeak:
        dmean: 0.465207904577
        dmean2: 0.799663364887
        dvar: 0.508382499218
        dvar2: 1.28438544273
        max: 7.91672992706
        mean: 0.577275156975
        median: 0.176657363772
        min: 0
        var: 0.702274382114
    zerocrossingrate:
        dmean: 0.00785123091191
        dmean2: 0.00924720522016
        dvar: 8.13960723463e-005
        dvar2: 8.70050862432e-005
        max: 0.529296875
        mean: 0.104897655547
        median: 0.10986328125
        min: 0.001953125
        var: 0.00229643681087
    barkbands:
        dmean: [8.26844996027e-007, 8.2044651208e-005, 0.000162519849255, 0.000183728741831, 0.000329306552885, 0.000149511077325, 6.80847588228e-005, 7.57592060836e-005, 8.55861217133e-005, 5.30566394445e-005, 4.3437757995e-005, 4.94696869282e-005, 4.99482848682e-005, 5.49167634745e-005, 7.85556185292e-005, 0.000139912226587, 0.000185225522728, 0.000204843992833, 0.000230188757996, 0.000151570769958, 6.52949820505e-005, 2.78024999716e-005, 7.27055703464e-006, 2.95185122923e-006, 1.78292691544e-006, 2.2481398787e-007, 1.25619592506e-009]
        dmean2: [1.28622343709e-006, 0.000129155028844, 0.000279798230622, 0.000316024234053, 0.000546826515347, 0.000258596934145, 0.000118251358799, 0.000131458902615, 0.00013746105833, 8.85539484443e-005, 7.13889166946e-005, 8.22106230771e-005, 8.05849413155e-005, 8.96826168173e-005, 0.000130248547066, 0.00021698702767, 0.000301741063595, 0.000331874209223, 0.000374858092982, 0.000246296462137, 0.000104134589492, 4.10355278291e-005, 1.02022868305e-005, 4.1641064854e-006, 2.36061850956e-006, 3.12620954901e-007, 1.94306082335e-009]
        dvar: [1.14809442335e-012, 1.81944628252e-008, 9.74575087298e-008, 1.03226916792e-007, 4.41680469976e-007, 8.91246898505e-008, 2.24900844614e-008, 3.01153271209e-008, 4.65986715881e-008, 1.64892508536e-008, 7.97939403441e-009, 9.57328261109e-009, 1.00421004845e-008, 1.89119617744e-008, 3.62203458337e-008, 5.27053458654e-008, 6.60689707388e-008, 9.79631025189e-008, 9.08593449367e-008, 5.00972028306e-008, 1.20760699218e-008, 2.160698509e-009, 1.78709366749e-010, 2.22079490214e-011, 8.69573597156e-012, 2.13098026096e-013, 7.93278118839e-018]
        dvar2: [2.96949053888e-012, 4.425271527e-008, 2.61673420709e-007, 2.84597177824e-007, 1.15035982162e-006, 2.48054163876e-007, 6.22390601279e-008, 8.15329599391e-008, 1.17527342525e-007, 4.39713758738e-008, 2.12489030815e-008, 2.43759252783e-008, 2.53307010922e-008, 4.51617552244e-008, 9.64828856809e-008, 1.0499883274e-007, 1.60495062573e-007, 2.28290659265e-007, 2.29200239232e-007, 1.2477579503e-007, 3.03368281607e-008, 4.69063188291e-009, 3.8428954463e-010, 4.77162857837e-011, 1.8121580625e-011, 4.57986784348e-013, 1.89341311341e-017]
        max: [1.108469678e-005, 0.00128705613315, 0.00239698030055, 0.00334711535834, 0.00755047472194, 0.00477811414748, 0.00298366742209, 0.00252778362483, 0.00387358502485, 0.00535050593317, 0.00175729033072, 0.00192050286569, 0.00236645201221, 0.00429356936365, 0.0043090088293, 0.00448695197701, 0.00471435673535, 0.00725369434804, 0.0049247215502, 0.00306065799668, 0.00171326263808, 0.000767208577599, 0.000243265676545, 8.7309286755e-005, 3.50483060174e-005, 5.46405590285e-006, 4.36919016522e-008]
        mean: [1.25433166431e-006, 0.000106829269498, 0.000157053771545, 0.000203309027711, 0.00041363350465, 0.000184655873454, 8.2735750766e-005, 7.47122467146e-005, 0.000115832495794, 9.56574949669e-005, 6.5273612563e-005, 7.94093793957e-005, 8.09243429103e-005, 8.25760871521e-005, 0.000133327004733, 0.000258412910625, 0.000355307623977, 0.000414533773437, 0.000516716798302, 0.000319306185702, 0.000133428824483, 5.06061696797e-005, 1.21403782032e-005, 4.99835914525e-006, 2.67920586339e-006, 2.86500466018e-007, 1.38805600347e-009]
        median: [8.82472818375e-007, 5.40925175301e-005, 5.66830021853e-005, 0.000101031153463, 0.000224355506361, 8.17019899841e-005, 4.58077411167e-005, 2.48453397944e-005, 3.50542686647e-005, 3.34102660418e-005, 2.90787011181e-005, 3.31843548338e-005, 4.74413500342e-005, 3.71561109205e-005, 5.52713536308e-005, 0.000175944674993, 0.000277851417195, 0.000283578643575, 0.000439434021246, 0.000256819126662, 8.14076920506e-005, 2.10260186577e-005, 4.8235488066e-006, 1.55097040988e-006, 9.0982968004e-007, 6.81899194888e-008, 2.77766754042e-010]
        min: [2.36163014829e-025, 1.80340998505e-024, 7.28385398416e-025, 7.55429473096e-025, 5.91256218287e-024, 1.06474844074e-023, 5.54788677474e-024, 8.33826371249e-024, 9.48442812068e-024, 1.69120008275e-023, 1.44793257674e-023, 2.66727188027e-023, 2.23382152739e-023, 3.63385241893e-023, 2.85731320551e-023, 4.20532913331e-023, 8.20311022464e-023, 9.73175289609e-023, 1.17923850604e-022, 1.35575389598e-022, 2.4415646389e-022, 3.17565915977e-022, 4.24225665892e-022, 6.08854357708e-022, 8.0573318848e-022, 1.29814980855e-021, 2.05286315924e-021]
        var: [1.65204330251e-012, 2.14851638702e-008, 8.27285191463e-008, 9.07873598521e-008, 4.11554594848e-007, 9.27134564677e-008, 1.87906223914e-008, 2.51643665905e-008, 6.23213267659e-008, 5.85470765202e-008, 1.30251560648e-008, 1.77110361932e-008, 1.45974619059e-008, 2.76679106292e-008, 7.11814962528e-008, 1.08427769874e-007, 1.30446309754e-007, 2.28538155511e-007, 2.08362507692e-007, 9.74778870955e-008, 2.35783463864e-008, 5.05291275488e-009, 3.43897160748e-010, 5.71427211105e-011, 1.59572632885e-011, 3.10317743724e-013, 9.08333317217e-018]
    frequency_bands:
        dmean: [8.26844996027e-007, 8.2044651208e-005, 0.000162519849255, 0.000183728741831, 0.000329306552885, 0.000149511077325, 6.80847588228e-005, 7.57592060836e-005, 8.55861217133e-005, 5.30566394445e-005, 4.3437757995e-005, 4.94696869282e-005, 4.99482848682e-005, 5.49167634745e-005, 7.85556185292e-005, 0.000139912226587, 0.000185225522728, 0.000204843992833, 0.000230188757996, 0.000151570769958, 6.52949820505e-005, 2.78024999716e-005, 7.27055703464e-006, 2.95185122923e-006, 1.78292691544e-006, 2.2481398787e-007, 1.25619592506e-009, 4.65947731787e-011]
        dmean2: [1.28622343709e-006, 0.000129155028844, 0.000279798230622, 0.000316024234053, 0.000546826515347, 0.000258596934145, 0.000118251358799, 0.000131458902615, 0.00013746105833, 8.85539484443e-005, 7.13889166946e-005, 8.22106230771e-005, 8.05849413155e-005, 8.96826168173e-005, 0.000130248547066, 0.00021698702767, 0.000301741063595, 0.000331874209223, 0.000374858092982, 0.000246296462137, 0.000104134589492, 4.10355278291e-005, 1.02022868305e-005, 4.1641064854e-006, 2.36061850956e-006, 3.12620954901e-007, 1.94306082335e-009, 8.65758853497e-011]
        dvar: [1.14809442335e-012, 1.81944628252e-008, 9.74575087298e-008, 1.03226916792e-007, 4.41680469976e-007, 8.91246898505e-008, 2.24900844614e-008, 3.01153271209e-008, 4.65986715881e-008, 1.64892508536e-008, 7.97939403441e-009, 9.57328261109e-009, 1.00421004845e-008, 1.89119617744e-008, 3.62203458337e-008, 5.27053458654e-008, 6.60689707388e-008, 9.79631025189e-008, 9.08593449367e-008, 5.00972028306e-008, 1.20760699218e-008, 2.160698509e-009, 1.78709366749e-010, 2.22079490214e-011, 8.69573597156e-012, 2.13098026096e-013, 7.93278118839e-018, 5.70508164844e-021]
        dvar2: [2.96949053888e-012, 4.425271527e-008, 2.61673420709e-007, 2.84597177824e-007, 1.15035982162e-006, 2.48054163876e-007, 6.22390601279e-008, 8.15329599391e-008, 1.17527342525e-007, 4.39713758738e-008, 2.12489030815e-008, 2.43759252783e-008, 2.53307010922e-008, 4.51617552244e-008, 9.64828856809e-008, 1.0499883274e-007, 1.60495062573e-007, 2.28290659265e-007, 2.29200239232e-007, 1.2477579503e-007, 3.03368281607e-008, 4.69063188291e-009, 3.8428954463e-010, 4.77162857837e-011, 1.8121580625e-011, 4.57986784348e-013, 1.89341311341e-017, 1.82316374653e-020]
        max: [1.108469678e-005, 0.00128705613315, 0.00239698030055, 0.00334711535834, 0.00755047472194, 0.00477811414748, 0.00298366742209, 0.00252778362483, 0.00387358502485, 0.00535050593317, 0.00175729033072, 0.00192050286569, 0.00236645201221, 0.00429356936365, 0.0043090088293, 0.00448695197701, 0.00471435673535, 0.00725369434804, 0.0049247215502, 0.00306065799668, 0.00171326263808, 0.000767208577599, 0.000243265676545, 8.7309286755e-005, 3.50483060174e-005, 5.46405590285e-006, 4.36919016522e-008, 8.7730550602e-010]
        mean: [1.25433166431e-006, 0.000106829269498, 0.000157053771545, 0.000203309027711, 0.00041363350465, 0.000184655873454, 8.2735750766e-005, 7.47122467146e-005, 0.000115832495794, 9.56574949669e-005, 6.5273612563e-005, 7.94093793957e-005, 8.09243429103e-005, 8.25760871521e-005, 0.000133327004733, 0.000258412910625, 0.000355307623977, 0.000414533773437, 0.000516716798302, 0.000319306185702, 0.000133428824483, 5.06061696797e-005, 1.21403782032e-005, 4.99835914525e-006, 2.67920586339e-006, 2.86500466018e-007, 1.38805600347e-009, 3.57470233969e-011]
        median: [8.82472818375e-007, 5.40925175301e-005, 5.66830021853e-005, 0.000101031153463, 0.000224355506361, 8.17019899841e-005, 4.58077411167e-005, 2.48453397944e-005, 3.50542686647e-005, 3.34102660418e-005, 2.90787011181e-005, 3.31843548338e-005, 4.74413500342e-005, 3.71561109205e-005, 5.52713536308e-005, 0.000175944674993, 0.000277851417195, 0.000283578643575, 0.000439434021246, 0.000256819126662, 8.14076920506e-005, 2.10260186577e-005, 4.8235488066e-006, 1.55097040988e-006, 9.0982968004e-007, 6.81899194888e-008, 2.77766754042e-010, 1.1318987414e-011]
        min: [2.36163014829e-025, 1.80340998505e-024, 7.28385398416e-025, 7.55429473096e-025, 5.91256218287e-024, 1.06474844074e-023, 5.54788677474e-024, 8.33826371249e-024, 9.48442812068e-024, 1.69120008275e-023, 1.44793257674e-023, 2.66727188027e-023, 2.23382152739e-023, 3.63385241893e-023, 2.85731320551e-023, 4.20532913331e-023, 8.20311022464e-023, 9.73175289609e-023, 1.17923850604e-022, 1.35575389598e-022, 2.4415646389e-022, 3.17565915977e-022, 4.24225665892e-022, 6.08854357708e-022, 8.0573318848e-022, 1.29814980855e-021, 2.05286315924e-021, 4.83482978582e-022]
        var: [1.65204330251e-012, 2.14851638702e-008, 8.27285191463e-008, 9.07873598521e-008, 4.11554594848e-007, 9.27134564677e-008, 1.87906223914e-008, 2.51643665905e-008, 6.23213267659e-008, 5.85470765202e-008, 1.30251560648e-008, 1.77110361932e-008, 1.45974619059e-008, 2.76679106292e-008, 7.11814962528e-008, 1.08427769874e-007, 1.30446309754e-007, 2.28538155511e-007, 2.08362507692e-007, 9.74778870955e-008, 2.35783463864e-008, 5.05291275488e-009, 3.43897160748e-010, 5.71427211105e-011, 1.59572632885e-011, 3.10317743724e-013, 9.08333317217e-018, 4.30889165123e-021]
    mfcc:
        mean: [-738.894104004, 97.4843673706, -46.2890853882, 60.4809989929, -1.83435702324, -4.35359525681, 3.83181452751, -1.45425713062, -2.37543272972, -6.85629320145, -4.88194894791, -4.12555027008, -3.03645849228]
        cov: [[13176.7597656, 191.048812866, -2007.75170898, 623.189086914, -722.473876953, -143.210144043, -354.513397217, 65.9279022217, 50.7896347046, -163.825866699, -122.005310059, -96.3949356079, -56.3388214111], [191.048812866, 1130.96716309, -349.23147583, 160.434570313, 17.5450572968, -41.5183143616, 103.912666321, -85.8874130249, 7.04370117188, -35.6532745361, -28.5940227509, 3.96637487411, -30.7262382507], [-2007.75170898, -349.23147583, 1106.52282715, -221.423934937, 210.685348511, 147.357376099, 4.24064445496, 89.5688781738, 1.55494129658, 57.3957748413, 39.2065696716, 36.1340179443, 35.7423553467], [623.189086914, 160.434570313, -221.423934937, 346.516540527, -2.41901016235, -59.0555496216, -1.12915182114, -49.3921203613, 22.4613132477, -33.1735420227, -25.6580867767, 0.58302873373, -7.25578832626], [-722.473876953, 17.5450572968, 210.685348511, -2.41901016235, 185.593811035, 40.4272346497, 34.4779167175, 12.8043251038, 10.992026329, 17.1057319641, 6.37420606613, 11.3498601913, 8.36702251434], [-143.210144043, -41.5183143616, 147.357376099, -59.0555496216, 40.4272346497, 129.956848145, 43.5731048584, 46.4259872437, 3.0523443222, 16.4320259094, 11.9220752716, 3.51370191574, 6.00610733032], [-354.513397217, 103.912666321, 4.24064445496, -1.12915182114, 34.4779167175, 43.5731048584, 125.113853455, 15.0883588791, 7.74713134766, 1.62336111069, -1.095469594, 11.5098676682, -2.87230873108], [65.9279022217, -85.8874130249, 89.5688781738, -49.3921203613, 12.8043251038, 46.4259872437, 15.0883588791, 100.024154663, 33.997543335, 18.718629837, 8.81864070892, 5.57010173798, 8.18149280548], [50.7896347046, 7.04370117188, 1.55494129658, 22.4613132477, 10.992026329, 3.0523443222, 7.74713134766, 33.997543335, 112.588356018, 38.7302017212, 8.67008399963, 11.3840408325, -3.77956962585], [-163.825866699, -35.6532745361, 57.3957748413, -33.1735420227, 17.1057319641, 16.4320259094, 1.62336111069, 18.718629837, 38.7302017212, 76.5734024048, 30.7112941742, 3.20579504967, 0.137139469385], [-122.005310059, -28.5940227509, 39.2065696716, -25.6580867767, 6.37420606613, 11.9220752716, -1.095469594, 8.81864070892, 8.67008399963, 30.7112941742, 58.2663230896, 17.7437915802, 3.87617707253], [-96.3949356079, 3.96637487411, 36.1340179443, 0.58302873373, 11.3498601913, 3.51370191574, 11.5098676682, 5.57010173798, 11.3840408325, 3.20579504967, 17.7437915802, 59.0795097351, 19.7462329865], [-56.3388214111, -30.7262382507, 35.7423553467, -7.25578832626, 8.36702251434, 6.00610733032, -2.87230873108, 8.18149280548, -3.77956962585, 0.137139469385, 3.87617707253, 19.7462329865, 47.8726196289]]
        icov: [[0.000156664929818, -1.13698770292e-005, 0.000246910087299, -0.000217636494199, 0.000323716463754, -0.0003644785902, 0.000540392240509, -0.000429841718869, 8.08483764558e-006, 9.1798894573e-005, 0.000142162301927, -7.14195048204e-005, 7.3097209679e-005], [-1.13698770292e-005, 0.00119311641902, 0.000308609189233, -0.000153751971084, -0.000408256310038, 5.62435670872e-005, -0.00100026081782, 0.000866748334374, -0.000234638748225, 0.000188775869901, 0.00015307002468, -0.000251392630162, 0.000427073857281], [0.000246910087299, 0.000308609189233, 0.00204441440292, 0.000312079180731, -0.00120419892482, -0.00157527811825, 0.00144457328133, -0.000945046194829, 0.000239425673499, -0.000149314233568, 0.000368668086594, -0.00089567375835, 2.47694442805e-005], [-0.000217636494199, -0.000153751971084, 0.000312079180731, 0.00425847619772, -0.00141137861647, 0.00109253753908, -0.000581185973715, 0.00190322136041, -0.00167588866316, 0.00141874526162, 0.000348170113284, -0.000205151445698, -0.00027285219403], [0.000323716463754, -0.000408256310038, -0.00120419892482, -0.00141137861647, 0.00854608789086, -0.00131379684899, -0.000552763987798, -0.000344370171661, -0.000254594458966, -0.000830623903312, 0.000555759121198, -2.90837397188e-006, -0.000560571439564], [-0.0003644785902, 5.62435670872e-005, -0.00157527811825, 0.00109253753908, -0.00131379684899, 0.0129748331383, -0.00505061540753, -0.0030117330607, 0.00120938650798, -0.000805703282822, -0.00154319312423, 0.00160299730487, -0.000676104857121], [0.000540392240509, -0.00100026081782, 0.00144457328133, -0.000581185973715, -0.000552763987798, -0.00505061540753, 0.0128393787891, -0.00255229207687, 0.000128595725982, 0.000266767281573, 0.00175551115535, -0.00297007313929, 0.00185646151658], [-0.000429841718869, 0.000866748334374, -0.000945046194829, 0.00190322136041, -0.000344370171661, -0.0030117330607, -0.00255229207687, 0.0164886191487, -0.00524228205904, 0.000600828556344, -0.000544382550288, 0.000870350573678, -0.00221904786304], [8.08483764558e-006, -0.000234638748225, 0.000239425673499, -0.00167588866316, -0.000254594458966, 0.00120938650798, 0.000128595725982, -0.00524228205904, 0.0136848278344, -0.00770075339824, 0.00249010976404, -0.00347647047602, 0.00255736731924], [9.1798894573e-005, 0.000188775869901, -0.000149314233568, 0.00141874526162, -0.000830623903312, -0.000805703282822, 0.000266767281573, 0.000600828556344, -0.00770075339824, 0.0222444776446, -0.0105723496526, 0.00401874864474, -0.000758016773034], [0.000142162301927, 0.00015307002468, 0.000368668086594, 0.000348170113284, 0.000555759121198, -0.00154319312423, 0.00175551115535, -0.000544382550288, 0.00249010976404, -0.0105723496526, 0.0254817921668, -0.00855009816587, 0.00202826154418], [-7.14195048204e-005, -0.000251392630162, -0.00089567375835, -0.000205151445698, -2.90837397188e-006, 0.00160299730487, -0.00297007313929, 0.000870350573678, -0.00347647047602, 0.00401874864474, -0.00855009816587, 0.024018747732, -0.00963613577187], [7.3097209679e-005, 0.000427073857281, 2.47694442805e-005, -0.00027285219403, -0.000560571439564, -0.000676104857121, 0.00185646151658, -0.00221904786304, 0.00255736731924, -0.000758016773034, 0.00202826154418, -0.00963613577187, 0.0258769877255]]
    sccoeffs:
        dmean: [0.0535085871816, 0.0467082485557, 0.0361237041652, 0.0293511152267, 0.0208036508411, 0.0282129403204]
        dmean2: [0.0861017927527, 0.0783342570066, 0.0604342035949, 0.04869094491, 0.0343483053148, 0.0416397675872]
        dvar: [0.00192349043209, 0.00141490425449, 0.000848369672894, 0.000559153675567, 0.000331258081133, 0.00086176925106]
        dvar2: [0.00474231876433, 0.00389138003811, 0.00232365122065, 0.00147931510583, 0.000823722046334, 0.00157763250172]
        max: [-0.4200784266, -0.514041960239, -0.562488853931, -0.584637105465, -0.555214941502, -0.487776458263]
        mean: [-0.706803798676, -0.784927904606, -0.80988073349, -0.801277756691, -0.797636210918, -0.740468204021]
        median: [-0.713037729263, -0.789518475533, -0.816116094589, -0.79999768734, -0.794511556625, -0.745359480381]
        min: [-0.979753375053, -0.979374289513, -0.975749492645, -0.973313987255, -0.964737713337, -0.966660261154]
        var: [0.00592603441328, 0.00348753505386, 0.00325172673911, 0.00248064566404, 0.00170638062991, 0.00412375992164]
    scvalleys:
        dmean: [0.388897448778, 0.456488251686, 0.378968030214, 0.320620149374, 0.284417212009, 0.586791694164]
        dmean2: [0.630770921707, 0.728443861008, 0.595617413521, 0.486331224442, 0.40477502346, 0.68517690897]
        dvar: [0.175570979714, 0.27616122365, 0.20853048563, 0.185749396682, 0.201270133257, 0.453825652599]
        dvar2: [0.370597392321, 0.588652908802, 0.409342110157, 0.343173414469, 0.364193409681, 0.675642132759]
        max: [-5.17723941803, -4.71874380112, -5.33657884598, -5.81896495819, -5.56463432312, -7.82501316071]
        mean: [-6.91885948181, -7.13591527939, -7.5295753479, -7.58790159225, -7.30500793457, -10.4351892471]
        median: [-6.45023918152, -6.71131420135, -7.0619597435, -7.05390834808, -6.63403463364, -9.77868080139]
        min: [-28.2031841278, -27.8193244934, -27.6604652405, -27.6863002777, -27.7330284119, -27.4456787109]
        var: [4.94497156143, 4.9654250145, 4.93842315674, 4.99165534973, 5.48286724091, 5.41255474091]

rhythm:
    beats_loudness:
        dmean: 0.00193210563157
        dmean2: 0.00334962597117
        dvar: 2.57403121395e-006
        dvar2: 7.07564913682e-006
        max: 0.0169573947787
        mean: 0.00715295877308
        median: 0.00719190668315
        min: 0
        var: 9.69737720879e-006
    bpm: 144.94052124
    bpm_confidence: 0
    first_peak_bpm: 144
    first_peak_spread: 0.363809525967
    first_peak_weight: 0.619666039944
    onset_rate: 4.01364469528
    second_peak_bpm: 152
    second_peak_spread: 0
    second_peak_weight: 0.011131725274
    beats_loudness_band_ratio:
        dmean: [0.13788177073, 0.112791791558, 0.0454207509756, 0.0377043783665, 0.0836599245667, 0.0804701000452]
        dmean2: [0.254353821278, 0.200216129422, 0.0836232751608, 0.0683541893959, 0.141947001219, 0.140421718359]
        dvar: [0.0191176589578, 0.0102624017745, 0.00302042346448, 0.00133814360015, 0.00593502353877, 0.00752417556942]
        dvar2: [0.0666655674577, 0.0306530855596, 0.00897356774658, 0.00399596709758, 0.0158883295953, 0.0234709046781]
        max: [0.973667502403, 0.754438757896, 0.44196203351, 0.281352847815, 0.665131032467, 0.81519305706]
        mean: [0.277525871992, 0.179242044687, 0.0625223740935, 0.0677286908031, 0.2486666888, 0.230859965086]
        median: [0.220801979303, 0.154119193554, 0.0463019423187, 0.0608229786158, 0.254356265068, 0.225221276283]
        min: [0, 0, 0, 0, 0, 0]
        var: [0.0479932390153, 0.0138047458604, 0.0031022191979, 0.00215940386988, 0.0130216721445, 0.0119340466335]
    beats_position: [0.406349211931, 0.824308395386, 1.24226760864, 1.68344664574, 2.13623571396, 2.56580495834, 3.00698399544, 3.44816327095, 3.88934230804, 4.33052158356, 4.78331041336, 5.23609972, 5.66566896439, 6.08362817764, 6.5015873909, 6.91954612732, 7.33750534058, 7.74385452271, 8.15020370483, 8.56816291809, 8.98612213135, 9.4040813446, 9.81043052673, 10.2167797089, 10.6347389221, 11.0526981354, 11.4706573486, 11.8886165619, 12.294965744, 12.7013149261, 13.1192741394, 13.5372333527, 13.9551925659, 14.3731517792, 14.7795009613, 15.1858501434, 15.6038093567, 16.0217685699, 16.4397277832, 16.8460769653, 17.2524261475, 17.6703853607, 18.088344574, 18.483083725, 18.8894329071, 19.3073921204, 19.7137413025, 20.1317005157, 20.549659729, 20.9676189423, 21.3855781555, 21.8035373688, 22.2098865509, 22.616235733, 23.0341949463, 23.4405441284, 23.8468933105, 24.2648525238, 24.6828117371, 25.1007709503, 25.5187301636, 25.9250793457, 26.3314285278, 26.7493877411, 27.1673469543, 27.5853061676, 27.9916553497, 28.409614563, 28.8159637451, 29.2339229584, 29.6518821716, 30.0698413849, 30.4878005981, 30.9057598114, 31.3121089935, 31.7184581757, 32.1248054504, 32.542766571, 32.9491157532, 33.3670730591, 33.7850341797, 34.2029914856, 34.6209526062, 35.0389099121, 35.4568710327, 35.8632202148, 36.269569397, 36.6875267029, 37.1054878235, 37.5234451294, 37.94140625, 38.3477554321, 38.7541046143, 39.1720619202, 39.5900230408, 39.9963722229, 40.402721405, 40.8206787109, 41.2386398315, 41.6565971375, 42.0629463196, 42.4692955017, 42.8872566223, 43.3052139282, 43.7231750488, 44.1411323547, 44.5590934753, 44.9654426575, 45.3717918396, 45.7897491455, 46.1960983276, 46.6140594482, 47.0204086304, 47.4383659363, 47.8563270569, 48.2742843628, 48.6922454834, 49.1102027893, 49.5165519714, 49.9229011536, 50.3408622742, 50.7588195801, 51.1767807007, 51.5947380066, 52.0010871887, 52.4074363708, 52.8253974915, 53.2433547974, 53.661315918, 54.0676651001, 54.4740142822, 54.8919715881, 55.3099327087, 55.7162818909, 56.122631073, 56.5405883789, 56.9585494995, 57.3765068054, 57.7828559875, 58.2008171082, 58.6071662903, 59.0251235962, 59.4430847168, 59.8610420227, 60.2789993286, 60.6969604492, 61.1033096313, 61.5096588135, 61.9276161194, 62.34557724, 62.7635345459, 63.1814956665, 63.5994529724, 64.0058059692, 64.4121551514, 64.8301086426, 65.2480697632, 65.6544189453, 66.0607681274, 66.478729248, 66.8966903687, 67.3030395508, 67.7093887329, 68.1273422241, 68.5453033447, 68.9632644653, 69.3812255859, 69.7875747681, 70.1939239502, 70.6118774414, 71.0182266235, 71.4245758057, 71.8425369263, 72.2604980469, 72.6784591675, 73.0964126587, 73.5143737793, 73.9323348999, 74.3502960205, 74.7682495117, 75.1745986938, 75.580947876, 75.9989089966, 76.4168701172, 76.8348312378, 77.2411804199, 77.6475296021, 78.0654830933, 78.4834442139, 78.9014053345, 79.3193664551, 79.7257156372, 80.1320648193, 80.5500183105, 80.9679794312, 81.3859405518, 81.8039016724, 82.2102508545, 82.6166000366, 83.0345535278, 83.4525146484, 83.8588638306, 84.2652130127, 84.6831741333, 85.1011352539, 85.5190887451, 85.9370498657, 86.3550109863, 86.7613601685, 87.1677093506, 87.5856704712, 88.0036239624, 88.4099731445, 88.8163223267, 89.2342834473, 89.6522445679, 90.0702056885, 90.4881591797, 90.9061203003, 91.3124694824, 91.730430603, 92.1483917236, 92.5547409058, 92.972694397, 93.3906555176, 93.7970046997, 94.2033538818, 94.6213150024, 95.039276123, 95.4456253052, 95.8519744873, 96.2699279785, 96.6878890991, 97.0942382813, 97.5121994019, 97.918548584, 98.3365097046, 98.7544631958, 99.1724243164, 99.590385437, 100.008346558, 100.426300049, 100.832649231, 101.238998413, 101.656959534, 102.074920654, 102.481269836, 102.887619019, 103.305580139, 103.72353363, 104.141494751, 104.547843933, 104.954193115, 105.372154236, 105.790107727, 106.208068848, 106.61441803, 107.020767212, 107.438728333, 107.856689453, 108.263038635, 108.669387817, 109.087341309, 109.505302429, 109.92326355, 110.34122467, 110.759178162, 111.165527344, 111.571876526, 111.989837646, 112.407798767, 112.825759888, 113.23210907, 113.650062561, 114.068023682, 114.474372864, 114.892333984, 115.310295105, 115.728248596, 116.146209717, 116.564170837, 116.97052002, 117.376869202, 117.794830322, 118.201179504, 118.607528687, 119.025482178, 119.443443298, 119.861404419, 120.27936554, 120.685714722, 121.092063904, 121.510017395, 121.927978516, 122.345939636, 122.752288818, 123.170249939, 123.576599121, 123.994552612, 124.412513733, 124.830474854, 125.248435974, 125.654785156, 126.061134338, 126.47908783, 126.89704895, 127.315010071, 127.732971191, 128.150924683, 128.557281494, 128.963623047, 129.381591797, 129.78793335, 130.194290161, 130.612243652, 131.030197144, 131.448165894, 131.866119385, 132.284072876, 132.702041626, 133.108383179, 133.51473999, 133.932693481, 134.350662231, 134.768615723, 135.186569214, 135.592926025, 135.999267578, 136.417236328, 136.835189819, 137.253143311, 137.659500122, 138.065841675, 138.483810425, 138.901763916, 139.308120728, 139.71446228, 140.13243103, 140.550384521, 140.968338013, 141.374694824, 141.781036377, 142.199005127, 142.616958618, 143.034912109, 143.452880859, 143.870834351, 144.277191162, 144.683532715, 145.101501465, 145.519454956, 145.937408447, 146.343765259, 146.750106812, 147.168075562, 147.586029053, 148.003982544, 148.421951294, 148.828292847, 149.246261597, 149.652603149, 150.070556641, 150.488525391, 150.906478882, 151.324447632, 151.730789185, 152.137145996, 152.555099487, 152.973052979, 153.37940979, 153.785751343, 154.203720093, 154.621673584, 155.039627075, 155.457595825, 155.863937378, 156.270294189, 156.688247681, 157.106216431, 157.524169922, 157.930511475, 158.336868286, 158.754821777, 159.172790527, 159.590744019, 160.00869751, 160.42666626, 160.833007813, 161.239364624, 161.657318115, 162.063674927, 162.470016479, 162.887985229, 163.305938721, 163.723892212, 164.141860962, 164.559814453, 164.966171265, 165.372512817, 165.790466309, 166.208435059, 166.614776611, 167.021133423, 167.439086914, 167.857055664, 168.275009155, 168.692962646, 169.099319458, 169.505661011, 169.923629761, 170.341583252, 170.759536743, 171.177505493, 171.595458984, 172.001815796, 172.408157349, 172.826126099, 173.24407959, 173.662033081, 174.080001831, 174.486343384, 174.892700195, 175.310653687, 175.728607178, 176.146575928, 176.55291748, 176.97088623, 177.377227783, 177.795196533, 178.213150024, 178.619491577, 179.025848389, 179.44380188, 179.838546753, 180.256500244, 180.686080933, 181.115646362, 181.521987915, 181.939956665, 182.346298218, 182.764266968, 183.182220459, 183.60017395, 184.006530762, 184.412872314, 184.830841064, 185.248794556, 185.666748047, 186.084716797, 186.502670288, 186.9090271, 187.315368652, 187.733337402, 188.151290894, 188.569244385, 188.987213135, 189.393554688, 189.799911499, 190.21786499, 190.624221802, 191.042175293, 191.448516846, 191.866485596, 192.284439087, 192.702392578, 193.10874939, 193.526702881, 193.933059692, 194.351013184, 194.768981934, 195.186935425, 195.593276978, 195.999633789, 196.41758728, 196.83555603, 197.253509521, 197.671463013, 198.077819824, 198.484161377, 198.902130127, 199.30847168, 199.714828491, 200.132781982, 200.550750732, 200.968704224, 201.386657715, 201.804626465, 202.222579956, 202.628936768, 203.03527832, 203.453231812, 203.871200562, 204.289154053, 204.695510864, 205.101852417, 205.519821167, 205.937774658, 206.355728149, 206.773696899, 207.180038452, 207.586395264, 208.004348755, 208.422302246, 208.840270996, 209.246612549, 209.65296936, 210.070922852, 210.488891602, 210.906845093, 211.324798584, 211.742767334, 212.149108887, 212.555465698, 212.973419189, 213.391372681, 213.809341431, 214.215682983, 214.633651733, 215.039993286, 215.457962036, 215.875915527, 216.28225708, 216.688613892, 217.106567383, 217.524536133, 217.942489624, 218.360443115, 218.778411865, 219.196365356, 219.614334106, 220.032287598, 220.427032471, 220.821762085, 221.216506958, 221.611236572, 222.017593384, 222.423934937, 222.853515625, 223.283081055, 223.712646484]
