
metadata:
    version:
        essentia: "2.1-beta2"
    audio_properties:
        analysis_sample_rate: 44100
        bitrate: 128
        channels: 2
        equal_loudness: 1
        length: 114.67755127
        replay_gain: -12.7554473877
        downmix: "mix"
    tags:
        album: "Le bien-être et la paix"
        artist: "Mass Hysteria"
        comment: ""
        date: "1997"
        genre: "Metal"
        title: "Hard corps"
        tracknumber: "7"

configuration:
    average_loudness:
        compute: 1
        frameSize: 88200
        hopSize: 44100
        silentFrames: "noise"
        windowType: "hann"
    general:
        analysisSampleRate: 44100
        endTime: 2000
        equalLoudness: 1
        nequalLoudness: 0
        shortSound: 0
        startTime: 0
    lowlevel:
        compute: 1
        frameSize: 2048
        hopSize: 1024
        zeroPadding: 0
        silentFrames: "noise"
        windowType: "blackmanharris62"
        mfccStats: ["mean", "cov", "icov"]
        stats: ["mean", "var", "median", "min", "max", "dmean", "dmean2", "dvar", "dvar2"]
    panning:
        compute: 0
        frameSize: 8192
        hopSize: 2048
        zeroPadding: 8192
        silentFrames: "noise"
        windowType: "hann"
        stats: ["copy"]
    rhythm:
        compute: 1
        maxTempo: 208
        minTempo: 40
        method: "degara"
        stats: ["mean", "var", "median", "min", "max", "dmean", "dmean2", "dvar", "dvar2"]
    segmentation:
        compute: 0
        cpw: 5
        inc1: 300
        inc2: 50
        minimumSegmentsLength: 10
        size1: 1000
        size2: 600
    sfx:
        compute: 1
        stats: ["mean", "var", "median", "min", "max", "dmean", "dmean2", "dvar", "dvar2"]
    svm:
        compute: 0
    tonal:
        compute: 1
        frameSize: 4096
        hopSize: 2048
        zeroPadding: 0
        silentFrames: "noise"
        windowType: "blackmanharris62"
        stats: ["mean", "var", "median", "min", "max", "dmean", "dmean2", "dvar", "dvar2"]

lowlevel:
    average_loudness: 0.953128039837
    barkbands_kurtosis:
        dmean: 0.823121130466
        dmean2: 1.34669160843
        dvar: 2.36725378036
        dvar2: 5.6067943573
        max: 56.4115180969
        mean: -0.494590848684
        median: -1.06978678703
        min: -1.85624563694
        var: 7.25186920166
    barkbands_skewness:
        dmean: 0.435609459877
        dmean2: 0.685789823532
        dvar: 0.143095329404
        dvar2: 0.360273629427
        max: 2.74292135239
        mean: -0.558159887791
        median: -0.608864307404
        min: -5.79631233215
        var: 0.545149028301
    barkbands_spread:
        dmean: 6.37135267258
        dmean2: 10.3468637466
        dvar: 31.1870098114
        dvar2: 81.8063812256
        max: 67.8874511719
        mean: 35.9720993042
        median: 36.1330680847
        min: 0.981682479382
        var: 95.1899337769
    dissonance:
        dmean: 0.00768537307158
        dmean2: 0.0132106337696
        dvar: 5.42440102436e-005
        dvar2: 0.000151154526975
        max: 0.500000119209
        mean: 0.488186597824
        median: 0.490224599838
        min: 0.399351209402
        var: 7.63494390412e-005
    hfc:
        dmean: 3.24461460114
        dmean2: 5.07464838028
        dvar: 12.5630149841
        dvar2: 30.6037998199
        max: 43.5912132263
        mean: 10.5077018738
        median: 9.76652908325
        min: 1.0754304184e-016
        var: 37.5518035889
    pitch:
        dmean: 1019.32983398
        dmean2: 1946.6036377
        dvar: 1817240.125
        dvar2: 4350927.5
        max: 4385.75244141
        mean: 2526.45263672
        median: 3388.89282227
        min: 54.8149414063
        var: 2172093.5
    pitch_instantaneous_confidence:
        dmean: 0.0728098005056
        dmean2: 0.123127624393
        dvar: 0.00333875999786
        dvar2: 0.00902509875596
        max: 0.767692148685
        mean: 0.328704714775
        median: 0.319427758455
        min: 0.097581744194
        var: 0.00776336994022
    pitch_salience:
        dmean: 0.0506071783602
        dmean2: 0.0837739259005
        dvar: 0.00191289396025
        dvar2: 0.00497701577842
        max: 0.93675673008
        mean: 0.708627104759
        median: 0.718398451805
        min: 0.390822976828
        var: 0.00412821117789
    silence_rate_20dB:
        dmean: 0
        dmean2: 0
        dvar: 0
        dvar2: 0
        max: 1
        mean: 1
        median: 1
        min: 1
        var: 0
    silence_rate_30dB:
        dmean: 0
        dmean2: 0
        dvar: 0
        dvar2: 0
        max: 1
        mean: 1
        median: 1
        min: 1
        var: 0
    silence_rate_60dB:
        dmean: 0.108119055629
        dmean2: 0.216281890869
        dvar: 0.0964275971055
        dvar2: 0.213233500719
        max: 1
        mean: 0.210121452808
        median: 0
        min: 0
        var: 0.16596339643
    spectral_centroid:
        dmean: 292.003326416
        dmean2: 465.185699463
        dvar: 82747.4609375
        dvar2: 187901.625
        max: 11633.9150391
        mean: 2180.17822266
        median: 2163.81347656
        min: 399.412506104
        var: 939980.0625
    spectral_complexity:
        dmean: 5.33468294144
        dmean2: 8.30255126953
        dvar: 26.1829891205
        dvar2: 58.4973754883
        max: 49
        mean: 20.6526317596
        median: 22
        min: 0
        var: 94.9109039307
    spectral_crest:
        dmean: 1.53930699825
        dmean2: 2.58692526817
        dvar: 2.29865288734
        dvar2: 5.91771364212
        max: 17.7229728699
        mean: 5.76863336563
        median: 5.25462293625
        min: 2.53144359589
        var: 3.96290206909
    spectral_decrease:
        dmean: 3.48028161845e-010
        dmean2: 5.7013305188e-010
        dvar: 1.75961336646e-019
        dvar2: 4.49016177165e-019
        max: 1.54603737396e-028
        mean: -1.06856223869e-009
        median: -9.31966170903e-010
        min: -4.29688906678e-009
        var: 3.31895725933e-019
    spectral_energy:
        dmean: 0.00157229218166
        dmean2: 0.00255455705337
        dvar: 3.50708432961e-006
        dvar2: 8.85336976353e-006
        max: 0.0201713051647
        mean: 0.00498607940972
        median: 0.0043968250975
        min: 9.99826454207e-021
        var: 7.20076013749e-006
    spectral_energyband_high:
        dmean: 0.000236371575738
        dmean2: 0.00038739273441
        dvar: 7.41287209394e-008
        dvar2: 1.93757017541e-007
        max: 0.0026280793827
        mean: 0.000548604177311
        median: 0.000490341102704
        min: 6.87548243848e-021
        var: 1.29559708739e-007
    spectral_energyband_low:
        dmean: 0.000335805554641
        dmean2: 0.000577415223233
        dvar: 2.152908678e-007
        dvar2: 5.89405772189e-007
        max: 0.00417339941487
        mean: 0.000466807832709
        median: 0.000325794040691
        min: 1.16522423429e-023
        var: 2.16777394257e-007
    spectral_energyband_middle_high:
        dmean: 0.000855866586789
        dmean2: 0.00131248729303
        dvar: 7.89013085978e-007
        dvar2: 1.84207942766e-006
        max: 0.013288998045
        mean: 0.00282218493521
        median: 0.00253233802505
        min: 1.21150556764e-021
        var: 3.09998813464e-006
    spectral_energyband_middle_low:
        dmean: 0.000715141184628
        dmean2: 0.00120867032092
        dvar: 9.68265908341e-007
        dvar2: 2.59500893662e-006
        max: 0.00994816608727
        mean: 0.00131036061794
        median: 0.000976067967713
        min: 1.96422679842e-022
        var: 1.1587269455e-006
    spectral_flatness_db:
        dmean: 0.0123917441815
        dmean2: 0.0191413089633
        dvar: 0.000145237354445
        dvar2: 0.000340739497915
        max: 0.411186426878
        mean: 0.136934369802
        median: 0.134038493037
        min: 0.046380199492
        var: 0.000751940649934
    spectral_flux:
        dmean: 0.00814869999886
        dmean2: 0.0124912010506
        dvar: 7.68364334363e-005
        dvar2: 0.000150308362208
        max: 0.101283244789
        mean: 0.0450862050056
        median: 0.0441624633968
        min: 6.36514660424e-011
        var: 0.000254630926065
    spectral_kurtosis:
        dmean: 1.13576626778
        dmean2: 1.95227515697
        dvar: 1.17989504337
        dvar2: 3.5928580761
        max: 13.8791456223
        mean: 3.84091925621
        median: 3.79874849319
        min: -1.24545240402
        var: 2.34863352776
    spectral_rms:
        dmean: 0.00032805610681
        dmean2: 0.000520510075148
        dvar: 1.24104929e-007
        dvar2: 3.08061714804e-007
        max: 0.00443613808602
        mean: 0.00210916693322
        median: 0.00207113148645
        min: 3.12320416924e-012
        var: 4.158779916e-007
    spectral_rolloff:
        dmean: 268.440338135
        dmean2: 438.348724365
        dvar: 144648.71875
        dvar2: 303909.875
        max: 19659.8144531
        mean: 3823.6315918
        median: 3746.77734375
        min: 215.33203125
        var: 2124339.75
    spectral_skewness:
        dmean: 0.165915876627
        dmean2: 0.271583616734
        dvar: 0.0213557798415
        dvar2: 0.0576776973903
        max: 2.37113213539
        mean: 1.18722391129
        median: 1.21909439564
        min: -0.0623173974454
        var: 0.0749825760722
    spectral_spread:
        dmean: 457984.84375
        dmean2: 643691.4375
        dvar: 573218226176
        dvar2: 1.09543424e+012
        max: 42669632
        mean: 4394989
        median: 3903550
        min: 1746821
        var: 1.25840654336e+013
    spectral_strongpeak:
        dmean: 0.490946024656
        dmean2: 0.857804536819
        dvar: 0.506303071976
        dvar2: 1.33356463909
        max: 8.22364139557
        mean: 0.589186429977
        median: 0.191815644503
        min: 0
        var: 0.705730617046
    zerocrossingrate:
        dmean: 0.00758946640417
        dmean2: 0.00969640724361
        dvar: 5.9336918639e-005
        dvar2: 8.23317313916e-005
        max: 0.5185546875
        mean: 0.117994353175
        median: 0.11669921875
        min: 0.0390625
        var: 0.00162384787109
    barkbands:
        dmean: [5.86486464726e-007, 9.63817947195e-005, 0.000188903635717, 0.000194026739337, 0.000275813275948, 0.000227872558753, 9.75756411208e-005, 0.000120033917483, 0.00010596922948, 6.27551489742e-005, 5.20551657246e-005, 4.57622991235e-005, 5.38064196007e-005, 5.61460547033e-005, 7.35140201868e-005, 0.000156422815053, 0.000239390356001, 0.000288469454972, 0.00029387648101, 0.000231966681895, 0.000107258878415, 2.35943080042e-005, 5.6258704717e-006, 1.6859819425e-006, 8.14519921732e-007, 5.72354679207e-008, 4.13773126873e-010]
        dmean2: [9.88972828964e-007, 0.000167978578247, 0.000326792243868, 0.000334150128765, 0.000466740573756, 0.000379964534659, 0.000168929225765, 0.000204548370675, 0.000170657483977, 0.000105170140159, 8.42988301883e-005, 7.61115661589e-005, 8.8427834271e-005, 9.23184998101e-005, 0.000118369127449, 0.000256984872976, 0.000399202253902, 0.000462762254756, 0.000488276709802, 0.00038765714271, 0.000179973823833, 3.79907032766e-005, 8.85936242412e-006, 2.56371822616e-006, 1.1700919913e-006, 8.21998895617e-008, 7.01628088962e-010]
        dvar: [6.14325105543e-013, 2.23714291536e-008, 7.02682356746e-008, 6.99118345437e-008, 1.50484098072e-007, 1.44906252331e-007, 3.86622538429e-008, 7.82454350201e-008, 5.00597181485e-008, 1.53852628415e-008, 1.15331673101e-008, 8.79620554173e-009, 1.62688618133e-008, 1.03983666122e-008, 1.68512617194e-008, 3.85012945969e-008, 6.42797530759e-008, 1.37502041753e-007, 1.00426255756e-007, 6.0494350862e-008, 1.78290253672e-008, 1.559890217e-009, 1.47901441094e-010, 1.3839419194e-011, 3.95235493639e-012, 3.03592837447e-014, 3.33124916323e-019]
        dvar2: [1.59088118113e-012, 6.16751449911e-008, 1.94268793052e-007, 1.86114604617e-007, 4.12427652918e-007, 3.63924272051e-007, 1.03909727045e-007, 2.04983408025e-007, 1.23909217109e-007, 3.90577454823e-008, 2.31989343291e-008, 2.09060964096e-008, 3.93438703838e-008, 2.34667982824e-008, 3.69567771941e-008, 9.3892424502e-008, 1.66746588093e-007, 3.25637785181e-007, 2.60155957221e-007, 1.56776948756e-007, 4.69429792815e-008, 3.91091381502e-009, 3.6549474558e-010, 3.10213417454e-011, 7.88455498807e-012, 7.17427080742e-014, 8.55625389265e-019]
        max: [7.54241636969e-006, 0.00130450888537, 0.00259124417789, 0.00208293320611, 0.00370098976418, 0.00610702298582, 0.00398885179311, 0.00402011256665, 0.00408615078777, 0.00197637104429, 0.00277564185672, 0.00202716304921, 0.00221882364713, 0.00175395060796, 0.0027906242758, 0.00398666970432, 0.00318838749081, 0.0083528039977, 0.00609763199463, 0.00240874034353, 0.00182844535448, 0.000666222709697, 0.000218575965846, 0.000106737759779, 7.27684528101e-005, 5.91375965087e-006, 6.70419941784e-009]
        mean: [7.51347158712e-007, 0.000107366628072, 0.000228313714615, 0.000233799743, 0.00035996735096, 0.000303012115182, 0.000116254333989, 0.000121108008898, 0.000150683190441, 8.41061773826e-005, 7.22907934687e-005, 6.54667674098e-005, 7.02918914612e-005, 8.8659406174e-005, 0.000126178361825, 0.000309132388793, 0.00051859189989, 0.000569574709516, 0.000656680844259, 0.000535858096555, 0.000213207895285, 3.99275813834e-005, 9.70815926848e-006, 3.43193642038e-006, 1.62039157203e-006, 1.01158917687e-007, 5.12645204065e-010]
        median: [5.22845994055e-007, 6.15674871369e-005, 0.000142751974636, 0.000142219651025, 0.000237463595113, 0.00015434375382, 6.45279651508e-005, 4.77196008433e-005, 7.52311389078e-005, 4.02089208364e-005, 3.63929466403e-005, 3.65310334018e-005, 2.94081073662e-005, 5.34599239472e-005, 8.44691094244e-005, 0.000251833174843, 0.000453415326774, 0.000410377018852, 0.000591345364228, 0.00049537589075, 0.000181657436769, 2.19395988097e-005, 4.31615262642e-006, 1.62657056535e-006, 7.96013409854e-007, 4.60132589808e-008, 2.67609934212e-010]
        min: [3.8707200739e-025, 2.5524470224e-024, 7.77342599232e-025, 2.31920866008e-024, 1.15014926016e-023, 6.96165410123e-024, 4.16937048667e-024, 1.15904177361e-023, 2.53948729991e-023, 1.57019307973e-023, 1.53560247567e-023, 2.107422029e-023, 2.70756815749e-023, 3.88485028849e-023, 6.30298222441e-023, 5.73617998421e-023, 9.58885295192e-023, 1.20270642378e-022, 1.26466822933e-022, 2.25523417848e-022, 2.30300229375e-022, 3.27623526487e-022, 4.62510385665e-022, 5.64591359694e-022, 8.40506833514e-022, 1.476022014e-021, 1.98588636928e-021]
        var: [6.28409108604e-013, 1.87152409126e-008, 6.98523550113e-008, 7.65923999779e-008, 1.57990299954e-007, 1.93379875668e-007, 3.41518635594e-008, 7.47440935811e-008, 7.74493713607e-008, 2.09303170351e-008, 2.29630625626e-008, 1.31812498694e-008, 2.10258068734e-008, 1.71274621152e-008, 3.04373735105e-008, 7.61474368005e-008, 1.33344741471e-007, 3.57843759957e-007, 2.05280556997e-007, 1.1449244397e-007, 2.50438336735e-008, 2.49555709431e-009, 2.56156595935e-010, 3.79078123058e-011, 1.37440597098e-011, 6.7126642786e-014, 4.86475206301e-019]
    frequency_bands:
        dmean: [5.86486464726e-007, 9.63817947195e-005, 0.000188903635717, 0.000194026739337, 0.000275813275948, 0.000227872558753, 9.75756411208e-005, 0.000120033917483, 0.00010596922948, 6.27551489742e-005, 5.20551657246e-005, 4.57622991235e-005, 5.38064196007e-005, 5.61460547033e-005, 7.35140201868e-005, 0.000156422815053, 0.000239390356001, 0.000288469454972, 0.00029387648101, 0.000231966681895, 0.000107258878415, 2.35943080042e-005, 5.6258704717e-006, 1.6859819425e-006, 8.14519921732e-007, 5.72354679207e-008, 4.13773126873e-010, 5.9447974321e-011]
        dmean2: [9.88972828964e-007, 0.000167978578247, 0.000326792243868, 0.000334150128765, 0.000466740573756, 0.000379964534659, 0.000168929225765, 0.000204548370675, 0.000170657483977, 0.000105170140159, 8.42988301883e-005, 7.61115661589e-005, 8.8427834271e-005, 9.23184998101e-005, 0.000118369127449, 0.000256984872976, 0.000399202253902, 0.000462762254756, 0.000488276709802, 0.00038765714271, 0.000179973823833, 3.79907032766e-005, 8.85936242412e-006, 2.56371822616e-006, 1.1700919913e-006, 8.21998895617e-008, 7.01628088962e-010, 1.11218007026e-010]
        dvar: [6.14325105543e-013, 2.23714291536e-008, 7.02682356746e-008, 6.99118345437e-008, 1.50484098072e-007, 1.44906252331e-007, 3.86622538429e-008, 7.82454350201e-008, 5.00597181485e-008, 1.53852628415e-008, 1.15331673101e-008, 8.79620554173e-009, 1.62688618133e-008, 1.03983666122e-008, 1.68512617194e-008, 3.85012945969e-008, 6.42797530759e-008, 1.37502041753e-007, 1.00426255756e-007, 6.0494350862e-008, 1.78290253672e-008, 1.559890217e-009, 1.47901441094e-010, 1.3839419194e-011, 3.95235493639e-012, 3.03592837447e-014, 3.33124916323e-019, 7.89325305743e-021]
        dvar2: [1.59088118113e-012, 6.16751449911e-008, 1.94268793052e-007, 1.86114604617e-007, 4.12427652918e-007, 3.63924272051e-007, 1.03909727045e-007, 2.04983408025e-007, 1.23909217109e-007, 3.90577454823e-008, 2.31989343291e-008, 2.09060964096e-008, 3.93438703838e-008, 2.34667982824e-008, 3.69567771941e-008, 9.3892424502e-008, 1.66746588093e-007, 3.25637785181e-007, 2.60155957221e-007, 1.56776948756e-007, 4.69429792815e-008, 3.91091381502e-009, 3.6549474558e-010, 3.10213417454e-011, 7.88455498807e-012, 7.17427080742e-014, 8.55625389265e-019, 2.57753146254e-020]
        max: [7.54241636969e-006, 0.00130450888537, 0.00259124417789, 0.00208293320611, 0.00370098976418, 0.00610702298582, 0.00398885179311, 0.00402011256665, 0.00408615078777, 0.00197637104429, 0.00277564185672, 0.00202716304921, 0.00221882364713, 0.00175395060796, 0.0027906242758, 0.00398666970432, 0.00318838749081, 0.0083528039977, 0.00609763199463, 0.00240874034353, 0.00182844535448, 0.000666222709697, 0.000218575965846, 0.000106737759779, 7.27684528101e-005, 5.91375965087e-006, 6.70419941784e-009, 1.10537901055e-009]
        mean: [7.51347158712e-007, 0.000107366628072, 0.000228313714615, 0.000233799743, 0.00035996735096, 0.000303012115182, 0.000116254333989, 0.000121108008898, 0.000150683190441, 8.41061773826e-005, 7.22907934687e-005, 6.54667674098e-005, 7.02918914612e-005, 8.8659406174e-005, 0.000126178361825, 0.000309132388793, 0.00051859189989, 0.000569574709516, 0.000656680844259, 0.000535858096555, 0.000213207895285, 3.99275813834e-005, 9.70815926848e-006, 3.43193642038e-006, 1.62039157203e-006, 1.01158917687e-007, 5.12645204065e-010, 4.49258442947e-011]
        median: [5.22845994055e-007, 6.15674871369e-005, 0.000142751974636, 0.000142219651025, 0.000237463595113, 0.00015434375382, 6.45279651508e-005, 4.77196008433e-005, 7.52311389078e-005, 4.02089208364e-005, 3.63929466403e-005, 3.65310334018e-005, 2.94081073662e-005, 5.34599239472e-005, 8.44691094244e-005, 0.000251833174843, 0.000453415326774, 0.000410377018852, 0.000591345364228, 0.00049537589075, 0.000181657436769, 2.19395988097e-005, 4.31615262642e-006, 1.62657056535e-006, 7.96013409854e-007, 4.60132589808e-008, 2.67609934212e-010, 1.69988901427e-011]
        min: [3.8707200739e-025, 2.5524470224e-024, 7.77342599232e-025, 2.31920866008e-024, 1.15014926016e-023, 6.96165410123e-024, 4.16937048667e-024, 1.15904177361e-023, 2.53948729991e-023, 1.57019307973e-023, 1.53560247567e-023, 2.107422029e-023, 2.70756815749e-023, 3.88485028849e-023, 6.30298222441e-023, 5.73617998421e-023, 9.58885295192e-023, 1.20270642378e-022, 1.26466822933e-022, 2.25523417848e-022, 2.30300229375e-022, 3.27623526487e-022, 4.62510385665e-022, 5.64591359694e-022, 8.40506833514e-022, 1.476022014e-021, 1.98588636928e-021, 5.18513905868e-022]
        var: [6.28409108604e-013, 1.87152409126e-008, 6.98523550113e-008, 7.65923999779e-008, 1.57990299954e-007, 1.93379875668e-007, 3.41518635594e-008, 7.47440935811e-008, 7.74493713607e-008, 2.09303170351e-008, 2.29630625626e-008, 1.31812498694e-008, 2.10258068734e-008, 1.71274621152e-008, 3.04373735105e-008, 7.61474368005e-008, 1.33344741471e-007, 3.57843759957e-007, 2.05280556997e-007, 1.1449244397e-007, 2.50438336735e-008, 2.49555709431e-009, 2.56156595935e-010, 3.79078123058e-011, 1.37440597098e-011, 6.7126642786e-014, 4.86475206301e-019, 5.75765527716e-021]
    mfcc:
        mean: [-703.391113281, 98.1144256592, -57.1174736023, 70.5507888794, -7.67380428314, -8.41503047943, 0.7590020895, -3.04712891579, 2.15562105179, -4.10326242447, -8.67052173615, -2.93994903564, -3.51029658318]
        cov: [[6298.77832031, 961.782165527, -545.200012207, 474.636505127, -185.895950317, -58.2522201538, -185.079925537, 15.1621923447, -77.4007492065, -46.3170928955, -50.6262283325, -38.1224861145, -15.376335144], [961.782165527, 751.833068848, -312.826171875, 303.679077148, -33.0848426819, -20.1525382996, 54.0455436707, -50.3568496704, 51.8322525024, -26.632478714, -27.6493320465, -2.13926792145, -15.6673364639], [-545.200012207, -312.826171875, 398.882751465, -161.55897522, 66.7875366211, 29.5304107666, -28.9211597443, 44.1930274963, -31.5150642395, -1.02470684052, 3.26176118851, -15.4216966629, 15.4911184311], [474.636505127, 303.679077148, -161.55897522, 269.797729492, 17.0119781494, -6.35050916672, 19.8318214417, -32.1843528748, 45.1632461548, -2.18863892555, -17.1076946259, -4.44159650803, -1.38126909733], [-185.895950317, -33.0848426819, 66.7875366211, 17.0119781494, 111.410888672, 29.3015041351, 21.8013629913, 10.403676033, 10.1324577332, 9.35861206055, -3.20492625237, -3.65327978134, -1.1535204649], [-58.2522201538, -20.1525382996, 29.5304107666, -6.35050916672, 29.3015041351, 68.1759796143, 23.0349292755, 22.4492473602, -6.63611364365, 2.03800082207, 9.41018009186, -1.17176735401, -2.00917458534], [-185.079925537, 54.0455436707, -28.9211597443, 19.8318214417, 21.8013629913, 23.0349292755, 103.26688385, 16.0550098419, 29.6557159424, -3.08444428444, 0.0279840007424, 13.9340486526, -5.33689689636], [15.1621923447, -50.3568496704, 44.1930274963, -32.1843528748, 10.403676033, 22.4492473602, 16.0550098419, 71.7545776367, 6.78948068619, 9.04852199554, 3.83191418648, -4.50904178619, 0.0523703582585], [-77.4007492065, 51.8322525024, -31.5150642395, 45.1632461548, 10.1324577332, -6.63611364365, 29.6557159424, 6.78948068619, 64.6612625122, 19.3892879486, -1.03537809849, 0.90749001503, 0.111226335168], [-46.3170928955, -26.632478714, -1.02470684052, -2.18863892555, 9.35861206055, 2.03800082207, -3.08444428444, 9.04852199554, 19.3892879486, 45.9559211731, 15.0722284317, 4.11176013947, -1.61874818802], [-50.6262283325, -27.6493320465, 3.26176118851, -17.1076946259, -3.20492625237, 9.41018009186, 0.0279840007424, 3.83191418648, -1.03537809849, 15.0722284317, 42.1484107971, 14.5645275116, -0.87429612875], [-38.1224861145, -2.13926792145, -15.4216966629, -4.44159650803, -3.65327978134, -1.17176735401, 13.9340486526, -4.50904178619, 0.90749001503, 4.11176013947, 14.5645275116, 37.6571464539, 11.2410182953], [-15.376335144, -15.6673364639, 15.4911184311, -1.38126909733, -1.1535204649, -2.00917458534, -5.33689689636, 0.0523703582585, 0.111226335168, -1.61874818802, -0.87429612875, 11.2410182953, 36.6636810303]]
        icov: [[0.000274959078524, -0.000282508641249, 0.000160823445185, -0.000316145276884, 0.000211342674447, 3.20898616337e-005, 0.000644276849926, -0.000748623337131, 0.000628637673799, -5.62285531487e-005, 0.000150745821884, -9.69768079813e-005, 4.69284350402e-005], [-0.000282508641249, 0.00335123203695, 0.000900250975974, -0.00236764689907, 0.000536240113433, -1.18042989925e-005, -0.00154658430256, 0.000979430158623, -0.000855235964991, 0.00146783364471, 0.000121478871733, 0.000372276816051, 0.000589872244745], [0.000160823445185, 0.000900250975974, 0.0050613405183, 0.00157733866945, -0.00290472665802, -0.000363006372936, 0.00151400151663, -0.00170939927921, 0.000211411097553, 0.00166702223942, -0.000255439867033, 0.00193604023661, -0.00204211683013], [-0.000316145276884, -0.00236764689907, 0.00157733866945, 0.00910414848477, -0.0032954912167, -0.00114910735283, 0.00101411424112, 0.00252318265848, -0.00459543149918, 0.000634045631159, 0.000636289769318, 0.00116670434363, -0.00179105240386], [0.000211342674447, 0.000536240113433, -0.00290472665802, -0.0032954912167, 0.0135734826326, -0.004317633342, -0.00211470830254, 0.000746115460061, 0.000113995294669, -0.00345119810663, 0.00282457936555, -0.000397627940401, 0.00133903499227], [3.20898616337e-005, -1.18042989925e-005, -0.000363006372936, -0.00114910735283, -0.004317633342, 0.0217144656926, -0.00546548888087, -0.00522280810401, 0.00668346555904, -0.000671902962495, -0.0060975914821, 0.00397984543815, -0.00103106279857], [0.000644276849926, -0.00154658430256, 0.00151400151663, 0.00101411424112, -0.00211470830254, -0.00546548888087, 0.0180421844125, -0.00444603245705, -0.00763968192041, 0.00599935417995, 0.00236198375933, -0.00896811671555, 0.00436839926988], [-0.000748623337131, 0.000979430158623, -0.00170939927921, 0.00252318265848, 0.000746115460061, -0.00522280810401, -0.00444603245705, 0.0204982664436, -0.00421953154728, -0.00292075634934, -0.000122390119941, 0.00375730474479, -0.00128836743534], [0.000628637673799, -0.000855235964991, 0.000211411097553, -0.00459543149918, 0.000113995294669, 0.00668346555904, -0.00763968192041, -0.00421953154728, 0.0287086777389, -0.0130287287757, 0.00120790372603, 0.00380220334046, -0.00289973849431], [-5.62285531487e-005, 0.00146783364471, 0.00166702223942, 0.000634045631159, -0.00345119810663, -0.000671902962495, 0.00599935417995, -0.00292075634934, -0.0130287287757, 0.0334976650774, -0.010278060101, -0.00229564192705, 0.00263249105774], [0.000150745821884, 0.000121478871733, -0.000255439867033, 0.000636289769318, 0.00282457936555, -0.0060975914821, 0.00236198375933, -0.000122390119941, 0.00120790372603, -0.010278060101, 0.0346875376999, -0.0145417116582, 0.00517392531037], [-9.69768079813e-005, 0.000372276816051, 0.00193604023661, 0.00116670434363, -0.000397627940401, 0.00397984543815, -0.00896811671555, 0.00375730474479, 0.00380220334046, -0.00229564192705, -0.0145417116582, 0.0415074005723, -0.0149466115981], [4.69284350402e-005, 0.000589872244745, -0.00204211683013, -0.00179105240386, 0.00133903499227, -0.00103106279857, 0.00436839926988, -0.00128836743534, -0.00289973849431, 0.00263249105774, 0.00517392531037, -0.0149466115981, 0.0337964110076]]
    sccoeffs:
        dmean: [0.0527611486614, 0.0495418980718, 0.0356808155775, 0.0293477866799, 0.0185332596302, 0.0240128450096]
        dmean2: [0.089661359787, 0.0832323655486, 0.0595737732947, 0.0494669489563, 0.0314408503473, 0.0372645296156]
        dvar: [0.00177375099156, 0.00157855811995, 0.000840852735564, 0.000521027715877, 0.000220233836444, 0.000392695888877]
        dvar2: [0.00500464206561, 0.0043652029708, 0.00232475553639, 0.00145875650924, 0.000610643648542, 0.000902183528524]
        max: [-0.455893099308, -0.497424900532, -0.58585691452, -0.636627435684, -0.684121727943, -0.541512548923]
        mean: [-0.687908649445, -0.778235077858, -0.819566607475, -0.799689590931, -0.805061221123, -0.720450222492]
        median: [-0.686721086502, -0.782358467579, -0.825675368309, -0.800608158112, -0.804949998856, -0.718785524368]
        min: [-0.976819872856, -0.977969825268, -0.973203957081, -0.970446825027, -0.967381298542, -0.964007675648]
        var: [0.00444774981588, 0.0041152285412, 0.00232770480216, 0.00159713136964, 0.000816686835606, 0.00283444602974]
    scvalleys:
        dmean: [0.381808429956, 0.426404833794, 0.344936817884, 0.288739055395, 0.229003310204, 0.362244278193]
        dmean2: [0.633544206619, 0.706406116486, 0.563605010509, 0.460554540157, 0.356288135052, 0.512132823467]
        dvar: [0.115613311529, 0.167299583554, 0.110866449773, 0.0876619964838, 0.0801498219371, 0.162135392427]
        dvar2: [0.268797367811, 0.402570545673, 0.251723408699, 0.183808997273, 0.152703106403, 0.294127494097]
        max: [-5.24676275253, -4.49010848999, -5.20606136322, -5.78479623795, -5.42880916595, -7.57362365723]
        mean: [-6.83423185349, -6.73895740509, -7.15071344376, -7.23997116089, -6.65496492386, -10.1008768082]
        median: [-6.50238370895, -6.43636846542, -6.85220336914, -6.93160963058, -6.30485868454, -9.76563739777]
        min: [-28.6707515717, -27.8543376923, -27.7386169434, -27.6614742279, -27.4975738525, -27.4252166748]
        var: [4.99546146393, 5.11029720306, 4.71704244614, 4.62969446182, 4.67016935349, 3.81518292427]

rhythm:
    beats_loudness:
        dmean: 0.00201921234839
        dmean2: 0.00339590082876
        dvar: 2.6089990115e-006
        dvar2: 6.58314456814e-006
        max: 0.0122899431735
        mean: 0.0063859578222
        median: 0.00614160997793
        min: 5.20634316908e-013
        var: 6.24815174888e-006
    bpm: 81.4688796997
    bpm_confidence: 0
    first_peak_bpm: 129
    first_peak_spread: 0.50746268034
    first_peak_weight: 0.173684209585
    onset_rate: 4.07228803635
    second_peak_bpm: 81
    second_peak_spread: 0.294117689133
    second_peak_weight: 0.252631574869
    beats_loudness_band_ratio:
        dmean: [0.0654374063015, 0.0671285167336, 0.0460921376944, 0.0393248684704, 0.0963035598397, 0.0821665376425]
        dmean2: [0.114109359682, 0.116896040738, 0.0829181596637, 0.0684318244457, 0.167251467705, 0.142673581839]
        dvar: [0.00409804889932, 0.00389076629654, 0.00238484260626, 0.00197213375941, 0.00639420887455, 0.00637165131047]
        dvar2: [0.0123761128634, 0.0109764384106, 0.00667154230177, 0.00587003445253, 0.0180010925978, 0.0170629359782]
        max: [0.409521281719, 0.474982053041, 0.304354220629, 0.279999345541, 0.643034636974, 0.807095825672]
        mean: [0.100333824754, 0.118409343064, 0.0814478769898, 0.062081232667, 0.332925140858, 0.321896612644]
        median: [0.0831476077437, 0.104248970747, 0.0708252564073, 0.0491313189268, 0.322275042534, 0.321069866419]
        min: [0, 0, 0, 0, 0, 0]
        var: [0.00497429957613, 0.00482345977798, 0.00274919904768, 0.00198199204169, 0.00957824196666, 0.00931208115071]
    beats_position: [0.66176867485, 1.35836732388, 2.04335594177, 2.71673464775, 3.39011335373, 4.07510185242, 4.76009082794, 5.45668935776, 6.15328788757, 6.84988641739, 7.5464849472, 8.24308395386, 8.93968200684, 9.63628101349, 10.3328800201, 11.0294780731, 11.7376871109, 12.445895195, 13.1424942017, 13.8390922546, 14.512471199, 15.1974601746, 15.8824491501, 16.5790481567, 17.298866272, 18.0186843872, 18.7617225647, 19.4815406799, 20.2013607025, 20.9211788177, 21.640996933, 22.3608150482, 23.0806350708, 23.8236732483, 24.5667114258, 25.286529541, 26.0179595947, 26.7493877411, 27.4692058563, 28.1890239716, 28.9204521179, 29.6518821716, 30.3949203491, 31.1495685577, 31.9042167664, 32.6588668823, 33.4135131836, 34.1681632996, 34.8995895386, 35.6426315308, 36.3856697083, 37.151927948, 37.9181861877, 38.7076644897, 39.462310791, 40.216960907, 40.9716110229, 41.7262573242, 42.4692955017, 43.2123336792, 43.9669837952, 44.7216300964, 45.4646720886, 46.2077102661, 46.9507484436, 47.6937866211, 48.4368247986, 49.1682548523, 49.8880729675, 50.5962791443, 51.2928771973, 52.0010871887, 52.7092971802, 53.4291152954, 54.1605415344, 54.8919715881, 55.6350097656, 56.3780479431, 57.1210861206, 57.8641242981, 58.6071662903, 59.3385925293, 60.070022583, 60.8130607605, 61.556098938, 62.2991371155, 63.0305671692, 63.7619934082, 64.5050354004, 65.2364578247, 65.9678878784, 66.6993179321, 67.2565994263, 67.8022689819, 68.3595428467, 68.9284362793, 69.4973220825, 70.0546035767, 70.6118774414, 71.1923828125, 71.7496566772, 72.3185501099, 72.8990478516, 73.4679336548, 74.0252151489, 74.5941009521, 75.1629943848, 75.731880188, 76.1614532471, 76.5910186768, 77.0205917358, 77.4501571655, 77.8797302246, 78.3209075928, 78.7504730225, 79.1800460815, 79.6212234497, 80.0624008179, 80.503578186, 80.9563674927, 81.4091567993, 81.861946106, 82.3147354126, 82.7791366577, 83.2435379028, 83.684715271, 84.1375045776, 84.5902938843, 85.0546951294, 85.4958724976, 85.9486618042, 86.4014511108, 86.865852356, 87.3070297241, 87.7714233398, 88.235824585, 88.7002258301, 89.1414031982, 89.6058044434, 90.0702056885, 90.5345993042, 90.9873886108, 91.451789856, 91.9045791626, 92.3689804077, 92.8217697144, 93.274559021, 93.7273483276, 94.1917419434, 94.64453125, 95.0973205566, 95.5501098633, 96.0145111084, 96.4789123535, 96.9549179077, 97.4193191528, 97.895324707, 98.3481140137, 98.8125152588, 99.2653045654, 99.7297058105, 100.182495117, 100.646888733, 101.111289978, 101.587303162, 102.051696777, 102.516098022, 102.980499268, 103.444892883, 103.909294128, 104.385307312, 104.849700928, 105.325714111, 105.790107727, 106.254508972, 106.718910217, 107.183311462, 107.659317017, 108.1353302, 108.611335754, 109.087341309, 109.563354492, 110.039360046, 110.503761292, 110.968162537, 111.455780029, 111.931785583, 112.407798767, 112.872200012, 113.348205566, 113.82421875]
    bpm_estimates: [84.7207489014, 84.7208633423, 83.3543930054, 83.3543930054, 80.7495498657, 83.3543930054, 83.3541717529, 83.3543930054, 83.3543930054, 83.3543930054, 83.3541717529, 80.7495498657, 80.7495498657, 83.3543930054, 82.0310821533, 82.0312957764, 83.3543930054, 83.3543930054, 82.0312957764, 82.0310821533, 80.7495498657, 79.5072479248, 79.5072479248, 79.5070419312, 79.5074462891, 79.5070419312, 82.0315093994, 80.7491378784, 80.7495498657, 78.3025817871, 78.3025817871, 75.9995574951, 79.5074462891, 79.5070419312, 79.5070419312, 79.5074462891, 80.7495498657, 80.7495498657, 79.5070419312, 79.5074462891, 80.7491378784, 80.7495498657, 80.7495498657, 80.7495498657, 80.7495498657, 82.0310821533, 83.3543930054, 84.7210922241, 84.7206344604, 84.7206344604, 83.3543930054, 82.0315093994, 82.0310821533, 80.7495498657, 80.7495498657, 80.7495498657, 80.7495498657, 80.7491378784, 82.0315093994, 82.0310821533, 80.7495498657, 80.7495498657, 80.7495498657, 82.0310821533, 82.0315093994, 80.7491378784, 82.0319366455, 82.0310821533, 82.0310821533]
    bpm_intervals: [0.696598649025, 0.684988617897, 0.673378705978, 0.673378705978, 0.684988498688, 0.684988975525, 0.696598529816, 0.696598529816, 0.696598529816, 0.696598529816, 0.696599006653, 0.696598052979, 0.696599006653, 0.696599006653, 0.696598052979, 0.708209037781, 0.708208084106, 0.696599006653, 0.696598052979, 0.673378944397, 0.684988975525, 0.684988975525, 0.696599006653, 0.719818115234, 0.719818115234, 0.74303817749, 0.719818115234, 0.719820022583, 0.719818115234, 0.719818115234, 0.719818115234, 0.719820022583, 0.74303817749, 0.74303817749, 0.719818115234, 0.731430053711, 0.731428146362, 0.719818115234, 0.719818115234, 0.731428146362, 0.731430053711, 0.74303817749, 0.754648208618, 0.754648208618, 0.754650115967, 0.75464630127, 0.754650115967, 0.731426239014, 0.743041992188, 0.74303817749, 0.766258239746, 0.766258239746, 0.789478302002, 0.75464630127, 0.754650115967, 0.754650115967, 0.75464630127, 0.74303817749, 0.74303817749, 0.754650115967, 0.75464630127, 0.743041992188, 0.74303817749, 0.74303817749, 0.74303817749, 0.74303817749, 0.731430053711, 0.719818115234, 0.708206176758, 0.696598052979, 0.708209991455, 0.708209991455, 0.719818115234, 0.731426239014, 0.731430053711, 0.74303817749, 0.74303817749, 0.74303817749, 0.74303817749, 0.743041992188, 0.731426239014, 0.731430053711, 0.74303817749, 0.74303817749, 0.74303817749, 0.731430053711, 0.731426239014, 0.743041992188, 0.731422424316, 0.731430053711, 0.731430053711, 0.557281494141, 0.545669555664, 0.557273864746, 0.568893432617, 0.568885803223, 0.557281494141, 0.557273864746, 0.580505371094, 0.557273864746, 0.568893432617, 0.580497741699, 0.568885803223, 0.557281494141, 0.568885803223, 0.568893432617, 0.568885803223, 0.429573059082, 0.429565429688, 0.429573059082, 0.429565429688, 0.429573059082, 0.441177368164, 0.429565429688, 0.429573059082, 0.441177368164, 0.441177368164, 0.441177368164, 0.452789306641, 0.452789306641, 0.452789306641, 0.452789306641, 0.464401245117, 0.464401245117, 0.441177368164, 0.452789306641, 0.452789306641, 0.464401245117, 0.441177368164, 0.452789306641, 0.452789306641, 0.464401245117, 0.441177368164, 0.464393615723, 0.464401245117, 0.464401245117, 0.441177368164, 0.464401245117, 0.464401245117, 0.464393615723, 0.452789306641, 0.464401245117, 0.452789306641, 0.464401245117, 0.452789306641, 0.452789306641, 0.452789306641, 0.464393615723, 0.452789306641, 0.452789306641, 0.452789306641, 0.464401245117, 0.464401245117, 0.476005554199, 0.464401245117, 0.476005554199, 0.452789306641, 0.464401245117, 0.452789306641, 0.464401245117, 0.452789306641, 0.464393615723, 0.464401245117, 0.476013183594, 0.464393615723, 0.464401245117, 0.464401245117, 0.464393615723, 0.464401245117, 0.476013183594, 0.464393615723, 0.476013183594, 0.464393615723, 0.464401245117, 0.464401245117, 0.464401245117, 0.476005554199, 0.476013183594, 0.476005554199, 0.476005554199, 0.476013183594, 0.476005554199, 0.464401245117, 0.464401245117, 0.487617492676, 0.476005554199, 0.476013183594, 0.464401245117, 0.476005554199, 0.476013183594]
