
metadata:
    version:
        essentia: "2.1-beta2"
    audio_properties:
        analysis_sample_rate: 44100
        bitrate: 128
        channels: 2
        equal_loudness: 1
        length: 245.759994507
        replay_gain: -12.0631446838
        downmix: "mix"
    tags:
        album: "Le bien-être et la paix"
        artist: "Mass Hysteria"
        comment: ""
        date: "1997"
        genre: "Metal"
        title: "Knowledge is power (remix)"
        tracknumber: "12"

configuration:
    average_loudness:
        compute: 1
        frameSize: 88200
        hopSize: 44100
        silentFrames: "noise"
        windowType: "hann"
    general:
        analysisSampleRate: 44100
        endTime: 2000
        equalLoudness: 1
        nequalLoudness: 0
        shortSound: 0
        startTime: 0
    lowlevel:
        compute: 1
        frameSize: 2048
        hopSize: 1024
        zeroPadding: 0
        silentFrames: "noise"
        windowType: "blackmanharris62"
        mfccStats: ["mean", "cov", "icov"]
        stats: ["mean", "var", "median", "min", "max", "dmean", "dmean2", "dvar", "dvar2"]
    panning:
        compute: 0
        frameSize: 8192
        hopSize: 2048
        zeroPadding: 8192
        silentFrames: "noise"
        windowType: "hann"
        stats: ["copy"]
    rhythm:
        compute: 1
        maxTempo: 208
        minTempo: 40
        method: "degara"
        stats: ["mean", "var", "median", "min", "max", "dmean", "dmean2", "dvar", "dvar2"]
    segmentation:
        compute: 0
        cpw: 5
        inc1: 300
        inc2: 50
        minimumSegmentsLength: 10
        size1: 1000
        size2: 600
    sfx:
        compute: 1
        stats: ["mean", "var", "median", "min", "max", "dmean", "dmean2", "dvar", "dvar2"]
    svm:
        compute: 0
    tonal:
        compute: 1
        frameSize: 4096
        hopSize: 2048
        zeroPadding: 0
        silentFrames: "noise"
        windowType: "blackmanharris62"
        stats: ["mean", "var", "median", "min", "max", "dmean", "dmean2", "dvar", "dvar2"]

lowlevel:
    average_loudness: 0.526060283184
    barkbands_kurtosis:
        dmean: 1.79409253597
        dmean2: 2.86673617363
        dvar: 15.2318754196
        dvar2: 35.1589012146
        max: 199.760742188
        mean: 1.09888148308
        median: -0.717720925808
        min: -1.92856419086
        var: 30.5617465973
    barkbands_skewness:
        dmean: 0.54989784956
        dmean2: 0.851665139198
        dvar: 0.281313300133
        dvar2: 0.652344465256
        max: 11.3520803452
        mean: 0.436747223139
        median: 0.316611468792
        min: -5.26422214508
        var: 1.73654508591
    barkbands_spread:
        dmean: 7.02418518066
        dmean2: 11.1224727631
        dvar: 44.0533676147
        dvar2: 108.28238678
        max: 75.6755371094
        mean: 30.8287353516
        median: 32.1524581909
        min: 0.386813670397
        var: 156.892623901
    dissonance:
        dmean: 0.0146444914863
        dmean2: 0.024658465758
        dvar: 0.000245882954914
        dvar2: 0.000658017350361
        max: 0.500000119209
        mean: 0.47569668293
        median: 0.482477813959
        min: 0.230905905366
        var: 0.000509545672685
    hfc:
        dmean: 1.58336853981
        dmean2: 2.35008907318
        dvar: 4.93918132782
        dvar2: 10.9288005829
        max: 45.6212615967
        mean: 5.05331802368
        median: 2.343054533
        min: 1.15798244796e-016
        var: 38.6664047241
    pitch:
        dmean: 881.105529785
        dmean2: 1694.91015625
        dvar: 1841171.375
        dvar2: 4509001.5
        max: 4728.76367188
        mean: 1593.57312012
        median: 457.328552246
        min: 51.4602165222
        var: 2535036.25
    pitch_instantaneous_confidence:
        dmean: 0.0902549624443
        dmean2: 0.146221920848
        dvar: 0.00581223564222
        dvar2: 0.0140380915254
        max: 0.961567521095
        mean: 0.403717309237
        median: 0.361118912697
        min: 0.112731456757
        var: 0.0262735020369
    pitch_salience:
        dmean: 0.0689737200737
        dmean2: 0.113126315176
        dvar: 0.00371582107618
        dvar2: 0.00978954043239
        max: 0.893884837627
        mean: 0.645014882088
        median: 0.659273564816
        min: 0.133751675487
        var: 0.00940902065486
    silence_rate_20dB:
        dmean: 0
        dmean2: 0
        dvar: 0
        dvar2: 0
        max: 1
        mean: 1
        median: 1
        min: 1
        var: 0
    silence_rate_30dB:
        dmean: 0
        dmean2: 0
        dvar: 0
        dvar2: 0
        max: 1
        mean: 1
        median: 1
        min: 1
        var: 0
    silence_rate_60dB:
        dmean: 0.113000757992
        dmean2: 0.226022869349
        dvar: 0.100233696401
        dvar2: 0.203254744411
        max: 1
        mean: 0.654700040817
        median: 1
        min: 0
        var: 0.226062104106
    spectral_centroid:
        dmean: 310.34173584
        dmean2: 489.321136475
        dvar: 91436.453125
        dvar2: 212388.4375
        max: 11508.4072266
        mean: 1483.40356445
        median: 1467.47827148
        min: 126.070999146
        var: 626246.6875
    spectral_complexity:
        dmean: 2.91194248199
        dmean2: 4.53878879547
        dvar: 11.6743679047
        dvar2: 25.4518623352
        max: 52
        mean: 10.4336328506
        median: 6
        min: 0
        var: 119.002471924
    spectral_crest:
        dmean: 2.41474318504
        dmean2: 4.06742334366
        dvar: 5.06783771515
        dvar2: 13.6367616653
        max: 25.9284687042
        mean: 7.7655172348
        median: 6.89619016647
        min: 2.44495987892
        var: 11.7286863327
    spectral_decrease:
        dmean: 2.97244617808e-010
        dmean2: 4.35316532821e-010
        dvar: 1.91668048912e-019
        dvar2: 4.05788493835e-019
        max: 1.10918626803e-028
        mean: -7.04938329932e-010
        median: -4.50907311489e-010
        min: -5.32684829579e-009
        var: 5.06409897172e-019
    spectral_energy:
        dmean: 0.0012403751025
        dmean2: 0.00180703948718
        dvar: 3.18502361552e-006
        dvar2: 6.69113524054e-006
        max: 0.0220703203231
        mean: 0.00311895692721
        median: 0.00193783035502
        min: 1.07479575567e-020
        var: 1.003680336e-005
    spectral_energyband_high:
        dmean: 0.000104967788502
        dmean2: 0.000165575387655
        dvar: 2.89276620435e-008
        dvar2: 7.12037575568e-008
        max: 0.00514329178259
        mean: 0.000229530443903
        median: 7.19797535567e-005
        min: 7.45573267452e-021
        var: 1.07281749706e-007
    spectral_energyband_low:
        dmean: 0.00037265944411
        dmean2: 0.000582214212045
        dvar: 4.62455233219e-007
        dvar2: 1.09956829419e-006
        max: 0.0111096994951
        mean: 0.000469764170703
        median: 0.000223976749112
        min: 3.00430733777e-023
        var: 5.53887844035e-007
    spectral_energyband_middle_high:
        dmean: 0.000410424661823
        dmean2: 0.000618641788606
        dvar: 3.32253193847e-007
        dvar2: 7.743087167e-007
        max: 0.0116112139076
        mean: 0.00138694280759
        median: 0.00062620616518
        min: 1.31109136832e-021
        var: 3.11289227284e-006
    spectral_energyband_middle_low:
        dmean: 0.000797128654085
        dmean2: 0.00127117987722
        dvar: 2.05126525543e-006
        dvar2: 4.80899689137e-006
        max: 0.0159573107958
        mean: 0.00113715138286
        median: 0.000688231666572
        min: 2.71254883592e-022
        var: 2.29306328947e-006
    spectral_flatness_db:
        dmean: 0.0232533439994
        dmean2: 0.0349499173462
        dvar: 0.000470453203889
        dvar2: 0.00103684561327
        max: 0.406074047089
        mean: 0.156366229057
        median: 0.145300075412
        min: 0.05446434021
        var: 0.00236501870677
    spectral_flux:
        dmean: 0.00838823057711
        dmean2: 0.0122399926186
        dvar: 0.000104035811091
        dvar2: 0.000185906392289
        max: 0.128366008401
        mean: 0.0337660312653
        median: 0.0293977353722
        min: 6.74072048179e-011
        var: 0.000409531901823
    spectral_kurtosis:
        dmean: 1.6949763298
        dmean2: 2.75065469742
        dvar: 5.01204204559
        dvar2: 12.3729419708
        max: 37.1432609558
        mean: 4.46290874481
        median: 3.82368087769
        min: -1.24341845512
        var: 9.13350296021
    spectral_rms:
        dmean: 0.000325829605572
        dmean2: 0.000461008661659
        dvar: 1.38503793323e-007
        dvar2: 2.64595371391e-007
        max: 0.00464026071131
        mean: 0.00153094634879
        median: 0.00137497857213
        min: 3.23818034019e-012
        var: 6.99098450241e-007
    spectral_rolloff:
        dmean: 528.194519043
        dmean2: 902.650939941
        dvar: 554315.125
        dvar2: 1321336.25
        max: 19573.6816406
        mean: 2799.01586914
        median: 3316.11328125
        min: 86.1328125
        var: 1794592.125
    spectral_skewness:
        dmean: 0.263687908649
        dmean2: 0.406364500523
        dvar: 0.0818791761994
        dvar2: 0.191789790988
        max: 5.01624059677
        mean: 1.48559248447
        median: 1.4090950489
        min: -0.0325804688036
        var: 0.248126834631
    spectral_spread:
        dmean: 910236.625
        dmean2: 1282499.125
        dvar: 994848145408
        dvar2: 2.0878711849e+012
        max: 42096932
        mean: 4714673
        median: 4348804
        min: 1490911.125
        var: 3.73490345574e+012
    spectral_strongpeak:
        dmean: 0.354077458382
        dmean2: 0.615788936615
        dvar: 0.372491806746
        dvar2: 0.990039944649
        max: 5.89027929306
        mean: 0.444001495838
        median: 0.156758636236
        min: 0
        var: 0.504801690578
    zerocrossingrate:
        dmean: 0.00967949256301
        dmean2: 0.0116203827783
        dvar: 7.58730748203e-005
        dvar2: 0.000101555051515
        max: 0.5146484375
        mean: 0.0876166597009
        median: 0.0908203125
        min: 0.00927734375
        var: 0.00122968805954
    barkbands:
        dmean: [7.73240230956e-007, 0.000140671429108, 0.000220994857955, 0.000210319558391, 0.00040882153553, 0.000215116815525, 9.92839268292e-005, 5.32899030077e-005, 6.04465094511e-005, 4.10160355386e-005, 3.9974165702e-005, 2.45358860411e-005, 2.80306248897e-005, 1.77410001925e-005, 9.38260200201e-005, 6.4732543251e-005, 0.000100236655271, 9.7811636806e-005, 0.000163820150192, 0.000104765764263, 5.73470897507e-005, 1.28277624754e-005, 2.99423345496e-006, 1.43415525145e-006, 9.78732600743e-007, 1.06921234533e-007, 5.63057211966e-010]
        dmean2: [1.21909010886e-006, 0.000221904119826, 0.000376282987418, 0.000361376762157, 0.000708135718014, 0.00035780959297, 0.000167421632796, 9.13942567422e-005, 0.000100286706584, 6.64553008392e-005, 6.48467466817e-005, 4.07537736464e-005, 4.64759286842e-005, 2.96289745165e-005, 0.000157160669914, 0.000106996885734, 0.000164772878634, 0.00016041638446, 0.000263645953964, 0.0001717240375, 9.42733386182e-005, 1.89852307813e-005, 4.5240781219e-006, 2.07935977414e-006, 1.52285895183e-006, 1.73728196273e-007, 9.73423119888e-010]
        dvar: [1.56965174365e-012, 5.69774201153e-008, 2.03625077688e-007, 2.97273487604e-007, 9.96292669697e-007, 9.1844881922e-008, 2.90658661584e-008, 1.1706208447e-008, 1.57083999142e-008, 4.46114079011e-009, 4.41292735687e-009, 1.68162406222e-009, 2.29061747348e-009, 1.48352041762e-009, 5.19968104129e-008, 2.09668691298e-008, 4.16105621071e-008, 2.85473813477e-008, 6.96537227896e-008, 3.02146005993e-008, 8.82582362749e-009, 5.31671040527e-010, 2.4805369564e-011, 4.96478856291e-012, 1.87414883959e-012, 2.49052589261e-014, 7.05133421893e-019]
        dvar2: [3.59394697162e-012, 1.3773492924e-007, 5.28743328232e-007, 7.91284492152e-007, 2.60347178482e-006, 2.41626224806e-007, 7.80122846322e-008, 3.23331441621e-008, 4.10509883864e-008, 1.14746185886e-008, 1.10081508353e-008, 4.29827817783e-009, 6.13227735258e-009, 3.81865516985e-009, 1.47694038333e-007, 5.74917926599e-008, 1.13252745848e-007, 7.36716074812e-008, 1.79199886929e-007, 7.65978356299e-008, 2.28011884928e-008, 1.20077403576e-009, 5.48316184124e-011, 1.02390674064e-011, 4.17234909816e-012, 6.23579760419e-014, 1.84732447084e-018]
        max: [1.33278108478e-005, 0.00265685631894, 0.00543540343642, 0.00741494353861, 0.0121920062229, 0.00410906784236, 0.00284908572212, 0.00193011423107, 0.00346297770739, 0.00174817896914, 0.00132511660922, 0.00112282624468, 0.00106275454164, 0.000842716079205, 0.00429951120168, 0.00238104537129, 0.00417251605541, 0.00412564119324, 0.00600780872628, 0.00359328836203, 0.00238085631281, 0.000314764474751, 9.39232922974e-005, 2.41794368776e-005, 1.13573796625e-005, 9.77666445579e-007, 6.35990904385e-009]
        mean: [9.56144162956e-007, 0.000168974656845, 0.000211046120967, 0.000179941882379, 0.000390601257095, 0.000294919736916, 0.000120771939692, 6.03377520747e-005, 7.24269484635e-005, 5.99730446993e-005, 5.75645208301e-005, 3.80645287805e-005, 4.10166030633e-005, 2.90489733743e-005, 0.000154328314238, 0.000128074549139, 0.000202520968742, 0.000196793538635, 0.000356553005986, 0.000219432797167, 0.000108045882371, 2.03332256206e-005, 4.3350642045e-006, 1.8068180907e-006, 9.99225221676e-007, 9.11260116254e-008, 4.72853534106e-010]
        median: [4.8420127996e-007, 7.52558698878e-005, 7.0704263635e-005, 5.25507384737e-005, 0.000127266088384, 0.00016894012515, 6.53737370158e-005, 2.90638945444e-005, 2.9725537388e-005, 2.97907154163e-005, 2.46765375778e-005, 1.73919761437e-005, 1.84933942364e-005, 9.59860790317e-006, 2.53541784332e-005, 2.34678973356e-005, 4.18748422817e-005, 8.40083084768e-005, 0.000131574779516, 6.6245731432e-005, 2.87358925561e-005, 8.03267539595e-006, 1.51132462634e-006, 6.56098279705e-007, 2.67560920975e-007, 1.2982305897e-008, 1.11121695179e-010]
        min: [9.77769426194e-024, 1.15425110021e-023, 3.44704881551e-024, 1.17899246033e-024, 1.31748148875e-023, 3.176441836e-023, 1.91880538656e-023, 1.6123333982e-023, 2.54040300965e-023, 2.51027057411e-023, 1.58116439943e-023, 2.97553410957e-023, 6.01105762e-023, 4.09693396514e-023, 3.55690029981e-023, 9.95353388207e-023, 1.13219235627e-022, 1.40059312849e-022, 1.99556780042e-022, 2.16745024181e-022, 3.40135466289e-022, 4.2637909208e-022, 5.56334194827e-022, 6.36548651383e-022, 1.01411525208e-021, 1.59678745518e-021, 2.22746874848e-021]
        var: [1.89180832458e-012, 7.17915185078e-008, 1.76176186528e-007, 2.15657422586e-007, 7.88836644006e-007, 1.33347455744e-007, 2.92733748353e-008, 9.77624914356e-009, 1.8607538621e-008, 8.07528710567e-009, 8.05705457907e-009, 3.21673909731e-009, 3.72284247874e-009, 2.53580512144e-009, 9.83803971621e-008, 6.185884871e-008, 1.29886842615e-007, 8.21113346205e-008, 2.57399904058e-007, 1.07560595097e-007, 2.61324508699e-008, 1.09344411303e-009, 4.91662717483e-011, 8.35781877734e-012, 2.46642289925e-012, 2.43982859903e-014, 6.37723165054e-019]
    frequency_bands:
        dmean: [7.73240230956e-007, 0.000140671429108, 0.000220994857955, 0.000210319558391, 0.00040882153553, 0.000215116815525, 9.92839268292e-005, 5.32899030077e-005, 6.04465094511e-005, 4.10160355386e-005, 3.9974165702e-005, 2.45358860411e-005, 2.80306248897e-005, 1.77410001925e-005, 9.38260200201e-005, 6.4732543251e-005, 0.000100236655271, 9.7811636806e-005, 0.000163820150192, 0.000104765764263, 5.73470897507e-005, 1.28277624754e-005, 2.99423345496e-006, 1.43415525145e-006, 9.78732600743e-007, 1.06921234533e-007, 5.63057211966e-010, 3.67438544868e-011]
        dmean2: [1.21909010886e-006, 0.000221904119826, 0.000376282987418, 0.000361376762157, 0.000708135718014, 0.00035780959297, 0.000167421632796, 9.13942567422e-005, 0.000100286706584, 6.64553008392e-005, 6.48467466817e-005, 4.07537736464e-005, 4.64759286842e-005, 2.96289745165e-005, 0.000157160669914, 0.000106996885734, 0.000164772878634, 0.00016041638446, 0.000263645953964, 0.0001717240375, 9.42733386182e-005, 1.89852307813e-005, 4.5240781219e-006, 2.07935977414e-006, 1.52285895183e-006, 1.73728196273e-007, 9.73423119888e-010, 6.85951018209e-011]
        dvar: [1.56965174365e-012, 5.69774201153e-008, 2.03625077688e-007, 2.97273487604e-007, 9.96292669697e-007, 9.1844881922e-008, 2.90658661584e-008, 1.1706208447e-008, 1.57083999142e-008, 4.46114079011e-009, 4.41292735687e-009, 1.68162406222e-009, 2.29061747348e-009, 1.48352041762e-009, 5.19968104129e-008, 2.09668691298e-008, 4.16105621071e-008, 2.85473813477e-008, 6.96537227896e-008, 3.02146005993e-008, 8.82582362749e-009, 5.31671040527e-010, 2.4805369564e-011, 4.96478856291e-012, 1.87414883959e-012, 2.49052589261e-014, 7.05133421893e-019, 4.10897768759e-021]
        dvar2: [3.59394697162e-012, 1.3773492924e-007, 5.28743328232e-007, 7.91284492152e-007, 2.60347178482e-006, 2.41626224806e-007, 7.80122846322e-008, 3.23331441621e-008, 4.10509883864e-008, 1.14746185886e-008, 1.10081508353e-008, 4.29827817783e-009, 6.13227735258e-009, 3.81865516985e-009, 1.47694038333e-007, 5.74917926599e-008, 1.13252745848e-007, 7.36716074812e-008, 1.79199886929e-007, 7.65978356299e-008, 2.28011884928e-008, 1.20077403576e-009, 5.48316184124e-011, 1.02390674064e-011, 4.17234909816e-012, 6.23579760419e-014, 1.84732447084e-018, 1.3227508991e-020]
        max: [1.33278108478e-005, 0.00265685631894, 0.00543540343642, 0.00741494353861, 0.0121920062229, 0.00410906784236, 0.00284908572212, 0.00193011423107, 0.00346297770739, 0.00174817896914, 0.00132511660922, 0.00112282624468, 0.00106275454164, 0.000842716079205, 0.00429951120168, 0.00238104537129, 0.00417251605541, 0.00412564119324, 0.00600780872628, 0.00359328836203, 0.00238085631281, 0.000314764474751, 9.39232922974e-005, 2.41794368776e-005, 1.13573796625e-005, 9.77666445579e-007, 6.35990904385e-009, 8.47880154975e-010]
        mean: [9.56144162956e-007, 0.000168974656845, 0.000211046120967, 0.000179941882379, 0.000390601257095, 0.000294919736916, 0.000120771939692, 6.03377520747e-005, 7.24269484635e-005, 5.99730446993e-005, 5.75645208301e-005, 3.80645287805e-005, 4.10166030633e-005, 2.90489733743e-005, 0.000154328314238, 0.000128074549139, 0.000202520968742, 0.000196793538635, 0.000356553005986, 0.000219432797167, 0.000108045882371, 2.03332256206e-005, 4.3350642045e-006, 1.8068180907e-006, 9.99225221676e-007, 9.11260116254e-008, 4.72853534106e-010, 2.82745389601e-011]
        median: [4.8420127996e-007, 7.52558698878e-005, 7.0704263635e-005, 5.25507384737e-005, 0.000127266088384, 0.00016894012515, 6.53737370158e-005, 2.90638945444e-005, 2.9725537388e-005, 2.97907154163e-005, 2.46765375778e-005, 1.73919761437e-005, 1.84933942364e-005, 9.59860790317e-006, 2.53541784332e-005, 2.34678973356e-005, 4.18748422817e-005, 8.40083084768e-005, 0.000131574779516, 6.6245731432e-005, 2.87358925561e-005, 8.03267539595e-006, 1.51132462634e-006, 6.56098279705e-007, 2.67560920975e-007, 1.2982305897e-008, 1.11121695179e-010, 7.06312786036e-012]
        min: [9.77769426194e-024, 1.15425110021e-023, 3.44704881551e-024, 1.17899246033e-024, 1.31748148875e-023, 3.176441836e-023, 1.91880538656e-023, 1.6123333982e-023, 2.54040300965e-023, 2.51027057411e-023, 1.58116439943e-023, 2.97553410957e-023, 6.01105762e-023, 4.09693396514e-023, 3.55690029981e-023, 9.95353388207e-023, 1.13219235627e-022, 1.40059312849e-022, 1.99556780042e-022, 2.16745024181e-022, 3.40135466289e-022, 4.2637909208e-022, 5.56334194827e-022, 6.36548651383e-022, 1.01411525208e-021, 1.59678745518e-021, 2.22746874848e-021, 7.00147551573e-022]
        var: [1.89180832458e-012, 7.17915185078e-008, 1.76176186528e-007, 2.15657422586e-007, 7.88836644006e-007, 1.33347455744e-007, 2.92733748353e-008, 9.77624914356e-009, 1.8607538621e-008, 8.07528710567e-009, 8.05705457907e-009, 3.21673909731e-009, 3.72284247874e-009, 2.53580512144e-009, 9.83803971621e-008, 6.185884871e-008, 1.29886842615e-007, 8.21113346205e-008, 2.57399904058e-007, 1.07560595097e-007, 2.61324508699e-008, 1.09344411303e-009, 4.91662717483e-011, 8.35781877734e-012, 2.46642289925e-012, 2.43982859903e-014, 6.37723165054e-019, 3.29297835164e-021]
    mfcc:
        mean: [-764.162719727, 113.051200867, -35.8679542542, 59.5113677979, -11.6419916153, -10.3970727921, 2.46092247963, -3.38046574593, -4.90012931824, -5.60810565948, -3.6450316906, -5.41665458679, -0.106632821262]
        cov: [[8312.73242188, 251.19430542, -1036.58422852, 756.128479004, 44.6565093994, 558.012756348, -0.485608428717, -124.505775452, 371.950927734, 93.1986083984, -207.009384155, 13.8278417587, 12.6209697723], [251.19430542, 1083.42626953, 233.740814209, 147.220108032, 91.6348266602, 43.9554176331, 174.980102539, 64.4993057251, 62.3829193115, 20.347076416, 15.1639165878, 36.9211082458, 24.9253540039], [-1036.58422852, 233.740814209, 1046.8873291, -54.2372436523, 48.0877876282, 74.4813079834, 59.2110786438, 102.215835571, -8.58887195587, 6.69463777542, 55.0328216553, -3.68350505829, -14.3835716248], [756.128479004, 147.220108032, -54.2372436523, 337.577209473, 63.0590438843, 68.3600234985, 36.8903656006, -7.46018886566, 66.2338180542, 36.9512176514, -3.18404173851, 24.3058452606, 11.9926290512], [44.6565093994, 91.6348266602, 48.0877876282, 63.0590438843, 207.422286987, 102.603744507, 12.8059968948, -9.11654567719, 84.0445098877, 24.9848918915, -0.536111474037, 47.6167755127, 28.4293193817], [558.012756348, 43.9554176331, 74.4813079834, 68.3600234985, 102.603744507, 248.536605835, 12.2847614288, -6.49908924103, 99.6099853516, 23.7481460571, -12.5895118713, 35.5145378113, 20.8116798401], [-0.485608428717, 174.980102539, 59.2110786438, 36.8903656006, 12.8059968948, 12.2847614288, 147.466690063, 42.4443626404, 19.0532207489, 23.3351135254, 12.9210186005, 10.6626081467, 5.48759126663], [-124.505775452, 64.4993057251, 102.215835571, -7.46018886566, -9.11654567719, -6.49908924103, 42.4443626404, 126.25592804, -5.3116402626, 4.60087060928, 27.7510356903, -12.925992012, -5.57916688919], [371.950927734, 62.3829193115, -8.58887195587, 66.2338180542, 84.0445098877, 99.6099853516, 19.0532207489, -5.3116402626, 149.731704712, 44.3938064575, -6.25701332092, 46.6864624023, 25.478805542], [93.1986083984, 20.347076416, 6.69463777542, 36.9512176514, 24.9848918915, 23.7481460571, 23.3351135254, 4.60087060928, 44.3938064575, 82.8750228882, 26.9720096588, 15.2607383728, 14.4715900421], [-207.009384155, 15.1639165878, 55.0328216553, -3.18404173851, -0.536111474037, -12.5895118713, 12.9210186005, 27.7510356903, -6.25701332092, 26.9720096588, 80.3809280396, 27.592666626, 6.48878479004], [13.8278417587, 36.9211082458, -3.68350505829, 24.3058452606, 47.6167755127, 35.5145378113, 10.6626081467, -12.925992012, 46.6864624023, 15.2607383728, 27.592666626, 86.712638855, 37.424747467], [12.6209697723, 24.9253540039, -14.3835716248, 11.9926290512, 28.4293193817, 20.8116798401, 5.48759126663, -5.57916688919, 25.478805542, 14.4715900421, 6.48878479004, 37.424747467, 57.2315750122]]
        icov: [[0.000244807917625, -7.81165799708e-005, 0.000241722475039, -0.000395965384087, 0.000390846573282, -0.00056313542882, 0.000130768254166, -5.05028801854e-005, -0.00025622243993, -0.000110376968223, 0.000350285554305, 8.24770249892e-005, 0.000165254168678], [-7.81165799708e-005, 0.00130850588903, -0.000315988552757, -0.000309590395773, -0.000456481095171, 0.000431466032751, -0.00135257642251, -9.94790389086e-005, -0.000166068639373, 0.000518691842444, -6.25719258096e-005, -6.03988592047e-005, -0.000387979118386], [0.000241722475039, -0.000315988552757, 0.00142782961484, -5.02204202348e-005, 0.000110340617539, -0.00110580830369, 8.84885812411e-005, -0.000701121927705, 0.000100065350125, -7.82766801422e-005, -0.000348374655005, 0.00027793442132, 0.000557150808163], [-0.000395965384087, -0.000309590395773, -5.02204202348e-005, 0.004277669359, -0.00103474338539, 0.000356448435923, -0.000508716679178, 0.000263465102762, -7.11591419531e-005, -0.000883381697349, -0.000348850502633, -0.000287173519609, 0.000254397542449], [0.000390846573282, -0.000456481095171, 0.000110340617539, -0.00103474338539, 0.00791569706053, -0.00250535272062, 0.000647552253213, 0.000183322306839, -0.0023945486173, -0.000381500140065, 0.00103075860534, -0.00167228246573, -0.000568899209611], [-0.00056313542882, 0.000431466032751, -0.00110580830369, 0.000356448435923, -0.00250535272062, 0.00757588259876, -0.000373915594537, 0.000235050334595, -0.00251123565249, 0.000610413320828, 0.000184820921277, -0.000420282420237, -0.000650447094813], [0.000130768254166, -0.00135257642251, 8.84885812411e-005, -0.000508716679178, 0.000647552253213, -0.000373915594537, 0.00960216019303, -0.00274754175916, 0.000157797374413, -0.00255555193871, 0.00115162972361, -0.00137858104426, 0.000661698693875], [-5.05028801854e-005, -9.94790389086e-005, -0.000701121927705, 0.000263465102762, 0.000183322306839, 0.000235050334595, -0.00274754175916, 0.0107869300991, -0.00137589394581, 0.00183064956218, -0.00491899438202, 0.0041228570044, -0.00102716451511], [-0.00025622243993, -0.000166068639373, 0.000100065350125, -7.11591419531e-005, -0.0023945486173, -0.00251123565249, 0.000157797374413, -0.00137589394581, 0.0141782518476, -0.00628750678152, 0.00457977410406, -0.00610711565241, 0.000874470162671], [-0.000110376968223, 0.000518691842444, -7.82766801422e-005, -0.000883381697349, -0.000381500140065, 0.000610413320828, -0.00255555193871, 0.00183064956218, -0.00628750678152, 0.0190087519586, -0.008809376508, 0.00517275230959, -0.00403629383072], [0.000350285554305, -6.25719258096e-005, -0.000348374655005, -0.000348850502633, 0.00103075860534, 0.000184820921277, 0.00115162972361, -0.00491899438202, 0.00457977410406, -0.008809376508, 0.0218911245465, -0.0108975339681, 0.00359918200411], [8.24770249892e-005, -6.03988592047e-005, 0.00027793442132, -0.000287173519609, -0.00167228246573, -0.000420282420237, -0.00137858104426, 0.0041228570044, -0.00610711565241, 0.00517275230959, -0.0108975339681, 0.0243815314025, -0.011641385965], [0.000165254168678, -0.000387979118386, 0.000557150808163, 0.000254397542449, -0.000568899209611, -0.000650447094813, 0.000661698693875, -0.00102716451511, 0.000874470162671, -0.00403629383072, 0.00359918200411, -0.011641385965, 0.0258834213018]]
    sccoeffs:
        dmean: [0.0569440461695, 0.0519756525755, 0.0357983745635, 0.0290320552886, 0.0215038899332, 0.0214352589101]
        dmean2: [0.0938554927707, 0.086338981986, 0.0596896484494, 0.048769634217, 0.0349987447262, 0.0324289985001]
        dvar: [0.00213803141378, 0.00159384997096, 0.00080481270561, 0.000548863376025, 0.000306419038679, 0.000335990334861]
        dvar2: [0.00555627467111, 0.00434522517025, 0.00216724770144, 0.00148170476314, 0.000789018406067, 0.000724249694031]
        max: [-0.376660466194, -0.432413816452, -0.48519551754, -0.558043241501, -0.555924534798, -0.594220161438]
        mean: [-0.701557457447, -0.754036724567, -0.804632246494, -0.806265234947, -0.798926651478, -0.763177156448]
        median: [-0.710124433041, -0.763940393925, -0.812773764133, -0.812297105789, -0.801280617714, -0.765819013119]
        min: [-0.97417652607, -0.969624638557, -0.978830814362, -0.967551529408, -0.970865249634, -0.962322711945]
        var: [0.00545764621347, 0.00516252405941, 0.00276945787482, 0.00222229305655, 0.00182588642929, 0.00206653261557]
    scvalleys:
        dmean: [0.451657295227, 0.457718610764, 0.397163003683, 0.336702108383, 0.323037326336, 0.537798583508]
        dmean2: [0.703950047493, 0.718699097633, 0.582005620003, 0.498618990183, 0.463161766529, 0.700418412685]
        dvar: [0.160533353686, 0.172862365842, 0.12992952764, 0.124428540468, 0.141203135252, 0.246586993337]
        dvar2: [0.323149830103, 0.380118608475, 0.240687564015, 0.23781324923, 0.276969343424, 0.479062080383]
        max: [-4.88573026657, -4.67216157913, -5.38583087921, -5.78153419495, -5.48861122131, -8.17460250854]
        mean: [-7.03378677368, -6.90088129044, -7.47689390182, -7.89018726349, -7.59798049927, -10.3751678467]
        median: [-6.62838983536, -6.68552017212, -7.23890209198, -7.71850347519, -7.47981548309, -10.1911888123]
        min: [-27.776966095, -27.8974723816, -27.5251083374, -27.5397872925, -27.4237861633, -27.3131961823]
        var: [2.48330950737, 1.70668506622, 1.64205038548, 1.80879080296, 1.79736876488, 1.62148654461]

rhythm:
    beats_loudness:
        dmean: 0.00268975552171
        dmean2: 0.00475921435282
        dvar: 5.4073211686e-006
        dvar2: 1.69695558725e-005
        max: 0.0181293580681
        mean: 0.00633465033025
        median: 0.00625134538859
        min: 1.40511746682e-009
        var: 1.66289646586e-005
    bpm: 138.619110107
    bpm_confidence: 0
    first_peak_bpm: 140
    first_peak_spread: 0.306273072958
    first_peak_weight: 0.666666686535
    onset_rate: 4.96012449265
    second_peak_bpm: 129
    second_peak_spread: 0.5
    second_peak_weight: 0.0195035468787
    beats_loudness_band_ratio:
        dmean: [0.177159041166, 0.161706551909, 0.0622638948262, 0.0356579273939, 0.0659427046776, 0.0885754600167]
        dmean2: [0.314815729856, 0.286902457476, 0.112183697522, 0.062916085124, 0.113400816917, 0.164139479399]
        dvar: [0.02075082995, 0.0169581770897, 0.00476018479094, 0.00244147423655, 0.00508368387818, 0.00822972226888]
        dvar2: [0.059975348413, 0.0447396710515, 0.0136128570884, 0.00773396482691, 0.0139564303681, 0.0223092995584]
        max: [0.947008490562, 0.807216823101, 0.715154826641, 0.528490304947, 0.84111136198, 0.76582968235]
        mean: [0.442029446363, 0.243669435382, 0.0870796963573, 0.0530246719718, 0.1247472018, 0.126766964793]
        median: [0.452830612659, 0.206492424011, 0.065093934536, 0.0414138659835, 0.0840071290731, 0.11061514169]
        min: [6.11733994447e-005, 0.00205500121228, 0.00494207115844, 0.00109551777132, 0.00230944110081, 0.00125530082732]
        var: [0.0481102243066, 0.0280104223639, 0.00703822122887, 0.00255638244562, 0.015522511676, 0.0115876309574]
    beats_position: [0.452789098024, 0.917188167572, 1.369977355, 1.82276642323, 2.28716540337, 2.73995471001, 3.20435357094, 3.66875267029, 4.13315200806, 4.59755086899, 5.06195020676, 5.52634906769, 5.99074840546, 6.45514726639, 6.90793657303, 7.36072540283, 7.80190467834, 8.24308395386, 8.68426322937, 9.12544155121, 9.56662082672, 10.0194101334, 10.47219944, 10.9249887466, 11.3661680222, 11.807346344, 12.2369155884, 12.6780948639, 13.1076641083, 13.5372333527, 13.9784126282, 14.4195919037, 14.8491611481, 15.2787294388, 15.7199087143, 16.1494789124, 16.5790481567, 17.0202255249, 17.4497947693, 17.8793640137, 18.3089332581, 18.7385025024, 19.179681778, 19.6092510223, 20.0388202667, 20.4683895111, 20.8979587555, 21.339138031, 21.7803173065, 22.2098865509, 22.6510658264, 23.1038551331, 23.5566444397, 24.0210418701, 24.497051239, 24.9382305145, 25.37940979, 25.8205890656, 26.2501583099, 26.6797275543, 27.1209068298, 27.5620861053, 27.9916553497, 28.4212245941, 28.8507938385, 29.2803630829, 29.7215423584, 30.1511096954, 30.5806789398, 31.0218582153, 31.4630374908, 31.8926067352, 32.322177887, 32.7517471313, 33.1813163757, 33.6224937439, 34.0520629883, 34.4816322327, 34.9228096008, 35.3523788452, 35.7819480896, 36.211517334, 36.6410865784, 37.0822677612, 37.5234451294, 37.9530143738, 38.3825836182, 38.823764801, 39.2533340454, 39.6829032898, 40.124080658, 40.5536499023, 40.9832191467, 41.4243965149, 41.8539657593, 42.2835350037, 42.7247161865, 43.1542854309, 43.5838546753, 44.0134239197, 44.4429931641, 44.8841705322, 45.3137397766, 45.743309021, 46.1844902039, 46.625667572, 47.0552368164, 47.4848060608, 47.9259872437, 48.355556488, 48.7851219177, 49.2146911621, 49.6442604065, 50.0854415894, 50.5266189575, 50.9561882019, 51.3857574463, 51.8153266907, 52.2448959351, 52.6860771179, 53.1272544861, 53.5568237305, 53.9863929749, 54.4275741577, 54.8571434021, 55.2867126465, 55.7162818909, 56.1458511353, 56.5870285034, 57.0165977478, 57.4461669922, 57.8873443604, 58.3169136047, 58.7464828491, 59.1760520935, 59.6056213379, 60.0468025208, 60.4879798889, 60.9175491333, 61.3471183777, 61.7882995605, 62.2178688049, 62.6474380493, 63.0770072937, 63.5181846619, 63.9477539063, 64.3773193359, 64.806892395, 65.2480697632, 65.6892471313, 66.1188201904, 66.5483856201, 66.9779586792, 67.4075241089, 67.837097168, 68.2666625977, 68.7078475952, 69.1490249634, 69.5785903931, 70.0081634521, 70.4493408203, 70.8789138794, 71.3084793091, 71.7380523682, 72.1676177979, 72.608795166, 73.0383682251, 73.4679336548, 73.9091110229, 74.338684082, 74.7682495117, 75.2094345093, 75.638999939, 76.068572998, 76.5097503662, 76.9393157959, 77.3805007935, 77.8100662231, 78.2396392822, 78.6692047119, 79.1103820801, 79.5399551392, 79.9695205688, 80.3990936279, 80.8286590576, 81.2698364258, 81.7110214233, 82.140586853, 82.5701599121, 82.9997253418, 83.4292984009, 83.870475769, 84.3000411987, 84.7296142578, 85.170791626, 85.6003646851, 86.0299301147, 86.4711074829, 86.900680542, 87.3302459717, 87.7714233398, 88.2009963989, 88.6305618286, 89.0717468262, 89.5013122559, 89.9308853149, 90.3604507446, 90.7900238037, 91.2312011719, 91.6607666016, 92.0903396606, 92.5315170288, 92.9610900879, 93.3906555176, 93.8318328857, 94.2614059448, 94.6909713745, 95.1321487427, 95.5617218018, 95.9912872314, 96.432472229, 96.8620376587, 97.2916107178, 97.7211761475, 98.1507492065, 98.5919265747, 99.0214920044, 99.4510650635, 99.8922424316, 100.321815491, 100.75138092, 101.180953979, 101.610519409, 102.051696777, 102.492874146, 102.922447205, 103.352012634, 103.793197632, 104.222763062, 104.652336121, 105.093513489, 105.523078918, 105.952651978, 106.382217407, 106.811790466, 107.252967834, 107.682540894, 108.112106323, 108.553283691, 108.98285675, 109.41242218, 109.841995239, 110.271560669, 110.712738037, 111.142311096, 111.571876526, 112.013061523, 112.442626953, 112.872200012, 113.31337738, 113.74294281, 114.172515869, 114.613693237, 115.043266296, 115.472831726, 115.914009094, 116.343582153, 116.773147583, 117.214332581, 117.64389801, 118.07346344, 118.514648438, 118.944213867, 119.373786926, 119.803352356, 120.232925415, 120.674102783, 121.103668213, 121.533241272, 121.97441864, 122.415596008, 122.845169067, 123.274734497, 123.704307556, 124.133872986, 124.563446045, 124.993011475, 125.434196472, 125.863761902, 126.293327332, 126.734512329, 127.164077759, 127.593650818, 128.034820557, 128.464401245, 128.893966675, 129.335144043, 129.764709473, 130.194290161, 130.623855591, 131.053421021, 131.494598389, 131.924163818, 132.353744507, 132.794921875, 133.224487305, 133.654052734, 134.083618164, 134.513198853, 134.954376221, 135.38394165, 135.81350708, 136.254684448, 136.684265137, 137.113830566, 137.543395996, 137.984573364, 138.414154053, 138.843719482, 139.273284912, 139.71446228, 140.14402771, 140.573608398, 141.003173828, 141.444351196, 141.873916626, 142.315093994, 142.744674683, 143.174240112, 143.603805542, 144.033370972, 144.46295166, 144.904129028, 145.333694458, 145.763259888, 146.192825317, 146.634017944, 147.075195313, 147.504760742, 147.934326172, 148.37550354, 148.805084229, 149.234649658, 149.664215088, 150.093780518, 150.534957886, 150.976135254, 151.405715942, 151.835281372, 152.264846802, 152.694412231, 153.12399292, 153.55355835, 153.994735718, 154.424301147, 154.853881836, 155.295059204, 155.724624634, 156.154190063, 156.583755493, 157.013336182, 157.45451355, 157.884078979, 158.313644409, 158.754821777, 159.184402466, 159.613967896, 160.043533325, 160.473098755, 160.914276123, 161.35546875, 161.78503418, 162.214599609, 162.655776978, 163.085342407, 163.514923096, 163.944488525, 164.374053955, 164.815231323, 165.244796753, 165.674377441, 166.103942871, 166.533508301, 166.974685669, 167.404266357, 167.833831787, 168.275009155, 168.704574585, 169.134140015, 169.563720703, 169.993286133, 170.434463501, 170.875640869, 171.305206299, 171.734786987, 172.164352417, 172.593917847, 173.035095215, 173.464660645, 173.894241333, 174.335418701, 174.764984131, 175.194549561, 175.624130249, 176.053695679, 176.494873047, 176.924438477, 177.354003906, 177.795196533, 178.224761963, 178.654327393, 179.083892822, 179.513473511, 179.954650879, 180.384216309, 180.813781738, 181.254959106, 181.684524536, 182.114105225, 182.543670654, 182.973236084, 183.414413452, 183.843994141, 184.27355957, 184.714736938, 185.144302368, 185.573867798, 186.003448486, 186.433013916, 186.874191284, 187.315368652, 187.744934082, 188.174514771, 188.6040802, 189.03364563, 189.474822998, 189.904388428, 190.333969116, 190.775146484, 191.204711914, 191.634277344, 192.063858032, 192.493423462, 192.922988892, 193.352554321, 193.793731689, 194.234924316, 194.652877808, 195.094055176, 195.523620605, 195.953201294, 196.382766724, 196.812332153, 197.253509521, 197.69468689, 198.124252319, 198.553833008, 198.983398438, 199.412963867, 199.842529297, 200.272109985, 200.713287354, 201.154464722, 201.584030151, 202.013595581, 202.454788208, 202.884353638, 203.313919067, 203.743484497, 204.173049927, 204.614242554, 205.032196045, 205.473373413, 205.902938843, 206.332519531, 206.762084961, 207.191650391, 207.632827759, 208.074005127, 208.491973877, 208.933151245, 209.362716675, 209.792282104, 210.221862793, 210.651428223, 211.092605591, 211.533782959, 211.963348389, 212.392913818, 212.822494507, 213.252059937, 213.681625366, 214.111190796, 214.552383423, 214.993560791, 215.423126221, 215.85269165, 216.28225708, 216.711837769, 217.141403198, 217.570968628, 218.012145996, 218.453323364, 218.882904053, 219.312469482, 219.742034912, 220.171600342, 220.61277771, 221.042358398, 221.471923828, 221.901489258, 222.331054688, 222.772247314, 223.201812744, 223.631378174, 224.060943604, 224.490524292, 224.93170166, 225.372879028, 225.802444458, 226.232009888, 226.661590576, 227.091156006, 227.520721436, 227.950286865, 228.391464233, 228.821044922, 229.250610352, 229.69178772, 230.132965088, 230.562530518, 230.992111206, 231.421676636, 231.851242065, 232.292419434, 232.721984863, 233.151565552, 233.59274292, 234.02230835, 234.451873779, 234.869842529, 235.311019897, 235.740585327, 236.170150757, 236.599716187, 237.029296875, 237.458862305, 237.888427734, 238.317993164, 238.747573853, 239.177139282, 239.595092773, 240.024673462, 240.454238892, 240.883804321, 241.313369751, 241.742950439, 242.172515869, 242.602081299, 243.031646729, 243.461227417, 243.890792847, 244.320358276, 244.761535645, 245.202713013]
