
metadata:
    version:
        essentia: "2.1-beta2"
    audio_properties:
        analysis_sample_rate: 44100
        bitrate: 128
        channels: 2
        equal_loudness: 1
        length: 177.502044678
        replay_gain: -12.1904792786
        downmix: "mix"
    tags:
        album: "Le bien-être et la paix"
        artist: "Mass Hysteria"
        comment: ""
        date: "1997"
        genre: "Metal"
        title: "Knowlege is power"
        tracknumber: "2"

configuration:
    average_loudness:
        compute: 1
        frameSize: 88200
        hopSize: 44100
        silentFrames: "noise"
        windowType: "hann"
    general:
        analysisSampleRate: 44100
        endTime: 2000
        equalLoudness: 1
        nequalLoudness: 0
        shortSound: 0
        startTime: 0
    lowlevel:
        compute: 1
        frameSize: 2048
        hopSize: 1024
        zeroPadding: 0
        silentFrames: "noise"
        windowType: "blackmanharris62"
        mfccStats: ["mean", "cov", "icov"]
        stats: ["mean", "var", "median", "min", "max", "dmean", "dmean2", "dvar", "dvar2"]
    panning:
        compute: 0
        frameSize: 8192
        hopSize: 2048
        zeroPadding: 8192
        silentFrames: "noise"
        windowType: "hann"
        stats: ["copy"]
    rhythm:
        compute: 1
        maxTempo: 208
        minTempo: 40
        method: "degara"
        stats: ["mean", "var", "median", "min", "max", "dmean", "dmean2", "dvar", "dvar2"]
    segmentation:
        compute: 0
        cpw: 5
        inc1: 300
        inc2: 50
        minimumSegmentsLength: 10
        size1: 1000
        size2: 600
    sfx:
        compute: 1
        stats: ["mean", "var", "median", "min", "max", "dmean", "dmean2", "dvar", "dvar2"]
    svm:
        compute: 0
    tonal:
        compute: 1
        frameSize: 4096
        hopSize: 2048
        zeroPadding: 0
        silentFrames: "noise"
        windowType: "blackmanharris62"
        stats: ["mean", "var", "median", "min", "max", "dmean", "dmean2", "dvar", "dvar2"]

lowlevel:
    average_loudness: 0.864878416061
    barkbands_kurtosis:
        dmean: 1.35404276848
        dmean2: 2.19494318962
        dvar: 7.09898996353
        dvar2: 17.5434703827
        max: 65.3107223511
        mean: 0.530236244202
        median: -0.559635698795
        min: -1.86322152615
        var: 15.1114549637
    barkbands_skewness:
        dmean: 0.489271074533
        dmean2: 0.756746053696
        dvar: 0.241108745337
        dvar2: 0.558344781399
        max: 6.77972888947
        mean: -0.394858598709
        median: -0.644151926041
        min: -4.87605428696
        var: 1.400857687
    barkbands_spread:
        dmean: 6.58473587036
        dmean2: 10.2267913818
        dvar: 36.4141349792
        dvar2: 81.9520797729
        max: 67.7799682617
        mean: 31.1637763977
        median: 31.4520282745
        min: 1.48097324371
        var: 150.713409424
    dissonance:
        dmean: 0.0123979970813
        dmean2: 0.0206058695912
        dvar: 0.000320360180922
        dvar2: 0.000822985661216
        max: 0.500000119209
        mean: 0.476142346859
        median: 0.489652693272
        min: 0.197883635759
        var: 0.00146922632121
    hfc:
        dmean: 2.50578165054
        dmean2: 3.82257556915
        dvar: 11.6920070648
        dvar2: 27.7541332245
        max: 47.1132698059
        mean: 8.47833156586
        median: 8.25395584106
        min: 1.05813400561e-016
        var: 41.7594184875
    pitch:
        dmean: 1053.09448242
        dmean2: 2010.31201172
        dvar: 1889913
        dvar2: 4465537.5
        max: 5837.03417969
        mean: 1931.03051758
        median: 1188.95385742
        min: 81.9407653809
        var: 2565223.75
    pitch_instantaneous_confidence:
        dmean: 0.0838401168585
        dmean2: 0.136334896088
        dvar: 0.0051502645947
        dvar2: 0.0129363825545
        max: 0.90680128336
        mean: 0.376484900713
        median: 0.340564757586
        min: 0.0886799693108
        var: 0.0200176052749
    pitch_salience:
        dmean: 0.0619123056531
        dmean2: 0.0996012762189
        dvar: 0.00339144002646
        dvar2: 0.00837668869644
        max: 0.87846827507
        mean: 0.653962552547
        median: 0.688979148865
        min: 0.0841681286693
        var: 0.0131026301533
    silence_rate_20dB:
        dmean: 0
        dmean2: 0
        dvar: 0
        dvar2: 0
        max: 1
        mean: 1
        median: 1
        min: 1
        var: 0
    silence_rate_30dB:
        dmean: 0
        dmean2: 0
        dvar: 0
        dvar2: 0
        max: 1
        mean: 1
        median: 1
        min: 1
        var: 0
    silence_rate_60dB:
        dmean: 0.118508830667
        dmean2: 0.23704867065
        dvar: 0.104460641742
        dvar2: 0.218261227012
        max: 1
        mean: 0.421004444361
        median: 0
        min: 0
        var: 0.243756815791
    spectral_centroid:
        dmean: 293.921722412
        dmean2: 453.902618408
        dvar: 108617.414063
        dvar2: 234582.34375
        max: 11610.7949219
        mean: 2135.53881836
        median: 2233.86132813
        min: 141.875747681
        var: 1119194.5
    spectral_complexity:
        dmean: 3.90922164917
        dmean2: 6.09052848816
        dvar: 19.9794960022
        dvar2: 45.3679885864
        max: 50
        mean: 15.9846982956
        median: 17
        min: 0
        var: 113.784507751
    spectral_crest:
        dmean: 1.9312016964
        dmean2: 3.21207761765
        dvar: 3.8574616909
        dvar2: 9.97655773163
        max: 23.6526508331
        mean: 6.98384666443
        median: 5.7447052002
        min: 2.51902651787
        var: 12.5379600525
    spectral_decrease:
        dmean: 2.91515978024e-010
        dmean2: 4.37265057496e-010
        dvar: 1.87750224263e-019
        dvar2: 4.39672861954e-019
        max: 2.15991093259e-028
        mean: -8.25061907683e-010
        median: -7.1887928943e-010
        min: -4.52871518064e-009
        var: 4.33413612108e-019
    spectral_energy:
        dmean: 0.00130386126693
        dmean2: 0.00195441604592
        dvar: 3.65046366824e-006
        dvar2: 8.56171755004e-006
        max: 0.0213657151908
        mean: 0.00388297694735
        median: 0.00347380712628
        min: 9.73516133056e-021
        var: 9.16639874049e-006
    spectral_energyband_high:
        dmean: 0.000194416017621
        dmean2: 0.000315259938361
        dvar: 8.17840088985e-008
        dvar2: 2.03936991738e-007
        max: 0.00338053843006
        mean: 0.00048915843945
        median: 0.000433512846939
        min: 7.01839808414e-021
        var: 1.89901186332e-007
    spectral_energyband_low:
        dmean: 0.000305403606035
        dmean2: 0.000476453831652
        dvar: 2.96747089124e-007
        dvar2: 6.85229053943e-007
        max: 0.00642259046435
        mean: 0.000379168894142
        median: 0.000166229248862
        min: 2.51067368203e-023
        var: 3.66701243593e-007
    spectral_energyband_middle_high:
        dmean: 0.000635457399767
        dmean2: 0.00096295424737
        dvar: 6.42581824195e-007
        dvar2: 1.42971657624e-006
        max: 0.0109968548641
        mean: 0.00218725367449
        median: 0.00211085472256
        min: 1.2241775263e-021
        var: 2.885071126e-006
    spectral_energyband_middle_low:
        dmean: 0.000621514569502
        dmean2: 0.00100661127362
        dvar: 1.20343145227e-006
        dvar2: 3.04895365844e-006
        max: 0.0107647422701
        mean: 0.000933856179472
        median: 0.000544752925634
        min: 2.08155969754e-022
        var: 1.37245251608e-006
    spectral_flatness_db:
        dmean: 0.0175536647439
        dmean2: 0.0272156633437
        dvar: 0.000308025220875
        dvar2: 0.000724357319996
        max: 0.448356151581
        mean: 0.154799893498
        median: 0.140812247992
        min: 0.0530298575759
        var: 0.00258981483057
    spectral_flux:
        dmean: 0.0076256422326
        dmean2: 0.0111482953653
        dvar: 8.46652546898e-005
        dvar2: 0.000152208260261
        max: 0.116185747087
        mean: 0.03889381513
        median: 0.0390312261879
        min: 6.50889134257e-011
        var: 0.000384245300665
    spectral_kurtosis:
        dmean: 1.52542483807
        dmean2: 2.56419920921
        dvar: 5.22973632813
        dvar2: 15.1648273468
        max: 57.8784751892
        mean: 4.0987200737
        median: 3.35338568687
        min: -1.26702737808
        var: 13.765668869
    spectral_rms:
        dmean: 0.000299797131447
        dmean2: 0.000435176072642
        dvar: 1.26677633716e-007
        dvar2: 2.77395997728e-007
        max: 0.00456558866426
        mean: 0.00176483404357
        median: 0.00184094544966
        min: 3.08183686903e-012
        var: 6.73629131143e-007
    spectral_rolloff:
        dmean: 349.145507813
        dmean2: 575.351501465
        dvar: 294124.65625
        dvar2: 625199.0625
        max: 19896.6796875
        mean: 3604.55981445
        median: 3789.84375
        min: 86.1328125
        var: 2842266.5
    spectral_skewness:
        dmean: 0.217837318778
        dmean2: 0.35218372941
        dvar: 0.0629741251469
        dvar2: 0.164363518357
        max: 5.76178503036
        mean: 1.24314081669
        median: 1.16729974747
        min: -0.0737132132053
        var: 0.289200216532
    spectral_spread:
        dmean: 565099.25
        dmean2: 792757.0625
        dvar: 667269922816
        dvar2: 1.16054582886e+012
        max: 42257920
        mean: 4453536
        median: 4039064.25
        min: 1174456.75
        var: 1.14627182592e+013
    spectral_strongpeak:
        dmean: 0.553358674049
        dmean2: 0.953070521355
        dvar: 0.514851689339
        dvar2: 1.29887998104
        max: 7.2403883934
        mean: 0.639639794827
        median: 0.243214637041
        min: 9.41271505184e-011
        var: 0.652453839779
    zerocrossingrate:
        dmean: 0.00844595674425
        dmean2: 0.010147485882
        dvar: 8.45113027026e-005
        dvar2: 0.000103823389509
        max: 0.53955078125
        mean: 0.113532990217
        median: 0.119140625
        min: 0.00732421875
        var: 0.0021707941778
    barkbands:
        dmean: [4.68230808792e-007, 8.69120558491e-005, 0.000183575612027, 0.00019020459149, 0.000233853716054, 0.000130120330141, 5.75685880904e-005, 0.000100990255305, 0.000126823142637, 6.34235984762e-005, 6.46981570753e-005, 4.0084883949e-005, 4.55669214716e-005, 4.16601615143e-005, 6.43549938104e-005, 0.000111917026516, 0.000163095479365, 0.00017667717475, 0.000248484197073, 0.000185563258128, 0.000111740875582, 2.87187885988e-005, 9.8404379969e-006, 2.35370771406e-006, 9.94445599645e-007, 1.1157683133e-007, 2.92127322332e-010]
        dmean2: [7.07078413598e-007, 0.000139712472446, 0.000306539965095, 0.000333741889335, 0.000411199871451, 0.000214575658902, 0.000101283774711, 0.000167428224813, 0.000202221010113, 0.000101843950688, 0.000102228135802, 6.42653612886e-005, 7.41837066016e-005, 6.77261050441e-005, 0.00010257003305, 0.000186160003068, 0.000270637334324, 0.000280512234895, 0.000406144565204, 0.000304793211399, 0.000186386474525, 4.57118512713e-005, 1.51686090248e-005, 3.61262209481e-006, 1.45942635754e-006, 1.7137865882e-007, 5.00778141177e-010]
        dvar: [5.2904452737e-013, 2.74941491796e-008, 1.2001099492e-007, 1.65650348549e-007, 2.35696106188e-007, 7.5386203946e-008, 2.67059032666e-008, 7.22538899822e-008, 1.18665610671e-007, 2.68094915157e-008, 2.01171150849e-008, 9.79260939005e-009, 8.65436167174e-009, 9.43448341673e-009, 1.14237330706e-008, 1.93089064737e-008, 4.4759264739e-008, 6.9007427328e-008, 1.00723937635e-007, 6.51079901104e-008, 2.46570905915e-008, 3.26265947592e-009, 6.86852852372e-010, 5.12774545047e-011, 1.2608782074e-011, 7.79982971114e-014, 2.48510802007e-019]
        dvar2: [1.27085061224e-012, 6.97239315173e-008, 3.02574790112e-007, 4.46487717909e-007, 6.64471485834e-007, 1.93964837081e-007, 7.24997093471e-008, 1.80270234296e-007, 2.86223325929e-007, 5.95515068369e-008, 4.44105197062e-008, 2.28542980096e-008, 2.05611172532e-008, 2.21344027551e-008, 2.77944138816e-008, 5.1164409598e-008, 1.15660384381e-007, 1.59707028047e-007, 2.59853209172e-007, 1.65862530821e-007, 6.37069774712e-008, 7.73226549455e-009, 1.41311784496e-009, 1.05223246782e-010, 2.45495707096e-011, 1.72784001191e-013, 6.65374934052e-019]
        max: [1.08008471216e-005, 0.00137090717908, 0.00361520214938, 0.00592094752938, 0.00469988118857, 0.00539526110515, 0.0026478881482, 0.0057748965919, 0.00637935381383, 0.00560459773988, 0.00320641160943, 0.00211477698758, 0.00186267902609, 0.00237000081688, 0.00252429232933, 0.00217959564179, 0.00341838644817, 0.00543602230027, 0.00405721971765, 0.0048103374429, 0.00187921943143, 0.0013325267937, 0.00069222174352, 0.000221280744881, 0.000273816171102, 1.10654082164e-005, 8.30308266586e-009]
        mean: [6.27660881491e-007, 0.000100204786577, 0.000194319494767, 0.000174559259904, 0.000256622501183, 0.000164758224855, 5.61628221476e-005, 0.00010810882668, 0.000156683570822, 7.93947838247e-005, 8.45052054501e-005, 5.40027176612e-005, 6.61641824991e-005, 5.80672021897e-005, 0.000111990506412, 0.000230502453633, 0.000348274887074, 0.000369237794075, 0.000549366406631, 0.000416562252212, 0.000233019585721, 4.85525561089e-005, 1.55369834829e-005, 3.91544699596e-006, 1.69410509443e-006, 1.48707329117e-007, 2.94549357127e-010]
        median: [3.78664708478e-007, 3.08267044602e-005, 7.23870180082e-005, 7.12206528988e-005, 0.000134041329147, 7.67614474171e-005, 2.20995461859e-005, 3.85318999179e-005, 4.95776839671e-005, 2.82239034277e-005, 3.38403842761e-005, 2.19018074858e-005, 3.08967937599e-005, 2.97880687867e-005, 7.4709096225e-005, 0.000207584642339, 0.000311710085953, 0.000280660809949, 0.000504834926687, 0.00036758184433, 0.000197949702851, 2.20507354243e-005, 4.70920804219e-006, 1.2060716017e-006, 5.54346797799e-007, 2.98135063304e-008, 1.02350461439e-010]
        min: [3.6559065934e-025, 5.04403539812e-024, 1.44344959855e-024, 2.36023238538e-024, 1.11239595496e-023, 1.21518468869e-023, 1.72110879734e-023, 1.28187009868e-023, 1.75295195664e-023, 1.11168369245e-023, 1.67918683557e-023, 3.4138820265e-023, 3.44131387562e-023, 3.84654888273e-023, 3.70484390506e-023, 6.2022566775e-023, 7.27462977443e-023, 1.0964002855e-022, 1.19514232055e-022, 1.34204904703e-022, 2.17264208253e-022, 3.2893702407e-022, 3.78395800794e-022, 5.76056626225e-022, 8.82868588394e-022, 1.33943654166e-021, 1.90671775296e-021]
        var: [6.68585954829e-013, 3.03284721781e-008, 1.19093591877e-007, 1.24904516952e-007, 1.85800232089e-007, 8.67227072376e-008, 2.07450181477e-008, 8.2098821963e-008, 1.49295033225e-007, 4.2240362319e-008, 3.24697673193e-008, 1.52009178578e-008, 1.54852717316e-008, 1.30398829512e-008, 2.11663415683e-008, 4.53492212671e-008, 1.00708128059e-007, 1.73130729308e-007, 2.2644022124e-007, 1.43928929219e-007, 4.65693510421e-008, 5.75790037871e-009, 1.31875466103e-009, 9.56082435444e-011, 2.30669563311e-011, 1.18292298157e-013, 2.72435993099e-019]
    frequency_bands:
        dmean: [4.68230808792e-007, 8.69120558491e-005, 0.000183575612027, 0.00019020459149, 0.000233853716054, 0.000130120330141, 5.75685880904e-005, 0.000100990255305, 0.000126823142637, 6.34235984762e-005, 6.46981570753e-005, 4.0084883949e-005, 4.55669214716e-005, 4.16601615143e-005, 6.43549938104e-005, 0.000111917026516, 0.000163095479365, 0.00017667717475, 0.000248484197073, 0.000185563258128, 0.000111740875582, 2.87187885988e-005, 9.8404379969e-006, 2.35370771406e-006, 9.94445599645e-007, 1.1157683133e-007, 2.92127322332e-010, 4.64032354208e-011]
        dmean2: [7.07078413598e-007, 0.000139712472446, 0.000306539965095, 0.000333741889335, 0.000411199871451, 0.000214575658902, 0.000101283774711, 0.000167428224813, 0.000202221010113, 0.000101843950688, 0.000102228135802, 6.42653612886e-005, 7.41837066016e-005, 6.77261050441e-005, 0.00010257003305, 0.000186160003068, 0.000270637334324, 0.000280512234895, 0.000406144565204, 0.000304793211399, 0.000186386474525, 4.57118512713e-005, 1.51686090248e-005, 3.61262209481e-006, 1.45942635754e-006, 1.7137865882e-007, 5.00778141177e-010, 8.68964969425e-011]
        dvar: [5.2904452737e-013, 2.74941491796e-008, 1.2001099492e-007, 1.65650348549e-007, 2.35696106188e-007, 7.5386203946e-008, 2.67059032666e-008, 7.22538899822e-008, 1.18665610671e-007, 2.68094915157e-008, 2.01171150849e-008, 9.79260939005e-009, 8.65436167174e-009, 9.43448341673e-009, 1.14237330706e-008, 1.93089064737e-008, 4.4759264739e-008, 6.9007427328e-008, 1.00723937635e-007, 6.51079901104e-008, 2.46570905915e-008, 3.26265947592e-009, 6.86852852372e-010, 5.12774545047e-011, 1.2608782074e-011, 7.79982971114e-014, 2.48510802007e-019, 6.5708109778e-021]
        dvar2: [1.27085061224e-012, 6.97239315173e-008, 3.02574790112e-007, 4.46487717909e-007, 6.64471485834e-007, 1.93964837081e-007, 7.24997093471e-008, 1.80270234296e-007, 2.86223325929e-007, 5.95515068369e-008, 4.44105197062e-008, 2.28542980096e-008, 2.05611172532e-008, 2.21344027551e-008, 2.77944138816e-008, 5.1164409598e-008, 1.15660384381e-007, 1.59707028047e-007, 2.59853209172e-007, 1.65862530821e-007, 6.37069774712e-008, 7.73226549455e-009, 1.41311784496e-009, 1.05223246782e-010, 2.45495707096e-011, 1.72784001191e-013, 6.65374934052e-019, 2.13669831822e-020]
        max: [1.08008471216e-005, 0.00137090717908, 0.00361520214938, 0.00592094752938, 0.00469988118857, 0.00539526110515, 0.0026478881482, 0.0057748965919, 0.00637935381383, 0.00560459773988, 0.00320641160943, 0.00211477698758, 0.00186267902609, 0.00237000081688, 0.00252429232933, 0.00217959564179, 0.00341838644817, 0.00543602230027, 0.00405721971765, 0.0048103374429, 0.00187921943143, 0.0013325267937, 0.00069222174352, 0.000221280744881, 0.000273816171102, 1.10654082164e-005, 8.30308266586e-009, 1.72978520396e-009]
        mean: [6.27660881491e-007, 0.000100204786577, 0.000194319494767, 0.000174559259904, 0.000256622501183, 0.000164758224855, 5.61628221476e-005, 0.00010810882668, 0.000156683570822, 7.93947838247e-005, 8.45052054501e-005, 5.40027176612e-005, 6.61641824991e-005, 5.80672021897e-005, 0.000111990506412, 0.000230502453633, 0.000348274887074, 0.000369237794075, 0.000549366406631, 0.000416562252212, 0.000233019585721, 4.85525561089e-005, 1.55369834829e-005, 3.91544699596e-006, 1.69410509443e-006, 1.48707329117e-007, 2.94549357127e-010, 3.54301830929e-011]
        median: [3.78664708478e-007, 3.08267044602e-005, 7.23870180082e-005, 7.12206528988e-005, 0.000134041329147, 7.67614474171e-005, 2.20995461859e-005, 3.85318999179e-005, 4.95776839671e-005, 2.82239034277e-005, 3.38403842761e-005, 2.19018074858e-005, 3.08967937599e-005, 2.97880687867e-005, 7.4709096225e-005, 0.000207584642339, 0.000311710085953, 0.000280660809949, 0.000504834926687, 0.00036758184433, 0.000197949702851, 2.20507354243e-005, 4.70920804219e-006, 1.2060716017e-006, 5.54346797799e-007, 2.98135063304e-008, 1.02350461439e-010, 9.97676420644e-012]
        min: [3.6559065934e-025, 5.04403539812e-024, 1.44344959855e-024, 2.36023238538e-024, 1.11239595496e-023, 1.21518468869e-023, 1.72110879734e-023, 1.28187009868e-023, 1.75295195664e-023, 1.11168369245e-023, 1.67918683557e-023, 3.4138820265e-023, 3.44131387562e-023, 3.84654888273e-023, 3.70484390506e-023, 6.2022566775e-023, 7.27462977443e-023, 1.0964002855e-022, 1.19514232055e-022, 1.34204904703e-022, 2.17264208253e-022, 3.2893702407e-022, 3.78395800794e-022, 5.76056626225e-022, 8.82868588394e-022, 1.33943654166e-021, 1.90671775296e-021, 4.87517755988e-022]
        var: [6.68585954829e-013, 3.03284721781e-008, 1.19093591877e-007, 1.24904516952e-007, 1.85800232089e-007, 8.67227072376e-008, 2.07450181477e-008, 8.2098821963e-008, 1.49295033225e-007, 4.2240362319e-008, 3.24697673193e-008, 1.52009178578e-008, 1.54852717316e-008, 1.30398829512e-008, 2.11663415683e-008, 4.53492212671e-008, 1.00708128059e-007, 1.73130729308e-007, 2.2644022124e-007, 1.43928929219e-007, 4.65693510421e-008, 5.75790037871e-009, 1.31875466103e-009, 9.56082435444e-011, 2.30669563311e-011, 1.18292298157e-013, 2.72435993099e-019, 4.74029824852e-021]
    mfcc:
        mean: [-737.602783203, 92.0784606934, -53.8951568604, 60.4513397217, -13.9882822037, -5.37169647217, 0.0245046485215, -2.78569889069, 2.31083297729, -4.18071222305, -6.4037103653, -2.90074944496, -4.74067592621]
        cov: [[9834.34960938, -166.655639648, -822.756774902, 1568.25085449, 183.758239746, 461.354156494, 73.1118392944, 504.184753418, 149.63218689, 40.8867759705, -290.076782227, -323.459533691, 141.177597046], [-166.655639648, 935.655029297, -125.662101746, 66.6750717163, -44.2046279907, -89.360748291, 79.9089050293, -47.157283783, 55.7005462646, -32.268196106, 46.1886062622, 73.7490615845, -37.6908454895], [-822.756774902, -125.662101746, 588.900695801, -221.948822021, 75.1128463745, -3.57572579384, -59.1672286987, 11.8196287155, -50.2172737122, 25.40583992, 51.7161026001, 55.8186302185, 19.7625846863], [1568.25085449, 66.6750717163, -221.948822021, 672.504821777, 182.431655884, 179.796310425, 85.2584762573, 88.2809829712, 111.879470825, -6.17107439041, -84.9751968384, -76.422088623, 68.7884292603], [183.758239746, -44.2046279907, 75.1128463745, 182.431655884, 244.667175293, 118.185905457, 58.2633476257, 64.0455932617, 48.3114013672, 32.8344612122, -14.3319015503, -13.1034755707, 42.6479225159], [461.354156494, -89.360748291, -3.57572579384, 179.796310425, 118.185905457, 175.121902466, 69.98412323, 75.7849197388, 37.3623504639, 22.2322063446, -17.2511482239, -37.5079612732, 28.179309845], [73.1118392944, 79.9089050293, -59.1672286987, 85.2584762573, 58.2633476257, 69.98412323, 152.835952759, 66.4446411133, 52.5122909546, 9.47888851166, -4.5761961937, -3.38513207436, 11.1545181274], [504.184753418, -47.157283783, 11.8196287155, 88.2809829712, 64.0455932617, 75.7849197388, 66.4446411133, 153.033325195, 42.8283615112, 16.9200496674, -17.6286144257, -19.0885772705, 27.2350444794], [149.63218689, 55.7005462646, -50.2172737122, 111.879470825, 48.3114013672, 37.3623504639, 52.5122909546, 42.8283615112, 104.742958069, 18.4673957825, -11.5244617462, -9.73736667633, 9.58731269836], [40.8867759705, -32.268196106, 25.40583992, -6.17107439041, 32.8344612122, 22.2322063446, 9.47888851166, 16.9200496674, 18.4673957825, 77.2155075073, 20.8335552216, -3.20745611191, 3.89609622955], [-290.076782227, 46.1886062622, 51.7161026001, -84.9751968384, -14.3319015503, -17.2511482239, -4.5761961937, -17.6286144257, -11.5244617462, 20.8335552216, 84.7926254272, 40.8564453125, -22.2431373596], [-323.459533691, 73.7490615845, 55.8186302185, -76.422088623, -13.1034755707, -37.5079612732, -3.38513207436, -19.0885772705, -9.73736667633, -3.20745611191, 40.8564453125, 70.8736038208, 3.20524597168], [141.177597046, -37.6908454895, 19.7625846863, 68.7884292603, 42.6479225159, 28.179309845, 11.1545181274, 27.2350444794, 9.58731269836, 3.89609622955, -22.2431373596, 3.20524597168, 78.3122634888]]
        icov: [[0.000250510958722, -2.54001752182e-005, 0.000171668449184, -0.000576163467485, 0.000318275589962, -0.00012844131561, 0.000453646876849, -0.000850565498695, 0.000460877199657, -0.000373639399186, 0.000184440446901, 0.000131729728309, 0.000112178044219], [-2.54001752182e-005, 0.0015863039298, 4.18180497945e-005, -0.000551931036171, 7.94543593656e-005, 0.0012585358927, -0.00124675454572, 0.000522222486325, -0.000610728398897, 0.000454478518805, -0.000533605751116, -0.00142211932689, 0.000742154428735], [0.000171668449184, 4.18180497945e-005, 0.00289223762229, 0.000846136361361, -0.00147158687469, -0.000710964261089, 0.00177727802657, -0.00133894267492, 0.000733757740818, -0.000144558362081, -0.000374556344468, -0.00121081527323, -0.000632185488939], [-0.000576163467485, -0.000551931036171, 0.000846136361361, 0.0050368886441, -0.00243008485995, -0.00222370051779, 0.000247726740781, 0.00190690415911, -0.00288670207374, 0.00218580383807, 0.000325599103235, 0.00122085644398, -0.00215255585499], [0.000318275589962, 7.94543593656e-005, -0.00147158687469, -0.00243008485995, 0.00850827433169, -0.00316953612491, -0.000538622087333, -0.000814519182313, -0.000278788065771, -0.00255524460226, 0.00110458058771, -0.00120270845946, -0.000638409808744], [-0.00012844131561, 0.0012585358927, -0.000710964261089, -0.00222370051779, -0.00316953612491, 0.0141057493165, -0.00451527582482, -0.00153557455633, 0.00103606772609, -0.000349824200384, -0.00319879804738, 0.00450504524633, -0.000404873455409], [0.000453646876849, -0.00124675454572, 0.00177727802657, 0.000247726740781, -0.000538622087333, -0.00451527582482, 0.012502072379, -0.00472700037062, -0.00195340951905, -7.70370315877e-005, 0.000641609425656, -0.00158026651479, 0.000187176701729], [-0.000850565498695, 0.000522222486325, -0.00133894267492, 0.00190690415911, -0.000814519182313, -0.00153557455633, -0.00472700037062, 0.0130362035707, -0.00366980512626, 0.000773806707002, 2.04083662538e-005, 0.000618116057012, -0.00202537770383], [0.000460877199657, -0.000610728398897, 0.000733757740818, -0.00288670207374, -0.000278788065771, 0.00103606772609, -0.00195340951905, -0.00366980512626, 0.015674315393, -0.00443114293739, 0.00176910997834, -0.000666371663101, 0.00139049848076], [-0.000373639399186, 0.000454478518805, -0.000144558362081, 0.00218580383807, -0.00255524460226, -0.000349824200384, -7.70370315877e-005, 0.000773806707002, -0.00443114293739, 0.0179206486791, -0.00731495767832, 0.00436454825103, -0.00233729067259], [0.000184440446901, -0.000533605751116, -0.000374556344468, 0.000325599103235, 0.00110458058771, -0.00319879804738, 0.000641609425656, 2.04083662538e-005, 0.00176910997834, -0.00731495767832, 0.0229763183743, -0.0130535857752, 0.00687781395391], [0.000131729728309, -0.00142211932689, -0.00121081527323, 0.00122085644398, -0.00120270845946, 0.00450504524633, -0.00158026651479, 0.000618116057012, -0.000666371663101, 0.00436454825103, -0.0130535857752, 0.02869098261, -0.00766219478101], [0.000112178044219, 0.000742154428735, -0.000632185488939, -0.00215255585499, -0.000638409808744, -0.000404873455409, 0.000187176701729, -0.00202537770383, 0.00139049848076, -0.00233729067259, 0.00687781395391, -0.00766219478101, 0.0183589104563]]
    sccoeffs:
        dmean: [0.0562862157822, 0.0480700209737, 0.0430325344205, 0.0308217406273, 0.0211720243096, 0.0257580950856]
        dmean2: [0.0906465724111, 0.0784910395741, 0.0707715526223, 0.0512969531119, 0.0345844216645, 0.0398540683091]
        dvar: [0.00205729482695, 0.00149283080827, 0.0012195246527, 0.000585130357649, 0.000297470367514, 0.000614892574959]
        dvar2: [0.00528767472133, 0.00392910139635, 0.00314360600896, 0.00155380764045, 0.000761135888752, 0.00138384394813]
        max: [-0.418317437172, -0.427756935358, -0.489188045263, -0.573444187641, -0.649775445461, -0.497318327427]
        mean: [-0.706120312214, -0.770543277264, -0.791523873806, -0.794435381889, -0.800454139709, -0.713258862495]
        median: [-0.709887504578, -0.783967077732, -0.806048154831, -0.796418070793, -0.800579309464, -0.714033544064]
        min: [-0.979961454868, -0.978886365891, -0.970545768738, -0.968339860439, -0.966638624668, -0.965565681458]
        var: [0.00540289701894, 0.00586367025971, 0.0049544936046, 0.00188875477761, 0.00104356673546, 0.00322738219984]
    scvalleys:
        dmean: [0.424405246973, 0.429953426123, 0.363977998495, 0.289475291967, 0.245863616467, 0.43749704957]
        dmean2: [0.685834527016, 0.690520703793, 0.58101016283, 0.446022570133, 0.368122041225, 0.581060886383]
        dvar: [0.158746570349, 0.178838580847, 0.13011816144, 0.0971521884203, 0.119963124394, 0.271513342857]
        dvar2: [0.345094293356, 0.408077865839, 0.265714257956, 0.183842107654, 0.21895647049, 0.504808366299]
        max: [-5.04723644257, -4.42634153366, -5.29206466675, -5.7934794426, -5.48630428314, -7.22442531586]
        mean: [-7.26599407196, -7.17568922043, -7.48682355881, -7.60235071182, -7.18094873428, -10.3990449905]
        median: [-6.71809387207, -6.78213262558, -7.05717754364, -7.08051013947, -6.44366836548, -9.90464019775]
        min: [-28.203622818, -27.8359737396, -27.7782058716, -27.8097476959, -27.5154685974, -27.3736248016]
        var: [4.70213699341, 4.2412481308, 4.18265867233, 4.17937660217, 4.85550403595, 4.27259874344]

rhythm:
    beats_loudness:
        dmean: 0.00177015084773
        dmean2: 0.00316892541014
        dvar: 2.21194591177e-006
        dvar2: 6.3929001044e-006
        max: 0.0138171808794
        mean: 0.00660092942417
        median: 0.00746988505125
        min: 0
        var: 1.1147269106e-005
    bpm: 137.971099854
    bpm_confidence: 0
    first_peak_bpm: 140
    first_peak_spread: 0.484615385532
    first_peak_weight: 0.496296286583
    onset_rate: 3.90981435776
    second_peak_bpm: 133
    second_peak_spread: 0.466666638851
    second_peak_weight: 0.019753087312
    beats_loudness_band_ratio:
        dmean: [0.165639206767, 0.0889790654182, 0.0789709612727, 0.0589523985982, 0.0716984644532, 0.0709141045809]
        dmean2: [0.309885591269, 0.165470078588, 0.133977800608, 0.101828068495, 0.121098294854, 0.125335067511]
        dvar: [0.036384165287, 0.014679488726, 0.0148812318221, 0.0054393033497, 0.0037835680414, 0.00378239224665]
        dvar2: [0.0799392014742, 0.0399165004492, 0.0382906571031, 0.0142473215237, 0.00941626541317, 0.010298893787]
        max: [0.962802648544, 0.835043013096, 0.706013560295, 0.654481351376, 0.516774713993, 0.542592823505]
        mean: [0.317670255899, 0.0982938930392, 0.0926796644926, 0.0671094730496, 0.198771834373, 0.245260849595]
        median: [0.297474682331, 0.0669452399015, 0.0461073443294, 0.0458743721247, 0.201497122645, 0.262629896402]
        min: [0, 0, 0, 0, 0, 0]
        var: [0.0453602448106, 0.0116210915148, 0.016650499776, 0.00567779503763, 0.00983630027622, 0.0129218921065]
    beats_position: [0.452789098024, 0.905578196049, 1.35836732388, 1.8111563921, 2.26394557953, 2.71673464775, 3.1811337471, 3.64553284645, 4.08671188354, 4.52789115906, 4.96907043457, 5.41024923325, 5.85142850876, 6.28099775314, 6.71056699753, 7.1517457962, 7.58131504059, 8.0224943161, 8.45206356049, 8.893242836, 9.32281208038, 9.75238037109, 10.1935596466, 10.623128891, 11.0526981354, 11.4938774109, 11.9234466553, 12.3530158997, 12.782585144, 13.2121543884, 13.6533327103, 14.1061220169, 14.5473012924, 14.9768705368, 15.4180498123, 15.8592290878, 16.2887973785, 16.7183666229, 17.1595458984, 17.5891151428, 18.0186843872, 18.4598636627, 18.9010429382, 19.3306121826, 19.760181427, 20.2013607025, 20.642539978, 21.0837192535, 21.5248966217, 21.9544658661, 22.3840351105, 22.8019943237, 23.2431735992, 23.6843528748, 24.1139221191, 24.5434913635, 24.984670639, 25.4142398834, 25.8438091278, 26.2849884033, 26.7145576477, 27.1441268921, 27.5853061676, 28.0264854431, 28.4560546875, 28.8856239319, 29.3268013, 29.7679805756, 30.2091598511, 30.6387290955, 31.0682983398, 31.5094776154, 31.9390468597, 32.3686180115, 32.8097953796, 33.2509727478, 33.6805419922, 34.1101112366, 34.5512924194, 34.9808616638, 35.4104309082, 35.8516082764, 36.2927894592, 36.7223587036, 37.151927948, 37.5814971924, 38.0110664368, 38.4522438049, 38.8934249878, 39.334602356, 39.7757797241, 40.2053489685, 40.6349182129, 41.0760993958, 41.5172767639, 41.9468460083, 42.3764152527, 42.8175964355, 43.2471656799, 43.6767349243, 44.1179122925, 44.5474815369, 44.9770507813, 45.4182319641, 45.8594093323, 46.2889785767, 46.718547821, 47.1597251892, 47.6009063721, 48.0304756165, 48.4600448608, 48.901222229, 49.3307914734, 49.7603607178, 50.2015419006, 50.631111145, 51.0606803894, 51.4902496338, 51.9198188782, 52.3609962463, 52.8021774292, 53.2433547974, 53.6845359802, 54.1141014099, 54.5436706543, 54.9848518372, 55.4260292053, 55.8672103882, 56.3083877563, 56.726348877, 57.1675262451, 57.608707428, 58.0498847961, 58.4794540405, 58.9090232849, 59.3502044678, 59.7797737122, 60.2093429565, 60.6389122009, 61.0684814453, 61.5096588135, 61.9508361816, 62.3920173645, 62.8331947327, 63.2627639771, 63.7039451599, 64.1335144043, 64.563079834, 64.9926528931, 65.4338302612, 65.8634033203, 66.29296875, 66.7341461182, 67.1753311157, 67.6048965454, 68.0344696045, 68.4756469727, 68.9052124023, 69.3347854614, 69.7759628296, 70.1939239502, 70.6351013184, 71.0762786865, 71.5174560547, 71.9586410522, 72.3882064819, 72.817779541, 73.2589569092, 73.7001342773, 74.1297073364, 74.5592727661, 74.9888458252, 75.4184112549, 75.859588623, 76.3007659912, 76.7419509888, 77.1715164185, 77.6010894775, 78.0422668457, 78.4718322754, 78.9014053345, 79.3425827026, 79.7721557617, 80.2133331299, 80.6428985596, 81.0840835571, 81.5252609253, 81.954826355, 82.3843994141, 82.8255767822, 83.2551422119, 83.6963272095, 84.1258926392, 84.5554656982, 84.9850311279, 85.4262084961, 85.8673934937, 86.2969589233, 86.7265319824, 87.1677093506, 87.6088867188, 88.0500640869, 88.4912490845, 88.9208145142, 89.3503875732, 89.7915649414, 90.2095184326, 90.6507034302, 91.0918807983, 91.521446228, 91.9510192871, 92.3805847168, 92.8101577759, 93.251335144, 93.6925125122, 94.1336975098, 94.5632629395, 94.9928359985, 95.4340133667, 95.8751907349, 96.3047637939, 96.7343292236, 97.1638946533, 97.5934677124, 98.0346450806, 98.4758224487, 98.9053955078, 99.3349609375, 99.7761459351, 100.205711365, 100.635284424, 101.064849854, 101.506027222, 101.947212219, 102.388389587, 102.817955017, 103.259140015, 103.688705444, 104.118278503, 104.559455872, 105.00063324, 105.441810608, 105.871383667, 106.300949097, 106.742126465, 107.171699524, 107.601264954, 108.042449951, 108.483627319, 108.913192749, 109.342765808, 109.772331238, 110.213516235, 110.643081665, 111.084259033, 111.525436401, 111.966621399, 112.396186829, 112.825759888, 113.266937256, 113.708114624, 114.149291992, 114.578865051, 115.008430481, 115.449615479, 115.890792847, 116.320358276, 116.749931335, 117.191108704, 117.620681763, 118.050247192, 118.491424561, 118.932601929, 119.362174988, 119.791740417, 120.232925415, 120.674102783, 121.103668213, 121.533241272, 121.97441864, 122.403991699, 122.833557129, 123.274734497, 123.715919495, 124.145484924, 124.575057983, 125.004623413, 125.445800781, 125.886978149, 126.328163147, 126.769340515, 127.198905945, 127.640090942, 128.069656372, 128.499221802, 128.94039917, 129.381591797, 129.822769165, 130.263946533, 130.693511963, 131.123077393, 131.552658081, 131.982223511, 132.423400879, 132.852966309, 133.282531738, 133.712112427, 134.141677856, 134.571243286, 135.000808716, 135.441986084, 135.883178711, 136.324356079, 136.753921509, 137.195098877, 137.624664307, 138.054244995, 138.483810425, 138.924987793, 139.366165161, 139.807342529, 140.248519897, 140.689697266, 141.119277954, 141.548843384, 141.978408813, 142.407974243, 142.837554932, 143.2787323, 143.708297729, 144.149475098, 144.579040527, 145.008621216, 145.438186646, 145.879364014, 146.320541382, 146.750106812, 147.19128418, 147.632461548, 148.073654175, 148.503219604, 148.932785034, 149.373962402, 149.803527832, 150.233108521, 150.66267395, 151.103851318, 151.545028687, 151.986206055, 152.415786743, 152.845352173, 153.286529541, 153.716094971, 154.157272339, 154.598449707, 155.039627075, 155.469207764, 155.898773193, 156.339950562, 156.769515991, 157.210693359, 157.640274048, 158.069839478, 158.511016846, 158.940582275, 159.381759644, 159.822952271, 160.2525177, 160.68208313, 161.11164856, 161.541213989, 161.982406616, 162.423583984, 162.864761353, 163.294326782, 163.723892212, 164.16506958, 164.594650269, 165.024215698, 165.465393066, 165.906570435, 166.336135864, 166.765716553, 167.206893921, 167.636459351, 168.06602478, 168.507202148, 168.948379517, 169.389572144, 169.819137573, 170.248703003, 170.689880371, 171.131057739, 171.560638428, 171.990203857, 172.419769287, 172.849334717, 173.290512085, 173.731704712, 174.184494019, 174.648880005, 175.101669312, 175.566070557, 176.030471802, 176.494873047, 176.959274292]
