
metadata:
    version:
        essentia: "2.1-beta2"
    audio_properties:
        analysis_sample_rate: 44100
        bitrate: 128
        channels: 2
        equal_loudness: 1
        length: 207.36000061
        replay_gain: -12.5298118591
        downmix: "mix"
    tags:
        album: "Le bien-être et la paix"
        artist: "Mass Hysteria"
        comment: ""
        date: "1997"
        genre: "Metal"
        title: "L'effet papillon"
        tracknumber: "5"

configuration:
    average_loudness:
        compute: 1
        frameSize: 88200
        hopSize: 44100
        silentFrames: "noise"
        windowType: "hann"
    general:
        analysisSampleRate: 44100
        endTime: 2000
        equalLoudness: 1
        nequalLoudness: 0
        shortSound: 0
        startTime: 0
    lowlevel:
        compute: 1
        frameSize: 2048
        hopSize: 1024
        zeroPadding: 0
        silentFrames: "noise"
        windowType: "blackmanharris62"
        mfccStats: ["mean", "cov", "icov"]
        stats: ["mean", "var", "median", "min", "max", "dmean", "dmean2", "dvar", "dvar2"]
    panning:
        compute: 0
        frameSize: 8192
        hopSize: 2048
        zeroPadding: 8192
        silentFrames: "noise"
        windowType: "hann"
        stats: ["copy"]
    rhythm:
        compute: 1
        maxTempo: 208
        minTempo: 40
        method: "degara"
        stats: ["mean", "var", "median", "min", "max", "dmean", "dmean2", "dvar", "dvar2"]
    segmentation:
        compute: 0
        cpw: 5
        inc1: 300
        inc2: 50
        minimumSegmentsLength: 10
        size1: 1000
        size2: 600
    sfx:
        compute: 1
        stats: ["mean", "var", "median", "min", "max", "dmean", "dmean2", "dvar", "dvar2"]
    svm:
        compute: 0
    tonal:
        compute: 1
        frameSize: 4096
        hopSize: 2048
        zeroPadding: 0
        silentFrames: "noise"
        windowType: "blackmanharris62"
        stats: ["mean", "var", "median", "min", "max", "dmean", "dmean2", "dvar", "dvar2"]

lowlevel:
    average_loudness: 0.911842167377
    barkbands_kurtosis:
        dmean: 0.696332633495
        dmean2: 1.09418070316
        dvar: 1.34216952324
        dvar2: 3.05452394485
        max: 60.0298957825
        mean: -0.585048437119
        median: -1.09464120865
        min: -1.85563099384
        var: 2.83313345909
    barkbands_skewness:
        dmean: 0.381761461496
        dmean2: 0.577352166176
        dvar: 0.110867515206
        dvar2: 0.24404501915
        max: 4.67854976654
        mean: -0.372237771749
        median: -0.392796754837
        min: -3.68733167648
        var: 0.627143621445
    barkbands_spread:
        dmean: 5.44202756882
        dmean2: 8.23332500458
        dvar: 24.5395240784
        dvar2: 53.5961952209
        max: 89.9290771484
        mean: 33.9200057983
        median: 34.8128013611
        min: 1.00247204304
        var: 105.557884216
    dissonance:
        dmean: 0.0103810336441
        dmean2: 0.0175361484289
        dvar: 0.000118336633022
        dvar2: 0.000324982742313
        max: 0.500000119209
        mean: 0.482902735472
        median: 0.486554026604
        min: 0.269281595945
        var: 0.000207193850656
    hfc:
        dmean: 2.33025956154
        dmean2: 3.46072363853
        dvar: 9.26355266571
        dvar2: 20.8099269867
        max: 54.6864318848
        mean: 8.35915660858
        median: 6.78822994232
        min: 1.10682854009e-016
        var: 43.7596855164
    pitch:
        dmean: 1073.37963867
        dmean2: 2047.1496582
        dvar: 1910149
        dvar2: 4441686
        max: 4846.38623047
        mean: 1645.33435059
        median: 504.966003418
        min: 72.9804382324
        var: 2494386
    pitch_instantaneous_confidence:
        dmean: 0.0788426697254
        dmean2: 0.126474678516
        dvar: 0.00459237163886
        dvar2: 0.0106679815799
        max: 0.949106395245
        mean: 0.352101415396
        median: 0.324072867632
        min: 0.0917731523514
        var: 0.015402414836
    pitch_salience:
        dmean: 0.0528646968305
        dmean2: 0.0859824046493
        dvar: 0.0019908756949
        dvar2: 0.00517756538466
        max: 0.998322248459
        mean: 0.684798836708
        median: 0.696032881737
        min: 0.22644379735
        var: 0.00467988941818
    silence_rate_20dB:
        dmean: 0
        dmean2: 0
        dvar: 0
        dvar2: 0
        max: 1
        mean: 1
        median: 1
        min: 1
        var: 0
    silence_rate_30dB:
        dmean: 0
        dmean2: 0
        dvar: 0
        dvar2: 0
        max: 1
        mean: 1
        median: 1
        min: 1
        var: 0
    silence_rate_60dB:
        dmean: 0.129660725594
        dmean2: 0.259350508451
        dvar: 0.112838290632
        dvar2: 0.225013107061
        max: 1
        mean: 0.449171513319
        median: 0
        min: 0
        var: 0.247429549694
    spectral_centroid:
        dmean: 253.051330566
        dmean2: 383.817840576
        dvar: 56979.3007813
        dvar2: 117604.71875
        max: 11367.9111328
        mean: 1979.51257324
        median: 2027.98681641
        min: 421.830230713
        var: 382754.0625
    spectral_complexity:
        dmean: 3.86294937134
        dmean2: 6.015229702
        dvar: 15.0645017624
        dvar2: 34.8444099426
        max: 47
        mean: 15.1800270081
        median: 15
        min: 0
        var: 78.7245025635
    spectral_crest:
        dmean: 1.80591726303
        dmean2: 2.95517301559
        dvar: 2.92781019211
        dvar2: 7.31864547729
        max: 25.7162494659
        mean: 6.26324272156
        median: 5.52601671219
        min: 2.56201887131
        var: 6.67976427078
    spectral_decrease:
        dmean: 2.62609906043e-010
        dmean2: 3.95088517458e-010
        dvar: 1.4521019944e-019
        dvar2: 3.50330376462e-019
        max: 1.71868303048e-028
        mean: -8.76752281886e-010
        median: -7.27009674684e-010
        min: -4.4378052344e-009
        var: 3.75026060445e-019
    spectral_energy:
        dmean: 0.00117601361126
        dmean2: 0.00176092749462
        dvar: 2.78233756035e-006
        dvar2: 6.65103652864e-006
        max: 0.0203122869134
        mean: 0.00406726496294
        median: 0.00336325424723
        min: 1.02135431433e-020
        var: 8.12695907371e-006
    spectral_energyband_high:
        dmean: 0.000148438528413
        dmean2: 0.000238647917286
        dvar: 3.54934286406e-008
        dvar2: 8.97650807019e-008
        max: 0.00361116137356
        mean: 0.000424738478614
        median: 0.000381371501135
        min: 7.539025077e-021
        var: 1.1465156291e-007
    spectral_energyband_low:
        dmean: 0.000261972803855
        dmean2: 0.000413494854001
        dvar: 2.07749693004e-007
        dvar2: 4.85420457608e-007
        max: 0.00430398015305
        mean: 0.000380395562388
        median: 0.00020893139299
        min: 2.60625806465e-023
        var: 2.59685066339e-007
    spectral_energyband_middle_high:
        dmean: 0.000664281193167
        dmean2: 0.000982742290944
        dvar: 7.3060783734e-007
        dvar2: 1.49641221014e-006
        max: 0.0147731257603
        mean: 0.00228482158855
        median: 0.00171344983391
        min: 1.31899492155e-021
        var: 3.87938916901e-006
    spectral_energyband_middle_low:
        dmean: 0.000559261650778
        dmean2: 0.000917416240554
        dvar: 1.01979856026e-006
        dvar2: 2.68391409008e-006
        max: 0.0107659380883
        mean: 0.00109423173126
        median: 0.00081936531933
        min: 2.27338529993e-022
        var: 1.22199469388e-006
    spectral_flatness_db:
        dmean: 0.0141875874251
        dmean2: 0.0215651765466
        dvar: 0.000170971368789
        dvar2: 0.000351617811248
        max: 0.338002592325
        mean: 0.138516038656
        median: 0.13491410017
        min: 0.0638067871332
        var: 0.000785737647675
    spectral_flux:
        dmean: 0.00743146846071
        dmean2: 0.010861617513
        dvar: 7.9665776866e-005
        dvar2: 0.000154304041644
        max: 0.116483308375
        mean: 0.0397456474602
        median: 0.0360839739442
        min: 6.66449603837e-011
        var: 0.000334811047651
    spectral_kurtosis:
        dmean: 1.17920351028
        dmean2: 1.99006640911
        dvar: 1.67017757893
        dvar2: 4.78173542023
        max: 22.550201416
        mean: 3.82316613197
        median: 3.50576639175
        min: -1.30173361301
        var: 3.71856760979
    spectral_rms:
        dmean: 0.000267623370746
        dmean2: 0.000388851331081
        dvar: 1.02656997569e-007
        dvar2: 2.33677411643e-007
        max: 0.00445161387324
        mean: 0.00186244689394
        median: 0.00181141472422
        min: 3.15664898734e-012
        var: 4.99354143813e-007
    spectral_rolloff:
        dmean: 289.205657959
        dmean2: 454.546234131
        dvar: 115380.445313
        dvar2: 243361.078125
        max: 19186.0839844
        mean: 3542.98120117
        median: 3660.64453125
        min: 322.998046875
        var: 643687.0625
    spectral_skewness:
        dmean: 0.171254739165
        dmean2: 0.277338296175
        dvar: 0.027061233297
        dvar2: 0.0710212215781
        max: 3.72008037567
        mean: 1.25815045834
        median: 1.25666677952
        min: -0.0759632512927
        var: 0.0983863845468
    spectral_spread:
        dmean: 508234.78125
        dmean2: 701480.4375
        dvar: 621394001920
        dvar2: 940256395264
        max: 49957376
        mean: 4327128
        median: 4133299.75
        min: 1722369.75
        var: 2.86517310259e+012
    spectral_strongpeak:
        dmean: 0.503614485264
        dmean2: 0.865836858749
        dvar: 0.596490085125
        dvar2: 1.54257559776
        max: 10.2559938431
        mean: 0.6830945611
        median: 0.252155184746
        min: 0
        var: 1.01997900009
    zerocrossingrate:
        dmean: 0.00776170892641
        dmean2: 0.00916175264865
        dvar: 5.62309542147e-005
        dvar2: 6.56539414194e-005
        max: 0.5107421875
        mean: 0.108685269952
        median: 0.11181640625
        min: 0.02197265625
        var: 0.000765345350374
    barkbands:
        dmean: [4.78114088764e-007, 8.40984212118e-005, 0.000158550654305, 0.000159529445227, 0.000210778787732, 0.000151265121531, 0.000125503152958, 9.12187097128e-005, 8.59718275024e-005, 6.07871734246e-005, 5.51867451577e-005, 3.97793992306e-005, 5.3750591178e-005, 4.42820091848e-005, 6.53458409943e-005, 0.000100741548522, 0.000222841568757, 0.000239322151174, 0.000247188931098, 0.000172383690369, 6.61841695546e-005, 2.0428595235e-005, 5.32063177161e-006, 2.06498270927e-006, 8.61083037762e-007, 8.95427731962e-008, 2.95079405355e-010]
        dmean2: [7.24303049537e-007, 0.000136897622724, 0.000263004592853, 0.000271418364719, 0.000357249722583, 0.00025707288296, 0.000214127998333, 0.000154276058311, 0.000138156116009, 0.000101162360806, 8.70709263836e-005, 6.21283179498e-005, 8.70088479132e-005, 7.07269064151e-005, 0.000104876933619, 0.000167313875863, 0.000360377103789, 0.000377132149879, 0.000391082838178, 0.000282988155959, 0.000107323059638, 3.28032729158e-005, 8.18753323983e-006, 3.07951563627e-006, 1.22628978261e-006, 1.28786027176e-007, 5.05430197695e-010]
        dvar: [5.23738767199e-013, 2.38173498701e-008, 8.79290524836e-008, 1.05161333863e-007, 1.44015885439e-007, 1.00237059542e-007, 6.65652422072e-008, 5.64895401567e-008, 3.09231182882e-008, 1.45584815314e-008, 9.93550131057e-009, 9.11428177375e-009, 2.13914308489e-008, 1.71867977627e-008, 3.45012587388e-008, 2.77416667416e-008, 1.33173656991e-007, 1.98236847382e-007, 2.3552804862e-007, 5.2378371862e-008, 6.74663702682e-009, 1.29992505649e-009, 1.27967345054e-010, 2.30583607763e-011, 4.72917018046e-012, 4.16032530962e-014, 1.83592219968e-019]
        dvar2: [1.1982150298e-012, 6.07712493661e-008, 2.25351826089e-007, 2.8602630664e-007, 3.97496393134e-007, 2.66252811798e-007, 1.88286094271e-007, 1.45132673879e-007, 7.24698523413e-008, 3.52045326224e-008, 2.24332961096e-008, 2.11538768724e-008, 5.16313605203e-008, 3.93382642017e-008, 7.49073336692e-008, 7.15901151693e-008, 3.1801570799e-007, 4.44778947895e-007, 5.30065392468e-007, 1.34335550683e-007, 1.74570473632e-008, 3.19057713583e-009, 2.8684388198e-010, 5.34013111508e-011, 9.20848466923e-012, 8.27305820963e-014, 4.91724494469e-019]
        max: [8.53538676893e-006, 0.00121165649034, 0.00328949000686, 0.00296718790196, 0.00470046047121, 0.0051660691388, 0.00387060060166, 0.0037104152143, 0.00338021665812, 0.00379291852005, 0.00240487908013, 0.00308956508525, 0.00285898032598, 0.00290050311014, 0.00390425603837, 0.00621798029169, 0.00654516881332, 0.00854800455272, 0.0102887423709, 0.00390099058859, 0.00165917898994, 0.00105784938205, 0.000321907544276, 0.000148732186062, 0.000105632236227, 1.19596606964e-005, 4.72465000456e-009]
        mean: [8.45608440159e-007, 0.000106498402602, 0.000186370278243, 0.00017392342852, 0.000296053913189, 0.000197383444174, 0.000175881068571, 0.000107821535494, 0.000121357952594, 9.40075697144e-005, 8.44983005663e-005, 5.85820234846e-005, 7.72341882112e-005, 5.83947476116e-005, 9.99187541311e-005, 0.000195322019863, 0.000445179321105, 0.000465746008558, 0.000487732089823, 0.000407231942518, 0.000170890634763, 4.03304766223e-005, 1.00038305391e-005, 4.16216153099e-006, 1.75452271378e-006, 1.44676079117e-007, 3.22215421011e-010]
        median: [5.70121812871e-007, 4.7040557547e-005, 8.38423584355e-005, 6.79838849464e-005, 0.000180441347766, 9.83646750683e-005, 8.83399916347e-005, 3.32191229973e-005, 5.57653038413e-005, 4.79759182781e-005, 4.13112502429e-005, 2.6890400477e-005, 2.28581266128e-005, 2.66552342509e-005, 4.46487210866e-005, 0.000150855456013, 0.000317344616633, 0.000277316867141, 0.000308930932079, 0.000342856597854, 0.000153233748279, 2.23528422794e-005, 4.71755538456e-006, 1.65365190696e-006, 7.79279730523e-007, 5.42119877878e-008, 1.4002368709e-010]
        min: [4.8545045645e-025, 6.6920924413e-024, 4.07176669902e-024, 7.43067056356e-024, 1.46621143055e-023, 1.46906647594e-023, 2.03512482031e-023, 1.56678378067e-023, 2.08354178945e-023, 3.27019006598e-023, 8.8365713691e-024, 3.32756486625e-023, 3.30829141661e-023, 8.51437012538e-023, 4.57610164737e-023, 6.39071365449e-023, 1.11242438551e-022, 1.27774754314e-022, 1.22191348288e-022, 1.69066384666e-022, 3.58962079865e-022, 3.84553611155e-022, 5.31266290474e-022, 6.09101996923e-022, 1.01407294389e-021, 1.24019294253e-021, 2.12878828244e-021]
        var: [8.61993744612e-013, 2.66404178717e-008, 8.5679239703e-008, 9.40255375781e-008, 1.44526836721e-007, 1.12575101241e-007, 7.08172080977e-008, 7.13616117309e-008, 5.15113072197e-008, 2.67987125824e-008, 1.97129583768e-008, 1.36890871971e-008, 3.19589581466e-008, 1.97190352935e-008, 6.14836039858e-008, 4.77794230846e-008, 2.7749811693e-007, 4.72391320727e-007, 5.53894153654e-007, 1.22066225572e-007, 1.8497708254e-008, 3.10743919485e-009, 3.07038061642e-010, 5.91016194318e-011, 1.37876394329e-011, 9.41185673777e-014, 2.34463439899e-019]
    frequency_bands:
        dmean: [4.78114088764e-007, 8.40984212118e-005, 0.000158550654305, 0.000159529445227, 0.000210778787732, 0.000151265121531, 0.000125503152958, 9.12187097128e-005, 8.59718275024e-005, 6.07871734246e-005, 5.51867451577e-005, 3.97793992306e-005, 5.3750591178e-005, 4.42820091848e-005, 6.53458409943e-005, 0.000100741548522, 0.000222841568757, 0.000239322151174, 0.000247188931098, 0.000172383690369, 6.61841695546e-005, 2.0428595235e-005, 5.32063177161e-006, 2.06498270927e-006, 8.61083037762e-007, 8.95427731962e-008, 2.95079405355e-010, 4.75814804224e-011]
        dmean2: [7.24303049537e-007, 0.000136897622724, 0.000263004592853, 0.000271418364719, 0.000357249722583, 0.00025707288296, 0.000214127998333, 0.000154276058311, 0.000138156116009, 0.000101162360806, 8.70709263836e-005, 6.21283179498e-005, 8.70088479132e-005, 7.07269064151e-005, 0.000104876933619, 0.000167313875863, 0.000360377103789, 0.000377132149879, 0.000391082838178, 0.000282988155959, 0.000107323059638, 3.28032729158e-005, 8.18753323983e-006, 3.07951563627e-006, 1.22628978261e-006, 1.28786027176e-007, 5.05430197695e-010, 8.83755429948e-011]
        dvar: [5.23738767199e-013, 2.38173498701e-008, 8.79290524836e-008, 1.05161333863e-007, 1.44015885439e-007, 1.00237059542e-007, 6.65652422072e-008, 5.64895401567e-008, 3.09231182882e-008, 1.45584815314e-008, 9.93550131057e-009, 9.11428177375e-009, 2.13914308489e-008, 1.71867977627e-008, 3.45012587388e-008, 2.77416667416e-008, 1.33173656991e-007, 1.98236847382e-007, 2.3552804862e-007, 5.2378371862e-008, 6.74663702682e-009, 1.29992505649e-009, 1.27967345054e-010, 2.30583607763e-011, 4.72917018046e-012, 4.16032530962e-014, 1.83592219968e-019, 5.68746770972e-021]
        dvar2: [1.1982150298e-012, 6.07712493661e-008, 2.25351826089e-007, 2.8602630664e-007, 3.97496393134e-007, 2.66252811798e-007, 1.88286094271e-007, 1.45132673879e-007, 7.24698523413e-008, 3.52045326224e-008, 2.24332961096e-008, 2.11538768724e-008, 5.16313605203e-008, 3.93382642017e-008, 7.49073336692e-008, 7.15901151693e-008, 3.1801570799e-007, 4.44778947895e-007, 5.30065392468e-007, 1.34335550683e-007, 1.74570473632e-008, 3.19057713583e-009, 2.8684388198e-010, 5.34013111508e-011, 9.20848466923e-012, 8.27305820963e-014, 4.91724494469e-019, 1.79680899673e-020]
        max: [8.53538676893e-006, 0.00121165649034, 0.00328949000686, 0.00296718790196, 0.00470046047121, 0.0051660691388, 0.00387060060166, 0.0037104152143, 0.00338021665812, 0.00379291852005, 0.00240487908013, 0.00308956508525, 0.00285898032598, 0.00290050311014, 0.00390425603837, 0.00621798029169, 0.00654516881332, 0.00854800455272, 0.0102887423709, 0.00390099058859, 0.00165917898994, 0.00105784938205, 0.000321907544276, 0.000148732186062, 0.000105632236227, 1.19596606964e-005, 4.72465000456e-009, 9.59079149432e-010]
        mean: [8.45608440159e-007, 0.000106498402602, 0.000186370278243, 0.00017392342852, 0.000296053913189, 0.000197383444174, 0.000175881068571, 0.000107821535494, 0.000121357952594, 9.40075697144e-005, 8.44983005663e-005, 5.85820234846e-005, 7.72341882112e-005, 5.83947476116e-005, 9.99187541311e-005, 0.000195322019863, 0.000445179321105, 0.000465746008558, 0.000487732089823, 0.000407231942518, 0.000170890634763, 4.03304766223e-005, 1.00038305391e-005, 4.16216153099e-006, 1.75452271378e-006, 1.44676079117e-007, 3.22215421011e-010, 3.68565247766e-011]
        median: [5.70121812871e-007, 4.7040557547e-005, 8.38423584355e-005, 6.79838849464e-005, 0.000180441347766, 9.83646750683e-005, 8.83399916347e-005, 3.32191229973e-005, 5.57653038413e-005, 4.79759182781e-005, 4.13112502429e-005, 2.6890400477e-005, 2.28581266128e-005, 2.66552342509e-005, 4.46487210866e-005, 0.000150855456013, 0.000317344616633, 0.000277316867141, 0.000308930932079, 0.000342856597854, 0.000153233748279, 2.23528422794e-005, 4.71755538456e-006, 1.65365190696e-006, 7.79279730523e-007, 5.42119877878e-008, 1.4002368709e-010, 1.23746221603e-011]
        min: [4.8545045645e-025, 6.6920924413e-024, 4.07176669902e-024, 7.43067056356e-024, 1.46621143055e-023, 1.46906647594e-023, 2.03512482031e-023, 1.56678378067e-023, 2.08354178945e-023, 3.27019006598e-023, 8.8365713691e-024, 3.32756486625e-023, 3.30829141661e-023, 8.51437012538e-023, 4.57610164737e-023, 6.39071365449e-023, 1.11242438551e-022, 1.27774754314e-022, 1.22191348288e-022, 1.69066384666e-022, 3.58962079865e-022, 3.84553611155e-022, 5.31266290474e-022, 6.09101996923e-022, 1.01407294389e-021, 1.24019294253e-021, 2.12878828244e-021, 5.21478508258e-022]
        var: [8.61993744612e-013, 2.66404178717e-008, 8.5679239703e-008, 9.40255375781e-008, 1.44526836721e-007, 1.12575101241e-007, 7.08172080977e-008, 7.13616117309e-008, 5.15113072197e-008, 2.67987125824e-008, 1.97129583768e-008, 1.36890871971e-008, 3.19589581466e-008, 1.97190352935e-008, 6.14836039858e-008, 4.77794230846e-008, 2.7749811693e-007, 4.72391320727e-007, 5.53894153654e-007, 1.22066225572e-007, 1.8497708254e-008, 3.10743919485e-009, 3.07038061642e-010, 5.91016194318e-011, 1.37876394329e-011, 9.41185673777e-014, 2.34463439899e-019, 4.46980291808e-021]
    mfcc:
        mean: [-715.165771484, 101.340248108, -53.058429718, 63.5468978882, -12.682808876, -10.1827545166, 0.793465912342, -0.601277112961, 1.94891417027, -6.50130414963, -7.5012087822, -0.188459411263, -1.55241465569]
        cov: [[3927.09179688, -615.420471191, 72.050743103, 461.27432251, -47.6193199158, 99.6296539307, -217.450576782, 90.9014205933, -8.62011623383, 43.0442581177, 10.2228889465, 40.1706008911, -10.1765775681], [-615.420471191, 819.216247559, -250.988220215, 81.5824279785, -17.3852767944, -27.0832004547, 109.488670349, -35.0706367493, 38.1949424744, -40.1586456299, -4.27501344681, -4.00179862976, -11.6206645966], [72.050743103, -250.988220215, 446.358703613, -47.0832633972, 54.1526298523, 62.2527084351, -49.6065711975, 26.4439964294, -9.68552017212, 29.3474845886, -12.3699150085, -18.6093635559, -3.25648331642], [461.27432251, 81.5824279785, -47.0832633972, 323.141143799, 50.6892471313, 29.1741008759, -17.0785255432, -8.74463176727, 64.3209152222, 1.00260770321, -17.3282470703, 9.12033462524, -13.6673116684], [-47.6193199158, -17.3852767944, 54.1526298523, 50.6892471313, 146.885299683, 51.4025230408, 5.8306593895, -16.0609931946, -2.60339069366, 12.3878679276, 12.2328519821, -0.363485068083, -15.7464504242], [99.6296539307, -27.0832004547, 62.2527084351, 29.1741008759, 51.4025230408, 97.0088653564, 12.3630056381, 15.5443277359, -13.3046398163, 7.76215648651, 13.8304986954, -1.80280256271, -6.65483474731], [-217.450576782, 109.488670349, -49.6065711975, -17.0785255432, 5.8306593895, 12.3630056381, 113.653961182, 29.5670776367, 6.58638429642, -14.4272851944, -0.403610080481, 6.82729721069, 4.28203010559], [90.9014205933, -35.0706367493, 26.4439964294, -8.74463176727, -16.0609931946, 15.5443277359, 29.5670776367, 95.9175949097, 16.3083400726, 6.58062696457, -6.87200403214, -4.20689630508, 9.08745956421], [-8.62011623383, 38.1949424744, -9.68552017212, 64.3209152222, -2.60339069366, -13.3046398163, 6.58638429642, 16.3083400726, 91.9511184692, 15.7543926239, -22.5351886749, -1.17273163795, 3.2314043045], [43.0442581177, -40.1586456299, 29.3474845886, 1.00260770321, 12.3878679276, 7.76215648651, -14.4272851944, 6.58062696457, 15.7543926239, 55.9253234863, 19.7951374054, 0.439576417208, -4.08633327484], [10.2228889465, -4.27501344681, -12.3699150085, -17.3282470703, 12.2328519821, 13.8304986954, -0.403610080481, -6.87200403214, -22.5351886749, 19.7951374054, 69.4027862549, 21.7901744843, -0.826921463013], [40.1706008911, -4.00179862976, -18.6093635559, 9.12033462524, -0.363485068083, -1.80280256271, 6.82729721069, -4.20689630508, -1.17273163795, 0.439576417208, 21.7901744843, 55.0993118286, 21.4034061432], [-10.1765775681, -11.6206645966, -3.25648331642, -13.6673116684, -15.7464504242, -6.65483474731, 4.28203010559, 9.08745956421, 3.2314043045, -4.08633327484, -0.826921463013, 21.4034061432, 53.4482650757]]
        icov: [[0.000484147749376, 0.000342867802829, 0.000130419211928, -0.000884550798219, 0.000541852554306, -0.000394966104068, 0.000656427175272, -0.000618363090325, 0.000576357298996, -0.00015435887326, 2.16156731767e-005, -0.000350375077687, 0.000205484946491], [0.000342867802829, 0.00205843150616, 0.000730299565475, -0.00101022992749, 0.000647404929623, -0.000211562524782, -0.00129221228417, 0.000649612746201, -0.000309748924337, 0.000613341573626, -0.000525515293702, 0.000612429284956, 0.000268701522145], [0.000130419211928, 0.000730299565475, 0.00339123047888, 0.000591840071138, -0.000794068735559, -0.00207347003743, 0.00147910835221, -0.000795709725935, -0.000126443832414, -0.000902377068996, 0.00143416156061, 0.000136254049721, -2.74661797448e-005], [-0.000884550798219, -0.00101022992749, 0.000591840071138, 0.00635138619691, -0.0023823636584, -0.00155361392535, 0.00100471579935, 0.00103585573379, -0.00460353074595, 0.00139073492028, 0.00114932539873, -0.00137188250665, 0.00107199640479], [0.000541852554306, 0.000647404929623, -0.000794068735559, -0.0023823636584, 0.0104317702353, -0.00445081153885, -0.00124472565949, 0.0023301828187, 0.000739126873668, -0.00162056041881, -0.000666884589009, -0.000363987463061, 0.00177588721272], [-0.000394966104068, -0.000211562524782, -0.00207347003743, -0.00155361392535, -0.00445081153885, 0.0164764579386, -0.00298821763135, -0.00238350383006, 0.00321971531957, -0.000447849539341, -0.00287253549322, 0.00184058782179, -0.000270337564871], [0.000656427175272, -0.00129221228417, 0.00147910835221, 0.00100471579935, -0.00124472565949, -0.00298821763135, 0.014621892944, -0.00588636891916, -0.000901752267964, 0.00309718609788, 0.000485381111503, -0.00317282206379, 0.000851057702675], [-0.000618363090325, 0.000649612746201, -0.000795709725935, 0.00103585573379, 0.0023301828187, -0.00238350383006, -0.00588636891916, 0.0151810087264, -0.00322280009277, -0.00155255408026, 0.000312584947096, 0.00266119930893, -0.00246460712515], [0.000576357298996, -0.000309748924337, -0.000126443832414, -0.00460353074595, 0.000739126873668, 0.00321971531957, -0.000901752267964, -0.00322280009277, 0.0184649992734, -0.00854896940291, 0.00651566730812, -0.00148274004459, -0.000979045638815], [-0.00015435887326, 0.000613341573626, -0.000902377068996, 0.00139073492028, -0.00162056041881, -0.000447849539341, 0.00309718609788, -0.00155255408026, -0.00854896940291, 0.0265241414309, -0.0105851357803, 0.00237542740069, 0.00131697545294], [2.16156731767e-005, -0.000525515293702, 0.00143416156061, 0.00114932539873, -0.000666884589009, -0.00287253549322, 0.000485381111503, 0.000312584947096, 0.00651566730812, -0.0105851357803, 0.0240486767143, -0.0103184357285, 0.0029258611612], [-0.000350375077687, 0.000612429284956, 0.000136254049721, -0.00137188250665, -0.000363987463061, 0.00184058782179, -0.00317282206379, 0.00266119930893, -0.00148274004459, 0.00237542740069, -0.0103184357285, 0.0278288163245, -0.0113848596811], [0.000205484946491, 0.000268701522145, -2.74661797448e-005, 0.00107199640479, 0.00177588721272, -0.000270337564871, 0.000851057702675, -0.00246460712515, -0.000979045638815, 0.00131697545294, 0.0029258611612, -0.0113848596811, 0.0246842931956]]
    sccoeffs:
        dmean: [0.0501391068101, 0.0484487339854, 0.0386718772352, 0.0298234615475, 0.0200098790228, 0.022138601169]
        dmean2: [0.0805157497525, 0.0797949805856, 0.0639871433377, 0.0492659695446, 0.0327907465398, 0.0342627465725]
        dvar: [0.00166374782566, 0.00151956267655, 0.00094364938559, 0.000560172367841, 0.000265952985501, 0.000410660402849]
        dvar2: [0.00423690583557, 0.00415553105995, 0.00247237994336, 0.00145227031317, 0.000694386602845, 0.0009018004057]
        max: [-0.410565018654, -0.508864820004, -0.536459743977, -0.601286768913, -0.617940366268, -0.532021999359]
        mean: [-0.704821109772, -0.766209304333, -0.795192778111, -0.797227621078, -0.79907220602, -0.726215302944]
        median: [-0.710105001926, -0.77146333456, -0.802736639977, -0.801726937294, -0.803001880646, -0.730671644211]
        min: [-0.980134546757, -0.98610752821, -0.997321665287, -0.986851513386, -0.989106357098, -0.962071955204]
        var: [0.00460591958836, 0.00372593500651, 0.00263068149798, 0.00158441346139, 0.000940169848036, 0.00197591702454]
    scvalleys:
        dmean: [0.373085588217, 0.401021808386, 0.323540627956, 0.267980992794, 0.210036531091, 0.374040782452]
        dmean2: [0.604047298431, 0.66266065836, 0.511531114578, 0.423931658268, 0.31808245182, 0.503285944462]
        dvar: [0.124826103449, 0.164350733161, 0.0930474624038, 0.0726900026202, 0.0665340796113, 0.205953329802]
        dvar2: [0.263896644115, 0.396513223648, 0.187859043479, 0.141062945127, 0.121693126857, 0.357509285212]
        max: [-5.10127449036, -4.24390792847, -5.37037467957, -5.92518854141, -5.65114068985, -7.4051451683]
        mean: [-6.77191781998, -6.66185474396, -7.06083297729, -7.31866312027, -6.77980518341, -10.0505475998]
        median: [-6.54913759232, -6.59260463715, -6.98045730591, -7.2353105545, -6.54255342484, -9.78974914551]
        min: [-27.7426071167, -28.224199295, -27.8837013245, -27.5659885406, -27.3542900085, -27.3779258728]
        var: [1.19474709034, 0.919025659561, 0.817992329597, 0.794422090054, 1.03663146496, 1.55388319492]

rhythm:
    beats_loudness:
        dmean: 0.00222938903607
        dmean2: 0.0039142020978
        dvar: 3.06661718241e-006
        dvar2: 8.92750176718e-006
        max: 0.0146910296753
        mean: 0.00698917219415
        median: 0.00689542805776
        min: 0.000111216177174
        var: 7.25602967577e-006
    bpm: 107.225479126
    bpm_confidence: 0
    first_peak_bpm: 108
    first_peak_spread: 0.304469287395
    first_peak_weight: 0.676630437374
    onset_rate: 3.79050922394
    second_peak_bpm: 103
    second_peak_spread: 0.500000059605
    second_peak_weight: 0.0135869560763
    beats_loudness_band_ratio:
        dmean: [0.202273324132, 0.0762583613396, 0.094955816865, 0.0493775717914, 0.0971040502191, 0.0903157219291]
        dmean2: [0.39112624526, 0.141003057361, 0.182889595628, 0.0889718979597, 0.166760534048, 0.164131060243]
        dvar: [0.0191548336297, 0.00511759892106, 0.00443450640887, 0.00255493470468, 0.00714918971062, 0.005390281789]
        dvar2: [0.0641663223505, 0.0156137272716, 0.0136800147593, 0.00715747056529, 0.0201308764517, 0.0160031821579]
        max: [0.778159379959, 0.487935900688, 0.699615359306, 0.409528046846, 0.648641884327, 0.646049797535]
        mean: [0.300419569016, 0.113821253181, 0.109426118433, 0.0764530748129, 0.228525370359, 0.203744366765]
        median: [0.289403259754, 0.0853275284171, 0.0931811258197, 0.059473618865, 0.209904283285, 0.196426436305]
        min: [0.000502943701576, 0.00416652625427, 0.0147036733106, 0.00972098112106, 0.0466813072562, 0.027211137116]
        var: [0.0282067731023, 0.00745953992009, 0.00695570139214, 0.0031775184907, 0.0116010569036, 0.00891516823322]
    beats_position: [0.580498874187, 1.16099774837, 1.74149656296, 2.32199549675, 2.91410422325, 3.50621318817, 4.1099319458, 4.69043064117, 5.25931978226, 5.8282084465, 6.39709758759, 6.97759628296, 7.56970500946, 8.16181373596, 8.73070240021, 9.29959201813, 9.86848068237, 10.4257593155, 10.9946479797, 11.5635375977, 12.1208162308, 12.6780948639, 13.235373497, 13.7926530838, 14.361541748, 14.9188203812, 15.4877090454, 16.0449886322, 16.602268219, 17.1595458984, 17.7168254852, 18.2857131958, 18.8546028137, 19.4118824005, 19.96916008, 20.5264396667, 21.0837192535, 21.640996933, 22.1982765198, 22.7671642303, 23.3360538483, 23.8933334351, 24.4506111145, 25.0078907013, 25.5651702881, 26.1340579987, 26.6913375854, 27.2602272034, 27.8175048828, 28.3747844696, 28.932062149, 29.4893417358, 30.0466213226, 30.6038990021, 31.1611785889, 31.7300682068, 32.2989578247, 32.8562355042, 33.4135131836, 33.9707946777, 34.5280723572, 35.0969619751, 35.6658477783, 36.2231292725, 36.7804069519, 37.3492965698, 37.9181861877, 38.4754638672, 39.0327415466, 39.5900230408, 40.1473007202, 40.7161903381, 41.2734680176, 41.8423576355, 42.3996353149, 42.9569168091, 43.5141944885, 44.0830841064, 44.6519737244, 45.2092514038, 45.7665290833, 46.3354187012, 46.9043083191, 47.4615859985, 48.018863678, 48.5761451721, 49.1334228516, 49.690700531, 50.2595901489, 50.8168716431, 51.3857574463, 51.9430389404, 52.5003166199, 53.0575942993, 53.6264839172, 54.1837615967, 54.7526512146, 55.3099327087, 55.878818512, 56.4361000061, 57.0049858093, 57.5622673035, 58.1195449829, 58.6768226624, 59.2341041565, 59.7913818359, 60.3486595154, 60.9059410095, 61.4748306274, 62.0437164307, 62.6009979248, 63.1582756042, 63.7155532837, 64.2728347778, 64.8301086426, 65.3990020752, 65.9678878784, 66.5251693726, 67.0824508667, 67.6397247314, 68.1970062256, 68.7658920288, 69.3347854614, 69.8920593262, 70.4377288818, 70.995010376, 71.5522918701, 72.1211776733, 72.6784591675, 73.2357330322, 73.7930145264, 74.3619003296, 74.9307937622, 75.488067627, 76.0453491211, 76.6142425537, 77.1831283569, 77.7404098511, 78.2976837158, 78.85496521, 79.4122467041, 79.9811325073, 80.5384140015, 81.1072998047, 81.6645812988, 82.2218551636, 82.7791366577, 83.3364181519, 83.8936920166, 84.4625854492, 85.019859314, 85.5887527466, 86.1460266113, 86.7033081055, 87.2605895996, 87.8294754028, 88.3983688354, 88.9556427002, 89.5129241943, 90.0818099976, 90.6390914917, 91.1963729858, 91.7536468506, 92.3109283447, 92.8682098389, 93.4370956421, 94.0059814453, 94.5632629395, 95.1205444336, 95.6894302368, 96.246711731, 96.8039855957, 97.3612670898, 97.9301605225, 98.4874343872, 99.0563278198, 99.6136016846, 100.170883179, 100.728164673, 101.285438538, 101.842720032, 102.400001526, 102.957275391, 103.514556885, 104.071838379, 104.629112244, 105.186393738, 105.743675232, 106.300949097, 106.858230591, 107.415504456, 107.961174011, 108.518455505, 109.075737, 109.621406555, 110.17868042, 110.735961914, 111.293243408, 111.850517273, 112.407798767, 112.965080261, 113.522354126, 114.07963562, 114.636917114, 115.194190979, 115.739860535, 116.28553009, 116.854415894, 117.423309326, 117.98059082, 118.537864685, 119.095146179, 119.652427673, 120.1980896, 120.755371094, 121.301040649, 121.858322144, 122.415596008, 122.972877502, 123.530158997, 124.087432861, 124.644714355, 125.190383911, 125.736053467, 126.293327332, 126.850608826, 127.40789032, 127.965164185, 128.522445679, 129.079727173, 129.637008667, 130.194290161, 130.739959717, 131.297225952, 131.854507446, 132.400177002, 132.957458496, 133.51473999, 134.083618164, 134.652511597, 135.209793091, 135.755462646, 136.301132202, 136.870025635, 137.438903809, 137.996185303, 138.553466797, 139.110748291, 139.668029785, 140.236907959, 140.794189453, 141.363082886, 141.92036438, 142.477645874, 143.034912109, 143.592193604, 144.149475098, 144.71836853, 145.287246704, 145.844528198, 146.401809692, 146.959091187, 147.516372681, 148.073654175, 148.63092041, 149.199813843, 149.768707275, 150.32598877, 150.883255005, 151.452148438, 152.009429932, 152.578323364, 153.135604858, 153.692871094, 154.250152588, 154.819046021, 155.387939453, 155.945205688, 156.502487183, 157.059768677, 157.617050171, 158.174331665, 158.731613159, 159.300491333, 159.857772827, 160.42666626, 160.983947754, 161.541213989, 162.098495483, 162.667388916, 163.22467041, 163.793563843, 164.350830078, 164.908111572, 165.465393066, 166.022674561, 166.579956055, 167.148834229, 167.706115723, 168.275009155, 168.843902588, 169.412780762, 169.981674194, 170.550567627, 171.084625244, 171.641906738, 172.199172974, 172.768066406, 173.336959839, 173.894241333, 174.451522827, 175.008789063, 175.566070557, 176.123352051, 176.680633545, 177.226303101, 177.783584595, 178.32925415, 178.886520386, 179.44380188, 180.001083374, 180.558364868, 181.115646362, 181.661315918, 182.206985474, 182.764266968, 183.321533203, 183.878814697, 184.436096191, 184.993377686, 185.55065918, 186.107940674, 186.665206909, 187.222488403, 187.779769897, 188.337051392, 188.894332886, 189.451599121, 190.008880615, 190.566162109, 191.123443604, 191.680725098, 192.226394653, 192.783676147, 193.340942383, 193.886611938, 194.443893433, 195.001174927, 195.558456421, 196.115737915, 196.673019409, 197.218673706, 197.764343262, 198.321624756, 198.87890625, 199.436187744, 199.993469238, 200.550750732, 201.108016968, 201.665298462, 202.222579956, 202.77986145, 203.337142944, 203.894424438, 204.451690674, 205.020584106, 205.577865601, 206.135147095, 206.704025269]
