
metadata:
    version:
        essentia: "2.1-beta2"
    audio_properties:
        analysis_sample_rate: 44100
        bitrate: 128
        channels: 2
        equal_loudness: 1
        length: 256.287353516
        replay_gain: -12.2146263123
        downmix: "mix"
    tags:
        album: "Le bien-être et la paix"
        artist: "Mass Hysteria"
        comment: ""
        date: "1997"
        genre: "Metal"
        title: "L'homme qui en savait trop rien"
        tracknumber: "1"

configuration:
    average_loudness:
        compute: 1
        frameSize: 88200
        hopSize: 44100
        silentFrames: "noise"
        windowType: "hann"
    general:
        analysisSampleRate: 44100
        endTime: 2000
        equalLoudness: 1
        nequalLoudness: 0
        shortSound: 0
        startTime: 0
    lowlevel:
        compute: 1
        frameSize: 2048
        hopSize: 1024
        zeroPadding: 0
        silentFrames: "noise"
        windowType: "blackmanharris62"
        mfccStats: ["mean", "cov", "icov"]
        stats: ["mean", "var", "median", "min", "max", "dmean", "dmean2", "dvar", "dvar2"]
    panning:
        compute: 0
        frameSize: 8192
        hopSize: 2048
        zeroPadding: 8192
        silentFrames: "noise"
        windowType: "hann"
        stats: ["copy"]
    rhythm:
        compute: 1
        maxTempo: 208
        minTempo: 40
        method: "degara"
        stats: ["mean", "var", "median", "min", "max", "dmean", "dmean2", "dvar", "dvar2"]
    segmentation:
        compute: 0
        cpw: 5
        inc1: 300
        inc2: 50
        minimumSegmentsLength: 10
        size1: 1000
        size2: 600
    sfx:
        compute: 1
        stats: ["mean", "var", "median", "min", "max", "dmean", "dmean2", "dvar", "dvar2"]
    svm:
        compute: 0
    tonal:
        compute: 1
        frameSize: 4096
        hopSize: 2048
        zeroPadding: 0
        silentFrames: "noise"
        windowType: "blackmanharris62"
        stats: ["mean", "var", "median", "min", "max", "dmean", "dmean2", "dvar", "dvar2"]

lowlevel:
    average_loudness: 0.861228644848
    barkbands_kurtosis:
        dmean: 1.2441239357
        dmean2: 1.88985526562
        dvar: 11.723400116
        dvar2: 22.6065158844
        max: 165.007904053
        mean: 0.15920843184
        median: -0.871837317944
        min: -1.91844046116
        var: 22.5101451874
    barkbands_skewness:
        dmean: 0.453374087811
        dmean2: 0.673151493073
        dvar: 0.221783712506
        dvar2: 0.443465024233
        max: 7.11084747314
        mean: -0.257403820753
        median: -0.527296066284
        min: -2.94108080864
        var: 1.19792544842
    barkbands_spread:
        dmean: 6.52708959579
        dmean2: 10.1910161972
        dvar: 34.4478149414
        dvar2: 81.8000869751
        max: 77.4016494751
        mean: 32.8699264526
        median: 33.9381752014
        min: 0.0851522982121
        var: 135.943954468
    dissonance:
        dmean: 0.012280061841
        dmean2: 0.0205751974136
        dvar: 0.000397776981117
        dvar2: 0.00100943725556
        max: 0.5
        mean: 0.479146629572
        median: 0.487643629313
        min: 0.139336660504
        var: 0.000948075205088
    hfc:
        dmean: 2.68729710579
        dmean2: 4.21902418137
        dvar: 17.6061191559
        dvar2: 42.0886001587
        max: 54.703666687
        mean: 8.53539276123
        median: 8.16617107391
        min: 1.15571054678e-016
        var: 44.8174247742
    pitch:
        dmean: 946.016845703
        dmean2: 1806.4510498
        dvar: 1822525.5
        dvar2: 4248933.5
        max: 4890.25341797
        mean: 1891.31140137
        median: 1162.3302002
        min: 64.9009628296
        var: 2652997
    pitch_instantaneous_confidence:
        dmean: 0.0783479586244
        dmean2: 0.127666130662
        dvar: 0.00437476392835
        dvar2: 0.0105742141604
        max: 0.969013869762
        mean: 0.371555328369
        median: 0.339450418949
        min: 0.0978055000305
        var: 0.0196225047112
    pitch_salience:
        dmean: 0.0578025914729
        dmean2: 0.0937217772007
        dvar: 0.00274324091151
        dvar2: 0.00675981445238
        max: 0.972411751747
        mean: 0.66205149889
        median: 0.688080191612
        min: 0.0425339564681
        var: 0.0115217426792
    silence_rate_20dB:
        dmean: 0
        dmean2: 0
        dvar: 0
        dvar2: 0
        max: 1
        mean: 1
        median: 1
        min: 1
        var: 0
    silence_rate_30dB:
        dmean: 0
        dmean2: 0
        dvar: 0
        dvar2: 0
        max: 1
        mean: 1
        median: 1
        min: 1
        var: 0
    silence_rate_60dB:
        dmean: 0.0849791616201
        dmean2: 0.169973731041
        dvar: 0.0777507796884
        dvar2: 0.165743485093
        max: 1
        mean: 0.359724611044
        median: 0
        min: 0
        var: 0.230312809348
    spectral_centroid:
        dmean: 269.058685303
        dmean2: 413.213317871
        dvar: 76516.3203125
        dvar2: 163578.8125
        max: 11296.3193359
        mean: 1942.58178711
        median: 2083.27832031
        min: 173.169158936
        var: 503508.875
    spectral_complexity:
        dmean: 4.11451339722
        dmean2: 6.39612197876
        dvar: 21.8460140228
        dvar2: 46.6926231384
        max: 52
        mean: 16.6920909882
        median: 18
        min: 0
        var: 114.632995605
    spectral_crest:
        dmean: 1.74860656261
        dmean2: 2.84140276909
        dvar: 3.3689031601
        dvar2: 7.75398397446
        max: 26.4570732117
        mean: 6.70844221115
        median: 5.57258844376
        min: 2.46809673309
        var: 11.9520606995
    spectral_decrease:
        dmean: 2.81342893427e-010
        dmean2: 4.34111691039e-010
        dvar: 1.63717086101e-019
        dvar2: 3.85777495553e-019
        max: 2.74969808911e-028
        mean: -8.91189233521e-010
        median: -8.31023194703e-010
        min: -4.69100802647e-009
        var: 4.05683441897e-019
    spectral_energy:
        dmean: 0.00127983780112
        dmean2: 0.00197472749278
        dvar: 3.51375410901e-006
        dvar2: 8.2964397734e-006
        max: 0.0217879135162
        mean: 0.00413773581386
        median: 0.00389509974048
        min: 1.05575250701e-020
        var: 8.79778417584e-006
    spectral_energyband_high:
        dmean: 0.000198112727958
        dmean2: 0.000327346788254
        dvar: 1.18477487376e-007
        dvar2: 3.0565479392e-007
        max: 0.00480986200273
        mean: 0.00045018849778
        median: 0.000388690736145
        min: 7.91608372701e-021
        var: 1.92460191784e-007
    spectral_energyband_low:
        dmean: 0.00031136997859
        dmean2: 0.000510019424837
        dvar: 2.5368143497e-007
        dvar2: 6.45342652206e-007
        max: 0.00623093172908
        mean: 0.000414292648202
        median: 0.000240789959207
        min: 3.08021058744e-023
        var: 2.89284344035e-007
    spectral_energyband_middle_high:
        dmean: 0.000699333671946
        dmean2: 0.00109201553278
        dvar: 9.34260413032e-007
        dvar2: 2.15206227949e-006
        max: 0.0127165401354
        mean: 0.00230401451699
        median: 0.00217902217992
        min: 1.19933999457e-021
        var: 3.2928805922e-006
    spectral_energyband_middle_low:
        dmean: 0.000553506426513
        dmean2: 0.000895501580089
        dvar: 7.44941814901e-007
        dvar2: 1.90145112811e-006
        max: 0.009511529468
        mean: 0.00109433149919
        median: 0.000778228917625
        min: 1.94371805571e-022
        var: 1.16883165902e-006
    spectral_flatness_db:
        dmean: 0.016431896016
        dmean2: 0.0246916823089
        dvar: 0.000280568114249
        dvar2: 0.000549427757505
        max: 0.588764607906
        mean: 0.156236082315
        median: 0.142669856548
        min: 0.0595343969762
        var: 0.00345505028963
    spectral_flux:
        dmean: 0.00721356412396
        dmean2: 0.0104878460988
        dvar: 7.51766056055e-005
        dvar2: 0.000133194713271
        max: 0.1092742607
        mean: 0.0388029925525
        median: 0.0394233800471
        min: 6.78035266821e-011
        var: 0.000372994050849
    spectral_kurtosis:
        dmean: 2.18583083153
        dmean2: 3.47126364708
        dvar: 38.9403953552
        dvar2: 90.4155044556
        max: 253.571395874
        mean: 7.25789690018
        median: 3.32857465744
        min: -1.22156393528
        var: 425.839172363
    spectral_rms:
        dmean: 0.000277754093986
        dmean2: 0.000416687020333
        dvar: 1.10405800058e-007
        dvar2: 2.50640624699e-007
        max: 0.00461047748104
        mean: 0.00184480729513
        median: 0.00194938387722
        min: 3.20936506537e-012
        var: 6.33500178537e-007
    spectral_rolloff:
        dmean: 327.329711914
        dmean2: 531.384033203
        dvar: 259824.859375
        dvar2: 509105.40625
        max: 19099.9511719
        mean: 3398.61767578
        median: 3682.17773438
        min: 129.19921875
        var: 1221868.625
    spectral_skewness:
        dmean: 0.222223103046
        dmean2: 0.354372859001
        dvar: 0.106603257358
        dvar2: 0.241445437074
        max: 13.5805473328
        mean: 1.42391574383
        median: 1.15623152256
        min: -0.0649281293154
        var: 1.89289176464
    spectral_spread:
        dmean: 485139.5625
        dmean2: 680277.9375
        dvar: 409239060480
        dvar2: 788213006336
        max: 41645232
        mean: 4168110.5
        median: 3915476.25
        min: 376161.71875
        var: 3.44147178291e+012
    spectral_strongpeak:
        dmean: 0.516017615795
        dmean2: 0.898487329483
        dvar: 0.563489317894
        dvar2: 1.45650160313
        max: 9.66199398041
        mean: 0.622155487537
        median: 0.206430256367
        min: 6.76093292462e-010
        var: 0.787190318108
    zerocrossingrate:
        dmean: 0.00807659141719
        dmean2: 0.00946753285825
        dvar: 7.62131166994e-005
        dvar2: 8.13219885458e-005
        max: 0.51611328125
        mean: 0.106385469437
        median: 0.11376953125
        min: 0.00830078125
        var: 0.00109376828186
    barkbands:
        dmean: [5.01199906466e-007, 0.000106782870716, 0.000180406932486, 0.000187572804862, 0.000233530052355, 0.000112031419121, 6.13889569649e-005, 0.000123543228256, 8.54692189023e-005, 5.53542085981e-005, 4.49037033832e-005, 5.20162357134e-005, 5.71919918002e-005, 5.26182666363e-005, 6.46920161671e-005, 0.000110805078293, 0.000195950895431, 0.000213980732951, 0.000246473908192, 0.000193694053451, 9.41450343817e-005, 2.52418103628e-005, 4.83148596686e-006, 1.49086372403e-006, 7.0954547482e-007, 5.39235394115e-008, 2.69484767834e-010]
        dmean2: [8.06086745797e-007, 0.000179668990313, 0.000310420320602, 0.000325124332448, 0.000393986469135, 0.000185468568816, 0.000104192324216, 0.000197587214643, 0.000138132556458, 9.07485227799e-005, 7.33554988983e-005, 8.56199330883e-005, 9.48841552599e-005, 8.52077064337e-005, 0.00010534752073, 0.00018434615049, 0.00032598307007, 0.000345617707353, 0.000407818472013, 0.000324328255374, 0.000156182810315, 4.17658084189e-005, 7.74430645833e-006, 2.28332169172e-006, 1.03148659036e-006, 7.51866551241e-008, 4.66668870214e-010]
        dvar: [7.0016242153e-013, 3.20731992076e-008, 1.04909368304e-007, 1.36995708999e-007, 1.5152704691e-007, 5.06417130453e-008, 2.23020002466e-008, 6.47610391979e-008, 4.00731110517e-008, 1.64731392971e-008, 6.99357771694e-009, 9.84718440122e-009, 1.94395948228e-008, 1.32926105678e-008, 1.83668937837e-008, 2.27190621871e-008, 6.17527362579e-008, 1.13820128433e-007, 1.52397959141e-007, 8.3495791614e-008, 3.34237313382e-008, 3.04714364852e-009, 7.81739881162e-011, 8.48387506081e-012, 2.96899202272e-012, 1.42100339403e-014, 1.86875506615e-019]
        dvar2: [1.7689401376e-012, 8.34810904848e-008, 2.78927785757e-007, 3.76435650651e-007, 4.13894923668e-007, 1.29686981154e-007, 5.82702561758e-008, 1.55982959882e-007, 9.424836378e-008, 4.03113666891e-008, 1.6667700109e-008, 2.47323619362e-008, 5.26047898575e-008, 3.07296126323e-008, 4.67848515484e-008, 5.95237601431e-008, 1.66204259244e-007, 2.73522971383e-007, 3.84448696877e-007, 2.1905093206e-007, 8.69176517426e-008, 7.39343430922e-009, 1.86401075131e-010, 1.84699183031e-011, 7.21263110001e-012, 2.55627513108e-014, 5.01991046641e-019]
        max: [1.08929734779e-005, 0.00169817707501, 0.00405226042494, 0.0048039322719, 0.00543786864728, 0.00411009648815, 0.00294297095388, 0.00472356239334, 0.00389691395685, 0.00320096616633, 0.00244397646748, 0.00306834769435, 0.00283758086152, 0.00347734801471, 0.0034477415029, 0.0034667539876, 0.00366515060887, 0.00630885269493, 0.0067775384523, 0.00392501009628, 0.00338028464466, 0.00180447299499, 0.000167552672792, 0.000137800772791, 3.75138915842e-005, 1.8208208985e-006, 1.00017381044e-008]
        mean: [6.04356046097e-007, 0.000127848019474, 0.000188631776837, 0.000204968775506, 0.00036366598215, 0.000156971684191, 7.29804887669e-005, 0.000153602988576, 0.000114882161142, 7.55865476094e-005, 6.72135283821e-005, 8.45907488838e-005, 7.66442681197e-005, 8.14450977487e-005, 0.000108161584649, 0.000219515524805, 0.000410406501032, 0.000435547088273, 0.000531612546183, 0.000420774245868, 0.000190659848158, 3.86026440538e-005, 8.35221999296e-006, 3.04259197037e-006, 1.33334401653e-006, 9.14811408848e-008, 2.76929534859e-010]
        median: [3.15743022838e-007, 6.20273349341e-005, 8.04654846434e-005, 9.05041088117e-005, 0.000226821241085, 8.64422763698e-005, 3.62705068255e-005, 6.05070163147e-005, 4.32430424553e-005, 3.23873246089e-005, 3.62782921002e-005, 3.83657607017e-005, 2.45955379796e-005, 4.42330747319e-005, 6.59066063236e-005, 0.000184441596502, 0.00035136952647, 0.00030403258279, 0.00046313891653, 0.000379223376513, 0.000154658322572, 1.47441251102e-005, 3.39484745382e-006, 9.22560786876e-007, 3.79096718461e-007, 2.34829045098e-008, 1.06925315824e-010]
        min: [2.03636396302e-024, 5.66849887398e-024, 4.66989720901e-024, 5.22609345099e-024, 2.53829059791e-023, 1.10790126218e-023, 1.48204812877e-023, 2.69514359823e-023, 2.84620762168e-023, 2.5267017579e-023, 4.49968721584e-023, 3.05884665641e-023, 4.82966710141e-023, 5.17614522394e-023, 9.82465104955e-023, 7.03712584398e-023, 1.29050777849e-022, 1.09689745719e-022, 1.77439278583e-022, 2.44934444826e-022, 3.98021145503e-022, 3.36200905773e-022, 4.85334340464e-022, 7.32418854086e-022, 1.13414358163e-021, 1.28341464415e-021, 2.44816461527e-021]
        var: [7.828168452e-013, 3.4427216633e-008, 9.50984713199e-008, 1.34027871468e-007, 2.02816266892e-007, 6.10153350067e-008, 2.11707700259e-008, 8.4922952226e-008, 6.01930452149e-008, 2.62294772568e-008, 1.26992310001e-008, 1.91555180606e-008, 2.60561723309e-008, 2.13060040721e-008, 3.12489056853e-008, 4.90571032685e-008, 1.38897590318e-007, 2.80736315972e-007, 2.71429058785e-007, 1.43970922295e-007, 4.62218672226e-008, 4.19269285956e-009, 1.53357257449e-010, 3.12659204083e-011, 5.18167540126e-012, 3.12956312341e-014, 2.3085900038e-019]
    frequency_bands:
        dmean: [5.01199906466e-007, 0.000106782870716, 0.000180406932486, 0.000187572804862, 0.000233530052355, 0.000112031419121, 6.13889569649e-005, 0.000123543228256, 8.54692189023e-005, 5.53542085981e-005, 4.49037033832e-005, 5.20162357134e-005, 5.71919918002e-005, 5.26182666363e-005, 6.46920161671e-005, 0.000110805078293, 0.000195950895431, 0.000213980732951, 0.000246473908192, 0.000193694053451, 9.41450343817e-005, 2.52418103628e-005, 4.83148596686e-006, 1.49086372403e-006, 7.0954547482e-007, 5.39235394115e-008, 2.69484767834e-010, 4.87849448338e-011]
        dmean2: [8.06086745797e-007, 0.000179668990313, 0.000310420320602, 0.000325124332448, 0.000393986469135, 0.000185468568816, 0.000104192324216, 0.000197587214643, 0.000138132556458, 9.07485227799e-005, 7.33554988983e-005, 8.56199330883e-005, 9.48841552599e-005, 8.52077064337e-005, 0.00010534752073, 0.00018434615049, 0.00032598307007, 0.000345617707353, 0.000407818472013, 0.000324328255374, 0.000156182810315, 4.17658084189e-005, 7.74430645833e-006, 2.28332169172e-006, 1.03148659036e-006, 7.51866551241e-008, 4.66668870214e-010, 9.04820940395e-011]
        dvar: [7.0016242153e-013, 3.20731992076e-008, 1.04909368304e-007, 1.36995708999e-007, 1.5152704691e-007, 5.06417130453e-008, 2.23020002466e-008, 6.47610391979e-008, 4.00731110517e-008, 1.64731392971e-008, 6.99357771694e-009, 9.84718440122e-009, 1.94395948228e-008, 1.32926105678e-008, 1.83668937837e-008, 2.27190621871e-008, 6.17527362579e-008, 1.13820128433e-007, 1.52397959141e-007, 8.3495791614e-008, 3.34237313382e-008, 3.04714364852e-009, 7.81739881162e-011, 8.48387506081e-012, 2.96899202272e-012, 1.42100339403e-014, 1.86875506615e-019, 6.38158452695e-021]
        dvar2: [1.7689401376e-012, 8.34810904848e-008, 2.78927785757e-007, 3.76435650651e-007, 4.13894923668e-007, 1.29686981154e-007, 5.82702561758e-008, 1.55982959882e-007, 9.424836378e-008, 4.03113666891e-008, 1.6667700109e-008, 2.47323619362e-008, 5.26047898575e-008, 3.07296126323e-008, 4.67848515484e-008, 5.95237601431e-008, 1.66204259244e-007, 2.73522971383e-007, 3.84448696877e-007, 2.1905093206e-007, 8.69176517426e-008, 7.39343430922e-009, 1.86401075131e-010, 1.84699183031e-011, 7.21263110001e-012, 2.55627513108e-014, 5.01991046641e-019, 2.0550182717e-020]
        max: [1.08929734779e-005, 0.00169817707501, 0.00405226042494, 0.0048039322719, 0.00543786864728, 0.00411009648815, 0.00294297095388, 0.00472356239334, 0.00389691395685, 0.00320096616633, 0.00244397646748, 0.00306834769435, 0.00283758086152, 0.00347734801471, 0.0034477415029, 0.0034667539876, 0.00366515060887, 0.00630885269493, 0.0067775384523, 0.00392501009628, 0.00338028464466, 0.00180447299499, 0.000167552672792, 0.000137800772791, 3.75138915842e-005, 1.8208208985e-006, 1.00017381044e-008, 1.53058610231e-009]
        mean: [6.04356046097e-007, 0.000127848019474, 0.000188631776837, 0.000204968775506, 0.00036366598215, 0.000156971684191, 7.29804887669e-005, 0.000153602988576, 0.000114882161142, 7.55865476094e-005, 6.72135283821e-005, 8.45907488838e-005, 7.66442681197e-005, 8.14450977487e-005, 0.000108161584649, 0.000219515524805, 0.000410406501032, 0.000435547088273, 0.000531612546183, 0.000420774245868, 0.000190659848158, 3.86026440538e-005, 8.35221999296e-006, 3.04259197037e-006, 1.33334401653e-006, 9.14811408848e-008, 2.76929534859e-010, 3.78380174415e-011]
        median: [3.15743022838e-007, 6.20273349341e-005, 8.04654846434e-005, 9.05041088117e-005, 0.000226821241085, 8.64422763698e-005, 3.62705068255e-005, 6.05070163147e-005, 4.32430424553e-005, 3.23873246089e-005, 3.62782921002e-005, 3.83657607017e-005, 2.45955379796e-005, 4.42330747319e-005, 6.59066063236e-005, 0.000184441596502, 0.00035136952647, 0.00030403258279, 0.00046313891653, 0.000379223376513, 0.000154658322572, 1.47441251102e-005, 3.39484745382e-006, 9.22560786876e-007, 3.79096718461e-007, 2.34829045098e-008, 1.06925315824e-010, 1.15208459092e-011]
        min: [2.03636396302e-024, 5.66849887398e-024, 4.66989720901e-024, 5.22609345099e-024, 2.53829059791e-023, 1.10790126218e-023, 1.48204812877e-023, 2.69514359823e-023, 2.84620762168e-023, 2.5267017579e-023, 4.49968721584e-023, 3.05884665641e-023, 4.82966710141e-023, 5.17614522394e-023, 9.82465104955e-023, 7.03712584398e-023, 1.29050777849e-022, 1.09689745719e-022, 1.77439278583e-022, 2.44934444826e-022, 3.98021145503e-022, 3.36200905773e-022, 4.85334340464e-022, 7.32418854086e-022, 1.13414358163e-021, 1.28341464415e-021, 2.44816461527e-021, 5.92772348993e-022]
        var: [7.828168452e-013, 3.4427216633e-008, 9.50984713199e-008, 1.34027871468e-007, 2.02816266892e-007, 6.10153350067e-008, 2.11707700259e-008, 8.4922952226e-008, 6.01930452149e-008, 2.62294772568e-008, 1.26992310001e-008, 1.91555180606e-008, 2.60561723309e-008, 2.13060040721e-008, 3.12489056853e-008, 4.90571032685e-008, 1.38897590318e-007, 2.80736315972e-007, 2.71429058785e-007, 1.43970922295e-007, 4.62218672226e-008, 4.19269285956e-009, 1.53357257449e-010, 3.12659204083e-011, 5.18167540126e-012, 3.12956312341e-014, 2.3085900038e-019, 4.83423010007e-021]
    mfcc:
        mean: [-732.058105469, 101.637542725, -52.4913597107, 62.7767906189, -11.6323394775, -5.44056510925, 1.01932358742, -3.09828424454, 0.212781637907, -4.33749198914, -7.46408748627, -2.14299893379, -2.299669981]
        cov: [[9103.78222656, 12.5650243759, -1548.90527344, 1826.73999023, 184.870376587, 186.321014404, 196.762863159, 445.654296875, 245.257797241, 56.6639785767, -7.78537940979, 64.9731292725, -98.3422470093], [12.5650243759, 898.696594238, -302.45135498, 195.124755859, -6.18532800674, -6.49462366104, 79.3834762573, -1.29036295414, 4.98898601532, -37.6006507874, 1.10916125774, 36.3206596375, 1.01117885113], [-1548.90527344, -302.45135498, 891.243591309, -447.744567871, 9.07098960876, -20.2049942017, -136.418014526, -18.5953407288, -47.4871368408, 16.9934692383, 9.35028839111, -75.0903930664, -30.3822441101], [1826.73999023, 195.124755859, -447.744567871, 713.736816406, 130.210235596, 60.08436203, 82.4109420776, 85.4424285889, 108.689888, 0.248548939824, -29.8182163239, 10.2783823013, -13.9498100281], [184.870376587, -6.18532800674, 9.07098960876, 130.210235596, 179.737411499, 53.3144035339, 17.3851242065, 32.1104469299, 41.2076530457, 15.2047681808, -18.4918670654, -8.94369316101, -11.8768644333], [186.321014404, -6.49462366104, -20.2049942017, 60.08436203, 53.3144035339, 117.572158813, 55.1608886719, 40.9858818054, 17.5375785828, 8.99974727631, 6.77744626999, 7.17763900757, -0.54045778513], [196.762863159, 79.3834762573, -136.418014526, 82.4109420776, 17.3851242065, 55.1608886719, 145.318649292, 43.9649238586, 26.6270236969, -6.46308898926, -2.78313827515, 25.521068573, 11.1743717194], [445.654296875, -1.29036295414, -18.5953407288, 85.4424285889, 32.1104469299, 40.9858818054, 43.9649238586, 128.532028198, 42.9432601929, 21.5992469788, 0.706204533577, -11.4368400574, -18.175775528], [245.257797241, 4.98898601532, -47.4871368408, 108.689888, 41.2076530457, 17.5375785828, 26.6270236969, 42.9432601929, 119.21320343, 39.041015625, 1.44804406166, -7.34579563141, -7.95547485352], [56.6639785767, -37.6006507874, 16.9934692383, 0.248548939824, 15.2047681808, 8.99974727631, -6.46308898926, 21.5992469788, 39.041015625, 72.4952316284, 27.4875850677, 4.29189920425, -7.21996259689], [-7.78537940979, 1.10916125774, 9.35028839111, -29.8182163239, -18.4918670654, 6.77744626999, -2.78313827515, 0.706204533577, 1.44804406166, 27.4875850677, 74.0075454712, 28.8418426514, 8.52345466614], [64.9731292725, 36.3206596375, -75.0903930664, 10.2783823013, -8.94369316101, 7.17763900757, 25.521068573, -11.4368400574, -7.34579563141, 4.29189920425, 28.8418426514, 85.0686416626, 41.3738517761], [-98.3422470093, 1.01117885113, -30.3822441101, -13.9498100281, -11.8768644333, -0.54045778513, 11.1743717194, -18.175775528, -7.95547485352, -7.21996259689, 8.52345466614, 41.3738517761, 69.1209182739]]
        icov: [[0.000360181205906, 0.000264535599854, 0.000367602246115, -0.000774851592723, 0.0002719660406, -0.000103767488326, 0.000402618956286, -0.000899144739378, 0.000263393390924, 2.34892031585e-005, -0.000160309311468, -0.000351917784428, 0.000521362177096], [0.000264535599854, 0.00153099128511, 0.000543413509149, -0.000758282723837, 0.000185530021554, 0.000329708971549, -0.000236467414652, -0.000505199190229, 0.00022065952362, 0.000705681217369, -0.000505870673805, -0.000561351771466, 0.000877134327311], [0.000367602246115, 0.000543413509149, 0.00261999387294, 0.000667577725835, -0.000785214069765, -0.000456213892903, 0.00181773258373, -0.00155999977142, 0.000110458437121, 0.000426130573032, -0.000660229590721, 0.000843910034746, 0.000592347059865], [-0.000774851592723, -0.000758282723837, 0.000667577725835, 0.00469407718629, -0.00229600584134, -0.00013296828547, -0.000100727025711, 0.00082650600234, -0.00223715975881, 0.00116426241584, 0.000569236231968, 0.000719759787899, -0.00064938358264], [0.0002719660406, 0.000185530021554, -0.000785214069765, -0.00229600584134, 0.00855395942926, -0.00331240799278, 0.000666677427944, -0.000280714593828, -0.000838857027702, -0.00153201841749, 0.0025650751777, -0.00106553989463, 0.000902945117559], [-0.000103767488326, 0.000329708971549, -0.000456213892903, -0.00013296828547, -0.00331240799278, 0.0129119986668, -0.00470188772306, -0.00163429114036, 0.00115675805137, -0.000335733930115, -0.0021680330392, 0.000325791887008, -0.000347244640579], [0.000402618956286, -0.000236467414652, 0.00181773258373, -0.000100727025711, 0.000666677427944, -0.00470188772306, 0.0121340248734, -0.00395279936492, -0.00188039848581, 0.00263768713921, 0.00109100097325, -0.0030479663983, 0.000180674091098], [-0.000899144739378, -0.000505199190229, -0.00155999977142, 0.00082650600234, -0.000280714593828, -0.00163429114036, -0.00395279936492, 0.0134461810812, -0.0022247529123, -0.00225900462829, 0.000246555340709, 0.00210202881135, 0.000542358960956], [0.000263393390924, 0.00022065952362, 0.000110458437121, -0.00223715975881, -0.000838857027702, 0.00115675805137, -0.00188039848581, -0.0022247529123, 0.0137394564226, -0.00739771872759, 0.000565844529774, 0.00194360967726, -0.000872087315656], [2.34892031585e-005, 0.000705681217369, 0.000426130573032, 0.00116426241584, -0.00153201841749, -0.000335733930115, 0.00263768713921, -0.00225900462829, -0.00739771872759, 0.0225766915828, -0.0076751485467, -0.00179343565833, 0.00268579181284], [-0.000160309311468, -0.000505870673805, -0.000660229590721, 0.000569236231968, 0.0025650751777, -0.0021680330392, 0.00109100097325, 0.000246555340709, 0.000565844529774, -0.0076751485467, 0.0201508272439, -0.00697309570387, 0.000868733681273], [-0.000351917784428, -0.000561351771466, 0.000843910034746, 0.000719759787899, -0.00106553989463, 0.000325791887008, -0.0030479663983, 0.00210202881135, 0.00194360967726, -0.00179343565833, -0.00697309570387, 0.0221949014813, -0.0115003446117], [0.000521362177096, 0.000877134327311, 0.000592347059865, -0.00064938358264, 0.000902945117559, -0.000347244640579, 0.000180674091098, 0.000542358960956, -0.000872087315656, 0.00268579181284, 0.000868733681273, -0.0115003446117, 0.0225483234972]]
    sccoeffs:
        dmean: [0.0527066662908, 0.0476920008659, 0.0376893654466, 0.0304295998067, 0.020022245124, 0.0234751775861]
        dmean2: [0.0874069109559, 0.078761331737, 0.0621059387922, 0.0503740236163, 0.0328513979912, 0.0365184508264]
        dvar: [0.00187793746591, 0.00146221544128, 0.000896512705367, 0.000560135522392, 0.000270924385404, 0.000489976082463]
        dvar2: [0.00488791940734, 0.00395903224126, 0.00235817558132, 0.00152806774713, 0.000705597281922, 0.00109891477041]
        max: [-0.343324512243, -0.493967443705, -0.499904066324, -0.596229791641, -0.62602430582, -0.519452273846]
        mean: [-0.686787188053, -0.766763091087, -0.794555187225, -0.791025817394, -0.802686810493, -0.724367618561]
        median: [-0.692065358162, -0.774444818497, -0.804536223412, -0.795097053051, -0.803708910942, -0.728980123997]
        min: [-0.96876591444, -0.966570019722, -0.977305114269, -0.966147720814, -0.961643099785, -0.963373184204]
        var: [0.00516699580476, 0.00413184938952, 0.00345646846108, 0.00178961653728, 0.000975815928541, 0.00403435109183]
    scvalleys:
        dmean: [0.377378851175, 0.382536232471, 0.325744986534, 0.287388950586, 0.239203050733, 0.412279099226]
        dmean2: [0.62088239193, 0.617552220821, 0.518195152283, 0.439563989639, 0.351982355118, 0.565382599831]
        dvar: [0.0981480181217, 0.116519585252, 0.0761503726244, 0.0693935677409, 0.0738862752914, 0.224860683084]
        dvar2: [0.246846169233, 0.2870439291, 0.175327703357, 0.143704503775, 0.13785277307, 0.45337703824]
        max: [-4.98104095459, -4.42918968201, -5.35571050644, -5.66995477676, -5.38772583008, -7.57540988922]
        mean: [-6.97973823547, -6.89797306061, -7.2837305069, -7.46424341202, -7.05209207535, -10.3628482819]
        median: [-6.53710651398, -6.67117643356, -6.9727845192, -7.09279537201, -6.43444681168, -10.081407547]
        min: [-27.7460823059, -27.4090595245, -27.4948883057, -27.5157165527, -27.4334812164, -27.3629455566]
        var: [2.16154789925, 1.35323619843, 1.48667991161, 1.70652842522, 2.78136754036, 2.3902053833]

rhythm:
    beats_loudness:
        dmean: 0.00316892843693
        dmean2: 0.00618146313354
        dvar: 6.92416597303e-006
        dvar2: 2.40446843236e-005
        max: 0.0163664445281
        mean: 0.0068669822067
        median: 0.00726594589651
        min: 2.27442793488e-008
        var: 1.46877519001e-005
    bpm: 94.9101104736
    bpm_confidence: 0
    first_peak_bpm: 96
    first_peak_spread: 0.463611871004
    first_peak_weight: 0.495024889708
    onset_rate: 3.7614030838
    second_peak_bpm: 91
    second_peak_spread: 0.473684191704
    second_peak_weight: 0.0248756222427
    beats_loudness_band_ratio:
        dmean: [0.181863188744, 0.0728454440832, 0.0726760402322, 0.0536309368908, 0.0802594274282, 0.127398386598]
        dmean2: [0.346016556025, 0.133048206568, 0.135335832834, 0.0967815071344, 0.141303271055, 0.234277829528]
        dvar: [0.024181496352, 0.0107374312356, 0.0139117706567, 0.00442402157933, 0.00418900325894, 0.0107266651466]
        dvar2: [0.0787405967712, 0.0362005978823, 0.0491364002228, 0.0129745025188, 0.0117967054248, 0.0364093631506]
        max: [0.941106319427, 0.83785367012, 0.988539338112, 0.77490144968, 0.535578012466, 0.772840201855]
        mean: [0.262962847948, 0.107022464275, 0.0878027006984, 0.077973164618, 0.22756652534, 0.268392682076]
        median: [0.244713827968, 0.081501558423, 0.0652371570468, 0.0573209635913, 0.228886917233, 0.241201117635]
        min: [0.000251352961641, 0.00129639729857, 0.00291236117482, 0.00138608529232, 4.32720516983e-005, 4.43390217697e-006]
        var: [0.0314166247845, 0.0105869211257, 0.0107411248609, 0.00923485867679, 0.00941965077072, 0.0205260999501]
    beats_position: [0.66176867485, 1.33514738083, 1.99691605568, 2.6470746994, 3.29723358154, 3.95900225639, 4.63238096237, 5.2941493988, 5.94430828094, 6.59446716309, 7.24462556839, 7.94122457504, 8.63782310486, 9.29959201813, 9.97297000885, 10.6463489532, 11.3081178665, 11.9582767487, 12.5968255997, 13.235373497, 13.8623123169, 14.4892511368, 15.1161899567, 15.7431287766, 16.3816776276, 17.0202255249, 17.6587753296, 18.2973232269, 18.9242630005, 19.5512008667, 20.1781406403, 20.8050785065, 21.4436283112, 22.0821762085, 22.7091159821, 23.3360538483, 23.9629936218, 24.589931488, 25.2168693542, 25.8438091278, 26.4823570251, 27.1209068298, 27.7594547272, 28.3980045319, 29.0481624603, 29.6983222961, 30.3484802246, 31.0102481842, 31.6720180511, 32.322177887, 32.9723358154, 33.6341018677, 34.2958717346, 34.9692497253, 35.6310195923, 36.269569397, 36.908115387, 37.5466651917, 38.1736030579, 38.8005447388, 39.427482605, 40.0544204712, 40.6929702759, 41.3315200806, 41.9584579468, 42.585395813, 43.2239456177, 43.8508834839, 44.4894332886, 45.1163711548, 45.7549209595, 46.3934669495, 47.0204086304, 47.6589546204, 48.297504425, 48.9244422913, 49.5513839722, 50.1899299622, 50.8284797668, 51.4554176331, 52.0823554993, 52.7092971802, 53.3362350464, 53.9631729126, 54.6017227173, 55.240272522, 55.878818512, 56.5173683167, 57.1443061829, 57.7712478638, 58.39818573, 59.0251235962, 59.6636734009, 60.2906112671, 60.9291610718, 61.556098938, 62.1830368042, 62.8099746704, 63.4485244751, 64.0870742798, 64.714012146, 65.3409500122, 65.9794998169, 66.6180496216, 67.2449874878, 67.871925354, 68.4988632202, 69.1258010864, 69.7643508911, 70.4029006958, 71.0414505005, 71.6800003052, 72.3069381714, 72.9338760376, 73.5608139038, 74.18775177, 74.8146896362, 75.4416275024, 76.0801773071, 76.7187271118, 77.3572769165, 77.9842147827, 78.6227645874, 79.2497024536, 79.8766403198, 80.5151901245, 81.1537399292, 81.7806777954, 82.4192276001, 83.0577774048, 83.684715271, 84.3116531372, 84.9385910034, 85.5655288696, 86.2040786743, 86.842628479, 87.4695663452, 88.0965042114, 88.7234420776, 89.3503875732, 89.9889297485, 90.6274795532, 91.2660293579, 91.9045791626, 92.5315170288, 93.158454895, 93.7853927612, 94.4123306274, 95.0508804321, 95.6778182983, 96.316368103, 96.9549179077, 97.5934677124, 98.2204055786, 98.8473434448, 99.474281311, 100.101219177, 100.728164673, 101.355102539, 101.982040405, 102.62059021, 103.259140015, 103.886077881, 104.513015747, 105.151565552, 105.790107727, 106.417053223, 107.043991089, 107.682540894, 108.321083069, 108.948028564, 109.574966431, 110.201904297, 110.840454102, 111.479003906, 112.105941772, 112.732879639, 113.359817505, 113.99836731, 114.636917114, 115.26385498, 115.890792847, 116.517730713, 117.144668579, 117.783218384, 118.41015625, 119.048706055, 119.675643921, 120.302581787, 120.929519653, 121.568069458, 122.206619263, 122.833557129, 123.460494995, 124.0990448, 124.737594604, 125.364532471, 125.991470337, 126.618408203, 127.256958008, 127.895507813, 128.522445679, 129.149383545, 129.776321411, 130.414871216, 131.053421021, 131.703582764, 132.353744507, 132.980682373, 133.607620239, 134.234558105, 134.861495972, 135.488433838, 136.115371704, 136.74230957, 137.380859375, 138.01940918, 138.646347046, 139.273284912, 139.900222778, 140.538772583, 141.177322388, 141.804260254, 142.442810059, 143.069747925, 143.708297729, 144.335235596, 144.962173462, 145.600723267, 146.239273071, 146.877822876, 147.516372681, 148.143310547, 148.770248413, 149.397186279, 150.024124146, 150.651062012, 151.289611816, 151.928161621, 152.555099487, 153.182037354, 153.80897522, 154.447525024, 155.086074829, 155.713012695, 156.3515625, 156.990112305, 157.617050171, 158.243988037, 158.859313965, 159.49786377, 160.124801636, 160.751739502, 161.378677368, 162.005615234, 162.644165039, 163.282714844, 163.90965271, 164.536590576, 165.163528442, 165.802078247, 166.440628052, 167.079177856, 167.717727661, 168.344665527, 168.971603394, 169.59854126, 170.225479126, 170.864028931, 171.502578735, 172.129516602, 172.768066406, 173.406616211, 174.033554077, 174.660491943, 175.28742981, 175.914367676, 176.541305542, 177.179855347, 177.818405151, 178.445343018, 179.072280884, 179.69921875, 180.326171875, 180.964706421, 181.603256226, 182.24180603, 182.880355835, 183.507293701, 184.134231567, 184.772781372, 185.411331177, 186.049880981, 186.688430786, 187.315368652, 187.942306519, 188.569244385, 189.196182251, 189.834732056, 190.461669922, 191.100219727, 191.727157593, 192.365707397, 193.004257202, 193.631195068, 194.258132935, 194.885070801, 195.512008667, 196.150558472, 196.789108276, 197.416046143, 198.054595947, 198.693145752, 199.320083618, 199.947021484, 200.573959351, 201.200897217, 201.839447021, 202.477996826, 203.116546631, 203.755096436, 204.382034302, 205.008972168, 205.635910034, 206.2628479, 206.889785767, 207.516723633, 208.155273438, 208.793823242, 209.420761108, 210.047698975, 210.6746521, 211.313186646, 211.940139771, 212.578674316, 213.205612183, 213.844161987, 214.482711792, 215.121261597, 215.759811401, 216.386749268, 217.025299072, 217.663848877, 218.290786743, 218.917724609, 219.544662476, 220.171600342, 220.798538208, 221.437088013, 222.075637817, 222.714187622, 223.341125488, 223.956451416, 224.583404541, 225.210342407, 225.848892212, 226.475830078, 227.114364624, 227.752914429, 228.391464233, 229.0184021, 229.645339966, 230.272293091, 230.899230957, 231.526168823, 232.164718628, 232.803268433, 233.430206299, 234.068756104, 234.707290649, 235.334228516, 235.961181641, 236.588119507, 237.215057373, 237.853607178, 238.492156982, 239.119094849, 239.746032715, 240.38458252, 241.023132324, 241.65007019, 242.277008057, 242.915557861, 243.554092407, 244.134597778, 244.715103149, 245.295593262, 245.876098633, 246.456588745, 247.048706055, 247.640808105, 248.244537354, 248.848251343, 249.451965332, 250.06729126, 250.694229126, 251.379226685, 252.064208984, 252.760818481, 253.45741272, 254.14239502, 254.827392578, 255.523986816]
