
metadata:
    version:
        essentia: "2.1-beta2"
    audio_properties:
        analysis_sample_rate: 44100
        bitrate: 128
        channels: 2
        equal_loudness: 1
        length: 197.381225586
        replay_gain: -12.2502117157
        downmix: "mix"
    tags:
        album: "Le bien-être et la paix"
        artist: "Mass Hysteria"
        comment: ""
        date: "1997"
        genre: "Metal"
        title: "MH 2 c.e.s."
        tracknumber: "11"

configuration:
    average_loudness:
        compute: 1
        frameSize: 88200
        hopSize: 44100
        silentFrames: "noise"
        windowType: "hann"
    general:
        analysisSampleRate: 44100
        endTime: 2000
        equalLoudness: 1
        nequalLoudness: 0
        shortSound: 0
        startTime: 0
    lowlevel:
        compute: 1
        frameSize: 2048
        hopSize: 1024
        zeroPadding: 0
        silentFrames: "noise"
        windowType: "blackmanharris62"
        mfccStats: ["mean", "cov", "icov"]
        stats: ["mean", "var", "median", "min", "max", "dmean", "dmean2", "dvar", "dvar2"]
    panning:
        compute: 0
        frameSize: 8192
        hopSize: 2048
        zeroPadding: 8192
        silentFrames: "noise"
        windowType: "hann"
        stats: ["copy"]
    rhythm:
        compute: 1
        maxTempo: 208
        minTempo: 40
        method: "degara"
        stats: ["mean", "var", "median", "min", "max", "dmean", "dmean2", "dvar", "dvar2"]
    segmentation:
        compute: 0
        cpw: 5
        inc1: 300
        inc2: 50
        minimumSegmentsLength: 10
        size1: 1000
        size2: 600
    sfx:
        compute: 1
        stats: ["mean", "var", "median", "min", "max", "dmean", "dmean2", "dvar", "dvar2"]
    svm:
        compute: 0
    tonal:
        compute: 1
        frameSize: 4096
        hopSize: 2048
        zeroPadding: 0
        silentFrames: "noise"
        windowType: "blackmanharris62"
        stats: ["mean", "var", "median", "min", "max", "dmean", "dmean2", "dvar", "dvar2"]

lowlevel:
    average_loudness: 0.905384540558
    barkbands_kurtosis:
        dmean: 1.00507390499
        dmean2: 1.6417427063
        dvar: 2.79925608635
        dvar2: 6.93743610382
        max: 26.9900188446
        mean: -0.267428576946
        median: -0.828299045563
        min: -1.87232494354
        var: 3.78852987289
    barkbands_skewness:
        dmean: 0.438514828682
        dmean2: 0.684918284416
        dvar: 0.160219371319
        dvar2: 0.376627236605
        max: 4.01310586929
        mean: -0.614515185356
        median: -0.669753789902
        min: -3.61660385132
        var: 0.574488937855
    barkbands_spread:
        dmean: 6.61730098724
        dmean2: 10.4409818649
        dvar: 32.5563430786
        dvar2: 79.4650115967
        max: 64.3678512573
        mean: 32.4243278503
        median: 32.8917045593
        min: 0.961796283722
        var: 115.371582031
    dissonance:
        dmean: 0.0106993746012
        dmean2: 0.0182068552822
        dvar: 0.000231159094255
        dvar2: 0.000615900091361
        max: 0.500000059605
        mean: 0.483435243368
        median: 0.48937395215
        min: 0.226628765464
        var: 0.000448316102847
    hfc:
        dmean: 3.14641165733
        dmean2: 4.90004682541
        dvar: 17.8001327515
        dvar2: 42.5299758911
        max: 61.8341674805
        mean: 8.63421821594
        median: 7.11255455017
        min: 1.06149077072e-016
        var: 44.720867157
    pitch:
        dmean: 1023.23150635
        dmean2: 1942.52905273
        dvar: 1778374.875
        dvar2: 4349642
        max: 4554.42382813
        mean: 2108.98217773
        median: 3160.11865234
        min: 47.4297561646
        var: 2437423.75
    pitch_instantaneous_confidence:
        dmean: 0.086825504899
        dmean2: 0.144062817097
        dvar: 0.00568542862311
        dvar2: 0.0148101476952
        max: 0.935703635216
        mean: 0.371820360422
        median: 0.355999112129
        min: 0.0671959519386
        var: 0.0141529738903
    pitch_salience:
        dmean: 0.0569630526006
        dmean2: 0.0948385670781
        dvar: 0.00254635233432
        dvar2: 0.00686471071094
        max: 0.874250769615
        mean: 0.689009308815
        median: 0.702168345451
        min: 0.230355605483
        var: 0.0054936199449
    silence_rate_20dB:
        dmean: 0
        dmean2: 0
        dvar: 0
        dvar2: 0
        max: 1
        mean: 1
        median: 1
        min: 1
        var: 0
    silence_rate_30dB:
        dmean: 0
        dmean2: 0
        dvar: 0
        dvar2: 0
        max: 1
        mean: 1
        median: 1
        min: 1
        var: 0
    silence_rate_60dB:
        dmean: 0.153158456087
        dmean2: 0.306352943182
        dvar: 0.129694998264
        dvar2: 0.248042106628
        max: 1
        mean: 0.466831326485
        median: 0
        min: 0
        var: 0.248894482851
    spectral_centroid:
        dmean: 282.069274902
        dmean2: 445.416412354
        dvar: 84872.046875
        dvar2: 189677.765625
        max: 11843.3632813
        mean: 2266.48193359
        median: 2200.21533203
        min: 274.951446533
        var: 1630013.5
    spectral_complexity:
        dmean: 4.76202821732
        dmean2: 7.27129411697
        dvar: 26.3101139069
        dvar2: 57.1128959656
        max: 54
        mean: 15.545753479
        median: 15
        min: 0
        var: 99.0946578979
    spectral_crest:
        dmean: 1.81268024445
        dmean2: 3.05954313278
        dvar: 3.63951730728
        dvar2: 9.90896224976
        max: 23.1955871582
        mean: 6.33687162399
        median: 5.76694393158
        min: 2.19196486473
        var: 5.85757160187
    spectral_decrease:
        dmean: 3.19303028462e-010
        dmean2: 4.92173857225e-010
        dvar: 1.96834205428e-019
        dvar2: 4.65161657048e-019
        max: 1.77966290772e-028
        mean: -8.38012270687e-010
        median: -6.81177558803e-010
        min: -5.20452658748e-009
        var: 4.15206487946e-019
    spectral_energy:
        dmean: 0.00147037324496
        dmean2: 0.00226489757188
        dvar: 4.10137317886e-006
        dvar2: 9.70573910308e-006
        max: 0.0252516586334
        mean: 0.00394599325955
        median: 0.00324110779911
        min: 9.91951113164e-021
        var: 9.03093223314e-006
    spectral_energyband_high:
        dmean: 0.00024071324151
        dmean2: 0.000397058669478
        dvar: 1.47414951357e-007
        dvar2: 3.83833139495e-007
        max: 0.00374005129561
        mean: 0.000429888517829
        median: 0.000276872626273
        min: 6.94606744036e-021
        var: 2.12279815059e-007
    spectral_energyband_low:
        dmean: 0.00023359824263
        dmean2: 0.000383898935979
        dvar: 1.48428838997e-007
        dvar2: 3.73556702016e-007
        max: 0.00489522749558
        mean: 0.000288492214167
        median: 0.00013733812375
        min: 1.17925041784e-023
        var: 1.78870820378e-007
    spectral_energyband_middle_high:
        dmean: 0.000780060014222
        dmean2: 0.00119981798343
        dvar: 9.28755298446e-007
        dvar2: 2.06206891562e-006
        max: 0.0184741113335
        mean: 0.00233049504459
        median: 0.00197483412921
        min: 1.14907463597e-021
        var: 3.21612697007e-006
    spectral_energyband_middle_low:
        dmean: 0.000609746319242
        dmean2: 0.00099297054112
        dvar: 9.7596591786e-007
        dvar2: 2.4457112886e-006
        max: 0.0100316554308
        mean: 0.000993921421468
        median: 0.000662779901177
        min: 1.10008521256e-022
        var: 1.21302525713e-006
    spectral_flatness_db:
        dmean: 0.0171912647784
        dmean2: 0.0258542634547
        dvar: 0.000298212398775
        dvar2: 0.000682968704496
        max: 0.467069447041
        mean: 0.141579121351
        median: 0.13552737236
        min: 0.0504258312285
        var: 0.00159161118791
    spectral_flux:
        dmean: 0.00850061979145
        dmean2: 0.0125390868634
        dvar: 9.64564387687e-005
        dvar2: 0.000176546804141
        max: 0.117186814547
        mean: 0.04088255018
        median: 0.0388140119612
        min: 6.32947097512e-011
        var: 0.000337763573043
    spectral_kurtosis:
        dmean: 1.80655050278
        dmean2: 2.98145127296
        dvar: 23.3323726654
        dvar2: 59.2459030151
        max: 151.180923462
        mean: 4.55115556717
        median: 3.3697218895
        min: -1.28151881695
        var: 58.969909668
    spectral_rms:
        dmean: 0.000338270241627
        dmean2: 0.000503940042108
        dvar: 1.46891707686e-007
        dvar2: 3.27321487248e-007
        max: 0.00496344268322
        mean: 0.0018067714991
        median: 0.00177821714897
        min: 3.11087960947e-012
        var: 5.85319526181e-007
    spectral_rolloff:
        dmean: 314.062347412
        dmean2: 510.658477783
        dvar: 218308.40625
        dvar2: 485378.6875
        max: 19616.7480469
        mean: 3825.96704102
        median: 3703.7109375
        min: 150.732421875
        var: 4433308.5
    spectral_skewness:
        dmean: 0.234319090843
        dmean2: 0.376019626856
        dvar: 0.110180422664
        dvar2: 0.270101964474
        max: 9.67883300781
        mean: 1.28029811382
        median: 1.18818104267
        min: -0.0923736467957
        var: 0.462929278612
    spectral_spread:
        dmean: 582435.75
        dmean2: 800244.4375
        dvar: 548942708736
        dvar2: 1.07442726502e+012
        max: 42962412
        mean: 4913630.5
        median: 4146455.25
        min: 525369.875
        var: 2.44523414323e+013
    spectral_strongpeak:
        dmean: 0.534718513489
        dmean2: 0.931691169739
        dvar: 0.476523369551
        dvar2: 1.22859752178
        max: 8.78697872162
        mean: 0.649482190609
        median: 0.256143569946
        min: 0
        var: 0.650169432163
    zerocrossingrate:
        dmean: 0.00797522254288
        dmean2: 0.0097693586722
        dvar: 6.96268325555e-005
        dvar2: 8.93401083886e-005
        max: 0.53515625
        mean: 0.120197474957
        median: 0.11767578125
        min: 0.02392578125
        var: 0.00309402984567
    barkbands:
        dmean: [9.11348138288e-007, 8.22534639155e-005, 0.000136857648613, 0.000123588251881, 0.000237427826505, 0.000158625654876, 7.77964523877e-005, 0.000101530415122, 0.000125824430143, 5.75239537284e-005, 4.54492983408e-005, 5.5886903283e-005, 6.00217354076e-005, 5.08322409587e-005, 0.000102360398159, 0.00011603890016, 0.000171011313796, 0.000218589892029, 0.000272349047009, 0.000253738224274, 0.000103170285001, 3.23912354361e-005, 6.25911570751e-006, 2.10884149965e-006, 9.95667505777e-007, 7.30571372287e-008, 2.85630907815e-010]
        dmean2: [1.48467370309e-006, 0.000137101858854, 0.000237983113038, 0.000219521549297, 0.000399819720769, 0.00026123871794, 0.000135446127388, 0.000175284178113, 0.000200057649636, 9.40544778132e-005, 7.52422347432e-005, 9.39736710279e-005, 9.93235080387e-005, 8.17118707346e-005, 0.000169747785549, 0.000188063975656, 0.000285226036794, 0.00034914893331, 0.000448157457868, 0.000429970823461, 0.000169596911292, 5.14675739396e-005, 9.51001948124e-006, 3.08131507154e-006, 1.41610178161e-006, 1.08223574102e-007, 4.98489360901e-010]
        dvar: [2.16577840731e-012, 1.80378432191e-008, 6.48209024234e-008, 6.34524752741e-008, 1.60324233889e-007, 1.13736660978e-007, 3.56059501883e-008, 5.02332540009e-008, 8.19542194108e-008, 1.46584806515e-008, 9.02781049916e-009, 1.28006547584e-008, 1.28171731006e-008, 1.30904895812e-008, 3.25093374443e-008, 3.06039922293e-008, 5.0969873655e-008, 1.20330213349e-007, 1.24801488255e-007, 1.40183928465e-007, 2.64991104615e-008, 2.76876299665e-009, 1.0223916852e-010, 1.75800780183e-011, 3.12100280515e-012, 1.83758885116e-014, 1.99603037432e-019]
        dvar2: [5.076125284e-012, 4.53947208712e-008, 1.70664648635e-007, 1.74254850549e-007, 4.24970011181e-007, 2.77592306475e-007, 9.77606049446e-008, 1.31098857992e-007, 1.91177093711e-007, 3.46764359449e-008, 2.1902769376e-008, 3.35932561768e-008, 3.23369881983e-008, 2.84818000296e-008, 8.51842472116e-008, 7.35511207495e-008, 1.35132978585e-007, 2.73103154314e-007, 3.15113283023e-007, 3.62911777074e-007, 6.68734827514e-008, 6.72209576891e-009, 2.34539387911e-010, 4.03395268578e-011, 6.79839257806e-012, 3.96887689001e-014, 5.52229033964e-019]
        max: [1.52804277604e-005, 0.00108950643335, 0.00365646998398, 0.00368672423065, 0.00433291075751, 0.0053453873843, 0.00515137519687, 0.00367307011038, 0.00613196427003, 0.0040844832547, 0.00215081893839, 0.00191038521007, 0.001440425287, 0.00323715689592, 0.00279535562731, 0.00365938362665, 0.00361039699055, 0.00616081198677, 0.00607212679461, 0.00442682486027, 0.00193026440684, 0.000820208108053, 0.000153475004481, 7.91086640675e-005, 3.9529055357e-005, 2.44611851485e-006, 4.88116791431e-009]
        mean: [9.3979497251e-007, 8.66527552716e-005, 0.00013593112817, 0.000117231007607, 0.000310088275, 0.000192950246856, 8.05996241979e-005, 0.000100313111034, 0.000156395384693, 7.20056268619e-005, 5.6576627685e-005, 7.49031169107e-005, 7.76131564635e-005, 7.47261292418e-005, 0.000158781724167, 0.000219645546167, 0.000348950328771, 0.000425002945121, 0.000570456322748, 0.000439152005129, 0.000173280801391, 5.63053290534e-005, 1.15109032777e-005, 4.08384948969e-006, 1.80433664809e-006, 1.0445864973e-007, 2.72410094482e-010]
        median: [3.36410039381e-007, 3.46565975633e-005, 4.57688875031e-005, 5.36058432772e-005, 0.000189578859136, 7.03015248291e-005, 3.81417339668e-005, 3.80714118364e-005, 5.36565275979e-005, 3.33658681484e-005, 2.26066949836e-005, 2.93199955195e-005, 4.21763106715e-005, 3.45641019521e-005, 8.79612271092e-005, 0.000160876166774, 0.000284012698103, 0.000274045014521, 0.000475262815598, 0.000326473498717, 0.000105779850855, 2.68817620963e-005, 5.26474195794e-006, 1.49675747707e-006, 7.48508227844e-007, 3.3302679725e-008, 1.04901497211e-010]
        min: [4.75892469811e-025, 4.46290286849e-024, 1.14303164432e-024, 9.97536209719e-025, 4.0739826093e-024, 8.47302718751e-024, 1.56772526644e-024, 4.45831090916e-024, 7.49649232863e-024, 1.10343599392e-023, 1.4789513764e-023, 2.22404974959e-023, 2.89853592097e-023, 3.54113759674e-023, 2.69995501867e-023, 5.23575628711e-023, 6.52520749685e-023, 8.44926322606e-023, 1.15425660646e-022, 1.37312713747e-022, 2.49260860953e-022, 3.30713967969e-022, 3.50908529464e-022, 5.0902313925e-022, 7.60200439953e-022, 1.29133980586e-021, 1.90733268581e-021]
        var: [2.58365507808e-012, 1.87378468297e-008, 6.44456719101e-008, 4.75585615334e-008, 1.63699681366e-007, 1.52012773924e-007, 2.7813138459e-008, 4.41048371158e-008, 1.19088930717e-007, 2.12632169649e-008, 1.36722082544e-008, 2.07167687449e-008, 1.51727768127e-008, 2.50824090386e-008, 5.06412902723e-008, 6.24092137969e-008, 1.01902962513e-007, 2.91637832106e-007, 2.63279247292e-007, 1.93950782545e-007, 3.90418968266e-008, 5.95904259271e-009, 2.66579508468e-010, 4.79096345929e-011, 7.44856867158e-012, 3.15098221495e-014, 2.06476727377e-019]
    frequency_bands:
        dmean: [9.11348138288e-007, 8.22534639155e-005, 0.000136857648613, 0.000123588251881, 0.000237427826505, 0.000158625654876, 7.77964523877e-005, 0.000101530415122, 0.000125824430143, 5.75239537284e-005, 4.54492983408e-005, 5.5886903283e-005, 6.00217354076e-005, 5.08322409587e-005, 0.000102360398159, 0.00011603890016, 0.000171011313796, 0.000218589892029, 0.000272349047009, 0.000253738224274, 0.000103170285001, 3.23912354361e-005, 6.25911570751e-006, 2.10884149965e-006, 9.95667505777e-007, 7.30571372287e-008, 2.85630907815e-010, 4.82161290061e-011]
        dmean2: [1.48467370309e-006, 0.000137101858854, 0.000237983113038, 0.000219521549297, 0.000399819720769, 0.00026123871794, 0.000135446127388, 0.000175284178113, 0.000200057649636, 9.40544778132e-005, 7.52422347432e-005, 9.39736710279e-005, 9.93235080387e-005, 8.17118707346e-005, 0.000169747785549, 0.000188063975656, 0.000285226036794, 0.00034914893331, 0.000448157457868, 0.000429970823461, 0.000169596911292, 5.14675739396e-005, 9.51001948124e-006, 3.08131507154e-006, 1.41610178161e-006, 1.08223574102e-007, 4.98489360901e-010, 9.00163416029e-011]
        dvar: [2.16577840731e-012, 1.80378432191e-008, 6.48209024234e-008, 6.34524752741e-008, 1.60324233889e-007, 1.13736660978e-007, 3.56059501883e-008, 5.02332540009e-008, 8.19542194108e-008, 1.46584806515e-008, 9.02781049916e-009, 1.28006547584e-008, 1.28171731006e-008, 1.30904895812e-008, 3.25093374443e-008, 3.06039922293e-008, 5.0969873655e-008, 1.20330213349e-007, 1.24801488255e-007, 1.40183928465e-007, 2.64991104615e-008, 2.76876299665e-009, 1.0223916852e-010, 1.75800780183e-011, 3.12100280515e-012, 1.83758885116e-014, 1.99603037432e-019, 7.30562847391e-021]
        dvar2: [5.076125284e-012, 4.53947208712e-008, 1.70664648635e-007, 1.74254850549e-007, 4.24970011181e-007, 2.77592306475e-007, 9.77606049446e-008, 1.31098857992e-007, 1.91177093711e-007, 3.46764359449e-008, 2.1902769376e-008, 3.35932561768e-008, 3.23369881983e-008, 2.84818000296e-008, 8.51842472116e-008, 7.35511207495e-008, 1.35132978585e-007, 2.73103154314e-007, 3.15113283023e-007, 3.62911777074e-007, 6.68734827514e-008, 6.72209576891e-009, 2.34539387911e-010, 4.03395268578e-011, 6.79839257806e-012, 3.96887689001e-014, 5.52229033964e-019, 2.35472260973e-020]
        max: [1.52804277604e-005, 0.00108950643335, 0.00365646998398, 0.00368672423065, 0.00433291075751, 0.0053453873843, 0.00515137519687, 0.00367307011038, 0.00613196427003, 0.0040844832547, 0.00215081893839, 0.00191038521007, 0.001440425287, 0.00323715689592, 0.00279535562731, 0.00365938362665, 0.00361039699055, 0.00616081198677, 0.00607212679461, 0.00442682486027, 0.00193026440684, 0.000820208108053, 0.000153475004481, 7.91086640675e-005, 3.9529055357e-005, 2.44611851485e-006, 4.88116791431e-009, 1.35258115819e-009]
        mean: [9.3979497251e-007, 8.66527552716e-005, 0.00013593112817, 0.000117231007607, 0.000310088275, 0.000192950246856, 8.05996241979e-005, 0.000100313111034, 0.000156395384693, 7.20056268619e-005, 5.6576627685e-005, 7.49031169107e-005, 7.76131564635e-005, 7.47261292418e-005, 0.000158781724167, 0.000219645546167, 0.000348950328771, 0.000425002945121, 0.000570456322748, 0.000439152005129, 0.000173280801391, 5.63053290534e-005, 1.15109032777e-005, 4.08384948969e-006, 1.80433664809e-006, 1.0445864973e-007, 2.72410094482e-010, 3.60850758996e-011]
        median: [3.36410039381e-007, 3.46565975633e-005, 4.57688875031e-005, 5.36058432772e-005, 0.000189578859136, 7.03015248291e-005, 3.81417339668e-005, 3.80714118364e-005, 5.36565275979e-005, 3.33658681484e-005, 2.26066949836e-005, 2.93199955195e-005, 4.21763106715e-005, 3.45641019521e-005, 8.79612271092e-005, 0.000160876166774, 0.000284012698103, 0.000274045014521, 0.000475262815598, 0.000326473498717, 0.000105779850855, 2.68817620963e-005, 5.26474195794e-006, 1.49675747707e-006, 7.48508227844e-007, 3.3302679725e-008, 1.04901497211e-010, 1.10986168173e-011]
        min: [4.75892469811e-025, 4.46290286849e-024, 1.14303164432e-024, 9.97536209719e-025, 4.0739826093e-024, 8.47302718751e-024, 1.56772526644e-024, 4.45831090916e-024, 7.49649232863e-024, 1.10343599392e-023, 1.4789513764e-023, 2.22404974959e-023, 2.89853592097e-023, 3.54113759674e-023, 2.69995501867e-023, 5.23575628711e-023, 6.52520749685e-023, 8.44926322606e-023, 1.15425660646e-022, 1.37312713747e-022, 2.49260860953e-022, 3.30713967969e-022, 3.50908529464e-022, 5.0902313925e-022, 7.60200439953e-022, 1.29133980586e-021, 1.90733268581e-021, 4.20291736464e-022]
        var: [2.58365507808e-012, 1.87378468297e-008, 6.44456719101e-008, 4.75585615334e-008, 1.63699681366e-007, 1.52012773924e-007, 2.7813138459e-008, 4.41048371158e-008, 1.19088930717e-007, 2.12632169649e-008, 1.36722082544e-008, 2.07167687449e-008, 1.51727768127e-008, 2.50824090386e-008, 5.06412902723e-008, 6.24092137969e-008, 1.01902962513e-007, 2.91637832106e-007, 2.63279247292e-007, 1.93950782545e-007, 3.90418968266e-008, 5.95904259271e-009, 2.66579508468e-010, 4.79096345929e-011, 7.44856867158e-012, 3.15098221495e-014, 2.06476727377e-019, 5.23089107267e-021]
    mfcc:
        mean: [-724.888366699, 91.6057357788, -53.9293289185, 58.7145843506, -10.330499649, -4.96155405045, -2.49767899513, -3.40803956985, -1.33873343468, -4.03541707993, -4.22351121902, -5.64056587219, -4.2890329361]
        cov: [[8417.83886719, 155.565322876, -713.4921875, 1400.67016602, -118.780540466, 115.683784485, 48.7744140625, 174.900802612, 40.9548683167, 6.01222848892, 35.1408081055, 21.1913089752, 56.4375801086], [155.565322876, 841.149108887, -303.742401123, -8.20782089233, -69.0681915283, -96.6232147217, 9.36505222321, -64.2835388184, -14.9569997787, -47.9951248169, -21.21900177, -29.6019821167, -42.5092658997], [-713.4921875, -303.742401123, 494.832122803, -243.18888855, -2.34483718872, 41.2999000549, -11.498008728, 4.14617490768, -30.9407157898, 12.878080368, 6.71899414063, 16.5142593384, 13.9874820709], [1400.67016602, -8.20782089233, -243.18888855, 692.481384277, 116.928627014, 69.8373031616, 36.9423980713, 38.9523162842, 112.903877258, 48.2852096558, -0.649053037167, 2.09876418114, 44.882183075], [-118.780540466, -69.0681915283, -2.34483718872, 116.928627014, 216.487136841, 61.9904136658, 0.574980318546, -0.329130977392, 31.1168384552, 26.4120121002, -2.43307113647, -1.46473503113, 12.1492185593], [115.683784485, -96.6232147217, 41.2999000549, 69.8373031616, 61.9904136658, 124.187286377, 40.6324157715, 23.5511646271, 15.9465618134, 17.4787864685, 12.8153448105, 8.67035293579, 11.6007966995], [48.7744140625, 9.36505222321, -11.498008728, 36.9423980713, 0.574980318546, 40.6324157715, 133.524658203, 54.5578308105, 27.7205791473, 0.990634024143, 10.8118028641, 20.5591831207, 7.63944339752], [174.900802612, -64.2835388184, 4.14617490768, 38.9523162842, -0.329130977392, 23.5511646271, 54.5578308105, 104.280982971, 33.2244491577, 11.7896604538, 6.79971504211, 7.18983078003, 8.55438518524], [40.9548683167, -14.9569997787, -30.9407157898, 112.903877258, 31.1168384552, 15.9465618134, 27.7205791473, 33.2244491577, 97.5106887817, 44.3706245422, 4.76057815552, -0.525775372982, 9.39604473114], [6.01222848892, -47.9951248169, 12.878080368, 48.2852096558, 26.4120121002, 17.4787864685, 0.990634024143, 11.7896604538, 44.3706245422, 74.6087036133, 21.9273872375, 3.75541043282, 3.03479671478], [35.1408081055, -21.21900177, 6.71899414063, -0.649053037167, -2.43307113647, 12.8153448105, 10.8118028641, 6.79971504211, 4.76057815552, 21.9273872375, 59.0407066345, 25.3793449402, 4.99625110626], [21.1913089752, -29.6019821167, 16.5142593384, 2.09876418114, -1.46473503113, 8.67035293579, 20.5591831207, 7.18983078003, -0.525775372982, 3.75541043282, 25.3793449402, 53.7162322998, 21.8420677185], [56.4375801086, -42.5092658997, 13.9874820709, 44.882183075, 12.1492185593, 11.6007966995, 7.63944339752, 8.55438518524, 9.39604473114, 3.03479671478, 4.99625110626, 21.8420677185, 52.8691673279]]
        icov: [[0.000240077686612, -3.09580718749e-005, 0.000107799030957, -0.000587386835832, 0.000406209321227, -0.000210096433875, 0.000226597519941, -0.000465968158096, 0.000618088175543, -3.92213805753e-005, -0.000103385500552, -9.48088854784e-005, 0.00012570497347], [-3.09580718749e-005, 0.00188304483891, 0.0011031369213, 0.000331735354848, 0.000154089255375, 0.000807009055279, -0.000938611803576, 0.00134440511465, -0.000408134248573, 0.000566700822674, -1.76463709067e-005, 0.000507975986693, 0.000511049875058], [0.000107799030957, 0.0011031369213, 0.0036212594714, 0.00119340268429, 0.000267105409876, -0.00120477308519, 0.000149760599015, 0.000142547476571, 0.000385160179576, -0.000909395283088, 0.000693169131409, -0.000327888526954, -0.000987307401374], [-0.000587386835832, 0.000331735354848, 0.00119340268429, 0.00404848065227, -0.00156383647118, -0.000624834734481, -0.000398826348828, 0.00119346496649, -0.00347389909439, -0.000123640042148, 0.000696622475516, 0.000450238934718, -0.00212520710193], [0.000406209321227, 0.000154089255375, 0.000267105409876, -0.00156383647118, 0.00676622940227, -0.00319371977821, 0.00109563127626, 0.000175705194124, 0.000168012673385, -0.0010313045932, 0.000977609772235, -0.00019668234745, -7.54323627916e-005], [-0.000210096433875, 0.000807009055279, -0.00120477308519, -0.000624834734481, -0.00319371977821, 0.0126253794879, -0.00409079995006, 0.000205664196983, 0.0010917421896, -0.000776450731792, -0.00201133429073, 0.00148467510007, -0.000328995112795], [0.000226597519941, -0.000938611803576, 0.000149760599015, -0.000398826348828, 0.00109563127626, -0.00409079995006, 0.0122054666281, -0.0056325267069, -0.00219310889952, 0.00239425664768, -7.76369142841e-006, -0.00454919226468, 0.00122841808479], [-0.000465968158096, 0.00134440511465, 0.000142547476571, 0.00119346496649, 0.000175705194124, 0.000205664196983, -0.0056325267069, 0.0150860985741, -0.00469852099195, 0.000544309557881, -0.000328263529809, 0.00138922652695, -0.000924219726585], [0.000618088175543, -0.000408134248573, 0.000385160179576, -0.00347389909439, 0.000168012673385, 0.0010917421896, -0.00219310889952, -0.00469852099195, 0.0209873057902, -0.0107402494177, 0.00191902706865, 0.00138658087235, -0.00120940560009], [-3.92213805753e-005, 0.000566700822674, -0.000909395283088, -0.000123640042148, -0.0010313045932, -0.000776450731792, 0.00239425664768, 0.000544309557881, -0.0107402494177, 0.0231913328171, -0.00851122196764, 0.00134747719858, 0.00164160598069], [-0.000103385500552, -1.76463709067e-005, 0.000693169131409, 0.000696622475516, 0.000977609772235, -0.00201133429073, -7.76369142841e-006, -0.000328263529809, 0.00191902706865, -0.00851122196764, 0.0254896022379, -0.0122054181993, 0.0023734823335], [-9.48088854784e-005, 0.000507975986693, -0.000327888526954, 0.000450238934718, -0.00019668234745, 0.00148467510007, -0.00454919226468, 0.00138922652695, 0.00138658087235, 0.00134747719858, -0.0122054181993, 0.0306809637696, -0.0114795360714], [0.00012570497347, 0.000511049875058, -0.000987307401374, -0.00212520710193, -7.54323627916e-005, -0.000328995112795, 0.00122841808479, -0.000924219726585, -0.00120940560009, 0.00164160598069, 0.0023734823335, -0.0114795360714, 0.0259572546929]]
    sccoeffs:
        dmean: [0.0578994490206, 0.0509962812066, 0.0407737158239, 0.0332565680146, 0.0209801569581, 0.0252762008458]
        dmean2: [0.0951911732554, 0.0846442431211, 0.0681679919362, 0.0550577193499, 0.0345155112445, 0.0398711375892]
        dvar: [0.00221246224828, 0.00176887086127, 0.00116267101839, 0.000742722360883, 0.00032489822479, 0.000498559325933]
        dvar2: [0.00586768984795, 0.00457515195012, 0.00309355184436, 0.0019356564153, 0.000827762007248, 0.00116244587116]
        max: [-0.344073683023, -0.453715413809, -0.540630340576, -0.549425005913, -0.615652024746, -0.520618379116]
        mean: [-0.701512753963, -0.780656695366, -0.807142615318, -0.787225365639, -0.799898326397, -0.732816874981]
        median: [-0.707268834114, -0.788610577583, -0.814145326614, -0.791461706161, -0.799884676933, -0.728651881218]
        min: [-0.978092551231, -0.978605985641, -0.985125601292, -0.984622836113, -0.979951918125, -0.975728571415]
        var: [0.00640282314271, 0.00462398957461, 0.00316751655191, 0.00268760928884, 0.00145478104241, 0.00309856166132]
    scvalleys:
        dmean: [0.413654744625, 0.450440853834, 0.396038472652, 0.319701611996, 0.272600740194, 0.413411289454]
        dmean2: [0.680087447166, 0.719542384148, 0.626302778721, 0.497490018606, 0.415711194277, 0.551973342896]
        dvar: [0.135509163141, 0.179510936141, 0.152262166142, 0.115131497383, 0.117799773812, 0.193040326238]
        dvar2: [0.303094029427, 0.395643681288, 0.310708910227, 0.229849278927, 0.229151830077, 0.353211134672]
        max: [-5.11679601669, -4.56610822678, -5.24316120148, -5.55729389191, -5.33292007446, -7.69830417633]
        mean: [-7.29361963272, -7.16410255432, -7.52938365936, -7.55091094971, -7.22305727005, -10.2672605515]
        median: [-6.67860555649, -6.72577905655, -7.08476543427, -7.02277517319, -6.56966781616, -9.73614692688]
        min: [-28.199590683, -28.3448143005, -27.8656959534, -27.7065029144, -27.5401325226, -27.4039020538]
        var: [8.45434856415, 8.05363845825, 7.66867733002, 7.75994634628, 8.36772632599, 6.73999881744]

rhythm:
    beats_loudness:
        dmean: 0.00306810741313
        dmean2: 0.00540836341679
        dvar: 5.72707040192e-006
        dvar2: 1.58721286425e-005
        max: 0.0177865102887
        mean: 0.00649925787002
        median: 0.00679740915075
        min: 0
        var: 1.12692714538e-005
    bpm: 110.002677917
    bpm_confidence: 0
    first_peak_bpm: 110
    first_peak_spread: 0.232758656144
    first_peak_weight: 0.733516454697
    onset_rate: 4.3925151825
    second_peak_bpm: 167
    second_peak_spread: 0
    second_peak_weight: 0.0219780225307
    beats_loudness_band_ratio:
        dmean: [0.0886796563864, 0.0754261985421, 0.0799931362271, 0.0532284788787, 0.0940364450216, 0.082550637424]
        dmean2: [0.154163375497, 0.130427017808, 0.143478304148, 0.0901064053178, 0.159495040774, 0.14786054194]
        dvar: [0.00773374643177, 0.00498167332262, 0.0188503116369, 0.00590301537886, 0.00762571021914, 0.00607120012864]
        dvar2: [0.0210037399083, 0.0136520694941, 0.0588054396212, 0.0168030001223, 0.0227708425373, 0.0173078309745]
        max: [0.654845714569, 0.491387248039, 0.945075392723, 0.781114280224, 0.748386502266, 0.553917765617]
        mean: [0.186212450266, 0.11096136272, 0.104033082724, 0.0829926654696, 0.265128940344, 0.264299750328]
        median: [0.177229702473, 0.0953647270799, 0.0635556578636, 0.0585945434868, 0.25851598382, 0.27933126688]
        min: [0, 0, 0, 0, 0, 0]
        var: [0.0122504690662, 0.00583285978064, 0.0192726459354, 0.00663922401145, 0.0135179283097, 0.0108235990629]
    beats_position: [0.557278871536, 1.13777780533, 1.69505667686, 2.2523355484, 2.79800438881, 3.34367346764, 3.87773227692, 4.43501138687, 4.98067998886, 5.52634906769, 6.06040811539, 6.6176867485, 7.16335582733, 7.70902490616, 8.25469398499, 8.80036258698, 9.34603118896, 9.89170074463, 10.4257593155, 10.9830379486, 11.5287075043, 12.0743761063, 12.6200447083, 13.1657142639, 13.6997728348, 14.2454423904, 14.7911109924, 15.3251695633, 15.870839119, 16.4165077209, 16.9737873077, 17.5194549561, 18.0651245117, 18.6224040985, 19.1680717468, 19.7137413025, 20.2710208893, 20.8050785065, 21.3507480621, 21.8964176178, 22.4536952972, 22.9993648529, 23.5450344086, 24.0790920258, 24.6131515503, 25.158821106, 25.7044887543, 26.2501583099, 26.7958278656, 27.3414955139, 27.8871650696, 28.4328346252, 28.9785022736, 29.5357818604, 30.081451416, 30.6271190643, 31.17278862, 31.7184581757, 32.264125824, 32.8097953796, 33.3438529968, 33.901134491, 34.4468002319, 34.9924697876, 35.5497512817, 36.0838088989, 36.6294784546, 37.1751480103, 37.7092056274, 38.2664833069, 38.8005447388, 39.3462142944, 39.8918800354, 40.4491615295, 40.9948310852, 41.5404968262, 42.0861663818, 42.6318359375, 43.1775054932, 43.7231750488, 44.257232666, 44.8145103455, 45.3601799011, 45.9058494568, 46.439907074, 46.9971885681, 47.5312461853, 48.0885238647, 48.6225852966, 49.1566429138, 49.7023124695, 50.2479820251, 50.7936515808, 51.3393173218, 51.8849868774, 52.4306564331, 52.9763259888, 53.5219955444, 54.0676651001, 54.6133308411, 55.1473922729, 55.7046699524, 56.2503395081, 56.7960090637, 57.3416786194, 57.8873443604, 58.433013916, 58.9786834717, 59.5359611511, 60.0816307068, 60.6273002625, 61.1613578796, 61.7070274353, 62.252696991, 62.7867546082, 63.3324241638, 63.8780937195, 64.4353713989, 64.9810409546, 65.5267105103, 66.0723800659, 66.6180496216, 67.1637191772, 67.7093887329, 68.2550582886, 68.8007278442, 69.3463897705, 69.8920593262, 70.4377288818, 70.9833984375, 71.5174560547, 72.0631256104, 72.608795166, 73.1660766602, 73.7117462158, 74.2574157715, 74.7914733887, 75.3371429443, 75.8828125, 76.4284820557, 76.9741516113, 77.5198135376, 78.0654830933, 78.6111526489, 79.1568222046, 79.7024917603, 80.2481613159, 80.8054428101, 81.3511123657, 81.8967819214, 82.4308395386, 82.9648971558, 83.5221786499, 84.0678405762, 84.6135101318, 85.170791626, 85.7164611816, 86.2621307373, 86.807800293, 87.3534698486, 87.8991394043, 88.44480896, 88.9904708862, 89.5361404419, 90.0702056885, 90.6274795532, 91.1731491089, 91.7188186646, 92.2528762817, 92.7985458374, 93.3442153931, 93.8898849487, 94.4355545044, 94.9812240601, 95.5268936157, 96.0725631714, 96.6182327271, 97.1638946533, 97.709564209, 98.2552337646, 98.8009033203, 99.346572876, 99.8922424316, 100.437911987, 100.983581543, 101.529251099, 102.074920654, 102.62059021, 103.166259766, 103.711929321, 104.257591248, 104.803260803, 105.348930359, 105.894599915, 106.44026947, 106.985939026, 107.531608582, 108.077278137, 108.622947693, 109.15700531, 109.702674866, 110.248344421, 110.794013977, 111.351287842, 111.896957397, 112.442626953, 112.988296509, 113.522354126, 114.068023682, 114.613693237, 115.159362793, 115.705032349, 116.250701904, 116.79637146, 117.342041016, 117.887710571, 118.433380127, 118.979042053, 119.524711609, 120.070381165, 120.61605072, 121.161720276, 121.695777893, 122.253059387, 122.798728943, 123.344398499, 123.890068054, 124.43573761, 124.981407166, 125.527069092, 126.072738647, 126.618408203, 127.164077759, 127.709747314, 128.243804932, 128.789474487, 129.335144043, 129.892425537, 130.438095093, 130.983764648, 131.529434204, 132.07510376, 132.609161377, 133.154830933, 133.700500488, 134.246170044, 134.7918396, 135.337509155, 135.883178711, 136.428848267, 136.974502563, 137.520172119, 138.065841675, 138.623123169, 139.168792725, 139.71446228, 140.260131836, 140.805801392, 141.351470947, 141.897140503, 142.442810059, 142.988479614, 143.522537231, 144.068206787, 144.613876343, 145.171157837, 145.716827393, 146.262496948, 146.808166504, 147.342224121, 147.887893677, 148.433563232, 148.979232788, 149.524902344, 150.070556641, 150.616226196, 151.161895752, 151.707565308, 152.253234863, 152.798904419, 153.344573975, 153.878631592, 154.424301147, 154.969970703, 155.50402832, 156.061309814, 156.60697937, 157.152648926, 157.686706543, 158.243988037, 158.789657593, 159.335327148, 159.892608643, 160.438278198, 160.983947754, 161.52961731, 162.075286865, 162.609344482, 163.155014038, 163.700683594, 164.257949829, 164.792022705, 165.337677002, 165.883346558, 166.440628052, 166.997909546, 167.543579102, 168.089248657, 168.634918213, 169.180587769, 169.714645386, 170.260314941, 170.805984497, 171.351654053, 171.897323608, 172.442993164, 172.98866272, 173.522720337, 174.068389893, 174.614059448, 175.159729004, 175.70539856, 176.251068115, 176.796737671, 177.342407227, 177.888076782, 178.433731079, 178.979400635, 179.536682129, 180.082351685, 180.62802124, 181.173690796, 181.719360352, 182.253417969, 182.775863647, 183.333145142, 183.878814697, 184.424484253, 184.970153809, 185.527435303, 186.073104858, 186.618774414, 187.16444397, 187.710113525, 188.255783081, 188.801452637, 189.347122192, 189.892791748, 190.438461304, 190.984130859, 191.518188477, 191.924530029, 192.319274902, 192.737228394, 193.155181885, 193.480270386, 193.851791382, 194.211700439, 194.571609497, 194.931518555, 195.291427612, 195.65133667, 196.011245728, 196.371154785, 196.731063843]
