
metadata:
    version:
        essentia: "2.1-beta2"
    audio_properties:
        analysis_sample_rate: 44100
        bitrate: 128
        channels: 2
        equal_loudness: 1
        length: 180.088165283
        replay_gain: -11.7558441162
        downmix: "mix"
    tags:
        album: "Le bien-être et la paix"
        artist: "Mass Hysteria"
        comment: ""
        date: "1997"
        genre: "Metal"
        title: "Respect to the dance floor"
        tracknumber: "9"

configuration:
    average_loudness:
        compute: 1
        frameSize: 88200
        hopSize: 44100
        silentFrames: "noise"
        windowType: "hann"
    general:
        analysisSampleRate: 44100
        endTime: 2000
        equalLoudness: 1
        nequalLoudness: 0
        shortSound: 0
        startTime: 0
    lowlevel:
        compute: 1
        frameSize: 2048
        hopSize: 1024
        zeroPadding: 0
        silentFrames: "noise"
        windowType: "blackmanharris62"
        mfccStats: ["mean", "cov", "icov"]
        stats: ["mean", "var", "median", "min", "max", "dmean", "dmean2", "dvar", "dvar2"]
    panning:
        compute: 0
        frameSize: 8192
        hopSize: 2048
        zeroPadding: 8192
        silentFrames: "noise"
        windowType: "hann"
        stats: ["copy"]
    rhythm:
        compute: 1
        maxTempo: 208
        minTempo: 40
        method: "degara"
        stats: ["mean", "var", "median", "min", "max", "dmean", "dmean2", "dvar", "dvar2"]
    segmentation:
        compute: 0
        cpw: 5
        inc1: 300
        inc2: 50
        minimumSegmentsLength: 10
        size1: 1000
        size2: 600
    sfx:
        compute: 1
        stats: ["mean", "var", "median", "min", "max", "dmean", "dmean2", "dvar", "dvar2"]
    svm:
        compute: 0
    tonal:
        compute: 1
        frameSize: 4096
        hopSize: 2048
        zeroPadding: 0
        silentFrames: "noise"
        windowType: "blackmanharris62"
        stats: ["mean", "var", "median", "min", "max", "dmean", "dmean2", "dvar", "dvar2"]

lowlevel:
    average_loudness: 0.880737841129
    barkbands_kurtosis:
        dmean: 0.632904529572
        dmean2: 1.01619899273
        dvar: 1.27770745754
        dvar2: 2.95466423035
        max: 49.01222229
        mean: -0.759834766388
        median: -1.26364469528
        min: -1.8860616684
        var: 3.41534113884
    barkbands_skewness:
        dmean: 0.381233721972
        dmean2: 0.584283351898
        dvar: 0.119552917778
        dvar2: 0.272215366364
        max: 4.18307924271
        mean: -0.265410482883
        median: -0.26850605011
        min: -4.45743751526
        var: 0.583082079887
    barkbands_spread:
        dmean: 5.42978239059
        dmean2: 8.39267635345
        dvar: 22.1432571411
        dvar2: 49.3312644958
        max: 70.8855895996
        mean: 36.2820396423
        median: 36.7952919006
        min: 1.14044821262
        var: 93.2321243286
    dissonance:
        dmean: 0.0108057493344
        dmean2: 0.0183350779116
        dvar: 0.000115310947876
        dvar2: 0.000318351929309
        max: 0.500000119209
        mean: 0.481865435839
        median: 0.485337138176
        min: 0.353107243776
        var: 0.000191292056115
    hfc:
        dmean: 2.28967881203
        dmean2: 3.39920449257
        dvar: 8.56780529022
        dvar2: 20.0445289612
        max: 45.3772354126
        mean: 8.60672092438
        median: 7.66603279114
        min: 1.15362340466e-016
        var: 31.2811470032
    pitch:
        dmean: 1063.05200195
        dmean2: 2048.52929688
        dvar: 2071063.125
        dvar2: 4887791
        max: 4682.60253906
        mean: 1959.62683105
        median: 1428.79821777
        min: 80.2238922119
        var: 2772670.25
    pitch_instantaneous_confidence:
        dmean: 0.0779205784202
        dmean2: 0.126842737198
        dvar: 0.00420742342249
        dvar2: 0.0104411644861
        max: 0.875149130821
        mean: 0.354173332453
        median: 0.329292953014
        min: 0.120897471905
        var: 0.0140269389376
    pitch_salience:
        dmean: 0.0546190552413
        dmean2: 0.0879812538624
        dvar: 0.00240287696943
        dvar2: 0.00616467325017
        max: 0.926263332367
        mean: 0.670253157616
        median: 0.685722470284
        min: 0.206233933568
        var: 0.00669755740091
    silence_rate_20dB:
        dmean: 0
        dmean2: 0
        dvar: 0
        dvar2: 0
        max: 1
        mean: 1
        median: 1
        min: 1
        var: 0
    silence_rate_30dB:
        dmean: 0
        dmean2: 0
        dvar: 0
        dvar2: 0
        max: 1
        mean: 1
        median: 1
        min: 1
        var: 0
    silence_rate_60dB:
        dmean: 0.119133576751
        dmean2: 0.238297879696
        dvar: 0.104951769114
        dvar2: 0.21477162838
        max: 1
        mean: 0.333376318216
        median: 0
        min: 0
        var: 0.222214147449
    spectral_centroid:
        dmean: 267.52557373
        dmean2: 411.454742432
        dvar: 70706.4921875
        dvar2: 143034.59375
        max: 11374.8710938
        mean: 1982.92565918
        median: 1991.56945801
        min: 308.048431396
        var: 305669.21875
    spectral_complexity:
        dmean: 4.08612680435
        dmean2: 6.11553859711
        dvar: 16.5535297394
        dvar2: 34.0888557434
        max: 46
        mean: 16.3800430298
        median: 16
        min: 0
        var: 81.4826049805
    spectral_crest:
        dmean: 1.68414247036
        dmean2: 2.71390366554
        dvar: 2.87353539467
        dvar2: 6.86045885086
        max: 23.9778823853
        mean: 6.05484199524
        median: 5.35416984558
        min: 2.41709208488
        var: 6.21219205856
    spectral_decrease:
        dmean: 2.71919015082e-010
        dmean2: 4.11440853609e-010
        dvar: 1.49672373556e-019
        dvar2: 3.57028729966e-019
        max: -3.03070866155e-029
        mean: -9.60343471412e-010
        median: -8.52817205743e-010
        min: -4.52297710396e-009
        var: 3.6489612232e-019
    spectral_energy:
        dmean: 0.00120150565635
        dmean2: 0.00180483586155
        dvar: 2.85981377601e-006
        dvar2: 6.77211710354e-006
        max: 0.0205783490092
        mean: 0.0044052186422
        median: 0.00392787624151
        min: 1.05780850319e-020
        var: 7.47961394154e-006
    spectral_energyband_high:
        dmean: 0.000161843345268
        dmean2: 0.000252198602539
        dvar: 4.22390051824e-008
        dvar2: 1.00175924445e-007
        max: 0.00381923257373
        mean: 0.000470384111395
        median: 0.000407382991398
        min: 7.74203410169e-021
        var: 1.10829283528e-007
    spectral_energyband_low:
        dmean: 0.000265951995971
        dmean2: 0.000429564184742
        dvar: 1.67800692452e-007
        dvar2: 4.26035711598e-007
        max: 0.00423162803054
        mean: 0.000440702395281
        median: 0.00028317279066
        min: 4.39456171834e-023
        var: 2.5675998927e-007
    spectral_energyband_middle_high:
        dmean: 0.000627162866294
        dmean2: 0.000945907144342
        dvar: 5.85956399846e-007
        dvar2: 1.33768094202e-006
        max: 0.0136482995003
        mean: 0.0022320211865
        median: 0.00193233694881
        min: 1.61164631298e-021
        var: 2.61590435002e-006
    spectral_energyband_middle_low:
        dmean: 0.000672408554237
        dmean2: 0.00106821756344
        dvar: 1.15491684483e-006
        dvar2: 2.96650568998e-006
        max: 0.012248900719
        mean: 0.00142731040251
        median: 0.00111555564217
        min: 2.92624254612e-022
        var: 1.56635962867e-006
    spectral_flatness_db:
        dmean: 0.0141898877919
        dmean2: 0.0211924687028
        dvar: 0.000165594159625
        dvar2: 0.000367013330106
        max: 0.311989188194
        mean: 0.128639236093
        median: 0.122941643
        min: 0.0620169006288
        var: 0.000859352701809
    spectral_flux:
        dmean: 0.00716431858018
        dmean2: 0.0105327265337
        dvar: 7.01417084201e-005
        dvar2: 0.000129544248921
        max: 0.112969271839
        mean: 0.0408023260534
        median: 0.0391919538379
        min: 1.02849818939e-010
        var: 0.000267532566795
    spectral_kurtosis:
        dmean: 0.791973233223
        dmean2: 1.30885159969
        dvar: 0.724710047245
        dvar2: 2.07185173035
        max: 13.2547569275
        mean: 3.35235548019
        median: 3.22197794914
        min: -1.20631980896
        var: 1.62397050858
    spectral_rms:
        dmean: 0.000265995389782
        dmean2: 0.000387840147596
        dvar: 9.94401077037e-008
        dvar2: 2.21296090785e-007
        max: 0.00448067393154
        mean: 0.00196187756956
        median: 0.00195756857283
        min: 3.21248865183e-012
        var: 4.48818013865e-007
    spectral_rolloff:
        dmean: 309.461425781
        dmean2: 497.443786621
        dvar: 205063.875
        dvar2: 427763
        max: 18755.4199219
        mean: 3662.08178711
        median: 3746.77734375
        min: 172.265625
        var: 369356.65625
    spectral_skewness:
        dmean: 0.131464913487
        dmean2: 0.216048896313
        dvar: 0.0155019694939
        dvar2: 0.0415699928999
        max: 2.92120742798
        mean: 1.28892254829
        median: 1.31635546684
        min: -0.0362529717386
        var: 0.0553685836494
    spectral_spread:
        dmean: 547021.125
        dmean2: 756606.25
        dvar: 402713575424
        dvar2: 649549119488
        max: 39824820
        mean: 5059965.5
        median: 5018195
        min: 1842775.25
        var: 1.68077570867e+012
    spectral_strongpeak:
        dmean: 0.426627665758
        dmean2: 0.736747086048
        dvar: 0.420216858387
        dvar2: 1.08697617054
        max: 7.87929439545
        mean: 0.599996268749
        median: 0.245374783874
        min: 1.7550418896e-009
        var: 0.718860983849
    zerocrossingrate:
        dmean: 0.0078093521297
        dmean2: 0.00945250783116
        dvar: 7.12202308932e-005
        dvar2: 8.09075136203e-005
        max: 0.50390625
        mean: 0.111930400133
        median: 0.11279296875
        min: 0.02294921875
        var: 0.000475806969916
    barkbands:
        dmean: [6.26899122835e-007, 9.03722830117e-005, 0.000155101035489, 0.000211578168091, 0.000217555818381, 0.000164583179867, 0.000121887496789, 0.000180785224074, 0.000121913857583, 5.6367371144e-005, 6.43562016194e-005, 4.88148070872e-005, 3.92225119867e-005, 4.639632607e-005, 6.55968979117e-005, 0.000113204441732, 0.000169438673765, 0.000186271077837, 0.00023071472242, 0.000180071263458, 7.45469878893e-005, 2.29574015975e-005, 5.79929292144e-006, 2.56503062701e-006, 1.2211627336e-006, 1.97628381216e-007, 5.14538855967e-010]
        dmean2: [1.00373790701e-006, 0.0001517599012, 0.000264546397375, 0.000345553940861, 0.000370309659047, 0.000274607707979, 0.000214767016587, 0.000294955360005, 0.000192317122128, 9.30348833208e-005, 0.000100921068224, 7.28677259758e-005, 6.14631499047e-005, 7.52903943066e-005, 0.000103364043753, 0.000184684671694, 0.000278831430478, 0.000302129454212, 0.000380835903343, 0.000289581017569, 0.000118733471027, 3.56977325282e-005, 8.62798697199e-006, 3.55726524504e-006, 1.68781627963e-006, 2.84143141016e-007, 8.42217628971e-010]
        dvar: [1.08818639863e-012, 2.6921638252e-008, 7.43891064303e-008, 1.11693708504e-007, 1.7305643496e-007, 7.76200153041e-008, 6.0876459429e-008, 1.46542163293e-007, 4.94287775155e-008, 5.13942524094e-008, 1.52175196888e-008, 1.39866997984e-008, 8.40004599212e-009, 1.06154196544e-008, 2.20544524865e-008, 3.12707371108e-008, 4.77851003211e-008, 9.11628887934e-008, 9.40466122756e-008, 4.71078180908e-008, 9.94264226506e-009, 1.15307219328e-009, 5.92700749591e-011, 1.45365698645e-011, 2.45215371446e-012, 9.6868924015e-014, 5.24280203728e-019]
        dvar2: [2.72743589866e-012, 7.17536110528e-008, 2.03833693035e-007, 2.83269741885e-007, 4.81153051624e-007, 1.99073099338e-007, 1.71258506043e-007, 3.80776555176e-007, 1.10470701031e-007, 1.35432472348e-007, 3.13688985898e-008, 2.67544564281e-008, 1.98658884898e-008, 2.4695841816e-008, 4.95900387421e-008, 7.70398287386e-008, 1.25173542642e-007, 2.08169097959e-007, 2.48015851412e-007, 1.18110101255e-007, 2.38956996412e-008, 2.82573275889e-009, 1.34185149103e-010, 2.76012910444e-011, 4.77354527434e-012, 2.12509033265e-013, 1.28100684498e-018]
        max: [1.45309286381e-005, 0.00156249525025, 0.00283301854506, 0.00431791087613, 0.00724387960508, 0.0061488323845, 0.00266020302661, 0.00499764829874, 0.00383955333382, 0.00684147980064, 0.00307559035718, 0.00269262329675, 0.00200310861692, 0.00215239496902, 0.00408543180674, 0.00450111739337, 0.00361747061834, 0.00747349252924, 0.00580515665933, 0.00430654594675, 0.00211080908775, 0.000851003394928, 0.000128699903144, 0.000211221631616, 3.1551317079e-005, 2.91866672342e-006, 1.29465602683e-008]
        mean: [8.73044541549e-007, 0.000120831391541, 0.000182368807145, 0.000295462028589, 0.000295848731184, 0.000245035509579, 0.000138721181429, 0.000250429235166, 0.000183107651537, 7.29495586711e-005, 0.000109109212644, 7.94813313405e-005, 5.19850909768e-005, 6.5412656113e-005, 0.000112345216621, 0.000225847674301, 0.000355638214387, 0.000403168553021, 0.000518042477779, 0.000438805524027, 0.000188579550013, 5.04501404066e-005, 1.22206101878e-005, 5.5843802329e-006, 2.60940714725e-006, 3.0763899872e-007, 6.16104667284e-010]
        median: [4.66617166239e-007, 6.05631248618e-005, 9.58480595727e-005, 0.000136230592034, 0.000190791717614, 0.00014498521341, 8.03442962933e-005, 9.53339040279e-005, 8.68571296451e-005, 3.19939281326e-005, 4.70281884191e-005, 2.74790490948e-005, 2.12266750168e-005, 3.22662235703e-005, 6.4056373958e-005, 0.000163934397278, 0.000276835286058, 0.000275899306871, 0.00042803256656, 0.000378927477868, 0.000160371142556, 3.57109493052e-005, 9.01427574718e-006, 3.85873045161e-006, 1.81094810614e-006, 1.60708196972e-007, 3.14046538774e-010]
        min: [3.19771615244e-023, 1.05352736768e-023, 1.09868870787e-023, 1.8737116912e-024, 9.60312313015e-023, 6.67791582197e-023, 2.74389646435e-023, 3.62593067772e-023, 3.70579274696e-023, 3.55690377079e-023, 1.22640557242e-022, 7.58347386754e-023, 1.48734144855e-022, 9.37180134484e-023, 2.18454492074e-022, 2.245255656e-022, 1.41272378972e-022, 1.57033037309e-022, 2.59061921275e-022, 3.43753270753e-022, 4.76851397294e-022, 5.91335536673e-022, 6.39027517404e-022, 8.38255815766e-022, 1.13001646332e-021, 1.53675122755e-021, 2.54977272714e-021]
        var: [1.43228733995e-012, 3.13873158575e-008, 7.28848306153e-008, 1.78445844767e-007, 1.53988054308e-007, 1.1090428842e-007, 4.54942430395e-008, 1.84957741567e-007, 9.96308102685e-008, 4.35579963209e-008, 4.61966003229e-008, 3.73816853028e-008, 1.12323244039e-008, 1.65137414854e-008, 4.29145181613e-008, 8.55863930838e-008, 1.14083150038e-007, 2.59115523704e-007, 1.9568433629e-007, 1.07718989284e-007, 2.07909103267e-008, 2.53020004948e-009, 1.43037789946e-010, 4.47712526774e-011, 6.51934842916e-012, 1.53065399439e-013, 6.93382494111e-019]
    frequency_bands:
        dmean: [6.26899122835e-007, 9.03722830117e-005, 0.000155101035489, 0.000211578168091, 0.000217555818381, 0.000164583179867, 0.000121887496789, 0.000180785224074, 0.000121913857583, 5.6367371144e-005, 6.43562016194e-005, 4.88148070872e-005, 3.92225119867e-005, 4.639632607e-005, 6.55968979117e-005, 0.000113204441732, 0.000169438673765, 0.000186271077837, 0.00023071472242, 0.000180071263458, 7.45469878893e-005, 2.29574015975e-005, 5.79929292144e-006, 2.56503062701e-006, 1.2211627336e-006, 1.97628381216e-007, 5.14538855967e-010, 5.31688651439e-011]
        dmean2: [1.00373790701e-006, 0.0001517599012, 0.000264546397375, 0.000345553940861, 0.000370309659047, 0.000274607707979, 0.000214767016587, 0.000294955360005, 0.000192317122128, 9.30348833208e-005, 0.000100921068224, 7.28677259758e-005, 6.14631499047e-005, 7.52903943066e-005, 0.000103364043753, 0.000184684671694, 0.000278831430478, 0.000302129454212, 0.000380835903343, 0.000289581017569, 0.000118733471027, 3.56977325282e-005, 8.62798697199e-006, 3.55726524504e-006, 1.68781627963e-006, 2.84143141016e-007, 8.42217628971e-010, 9.85980394552e-011]
        dvar: [1.08818639863e-012, 2.6921638252e-008, 7.43891064303e-008, 1.11693708504e-007, 1.7305643496e-007, 7.76200153041e-008, 6.0876459429e-008, 1.46542163293e-007, 4.94287775155e-008, 5.13942524094e-008, 1.52175196888e-008, 1.39866997984e-008, 8.40004599212e-009, 1.06154196544e-008, 2.20544524865e-008, 3.12707371108e-008, 4.77851003211e-008, 9.11628887934e-008, 9.40466122756e-008, 4.71078180908e-008, 9.94264226506e-009, 1.15307219328e-009, 5.92700749591e-011, 1.45365698645e-011, 2.45215371446e-012, 9.6868924015e-014, 5.24280203728e-019, 5.81065057412e-021]
        dvar2: [2.72743589866e-012, 7.17536110528e-008, 2.03833693035e-007, 2.83269741885e-007, 4.81153051624e-007, 1.99073099338e-007, 1.71258506043e-007, 3.80776555176e-007, 1.10470701031e-007, 1.35432472348e-007, 3.13688985898e-008, 2.67544564281e-008, 1.98658884898e-008, 2.4695841816e-008, 4.95900387421e-008, 7.70398287386e-008, 1.25173542642e-007, 2.08169097959e-007, 2.48015851412e-007, 1.18110101255e-007, 2.38956996412e-008, 2.82573275889e-009, 1.34185149103e-010, 2.76012910444e-011, 4.77354527434e-012, 2.12509033265e-013, 1.28100684498e-018, 1.86104942638e-020]
        max: [1.45309286381e-005, 0.00156249525025, 0.00283301854506, 0.00431791087613, 0.00724387960508, 0.0061488323845, 0.00266020302661, 0.00499764829874, 0.00383955333382, 0.00684147980064, 0.00307559035718, 0.00269262329675, 0.00200310861692, 0.00215239496902, 0.00408543180674, 0.00450111739337, 0.00361747061834, 0.00747349252924, 0.00580515665933, 0.00430654594675, 0.00211080908775, 0.000851003394928, 0.000128699903144, 0.000211221631616, 3.1551317079e-005, 2.91866672342e-006, 1.29465602683e-008, 9.89368476034e-010]
        mean: [8.73044541549e-007, 0.000120831391541, 0.000182368807145, 0.000295462028589, 0.000295848731184, 0.000245035509579, 0.000138721181429, 0.000250429235166, 0.000183107651537, 7.29495586711e-005, 0.000109109212644, 7.94813313405e-005, 5.19850909768e-005, 6.5412656113e-005, 0.000112345216621, 0.000225847674301, 0.000355638214387, 0.000403168553021, 0.000518042477779, 0.000438805524027, 0.000188579550013, 5.04501404066e-005, 1.22206101878e-005, 5.5843802329e-006, 2.60940714725e-006, 3.0763899872e-007, 6.16104667284e-010, 4.20689698355e-011]
        median: [4.66617166239e-007, 6.05631248618e-005, 9.58480595727e-005, 0.000136230592034, 0.000190791717614, 0.00014498521341, 8.03442962933e-005, 9.53339040279e-005, 8.68571296451e-005, 3.19939281326e-005, 4.70281884191e-005, 2.74790490948e-005, 2.12266750168e-005, 3.22662235703e-005, 6.4056373958e-005, 0.000163934397278, 0.000276835286058, 0.000275899306871, 0.00042803256656, 0.000378927477868, 0.000160371142556, 3.57109493052e-005, 9.01427574718e-006, 3.85873045161e-006, 1.81094810614e-006, 1.60708196972e-007, 3.14046538774e-010, 1.61697218115e-011]
        min: [3.19771615244e-023, 1.05352736768e-023, 1.09868870787e-023, 1.8737116912e-024, 9.60312313015e-023, 6.67791582197e-023, 2.74389646435e-023, 3.62593067772e-023, 3.70579274696e-023, 3.55690377079e-023, 1.22640557242e-022, 7.58347386754e-023, 1.48734144855e-022, 9.37180134484e-023, 2.18454492074e-022, 2.245255656e-022, 1.41272378972e-022, 1.57033037309e-022, 2.59061921275e-022, 3.43753270753e-022, 4.76851397294e-022, 5.91335536673e-022, 6.39027517404e-022, 8.38255815766e-022, 1.13001646332e-021, 1.53675122755e-021, 2.54977272714e-021, 6.76534786356e-022]
        var: [1.43228733995e-012, 3.13873158575e-008, 7.28848306153e-008, 1.78445844767e-007, 1.53988054308e-007, 1.1090428842e-007, 4.54942430395e-008, 1.84957741567e-007, 9.96308102685e-008, 4.35579963209e-008, 4.61966003229e-008, 3.73816853028e-008, 1.12323244039e-008, 1.65137414854e-008, 4.29145181613e-008, 8.55863930838e-008, 1.14083150038e-007, 2.59115523704e-007, 1.9568433629e-007, 1.07718989284e-007, 2.07909103267e-008, 2.53020004948e-009, 1.43037789946e-010, 4.47712526774e-011, 6.51934842916e-012, 1.53065399439e-013, 6.93382494111e-019, 4.73673668669e-021]
    mfcc:
        mean: [-702.019897461, 88.9697036743, -43.2470779419, 61.1971817017, -13.6072177887, -10.9570932388, -3.44559526443, -2.53371787071, 2.36195683479, -2.67763590813, -6.39746236801, -2.03195953369, -1.59123754501]
        cov: [[4753.46386719, 580.380249023, -200.806472778, 361.886291504, 36.2631645203, 33.0362205505, 36.3200531006, 87.2858657837, -31.982049942, -4.71923208237, -18.9037837982, -10.3264160156, -30.3993816376], [580.380249023, 636.345336914, -154.659698486, 139.865692139, 1.54435932636, 11.5288276672, 65.2597045898, 15.952796936, 34.9052314758, -15.4488382339, -19.6440372467, 23.4231052399, 5.76783466339], [-200.806472778, -154.659698486, 395.628997803, -48.2290077209, 50.4099273682, 54.3919830322, -13.0027313232, 21.3413162231, 2.71478509903, 39.2961425781, 32.943145752, 7.44157886505, 12.8645715714], [361.886291504, 139.865692139, -48.2290077209, 222.177352905, 59.5012207031, 7.23996162415, 5.7011885643, -0.629745960236, 22.8093528748, -1.8473085165, -19.9877281189, -10.3620214462, -7.67146492004], [36.2631645203, 1.54435932636, 50.4099273682, 59.5012207031, 134.814727783, 50.4876403809, 13.3105516434, 16.9016513824, 17.0241622925, 21.5346355438, 8.70303153992, 4.58292531967, -2.19554257393], [33.0362205505, 11.5288276672, 54.3919830322, 7.23996162415, 50.4876403809, 103.97718811, 52.8714599609, 31.3322505951, 12.5397052765, 5.87354946136, 7.28324890137, 0.315220922232, -4.89252662659], [36.3200531006, 65.2597045898, -13.0027313232, 5.7011885643, 13.3105516434, 52.8714599609, 108.794296265, 52.7624588013, 19.6564350128, -12.7096099854, -11.2843751907, 5.96941232681, 1.07615888119], [87.2858657837, 15.952796936, 21.3413162231, -0.629745960236, 16.9016513824, 31.3322505951, 52.7624588013, 78.8041000366, 30.1205101013, 3.95536780357, -7.70067644119, 0.0238450225443, 3.87046003342], [-31.982049942, 34.9052314758, 2.71478509903, 22.8093528748, 17.0241622925, 12.5397052765, 19.6564350128, 30.1205101013, 71.3028640747, 22.2858695984, -4.40457677841, -1.44925582409, -0.0929544568062], [-4.71923208237, -15.4488382339, 39.2961425781, -1.8473085165, 21.5346355438, 5.87354946136, -12.7096099854, 3.95536780357, 22.2858695984, 63.1523895264, 30.6039505005, 11.0479888916, -1.34824764729], [-18.9037837982, -19.6440372467, 32.943145752, -19.9877281189, 8.70303153992, 7.28324890137, -11.2843751907, -7.70067644119, -4.40457677841, 30.6039505005, 62.052696228, 21.9736976624, 1.48026895523], [-10.3264160156, 23.4231052399, 7.44157886505, -10.3620214462, 4.58292531967, 0.315220922232, 5.96941232681, 0.0238450225443, -1.44925582409, 11.0479888916, 21.9736976624, 51.4363517761, 18.9104347229], [-30.3993816376, 5.76783466339, 12.8645715714, -7.67146492004, -2.19554257393, -4.89252662659, 1.07615888119, 3.87046003342, -0.0929544568062, -1.34824764729, 1.48026895523, 18.9104347229, 43.1446800232]]
        icov: [[0.00028811552329, -0.000203692427021, 8.03910297691e-005, -0.000440432835603, 0.00016828085063, -0.00015541051107, 0.00032078314689, -0.000741594762076, 0.000646331056487, -0.000224998831982, -5.86898422625e-005, 3.22258420056e-005, 0.000159668605193], [-0.000203692427021, 0.00236916309223, 0.000563207315281, -0.0010730115464, 0.00050134799676, -0.000152524808072, -0.00130350375548, 0.000854882062413, -0.00113096553832, 0.000278427847661, 0.000131573950057, -0.00136431853753, -0.00025519283372], [8.03910297691e-005, 0.000563207315281, 0.00349381193519, 0.000294885889161, -0.00054298597388, -0.0020180970896, 0.00141883757897, -0.0013119460782, 0.000554738508072, -0.00129071820993, -0.000511431659106, 0.000195738335606, -0.00128953845706], [-0.000440432835603, -0.0010730115464, 0.000294885889161, 0.0073954872787, -0.00381920184009, 0.000948199536651, 4.79930395159e-006, 0.00209901295602, -0.00229257484898, 0.000696557050105, 0.00147992535494, 0.00126100552734, 0.00019827343931], [0.00016828085063, 0.00050134799676, -0.00054298597388, -0.00381920184009, 0.0117802219465, -0.00546380551532, 0.00145368208177, -0.00144570518751, 0.000253747275565, -0.00268720183522, 0.000281592307147, -0.00170114135835, 0.000260211207205], [-0.00015541051107, -0.000152524808072, -0.0020180970896, 0.000948199536651, -0.00546380551532, 0.0178784132004, -0.00860725156963, 0.000241085916059, -0.000146165650222, 0.000738886708859, -0.00281689316034, 0.00230000214651, 0.00173495267518], [0.00032078314689, -0.00130350375548, 0.00141883757897, 4.79930395159e-006, 0.00145368208177, -0.00860725156963, 0.0202033165842, -0.0108983181417, -0.000319367420161, 0.00401866203174, 0.00141891848762, -0.00393812358379, 0.00135204941034], [-0.000741594762076, 0.000854882062413, -0.0013119460782, 0.00209901295602, -0.00144570518751, 0.000241085916059, -0.0108983181417, 0.0246861185879, -0.0081563713029, -0.000611500814557, 0.00192886067089, 0.00149587041233, -0.00261986022815], [0.000646331056487, -0.00113096553832, 0.000554738508072, -0.00229257484898, 0.000253747275565, -0.000146165650222, -0.000319367420161, -0.0081563713029, 0.0226096846163, -0.0104207908735, 0.00397441210225, 0.00139269314241, -0.000254162674537], [-0.000224998831982, 0.000278427847661, -0.00129071820993, 0.000696557050105, -0.00268720183522, 0.000738886708859, 0.00401866203174, -0.000611500814557, -0.0104207908735, 0.0284097194672, -0.0121647380292, -0.00217618769966, 0.00245114904828], [-5.86898422625e-005, 0.000131573950057, -0.000511431659106, 0.00147992535494, 0.000281592307147, -0.00281689316034, 0.00141891848762, 0.00192886067089, 0.00397441210225, -0.0121647380292, 0.0273980647326, -0.00990960374475, 0.00287498370744], [3.22258420056e-005, -0.00136431853753, 0.000195738335606, 0.00126100552734, -0.00170114135835, 0.00230000214651, -0.00393812358379, 0.00149587041233, 0.00139269314241, -0.00217618769966, -0.00990960374475, 0.0302083306015, -0.0124561740085], [0.000159668605193, -0.00025519283372, -0.00128953845706, 0.00019827343931, 0.000260211207205, 0.00173495267518, 0.00135204941034, -0.00261986022815, -0.000254162674537, 0.00245114904828, 0.00287498370744, -0.0124561740085, 0.0295924749225]]
    sccoeffs:
        dmean: [0.0521894097328, 0.0500013679266, 0.0391165204346, 0.0301533248276, 0.019453253597, 0.0219853669405]
        dmean2: [0.0859490334988, 0.0829826518893, 0.0645346716046, 0.0499891676009, 0.0324608944356, 0.0345297344029]
        dvar: [0.0017198723508, 0.00155855470803, 0.00105351163074, 0.000555585895199, 0.00023996445816, 0.000400595163228]
        dvar2: [0.00464372057468, 0.0042215087451, 0.00275157182477, 0.00147969869431, 0.000641136430204, 0.000875821977388]
        max: [-0.436867028475, -0.48457711935, -0.435617119074, -0.527391254902, -0.654657721519, -0.51891541481]
        mean: [-0.688618004322, -0.760748267174, -0.790521979332, -0.795457661152, -0.801843762398, -0.728893578053]
        median: [-0.691516578197, -0.765727639198, -0.801153838634, -0.800312638283, -0.804723501205, -0.736390054226]
        min: [-0.968985795975, -0.973707020283, -0.949850618839, -0.961155414581, -0.960425019264, -0.959299206734]
        var: [0.00436922349036, 0.00379952020012, 0.00329140806571, 0.00172353524249, 0.000854247831739, 0.00192856416106]
    scvalleys:
        dmean: [0.40220028162, 0.394967794418, 0.319682747126, 0.267459303141, 0.201100736856, 0.325820624828]
        dmean2: [0.649626195431, 0.646764457226, 0.508786559105, 0.412943720818, 0.297531783581, 0.407407075167]
        dvar: [0.147942140698, 0.16904206574, 0.0952281579375, 0.0763901397586, 0.0583795271814, 0.115950092673]
        dvar2: [0.313327550888, 0.383604347706, 0.186977639794, 0.142069935799, 0.0967299938202, 0.172954142094]
        max: [-5.10664415359, -4.260825634, -5.29337406158, -5.75330972672, -5.52363443375, -7.98809957504]
        mean: [-6.84095144272, -6.53990840912, -7.1261639595, -7.30813837051, -6.73115062714, -9.70062255859]
        median: [-6.50829410553, -6.39008569717, -6.96008443832, -7.14987468719, -6.50615310669, -9.42640018463]
        min: [-27.1830120087, -27.8258705139, -27.7094631195, -27.2635707855, -27.3483333588, -27.2370243073]
        var: [1.42148303986, 1.11042332649, 1.05380618572, 0.963781237602, 0.978239417076, 1.27800309658]

rhythm:
    beats_loudness:
        dmean: 0.00218187179416
        dmean2: 0.0040664980188
        dvar: 2.87871876026e-006
        dvar2: 7.85011525295e-006
        max: 0.0157646276057
        mean: 0.00714705325663
        median: 0.00719576654956
        min: 4.68619310023e-010
        var: 7.91384627519e-006
    bpm: 123.913505554
    bpm_confidence: 0
    first_peak_bpm: 123
    first_peak_spread: 0.299450576305
    first_peak_weight: 0.689189195633
    onset_rate: 3.65931868553
    second_peak_bpm: 115
    second_peak_spread: 0
    second_peak_weight: 0.00810810830444
    beats_loudness_band_ratio:
        dmean: [0.165760263801, 0.0603925585747, 0.0796511247754, 0.0411671213806, 0.0795191600919, 0.082709915936]
        dmean2: [0.319114208221, 0.106541909277, 0.143870741129, 0.073516048491, 0.138714656234, 0.149197146297]
        dvar: [0.0163304228336, 0.00248056510463, 0.00457504438236, 0.00190792581998, 0.00537700764835, 0.00494151702151]
        dvar2: [0.0554309524596, 0.0069772945717, 0.0132826920599, 0.00591533118859, 0.0159994699061, 0.0146672986448]
        max: [0.63434022665, 0.422939151525, 0.66593927145, 0.31385204196, 0.652436137199, 0.838126659393]
        mean: [0.25242254138, 0.115043446422, 0.133993536234, 0.066416606307, 0.21767835319, 0.25020891428]
        median: [0.24777393043, 0.104907378554, 0.114232875407, 0.0536586940289, 0.202849000692, 0.236759990454]
        min: [0.000632927170955, 0.000682360259816, 0.00598638830706, 0.0022831170354, 0.0850518122315, 0.0969927832484]
        var: [0.0205082111061, 0.00329600810073, 0.00808531604707, 0.00193135929294, 0.00650787353516, 0.00696663185954]
    beats_position: [0.522448956966, 1.04489791393, 1.5673469305, 2.08979582787, 2.58902478218, 3.08825397491, 3.5758728981, 4.06349182129, 4.53950119019, 5.01551008224, 5.50312900543, 5.99074840546, 6.47836732864, 6.96598625183, 7.45360517502, 7.94122457504, 8.42884349823, 8.91646194458, 9.4040813446, 9.89170074463, 10.379319191, 10.866938591, 11.354557991, 11.8305664063, 12.3181858063, 12.7941951752, 13.2818136215, 13.7694330215, 14.2570514679, 14.7330608368, 15.2090702057, 15.696688652, 16.1843090057, 16.6603164673, 17.1363258362, 17.6239452362, 18.1115646362, 18.5991840363, 19.0868015289, 19.574420929, 20.062040329, 20.5380496979, 21.0140590668, 21.5016784668, 21.9892959595, 22.4653053284, 22.9413146973, 23.4289340973, 23.9165534973, 24.40417099, 24.89179039, 25.37940979, 25.8670291901, 26.343038559, 26.830657959, 27.3182754517, 27.7942848206, 28.2819042206, 28.7695236206, 29.2455329895, 29.7331504822, 30.2091598511, 30.6967792511, 31.1843986511, 31.6720180511, 32.1480255127, 32.6240348816, 33.111656189, 33.5992736816, 34.0868911743, 34.5745124817, 35.0621299744, 35.5497512817, 36.0257606506, 36.5017662048, 36.9893875122, 37.4770050049, 37.9646263123, 38.4522438049, 38.9398651123, 39.427482605, 39.9034919739, 40.3795013428, 40.8671188354, 41.3547401428, 41.8423576355, 42.3183670044, 42.7943763733, 43.281993866, 43.7696151733, 44.257232666, 44.7448501587, 45.2208595276, 45.6968688965, 46.1844902039, 46.6604995728, 47.1365089417, 47.6241264343, 48.111743927, 48.5993652344, 49.0869827271, 49.5746040344, 50.0622215271, 50.538230896, 51.0142402649, 51.5018577576, 51.9894790649, 52.4770965576, 52.9647140503, 53.4523353577, 53.9399528503, 54.4159622192, 54.8919715881, 55.3795890808, 55.8672103882, 56.3548278809, 56.8308372498, 57.3184585571, 57.794467926, 58.2820854187, 58.7697029114, 59.2573242188, 59.7449417114, 60.2325630188, 60.708568573, 61.1845779419, 61.6721992493, 62.1598167419, 62.6474380493, 63.135055542, 63.6110649109, 64.0986862183, 64.5746917725, 65.0623092651, 65.5499343872, 66.0375518799, 66.5251693726, 67.0011749268, 67.4771881104, 67.964805603, 68.4524230957, 68.9400405884, 69.4276657104, 69.9152832031, 70.4029006958, 70.8789138794, 71.3665313721, 71.8425369263, 72.3301544189, 72.817779541, 73.3053970337, 73.7930145264, 74.280632019, 74.7682495117, 75.2442626953, 75.7202682495, 76.2078933716, 76.6838989258, 77.15990448, 77.6475296021, 78.1351470947, 78.6227645874, 79.1103820801, 79.5979995728, 80.0740127563, 80.5500183105, 81.0376434326, 81.5252609253, 82.012878418, 82.5004959106, 82.9765090942, 83.4525146484, 83.9401321411, 84.4277572632, 84.9153747559, 85.4029922485, 85.8906097412, 86.3782272339, 86.8542404175, 87.3302459717, 87.8062591553, 88.2822647095, 88.7698822021, 89.2575073242, 89.7451248169, 90.2327423096, 90.7203598022, 91.2079772949, 91.695602417, 92.1716079712, 92.6476211548, 93.1352386475, 93.6228561401, 94.1104736328, 94.5980911255, 95.0741043091, 95.5501098633, 96.037727356, 96.525352478, 97.0129699707, 97.5005874634, 97.9882049561, 98.4642181396, 98.9402236938, 99.4278411865, 99.9154663086, 100.403083801, 100.879089355, 101.355102539, 101.842720032, 102.330337524, 102.817955017, 103.305580139, 103.793197632, 104.269203186, 104.74521637, 105.232833862, 105.720451355, 106.208068848, 106.69568634, 107.183311462, 107.659317017, 108.146934509, 108.622947693, 109.110565186, 109.598182678, 110.085800171, 110.573425293, 111.049430847, 111.525436401, 112.013061523, 112.500679016, 112.988296509, 113.475914001, 113.963539124, 114.451156616, 114.92716217, 115.403175354, 115.890792847, 116.378410339, 116.866027832, 117.353645325, 117.841270447, 118.328887939, 118.816505432, 119.292518616, 119.76852417, 120.256141663, 120.743759155, 121.231384277, 121.71900177, 122.195007324, 122.671020508, 123.158638, 123.646255493, 124.122268677, 124.598274231, 125.085891724, 125.573509216, 126.061134338, 126.548751831, 127.024757385, 127.500770569, 127.988388062, 128.476013184, 128.963623047, 129.451248169, 129.938858032, 130.414871216, 130.890884399, 131.378494263, 131.866119385, 132.353744507, 132.84135437, 133.328979492, 133.804992676, 134.280990601, 134.768615723, 135.256240845, 135.73223877, 136.208251953, 136.695877075, 137.183486938, 137.671112061, 138.158721924, 138.646347046, 139.133972168, 139.609970093, 140.085983276, 140.573608398, 141.061218262, 141.548843384, 142.036453247, 142.524078369, 143.000091553, 143.476104736, 143.9637146, 144.451339722, 144.938949585, 145.426574707, 145.914199829, 146.390197754, 146.866210938, 147.35383606, 147.841445923, 148.329071045, 148.805084229, 149.281082153, 149.768707275, 150.256317139, 150.743942261, 151.231567383, 151.719177246, 152.206802368, 152.671203613, 153.158813477, 153.646438599, 154.134063721, 154.621673584, 155.109298706, 155.596908569, 156.084533691, 156.560546875, 157.0365448, 157.524169922, 158.000183105, 158.47618103, 158.963806152, 159.451431274, 159.939041138, 160.42666626, 160.902679443, 161.378677368, 161.86630249, 162.353912354, 162.841537476, 163.329162598, 163.816772461, 164.304397583, 164.780410767, 165.256408691, 165.744033813, 166.231658936, 166.719268799, 167.206893921, 167.682891846, 168.158905029, 168.646530151, 169.134140015, 169.621765137, 170.109390259, 170.597000122, 171.084625244, 171.560638428, 172.036636353, 172.524261475, 173.011871338, 173.49949646, 173.987121582, 174.451522827, 174.927520752, 175.415145874, 175.902755737, 176.390380859, 176.866394043, 177.354003906, 177.841629028, 178.306030273, 178.782043457, 179.26965332, 179.757278442]
