
metadata:
    version:
        essentia: "2.1-beta2"
    audio_properties:
        analysis_sample_rate: 44100
        bitrate: 320
        channels: 2
        equal_loudness: 1
        length: 324.597564697
        replay_gain: -11.6713752747
        downmix: "mix"
    tags:
        album: "Metallica"
        artist: "Metallica"
        comment: "Ripped with WMP"
        date: "1991"
        genre: "Metal"
        title: "Sad but True"
        tracknumber: "2"

configuration:
    average_loudness:
        compute: 1
        frameSize: 88200
        hopSize: 44100
        silentFrames: "noise"
        windowType: "hann"
    general:
        analysisSampleRate: 44100
        endTime: 2000
        equalLoudness: 1
        nequalLoudness: 0
        shortSound: 0
        startTime: 0
    lowlevel:
        compute: 1
        frameSize: 2048
        hopSize: 1024
        zeroPadding: 0
        silentFrames: "noise"
        windowType: "blackmanharris62"
        mfccStats: ["mean", "cov", "icov"]
        stats: ["mean", "var", "median", "min", "max", "dmean", "dmean2", "dvar", "dvar2"]
    panning:
        compute: 0
        frameSize: 8192
        hopSize: 2048
        zeroPadding: 8192
        silentFrames: "noise"
        windowType: "hann"
        stats: ["copy"]
    rhythm:
        compute: 1
        maxTempo: 208
        minTempo: 40
        method: "degara"
        stats: ["mean", "var", "median", "min", "max", "dmean", "dmean2", "dvar", "dvar2"]
    segmentation:
        compute: 0
        cpw: 5
        inc1: 300
        inc2: 50
        minimumSegmentsLength: 10
        size1: 1000
        size2: 600
    sfx:
        compute: 1
        stats: ["mean", "var", "median", "min", "max", "dmean", "dmean2", "dvar", "dvar2"]
    svm:
        compute: 0
    tonal:
        compute: 1
        frameSize: 4096
        hopSize: 2048
        zeroPadding: 0
        silentFrames: "noise"
        windowType: "blackmanharris62"
        stats: ["mean", "var", "median", "min", "max", "dmean", "dmean2", "dvar", "dvar2"]

lowlevel:
    average_loudness: 0.822855174541
    barkbands_kurtosis:
        dmean: 1.1284327507
        dmean2: 1.8073772192
        dvar: 6.91300439835
        dvar2: 14.9902744293
        max: 142.795898438
        mean: 0.175522148609
        median: -0.800418972969
        min: -1.9269888401
        var: 15.0457267761
    barkbands_skewness:
        dmean: 0.436749517918
        dmean2: 0.660301446915
        dvar: 0.191560715437
        dvar2: 0.409832954407
        max: 10.7668180466
        mean: -0.619076371193
        median: -0.693364620209
        min: -5.34783554077
        var: 1.07536244392
    barkbands_spread:
        dmean: 6.92411375046
        dmean2: 10.9836301804
        dvar: 42.135925293
        dvar2: 104.282623291
        max: 77.7585067749
        mean: 36.760761261
        median: 36.350189209
        min: 1.43685126305
        var: 165.648468018
    dissonance:
        dmean: 0.00775481713936
        dmean2: 0.0131352851167
        dvar: 7.5599156844e-005
        dvar2: 0.000210453828913
        max: 0.500000059605
        mean: 0.485871493816
        median: 0.489881008863
        min: 0.373711377382
        var: 0.000165519813891
    hfc:
        dmean: 3.74233651161
        dmean2: 6.24760723114
        dvar: 96.2917404175
        dvar2: 260.950836182
        max: 132.293243408
        mean: 8.65311813354
        median: 6.26796150208
        min: 1.05906944763e-016
        var: 96.8321990967
    pitch:
        dmean: 860.97064209
        dmean2: 1638.55871582
        dvar: 1738723.25
        dvar2: 4274674
        max: 5360.96972656
        mean: 2505.45385742
        median: 3501.03125
        min: 73.0951919556
        var: 2639364.25
    pitch_instantaneous_confidence:
        dmean: 0.0788975283504
        dmean2: 0.129741370678
        dvar: 0.00424342369661
        dvar2: 0.0106080034748
        max: 0.915795385838
        mean: 0.396465420723
        median: 0.38438129425
        min: 0.100463449955
        var: 0.0129905678332
    pitch_salience:
        dmean: 0.0557711049914
        dmean2: 0.0885828509927
        dvar: 0.00257752812468
        dvar2: 0.00617847591639
        max: 0.885747432709
        mean: 0.661358892918
        median: 0.684022009373
        min: 0.0911415815353
        var: 0.0102431438863
    silence_rate_20dB:
        dmean: 0
        dmean2: 0
        dvar: 0
        dvar2: 0
        max: 1
        mean: 1
        median: 1
        min: 1
        var: 0
    silence_rate_30dB:
        dmean: 0
        dmean2: 0
        dvar: 0
        dvar2: 0
        max: 1
        mean: 1
        median: 1
        min: 1
        var: 0
    silence_rate_60dB:
        dmean: 0.110300429165
        dmean2: 0.22061663866
        dvar: 0.0981407687068
        dvar2: 0.200685828924
        max: 1
        mean: 0.565410196781
        median: 1
        min: 0
        var: 0.245708271861
    spectral_centroid:
        dmean: 301.861938477
        dmean2: 460.36151123
        dvar: 101900.734375
        dvar2: 222161.046875
        max: 11711.1240234
        mean: 2372.48535156
        median: 2399.65771484
        min: 164.55241394
        var: 681978.4375
    spectral_complexity:
        dmean: 3.85193133354
        dmean2: 5.99012804031
        dvar: 28.3701343536
        dvar2: 60.5183677673
        max: 54
        mean: 12.5016098022
        median: 11
        min: 0
        var: 93.7218017578
    spectral_crest:
        dmean: 1.63833940029
        dmean2: 2.67687129974
        dvar: 2.51759123802
        dvar2: 6.27177095413
        max: 21.4574737549
        mean: 6.73823642731
        median: 6.02712440491
        min: 2.51885771751
        var: 7.07611942291
    spectral_decrease:
        dmean: 2.68053496066e-010
        dmean2: 4.33875629868e-010
        dvar: 3.42904284964e-019
        dvar2: 9.06766140829e-019
        max: 1.04173346062e-028
        mean: -7.36024130532e-010
        median: -5.70811342637e-010
        min: -8.5874960476e-009
        var: 4.44234297743e-019
    spectral_energy:
        dmean: 0.00132905063219
        dmean2: 0.00216957414523
        dvar: 9.48615706875e-006
        dvar2: 2.52949594142e-005
        max: 0.0438636876643
        mean: 0.00356278778054
        median: 0.00273671397008
        min: 9.92453883881e-021
        var: 1.12728184831e-005
    spectral_energyband_high:
        dmean: 0.000329299684381
        dmean2: 0.000569670402911
        dvar: 9.76926344265e-007
        dvar2: 2.7263802167e-006
        max: 0.01373841241
        mean: 0.000575022189878
        median: 0.000348532805219
        min: 7.05753891363e-021
        var: 7.76495653554e-007
    spectral_energyband_low:
        dmean: 0.000186740289791
        dmean2: 0.000287789938739
        dvar: 6.78223699424e-008
        dvar2: 1.53362037736e-007
        max: 0.0057360958308
        mean: 0.000365573621821
        median: 0.000232020771364
        min: 2.54552382133e-023
        var: 1.88156576542e-007
    spectral_energyband_middle_high:
        dmean: 0.000835192913655
        dmean2: 0.00136233551893
        dvar: 3.65004871128e-006
        dvar2: 9.40540303418e-006
        max: 0.0392571166158
        mean: 0.002015898237
        median: 0.00136560702231
        min: 1.17227850618e-021
        var: 5.13800796398e-006
    spectral_energyband_middle_low:
        dmean: 0.000354905962013
        dmean2: 0.000554907484911
        dvar: 3.31644002927e-007
        dvar2: 8.32108923987e-007
        max: 0.00928477011621
        mean: 0.000776950095315
        median: 0.000500066787936
        min: 1.89047284762e-022
        var: 7.57652799166e-007
    spectral_flatness_db:
        dmean: 0.0132160428911
        dmean2: 0.0202448535711
        dvar: 0.000158305309014
        dvar2: 0.00033209202229
        max: 0.369086891413
        mean: 0.134519264102
        median: 0.130704507232
        min: 0.0552647002041
        var: 0.000828689546324
    spectral_flux:
        dmean: 0.00755480118096
        dmean2: 0.0117009636015
        dvar: 0.000182542746188
        dvar2: 0.000361384067219
        max: 0.166892766953
        mean: 0.0352631248534
        median: 0.0318808555603
        min: 6.34513344644e-011
        var: 0.000397171359509
    spectral_kurtosis:
        dmean: 0.574789345264
        dmean2: 0.921197354794
        dvar: 0.465061366558
        dvar2: 1.18964493275
        max: 18.7458591461
        mean: 2.42091965675
        median: 2.23224210739
        min: -1.25846338272
        var: 1.8989430666
    spectral_rms:
        dmean: 0.000282629509456
        dmean2: 0.000441152311396
        dvar: 2.37461563302e-007
        dvar2: 5.97795121848e-007
        max: 0.00654170010239
        mean: 0.00171106879134
        median: 0.00163400277961
        min: 3.11166782445e-012
        var: 5.48124091893e-007
    spectral_rolloff:
        dmean: 297.751464844
        dmean2: 472.912445068
        dvar: 180985.953125
        dvar2: 353096.78125
        max: 19444.4824219
        mean: 3991.86914063
        median: 3962.109375
        min: 150.732421875
        var: 1182181.25
    spectral_skewness:
        dmean: 0.109896846116
        dmean2: 0.171628221869
        dvar: 0.0133618442342
        dvar2: 0.0310910753906
        max: 2.66531729698
        mean: 1.15737509727
        median: 1.16984939575
        min: -0.077118113637
        var: 0.0856952518225
    spectral_spread:
        dmean: 488653.9375
        dmean2: 702464.5
        dvar: 400568320000
        dvar2: 687570419712
        max: 42271272
        mean: 6011891.5
        median: 5705399
        min: 2113265.25
        var: 5.41932388352e+012
    spectral_strongpeak:
        dmean: 0.474764704704
        dmean2: 0.826149880886
        dvar: 0.520516216755
        dvar2: 1.34771490097
        max: 11.7269582748
        mean: 0.625947773457
        median: 0.200784564018
        min: 0
        var: 0.738337874413
    zerocrossingrate:
        dmean: 0.00869077723473
        dmean2: 0.00975734647363
        dvar: 7.60303228162e-005
        dvar2: 8.3309263573e-005
        max: 0.52001953125
        mean: 0.127736240625
        median: 0.12841796875
        min: 0.00927734375
        var: 0.00120305072051
    barkbands:
        dmean: [9.50823917378e-008, 4.05729078921e-005, 0.0001027248436, 0.0001318288123, 0.000105052538856, 5.71133969061e-005, 4.17045375798e-005, 8.02167851361e-005, 7.65841905377e-005, 5.56029262953e-005, 4.35618858319e-005, 5.2020084695e-005, 3.59812365787e-005, 4.0488110244e-005, 5.94314187765e-005, 0.00010634962382, 0.000156402820721, 0.000189580139704, 0.000323089363519, 0.000244111230131, 0.00016344973119, 6.29192072665e-005, 1.62510841619e-005, 5.35937897439e-006, 3.17894227919e-006, 1.62444209195e-007, 4.72604233526e-010]
        dmean2: [1.54419481646e-007, 6.8408997322e-005, 0.000164784010849, 0.000206930635613, 0.000171816165675, 9.5156232419e-005, 6.86036437401e-005, 0.000122933503008, 0.000121095668874, 8.98551370483e-005, 7.0704430982e-005, 8.36334875203e-005, 5.83261607972e-005, 6.63948449073e-005, 9.72258640104e-005, 0.000176790563273, 0.000264340720605, 0.000314346136292, 0.000544856709894, 0.000419717194745, 0.00028661446413, 0.000107885149191, 2.76449718513e-005, 8.64384946908e-006, 4.9397881412e-006, 2.60255376361e-007, 7.55844220546e-010]
        dvar: [3.71147509698e-014, 6.55184928533e-009, 2.03122212383e-008, 4.0086533204e-008, 3.84759353267e-008, 1.95488052412e-008, 1.25833734543e-008, 7.02103193362e-008, 7.04693761122e-008, 4.5572370766e-008, 3.32618022014e-008, 2.67869353365e-008, 1.42853080476e-008, 1.72129777098e-008, 2.30094876486e-008, 5.25808196983e-008, 1.019750826e-007, 2.11630691638e-007, 4.55965277979e-007, 3.46641996885e-007, 2.4160550538e-007, 3.55159919252e-008, 2.07035011357e-009, 1.70895742002e-010, 4.58844594264e-011, 1.35019477695e-013, 8.19572463773e-019]
        dvar2: [9.47110161023e-014, 1.78557506558e-008, 5.10722237834e-008, 8.71399592484e-008, 1.01862035251e-007, 5.12382634099e-008, 3.28993756682e-008, 1.57961380864e-007, 1.8581704353e-007, 1.25251943928e-007, 8.40176710426e-008, 6.64650059434e-008, 3.56499612053e-008, 4.42086047769e-008, 5.74105456508e-008, 1.39784191333e-007, 2.74440083103e-007, 5.48013360913e-007, 1.20538356896e-006, 9.51803883709e-007, 6.83136590851e-007, 9.79854988259e-008, 5.63645841112e-009, 4.31638003118e-010, 1.07931288906e-010, 3.44781088445e-013, 1.91021728756e-018]
        max: [4.82466293761e-006, 0.00127586908638, 0.00289750192314, 0.00408633705229, 0.00365739641711, 0.0027650098782, 0.002709308872, 0.00731168920174, 0.0078191421926, 0.00630310038105, 0.00617569917813, 0.00620780233294, 0.0048288507387, 0.00769809167832, 0.00478248856962, 0.00476934807375, 0.00723321782425, 0.0114333787933, 0.0165923368186, 0.0107536949217, 0.00756202451885, 0.00283539271913, 0.000768765865359, 0.000376998708816, 0.000153664223035, 8.70661369845e-006, 2.45144118338e-008]
        mean: [1.2228349533e-007, 5.40229120816e-005, 0.000169653096236, 0.000213289575186, 0.00016118316853, 7.83786308602e-005, 5.76654456381e-005, 0.000125275895698, 0.000112335612357, 8.02376307547e-005, 5.63319445064e-005, 7.50025865273e-005, 4.97713735967e-005, 5.82818174735e-005, 8.6267835286e-005, 0.000177346519195, 0.000269079842838, 0.00032440412906, 0.000592218595557, 0.00043020103476, 0.000256707164226, 9.19982558116e-005, 2.46753770625e-005, 1.07836167444e-005, 7.21721517039e-006, 3.362174823e-007, 7.26190885203e-010]
        median: [5.76627066096e-008, 3.38043064403e-005, 0.000102919708297, 0.000103950187622, 9.29918096517e-005, 3.16326004395e-005, 2.21916325245e-005, 1.07705318442e-005, 1.88062986126e-005, 1.76225312316e-005, 1.32288141685e-005, 1.82494895853e-005, 1.35604404932e-005, 2.23656752496e-005, 3.24213287968e-005, 8.3749742771e-005, 0.000152079737745, 0.000174455562956, 0.00037622655509, 0.000272019446129, 0.000153909961227, 3.71732276108e-005, 1.03559277704e-005, 4.9364230108e-006, 3.98730708184e-006, 1.75505050493e-007, 3.05468317308e-010]
        min: [4.37354888958e-025, 7.66112365525e-024, 1.78105031433e-024, 1.86438991909e-024, 1.00343998557e-023, 9.84853554895e-024, 9.2193834783e-024, 8.71252851378e-024, 2.37580339524e-023, 6.09303265317e-024, 2.30216038984e-023, 3.58720454925e-023, 4.27208348974e-023, 3.40934165867e-023, 5.80151975527e-023, 6.17446163682e-023, 8.27296859096e-023, 1.28362297916e-022, 1.27882216102e-022, 1.83805133653e-022, 1.99209062777e-022, 2.93242342908e-022, 3.64616811538e-022, 6.68199164539e-022, 9.21754256094e-022, 1.35765410413e-021, 2.07928649071e-021]
        var: [4.6624708353e-014, 6.14467721149e-009, 4.34370228675e-008, 1.11241156731e-007, 4.834372902e-008, 2.45635352059e-008, 1.45841516641e-008, 2.04324024367e-007, 1.13378511912e-007, 6.68014479288e-008, 3.89606640283e-008, 3.71054831305e-008, 1.84714536999e-008, 2.10859329997e-008, 3.13933874452e-008, 8.27787047797e-008, 1.32613308779e-007, 2.568106936e-007, 5.57235182441e-007, 3.36292373504e-007, 1.79656410637e-007, 2.99398763559e-008, 1.85678317166e-009, 2.49724879664e-010, 9.05948649432e-011, 2.5366237973e-013, 1.68027058984e-018]
    frequency_bands:
        dmean: [9.50823917378e-008, 4.05729078921e-005, 0.0001027248436, 0.0001318288123, 0.000105052538856, 5.71133969061e-005, 4.17045375798e-005, 8.02167851361e-005, 7.65841905377e-005, 5.56029262953e-005, 4.35618858319e-005, 5.2020084695e-005, 3.59812365787e-005, 4.0488110244e-005, 5.94314187765e-005, 0.00010634962382, 0.000156402820721, 0.000189580139704, 0.000323089363519, 0.000244111230131, 0.00016344973119, 6.29192072665e-005, 1.62510841619e-005, 5.35937897439e-006, 3.17894227919e-006, 1.62444209195e-007, 4.72604233526e-010, 4.11365941311e-011]
        dmean2: [1.54419481646e-007, 6.8408997322e-005, 0.000164784010849, 0.000206930635613, 0.000171816165675, 9.5156232419e-005, 6.86036437401e-005, 0.000122933503008, 0.000121095668874, 8.98551370483e-005, 7.0704430982e-005, 8.36334875203e-005, 5.83261607972e-005, 6.63948449073e-005, 9.72258640104e-005, 0.000176790563273, 0.000264340720605, 0.000314346136292, 0.000544856709894, 0.000419717194745, 0.00028661446413, 0.000107885149191, 2.76449718513e-005, 8.64384946908e-006, 4.9397881412e-006, 2.60255376361e-007, 7.55844220546e-010, 7.69675850831e-011]
        dvar: [3.71147509698e-014, 6.55184928533e-009, 2.03122212383e-008, 4.0086533204e-008, 3.84759353267e-008, 1.95488052412e-008, 1.25833734543e-008, 7.02103193362e-008, 7.04693761122e-008, 4.5572370766e-008, 3.32618022014e-008, 2.67869353365e-008, 1.42853080476e-008, 1.72129777098e-008, 2.30094876486e-008, 5.25808196983e-008, 1.019750826e-007, 2.11630691638e-007, 4.55965277979e-007, 3.46641996885e-007, 2.4160550538e-007, 3.55159919252e-008, 2.07035011357e-009, 1.70895742002e-010, 4.58844594264e-011, 1.35019477695e-013, 8.19572463773e-019, 5.46377795802e-021]
        dvar2: [9.47110161023e-014, 1.78557506558e-008, 5.10722237834e-008, 8.71399592484e-008, 1.01862035251e-007, 5.12382634099e-008, 3.28993756682e-008, 1.57961380864e-007, 1.8581704353e-007, 1.25251943928e-007, 8.40176710426e-008, 6.64650059434e-008, 3.56499612053e-008, 4.42086047769e-008, 5.74105456508e-008, 1.39784191333e-007, 2.74440083103e-007, 5.48013360913e-007, 1.20538356896e-006, 9.51803883709e-007, 6.83136590851e-007, 9.79854988259e-008, 5.63645841112e-009, 4.31638003118e-010, 1.07931288906e-010, 3.44781088445e-013, 1.91021728756e-018, 1.78650300484e-020]
        max: [4.82466293761e-006, 0.00127586908638, 0.00289750192314, 0.00408633705229, 0.00365739641711, 0.0027650098782, 0.002709308872, 0.00731168920174, 0.0078191421926, 0.00630310038105, 0.00617569917813, 0.00620780233294, 0.0048288507387, 0.00769809167832, 0.00478248856962, 0.00476934807375, 0.00723321782425, 0.0114333787933, 0.0165923368186, 0.0107536949217, 0.00756202451885, 0.00283539271913, 0.000768765865359, 0.000376998708816, 0.000153664223035, 8.70661369845e-006, 2.45144118338e-008, 1.23254939588e-009]
        mean: [1.2228349533e-007, 5.40229120816e-005, 0.000169653096236, 0.000213289575186, 0.00016118316853, 7.83786308602e-005, 5.76654456381e-005, 0.000125275895698, 0.000112335612357, 8.02376307547e-005, 5.63319445064e-005, 7.50025865273e-005, 4.97713735967e-005, 5.82818174735e-005, 8.6267835286e-005, 0.000177346519195, 0.000269079842838, 0.00032440412906, 0.000592218595557, 0.00043020103476, 0.000256707164226, 9.19982558116e-005, 2.46753770625e-005, 1.07836167444e-005, 7.21721517039e-006, 3.362174823e-007, 7.26190885203e-010, 3.1162669667e-011]
        median: [5.76627066096e-008, 3.38043064403e-005, 0.000102919708297, 0.000103950187622, 9.29918096517e-005, 3.16326004395e-005, 2.21916325245e-005, 1.07705318442e-005, 1.88062986126e-005, 1.76225312316e-005, 1.32288141685e-005, 1.82494895853e-005, 1.35604404932e-005, 2.23656752496e-005, 3.24213287968e-005, 8.3749742771e-005, 0.000152079737745, 0.000174455562956, 0.00037622655509, 0.000272019446129, 0.000153909961227, 3.71732276108e-005, 1.03559277704e-005, 4.9364230108e-006, 3.98730708184e-006, 1.75505050493e-007, 3.05468317308e-010, 9.97318200247e-012]
        min: [4.37354888958e-025, 7.66112365525e-024, 1.78105031433e-024, 1.86438991909e-024, 1.00343998557e-023, 9.84853554895e-024, 9.2193834783e-024, 8.71252851378e-024, 2.37580339524e-023, 6.09303265317e-024, 2.30216038984e-023, 3.58720454925e-023, 4.27208348974e-023, 3.40934165867e-023, 5.80151975527e-023, 6.17446163682e-023, 8.27296859096e-023, 1.28362297916e-022, 1.27882216102e-022, 1.83805133653e-022, 1.99209062777e-022, 2.93242342908e-022, 3.64616811538e-022, 6.68199164539e-022, 9.21754256094e-022, 1.35765410413e-021, 2.07928649071e-021, 4.77875780512e-022]
        var: [4.6624708353e-014, 6.14467721149e-009, 4.34370228675e-008, 1.11241156731e-007, 4.834372902e-008, 2.45635352059e-008, 1.45841516641e-008, 2.04324024367e-007, 1.13378511912e-007, 6.68014479288e-008, 3.89606640283e-008, 3.71054831305e-008, 1.84714536999e-008, 2.10859329997e-008, 3.13933874452e-008, 8.27787047797e-008, 1.32613308779e-007, 2.568106936e-007, 5.57235182441e-007, 3.36292373504e-007, 1.79656410637e-007, 2.99398763559e-008, 1.85678317166e-009, 2.49724879664e-010, 9.05948649432e-011, 2.5366237973e-013, 1.68027058984e-018, 3.89216508643e-021]
    mfcc:
        mean: [-722.237487793, 60.5406951904, -35.3093185425, 60.8245658875, -3.55419969559, -1.92650675774, 5.18846893311, -0.228760883212, 0.62921077013, -5.02724504471, -5.03926181793, -6.33643722534, -2.49170589447]
        cov: [[6815.76660156, 549.681091309, -606.946289063, 209.896560669, -289.310455322, -81.4738006592, -60.7323303223, 39.053943634, -5.53242778778, -2.13906502724, -5.41786813736, -36.5229110718, -19.6268863678], [549.681091309, 774.545471191, -274.820861816, 89.2386016846, -28.7961616516, -61.8141593933, 63.5059432983, 14.0918865204, 28.6890487671, -7.54007959366, 3.76342868805, 1.95788693428, -6.6328997612], [-606.946289063, -274.820861816, 442.636047363, 23.1480503082, 56.402671814, 68.6789398193, -20.7722988129, -2.5109667778, -25.862531662, -14.3307876587, 3.12970519066, -4.32597255707, -2.720692873], [209.896560669, 89.2386016846, 23.1480503082, 351.633453369, 133.123916626, 61.942489624, 4.18817806244, -28.0810413361, 21.9627799988, 4.6078953743, -29.9919013977, -16.7234668732, 9.09038448334], [-289.310455322, -28.7961616516, 56.402671814, 133.123916626, 196.442672729, 59.3689956665, -0.811104655266, -31.9658470154, 14.6694488525, 6.31876373291, -19.5078525543, -18.9213829041, 11.2269477844], [-81.4738006592, -61.8141593933, 68.6789398193, 61.942489624, 59.3689956665, 145.571472168, 59.8898620605, -4.24314451218, -17.1810817719, -13.9003267288, -11.8417634964, 2.58273506165, -2.51205801964], [-60.7323303223, 63.5059432983, -20.7722988129, 4.18817806244, -0.811104655266, 59.8898620605, 138.124954224, 52.8503990173, -1.18074297905, -17.2112503052, -3.47590899467, 6.98211669922, -3.38499188423], [39.053943634, 14.0918865204, -2.5109667778, -28.0810413361, -31.9658470154, -4.24314451218, 52.8503990173, 106.365280151, 27.9307785034, 13.5918397903, 11.3657426834, -2.87648510933, -6.8090171814], [-5.53242778778, 28.6890487671, -25.862531662, 21.9627799988, 14.6694488525, -17.1810817719, -1.18074297905, 27.9307785034, 82.5907440186, 46.3393325806, -0.955353200436, -6.53343915939, -1.92635476589], [-2.13906502724, -7.54007959366, -14.3307876587, 4.6078953743, 6.31876373291, -13.9003267288, -17.2112503052, 13.5918397903, 46.3393325806, 91.4253463745, 34.9277191162, 5.14279937744, -3.03470873833], [-5.41786813736, 3.76342868805, 3.12970519066, -29.9919013977, -19.5078525543, -11.8417634964, -3.47590899467, 11.3657426834, -0.955353200436, 34.9277191162, 69.6353530884, 31.6830768585, 3.45551681519], [-36.5229110718, 1.95788693428, -4.32597255707, -16.7234668732, -18.9213829041, 2.58273506165, 6.98211669922, -2.87648510933, -6.53343915939, 5.14279937744, 31.6830768585, 63.7689971924, 26.2495803833], [-19.6268863678, -6.6328997612, -2.720692873, 9.09038448334, 11.2269477844, -2.51205801964, -3.38499188423, -6.8090171814, -1.92635476589, -3.03470873833, 3.45551681519, 26.2495803833, 52.0827865601]]
        icov: [[0.000205454532988, -4.76003042422e-005, 0.000271525175776, -0.000283121102257, 0.000461633317173, -0.000240991372266, 0.000331575080054, -0.000197409943212, 0.000122224824736, 4.59958137071e-005, -0.000120520606288, 0.000276595266769, -0.000104637285403], [-4.76003042422e-005, 0.00200310582295, 0.000956936390139, -0.000797715096269, 0.00011051731417, 0.00120322080329, -0.00140733609442, 0.000532146601472, -0.000642158265691, 0.000872670731042, -0.00090751668904, 3.44532199961e-005, 0.000508640543558], [0.000271525175776, 0.000956936390139, 0.0036201137118, -0.000644982152153, 2.28723238251e-005, -0.00143509393092, 0.00140406202991, -0.00117163476534, 0.000526176881976, 0.00109119759873, -0.00123982795049, 0.000522751302924, 0.00029163871659], [-0.000283121102257, -0.000797715096269, -0.000644982152153, 0.00479098968208, -0.00295950612053, -0.00114697148092, 0.000267650117166, 0.000477655994473, -0.000794719555415, -0.000562809349503, 0.00148918351624, -0.000382253754651, -0.000384045037208], [0.000461633317173, 0.00011051731417, 2.28723238251e-005, -0.00295950612053, 0.00968460179865, -0.00296227238141, 0.00038920721272, 0.00218544295058, -0.00196298654191, -0.000128809071612, -0.00112282810733, 0.00429633818567, -0.00338465790264], [-0.000240991372266, 0.00120322080329, -0.00143509393092, -0.00114697148092, -0.00296227238141, 0.0130979269743, -0.0072953030467, 0.00226340233348, 0.00240941345692, -0.00132385862526, 0.00197726883925, -0.00276095303707, 0.00255199777894], [0.000331575080054, -0.00140733609442, 0.00140406202991, 0.000267650117166, 0.00038920721272, -0.0072953030467, 0.0148960389197, -0.00799216050655, 0.000693853362463, 0.00247406773269, 0.000654571747873, -0.00184890418313, 0.000518101791386], [-0.000197409943212, 0.000532146601472, -0.00117163476534, 0.000477655994473, 0.00218544295058, 0.00226340233348, -0.00799216050655, 0.0162614546716, -0.00628343969584, 0.000500820868183, -0.0037504339125, 0.00352301681414, -0.000636598851997], [0.000122224824736, -0.000642158265691, 0.000526176881976, -0.000794719555415, -0.00196298654191, 0.00240941345692, 0.000693853362463, -0.00628343969584, 0.0229878071696, -0.0130895758048, 0.00840235501528, -0.00208058045246, 0.000472142040962], [4.59958137071e-005, 0.000872670731042, 0.00109119759873, -0.000562809349503, -0.000128809071612, -0.00132385862526, 0.00247406773269, 0.000500820868183, -0.0130895758048, 0.0231541320682, -0.0137578984722, 0.00301979598589, 0.000729694613256], [-0.000120520606288, -0.00090751668904, -0.00123982795049, 0.00148918351624, -0.00112282810733, 0.00197726883925, 0.000654571747873, -0.0037504339125, 0.00840235501528, -0.0137578984722, 0.0292907245457, -0.0147928902879, 0.00442533567548], [0.000276595266769, 3.44532199961e-005, 0.000522751302924, -0.000382253754651, 0.00429633818567, -0.00276095303707, -0.00184890418313, 0.00352301681414, -0.00208058045246, 0.00301979598589, -0.0147928902879, 0.0305132921785, -0.0148143786937], [-0.000104637285403, 0.000508640543558, 0.00029163871659, -0.000384045037208, -0.00338465790264, 0.00255199777894, 0.000518101791386, -0.000636598851997, 0.000472142040962, 0.000729694613256, 0.00442533567548, -0.0148143786937, 0.0273437220603]]
    sccoeffs:
        dmean: [0.051599368453, 0.0460021235049, 0.0350745506585, 0.0285928864032, 0.019882787019, 0.0164813417941]
        dmean2: [0.0855811312795, 0.0753452628851, 0.0578774698079, 0.046942025423, 0.0327790789306, 0.026815334335]
        dvar: [0.00170706596691, 0.00140041019768, 0.000833914789837, 0.000527385622263, 0.000284501729766, 0.00025994059979]
        dvar2: [0.0047314260155, 0.00363702117465, 0.00217322912067, 0.00137889082544, 0.00073401996633, 0.000647282053251]
        max: [-0.282836437225, -0.435315877199, -0.525210082531, -0.551657915115, -0.597394347191, -0.620777606964]
        mean: [-0.658880114555, -0.763420820236, -0.800303280354, -0.799223780632, -0.801294863224, -0.768978118896]
        median: [-0.665139436722, -0.774372458458, -0.807892680168, -0.805136978626, -0.803676068783, -0.769887924194]
        min: [-0.978975832462, -0.983388364315, -0.977647900581, -0.974369227886, -0.967227995396, -0.963682293892]
        var: [0.0070990100503, 0.0056536514312, 0.00357364234515, 0.00232916558161, 0.00120237958618, 0.00113437057007]
    scvalleys:
        dmean: [0.396228402853, 0.371893942356, 0.323941111565, 0.280170559883, 0.221040412784, 0.225588351488]
        dmean2: [0.660283327103, 0.611597061157, 0.509388685226, 0.431381702423, 0.338756501675, 0.320173680782]
        dvar: [0.11546009779, 0.126445546746, 0.0976070910692, 0.0943018719554, 0.0906732082367, 0.136879846454]
        dvar2: [0.285450547934, 0.297393381596, 0.203905314207, 0.1906504035, 0.186782076955, 0.269042342901]
        max: [-5.32211875916, -4.79789495468, -4.79871273041, -4.94357252121, -4.92887592316, -7.08275270462]
        mean: [-7.36121702194, -7.46144342422, -7.64709711075, -7.59324502945, -6.93286514282, -9.16037750244]
        median: [-7.07008123398, -7.24783086777, -7.47766065598, -7.39215707779, -6.71788787842, -8.95948219299]
        min: [-28.2851409912, -27.8260860443, -27.8117027283, -27.5198345184, -27.4592132568, -27.4039001465]
        var: [2.23963713646, 2.29782247543, 2.23837018013, 2.14938831329, 2.06610894203, 2.12954282761]

rhythm:
    beats_loudness:
        dmean: 0.00341248326004
        dmean2: 0.00634717475623
        dvar: 9.63559796219e-006
        dvar2: 3.03602009808e-005
        max: 0.0275505501777
        mean: 0.0055485595949
        median: 0.00497772125527
        min: 3.13825332908e-012
        var: 1.38841514854e-005
    bpm: 89.2773284912
    bpm_confidence: 0
    first_peak_bpm: 89
    first_peak_spread: 0.262180954218
    first_peak_weight: 0.619883060455
    onset_rate: 2.6186273098
    second_peak_bpm: 178
    second_peak_spread: 0
    second_peak_weight: 0.0487329438329
    beats_loudness_band_ratio:
        dmean: [0.133212819695, 0.0490387864411, 0.0615797713399, 0.0665668845177, 0.0942935496569, 0.147707805037]
        dmean2: [0.245086312294, 0.0864170268178, 0.105716735125, 0.120086528361, 0.163080066442, 0.263246685266]
        dvar: [0.0174758378416, 0.00272028753534, 0.00479197176173, 0.00659097917378, 0.00684602418914, 0.01273952052]
        dvar2: [0.055491104722, 0.00780786527321, 0.0122566558421, 0.0180813409388, 0.0190491285175, 0.0406595878303]
        max: [0.898736000061, 0.369961470366, 0.741190373898, 0.537253379822, 0.572241902351, 0.942545950413]
        mean: [0.151272460818, 0.0606684535742, 0.072739943862, 0.0817761197686, 0.260766834021, 0.401861339808]
        median: [0.106368504465, 0.0457094088197, 0.0433503575623, 0.0521371290088, 0.239548683167, 0.399089872837]
        min: [0, 0, 0, 0, 0, 0]
        var: [0.0210602842271, 0.00280861998908, 0.00819185562432, 0.00762336747721, 0.0109632229432, 0.0187233183533]
    beats_position: [0.638548731804, 1.28870749474, 1.93886613846, 2.58902478218, 3.22757363319, 3.86612248421, 4.52789115906, 5.18965959549, 5.86303853989, 6.5015873909, 7.12852573395, 7.76707458496, 8.40562343597, 9.03256225586, 9.65950107574, 10.2864398956, 10.9482088089, 11.6099767685, 12.2717456818, 12.9219045639, 13.5836734772, 14.2338323593, 14.8839902878, 15.5225391388, 16.1843090057, 16.8460769653, 17.5078449249, 18.181224823, 18.8546028137, 19.5628108978, 20.2710208893, 20.9676189423, 21.6642169952, 22.3375968933, 23.010974884, 23.6843528748, 24.3577327728, 25.0311107635, 25.7044887543, 26.3894786835, 27.0628566742, 27.7362346649, 28.3980045319, 29.0713825226, 29.7447605133, 30.4181404114, 31.0915184021, 31.7648983002, 32.4382743835, 33.111656189, 33.7734222412, 34.4351921082, 35.1085700989, 35.7819480896, 36.455329895, 37.1287078857, 37.8020858765, 38.4754638672, 39.1488418579, 39.8222198486, 40.4956016541, 41.1689796448, 41.8423576355, 42.5273475647, 43.2239456177, 43.9089317322, 44.5823135376, 45.2440795898, 45.9058494568, 46.5792274475, 47.2409973145, 47.9027671814, 48.5529251099, 49.2379112244, 49.9229011536, 50.5962791443, 51.269657135, 51.9430389404, 52.6164169312, 53.2897949219, 53.9631729126, 54.6365509033, 55.3099327087, 55.9833106995, 56.6566886902, 57.3300666809, 58.0034446716, 58.6768226624, 59.3502044678, 60.0235824585, 60.6853485107, 61.3471183777, 62.0204963684, 62.6938781738, 63.3672561646, 64.0406341553, 64.714012146, 65.3873901367, 66.0607681274, 66.7341461182, 67.4075241089, 68.0809020996, 68.7542877197, 69.4276657104, 70.1010437012, 70.7744216919, 71.4477996826, 72.1211776733, 72.7945556641, 73.4795455933, 74.1645355225, 74.8379135132, 75.5112915039, 76.1730575562, 76.8348312378, 77.5082092285, 78.1815872192, 78.8433532715, 79.5051269531, 80.1785049438, 80.8518829346, 81.5368728638, 82.198638916, 82.8720169067, 83.5453948975, 84.2303848267, 84.9269790649, 85.6351928711, 86.3085708618, 86.9819488525, 87.6553268433, 88.328704834, 89.0020828247, 89.6754608154, 90.3488388062, 91.0222167969, 91.695602417, 92.3689804077, 93.0423583984, 93.7041244507, 94.3658905029, 95.0276641846, 95.7126541138, 96.432472229, 97.1522903442, 97.8372802734, 98.5222625732, 99.2072525024, 99.8922424316, 100.577232361, 101.250610352, 101.912376404, 102.585754395, 103.259140015, 103.932518005, 104.605895996, 105.267662048, 105.929428101, 106.591201782, 107.252967834, 107.914733887, 108.588119507, 109.249885559, 109.92326355, 110.596641541, 111.258407593, 111.943397522, 112.628387451, 113.324989319, 114.009971619, 114.683357239, 115.345123291, 116.006889343, 116.691879272, 117.376869202, 118.050247192, 118.723625183, 119.397003174, 120.070381165, 120.743759155, 121.417137146, 122.090522766, 122.763900757, 123.437278748, 124.110656738, 124.772422791, 125.434196472, 126.107574463, 126.780952454, 127.465942383, 128.127700806, 128.801086426, 129.474472046, 130.147842407, 130.809616089, 131.494598389, 132.15637207, 132.84135437, 133.51473999, 134.188110352, 134.849884033, 135.511657715, 136.173416138, 136.835189819, 137.508575439, 138.181945801, 138.855331421, 139.528701782, 140.202087402, 140.863845825, 141.525619507, 142.199005127, 142.883987427, 143.568969727, 144.242355347, 144.904129028, 145.565887451, 146.239273071, 146.912643433, 147.620864868, 148.305847168, 148.979232788, 149.652603149, 150.32598877, 150.999359131, 151.661132813, 152.322906494, 152.996276855, 153.669662476, 154.343032837, 155.016418457, 155.689788818, 156.363174438, 157.0365448, 157.744766235, 158.452972412, 159.14956665, 159.83454895, 160.519546509, 161.204528809, 161.889526367, 162.574508667, 163.259490967, 163.932876587, 164.606262207, 165.279632568, 165.94140625, 166.603164673, 167.276550293, 167.961532593, 168.646530151, 169.319900513, 169.981674194, 170.655059814, 171.316818237, 171.990203857, 172.663574219, 173.336959839, 174.0103302, 174.68371582, 175.35710144, 176.030471802, 176.703857422, 177.377227783, 178.039001465, 178.712371826, 179.385757446, 180.059127808, 180.720901489, 181.394287109, 182.067657471, 182.741043091, 183.414413452, 184.087799072, 184.761169434, 185.446166992, 186.131149292, 186.827758789, 187.489517212, 188.162902832, 188.836273193, 189.509658813, 190.171432495, 190.844802856, 191.518188477, 192.203170776, 192.888153076, 193.573150635, 194.258132935, 194.931518555, 195.604888916, 196.278274536, 196.951644897, 197.625030518, 198.298416138, 198.983398438, 199.668380737, 200.330154419, 200.991928101, 201.653686523, 202.338684082, 203.012054443, 203.70866394, 204.39364624, 205.07862854, 205.763626099, 206.448608398, 207.11038208, 207.7837677, 208.457138062, 209.130523682, 209.803894043, 210.477279663, 211.139038086, 211.812423706, 212.485794067, 213.159179688, 213.832565308, 214.505935669, 215.179321289, 215.85269165, 216.526077271, 217.199447632, 217.872833252, 218.546203613, 219.219589233, 219.892959595, 220.554733276, 221.216506958, 221.889877319, 222.574874878, 223.236633301, 223.910018921, 224.583404541, 225.256774902, 225.930160522, 226.603530884, 227.288528442, 227.950286865, 228.623672485, 229.297042847, 229.970428467, 230.643798828, 231.293960571, 231.955734253, 232.617507935, 233.290878296, 233.964263916, 234.637634277, 235.299407959, 235.961181641, 236.669387817, 237.377593994, 238.062576294, 238.747573853, 239.432556152, 240.117553711, 240.802536011, 241.487518311, 242.160903931, 242.834274292, 243.507659912, 244.181045532, 244.854415894, 245.527801514, 246.201171875, 246.874557495, 247.547927856, 248.221313477, 248.894683838, 249.568069458, 250.241439819, 250.914825439, 251.58821106, 252.261581421, 252.934967041, 253.596725464, 254.258499146, 254.920272827, 255.58203125, 256.255401611, 256.92880249, 257.602172852, 258.275543213, 258.948944092, 259.622314453, 260.295684814, 260.969055176, 261.642456055, 262.315826416, 262.989196777, 263.650970459, 264.312744141, 264.986114502, 265.659484863, 266.332885742, 267.006256104, 267.679626465, 268.341400146, 269.003173828, 269.676544189, 270.349914551, 271.02331543, 271.696685791, 272.370056152, 273.031829834, 273.705200195, 274.366973877, 275.040344238, 275.725341797, 276.410339355, 277.095336914, 277.768707275, 278.442077637, 279.115447998, 279.800445557, 280.473815918, 281.147216797, 281.820587158, 282.49395752, 283.167327881, 283.829101563, 284.514099121, 285.19909668, 285.884063721, 286.5574646, 287.219238281, 287.880981445, 288.554382324, 289.227752686, 289.901123047, 290.586120605, 291.247894287, 291.921264648, 292.59463501, 293.256408691, 293.918182373, 294.591552734, 295.264923096, 295.938323975, 296.611694336, 297.285064697, 297.958465576, 298.62020874, 299.165893555, 299.723175049, 300.268829346, 300.81451416, 301.360168457, 301.720092773, 302.068389893, 302.416687012, 302.776580811, 303.136505127, 303.484802246, 303.833099365, 304.181396484, 304.518096924, 304.854766846, 305.191467285, 305.528167725, 305.864837646, 306.201538086, 306.549835205, 306.886535645, 307.234832764, 307.571502686, 307.908203125, 308.244903564, 308.593200684, 308.941497803, 309.278167725, 309.614868164, 309.951568604, 310.288238525, 310.624938965, 310.961639404, 311.309936523, 311.658233643, 312.006530762, 312.354827881, 312.71472168, 313.074645996, 313.422943115, 313.771240234, 314.119537354, 314.467834473, 314.816131592, 315.152832031, 315.489532471, 315.83782959, 316.174499512, 316.511199951, 316.847900391, 317.184570313, 317.521270752, 317.857940674, 318.183044434, 318.508117676, 318.833190918, 319.169891357, 319.518188477, 319.866485596, 320.214782715, 320.563079834, 320.922973633, 321.282897949, 321.642791748, 322.002716064, 322.362609863, 322.72253418, 323.082427979, 323.442352295, 323.802276611]
