
metadata:
    version:
        essentia: "2.1-beta2"
    audio_properties:
        analysis_sample_rate: 44100
        bitrate: 320
        channels: 2
        equal_loudness: 1
        length: 387.291442871
        replay_gain: -10.2229614258
        downmix: "mix"
    tags:
        album: "Metallica"
        artist: "Metallica"
        comment: "Ripped with WMP"
        date: "1991"
        genre: "Metal"
        title: "The Unforgiven"
        tracknumber: "4"

configuration:
    average_loudness:
        compute: 1
        frameSize: 88200
        hopSize: 44100
        silentFrames: "noise"
        windowType: "hann"
    general:
        analysisSampleRate: 44100
        endTime: 2000
        equalLoudness: 1
        nequalLoudness: 0
        shortSound: 0
        startTime: 0
    lowlevel:
        compute: 1
        frameSize: 2048
        hopSize: 1024
        zeroPadding: 0
        silentFrames: "noise"
        windowType: "blackmanharris62"
        mfccStats: ["mean", "cov", "icov"]
        stats: ["mean", "var", "median", "min", "max", "dmean", "dmean2", "dvar", "dvar2"]
    panning:
        compute: 0
        frameSize: 8192
        hopSize: 2048
        zeroPadding: 8192
        silentFrames: "noise"
        windowType: "hann"
        stats: ["copy"]
    rhythm:
        compute: 1
        maxTempo: 208
        minTempo: 40
        method: "degara"
        stats: ["mean", "var", "median", "min", "max", "dmean", "dmean2", "dvar", "dvar2"]
    segmentation:
        compute: 0
        cpw: 5
        inc1: 300
        inc2: 50
        minimumSegmentsLength: 10
        size1: 1000
        size2: 600
    sfx:
        compute: 1
        stats: ["mean", "var", "median", "min", "max", "dmean", "dmean2", "dvar", "dvar2"]
    svm:
        compute: 0
    tonal:
        compute: 1
        frameSize: 4096
        hopSize: 2048
        zeroPadding: 0
        silentFrames: "noise"
        windowType: "blackmanharris62"
        stats: ["mean", "var", "median", "min", "max", "dmean", "dmean2", "dvar", "dvar2"]

lowlevel:
    average_loudness: 0.610535085201
    barkbands_kurtosis:
        dmean: 1.42525053024
        dmean2: 2.25860548019
        dvar: 15.6272115707
        dvar2: 37.7402229309
        max: 191.600036621
        mean: 1.27929151058
        median: -0.656961262226
        min: -1.88442575932
        var: 54.75157547
    barkbands_skewness:
        dmean: 0.410400420427
        dmean2: 0.636353731155
        dvar: 0.203774765134
        dvar2: 0.464445859194
        max: 11.6463575363
        mean: 0.168999776244
        median: -0.115892894566
        min: -3.81157565117
        var: 2.24883055687
    barkbands_spread:
        dmean: 5.13342618942
        dmean2: 8.11886692047
        dvar: 28.5598087311
        dvar2: 66.6018753052
        max: 81.6346893311
        mean: 32.1926841736
        median: 33.3194046021
        min: 0.341621488333
        var: 172.261108398
    dissonance:
        dmean: 0.0125403180718
        dmean2: 0.0209795627743
        dvar: 0.000191404527868
        dvar2: 0.00052132178098
        max: 0.500000059605
        mean: 0.471744984388
        median: 0.479980289936
        min: 0.281885504723
        var: 0.000677177275065
    hfc:
        dmean: 2.44351744652
        dmean2: 3.85730862617
        dvar: 34.655456543
        dvar2: 87.3110046387
        max: 101.552009583
        mean: 7.83120679855
        median: 4.92476511002
        min: 1.08914037457e-016
        var: 84.429977417
    pitch:
        dmean: 565.340576172
        dmean2: 1094.30517578
        dvar: 1422286.125
        dvar2: 3582032.25
        max: 4799.40039063
        mean: 1624.27978516
        median: 293.740875244
        min: 55.8770942688
        var: 2867413.5
    pitch_instantaneous_confidence:
        dmean: 0.0773362591863
        dmean2: 0.124167487025
        dvar: 0.00476463185623
        dvar2: 0.0113239903003
        max: 0.911695063114
        mean: 0.486982107162
        median: 0.476052224636
        min: 0.0974389314651
        var: 0.0210163425654
    pitch_salience:
        dmean: 0.0544448085129
        dmean2: 0.0876483917236
        dvar: 0.00249425857328
        dvar2: 0.0061534284614
        max: 0.946642279625
        mean: 0.618052780628
        median: 0.631603598595
        min: 0.114728301764
        var: 0.0113601488993
    silence_rate_20dB:
        dmean: 0
        dmean2: 0
        dvar: 0
        dvar2: 0
        max: 1
        mean: 1
        median: 1
        min: 1
        var: 0
    silence_rate_30dB:
        dmean: 0
        dmean2: 0
        dvar: 0
        dvar2: 0
        max: 1
        mean: 1
        median: 1
        min: 1
        var: 0
    silence_rate_60dB:
        dmean: 0.0747002363205
        dmean2: 0.14940944314
        dvar: 0.0691170021892
        dvar2: 0.146018832922
        max: 1
        mean: 0.529824376106
        median: 1
        min: 0
        var: 0.249105140567
    spectral_centroid:
        dmean: 237.084213257
        dmean2: 370.499603271
        dvar: 86439.296875
        dvar2: 189282.28125
        max: 11408.703125
        mean: 1837.45056152
        median: 1926.59521484
        min: 208.99029541
        var: 952627.875
    spectral_complexity:
        dmean: 2.71282982826
        dmean2: 4.28514909744
        dvar: 14.877207756
        dvar2: 32.0543899536
        max: 53
        mean: 12.1392602921
        median: 10
        min: 0
        var: 101.830245972
    spectral_crest:
        dmean: 1.91789758205
        dmean2: 3.1166434288
        dvar: 3.7254076004
        dvar2: 9.19966602325
        max: 26.0664386749
        mean: 8.32251167297
        median: 7.07647323608
        min: 2.42886900902
        var: 16.9417610168
    spectral_decrease:
        dmean: 2.05279390708e-010
        dmean2: 3.14289733128e-010
        dvar: 1.34292074514e-019
        dvar2: 3.20444211683e-019
        max: 1.31625695934e-028
        mean: -7.59034890496e-010
        median: -6.47824294209e-010
        min: -6.9764127808e-009
        var: 4.13110102082e-019
    spectral_energy:
        dmean: 0.000974242575467
        dmean2: 0.00149674108252
        dvar: 3.50927007275e-006
        dvar2: 8.51321965456e-006
        max: 0.0345211960375
        mean: 0.00357507658191
        median: 0.00291015068069
        min: 1.01038488158e-020
        var: 1.02621161204e-005
    spectral_energyband_high:
        dmean: 0.000217509586946
        dmean2: 0.000355685624527
        dvar: 3.99767429826e-007
        dvar2: 1.04616788121e-006
        max: 0.0117315128446
        mean: 0.000492809864227
        median: 0.000260989705566
        min: 6.87335147905e-021
        var: 5.76991226353e-007
    spectral_energyband_low:
        dmean: 0.000142287171911
        dmean2: 0.000235787170823
        dvar: 8.3333915768e-008
        dvar2: 2.17279833237e-007
        max: 0.00734199304134
        mean: 0.00027678173501
        median: 0.00017295689031
        min: 1.4052073968e-023
        var: 1.24644301991e-007
    spectral_energyband_middle_high:
        dmean: 0.000545268296264
        dmean2: 0.000861696433276
        dvar: 1.2366917872e-006
        dvar2: 2.99096132039e-006
        max: 0.023139372468
        mean: 0.00180440512486
        median: 0.00107788620517
        min: 1.16582171123e-021
        var: 4.3706568249e-006
    spectral_energyband_middle_low:
        dmean: 0.000400326389354
        dmean2: 0.000610940915067
        dvar: 3.85281424542e-007
        dvar2: 8.96869948974e-007
        max: 0.015012097545
        mean: 0.00109902478289
        median: 0.000804187671747
        min: 1.4474581558e-022
        var: 1.10199948722e-006
    spectral_flatness_db:
        dmean: 0.0144934412092
        dmean2: 0.022760188207
        dvar: 0.000223183538765
        dvar2: 0.000510988815222
        max: 0.479456603527
        mean: 0.150161832571
        median: 0.139988422394
        min: 0.0509432554245
        var: 0.00237159454264
    spectral_flux:
        dmean: 0.00629707658663
        dmean2: 0.00953634083271
        dvar: 8.51275981404e-005
        dvar2: 0.000176396046299
        max: 0.156672894955
        mean: 0.030214400962
        median: 0.0284052360803
        min: 6.3720292931e-011
        var: 0.000385845283745
    spectral_kurtosis:
        dmean: 1.31533753872
        dmean2: 2.18491220474
        dvar: 8.10560035706
        dvar2: 21.248462677
        max: 93.449508667
        mean: 4.02846097946
        median: 2.70435118675
        min: -1.25372195244
        var: 32.4593009949
    spectral_rms:
        dmean: 0.000221341950237
        dmean2: 0.000331411167281
        dvar: 1.03177470123e-007
        dvar2: 2.3518887815e-007
        max: 0.00580337969586
        mean: 0.00166913913563
        median: 0.00168498407584
        min: 3.13965173304e-012
        var: 7.0186689527e-007
    spectral_rolloff:
        dmean: 326.683380127
        dmean2: 539.320495605
        dvar: 285521.1875
        dvar2: 608721.6875
        max: 19487.5488281
        mean: 3213.46679688
        median: 3682.17773438
        min: 172.265625
        var: 2370310.75
    spectral_skewness:
        dmean: 0.164034962654
        dmean2: 0.263835281134
        dvar: 0.053934905678
        dvar2: 0.137172803283
        max: 7.85905075073
        mean: 1.37048697472
        median: 1.24076807499
        min: -0.0350948944688
        var: 0.413799971342
    spectral_spread:
        dmean: 468396.6875
        dmean2: 688787.4375
        dvar: 442579582976
        dvar2: 843927650304
        max: 42412260
        mean: 5437174.5
        median: 5306698
        min: 766847.4375
        var: 6.1675101225e+012
    spectral_strongpeak:
        dmean: 0.502678394318
        dmean2: 0.876150488853
        dvar: 0.840225219727
        dvar2: 2.25670814514
        max: 14.0324115753
        mean: 0.73613101244
        median: 0.250147253275
        min: 0
        var: 1.45762753487
    zerocrossingrate:
        dmean: 0.00769944582134
        dmean2: 0.00916785467416
        dvar: 7.6765922131e-005
        dvar2: 9.29804446059e-005
        max: 0.515625
        mean: 0.103289559484
        median: 0.11181640625
        min: 0.009765625
        var: 0.00200155586936
    barkbands:
        dmean: [2.56120188169e-007, 4.06586223107e-005, 9.01773528312e-005, 8.33780504763e-005, 0.000234737541177, 6.30328504485e-005, 9.37454096857e-005, 6.36391050648e-005, 4.5509514166e-005, 4.41502379545e-005, 2.96600937872e-005, 2.42138539761e-005, 2.72684901574e-005, 2.80977765215e-005, 3.73593684344e-005, 6.41577353235e-005, 0.00011298715981, 0.000138048184454, 0.000250327022513, 0.000202152281418, 0.000108080414066, 3.66097738151e-005, 1.09210659502e-005, 4.33869627159e-006, 2.58015347754e-006, 1.18222523326e-007, 3.16918657983e-010]
        dmean2: [3.73079075189e-007, 6.93069014233e-005, 0.00015265289403, 0.000138847099151, 0.000369790708646, 0.000100112047221, 0.000141919881571, 9.74907088676e-005, 6.94399132044e-005, 6.84665064909e-005, 4.6374010708e-005, 3.88201951864e-005, 4.36341542809e-005, 4.60106166429e-005, 6.08378832112e-005, 0.000104385646409, 0.000185449403943, 0.000226499949349, 0.000411363522289, 0.000333078933181, 0.000180320785148, 6.02610052738e-005, 1.75879849849e-005, 6.66159803586e-006, 4.03312333219e-006, 2.03103681429e-007, 5.30009980348e-010]
        dvar: [4.11835902837e-013, 1.19402638887e-008, 3.80128177824e-008, 3.02679765696e-008, 1.81948209388e-007, 2.34371118069e-008, 6.7638275425e-008, 2.96444699899e-008, 1.43313929613e-008, 1.42053071528e-008, 5.66410385261e-009, 5.76196867996e-009, 4.07094713495e-009, 5.85602988323e-009, 8.11832201464e-009, 1.89025151087e-008, 5.16968938769e-008, 9.57202530572e-008, 2.40114673034e-007, 2.13230478607e-007, 9.26703975779e-008, 1.44250602574e-008, 1.38425759744e-009, 1.65364347215e-010, 5.62282581607e-011, 1.47887127891e-013, 3.74810347251e-019]
        dvar2: [6.9986768117e-013, 3.23783204692e-008, 1.02226557885e-007, 7.63061720477e-008, 4.53095623243e-007, 5.99328515705e-008, 1.52087082483e-007, 6.74720865845e-008, 3.31634240069e-008, 3.35897105685e-008, 1.30078365856e-008, 1.47943586271e-008, 9.45252232043e-009, 1.48379468712e-008, 1.99219201136e-008, 4.79728079483e-008, 1.30180126234e-007, 2.37439650164e-007, 6.13107772551e-007, 5.63281957966e-007, 2.46354545652e-007, 3.74018149785e-008, 3.4196285803e-009, 3.77928910389e-010, 1.31229138667e-010, 4.19652187349e-013, 9.85264029996e-019]
        max: [1.03299735201e-005, 0.00185241061263, 0.00574539043009, 0.00525434687734, 0.0106374230236, 0.00669697206467, 0.0126323411241, 0.00420285807922, 0.00422375928611, 0.00474258232862, 0.00399018079042, 0.0039195176214, 0.00229753926396, 0.00495324004441, 0.00420514354482, 0.00381950451992, 0.00537031330168, 0.0113673154265, 0.0136128449813, 0.0121901454404, 0.0063497768715, 0.002360078739, 0.000653812778182, 0.000306589063257, 0.000198432811885, 5.1384154176e-006, 1.12856683998e-008]
        mean: [3.92248750813e-007, 6.87596620992e-005, 0.000144484205521, 0.000129300635308, 0.000436520029325, 0.000134522881126, 0.000176581830601, 0.000107967665826, 8.37586485432e-005, 7.96638341853e-005, 5.06988326379e-005, 4.0721057303e-005, 4.87381657877e-005, 4.69929727842e-005, 6.50318615953e-005, 0.000121509532619, 0.000222561269766, 0.000285111862468, 0.00057077727979, 0.000450002087746, 0.000218907851377, 6.19023412582e-005, 1.69665909198e-005, 8.01398346084e-006, 5.01168278788e-006, 1.87125806406e-007, 4.19302981225e-010]
        median: [1.63031828038e-007, 3.82000325772e-005, 7.38040471333e-005, 5.49511023564e-005, 0.000188092788449, 5.87378672208e-005, 5.74011610297e-005, 2.25219046115e-005, 2.44642469625e-005, 2.29654615396e-005, 1.94678796106e-005, 1.59545197675e-005, 1.7369093257e-005, 2.16046519199e-005, 2.90863808914e-005, 4.95585882163e-005, 0.000100137076515, 0.000131070104544, 0.000252529076533, 0.000220004934818, 0.000102012621937, 2.14622032217e-005, 3.86396141039e-006, 2.37776066569e-006, 1.51622111844e-006, 5.66094584542e-008, 1.46799086775e-010]
        min: [4.84946275724e-025, 2.91330296324e-024, 1.95241575206e-024, 7.67402902523e-025, 7.2939728016e-024, 1.022208722e-023, 1.17159610048e-023, 5.27695131355e-024, 2.14835412811e-023, 1.58344168309e-023, 1.47665689557e-023, 2.28166389025e-023, 3.3828561271e-023, 3.94394133454e-023, 7.4666031778e-023, 6.03480043998e-023, 7.69359127684e-023, 1.13215865613e-022, 1.13827415831e-022, 2.20469684588e-022, 2.78849531516e-022, 3.55035748746e-022, 3.89992611459e-022, 5.55842955364e-022, 8.82210741508e-022, 1.45210890104e-021, 2.14185878625e-021]
        var: [7.64181252999e-013, 1.17482796824e-008, 5.39397682076e-008, 5.62763204925e-008, 4.11636506215e-007, 6.62553247821e-008, 1.18652415892e-007, 6.54129905797e-008, 3.63609551357e-008, 3.68826427177e-008, 1.36918449911e-008, 9.94853710523e-009, 1.4732147946e-008, 9.00325680675e-009, 1.32607507197e-008, 4.09661140566e-008, 1.09875095688e-007, 2.05750026794e-007, 6.43318117e-007, 4.49376642564e-007, 1.25658090155e-007, 1.64939937264e-008, 1.6312199369e-009, 2.71847017119e-010, 8.93746604502e-011, 1.34155449878e-013, 5.55715548547e-019]
    frequency_bands:
        dmean: [2.56120188169e-007, 4.06586223107e-005, 9.01773528312e-005, 8.33780504763e-005, 0.000234737541177, 6.30328504485e-005, 9.37454096857e-005, 6.36391050648e-005, 4.5509514166e-005, 4.41502379545e-005, 2.96600937872e-005, 2.42138539761e-005, 2.72684901574e-005, 2.80977765215e-005, 3.73593684344e-005, 6.41577353235e-005, 0.00011298715981, 0.000138048184454, 0.000250327022513, 0.000202152281418, 0.000108080414066, 3.66097738151e-005, 1.09210659502e-005, 4.33869627159e-006, 2.58015347754e-006, 1.18222523326e-007, 3.16918657983e-010, 4.23618397305e-011]
        dmean2: [3.73079075189e-007, 6.93069014233e-005, 0.00015265289403, 0.000138847099151, 0.000369790708646, 0.000100112047221, 0.000141919881571, 9.74907088676e-005, 6.94399132044e-005, 6.84665064909e-005, 4.6374010708e-005, 3.88201951864e-005, 4.36341542809e-005, 4.60106166429e-005, 6.08378832112e-005, 0.000104385646409, 0.000185449403943, 0.000226499949349, 0.000411363522289, 0.000333078933181, 0.000180320785148, 6.02610052738e-005, 1.75879849849e-005, 6.66159803586e-006, 4.03312333219e-006, 2.03103681429e-007, 5.30009980348e-010, 7.86730264268e-011]
        dvar: [4.11835902837e-013, 1.19402638887e-008, 3.80128177824e-008, 3.02679765696e-008, 1.81948209388e-007, 2.34371118069e-008, 6.7638275425e-008, 2.96444699899e-008, 1.43313929613e-008, 1.42053071528e-008, 5.66410385261e-009, 5.76196867996e-009, 4.07094713495e-009, 5.85602988323e-009, 8.11832201464e-009, 1.89025151087e-008, 5.16968938769e-008, 9.57202530572e-008, 2.40114673034e-007, 2.13230478607e-007, 9.26703975779e-008, 1.44250602574e-008, 1.38425759744e-009, 1.65364347215e-010, 5.62282581607e-011, 1.47887127891e-013, 3.74810347251e-019, 5.43776135061e-021]
        dvar2: [6.9986768117e-013, 3.23783204692e-008, 1.02226557885e-007, 7.63061720477e-008, 4.53095623243e-007, 5.99328515705e-008, 1.52087082483e-007, 6.74720865845e-008, 3.31634240069e-008, 3.35897105685e-008, 1.30078365856e-008, 1.47943586271e-008, 9.45252232043e-009, 1.48379468712e-008, 1.99219201136e-008, 4.79728079483e-008, 1.30180126234e-007, 2.37439650164e-007, 6.13107772551e-007, 5.63281957966e-007, 2.46354545652e-007, 3.74018149785e-008, 3.4196285803e-009, 3.77928910389e-010, 1.31229138667e-010, 4.19652187349e-013, 9.85264029996e-019, 1.70961963652e-020]
        max: [1.03299735201e-005, 0.00185241061263, 0.00574539043009, 0.00525434687734, 0.0106374230236, 0.00669697206467, 0.0126323411241, 0.00420285807922, 0.00422375928611, 0.00474258232862, 0.00399018079042, 0.0039195176214, 0.00229753926396, 0.00495324004441, 0.00420514354482, 0.00381950451992, 0.00537031330168, 0.0113673154265, 0.0136128449813, 0.0121901454404, 0.0063497768715, 0.002360078739, 0.000653812778182, 0.000306589063257, 0.000198432811885, 5.1384154176e-006, 1.12856683998e-008, 1.12018350151e-009]
        mean: [3.92248750813e-007, 6.87596620992e-005, 0.000144484205521, 0.000129300635308, 0.000436520029325, 0.000134522881126, 0.000176581830601, 0.000107967665826, 8.37586485432e-005, 7.96638341853e-005, 5.06988326379e-005, 4.0721057303e-005, 4.87381657877e-005, 4.69929727842e-005, 6.50318615953e-005, 0.000121509532619, 0.000222561269766, 0.000285111862468, 0.00057077727979, 0.000450002087746, 0.000218907851377, 6.19023412582e-005, 1.69665909198e-005, 8.01398346084e-006, 5.01168278788e-006, 1.87125806406e-007, 4.19302981225e-010, 3.28309011921e-011]
        median: [1.63031828038e-007, 3.82000325772e-005, 7.38040471333e-005, 5.49511023564e-005, 0.000188092788449, 5.87378672208e-005, 5.74011610297e-005, 2.25219046115e-005, 2.44642469625e-005, 2.29654615396e-005, 1.94678796106e-005, 1.59545197675e-005, 1.7369093257e-005, 2.16046519199e-005, 2.90863808914e-005, 4.95585882163e-005, 0.000100137076515, 0.000131070104544, 0.000252529076533, 0.000220004934818, 0.000102012621937, 2.14622032217e-005, 3.86396141039e-006, 2.37776066569e-006, 1.51622111844e-006, 5.66094584542e-008, 1.46799086775e-010, 8.95776248316e-012]
        min: [4.84946275724e-025, 2.91330296324e-024, 1.95241575206e-024, 7.67402902523e-025, 7.2939728016e-024, 1.022208722e-023, 1.17159610048e-023, 5.27695131355e-024, 2.14835412811e-023, 1.58344168309e-023, 1.47665689557e-023, 2.28166389025e-023, 3.3828561271e-023, 3.94394133454e-023, 7.4666031778e-023, 6.03480043998e-023, 7.69359127684e-023, 1.13215865613e-022, 1.13827415831e-022, 2.20469684588e-022, 2.78849531516e-022, 3.55035748746e-022, 3.89992611459e-022, 5.55842955364e-022, 8.82210741508e-022, 1.45210890104e-021, 2.14185878625e-021, 4.33088776908e-022]
        var: [7.64181252999e-013, 1.17482796824e-008, 5.39397682076e-008, 5.62763204925e-008, 4.11636506215e-007, 6.62553247821e-008, 1.18652415892e-007, 6.54129905797e-008, 3.63609551357e-008, 3.68826427177e-008, 1.36918449911e-008, 9.94853710523e-009, 1.4732147946e-008, 9.00325680675e-009, 1.32607507197e-008, 4.09661140566e-008, 1.09875095688e-007, 2.05750026794e-007, 6.43318117e-007, 4.49376642564e-007, 1.25658090155e-007, 1.64939937264e-008, 1.6312199369e-009, 2.71847017119e-010, 8.93746604502e-011, 1.34155449878e-013, 5.55715548547e-019, 4.26383575334e-021]
    mfcc:
        mean: [-746.095458984, 91.4228515625, -31.4958934784, 55.2276916504, -7.45669651031, -6.40956401825, 3.86161065102, -6.12051677704, -3.62938284874, -6.18009567261, -4.78864049911, -3.79555726051, -2.28988575935]
        cov: [[10299.5830078, -984.436584473, -890.561584473, 1163.75524902, -608.673461914, -94.2160415649, -44.6318893433, 129.38760376, 289.973297119, 211.218383789, 133.160858154, -3.00512528419, 42.2088279724], [-984.436584473, 1370.38195801, -33.6021080017, -80.6167449951, 122.617248535, -8.04403591156, 19.0164642334, -128.660110474, -97.9995727539, -136.608352661, -63.8553123474, 7.89231109619, -53.6602210999], [-890.561584473, -33.6021080017, 608.58996582, -184.998962402, 90.27684021, 57.7701835632, -19.2698574066, -9.51325130463, -112.409873962, -51.8224830627, 8.19212818146, -29.6100234985, -25.8613395691], [1163.75524902, -80.6167449951, -184.998962402, 433.360168457, -55.9118003845, -18.7372455597, 20.8403301239, 18.2949810028, 50.8976745605, 25.5891246796, 15.7148141861, 19.7196311951, 21.6939353943], [-608.673461914, 122.617248535, 90.27684021, -55.9118003845, 226.332626343, 26.0121383667, -12.8220968246, -9.80706977844, -19.7890872955, -17.9298019409, -17.1825904846, -1.81702065468, -1.31482374668], [-94.2160415649, -8.04403591156, 57.7701835632, -18.7372455597, 26.0121383667, 143.524703979, 43.0117301941, -6.74640989304, -6.1277794838, -12.6957426071, -12.6301393509, -11.3527173996, -9.81682872772], [-44.6318893433, 19.0164642334, -19.2698574066, 20.8403301239, -12.8220968246, 43.0117301941, 121.511756897, 37.2287940979, 11.9235477448, -5.42344617844, -5.66513442993, 3.84428858757, -4.06143760681], [129.38760376, -128.660110474, -9.51325130463, 18.2949810028, -9.80706977844, -6.74640989304, 37.2287940979, 121.672988892, 39.3432655334, 20.3724746704, 21.4669075012, -8.88804531097, 3.17629003525], [289.973297119, -97.9995727539, -112.409873962, 50.8976745605, -19.7890872955, -6.1277794838, 11.9235477448, 39.3432655334, 125.463577271, 59.7023735046, 1.74167227745, 1.74984073639, 7.28328180313], [211.218383789, -136.608352661, -51.8224830627, 25.5891246796, -17.9298019409, -12.6957426071, -5.42344617844, 20.3724746704, 59.7023735046, 101.014511108, 38.1018066406, 3.92632246017, 8.26296520233], [133.160858154, -63.8553123474, 8.19212818146, 15.7148141861, -17.1825904846, -12.6301393509, -5.66513442993, 21.4669075012, 1.74167227745, 38.1018066406, 83.2945098877, 25.1717567444, 3.52461957932], [-3.00512528419, 7.89231109619, -29.6100234985, 19.7196311951, -1.81702065468, -11.3527173996, 3.84428858757, -8.88804531097, 1.74984073639, 3.92632246017, 25.1717567444, 68.8452072144, 26.2335128784], [42.2088279724, -53.6602210999, -25.8613395691, 21.6939353943, -1.31482374668, -9.81682872772, -4.06143760681, 3.17629003525, 7.28328180313, 8.26296520233, 3.52461957932, 26.2335128784, 59.3901786804]]
        icov: [[0.000180658331374, 6.5795466071e-005, 0.000119292286399, -0.000392310379539, 0.000311962998239, -9.83717545751e-005, 0.000221111491555, -3.91298890463e-005, -8.70852891239e-005, 3.86145220546e-005, -0.000173095308128, 0.000174195578438, 7.27959195501e-005], [6.5795466071e-005, 0.00108831177931, 0.00033616865403, -5.40555220141e-006, -0.000492391700391, 0.000413030473283, -0.000534682301804, 0.00104433612432, 3.69895788026e-005, 0.00121976633091, -0.000214149797102, -0.000104204314994, 0.00093435717281], [0.000119292286399, 0.00033616865403, 0.0025886062067, 0.000469418970169, -0.000541545159649, -0.000791950325947, 0.000434297486208, -0.000301746098557, 0.00175290298648, 0.000559680047445, -0.000965190120041, 0.000833271595184, 0.000474010856124], [-0.000392310379539, -5.40555220141e-006, 0.000469418970169, 0.00362796033733, -0.000446998164989, 0.00030389035237, -0.000899261678569, 0.000245920236921, -0.000322780775605, 0.000373060669517, -0.000302006839775, -0.000363733968697, -0.00071491842391], [0.000311962998239, -0.000492391700391, -0.000541545159649, -0.000446998164989, 0.00584463169798, -0.0012785657309, 0.0015950135421, -0.00101326720323, -6.00208295509e-005, -0.000649965193588, 0.00111894065049, -0.000532772799488, -0.000391095760278], [-9.83717545751e-005, 0.000413030473283, -0.000791950325947, 0.00030389035237, -0.0012785657309, 0.00907954666764, -0.00426542572677, 0.00238659209572, -0.000897792633623, 0.000994545058347, -0.000176498069777, 0.00140853167977, 0.000400425313273], [0.000221111491555, -0.000534682301804, 0.000434297486208, -0.000899261678569, 0.0015950135421, -0.00426542572677, 0.012037714012, -0.00511543406174, 0.000435300637037, -0.000376265670639, 0.00212702108547, -0.00278153899126, 0.00140578800347], [-3.91298890463e-005, 0.00104433612432, -0.000301746098557, 0.000245920236921, -0.00101326720323, 0.00238659209572, -0.00511543406174, 0.0131818996742, -0.00454315170646, 0.00312317465432, -0.00537662254646, 0.00449908291921, -0.0014781987993], [-8.70852891239e-005, 3.69895788026e-005, 0.00175290298648, -0.000322780775605, -6.00208295509e-005, -0.000897792633623, 0.000435300637037, -0.00454315170646, 0.0155495144427, -0.00931446067989, 0.00569359352812, -0.00231493031606, 0.00117318937555], [3.86145220546e-005, 0.00121976633091, 0.000559680047445, 0.000373060669517, -0.000649965193588, 0.000994545058347, -0.000376265670639, 0.00312317465432, -0.00931446067989, 0.0204250719398, -0.0103798750788, 0.00410317722708, -0.00175657134969], [-0.000173095308128, -0.000214149797102, -0.000965190120041, -0.000302006839775, 0.00111894065049, -0.000176498069777, 0.00212702108547, -0.00537662254646, 0.00569359352812, -0.0103798750788, 0.021502001211, -0.010045779869, 0.00395537959412], [0.000174195578438, -0.000104204314994, 0.000833271595184, -0.000363733968697, -0.000532772799488, 0.00140853167977, -0.00278153899126, 0.00449908291921, -0.00231493031606, 0.00410317722708, -0.010045779869, 0.0232251193374, -0.00988172739744], [7.27959195501e-005, 0.00093435717281, 0.000474010856124, -0.00071491842391, -0.000391095760278, 0.000400425313273, 0.00140578800347, -0.0014781987993, 0.00117318937555, -0.00175657134969, 0.00395537959412, -0.00988172739744, 0.0225612316281]]
    sccoeffs:
        dmean: [0.0468530170619, 0.0424772016704, 0.0342678502202, 0.0285257417709, 0.0202149674296, 0.0158348307014]
        dmean2: [0.077294498682, 0.0693894028664, 0.0553881302476, 0.0453327074647, 0.0324413962662, 0.0253544449806]
        dvar: [0.00147568539251, 0.00127878400963, 0.000791299680714, 0.000547465460841, 0.000302362517687, 0.000238147942582]
        dvar2: [0.00403983611614, 0.00328903552145, 0.00200540851802, 0.00132651557215, 0.000732844579034, 0.000562132627238]
        max: [-0.395436286926, -0.365836709738, -0.469040513039, -0.570829808712, -0.547903180122, -0.479119032621]
        mean: [-0.668246865273, -0.726109623909, -0.772176623344, -0.76951020956, -0.784078478813, -0.770319283009]
        median: [-0.670284509659, -0.730293571949, -0.778101980686, -0.773440659046, -0.787385165691, -0.773356497288]
        min: [-0.981714010239, -0.992885887623, -0.98798263073, -0.969565629959, -0.967426717281, -0.96311622858]
        var: [0.00597918825224, 0.00553011987358, 0.00372475944459, 0.00301043712534, 0.00196480890736, 0.00245414418168]
    scvalleys:
        dmean: [0.334383875132, 0.322219282389, 0.283050864935, 0.273299068213, 0.218670040369, 0.245310172439]
        dmean2: [0.555137574673, 0.528723418713, 0.452356159687, 0.414556890726, 0.329067736864, 0.340537399054]
        dvar: [0.0913968682289, 0.0895373299718, 0.0723458379507, 0.0853615924716, 0.0910400375724, 0.159642130136]
        dvar2: [0.22766084969, 0.208067163825, 0.153116106987, 0.165246963501, 0.177333772182, 0.303124159575]
        max: [-5.23292589188, -4.84801340103, -5.25972366333, -5.5221991539, -5.10067415237, -7.01293611526]
        mean: [-7.18064689636, -7.36106729507, -7.81881427765, -8.1173248291, -7.56928300858, -9.90238666534]
        median: [-6.87678909302, -7.1044049263, -7.55419206619, -7.78810596466, -7.12548160553, -9.40320491791]
        min: [-27.9346027374, -27.7288913727, -27.6929416656, -27.7698574066, -27.4419116974, -27.3598976135]
        var: [2.25121355057, 2.3222682476, 2.21534824371, 2.48382806778, 3.1181948185, 3.48041152954]

rhythm:
    beats_loudness:
        dmean: 0.00291685201228
        dmean2: 0.00537668960169
        dvar: 8.10508663562e-006
        dvar2: 2.42035293923e-005
        max: 0.0203974042088
        mean: 0.00502441357821
        median: 0.00456382799894
        min: 0
        var: 1.4158367776e-005
    bpm: 139.528945923
    bpm_confidence: 0
    first_peak_bpm: 140
    first_peak_spread: 0.355658203363
    first_peak_weight: 0.622767865658
    onset_rate: 2.39871048927
    second_peak_bpm: 133
    second_peak_spread: 0.272727280855
    second_peak_weight: 0.0178571436554
    beats_loudness_band_ratio:
        dmean: [0.113253690302, 0.126339823008, 0.0806827172637, 0.0448387339711, 0.0828471779823, 0.129905134439]
        dmean2: [0.19771014154, 0.220083504915, 0.141808405519, 0.0796221271157, 0.14242272079, 0.22165133059]
        dvar: [0.0115668224171, 0.0182008799165, 0.0067151049152, 0.0033134536352, 0.00586187979206, 0.0128756174818]
        dvar2: [0.0292071998119, 0.0528098009527, 0.0200372431427, 0.00977554917336, 0.0163822993636, 0.0352088026702]
        max: [0.831448435783, 0.939708590508, 0.723913252354, 0.716539800167, 0.580228924751, 0.870734572411]
        mean: [0.170092657208, 0.218181535602, 0.110114909708, 0.0679829269648, 0.186536177993, 0.298120886087]
        median: [0.135110542178, 0.140265181661, 0.0866234526038, 0.0494112856686, 0.17182828486, 0.312958031893]
        min: [0, 0, 0, 0, 0, 0]
        var: [0.0167208444327, 0.0459029786289, 0.00789757911116, 0.00502065336332, 0.0131975281984, 0.0326368845999]
