
metadata:
    version:
        essentia: "2.1-beta2"
    audio_properties:
        analysis_sample_rate: 44100
        bitrate: 320
        channels: 2
        equal_loudness: 1
        length: 388.780395508
        replay_gain: -8.78524971008
        downmix: "mix"
    tags:
        album: "Metallica"
        artist: "Metallica"
        comment: "Ripped with WMP"
        date: "1991"
        genre: "Metal"
        title: "Nothing Else Matters"
        tracknumber: "8"

configuration:
    average_loudness:
        compute: 1
        frameSize: 88200
        hopSize: 44100
        silentFrames: "noise"
        windowType: "hann"
    general:
        analysisSampleRate: 44100
        endTime: 2000
        equalLoudness: 1
        nequalLoudness: 0
        shortSound: 0
        startTime: 0
    lowlevel:
        compute: 1
        frameSize: 2048
        hopSize: 1024
        zeroPadding: 0
        silentFrames: "noise"
        windowType: "blackmanharris62"
        mfccStats: ["mean", "cov", "icov"]
        stats: ["mean", "var", "median", "min", "max", "dmean", "dmean2", "dvar", "dvar2"]
    panning:
        compute: 0
        frameSize: 8192
        hopSize: 2048
        zeroPadding: 8192
        silentFrames: "noise"
        windowType: "hann"
        stats: ["copy"]
    rhythm:
        compute: 1
        maxTempo: 208
        minTempo: 40
        method: "degara"
        stats: ["mean", "var", "median", "min", "max", "dmean", "dmean2", "dvar", "dvar2"]
    segmentation:
        compute: 0
        cpw: 5
        inc1: 300
        inc2: 50
        minimumSegmentsLength: 10
        size1: 1000
        size2: 600
    sfx:
        compute: 1
        stats: ["mean", "var", "median", "min", "max", "dmean", "dmean2", "dvar", "dvar2"]
    svm:
        compute: 0
    tonal:
        compute: 1
        frameSize: 4096
        hopSize: 2048
        zeroPadding: 0
        silentFrames: "noise"
        windowType: "blackmanharris62"
        stats: ["mean", "var", "median", "min", "max", "dmean", "dmean2", "dvar", "dvar2"]

lowlevel:
    average_loudness: 0.248782083392
    barkbands_kurtosis:
        dmean: 1.54997837543
        dmean2: 2.36782383919
        dvar: 11.1043243408
        dvar2: 21.5063533783
        max: 194.924346924
        mean: 2.97562241554
        median: -0.0406127348542
        min: -1.8936136961
        var: 107.091712952
    barkbands_skewness:
        dmean: 0.398398667574
        dmean2: 0.613523006439
        dvar: 0.221610367298
        dvar2: 0.503328025341
        max: 11.3103218079
        mean: 1.12624835968
        median: 0.981018841267
        min: -2.77684807777
        var: 2.2131986618
    barkbands_spread:
        dmean: 4.45214223862
        dmean2: 6.88997888565
        dvar: 27.3202514648
        dvar2: 61.5135231018
        max: 84.5308609009
        mean: 27.702999115
        median: 27.3180370331
        min: 0.344370245934
        var: 188.254470825
    dissonance:
        dmean: 0.0151683259755
        dmean2: 0.0251947417855
        dvar: 0.000237790925894
        dvar2: 0.000623849977273
        max: 0.499996572733
        mean: 0.455066770315
        median: 0.462868362665
        min: 0.157240375876
        var: 0.00105361500755
    hfc:
        dmean: 2.05962014198
        dmean2: 3.42105579376
        dvar: 49.7154006958
        dvar2: 135.923248291
        max: 131.149200439
        mean: 5.08170461655
        median: 1.74929785728
        min: 1.11787768784e-016
        var: 72.6532516479
    pitch:
        dmean: 437.237182617
        dmean2: 847.355651855
        dvar: 1158863.625
        dvar2: 2995095.25
        max: 5241.31542969
        mean: 738.64855957
        median: 246.256088257
        min: 61.9334716797
        var: 1563075
    pitch_instantaneous_confidence:
        dmean: 0.0669828057289
        dmean2: 0.105966679752
        dvar: 0.00408570608124
        dvar2: 0.00983473658562
        max: 0.968347966671
        mean: 0.499646127224
        median: 0.480516970158
        min: 0.0876052379608
        var: 0.0271199624985
    pitch_salience:
        dmean: 0.0490477085114
        dmean2: 0.0781690105796
        dvar: 0.00220002839342
        dvar2: 0.00564962998033
        max: 0.986240983009
        mean: 0.572837233543
        median: 0.583565413952
        min: 0.131524309516
        var: 0.0125540569425
    silence_rate_20dB:
        dmean: 0
        dmean2: 0
        dvar: 0
        dvar2: 0
        max: 1
        mean: 1
        median: 1
        min: 1
        var: 0
    silence_rate_30dB:
        dmean: 0
        dmean2: 0
        dvar: 0
        dvar2: 0
        max: 1
        mean: 1
        median: 1
        min: 1
        var: 0
    silence_rate_60dB:
        dmean: 0.0578117519617
        dmean2: 0.115630410612
        dvar: 0.0544786266983
        dvar2: 0.116142481565
        max: 1
        mean: 0.67381310463
        median: 1
        min: 0
        var: 0.21981549263
    spectral_centroid:
        dmean: 216.735534668
        dmean2: 344.059753418
        dvar: 125472.34375
        dvar2: 306892.65625
        max: 11611.9326172
        mean: 1255.95092773
        median: 1061.36022949
        min: 185.388031006
        var: 739634.375
    spectral_complexity:
        dmean: 2.03356432915
        dmean2: 3.26452851295
        dvar: 12.5735054016
        dvar2: 28.2395019531
        max: 56
        mean: 8.80376243591
        median: 6
        min: 0
        var: 79.8870544434
    spectral_crest:
        dmean: 1.64414405823
        dmean2: 2.56650710106
        dvar: 2.72580003738
        dvar2: 6.6120018959
        max: 26.3174381256
        mean: 9.29609584808
        median: 8.11430072784
        min: 2.58398127556
        var: 19.8826580048
    spectral_decrease:
        dmean: 1.80679096684e-010
        dmean2: 2.81705769822e-010
        dvar: 1.8164978017e-019
        dvar2: 4.59312662937e-019
        max: 2.18425348338e-028
        mean: -6.50417775194e-010
        median: -4.19240364646e-010
        min: -7.86059395352e-009
        var: 5.12881241297e-019
    spectral_energy:
        dmean: 0.000852850906085
        dmean2: 0.00134625448845
        dvar: 4.86882800033e-006
        dvar2: 1.26099312183e-005
        max: 0.0415632948279
        mean: 0.00291576352902
        median: 0.00177787570283
        min: 1.03449162266e-020
        var: 1.16430410344e-005
    spectral_energyband_high:
        dmean: 0.000195896674995
        dmean2: 0.000346545886714
        dvar: 7.05302511506e-007
        dvar2: 2.00511158255e-006
        max: 0.0142901567742
        mean: 0.00028711912455
        median: 5.02409311594e-005
        min: 7.27996891126e-021
        var: 5.58006945539e-007
    spectral_energyband_low:
        dmean: 0.000112100839033
        dmean2: 0.000185383381904
        dvar: 7.88951339814e-008
        dvar2: 2.08517633382e-007
        max: 0.010727240704
        mean: 0.000251960358582
        median: 0.0001696991676
        min: 2.00129262712e-023
        var: 1.21156347177e-007
    spectral_energyband_middle_high:
        dmean: 0.000414007110521
        dmean2: 0.000657840864733
        dvar: 1.35422646963e-006
        dvar2: 3.3626131426e-006
        max: 0.0296055842191
        mean: 0.0011776604224
        median: 0.000358207907993
        min: 1.1372268287e-021
        var: 3.85435259886e-006
    spectral_energyband_middle_low:
        dmean: 0.000374836323317
        dmean2: 0.00056661531562
        dvar: 4.71602533025e-007
        dvar2: 1.09862617137e-006
        max: 0.0124084986746
        mean: 0.00129974703304
        median: 0.000918706937227
        min: 1.77652977847e-022
        var: 1.85736359981e-006
    spectral_flatness_db:
        dmean: 0.0131459832191
        dmean2: 0.0200579036027
        dvar: 0.000187688769074
        dvar2: 0.000392683781683
        max: 0.451097637415
        mean: 0.170881032944
        median: 0.155385285616
        min: 0.0621459037066
        var: 0.00391883356497
    spectral_flux:
        dmean: 0.00581308081746
        dmean2: 0.00914407707751
        dvar: 0.000120630786114
        dvar2: 0.00024268735433
        max: 0.16770093143
        mean: 0.02304472588
        median: 0.0180545225739
        min: 6.59123380875e-011
        var: 0.000441833952209
    spectral_kurtosis:
        dmean: 1.72664320469
        dmean2: 2.96940970421
        dvar: 11.0797834396
        dvar2: 33.3339729309
        max: 103.458496094
        mean: 5.06680345535
        median: 3.31751060486
        min: -1.30785512924
        var: 52.0060882568
    spectral_rms:
        dmean: 0.000189762300579
        dmean2: 0.000288910028758
        dvar: 1.27851805587e-007
        dvar2: 3.103627364e-007
        max: 0.00636785337701
        mean: 0.00142972543836
        median: 0.00131700909697
        min: 3.17688540405e-012
        var: 8.00535019607e-007
    spectral_rolloff:
        dmean: 427.562194824
        dmean2: 718.342712402
        dvar: 462100.6875
        dvar2: 1012589.4375
        max: 19616.7480469
        mean: 2403.92114258
        median: 2562.45117188
        min: 172.265625
        var: 2771720.25
    spectral_skewness:
        dmean: 0.211776182055
        dmean2: 0.348788231611
        dvar: 0.0802506506443
        dvar2: 0.223963215947
        max: 8.82623958588
        mean: 1.6228364706
        median: 1.52534067631
        min: -0.331071615219
        var: 0.590619146824
    spectral_spread:
        dmean: 490281.34375
        dmean2: 720485.1875
        dvar: 519399145472
        dvar2: 972502073344
        max: 42385024
        mean: 5695165.5
        median: 5377793.5
        min: 865650.5625
        var: 8.07896455578e+012
    spectral_strongpeak:
        dmean: 0.278668582439
        dmean2: 0.472514629364
        dvar: 0.43076300621
        dvar2: 1.10517179966
        max: 10.9600296021
        mean: 0.502424299717
        median: 0.193561568856
        min: 0
        var: 0.786241710186
    zerocrossingrate:
        dmean: 0.00746276555583
        dmean2: 0.00888565182686
        dvar: 7.0231515565e-005
        dvar2: 7.87025201134e-005
        max: 0.52978515625
        mean: 0.0776501595974
        median: 0.0732421875
        min: 0.00927734375
        var: 0.0016864008503
    barkbands:
        dmean: [2.12787114151e-007, 3.68501132471e-005, 5.79920124437e-005, 9.4210729003e-005, 0.000153874891112, 9.45588035393e-005, 8.60154541442e-005, 4.87630568387e-005, 8.6158826889e-005, 4.24152531195e-005, 2.73832720268e-005, 2.70741584245e-005, 1.6031342966e-005, 1.50811674757e-005, 4.50501938758e-005, 5.8082077885e-005, 0.000105102233647, 8.30874341773e-005, 0.00015835755039, 0.000137497714604, 9.60602992564e-005, 3.9329072024e-005, 9.4336037364e-006, 4.74122407468e-006, 2.68026360573e-006, 8.35008719946e-008, 2.92499996446e-010]
        dmean2: [3.00337262615e-007, 6.33750823908e-005, 9.72319612629e-005, 0.000154198831297, 0.000247435818892, 0.000145185957081, 0.00012760530808, 7.41834155633e-005, 0.000123259567772, 6.22124498477e-005, 4.16509756178e-005, 4.23169622081e-005, 2.57613792201e-005, 2.43327849603e-005, 7.23084594938e-005, 9.13459516596e-005, 0.000171641062479, 0.00013580727682, 0.000263697176706, 0.000237491665757, 0.000174117725692, 6.87790525262e-005, 1.57332615345e-005, 7.46711748434e-006, 4.05889295507e-006, 1.3484260819e-007, 4.8567033728e-010]
        dvar: [5.74091392914e-013, 1.42336817888e-008, 2.94135080736e-008, 3.793243053e-008, 1.26301927139e-007, 4.00244459797e-008, 3.82586264891e-008, 1.87967028609e-008, 8.57443396285e-008, 3.52039108975e-008, 8.05123256953e-009, 1.03798045714e-008, 2.02006167349e-009, 1.8933390411e-009, 2.07792822948e-008, 3.81667604188e-008, 1.0462923683e-007, 5.67795375161e-008, 2.13996486309e-007, 2.36905904671e-007, 1.79343004447e-007, 2.81863421492e-008, 1.29695199025e-009, 4.95938679013e-010, 8.79947087418e-011, 6.74987409716e-014, 4.91246125581e-019]
        dvar2: [1.00565139983e-012, 4.02370332608e-008, 7.96182462182e-008, 9.59701935699e-008, 3.25471432916e-007, 9.54458059255e-008, 8.74911521009e-008, 4.33542943767e-008, 1.82789747782e-007, 7.49740820538e-008, 1.97058493967e-008, 2.58207162318e-008, 5.08709829816e-009, 4.70074246195e-009, 5.05468094048e-008, 9.11674646886e-008, 2.67134396381e-007, 1.43899583804e-007, 5.68002917589e-007, 6.4861529836e-007, 5.17684554779e-007, 7.88959368947e-008, 3.41143802096e-009, 1.1362569774e-009, 1.90923540866e-010, 1.73400966437e-013, 1.24855075929e-018]
        max: [1.67571943166e-005, 0.0021344255656, 0.00596784707159, 0.00743132922798, 0.00724433129653, 0.00612224452198, 0.00561818294227, 0.0057190284133, 0.00802503805608, 0.00745799113065, 0.00310246623121, 0.00411926629022, 0.00121028465219, 0.00134972471278, 0.00356636336073, 0.0066663515754, 0.0103324567899, 0.00608571711928, 0.0185551065952, 0.010329047218, 0.00943414121866, 0.00324999401346, 0.000747248937842, 0.00127650180366, 0.000346878659911, 9.61488512985e-006, 1.74319456647e-008]
        mean: [3.51430486489e-007, 7.19668823876e-005, 0.000102195466752, 0.000169761478901, 0.000358381250408, 0.000232071208302, 0.000211000166018, 0.000101549514511, 0.000181352923391, 8.02555805421e-005, 4.59455623059e-005, 4.56035813841e-005, 2.7691363357e-005, 2.76462560578e-005, 7.04022022546e-005, 0.000107281273813, 0.000200384238269, 0.000159866904141, 0.00029644271126, 0.000221366964979, 0.000121326469525, 5.32458543603e-005, 1.48495892063e-005, 8.64933190314e-006, 6.00075645707e-006, 1.76362064508e-007, 4.37273744991e-010]
        median: [7.06845710852e-008, 4.72289757454e-005, 3.68974069715e-005, 7.50898179831e-005, 0.000212544997339, 0.000100400415249, 7.64786236687e-005, 3.12963820761e-005, 3.26682857121e-005, 1.11764084068e-005, 1.05657081804e-005, 5.75195372221e-006, 5.87103704675e-006, 7.30974124963e-006, 1.72393320099e-005, 2.32952115766e-005, 2.69336960628e-005, 3.25919718307e-005, 7.22556578694e-005, 3.31706214638e-005, 2.38212196564e-005, 5.91208981859e-006, 1.90903347175e-006, 1.36251912863e-006, 1.04503658349e-006, 2.86052745935e-008, 9.87058004775e-011]
        min: [1.24852857697e-024, 5.75944704218e-024, 1.47254988848e-024, 3.16253074726e-024, 6.7666184976e-024, 6.73208058945e-024, 1.76934448625e-023, 1.22665961718e-023, 1.94811851117e-023, 1.27613910308e-023, 9.48262320693e-024, 2.53805867281e-023, 2.01621219565e-023, 4.25927238864e-023, 4.41058285224e-023, 6.00947043186e-023, 7.39122657167e-023, 9.51500168724e-023, 1.43628687564e-022, 2.11060328415e-022, 2.58903467518e-022, 3.81843690929e-022, 3.9772266578e-022, 5.87332515652e-022, 9.60450496202e-022, 1.41823640022e-021, 2.04144863224e-021]
        var: [1.0523812724e-012, 1.38298696939e-008, 3.88686558495e-008, 8.01819410867e-008, 2.35619694422e-007, 1.41996153502e-007, 1.29275150584e-007, 4.69785277346e-008, 3.06602458977e-007, 1.04569764403e-007, 1.47260674765e-008, 2.1087871005e-008, 4.29751612074e-009, 4.13177714265e-009, 3.49590614235e-008, 8.11109899246e-008, 2.37090148403e-007, 1.17718030879e-007, 3.42865462244e-007, 2.85174962755e-007, 1.26254931843e-007, 2.3466318666e-008, 1.43397715924e-009, 8.28400070763e-010, 2.03367100937e-010, 1.39883222193e-013, 9.04485810675e-019]
    frequency_bands:
        dmean: [2.12787114151e-007, 3.68501132471e-005, 5.79920124437e-005, 9.4210729003e-005, 0.000153874891112, 9.45588035393e-005, 8.60154541442e-005, 4.87630568387e-005, 8.6158826889e-005, 4.24152531195e-005, 2.73832720268e-005, 2.70741584245e-005, 1.6031342966e-005, 1.50811674757e-005, 4.50501938758e-005, 5.8082077885e-005, 0.000105102233647, 8.30874341773e-005, 0.00015835755039, 0.000137497714604, 9.60602992564e-005, 3.9329072024e-005, 9.4336037364e-006, 4.74122407468e-006, 2.68026360573e-006, 8.35008719946e-008, 2.92499996446e-010, 3.69107418241e-011]
        dmean2: [3.00337262615e-007, 6.33750823908e-005, 9.72319612629e-005, 0.000154198831297, 0.000247435818892, 0.000145185957081, 0.00012760530808, 7.41834155633e-005, 0.000123259567772, 6.22124498477e-005, 4.16509756178e-005, 4.23169622081e-005, 2.57613792201e-005, 2.43327849603e-005, 7.23084594938e-005, 9.13459516596e-005, 0.000171641062479, 0.00013580727682, 0.000263697176706, 0.000237491665757, 0.000174117725692, 6.87790525262e-005, 1.57332615345e-005, 7.46711748434e-006, 4.05889295507e-006, 1.3484260819e-007, 4.8567033728e-010, 6.88440207619e-011]
        dvar: [5.74091392914e-013, 1.42336817888e-008, 2.94135080736e-008, 3.793243053e-008, 1.26301927139e-007, 4.00244459797e-008, 3.82586264891e-008, 1.87967028609e-008, 8.57443396285e-008, 3.52039108975e-008, 8.05123256953e-009, 1.03798045714e-008, 2.02006167349e-009, 1.8933390411e-009, 2.07792822948e-008, 3.81667604188e-008, 1.0462923683e-007, 5.67795375161e-008, 2.13996486309e-007, 2.36905904671e-007, 1.79343004447e-007, 2.81863421492e-008, 1.29695199025e-009, 4.95938679013e-010, 8.79947087418e-011, 6.74987409716e-014, 4.91246125581e-019, 6.28482014726e-021]
        dvar2: [1.00565139983e-012, 4.02370332608e-008, 7.96182462182e-008, 9.59701935699e-008, 3.25471432916e-007, 9.54458059255e-008, 8.74911521009e-008, 4.33542943767e-008, 1.82789747782e-007, 7.49740820538e-008, 1.97058493967e-008, 2.58207162318e-008, 5.08709829816e-009, 4.70074246195e-009, 5.05468094048e-008, 9.11674646886e-008, 2.67134396381e-007, 1.43899583804e-007, 5.68002917589e-007, 6.4861529836e-007, 5.17684554779e-007, 7.88959368947e-008, 3.41143802096e-009, 1.1362569774e-009, 1.90923540866e-010, 1.73400966437e-013, 1.24855075929e-018, 2.06081661392e-020]
        max: [1.67571943166e-005, 0.0021344255656, 0.00596784707159, 0.00743132922798, 0.00724433129653, 0.00612224452198, 0.00561818294227, 0.0057190284133, 0.00802503805608, 0.00745799113065, 0.00310246623121, 0.00411926629022, 0.00121028465219, 0.00134972471278, 0.00356636336073, 0.0066663515754, 0.0103324567899, 0.00608571711928, 0.0185551065952, 0.010329047218, 0.00943414121866, 0.00324999401346, 0.000747248937842, 0.00127650180366, 0.000346878659911, 9.61488512985e-006, 1.74319456647e-008, 1.51236900781e-009]
        mean: [3.51430486489e-007, 7.19668823876e-005, 0.000102195466752, 0.000169761478901, 0.000358381250408, 0.000232071208302, 0.000211000166018, 0.000101549514511, 0.000181352923391, 8.02555805421e-005, 4.59455623059e-005, 4.56035813841e-005, 2.7691363357e-005, 2.76462560578e-005, 7.04022022546e-005, 0.000107281273813, 0.000200384238269, 0.000159866904141, 0.00029644271126, 0.000221366964979, 0.000121326469525, 5.32458543603e-005, 1.48495892063e-005, 8.64933190314e-006, 6.00075645707e-006, 1.76362064508e-007, 4.37273744991e-010, 2.77429173384e-011]
        median: [7.06845710852e-008, 4.72289757454e-005, 3.68974069715e-005, 7.50898179831e-005, 0.000212544997339, 0.000100400415249, 7.64786236687e-005, 3.12963820761e-005, 3.26682857121e-005, 1.11764084068e-005, 1.05657081804e-005, 5.75195372221e-006, 5.87103704675e-006, 7.30974124963e-006, 1.72393320099e-005, 2.32952115766e-005, 2.69336960628e-005, 3.25919718307e-005, 7.22556578694e-005, 3.31706214638e-005, 2.38212196564e-005, 5.91208981859e-006, 1.90903347175e-006, 1.36251912863e-006, 1.04503658349e-006, 2.86052745935e-008, 9.87058004775e-011, 5.76057691132e-012]
        min: [1.24852857697e-024, 5.75944704218e-024, 1.47254988848e-024, 3.16253074726e-024, 6.7666184976e-024, 6.73208058945e-024, 1.76934448625e-023, 1.22665961718e-023, 1.94811851117e-023, 1.27613910308e-023, 9.48262320693e-024, 2.53805867281e-023, 2.01621219565e-023, 4.25927238864e-023, 4.41058285224e-023, 6.00947043186e-023, 7.39122657167e-023, 9.51500168724e-023, 1.43628687564e-022, 2.11060328415e-022, 2.58903467518e-022, 3.81843690929e-022, 3.9772266578e-022, 5.87332515652e-022, 9.60450496202e-022, 1.41823640022e-021, 2.04144863224e-021, 5.15739993246e-022]
        var: [1.0523812724e-012, 1.38298696939e-008, 3.88686558495e-008, 8.01819410867e-008, 2.35619694422e-007, 1.41996153502e-007, 1.29275150584e-007, 4.69785277346e-008, 3.06602458977e-007, 1.04569764403e-007, 1.47260674765e-008, 2.1087871005e-008, 4.29751612074e-009, 4.13177714265e-009, 3.49590614235e-008, 8.11109899246e-008, 2.37090148403e-007, 1.17718030879e-007, 3.42865462244e-007, 2.85174962755e-007, 1.26254931843e-007, 2.3466318666e-008, 1.43397715924e-009, 8.28400070763e-010, 2.03367100937e-010, 1.39883222193e-013, 9.04485810675e-019, 4.46171407719e-021]
    mfcc:
        mean: [-783.394165039, 103.498321533, -14.7313547134, 50.24634552, -5.56569099426, -16.411529541, -6.13338851929, -8.39654254913, -0.814908385277, -5.16756343842, -8.41557502747, -8.19333267212, -2.39999437332]
        cov: [[14166.7060547, -918.413696289, -1293.26574707, 779.69744873, -587.726928711, 389.818084717, 355.700042725, 503.309844971, 21.9242324829, 136.929290771, 698.918212891, 389.186431885, 309.365325928], [-918.413696289, 1108.90197754, -129.983551025, 22.4890594482, 35.8022575378, -144.357025146, -14.6184663773, -92.2247772217, 16.3166160583, -29.8973426819, -74.164390564, -43.3374061584, -49.8409233093], [-1293.26574707, -129.983551025, 671.512512207, -129.715957642, 104.505859375, 66.6266860962, -11.3311595917, 5.95101308823, -18.5734634399, -10.1826591492, -54.4687347412, -47.2982788086, -21.5267333984], [779.69744873, 22.4890594482, -129.715957642, 388.37789917, 28.4685230255, 47.3564224243, 23.3040943146, -12.1014738083, 41.8542747498, 21.7627067566, 31.9110431671, 25.2876262665, 7.10658454895], [-587.726928711, 35.8022575378, 104.505859375, 28.4685230255, 239.942626953, 12.4779157639, -22.9350795746, -22.9491157532, -5.56883859634, 0.846102356911, -46.8899917603, -22.7842140198, 3.37639832497], [389.818084717, -144.357025146, 66.6266860962, 47.3564224243, 12.4779157639, 214.059890747, 75.9603500366, 47.5678024292, 7.01655435562, 0.0853203907609, 33.5133705139, 19.0164279938, 12.5545339584], [355.700042725, -14.6184663773, -11.3311595917, 23.3040943146, -22.9350795746, 75.9603500366, 153.943099976, 68.808380127, 9.39466762543, 6.84387350082, 27.2867393494, 17.176399231, 6.31576442719], [503.309844971, -92.2247772217, 5.95101308823, -12.1014738083, -22.9491157532, 47.5678024292, 68.808380127, 159.017532349, 28.7658233643, 15.5203790665, 48.106338501, 18.2161121368, 27.2099018097], [21.9242324829, 16.3166160583, -18.5734634399, 41.8542747498, -5.56883859634, 7.01655435562, 9.39466762543, 28.7658233643, 104.011581421, 39.926651001, 5.83078145981, 6.78230237961, 2.47109723091], [136.929290771, -29.8973426819, -10.1826591492, 21.7627067566, 0.846102356911, 0.0853203907609, 6.84387350082, 15.5203790665, 39.926651001, 98.5903167725, 48.2792282104, 12.7395944595, 12.9168653488], [698.918212891, -74.164390564, -54.4687347412, 31.9110431671, -46.8899917603, 33.5133705139, 27.2867393494, 48.106338501, 5.83078145981, 48.2792282104, 146.217453003, 68.0146713257, 28.4659118652], [389.186431885, -43.3374061584, -47.2982788086, 25.2876262665, -22.7842140198, 19.0164279938, 17.176399231, 18.2161121368, 6.78230237961, 12.7395944595, 68.0146713257, 102.789756775, 39.9128036499], [309.365325928, -49.8409233093, -21.5267333984, 7.10658454895, 3.37639832497, 12.5545339584, 6.31576442719, 27.2099018097, 2.47109723091, 12.9168653488, 28.4659118652, 39.9128036499, 87.9270782471]]
        icov: [[0.000152046355652, 7.4664982094e-005, 0.000214394691284, -0.000238998036366, 0.000214652885916, -0.000122799101518, -1.88261565199e-005, -0.000281612563413, 0.000190436257981, 5.85503221373e-005, -0.000369116198272, 5.51955927222e-005, -0.000242553185672], [7.4664982094e-005, 0.00115277792793, 0.000287443399429, -0.000129735228256, -0.000176163084689, 0.000713525747415, -0.000604046857916, 0.000461371499114, -0.000416892871726, 0.000478972506244, -0.00018099398585, 0.000237890519202, 0.000169061109773], [0.000214394691284, 0.000287443399429, 0.00223892228678, 0.000372207636246, -0.000492208346259, -0.000945285719354, 0.000227354496019, -0.000535150291398, 0.000358603458153, -0.00014672211546, -0.000102321748273, 0.000396244344302, 9.45466235862e-005], [-0.000238998036366, -0.000129735228256, 0.000372207636246, 0.00360261602327, -0.00111239938997, -0.000625165877864, -0.000334890966769, 0.00140292162541, -0.00170947168954, 7.84447765909e-005, -0.000155780973728, -0.00015574869758, 0.000446845631814], [0.000214652885916, -0.000176163084689, -0.000492208346259, -0.00111239938997, 0.00548074161634, -0.00081223261077, 0.000828644086141, -0.000502978044096, 0.00116512645036, -0.00121722277254, 0.00146735459566, 6.07361725997e-005, -0.00124059896916], [-0.000122799101518, 0.000713525747415, -0.000945285719354, -0.000625165877864, -0.00081223261077, 0.00713577494025, -0.00321362051181, 0.000285015528789, -0.00083935802104, 0.00151314563118, -0.00117653200869, 0.000145766025526, -7.34025525162e-005], [-1.88261565199e-005, -0.000604046857916, 0.000227354496019, -0.000334890966769, 0.000828644086141, -0.00321362051181, 0.00993633922189, -0.004028796684, 0.00117730803322, -0.00112344441004, 0.00111400987953, -0.0012735070195, 0.00111600838136], [-0.000281612563413, 0.000461371499114, -0.000535150291398, 0.00140292162541, -0.000502978044096, 0.000285015528789, -0.004028796684, 0.0107111670077, -0.0039282781072, 0.00179544498678, -0.00290615996346, 0.00209492282011, -0.00220217299648], [0.000190436257981, -0.000416892871726, 0.000358603458153, -0.00170947168954, 0.00116512645036, -0.00083935802104, 0.00117730803322, -0.0039282781072, 0.013971734792, -0.00666298391297, 0.00349269458093, -0.00218288949691, 0.000972095294856], [5.85503221373e-005, 0.000478972506244, -0.00014672211546, 7.84447765909e-005, -0.00121722277254, 0.00151314563118, -0.00112344441004, 0.00179544498678, -0.00666298391297, 0.0161571744829, -0.00747815473005, 0.00333670922555, -0.00190092180856], [-0.000369116198272, -0.00018099398585, -0.000102321748273, -0.000155780973728, 0.00146735459566, -0.00117653200869, 0.00111400987953, -0.00290615996346, 0.00349269458093, -0.00747815473005, 0.0158354956657, -0.00827492401004, 0.00174461991992], [5.51955927222e-005, 0.000237890519202, 0.000396244344302, -0.00015574869758, 6.07361725997e-005, 0.000145766025526, -0.0012735070195, 0.00209492282011, -0.00218288949691, 0.00333670922555, -0.00827492401004, 0.0172462891787, -0.00610820902511], [-0.000242553185672, 0.000169061109773, 9.45466235862e-005, 0.000446845631814, -0.00124059896916, -7.34025525162e-005, 0.00111600838136, -0.00220217299648, 0.000972095294856, -0.00190092180856, 0.00174461991992, -0.00610820902511, 0.0154285980389]]
    sccoeffs:
        dmean: [0.0381800346076, 0.0377413183451, 0.0326496101916, 0.0288907252252, 0.0213888455182, 0.0183192975819]
        dmean2: [0.0635152757168, 0.0616227984428, 0.0513595528901, 0.0449416860938, 0.0333956293762, 0.0291890613735]
        dvar: [0.00114423001651, 0.00107119430322, 0.000782996357884, 0.000574536563363, 0.00034790756763, 0.000518273445778]
        dvar2: [0.00308187026531, 0.00278365658596, 0.00187929265667, 0.00132256699726, 0.000775763066486, 0.00120831793174]
        max: [-0.317924529314, -0.41205316782, -0.474824428558, -0.495525240898, -0.509834170341, -0.489136129618]
        mean: [-0.648794353008, -0.702611863613, -0.739393770695, -0.756992518902, -0.761565506458, -0.769806742668]
        median: [-0.659006178379, -0.705530762672, -0.745380163193, -0.761124908924, -0.769945383072, -0.783024728298]
        min: [-0.969229280949, -0.977809965611, -0.979981958866, -0.970030069351, -0.965577840805, -0.965077996254]
        var: [0.00634628487751, 0.00531332194805, 0.00491235498339, 0.00349939777516, 0.00319396611303, 0.00387727562338]
    scvalleys:
        dmean: [0.301996618509, 0.311660557985, 0.287886172533, 0.263645648956, 0.233220785856, 0.253060609102]
        dmean2: [0.502697229385, 0.512622833252, 0.461163699627, 0.403870880604, 0.347696661949, 0.353260457516]
        dvar: [0.079055249691, 0.0835935100913, 0.0772506222129, 0.0805652141571, 0.10347121954, 0.150456398726]
        dvar2: [0.20436745882, 0.201997876167, 0.173935264349, 0.167143493891, 0.204141944647, 0.289417594671]
        max: [-5.09145879745, -4.86832904816, -5.24443912506, -5.69427394867, -4.96664190292, -6.73078012466]
        mean: [-7.46651554108, -7.46832323074, -8.35500335693, -8.80614280701, -8.51745605469, -10.7148036957]
        median: [-6.86287355423, -7.10564184189, -8.01041412354, -8.46970272064, -8.05869102478, -9.75701618195]
        min: [-27.978805542, -28.3354949951, -27.8763828278, -27.632566452, -27.4968490601, -27.4015579224]
        var: [2.8694832325, 2.53420829773, 2.80476379395, 2.9731760025, 3.88359022141, 5.97281885147]

rhythm:
    beats_loudness:
        dmean: 0.00236715516075
        dmean2: 0.00425560865551
        dvar: 7.94216430222e-006
        dvar2: 2.27883374464e-005
        max: 0.0199519880116
        mean: 0.00392486341298
        median: 0.00240110652521
        min: 2.620770094e-011
        var: 1.60844192578e-005
    bpm: 142.56098938
    bpm_confidence: 0
    first_peak_bpm: 144
    first_peak_spread: 0.403688549995
    first_peak_weight: 0.370700627565
    onset_rate: 2.00370192528
    second_peak_bpm: 94
    second_peak_spread: 0.549242436886
    second_peak_weight: 0.151592358947
    beats_loudness_band_ratio:
        dmean: [0.157018095255, 0.163039162755, 0.134062439203, 0.0469498895109, 0.0944982618093, 0.106852725148]
        dmean2: [0.270220786333, 0.285879224539, 0.228182330728, 0.0833380296826, 0.163799270988, 0.189727574587]
        dvar: [0.0214159563184, 0.022223206237, 0.0146648054942, 0.00370735372417, 0.0101513043046, 0.0113541018218]
        dvar2: [0.0536876991391, 0.0620525851846, 0.0414360873401, 0.0109126344323, 0.0291932672262, 0.0330383256078]
        max: [0.901584506035, 0.965960144997, 0.901382446289, 0.515863180161, 0.666459739208, 0.794004976749]
        mean: [0.220310091972, 0.284300148487, 0.189084485173, 0.0552926324308, 0.149100214243, 0.16559356451]
        median: [0.17459154129, 0.218600317836, 0.145757466555, 0.0362484008074, 0.111530452967, 0.136445313692]
        min: [0, 0, 0, 0, 0, 0]
        var: [0.0331775806844, 0.0482511073351, 0.0228044036776, 0.0034413067624, 0.0158387683332, 0.0179023873061]
