
metadata:
    version:
        essentia: "2.1-beta2"
    audio_properties:
        analysis_sample_rate: 44100
        bitrate: 320
        channels: 2
        equal_loudness: 1
        length: 256.653076172
        replay_gain: -11.2213420868
        downmix: "mix"
    tags:
        album: "Metallica"
        artist: "Metallica"
        comment: "Ripped with WMP"
        date: "1991"
        genre: "Metal"
        title: "Of Wolf and Man"
        tracknumber: "9"

configuration:
    average_loudness:
        compute: 1
        frameSize: 88200
        hopSize: 44100
        silentFrames: "noise"
        windowType: "hann"
    general:
        analysisSampleRate: 44100
        endTime: 2000
        equalLoudness: 1
        nequalLoudness: 0
        shortSound: 0
        startTime: 0
    lowlevel:
        compute: 1
        frameSize: 2048
        hopSize: 1024
        zeroPadding: 0
        silentFrames: "noise"
        windowType: "blackmanharris62"
        mfccStats: ["mean", "cov", "icov"]
        stats: ["mean", "var", "median", "min", "max", "dmean", "dmean2", "dvar", "dvar2"]
    panning:
        compute: 0
        frameSize: 8192
        hopSize: 2048
        zeroPadding: 8192
        silentFrames: "noise"
        windowType: "hann"
        stats: ["copy"]
    rhythm:
        compute: 1
        maxTempo: 208
        minTempo: 40
        method: "degara"
        stats: ["mean", "var", "median", "min", "max", "dmean", "dmean2", "dvar", "dvar2"]
    segmentation:
        compute: 0
        cpw: 5
        inc1: 300
        inc2: 50
        minimumSegmentsLength: 10
        size1: 1000
        size2: 600
    sfx:
        compute: 1
        stats: ["mean", "var", "median", "min", "max", "dmean", "dmean2", "dvar", "dvar2"]
    svm:
        compute: 0
    tonal:
        compute: 1
        frameSize: 4096
        hopSize: 2048
        zeroPadding: 0
        silentFrames: "noise"
        windowType: "blackmanharris62"
        stats: ["mean", "var", "median", "min", "max", "dmean", "dmean2", "dvar", "dvar2"]

lowlevel:
    average_loudness: 0.897296845913
    barkbands_kurtosis:
        dmean: 1.1551886797
        dmean2: 1.8610316515
        dvar: 7.30882835388
        dvar2: 16.0814094543
        max: 180.45413208
        mean: 0.0514732636511
        median: -0.778147161007
        min: -1.93064546585
        var: 15.366358757
    barkbands_skewness:
        dmean: 0.452038854361
        dmean2: 0.69321757555
        dvar: 0.195733353496
        dvar2: 0.422590434551
        max: 9.36694431305
        mean: -0.695316076279
        median: -0.795178472996
        min: -4.19866275787
        var: 0.980825901031
    barkbands_spread:
        dmean: 7.38203811646
        dmean2: 11.909532547
        dvar: 45.0947494507
        dvar2: 112.05078125
        max: 76.6128616333
        mean: 39.1839141846
        median: 38.9960021973
        min: 0.534713685513
        var: 159.099380493
    dissonance:
        dmean: 0.00712742330506
        dmean2: 0.0121127301827
        dvar: 7.14459893061e-005
        dvar2: 0.000178599453648
        max: 0.500000059605
        mean: 0.487437725067
        median: 0.490390777588
        min: 0.134305596352
        var: 0.00012196671014
    hfc:
        dmean: 3.78127503395
        dmean2: 6.16018199921
        dvar: 73.3909072876
        dvar2: 194.112167358
        max: 129.888397217
        mean: 10.3493757248
        median: 7.93287944794
        min: 1.21975311973e-016
        var: 93.2483291626
    pitch:
        dmean: 707.713928223
        dmean2: 1343.66601563
        dvar: 1551472.875
        dvar2: 3872460.25
        max: 5276.1640625
        mean: 3001.48657227
        median: 3760.55859375
        min: 79.9880065918
        var: 2279235.25
    pitch_instantaneous_confidence:
        dmean: 0.0735090225935
        dmean2: 0.121152170002
        dvar: 0.00396789237857
        dvar2: 0.0100230183452
        max: 0.902397155762
        mean: 0.445222586393
        median: 0.445511877537
        min: 0.113445878029
        var: 0.012876293622
    pitch_salience:
        dmean: 0.057541847229
        dmean2: 0.0914095565677
        dvar: 0.00273087644018
        dvar2: 0.00630781939253
        max: 0.948594629765
        mean: 0.66306489706
        median: 0.683718562126
        min: 0.0935172215104
        var: 0.00958725716919
    silence_rate_20dB:
        dmean: 0
        dmean2: 0
        dvar: 0
        dvar2: 0
        max: 1
        mean: 1
        median: 1
        min: 1
        var: 0
    silence_rate_30dB:
        dmean: 0
        dmean2: 0
        dvar: 0
        dvar2: 0
        max: 1
        mean: 1
        median: 1
        min: 1
        var: 0
    silence_rate_60dB:
        dmean: 0.0982449799776
        dmean2: 0.196507737041
        dvar: 0.0885878503323
        dvar2: 0.181763976812
        max: 1
        mean: 0.469289928675
        median: 0
        min: 0
        var: 0.249056190252
    spectral_centroid:
        dmean: 321.289978027
        dmean2: 497.603546143
        dvar: 104710.007813
        dvar2: 230790.015625
        max: 11439.2451172
        mean: 2516.71459961
        median: 2585.00512695
        min: 112.840324402
        var: 475311.15625
    spectral_complexity:
        dmean: 3.9287135601
        dmean2: 6.04921722412
        dvar: 21.5150356293
        dvar2: 45.0500640869
        max: 52
        mean: 14.4864768982
        median: 13
        min: 0
        var: 84.1381454468
    spectral_crest:
        dmean: 1.67880523205
        dmean2: 2.73991656303
        dvar: 2.77646231651
        dvar2: 6.26885604858
        max: 24.4181365967
        mean: 7.05017185211
        median: 6.3559961319
        min: 2.34153676033
        var: 8.22272586823
    spectral_decrease:
        dmean: 2.60816424014e-010
        dmean2: 4.22283097379e-010
        dvar: 2.92152747728e-019
        dvar2: 7.6817052993e-019
        max: 7.54612935614e-029
        mean: -7.87706733174e-010
        median: -6.76140976541e-010
        min: -7.56732365659e-009
        var: 3.59178830872e-019
    spectral_energy:
        dmean: 0.00129622279201
        dmean2: 0.00210835086182
        dvar: 7.81117978477e-006
        dvar2: 2.05614815059e-005
        max: 0.0398184768856
        mean: 0.00391170568764
        median: 0.00328333186917
        min: 1.0778713489e-020
        var: 9.54078313953e-006
    spectral_energyband_high:
        dmean: 0.000385948660551
        dmean2: 0.000634965021163
        dvar: 7.42126417208e-007
        dvar2: 1.94866311176e-006
        max: 0.013229762204
        mean: 0.000855090795085
        median: 0.000564203946851
        min: 7.5583256887e-021
        var: 9.43427664879e-007
    spectral_energyband_low:
        dmean: 0.000205591786653
        dmean2: 0.000337233155733
        dvar: 1.01683561127e-007
        dvar2: 2.68326800779e-007
        max: 0.00612528854981
        mean: 0.00035743197077
        median: 0.000256407249253
        min: 1.46508446386e-023
        var: 1.31752500465e-007
    spectral_energyband_middle_high:
        dmean: 0.000742020492908
        dmean2: 0.00120524293743
        dvar: 2.3848458568e-006
        dvar2: 6.26579048912e-006
        max: 0.0233765244484
        mean: 0.00201692734845
        median: 0.00148735637777
        min: 1.39261631847e-021
        var: 3.46323008671e-006
    spectral_energyband_middle_low:
        dmean: 0.000403092300985
        dmean2: 0.000640338403173
        dvar: 4.09558509773e-007
        dvar2: 1.05559126951e-006
        max: 0.00919433683157
        mean: 0.000864760833792
        median: 0.000626444409136
        min: 1.48961563988e-022
        var: 6.68083998789e-007
    spectral_flatness_db:
        dmean: 0.0131862135604
        dmean2: 0.0204478073865
        dvar: 0.000155411296873
        dvar2: 0.00032934526098
        max: 0.472557127476
        mean: 0.14097982645
        median: 0.136152267456
        min: 0.0483452305198
        var: 0.000987009145319
    spectral_flux:
        dmean: 0.00724344048649
        dmean2: 0.0110890660435
        dvar: 0.000131425869768
        dvar2: 0.000250006298302
        max: 0.178609073162
        mean: 0.0374135151505
        median: 0.034167740494
        min: 7.05996996975e-011
        var: 0.000312694784952
    spectral_kurtosis:
        dmean: 0.621610939503
        dmean2: 1.00319814682
        dvar: 0.967539250851
        dvar2: 2.51525378227
        max: 49.6228942871
        mean: 2.24418568611
        median: 2.07331418991
        min: -1.18694150448
        var: 1.95504140854
    spectral_rms:
        dmean: 0.000271892844466
        dmean2: 0.000424730445957
        dvar: 1.8658867873e-007
        dvar2: 4.56547326166e-007
        max: 0.00623275991529
        mean: 0.0018406069139
        median: 0.00178976275492
        min: 3.24281010031e-012
        var: 4.28468126756e-007
    spectral_rolloff:
        dmean: 299.322662354
        dmean2: 483.025634766
        dvar: 200976.046875
        dvar2: 412972.3125
        max: 18884.6191406
        mean: 4176.30761719
        median: 4198.97460938
        min: 107.666015625
        var: 621453.875
    spectral_skewness:
        dmean: 0.112557508051
        dmean2: 0.178864941001
        dvar: 0.0186752285808
        dvar2: 0.0425461940467
        max: 5.7380027771
        mean: 1.02706122398
        median: 1.0510443449
        min: -0.230570942163
        var: 0.0936542749405
    spectral_spread:
        dmean: 490403.09375
        dmean2: 710505.0625
        dvar: 338671632384
        dvar2: 661334261760
        max: 40296508
        mean: 5894652.5
        median: 5808564.5
        min: 2081175
        var: 2.52822316646e+012
    spectral_strongpeak:
        dmean: 0.554676115513
        dmean2: 0.973896920681
        dvar: 0.646640300751
        dvar2: 1.69822359085
        max: 9.5251789093
        mean: 0.699568390846
        median: 0.218439519405
        min: 2.28469776431e-009
        var: 0.924380302429
    zerocrossingrate:
        dmean: 0.00896146707237
        dmean2: 0.0101132486016
        dvar: 8.47296687425e-005
        dvar2: 8.73783574207e-005
        max: 0.50830078125
        mean: 0.135230898857
        median: 0.13720703125
        min: 0.00537109375
        var: 0.000794789928477
    barkbands:
        dmean: [1.32816765586e-007, 4.22297634941e-005, 0.000109752028948, 0.000195049709873, 0.0001198497921, 8.71501033544e-005, 4.53251741419e-005, 4.32635024481e-005, 5.99021623202e-005, 3.34352953359e-005, 3.25942564814e-005, 2.97679634969e-005, 2.60329325101e-005, 2.83822482743e-005, 3.92724068661e-005, 8.35642786114e-005, 0.000132284985739, 0.000188712918316, 0.000317804253427, 0.00029069048469, 0.000197996298084, 8.52388620842e-005, 1.78816608241e-005, 6.72025498716e-006, 4.65999801236e-006, 2.39670470137e-007, 5.44147060744e-010]
        dmean2: [2.13482763911e-007, 7.01577082509e-005, 0.000184745746083, 0.000308226706693, 0.000203375471756, 0.000147211321746, 7.43894779589e-005, 6.97436989867e-005, 9.44600469666e-005, 5.3416024457e-005, 5.20477915416e-005, 4.83496878587e-005, 4.29937754234e-005, 4.61418349005e-005, 6.42316663289e-005, 0.000135821595904, 0.000219682609895, 0.000316525256494, 0.000528719334397, 0.000493336236104, 0.000331284769345, 0.000140969714266, 2.81998745777e-005, 1.02448275356e-005, 7.3750716183e-006, 4.06390569196e-007, 8.63982052568e-010]
        dvar: [1.02327902282e-013, 8.69158611749e-009, 3.09566452472e-008, 9.74945351118e-008, 6.58954988353e-008, 4.35498392903e-008, 1.04697273073e-008, 2.65834003699e-008, 3.16430828207e-008, 1.44222012111e-008, 1.20689351846e-008, 1.03284545361e-008, 5.83266945853e-009, 4.58906557199e-009, 1.04494723985e-008, 4.04986266744e-008, 5.55279697778e-008, 1.69546311213e-007, 3.83721868502e-007, 3.40470421634e-007, 1.60967374541e-007, 3.9614700853e-008, 1.75005077097e-009, 2.28097804533e-010, 1.08201003712e-010, 4.75684216409e-013, 7.08107136195e-019]
        dvar2: [2.51460473537e-013, 2.199224447e-008, 8.55057820104e-008, 2.22896971991e-007, 1.8085971476e-007, 1.18553444395e-007, 2.74789666577e-008, 6.87338470584e-008, 7.78973827664e-008, 3.49909292652e-008, 2.88895414258e-008, 2.45898768014e-008, 1.49718815123e-008, 1.12738200997e-008, 2.62935628825e-008, 1.0146796825e-007, 1.43666781582e-007, 4.54522563587e-007, 1.03288095943e-006, 9.39463575378e-007, 4.23398063276e-007, 1.01790732288e-007, 4.03343092259e-009, 5.06483133211e-010, 2.67619454375e-010, 1.36308152265e-012, 1.62424843869e-018]
        max: [7.71785653342e-006, 0.0014695210848, 0.00298870145343, 0.00543993059546, 0.00393654732034, 0.00404414301738, 0.00243598921224, 0.00720252003521, 0.00420986767858, 0.00374587858096, 0.00346937472932, 0.00430584652349, 0.00229626358487, 0.00149819126818, 0.00539766531438, 0.00579397846013, 0.00440271571279, 0.0106609798968, 0.0103513263166, 0.00958718825132, 0.00632556853816, 0.00410601776093, 0.00066531036282, 0.000288712588372, 0.000228001867072, 1.56724363478e-005, 1.42520182322e-008]
        mean: [1.83135597354e-007, 5.60457010579e-005, 0.000156522713951, 0.000316968536936, 0.000165533288964, 0.000123142614029, 6.75992559991e-005, 6.50857036817e-005, 9.54968927545e-005, 5.63911853533e-005, 5.12687765877e-005, 4.52681306342e-005, 3.46038104908e-005, 4.0818387788e-005, 5.93968943576e-005, 0.000145210520714, 0.00024965472403, 0.000328625872498, 0.000654841423966, 0.000597718113568, 0.000406121078413, 0.000138368981425, 3.25300825352e-005, 1.4424780602e-005, 9.48242177401e-006, 4.09257012279e-007, 9.02513619394e-010]
        median: [3.57568161746e-008, 3.21297957271e-005, 0.000104032224044, 0.000158625713084, 8.87733331183e-005, 5.73595498281e-005, 3.25928740494e-005, 1.31001088448e-005, 1.87670775631e-005, 1.09121365313e-005, 1.16097771752e-005, 1.48881608766e-005, 1.06380966827e-005, 1.35503050842e-005, 2.13616294786e-005, 6.07147630944e-005, 0.000123423873447, 0.000207723714993, 0.000482249160996, 0.000447224243544, 0.000277338724118, 4.68447215098e-005, 1.23333629745e-005, 5.80031019126e-006, 4.71489101983e-006, 2.33619800838e-007, 5.00406438508e-010]
        min: [5.3697199755e-025, 6.74566161879e-024, 1.04418303416e-024, 7.27382450522e-024, 1.34608810953e-023, 1.55506667188e-023, 3.37724606388e-023, 1.53233690707e-023, 7.16128876393e-024, 7.62631721885e-023, 4.3395023826e-023, 3.66692525461e-023, 4.85747571049e-023, 1.03350478418e-022, 8.86792685459e-023, 8.88370091725e-023, 2.58338516892e-022, 1.7318864359e-022, 2.29107825096e-022, 3.5601224495e-022, 4.86415016795e-022, 4.63557639537e-022, 4.6064413009e-022, 7.35531080751e-022, 1.29074779415e-021, 1.7872642695e-021, 2.33386869179e-021]
        var: [1.74817842494e-013, 8.34732816202e-009, 3.43506982858e-008, 2.4643165375e-007, 6.57438761209e-008, 4.43794903049e-008, 1.45778624727e-008, 4.00179303028e-008, 6.48218616561e-008, 3.33306786615e-008, 2.29087273595e-008, 1.47440974985e-008, 6.66611210676e-009, 6.75568401221e-009, 1.34269830809e-008, 7.7767140283e-008, 1.07988746834e-007, 1.86025999938e-007, 4.66305749569e-007, 3.8342554376e-007, 2.03722805736e-007, 5.74643230777e-008, 2.88170842744e-009, 5.37052680105e-010, 1.90302176795e-010, 4.04883673246e-013, 1.51155624717e-018]
    frequency_bands:
        dmean: [1.32816765586e-007, 4.22297634941e-005, 0.000109752028948, 0.000195049709873, 0.0001198497921, 8.71501033544e-005, 4.53251741419e-005, 4.32635024481e-005, 5.99021623202e-005, 3.34352953359e-005, 3.25942564814e-005, 2.97679634969e-005, 2.60329325101e-005, 2.83822482743e-005, 3.92724068661e-005, 8.35642786114e-005, 0.000132284985739, 0.000188712918316, 0.000317804253427, 0.00029069048469, 0.000197996298084, 8.52388620842e-005, 1.78816608241e-005, 6.72025498716e-006, 4.65999801236e-006, 2.39670470137e-007, 5.44147060744e-010, 4.67861790976e-011]
        dmean2: [2.13482763911e-007, 7.01577082509e-005, 0.000184745746083, 0.000308226706693, 0.000203375471756, 0.000147211321746, 7.43894779589e-005, 6.97436989867e-005, 9.44600469666e-005, 5.3416024457e-005, 5.20477915416e-005, 4.83496878587e-005, 4.29937754234e-005, 4.61418349005e-005, 6.42316663289e-005, 0.000135821595904, 0.000219682609895, 0.000316525256494, 0.000528719334397, 0.000493336236104, 0.000331284769345, 0.000140969714266, 2.81998745777e-005, 1.02448275356e-005, 7.3750716183e-006, 4.06390569196e-007, 8.63982052568e-010, 8.70824176658e-011]
        dvar: [1.02327902282e-013, 8.69158611749e-009, 3.09566452472e-008, 9.74945351118e-008, 6.58954988353e-008, 4.35498392903e-008, 1.04697273073e-008, 2.65834003699e-008, 3.16430828207e-008, 1.44222012111e-008, 1.20689351846e-008, 1.03284545361e-008, 5.83266945853e-009, 4.58906557199e-009, 1.04494723985e-008, 4.04986266744e-008, 5.55279697778e-008, 1.69546311213e-007, 3.83721868502e-007, 3.40470421634e-007, 1.60967374541e-007, 3.9614700853e-008, 1.75005077097e-009, 2.28097804533e-010, 1.08201003712e-010, 4.75684216409e-013, 7.08107136195e-019, 5.1278582149e-021]
        dvar2: [2.51460473537e-013, 2.199224447e-008, 8.55057820104e-008, 2.22896971991e-007, 1.8085971476e-007, 1.18553444395e-007, 2.74789666577e-008, 6.87338470584e-008, 7.78973827664e-008, 3.49909292652e-008, 2.88895414258e-008, 2.45898768014e-008, 1.49718815123e-008, 1.12738200997e-008, 2.62935628825e-008, 1.0146796825e-007, 1.43666781582e-007, 4.54522563587e-007, 1.03288095943e-006, 9.39463575378e-007, 4.23398063276e-007, 1.01790732288e-007, 4.03343092259e-009, 5.06483133211e-010, 2.67619454375e-010, 1.36308152265e-012, 1.62424843869e-018, 1.62451147566e-020]
        max: [7.71785653342e-006, 0.0014695210848, 0.00298870145343, 0.00543993059546, 0.00393654732034, 0.00404414301738, 0.00243598921224, 0.00720252003521, 0.00420986767858, 0.00374587858096, 0.00346937472932, 0.00430584652349, 0.00229626358487, 0.00149819126818, 0.00539766531438, 0.00579397846013, 0.00440271571279, 0.0106609798968, 0.0103513263166, 0.00958718825132, 0.00632556853816, 0.00410601776093, 0.00066531036282, 0.000288712588372, 0.000228001867072, 1.56724363478e-005, 1.42520182322e-008, 1.09211228949e-009]
        mean: [1.83135597354e-007, 5.60457010579e-005, 0.000156522713951, 0.000316968536936, 0.000165533288964, 0.000123142614029, 6.75992559991e-005, 6.50857036817e-005, 9.54968927545e-005, 5.63911853533e-005, 5.12687765877e-005, 4.52681306342e-005, 3.46038104908e-005, 4.0818387788e-005, 5.93968943576e-005, 0.000145210520714, 0.00024965472403, 0.000328625872498, 0.000654841423966, 0.000597718113568, 0.000406121078413, 0.000138368981425, 3.25300825352e-005, 1.4424780602e-005, 9.48242177401e-006, 4.09257012279e-007, 9.02513619394e-010, 3.61254914871e-011]
        median: [3.57568161746e-008, 3.21297957271e-005, 0.000104032224044, 0.000158625713084, 8.87733331183e-005, 5.73595498281e-005, 3.25928740494e-005, 1.31001088448e-005, 1.87670775631e-005, 1.09121365313e-005, 1.16097771752e-005, 1.48881608766e-005, 1.06380966827e-005, 1.35503050842e-005, 2.13616294786e-005, 6.07147630944e-005, 0.000123423873447, 0.000207723714993, 0.000482249160996, 0.000447224243544, 0.000277338724118, 4.68447215098e-005, 1.23333629745e-005, 5.80031019126e-006, 4.71489101983e-006, 2.33619800838e-007, 5.00406438508e-010, 1.33954392717e-011]
        min: [5.3697199755e-025, 6.74566161879e-024, 1.04418303416e-024, 7.27382450522e-024, 1.34608810953e-023, 1.55506667188e-023, 3.37724606388e-023, 1.53233690707e-023, 7.16128876393e-024, 7.62631721885e-023, 4.3395023826e-023, 3.66692525461e-023, 4.85747571049e-023, 1.03350478418e-022, 8.86792685459e-023, 8.88370091725e-023, 2.58338516892e-022, 1.7318864359e-022, 2.29107825096e-022, 3.5601224495e-022, 4.86415016795e-022, 4.63557639537e-022, 4.6064413009e-022, 7.35531080751e-022, 1.29074779415e-021, 1.7872642695e-021, 2.33386869179e-021, 7.00532616669e-022]
        var: [1.74817842494e-013, 8.34732816202e-009, 3.43506982858e-008, 2.4643165375e-007, 6.57438761209e-008, 4.43794903049e-008, 1.45778624727e-008, 4.00179303028e-008, 6.48218616561e-008, 3.33306786615e-008, 2.29087273595e-008, 1.47440974985e-008, 6.66611210676e-009, 6.75568401221e-009, 1.34269830809e-008, 7.7767140283e-008, 1.07988746834e-007, 1.86025999938e-007, 4.66305749569e-007, 3.8342554376e-007, 2.03722805736e-007, 5.74643230777e-008, 2.88170842744e-009, 5.37052680105e-010, 1.90302176795e-010, 4.04883673246e-013, 1.51155624717e-018, 3.91751526415e-021]
    mfcc:
        mean: [-710.816833496, 58.122756958, -28.8803253174, 70.8765411377, -9.15286445618, -4.06944942474, 6.01911973953, -2.93525457382, 0.337742209435, -6.2181968689, -5.27856016159, -4.50919389725, -0.659541428089]
        cov: [[3650.98852539, -357.882446289, -223.94694519, -211.945785522, -161.039855957, -51.3454627991, -169.223815918, 54.6434898376, -59.141708374, -13.0898303986, 26.7597541809, -28.528717041, -38.237361908], [-357.882446289, 617.098388672, -268.969543457, 122.379753113, -39.3665466309, -63.6727828979, 61.0318222046, -15.3660125732, 33.0263977051, 9.69410800934, -8.81393527985, 17.0004005432, 16.14153862], [-223.94694519, -268.969543457, 502.606170654, -11.7707653046, 42.7162055969, 58.3955688477, -21.8737869263, -6.25504112244, -40.7779121399, -16.1994590759, 14.674788475, -17.7194461823, -18.1304512024], [-211.945785522, 122.379753113, -11.7707653046, 343.655029297, 52.1201896667, -12.2892198563, 10.900302887, -56.166431427, -0.0623605698347, -14.6520881653, -25.8652133942, 6.61966657639, 28.6020050049], [-161.039855957, -39.3665466309, 42.7162055969, 52.1201896667, 139.489974976, 55.3135681152, -7.45006322861, -28.6610927582, 2.45021748543, -1.2975012064, -10.1651172638, 2.06208777428, 7.21515846252], [-51.3454627991, -63.6727828979, 58.3955688477, -12.2892198563, 55.3135681152, 140.495697021, 54.2776641846, 0.201170533895, -21.5695419312, -26.0189971924, 0.617318868637, 5.53425455093, -3.80701708794], [-169.223815918, 61.0318222046, -21.8737869263, 10.900302887, -7.45006322861, 54.2776641846, 125.267753601, 38.8599815369, 3.52984642982, -21.4958152771, -7.06876039505, 5.68646335602, 1.22559714317], [54.6434898376, -15.3660125732, -6.25504112244, -56.166431427, -28.6610927582, 0.201170533895, 38.8599815369, 89.4680404663, 34.4399299622, 8.34568595886, 2.92218518257, -6.62904405594, -7.88841581345], [-59.141708374, 33.0263977051, -40.7779121399, -0.0623605698347, 2.45021748543, -21.5695419312, 3.52984642982, 34.4399299622, 91.1189117432, 44.6389579773, 2.52197265625, -6.55979681015, -0.0336801968515], [-13.0898303986, 9.69410800934, -16.1994590759, -14.6520881653, -1.2975012064, -26.0189971924, -21.4958152771, 8.34568595886, 44.6389579773, 74.7922439575, 29.2575035095, -0.0323624685407, -3.89965772629], [26.7597541809, -8.81393527985, 14.674788475, -25.8652133942, -10.1651172638, 0.617318868637, -7.06876039505, 2.92218518257, 2.52197265625, 29.2575035095, 60.0713386536, 25.7829017639, 2.50468993187], [-28.528717041, 17.0004005432, -17.7194461823, 6.61966657639, 2.06208777428, 5.53425455093, 5.68646335602, -6.62904405594, -6.55979681015, -0.0323624685407, 25.7829017639, 56.8000450134, 27.8712902069], [-38.237361908, 16.14153862, -18.1304512024, 28.6020050049, 7.21515846252, -3.80701708794, 1.22559714317, -7.88841581345, -0.0336801968515, -3.89965772629, 2.50468993187, 27.8712902069, 55.269077301]]
        icov: [[0.000394943432184, 0.00029455756885, 0.00040875657578, -5.76650891162e-005, 0.000456231151475, -0.000290453288471, 0.000773009262048, -0.000499360729009, 0.000331937306328, 0.000212697035749, -0.000289521412924, 0.000247969554039, 8.64445755724e-005], [0.00029455756885, 0.00286050350405, 0.00143075361848, -0.00072316796286, 0.000643294886686, 0.00100998173002, -0.0013639186509, 0.000921740545891, -0.000343019084539, 0.000150276900968, -0.000528384931386, -6.39005666017e-005, 0.000425908656325], [0.00040875657578, 0.00143075361848, 0.00327308685519, -0.000507404562086, 5.27828524355e-005, -0.00073168304516, 0.000934745999984, -0.000766182201914, 0.00111659790855, 0.000688747735694, -0.00188977189828, 0.00155089842156, 0.000366675667465], [-5.76650891162e-005, -0.00072316796286, -0.000507404562086, 0.00411020591855, -0.00150537281297, 0.00129799405113, -0.00149688997772, 0.00277202762663, -0.000927893677726, 0.000539223023225, 0.00103041296825, 9.60532343015e-005, -0.0014650777448], [0.000456231151475, 0.000643294886686, 5.27828524355e-005, -0.00150537281297, 0.0116661274806, -0.00607796246186, 0.00317581626587, 0.00194568268489, -0.0019643669948, -0.00142522831447, 0.00271605863236, -0.000858857529238, -0.000601969484705], [-0.000290453288471, 0.00100998173002, -0.00073168304516, 0.00129799405113, -0.00607796246186, 0.0140293361619, -0.00793651584536, 0.00219540391117, 0.000789825397078, 0.00272062746808, -0.00245286826976, -0.000370624678908, 0.00133199966513], [0.000773009262048, -0.0013639186509, 0.000934745999984, -0.00149688997772, 0.00317581626587, -0.00793651584536, 0.0167347043753, -0.00836758781224, 0.000569767493289, 0.00264498032629, 0.000723768374883, -0.00108556309715, 0.000189372673049], [-0.000499360729009, 0.000921740545891, -0.000766182201914, 0.00277202762663, 0.00194568268489, 0.00219540391117, -0.00836758781224, 0.0210320353508, -0.00906077865511, 0.00208617560565, -0.00113152293488, 0.00120653910562, 0.000368586799596], [0.000331937306328, -0.000343019084539, 0.00111659790855, -0.000927893677726, -0.0019643669948, 0.000789825397078, 0.000569767493289, -0.00906077865511, 0.0219478048384, -0.0134252179414, 0.00469696195796, 0.000630479597021, -0.00128338218201], [0.000212697035749, 0.000150276900968, 0.000688747735694, 0.000539223023225, -0.00142522831447, 0.00272062746808, 0.00264498032629, 0.00208617560565, -0.0134252179414, 0.0295018237084, -0.0162520334125, 0.00547304237261, 0.000712655077223], [-0.000289521412924, -0.000528384931386, -0.00188977189828, 0.00103041296825, 0.00271605863236, -0.00245286826976, 0.000723768374883, -0.00113152293488, 0.00469696195796, -0.0162520334125, 0.0332308709621, -0.0173801351339, 0.00421448750421], [0.000247969554039, -6.39005666017e-005, 0.00155089842156, 9.60532343015e-005, -0.000858857529238, -0.000370624678908, -0.00108556309715, 0.00120653910562, 0.000630479597021, 0.00547304237261, -0.0173801351339, 0.0338452756405, -0.0149612976238], [8.64445755724e-005, 0.000425908656325, 0.000366675667465, -0.0014650777448, -0.000601969484705, 0.00133199966513, 0.000189372673049, 0.000368586799596, -0.00128338218201, 0.000712655077223, 0.00421448750421, -0.0149612976238, 0.026529174298]]
    sccoeffs:
        dmean: [0.0543840788305, 0.0476355031133, 0.0355714820325, 0.0283892992884, 0.019427485764, 0.0166495889425]
        dmean2: [0.0903648138046, 0.0789190083742, 0.0584395043552, 0.0466504022479, 0.0324745513499, 0.0272909048945]
        dvar: [0.00190518121235, 0.00149604759645, 0.000823445385322, 0.000539288914297, 0.00024304127146, 0.000240281995502]
        dvar2: [0.00520052760839, 0.00409393757582, 0.00215741293505, 0.00140777847264, 0.000654431700241, 0.000577173312195]
        max: [-0.379730165005, -0.480771332979, -0.519310593605, -0.46914228797, -0.582933783531, -0.570749640465]
        mean: [-0.641087114811, -0.755543470383, -0.800367832184, -0.802325308323, -0.799383401871, -0.748879551888]
        median: [-0.642129123211, -0.762026667595, -0.812093019485, -0.809152662754, -0.801672339439, -0.753503620625]
        min: [-0.991535484791, -0.966934919357, -0.96381765604, -0.975232183933, -0.959997653961, -0.964935719967]
        var: [0.00522997975349, 0.00453263381496, 0.0036564192269, 0.00216862303205, 0.000830138276797, 0.00135807972401]
    scvalleys:
        dmean: [0.395580083132, 0.364781707525, 0.320027381182, 0.277754843235, 0.211972728372, 0.220284640789]
        dmean2: [0.652311205864, 0.593119323254, 0.508749723434, 0.42323371768, 0.31910136342, 0.310231596231]
        dvar: [0.112605161965, 0.114748746157, 0.0877899378538, 0.08222001791, 0.0704000294209, 0.121409550309]
        dvar2: [0.282844811678, 0.259519070387, 0.188666239381, 0.163645356894, 0.133676737547, 0.229179158807]
        max: [-5.04979705811, -4.81901311874, -4.83845758438, -5.34659481049, -4.99096775055, -6.95161390305]
        mean: [-7.22721385956, -7.2102560997, -7.5461974144, -7.65085458755, -6.69188785553, -9.01962089539]
        median: [-7.17545604706, -7.1502494812, -7.51471138, -7.62333965302, -6.58198022842, -8.88452243805]
        min: [-27.7661247253, -27.4292888641, -27.0040016174, -27.3072071075, -27.4628372192, -27.194190979]
        var: [0.695066392422, 0.818196058273, 0.805204987526, 0.793101251125, 0.772112250328, 1.29969918728]

rhythm:
    beats_loudness:
        dmean: 0.00275807850994
        dmean2: 0.00513777369633
        dvar: 4.44749230155e-006
        dvar2: 1.33382754939e-005
        max: 0.0190980993211
        mean: 0.00574986310676
        median: 0.00531356083229
        min: 3.01617758547e-010
        var: 9.77595573204e-006
    bpm: 121.881484985
    bpm_confidence: 0
    first_peak_bpm: 123
    first_peak_spread: 0.432000011206
    first_peak_weight: 0.548262536526
    onset_rate: 2.87158060074
    second_peak_bpm: 117
    second_peak_spread: 0.0833333060145
    second_peak_weight: 0.0212355218828
    beats_loudness_band_ratio:
        dmean: [0.110785983503, 0.0447194054723, 0.0572150349617, 0.0397433936596, 0.0699427425861, 0.122633904219]
        dmean2: [0.202604025602, 0.0792878121138, 0.101355671883, 0.0705829188228, 0.123741738498, 0.22182752192]
        dvar: [0.0109436344355, 0.00177893217187, 0.00485984096304, 0.00395525759086, 0.00337763945572, 0.00910539925098]
        dvar2: [0.030570903793, 0.00519920326769, 0.0146035142243, 0.0112492041662, 0.0102192433551, 0.0265027172863]
        max: [0.996908485889, 0.348284006119, 0.533021748066, 0.511797487736, 0.533284604549, 0.817273139954]
        mean: [0.176417931914, 0.0674686431885, 0.0697147622705, 0.0489531233907, 0.203516304493, 0.468400925398]
        median: [0.144831299782, 0.0600997358561, 0.0481227226555, 0.0314167402685, 0.189199447632, 0.473172575235]
        min: [0.021164027974, 0.00388598605059, 0.000444161036285, 0.000136060392833, 0.00067466677865, 0.000330017413944]
        var: [0.0146350394934, 0.0019487827085, 0.00496110739186, 0.00326617760584, 0.00719583872706, 0.014801107347]
    beats_position: [0.522448956966, 1.07972788811, 1.63700675964, 2.15945577621, 2.67029476166, 3.1811337471, 3.68036270142, 4.17959165573, 4.66721057892, 5.16644001007, 5.66566896439, 6.15328788757, 6.64090681076, 7.12852573395, 7.61614513397, 8.10376358032, 8.6146030426, 9.10222244263, 9.58984088898, 10.077460289, 10.5650787354, 11.0526981354, 11.5403175354, 12.0279359818, 12.538775444, 13.0380039215, 13.5372333527, 14.0364627838, 14.5356912613, 15.0349206924, 15.5341491699, 16.0217685699, 16.50938797, 17.0086174011, 17.5078449249, 17.995464325, 18.4946937561, 18.9939231873, 19.4931507111, 19.9807701111, 20.4799995422, 20.9792289734, 21.4784584045, 21.9660758972, 22.4536952972, 22.9413146973, 23.4289340973, 23.9165534973, 24.40417099, 24.89179039, 25.37940979, 25.8786392212, 26.3778686523, 26.865486145, 27.353105545, 27.8407249451, 28.3399543762, 28.8391838074, 29.3384113312, 29.8376407623, 30.3252601624, 30.8128795624, 31.3004989624, 31.7997264862, 32.2989578247, 32.7865753174, 33.2741928101, 33.7618141174, 34.2494316101, 34.7370529175, 35.2246704102, 35.7238998413, 36.2231292725, 36.7107467651, 37.1983680725, 37.6859855652, 38.1736030579, 38.6612243652, 39.1488418579, 39.6364631653, 40.1356925964, 40.6349182129, 41.1225395203, 41.6101570129, 42.0977783203, 42.585395813, 43.0730133057, 43.560634613, 44.0482521057, 44.5474815369, 45.046710968, 45.5343284607, 46.0219497681, 46.5211791992, 47.0204086304, 47.508026123, 47.9956436157, 48.4832649231, 48.9708824158, 49.4701118469, 49.9693412781, 50.4569587708, 50.9445800781, 51.4321975708, 51.931427002, 52.4190483093, 52.9182739258, 53.4175033569, 53.9167327881, 54.4043540955, 54.8919715881, 55.3795890808, 55.878818512, 56.3780479431, 56.8656692505, 57.3532867432, 57.8409042358, 58.3285255432, 58.8161430359, 59.315372467, 59.8146018982, 60.3022193909, 60.7898406982, 61.2774581909, 61.7766876221, 62.2759170532, 62.7751464844, 63.2627639771, 63.7619934082, 64.2496109009, 64.7372360229, 65.2364578247, 65.7356872559, 66.2233123779, 66.7225418091, 67.2217712402, 67.720993042, 68.2086181641, 68.7078475952, 69.1954650879, 69.6830825806, 70.1823120117, 70.6815414429, 71.1691589355, 71.6567764282, 72.1444015503, 72.632019043, 73.1196365356, 73.6072540283, 74.094871521, 74.5824966431, 75.0701141357, 75.5693435669, 76.0569610596, 76.5561904907, 77.0438079834, 77.5314254761, 78.0190429688, 78.5298843384, 79.0175018311, 79.5167312622, 80.0043487549, 80.503578186, 80.9912033081, 81.4788208008, 81.9664382935, 82.4540557861, 82.9416732788, 83.44090271, 83.9401321411, 84.4393615723, 84.9269790649, 85.4262084961, 85.9254379272, 86.4246673584, 86.9122848511, 87.3999099731, 87.8991394043, 88.3983688354, 88.8975982666, 89.3968200684, 89.8844451904, 90.3720626831, 90.8596801758, 91.3589096069, 91.8581390381, 92.3457565308, 92.8333740234, 93.3209991455, 93.7970046997, 94.2730178833, 94.737411499, 95.2250289917, 95.7242584229, 96.223487854, 96.7227172852, 97.2219467163, 97.709564209, 98.2087936401, 98.6964187622, 99.1840362549, 99.6716537476, 100.170883179, 100.658500671, 101.146118164, 101.645347595, 102.144577026, 102.632194519, 103.119819641, 103.607437134, 104.095054626, 104.582672119, 105.08190155, 105.569519043, 106.068748474, 106.556373596, 107.043991089, 107.54322052, 108.042449951, 108.530067444, 109.017684937, 109.516914368, 110.016143799, 110.503761292, 110.991378784, 111.490608215, 111.989837646, 112.477455139, 112.97668457, 113.48752594, 113.986755371, 114.474372864, 114.961990356, 115.449615479, 115.94884491, 116.448066711, 116.935691833, 117.423309326, 117.910926819, 118.398544312, 118.897773743, 119.397003174, 119.896232605, 120.395462036, 120.894691467, 121.393920898, 121.881538391, 122.369155884, 122.856781006, 123.344398499, 123.84362793, 124.342857361, 124.830474854, 125.318092346, 125.805709839, 126.293327332, 126.780952454, 127.268569946, 127.767799377, 128.25541687, 128.754638672, 129.242263794, 129.741500854, 130.229110718, 130.71673584, 131.215957642, 131.715194702, 132.214416504, 132.725265503, 133.224487305, 133.723709106, 134.211334229, 134.698959351, 135.198181152, 135.697418213, 136.196640015, 136.684265137, 137.183486938, 137.671112061, 138.170333862, 138.669570923, 139.157180786, 139.644805908, 140.14402771, 140.631652832, 141.119277954, 141.606887817, 142.094512939, 142.582122803, 143.058135986, 143.545761108, 144.04498291, 144.544219971, 145.043441772, 145.542678833, 146.030288696, 146.517913818, 147.005523682, 147.493148804, 147.980773926, 148.468383789, 148.956008911, 149.455230713, 149.954467773, 150.442077637, 150.929702759, 151.417327881, 151.904937744, 152.392562866, 152.880172729, 153.367797852, 153.867019653, 154.366256714, 154.853881836, 155.341491699, 155.84072876, 156.339950562, 156.827575684, 157.326797485, 157.826034546, 158.325256348, 158.824493408, 159.32371521, 159.822952271, 160.322174072, 160.809799194, 161.309020996, 161.796646118, 162.29586792, 162.79510498, 163.282714844, 163.770339966, 164.257949829, 164.745574951, 165.244796753, 165.744033813, 166.243255615, 166.742492676, 167.241714478, 167.740951538, 168.228561401, 168.7394104, 169.227020264, 169.726257324, 170.225479126, 170.713104248, 171.20072937, 171.688339233, 172.175964355, 172.663574219, 173.151199341, 173.638824463, 174.138046265, 174.637283325, 175.124893188, 175.624130249, 176.123352051, 176.610977173, 177.110198975, 177.597824097, 178.08543396, 178.573059082, 179.049072266, 179.548294067, 180.047531128, 180.535140991, 181.034378052, 181.533599854, 182.021224976, 182.520446777, 183.019683838, 183.507293701, 183.994918823, 184.482528687, 184.970153809, 185.457778931, 185.945388794, 186.433013916, 186.920639038, 187.408248901, 187.907485962, 188.406707764, 188.905944824, 189.405166626, 189.892791748, 190.380401611, 190.868026733, 191.355636597, 191.843261719, 192.330886841, 192.830108643, 193.329345703, 193.816955566, 194.304580688, 194.792190552, 195.279815674, 195.767440796, 196.255050659, 196.742675781, 197.230285645, 197.729522705, 198.228744507, 198.716369629, 199.215591431, 199.714828491, 200.214050293, 200.701675415, 201.200897217, 201.688522339, 202.176147461, 202.663757324, 203.151382446, 203.63899231, 204.126617432, 204.614242554, 205.113464355, 205.612701416, 206.100311279, 206.59954834, 207.087158203, 207.586395264, 208.074005127, 208.561630249, 209.049255371, 209.548477173, 210.047698975, 210.535324097, 211.022949219, 211.522171021, 212.021408081, 212.509017944, 213.008255005, 213.507476807, 213.995101929, 214.49432373, 214.993560791, 215.492782593, 215.968795776, 216.45640564, 216.9556427, 217.431655884, 217.919265747, 218.406890869, 218.894515991, 219.382125854, 219.869750977, 220.35736084, 220.844985962, 221.332611084, 221.831832886, 222.331054688, 222.81867981, 223.306304932, 223.793914795, 224.293151855, 224.792373657, 225.279998779, 225.767608643, 226.255233765, 226.754455566, 227.242080688, 227.729705811, 228.228927612, 228.728164673, 229.227386475, 229.715011597, 230.20262146, 230.690246582, 231.177871704, 231.665481567, 232.153106689, 232.652328491, 233.151565552, 233.639175415, 234.126800537, 234.626022339, 235.125259399, 235.612869263, 236.112106323, 236.611328125, 237.110565186, 237.609786987, 238.109024048, 238.60824585, 239.095870972, 239.583480835, 240.071105957, 240.558731079, 241.057952881, 241.557189941, 242.068023682, 242.555648804, 243.043258667, 243.530883789, 244.018493652, 244.506118774, 244.993743896, 245.48135376, 245.968978882, 246.468200684, 246.967437744, 247.455047607, 247.954284668, 248.45350647, 248.941131592, 249.428741455, 249.916366577, 250.415603638, 250.914825439, 251.414047241, 251.901672363, 252.400909424, 252.900131226, 253.399353027, 253.910202026, 254.421035767, 254.955093384, 255.500762939, 256.058044434]
