
metadata:
    version:
        essentia: "2.1-beta2"
    audio_properties:
        analysis_sample_rate: 44100
        bitrate: 320
        channels: 2
        equal_loudness: 1
        length: 308.480010986
        replay_gain: -11.783082962
        downmix: "mix"
    tags:
        album: "Metallica"
        artist: "Metallica"
        comment: "Ripped with WMP"
        date: "1991"
        genre: "Metal"
        title: "The God That Failed"
        tracknumber: "10"

configuration:
    average_loudness:
        compute: 1
        frameSize: 88200
        hopSize: 44100
        silentFrames: "noise"
        windowType: "hann"
    general:
        analysisSampleRate: 44100
        endTime: 2000
        equalLoudness: 1
        nequalLoudness: 0
        shortSound: 0
        startTime: 0
    lowlevel:
        compute: 1
        frameSize: 2048
        hopSize: 1024
        zeroPadding: 0
        silentFrames: "noise"
        windowType: "blackmanharris62"
        mfccStats: ["mean", "cov", "icov"]
        stats: ["mean", "var", "median", "min", "max", "dmean", "dmean2", "dvar", "dvar2"]
    panning:
        compute: 0
        frameSize: 8192
        hopSize: 2048
        zeroPadding: 8192
        silentFrames: "noise"
        windowType: "hann"
        stats: ["copy"]
    rhythm:
        compute: 1
        maxTempo: 208
        minTempo: 40
        method: "degara"
        stats: ["mean", "var", "median", "min", "max", "dmean", "dmean2", "dvar", "dvar2"]
    segmentation:
        compute: 0
        cpw: 5
        inc1: 300
        inc2: 50
        minimumSegmentsLength: 10
        size1: 1000
        size2: 600
    sfx:
        compute: 1
        stats: ["mean", "var", "median", "min", "max", "dmean", "dmean2", "dvar", "dvar2"]
    svm:
        compute: 0
    tonal:
        compute: 1
        frameSize: 4096
        hopSize: 2048
        zeroPadding: 0
        silentFrames: "noise"
        windowType: "blackmanharris62"
        stats: ["mean", "var", "median", "min", "max", "dmean", "dmean2", "dvar", "dvar2"]

lowlevel:
    average_loudness: 0.904777824879
    barkbands_kurtosis:
        dmean: 1.23799073696
        dmean2: 1.92683756351
        dvar: 13.1976385117
        dvar2: 24.2142791748
        max: 149.648269653
        mean: 0.899319410324
        median: -1.02327287197
        min: -1.92540550232
        var: 78.7815933228
    barkbands_skewness:
        dmean: 0.439816147089
        dmean2: 0.666540980339
        dvar: 0.261126101017
        dvar2: 0.523746490479
        max: 11.4204158783
        mean: -0.313220560551
        median: -0.552293241024
        min: -4.3395242691
        var: 2.04134440422
    barkbands_spread:
        dmean: 6.7005739212
        dmean2: 10.6555595398
        dvar: 43.3925552368
        dvar2: 105.588508606
        max: 89.7129211426
        mean: 39.9242630005
        median: 40.7528495789
        min: 1.04040002823
        var: 178.381652832
    dissonance:
        dmean: 0.00800551008433
        dmean2: 0.0135664716363
        dvar: 7.80037444201e-005
        dvar2: 0.000198531124624
        max: 0.500000119209
        mean: 0.485165208578
        median: 0.48857614398
        min: 0.105656594038
        var: 0.000155121801072
    hfc:
        dmean: 3.94133734703
        dmean2: 6.51457214355
        dvar: 67.4592132568
        dvar2: 177.851409912
        max: 117.848571777
        mean: 10.426358223
        median: 8.02475357056
        min: 1.13843358928e-016
        var: 89.7245559692
    pitch:
        dmean: 816.738952637
        dmean2: 1561.4934082
        dvar: 1772717.25
        dvar2: 4165005.5
        max: 5373.52978516
        mean: 2599.99829102
        median: 3622.36914063
        min: 58.9667396545
        var: 2685630.75
    pitch_instantaneous_confidence:
        dmean: 0.0750666633248
        dmean2: 0.122620232403
        dvar: 0.00418100738898
        dvar2: 0.0105812046677
        max: 0.977725207806
        mean: 0.45364817977
        median: 0.44509267807
        min: 0.130854308605
        var: 0.0169389192015
    pitch_salience:
        dmean: 0.0583456158638
        dmean2: 0.0926046743989
        dvar: 0.00291778706014
        dvar2: 0.00684421043843
        max: 0.939803540707
        mean: 0.639756560326
        median: 0.660606920719
        min: 0.0767825916409
        var: 0.010675673373
    silence_rate_20dB:
        dmean: 0
        dmean2: 0
        dvar: 0
        dvar2: 0
        max: 1
        mean: 1
        median: 1
        min: 1
        var: 0
    silence_rate_30dB:
        dmean: 0
        dmean2: 0
        dvar: 0
        dvar2: 0
        max: 1
        mean: 1
        median: 1
        min: 1
        var: 0
    silence_rate_60dB:
        dmean: 0.102965526283
        dmean2: 0.205946549773
        dvar: 0.0923734158278
        dvar2: 0.191676691175
        max: 1
        mean: 0.419658303261
        median: 0
        min: 0
        var: 0.243547037244
    spectral_centroid:
        dmean: 310.448303223
        dmean2: 483.300689697
        dvar: 121030.148438
        dvar2: 273981.4375
        max: 11178.4423828
        mean: 2232.97509766
        median: 2349.73730469
        min: 138.641540527
        var: 537276.25
    spectral_complexity:
        dmean: 4.11049222946
        dmean2: 6.42017316818
        dvar: 24.5417041779
        dvar2: 51.5235824585
        max: 59
        mean: 14.9812602997
        median: 14
        min: 0
        var: 91.2026290894
    spectral_crest:
        dmean: 1.66120171547
        dmean2: 2.70956373215
        dvar: 2.68043041229
        dvar2: 6.18929672241
        max: 23.6271533966
        mean: 7.19511032104
        median: 6.23493719101
        min: 2.53332662582
        var: 10.5813179016
    spectral_decrease:
        dmean: 2.72981331984e-010
        dmean2: 4.46973930091e-010
        dvar: 2.58050055627e-019
        dvar2: 6.81382326471e-019
        max: -1.00521483465e-029
        mean: -8.7004714544e-010
        median: -7.61154417273e-010
        min: -7.28373450443e-009
        var: 3.69391978196e-019
    spectral_energy:
        dmean: 0.0013569019502
        dmean2: 0.00222964026034
        dvar: 6.97633186064e-006
        dvar2: 1.83962365554e-005
        max: 0.038179744035
        mean: 0.00422944827005
        median: 0.00361337792128
        min: 1.0363858178e-020
        var: 9.68654967437e-006
    spectral_energyband_high:
        dmean: 0.000415045069531
        dmean2: 0.000700321572367
        dvar: 8.78606726928e-007
        dvar2: 2.35606353272e-006
        max: 0.0155365802348
        mean: 0.000768197351135
        median: 0.000494919251651
        min: 7.42185542791e-021
        var: 9.01351313587e-007
    spectral_energyband_low:
        dmean: 0.000260793953203
        dmean2: 0.00042208834202
        dvar: 1.04267343204e-007
        dvar2: 2.75343637668e-007
        max: 0.0047447392717
        mean: 0.000518775661476
        median: 0.000416953058448
        min: 4.3438483751e-023
        var: 1.84210520615e-007
    spectral_energyband_middle_high:
        dmean: 0.000764493830502
        dmean2: 0.00123736145906
        dvar: 1.79075254891e-006
        dvar2: 4.56201360066e-006
        max: 0.0194121561944
        mean: 0.00220490409993
        median: 0.00167559855618
        min: 1.47239744427e-021
        var: 3.66552785636e-006
    spectral_energyband_middle_low:
        dmean: 0.00040687181172
        dmean2: 0.000655025243759
        dvar: 4.37608917991e-007
        dvar2: 1.17299077829e-006
        max: 0.00855750963092
        mean: 0.000934487092309
        median: 0.000722881464753
        min: 4.30009871728e-022
        var: 6.43553164537e-007
    spectral_flatness_db:
        dmean: 0.0137847624719
        dmean2: 0.0208496302366
        dvar: 0.000204907060834
        dvar2: 0.000409570464399
        max: 0.415039092302
        mean: 0.144837915897
        median: 0.135844662786
        min: 0.0469156093895
        var: 0.00179672800004
    spectral_flux:
        dmean: 0.00789136439562
        dmean2: 0.0121275112033
        dvar: 0.000147267433931
        dvar2: 0.000294543860946
        max: 0.160848289728
        mean: 0.0380847901106
        median: 0.0358850546181
        min: 1.01803038222e-010
        var: 0.00036522911978
    spectral_kurtosis:
        dmean: 0.773107111454
        dmean2: 1.28009104729
        dvar: 1.8930811882
        dvar2: 5.47955751419
        max: 31.8412036896
        mean: 2.52521419525
        median: 2.22785639763
        min: -1.2235506773
        var: 4.95962381363
    spectral_rms:
        dmean: 0.00028124122764
        dmean2: 0.000445779500296
        dvar: 1.85314320333e-007
        dvar2: 4.61727893253e-007
        max: 0.00610315753147
        mean: 0.00190150877461
        median: 0.00187756400555
        min: 3.17979258375e-012
        var: 5.10567531364e-007
    spectral_rolloff:
        dmean: 311.903839111
        dmean2: 505.042938232
        dvar: 273558.4375
        dvar2: 560899
        max: 18776.953125
        mean: 3834.54272461
        median: 3983.64257813
        min: 86.1328125
        var: 1049497.5
    spectral_skewness:
        dmean: 0.130947798491
        dmean2: 0.208656042814
        dvar: 0.0264217425138
        dvar2: 0.066329985857
        max: 4.53732538223
        mean: 1.08245038986
        median: 1.06675541401
        min: -0.0892283841968
        var: 0.134587198496
    spectral_spread:
        dmean: 500286.09375
        dmean2: 698052.375
        dvar: 374640214016
        dvar2: 621046792192
        max: 41378112
        mean: 5704880.5
        median: 5547989
        min: 1461511.375
        var: 3.0875058176e+012
    spectral_strongpeak:
        dmean: 0.587543666363
        dmean2: 1.00954020023
        dvar: 0.994750320911
        dvar2: 2.56751894951
        max: 14.0041656494
        mean: 0.804068624973
        median: 0.160421937704
        min: 6.27845642143e-009
        var: 2.02955627441
    zerocrossingrate:
        dmean: 0.0085380859673
        dmean2: 0.00983016565442
        dvar: 8.62339584273e-005
        dvar2: 9.17635188671e-005
        max: 0.49755859375
        mean: 0.123442582786
        median: 0.12841796875
        min: 0.0068359375
        var: 0.000969152140897
    barkbands:
        dmean: [2.61017618186e-007, 4.8272733693e-005, 0.00016406775103, 0.000181908297236, 0.000131190667162, 7.85678057582e-005, 6.36305776425e-005, 4.63852593384e-005, 8.06684911367e-005, 3.31645969709e-005, 3.91846697312e-005, 3.83350452466e-005, 3.35735421686e-005, 3.22262567352e-005, 5.19802742929e-005, 0.000101233337773, 0.000140427218867, 0.000177375331987, 0.000328523718053, 0.000339821854141, 0.000217963694013, 7.02322140569e-005, 1.67213456734e-005, 5.87504246141e-006, 3.91675393985e-006, 1.81500737995e-007, 4.00073391083e-010]
        dmean2: [4.27493148436e-007, 8.16157044028e-005, 0.000270989257842, 0.000289468996925, 0.000222050468437, 0.00013016682351, 0.00010576153727, 7.69340695115e-005, 0.000125100486912, 5.30685283593e-005, 6.10549905105e-005, 6.04835331615e-005, 5.36060615559e-005, 5.17984990438e-005, 8.43876841827e-005, 0.000167882040842, 0.000233296319493, 0.000293233344564, 0.000542127469089, 0.000572199933231, 0.000373897753889, 0.000119340977108, 2.72820871032e-005, 8.90590035851e-006, 5.87101158089e-006, 2.93874052204e-007, 6.6609689986e-010]
        dvar: [2.77982254186e-013, 7.38989092142e-009, 4.5628194556e-008, 6.27734380032e-008, 8.83507880189e-008, 2.20728573197e-008, 2.05394297126e-008, 1.79284409541e-008, 4.19757242298e-008, 1.3884867478e-008, 1.28116433018e-008, 1.31062822817e-008, 8.80611494836e-009, 6.46536424398e-009, 1.56910413551e-008, 3.97033304012e-008, 5.15147888791e-008, 9.30330230631e-008, 2.88878510446e-007, 3.98959912218e-007, 2.31903243275e-007, 3.16547961177e-008, 1.56281798613e-009, 1.97949531766e-010, 7.34674959757e-011, 2.08489326606e-013, 5.66034264797e-019]
        dvar2: [6.78462060838e-013, 2.00051104571e-008, 1.25068396528e-007, 1.4527716985e-007, 2.41183585103e-007, 5.92530504662e-008, 5.52351053784e-008, 4.63897542602e-008, 1.00795794822e-007, 3.46791573236e-008, 3.06230276692e-008, 3.08735152998e-008, 2.12852508952e-008, 1.49183652098e-008, 3.99867268186e-008, 1.02406239932e-007, 1.34445031108e-007, 2.39226892518e-007, 7.47237095311e-007, 1.06831691937e-006, 6.27740007531e-007, 8.52225596759e-008, 3.82101017493e-009, 4.31165075865e-010, 1.65420649401e-010, 5.67077092749e-013, 1.45169194547e-018]
        max: [7.43937107472e-006, 0.00106140831485, 0.0035164419096, 0.00536070531234, 0.00594583339989, 0.00300384545699, 0.00256399647333, 0.00330740958452, 0.00426681200042, 0.0035272303503, 0.00305864820257, 0.00319040822797, 0.00357507984154, 0.00234235404059, 0.00390041433275, 0.0043780519627, 0.00347095145844, 0.00577565422282, 0.0122672328725, 0.0106733012944, 0.00633705733344, 0.00266064540483, 0.000484429183416, 0.00042654646677, 0.000238289547269, 9.11957249627e-006, 1.85450090839e-008]
        mean: [3.97379835704e-007, 6.17812765995e-005, 0.000282209803117, 0.000307456502924, 0.000184104312211, 0.000126394457766, 9.76730298134e-005, 6.21955041424e-005, 0.00014079666289, 4.75296765217e-005, 6.12105359323e-005, 5.82470820518e-005, 4.88479818159e-005, 4.77760186186e-005, 8.01190835773e-005, 0.000174489148776, 0.000260505010374, 0.000331223855028, 0.000678931188304, 0.000671197893098, 0.000360964389984, 9.72824491328e-005, 2.77544040728e-005, 1.18389934869e-005, 8.20963032311e-006, 3.13673609753e-007, 5.13018072468e-010]
        median: [2.75300067187e-007, 3.48615649273e-005, 0.000221502152272, 0.000194033957087, 0.000110058186692, 6.84105980326e-005, 4.73123509437e-005, 1.64611301443e-005, 3.1705123547e-005, 1.22430164993e-005, 1.69408303918e-005, 1.62276155606e-005, 1.27288076328e-005, 1.60702365974e-005, 2.68257572316e-005, 7.25277495803e-005, 0.000150491847307, 0.000222985181608, 0.000491018116008, 0.000430908956332, 0.000217512235395, 3.96044633817e-005, 1.11663939606e-005, 4.73630871056e-006, 3.92384572478e-006, 1.47402801076e-007, 2.25156671085e-010]
        min: [1.22219592664e-023, 1.16499025815e-023, 1.07831795272e-023, 2.17622742379e-023, 5.39001393505e-023, 1.31357230431e-022, 7.20856551352e-023, 7.22942678239e-023, 7.69730586507e-023, 6.8897994435e-023, 3.25094627751e-023, 8.68812210401e-023, 1.38971694541e-022, 7.66633392376e-023, 1.26675322026e-022, 1.22553075723e-022, 1.59888171049e-022, 1.41843564755e-022, 3.23701688719e-022, 4.29069499042e-022, 4.57874256436e-022, 6.00828575211e-022, 5.01033202592e-022, 7.88627301419e-022, 1.18878829208e-021, 1.52319241252e-021, 2.29943729879e-021]
        var: [2.83802061712e-013, 7.39386507576e-009, 6.89577390744e-008, 1.44200313912e-007, 7.88853142808e-008, 3.16086072871e-008, 2.56212207006e-008, 2.80713639e-008, 1.02838207283e-007, 2.06306811634e-008, 2.44872513377e-008, 2.60893973092e-008, 1.47387648752e-008, 1.02635926424e-008, 2.46148417204e-008, 7.75711015422e-008, 1.00207479647e-007, 1.34720281153e-007, 4.55680122968e-007, 6.79091783695e-007, 2.32262337363e-007, 2.86769452629e-008, 2.0200159323e-009, 3.89459214878e-010, 1.5370930917e-010, 2.43375415307e-013, 7.40452483086e-019]
    frequency_bands:
        dmean: [2.61017618186e-007, 4.8272733693e-005, 0.00016406775103, 0.000181908297236, 0.000131190667162, 7.85678057582e-005, 6.36305776425e-005, 4.63852593384e-005, 8.06684911367e-005, 3.31645969709e-005, 3.91846697312e-005, 3.83350452466e-005, 3.35735421686e-005, 3.22262567352e-005, 5.19802742929e-005, 0.000101233337773, 0.000140427218867, 0.000177375331987, 0.000328523718053, 0.000339821854141, 0.000217963694013, 7.02322140569e-005, 1.67213456734e-005, 5.87504246141e-006, 3.91675393985e-006, 1.81500737995e-007, 4.00073391083e-010, 5.22018539506e-011]
        dmean2: [4.27493148436e-007, 8.16157044028e-005, 0.000270989257842, 0.000289468996925, 0.000222050468437, 0.00013016682351, 0.00010576153727, 7.69340695115e-005, 0.000125100486912, 5.30685283593e-005, 6.10549905105e-005, 6.04835331615e-005, 5.36060615559e-005, 5.17984990438e-005, 8.43876841827e-005, 0.000167882040842, 0.000233296319493, 0.000293233344564, 0.000542127469089, 0.000572199933231, 0.000373897753889, 0.000119340977108, 2.72820871032e-005, 8.90590035851e-006, 5.87101158089e-006, 2.93874052204e-007, 6.6609689986e-010, 9.73039843144e-011]
        dvar: [2.77982254186e-013, 7.38989092142e-009, 4.5628194556e-008, 6.27734380032e-008, 8.83507880189e-008, 2.20728573197e-008, 2.05394297126e-008, 1.79284409541e-008, 4.19757242298e-008, 1.3884867478e-008, 1.28116433018e-008, 1.31062822817e-008, 8.80611494836e-009, 6.46536424398e-009, 1.56910413551e-008, 3.97033304012e-008, 5.15147888791e-008, 9.30330230631e-008, 2.88878510446e-007, 3.98959912218e-007, 2.31903243275e-007, 3.16547961177e-008, 1.56281798613e-009, 1.97949531766e-010, 7.34674959757e-011, 2.08489326606e-013, 5.66034264797e-019, 6.63970445995e-021]
        dvar2: [6.78462060838e-013, 2.00051104571e-008, 1.25068396528e-007, 1.4527716985e-007, 2.41183585103e-007, 5.92530504662e-008, 5.52351053784e-008, 4.63897542602e-008, 1.00795794822e-007, 3.46791573236e-008, 3.06230276692e-008, 3.08735152998e-008, 2.12852508952e-008, 1.49183652098e-008, 3.99867268186e-008, 1.02406239932e-007, 1.34445031108e-007, 2.39226892518e-007, 7.47237095311e-007, 1.06831691937e-006, 6.27740007531e-007, 8.52225596759e-008, 3.82101017493e-009, 4.31165075865e-010, 1.65420649401e-010, 5.67077092749e-013, 1.45169194547e-018, 2.13870859329e-020]
        max: [7.43937107472e-006, 0.00106140831485, 0.0035164419096, 0.00536070531234, 0.00594583339989, 0.00300384545699, 0.00256399647333, 0.00330740958452, 0.00426681200042, 0.0035272303503, 0.00305864820257, 0.00319040822797, 0.00357507984154, 0.00234235404059, 0.00390041433275, 0.0043780519627, 0.00347095145844, 0.00577565422282, 0.0122672328725, 0.0106733012944, 0.00633705733344, 0.00266064540483, 0.000484429183416, 0.00042654646677, 0.000238289547269, 9.11957249627e-006, 1.85450090839e-008, 1.39709888103e-009]
        mean: [3.97379835704e-007, 6.17812765995e-005, 0.000282209803117, 0.000307456502924, 0.000184104312211, 0.000126394457766, 9.76730298134e-005, 6.21955041424e-005, 0.00014079666289, 4.75296765217e-005, 6.12105359323e-005, 5.82470820518e-005, 4.88479818159e-005, 4.77760186186e-005, 8.01190835773e-005, 0.000174489148776, 0.000260505010374, 0.000331223855028, 0.000678931188304, 0.000671197893098, 0.000360964389984, 9.72824491328e-005, 2.77544040728e-005, 1.18389934869e-005, 8.20963032311e-006, 3.13673609753e-007, 5.13018072468e-010, 3.98659508183e-011]
        median: [2.75300067187e-007, 3.48615649273e-005, 0.000221502152272, 0.000194033957087, 0.000110058186692, 6.84105980326e-005, 4.73123509437e-005, 1.64611301443e-005, 3.1705123547e-005, 1.22430164993e-005, 1.69408303918e-005, 1.62276155606e-005, 1.27288076328e-005, 1.60702365974e-005, 2.68257572316e-005, 7.25277495803e-005, 0.000150491847307, 0.000222985181608, 0.000491018116008, 0.000430908956332, 0.000217512235395, 3.96044633817e-005, 1.11663939606e-005, 4.73630871056e-006, 3.92384572478e-006, 1.47402801076e-007, 2.25156671085e-010, 1.43921784213e-011]
        min: [1.22219592664e-023, 1.16499025815e-023, 1.07831795272e-023, 2.17622742379e-023, 5.39001393505e-023, 1.31357230431e-022, 7.20856551352e-023, 7.22942678239e-023, 7.69730586507e-023, 6.8897994435e-023, 3.25094627751e-023, 8.68812210401e-023, 1.38971694541e-022, 7.66633392376e-023, 1.26675322026e-022, 1.22553075723e-022, 1.59888171049e-022, 1.41843564755e-022, 3.23701688719e-022, 4.29069499042e-022, 4.57874256436e-022, 6.00828575211e-022, 5.01033202592e-022, 7.88627301419e-022, 1.18878829208e-021, 1.52319241252e-021, 2.29943729879e-021, 8.33398401586e-022]
        var: [2.83802061712e-013, 7.39386507576e-009, 6.89577390744e-008, 1.44200313912e-007, 7.88853142808e-008, 3.16086072871e-008, 2.56212207006e-008, 2.80713639e-008, 1.02838207283e-007, 2.06306811634e-008, 2.44872513377e-008, 2.60893973092e-008, 1.47387648752e-008, 1.02635926424e-008, 2.46148417204e-008, 7.75711015422e-008, 1.00207479647e-007, 1.34720281153e-007, 4.55680122968e-007, 6.79091783695e-007, 2.32262337363e-007, 2.86769452629e-008, 2.0200159323e-009, 3.89459214878e-010, 1.5370930917e-010, 2.43375415307e-013, 7.40452483086e-019, 5.01344152628e-021]
    mfcc:
        mean: [-716.593994141, 68.4290390015, -29.52876091, 69.4676742554, -6.53911542892, -4.84393072128, 5.54239320755, -1.68037569523, -0.545875668526, -4.49282217026, -5.3850440979, -4.48629188538, -1.51920092106]
        cov: [[7110.40771484, -142.235961914, -711.17980957, 268.173400879, -515.464782715, -250.201751709, -168.838348389, -63.1974906921, 97.0905532837, 124.125076294, -16.5989131927, -0.512992680073, 101.292160034], [-142.235961914, 682.542175293, -279.464630127, 166.395202637, -41.8076972961, -43.4009666443, 63.6252059937, -16.7298870087, 19.3337726593, 4.87512159348, 5.86374330521, 16.4932441711, -7.59647035599], [-711.17980957, -279.464630127, 580.518920898, -77.0543441772, 120.138946533, 122.495681763, 6.48977327347, 6.20230388641, -62.8172836304, -43.5178337097, 8.9832201004, 3.7554705143, 5.60256147385], [268.173400879, 166.395202637, -77.0543441772, 392.730682373, 1.52157223225, -4.7070069313, 14.3474960327, -31.8156604767, 37.8627166748, -1.06093668938, -36.7719268799, 21.5937461853, 46.432258606], [-515.464782715, -41.8076972961, 120.138946533, 1.52157223225, 201.424118042, 32.9312934875, -15.5012664795, -4.04505729675, -23.0896472931, -9.60956001282, -4.35495328903, -14.7662248611, -6.94134140015], [-250.201751709, -43.4009666443, 122.495681763, -4.7070069313, 32.9312934875, 178.886688232, 84.9009933472, 1.28674221039, -37.8215713501, -38.6619949341, 0.205878227949, 4.41891860962, -3.65140843391], [-168.838348389, 63.6252059937, 6.48977327347, 14.3474960327, -15.5012664795, 84.9009933472, 162.938690186, 44.6644020081, -7.39863967896, -37.541431427, -14.0136814117, 6.12592220306, 1.15449380875], [-63.1974906921, -16.7298870087, 6.20230388641, -31.8156604767, -4.04505729675, 1.28674221039, 44.6644020081, 104.519210815, 31.2572040558, -0.692136228085, -5.72499895096, -14.564781189, -6.56837797165], [97.0905532837, 19.3337726593, -62.8172836304, 37.8627166748, -23.0896472931, -37.8215713501, -7.39863967896, 31.2572040558, 100.257301331, 49.727230072, -12.0503263474, -13.9309186935, -1.15892601013], [124.125076294, 4.87512159348, -43.5178337097, -1.06093668938, -9.60956001282, -38.6619949341, -37.541431427, -0.692136228085, 49.727230072, 87.3837814331, 24.0964355469, -2.71293449402, -7.3478808403], [-16.5989131927, 5.86374330521, 8.9832201004, -36.7719268799, -4.35495328903, 0.205878227949, -14.0136814117, -5.72499895096, -12.0503263474, 24.0964355469, 70.9827270508, 25.2961654663, -9.53912734985], [-0.512992680073, 16.4932441711, 3.7554705143, 21.5937461853, -14.7662248611, 4.41891860962, 6.12592220306, -14.564781189, -13.9309186935, -2.71293449402, 25.2961654663, 60.8071670532, 27.4778270721], [101.292160034, -7.59647035599, 5.60256147385, 46.432258606, -6.94134140015, -3.65140843391, 1.15449380875, -6.56837797165, -1.15892601013, -7.3478808403, -9.53912734985, 27.4778270721, 69.9716796875]]
        icov: [[0.000221928698011, 0.000199939939193, 0.000243544491241, -0.0002139374119, 0.000505496689584, 1.68520309671e-005, 0.000147646220285, -1.30248117785e-005, 0.000258362444583, -0.000219261099119, -8.41002256493e-005, 0.000326761364704, -0.000288258626824], [0.000199939939193, 0.00241237203591, 0.00114090018906, -0.00103370693978, 0.000192499224795, 0.000711181550287, -0.00125902693253, 0.000543171539903, 0.000400291144615, 1.85721055459e-005, -0.00095060170861, 0.000151467931573, 0.000514541228767], [0.000243544491241, 0.00114090018906, 0.00310945650563, -0.000176794623258, -0.000640130718239, -0.00144196813926, 0.000582510663662, -0.000479070440633, 0.000853527453728, 0.000285105052171, -0.000525421870407, 3.49440269929e-005, -0.000594958430156], [-0.0002139374119, -0.00103370693978, -0.000176794623258, 0.00386757636443, -0.000953702488914, -0.000451298255939, -0.000130537460791, 0.00140783784445, -0.00231455615722, 0.00060802907683, 0.0018489024369, -0.00154799211305, -0.00145322189201], [0.000505496689584, 0.000192499224795, -0.000640130718239, -0.000953702488914, 0.00727189006284, -0.000812573474832, 0.00161247246433, -0.000604433531407, 0.0019981416408, -0.0010919891065, 0.000227942189667, 0.0023438858334, -0.000402053206926], [1.68520309671e-005, 0.000711181550287, -0.00144196813926, -0.000451298255939, -0.000812573474832, 0.0102190226316, -0.00609330739826, 0.00228013261221, 0.00110053073149, 0.000933128874749, -0.00152265687939, 0.00083525426453, 0.000815617153421], [0.000147646220285, -0.00125902693253, 0.000582510663662, -0.000130537460791, 0.00161247246433, -0.00609330739826, 0.01240855176, -0.00555071793497, 9.70194523688e-005, 0.00219063321128, 0.00225198967382, -0.00232539745048, 0.000257598905591], [-1.30248117785e-005, 0.000543171539903, -0.000479070440633, 0.00140783784445, -0.000604433531407, 0.00228013261221, -0.00555071793497, 0.0146287092939, -0.00645214738324, 0.00283443089575, -0.0024715939071, 0.00310795078985, -0.000660858524498], [0.000258362444583, 0.000400291144615, 0.000853527453728, -0.00231455615722, 0.0019981416408, 0.00110053073149, 9.70194523688e-005, -0.00645214738324, 0.0212857276201, -0.0129870232195, 0.00589220970869, 0.00133472844027, 5.32720659976e-005], [-0.000219261099119, 1.85721055459e-005, 0.000285105052171, 0.00060802907683, -0.0010919891065, 0.000933128874749, 0.00219063321128, 0.00283443089575, -0.0129870232195, 0.0233983621001, -0.0100580053404, 0.00208553532138, 0.000115242990432], [-8.41002256493e-005, -0.00095060170861, -0.000525421870407, 0.0018489024369, 0.000227942189667, -0.00152265687939, 0.00225198967382, -0.0024715939071, 0.00589220970869, -0.0100580053404, 0.0255717579275, -0.0136460876092, 0.00639403378591], [0.000326761364704, 0.000151467931573, 3.49440269929e-005, -0.00154799211305, 0.0023438858334, 0.00083525426453, -0.00232539745048, 0.00310795078985, 0.00133472844027, 0.00208553532138, -0.0136460876092, 0.0300514791161, -0.0122463591397], [-0.000288258626824, 0.000514541228767, -0.000594958430156, -0.00145322189201, -0.000402053206926, 0.000815617153421, 0.000257598905591, -0.000660858524498, 5.32720659976e-005, 0.000115242990432, 0.00639403378591, -0.0122463591397, 0.0214068219066]]
    sccoeffs:
        dmean: [0.0488522239029, 0.04596786201, 0.0362022258341, 0.0298635028303, 0.0202717594802, 0.0186309348792]
        dmean2: [0.0807320401073, 0.075405806303, 0.0589386150241, 0.0479368567467, 0.0333344787359, 0.0300397258252]
        dvar: [0.00168112292886, 0.001441024011, 0.000948316126596, 0.00062138075009, 0.000291302072583, 0.000342977640685]
        dvar2: [0.00464237574488, 0.00381773849949, 0.00238235574216, 0.00153111852705, 0.000722237746231, 0.000831437471788]
        max: [-0.354183733463, -0.465551406145, -0.518846333027, -0.51682639122, -0.589444875717, -0.509452939034]
        mean: [-0.649326145649, -0.757677018642, -0.796472728252, -0.793716728687, -0.793582320213, -0.75823199749]
        median: [-0.650651156902, -0.764824748039, -0.807963788509, -0.80335855484, -0.798375368118, -0.760986983776]
        min: [-0.984850108624, -0.968087315559, -0.967498242855, -0.963873028755, -0.960708737373, -0.963007628918]
        var: [0.00393895991147, 0.00468195974827, 0.00406570639461, 0.00295341177844, 0.00160231813788, 0.002098914003]
    scvalleys:
        dmean: [0.341650873423, 0.371859699488, 0.324337273836, 0.287394970655, 0.231327518821, 0.258048057556]
        dmean2: [0.566195845604, 0.598100185394, 0.50674033165, 0.43222501874, 0.34626558423, 0.360565960407]
        dvar: [0.0969043150544, 0.146315097809, 0.0997680947185, 0.0951419174671, 0.0914328992367, 0.161922991276]
        dvar2: [0.234390109777, 0.316796660423, 0.194645732641, 0.176992192864, 0.167990550399, 0.311976879835]
        max: [-5.39502716064, -4.43100357056, -5.24116516113, -5.53079938889, -5.08205366135, -6.97618293762]
        mean: [-7.01050662994, -7.1618719101, -7.64630937576, -7.72431898117, -6.88652610779, -9.26165103912]
        median: [-6.84493207932, -6.94605970383, -7.45736646652, -7.51561737061, -6.58214521408, -8.95515823364]
        min: [-27.1520900726, -27.1219062805, -27.2486801147, -27.1124210358, -27.2298660278, -27.2200069427]
        var: [1.09281182289, 1.50900328159, 1.53096985817, 1.62443614006, 1.86550319195, 2.26909208298]

rhythm:
    beats_loudness:
        dmean: 0.00342497578822
        dmean2: 0.00635248376057
        dvar: 5.46423916603e-006
        dvar2: 1.65239016496e-005
        max: 0.0167992562056
        mean: 0.00626695202664
        median: 0.00645993696526
        min: 1.1782874676e-010
        var: 1.0338413631e-005
    bpm: 83.1021499634
    bpm_confidence: 0
    first_peak_bpm: 83
    first_peak_spread: 0.136476442218
    first_peak_weight: 0.798165082932
    onset_rate: 2.82028007507
    second_peak_bpm: 140
    second_peak_spread: 0.533333361149
    second_peak_weight: 0.0160550456494
    beats_loudness_band_ratio:
        dmean: [0.1293207407, 0.0506107918918, 0.0582285262644, 0.0501162968576, 0.0768380388618, 0.14065977931]
        dmean2: [0.23706972599, 0.0877876579762, 0.105993673205, 0.0899900272489, 0.133674800396, 0.257354021072]
        dvar: [0.0175751335919, 0.00181591731962, 0.00340847135521, 0.00483158510178, 0.00490064173937, 0.0128668351099]
        dvar2: [0.0614359676838, 0.00536361942068, 0.0101913409308, 0.0146542564034, 0.013908081688, 0.0432523414493]
        max: [0.934637486935, 0.29341673851, 0.412237823009, 0.434246867895, 0.905594885349, 0.771827459335]
        mean: [0.196388989687, 0.0919920653105, 0.0712291076779, 0.0601486898959, 0.20628324151, 0.420127034187]
        median: [0.140197381377, 0.0818464905024, 0.0533488281071, 0.0371657572687, 0.194204553962, 0.450362533331]
        min: [0.0102603314444, 0.00552898691967, 0.00107522844337, 0.0014209948713, 0.00403737369925, 0.000667073996738]
        var: [0.0311139281839, 0.00281700189225, 0.00389274791814, 0.00393408583477, 0.0105204116553, 0.0219993814826]
    beats_position: [0.777868449688, 1.5673469305, 2.29877543449, 3.03020405769, 3.76163268089, 4.46984100342, 5.17804956436, 5.89786815643, 6.6176867485, 7.33750534058, 8.06893444061, 8.78875255585, 9.52018165588, 10.2399997711, 10.95981884, 11.6796369553, 12.3994560242, 13.1192741394, 13.8390922546, 14.5589113235, 15.2787294388, 15.9985485077, 16.7183666229, 17.4381847382, 18.1580047607, 18.877822876, 19.5976409912, 20.3174591064, 21.0604991913, 21.7803173065, 22.5117454529, 23.2315635681, 23.9513835907, 24.6595916748, 25.37940979, 26.0992279053, 26.8190479279, 27.5504760742, 28.2702941895, 28.9785022736, 29.6983222961, 30.4181404114, 31.1379585266, 31.8577766418, 32.5775947571, 33.2974128723, 34.0404510498, 34.7718811035, 35.5033111572, 36.2231292725, 36.9429473877, 37.6627655029, 38.3825836182, 39.1024017334, 39.8222198486, 40.5536499023, 41.2850799561, 41.9932861328, 42.7014961243, 43.4213142395, 44.1411323547, 44.86095047, 45.5807685852, 46.3121986389, 47.0436286926, 47.7634468079, 48.4832649231, 49.1914749146, 49.8996810913, 50.6194992065, 51.3393173218, 52.0823554993, 52.8253974915, 53.5452156067, 54.2534217834, 54.9616317749, 55.6814498901, 56.4012680054, 57.1210861206, 57.8525161743, 58.583946228, 59.3037643433, 60.0235824585, 60.7434005737, 61.4516105652, 62.1598167419, 62.8796348572, 63.5994529724, 64.3192749023, 65.0390930176, 65.7705230713, 66.5019454956, 67.1985473633, 67.9183654785, 68.6381835938, 69.358001709, 70.0778198242, 70.7860336304, 71.5174560547, 72.2372741699, 72.9803161621, 73.7001342773, 74.4199523926, 75.1513824463, 75.8712005615, 76.5910186768, 77.2992248535, 78.0190429688, 78.7504730225, 79.4819030762, 80.2017211914, 80.9331512451, 81.6529693604, 82.3843994141, 83.1042175293, 83.8240356445, 84.5554656982, 85.2868881226, 86.0183181763, 86.7381362915, 87.4695663452, 88.1893844604, 88.9092025757, 89.6290206909, 90.3604507446, 91.0918807983, 91.8116989136, 92.5315170288, 93.251335144, 93.9711532593, 94.6909713745, 95.4107894897, 96.130607605, 96.8620376587, 97.5934677124, 98.3132858276, 99.0331039429, 99.7529220581, 100.472740173, 101.192558289, 101.912376404, 102.632194519, 103.352012634, 104.071838379, 104.791656494, 105.511474609, 106.231292725, 106.95111084, 107.694145203, 108.425575256, 109.145393372, 109.853607178, 110.573425293, 111.270019531, 111.989837646, 112.709655762, 113.441085815, 114.172515869, 114.892333984, 115.6121521, 116.331970215, 117.05178833, 117.771606445, 118.491424561, 119.211242676, 119.942672729, 120.674102783, 121.393920898, 122.113739014, 122.810340881, 123.530158997, 124.238365173, 124.94657135, 125.678001404, 126.409431458, 127.117637634, 127.82585144, 128.545669556, 129.242263794, 129.962081909, 130.681900024, 131.413330078, 132.144760132, 132.864578247, 133.596008301, 134.304214478, 135.024032593, 135.743850708, 136.463668823, 137.183486938, 137.903305054, 138.623123169, 139.342941284, 140.062759399, 140.782577515, 141.50239563, 142.233825684, 142.965255737, 143.685073853, 144.416503906, 145.14793396, 145.867752075, 146.599182129, 147.330612183, 148.062042236, 148.79347229, 149.513290405, 150.233108521, 150.952926636, 151.684356689, 152.415786743, 153.135604858, 153.855422974, 154.586837769, 155.318267822, 156.038085938, 156.757904053, 157.45451355, 158.197555542, 158.952194214, 159.683624268, 160.42666626, 161.158096313, 161.877914429, 162.586120605, 163.305938721, 164.014144897, 164.722351074, 165.442169189, 166.161987305, 166.88180542, 167.601623535, 168.32144165, 169.041259766, 169.761077881, 170.469299316, 171.177505493, 171.88571167, 172.605529785, 173.336959839, 174.068389893, 174.799819946, 175.519638062, 176.239456177, 176.959274292, 177.679092407, 178.398910522, 179.118728638, 179.838546753, 180.54675293, 181.254959106, 181.974777222, 182.694595337, 183.414413452, 184.134231567, 184.865661621, 185.597091675, 186.340133667, 187.071563721, 187.791381836, 188.52281189, 189.242630005, 189.950836182, 190.659042358, 191.378860474, 192.098678589, 192.818496704, 193.538314819, 194.258132935, 194.97795105, 195.697769165, 196.41758728, 197.137405396, 197.857223511, 198.577041626, 199.296859741, 200.016693115, 200.74810791, 201.479537964, 202.210968018, 202.942398071, 203.673828125, 204.405258179, 205.125076294, 205.844894409, 206.564712524, 207.28453064, 208.004348755, 208.72416687, 209.443984985, 210.163803101, 210.883621216, 211.61505127, 212.346481323, 213.0546875, 213.762893677, 214.482711792, 215.202529907, 215.933959961, 216.665390015, 217.38520813, 218.105026245, 218.848068237, 219.567886353, 220.287704468, 221.007522583, 221.727340698, 222.458770752, 223.178588867, 223.910018921, 224.629837036, 225.349655151, 226.069473267, 226.80090332, 227.532333374, 228.252151489, 228.971969604, 229.69178772, 230.411605835, 231.13142395, 231.851242065, 232.571060181, 233.290878296, 234.010696411, 234.730514526, 235.46194458, 236.193374634, 236.913192749, 237.633010864, 238.352828979, 239.072647095, 239.79246521, 240.512283325, 241.23210144, 241.951919556, 242.671737671, 243.391555786, 244.111373901, 244.831192017, 245.56262207, 246.294052124, 247.013870239, 247.733688354, 248.45350647, 249.173324585, 249.8931427, 250.612960815, 251.356002808, 252.110656738, 252.842086792, 253.561904907, 254.293334961, 255.013153076, 255.721359253, 256.42956543, 257.137786865, 257.85760498, 258.589019775, 259.32043457, 260.040252686, 260.760070801, 261.479919434, 262.211334229, 262.942749023, 263.674194336, 264.405609131, 265.125427246, 265.845245361, 266.565063477, 267.296508789, 268.027923584, 268.759368896, 269.479187012, 270.210601807, 270.930419922, 271.650238037, 272.370056152, 273.089874268, 273.82131958, 274.552734375, 275.27255249, 275.992370605, 276.712188721, 277.432006836, 278.151824951, 278.871643066, 279.591461182, 280.311279297, 281.031097412, 281.750915527, 282.48236084, 283.213775635, 283.93359375, 284.665039063, 285.384857178, 286.116271973, 286.836090088, 287.544311523, 288.252502441, 288.972320557, 289.692138672, 290.411956787, 291.131774902, 291.851593018, 292.571411133, 293.163543701, 293.755645752, 294.347747803, 294.939849854, 295.520355225, 296.019592285, 296.553649902, 297.076080322, 297.610168457, 298.132598877, 298.689880371, 299.235565186, 299.746398926, 300.187561035, 300.617126465, 301.058319092, 301.487884521, 301.859405518, 302.230926514, 302.60244751, 302.973968506, 303.391906738, 303.809875488, 304.227844238, 304.645812988, 305.063751221, 305.481719971, 305.9112854, 306.34085083, 306.77041626, 307.199981689, 307.629577637]
