
metadata:
    version:
        essentia: "2.1-beta2"
    audio_properties:
        analysis_sample_rate: 44100
        bitrate: 320
        channels: 2
        equal_loudness: 1
        length: 409.62612915
        replay_gain: -11.1272888184
        downmix: "mix"
    tags:
        album: "Metallica"
        artist: "Metallica"
        comment: "Ripped with WMP"
        date: "1991"
        genre: "Metal"
        title: "My Friend of Misery"
        tracknumber: "11"

configuration:
    average_loudness:
        compute: 1
        frameSize: 88200
        hopSize: 44100
        silentFrames: "noise"
        windowType: "hann"
    general:
        analysisSampleRate: 44100
        endTime: 2000
        equalLoudness: 1
        nequalLoudness: 0
        shortSound: 0
        startTime: 0
    lowlevel:
        compute: 1
        frameSize: 2048
        hopSize: 1024
        zeroPadding: 0
        silentFrames: "noise"
        windowType: "blackmanharris62"
        mfccStats: ["mean", "cov", "icov"]
        stats: ["mean", "var", "median", "min", "max", "dmean", "dmean2", "dvar", "dvar2"]
    panning:
        compute: 0
        frameSize: 8192
        hopSize: 2048
        zeroPadding: 8192
        silentFrames: "noise"
        windowType: "hann"
        stats: ["copy"]
    rhythm:
        compute: 1
        maxTempo: 208
        minTempo: 40
        method: "degara"
        stats: ["mean", "var", "median", "min", "max", "dmean", "dmean2", "dvar", "dvar2"]
    segmentation:
        compute: 0
        cpw: 5
        inc1: 300
        inc2: 50
        minimumSegmentsLength: 10
        size1: 1000
        size2: 600
    sfx:
        compute: 1
        stats: ["mean", "var", "median", "min", "max", "dmean", "dmean2", "dvar", "dvar2"]
    svm:
        compute: 0
    tonal:
        compute: 1
        frameSize: 4096
        hopSize: 2048
        zeroPadding: 0
        silentFrames: "noise"
        windowType: "blackmanharris62"
        stats: ["mean", "var", "median", "min", "max", "dmean", "dmean2", "dvar", "dvar2"]

lowlevel:
    average_loudness: 0.61904245615
    barkbands_kurtosis:
        dmean: 1.64870250225
        dmean2: 2.75826954842
        dvar: 17.0668849945
        dvar2: 44.0900268555
        max: 148.882217407
        mean: 1.75668478012
        median: -0.783790767193
        min: -1.91721045971
        var: 72.3754959106
    barkbands_skewness:
        dmean: 0.436993211508
        dmean2: 0.71435469389
        dvar: 0.216393053532
        dvar2: 0.569174170494
        max: 10.518989563
        mean: -0.0768257901073
        median: -0.495873391628
        min: -6.15336561203
        var: 2.60683298111
    barkbands_spread:
        dmean: 5.72049856186
        dmean2: 9.44342803955
        dvar: 34.2618484497
        dvar2: 92.1086807251
        max: 77.7743835449
        mean: 34.6979980469
        median: 36.3921203613
        min: 0.709408462048
        var: 224.252182007
    dissonance:
        dmean: 0.00886295642704
        dmean2: 0.0149739887565
        dvar: 0.000112354609882
        dvar2: 0.000311369629344
        max: 0.500000059605
        mean: 0.481839090586
        median: 0.487067252398
        min: 0.32303661108
        var: 0.000304886576487
    hfc:
        dmean: 3.26493191719
        dmean2: 5.39866399765
        dvar: 59.4305953979
        dvar2: 158.075469971
        max: 126.213623047
        mean: 9.10834598541
        median: 6.75737190247
        min: 1.0711902244e-016
        var: 92.5300445557
    pitch:
        dmean: 723.633544922
        dmean2: 1389.72241211
        dvar: 1598092.125
        dvar2: 3955924.25
        max: 4880.64453125
        mean: 2147.54394531
        median: 3376.08740234
        min: 49.0630073547
        var: 2811980
    pitch_instantaneous_confidence:
        dmean: 0.0771049931645
        dmean2: 0.127288088202
        dvar: 0.00414311792701
        dvar2: 0.010832183063
        max: 0.964556694031
        mean: 0.438070893288
        median: 0.431268036366
        min: 0.0885454416275
        var: 0.0140081942081
    pitch_salience:
        dmean: 0.0586981549859
        dmean2: 0.0981544405222
        dvar: 0.00290568056516
        dvar2: 0.00820828881115
        max: 0.850858509541
        mean: 0.632228910923
        median: 0.655306100845
        min: 0.0874527990818
        var: 0.0118498774245
    silence_rate_20dB:
        dmean: 0
        dmean2: 0
        dvar: 0
        dvar2: 0
        max: 1
        mean: 1
        median: 1
        min: 1
        var: 0
    silence_rate_30dB:
        dmean: 0
        dmean2: 0
        dvar: 0
        dvar2: 0
        max: 1
        mean: 1
        median: 1
        min: 1
        var: 0
    silence_rate_60dB:
        dmean: 0.0671125724912
        dmean2: 0.134232759476
        dvar: 0.0626178979874
        dvar2: 0.13335801661
        max: 1
        mean: 0.507340013981
        median: 1
        min: 0
        var: 0.249919489026
    spectral_centroid:
        dmean: 255.763122559
        dmean2: 420.960754395
        dvar: 86122.0859375
        dvar2: 220013.890625
        max: 11708.0185547
        mean: 2042.5748291
        median: 2198.69482422
        min: 103.660575867
        var: 1131671.875
    spectral_complexity:
        dmean: 3.31787776947
        dmean2: 5.16648721695
        dvar: 16.9480419159
        dvar2: 36.630821228
        max: 61
        mean: 14.164768219
        median: 13
        min: 0
        var: 101.014633179
    spectral_crest:
        dmean: 1.78021430969
        dmean2: 3.023832798
        dvar: 3.11382484436
        dvar2: 9.14872169495
        max: 25.1333198547
        mean: 7.52449893951
        median: 6.47220039368
        min: 2.62827038765
        var: 11.9204950333
    spectral_decrease:
        dmean: 2.37024511129e-010
        dmean2: 3.8584915818e-010
        dvar: 2.0316955589e-019
        dvar2: 5.17472507287e-019
        max: 2.13051859348e-028
        mean: -7.88831833187e-010
        median: -6.48175679796e-010
        min: -8.39573655043e-009
        var: 4.0521143196e-019
    spectral_energy:
        dmean: 0.00116729957517
        dmean2: 0.00190702383406
        dvar: 5.64185938856e-006
        dvar2: 1.45268741107e-005
        max: 0.0416434109211
        mean: 0.00380338146351
        median: 0.00307699735276
        min: 9.91967107477e-021
        var: 1.0502425539e-005
    spectral_energyband_high:
        dmean: 0.000301607477013
        dmean2: 0.000517404580023
        dvar: 6.24360325219e-007
        dvar2: 1.70895941665e-006
        max: 0.01323304791
        mean: 0.00058582983911
        median: 0.000337632809533
        min: 6.74961567995e-021
        var: 7.11886002591e-007
    spectral_energyband_low:
        dmean: 0.000221952490392
        dmean2: 0.000383653474273
        dvar: 1.11250365364e-007
        dvar2: 3.09549108124e-007
        max: 0.00908785779029
        mean: 0.00040512351552
        median: 0.00030179071473
        min: 1.90486984313e-023
        var: 1.61408351573e-007
    spectral_energyband_middle_high:
        dmean: 0.000718392431736
        dmean2: 0.00115447328426
        dvar: 2.20071819967e-006
        dvar2: 5.50043523617e-006
        max: 0.0355639308691
        mean: 0.00217221048661
        median: 0.00156673137099
        min: 1.04114675113e-021
        var: 4.92486105941e-006
    spectral_energyband_middle_low:
        dmean: 0.000324450957123
        dmean2: 0.000521821086295
        dvar: 2.66584180508e-007
        dvar2: 6.87568274316e-007
        max: 0.00790163315833
        mean: 0.000786058255471
        median: 0.000595471414272
        min: 1.36576296314e-022
        var: 4.90254080887e-007
    spectral_flatness_db:
        dmean: 0.0150173744187
        dmean2: 0.0241846796125
        dvar: 0.000255961087532
        dvar2: 0.000652580696624
        max: 0.549528479576
        mean: 0.164549231529
        median: 0.141948983073
        min: 0.0623971633613
        var: 0.0053377719596
    spectral_flux:
        dmean: 0.00651960447431
        dmean2: 0.00992617476732
        dvar: 0.00010568354628
        dvar2: 0.000199309855816
        max: 0.170733585954
        mean: 0.0340206585824
        median: 0.0318870097399
        min: 6.24271814798e-011
        var: 0.000392543181079
    spectral_kurtosis:
        dmean: 2.57070493698
        dmean2: 4.35430717468
        dvar: 77.9335708618
        dvar2: 214.016296387
        max: 220.954025269
        mean: 6.63630056381
        median: 2.78124523163
        min: -1.2528501749
        var: 273.159393311
    spectral_rms:
        dmean: 0.00024907613988
        dmean2: 0.000399011652917
        dvar: 1.42535199643e-007
        dvar2: 3.51115545527e-007
        max: 0.00637398753315
        mean: 0.00176129885949
        median: 0.00173261330929
        min: 3.11090476296e-012
        var: 6.08443031069e-007
    spectral_rolloff:
        dmean: 255.061721802
        dmean2: 429.355499268
        dvar: 166100.171875
        dvar2: 391834.21875
        max: 19767.4804688
        mean: 3499.73486328
        median: 3811.37695313
        min: 107.666015625
        var: 2817214.25
    spectral_skewness:
        dmean: 0.229987516999
        dmean2: 0.381771683693
        dvar: 0.227048933506
        dvar2: 0.611903309822
        max: 11.7150058746
        mean: 1.42276012897
        median: 1.18273675442
        min: -0.0689672827721
        var: 1.27825939655
    spectral_spread:
        dmean: 441726.09375
        dmean2: 624290.75
        dvar: 428812795904
        dvar2: 744780136448
        max: 49898056
        mean: 5099995.5
        median: 4835540
        min: 380891.34375
        var: 1.05797218468e+013
    spectral_strongpeak:
        dmean: 0.517147004604
        dmean2: 0.898430347443
        dvar: 0.710208714008
        dvar2: 1.85967636108
        max: 11.9402475357
        mean: 0.703650176525
        median: 0.154342263937
        min: 0
        var: 1.22901320457
    zerocrossingrate:
        dmean: 0.00668708933517
        dmean2: 0.00826958753169
        dvar: 4.86358403577e-005
        dvar2: 5.7494315115e-005
        max: 0.52685546875
        mean: 0.111546128988
        median: 0.12109375
        min: 0.00634765625
        var: 0.00236467318609
    barkbands:
        dmean: [1.7658588547e-007, 4.71158346045e-005, 0.000137027658639, 0.000157095622853, 0.000111675828521, 4.96661305078e-005, 4.65753437311e-005, 2.44618677243e-005, 6.7600638431e-005, 5.42359957763e-005, 2.89923409582e-005, 3.05102803395e-005, 3.74527371605e-005, 4.70603299618e-005, 5.69874464418e-005, 0.000114567570563, 0.000141462456668, 0.000172303742147, 0.000308050250169, 0.000241666726652, 0.000151026251842, 5.82173379371e-005, 1.48847229866e-005, 3.88490298064e-006, 2.57472765952e-006, 1.04703687498e-007, 3.8771208466e-010]
        dmean2: [2.9344718655e-007, 8.19546839921e-005, 0.000237723390455, 0.000261352484813, 0.000182342439075, 8.20386485429e-005, 7.69067191868e-005, 4.08731139032e-005, 0.000106178282294, 8.62324595801e-005, 4.66318706458e-005, 4.89588746859e-005, 5.90465824644e-005, 7.42989068385e-005, 9.18617806747e-005, 0.000184298216482, 0.00023289382807, 0.000283562374534, 0.00050891796127, 0.000412309018429, 0.000262991175987, 0.000100440891401, 2.53415400948e-005, 6.11657014815e-006, 3.96457153329e-006, 1.6237029854e-007, 6.30067664709e-010]
        dvar: [7.37088409514e-014, 1.5914922713e-008, 5.08960873447e-008, 4.83728719303e-008, 4.52930599693e-008, 1.37744553541e-008, 1.90625986107e-008, 8.31523205846e-009, 4.35792735232e-008, 3.33894014659e-008, 1.11295097582e-008, 1.20946941351e-008, 1.17209477679e-008, 1.53483625809e-008, 2.50853684491e-008, 6.34860981563e-008, 1.00357247845e-007, 1.45959120346e-007, 4.29626567211e-007, 2.67699419965e-007, 1.4720350805e-007, 2.9914847488e-008, 1.79028214475e-009, 1.27141561168e-010, 9.46359240972e-011, 5.37192564195e-014, 5.6328476814e-019]
        dvar2: [1.9607359898e-013, 4.44244960818e-008, 1.51163291662e-007, 1.30533706511e-007, 1.20764795497e-007, 3.63941232706e-008, 5.19849443492e-008, 2.19809930257e-008, 1.11335019426e-007, 8.43199217115e-008, 2.77385261427e-008, 2.9814515301e-008, 2.75534102201e-008, 3.64628576222e-008, 6.35220445133e-008, 1.48628075181e-007, 2.62964960029e-007, 3.61237624702e-007, 1.1065886838e-006, 7.36893923658e-007, 4.05595102393e-007, 8.18667018621e-008, 4.77215245098e-009, 3.04173020105e-010, 2.46593911957e-010, 1.21568106601e-013, 1.32705857462e-018]
        max: [5.04806439494e-006, 0.00309137720615, 0.00685026869178, 0.00544499047101, 0.00450202729553, 0.00502671441063, 0.00447422498837, 0.00401355139911, 0.0045055761002, 0.00545878056437, 0.00429452769458, 0.00368164735846, 0.00280525092967, 0.0036310958676, 0.00627863500267, 0.00716692721471, 0.0147527726367, 0.0120630990714, 0.0242278762162, 0.00975427217782, 0.0083478121087, 0.00399744696915, 0.000559890817385, 0.000394319416955, 0.000622831110377, 4.78602532894e-006, 1.65459788093e-008]
        mean: [3.45052228568e-007, 6.22550869593e-005, 0.000224116272875, 0.000240401030169, 0.000220107467612, 8.24671951705e-005, 7.47903832234e-005, 3.27246780216e-005, 0.000112139183329, 8.50966680446e-005, 4.36850496044e-005, 4.71000676043e-005, 5.92209980823e-005, 7.96888853074e-005, 9.39743767958e-005, 0.0002220384049, 0.000277877406916, 0.000329546863213, 0.000650468340609, 0.000484573363792, 0.000264513393631, 8.08893382782e-005, 2.10622674786e-005, 8.17000454845e-006, 5.89386991123e-006, 2.31068426615e-007, 6.01749483575e-010]
        median: [1.79405944323e-007, 3.42097227986e-005, 0.000158393406309, 0.000151147309225, 0.000137905139127, 3.96072209696e-005, 3.36896446242e-005, 1.0295148968e-005, 1.56353817147e-005, 1.26344848468e-005, 1.04801629277e-005, 1.50140995174e-005, 1.77806996362e-005, 2.23664828809e-005, 3.16423211189e-005, 9.8553216958e-005, 0.000182574440259, 0.000209104327951, 0.000455267203506, 0.00032226392068, 0.000135960508487, 2.70462987828e-005, 6.22385095994e-006, 3.07626282847e-006, 2.19526032197e-006, 8.58880966348e-008, 2.13639161917e-010]
        min: [7.73068748063e-025, 3.03973429217e-024, 2.5327608013e-024, 1.73714310521e-024, 1.01171056107e-023, 4.50363096816e-024, 2.96518200624e-024, 7.23123627153e-024, 1.32380925761e-023, 1.77070432467e-023, 1.2634328416e-023, 3.18090079338e-023, 3.42861889484e-023, 3.05586823317e-023, 4.57135554462e-023, 5.03579645594e-023, 6.58957539128e-023, 9.69995044201e-023, 8.49167175723e-023, 1.51306866392e-022, 2.42297579431e-022, 3.01701178488e-022, 4.18082370572e-022, 6.39799111722e-022, 6.98002506243e-022, 1.35354849332e-021, 1.84409274888e-021]
        var: [1.74626399495e-013, 1.30914470375e-008, 6.35474535216e-008, 8.86879547579e-008, 7.0165491195e-008, 1.8135521529e-008, 2.07006358721e-008, 9.56019974296e-009, 9.42519520208e-008, 7.49812727463e-008, 1.80051760168e-008, 1.973919872e-008, 1.92152498357e-008, 3.50331958998e-008, 4.28770299266e-008, 1.90186113969e-007, 1.4426146322e-007, 2.22713609332e-007, 6.71470388625e-007, 3.62518562724e-007, 1.69410824924e-007, 2.7292053062e-008, 1.80752224299e-009, 2.25901741757e-010, 1.29321095499e-010, 1.43582913029e-013, 1.20266022647e-018]
    frequency_bands:
        dmean: [1.7658588547e-007, 4.71158346045e-005, 0.000137027658639, 0.000157095622853, 0.000111675828521, 4.96661305078e-005, 4.65753437311e-005, 2.44618677243e-005, 6.7600638431e-005, 5.42359957763e-005, 2.89923409582e-005, 3.05102803395e-005, 3.74527371605e-005, 4.70603299618e-005, 5.69874464418e-005, 0.000114567570563, 0.000141462456668, 0.000172303742147, 0.000308050250169, 0.000241666726652, 0.000151026251842, 5.82173379371e-005, 1.48847229866e-005, 3.88490298064e-006, 2.57472765952e-006, 1.04703687498e-007, 3.8771208466e-010, 4.36981249796e-011]
        dmean2: [2.9344718655e-007, 8.19546839921e-005, 0.000237723390455, 0.000261352484813, 0.000182342439075, 8.20386485429e-005, 7.69067191868e-005, 4.08731139032e-005, 0.000106178282294, 8.62324595801e-005, 4.66318706458e-005, 4.89588746859e-005, 5.90465824644e-005, 7.42989068385e-005, 9.18617806747e-005, 0.000184298216482, 0.00023289382807, 0.000283562374534, 0.00050891796127, 0.000412309018429, 0.000262991175987, 0.000100440891401, 2.53415400948e-005, 6.11657014815e-006, 3.96457153329e-006, 1.6237029854e-007, 6.30067664709e-010, 8.13201242456e-011]
        dvar: [7.37088409514e-014, 1.5914922713e-008, 5.08960873447e-008, 4.83728719303e-008, 4.52930599693e-008, 1.37744553541e-008, 1.90625986107e-008, 8.31523205846e-009, 4.35792735232e-008, 3.33894014659e-008, 1.11295097582e-008, 1.20946941351e-008, 1.17209477679e-008, 1.53483625809e-008, 2.50853684491e-008, 6.34860981563e-008, 1.00357247845e-007, 1.45959120346e-007, 4.29626567211e-007, 2.67699419965e-007, 1.4720350805e-007, 2.9914847488e-008, 1.79028214475e-009, 1.27141561168e-010, 9.46359240972e-011, 5.37192564195e-014, 5.6328476814e-019, 5.16942444458e-021]
        dvar2: [1.9607359898e-013, 4.44244960818e-008, 1.51163291662e-007, 1.30533706511e-007, 1.20764795497e-007, 3.63941232706e-008, 5.19849443492e-008, 2.19809930257e-008, 1.11335019426e-007, 8.43199217115e-008, 2.77385261427e-008, 2.9814515301e-008, 2.75534102201e-008, 3.64628576222e-008, 6.35220445133e-008, 1.48628075181e-007, 2.62964960029e-007, 3.61237624702e-007, 1.1065886838e-006, 7.36893923658e-007, 4.05595102393e-007, 8.18667018621e-008, 4.77215245098e-009, 3.04173020105e-010, 2.46593911957e-010, 1.21568106601e-013, 1.32705857462e-018, 1.67999477681e-020]
        max: [5.04806439494e-006, 0.00309137720615, 0.00685026869178, 0.00544499047101, 0.00450202729553, 0.00502671441063, 0.00447422498837, 0.00401355139911, 0.0045055761002, 0.00545878056437, 0.00429452769458, 0.00368164735846, 0.00280525092967, 0.0036310958676, 0.00627863500267, 0.00716692721471, 0.0147527726367, 0.0120630990714, 0.0242278762162, 0.00975427217782, 0.0083478121087, 0.00399744696915, 0.000559890817385, 0.000394319416955, 0.000622831110377, 4.78602532894e-006, 1.65459788093e-008, 1.15625864439e-009]
        mean: [3.45052228568e-007, 6.22550869593e-005, 0.000224116272875, 0.000240401030169, 0.000220107467612, 8.24671951705e-005, 7.47903832234e-005, 3.27246780216e-005, 0.000112139183329, 8.50966680446e-005, 4.36850496044e-005, 4.71000676043e-005, 5.92209980823e-005, 7.96888853074e-005, 9.39743767958e-005, 0.0002220384049, 0.000277877406916, 0.000329546863213, 0.000650468340609, 0.000484573363792, 0.000264513393631, 8.08893382782e-005, 2.10622674786e-005, 8.17000454845e-006, 5.89386991123e-006, 2.31068426615e-007, 6.01749483575e-010, 3.3627964996e-011]
        median: [1.79405944323e-007, 3.42097227986e-005, 0.000158393406309, 0.000151147309225, 0.000137905139127, 3.96072209696e-005, 3.36896446242e-005, 1.0295148968e-005, 1.56353817147e-005, 1.26344848468e-005, 1.04801629277e-005, 1.50140995174e-005, 1.77806996362e-005, 2.23664828809e-005, 3.16423211189e-005, 9.8553216958e-005, 0.000182574440259, 0.000209104327951, 0.000455267203506, 0.00032226392068, 0.000135960508487, 2.70462987828e-005, 6.22385095994e-006, 3.07626282847e-006, 2.19526032197e-006, 8.58880966348e-008, 2.13639161917e-010, 1.00116685775e-011]
        min: [7.73068748063e-025, 3.03973429217e-024, 2.5327608013e-024, 1.73714310521e-024, 1.01171056107e-023, 4.50363096816e-024, 2.96518200624e-024, 7.23123627153e-024, 1.32380925761e-023, 1.77070432467e-023, 1.2634328416e-023, 3.18090079338e-023, 3.42861889484e-023, 3.05586823317e-023, 4.57135554462e-023, 5.03579645594e-023, 6.58957539128e-023, 9.69995044201e-023, 8.49167175723e-023, 1.51306866392e-022, 2.42297579431e-022, 3.01701178488e-022, 4.18082370572e-022, 6.39799111722e-022, 6.98002506243e-022, 1.35354849332e-021, 1.84409274888e-021, 4.91397386542e-022]
        var: [1.74626399495e-013, 1.30914470375e-008, 6.35474535216e-008, 8.86879547579e-008, 7.0165491195e-008, 1.8135521529e-008, 2.07006358721e-008, 9.56019974296e-009, 9.42519520208e-008, 7.49812727463e-008, 1.80051760168e-008, 1.973919872e-008, 1.92152498357e-008, 3.50331958998e-008, 4.28770299266e-008, 1.90186113969e-007, 1.4426146322e-007, 2.22713609332e-007, 6.71470388625e-007, 3.62518562724e-007, 1.69410824924e-007, 2.7292053062e-008, 1.80752224299e-009, 2.25901741757e-010, 1.29321095499e-010, 1.43582913029e-013, 1.20266022647e-018, 3.92198276647e-021]
    mfcc:
        mean: [-740.37310791, 80.7004013062, -36.0352172852, 64.1250686646, 3.09218716621, 1.43826210499, 7.85352659225, -3.22163724899, -4.77475404739, -6.71059274673, -5.90085220337, -7.08169984818, -3.45924949646]
        cov: [[10671.4326172, -1666.19519043, -1598.93017578, 1115.3302002, -1181.3684082, -679.358093262, -533.91394043, 91.8110580444, 685.026123047, 376.207733154, 85.1154556274, 195.335372925, 229.559631348], [-1666.19519043, 1263.43701172, 36.1643180847, -96.9448242188, 266.283996582, 175.738830566, 219.495834351, -3.11137223244, -159.980194092, -98.8810577393, -27.4974956512, -81.9446029663, -96.7308197021], [-1598.93017578, 36.1643180847, 778.801696777, -306.941589355, 273.814880371, 185.53704834, 74.1386489868, -18.9019088745, -197.980682373, -96.4174118042, -3.31814289093, -43.7221183777, -47.550907135], [1115.3302002, -96.9448242188, -306.941589355, 572.502197266, -125.442977905, -161.583908081, -88.5393371582, -51.3389816284, 118.64780426, 40.3153572083, 1.63382792473, 75.4259414673, 87.754119873], [-1181.3684082, 266.283996582, 273.814880371, -125.442977905, 330.889892578, 149.303375244, 86.0150604248, -30.0854244232, -134.490020752, -67.3853149414, -16.2610664368, -30.8967018127, -26.3229446411], [-679.358093262, 175.738830566, 185.53704834, -161.583908081, 149.303375244, 282.246032715, 120.383956909, -15.2400064468, -93.5819702148, -49.7692642212, -3.06578683853, -30.3776283264, -41.1816101074], [-533.91394043, 219.495834351, 74.1386489868, -88.5393371582, 86.0150604248, 120.383956909, 166.544677734, 37.2013778687, -54.3252258301, -42.3213043213, -13.898850441, -28.0656852722, -31.9857616425], [91.8110580444, -3.11137223244, -18.9019088745, -51.3389816284, -30.0854244232, -15.2400064468, 37.2013778687, 129.549209595, 50.9572143555, 18.7203826904, -9.04218673706, -27.7845573425, -18.8229637146], [685.026123047, -159.980194092, -197.980682373, 118.64780426, -134.490020752, -93.5819702148, -54.3252258301, 50.9572143555, 177.649200439, 85.8664932251, -3.86781620979, 11.8465423584, 13.9203767776], [376.207733154, -98.8810577393, -96.4174118042, 40.3153572083, -67.3853149414, -49.7692642212, -42.3213043213, 18.7203826904, 85.8664932251, 100.265548706, 26.3220882416, 5.16564559937, -3.56482410431], [85.1154556274, -27.4974956512, -3.31814289093, 1.63382792473, -16.2610664368, -3.06578683853, -13.898850441, -9.04218673706, -3.86781620979, 26.3220882416, 63.7580757141, 28.8028564453, 2.62853813171], [195.335372925, -81.9446029663, -43.7221183777, 75.4259414673, -30.8967018127, -30.3776283264, -28.0656852722, -27.7845573425, 11.8465423584, 5.16564559937, 28.8028564453, 76.4605407715, 47.8738098145], [229.559631348, -96.7308197021, -47.550907135, 87.754119873, -26.3229446411, -41.1816101074, -31.9857616425, -18.8229637146, 13.9203767776, -3.56482410431, 2.62853813171, 47.8738098145, 79.2147140503]]
        icov: [[0.000229024662985, 0.00019223849813, 0.000267492752755, -0.000255500373896, 0.000377198331989, -0.000162351338076, 0.000232952050283, -0.00023182714358, 0.000118961863336, -7.14584239176e-005, -0.000134798989166, 0.000169530234416, -2.75277543551e-005], [0.00019223849813, 0.00154719233979, 0.000807177799288, -0.000411411194364, -0.000621540530119, 7.37806039979e-005, -0.00108461570926, -2.57249139395e-005, 0.000731588341296, 0.000399781478336, -0.000422477460233, 0.000715666799806, 0.00113119347952], [0.000267492752755, 0.000807177799288, 0.00289616850205, 0.000280456530163, -0.00112416571938, -0.000539988453966, 0.000597684062086, -0.00073025689926, 0.0016531260917, 0.000536927196663, -0.000461178220576, 0.000364056031685, 0.000580774445552], [-0.000255500373896, -0.000411411194364, 0.000280456530163, 0.00336903426796, -0.000655033218209, 0.00113367568702, -0.000490455247927, 0.00193546386436, -0.00207076198421, 0.000722432043403, 0.000243341652094, -0.00099637825042, -0.00170176150277], [0.000377198331989, -0.000621540530119, -0.00112416571938, -0.000655033218209, 0.0069632511586, -0.0016630240716, 0.000220535206608, -6.02135187364e-005, 0.00242968904786, -0.00142601283733, 0.00152445503045, 0.000392640678911, -0.00105620501563], [-0.000162351338076, 7.37806039979e-005, -0.000539988453966, 0.00113367568702, -0.0016630240716, 0.00709415785968, -0.00456316815689, 0.00258667953312, -0.000740206858609, 0.000617561396211, -0.00104911345989, 0.000433837558376, 0.000818583590444], [0.000232952050283, -0.00108461570926, 0.000597684062086, -0.000490455247927, 0.000220535206608, -0.00456316815689, 0.0131309479475, -0.00551606388763, 0.00174215459265, 0.00158526282758, 0.00122298044153, -0.0014127594186, 0.00117337028496], [-0.00023182714358, -2.57249139395e-005, -0.00073025689926, 0.00193546386436, -6.02135187364e-005, 0.00258667953312, -0.00551606388763, 0.0133740697056, -0.00643899664283, 0.0015436259564, -0.00193133158609, 0.0043379641138, -0.00102328299545], [0.000118961863336, 0.000731588341296, 0.0016531260917, -0.00207076198421, 0.00242968904786, -0.000740206858609, 0.00174215459265, -0.00643899664283, 0.0192518271506, -0.0125235971063, 0.00830683857203, -0.0037240262609, 0.00145922391675], [-7.14584239176e-005, 0.000399781478336, 0.000536927196663, 0.000722432043403, -0.00142601283733, 0.000617561396211, 0.00158526282758, 0.0015436259564, -0.0125235971063, 0.0244468264282, -0.0126513279974, 0.00494115659967, 0.00180586718488], [-0.000134798989166, -0.000422477460233, -0.000461178220576, 0.000243341652094, 0.00152445503045, -0.00104911345989, 0.00122298044153, -0.00193133158609, 0.00830683857203, -0.0126513279974, 0.0283900629729, -0.0152984159067, 0.00559893064201], [0.000169530234416, 0.000715666799806, 0.000364056031685, -0.00099637825042, 0.000392640678911, 0.000433837558376, -0.0014127594186, 0.0043379641138, -0.0037240262609, 0.00494115659967, -0.0152984159067, 0.0314560830593, -0.0151049206033], [-2.75277543551e-005, 0.00113119347952, 0.000580774445552, -0.00170176150277, -0.00105620501563, 0.000818583590444, 0.00117337028496, -0.00102328299545, 0.00145922391675, 0.00180586718488, 0.00559893064201, -0.0151049206033, 0.025391863659]]
    sccoeffs:
        dmean: [0.0478858835995, 0.0411741584539, 0.0347293391824, 0.0287359319627, 0.0195217803121, 0.0195415765047]
        dmean2: [0.0811414793134, 0.0679095685482, 0.0563338547945, 0.0465745739639, 0.031710036099, 0.0316997505724]
        dvar: [0.0015440947609, 0.0011717810994, 0.00086797925178, 0.000574038131163, 0.000265043781837, 0.000477691326523]
        dvar2: [0.0044265370816, 0.00320992106572, 0.00225210539065, 0.00144584279042, 0.000655990559608, 0.00117579125799]
        max: [-0.395247131586, -0.452167183161, -0.433465242386, -0.489477276802, -0.53013753891, -0.577706575394]
        mean: [-0.660524427891, -0.743263661861, -0.788272976875, -0.781300961971, -0.791441679001, -0.756246626377]
        median: [-0.661558151245, -0.748474061489, -0.798283874989, -0.78807336092, -0.794656634331, -0.75875043869]
        min: [-0.987352788448, -0.978920400143, -0.980580568314, -0.97453802824, -0.967640161514, -0.965351641178]
        var: [0.00449618464336, 0.00484005454928, 0.00456054322422, 0.00314443465322, 0.00151906686369, 0.00303317722864]
    scvalleys:
        dmean: [0.33129876852, 0.336497575045, 0.29482665658, 0.262968033552, 0.212317556143, 0.247272878885]
        dmean2: [0.555875897408, 0.547855436802, 0.47041863203, 0.406458228827, 0.323975205421, 0.360960185528]
        dvar: [0.0846922770143, 0.0966807380319, 0.0745099708438, 0.0730004832149, 0.0779372751713, 0.140074834228]
        dvar2: [0.217835947871, 0.225238278508, 0.164482578635, 0.153396293521, 0.163019090891, 0.28358310461]
        max: [-5.17533349991, -4.856777668, -5.19706344604, -5.35301923752, -5.00654697418, -7.05181694031]
        mean: [-7.0819735527, -7.69110012054, -7.87140274048, -7.84832525253, -7.34743309021, -10.0854454041]
        median: [-6.82645177841, -7.33140945435, -7.59580945969, -7.50960159302, -6.67948675156, -9.2357301712]
        min: [-28.2304115295, -27.9083766937, -27.879076004, -27.6675777435, -27.5438575745, -27.3850955963]
        var: [2.96839642525, 3.47130966187, 3.23929524422, 3.47326898575, 5.0232462883, 6.27124452591]

rhythm:
    beats_loudness:
        dmean: 0.00272034411319
        dmean2: 0.00503835082054
        dvar: 7.06158334651e-006
        dvar2: 2.21473146667e-005
        max: 0.0240406710654
        mean: 0.00522228656337
        median: 0.00498195923865
        min: 0
        var: 1.34784295369e-005
    bpm: 119.630844116
    bpm_confidence: 0
    first_peak_bpm: 120
    first_peak_spread: 0.400260746479
    first_peak_weight: 0.567200958729
    onset_rate: 2.50228190422
    second_peak_bpm: 112
    second_peak_spread: 0.606060624123
    second_peak_weight: 0.0160295926034
    beats_loudness_band_ratio:
        dmean: [0.110845535994, 0.0780686885118, 0.0484201349318, 0.0494897663593, 0.0814713388681, 0.104641936719]
        dmean2: [0.192872390151, 0.134868070483, 0.0841654390097, 0.0860570967197, 0.138988867402, 0.183454290032]
        dvar: [0.0107857463881, 0.00673802662641, 0.00290028657764, 0.00373329687864, 0.00746041024104, 0.00893514975905]
        dvar2: [0.0278648007661, 0.0181724373251, 0.00796709954739, 0.0116356071085, 0.0217440184206, 0.027118396014]
        max: [0.935625493526, 0.855735957623, 0.456391185522, 0.517765879631, 0.701717078686, 0.705422282219]
        mean: [0.246431663632, 0.1177534163, 0.0591883547604, 0.0646264180541, 0.221508145332, 0.32589161396]
        median: [0.18551799655, 0.0804506242275, 0.041698500514, 0.0470815300941, 0.211502492428, 0.353078365326]
        min: [0, 0, 0, 0, 0, 0]
        var: [0.0404947251081, 0.0145759982988, 0.00354506401345, 0.0038497345522, 0.0154748847708, 0.026720572263]
