
metadata:
    version:
        essentia: "2.1-beta2"
    audio_properties:
        analysis_sample_rate: 44100
        bitrate: 128
        channels: 2
        equal_loudness: 1
        length: 231.444900513
        replay_gain: -14.9894332886
        downmix: "mix"
    tags:
        album: ""
        artist: ""
        comment: ""
        date: "2012"
        genre: "Blues"
        title: ""
        tracknumber: "1"

configuration:
    average_loudness:
        compute: 1
        frameSize: 88200
        hopSize: 44100
        silentFrames: "noise"
        windowType: "hann"
    general:
        analysisSampleRate: 44100
        endTime: 2000
        equalLoudness: 1
        nequalLoudness: 0
        shortSound: 0
        startTime: 0
    lowlevel:
        compute: 1
        frameSize: 2048
        hopSize: 1024
        zeroPadding: 0
        silentFrames: "noise"
        windowType: "blackmanharris62"
        mfccStats: ["mean", "cov", "icov"]
        stats: ["mean", "var", "median", "min", "max", "dmean", "dmean2", "dvar", "dvar2"]
    panning:
        compute: 0
        frameSize: 8192
        hopSize: 2048
        zeroPadding: 8192
        silentFrames: "noise"
        windowType: "hann"
        stats: ["copy"]
    rhythm:
        compute: 1
        maxTempo: 208
        minTempo: 40
        method: "degara"
        stats: ["mean", "var", "median", "min", "max", "dmean", "dmean2", "dvar", "dvar2"]
    segmentation:
        compute: 0
        cpw: 5
        inc1: 300
        inc2: 50
        minimumSegmentsLength: 10
        size1: 1000
        size2: 600
    sfx:
        compute: 1
        stats: ["mean", "var", "median", "min", "max", "dmean", "dmean2", "dvar", "dvar2"]
    svm:
        compute: 0
    tonal:
        compute: 1
        frameSize: 4096
        hopSize: 2048
        zeroPadding: 0
        silentFrames: "noise"
        windowType: "blackmanharris62"
        stats: ["mean", "var", "median", "min", "max", "dmean", "dmean2", "dvar", "dvar2"]

lowlevel:
    average_loudness: 0.91283851862
    barkbands_kurtosis:
        dmean: 0.692393064499
        dmean2: 1.08702099323
        dvar: 1.43166613579
        dvar2: 3.25077486038
        max: 35.6168746948
        mean: -0.129362344742
        median: -0.846808254719
        min: -1.8841919899
        var: 5.42828655243
    barkbands_skewness:
        dmean: 0.325645029545
        dmean2: 0.49927431345
        dvar: 0.101489245892
        dvar2: 0.211936399341
        max: 4.6518330574
        mean: -0.0394389405847
        median: -0.217614471912
        min: -3.41182875633
        var: 0.823036372662
    barkbands_spread:
        dmean: 4.92707586288
        dmean2: 7.72151088715
        dvar: 25.1575870514
        dvar2: 59.0589561462
        max: 67.3422927856
        mean: 29.1503639221
        median: 29.359664917
        min: 1.58176720142
        var: 138.940567017
    dissonance:
        dmean: 0.0168147403747
        dmean2: 0.0286191161722
        dvar: 0.000396070798161
        dvar2: 0.00109309400432
        max: 0.500000119209
        mean: 0.47178375721
        median: 0.481913208961
        min: 0.182765692472
        var: 0.000895976379979
    hfc:
        dmean: 2.15305900574
        dmean2: 3.31313657761
        dvar: 7.03088855743
        dvar2: 15.5989580154
        max: 42.4453659058
        mean: 9.66391277313
        median: 9.46430015564
        min: 1.23103626033e-016
        var: 49.3371086121
    pitch:
        dmean: 591.086120605
        dmean2: 1135.24145508
        dvar: 1339158.5
        dvar2: 3381337.5
        max: 4571.49755859
        mean: 1256.73242188
        median: 385.311737061
        min: 65.4597320557
        var: 2315955
    pitch_instantaneous_confidence:
        dmean: 0.0817770883441
        dmean2: 0.129983484745
        dvar: 0.00523223308846
        dvar2: 0.0116302641109
        max: 0.958638131618
        mean: 0.434781312943
        median: 0.39110994339
        min: 0.117003083229
        var: 0.0309497807175
    pitch_salience:
        dmean: 0.0522240065038
        dmean2: 0.0844055041671
        dvar: 0.00199074507691
        dvar2: 0.00483083445579
        max: 0.867025732994
        mean: 0.64070546627
        median: 0.653800904751
        min: 0.215864896774
        var: 0.00891693588346
    silence_rate_20dB:
        dmean: 0
        dmean2: 0
        dvar: 0
        dvar2: 0
        max: 1
        mean: 1
        median: 1
        min: 1
        var: 0
    silence_rate_30dB:
        dmean: 0
        dmean2: 0
        dvar: 0
        dvar2: 0
        max: 1
        mean: 1
        median: 1
        min: 1
        var: 0
    silence_rate_60dB:
        dmean: 0.0477528087795
        dmean2: 0.0955151990056
        dvar: 0.0454760193825
        dvar2: 0.0962094441056
        max: 1
        mean: 0.309559643269
        median: 0
        min: 0
        var: 0.213730722666
    spectral_centroid:
        dmean: 218.102401733
        dmean2: 342.061920166
        dvar: 55947.0703125
        dvar2: 122418.164063
        max: 11710.8964844
        mean: 1804.44775391
        median: 1938.08959961
        min: 248.758651733
        var: 415005.1875
    spectral_complexity:
        dmean: 3.41573023796
        dmean2: 5.4531955719
        dvar: 14.050075531
        dvar2: 31.3691329956
        max: 48
        mean: 16.8882541656
        median: 18
        min: 0
        var: 111.200706482
    spectral_crest:
        dmean: 1.73557293415
        dmean2: 2.82685518265
        dvar: 2.64687609673
        dvar2: 6.32209634781
        max: 24.3228435516
        mean: 6.87769508362
        median: 5.93170547485
        min: 2.20187759399
        var: 9.93223953247
    spectral_decrease:
        dmean: 1.92662011345e-010
        dmean2: 3.01703800831e-010
        dvar: 5.19813932484e-020
        dvar2: 1.21640838184e-019
        max: -3.81703095036e-029
        mean: -1.00820229942e-009
        median: -1.00915542589e-009
        min: -2.95867330635e-009
        var: 3.72670405157e-019
    spectral_energy:
        dmean: 0.000893421121873
        dmean2: 0.00138990697451
        dvar: 1.1315194115e-006
        dvar2: 2.58988188762e-006
        max: 0.0150166293606
        mean: 0.00468174787238
        median: 0.00470370752737
        min: 1.1309916923e-020
        var: 8.44891474117e-006
    spectral_energyband_high:
        dmean: 0.000226701769861
        dmean2: 0.000362058985047
        dvar: 9.54824770361e-008
        dvar2: 2.23935046506e-007
        max: 0.00548049295321
        mean: 0.000660899444483
        median: 0.000561667256989
        min: 7.82109689706e-021
        var: 3.68794871974e-007
    spectral_energyband_low:
        dmean: 0.000175596680492
        dmean2: 0.000291074509732
        dvar: 5.94859628222e-008
        dvar2: 1.60423084594e-007
        max: 0.00277731264941
        mean: 0.000320766848745
        median: 0.000232149439398
        min: 6.21521166683e-023
        var: 1.0347195456e-007
    spectral_energyband_middle_high:
        dmean: 0.000645875814371
        dmean2: 0.00100083323196
        dvar: 5.72855640257e-007
        dvar2: 1.31140427584e-006
        max: 0.0117143206298
        mean: 0.00279023335315
        median: 0.0025299647823
        min: 1.8909536615e-021
        var: 4.47323691333e-006
    spectral_energyband_middle_low:
        dmean: 0.000360128644388
        dmean2: 0.000579010113142
        dvar: 2.38268484054e-007
        dvar2: 6.21591595973e-007
        max: 0.00701757660136
        mean: 0.00103777111508
        median: 0.000900712038856
        min: 2.91354100202e-022
        var: 5.49710250652e-007
    spectral_flatness_db:
        dmean: 0.0129470592365
        dmean2: 0.0194008480757
        dvar: 0.000145293597598
        dvar2: 0.000293105811579
        max: 0.351650267839
        mean: 0.147241219878
        median: 0.135405212641
        min: 0.0636891797185
        var: 0.00170162227005
    spectral_flux:
        dmean: 0.0071013928391
        dmean2: 0.0111652435735
        dvar: 6.06074536336e-005
        dvar2: 0.000143552999361
        max: 0.108615987003
        mean: 0.0400847606361
        median: 0.0425524897873
        min: 1.06348090056e-010
        var: 0.000354753050487
    spectral_kurtosis:
        dmean: 1.35398602486
        dmean2: 2.28882741928
        dvar: 4.08215427399
        dvar2: 11.4573011398
        max: 49.0688438416
        mean: 4.44394207001
        median: 3.3434817791
        min: -1.20837020874
        var: 15.5038051605
    spectral_rms:
        dmean: 0.000198480629479
        dmean2: 0.00030414169305
        dvar: 4.74006185414e-008
        dvar2: 1.02026895377e-007
        max: 0.0038275802508
        mean: 0.0019870235119
        median: 0.00214219116606
        min: 3.3217562815e-012
        var: 6.19283014203e-007
    spectral_rolloff:
        dmean: 290.403167725
        dmean2: 475.314025879
        dvar: 173987.890625
        dvar2: 335291.5
        max: 18992.2851563
        mean: 3322.02832031
        median: 3768.31054688
        min: 172.265625
        var: 1306958.75
    spectral_skewness:
        dmean: 0.175202175975
        dmean2: 0.287235796452
        dvar: 0.0381381995976
        dvar2: 0.098351098597
        max: 5.22631168365
        mean: 1.43445026875
        median: 1.27540767193
        min: -0.0848931074142
        var: 0.325921863317
    spectral_spread:
        dmean: 376554.65625
        dmean2: 544313.0625
        dvar: 387069018112
        dvar2: 601424986112
        max: 40494996
        mean: 4179942
        median: 4092042.75
        min: 1345153.375
        var: 1.54814526259e+012
    spectral_strongpeak:
        dmean: 0.554211318493
        dmean2: 0.927015483379
        dvar: 0.720061838627
        dvar2: 1.79803168774
        max: 10.2123317719
        mean: 0.978323161602
        median: 0.470586538315
        min: 0
        var: 1.53408050537
    zerocrossingrate:
        dmean: 0.00705813290551
        dmean2: 0.00834678299725
        dvar: 6.7013912485e-005
        dvar2: 7.70960396039e-005
        max: 0.4873046875
        mean: 0.100160352886
        median: 0.10888671875
        min: 0.0166015625
        var: 0.000955231720582
    barkbands:
        dmean: [6.63090645503e-007, 8.76799967955e-005, 9.56929434324e-005, 7.504743553e-005, 0.000162441225257, 0.000112335947051, 7.00263335602e-005, 7.88785764598e-005, 0.000100293655123, 0.000136704809847, 0.000157429036335, 0.000123244724819, 9.9279161077e-005, 8.64642715896e-005, 8.84466353455e-005, 0.00010092688899, 0.000132125831442, 0.000174765911652, 0.000213286271901, 0.000212307029869, 0.000117839721497, 2.19034518523e-005, 3.80667984246e-006, 1.68180156379e-006, 1.07235234736e-006, 2.48166269756e-008, 2.22101989578e-010]
        dmean2: [1.11449639917e-006, 0.000149211802636, 0.000160496143508, 0.000124068697914, 0.00027128533111, 0.000183265467058, 0.000116017217806, 0.000128969622892, 0.000163137170603, 0.000222078670049, 0.000247783580562, 0.000194285588805, 0.000160899609909, 0.000138047340442, 0.000138956325827, 0.000161673116963, 0.000215947016841, 0.000285264075501, 0.000353025563527, 0.000336825323757, 0.000192281018826, 3.6917248508e-005, 5.95033088757e-006, 2.60604906543e-006, 1.60188528753e-006, 3.76010405034e-008, 4.02556488144e-010]
        dvar: [1.27350614863e-012, 2.34515962205e-008, 1.81356121232e-008, 1.24709007565e-008, 1.13778284572e-007, 2.60512678096e-008, 1.36762015046e-008, 1.7395114682e-008, 2.94880422302e-008, 6.69806041742e-008, 1.14760197789e-007, 6.70714683793e-008, 4.11801082123e-008, 3.67708459237e-008, 3.63216869914e-008, 3.35900729453e-008, 7.34804217473e-008, 8.9216193544e-008, 6.9456440599e-008, 8.20608008212e-008, 3.12266941194e-008, 1.45931122741e-009, 5.31814557669e-011, 1.12812736583e-011, 1.05252317278e-011, 9.34070580079e-015, 1.15495041329e-019]
        dvar2: [3.66386738657e-012, 6.2711983162e-008, 4.96375562875e-008, 3.28224381008e-008, 3.03261970203e-007, 6.67550210665e-008, 3.49252644583e-008, 4.3381067627e-008, 7.46493782344e-008, 1.72032201817e-007, 2.7943127634e-007, 1.56333342716e-007, 1.04361340902e-007, 8.72026291177e-008, 8.08417581766e-008, 7.76773063649e-008, 1.81870461802e-007, 2.21083595875e-007, 1.81176503133e-007, 1.90314182191e-007, 7.63655805258e-008, 3.86955401055e-009, 1.19496496032e-010, 2.45728246778e-011, 2.00097213104e-011, 2.03052737114e-014, 3.45975089591e-019]
        max: [1.32898576339e-005, 0.00144170131534, 0.00163903390057, 0.00185440399218, 0.00600684108213, 0.0032574175857, 0.00214192410931, 0.00300099886954, 0.00353507581167, 0.00519936531782, 0.00602358113974, 0.00710652628914, 0.00543477106839, 0.00477488199249, 0.00609102891758, 0.0055687171407, 0.00859735347331, 0.00722704362124, 0.00407465500757, 0.00524330511689, 0.00381257850677, 0.00062346260529, 0.000147084443597, 6.25338143436e-005, 8.20282875793e-005, 3.95926326746e-006, 1.11479057097e-008]
        mean: [9.70970631897e-007, 0.00010829186067, 0.000139140087413, 0.000117298091936, 0.000238169057411, 0.000205638410989, 0.000109994667582, 0.000126970393467, 0.00016548417625, 0.000250062003033, 0.000285433372483, 0.000225493509788, 0.000181545779924, 0.000160253825015, 0.000159358489327, 0.000193713145563, 0.000254465005128, 0.000365860905731, 0.000520437140949, 0.000553635356482, 0.000263808673481, 4.22953926318e-005, 7.33003889763e-006, 3.80467713512e-006, 2.24263135351e-006, 4.76858410536e-008, 2.36947766963e-010]
        median: [5.96417407905e-007, 5.8070760133e-005, 8.69357027113e-005, 5.95546662225e-005, 0.000133393594297, 0.000127245482872, 6.03755870543e-005, 6.8733766966e-005, 9.1818466899e-005, 0.000102449048427, 7.25258432794e-005, 9.72953057499e-005, 7.09452360752e-005, 6.66448031552e-005, 7.06656719558e-005, 0.000129052379634, 0.000147056765854, 0.00024005479645, 0.000452259060694, 0.000456606619991, 0.000198989015189, 3.0376477298e-005, 3.17857666232e-006, 2.11284282159e-006, 1.13312603389e-006, 1.9767185222e-008, 1.23243318328e-010]
        min: [3.56240938882e-023, 1.81699768026e-023, 3.12161789636e-023, 7.83107427095e-024, 1.89866513657e-023, 9.94173504728e-023, 2.37625809467e-023, 3.9119101108e-023, 6.48245439123e-023, 7.58829096777e-023, 5.60191712032e-023, 1.69487308223e-022, 1.99089850117e-022, 4.23345865101e-023, 2.26576402006e-022, 2.1996695931e-022, 2.32016462539e-022, 3.20808878982e-022, 1.5980352943e-022, 3.79316231076e-022, 4.51169771779e-022, 6.03370095721e-022, 4.28703518069e-022, 1.0302387107e-021, 1.51876580475e-021, 1.55641766875e-021, 2.35590832952e-021]
        var: [1.53935089502e-012, 2.39952608894e-008, 2.65994479776e-008, 2.55656846804e-008, 1.21879395465e-007, 5.83131765097e-008, 2.27347136672e-008, 3.00540357046e-008, 5.00519803381e-008, 1.75045272499e-007, 3.04319627276e-007, 1.84636306244e-007, 1.15553575597e-007, 1.04502490217e-007, 8.85798883132e-008, 7.35142080543e-008, 1.86466451169e-007, 2.51337013424e-007, 2.09755285141e-007, 2.9892026987e-007, 7.93488368345e-008, 2.29014407438e-009, 1.23865362411e-010, 2.8888428108e-011, 2.17251876211e-011, 1.75546494116e-014, 1.20849691627e-019]
    frequency_bands:
        dmean: [6.63090645503e-007, 8.76799967955e-005, 9.56929434324e-005, 7.504743553e-005, 0.000162441225257, 0.000112335947051, 7.00263335602e-005, 7.88785764598e-005, 0.000100293655123, 0.000136704809847, 0.000157429036335, 0.000123244724819, 9.9279161077e-005, 8.64642715896e-005, 8.84466353455e-005, 0.00010092688899, 0.000132125831442, 0.000174765911652, 0.000213286271901, 0.000212307029869, 0.000117839721497, 2.19034518523e-005, 3.80667984246e-006, 1.68180156379e-006, 1.07235234736e-006, 2.48166269756e-008, 2.22101989578e-010, 5.59988652671e-011]
        dmean2: [1.11449639917e-006, 0.000149211802636, 0.000160496143508, 0.000124068697914, 0.00027128533111, 0.000183265467058, 0.000116017217806, 0.000128969622892, 0.000163137170603, 0.000222078670049, 0.000247783580562, 0.000194285588805, 0.000160899609909, 0.000138047340442, 0.000138956325827, 0.000161673116963, 0.000215947016841, 0.000285264075501, 0.000353025563527, 0.000336825323757, 0.000192281018826, 3.6917248508e-005, 5.95033088757e-006, 2.60604906543e-006, 1.60188528753e-006, 3.76010405034e-008, 4.02556488144e-010, 1.04119088351e-010]
        dvar: [1.27350614863e-012, 2.34515962205e-008, 1.81356121232e-008, 1.24709007565e-008, 1.13778284572e-007, 2.60512678096e-008, 1.36762015046e-008, 1.7395114682e-008, 2.94880422302e-008, 6.69806041742e-008, 1.14760197789e-007, 6.70714683793e-008, 4.11801082123e-008, 3.67708459237e-008, 3.63216869914e-008, 3.35900729453e-008, 7.34804217473e-008, 8.9216193544e-008, 6.9456440599e-008, 8.20608008212e-008, 3.12266941194e-008, 1.45931122741e-009, 5.31814557669e-011, 1.12812736583e-011, 1.05252317278e-011, 9.34070580079e-015, 1.15495041329e-019, 7.06946760124e-021]
        dvar2: [3.66386738657e-012, 6.2711983162e-008, 4.96375562875e-008, 3.28224381008e-008, 3.03261970203e-007, 6.67550210665e-008, 3.49252644583e-008, 4.3381067627e-008, 7.46493782344e-008, 1.72032201817e-007, 2.7943127634e-007, 1.56333342716e-007, 1.04361340902e-007, 8.72026291177e-008, 8.08417581766e-008, 7.76773063649e-008, 1.81870461802e-007, 2.21083595875e-007, 1.81176503133e-007, 1.90314182191e-007, 7.63655805258e-008, 3.86955401055e-009, 1.19496496032e-010, 2.45728246778e-011, 2.00097213104e-011, 2.03052737114e-014, 3.45975089591e-019, 2.24298779576e-020]
        max: [1.32898576339e-005, 0.00144170131534, 0.00163903390057, 0.00185440399218, 0.00600684108213, 0.0032574175857, 0.00214192410931, 0.00300099886954, 0.00353507581167, 0.00519936531782, 0.00602358113974, 0.00710652628914, 0.00543477106839, 0.00477488199249, 0.00609102891758, 0.0055687171407, 0.00859735347331, 0.00722704362124, 0.00407465500757, 0.00524330511689, 0.00381257850677, 0.00062346260529, 0.000147084443597, 6.25338143436e-005, 8.20282875793e-005, 3.95926326746e-006, 1.11479057097e-008, 9.24185394879e-010]
        mean: [9.70970631897e-007, 0.00010829186067, 0.000139140087413, 0.000117298091936, 0.000238169057411, 0.000205638410989, 0.000109994667582, 0.000126970393467, 0.00016548417625, 0.000250062003033, 0.000285433372483, 0.000225493509788, 0.000181545779924, 0.000160253825015, 0.000159358489327, 0.000193713145563, 0.000254465005128, 0.000365860905731, 0.000520437140949, 0.000553635356482, 0.000263808673481, 4.22953926318e-005, 7.33003889763e-006, 3.80467713512e-006, 2.24263135351e-006, 4.76858410536e-008, 2.36947766963e-010, 4.35445568492e-011]
        median: [5.96417407905e-007, 5.8070760133e-005, 8.69357027113e-005, 5.95546662225e-005, 0.000133393594297, 0.000127245482872, 6.03755870543e-005, 6.8733766966e-005, 9.1818466899e-005, 0.000102449048427, 7.25258432794e-005, 9.72953057499e-005, 7.09452360752e-005, 6.66448031552e-005, 7.06656719558e-005, 0.000129052379634, 0.000147056765854, 0.00024005479645, 0.000452259060694, 0.000456606619991, 0.000198989015189, 3.0376477298e-005, 3.17857666232e-006, 2.11284282159e-006, 1.13312603389e-006, 1.9767185222e-008, 1.23243318328e-010, 1.30464718889e-011]
        min: [3.56240938882e-023, 1.81699768026e-023, 3.12161789636e-023, 7.83107427095e-024, 1.89866513657e-023, 9.94173504728e-023, 2.37625809467e-023, 3.9119101108e-023, 6.48245439123e-023, 7.58829096777e-023, 5.60191712032e-023, 1.69487308223e-022, 1.99089850117e-022, 4.23345865101e-023, 2.26576402006e-022, 2.1996695931e-022, 2.32016462539e-022, 3.20808878982e-022, 1.5980352943e-022, 3.79316231076e-022, 4.51169771779e-022, 6.03370095721e-022, 4.28703518069e-022, 1.0302387107e-021, 1.51876580475e-021, 1.55641766875e-021, 2.35590832952e-021, 9.45092119062e-022]
        var: [1.53935089502e-012, 2.39952608894e-008, 2.65994479776e-008, 2.55656846804e-008, 1.21879395465e-007, 5.83131765097e-008, 2.27347136672e-008, 3.00540357046e-008, 5.00519803381e-008, 1.75045272499e-007, 3.04319627276e-007, 1.84636306244e-007, 1.15553575597e-007, 1.04502490217e-007, 8.85798883132e-008, 7.35142080543e-008, 1.86466451169e-007, 2.51337013424e-007, 2.09755285141e-007, 2.9892026987e-007, 7.93488368345e-008, 2.29014407438e-009, 1.23865362411e-010, 2.8888428108e-011, 2.17251876211e-011, 1.75546494116e-014, 1.20849691627e-019, 5.71134204859e-021]
    mfcc:
        mean: [-716.417480469, 109.629615784, -51.8847503662, 43.9792404175, -18.1117305756, -6.02799654007, 12.8224649429, -7.74178314209, -1.05392837524, -4.54513263702, -6.0952038765, -1.04476201534, -2.95058822632]
        cov: [[7546.61474609, -1433.32434082, -1130.34729004, 1034.35559082, -315.238006592, 443.600006104, 245.414550781, 273.778106689, 464.438995361, 148.54598999, 63.3130455017, -74.3003921509, -59.8221740723], [-1433.32434082, 742.700561523, 91.3196411133, -174.146148682, 40.7079429626, -105.656158447, 21.2161922455, -87.3300094604, -84.6764068604, -22.7718315125, -11.3612375259, 21.0075550079, 12.4225330353], [-1130.34729004, 91.3196411133, 479.60043335, -164.99571228, 86.1994171143, -32.4782600403, -126.746360779, -6.64746713638, -113.775672913, -20.8502941132, 0.766766667366, -7.91600704193, -3.02041888237], [1034.35559082, -174.146148682, -164.99571228, 459.348876953, 20.2681865692, 73.0151443481, 53.1662254333, 70.0080032349, 156.588287354, 45.1260986328, 30.8851299286, 23.4850597382, -20.7989463806], [-315.238006592, 40.7079429626, 86.1994171143, 20.2681865692, 134.457504272, -4.20465326309, -2.21102285385, -6.11526107788, 5.91089439392, 6.91678524017, 0.24797976017, 17.4217281342, -11.1038665771], [443.600006104, -105.656158447, -32.4782600403, 73.0151443481, -4.20465326309, 176.116104126, 50.4394226074, 45.041885376, 20.6469898224, 34.4656181335, 27.1538352966, -38.0619621277, -7.03374004364], [245.414550781, 21.2161922455, -126.746360779, 53.1662254333, -2.21102285385, 50.4394226074, 210.617675781, 12.80052948, 48.568397522, 31.6534690857, -2.3755068779, -2.8614821434, 3.10586023331], [273.778106689, -87.3300094604, -6.64746713638, 70.0080032349, -6.11526107788, 45.041885376, 12.80052948, 117.321128845, 52.2845802307, 8.42708683014, 7.69312953949, 0.509660720825, -0.525984883308], [464.438995361, -84.6764068604, -113.775672913, 156.588287354, 5.91089439392, 20.6469898224, 48.568397522, 52.2845802307, 148.842575073, 36.8057518005, 1.13631498814, 10.4369258881, -4.28539562225], [148.54598999, -22.7718315125, -20.8502941132, 45.1260986328, 6.91678524017, 34.4656181335, 31.6534690857, 8.42708683014, 36.8057518005, 80.5640335083, 23.1731739044, -8.49058628082, -9.66280078888], [63.3130455017, -11.3612375259, 0.766766667366, 30.8851299286, 0.24797976017, 27.1538352966, -2.3755068779, 7.69312953949, 1.13631498814, 23.1731739044, 83.895072937, 16.7226696014, -2.54992723465], [-74.3003921509, 21.0075550079, -7.91600704193, 23.4850597382, 17.4217281342, -38.0619621277, -2.8614821434, 0.509660720825, 10.4369258881, -8.49058628082, 16.7226696014, 82.4060592651, 17.627538681], [-59.8221740723, 12.4225330353, -3.02041888237, -20.7989463806, -11.1038665771, -7.03374004364, 3.10586023331, -0.525984883308, -4.28539562225, -9.66280078888, -2.54992723465, 17.627538681, 59.8330345154]]
        icov: [[0.000486179429572, 0.000603916298132, 0.000747912330553, -0.000554915575776, 0.000545472139493, -0.000426461017923, 8.06574025773e-005, -0.000157684728038, 7.48968450353e-005, -0.000120364646136, 7.91306010797e-005, 0.000124345373479, 0.000203751158551], [0.000603916298132, 0.00248641800135, 0.000780398258939, -0.000349802692654, 0.000216259053559, 0.000346436194377, -0.000600248691626, 0.000427529419539, 0.000520365778357, -0.000161805612152, -0.000146288613905, 0.000102739781141, 9.57864976954e-005], [0.000747912330553, 0.000780398258939, 0.00498940143734, -0.000155632413225, -0.00189562677406, -0.000417829025537, 0.0018811885966, -0.0019745118916, 0.00249338732101, -0.0010180445388, 5.80470441491e-006, 0.00085610995302, 2.98001086776e-005], [-0.000554915575776, -0.000349802692654, -0.000155632413225, 0.00466790935025, -0.00144142692443, -0.000639335892629, 0.00023402433726, -7.30937244953e-005, -0.00336369685829, 0.000349283393007, -0.000884945853613, -0.00129727763124, 0.00093711813679], [0.000545472139493, 0.000216259053559, -0.00189562677406, -0.00144142692443, 0.0107737649232, -0.00135579402559, -0.000696767005138, 0.00152660615277, -0.00168650213163, -0.000439555558842, 0.00120813958347, -0.00288442173041, 0.00250282371417], [-0.000426461017923, 0.000346436194377, -0.000417829025537, -0.000639335892629, -0.00135579402559, 0.00996876694262, -0.00206779665314, -0.00277713523246, 0.00226430944167, -0.00173253042158, -0.00300295208581, 0.00495884660631, -0.0014449787559], [8.06574025773e-005, -0.000600248691626, 0.0018811885966, 0.00023402433726, -0.000696767005138, -0.00206779665314, 0.00674288300797, -0.000264809787041, -0.000752235297114, -0.00175194861367, 0.00121138407849, -0.000457741436549, -0.000493478321005], [-0.000157684728038, 0.000427529419539, -0.0019745118916, -7.30937244953e-005, 0.00152660615277, -0.00277713523246, -0.000264809787041, 0.0124613242224, -0.00509372679517, 0.00209012557752, -0.000303736858768, -0.00119391421322, 2.0146735551e-005], [7.48968450353e-005, 0.000520365778357, 0.00249338732101, -0.00336369685829, -0.00168650213163, 0.00226430944167, -0.000752235297114, -0.00509372679517, 0.0152701521292, -0.00517203984782, 0.00219096522778, -0.000218190631131, -0.000713014916983], [-0.000120364646136, -0.000161805612152, -0.0010180445388, 0.000349283393007, -0.000439555558842, -0.00173253042158, -0.00175194861367, 0.00209012557752, -0.00517203984782, 0.0175383612514, -0.00487812934443, 0.00209757057019, 0.00144342810381], [7.91306010797e-005, -0.000146288613905, 5.80470441491e-006, -0.000884945853613, 0.00120813958347, -0.00300295208581, 0.00121138407849, -0.000303736858768, 0.00219096522778, -0.00487812934443, 0.0156402699649, -0.00545882340521, 0.00125170731917], [0.000124345373479, 0.000102739781141, 0.00085610995302, -0.00129727763124, -0.00288442173041, 0.00495884660631, -0.000457741436549, -0.00119391421322, -0.000218190631131, 0.00209757057019, -0.00545882340521, 0.0180888995528, -0.005482559558], [0.000203751158551, 9.57864976954e-005, 2.98001086776e-005, 0.00093711813679, 0.00250282371417, -0.0014449787559, -0.000493478321005, 2.0146735551e-005, -0.000713014916983, 0.00144342810381, 0.00125170731917, -0.005482559558, 0.0193952806294]]
    sccoeffs:
        dmean: [0.0466190762818, 0.0442217998207, 0.038742210716, 0.0299445800483, 0.0224640052766, 0.018327312544]
        dmean2: [0.0774543881416, 0.074034884572, 0.062980607152, 0.0483677983284, 0.0353345833719, 0.0296298246831]
        dvar: [0.00144271645695, 0.00122941937298, 0.000945413543377, 0.000576145888772, 0.000378915545298, 0.000262206391199]
        dvar2: [0.00397082185373, 0.00336795812473, 0.00241753342561, 0.00138800754212, 0.000804817595053, 0.000644798215944]
        max: [-0.407679289579, -0.467039734125, -0.513293504715, -0.53695499897, -0.547873139381, -0.606022536755]
        mean: [-0.70352011919, -0.763481616974, -0.761469841003, -0.775868535042, -0.786587059498, -0.750964820385]
        median: [-0.708787858486, -0.766579091549, -0.771385133266, -0.785705864429, -0.795896828175, -0.74805021286]
        min: [-0.962917268276, -0.94839733839, -0.955666184425, -0.960315287113, -0.956356108189, -0.962175309658]
        var: [0.00373765476979, 0.00327814812772, 0.00476264767349, 0.0032823451329, 0.00235140393488, 0.00149573292583]
    scvalleys:
        dmean: [0.351417511702, 0.32959574461, 0.286942005157, 0.250550419092, 0.223980084062, 0.251645117998]
        dmean2: [0.576961219311, 0.552124261856, 0.468803942204, 0.394098609686, 0.332307904959, 0.365899175406]
        dvar: [0.0989369228482, 0.0868458449841, 0.0694633424282, 0.0642662197351, 0.0749085322022, 0.122514419258]
        dvar2: [0.237110778689, 0.20725774765, 0.144882783294, 0.118293516338, 0.117718987167, 0.2319367975]
        max: [-5.24596786499, -5.10071659088, -5.33087301254, -5.77549505234, -5.74572610855, -7.94660997391]
        mean: [-6.8639330864, -6.61345863342, -6.84412002563, -7.291015625, -7.15446472168, -9.97982215881]
        median: [-6.61318254471, -6.50880098343, -6.595952034, -6.93258714676, -6.60439538956, -9.55217075348]
        min: [-27.1313915253, -27.5221672058, -27.6252746582, -27.3072719574, -27.4805774689, -27.2164974213]
        var: [0.872376143932, 0.515599310398, 0.766750872135, 1.05191421509, 1.58325147629, 1.72050094604]

rhythm:
    beats_loudness:
        dmean: 0.00204290053807
        dmean2: 0.00374646880664
        dvar: 2.92982554129e-006
        dvar2: 9.14277461561e-006
        max: 0.0147281717509
        mean: 0.00567370746285
        median: 0.00599245075136
        min: 7.36592141948e-007
        var: 9.00566556084e-006
    bpm: 128.099716187
    bpm_confidence: 0
    first_peak_bpm: 129
    first_peak_spread: 0.398678421974
    first_peak_weight: 0.557142853737
    onset_rate: 2.67450261116
    second_peak_bpm: 123
    second_peak_spread: 0.312499970198
    second_peak_weight: 0.0448979586363
    beats_loudness_band_ratio:
        dmean: [0.0799522399902, 0.130602762103, 0.0712817236781, 0.119691669941, 0.0833260864019, 0.0830494388938]
        dmean2: [0.143281906843, 0.244200304151, 0.125524908304, 0.208819180727, 0.142780840397, 0.138827323914]
        dvar: [0.00584688317031, 0.0125199137256, 0.0087227653712, 0.0171509552747, 0.00585595844314, 0.00469042221084]
        dvar2: [0.0195311680436, 0.0367738120258, 0.0259776245803, 0.0487526543438, 0.0156025867909, 0.0142274163663]
        max: [0.578926801682, 0.848368406296, 0.759923100471, 0.848056435585, 0.664707243443, 0.571766376495]
        mean: [0.110365331173, 0.14827132225, 0.120878867805, 0.195516511798, 0.21474686265, 0.248439520597]
        median: [0.0823832377791, 0.111002512276, 0.0854000151157, 0.145289346576, 0.205518275499, 0.264404416084]
        min: [0.00340456003323, 0.00379573344253, 0.0170227140188, 0.0190225727856, 0.00402269884944, 0.00145769596566]
        var: [0.0090772267431, 0.018194258213, 0.0145691893995, 0.0229813866317, 0.0130317630246, 0.0139594664797]
    beats_position: [0.476009070873, 0.975238084793, 1.47446703911, 1.9620860815, 2.43809509277, 2.91410422325, 3.39011335373, 3.85451245308, 4.33052158356, 4.79492044449, 5.25931978226, 5.73532867432, 6.19972801208, 6.67573690414, 7.1517457962, 7.61614513397, 8.08054447174, 8.54494285583, 9.0093421936, 9.47374153137, 9.93814086914, 10.4025392532, 10.8785486221, 11.354557991, 11.8189563751, 12.294965744, 12.7593650818, 13.2237634659, 13.6997728348, 14.1757822037, 14.6401815414, 15.1161899567, 15.5805892944, 16.0449886322, 16.50938797, 16.9853973389, 17.4614048004, 17.9258041382, 18.390203476, 18.8546028137, 19.3306121826, 19.7950115204, 20.2594108582, 20.7238082886, 21.1998176575, 21.6758270264, 22.1402263641, 22.616235733, 23.0806350708, 23.5450344086, 24.009431839, 24.4738311768, 24.9498405457, 25.4258499146, 25.8902492523, 26.3546485901, 26.830657959, 27.2950553894, 27.7710647583, 28.2354640961, 28.6998634338, 29.1758728027, 29.6518821716, 30.1162815094, 30.5806789398, 31.0450782776, 31.5094776154, 31.9738769531, 32.449886322, 32.9142837524, 33.3902931213, 33.8663024902, 34.3307037354, 34.8067131042, 35.2711105347, 35.7355079651, 36.1999092102, 36.6759185791, 37.151927948, 37.6163253784, 38.0807266235, 38.545124054, 39.0095214844, 39.4855308533, 39.9615402222, 40.4259414673, 40.8903388977, 41.3547401428, 41.8191375732, 42.2951469421, 42.771156311, 43.2355537415, 43.6999549866, 44.1759643555, 44.6519737244, 45.1163711548, 45.5807685852, 46.0451698303, 46.5095672607, 46.9855766296, 47.4615859985, 47.9259872437, 48.3903846741, 48.8547821045, 49.3191833496, 49.7951927185, 50.2712020874, 50.7355995178, 51.2000007629, 51.6643981934, 52.1404075623, 52.6164169312, 53.0808143616, 53.5452156067, 54.0096130371, 54.485622406, 54.9616317749, 55.4260292053, 55.8904304504, 56.3548278809, 56.8308372498, 57.3068466187, 57.7712478638, 58.2356452942, 58.7000427246, 59.1760520935, 59.6520614624, 60.1164627075, 60.5808601379, 61.0452613831, 61.5096588135, 61.9740562439, 62.4500656128, 62.9260749817, 63.3904762268, 63.8548736572, 64.3308868408, 64.806892395, 65.2828979492, 65.7589111328, 66.2233123779, 66.6877059937, 67.1521072388, 67.6165084839, 68.0809020996, 68.5569152832, 69.0329208374, 69.4973220825, 69.9617233276, 70.4261245728, 70.8905181885, 71.3665313721, 71.8425369263, 72.3069381714, 72.7713394165, 73.2357330322, 73.7117462158, 74.1761474609, 74.6521530151, 75.1165542603, 75.580947876, 76.0569610596, 76.5329666138, 77.0205917358, 77.4849853516, 77.9609985352, 78.4253921509, 78.9014053345, 79.3541946411, 79.8069839478, 80.2713851929, 80.7357788086, 81.2117919922, 81.6994094849, 82.16381073, 82.6398162842, 83.1042175293, 83.5686187744, 84.0330123901, 84.4974136353, 84.9618148804, 85.4262084961, 85.8906097412, 86.3550109863, 86.8194122314, 87.2954177856, 87.7714233398, 88.235824585, 88.7002258301, 89.1646270752, 89.6290206909, 90.1050338745, 90.5810394287, 91.0454406738, 91.5098419189, 91.9742355347, 92.4386367798, 92.9146499634, 93.3906555176, 93.8550567627, 94.3194503784, 94.795463562, 95.2714691162, 95.7358703613, 96.2002716064, 96.6646728516, 97.1406784058, 97.61668396, 98.0810852051, 98.5454864502, 99.0098876953, 99.4858932495, 99.9502944946, 100.41469574, 100.890701294, 101.355102539, 101.819496155, 102.295509338, 102.771514893, 103.235916138, 103.700317383, 104.176322937, 104.652336121, 105.116729736, 105.581130981, 106.045532227, 106.509933472, 106.974327087, 107.450340271, 107.926345825, 108.39074707, 108.866752625, 109.33115387, 109.807167053, 110.271560669, 110.735961914, 111.200363159, 111.676368713, 112.152381897, 112.616775513, 113.081176758, 113.545578003, 114.021583557, 114.497596741, 114.961990356, 115.426391602, 115.890792847, 116.366798401, 116.842811584, 117.3072052, 117.771606445, 118.23600769, 118.700408936, 119.17641449, 119.652427673, 120.116821289, 120.581222534, 121.057228088, 121.533241272, 122.020858765, 122.496871948, 122.961265564, 123.425666809, 123.901672363, 124.342857361, 124.807250977, 125.271652222, 125.736053467, 126.200454712, 126.676460266, 127.15246582, 127.628479004, 128.081268311, 128.545669556, 129.010070801, 129.486068726, 129.962081909, 130.426483154, 130.890884399, 131.366897583, 131.842895508, 132.307296753, 132.771697998, 133.236099243, 133.700500488, 134.164901733, 134.640899658, 135.116912842, 135.581314087, 136.045715332, 136.521713257, 137.009338379, 137.485351563, 137.949752808, 138.414154053, 138.890151978, 139.342941284, 139.807342529, 140.271743774, 140.73614502, 141.223754883, 141.699768066, 142.164169312, 142.640182495, 143.092971802, 143.545761108, 144.010162354, 144.47454834, 144.950561523, 145.414962769, 145.890975952, 146.355377197, 146.819763184, 147.295776367, 147.760177612, 148.224578857, 148.700592041, 149.164993286, 149.629379272, 150.105392456, 150.58140564, 151.045806885, 151.51020813, 151.974594116, 152.4506073, 152.915008545, 153.391021729, 153.855422974, 154.331420898, 154.795822144, 155.271835327, 155.736236572, 156.200637817, 156.665023804, 157.152648926, 157.617050171, 158.081451416, 158.545852661, 159.021850586, 159.486251831, 159.962265015, 160.42666626, 160.891067505, 161.35546875, 161.831466675, 162.29586792, 162.771881104, 163.236282349, 163.700683594, 164.16506958, 164.641082764, 165.117095947, 165.581497192, 166.045898438, 166.510284424, 166.974685669, 167.462310791, 167.926712036, 168.391113281, 168.855514526, 169.331512451, 169.795913696, 170.27192688, 170.736328125, 171.21232605, 171.688339233, 172.175964355, 172.640365601, 173.116363525, 173.592376709, 174.056777954, 174.521179199, 174.973968506, 175.426757813, 175.891159058, 176.343948364, 176.808334351, 177.284347534, 177.748748779, 178.224761963, 178.700775146, 179.165161133, 179.629562378, 180.105575562, 180.569976807, 181.04598999, 181.521987915, 181.998001099, 182.462402344, 182.950012207, 183.426025391, 183.913650513, 184.412872314, 184.900497437, 185.399719238, 185.898956299, 186.398178101, 186.874191284, 187.385025024, 187.895874023, 188.406707764, 188.905944824, 189.393554688, 189.88117981, 190.368789673, 190.856414795, 191.355636597, 191.83164978, 192.296051025, 192.772064209, 193.236465454, 193.712463379, 194.176864624, 194.652877808, 195.117279053, 195.581680298, 196.046066284, 196.510467529, 196.998092651, 197.462493896, 197.926895142, 198.391296387, 198.867294312, 199.320083618, 199.784484863, 200.260498047, 200.73651123, 201.200897217, 201.6769104, 202.141311646, 202.617324829, 203.081726074, 203.557723999, 204.033737183, 204.498138428, 204.962539673, 205.426940918, 205.891326904, 206.355728149, 206.820129395, 207.28453064, 207.772155762, 208.236557007, 208.700942993, 209.165344238, 209.629745483, 210.094146729, 210.570159912, 211.046157837, 211.522171021, 211.998184204, 212.462585449, 212.926986694, 213.391372681, 213.878997803, 214.343399048, 214.807800293, 215.272201538, 215.724990845, 216.20098877, 216.677001953, 217.153015137, 217.617416382, 218.081817627, 218.546203613, 219.010604858, 219.475006104, 219.951019287, 220.427032471, 220.891418457, 221.355819702, 221.820220947, 222.296234131, 222.772247314, 223.248245239, 223.712646484, 224.188659668, 224.653060913, 225.117462158, 225.581848145, 226.04624939, 226.510650635, 226.97505188, 227.451065063, 227.915466309, 228.391464233, 228.879089355, 229.366714478, 229.854324341, 230.353561401, 230.852783203]
