
metadata:
    version:
        essentia: "2.1-beta2"
    audio_properties:
        analysis_sample_rate: 44100
        bitrate: 128
        channels: 2
        equal_loudness: 1
        length: 254.928985596
        replay_gain: -14.4786605835
        downmix: "mix"
    tags:
        album: ""
        artist: ""
        comment: ""
        date: "2012"
        genre: "Blues"
        title: ""
        tracknumber: "1"

configuration:
    average_loudness:
        compute: 1
        frameSize: 88200
        hopSize: 44100
        silentFrames: "noise"
        windowType: "hann"
    general:
        analysisSampleRate: 44100
        endTime: 2000
        equalLoudness: 1
        nequalLoudness: 0
        shortSound: 0
        startTime: 0
    lowlevel:
        compute: 1
        frameSize: 2048
        hopSize: 1024
        zeroPadding: 0
        silentFrames: "noise"
        windowType: "blackmanharris62"
        mfccStats: ["mean", "cov", "icov"]
        stats: ["mean", "var", "median", "min", "max", "dmean", "dmean2", "dvar", "dvar2"]
    panning:
        compute: 0
        frameSize: 8192
        hopSize: 2048
        zeroPadding: 8192
        silentFrames: "noise"
        windowType: "hann"
        stats: ["copy"]
    rhythm:
        compute: 1
        maxTempo: 208
        minTempo: 40
        method: "degara"
        stats: ["mean", "var", "median", "min", "max", "dmean", "dmean2", "dvar", "dvar2"]
    segmentation:
        compute: 0
        cpw: 5
        inc1: 300
        inc2: 50
        minimumSegmentsLength: 10
        size1: 1000
        size2: 600
    sfx:
        compute: 1
        stats: ["mean", "var", "median", "min", "max", "dmean", "dmean2", "dvar", "dvar2"]
    svm:
        compute: 0
    tonal:
        compute: 1
        frameSize: 4096
        hopSize: 2048
        zeroPadding: 0
        silentFrames: "noise"
        windowType: "blackmanharris62"
        stats: ["mean", "var", "median", "min", "max", "dmean", "dmean2", "dvar", "dvar2"]

lowlevel:
    average_loudness: 0.83935457468
    barkbands_kurtosis:
        dmean: 0.610083162785
        dmean2: 0.976146161556
        dvar: 1.12234127522
        dvar2: 2.68572378159
        max: 44.3394203186
        mean: -0.392543405294
        median: -0.813649892807
        min: -1.84744679928
        var: 3.1723845005
    barkbands_skewness:
        dmean: 0.3165371418
        dmean2: 0.491729408503
        dvar: 0.094496242702
        dvar2: 0.216389581561
        max: 6.44519329071
        mean: -0.124945677817
        median: -0.186664655805
        min: -4.03593730927
        var: 0.617085278034
    barkbands_spread:
        dmean: 5.14909410477
        dmean2: 8.12652111053
        dvar: 24.0404529572
        dvar2: 58.7863502502
        max: 73.8129959106
        mean: 29.4306869507
        median: 28.1771087646
        min: 2.42657017708
        var: 101.859367371
    dissonance:
        dmean: 0.0161613933742
        dmean2: 0.027761682868
        dvar: 0.000276542501524
        dvar2: 0.000767587916926
        max: 0.500000059605
        mean: 0.474497526884
        median: 0.481172829866
        min: 0.302766680717
        var: 0.000520625209901
    hfc:
        dmean: 2.03386163712
        dmean2: 3.26486635208
        dvar: 7.00908708572
        dvar2: 17.6642856598
        max: 40.2340736389
        mean: 9.09748935699
        median: 9.13440227509
        min: 1.22664267397e-016
        var: 47.5891418457
    pitch:
        dmean: 494.876495361
        dmean2: 947.922729492
        dvar: 1108906.25
        dvar2: 2946686.75
        max: 4901.20458984
        mean: 1048.32495117
        median: 403.19128418
        min: 61.2911148071
        var: 1858784.25
    pitch_instantaneous_confidence:
        dmean: 0.0815431326628
        dmean2: 0.12840488553
        dvar: 0.00573175307363
        dvar2: 0.0123293306679
        max: 0.986904799938
        mean: 0.452044248581
        median: 0.406471133232
        min: 0.101835846901
        var: 0.0398304797709
    pitch_salience:
        dmean: 0.054233815521
        dmean2: 0.0881770551205
        dvar: 0.00226159440354
        dvar2: 0.00581927830353
        max: 0.857940137386
        mean: 0.63945800066
        median: 0.64796102047
        min: 0.181386232376
        var: 0.00798518769443
    silence_rate_20dB:
        dmean: 0
        dmean2: 0
        dvar: 0
        dvar2: 0
        max: 1
        mean: 1
        median: 1
        min: 1
        var: 0
    silence_rate_30dB:
        dmean: 0
        dmean2: 0
        dvar: 0
        dvar2: 0
        max: 1
        mean: 1
        median: 1
        min: 1
        var: 0
    silence_rate_60dB:
        dmean: 0.0477274805307
        dmean2: 0.095463655889
        dvar: 0.0454556047916
        dvar2: 0.0974613055587
        max: 1
        mean: 0.347814202309
        median: 0
        min: 0
        var: 0.22684662044
    spectral_centroid:
        dmean: 235.37979126
        dmean2: 370.412811279
        dvar: 67178.9765625
        dvar2: 149205.734375
        max: 10689.9121094
        mean: 1862.76574707
        median: 1890.04602051
        min: 299.699005127
        var: 325114.6875
    spectral_complexity:
        dmean: 3.27953362465
        dmean2: 5.20258712769
        dvar: 14.6765213013
        dvar2: 32.3615341187
        max: 49
        mean: 15.4640254974
        median: 15.5
        min: 0
        var: 119.442352295
    spectral_crest:
        dmean: 1.80219662189
        dmean2: 2.9621527195
        dvar: 2.92777609825
        dvar2: 7.46776628494
        max: 25.2408599854
        mean: 6.81565141678
        median: 5.93768310547
        min: 2.09348011017
        var: 9.46326541901
    spectral_decrease:
        dmean: 1.91851895481e-010
        dmean2: 3.09885589411e-010
        dvar: 5.60498810912e-020
        dvar2: 1.4209797116e-019
        max: 1.69497588611e-029
        mean: -9.85464043701e-010
        median: -1.01119257412e-009
        min: -3.46933326512e-009
        var: 4.35363871348e-019
    spectral_energy:
        dmean: 0.000881305197254
        dmean2: 0.00142373354174
        dvar: 1.19845992685e-006
        dvar2: 3.00853639601e-006
        max: 0.0156538970768
        mean: 0.00454451842234
        median: 0.00468172924593
        min: 1.10620325423e-020
        var: 9.46999898588e-006
    spectral_energyband_high:
        dmean: 0.000211905600736
        dmean2: 0.000348103290889
        dvar: 8.83364990045e-008
        dvar2: 2.32994906924e-007
        max: 0.00442735990509
        mean: 0.000598150247242
        median: 0.0005018163356
        min: 8.0708989797e-021
        var: 3.16944294809e-007
    spectral_energyband_low:
        dmean: 0.000172146508703
        dmean2: 0.000280578562524
        dvar: 6.76077789308e-008
        dvar2: 1.79100609898e-007
        max: 0.00452894112095
        mean: 0.000326814275468
        median: 0.000218709305045
        min: 9.60129739047e-023
        var: 1.40886868394e-007
    spectral_energyband_middle_high:
        dmean: 0.000631113478448
        dmean2: 0.00100045383442
        dvar: 5.47959473352e-007
        dvar2: 1.35183961447e-006
        max: 0.0118691604584
        mean: 0.0027691044379
        median: 0.00259292451665
        min: 1.5214910983e-021
        var: 4.703961622e-006
    spectral_energyband_middle_low:
        dmean: 0.000349989888491
        dmean2: 0.000570221163798
        dvar: 2.67247088459e-007
        dvar2: 7.13585734502e-007
        max: 0.00697406474501
        mean: 0.000966276274994
        median: 0.000790360500105
        min: 4.46710852263e-022
        var: 6.54816346923e-007
    spectral_flatness_db:
        dmean: 0.0130438925698
        dmean2: 0.0198107082397
        dvar: 0.000139256429975
        dvar2: 0.000292338110739
        max: 0.381139785051
        mean: 0.138720020652
        median: 0.131721943617
        min: 0.0477721355855
        var: 0.00126914808061
    spectral_flux:
        dmean: 0.00691069895402
        dmean2: 0.0107447607443
        dvar: 6.0677240981e-005
        dvar2: 0.000139432595461
        max: 0.0986201837659
        mean: 0.0374424271286
        median: 0.0401920229197
        min: 1.05176194143e-010
        var: 0.00035983719863
    spectral_kurtosis:
        dmean: 0.924338877201
        dmean2: 1.55962634087
        dvar: 0.925858020782
        dvar2: 2.58151483536
        max: 22.8941001892
        mean: 3.37367129326
        median: 3.17675328255
        min: -1.44222772121
        var: 2.79163384438
    spectral_rms:
        dmean: 0.000195413114852
        dmean2: 0.000309181312332
        dvar: 4.8060016411e-008
        dvar2: 1.11013633841e-007
        max: 0.00390795292333
        mean: 0.00191487674601
        median: 0.00213718065061
        min: 3.28515253195e-012
        var: 7.66952894082e-007
    spectral_rolloff:
        dmean: 373.090820313
        dmean2: 613.444152832
        dvar: 237148.796875
        dvar2: 508111.8125
        max: 18540.0878906
        mean: 3471.69775391
        median: 3660.64453125
        min: 236.865234375
        var: 812986.3125
    spectral_skewness:
        dmean: 0.150242090225
        dmean2: 0.246057406068
        dvar: 0.0224941037595
        dvar2: 0.0551992617548
        max: 3.76609253883
        mean: 1.33655357361
        median: 1.29925012589
        min: -0.466105997562
        var: 0.104277856648
    spectral_spread:
        dmean: 382602.0625
        dmean2: 543088
        dvar: 359848411136
        dvar2: 521952854016
        max: 41023020
        mean: 4633416
        median: 4416299.5
        min: 2164044
        var: 1.69196113101e+012
    spectral_strongpeak:
        dmean: 0.537093937397
        dmean2: 0.899629950523
        dvar: 0.605221688747
        dvar2: 1.48031449318
        max: 10.2882957458
        mean: 1.06477451324
        median: 0.567309916019
        min: 1.10073994364e-009
        var: 1.59738194942
    zerocrossingrate:
        dmean: 0.00760756339878
        dmean2: 0.00920987036079
        dvar: 6.76963682054e-005
        dvar2: 7.94243751443e-005
        max: 0.4921875
        mean: 0.103834874928
        median: 0.10595703125
        min: 0.021484375
        var: 0.000658704258967
    barkbands:
        dmean: [9.62305080066e-007, 8.84531982592e-005, 9.69019311015e-005, 7.43870332371e-005, 0.000154130961164, 7.40195246181e-005, 7.08029911038e-005, 9.28661975195e-005, 8.10039273347e-005, 0.000151942353114, 0.000173818945768, 0.000141809956403, 6.23872983851e-005, 7.53485583118e-005, 0.00010127954738, 0.000107637337351, 0.000127326275106, 0.000149545856402, 0.000185876953765, 0.000181296767551, 0.000113079833682, 2.52320969594e-005, 4.28772409578e-006, 1.89448280707e-006, 1.0982691947e-006, 2.88796027093e-008, 2.31561672615e-010]
        dmean2: [1.62501066825e-006, 0.000147617902257, 0.000160887982929, 0.000124528960441, 0.000258724758169, 0.000122312849271, 0.000117788906209, 0.000152638123836, 0.000131345514092, 0.000246472423896, 0.000277230952634, 0.000227956639719, 9.99789481284e-005, 0.000119654898299, 0.000161886244314, 0.000168941274751, 0.000205236996408, 0.000243928283453, 0.000303048436763, 0.000295457954053, 0.000190186532564, 4.31828993896e-005, 6.83215512254e-006, 3.00224792227e-006, 1.63649986007e-006, 4.3839598618e-008, 4.08070466307e-010]
        dvar: [2.86033501572e-012, 2.26749428123e-008, 2.57759023015e-008, 1.92980831315e-008, 1.08974113289e-007, 1.38660469773e-008, 1.32409931908e-008, 2.59557690896e-008, 2.33445227593e-008, 8.92539802066e-008, 1.22254519397e-007, 7.89971750237e-008, 1.42518743473e-008, 2.92449300332e-008, 3.87600991303e-008, 4.2698768965e-008, 7.65911423173e-008, 5.26483923124e-008, 6.13562178842e-008, 5.9321223489e-008, 3.29074154592e-008, 2.16384443696e-009, 5.15115033961e-011, 1.46607205542e-011, 5.92718712653e-012, 8.28341725317e-015, 1.24556636918e-019]
        dvar2: [7.73315179253e-012, 5.95290181593e-008, 6.95015884844e-008, 5.25470440493e-008, 2.91349351755e-007, 3.63814436355e-008, 3.41605357335e-008, 6.91732324754e-008, 5.69924623051e-008, 2.25302940748e-007, 3.04287397057e-007, 1.97821364623e-007, 3.34309291361e-008, 6.94850186278e-008, 9.4686136265e-008, 9.46980023286e-008, 1.82848197028e-007, 1.28748482098e-007, 1.63487868576e-007, 1.50313383074e-007, 8.74425154507e-008, 5.84983261831e-009, 1.21145024568e-010, 3.33546038012e-011, 1.29012581868e-011, 1.81741998024e-014, 3.6164625894e-019]
        max: [2.13969797187e-005, 0.00152337178588, 0.00299761327915, 0.00446908921003, 0.00528825353831, 0.0024748572614, 0.00217509106733, 0.00276014278643, 0.00514099374413, 0.00603497959673, 0.00652264850214, 0.0068369563669, 0.00304824742489, 0.00420368649065, 0.0037556074094, 0.00421665376052, 0.00859890412539, 0.00607073912397, 0.00771309435368, 0.00446330290288, 0.00272775324993, 0.000654829025734, 0.000108756692498, 0.000125400620163, 9.32019829634e-005, 2.95978634313e-006, 8.99555896439e-009]
        mean: [1.19669277865e-006, 0.000116282179079, 0.00014943612041, 0.000109779153718, 0.000224306495511, 0.000132822242449, 0.000115612667287, 0.000152278429596, 0.000137068855111, 0.000294183468213, 0.000315906567266, 0.000277846702375, 0.000116467163025, 0.000146720529301, 0.000217935623368, 0.000214833984501, 0.000257983134361, 0.000331176648615, 0.000462794036139, 0.000460678536911, 0.000246639596298, 4.73802974739e-005, 8.47306364449e-006, 4.35592210124e-006, 2.3131517537e-006, 5.42257438951e-008, 2.65737154503e-010]
        median: [5.66615824482e-007, 5.47864910914e-005, 8.52766534081e-005, 5.71263954043e-005, 0.000113336231152, 8.44491587486e-005, 6.64826511638e-005, 7.70263868617e-005, 6.75079863868e-005, 0.000100305769593, 8.62497981871e-005, 9.33883129619e-005, 5.22899936186e-005, 5.1200913731e-005, 7.82862116466e-005, 0.000109927379526, 0.000147385871969, 0.000226302072406, 0.000353229901521, 0.000384892977308, 0.000166619895026, 2.9589409678e-005, 4.19647449235e-006, 2.44669899985e-006, 1.3444190472e-006, 2.58547565579e-008, 1.33681871128e-010]
        min: [1.52273568099e-023, 6.15473127895e-023, 1.6955809429e-023, 1.75763984145e-023, 5.63109298313e-023, 4.96255166752e-023, 9.49910834881e-023, 5.34186565192e-023, 1.21544482346e-022, 1.89955825333e-022, 4.48154278393e-023, 6.20756539585e-023, 1.08728875271e-022, 7.87423032672e-023, 1.25687428359e-022, 1.10710039481e-022, 1.489070253e-022, 1.71807291347e-022, 1.78012433362e-022, 5.49075311347e-022, 4.25265043777e-022, 5.17074064322e-022, 5.00382625848e-022, 8.19688933065e-022, 1.30170379733e-021, 1.96255002092e-021, 2.55864452193e-021]
        var: [3.14150897136e-012, 2.82300298693e-008, 4.33316564852e-008, 3.17945598738e-008, 1.30093980033e-007, 2.60844323918e-008, 2.38632278382e-008, 4.79943302878e-008, 5.5460528614e-008, 2.69072927495e-007, 3.51204477056e-007, 2.87713334046e-007, 4.43738485956e-008, 1.01100660288e-007, 1.49553869733e-007, 1.15710584225e-007, 2.05122972829e-007, 1.6421284954e-007, 2.26124384994e-007, 1.99167274673e-007, 7.87803813296e-008, 3.51445295088e-009, 1.24294421977e-010, 3.35532018836e-011, 1.1907892207e-011, 1.44005138624e-014, 1.47695424817e-019]
    frequency_bands:
        dmean: [9.62305080066e-007, 8.84531982592e-005, 9.69019311015e-005, 7.43870332371e-005, 0.000154130961164, 7.40195246181e-005, 7.08029911038e-005, 9.28661975195e-005, 8.10039273347e-005, 0.000151942353114, 0.000173818945768, 0.000141809956403, 6.23872983851e-005, 7.53485583118e-005, 0.00010127954738, 0.000107637337351, 0.000127326275106, 0.000149545856402, 0.000185876953765, 0.000181296767551, 0.000113079833682, 2.52320969594e-005, 4.28772409578e-006, 1.89448280707e-006, 1.0982691947e-006, 2.88796027093e-008, 2.31561672615e-010, 5.22169876782e-011]
        dmean2: [1.62501066825e-006, 0.000147617902257, 0.000160887982929, 0.000124528960441, 0.000258724758169, 0.000122312849271, 0.000117788906209, 0.000152638123836, 0.000131345514092, 0.000246472423896, 0.000277230952634, 0.000227956639719, 9.99789481284e-005, 0.000119654898299, 0.000161886244314, 0.000168941274751, 0.000205236996408, 0.000243928283453, 0.000303048436763, 0.000295457954053, 0.000190186532564, 4.31828993896e-005, 6.83215512254e-006, 3.00224792227e-006, 1.63649986007e-006, 4.3839598618e-008, 4.08070466307e-010, 9.66720800633e-011]
        dvar: [2.86033501572e-012, 2.26749428123e-008, 2.57759023015e-008, 1.92980831315e-008, 1.08974113289e-007, 1.38660469773e-008, 1.32409931908e-008, 2.59557690896e-008, 2.33445227593e-008, 8.92539802066e-008, 1.22254519397e-007, 7.89971750237e-008, 1.42518743473e-008, 2.92449300332e-008, 3.87600991303e-008, 4.2698768965e-008, 7.65911423173e-008, 5.26483923124e-008, 6.13562178842e-008, 5.9321223489e-008, 3.29074154592e-008, 2.16384443696e-009, 5.15115033961e-011, 1.46607205542e-011, 5.92718712653e-012, 8.28341725317e-015, 1.24556636918e-019, 6.48890717246e-021]
        dvar2: [7.73315179253e-012, 5.95290181593e-008, 6.95015884844e-008, 5.25470440493e-008, 2.91349351755e-007, 3.63814436355e-008, 3.41605357335e-008, 6.91732324754e-008, 5.69924623051e-008, 2.25302940748e-007, 3.04287397057e-007, 1.97821364623e-007, 3.34309291361e-008, 6.94850186278e-008, 9.4686136265e-008, 9.46980023286e-008, 1.82848197028e-007, 1.28748482098e-007, 1.63487868576e-007, 1.50313383074e-007, 8.74425154507e-008, 5.84983261831e-009, 1.21145024568e-010, 3.33546038012e-011, 1.29012581868e-011, 1.81741998024e-014, 3.6164625894e-019, 2.06247113671e-020]
        max: [2.13969797187e-005, 0.00152337178588, 0.00299761327915, 0.00446908921003, 0.00528825353831, 0.0024748572614, 0.00217509106733, 0.00276014278643, 0.00514099374413, 0.00603497959673, 0.00652264850214, 0.0068369563669, 0.00304824742489, 0.00420368649065, 0.0037556074094, 0.00421665376052, 0.00859890412539, 0.00607073912397, 0.00771309435368, 0.00446330290288, 0.00272775324993, 0.000654829025734, 0.000108756692498, 0.000125400620163, 9.32019829634e-005, 2.95978634313e-006, 8.99555896439e-009, 1.1245362419e-009]
        mean: [1.19669277865e-006, 0.000116282179079, 0.00014943612041, 0.000109779153718, 0.000224306495511, 0.000132822242449, 0.000115612667287, 0.000152278429596, 0.000137068855111, 0.000294183468213, 0.000315906567266, 0.000277846702375, 0.000116467163025, 0.000146720529301, 0.000217935623368, 0.000214833984501, 0.000257983134361, 0.000331176648615, 0.000462794036139, 0.000460678536911, 0.000246639596298, 4.73802974739e-005, 8.47306364449e-006, 4.35592210124e-006, 2.3131517537e-006, 5.42257438951e-008, 2.65737154503e-010, 4.05333024089e-011]
        median: [5.66615824482e-007, 5.47864910914e-005, 8.52766534081e-005, 5.71263954043e-005, 0.000113336231152, 8.44491587486e-005, 6.64826511638e-005, 7.70263868617e-005, 6.75079863868e-005, 0.000100305769593, 8.62497981871e-005, 9.33883129619e-005, 5.22899936186e-005, 5.1200913731e-005, 7.82862116466e-005, 0.000109927379526, 0.000147385871969, 0.000226302072406, 0.000353229901521, 0.000384892977308, 0.000166619895026, 2.9589409678e-005, 4.19647449235e-006, 2.44669899985e-006, 1.3444190472e-006, 2.58547565579e-008, 1.33681871128e-010, 1.14139244931e-011]
        min: [1.52273568099e-023, 6.15473127895e-023, 1.6955809429e-023, 1.75763984145e-023, 5.63109298313e-023, 4.96255166752e-023, 9.49910834881e-023, 5.34186565192e-023, 1.21544482346e-022, 1.89955825333e-022, 4.48154278393e-023, 6.20756539585e-023, 1.08728875271e-022, 7.87423032672e-023, 1.25687428359e-022, 1.10710039481e-022, 1.489070253e-022, 1.71807291347e-022, 1.78012433362e-022, 5.49075311347e-022, 4.25265043777e-022, 5.17074064322e-022, 5.00382625848e-022, 8.19688933065e-022, 1.30170379733e-021, 1.96255002092e-021, 2.55864452193e-021, 7.21016393504e-022]
        var: [3.14150897136e-012, 2.82300298693e-008, 4.33316564852e-008, 3.17945598738e-008, 1.30093980033e-007, 2.60844323918e-008, 2.38632278382e-008, 4.79943302878e-008, 5.5460528614e-008, 2.69072927495e-007, 3.51204477056e-007, 2.87713334046e-007, 4.43738485956e-008, 1.01100660288e-007, 1.49553869733e-007, 1.15710584225e-007, 2.05122972829e-007, 1.6421284954e-007, 2.26124384994e-007, 1.99167274673e-007, 7.87803813296e-008, 3.51445295088e-009, 1.24294421977e-010, 3.35532018836e-011, 1.1907892207e-011, 1.44005138624e-014, 1.47695424817e-019, 5.2638623788e-021]
    mfcc:
        mean: [-725.161865234, 96.8109283447, -51.5996398926, 40.9152488708, -19.3499794006, -6.35710430145, 11.1682167053, -4.09471702576, 1.0757535696, -2.84937572479, -5.6025018692, -1.16346001625, -1.68195080757]
        cov: [[11731.0673828, 982.725463867, -799.319702148, 1131.68029785, -4.75850486755, 532.151428223, 197.663467407, 244.013259888, 360.038452148, -58.172706604, -169.318374634, -6.27938652039, -12.4542379379], [982.725463867, 758.640563965, -202.848648071, 115.220680237, -44.1876525879, -62.9959335327, 68.1430587769, -16.1554851532, -15.1506099701, -28.7042331696, -15.4402341843, -2.23334407806, -0.373760253191], [-799.319702148, -202.848648071, 457.261901855, -41.9112892151, 103.331245422, 65.4996109009, -47.553768158, 44.9239959717, -19.0857753754, 28.6437206268, 27.3376102448, 5.17157173157, -1.5202434063], [1131.68029785, 115.220680237, -41.9112892151, 336.60055542, 77.4878616333, 89.9957351685, -2.85289430618, 37.5310058594, 90.3697280884, 10.3151073456, 6.73392868042, 22.2384529114, 0.59770065546], [-4.75850486755, -44.1876525879, 103.331245422, 77.4878616333, 177.964065552, 72.2769470215, 21.0117149353, 22.4775161743, 47.297996521, 33.1336174011, 1.3872525692, 29.5090465546, 12.5116624832], [532.151428223, -62.9959335327, 65.4996109009, 89.9957351685, 72.2769470215, 239.503616333, 59.1754302979, 42.8690071106, 43.0704841614, 31.0707492828, 17.7070827484, -15.2442293167, 2.8213891983], [197.663467407, 68.1430587769, -47.553768158, -2.85289430618, 21.0117149353, 59.1754302979, 146.511779785, 14.2037763596, 21.6511859894, 30.4089508057, 2.92341208458, 8.92811203003, 15.468454361], [244.013259888, -16.1554851532, 44.9239959717, 37.5310058594, 22.4775161743, 42.8690071106, 14.2037763596, 123.787597656, 52.8741340637, 3.27044963837, 4.95522880554, 9.66652774811, 10.7058868408], [360.038452148, -15.1506099701, -19.0857753754, 90.3697280884, 47.297996521, 43.0704841614, 21.6511859894, 52.8741340637, 137.163192749, 32.3132476807, -8.76009082794, 9.21137428284, 1.28924524784], [-58.172706604, -28.7042331696, 28.6437206268, 10.3151073456, 33.1336174011, 31.0707492828, 30.4089508057, 3.27044963837, 32.3132476807, 94.6136322021, 31.8815956116, 12.4437847137, 5.395175457], [-169.318374634, -15.4402341843, 27.3376102448, 6.73392868042, 1.3872525692, 17.7070827484, 2.92341208458, 4.95522880554, -8.76009082794, 31.8815956116, 81.6329574585, 25.5121860504, 8.60608005524], [-6.27938652039, -2.23334407806, 5.17157173157, 22.2384529114, 29.5090465546, -15.2442293167, 8.92811203003, 9.66652774811, 9.21137428284, 12.4437847137, 25.5121860504, 82.0498886108, 35.0110054016], [-12.4542379379, -0.373760253191, -1.5202434063, 0.59770065546, 12.5116624832, 2.8213891983, 15.468454361, 10.7058868408, 1.28924524784, 5.395175457, 8.60608005524, 35.0110054016, 62.1982192993]]
        icov: [[0.000190153688891, -0.000128824438434, 0.000234392413404, -0.000489371537697, 0.000285238522338, -0.000437690789113, 3.03342003463e-005, -0.000259530119365, 3.92046931665e-005, -6.3237901486e-005, 0.000526910007466, -0.000233543221839, 0.000110563523776], [-0.000128824438434, 0.00192145258188, 0.000284296809696, -0.000777413544711, -7.47945014155e-005, 0.00124651542865, -0.00134708627593, -9.65069648373e-006, 0.000807709933724, 0.000327098561684, -0.00039268808905, 0.000649232009891, -6.08807713434e-005], [0.000234392413404, 0.000284296809696, 0.00386718520895, 0.000215868683881, -0.00200075400062, -0.0012203368824, 0.00168116355781, -0.00202021072619, 0.00162350269966, -0.000943043036386, 8.27339245006e-005, -4.58331924165e-005, 0.000591043732129], [-0.000489371537697, -0.000777413544711, 0.000215868683881, 0.00651017669588, -0.00234966841526, -0.0011024636915, 0.002216857858, 0.000637090357486, -0.00277245906182, 0.000854353595059, -0.00200736895204, -0.000909531954676, 0.000474815402413], [0.000285238522338, -7.47945014155e-005, -0.00200075400062, -0.00234966841526, 0.010005870834, -0.00215428927913, -0.00096474745078, 0.000768997182604, -0.00155034498312, -0.00160673982464, 0.00339024257846, -0.00388628104702, 0.000112847621494], [-0.000437690789113, 0.00124651542865, -0.0012203368824, -0.0011024636915, -0.00215428927913, 0.00832296162844, -0.00357757764868, -0.000476172775961, 0.000156380599947, 0.000270022283075, -0.00318076065741, 0.0046073589474, -0.00125189148821], [3.03342003463e-005, -0.00134708627593, 0.00168116355781, 0.002216857858, -0.00096474745078, -0.00357757764868, 0.0105424122885, -0.000885768502485, -0.000424936122727, -0.00299760256894, 0.00124439166393, -0.00149174861144, -0.00115893618204], [-0.000259530119365, -9.65069648373e-006, -0.00202021072619, 0.000637090357486, 0.000768997182604, -0.000476172775961, -0.000885768502485, 0.0116539327428, -0.00521013373509, 0.00268166977912, -0.00186100532301, -0.000187314901268, -0.00178794399835], [3.92046931665e-005, 0.000807709933724, 0.00162350269966, -0.00277245906182, -0.00155034498312, 0.000156380599947, -0.000424936122727, -0.00521013373509, 0.0132888983935, -0.00486850179732, 0.0035917039495, -0.000515466323122, 0.00132630870212], [-6.3237901486e-005, 0.000327098561684, -0.000943043036386, 0.000854353595059, -0.00160673982464, 0.000270022283075, -0.00299760256894, 0.00268166977912, -0.00486850179732, 0.0160740595311, -0.00694914953783, 0.000849390868098, -0.000257059204159], [0.000526910007466, -0.00039268808905, 8.27339245006e-005, -0.00200736895204, 0.00339024257846, -0.00318076065741, 0.00124439166393, -0.00186100532301, 0.0035917039495, -0.00694914953783, 0.0192797053605, -0.0071299476549, 0.00147171108983], [-0.000233543221839, 0.000649232009891, -4.58331924165e-005, -0.000909531954676, -0.00388628104702, 0.0046073589474, -0.00149174861144, -0.000187314901268, -0.000515466323122, 0.000849390868098, -0.0071299476549, 0.0213546548039, -0.0101561099291], [0.000110563523776, -6.08807713434e-005, 0.000591043732129, 0.000474815402413, 0.000112847621494, -0.00125189148821, -0.00115893618204, -0.00178794399835, 0.00132630870212, -0.000257059204159, 0.00147171108983, -0.0101561099291, 0.0222473330796]]
    sccoeffs:
        dmean: [0.0499424859881, 0.0443896651268, 0.0388050153852, 0.0302538461983, 0.0215299408883, 0.0179375819862]
        dmean2: [0.0833348184824, 0.0742379948497, 0.0639894157648, 0.0492484755814, 0.0346237644553, 0.028993871063]
        dvar: [0.00165399594698, 0.0012347754091, 0.000927920336835, 0.000575395883061, 0.000359552068403, 0.000266052840743]
        dvar2: [0.00453461660072, 0.00344148627482, 0.00250679487363, 0.00148217286915, 0.000805971911177, 0.000683399732225]
        max: [-0.339238226414, -0.452802449465, -0.502471387386, -0.490337640047, -0.520732283592, -0.628636300564]
        mean: [-0.711254417896, -0.770277738571, -0.758907735348, -0.777194440365, -0.79055917263, -0.75693076849]
        median: [-0.714481115341, -0.774475336075, -0.765215277672, -0.78554213047, -0.798445820808, -0.752567708492]
        min: [-0.963225960732, -0.965345799923, -0.959972381592, -0.96513324976, -0.961817622185, -0.956401586533]
        var: [0.00512236682698, 0.00399366859347, 0.00529154809192, 0.00351693341509, 0.00232417928055, 0.00190658168867]
    scvalleys:
        dmean: [0.368689835072, 0.341627568007, 0.284325063229, 0.257979691029, 0.234238237143, 0.236469700933]
        dmean2: [0.601660788059, 0.570678055286, 0.469968825579, 0.404519885778, 0.35219886899, 0.350157976151]
        dvar: [0.118903234601, 0.0985290631652, 0.0729451328516, 0.065448269248, 0.0791677832603, 0.0963241159916]
        dvar2: [0.260751187801, 0.221948206425, 0.151623427868, 0.124897032976, 0.144572630525, 0.180114388466]
        max: [-5.13428878784, -4.95625495911, -5.27293157578, -5.70527744293, -5.65729808807, -7.97944736481]
        mean: [-7.1650185585, -6.83121871948, -6.99513673782, -7.4561882019, -7.24642801285, -9.868268013]
        median: [-6.65609359741, -6.52266311646, -6.6374835968, -7.01329421997, -6.73753261566, -9.53493404388]
        min: [-27.101600647, -27.2380771637, -27.1980819702, -26.991312027, -27.1798744202, -27.389673233]
        var: [2.2536919117, 1.64505755901, 1.68489730358, 1.76354002953, 1.87032222748, 1.61898815632]

rhythm:
    beats_loudness:
        dmean: 0.00169444666244
        dmean2: 0.00305339926854
        dvar: 2.36929190578e-006
        dvar2: 7.01837825545e-006
        max: 0.0120900198817
        mean: 0.00543905422091
        median: 0.00596996070817
        min: 6.43661179911e-010
        var: 9.85058704828e-006
    bpm: 102.000213623
    bpm_confidence: 0
    first_peak_bpm: 101
    first_peak_spread: 0.423167824745
    first_peak_weight: 0.564814805984
    onset_rate: 2.8203933239
    second_peak_bpm: 112
    second_peak_spread: 0.25
    second_peak_weight: 0.0138888889924
    beats_loudness_band_ratio:
        dmean: [0.0684368088841, 0.10522249341, 0.0735109299421, 0.109774298966, 0.0936346501112, 0.0896028876305]
        dmean2: [0.120358295739, 0.202788591385, 0.120413705707, 0.188252329826, 0.161021634936, 0.153802365065]
        dvar: [0.00500989006832, 0.00791455991566, 0.0068767350167, 0.0131974481046, 0.00847887434065, 0.00714653683826]
        dvar2: [0.0134468888864, 0.0246943682432, 0.0183173958212, 0.0372163802385, 0.0238868203014, 0.0213704332709]
        max: [0.71131926775, 0.727757632732, 0.729572236538, 0.87787270546, 0.712896168232, 0.877185106277]
        mean: [0.11558226496, 0.109301283956, 0.130355387926, 0.203378036618, 0.22628813982, 0.253138363361]
        median: [0.0777818113565, 0.0859960764647, 0.0967797487974, 0.162612587214, 0.216824710369, 0.251748293638]
        min: [3.2417676266e-005, 3.75182498829e-005, 0.00222295778804, 0.00627062330022, 0.00311646331102, 0.00308074709028]
        var: [0.0144374268129, 0.0090386737138, 0.0123759657145, 0.018736641854, 0.0109967142344, 0.0131651638076]
    beats_position: [0.615328788757, 1.24226760864, 1.84598636627, 2.43809509277, 3.04181408882, 3.63392281532, 4.22603178024, 4.80653047562, 5.38702917099, 5.9675283432, 6.54802703857, 7.14013576508, 7.72063493729, 8.31274318695, 8.90485286713, 9.49696159363, 10.077460289, 10.6579589844, 11.2384576797, 11.8305664063, 12.4226751328, 13.0031747818, 13.5952835083, 14.1873922348, 14.7795009613, 15.3716096878, 15.9637184143, 16.5558280945, 17.1363258362, 17.7284355164, 18.3205432892, 18.9010429382, 19.4931507111, 20.0852603912, 20.6657600403, 21.2578678131, 21.8499774933, 22.430475235, 23.0225849152, 23.614692688, 24.195192337, 24.7873020172, 25.37940979, 25.9715194702, 26.563627243, 27.1557369232, 27.7362346649, 28.3283443451, 28.9088420868, 29.500951767, 30.0930614471, 30.6735591888, 31.2540588379, 31.8461666107, 32.4382743835, 33.0303840637, 33.6224937439, 34.2146034241, 34.7951011658, 35.3872108459, 35.9677085876, 36.5598182678, 37.151927948, 37.7440338135, 38.3245353699, 38.91664505, 39.4971427917, 40.0892524719, 40.6813583374, 41.2618598938, 41.8423576355, 42.4344673157, 43.0265769958, 43.6186828613, 44.2107925415, 44.7912902832, 45.3833999634, 45.9755096436, 46.5560073853, 47.1481170654, 47.7402267456, 48.3323364258, 48.9128341675, 49.5049438477, 50.0854415894, 50.6775512695, 51.2580490112, 51.8501586914, 52.4306564331, 53.0343742371, 53.6148757935, 54.1953735352, 54.7758712769, 55.367980957, 55.9600906372, 56.5522003174, 57.1443061829, 57.736415863, 58.3285255432, 58.9090232849, 59.4895210266, 60.0816307068, 60.673740387, 61.2658500671, 61.8579597473, 62.438457489, 63.0305671692, 63.6226730347, 64.2147827148, 64.806892395, 65.3873901367, 65.9678878784, 66.5599975586, 67.1521072388, 67.7326049805, 68.3247146606, 68.9168243408, 69.4973220825, 70.0778198242, 70.6699295044, 71.2620391846, 71.8541488647, 72.4462585449, 73.0267562866, 73.6072540283, 74.1993637085, 74.7914733887, 75.3835830688, 75.975692749, 76.5561904907, 77.1366882324, 77.7287979126, 78.3209075928, 78.9130172729, 79.5051269531, 80.0856246948, 80.6661224365, 81.2698364258, 81.8503417969, 82.4424438477, 83.0345535278, 83.6150588989, 84.1955566406, 84.7760543823, 85.3681640625, 85.9486618042, 86.5407714844, 87.1328811646, 87.7249908447, 88.3170928955, 88.9092025757, 89.5013122559, 90.093421936, 90.6739196777, 91.2544174194, 91.8465270996, 92.4386367798, 93.03074646, 93.6228561401, 94.2033538818, 94.795463562, 95.3875732422, 95.9680709839, 96.5485687256, 97.1406784058, 97.7211761475, 98.3132858276, 98.9053955078, 99.497505188, 100.089614868, 100.681724548, 101.26222229, 101.85433197, 102.44644165, 103.026939392, 103.619049072, 104.211151123, 104.791656494, 105.372154236, 105.964263916, 106.556373596, 107.148475647, 107.740585327, 108.321083069, 108.90158844, 109.493690491, 110.085800171, 110.677909851, 111.270019531, 111.850517273, 112.442626953, 113.034736633, 113.615234375, 114.207344055, 114.799453735, 115.379951477, 115.972061157, 116.564170837, 117.144668579, 117.725166321, 118.328887939, 118.909385681, 119.489883423, 120.081993103, 120.674102783, 121.254600525, 121.846710205, 122.438819885, 123.030929565, 123.623039246, 124.203536987, 124.795646667, 125.387756348, 125.979858398, 126.571968079, 127.15246582, 127.732971191, 128.325073242, 128.917190552, 129.497680664, 130.089797974, 130.681900024, 131.262405396, 131.854507446, 132.446624756, 133.038726807, 133.619232178, 134.211334229, 134.803451538, 135.395553589, 135.98765564, 136.579772949, 137.160263062, 137.740768433, 138.321273804, 138.913375854, 139.505477905, 140.085983276, 140.666488647, 141.270202637, 141.850692749, 142.442810059, 143.034912109, 143.61541748, 144.207519531, 144.788024902, 145.368530273, 145.960632324, 146.552734375, 147.144851685, 147.725341797, 148.317459106, 148.909561157, 149.501678467, 150.093780518, 150.674285889, 151.254776001, 151.846893311, 152.438995361, 153.019500732, 153.599990845, 154.203720093, 154.795822144, 155.387939453, 155.968429565, 156.560546875, 157.152648926, 157.733154297, 158.325256348, 158.917373657, 159.49786377, 160.089981079, 160.68208313, 161.262588501, 161.854690552, 162.446792603, 163.038909912, 163.619400024, 164.211517334, 164.792022705, 165.360900879, 165.94140625, 166.533508301, 167.137237549, 167.7293396, 168.32144165, 168.91355896, 169.505661011, 170.086166382, 170.666656494, 171.258773804, 171.839263916, 172.431381226, 173.023483276, 173.615600586, 174.196090698, 174.788208008, 175.380310059, 175.96081543, 176.55291748, 177.14503479, 177.737136841, 178.32925415, 178.909744263, 179.490249634, 180.082351685, 180.674468994, 181.266571045, 181.858688354, 182.439178467, 183.019683838, 183.611785889, 184.203903198, 184.796005249, 185.3881073, 185.968612671, 186.549118042, 187.141220093, 187.733337402, 188.325439453, 188.917541504, 189.498046875, 190.078552246, 190.682266235, 191.262756348, 191.843261719, 192.446975708, 193.050704956, 193.666030884, 194.281356812, 194.885070801, 195.488800049, 196.092514038, 196.696228027, 197.299957275, 197.880447388, 198.460952759, 199.041442871, 199.621948242, 200.202438354, 200.771331787, 201.34022522, 201.909118652, 202.477996826, 203.03527832, 203.615783691, 204.184661865, 204.753555298, 205.334060669, 205.92616272, 206.518280029, 207.11038208, 207.702484131, 208.29460144, 208.886703491, 209.490432739, 210.08253479, 210.6746521, 211.255142212, 211.858856201, 212.439361572, 213.031463623, 213.611968994, 214.204071045, 214.796188354, 215.388290405, 215.968795776, 216.560897827, 217.153015137, 217.745117188, 218.325622559, 218.906112671, 219.49822998, 220.090332031, 220.682449341, 221.262939453, 221.855056763, 222.447158813, 223.027664185, 223.619766235, 224.211883545, 224.792373657, 225.372879028, 225.964981079, 226.557098389, 227.149200439, 227.741317749, 228.321807861, 228.913925171, 229.506027222, 230.086532593, 230.667022705, 231.270736694, 231.851242065, 232.431747437, 233.023849487, 233.615966797, 234.196456909, 234.800170898, 235.38067627, 235.961181641, 236.553283691, 237.145385742, 237.725891113, 238.317993164, 238.910110474, 239.513824463, 240.094329834, 240.674819946, 241.266937256, 241.859039307, 242.439544678, 243.02003479, 243.6121521, 244.20425415, 244.784759521, 245.376861572, 245.968978882, 246.549468994, 247.141586304, 247.733688354, 248.325805664, 248.917907715, 249.498413086, 250.078903198, 250.659408569, 251.181854248, 251.715911865, 252.249969482, 252.7840271, 253.318084717, 253.852142334, 254.38621521]
