
metadata:
    version:
        essentia: "2.1-beta2"
    audio_properties:
        analysis_sample_rate: 44100
        bitrate: 128
        channels: 2
        equal_loudness: 1
        length: 362.788574219
        replay_gain: -14.2461566925
        downmix: "mix"
    tags:
        album: ""
        artist: ""
        comment: ""
        date: "2012"
        genre: "Blues"
        title: ""
        tracknumber: "1"

configuration:
    average_loudness:
        compute: 1
        frameSize: 88200
        hopSize: 44100
        silentFrames: "noise"
        windowType: "hann"
    general:
        analysisSampleRate: 44100
        endTime: 2000
        equalLoudness: 1
        nequalLoudness: 0
        shortSound: 0
        startTime: 0
    lowlevel:
        compute: 1
        frameSize: 2048
        hopSize: 1024
        zeroPadding: 0
        silentFrames: "noise"
        windowType: "blackmanharris62"
        mfccStats: ["mean", "cov", "icov"]
        stats: ["mean", "var", "median", "min", "max", "dmean", "dmean2", "dvar", "dvar2"]
    panning:
        compute: 0
        frameSize: 8192
        hopSize: 2048
        zeroPadding: 8192
        silentFrames: "noise"
        windowType: "hann"
        stats: ["copy"]
    rhythm:
        compute: 1
        maxTempo: 208
        minTempo: 40
        method: "degara"
        stats: ["mean", "var", "median", "min", "max", "dmean", "dmean2", "dvar", "dvar2"]
    segmentation:
        compute: 0
        cpw: 5
        inc1: 300
        inc2: 50
        minimumSegmentsLength: 10
        size1: 1000
        size2: 600
    sfx:
        compute: 1
        stats: ["mean", "var", "median", "min", "max", "dmean", "dmean2", "dvar", "dvar2"]
    svm:
        compute: 0
    tonal:
        compute: 1
        frameSize: 4096
        hopSize: 2048
        zeroPadding: 0
        silentFrames: "noise"
        windowType: "blackmanharris62"
        stats: ["mean", "var", "median", "min", "max", "dmean", "dmean2", "dvar", "dvar2"]

lowlevel:
    average_loudness: 0.891088664532
    barkbands_kurtosis:
        dmean: 0.9006524086
        dmean2: 1.32892656326
        dvar: 9.58363819122
        dvar2: 16.4590454102
        max: 105.280426025
        mean: -0.127546519041
        median: -1.09959459305
        min: -1.87366425991
        var: 21.068157196
    barkbands_skewness:
        dmean: 0.378567695618
        dmean2: 0.568798780441
        dvar: 0.204583957791
        dvar2: 0.368150055408
        max: 9.43599128723
        mean: -0.0175191164017
        median: -0.203768447042
        min: -2.62414097786
        var: 0.987878441811
    barkbands_spread:
        dmean: 5.72692489624
        dmean2: 9.02191925049
        dvar: 34.77709198
        dvar2: 74.8071899414
        max: 67.4422531128
        mean: 33.4926681519
        median: 33.4637107849
        min: 0.917729079723
        var: 107.079437256
    dissonance:
        dmean: 0.0110071767122
        dmean2: 0.0187447238714
        dvar: 0.000130179410917
        dvar2: 0.000346685614204
        max: 0.5
        mean: 0.483293116093
        median: 0.486912816763
        min: 0.284003853798
        var: 0.000201934599318
    hfc:
        dmean: 2.4039003849
        dmean2: 3.85239768028
        dvar: 8.78651237488
        dvar2: 22.1423625946
        max: 43.7170944214
        mean: 9.54344272614
        median: 9.2382183075
        min: 1.05239998961e-016
        var: 36.2115631104
    pitch:
        dmean: 897.383361816
        dmean2: 1726.56347656
        dvar: 1819499.375
        dvar2: 4289589.5
        max: 4740.18652344
        mean: 1489.63903809
        median: 436.874298096
        min: 49.5112304688
        var: 2541366.5
    pitch_instantaneous_confidence:
        dmean: 0.076900318265
        dmean2: 0.12474026531
        dvar: 0.00449435366318
        dvar2: 0.0106844892725
        max: 0.897753357887
        mean: 0.323800444603
        median: 0.299538731575
        min: 0.0976750850677
        var: 0.015177546069
    pitch_salience:
        dmean: 0.0529305227101
        dmean2: 0.0862534418702
        dvar: 0.00236296327785
        dvar2: 0.00573349650949
        max: 0.934477567673
        mean: 0.684508264065
        median: 0.703783035278
        min: 0.141413375735
        var: 0.00696968380362
    silence_rate_20dB:
        dmean: 0
        dmean2: 0
        dvar: 0
        dvar2: 0
        max: 1
        mean: 1
        median: 1
        min: 1
        var: 0
    silence_rate_30dB:
        dmean: 0
        dmean2: 0
        dvar: 0
        dvar2: 0
        max: 1
        mean: 1
        median: 1
        min: 1
        var: 0
    silence_rate_60dB:
        dmean: 0.0584997422993
        dmean2: 0.117006979883
        dvar: 0.0550736263394
        dvar2: 0.121865004301
        max: 1
        mean: 0.249280005693
        median: 0
        min: 0
        var: 0.187171071768
    spectral_centroid:
        dmean: 271.520751953
        dmean2: 423.604949951
        dvar: 85981.1484375
        dvar2: 186622.0625
        max: 11903.2314453
        mean: 1886.98718262
        median: 1884.22741699
        min: 125.162971497
        var: 1344524
    spectral_complexity:
        dmean: 4.27918577194
        dmean2: 6.73763036728
        dvar: 19.0275020599
        dvar2: 41.3998069763
        max: 50
        mean: 19.9731197357
        median: 21
        min: 0
        var: 126.66910553
    spectral_crest:
        dmean: 1.63174057007
        dmean2: 2.68874716759
        dvar: 2.54917883873
        dvar2: 6.24343013763
        max: 23.8769950867
        mean: 5.89452886581
        median: 5.15364742279
        min: 2.05963993073
        var: 6.95929908752
    spectral_decrease:
        dmean: 2.15333764708e-010
        dmean2: 3.4963190676e-010
        dvar: 5.99354392341e-020
        dvar2: 1.48876341464e-019
        max: 1.61126127857e-028
        mean: -1.1009030354e-009
        median: -1.08747755245e-009
        min: -3.92910903813e-009
        var: 3.19743925747e-019
    spectral_energy:
        dmean: 0.000991405220702
        dmean2: 0.0016024018405
        dvar: 1.33316541451e-006
        dvar2: 3.30106104229e-006
        max: 0.0177283789963
        mean: 0.00502067338675
        median: 0.00493008596823
        min: 9.78498119101e-021
        var: 6.94945401847e-006
    spectral_energyband_high:
        dmean: 0.000216119398829
        dmean2: 0.000360794889275
        dvar: 8.36334734799e-008
        dvar2: 2.2150632617e-007
        max: 0.00365467043594
        mean: 0.000538939028047
        median: 0.000481652357848
        min: 6.88390368642e-021
        var: 1.75608661834e-007
    spectral_energyband_low:
        dmean: 0.000257443025475
        dmean2: 0.000420938449679
        dvar: 8.10803939544e-008
        dvar2: 2.15062556208e-007
        max: 0.00508789811283
        mean: 0.00051846948918
        median: 0.000418165553128
        min: 8.20377081676e-024
        var: 1.73197520326e-007
    spectral_energyband_middle_high:
        dmean: 0.000665339524858
        dmean2: 0.0010459566256
        dvar: 4.94335154144e-007
        dvar2: 1.1804412452e-006
        max: 0.0118182301521
        mean: 0.00276338448748
        median: 0.0025968241971
        min: 1.23456302527e-021
        var: 3.36327889272e-006
    spectral_energyband_middle_low:
        dmean: 0.000478473433759
        dmean2: 0.000788074336015
        dvar: 3.19608119526e-007
        dvar2: 8.53907238252e-007
        max: 0.010023468174
        mean: 0.00138125289232
        median: 0.00123025313951
        min: 1.33710825341e-022
        var: 8.42885697239e-007
    spectral_flatness_db:
        dmean: 0.0133854830638
        dmean2: 0.020414236933
        dvar: 0.000218848974328
        dvar2: 0.000404920050642
        max: 0.424636542797
        mean: 0.130991831422
        median: 0.122723683715
        min: 0.0486355796456
        var: 0.00152747065295
    spectral_flux:
        dmean: 0.00605635577813
        dmean2: 0.0092164427042
        dvar: 4.15890099248e-005
        dvar2: 8.36967956275e-005
        max: 0.100823774934
        mean: 0.0424278900027
        median: 0.0441867075861
        min: 6.30779872779e-011
        var: 0.00024111084349
    spectral_kurtosis:
        dmean: 1.30995202065
        dmean2: 2.19175648689
        dvar: 10.1510448456
        dvar2: 25.3453025818
        max: 96.2545394897
        mean: 3.38685035706
        median: 2.68485236168
        min: -1.276871562
        var: 18.0067977905
    spectral_rms:
        dmean: 0.0002140114957
        dmean2: 0.000341090926668
        dvar: 5.13392670598e-008
        dvar2: 1.22664047808e-007
        max: 0.00415884330869
        mean: 0.00210953387432
        median: 0.00219313474372
        min: 3.08971251362e-012
        var: 4.48104088946e-007
    spectral_rolloff:
        dmean: 377.226135254
        dmean2: 600.78338623
        dvar: 307860.71875
        dvar2: 582163.5625
        max: 19745.9472656
        mean: 3534.19750977
        median: 3617.578125
        min: 129.19921875
        var: 3705573.75
    spectral_skewness:
        dmean: 0.191926717758
        dmean2: 0.30059671402
        dvar: 0.0808194875717
        dvar2: 0.170083507895
        max: 7.09209537506
        mean: 1.23890030384
        median: 1.1854943037
        min: -0.0959632769227
        var: 0.245622768998
    spectral_spread:
        dmean: 413569.53125
        dmean2: 613597.75
        dvar: 351099682816
        dvar2: 638896898048
        max: 43017316
        mean: 4790762
        median: 4242608.5
        min: 802787.5625
        var: 1.67526719816e+013
    spectral_strongpeak:
        dmean: 0.442526757717
        dmean2: 0.772505104542
        dvar: 0.427803754807
        dvar2: 1.13596940041
        max: 7.96540927887
        mean: 0.568141937256
        median: 0.22712418437
        min: 0
        var: 0.585237920284
    zerocrossingrate:
        dmean: 0.00865264795721
        dmean2: 0.0101129198447
        dvar: 8.41137953103e-005
        dvar2: 9.66526204138e-005
        max: 0.5234375
        mean: 0.106046438217
        median: 0.10693359375
        min: 0.005859375
        var: 0.00259557552636
    barkbands:
        dmean: [1.23086442727e-006, 0.000119637232274, 0.000150648673298, 0.000138690447784, 0.000217342952965, 0.000136139438837, 0.000114452283015, 0.000108157968498, 0.00012159486505, 0.000148634644574, 0.000111882131023, 0.000124432292068, 8.3939776232e-005, 6.82051249896e-005, 8.08975019027e-005, 0.000112409819849, 0.000153730870807, 0.000165023229783, 0.000244370952714, 0.000186549819773, 0.000110019580461, 4.14635724155e-005, 5.95281608184e-006, 2.87665034193e-006, 1.04766729692e-006, 3.23879483233e-008, 2.48172371542e-010]
        dmean2: [2.15417344407e-006, 0.00020531930204, 0.000247802934609, 0.000224962874199, 0.000365747284377, 0.000229055949603, 0.000191797749721, 0.00017972655769, 0.00020111851336, 0.000243160699029, 0.000184537479072, 0.000209778692806, 0.000140339383506, 0.000114420254249, 0.000133661262225, 0.000184108241228, 0.000253380072536, 0.00027514930116, 0.000402316451073, 0.000309561932227, 0.000187681551324, 7.09707383066e-005, 9.63021739153e-006, 4.55145573142e-006, 1.65702340382e-006, 4.97258376697e-008, 4.40088271381e-010]
        dvar: [2.71796018851e-012, 2.34260983945e-008, 3.31755316552e-008, 3.37893375502e-008, 1.12577581035e-007, 4.15025454004e-008, 3.92503629598e-008, 3.20134780907e-008, 3.54228149035e-008, 8.28458723845e-008, 4.74502819259e-008, 3.55538780639e-008, 1.5992858593e-008, 1.0300905906e-008, 1.9598031642e-008, 3.05755349927e-008, 4.60348381637e-008, 4.55199931082e-008, 7.45603898622e-008, 5.5572847657e-008, 2.59268162495e-008, 3.94420274219e-009, 9.81190545479e-011, 3.35402434992e-011, 5.15208535556e-012, 8.58548953095e-015, 1.64264821839e-019]
        dvar2: [7.62509239777e-012, 6.39329016394e-008, 8.66824763079e-008, 8.27349211363e-008, 3.03771315657e-007, 1.14699410858e-007, 1.04409700441e-007, 8.46274801347e-008, 9.33193717856e-008, 2.12306986214e-007, 1.21216018556e-007, 9.73279412619e-008, 4.23500594593e-008, 2.8397797891e-008, 5.11267188585e-008, 7.77212534331e-008, 1.13402791158e-007, 1.20444326512e-007, 2.01727800686e-007, 1.5087611871e-007, 7.10521206315e-008, 1.05319299948e-008, 2.25326257652e-010, 7.47083228614e-011, 1.12519160655e-011, 1.79092885541e-014, 4.33472109287e-019]
        max: [1.59706123668e-005, 0.00145827338565, 0.00315242586657, 0.00289999716915, 0.00528997695073, 0.00333219650201, 0.0036837705411, 0.00328381219879, 0.00319029344246, 0.00516348937526, 0.00455708894879, 0.00347037171014, 0.00266803638078, 0.00256850174628, 0.00288347620517, 0.00491276616231, 0.00594000238925, 0.00385119672865, 0.00418306607753, 0.00565154291689, 0.00236538983881, 0.000748620601371, 0.00016997451894, 0.000111310881039, 5.70366100874e-005, 4.14731312048e-006, 1.56583688238e-008]
        mean: [1.46479726482e-006, 0.000149801038788, 0.000234600229305, 0.000216818749323, 0.000337706616847, 0.000221326074097, 0.000173915104824, 0.000160882540513, 0.000202870272915, 0.000241446337895, 0.000188982390682, 0.00021987479704, 0.000150742940605, 0.000124622645671, 0.000159002069267, 0.000229065743042, 0.000334086071234, 0.000341219943948, 0.000578097999096, 0.000433848326793, 0.000223842202104, 7.63786374591e-005, 1.17664030768e-005, 6.03980515734e-006, 2.22640846914e-006, 6.24339335786e-008, 2.80062723013e-010]
        median: [9.56642111305e-007, 9.68696404016e-005, 0.000162583688507, 0.000128381783725, 0.000227960554184, 0.000122490921058, 9.28164154175e-005, 8.75177429407e-005, 0.000121649973153, 0.000112727080705, 8.85140980245e-005, 0.000133091409225, 9.56098956522e-005, 8.26906907605e-005, 9.00138329598e-005, 0.000154675508384, 0.000228949953453, 0.000264409114607, 0.000512648723088, 0.000386569678085, 0.000188029167475, 5.60912849323e-005, 5.70384418097e-006, 3.01523346025e-006, 1.09849133878e-006, 2.53053347166e-008, 1.37788849774e-010]
        min: [1.54726487697e-025, 1.18591481338e-024, 6.05162218881e-025, 1.46604264883e-025, 3.41803332813e-024, 4.57835345083e-024, 5.53534546407e-024, 7.49687177073e-024, 8.77162366191e-024, 5.99721326889e-024, 1.38724408736e-023, 1.89744255993e-023, 2.07043486551e-023, 2.5096858704e-023, 4.02686891726e-023, 5.10604609727e-023, 6.92363337218e-023, 8.63164534299e-023, 1.03623481089e-022, 1.38102748477e-022, 2.2602276049e-022, 3.15296950065e-022, 4.19364540911e-022, 5.41444640879e-022, 8.09543247812e-022, 1.2069305278e-021, 1.80030003819e-021]
        var: [2.86742483056e-012, 2.60789434492e-008, 5.95805893511e-008, 6.72865141382e-008, 1.38366047508e-007, 7.72762902557e-008, 6.27907681405e-008, 4.7697785277e-008, 6.88490544576e-008, 1.60685587502e-007, 1.12016735443e-007, 7.0960716414e-008, 3.42516948137e-008, 2.6293973221e-008, 5.82414010353e-008, 8.86745823436e-008, 1.66669806845e-007, 1.04292006142e-007, 2.11192983102e-007, 1.24008735725e-007, 3.91351697715e-008, 5.76074743464e-009, 2.55035798036e-010, 8.76981959275e-011, 1.31948115628e-011, 2.04549613738e-014, 2.49414884568e-019]
    frequency_bands:
        dmean: [1.23086442727e-006, 0.000119637232274, 0.000150648673298, 0.000138690447784, 0.000217342952965, 0.000136139438837, 0.000114452283015, 0.000108157968498, 0.00012159486505, 0.000148634644574, 0.000111882131023, 0.000124432292068, 8.3939776232e-005, 6.82051249896e-005, 8.08975019027e-005, 0.000112409819849, 0.000153730870807, 0.000165023229783, 0.000244370952714, 0.000186549819773, 0.000110019580461, 4.14635724155e-005, 5.95281608184e-006, 2.87665034193e-006, 1.04766729692e-006, 3.23879483233e-008, 2.48172371542e-010, 5.71154304407e-011]
        dmean2: [2.15417344407e-006, 0.00020531930204, 0.000247802934609, 0.000224962874199, 0.000365747284377, 0.000229055949603, 0.000191797749721, 0.00017972655769, 0.00020111851336, 0.000243160699029, 0.000184537479072, 0.000209778692806, 0.000140339383506, 0.000114420254249, 0.000133661262225, 0.000184108241228, 0.000253380072536, 0.00027514930116, 0.000402316451073, 0.000309561932227, 0.000187681551324, 7.09707383066e-005, 9.63021739153e-006, 4.55145573142e-006, 1.65702340382e-006, 4.97258376697e-008, 4.40088271381e-010, 1.0613791096e-010]
        dvar: [2.71796018851e-012, 2.34260983945e-008, 3.31755316552e-008, 3.37893375502e-008, 1.12577581035e-007, 4.15025454004e-008, 3.92503629598e-008, 3.20134780907e-008, 3.54228149035e-008, 8.28458723845e-008, 4.74502819259e-008, 3.55538780639e-008, 1.5992858593e-008, 1.0300905906e-008, 1.9598031642e-008, 3.05755349927e-008, 4.60348381637e-008, 4.55199931082e-008, 7.45603898622e-008, 5.5572847657e-008, 2.59268162495e-008, 3.94420274219e-009, 9.81190545479e-011, 3.35402434992e-011, 5.15208535556e-012, 8.58548953095e-015, 1.64264821839e-019, 6.6963299812e-021]
        dvar2: [7.62509239777e-012, 6.39329016394e-008, 8.66824763079e-008, 8.27349211363e-008, 3.03771315657e-007, 1.14699410858e-007, 1.04409700441e-007, 8.46274801347e-008, 9.33193717856e-008, 2.12306986214e-007, 1.21216018556e-007, 9.73279412619e-008, 4.23500594593e-008, 2.8397797891e-008, 5.11267188585e-008, 7.77212534331e-008, 1.13402791158e-007, 1.20444326512e-007, 2.01727800686e-007, 1.5087611871e-007, 7.10521206315e-008, 1.05319299948e-008, 2.25326257652e-010, 7.47083228614e-011, 1.12519160655e-011, 1.79092885541e-014, 4.33472109287e-019, 2.12723307788e-020]
        max: [1.59706123668e-005, 0.00145827338565, 0.00315242586657, 0.00289999716915, 0.00528997695073, 0.00333219650201, 0.0036837705411, 0.00328381219879, 0.00319029344246, 0.00516348937526, 0.00455708894879, 0.00347037171014, 0.00266803638078, 0.00256850174628, 0.00288347620517, 0.00491276616231, 0.00594000238925, 0.00385119672865, 0.00418306607753, 0.00565154291689, 0.00236538983881, 0.000748620601371, 0.00016997451894, 0.000111310881039, 5.70366100874e-005, 4.14731312048e-006, 1.56583688238e-008, 1.16620324508e-009]
        mean: [1.46479726482e-006, 0.000149801038788, 0.000234600229305, 0.000216818749323, 0.000337706616847, 0.000221326074097, 0.000173915104824, 0.000160882540513, 0.000202870272915, 0.000241446337895, 0.000188982390682, 0.00021987479704, 0.000150742940605, 0.000124622645671, 0.000159002069267, 0.000229065743042, 0.000334086071234, 0.000341219943948, 0.000578097999096, 0.000433848326793, 0.000223842202104, 7.63786374591e-005, 1.17664030768e-005, 6.03980515734e-006, 2.22640846914e-006, 6.24339335786e-008, 2.80062723013e-010, 4.48333696557e-011]
        median: [9.56642111305e-007, 9.68696404016e-005, 0.000162583688507, 0.000128381783725, 0.000227960554184, 0.000122490921058, 9.28164154175e-005, 8.75177429407e-005, 0.000121649973153, 0.000112727080705, 8.85140980245e-005, 0.000133091409225, 9.56098956522e-005, 8.26906907605e-005, 9.00138329598e-005, 0.000154675508384, 0.000228949953453, 0.000264409114607, 0.000512648723088, 0.000386569678085, 0.000188029167475, 5.60912849323e-005, 5.70384418097e-006, 3.01523346025e-006, 1.09849133878e-006, 2.53053347166e-008, 1.37788849774e-010, 1.64964760602e-011]
        min: [1.54726487697e-025, 1.18591481338e-024, 6.05162218881e-025, 1.46604264883e-025, 3.41803332813e-024, 4.57835345083e-024, 5.53534546407e-024, 7.49687177073e-024, 8.77162366191e-024, 5.99721326889e-024, 1.38724408736e-023, 1.89744255993e-023, 2.07043486551e-023, 2.5096858704e-023, 4.02686891726e-023, 5.10604609727e-023, 6.92363337218e-023, 8.63164534299e-023, 1.03623481089e-022, 1.38102748477e-022, 2.2602276049e-022, 3.15296950065e-022, 4.19364540911e-022, 5.41444640879e-022, 8.09543247812e-022, 1.2069305278e-021, 1.80030003819e-021, 4.54098578817e-022]
        var: [2.86742483056e-012, 2.60789434492e-008, 5.95805893511e-008, 6.72865141382e-008, 1.38366047508e-007, 7.72762902557e-008, 6.27907681405e-008, 4.7697785277e-008, 6.88490544576e-008, 1.60685587502e-007, 1.12016735443e-007, 7.0960716414e-008, 3.42516948137e-008, 2.6293973221e-008, 5.82414010353e-008, 8.86745823436e-008, 1.66669806845e-007, 1.04292006142e-007, 2.11192983102e-007, 1.24008735725e-007, 3.91351697715e-008, 5.76074743464e-009, 2.55035798036e-010, 8.76981959275e-011, 1.31948115628e-011, 2.04549613738e-014, 2.49414884568e-019, 5.37962687098e-021]
    mfcc:
        mean: [-696.005432129, 104.671470642, -49.5187263489, 50.4745864868, -16.0419254303, 1.32083201408, 7.91463804245, -1.0983825922, 1.00080657005, -4.9524307251, -3.51096200943, -2.2918047905, -2.97530984879]
        cov: [[7387.73242188, -42.773815155, -802.703552246, 336.048828125, -483.142730713, -110.186096191, -102.985359192, 33.0090713501, -20.7222995758, -7.63101577759, -20.6737003326, 46.6053199768, -22.1959552765], [-42.773815155, 843.117858887, -116.789001465, 157.665939331, 55.4454193115, 2.89141178131, 76.0667724609, -8.9010887146, 17.594865799, -29.75548172, 9.85259532928, -5.53776407242, -3.24028277397], [-802.703552246, -116.789001465, 486.73550415, -124.948295593, 159.841812134, 50.5935173035, -9.9569311142, 38.3372840881, -47.3185577393, 26.9302921295, -9.27482318878, 3.29944109917, -2.4523100853], [336.048828125, 157.665939331, -124.948295593, 282.220245361, -44.3838920593, 28.9740695953, 22.2516460419, -25.8547134399, 38.6570701599, -7.00603675842, 12.0379858017, 1.13149595261, 14.4320602417], [-483.142730713, 55.4454193115, 159.841812134, -44.3838920593, 176.443069458, 40.1620178223, 9.4765329361, 12.3097038269, -0.0416313931346, 14.5219945908, -3.98125171661, -2.08227705956, -4.55178403854], [-110.186096191, 2.89141178131, 50.5935173035, 28.9740695953, 40.1620178223, 107.643371582, 43.1327857971, 12.0418224335, 6.59038162231, 8.19322872162, 5.32626914978, -3.71808314323, 3.29113316536], [-102.985359192, 76.0667724609, -9.9569311142, 22.2516460419, 9.4765329361, 43.1327857971, 102.697555542, 25.8366966248, 16.6858215332, -3.2790722847, 4.36919021606, -5.39021730423, -0.373524785042], [33.0090713501, -8.9010887146, 38.3372840881, -25.8547134399, 12.3097038269, 12.0418224335, 25.8366966248, 84.8755340576, 18.4803829193, 8.96275138855, 1.07475674152, 5.84863901138, 1.08819556236], [-20.7222995758, 17.594865799, -47.3185577393, 38.6570701599, -0.0416313931346, 6.59038162231, 16.6858215332, 18.4803829193, 72.7918701172, 16.9640617371, 4.91485404968, -4.23807191849, 4.29737663269], [-7.63101577759, -29.75548172, 26.9302921295, -7.00603675842, 14.5219945908, 8.19322872162, -3.2790722847, 8.96275138855, 16.9640617371, 56.6401176453, 17.8533992767, 4.03602647781, 3.12995648384], [-20.6737003326, 9.85259532928, -9.27482318878, 12.0379858017, -3.98125171661, 5.32626914978, 4.36919021606, 1.07475674152, 4.91485404968, 17.8533992767, 50.131401062, 18.4380817413, 3.25100588799], [46.6053199768, -5.53776407242, 3.29944109917, 1.13149595261, -2.08227705956, -3.71808314323, -5.39021730423, 5.84863901138, -4.23807191849, 4.03602647781, 18.4380817413, 46.8512001038, 17.6070289612], [-22.1959552765, -3.24028277397, -2.4523100853, 14.4320602417, -4.55178403854, 3.29113316536, -0.373524785042, 1.08819556236, 4.29737663269, 3.12995648384, 3.25100588799, 17.6070289612, 43.5607566833]]
        icov: [[0.000211216698517, 2.05608084798e-005, 0.000324489694322, -0.000235811676248, 0.000302460073726, -8.9993372967e-005, 0.000281761429505, -0.000463573553134, 0.000474114756798, -0.000386257248465, 0.000414422451286, -0.000345887470758, 0.000347805558704], [2.05608084798e-005, 0.00166516529862, 0.000539564178325, -0.00101190514397, -0.00140824262053, 0.000972099078353, -0.00123495748267, -0.000148856299347, 0.000615587225184, 0.000599002814852, -0.000427720835432, 0.000177890644409, 0.000128752042656], [0.000324489694322, 0.000539564178325, 0.00443096458912, 5.52849342057e-005, -0.00275225681253, -0.000995113514364, 0.000886941037606, -0.00236141681671, 0.00363876204938, -0.0019340767758, 0.00116165331565, -0.000391788402339, 0.000142454053275], [-0.000235811676248, -0.00101190514397, 5.52849342057e-005, 0.00566606968641, 0.00124898529612, -0.00235506775789, 0.00018068087229, 0.00241249985993, -0.00333635183051, 0.00115081237163, -0.000999996904284, 0.000139502008096, -0.00155511277262], [0.000302460073726, -0.00140824262053, -0.00275225681253, 0.00124898529612, 0.0105272242799, -0.0030904840678, 0.00114516366739, 0.000582421082072, -0.00210704444908, -0.00142538489308, 0.00175920291804, -0.00136019708589, 0.00153817981482], [-8.9993372967e-005, 0.000972099078353, -0.000995113514364, -0.00235506775789, -0.0030904840678, 0.0140192424878, -0.00600475957617, -5.7930683397e-005, 0.000930182228331, -0.000765497505199, -0.00147315301001, 0.00186464993749, -0.00136197917163], [0.000281761429505, -0.00123495748267, 0.000886941037606, 0.00018068087229, 0.00114516366739, -0.00600475957617, 0.014867303893, -0.00443684449419, -0.00114278821275, 0.00166633434128, -0.000993904890493, 0.0013487576507, 0.000375459145289], [-0.000463573553134, -0.000148856299347, -0.00236141681671, 0.00241249985993, 0.000582421082072, -5.7930683397e-005, -0.00443684449419, 0.0165730044246, -0.00635337736458, 0.000201005794224, 0.000496520078741, -0.00285515468568, 0.000162991374964], [0.000474114756798, 0.000615587225184, 0.00363876204938, -0.00333635183051, -0.00210704444908, 0.000930182228331, -0.00114278821275, -0.00635337736458, 0.0215179026127, -0.00732476543635, 0.00110876024701, 0.00270282127894, -0.00131565588526], [-0.000386257248465, 0.000599002814852, -0.0019340767758, 0.00115081237163, -0.00142538489308, -0.000765497505199, 0.00166633434128, 0.000201005794224, -0.00732476543635, 0.0248003471643, -0.00999785214663, 0.00251318351366, -0.0020532773342], [0.000414422451286, -0.000427720835432, 0.00116165331565, -0.000999996904284, 0.00175920291804, -0.00147315301001, -0.000993904890493, 0.000496520078741, 0.00110876024701, -0.00999785214663, 0.0289130397141, -0.0128404721618, 0.0044914688915], [-0.000345887470758, 0.000177890644409, -0.000391788402339, 0.000139502008096, -0.00136019708589, 0.00186464993749, 0.0013487576507, -0.00285515468568, 0.00270282127894, 0.00251318351366, -0.0128404721618, 0.0322885848582, -0.012971197255], [0.000347805558704, 0.000128752042656, 0.000142454053275, -0.00155511277262, 0.00153817981482, -0.00136197917163, 0.000375459145289, 0.000162991374964, -0.00131565588526, -0.0020532773342, 0.0044914688915, -0.012971197255, 0.0291142705828]]
    sccoeffs:
        dmean: [0.0515536032617, 0.0454117171466, 0.0372172854841, 0.027727490291, 0.0205176826566, 0.0198508817703]
        dmean2: [0.0862765535712, 0.0764265954494, 0.0626668930054, 0.0466064438224, 0.0337243936956, 0.0308238379657]
        dvar: [0.00166287668981, 0.00127486861311, 0.000867435883265, 0.000484483607579, 0.000287497678073, 0.000341546459822]
        dvar2: [0.00465686386451, 0.00359209510498, 0.00242978380993, 0.00134105072357, 0.000721550255548, 0.000725349760614]
        max: [-0.377317398787, -0.542652845383, -0.552754342556, -0.58441311121, -0.596189379692, -0.552309155464]
        mean: [-0.697181105614, -0.782247304916, -0.798248946667, -0.80557924509, -0.802352547646, -0.733303427696]
        median: [-0.698376536369, -0.784408688545, -0.802296996117, -0.8085064888, -0.803715407848, -0.734191298485]
        min: [-0.982422530651, -0.978693068027, -0.974540650845, -0.972877800465, -0.968326687813, -0.965499281883]
        var: [0.00462409853935, 0.00326053099707, 0.00308414641768, 0.00193607015535, 0.00147472519893, 0.00284001557156]
    scvalleys:
        dmean: [0.364757090807, 0.334987223148, 0.288523584604, 0.249907582998, 0.258469253778, 0.294629454613]
        dmean2: [0.611925423145, 0.559810876846, 0.471772909164, 0.387297123671, 0.367550373077, 0.432463765144]
        dvar: [0.0944842621684, 0.0820533037186, 0.060583923012, 0.0549977831542, 0.0955618992448, 0.168367028236]
        dvar2: [0.242985129356, 0.201666012406, 0.137752994895, 0.106440812349, 0.156619593501, 0.337453573942]
        max: [-5.17154550552, -4.84191036224, -5.05148458481, -5.55398511887, -5.54086208344, -7.64637136459]
        mean: [-6.73308849335, -6.65703392029, -6.76639509201, -7.11913061142, -7.02932262421, -9.94474983215]
        median: [-6.35798931122, -6.29401111603, -6.37260580063, -6.69933795929, -6.49824666977, -9.41750526428]
        min: [-28.1339969635, -28.2274017334, -27.8778743744, -27.6873340607, -27.5303668976, -27.4113197327]
        var: [5.71481561661, 5.81024551392, 5.73094272614, 5.61631059647, 5.87834978104, 5.26573705673]

rhythm:
    beats_loudness:
        dmean: 0.00160835287534
        dmean2: 0.00284745101817
        dvar: 2.19830712922e-006
        dvar2: 6.26683049632e-006
        max: 0.0134159941226
        mean: 0.00590014876798
        median: 0.00631372258067
        min: 0
        var: 7.75405715103e-006
    bpm: 178.205856323
    bpm_confidence: 0
    first_peak_bpm: 178
    first_peak_spread: 0
    first_peak_weight: 0.501136362553
    onset_rate: 3.11200547218
    second_peak_bpm: 185
    second_peak_spread: 0
    second_peak_weight: 0.222727268934
    beats_loudness_band_ratio:
        dmean: [0.094167932868, 0.0783886685967, 0.0580655634403, 0.0666350573301, 0.0730861201882, 0.0832360684872]
        dmean2: [0.163281977177, 0.139547854662, 0.101696603, 0.11314830184, 0.123481430113, 0.13894931972]
        dvar: [0.0112082948908, 0.00578533206135, 0.00330138858408, 0.00447707343847, 0.00446686055511, 0.00506782531738]
        dvar2: [0.0315718278289, 0.0172213632613, 0.00957049615681, 0.0125315915793, 0.0123147247359, 0.0137591259554]
        max: [0.945111989975, 0.771613895893, 0.428265571594, 0.535458624363, 0.755744040012, 0.654516935349]
        mean: [0.163637921214, 0.122333712876, 0.110846340656, 0.143381789327, 0.225898176432, 0.261184990406]
        median: [0.114456497133, 0.102224379778, 0.0954064205289, 0.120161443949, 0.220378860831, 0.255305916071]
        min: [0, 0, 0, 0, 0, 0]
        var: [0.0232964213938, 0.00805692654103, 0.00502493977547, 0.00806925073266, 0.00908136554062, 0.0122337313369]
