
metadata:
    version:
        essentia: "2.1-beta2"
    audio_properties:
        analysis_sample_rate: 44100
        bitrate: 128
        channels: 2
        equal_loudness: 1
        length: 347.402435303
        replay_gain: -15.2013587952
        downmix: "mix"
    tags:
        album: ""
        artist: ""
        comment: ""
        date: "2012"
        genre: "Blues"
        title: ""
        tracknumber: "1"

configuration:
    average_loudness:
        compute: 1
        frameSize: 88200
        hopSize: 44100
        silentFrames: "noise"
        windowType: "hann"
    general:
        analysisSampleRate: 44100
        endTime: 2000
        equalLoudness: 1
        nequalLoudness: 0
        shortSound: 0
        startTime: 0
    lowlevel:
        compute: 1
        frameSize: 2048
        hopSize: 1024
        zeroPadding: 0
        silentFrames: "noise"
        windowType: "blackmanharris62"
        mfccStats: ["mean", "cov", "icov"]
        stats: ["mean", "var", "median", "min", "max", "dmean", "dmean2", "dvar", "dvar2"]
    panning:
        compute: 0
        frameSize: 8192
        hopSize: 2048
        zeroPadding: 8192
        silentFrames: "noise"
        windowType: "hann"
        stats: ["copy"]
    rhythm:
        compute: 1
        maxTempo: 208
        minTempo: 40
        method: "degara"
        stats: ["mean", "var", "median", "min", "max", "dmean", "dmean2", "dvar", "dvar2"]
    segmentation:
        compute: 0
        cpw: 5
        inc1: 300
        inc2: 50
        minimumSegmentsLength: 10
        size1: 1000
        size2: 600
    sfx:
        compute: 1
        stats: ["mean", "var", "median", "min", "max", "dmean", "dmean2", "dvar", "dvar2"]
    svm:
        compute: 0
    tonal:
        compute: 1
        frameSize: 4096
        hopSize: 2048
        zeroPadding: 0
        silentFrames: "noise"
        windowType: "blackmanharris62"
        stats: ["mean", "var", "median", "min", "max", "dmean", "dmean2", "dvar", "dvar2"]

lowlevel:
    average_loudness: 0.861367344856
    barkbands_kurtosis:
        dmean: 0.583248138428
        dmean2: 0.920057296753
        dvar: 0.869673848152
        dvar2: 1.92487692833
        max: 30.89635849
        mean: -0.338053554296
        median: -0.923863112926
        min: -1.84507787228
        var: 4.07884788513
    barkbands_skewness:
        dmean: 0.296401798725
        dmean2: 0.462434917688
        dvar: 0.0788856446743
        dvar2: 0.182346239686
        max: 4.83568525314
        mean: 0.0476718097925
        median: -0.0806196182966
        min: -2.34057283401
        var: 0.726899504662
    barkbands_spread:
        dmean: 4.72684574127
        dmean2: 7.48090553284
        dvar: 22.7315540314
        dvar2: 53.4227752686
        max: 74.1761322021
        mean: 30.4227237701
        median: 30.635641098
        min: 2.84645843506
        var: 94.7104873657
    dissonance:
        dmean: 0.0148585978895
        dmean2: 0.0252048950642
        dvar: 0.000206224591238
        dvar2: 0.000578233972192
        max: 0.5
        mean: 0.474822312593
        median: 0.480197310448
        min: 0.260026246309
        var: 0.000424829020631
    hfc:
        dmean: 1.94062757492
        dmean2: 3.10442852974
        dvar: 6.71458053589
        dvar2: 16.9328994751
        max: 40.1903877258
        mean: 8.99573993683
        median: 7.97765684128
        min: 1.07954812349e-016
        var: 48.91456604
    pitch:
        dmean: 570.714782715
        dmean2: 1101.29931641
        dvar: 1305436.75
        dvar2: 3351703
        max: 5168.37646484
        mean: 943.362121582
        median: 338.59487915
        min: 65.0478286743
        var: 1752630.75
    pitch_instantaneous_confidence:
        dmean: 0.0738999843597
        dmean2: 0.118966005743
        dvar: 0.0040205293335
        dvar2: 0.00973345246166
        max: 0.976979255676
        mean: 0.421739637852
        median: 0.384442567825
        min: 0.0942373871803
        var: 0.0281063094735
    pitch_salience:
        dmean: 0.0500117987394
        dmean2: 0.0809635818005
        dvar: 0.00173010292929
        dvar2: 0.00445309327915
        max: 0.913643181324
        mean: 0.626106202602
        median: 0.640472590923
        min: 0.21694727242
        var: 0.00925965886563
    silence_rate_20dB:
        dmean: 0
        dmean2: 0
        dvar: 0
        dvar2: 0
        max: 1
        mean: 1
        median: 1
        min: 1
        var: 0
    silence_rate_30dB:
        dmean: 0
        dmean2: 0
        dvar: 0
        dvar2: 0
        max: 1
        mean: 1
        median: 1
        min: 1
        var: 0
    silence_rate_60dB:
        dmean: 0.0442454218864
        dmean2: 0.0884967595339
        dvar: 0.0422844998538
        dvar2: 0.0929557755589
        max: 1
        mean: 0.335895210505
        median: 0
        min: 0
        var: 0.223037287593
    spectral_centroid:
        dmean: 212.359054565
        dmean2: 336.671539307
        dvar: 52134.4882813
        dvar2: 121395.351563
        max: 11760.9453125
        mean: 1710.20166016
        median: 1751.96411133
        min: 200.708587646
        var: 615755.5625
    spectral_complexity:
        dmean: 3.17310523987
        dmean2: 5.12144899368
        dvar: 12.1752300262
        dvar2: 27.6443729401
        max: 49
        mean: 16.7771835327
        median: 17
        min: 0
        var: 95.3075180054
    spectral_crest:
        dmean: 1.65685260296
        dmean2: 2.72784137726
        dvar: 2.27115821838
        dvar2: 5.8257317543
        max: 21.7084102631
        mean: 6.44537782669
        median: 5.85241365433
        min: 2.34253668785
        var: 6.61436796188
    spectral_decrease:
        dmean: 1.83500256656e-010
        dmean2: 2.98520708153e-010
        dvar: 4.56524469736e-020
        dvar2: 1.16297264351e-019
        max: 1.46439479621e-028
        mean: -1.03572783683e-009
        median: -1.03579733679e-009
        min: -3.28765881186e-009
        var: 3.16774838486e-019
    spectral_energy:
        dmean: 0.000839186715893
        dmean2: 0.00135820964351
        dvar: 1.00957731775e-006
        dvar2: 2.55720510722e-006
        max: 0.0151315713301
        mean: 0.00472502084449
        median: 0.00467781582847
        min: 1.02895702504e-020
        var: 7.39681627238e-006
    spectral_energyband_high:
        dmean: 0.000205587348319
        dmean2: 0.000339775899192
        dvar: 9.45085290027e-008
        dvar2: 2.50278930025e-007
        max: 0.00619809608907
        mean: 0.000593820179347
        median: 0.000398519274313
        min: 7.26105442489e-021
        var: 4.18775215394e-007
    spectral_energyband_low:
        dmean: 0.000190012695384
        dmean2: 0.000306273548631
        dvar: 6.28832097505e-008
        dvar2: 1.63698558708e-007
        max: 0.00402818107978
        mean: 0.000407203537179
        median: 0.000307393085677
        min: 9.22903755806e-024
        var: 1.30363687845e-007
    spectral_energyband_middle_high:
        dmean: 0.000576977210585
        dmean2: 0.000922641484067
        dvar: 4.6888951033e-007
        dvar2: 1.2027246612e-006
        max: 0.0113098630682
        mean: 0.00256362208165
        median: 0.00232006702572
        min: 1.19490833809e-021
        var: 3.70073667e-006
    spectral_energyband_middle_low:
        dmean: 0.000400556018576
        dmean2: 0.000646554573905
        dvar: 2.30742216445e-007
        dvar2: 6.00573514475e-007
        max: 0.00648704823107
        mean: 0.00129523151554
        median: 0.00117151532322
        min: 1.7693964564e-022
        var: 6.1043704136e-007
    spectral_flatness_db:
        dmean: 0.011644850485
        dmean2: 0.0182436611503
        dvar: 0.000116148970847
        dvar2: 0.000260517525021
        max: 0.422043174505
        mean: 0.143101349473
        median: 0.135219067335
        min: 0.0394889563322
        var: 0.00136774475686
    spectral_flux:
        dmean: 0.00615065963939
        dmean2: 0.00966688431799
        dvar: 4.61465097032e-005
        dvar2: 0.000105809958768
        max: 0.10666859895
        mean: 0.0385747738183
        median: 0.0398796387017
        min: 6.40535402496e-011
        var: 0.000300898216665
    spectral_kurtosis:
        dmean: 1.17704188824
        dmean2: 2.00337767601
        dvar: 2.25830745697
        dvar2: 6.48532152176
        max: 34.6666946411
        mean: 3.84910035133
        median: 3.38724565506
        min: -1.25471687317
        var: 6.67699766159
    spectral_rms:
        dmean: 0.000184145290405
        dmean2: 0.000295157777146
        dvar: 3.92233161506e-008
        dvar2: 9.65655502227e-008
        max: 0.0038422010839
        mean: 0.00203088787384
        median: 0.0021362870466
        min: 3.16837571804e-012
        var: 4.85281361762e-007
    spectral_rolloff:
        dmean: 368.926422119
        dmean2: 613.363464355
        dvar: 241215.796875
        dvar2: 530272.4375
        max: 19745.9472656
        mean: 3241.37695313
        median: 3531.4453125
        min: 150.732421875
        var: 1799149
    spectral_skewness:
        dmean: 0.169588074088
        dmean2: 0.278518021107
        dvar: 0.0326003804803
        dvar2: 0.0809429734945
        max: 4.34738302231
        mean: 1.39557158947
        median: 1.32482540607
        min: -0.0820502787828
        var: 0.185046806931
    spectral_spread:
        dmean: 343854.5
        dmean2: 510463.65625
        dvar: 337572954112
        dvar2: 642562260992
        max: 43586568
        mean: 4455372.5
        median: 4144681
        min: 1552961.25
        var: 5.48092248064e+012
    spectral_strongpeak:
        dmean: 0.537854492664
        dmean2: 0.911282002926
        dvar: 0.641935169697
        dvar2: 1.68750500679
        max: 10.5551462173
        mean: 1.02286207676
        median: 0.451110839844
        min: 0
        var: 1.7528167963
    zerocrossingrate:
        dmean: 0.00700084073469
        dmean2: 0.00851856730878
        dvar: 4.62570678792e-005
        dvar2: 6.01924948569e-005
        max: 0.52001953125
        mean: 0.0973906219006
        median: 0.1005859375
        min: 0.0126953125
        var: 0.00120076909661
    barkbands:
        dmean: [5.69631879443e-007, 8.4491999587e-005, 0.000109780361527, 0.000103667145595, 0.000197135217604, 0.000112433961476, 9.00103113963e-005, 0.000101002158772, 0.000101402860309, 0.00011834363977, 0.000135349429911, 9.09765003598e-005, 8.34011516417e-005, 7.62542622397e-005, 9.44593048189e-005, 0.000111612360342, 0.000147236060002, 0.000156739042723, 0.000178864240297, 0.000181771654752, 0.00010832852422, 2.10237212741e-005, 3.59104865311e-006, 1.51459926201e-006, 7.84664166531e-007, 2.33965202767e-008, 2.22795129567e-010]
        dmean2: [9.58943360274e-007, 0.000136577451485, 0.000179446084076, 0.000169990773429, 0.000328220135998, 0.000184082236956, 0.000148191000335, 0.00016024884826, 0.000165338075021, 0.000191998115042, 0.000219942303374, 0.00014960259432, 0.000136243703309, 0.000124143392895, 0.000151990578161, 0.000181228737347, 0.000243172427872, 0.000260140514001, 0.000295963516692, 0.000301803374896, 0.000179280716111, 3.44708787452e-005, 5.70059637539e-006, 2.34179697145e-006, 1.15854288651e-006, 3.42946968601e-008, 3.98169747173e-010]
        dvar: [1.31940725706e-012, 1.82547488237e-008, 2.46767779544e-008, 2.17312159378e-008, 1.06358996277e-007, 2.10923705168e-008, 1.68874745299e-008, 2.49202543046e-008, 2.62096584436e-008, 3.87729990337e-008, 6.47823483746e-008, 2.50544669456e-008, 2.3729606724e-008, 2.59408885483e-008, 4.12826537399e-008, 4.81195314705e-008, 9.75918652557e-008, 7.33558209731e-008, 5.09626580936e-008, 6.643144701e-008, 3.44679698117e-008, 1.59969193447e-009, 4.96136777495e-011, 1.11123861848e-011, 5.42708022619e-012, 6.82364236594e-015, 1.08704909551e-019]
        dvar2: [3.58589481893e-012, 4.78399400095e-008, 6.50269313951e-008, 5.60019124407e-008, 2.89070015924e-007, 5.54521513152e-008, 4.32399858141e-008, 5.86605715114e-008, 6.64616450763e-008, 9.72574056846e-008, 1.71298580653e-007, 6.51382023875e-008, 6.13626696122e-008, 6.28428935556e-008, 1.01872331015e-007, 1.22746754982e-007, 2.66023192808e-007, 1.88763223719e-007, 1.36956259666e-007, 1.78874529411e-007, 9.26859371475e-008, 4.04142097565e-009, 1.1759782037e-010, 2.4459947956e-011, 1.09134958015e-011, 1.27839489415e-014, 3.22744600967e-019]
        max: [1.59363644343e-005, 0.00128986337222, 0.00279288552701, 0.00307535403408, 0.00478091277182, 0.00230905716307, 0.00293797091581, 0.00313449464738, 0.00312392855994, 0.00409683817998, 0.00479118479416, 0.00481050321832, 0.00305144302547, 0.00386608112603, 0.00382170453668, 0.00629844050854, 0.00654256297275, 0.00739620206878, 0.002958787838, 0.00505925761536, 0.00380038539879, 0.000581501808483, 0.000105923398223, 9.81133489404e-005, 0.00011146961333, 3.58632451025e-006, 8.05161981532e-009]
        mean: [7.20710772839e-007, 0.000130388521939, 0.00018197944155, 0.000169265040313, 0.000338853133144, 0.000215510284761, 0.000158517752425, 0.000173342559719, 0.000178226357093, 0.000211427512113, 0.000233305370784, 0.0001609493047, 0.000161357223988, 0.000143612371176, 0.000182898394996, 0.000214402520214, 0.000351168942871, 0.000322901585605, 0.000437709648395, 0.000449105689768, 0.000256162369624, 4.11232467741e-005, 6.73169552101e-006, 3.44637805938e-006, 1.86376178135e-006, 5.05808266382e-008, 2.42825620722e-010]
        median: [3.55111325234e-007, 7.51041297917e-005, 0.000120052791317, 9.8510638054e-005, 0.000227301366976, 0.000142282893648, 9.24823980313e-005, 9.54915012699e-005, 0.000106033454358, 0.000113429450721, 9.34385752771e-005, 8.97119098227e-005, 7.26542493794e-005, 5.56127342861e-005, 6.93648835295e-005, 0.000111461151391, 0.000137820534292, 0.000198224268388, 0.000345041713445, 0.000323661253788, 0.000154494046001, 2.32995098486e-005, 3.39853704645e-006, 1.93515711544e-006, 9.19185538351e-007, 2.27565788435e-008, 1.26428978398e-010]
        min: [1.79947771065e-024, 2.52545811868e-024, 3.45733713944e-024, 1.29440300798e-024, 8.07109703428e-024, 1.23193567669e-023, 9.09692228909e-024, 7.36622851622e-024, 1.37403256046e-023, 2.35352832986e-023, 2.64552724496e-023, 3.17703442832e-023, 3.97696841629e-023, 4.33038725262e-023, 4.53566842391e-023, 4.67407438527e-023, 7.26348790301e-023, 8.95378773769e-023, 1.32860521637e-022, 2.00408383788e-022, 1.87824891147e-022, 3.5497574483e-022, 3.76570641716e-022, 6.37754384256e-022, 9.53422591195e-022, 1.26654347161e-021, 1.76126341407e-021]
        var: [1.30915916129e-012, 2.5494621525e-008, 4.22978096992e-008, 4.53405668566e-008, 1.45884030189e-007, 5.43653690954e-008, 4.33777351816e-008, 5.35847632932e-008, 5.43690781285e-008, 9.86402071135e-008, 1.56809448981e-007, 4.97795440424e-008, 6.87803378696e-008, 8.50644497064e-008, 1.25672315221e-007, 1.134952754e-007, 4.53500035746e-007, 1.81868031746e-007, 1.60151756745e-007, 2.17592045715e-007, 1.09666132175e-007, 2.66191069187e-009, 9.78885375535e-011, 2.67232225931e-011, 1.69690875934e-011, 1.92208309815e-014, 1.2470418526e-019]
    frequency_bands:
        dmean: [5.69631879443e-007, 8.4491999587e-005, 0.000109780361527, 0.000103667145595, 0.000197135217604, 0.000112433961476, 9.00103113963e-005, 0.000101002158772, 0.000101402860309, 0.00011834363977, 0.000135349429911, 9.09765003598e-005, 8.34011516417e-005, 7.62542622397e-005, 9.44593048189e-005, 0.000111612360342, 0.000147236060002, 0.000156739042723, 0.000178864240297, 0.000181771654752, 0.00010832852422, 2.10237212741e-005, 3.59104865311e-006, 1.51459926201e-006, 7.84664166531e-007, 2.33965202767e-008, 2.22795129567e-010, 5.51268267146e-011]
        dmean2: [9.58943360274e-007, 0.000136577451485, 0.000179446084076, 0.000169990773429, 0.000328220135998, 0.000184082236956, 0.000148191000335, 0.00016024884826, 0.000165338075021, 0.000191998115042, 0.000219942303374, 0.00014960259432, 0.000136243703309, 0.000124143392895, 0.000151990578161, 0.000181228737347, 0.000243172427872, 0.000260140514001, 0.000295963516692, 0.000301803374896, 0.000179280716111, 3.44708787452e-005, 5.70059637539e-006, 2.34179697145e-006, 1.15854288651e-006, 3.42946968601e-008, 3.98169747173e-010, 1.02493749599e-010]
        dvar: [1.31940725706e-012, 1.82547488237e-008, 2.46767779544e-008, 2.17312159378e-008, 1.06358996277e-007, 2.10923705168e-008, 1.68874745299e-008, 2.49202543046e-008, 2.62096584436e-008, 3.87729990337e-008, 6.47823483746e-008, 2.50544669456e-008, 2.3729606724e-008, 2.59408885483e-008, 4.12826537399e-008, 4.81195314705e-008, 9.75918652557e-008, 7.33558209731e-008, 5.09626580936e-008, 6.643144701e-008, 3.44679698117e-008, 1.59969193447e-009, 4.96136777495e-011, 1.11123861848e-011, 5.42708022619e-012, 6.82364236594e-015, 1.08704909551e-019, 6.75250556144e-021]
        dvar2: [3.58589481893e-012, 4.78399400095e-008, 6.50269313951e-008, 5.60019124407e-008, 2.89070015924e-007, 5.54521513152e-008, 4.32399858141e-008, 5.86605715114e-008, 6.64616450763e-008, 9.72574056846e-008, 1.71298580653e-007, 6.51382023875e-008, 6.13626696122e-008, 6.28428935556e-008, 1.01872331015e-007, 1.22746754982e-007, 2.66023192808e-007, 1.88763223719e-007, 1.36956259666e-007, 1.78874529411e-007, 9.26859371475e-008, 4.04142097565e-009, 1.1759782037e-010, 2.4459947956e-011, 1.09134958015e-011, 1.27839489415e-014, 3.22744600967e-019, 2.15167755745e-020]
        max: [1.59363644343e-005, 0.00128986337222, 0.00279288552701, 0.00307535403408, 0.00478091277182, 0.00230905716307, 0.00293797091581, 0.00313449464738, 0.00312392855994, 0.00409683817998, 0.00479118479416, 0.00481050321832, 0.00305144302547, 0.00386608112603, 0.00382170453668, 0.00629844050854, 0.00654256297275, 0.00739620206878, 0.002958787838, 0.00505925761536, 0.00380038539879, 0.000581501808483, 0.000105923398223, 9.81133489404e-005, 0.00011146961333, 3.58632451025e-006, 8.05161981532e-009, 1.08054376557e-009]
        mean: [7.20710772839e-007, 0.000130388521939, 0.00018197944155, 0.000169265040313, 0.000338853133144, 0.000215510284761, 0.000158517752425, 0.000173342559719, 0.000178226357093, 0.000211427512113, 0.000233305370784, 0.0001609493047, 0.000161357223988, 0.000143612371176, 0.000182898394996, 0.000214402520214, 0.000351168942871, 0.000322901585605, 0.000437709648395, 0.000449105689768, 0.000256162369624, 4.11232467741e-005, 6.73169552101e-006, 3.44637805938e-006, 1.86376178135e-006, 5.05808266382e-008, 2.42825620722e-010, 4.25863892761e-011]
        median: [3.55111325234e-007, 7.51041297917e-005, 0.000120052791317, 9.8510638054e-005, 0.000227301366976, 0.000142282893648, 9.24823980313e-005, 9.54915012699e-005, 0.000106033454358, 0.000113429450721, 9.34385752771e-005, 8.97119098227e-005, 7.26542493794e-005, 5.56127342861e-005, 6.93648835295e-005, 0.000111461151391, 0.000137820534292, 0.000198224268388, 0.000345041713445, 0.000323661253788, 0.000154494046001, 2.32995098486e-005, 3.39853704645e-006, 1.93515711544e-006, 9.19185538351e-007, 2.27565788435e-008, 1.26428978398e-010, 1.46785777977e-011]
        min: [1.79947771065e-024, 2.52545811868e-024, 3.45733713944e-024, 1.29440300798e-024, 8.07109703428e-024, 1.23193567669e-023, 9.09692228909e-024, 7.36622851622e-024, 1.37403256046e-023, 2.35352832986e-023, 2.64552724496e-023, 3.17703442832e-023, 3.97696841629e-023, 4.33038725262e-023, 4.53566842391e-023, 4.67407438527e-023, 7.26348790301e-023, 8.95378773769e-023, 1.32860521637e-022, 2.00408383788e-022, 1.87824891147e-022, 3.5497574483e-022, 3.76570641716e-022, 6.37754384256e-022, 9.53422591195e-022, 1.26654347161e-021, 1.76126341407e-021, 5.37422333786e-022]
        var: [1.30915916129e-012, 2.5494621525e-008, 4.22978096992e-008, 4.53405668566e-008, 1.45884030189e-007, 5.43653690954e-008, 4.33777351816e-008, 5.35847632932e-008, 5.43690781285e-008, 9.86402071135e-008, 1.56809448981e-007, 4.97795440424e-008, 6.87803378696e-008, 8.50644497064e-008, 1.25672315221e-007, 1.134952754e-007, 4.53500035746e-007, 1.81868031746e-007, 1.60151756745e-007, 2.17592045715e-007, 1.09666132175e-007, 2.66191069187e-009, 9.78885375535e-011, 2.67232225931e-011, 1.69690875934e-011, 1.92208309815e-014, 1.2470418526e-019, 5.35763105605e-021]
    mfcc:
        mean: [-708.819885254, 112.291923523, -51.3069725037, 46.8261184692, -18.8209476471, -3.66982936859, 8.67618751526, -5.5108962059, 1.33642816544, -3.76108551025, -5.73246765137, -1.84486782551, -2.21798968315]
        cov: [[6289.04589844, 9.24394226074, -380.313568115, 891.903686523, -119.559387207, 108.430938721, 117.46421051, 11.2638959885, 34.8993530273, -238.151702881, -72.1098632813, 39.5260162354, -206.125595093], [9.24394226074, 845.205871582, 43.0851478577, 216.631408691, 76.9949493408, 47.2941589355, 63.3526649475, -58.7941131592, -38.781703949, -32.0673408508, 9.898478508, -15.8469324112, 10.7127389908], [-380.313568115, 43.0851478577, 479.320373535, -0.682578980923, 105.716873169, 37.3122634888, -24.0399036407, 60.66588974, -66.8435974121, 0.00792063586414, 23.9497051239, -11.1115064621, -17.8726787567], [891.903686523, 216.631408691, -0.682578980923, 449.884887695, 42.9327087402, 61.029384613, 20.7584114075, 2.78572368622, 32.4881439209, -97.3707199097, -1.95551788807, 31.1837005615, -15.9361991882], [-119.559387207, 76.9949493408, 105.716873169, 42.9327087402, 141.041732788, 24.0380706787, 15.5688476563, 5.34706687927, 7.34255695343, -5.94217157364, -4.12032318115, 12.3139648438, -13.0552043915], [108.430938721, 47.2941589355, 37.3122634888, 61.029384613, 24.0380706787, 163.232559204, 61.0477294922, 13.1867837906, -13.8148164749, 7.89497518539, 24.5036659241, -38.7512664795, -2.91808581352], [117.46421051, 63.3526649475, -24.0399036407, 20.7584114075, 15.5688476563, 61.0477294922, 132.837524414, 4.82716035843, 10.2055549622, 7.36749696732, 5.37477016449, -9.42182636261, -16.6748580933], [11.2638959885, -58.7941131592, 60.66588974, 2.78572368622, 5.34706687927, 13.1867837906, 4.82716035843, 100.472686768, 19.4354400635, 7.93548345566, 10.230175972, 0.501472353935, 3.32831645012], [34.8993530273, -38.781703949, -66.8435974121, 32.4881439209, 7.34255695343, -13.8148164749, 10.2055549622, 19.4354400635, 111.97844696, 10.1432161331, -11.2368564606, 27.4135532379, 5.62854862213], [-238.151702881, -32.0673408508, 0.00792063586414, -97.3707199097, -5.94217157364, 7.89497518539, 7.36749696732, 7.93548345566, 10.1432161331, 100.19708252, 23.4064655304, -17.7200622559, 13.5127830505], [-72.1098632813, 9.898478508, 23.9497051239, -1.95551788807, -4.12032318115, 24.5036659241, 5.37477016449, 10.230175972, -11.2368564606, 23.4064655304, 74.6366882324, 4.39247703552, 2.12255215645], [39.5260162354, -15.8469324112, -11.1115064621, 31.1837005615, 12.3139648438, -38.7512664795, -9.42182636261, 0.501472353935, 27.4135532379, -17.7200622559, 4.39247703552, 91.7576980591, 15.4333496094], [-206.125595093, 10.7127389908, -17.8726787567, -15.9361991882, -13.0552043915, -2.91808581352, -16.6748580933, 3.32831645012, 5.62854862213, 13.5127830505, 2.12255215645, 15.4333496094, 83.2255706787]]
        icov: [[0.000302125263261, 0.000126808314235, 0.00023562804563, -0.000681394827552, 0.000319646467688, -6.14569871686e-005, -0.00014223139442, -0.000203635223443, 0.000361418991815, -9.52419650275e-005, 0.000333228701493, -0.00019012154371, 0.000697492039762], [0.000126808314235, 0.00171941064764, -1.08190315586e-005, -0.00123534910381, -0.000639724370558, 0.000548507436179, -0.00101814174559, 0.000947489636019, 0.000807303469628, -0.000254803919233, -0.000228368167882, 0.000690854911227, -0.000604641856626], [0.00023562804563, -1.08190315586e-005, 0.00362500967458, -0.000381575227948, -0.00235385424457, -0.000457775342511, 0.00102717021946, -0.00259181950241, 0.00267415377311, -0.000225224895985, -0.000182846168173, -0.000316874007694, 0.0011336831376], [-0.000681394827552, -0.00123534910381, -0.000381575227948, 0.0054837288335, -0.000861009699292, -0.00180822308175, 0.00108119938523, 2.12885552173e-005, -0.0025894981809, 0.00389542197809, -0.00131298031192, -0.00063526246231, -0.000849257106893], [0.000319646467688, -0.000639724370558, -0.00235385424457, -0.000861009699292, 0.0105923432857, -0.00153783638962, -0.000649309658911, 0.000791361904703, -0.00166539440397, -0.000636745768134, 0.0021854955703, -0.00249482505023, 0.00227248528972], [-6.14569871686e-005, 0.000548507436179, -0.000457775342511, -0.00180822308175, -0.00153783638962, 0.0104106366634, -0.00445048324764, -0.000184270480531, 0.000900644576177, -0.000466858793516, -0.00313751655631, 0.00499839521945, -0.00225988775492], [-0.00014223139442, -0.00101814174559, 0.00102717021946, 0.00108119938523, -0.000649309658911, -0.00445048324764, 0.0106250047684, -0.00101188383996, -0.00100362021476, -0.000598265964072, 0.000537765445188, -0.00131768756546, 0.00251341820695], [-0.000203635223443, 0.000947489636019, -0.00259181950241, 2.12885552173e-005, 0.000791361904703, -0.000184270480531, -0.00101188383996, 0.0130738634616, -0.00378629774787, 0.000157312228112, -0.00174066296313, 0.00110451725777, -0.00171663053334], [0.000361418991815, 0.000807303469628, 0.00267415377311, -0.0025894981809, -0.00166539440397, 0.000900644576177, -0.00100362021476, -0.00378629774787, 0.0139089813456, -0.00406384142116, 0.00307069299743, -0.00352703384124, 0.000885212852154], [-9.52419650275e-005, -0.000254803919233, -0.000225224895985, 0.00389542197809, -0.000636745768134, -0.000466858793516, -0.000598265964072, 0.000157312228112, -0.00406384142116, 0.0161721333861, -0.00556036736816, 0.0035140926484, -0.00260873092338], [0.000333228701493, -0.000228368167882, -0.000182846168173, -0.00131298031192, 0.0021854955703, -0.00313751655631, 0.000537765445188, -0.00174066296313, 0.00307069299743, -0.00556036736816, 0.0175371300429, -0.00448878947645, 0.00205447454937], [-0.00019012154371, 0.000690854911227, -0.000316874007694, -0.00063526246231, -0.00249482505023, 0.00499839521945, -0.00131768756546, 0.00110451725777, -0.00352703384124, 0.0035140926484, -0.00448878947645, 0.0162875000387, -0.00451166788116], [0.000697492039762, -0.000604641856626, 0.0011336831376, -0.000849257106893, 0.00227248528972, -0.00225988775492, 0.00251341820695, -0.00171663053334, 0.000885212852154, -0.00260873092338, 0.00205447454937, -0.00451166788116, 0.0158991049975]]
    sccoeffs:
        dmean: [0.0469597317278, 0.0448595695198, 0.0378551930189, 0.029980847612, 0.0213044974953, 0.017040938139]
        dmean2: [0.078654229641, 0.0746610313654, 0.0629399642348, 0.0494588501751, 0.0347942486405, 0.0275573376566]
        dvar: [0.00143887766171, 0.00120039284229, 0.000876152480487, 0.000558622181416, 0.000297826249152, 0.000223360169912]
        dvar2: [0.00403176899999, 0.00337989465334, 0.0023891585879, 0.00148398149759, 0.000752858351916, 0.000548302545212]
        max: [-0.392106890678, -0.476843565702, -0.527938365936, -0.52619856596, -0.580457746983, -0.571157157421]
        mean: [-0.687519669533, -0.76023042202, -0.76850938797, -0.769364178181, -0.781762301922, -0.74273121357]
        median: [-0.688724577427, -0.765060484409, -0.773074924946, -0.777555644512, -0.79009526968, -0.744150400162]
        min: [-0.978450238705, -0.976702094078, -0.977347791195, -0.969898462296, -0.967695593834, -0.964937150478]
        var: [0.00444656610489, 0.00373409292661, 0.0034866516944, 0.00373460398987, 0.00226191710681, 0.00228754756972]
    scvalleys:
        dmean: [0.347542047501, 0.324531883001, 0.270382612944, 0.234026119113, 0.219397723675, 0.225898981094]
        dmean2: [0.58104455471, 0.546208322048, 0.450669616461, 0.380718261003, 0.332658112049, 0.337748527527]
        dvar: [0.0858755782247, 0.0771747231483, 0.0561302565038, 0.0495589263737, 0.0689689740539, 0.101664967835]
        dvar2: [0.222066700459, 0.193245783448, 0.134154468775, 0.103775389493, 0.127971753478, 0.2042645365]
        max: [-5.17692708969, -4.74967908859, -5.2883682251, -5.52118110657, -5.52635955811, -7.8579454422]
        mean: [-6.85670995712, -6.58515548706, -6.83543491364, -7.30767774582, -7.24248933792, -10.0288639069]
        median: [-6.54096078873, -6.36447095871, -6.59202432632, -7.00158166885, -6.80405092239, -9.62295341492]
        min: [-28.4243392944, -28.4194793701, -27.8689956665, -27.6236858368, -27.5176315308, -27.3903999329]
        var: [2.69559931755, 2.30243229866, 2.15670657158, 2.2314786911, 2.70065379143, 2.39855408669]

rhythm:
    beats_loudness:
        dmean: 0.00214222678915
        dmean2: 0.00399547163397
        dvar: 2.93335074275e-006
        dvar2: 1.0258158909e-005
        max: 0.0135760270059
        mean: 0.00561995292082
        median: 0.00592349236831
        min: 0
        var: 8.85925146576e-006
    bpm: 87.571975708
    bpm_confidence: 0
    first_peak_bpm: 88
    first_peak_spread: 0.169642835855
    first_peak_weight: 0.667863547802
    onset_rate: 2.26250576973
    second_peak_bpm: 172
    second_peak_spread: 0
    second_peak_weight: 0.0807899460196
    beats_loudness_band_ratio:
        dmean: [0.085337869823, 0.102386318147, 0.0657722428441, 0.0684561133385, 0.0847287401557, 0.0831416770816]
        dmean2: [0.152550175786, 0.188643172383, 0.113849766552, 0.113820515573, 0.146744817495, 0.145732462406]
        dvar: [0.00708084227517, 0.00792064052075, 0.00392748229206, 0.00486915744841, 0.00620705867186, 0.00491978274658]
        dvar2: [0.021046904847, 0.0224764440209, 0.00972733926028, 0.0118094226345, 0.0156257580966, 0.0149367451668]
        max: [0.769145786762, 0.728563308716, 0.758301198483, 0.628821849823, 0.748565018177, 0.581328451633]
        mean: [0.146429657936, 0.134724408388, 0.126784682274, 0.149732723832, 0.231998160481, 0.252425611019]
        median: [0.116595029831, 0.114557519555, 0.101662889123, 0.117031231523, 0.211706787348, 0.26087808609]
        min: [0, 0, 0, 0, 0, 0]
        var: [0.0149611420929, 0.0109586268663, 0.00792060513049, 0.00978101976216, 0.0137540083379, 0.011777209118]
    beats_position: [0.348299324512, 0.696598649025, 1.05650794506, 1.40480720997, 1.764716506, 2.11301589012, 2.46131515503, 2.80961441994, 3.15791368484, 3.49460315704, 3.83129239082, 4.17959165573, 4.52789115906, 4.87619018555, 5.23609972, 5.60761880875, 5.9675283432, 6.33904743195, 6.71056699753, 7.07047605515, 7.4303855896, 7.77868461609, 8.12698364258, 8.48689365387, 8.84680271149, 9.2067117691, 9.56662082672, 9.93814086914, 10.2980499268, 10.6579589844, 11.017868042, 11.3777770996, 11.7260770798, 12.0743761063, 12.4110651016, 12.7477550507, 13.0960540771, 13.4443531036, 13.7810430527, 14.117732048, 14.4660310745, 14.8027210236, 15.1394100189, 15.4877090454, 15.8360090256, 16.1843090057, 16.5326080322, 16.8692970276, 17.2059860229, 17.5542850494, 17.9025840759, 18.2392749786, 18.575963974, 18.9242630005, 19.2609519958, 19.5976409912, 19.9459400177, 20.2942390442, 20.6309299469, 20.9676189423, 21.3159179688, 21.6642169952, 22.0125160217, 22.3492050171, 22.6858959198, 23.0341949463, 23.3708839417, 23.7191829681, 24.0558719635, 24.40417099, 24.7524719238, 25.0891609192, 25.4258499146, 25.774148941, 26.1224479675, 26.470746994, 26.8074378967, 27.1441268921, 27.4924259186, 27.8291149139, 28.1658039093, 28.5141029358, 28.8624038696, 29.2107028961, 29.5473918915, 29.8840808868, 30.2323799133, 30.5806789398, 30.9173698425, 31.2540588379, 31.6023578644, 31.9390468597, 32.2757377625, 32.6240348816, 32.9723358154, 33.332244873, 33.6921539307, 34.0404510498, 34.4932403564, 34.9344215393, 35.3755989075, 35.8283882141, 36.269569397, 36.7223587036, 37.1751480103, 37.6279373169, 38.0807266235, 38.6612243652, 39.2417221069, 39.8222198486, 40.5188217163, 41.2154197693, 41.9004058838, 42.585395813, 43.2703857422, 43.9553718567, 44.6403617859, 45.3253517151, 46.0103378296, 46.6953277588, 47.3919258118, 48.076915741, 48.7619056702, 49.4468917847, 50.1202697754, 50.7936515808, 51.4670295715, 52.1752357483, 52.8834457397, 53.5684356689, 54.2534217834, 54.9384117126, 55.6350097656, 56.3316078186, 57.0049858093, 57.6783676147, 58.3633537292, 59.0483436584, 59.7333335876, 60.4183197021, 61.0916976929, 61.7650794983, 62.4616775513, 63.1582756042, 63.8548736572, 64.5514755249, 65.2364578247, 65.9098434448, 66.5948257446, 67.2798156738, 67.964805603, 68.6381835938, 69.3231735229, 70.0081634521, 70.6931533813, 71.3781356812, 72.0631256104, 72.7481155396, 73.4447174072, 74.1297073364, 74.8146896362, 75.4996795654, 76.1846694946, 76.8696594238, 77.554649353, 78.2396392822, 78.924621582, 79.6096115112, 80.2946014404, 80.9795913696, 81.6645812988, 82.349571228, 83.0345535278, 83.719543457, 84.4045333862, 85.0895233154, 85.7745132446, 86.4595031738, 87.1444854736, 87.8410873413, 88.514465332, 89.1994552612, 89.8844451904, 90.5694351196, 91.2544174194, 91.9394073486, 92.6243972778, 93.309387207, 93.9943771362, 94.6793670654, 95.3643493652, 96.0493392944, 96.7459411621, 97.4309310913, 98.1275253296, 98.8125152588, 99.497505188, 100.182495117, 100.867477417, 101.552467346, 102.237457275, 102.934059143, 103.630653381, 104.315643311, 104.989021301, 105.67401123, 106.347389221, 107.03237915, 107.71736908, 108.413963318, 109.110565186, 109.807167053, 110.480545044, 111.165527344, 111.850517273, 112.523895264, 113.197273254, 113.893875122, 114.578865051, 115.26385498, 115.94884491, 116.633827209, 117.330429077, 118.015419006, 118.700408936, 119.385391235, 120.058776855, 120.743759155, 121.440361023, 122.125350952, 122.810340881, 123.495323181, 124.18031311, 124.86530304, 125.550292969, 126.235282898, 126.920272827, 127.605255127, 128.290252686, 128.975234985, 129.660217285, 130.356826782, 131.053421021, 131.750015259, 132.423400879, 133.09677124, 133.781768799, 134.466751099, 135.151748657, 135.848342896, 136.533325195, 137.218322754, 137.903305054, 138.576690674, 139.261672974, 139.946670532, 140.631652832, 141.316635132, 142.013244629, 142.698226929, 143.383224487, 144.068206787, 144.753189087, 145.438186646, 146.123168945, 146.819763184, 147.504760742, 148.189743042, 148.863128662, 149.548110962, 150.233108521, 150.91809082, 151.603088379, 152.288070679, 152.973052979, 153.669662476, 154.354644775, 155.039627075, 155.724624634, 156.409606934, 157.094604492, 157.779586792, 158.47618103, 159.14956665, 159.83454895, 160.519546509, 161.216140747, 161.901138306, 162.586120605, 163.271102905, 163.956100464, 164.641082764, 165.326080322, 166.011062622, 166.696044922, 167.38104248, 168.06602478, 168.751022339, 169.436004639, 170.121002197, 170.805984497, 171.490966797, 172.175964355, 172.860946655, 173.545944214, 174.242538452, 174.927520752, 175.612518311, 176.29750061, 176.982498169, 177.667480469, 178.352462769, 179.037460327, 179.722442627, 180.407440186, 181.092422485, 181.777404785, 182.462402344, 183.158996582, 183.843994141, 184.52897644, 185.202362061, 185.898956299, 186.583938599, 187.268936157, 187.953918457, 188.638900757, 189.323898315, 190.008880615, 190.693878174, 191.378860474, 192.063858032, 192.748840332, 193.433822632, 194.11882019, 194.815414429, 195.500411987, 196.185394287, 196.858764648, 197.543762207, 198.228744507, 198.925354004, 199.610336304, 200.295318604, 200.991928101, 201.6769104, 202.361907959, 203.058502197, 203.755096436, 204.440093994, 205.113464355, 205.786849976, 206.471832275, 207.145217896, 207.818588257, 208.515182495, 209.211791992, 209.885162354, 210.570159912, 211.255142212, 211.95173645, 212.636734009, 213.321716309, 214.006713867, 214.691696167, 215.376678467, 216.061676025, 216.746658325, 217.431655884, 218.116638184, 218.801635742, 219.486618042, 220.171600342, 220.8565979, 221.5415802, 222.226577759, 222.911560059, 223.596542358, 224.281539917, 224.966522217, 225.651519775, 226.348114014, 227.033096313, 227.718093872, 228.41468811, 229.099685669, 229.784667969, 230.469650269, 231.154647827, 231.839630127, 232.524627686, 233.209609985, 233.894592285, 234.579589844, 235.252960205, 235.937957764, 236.634552002, 237.33114624, 238.016143799, 238.701126099, 239.386123657, 240.071105957, 240.756088257, 241.441085815, 242.126068115, 242.811065674, 243.496047974, 244.181045532, 244.866027832, 245.551010132, 246.23600769, 246.92098999, 247.605987549, 248.290969849, 248.987564087, 249.672561646, 250.357543945, 251.042541504, 251.727523804, 252.412506104, 253.097503662, 253.7940979, 254.490692139, 255.175689697, 255.849060059, 256.545654297, 257.230651855, 257.904022217, 258.577423096, 259.262390137, 259.947387695, 260.632385254, 261.317352295, 262.002349854, 262.687347412, 263.38394165, 264.057312012, 264.74230957, 265.438903809, 266.123901367, 266.808898926, 267.493865967, 268.178863525, 268.863861084, 269.537231445, 270.222229004, 270.930419922, 271.61541748, 272.300415039, 272.98538208, 273.670379639, 274.355377197, 275.040344238, 275.725341797, 276.410339355, 277.095336914, 277.780303955, 278.476898193, 279.161895752, 279.846893311, 280.520263672, 281.20526123, 281.890258789, 282.57522583, 283.260223389, 283.956817627, 284.653411865, 285.338409424, 286.023406982, 286.708374023, 287.393371582, 288.078369141, 288.763336182, 289.44833374, 290.133331299, 290.818328857, 291.491699219, 292.176696777, 292.873291016, 293.558258057, 294.243255615, 294.928253174, 295.613250732, 296.298217773, 296.983215332, 297.668212891, 298.353179932, 299.03817749, 299.723175049, 300.419769287, 301.104766846, 301.789733887, 302.463134766, 303.148101807, 303.833099365, 304.506469727, 305.203063965, 305.899688721, 306.596282959, 307.28125, 307.966247559, 308.651245117, 309.336242676, 310.021209717, 310.706207275, 311.379577637, 312.076171875, 312.761169434, 313.446166992, 314.131164551, 314.816131592, 315.489532471, 316.174499512, 316.85949707, 317.556091309, 318.241088867, 318.926086426, 319.611053467, 320.296051025, 320.981048584, 321.666015625, 322.351013184, 323.036010742, 323.720977783, 324.405975342, 325.0909729, 325.775970459, 326.472564697, 327.157531738, 327.842529297, 328.539123535, 329.224121094, 329.909118652, 330.582489014, 331.279083252, 331.964080811, 332.649078369, 333.33404541, 334.019042969, 334.69241333, 335.377410889, 336.062408447, 336.759002686, 337.443969727, 338.128967285, 338.813964844, 339.498962402, 340.183929443, 340.857330322, 341.530700684, 342.192474365, 342.84262085, 343.492797852, 344.154541016, 344.816314697, 345.478088379, 346.139862061, 346.801635742]
