
metadata:
    version:
        essentia: "2.1-beta2"
    audio_properties:
        analysis_sample_rate: 44100
        bitrate: 128
        channels: 2
        equal_loudness: 1
        length: 257.854705811
        replay_gain: -14.3144893646
        downmix: "mix"
    tags:
        album: ""
        artist: ""
        comment: ""
        date: "2012"
        genre: "Blues"
        title: ""
        tracknumber: "1"

configuration:
    average_loudness:
        compute: 1
        frameSize: 88200
        hopSize: 44100
        silentFrames: "noise"
        windowType: "hann"
    general:
        analysisSampleRate: 44100
        endTime: 2000
        equalLoudness: 1
        nequalLoudness: 0
        shortSound: 0
        startTime: 0
    lowlevel:
        compute: 1
        frameSize: 2048
        hopSize: 1024
        zeroPadding: 0
        silentFrames: "noise"
        windowType: "blackmanharris62"
        mfccStats: ["mean", "cov", "icov"]
        stats: ["mean", "var", "median", "min", "max", "dmean", "dmean2", "dvar", "dvar2"]
    panning:
        compute: 0
        frameSize: 8192
        hopSize: 2048
        zeroPadding: 8192
        silentFrames: "noise"
        windowType: "hann"
        stats: ["copy"]
    rhythm:
        compute: 1
        maxTempo: 208
        minTempo: 40
        method: "degara"
        stats: ["mean", "var", "median", "min", "max", "dmean", "dmean2", "dvar", "dvar2"]
    segmentation:
        compute: 0
        cpw: 5
        inc1: 300
        inc2: 50
        minimumSegmentsLength: 10
        size1: 1000
        size2: 600
    sfx:
        compute: 1
        stats: ["mean", "var", "median", "min", "max", "dmean", "dmean2", "dvar", "dvar2"]
    svm:
        compute: 0
    tonal:
        compute: 1
        frameSize: 4096
        hopSize: 2048
        zeroPadding: 0
        silentFrames: "noise"
        windowType: "blackmanharris62"
        stats: ["mean", "var", "median", "min", "max", "dmean", "dmean2", "dvar", "dvar2"]

lowlevel:
    average_loudness: 0.936110496521
    barkbands_kurtosis:
        dmean: 0.571974813938
        dmean2: 0.898439705372
        dvar: 1.20155417919
        dvar2: 2.05117321014
        max: 51.8878440857
        mean: -0.68851941824
        median: -1.09826648235
        min: -1.93501067162
        var: 2.85729384422
    barkbands_skewness:
        dmean: 0.359151303768
        dmean2: 0.539739429951
        dvar: 0.116774834692
        dvar2: 0.232337757945
        max: 6.37431526184
        mean: -0.0710008516908
        median: -0.176646351814
        min: -2.60996246338
        var: 0.56922852993
    barkbands_spread:
        dmean: 5.73694181442
        dmean2: 9.06231021881
        dvar: 27.4867534637
        dvar2: 62.1015281677
        max: 68.7995986938
        mean: 34.3817672729
        median: 34.7442398071
        min: 2.03805112839
        var: 89.6384124756
    dissonance:
        dmean: 0.0121384225786
        dmean2: 0.0203880760819
        dvar: 0.000169266320881
        dvar2: 0.000434784626123
        max: 0.500000059605
        mean: 0.481114655733
        median: 0.485484302044
        min: 0.175562337041
        var: 0.000277663872112
    hfc:
        dmean: 2.85606980324
        dmean2: 4.56112194061
        dvar: 12.7797021866
        dvar2: 32.1449317932
        max: 50.8857460022
        mean: 9.87802219391
        median: 8.79545021057
        min: 1.09759416043e-016
        var: 45.3448524475
    pitch:
        dmean: 933.131408691
        dmean2: 1796.97045898
        dvar: 2001275.125
        dvar2: 4664446.5
        max: 5027.71044922
        mean: 1602.85253906
        median: 427.056854248
        min: 72.5257263184
        var: 2796649.75
    pitch_instantaneous_confidence:
        dmean: 0.080721527338
        dmean2: 0.130770817399
        dvar: 0.00487760128453
        dvar2: 0.0112110739574
        max: 0.883899569511
        mean: 0.343199670315
        median: 0.319655567408
        min: 0.0953236222267
        var: 0.0157778151333
    pitch_salience:
        dmean: 0.0538935363293
        dmean2: 0.0868079811335
        dvar: 0.00220129732043
        dvar2: 0.0053574363701
        max: 0.993656158447
        mean: 0.673899769783
        median: 0.687352120876
        min: 0.164986819029
        var: 0.00638687098399
    silence_rate_20dB:
        dmean: 0
        dmean2: 0
        dvar: 0
        dvar2: 0
        max: 1
        mean: 1
        median: 1
        min: 1
        var: 0
    silence_rate_30dB:
        dmean: 0
        dmean2: 0
        dvar: 0
        dvar2: 0
        max: 1
        mean: 1
        median: 1
        min: 1
        var: 0
    silence_rate_60dB:
        dmean: 0.0733003169298
        dmean2: 0.146613836288
        dvar: 0.0679255574942
        dvar2: 0.150686606765
        max: 1
        mean: 0.228164955974
        median: 0
        min: 0
        var: 0.176071032882
    spectral_centroid:
        dmean: 293.610290527
        dmean2: 453.741760254
        dvar: 86030.328125
        dvar2: 187125.171875
        max: 11760.3544922
        mean: 1861.76281738
        median: 1890.38000488
        min: 178.468017578
        var: 835262.75
    spectral_complexity:
        dmean: 4.55056285858
        dmean2: 7.1014046669
        dvar: 20.6300735474
        dvar2: 44.0213623047
        max: 50
        mean: 19.4802818298
        median: 19
        min: 0
        var: 105.005332947
    spectral_crest:
        dmean: 1.6351774931
        dmean2: 2.68037724495
        dvar: 2.38248896599
        dvar2: 5.5821762085
        max: 22.3661327362
        mean: 5.85400295258
        median: 5.25459098816
        min: 2.18546891212
        var: 5.83457374573
    spectral_decrease:
        dmean: 2.36499875239e-010
        dmean2: 3.83014314709e-010
        dvar: 7.33029881256e-020
        dvar2: 1.82502112243e-019
        max: 2.1766104304e-028
        mean: -1.10064601877e-009
        median: -1.05880759715e-009
        min: -3.8244274414e-009
        var: 2.87846109417e-019
    spectral_energy:
        dmean: 0.00111211580224
        dmean2: 0.00179383030627
        dvar: 1.69439852016e-006
        dvar2: 4.20242758992e-006
        max: 0.0190497692674
        mean: 0.00505005661398
        median: 0.00480350619182
        min: 1.00838244211e-020
        var: 6.67328777126e-006
    spectral_energyband_high:
        dmean: 0.000284167152131
        dmean2: 0.000473379564937
        dvar: 1.60049935971e-007
        dvar2: 4.1275438889e-007
        max: 0.00647219270468
        mean: 0.000639722624328
        median: 0.000486446195282
        min: 7.05884188466e-021
        var: 3.58592870953e-007
    spectral_energyband_low:
        dmean: 0.000292786484351
        dmean2: 0.000480080576381
        dvar: 1.17697119606e-007
        dvar2: 3.16275816203e-007
        max: 0.00445586349815
        mean: 0.000536049250513
        median: 0.000411812914535
        min: 1.67895680373e-023
        var: 2.19605453822e-007
    spectral_energyband_middle_high:
        dmean: 0.000724843586795
        dmean2: 0.00112488062587
        dvar: 6.18724243395e-007
        dvar2: 1.47110733906e-006
        max: 0.0137567277998
        mean: 0.00270942295901
        median: 0.00241105002351
        min: 1.21865857968e-021
        var: 3.2616255794e-006
    spectral_energyband_middle_low:
        dmean: 0.000473060732475
        dmean2: 0.000773756590206
        dvar: 3.08608406385e-007
        dvar2: 8.19401179797e-007
        max: 0.0066924681887
        mean: 0.00135439948644
        median: 0.00118471414316
        min: 1.70194632465e-022
        var: 6.77297748553e-007
    spectral_flatness_db:
        dmean: 0.0124034956098
        dmean2: 0.0189357846975
        dvar: 0.000146371690789
        dvar2: 0.000270531629212
        max: 0.360783964396
        mean: 0.127130925655
        median: 0.121071256697
        min: 0.047342594713
        var: 0.00107432878576
    spectral_flux:
        dmean: 0.00659102620557
        dmean2: 0.00999694503844
        dvar: 4.91529644933e-005
        dvar2: 0.000101637095213
        max: 0.102762423456
        mean: 0.0428631864488
        median: 0.0434028729796
        min: 6.4204919159e-011
        var: 0.000234302671743
    spectral_kurtosis:
        dmean: 1.13488280773
        dmean2: 1.88446116447
        dvar: 5.92990350723
        dvar2: 14.2367076874
        max: 54.4481925964
        mean: 3.13809323311
        median: 2.65508174896
        min: -1.27455365658
        var: 9.51890277863
    spectral_rms:
        dmean: 0.000236412786762
        dmean2: 0.000374946801458
        dvar: 6.21144238266e-008
        dvar2: 1.47790785832e-007
        max: 0.00431104842573
        mean: 0.00212325318716
        median: 0.00216479739174
        min: 3.1365389886e-012
        var: 4.18651978862e-007
    spectral_rolloff:
        dmean: 410.423828125
        dmean2: 644.965637207
        dvar: 279224.96875
        dvar2: 530355.25
        max: 19573.6816406
        mean: 3540.8684082
        median: 3703.7109375
        min: 172.265625
        var: 2194948.25
    spectral_skewness:
        dmean: 0.182487338781
        dmean2: 0.288457483053
        dvar: 0.0607285574079
        dvar2: 0.13042357564
        max: 5.58440065384
        mean: 1.23418056965
        median: 1.19301760197
        min: -0.0941683799028
        var: 0.178025797009
    spectral_spread:
        dmean: 409045.0625
        dmean2: 597979.6875
        dvar: 382332141568
        dvar2: 702548344832
        max: 42690536
        mean: 4828555.5
        median: 4518717.5
        min: 1232359.375
        var: 9.2077859799e+012
    spectral_strongpeak:
        dmean: 0.49137070775
        dmean2: 0.846904754639
        dvar: 0.683102488518
        dvar2: 1.72669124603
        max: 12.5228738785
        mean: 0.673162281513
        median: 0.216551631689
        min: 1.31617730603e-010
        var: 1.15698122978
    zerocrossingrate:
        dmean: 0.00918685458601
        dmean2: 0.0105096120387
        dvar: 8.95098346518e-005
        dvar2: 0.000110321263492
        max: 0.53369140625
        mean: 0.105538874865
        median: 0.10791015625
        min: 0.0078125
        var: 0.00160921714269
    barkbands:
        dmean: [1.22778101286e-006, 0.000117413444968, 0.000173636013642, 0.000158802853548, 0.000254958053119, 0.000109006185085, 9.56338699325e-005, 9.71925765043e-005, 0.000120004886412, 0.000138193179737, 0.000110649925773, 0.000122707380797, 9.24608903006e-005, 6.73453396303e-005, 0.000103508478787, 9.64503487921e-005, 0.00012506719213, 0.000191234110389, 0.000266287737759, 0.000223757335334, 0.000150730003952, 4.14909409301e-005, 6.67043605063e-006, 3.00303122458e-006, 1.3824949292e-006, 3.9382371142e-008, 2.4815613453e-010]
        dmean2: [2.0997433694e-006, 0.000199308080482, 0.000289475807222, 0.000251074292464, 0.000433361099567, 0.000182069779839, 0.000160487965331, 0.000161608637427, 0.000201193164685, 0.000228579156101, 0.000181175419129, 0.000203673771466, 0.000152134205564, 0.000110469278297, 0.000166571422596, 0.000155641988385, 0.000205662290682, 0.000309865601594, 0.000433573848568, 0.000367484462913, 0.000252605997957, 7.06787759555e-005, 1.09974598672e-005, 4.79327536596e-006, 2.13747193811e-006, 6.03421170808e-008, 4.43221903623e-010]
        dvar: [3.59917369346e-012, 2.70164353111e-008, 5.34825304044e-008, 4.67916159153e-008, 1.47606897372e-007, 2.58583714441e-008, 2.06758947741e-008, 1.80896968516e-008, 2.85939361078e-008, 5.5980926561e-008, 4.03387261372e-008, 3.33578746847e-008, 2.14822026834e-008, 1.41033993373e-008, 4.68464200765e-008, 1.8256363532e-008, 4.06587901125e-008, 1.0914954629e-007, 9.09632547064e-008, 7.24676709751e-008, 6.18039734945e-008, 5.20638154811e-009, 1.34189478973e-010, 3.59149585072e-011, 1.11564394875e-011, 1.42661625785e-014, 2.65505563735e-019]
        dvar2: [9.88473625868e-012, 7.09187659709e-008, 1.45385442352e-007, 1.14024459208e-007, 4.0272433921e-007, 6.77135716387e-008, 5.35521529343e-008, 4.59948203968e-008, 7.5255819354e-008, 1.45751570813e-007, 9.76599920932e-008, 8.62679030433e-008, 5.45791642992e-008, 3.64818717458e-008, 1.16795483507e-007, 4.43333227906e-008, 1.02905815424e-007, 2.52564746006e-007, 2.39725324036e-007, 1.87845344612e-007, 1.55725345508e-007, 1.40211868782e-008, 3.36376565491e-010, 8.15184933445e-011, 2.40873015978e-011, 3.18104002612e-014, 7.32792221927e-019]
        max: [1.62823635037e-005, 0.00147573056165, 0.00330066122115, 0.00420608697459, 0.00477311387658, 0.00445496756583, 0.00267639243975, 0.00222165556625, 0.00325391627848, 0.00574158877134, 0.00527761084959, 0.00443238252774, 0.00299773341976, 0.00358905340545, 0.00781996641308, 0.00308551220223, 0.00532807549462, 0.0101479031146, 0.00732727721334, 0.00449897581711, 0.00612815842032, 0.00121475802734, 0.000227397904382, 0.000143880955875, 8.35255050333e-005, 3.8247694647e-006, 1.61660267395e-008]
        mean: [1.41263672049e-006, 0.000141244672704, 0.00024672553991, 0.000244664144702, 0.00038342125481, 0.000181681869435, 0.000149046667502, 0.000149058920215, 0.000198399371584, 0.000227452415857, 0.000180476214155, 0.000213951992919, 0.000167824517121, 0.000116034592793, 0.000182781586773, 0.000183809781447, 0.000247253075941, 0.000374176423065, 0.00058696558699, 0.000511925376486, 0.000274166202871, 6.6659609729e-005, 1.19978622024e-005, 6.05646619078e-006, 2.8036022286e-006, 7.13325931656e-008, 2.68772115675e-010]
        median: [8.27761255096e-007, 8.34721140563e-005, 0.000163289383636, 0.000134598405566, 0.000242663110839, 0.000107871797809, 8.56052938616e-005, 9.38326265896e-005, 0.000132449698867, 0.000122400175314, 0.000100960678537, 0.000133756897412, 9.719915397e-005, 7.40552859497e-005, 8.61465159687e-005, 0.000135997193865, 0.000169247825397, 0.000249975593761, 0.000496387248859, 0.000410274340538, 0.000183495110832, 4.22168595833e-005, 6.47906654194e-006, 3.35745312441e-006, 1.48799517774e-006, 3.37815748708e-008, 1.40258193948e-010]
        min: [8.83805738583e-025, 9.28559987104e-025, 1.10576684123e-024, 1.16603423667e-024, 1.15048610377e-023, 9.29461083194e-024, 2.42720825395e-024, 1.06674883423e-023, 1.63873562607e-023, 2.20260851018e-023, 1.66583126267e-023, 2.5369329683e-023, 2.72089485808e-023, 3.14199007146e-023, 5.0577715964e-023, 6.2771422966e-023, 3.91443225689e-023, 1.05782271531e-022, 1.60248964473e-022, 1.73586911062e-022, 1.73201833345e-022, 3.42350688685e-022, 4.5565832722e-022, 5.44422369915e-022, 9.20851748731e-022, 1.40713438836e-021, 2.06214591902e-021]
        var: [3.45087630346e-012, 2.93830524356e-008, 7.69410917201e-008, 1.02015867753e-007, 1.90421758361e-007, 5.42619673638e-008, 3.82564024903e-008, 3.10884580301e-008, 5.25355439152e-008, 1.15106338683e-007, 9.05447876676e-008, 6.76700722124e-008, 5.40737268295e-008, 2.66295465678e-008, 1.01056706114e-007, 4.02865012461e-008, 1.09594509468e-007, 2.40474776092e-007, 2.33926414239e-007, 2.13941447669e-007, 1.13108910682e-007, 6.12544903689e-009, 2.19990026196e-010, 7.31873797677e-011, 2.31113184146e-011, 2.5374466051e-014, 2.54694933514e-019]
    frequency_bands:
        dmean: [1.22778101286e-006, 0.000117413444968, 0.000173636013642, 0.000158802853548, 0.000254958053119, 0.000109006185085, 9.56338699325e-005, 9.71925765043e-005, 0.000120004886412, 0.000138193179737, 0.000110649925773, 0.000122707380797, 9.24608903006e-005, 6.73453396303e-005, 0.000103508478787, 9.64503487921e-005, 0.00012506719213, 0.000191234110389, 0.000266287737759, 0.000223757335334, 0.000150730003952, 4.14909409301e-005, 6.67043605063e-006, 3.00303122458e-006, 1.3824949292e-006, 3.9382371142e-008, 2.4815613453e-010, 5.50120643483e-011]
        dmean2: [2.0997433694e-006, 0.000199308080482, 0.000289475807222, 0.000251074292464, 0.000433361099567, 0.000182069779839, 0.000160487965331, 0.000161608637427, 0.000201193164685, 0.000228579156101, 0.000181175419129, 0.000203673771466, 0.000152134205564, 0.000110469278297, 0.000166571422596, 0.000155641988385, 0.000205662290682, 0.000309865601594, 0.000433573848568, 0.000367484462913, 0.000252605997957, 7.06787759555e-005, 1.09974598672e-005, 4.79327536596e-006, 2.13747193811e-006, 6.03421170808e-008, 4.43221903623e-010, 1.0194056016e-010]
        dvar: [3.59917369346e-012, 2.70164353111e-008, 5.34825304044e-008, 4.67916159153e-008, 1.47606897372e-007, 2.58583714441e-008, 2.06758947741e-008, 1.80896968516e-008, 2.85939361078e-008, 5.5980926561e-008, 4.03387261372e-008, 3.33578746847e-008, 2.14822026834e-008, 1.41033993373e-008, 4.68464200765e-008, 1.8256363532e-008, 4.06587901125e-008, 1.0914954629e-007, 9.09632547064e-008, 7.24676709751e-008, 6.18039734945e-008, 5.20638154811e-009, 1.34189478973e-010, 3.59149585072e-011, 1.11564394875e-011, 1.42661625785e-014, 2.65505563735e-019, 6.33831627623e-021]
        dvar2: [9.88473625868e-012, 7.09187659709e-008, 1.45385442352e-007, 1.14024459208e-007, 4.0272433921e-007, 6.77135716387e-008, 5.35521529343e-008, 4.59948203968e-008, 7.5255819354e-008, 1.45751570813e-007, 9.76599920932e-008, 8.62679030433e-008, 5.45791642992e-008, 3.64818717458e-008, 1.16795483507e-007, 4.43333227906e-008, 1.02905815424e-007, 2.52564746006e-007, 2.39725324036e-007, 1.87845344612e-007, 1.55725345508e-007, 1.40211868782e-008, 3.36376565491e-010, 8.15184933445e-011, 2.40873015978e-011, 3.18104002612e-014, 7.32792221927e-019, 1.98803328263e-020]
        max: [1.62823635037e-005, 0.00147573056165, 0.00330066122115, 0.00420608697459, 0.00477311387658, 0.00445496756583, 0.00267639243975, 0.00222165556625, 0.00325391627848, 0.00574158877134, 0.00527761084959, 0.00443238252774, 0.00299773341976, 0.00358905340545, 0.00781996641308, 0.00308551220223, 0.00532807549462, 0.0101479031146, 0.00732727721334, 0.00449897581711, 0.00612815842032, 0.00121475802734, 0.000227397904382, 0.000143880955875, 8.35255050333e-005, 3.8247694647e-006, 1.61660267395e-008, 1.10044817703e-009]
        mean: [1.41263672049e-006, 0.000141244672704, 0.00024672553991, 0.000244664144702, 0.00038342125481, 0.000181681869435, 0.000149046667502, 0.000149058920215, 0.000198399371584, 0.000227452415857, 0.000180476214155, 0.000213951992919, 0.000167824517121, 0.000116034592793, 0.000182781586773, 0.000183809781447, 0.000247253075941, 0.000374176423065, 0.00058696558699, 0.000511925376486, 0.000274166202871, 6.6659609729e-005, 1.19978622024e-005, 6.05646619078e-006, 2.8036022286e-006, 7.13325931656e-008, 2.68772115675e-010, 4.30525233519e-011]
        median: [8.27761255096e-007, 8.34721140563e-005, 0.000163289383636, 0.000134598405566, 0.000242663110839, 0.000107871797809, 8.56052938616e-005, 9.38326265896e-005, 0.000132449698867, 0.000122400175314, 0.000100960678537, 0.000133756897412, 9.719915397e-005, 7.40552859497e-005, 8.61465159687e-005, 0.000135997193865, 0.000169247825397, 0.000249975593761, 0.000496387248859, 0.000410274340538, 0.000183495110832, 4.22168595833e-005, 6.47906654194e-006, 3.35745312441e-006, 1.48799517774e-006, 3.37815748708e-008, 1.40258193948e-010, 1.63985474505e-011]
        min: [8.83805738583e-025, 9.28559987104e-025, 1.10576684123e-024, 1.16603423667e-024, 1.15048610377e-023, 9.29461083194e-024, 2.42720825395e-024, 1.06674883423e-023, 1.63873562607e-023, 2.20260851018e-023, 1.66583126267e-023, 2.5369329683e-023, 2.72089485808e-023, 3.14199007146e-023, 5.0577715964e-023, 6.2771422966e-023, 3.91443225689e-023, 1.05782271531e-022, 1.60248964473e-022, 1.73586911062e-022, 1.73201833345e-022, 3.42350688685e-022, 4.5565832722e-022, 5.44422369915e-022, 9.20851748731e-022, 1.40713438836e-021, 2.06214591902e-021, 4.53907081254e-022]
        var: [3.45087630346e-012, 2.93830524356e-008, 7.69410917201e-008, 1.02015867753e-007, 1.90421758361e-007, 5.42619673638e-008, 3.82564024903e-008, 3.10884580301e-008, 5.25355439152e-008, 1.15106338683e-007, 9.05447876676e-008, 6.76700722124e-008, 5.40737268295e-008, 2.66295465678e-008, 1.01056706114e-007, 4.02865012461e-008, 1.09594509468e-007, 2.40474776092e-007, 2.33926414239e-007, 2.13941447669e-007, 1.13108910682e-007, 6.12544903689e-009, 2.19990026196e-010, 7.31873797677e-011, 2.31113184146e-011, 2.5374466051e-014, 2.54694933514e-019, 5.01611209181e-021]
    mfcc:
        mean: [-692.943054199, 102.692779541, -48.2032737732, 47.6970329285, -17.3328380585, -0.537299096584, 11.1618118286, -1.83136892319, -0.133576512337, -3.42443943024, -3.96796751022, -2.97690749168, -4.49389600754]
        cov: [[7062.08154297, 215.81477356, -611.668457031, 569.440673828, -354.202392578, 48.1681098938, 47.8366203308, 16.6144561768, -5.17813205719, -4.70454645157, -52.7316169739, -0.546511888504, -4.50036430359], [215.81477356, 819.05078125, -190.05430603, 120.01927948, 14.4098882675, -30.872379303, 78.9055862427, -30.1196174622, 3.16333127022, -19.4386119843, 1.35292208195, -18.5717830658, -23.8359603882], [-611.668457031, -190.05430603, 421.884857178, -157.604187012, 98.9973297119, 9.80924129486, -46.7726783752, 63.6946487427, -47.6747703552, 10.9757442474, 11.8300390244, 15.8250827789, -7.05756568909], [569.440673828, 120.01927948, -157.604187012, 276.581390381, -50.2468528748, 21.5797386169, 14.5316534042, -26.2594299316, 37.3581428528, -15.7079553604, 4.8516087532, 3.42988443375, 10.1858863831], [-354.202392578, 14.4098882675, 98.9973297119, -50.2468528748, 121.168876648, 14.4718999863, 5.48606061935, 11.33091259, -6.42207479477, 6.78353977203, 0.627096772194, 1.76950907707, -7.90467405319], [48.1681098938, -30.872379303, 9.80924129486, 21.5797386169, 14.4718999863, 107.528198242, 17.5987548828, 19.638168335, 4.12916517258, 14.7600507736, 2.44783782959, -11.1036157608, 8.17597675323], [47.8366203308, 78.9055862427, -46.7726783752, 14.5316534042, 5.48606061935, 17.5987548828, 84.5108337402, 17.0878238678, 18.2061138153, 3.42269706726, 4.76570510864, -0.620990395546, 2.13861250877], [16.6144561768, -30.1196174622, 63.6946487427, -26.2594299316, 11.33091259, 19.638168335, 17.0878238678, 93.6030044556, 8.42685985565, 16.1081390381, 13.2714853287, 7.86571979523, 6.38658761978], [-5.17813205719, 3.16333127022, -47.6747703552, 37.3581428528, -6.42207479477, 4.12916517258, 18.2061138153, 8.42685985565, 69.9141235352, 15.9485139847, 5.80066633224, -0.173498377204, 5.74435472488], [-4.70454645157, -19.4386119843, 10.9757442474, -15.7079553604, 6.78353977203, 14.7600507736, 3.42269706726, 16.1081390381, 15.9485139847, 54.4849319458, 18.9653244019, 5.04219055176, 5.22123861313], [-52.7316169739, 1.35292208195, 11.8300390244, 4.8516087532, 0.627096772194, 2.44783782959, 4.76570510864, 13.2714853287, 5.80066633224, 18.9653244019, 51.2234954834, 18.5580883026, 5.40991640091], [-0.546511888504, -18.5717830658, 15.8250827789, 3.42988443375, 1.76950907707, -11.1036157608, -0.620990395546, 7.86571979523, -0.173498377204, 5.04219055176, 18.5580883026, 48.8153991699, 19.4136505127], [-4.50036430359, -23.8359603882, -7.05756568909, 10.1858863831, -7.90467405319, 8.17597675323, 2.13861250877, 6.38658761978, 5.74435472488, 5.22123861313, 5.40991640091, 19.4136505127, 46.6454734802]]
        icov: [[0.000214900152059, 1.92938532564e-005, 0.000189819533261, -0.000395267590648, 0.000412073481129, -4.16554503317e-005, -3.42544772138e-005, -0.000350187794538, 0.000466557161417, -0.000357735581929, 0.000440455216449, -0.000242449445068, 0.000304686138406], [1.92938532564e-005, 0.00169349077623, 0.000693332462106, -0.000721513701137, -0.00096957286587, 0.000936464930419, -0.00140383525286, -7.60768016335e-005, 0.00101263076067, -3.41265331372e-005, -0.000396540155634, 0.000661797064822, 0.00052569701802], [0.000189819533261, 0.000693332462106, 0.00503182597458, 0.000941338948905, -0.00282748322934, -0.000237918968196, 0.00220973230898, -0.00314062228426, 0.00237636105157, 0.000202091527171, -0.000479062291561, -0.0010807957733, 0.00100973586086], [-0.000395267590648, -0.000721513701137, 0.000941338948905, 0.00634842459112, 0.000488790974487, -0.0022421409376, 0.00125146307983, 0.00132519192994, -0.00360141182318, 0.00330934138037, -0.00190560473129, -0.001126917894, -0.000650574045721], [0.000412073481129, -0.00096957286587, -0.00282748322934, 0.000488790974487, 0.0125404475257, -0.00215050787665, -0.00152835261542, 0.000903707405087, -0.000615930708591, -0.00128824217245, 0.00199152715504, -0.00214814464562, 0.00234130187891], [-4.16554503317e-005, 0.000936464930419, -0.000237918968196, -0.0022421409376, -0.00215050787665, 0.0123524237424, -0.00284400256351, -0.0017773892032, 0.002096432494, -0.00334447366185, -0.000286473339656, 0.00553515087813, -0.0033819663804], [-3.42544772138e-005, -0.00140383525286, 0.00220973230898, 0.00125146307983, -0.00152835261542, -0.00284400256351, 0.0162524096668, -0.00358043797314, -0.00320354965515, 0.00178404990584, -0.00100511335768, -0.000977271702141, 4.30922664236e-005], [-0.000350187794538, -7.60768016335e-005, -0.00314062228426, 0.00132519192994, 0.000903707405087, -0.0017773892032, -0.00358043797314, 0.0150491287932, -0.00303629226983, -0.00108056317549, -0.00215999432839, -0.000584149442147, -0.00128037005197], [0.000466557161417, 0.00101263076067, 0.00237636105157, -0.00360141182318, -0.000615930708591, 0.002096432494, -0.00320354965515, -0.00303629226983, 0.0204076301306, -0.00690798461437, 0.00101624813396, 0.00149055954535, -0.000678956974298], [-0.000357735581929, -3.41265331372e-005, 0.000202091527171, 0.00330934138037, -0.00128824217245, -0.00334447366185, 0.00178404990584, -0.00108056317549, -0.00690798461437, 0.0258412156254, -0.00928327068686, 0.000611567811575, -0.00152964552399], [0.000440455216449, -0.000396540155634, -0.000479062291561, -0.00190560473129, 0.00199152715504, -0.000286473339656, -0.00100511335768, -0.00215999432839, 0.00101624813396, -0.00928327068686, 0.0276975110173, -0.0103958323598, 0.00294135697186], [-0.000242449445068, 0.000661797064822, -0.0010807957733, -0.001126917894, -0.00214814464562, 0.00553515087813, -0.000977271702141, -0.000584149442147, 0.00149055954535, 0.000611567811575, -0.0103958323598, 0.0316610485315, -0.0130356056616], [0.000304686138406, 0.00052569701802, 0.00100973586086, -0.000650574045721, 0.00234130187891, -0.0033819663804, 4.30922664236e-005, -0.00128037005197, -0.000678956974298, -0.00152964552399, 0.00294135697186, -0.0130356056616, 0.0285331178457]]
    sccoeffs:
        dmean: [0.0532137043774, 0.0456974320114, 0.0378999970853, 0.0291327871382, 0.0199267808348, 0.0205519106239]
        dmean2: [0.0890594422817, 0.0761462748051, 0.0633298531175, 0.0484883487225, 0.0327694192529, 0.0318680293858]
        dvar: [0.00175842363387, 0.00129014742561, 0.000887246103957, 0.000518134969752, 0.000257305975538, 0.000377700169338]
        dvar2: [0.00482912128791, 0.00348710804246, 0.00240541412495, 0.00140763656236, 0.00068393809488, 0.000822379137389]
        max: [-0.433374255896, -0.541564285755, -0.547359287739, -0.561827421188, -0.599619328976, -0.569056391716]
        mean: [-0.687336564064, -0.776310324669, -0.790553033352, -0.795842528343, -0.80147087574, -0.744583189487]
        median: [-0.689334273338, -0.77989423275, -0.793871045113, -0.79993724823, -0.802745878696, -0.746223390102]
        min: [-0.980034887791, -0.99652916193, -0.993981420994, -0.979758739471, -0.968333721161, -0.964204311371]
        var: [0.0052459621802, 0.00355905410834, 0.00279929232784, 0.0021241242066, 0.0012078905711, 0.00289233750664]
    scvalleys:
        dmean: [0.368668079376, 0.345907598734, 0.284380912781, 0.257750272751, 0.255603164434, 0.273773550987]
        dmean2: [0.616257548332, 0.576279640198, 0.467196077108, 0.398599028587, 0.369456797838, 0.405797719955]
        dvar: [0.106990531087, 0.0988628715277, 0.0736767724156, 0.0646668449044, 0.0881662890315, 0.138293191791]
        dvar2: [0.256950885057, 0.228811845183, 0.152565598488, 0.115776725113, 0.139015138149, 0.270318478346]
        max: [-4.98995065689, -4.83710432053, -5.29194784164, -5.72526264191, -5.44655609131, -7.54032468796]
        mean: [-6.70882225037, -6.62345647812, -6.698782444, -7.11610269547, -6.94565248489, -9.73729896545]
        median: [-6.39418411255, -6.33323001862, -6.38028049469, -6.78941917419, -6.5459356308, -9.29458236694]
        min: [-28.1549453735, -27.9540710449, -27.9002952576, -27.6515808105, -27.6105327606, -27.3697605133]
        var: [3.69244742393, 3.73071837425, 3.80467700958, 3.70806312561, 3.92961812019, 3.73462939262]

rhythm:
    beats_loudness:
        dmean: 0.0020883930847
        dmean2: 0.0038201068528
        dvar: 2.86690192297e-006
        dvar2: 9.11494134925e-006
        max: 0.0140195973217
        mean: 0.00609807018191
        median: 0.00623426679522
        min: 0
        var: 6.55113126413e-006
    bpm: 163.978668213
    bpm_confidence: 0
    first_peak_bpm: 167
    first_peak_spread: 0
    first_peak_weight: 0.451936870813
    onset_rate: 3.30030846596
    second_peak_bpm: 161
    second_peak_spread: 0.0252809561789
    second_peak_weight: 0.497847914696
    beats_loudness_band_ratio:
        dmean: [0.0970383137465, 0.0844877585769, 0.048781927675, 0.0765079632401, 0.072161488235, 0.0823007673025]
        dmean2: [0.174520507455, 0.153275638819, 0.0841415002942, 0.134901851416, 0.128340855241, 0.143858775496]
        dvar: [0.00724520348012, 0.004864604678, 0.00211875094101, 0.00526582403108, 0.0039221579209, 0.00438754446805]
        dvar2: [0.0227541923523, 0.0155956335366, 0.0058388360776, 0.0153950517997, 0.0112859895453, 0.0127929421142]
        max: [0.657001078129, 0.522336363792, 0.370225280523, 0.700187563896, 0.52951413393, 0.580685257912]
        mean: [0.154511377215, 0.118002772331, 0.0978765487671, 0.146142989397, 0.227213278413, 0.281465917826]
        median: [0.133161485195, 0.100606001914, 0.0824184715748, 0.127642601728, 0.217192754149, 0.281778246164]
        min: [0, 0, 0, 0, 0, 0]
        var: [0.0101339211687, 0.00649300636724, 0.00328915193677, 0.00628511793911, 0.00614561000839, 0.00857429672033]
