
metadata:
    version:
        essentia: "2.1-beta2"
    audio_properties:
        analysis_sample_rate: 44100
        bitrate: 128
        channels: 2
        equal_loudness: 1
        length: 236.016326904
        replay_gain: -14.0530586243
        downmix: "mix"
    tags:
        album: ""
        artist: ""
        comment: ""
        date: "2012"
        genre: "Blues"
        title: ""
        tracknumber: "1"

configuration:
    average_loudness:
        compute: 1
        frameSize: 88200
        hopSize: 44100
        silentFrames: "noise"
        windowType: "hann"
    general:
        analysisSampleRate: 44100
        endTime: 2000
        equalLoudness: 1
        nequalLoudness: 0
        shortSound: 0
        startTime: 0
    lowlevel:
        compute: 1
        frameSize: 2048
        hopSize: 1024
        zeroPadding: 0
        silentFrames: "noise"
        windowType: "blackmanharris62"
        mfccStats: ["mean", "cov", "icov"]
        stats: ["mean", "var", "median", "min", "max", "dmean", "dmean2", "dvar", "dvar2"]
    panning:
        compute: 0
        frameSize: 8192
        hopSize: 2048
        zeroPadding: 8192
        silentFrames: "noise"
        windowType: "hann"
        stats: ["copy"]
    rhythm:
        compute: 1
        maxTempo: 208
        minTempo: 40
        method: "degara"
        stats: ["mean", "var", "median", "min", "max", "dmean", "dmean2", "dvar", "dvar2"]
    segmentation:
        compute: 0
        cpw: 5
        inc1: 300
        inc2: 50
        minimumSegmentsLength: 10
        size1: 1000
        size2: 600
    sfx:
        compute: 1
        stats: ["mean", "var", "median", "min", "max", "dmean", "dmean2", "dvar", "dvar2"]
    svm:
        compute: 0
    tonal:
        compute: 1
        frameSize: 4096
        hopSize: 2048
        zeroPadding: 0
        silentFrames: "noise"
        windowType: "blackmanharris62"
        stats: ["mean", "var", "median", "min", "max", "dmean", "dmean2", "dvar", "dvar2"]

lowlevel:
    average_loudness: 0.924832999706
    barkbands_kurtosis:
        dmean: 0.628397226334
        dmean2: 0.986173152924
        dvar: 1.45865941048
        dvar2: 3.35246920586
        max: 30.5776519775
        mean: -0.0108496481553
        median: -0.662754118443
        min: -1.83623361588
        var: 4.70564508438
    barkbands_skewness:
        dmean: 0.264280825853
        dmean2: 0.410249441862
        dvar: 0.0754551514983
        dvar2: 0.164821833372
        max: 4.76818799973
        mean: 0.223940178752
        median: 0.0669006556273
        min: -2.61246728897
        var: 0.551411092281
    barkbands_spread:
        dmean: 4.26478862762
        dmean2: 6.68219423294
        dvar: 22.800655365
        dvar2: 53.4730186462
        max: 74.6978225708
        mean: 25.3898601532
        median: 24.8443279266
        min: 1.94421732426
        var: 102.181732178
    dissonance:
        dmean: 0.022870445624
        dmean2: 0.0388235598803
        dvar: 0.000534723163582
        dvar2: 0.00147784792352
        max: 0.5
        mean: 0.457906216383
        median: 0.46758466959
        min: 0.225241363049
        var: 0.00120658334345
    hfc:
        dmean: 1.66486239433
        dmean2: 2.66322946548
        dvar: 4.9752664566
        dvar2: 12.5924901962
        max: 45.7486343384
        mean: 8.37557601929
        median: 8.3062210083
        min: 1.16172752473e-016
        var: 34.3456420898
    pitch:
        dmean: 257.067504883
        dmean2: 492.364318848
        dvar: 529933.625
        dvar2: 1436851.75
        max: 5197.52539063
        mean: 510.904205322
        median: 261.02947998
        min: 48.8058586121
        var: 714628.9375
    pitch_instantaneous_confidence:
        dmean: 0.0776198804379
        dmean2: 0.119868390262
        dvar: 0.00650032050908
        dvar2: 0.0133409388363
        max: 0.961914718151
        mean: 0.521240115166
        median: 0.501675844193
        min: 0.116906821728
        var: 0.0336467660964
    pitch_salience:
        dmean: 0.0502360239625
        dmean2: 0.0817930996418
        dvar: 0.00188141828403
        dvar2: 0.00480845198035
        max: 0.975063085556
        mean: 0.597598731518
        median: 0.602497220039
        min: 0.199641123414
        var: 0.00886901281774
    silence_rate_20dB:
        dmean: 0
        dmean2: 0
        dvar: 0
        dvar2: 0
        max: 1
        mean: 1
        median: 1
        min: 1
        var: 0
    silence_rate_30dB:
        dmean: 0
        dmean2: 0
        dvar: 0
        dvar2: 0
        max: 1
        mean: 1
        median: 1
        min: 1
        var: 0
    silence_rate_60dB:
        dmean: 0.0362026579678
        dmean2: 0.0724124386907
        dvar: 0.0348932296038
        dvar2: 0.0783886089921
        max: 1
        mean: 0.295396417379
        median: 0
        min: 0
        var: 0.208148449659
    spectral_centroid:
        dmean: 170.890762329
        dmean2: 271.899749756
        dvar: 39491.5898438
        dvar2: 91141.015625
        max: 11354.4208984
        mean: 1488.59851074
        median: 1594.78442383
        min: 186.744934082
        var: 275480.4375
    spectral_complexity:
        dmean: 2.72464346886
        dmean2: 4.49311304092
        dvar: 9.24487686157
        dvar2: 23.1377449036
        max: 48
        mean: 16.0938415527
        median: 18
        min: 0
        var: 83.353012085
    spectral_crest:
        dmean: 1.84869265556
        dmean2: 2.96666693687
        dvar: 2.9466791153
        dvar2: 7.56177806854
        max: 22.6272277832
        mean: 7.86387062073
        median: 7.1226978302
        min: 2.30114722252
        var: 12.3148488998
    spectral_decrease:
        dmean: 1.96133623231e-010
        dmean2: 3.16513454335e-010
        dvar: 5.33899008858e-020
        dvar2: 1.34026782182e-019
        max: 9.56924924869e-030
        mean: -1.1220432361e-009
        median: -1.14448639454e-009
        min: -4.17939061137e-009
        var: 3.90709689202e-019
    spectral_energy:
        dmean: 0.000866147864144
        dmean2: 0.00139375159051
        dvar: 1.09137204163e-006
        dvar2: 2.73344721791e-006
        max: 0.0193483885378
        mean: 0.00499454140663
        median: 0.00507857138291
        min: 1.07320827975e-020
        var: 8.1889975263e-006
    spectral_energyband_high:
        dmean: 0.000148348684888
        dmean2: 0.00024322255922
        dvar: 5.1553069369e-008
        dvar2: 1.32061700242e-007
        max: 0.00458825053647
        mean: 0.000417168339482
        median: 0.00035971874604
        min: 7.71656921729e-021
        var: 1.61817098387e-007
    spectral_energyband_low:
        dmean: 0.000159864284797
        dmean2: 0.000265417882474
        dvar: 6.4421428192e-008
        dvar2: 1.7535570862e-007
        max: 0.00369125255384
        mean: 0.000336112163495
        median: 0.000252821104368
        min: 4.3609805407e-023
        var: 9.45426563703e-008
    spectral_energyband_middle_high:
        dmean: 0.000633569143247
        dmean2: 0.00100143952295
        dvar: 5.3310390058e-007
        dvar2: 1.36332437251e-006
        max: 0.0125863105059
        mean: 0.00302801351063
        median: 0.00265879766084
        min: 1.52776361535e-021
        var: 4.95270569445e-006
    spectral_energyband_middle_low:
        dmean: 0.000391102599679
        dmean2: 0.000639961042907
        dvar: 2.74957358215e-007
        dvar2: 6.99154668382e-007
        max: 0.00942164473236
        mean: 0.00132776715327
        median: 0.00112490472384
        min: 2.5011204818e-022
        var: 9.3105779797e-007
    spectral_flatness_db:
        dmean: 0.0126098962501
        dmean2: 0.0190144982189
        dvar: 0.000163252800121
        dvar2: 0.000323891203152
        max: 0.344041734934
        mean: 0.15018568933
        median: 0.139628693461
        min: 0.0595440231264
        var: 0.00162205763627
    spectral_flux:
        dmean: 0.00700792716816
        dmean2: 0.0108827445656
        dvar: 5.39365864825e-005
        dvar2: 0.000121456017951
        max: 0.0968982577324
        mean: 0.0365200825036
        median: 0.0373772084713
        min: 6.68333097198e-011
        var: 0.000288248964353
    spectral_kurtosis:
        dmean: 1.40517890453
        dmean2: 2.33426809311
        dvar: 3.95182418823
        dvar2: 10.4389972687
        max: 56.4137916565
        mean: 4.86575508118
        median: 3.97893691063
        min: -1.56522679329
        var: 15.1998376846
    spectral_rms:
        dmean: 0.000187663186807
        dmean2: 0.000296735204756
        dvar: 4.14235934443e-008
        dvar2: 9.777391341e-008
        max: 0.00434470688924
        mean: 0.00208676396869
        median: 0.00222591636702
        min: 3.23578815652e-012
        var: 5.18171134445e-007
    spectral_rolloff:
        dmean: 330.881011963
        dmean2: 564.793212891
        dvar: 259708.328125
        dvar2: 604627.5625
        max: 18410.8886719
        mean: 2848.14355469
        median: 3316.11328125
        min: 107.666015625
        var: 1252887
    spectral_skewness:
        dmean: 0.188507691026
        dmean2: 0.303887844086
        dvar: 0.0489738173783
        dvar2: 0.114161074162
        max: 5.50927352905
        mean: 1.62024378777
        median: 1.47106838226
        min: -0.0196043755859
        var: 0.310534000397
    spectral_spread:
        dmean: 407117.0625
        dmean2: 568376.25
        dvar: 550931333120
        dvar2: 850088820736
        max: 40086380
        mean: 4414511
        median: 4176136
        min: 1193650
        var: 2.39317863629e+012
    spectral_strongpeak:
        dmean: 0.448211252689
        dmean2: 0.744193375111
        dvar: 0.398245543242
        dvar2: 1.00404596329
        max: 8.64369487762
        mean: 1.12435519695
        median: 0.897613167763
        min: 0
        var: 0.97474950552
    zerocrossingrate:
        dmean: 0.00645371852443
        dmean2: 0.00787202175707
        dvar: 6.02327709203e-005
        dvar2: 7.38142480259e-005
        max: 0.4931640625
        mean: 0.0845358669758
        median: 0.09033203125
        min: 0.0087890625
        var: 0.00070886843605
    barkbands:
        dmean: [6.92884668752e-007, 7.50306571717e-005, 8.63373861648e-005, 8.14936429379e-005, 0.000145541882375, 0.000107671927253, 9.60244724411e-005, 0.000120153592434, 0.000115208233183, 0.000137472714414, 0.000211907201447, 0.000200980808586, 0.000122622281197, 9.28797599045e-005, 0.000112259724119, 7.50400940888e-005, 0.000100659199234, 0.000104927326902, 0.0001777541911, 0.000137836643262, 7.59972681408e-005, 1.8304472178e-005, 3.21344373333e-006, 1.64831135407e-006, 8.73477063124e-007, 3.21144995041e-008, 2.41089787023e-010]
        dmean2: [1.18054560971e-006, 0.000126674713101, 0.000144103571074, 0.000134752131999, 0.000243401562329, 0.000176991219632, 0.000158842711244, 0.000190364808077, 0.000187934332644, 0.000220957022975, 0.000324065302266, 0.000315940880682, 0.000200401962502, 0.000149906278239, 0.000178383124876, 0.000118679556181, 0.000164229000802, 0.000174914050149, 0.000293524935842, 0.000226298172493, 0.000126657774672, 3.01986110571e-005, 5.00667920278e-006, 2.48911624112e-006, 1.29019247197e-006, 4.85808513417e-008, 4.3400735783e-010]
        dvar: [1.96870991731e-012, 2.82233347804e-008, 1.75243677347e-008, 1.69151359586e-008, 8.34731324062e-008, 2.62861323819e-008, 2.57110546187e-008, 4.33811031542e-008, 3.78757860631e-008, 8.38066824826e-008, 1.1981231296e-007, 1.36059611577e-007, 6.96206754469e-008, 4.55029152135e-008, 4.49586750051e-008, 2.28315233386e-008, 3.69280250823e-008, 3.74832751504e-008, 5.49384751025e-008, 3.87552496761e-008, 1.82639414703e-008, 1.16911114123e-009, 5.17458298432e-011, 1.37351172103e-011, 8.92603786024e-012, 3.15783945488e-014, 1.21798609961e-019]
        dvar2: [5.78632584555e-012, 7.44160502109e-008, 4.95933463185e-008, 4.61015616793e-008, 2.24967521945e-007, 7.04747620262e-008, 6.64858674781e-008, 1.04568975701e-007, 9.32884063332e-008, 2.18833335452e-007, 2.82071908941e-007, 3.44945931374e-007, 1.84482004784e-007, 1.14861890665e-007, 1.09097790357e-007, 4.47600676523e-008, 8.43800975758e-008, 1.04099463272e-007, 1.45598647805e-007, 1.007388164e-007, 4.80771795708e-008, 2.87854740044e-009, 1.15400689005e-010, 2.89284065452e-011, 1.84234658779e-011, 7.31559927111e-014, 3.51651022009e-019]
        max: [1.47235314216e-005, 0.00154219055548, 0.0020505997818, 0.00261376216076, 0.00662296079099, 0.00468346476555, 0.00403567962348, 0.00374218332581, 0.00415675900877, 0.00677269510925, 0.00657122675329, 0.00749985082075, 0.00619814638048, 0.00471142493188, 0.00362350675277, 0.00601841881871, 0.00691272784024, 0.0062688505277, 0.00410333462059, 0.00422451226041, 0.00417596753687, 0.000572302145883, 0.000201767281396, 7.64990691096e-005, 9.99437106657e-005, 6.87449073666e-006, 8.27959922844e-009]
        mean: [1.11245105927e-006, 9.79006799753e-005, 0.000165889883647, 0.000136717804708, 0.000254396552918, 0.00024395386572, 0.000173630352947, 0.000226258896873, 0.000222045448027, 0.000286180642433, 0.000471321691293, 0.000455272122053, 0.000243412679993, 0.000174427405, 0.000241862566327, 0.000152977881953, 0.000207740493352, 0.000215045161895, 0.000449717481388, 0.000363661005395, 0.000163671604241, 3.53777068085e-005, 6.49147841614e-006, 3.58257830158e-006, 1.83942881904e-006, 5.69495135494e-008, 2.64554461671e-010]
        median: [6.92173614425e-007, 5.08240846102e-005, 0.000124926824355, 7.37702284823e-005, 0.000150263309479, 0.000126382656163, 9.12023388082e-005, 0.000112485533464, 0.000111634602945, 0.000114258597023, 0.000172810454387, 0.000153399450937, 8.22928850539e-005, 6.21405488346e-005, 9.63248021435e-005, 0.000102571000753, 0.000135283189593, 0.00014861075033, 0.00041258111014, 0.000305406196276, 0.000127597493702, 2.42550850089e-005, 2.72524630418e-006, 1.60394142767e-006, 8.85618192115e-007, 2.12154205315e-008, 1.46577694426e-010]
        min: [1.91843359642e-024, 2.19253806964e-023, 3.53353203098e-024, 8.03708608521e-024, 1.23675230361e-023, 2.36124843822e-023, 2.94915207655e-023, 4.05418275278e-023, 3.43430721306e-023, 3.62635824033e-023, 3.48116491974e-023, 5.09982356245e-023, 7.23616680996e-023, 9.76072428615e-023, 1.26407273401e-022, 1.54883460762e-022, 1.20323565478e-022, 2.30875504612e-022, 2.0291029717e-022, 2.55602318132e-022, 4.45948244649e-022, 4.1152296059e-022, 6.00341374716e-022, 1.0600526547e-021, 1.23766454867e-021, 1.42539567265e-021, 2.51179875545e-021]
        var: [2.10758840935e-012, 2.5075785004e-008, 2.69128097585e-008, 3.16378390153e-008, 1.18376235037e-007, 1.23758624682e-007, 5.72025626866e-008, 1.00437553385e-007, 1.07675653283e-007, 2.93405548746e-007, 5.30891554718e-007, 6.17124726432e-007, 2.39753347842e-007, 1.25932970718e-007, 1.55760702114e-007, 6.08583334838e-008, 1.00109367906e-007, 7.7023408096e-008, 1.64998752439e-007, 1.31335866627e-007, 3.49278757028e-008, 2.03765182505e-009, 1.12543294128e-010, 3.1597849337e-011, 1.76292123261e-011, 4.25058717336e-014, 1.35845054416e-019]
    frequency_bands:
        dmean: [6.92884668752e-007, 7.50306571717e-005, 8.63373861648e-005, 8.14936429379e-005, 0.000145541882375, 0.000107671927253, 9.60244724411e-005, 0.000120153592434, 0.000115208233183, 0.000137472714414, 0.000211907201447, 0.000200980808586, 0.000122622281197, 9.28797599045e-005, 0.000112259724119, 7.50400940888e-005, 0.000100659199234, 0.000104927326902, 0.0001777541911, 0.000137836643262, 7.59972681408e-005, 1.8304472178e-005, 3.21344373333e-006, 1.64831135407e-006, 8.73477063124e-007, 3.21144995041e-008, 2.41089787023e-010, 5.97075028308e-011]
        dmean2: [1.18054560971e-006, 0.000126674713101, 0.000144103571074, 0.000134752131999, 0.000243401562329, 0.000176991219632, 0.000158842711244, 0.000190364808077, 0.000187934332644, 0.000220957022975, 0.000324065302266, 0.000315940880682, 0.000200401962502, 0.000149906278239, 0.000178383124876, 0.000118679556181, 0.000164229000802, 0.000174914050149, 0.000293524935842, 0.000226298172493, 0.000126657774672, 3.01986110571e-005, 5.00667920278e-006, 2.48911624112e-006, 1.29019247197e-006, 4.85808513417e-008, 4.3400735783e-010, 1.10931208663e-010]
        dvar: [1.96870991731e-012, 2.82233347804e-008, 1.75243677347e-008, 1.69151359586e-008, 8.34731324062e-008, 2.62861323819e-008, 2.57110546187e-008, 4.33811031542e-008, 3.78757860631e-008, 8.38066824826e-008, 1.1981231296e-007, 1.36059611577e-007, 6.96206754469e-008, 4.55029152135e-008, 4.49586750051e-008, 2.28315233386e-008, 3.69280250823e-008, 3.74832751504e-008, 5.49384751025e-008, 3.87552496761e-008, 1.82639414703e-008, 1.16911114123e-009, 5.17458298432e-011, 1.37351172103e-011, 8.92603786024e-012, 3.15783945488e-014, 1.21798609961e-019, 7.44237661569e-021]
        dvar2: [5.78632584555e-012, 7.44160502109e-008, 4.95933463185e-008, 4.61015616793e-008, 2.24967521945e-007, 7.04747620262e-008, 6.64858674781e-008, 1.04568975701e-007, 9.32884063332e-008, 2.18833335452e-007, 2.82071908941e-007, 3.44945931374e-007, 1.84482004784e-007, 1.14861890665e-007, 1.09097790357e-007, 4.47600676523e-008, 8.43800975758e-008, 1.04099463272e-007, 1.45598647805e-007, 1.007388164e-007, 4.80771795708e-008, 2.87854740044e-009, 1.15400689005e-010, 2.89284065452e-011, 1.84234658779e-011, 7.31559927111e-014, 3.51651022009e-019, 2.3545114525e-020]
        max: [1.47235314216e-005, 0.00154219055548, 0.0020505997818, 0.00261376216076, 0.00662296079099, 0.00468346476555, 0.00403567962348, 0.00374218332581, 0.00415675900877, 0.00677269510925, 0.00657122675329, 0.00749985082075, 0.00619814638048, 0.00471142493188, 0.00362350675277, 0.00601841881871, 0.00691272784024, 0.0062688505277, 0.00410333462059, 0.00422451226041, 0.00417596753687, 0.000572302145883, 0.000201767281396, 7.64990691096e-005, 9.99437106657e-005, 6.87449073666e-006, 8.27959922844e-009, 1.11890574583e-009]
        mean: [1.11245105927e-006, 9.79006799753e-005, 0.000165889883647, 0.000136717804708, 0.000254396552918, 0.00024395386572, 0.000173630352947, 0.000226258896873, 0.000222045448027, 0.000286180642433, 0.000471321691293, 0.000455272122053, 0.000243412679993, 0.000174427405, 0.000241862566327, 0.000152977881953, 0.000207740493352, 0.000215045161895, 0.000449717481388, 0.000363661005395, 0.000163671604241, 3.53777068085e-005, 6.49147841614e-006, 3.58257830158e-006, 1.83942881904e-006, 5.69495135494e-008, 2.64554461671e-010, 4.70106870099e-011]
        median: [6.92173614425e-007, 5.08240846102e-005, 0.000124926824355, 7.37702284823e-005, 0.000150263309479, 0.000126382656163, 9.12023388082e-005, 0.000112485533464, 0.000111634602945, 0.000114258597023, 0.000172810454387, 0.000153399450937, 8.22928850539e-005, 6.21405488346e-005, 9.63248021435e-005, 0.000102571000753, 0.000135283189593, 0.00014861075033, 0.00041258111014, 0.000305406196276, 0.000127597493702, 2.42550850089e-005, 2.72524630418e-006, 1.60394142767e-006, 8.85618192115e-007, 2.12154205315e-008, 1.46577694426e-010, 1.66242575261e-011]
        min: [1.91843359642e-024, 2.19253806964e-023, 3.53353203098e-024, 8.03708608521e-024, 1.23675230361e-023, 2.36124843822e-023, 2.94915207655e-023, 4.05418275278e-023, 3.43430721306e-023, 3.62635824033e-023, 3.48116491974e-023, 5.09982356245e-023, 7.23616680996e-023, 9.76072428615e-023, 1.26407273401e-022, 1.54883460762e-022, 1.20323565478e-022, 2.30875504612e-022, 2.0291029717e-022, 2.55602318132e-022, 4.45948244649e-022, 4.1152296059e-022, 6.00341374716e-022, 1.0600526547e-021, 1.23766454867e-021, 1.42539567265e-021, 2.51179875545e-021, 5.96855038655e-022]
        var: [2.10758840935e-012, 2.5075785004e-008, 2.69128097585e-008, 3.16378390153e-008, 1.18376235037e-007, 1.23758624682e-007, 5.72025626866e-008, 1.00437553385e-007, 1.07675653283e-007, 2.93405548746e-007, 5.30891554718e-007, 6.17124726432e-007, 2.39753347842e-007, 1.25932970718e-007, 1.55760702114e-007, 6.08583334838e-008, 1.00109367906e-007, 7.7023408096e-008, 1.64998752439e-007, 1.31335866627e-007, 3.49278757028e-008, 2.03765182505e-009, 1.12543294128e-010, 3.1597849337e-011, 1.76292123261e-011, 4.25058717336e-014, 1.35845054416e-019, 6.05685232083e-021]
    mfcc:
        mean: [-714.295959473, 120.055076599, -49.2562065125, 37.2232894897, -19.1767082214, -3.60256505013, 15.3299016953, -6.88419342041, -1.93852031231, -3.07656002045, -6.02523946762, -0.807526051998, -0.166547760367]
        cov: [[5993.69677734, -983.547668457, -1158.91662598, 581.039550781, -397.546905518, 251.6668396, -59.9995574951, 87.3575897217, 174.731124878, -74.7400894165, 82.0393600464, -147.304168701, 34.6194229126], [-983.547668457, 706.389892578, 62.8201255798, -55.9091186523, 33.2841758728, -121.229515076, 37.4297294617, -61.4542732239, -22.1145458221, 14.0791091919, -25.9163036346, 33.281955719, -3.04053592682], [-1158.91662598, 62.8201255798, 621.784057617, -122.531692505, 114.984161377, -17.7173671722, -69.0821685791, 22.8126926422, -39.0511817932, 1.05855751038, -9.9837179184, 30.3631000519, -15.4793729782], [581.039550781, -55.9091186523, -122.531692505, 330.482696533, -20.7007293701, 25.3625659943, -67.6793670654, 38.3812789917, 109.682327271, -22.034860611, 52.3843536377, 2.66639518738, 11.0548858643], [-397.546905518, 33.2841758728, 114.984161377, -20.7007293701, 139.330734253, 6.16196775436, -3.81495738029, -1.70160186291, -5.77931022644, 9.14119434357, 2.24415183067, 30.5108375549, 7.4527015686], [251.6668396, -121.229515076, -17.7173671722, 25.3625659943, 6.16196775436, 197.941558838, 73.2843017578, 24.0511169434, 2.75928044319, 10.9040737152, 37.3773384094, -18.9588470459, 23.118188858], [-59.9995574951, 37.4297294617, -69.0821685791, -67.6793670654, -3.81495738029, 73.2843017578, 259.257507324, 3.38746070862, -34.4338111877, 50.6079330444, 4.74770116806, -2.84714126587, 29.2267208099], [87.3575897217, -61.4542732239, 22.8126926422, 38.3812789917, -1.70160186291, 24.0511169434, 3.38746070862, 107.388969421, 40.528629303, -13.8049268723, 14.489274025, 0.909843564034, 1.40239310265], [174.731124878, -22.1145458221, -39.0511817932, 109.682327271, -5.77931022644, 2.75928044319, -34.4338111877, 40.528629303, 131.514465332, 10.0957355499, 16.6028423309, -3.60545730591, 3.07601261139], [-74.7400894165, 14.0791091919, 1.05855751038, -22.034860611, 9.14119434357, 10.9040737152, 50.6079330444, -13.8049268723, 10.0957355499, 94.6808929443, 19.7516670227, 0.649867773056, 5.22595882416], [82.0393600464, -25.9163036346, -9.9837179184, 52.3843536377, 2.24415183067, 37.3773384094, 4.74770116806, 14.489274025, 16.6028423309, 19.7516670227, 100.16368866, 19.7564048767, 6.209171772], [-147.304168701, 33.281955719, 30.3631000519, 2.66639518738, 30.5108375549, -18.9588470459, -2.84714126587, 0.909843564034, -3.60545730591, 0.649867773056, 19.7564048767, 98.8256912231, 29.9621658325], [34.6194229126, -3.04053592682, -15.4793729782, 11.0548858643, 7.4527015686, 23.118188858, 29.2267208099, 1.40239310265, 3.07601261139, 5.22595882416, 6.209171772, 29.9621658325, 79.2543640137]]
        icov: [[0.000461804214865, 0.000457638321677, 0.000631832925137, -0.000439162657131, 0.000617036013864, -0.000270218355581, 0.000209547957638, -8.41328437673e-005, 0.000126829690998, 1.02307603811e-005, 7.85262454883e-005, 0.000141590586281, -0.000119769247249], [0.000457638321677, 0.0022329648491, 0.000394128350308, -0.000490987382364, 0.000335246266332, 0.000953721581027, -0.000577106373385, 0.000891992298421, -0.000162145355716, 0.000218056578888, 4.54057662864e-005, -0.000125704245875, -4.55779845652e-005], [0.000631832925137, 0.000394128350308, 0.00317317829467, 0.000295704405289, -0.000761026516557, -0.000660223944578, 0.00135364593007, -0.00129164103419, 0.000668715802021, -0.000386738800444, 9.88577448879e-005, -4.17714290961e-005, 0.000113053487439], [-0.000439162657131, -0.000490987382364, 0.000295704405289, 0.00574092427269, -0.000660957361106, -0.000321303843521, 0.000914585718419, -6.09748640272e-005, -0.00378886563703, 0.00156704988331, -0.0022686237935, -0.000113302514364, -0.000486053701025], [0.000617036013864, 0.000335246266332, -0.000761026516557, -0.000660957361106, 0.0100291771814, -0.00136584392749, 0.0003547014785, 0.00040496600559, -9.52185000642e-005, -0.000765775213949, 0.00070769287413, -0.00240692635998, -8.70799995027e-005], [-0.000270218355581, 0.000953721581027, -0.000660223944578, -0.000321303843521, -0.00136584392749, 0.00792310573161, -0.00253820908256, -0.000297502847388, 0.000195461354451, 0.000753113185056, -0.00274566700682, 0.00250405049883, -0.00195972248912], [0.000209547957638, -0.000577106373385, 0.00135364593007, 0.000914585718419, 0.0003547014785, -0.00253820908256, 0.00636107148603, -0.00189877150115, 0.0017842114903, -0.00321510154754, 0.000663790560793, 8.59368956299e-005, -0.00152375234757], [-8.41328437673e-005, 0.000891992298421, -0.00129164103419, -6.09748640272e-005, 0.00040496600559, -0.000297502847388, -0.00189877150115, 0.0126475999132, -0.00456640822813, 0.00338077987544, -0.00128413958009, -0.000492598628625, 0.000593455159105], [0.000126829690998, -0.000162145355716, 0.000668715802021, -0.00378886563703, -9.52185000642e-005, 0.000195461354451, 0.0017842114903, -0.00456640822813, 0.0128536615521, -0.00393315870315, 0.000933856528718, 0.000804273993708, -0.000644489366096], [1.02307603811e-005, 0.000218056578888, -0.000386738800444, 0.00156704988331, -0.000765775213949, 0.000753113185056, -0.00321510154754, 0.00338077987544, -0.00393315870315, 0.014304433018, -0.00373383355327, 0.000820901943371, -0.000120459590107], [7.85262454883e-005, 4.54057662864e-005, 9.88577448879e-005, -0.0022686237935, 0.00070769287413, -0.00274566700682, 0.000663790560793, -0.00128413958009, 0.000933856528718, -0.00373383355327, 0.0135046541691, -0.00362885161303, 0.00133930880111], [0.000141590586281, -0.000125704245875, -4.17714290961e-005, -0.000113302514364, -0.00240692635998, 0.00250405049883, 8.59368956299e-005, -0.000492598628625, 0.000804273993708, 0.000820901943371, -0.00362885161303, 0.0141016598791, -0.00571827124804], [-0.000119769247249, -4.55779845652e-005, 0.000113053487439, -0.000486053701025, -8.70799995027e-005, -0.00195972248912, -0.00152375234757, 0.000593455159105, -0.000644489366096, -0.000120459590107, 0.00133930880111, -0.00571827124804, 0.0159791205078]]
    sccoeffs:
        dmean: [0.0435139425099, 0.0444673411548, 0.0385880582035, 0.0319533571601, 0.0235262978822, 0.0175879877061]
        dmean2: [0.0724592059851, 0.0738162100315, 0.0621827654541, 0.0514251217246, 0.037307433784, 0.0285246483982]
        dvar: [0.00131963740569, 0.0012727297144, 0.000964892678894, 0.000661261321511, 0.000444335077191, 0.000252362398896]
        dvar2: [0.00361833604984, 0.00345456157811, 0.00245694792829, 0.00158254988492, 0.000936705386266, 0.00062820938183]
        max: [-0.39254668355, -0.481032937765, -0.48741620779, -0.509213209152, -0.527733325958, -0.595285415649]
        mean: [-0.698512852192, -0.736257076263, -0.717840790749, -0.744478166103, -0.772387385368, -0.759273529053]
        median: [-0.706291675568, -0.739428400993, -0.717463612556, -0.747515082359, -0.782395720482, -0.756559371948]
        min: [-0.973290681839, -0.988284409046, -0.990569591522, -0.985112905502, -0.988848030567, -0.958207368851]
        var: [0.00414796033874, 0.00428014388308, 0.00490111112595, 0.00374047318473, 0.00273929908872, 0.00172787718475]
    scvalleys:
        dmean: [0.306198835373, 0.325023800135, 0.276729345322, 0.25436142087, 0.231774553657, 0.250009953976]
        dmean2: [0.511401951313, 0.539517998695, 0.456259727478, 0.400034666061, 0.353639483452, 0.34605717659]
        dvar: [0.0848657786846, 0.0870328247547, 0.0705335810781, 0.0732591599226, 0.0949333161116, 0.128543555737]
        dvar2: [0.1889962852, 0.195180505514, 0.141929715872, 0.127757266164, 0.167423710227, 0.203136578202]
        max: [-5.24759483337, -4.77507352829, -5.31870508194, -5.75257444382, -5.7256436348, -7.88313007355]
        mean: [-6.73822832108, -6.6117310524, -6.85074615479, -7.44776773453, -7.43911361694, -10.0039920807]
        median: [-6.58041715622, -6.49621677399, -6.67692184448, -7.10710477829, -7.00120544434, -9.76968574524]
        min: [-27.574514389, -27.3409175873, -27.4556598663, -27.1983089447, -27.2672615051, -27.3216724396]
        var: [0.72559016943, 0.635133683681, 0.783384740353, 1.02530646324, 1.47807979584, 1.25538766384]

rhythm:
    beats_loudness:
        dmean: 0.00253974366933
        dmean2: 0.00486597232521
        dvar: 3.21715378959e-006
        dvar2: 1.05482477011e-005
        max: 0.0157228242606
        mean: 0.00579730421305
        median: 0.00578638445586
        min: 1.75444498041e-007
        var: 8.66044319991e-006
    bpm: 118.005775452
    bpm_confidence: 0
    first_peak_bpm: 117
    first_peak_spread: 0.215596318245
    first_peak_weight: 0.735483884811
    onset_rate: 2.35576915741
    second_peak_bpm: 133
    second_peak_spread: 0.315789461136
    second_peak_weight: 0.0279569886625
    beats_loudness_band_ratio:
        dmean: [0.111272096634, 0.0973219871521, 0.0818268582225, 0.123518906534, 0.0822181850672, 0.0715083181858]
        dmean2: [0.204823926091, 0.179735779762, 0.138517260551, 0.207049027085, 0.138182044029, 0.126182183623]
        dvar: [0.0150785949081, 0.00743144704029, 0.00707029877231, 0.0134988203645, 0.00605956045911, 0.00380396284163]
        dvar2: [0.04947649315, 0.0219194050878, 0.0206072535366, 0.0347127430141, 0.0157253909856, 0.0115518197417]
        max: [0.801395893097, 0.654666543007, 0.722003281116, 0.857973754406, 0.694537103176, 0.550659179688]
        mean: [0.146965518594, 0.137344062328, 0.150858134031, 0.246102511883, 0.175132408738, 0.18033118546]
        median: [0.107353530824, 0.106350921094, 0.113239847124, 0.213917866349, 0.167445585132, 0.19406914711]
        min: [0.00142987654544, 0.00638265907764, 0.0154687510803, 0.0147068323568, 0.00565506052226, 0.000365611020243]
        var: [0.0161608606577, 0.0132947610691, 0.0133871110156, 0.0227801278234, 0.00992830935866, 0.00855493731797]
    beats_position: [0.452789098024, 0.9287981987, 1.40480720997, 1.88081634045, 2.36843538284, 2.87927436829, 3.39011335373, 3.90095233917, 4.41179132462, 4.92263031006, 5.4334692955, 5.93269824982, 6.43192720413, 6.94276618958, 7.45360517502, 7.96444416046, 8.47528362274, 8.98612213135, 9.49696159363, 10.0078001022, 10.5186395645, 11.017868042, 11.5170974731, 12.0279359818, 12.538775444, 13.0496139526, 13.5604534149, 14.0712919235, 14.5821313858, 15.0929698944, 15.6038093567, 16.1030387878, 16.602268219, 17.1131057739, 17.6239452362, 18.1347846985, 18.6456241608, 19.1564617157, 19.6556911469, 20.1665306091, 20.6657600403, 21.1765975952, 21.6874370575, 22.1982765198, 22.7091159821, 23.219953537, 23.7307929993, 24.2416324615, 24.7524719238, 25.2633094788, 25.7625389099, 26.2617683411, 26.7726078033, 27.2834453583, 27.8058948517, 28.3051242828, 28.8159637451, 29.3268013, 29.8376407623, 30.3484802246, 30.8477096558, 31.3469390869, 31.8577766418, 32.3686180115, 32.8794555664, 33.3902931213, 33.901134491, 34.4119720459, 34.9228096008, 35.422039032, 35.9212684631, 36.4321098328, 36.9429473877, 37.4537849426, 37.9646263123, 38.4754638672, 38.9863014221, 39.4971427917, 40.0079803467, 40.5188217163, 41.0180473328, 41.5172767639, 42.0281181335, 42.5389556885, 43.0497932434, 43.560634613, 44.071472168, 44.5823135376, 45.0931510925, 45.6039886475, 46.1032180786, 46.6024475098, 47.1132888794, 47.6241264343, 48.1349639893, 48.6458053589, 49.1566429138, 49.6674804688, 50.1667098999, 50.6775512695, 51.1767807007, 51.6876182556, 52.1984558105, 52.7092971802, 53.2201347351, 53.73097229, 54.2418136597, 54.7526512146, 55.2634925842, 55.7743301392, 56.2735595703, 56.7727890015, 57.2836265564, 57.794467926, 58.305305481, 58.8161430359, 59.3269844055, 59.8378219604, 60.3370513916, 60.8478889465, 61.3587303162, 61.8579597473, 62.3687973022, 62.8796348572, 63.3904762268, 63.9013137817, 64.4121551514, 64.9229888916, 65.4338302612, 65.9446716309, 66.443901062, 66.9431304932, 67.4539642334, 67.964805603, 68.4756469727, 68.9864807129, 69.485710144, 69.9849395752, 70.4957809448, 71.0066223145, 71.5174560547, 72.0282974243, 72.5391387939, 73.0499725342, 73.5608139038, 74.0716552734, 74.5824966431, 75.0817184448, 75.580947876, 76.0917892456, 76.6026306152, 77.1134643555, 77.6243057251, 78.1351470947, 78.6459884644, 79.1568222046, 79.6676635742, 80.1785049438, 80.677734375, 81.1769561768, 81.6877975464, 82.198638916, 82.7094802856, 83.2203140259, 83.7311553955, 84.2419967651, 84.7412261963, 85.2520599365, 85.7512893677, 86.2621307373, 86.7729721069, 87.2838058472, 87.7946472168, 88.3054885864, 88.8163223267, 89.3271636963, 89.8380050659, 90.3488388062, 90.8596801758, 91.3589096069, 91.8581390381, 92.3689804077, 92.8798141479, 93.3906555176, 93.9014968872, 94.4123306274, 94.9231719971, 95.4340133667, 95.9332427979, 96.432472229, 96.9549179077, 97.4541473389, 97.9649887085, 98.4758224487, 98.9866638184, 99.497505188, 100.008346558, 100.519180298, 101.018409729, 101.51763916, 102.02848053, 102.53931427, 103.05015564, 103.560997009, 104.071838379, 104.582672119, 105.08190155, 105.581130981, 106.091972351, 106.602806091, 107.113647461, 107.624488831, 108.1353302, 108.64616394, 109.15700531, 109.66784668, 110.17868042, 110.68952179, 111.200363159, 111.69959259, 112.198822021, 112.709655762, 113.220497131, 113.731338501, 114.242172241, 114.741401672, 115.252243042, 115.751472473, 116.262313843, 116.773147583, 117.283988953, 117.794830322, 118.305664063, 118.816505432, 119.327346802, 119.838180542, 120.349021912, 120.859863281, 121.359092712, 121.858322144, 122.369155884, 122.879997253, 123.390838623, 123.901672363, 124.412513733, 124.923355103, 125.422584534, 125.921813965, 126.432647705, 126.943489075, 127.454330444, 127.965164185, 128.476013184, 128.986846924, 129.497680664, 130.008529663, 130.519363403, 131.018585205, 131.517822266, 132.028656006, 132.539505005, 133.050338745, 133.561172485, 134.072021484, 134.582855225, 135.093688965, 135.604537964, 136.103759766, 136.602996826, 137.113830566, 137.624664307, 138.135513306, 138.646347046, 139.157180786, 139.656417847, 140.155639648, 140.666488647, 141.177322388, 141.688156128, 142.199005127, 142.709838867, 143.220672607, 143.731521606, 144.242355347, 144.753189087, 145.264038086, 145.774871826, 146.285705566, 146.784942627, 147.284164429, 147.783401489, 148.294235229, 148.79347229, 149.30430603, 149.815139771, 150.32598877, 150.83682251, 151.34765625, 151.858505249, 152.369338989, 152.880172729, 153.391021729, 153.901855469, 154.412689209, 154.923538208, 155.434371948, 155.933609009, 156.432830811, 156.943664551, 157.45451355, 157.96534729, 158.47618103, 158.975418091, 159.474639893, 159.985488892, 160.50793457, 161.007156372, 161.518005371, 162.028839111, 162.539672852, 163.050521851, 163.561355591, 164.072189331, 164.58303833, 165.09387207, 165.604721069, 166.11555481, 166.62638855, 167.12562561, 167.624847412, 168.135681152, 168.646530151, 169.157363892, 169.668212891, 170.179046631, 170.689880371, 171.189117432, 171.688339233, 172.199172974, 172.710021973, 173.220855713, 173.731704712, 174.242538452, 174.753372192, 175.264221191, 175.775054932, 176.285888672, 176.796737671, 177.307571411, 177.806793213, 178.306030273, 178.816864014, 179.327713013, 179.838546753, 180.337768555, 180.837005615, 181.347839355, 181.858688354, 182.369522095, 182.880355835, 183.379592896, 183.878814697, 184.389663696, 184.900497437, 185.411331177, 185.922180176, 186.433013916, 186.943847656, 187.454696655, 187.965530396, 188.476364136, 188.987213135, 189.498046875, 189.997268677, 190.508117676, 191.007339478, 191.518188477, 192.017410278, 192.528244019, 193.027481079, 193.538314819, 194.049163818, 194.559997559, 195.070831299, 195.581680298, 196.092514038, 196.603347778, 197.114196777, 197.625030518, 198.135864258, 198.646713257, 199.157546997, 199.668380737, 200.179229736, 200.678451538, 201.177688599, 201.688522339, 202.199356079, 202.710205078, 203.221038818, 203.731872559, 204.242721558, 204.753555298, 205.252792358, 205.75201416, 206.2628479, 206.773696899, 207.28453064, 207.79536438, 208.306213379, 208.817047119, 209.327880859, 209.838729858, 210.33795166, 210.837188721, 211.348022461, 211.858856201, 212.3697052, 212.88053894, 213.391372681, 213.90222168, 214.41305542, 214.91229248, 215.423126221, 215.922348022, 216.433197021, 216.944030762, 217.454864502, 217.965713501, 218.476547241, 218.987380981, 219.49822998, 220.009063721, 220.51991272, 221.03074646, 221.5415802, 222.040817261, 222.540039063, 223.050872803, 223.561721802, 224.072555542, 224.525344849, 224.978134155, 225.430923462, 225.918548584, 226.394546509, 226.870559692, 227.358184814, 227.810974121, 228.263763428, 228.716552734, 229.169342041, 229.622131348, 230.074920654, 230.527709961, 230.968887329, 231.410064697, 231.851242065, 232.280807495, 232.710388184, 233.151565552, 233.604354858, 234.045532227, 234.498321533, 234.95111084, 235.415512085]
