
metadata:
    version:
        essentia: "2.1-beta2"
    audio_properties:
        analysis_sample_rate: 44100
        bitrate: 128
        channels: 2
        equal_loudness: 1
        length: 423.967346191
        replay_gain: -14.2504768372
        downmix: "mix"
    tags:
        album: ""
        artist: ""
        comment: ""
        date: "2012"
        genre: "Blues"
        title: ""
        tracknumber: "1"

configuration:
    average_loudness:
        compute: 1
        frameSize: 88200
        hopSize: 44100
        silentFrames: "noise"
        windowType: "hann"
    general:
        analysisSampleRate: 44100
        endTime: 2000
        equalLoudness: 1
        nequalLoudness: 0
        shortSound: 0
        startTime: 0
    lowlevel:
        compute: 1
        frameSize: 2048
        hopSize: 1024
        zeroPadding: 0
        silentFrames: "noise"
        windowType: "blackmanharris62"
        mfccStats: ["mean", "cov", "icov"]
        stats: ["mean", "var", "median", "min", "max", "dmean", "dmean2", "dvar", "dvar2"]
    panning:
        compute: 0
        frameSize: 8192
        hopSize: 2048
        zeroPadding: 8192
        silentFrames: "noise"
        windowType: "hann"
        stats: ["copy"]
    rhythm:
        compute: 1
        maxTempo: 208
        minTempo: 40
        method: "degara"
        stats: ["mean", "var", "median", "min", "max", "dmean", "dmean2", "dvar", "dvar2"]
    segmentation:
        compute: 0
        cpw: 5
        inc1: 300
        inc2: 50
        minimumSegmentsLength: 10
        size1: 1000
        size2: 600
    sfx:
        compute: 1
        stats: ["mean", "var", "median", "min", "max", "dmean", "dmean2", "dvar", "dvar2"]
    svm:
        compute: 0
    tonal:
        compute: 1
        frameSize: 4096
        hopSize: 2048
        zeroPadding: 0
        silentFrames: "noise"
        windowType: "blackmanharris62"
        stats: ["mean", "var", "median", "min", "max", "dmean", "dmean2", "dvar", "dvar2"]

lowlevel:
    average_loudness: 0.903606057167
    barkbands_kurtosis:
        dmean: 0.759620606899
        dmean2: 1.20714712143
        dvar: 2.55076789856
        dvar2: 5.79890537262
        max: 52.4425392151
        mean: -0.148900732398
        median: -1.01212489605
        min: -1.89171624184
        var: 8.07881069183
    barkbands_skewness:
        dmean: 0.345287770033
        dmean2: 0.530090928078
        dvar: 0.124882645905
        dvar2: 0.270535707474
        max: 6.57877063751
        mean: 0.0760106369853
        median: -0.107080891728
        min: -4.41944122314
        var: 0.874138712883
    barkbands_spread:
        dmean: 5.5342464447
        dmean2: 8.81637954712
        dvar: 31.9209403992
        dvar2: 76.1066513062
        max: 79.5010757446
        mean: 32.2114067078
        median: 32.980381012
        min: 0.995455682278
        var: 129.08215332
    dissonance:
        dmean: 0.0136711038649
        dmean2: 0.0232347305864
        dvar: 0.000193022409803
        dvar2: 0.000527370604686
        max: 0.500000178814
        mean: 0.476715832949
        median: 0.482987940311
        min: 0.18921533227
        var: 0.000534968625288
    hfc:
        dmean: 2.33336496353
        dmean2: 3.71612048149
        dvar: 8.15894508362
        dvar2: 19.4324874878
        max: 45.336605072
        mean: 9.62596702576
        median: 9.49701786041
        min: 1.08314371217e-016
        var: 42.5000953674
    pitch:
        dmean: 723.763244629
        dmean2: 1391.31188965
        dvar: 1568236.625
        dvar2: 4002316
        max: 4901.18115234
        mean: 1190.51037598
        median: 356.4503479
        min: 49.4199523926
        var: 2213807.25
    pitch_instantaneous_confidence:
        dmean: 0.0783286765218
        dmean2: 0.126370683312
        dvar: 0.00448530865833
        dvar2: 0.0106651950628
        max: 0.969326972961
        mean: 0.370201468468
        median: 0.335561573505
        min: 0.0956302285194
        var: 0.0221467409283
    pitch_salience:
        dmean: 0.0542120598257
        dmean2: 0.0884976834059
        dvar: 0.00234962836839
        dvar2: 0.00611108588055
        max: 0.988026559353
        mean: 0.647692263126
        median: 0.6620221138
        min: 0.209609508514
        var: 0.00732423691079
    silence_rate_20dB:
        dmean: 0
        dmean2: 0
        dvar: 0
        dvar2: 0
        max: 1
        mean: 1
        median: 1
        min: 1
        var: 0
    silence_rate_30dB:
        dmean: 0
        dmean2: 0
        dvar: 0
        dvar2: 0
        max: 1
        mean: 1
        median: 1
        min: 1
        var: 0
    silence_rate_60dB:
        dmean: 0.0526863448322
        dmean2: 0.105378463864
        dvar: 0.0498973466456
        dvar2: 0.108624972403
        max: 1
        mean: 0.227656081319
        median: 0
        min: 0
        var: 0.175803303719
    spectral_centroid:
        dmean: 244.171615601
        dmean2: 382.373565674
        dvar: 72781.6328125
        dvar2: 157151.5
        max: 11531.984375
        mean: 1718.77929688
        median: 1811.33251953
        min: 108.848960876
        var: 710981.375
    spectral_complexity:
        dmean: 3.7856400013
        dmean2: 5.9866361618
        dvar: 17.5960197449
        dvar2: 38.5894393921
        max: 52
        mean: 18.1623764038
        median: 19
        min: 0
        var: 109.759887695
    spectral_crest:
        dmean: 1.68584215641
        dmean2: 2.79691028595
        dvar: 2.53617572784
        dvar2: 6.63039255142
        max: 21.7027072906
        mean: 6.22504091263
        median: 5.57956027985
        min: 2.24155879021
        var: 6.38667917252
    spectral_decrease:
        dmean: 2.34659430776e-010
        dmean2: 3.83119425074e-010
        dvar: 7.20110935676e-020
        dvar2: 1.84121706033e-019
        max: 1.10032024953e-028
        mean: -1.15201170825e-009
        median: -1.1739471617e-009
        min: -3.66294328202e-009
        var: 3.36775652107e-019
    spectral_energy:
        dmean: 0.00105957384221
        dmean2: 0.00172042287886
        dvar: 1.51357801315e-006
        dvar2: 3.80433675673e-006
        max: 0.0163097158074
        mean: 0.00522106094286
        median: 0.00529743731022
        min: 9.93068695564e-021
        var: 7.42923521102e-006
    spectral_energyband_high:
        dmean: 0.000225462339586
        dmean2: 0.000370626396034
        dvar: 9.24424057303e-008
        dvar2: 2.32863371252e-007
        max: 0.00542405992746
        mean: 0.000582526496146
        median: 0.000484678021166
        min: 7.03011593762e-021
        var: 2.73216556934e-007
    spectral_energyband_low:
        dmean: 0.000296428392176
        dmean2: 0.000484273128677
        dvar: 1.1743806283e-007
        dvar2: 3.08860734322e-007
        max: 0.0045639006421
        mean: 0.000592599040829
        median: 0.00048400554806
        min: 1.89387454206e-023
        var: 2.37901119249e-007
    spectral_energyband_middle_high:
        dmean: 0.000666220556013
        dmean2: 0.00104729132727
        dvar: 5.48578384496e-007
        dvar2: 1.30363685003e-006
        max: 0.0119967069477
        mean: 0.00276724784635
        median: 0.00263539771549
        min: 1.18911252022e-021
        var: 3.8651523937e-006
    spectral_energyband_middle_low:
        dmean: 0.000509935780428
        dmean2: 0.000847109942697
        dvar: 3.98003209057e-007
        dvar2: 1.08324400117e-006
        max: 0.00861834641546
        mean: 0.00147402344737
        median: 0.00132209178992
        min: 1.66489788244e-022
        var: 8.98293080809e-007
    spectral_flatness_db:
        dmean: 0.0129311336204
        dmean2: 0.0200790930539
        dvar: 0.000164803175721
        dvar2: 0.000362289167242
        max: 0.457008332014
        mean: 0.138658061624
        median: 0.128082603216
        min: 0.0556958802044
        var: 0.0023078948725
    spectral_flux:
        dmean: 0.0069916062057
        dmean2: 0.0108373416588
        dvar: 5.81679050811e-005
        dvar2: 0.000126942628413
        max: 0.0995465070009
        mean: 0.0417868122458
        median: 0.0430078990757
        min: 6.41621616948e-011
        var: 0.000264029658865
    spectral_kurtosis:
        dmean: 1.41571211815
        dmean2: 2.39494919777
        dvar: 11.6424541473
        dvar2: 33.4495811462
        max: 160.189682007
        mean: 4.72874164581
        median: 2.87847948074
        min: -1.24750232697
        var: 117.04876709
    spectral_rms:
        dmean: 0.000227885175264
        dmean2: 0.000363843137166
        dvar: 6.17958662019e-008
        dvar2: 1.46921479427e-007
        max: 0.00398897426203
        mean: 0.0021432377398
        median: 0.00227337446995
        min: 3.11263146334e-012
        var: 5.0024061693e-007
    spectral_rolloff:
        dmean: 374.070739746
        dmean2: 608.141479492
        dvar: 287424.8125
        dvar2: 618877.875
        max: 19336.8164063
        mean: 3266.84082031
        median: 3552.97851563
        min: 107.666015625
        var: 2016944.625
    spectral_skewness:
        dmean: 0.186875209212
        dmean2: 0.302727818489
        dvar: 0.0661914721131
        dvar2: 0.173101961613
        max: 10.8416976929
        mean: 1.4112663269
        median: 1.23286211491
        min: -0.187247365713
        var: 0.806559324265
    spectral_spread:
        dmean: 387492.6875
        dmean2: 566474.5
        dvar: 300133613568
        dvar2: 497447108608
        max: 43145900
        mean: 4659777
        median: 4423970
        min: 553590.5625
        var: 5.7648218112e+012
    spectral_strongpeak:
        dmean: 0.528451621532
        dmean2: 0.905781030655
        dvar: 0.683897078037
        dvar2: 1.76944732666
        max: 10.9064407349
        mean: 0.827841222286
        median: 0.287540048361
        min: 1.03897029868e-010
        var: 1.36101567745
    zerocrossingrate:
        dmean: 0.00780076021329
        dmean2: 0.00925247278064
        dvar: 6.7402383138e-005
        dvar2: 8.05580421002e-005
        max: 0.5185546875
        mean: 0.0984901487827
        median: 0.10400390625
        min: 0.0048828125
        var: 0.00147938448936
    barkbands:
        dmean: [1.28984106595e-006, 0.000120352066006, 0.000177470501512, 0.000164536482771, 0.000266020186245, 0.000119551819807, 0.000108357970021, 8.56293918332e-005, 0.000114702321298, 0.000145250145579, 0.00013158065849, 0.000103057078377, 8.58134008013e-005, 7.02338220435e-005, 7.95097803348e-005, 0.000131035325467, 0.000173050691956, 0.000179319235031, 0.000214967614738, 0.000185123441042, 0.000115318529424, 3.40801125276e-005, 5.48167918168e-006, 2.26665451919e-006, 9.44724263263e-007, 2.55006220584e-008, 2.56592774805e-010]
        dmean2: [2.18709760702e-006, 0.000203084797249, 0.000291160133202, 0.000269717769697, 0.00045508419862, 0.000196940251044, 0.000177438691026, 0.000140411430039, 0.000186966062756, 0.000235531362705, 0.000210273676203, 0.000168819722603, 0.000141643773532, 0.000114478629257, 0.000127859515487, 0.00021119210578, 0.000281650427496, 0.000294266443234, 0.000350259884726, 0.000301883585053, 0.000194090753212, 5.72000826651e-005, 8.4817302195e-006, 3.39440953212e-006, 1.40883639688e-006, 3.74409943049e-008, 4.5530659798e-010]
        dvar: [4.01817424819e-012, 2.67518611707e-008, 4.88920974817e-008, 4.97903016594e-008, 1.97226981413e-007, 2.82967551613e-008, 2.38123885055e-008, 1.64785838308e-008, 2.73661857619e-008, 7.49232924591e-008, 5.96577365286e-008, 2.49574618749e-008, 2.17403730574e-008, 1.54535833019e-008, 2.21325962002e-008, 6.04343100008e-008, 1.06812606759e-007, 6.8397604025e-008, 6.89643187002e-008, 5.41064437698e-008, 2.99463955855e-008, 3.14201131779e-009, 7.79918352123e-011, 1.55897759979e-011, 3.48718688474e-012, 5.20648536898e-015, 2.1276976238e-019]
        dvar2: [1.04693892444e-011, 7.13868644198e-008, 1.2783588943e-007, 1.28003847522e-007, 5.46681860669e-007, 7.24423685483e-008, 5.94860409819e-008, 4.11033944658e-008, 6.80042759882e-008, 1.90176024262e-007, 1.39586305181e-007, 6.33988364029e-008, 5.60241701919e-008, 3.83541909343e-008, 5.43110623141e-008, 1.53444474904e-007, 2.7136829317e-007, 1.73031949657e-007, 1.79599169314e-007, 1.36614204393e-007, 7.79460123113e-008, 8.1948137165e-009, 1.70060521221e-010, 3.13565146071e-011, 7.23999462812e-012, 1.06742304272e-014, 5.38682193675e-019]
        max: [1.70082748809e-005, 0.00141759496182, 0.00345256971195, 0.00502455001697, 0.00666015595198, 0.00375966960564, 0.00307731982321, 0.00309165311046, 0.00359049555846, 0.0052826073952, 0.00441910047084, 0.00328400195576, 0.0035309465602, 0.00315246172249, 0.00387795874849, 0.00465213041753, 0.00867033936083, 0.00587826920673, 0.00466179568321, 0.00467063998803, 0.00292522716336, 0.000635653035715, 0.000235339015489, 7.39657625672e-005, 5.90416821069e-005, 3.42864041158e-006, 2.58931791564e-008]
        mean: [1.54723215928e-006, 0.000159051443916, 0.000279356667306, 0.000255533028394, 0.000403335609008, 0.000223760507652, 0.000192764855456, 0.00013771893282, 0.00020145662711, 0.000251388642937, 0.000215552165173, 0.000189359794604, 0.000158537193784, 0.000127145671286, 0.000145079495269, 0.000256940547843, 0.00035764297354, 0.000377891876269, 0.00051355647156, 0.000448382255854, 0.000243069967837, 6.33597592241e-005, 1.11996350824e-005, 5.25171799381e-006, 2.12516943066e-006, 5.48229586173e-008, 2.80388379181e-010]
        median: [9.01978694401e-007, 0.000102765872725, 0.000192246865481, 0.000158476788783, 0.000261226727162, 0.000143912053318, 0.000110178079922, 8.22344882181e-005, 0.000122505080071, 0.000109921034891, 9.12778486963e-005, 0.000110376960947, 8.17937689135e-005, 6.01027859375e-005, 7.51084735384e-005, 0.000123555131722, 0.000170178609551, 0.000274205813184, 0.00043524094508, 0.00037884444464, 0.000183348922292, 4.09951535403e-005, 4.70892700832e-006, 2.48681431003e-006, 1.1635906958e-006, 2.73444662469e-008, 1.47002826578e-010]
        min: [3.46389291869e-025, 3.15560711231e-024, 8.45822579035e-025, 2.06792214631e-024, 1.02893770552e-023, 1.20351057281e-023, 8.08820348301e-024, 9.36059036919e-024, 2.43810636736e-023, 1.44058417964e-023, 1.51636342037e-023, 2.20073086346e-023, 2.28148907868e-023, 2.38096144115e-023, 5.62748757324e-023, 7.57336887489e-023, 8.58801881058e-023, 1.30994518498e-022, 1.29999682855e-022, 1.5696660891e-022, 2.76904137415e-022, 3.10203811625e-022, 4.76866795859e-022, 5.71855443345e-022, 8.14245363678e-022, 1.37468350324e-021, 1.86809007433e-021]
        var: [3.98720639838e-012, 3.0154101438e-008, 8.53984047922e-008, 9.3545381219e-008, 2.38670139652e-007, 7.27524565036e-008, 6.17597635255e-008, 3.23676552227e-008, 6.19043234451e-008, 1.73000799464e-007, 1.29779749614e-007, 6.03223995199e-008, 6.61721273332e-008, 4.48031549638e-008, 5.53022836414e-008, 1.7076281722e-007, 3.83044181262e-007, 1.60848600217e-007, 2.11818743878e-007, 1.72749793137e-007, 6.32201562212e-008, 5.10665820741e-009, 2.42503600534e-010, 5.1045584426e-011, 9.4535759429e-012, 1.31069564856e-014, 3.12226947779e-019]
    frequency_bands:
        dmean: [1.28984106595e-006, 0.000120352066006, 0.000177470501512, 0.000164536482771, 0.000266020186245, 0.000119551819807, 0.000108357970021, 8.56293918332e-005, 0.000114702321298, 0.000145250145579, 0.00013158065849, 0.000103057078377, 8.58134008013e-005, 7.02338220435e-005, 7.95097803348e-005, 0.000131035325467, 0.000173050691956, 0.000179319235031, 0.000214967614738, 0.000185123441042, 0.000115318529424, 3.40801125276e-005, 5.48167918168e-006, 2.26665451919e-006, 9.44724263263e-007, 2.55006220584e-008, 2.56592774805e-010, 6.05802491505e-011]
        dmean2: [2.18709760702e-006, 0.000203084797249, 0.000291160133202, 0.000269717769697, 0.00045508419862, 0.000196940251044, 0.000177438691026, 0.000140411430039, 0.000186966062756, 0.000235531362705, 0.000210273676203, 0.000168819722603, 0.000141643773532, 0.000114478629257, 0.000127859515487, 0.00021119210578, 0.000281650427496, 0.000294266443234, 0.000350259884726, 0.000301883585053, 0.000194090753212, 5.72000826651e-005, 8.4817302195e-006, 3.39440953212e-006, 1.40883639688e-006, 3.74409943049e-008, 4.5530659798e-010, 1.12158338172e-010]
        dvar: [4.01817424819e-012, 2.67518611707e-008, 4.88920974817e-008, 4.97903016594e-008, 1.97226981413e-007, 2.82967551613e-008, 2.38123885055e-008, 1.64785838308e-008, 2.73661857619e-008, 7.49232924591e-008, 5.96577365286e-008, 2.49574618749e-008, 2.17403730574e-008, 1.54535833019e-008, 2.21325962002e-008, 6.04343100008e-008, 1.06812606759e-007, 6.8397604025e-008, 6.89643187002e-008, 5.41064437698e-008, 2.99463955855e-008, 3.14201131779e-009, 7.79918352123e-011, 1.55897759979e-011, 3.48718688474e-012, 5.20648536898e-015, 2.1276976238e-019, 7.53134619136e-021]
        dvar2: [1.04693892444e-011, 7.13868644198e-008, 1.2783588943e-007, 1.28003847522e-007, 5.46681860669e-007, 7.24423685483e-008, 5.94860409819e-008, 4.11033944658e-008, 6.80042759882e-008, 1.90176024262e-007, 1.39586305181e-007, 6.33988364029e-008, 5.60241701919e-008, 3.83541909343e-008, 5.43110623141e-008, 1.53444474904e-007, 2.7136829317e-007, 1.73031949657e-007, 1.79599169314e-007, 1.36614204393e-007, 7.79460123113e-008, 8.1948137165e-009, 1.70060521221e-010, 3.13565146071e-011, 7.23999462812e-012, 1.06742304272e-014, 5.38682193675e-019, 2.37149692783e-020]
        max: [1.70082748809e-005, 0.00141759496182, 0.00345256971195, 0.00502455001697, 0.00666015595198, 0.00375966960564, 0.00307731982321, 0.00309165311046, 0.00359049555846, 0.0052826073952, 0.00441910047084, 0.00328400195576, 0.0035309465602, 0.00315246172249, 0.00387795874849, 0.00465213041753, 0.00867033936083, 0.00587826920673, 0.00466179568321, 0.00467063998803, 0.00292522716336, 0.000635653035715, 0.000235339015489, 7.39657625672e-005, 5.90416821069e-005, 3.42864041158e-006, 2.58931791564e-008, 1.59838908775e-009]
        mean: [1.54723215928e-006, 0.000159051443916, 0.000279356667306, 0.000255533028394, 0.000403335609008, 0.000223760507652, 0.000192764855456, 0.00013771893282, 0.00020145662711, 0.000251388642937, 0.000215552165173, 0.000189359794604, 0.000158537193784, 0.000127145671286, 0.000145079495269, 0.000256940547843, 0.00035764297354, 0.000377891876269, 0.00051355647156, 0.000448382255854, 0.000243069967837, 6.33597592241e-005, 1.11996350824e-005, 5.25171799381e-006, 2.12516943066e-006, 5.48229586173e-008, 2.80388379181e-010, 4.75244461839e-011]
        median: [9.01978694401e-007, 0.000102765872725, 0.000192246865481, 0.000158476788783, 0.000261226727162, 0.000143912053318, 0.000110178079922, 8.22344882181e-005, 0.000122505080071, 0.000109921034891, 9.12778486963e-005, 0.000110376960947, 8.17937689135e-005, 6.01027859375e-005, 7.51084735384e-005, 0.000123555131722, 0.000170178609551, 0.000274205813184, 0.00043524094508, 0.00037884444464, 0.000183348922292, 4.09951535403e-005, 4.70892700832e-006, 2.48681431003e-006, 1.1635906958e-006, 2.73444662469e-008, 1.47002826578e-010, 1.73657754843e-011]
        min: [3.46389291869e-025, 3.15560711231e-024, 8.45822579035e-025, 2.06792214631e-024, 1.02893770552e-023, 1.20351057281e-023, 8.08820348301e-024, 9.36059036919e-024, 2.43810636736e-023, 1.44058417964e-023, 1.51636342037e-023, 2.20073086346e-023, 2.28148907868e-023, 2.38096144115e-023, 5.62748757324e-023, 7.57336887489e-023, 8.58801881058e-023, 1.30994518498e-022, 1.29999682855e-022, 1.5696660891e-022, 2.76904137415e-022, 3.10203811625e-022, 4.76866795859e-022, 5.71855443345e-022, 8.14245363678e-022, 1.37468350324e-021, 1.86809007433e-021, 5.16345636473e-022]
        var: [3.98720639838e-012, 3.0154101438e-008, 8.53984047922e-008, 9.3545381219e-008, 2.38670139652e-007, 7.27524565036e-008, 6.17597635255e-008, 3.23676552227e-008, 6.19043234451e-008, 1.73000799464e-007, 1.29779749614e-007, 6.03223995199e-008, 6.61721273332e-008, 4.48031549638e-008, 5.53022836414e-008, 1.7076281722e-007, 3.83044181262e-007, 1.60848600217e-007, 2.11818743878e-007, 1.72749793137e-007, 6.32201562212e-008, 5.10665820741e-009, 2.42503600534e-010, 5.1045584426e-011, 9.4535759429e-012, 1.31069564856e-014, 3.12226947779e-019, 6.11044296165e-021]
    mfcc:
        mean: [-699.958862305, 106.868247986, -43.9669799805, 49.7798042297, -15.8254976273, -1.37031400204, 8.2865114212, -1.7876816988, 0.733298242092, -5.23553943634, -4.50388813019, -1.78485023975, -3.62498426437]
        cov: [[6898.52197266, -180.904129028, -1295.1192627, 429.377380371, -459.925231934, 18.8488769531, 2.45955395699, 66.3521194458, 89.683380127, -59.6249046326, -83.8775177002, -23.5794582367, -58.4256744385], [-180.904129028, 1059.22460938, 3.67268633842, 87.1908340454, 87.1817855835, -35.9641494751, 60.2994537354, -1.57840573788, 27.9529075623, -5.8839597702, 36.4120368958, -0.282106906176, 15.2440509796], [-1295.1192627, 3.67268633842, 703.859191895, -101.156044006, 176.576538086, 51.7788772583, -47.921672821, 39.0382347107, -66.8578033447, 41.8185157776, 28.0595855713, 7.56512308121, 15.7936954498], [429.377380371, 87.1908340454, -101.156044006, 267.65335083, 7.64915323257, 32.15574646, 3.49983286858, 11.5322008133, 57.5491828918, -5.8915271759, 4.31041049957, 21.0572490692, 21.661190033], [-459.925231934, 87.1817855835, 176.576538086, 7.64915323257, 182.12677002, 14.4898614883, -9.22222137451, 10.9883956909, 18.3458843231, 17.6756286621, 4.34619903564, 17.5707435608, 8.19028949738], [18.8488769531, -35.9641494751, 51.7788772583, 32.15574646, 14.4898614883, 115.39402771, 31.1913909912, 24.8941326141, -8.29772949219, 14.7962942123, 20.900302887, -3.79385304451, 4.45401477814], [2.45955395699, 60.2994537354, -47.921672821, 3.49983286858, -9.22222137451, 31.1913909912, 151.680206299, 22.9063243866, 10.1379137039, 7.45245838165, 10.2766065598, 0.448816657066, -7.6852478981], [66.3521194458, -1.57840573788, 39.0382347107, 11.5322008133, 10.9883956909, 24.8941326141, 22.9063243866, 106.794906616, 20.9013786316, 0.443152099848, 14.7868499756, 3.33118343353, 8.14979839325], [89.683380127, 27.9529075623, -66.8578033447, 57.5491828918, 18.3458843231, -8.29772949219, 10.1379137039, 20.9013786316, 88.3072891235, 13.9835977554, -1.6859036684, 13.5738639832, 9.33393096924], [-59.6249046326, -5.8839597702, 41.8185157776, -5.8915271759, 17.6756286621, 14.7962942123, 7.45245838165, 0.443152099848, 13.9835977554, 64.8988571167, 19.3071155548, 5.24387264252, 4.30525398254], [-83.8775177002, 36.4120368958, 28.0595855713, 4.31041049957, 4.34619903564, 20.900302887, 10.2766065598, 14.7868499756, -1.6859036684, 19.3071155548, 66.1294403076, 16.3794307709, 7.55003023148], [-23.5794582367, -0.282106906176, 7.56512308121, 21.0572490692, 17.5707435608, -3.79385304451, 0.448816657066, 3.33118343353, 13.5738639832, 5.24387264252, 16.3794307709, 56.2040710449, 23.9124546051], [-58.4256744385, 15.2440509796, 15.7936954498, 21.661190033, 8.19028949738, 4.45401477814, -7.6852478981, 8.14979839325, 9.33393096924, 4.30525398254, 7.55003023148, 23.9124546051, 59.8500671387]]
        icov: [[0.000284425244899, -6.81717119733e-006, 0.000495127285831, -0.000340138445608, 0.000311892770696, -0.000204363284865, 0.000284379464574, -0.00051902589621, 0.00038154530921, -0.000371007976355, 0.000428521860158, -0.000238253735006, 0.000359876692528], [-6.81717119733e-006, 0.00116382120177, 6.39112016643e-008, -0.000476651650388, -0.000765902572311, 0.000933395815082, -0.000701492419466, 0.000236194624449, 3.99116142944e-005, 0.000406388193369, -0.00110600248445, 0.000962178630289, -0.00049784622388], [0.000495127285831, 6.39112016643e-008, 0.00353058381006, 7.60181574151e-005, -0.00200239289552, -0.000973469752353, 0.00136061746161, -0.00215637707151, 0.00318579189479, -0.00202422449365, 0.000599118007813, -0.000405429193052, 7.41285184631e-005], [-0.000340138445608, -0.000476651650388, 7.60181574151e-005, 0.00571845378727, -0.000420246680733, -0.00243120873347, 0.000536957348231, 0.000907009234652, -0.00357161532156, 0.00172829336952, -0.000249282835284, -0.00109827693086, -0.00121352390852], [0.000311892770696, -0.000765902572311, -0.00200239289552, -0.000420246680733, 0.00926734134555, -0.00128777103964, 0.000676879601087, 6.37462944724e-005, -0.00302919605747, -0.000657240278088, 0.00202855444513, -0.002875123173, 0.00149844004773], [-0.000204363284865, 0.000933395815082, -0.000973469752353, -0.00243120873347, -0.00128777103964, 0.0125909727067, -0.00302581605501, -0.00143207411747, 0.00270967721008, -0.00159430608619, -0.00345767498948, 0.00346764991991, -0.00151194399223], [0.000284379464574, -0.000701492419466, 0.00136061746161, 0.000536957348231, 0.000676879601087, -0.00302581605501, 0.00838835164905, -0.00210506189615, -2.79755076917e-005, -0.00129837426357, 0.000751865445636, -0.00158356036991, 0.0020348362159], [-0.00051902589621, 0.000236194624449, -0.00215637707151, 0.000907009234652, 6.37462944724e-005, -0.00143207411747, -0.00210506189615, 0.0127628305927, -0.00539282662794, 0.00364724895917, -0.00340252066962, 0.00163135910407, -0.00188032386359], [0.00038154530921, 3.99116142944e-005, 0.00318579189479, -0.00357161532156, -0.00302919605747, 0.00270967721008, -2.79755076917e-005, -0.00539282662794, 0.0193018391728, -0.0065993340686, 0.00290455063805, -0.00227256328799, -0.00023603925365], [-0.000371007976355, 0.000406388193369, -0.00202422449365, 0.00172829336952, -0.000657240278088, -0.00159430608619, -0.00129837426357, 0.00364724895917, -0.0065993340686, 0.0205206647515, -0.00638741999865, 0.00142393819988, -0.0012218952179], [0.000428521860158, -0.00110600248445, 0.000599118007813, -0.000249282835284, 0.00202855444513, -0.00345767498948, 0.000751865445636, -0.00340252066962, 0.00290455063805, -0.00638741999865, 0.021245829761, -0.00740119023249, 0.00145515112672], [-0.000238253735006, 0.000962178630289, -0.000405429193052, -0.00109827693086, -0.002875123173, 0.00346764991991, -0.00158356036991, 0.00163135910407, -0.00227256328799, 0.00142393819988, -0.00740119023249, 0.0257737711072, -0.00937526021153], [0.000359876692528, -0.00049784622388, 7.41285184631e-005, -0.00121352390852, 0.00149844004773, -0.00151194399223, 0.0020348362159, -0.00188032386359, -0.00023603925365, -0.0012218952179, 0.00145515112672, -0.00937526021153, 0.0217178985476]]
    sccoeffs:
        dmean: [0.0523243434727, 0.0440406538546, 0.0374530740082, 0.0297500640154, 0.0209318101406, 0.0190045591444]
        dmean2: [0.0878677293658, 0.0738682746887, 0.0622863732278, 0.0489937774837, 0.0340643301606, 0.0302713550627]
        dvar: [0.00184277561493, 0.00118146417663, 0.000855791848153, 0.000577172322664, 0.000319004029734, 0.000315466197208]
        dvar2: [0.00505212135613, 0.00328819011338, 0.00232823239639, 0.00150281307288, 0.000765400240198, 0.000755922112148]
        max: [-0.311092197895, -0.502485454082, -0.517719864845, -0.49860137701, -0.557947993279, -0.555630505085]
        mean: [-0.687856853008, -0.769995450974, -0.776396751404, -0.787058949471, -0.794851660728, -0.747592628002]
        median: [-0.690798044205, -0.773375153542, -0.781205773354, -0.794638872147, -0.798730611801, -0.745068013668]
        min: [-0.97846442461, -0.993860840797, -0.995075285435, -0.98961353302, -0.98774343729, -0.964848279953]
        var: [0.00446116738021, 0.00318176811561, 0.0037589634303, 0.00307738338597, 0.0018708697753, 0.00235174037516]
    scvalleys:
        dmean: [0.358941435814, 0.331158101559, 0.284568339586, 0.25858259201, 0.244111210108, 0.247876152396]
        dmean2: [0.592749834061, 0.55546271801, 0.467891275883, 0.405132859945, 0.364368259907, 0.358617067337]
        dvar: [0.103097289801, 0.0856507346034, 0.0675058588386, 0.0659747049212, 0.0876072123647, 0.106501109898]
        dvar2: [0.238843858242, 0.206396818161, 0.149959176779, 0.127174004912, 0.160302564502, 0.20361970365]
        max: [-5.01494455338, -4.85318565369, -5.20219326019, -5.64400863647, -5.62428712845, -7.84907722473]
        mean: [-6.58583116531, -6.54622411728, -6.79982948303, -7.22683477402, -7.05850410461, -9.74999713898]
        median: [-6.31784057617, -6.32487678528, -6.53446865082, -6.9087228775, -6.59931182861, -9.47949695587]
        min: [-28.0238723755, -27.9564666748, -27.9746074677, -27.7209320068, -27.4858226776, -27.3943710327]
        var: [2.19555878639, 2.11300182343, 2.38734507561, 2.47491717339, 2.75523495674, 2.55019950867]

rhythm:
    beats_loudness:
        dmean: 0.0019863282796
        dmean2: 0.00344693474472
        dvar: 2.56967564383e-006
        dvar2: 7.46408431951e-006
        max: 0.0124513879418
        mean: 0.00609617074952
        median: 0.00632520671934
        min: 0
        var: 6.70959980198e-006
    bpm: 152.007385254
    bpm_confidence: 0
    first_peak_bpm: 152
    first_peak_spread: 0.0531914643943
    first_peak_weight: 0.686595976353
    onset_rate: 2.79502654076
    second_peak_bpm: 136
    second_peak_spread: 0.274774760008
    second_peak_weight: 0.155255541205
    beats_loudness_band_ratio:
        dmean: [0.0978975296021, 0.0738707631826, 0.0573680587113, 0.0748276263475, 0.0808752700686, 0.0906685590744]
        dmean2: [0.172261804342, 0.129606664181, 0.100195713341, 0.12517413497, 0.13691920042, 0.160159796476]
        dvar: [0.0117651484907, 0.00433573266491, 0.00329586816952, 0.00616674823686, 0.00595579110086, 0.00671744300053]
        dvar2: [0.0319135300815, 0.0116940615699, 0.00923133734614, 0.0148325189948, 0.0155144846067, 0.019429480657]
        max: [0.851080954075, 0.63879185915, 0.510451972485, 0.773189902306, 0.760644674301, 0.82393860817]
        mean: [0.16957166791, 0.123415850103, 0.105027787387, 0.147245258093, 0.236422404647, 0.248908191919]
        median: [0.124828130007, 0.104279689491, 0.0889180749655, 0.118811190128, 0.216923460364, 0.260107129812]
        min: [0, 0, 0, 0, 0, 0]
        var: [0.0220014918596, 0.00774489203468, 0.00434384029359, 0.0101683977991, 0.0150650376454, 0.0137043166906]
