
metadata:
    version:
        essentia: "2.1-beta2"
    audio_properties:
        analysis_sample_rate: 44100
        bitrate: 320
        channels: 2
        equal_loudness: 1
        length: 307.591827393
        replay_gain: -14.708688736
        downmix: "mix"
    tags:
        album: "Imaginaerum"
        artist: "Nightwish"
        comment: "www.NewAlbumReleases.net"
        date: "2011"
        genre: "Metal"
        title: "I Want My Tears Back"
        tracknumber: "5"

configuration:
    average_loudness:
        compute: 1
        frameSize: 88200
        hopSize: 44100
        silentFrames: "noise"
        windowType: "hann"
    general:
        analysisSampleRate: 44100
        endTime: 2000
        equalLoudness: 1
        nequalLoudness: 0
        shortSound: 0
        startTime: 0
    lowlevel:
        compute: 1
        frameSize: 2048
        hopSize: 1024
        zeroPadding: 0
        silentFrames: "noise"
        windowType: "blackmanharris62"
        mfccStats: ["mean", "cov", "icov"]
        stats: ["mean", "var", "median", "min", "max", "dmean", "dmean2", "dvar", "dvar2"]
    panning:
        compute: 0
        frameSize: 8192
        hopSize: 2048
        zeroPadding: 8192
        silentFrames: "noise"
        windowType: "hann"
        stats: ["copy"]
    rhythm:
        compute: 1
        maxTempo: 208
        minTempo: 40
        method: "degara"
        stats: ["mean", "var", "median", "min", "max", "dmean", "dmean2", "dvar", "dvar2"]
    segmentation:
        compute: 0
        cpw: 5
        inc1: 300
        inc2: 50
        minimumSegmentsLength: 10
        size1: 1000
        size2: 600
    sfx:
        compute: 1
        stats: ["mean", "var", "median", "min", "max", "dmean", "dmean2", "dvar", "dvar2"]
    svm:
        compute: 0
    tonal:
        compute: 1
        frameSize: 4096
        hopSize: 2048
        zeroPadding: 0
        silentFrames: "noise"
        windowType: "blackmanharris62"
        stats: ["mean", "var", "median", "min", "max", "dmean", "dmean2", "dvar", "dvar2"]

lowlevel:
    average_loudness: 0.899373471737
    barkbands_kurtosis:
        dmean: 0.554268717766
        dmean2: 0.889263510704
        dvar: 0.601006984711
        dvar2: 1.34675049782
        max: 21.1452579498
        mean: -0.585350394249
        median: -0.91044986248
        min: -1.86995732784
        var: 1.49938476086
    barkbands_skewness:
        dmean: 0.305255830288
        dmean2: 0.471746861935
        dvar: 0.0755321979523
        dvar2: 0.16889333725
        max: 4.341152668
        mean: -0.389881819487
        median: -0.410981476307
        min: -2.98705124855
        var: 0.457489222288
    barkbands_spread:
        dmean: 5.38232898712
        dmean2: 8.44949436188
        dvar: 28.9350986481
        dvar2: 69.7803726196
        max: 73.3840255737
        mean: 31.9020748138
        median: 31.2136611938
        min: 4.15474700928
        var: 96.8555908203
    dissonance:
        dmean: 0.013674100861
        dmean2: 0.023252652958
        dvar: 0.000214457162656
        dvar2: 0.000603941851296
        max: 0.500000059605
        mean: 0.477344542742
        median: 0.482559114695
        min: 0.279372960329
        var: 0.000374621275114
    hfc:
        dmean: 2.78142333031
        dmean2: 4.51327991486
        dvar: 10.8472423553
        dvar2: 27.7935428619
        max: 44.3749847412
        mean: 11.2789640427
        median: 10.4167957306
        min: 1.09013907935e-016
        var: 45.3028068542
    pitch:
        dmean: 654.980041504
        dmean2: 1261.63391113
        dvar: 1467427.625
        dvar2: 3721866.25
        max: 5163.23925781
        mean: 1146.32568359
        median: 393.154968262
        min: 65.6048355103
        var: 2076293.875
    pitch_instantaneous_confidence:
        dmean: 0.0916400924325
        dmean2: 0.144082814455
        dvar: 0.00729435123503
        dvar2: 0.0160601064563
        max: 0.960569858551
        mean: 0.453944891691
        median: 0.41240465641
        min: 0.0958389639854
        var: 0.0340073853731
    pitch_salience:
        dmean: 0.0521829538047
        dmean2: 0.083827264607
        dvar: 0.00193785002921
        dvar2: 0.00483516417444
        max: 0.924935281277
        mean: 0.643382668495
        median: 0.652518630028
        min: 0.291434943676
        var: 0.00733269425109
    silence_rate_20dB:
        dmean: 0
        dmean2: 0
        dvar: 0
        dvar2: 0
        max: 1
        mean: 1
        median: 1
        min: 1
        var: 0
    silence_rate_30dB:
        dmean: 0
        dmean2: 0
        dvar: 0
        dvar2: 0
        max: 1
        mean: 1
        median: 1
        min: 1
        var: 0
    silence_rate_60dB:
        dmean: 0.0748848766088
        dmean2: 0.149781063199
        dvar: 0.0692826882005
        dvar2: 0.151977971196
        max: 1
        mean: 0.237167879939
        median: 0
        min: 0
        var: 0.180921331048
    spectral_centroid:
        dmean: 236.145263672
        dmean2: 369.174499512
        dvar: 63508.15625
        dvar2: 135745.921875
        max: 11616.4101563
        mean: 2094.11083984
        median: 2120.31689453
        min: 220.82170105
        var: 455054.5
    spectral_complexity:
        dmean: 3.94157171249
        dmean2: 6.23659992218
        dvar: 16.5249176025
        dvar2: 36.4773101807
        max: 50
        mean: 18.2772502899
        median: 19
        min: 0
        var: 76.1076278687
    spectral_crest:
        dmean: 1.64744985104
        dmean2: 2.68298602104
        dvar: 2.41414546967
        dvar2: 5.93395805359
        max: 21.8615932465
        mean: 6.33940601349
        median: 5.65559244156
        min: 2.19731688499
        var: 6.91829299927
    spectral_decrease:
        dmean: 2.26810653592e-010
        dmean2: 3.67974983817e-010
        dvar: 6.85271897732e-020
        dvar2: 1.71283656131e-019
        max: 1.84426979252e-028
        mean: -1.09814446425e-009
        median: -1.07904329916e-009
        min: -3.5348310945e-009
        var: 2.73794663105e-019
    spectral_energy:
        dmean: 0.00108170718886
        dmean2: 0.0017537206877
        dvar: 1.5616554947e-006
        dvar2: 3.91243020204e-006
        max: 0.0167384520173
        mean: 0.00516769569367
        median: 0.00502693466842
        min: 1.01508842119e-020
        var: 6.43243993181e-006
    spectral_energyband_high:
        dmean: 0.000295204867143
        dmean2: 0.00049789150944
        dvar: 1.74399374941e-007
        dvar2: 4.78665640458e-007
        max: 0.00574529683217
        mean: 0.000717902672477
        median: 0.000601689273026
        min: 7.19525963886e-021
        var: 3.66655285688e-007
    spectral_energyband_low:
        dmean: 0.000189774800674
        dmean2: 0.000313596305205
        dvar: 8.84757227482e-008
        dvar2: 2.38622050119e-007
        max: 0.00340848998167
        mean: 0.000345295469742
        median: 0.000254869635683
        min: 2.91677627836e-023
        var: 1.12570241129e-007
    spectral_energyband_middle_high:
        dmean: 0.000735976849683
        dmean2: 0.0011387366103
        dvar: 5.9967260313e-007
        dvar2: 1.36273024509e-006
        max: 0.0119033623487
        mean: 0.00308608566411
        median: 0.00285365735181
        min: 1.29400027398e-021
        var: 3.4857623632e-006
    spectral_energyband_middle_low:
        dmean: 0.000392087502405
        dmean2: 0.000642838247586
        dvar: 2.89829500844e-007
        dvar2: 7.73932697484e-007
        max: 0.00684219831601
        mean: 0.00113018346019
        median: 0.000944007362705
        min: 2.01627546229e-022
        var: 5.62622233247e-007
    spectral_flatness_db:
        dmean: 0.0127079337835
        dmean2: 0.0188231822103
        dvar: 0.000144448902574
        dvar2: 0.000286037509795
        max: 0.332774072886
        mean: 0.13419289887
        median: 0.12775605917
        min: 0.0523834116757
        var: 0.00111142429523
    spectral_flux:
        dmean: 0.00771732348949
        dmean2: 0.0118461307138
        dvar: 6.29739006399e-005
        dvar2: 0.000127197461552
        max: 0.093403019011
        mean: 0.0420931726694
        median: 0.0423029363155
        min: 6.45415387801e-011
        var: 0.0002341465879
    spectral_kurtosis:
        dmean: 0.873090088367
        dmean2: 1.43013691902
        dvar: 0.952725708485
        dvar2: 2.49025821686
        max: 23.9503574371
        mean: 3.26208209991
        median: 3.11210203171
        min: -1.28116881847
        var: 2.71339845657
    spectral_rms:
        dmean: 0.00023135750962
        dmean2: 0.000369013956515
        dvar: 6.25334095616e-008
        dvar2: 1.49516651504e-007
        max: 0.00404106406495
        mean: 0.00216596527025
        median: 0.00221457146108
        min: 3.14695123259e-012
        var: 3.5023123246e-007
    spectral_rolloff:
        dmean: 335.767944336
        dmean2: 549.085327148
        dvar: 210671.546875
        dvar2: 441686.25
        max: 19379.8828125
        mean: 3725.18579102
        median: 3854.44335938
        min: 193.798828125
        var: 1063027.625
    spectral_skewness:
        dmean: 0.159949630499
        dmean2: 0.254890114069
        dvar: 0.0315548665822
        dvar2: 0.0766351819038
        max: 3.64617061615
        mean: 1.23299348354
        median: 1.22523033619
        min: -0.0800110474229
        var: 0.138608664274
    spectral_spread:
        dmean: 419693.96875
        dmean2: 591290.9375
        dvar: 455982481408
        dvar2: 706780856320
        max: 42646332
        mean: 4796466.5
        median: 4517613.5
        min: 2254479.75
        var: 4.38472330445e+012
    spectral_strongpeak:
        dmean: 0.782871901989
        dmean2: 1.31650042534
        dvar: 1.07071805
        dvar2: 2.62305355072
        max: 12.0972328186
        mean: 1.31847262383
        median: 0.768618643284
        min: 1.35762928677e-010
        var: 2.33188390732
    zerocrossingrate:
        dmean: 0.00733586633578
        dmean2: 0.00872543733567
        dvar: 6.26379769528e-005
        dvar2: 7.33632186893e-005
        max: 0.52099609375
        mean: 0.114490672946
        median: 0.1162109375
        min: 0.01513671875
        var: 0.000870887306519
    barkbands:
        dmean: [8.97566678759e-007, 7.02738689142e-005, 0.000123138117488, 6.29704445601e-005, 0.00014582563017, 0.000129407824716, 0.000101111094409, 8.0437399447e-005, 0.00010531875887, 0.000124211946968, 0.000171678766492, 0.000101098914456, 7.08348525222e-005, 7.00323435012e-005, 0.000103465819848, 0.000120047719975, 0.000193423737073, 0.000194473162992, 0.000294626050163, 0.000201515824301, 0.000186015357031, 5.36049410584e-005, 7.92773516878e-006, 1.91935555449e-006, 1.31259548652e-006, 5.56190862255e-008, 4.01895794422e-010]
        dmean2: [1.37493839247e-006, 0.000114549438877, 0.000206508004339, 9.98301184154e-005, 0.000248075171839, 0.000215293141082, 0.000166767538758, 0.000132843051688, 0.000167536520166, 0.00019585750124, 0.000270342105068, 0.000159656672622, 0.000113653935841, 0.000112584588351, 0.000165469566127, 0.000192914143554, 0.000315454468364, 0.000315445358865, 0.000481544295326, 0.000329625938321, 0.000316406250931, 9.40942045418e-005, 1.30246417029e-005, 2.86067029265e-006, 1.92464631255e-006, 8.5859021226e-008, 6.57471577181e-010]
        dvar: [3.45252038764e-012, 1.33523263557e-008, 3.84416303234e-008, 7.85821629989e-009, 8.26839468004e-008, 3.23447437722e-008, 2.82440133503e-008, 2.49820999443e-008, 3.03672216262e-008, 4.90038587486e-008, 1.03134020435e-007, 5.82092205548e-008, 2.08315640293e-008, 1.33694717519e-008, 2.40277273633e-008, 3.7844319678e-008, 9.8009010685e-008, 8.66433467195e-008, 1.51620312749e-007, 5.92408575528e-008, 7.82022198109e-008, 9.73672076299e-009, 2.45215292516e-010, 1.57046129573e-011, 7.45299048172e-012, 1.07676666316e-014, 3.08693102956e-019]
        dvar2: [7.5955266382e-012, 3.44940751518e-008, 1.0631381997e-007, 1.81513453157e-008, 2.30652204891e-007, 8.70061214187e-008, 7.2932394346e-008, 6.41402877477e-008, 7.39755492418e-008, 1.19888213135e-007, 2.43188196691e-007, 1.31859806629e-007, 5.03330035428e-008, 3.20256532405e-008, 5.81306487391e-008, 9.1894726495e-008, 2.45714289804e-007, 2.15673452431e-007, 4.00494371888e-007, 1.5371725226e-007, 2.15320028474e-007, 2.73761759928e-008, 6.35519803449e-010, 3.06569943043e-011, 1.42518297511e-011, 2.57370503625e-014, 7.40425031029e-019]
        max: [1.38006062116e-005, 0.00115172227379, 0.00230939360335, 0.0017374434974, 0.00495386729017, 0.00298468722031, 0.00303553743288, 0.00258104829118, 0.00323522370309, 0.00405216682702, 0.00774451065809, 0.00769247766584, 0.0043114614673, 0.00230365688913, 0.00351996533573, 0.00501612108201, 0.00663110753521, 0.00812493823469, 0.00789167173207, 0.00454060453922, 0.00521424133331, 0.00130172865465, 0.000293602090096, 7.32322369004e-005, 7.06446735421e-005, 2.01386342269e-006, 1.14135279006e-008]
        mean: [8.709534427e-007, 0.000101555284346, 0.00018538608856, 0.000114349917567, 0.00022282525606, 0.000248890632065, 0.000163765827892, 0.000111432971607, 0.000181821320439, 0.000217040040297, 0.000306891364744, 0.000176819143235, 0.000123106176034, 0.000124341415358, 0.000190327438759, 0.000241209825617, 0.000380030076485, 0.000402937002946, 0.000688822008669, 0.000496012333315, 0.000382993952371, 8.42660228955e-005, 1.43796114571e-005, 4.57422356703e-006, 2.9501914014e-006, 9.8064575127e-008, 6.93373469751e-010]
        median: [1.8566674953e-007, 6.0109905462e-005, 0.00012677142513, 7.34009663574e-005, 0.000147239014041, 0.000161351767019, 9.5084134955e-005, 4.64873919555e-005, 9.10192320589e-005, 9.33835108299e-005, 0.000102136909845, 6.39446807327e-005, 5.34899409104e-005, 6.56472402625e-005, 0.00010991684394, 0.000140828560689, 0.000213860985241, 0.000268791685812, 0.000525592535269, 0.000420774886152, 0.000285935180727, 5.34315258847e-005, 7.57281350161e-006, 2.54859810411e-006, 1.6448337874e-006, 5.12332363201e-008, 4.23594270771e-010]
        min: [1.75377229309e-024, 5.64067022783e-024, 2.697919087e-024, 2.42985902381e-024, 7.43796752694e-024, 1.33803778399e-023, 1.17887815438e-023, 2.06047060565e-023, 1.73101436595e-023, 1.14664545557e-023, 2.33505020979e-023, 2.91191531747e-023, 3.30737128925e-023, 3.6254254912e-023, 5.22725741526e-023, 5.23548491896e-023, 9.77253511162e-023, 9.51092106755e-023, 1.13439170047e-022, 1.96260666745e-022, 2.49032406834e-022, 3.55532668007e-022, 2.73950086828e-022, 6.03793985395e-022, 9.60555004495e-022, 1.42224659041e-021, 2.02779167031e-021]
        var: [3.70874641761e-012, 1.60602695587e-008, 4.47897434697e-008, 1.8846384009e-008, 8.03278723538e-008, 7.37799155104e-008, 4.23879278344e-008, 3.41194592579e-008, 6.48886100407e-008, 1.14283281505e-007, 2.9189294537e-007, 1.5386854102e-007, 5.17055340765e-008, 2.98811180244e-008, 5.35842552551e-008, 1.02939473834e-007, 2.45431721169e-007, 2.1857790955e-007, 4.13254610976e-007, 1.68507625631e-007, 1.65990002188e-007, 9.42612832233e-009, 3.78878844964e-010, 4.50666101659e-011, 1.91833007812e-011, 1.8418140209e-014, 6.71492348272e-019]
    frequency_bands:
        dmean: [8.97566678759e-007, 7.02738689142e-005, 0.000123138117488, 6.29704445601e-005, 0.00014582563017, 0.000129407824716, 0.000101111094409, 8.0437399447e-005, 0.00010531875887, 0.000124211946968, 0.000171678766492, 0.000101098914456, 7.08348525222e-005, 7.00323435012e-005, 0.000103465819848, 0.000120047719975, 0.000193423737073, 0.000194473162992, 0.000294626050163, 0.000201515824301, 0.000186015357031, 5.36049410584e-005, 7.92773516878e-006, 1.91935555449e-006, 1.31259548652e-006, 5.56190862255e-008, 4.01895794422e-010, 5.95735821785e-011]
        dmean2: [1.37493839247e-006, 0.000114549438877, 0.000206508004339, 9.98301184154e-005, 0.000248075171839, 0.000215293141082, 0.000166767538758, 0.000132843051688, 0.000167536520166, 0.00019585750124, 0.000270342105068, 0.000159656672622, 0.000113653935841, 0.000112584588351, 0.000165469566127, 0.000192914143554, 0.000315454468364, 0.000315445358865, 0.000481544295326, 0.000329625938321, 0.000316406250931, 9.40942045418e-005, 1.30246417029e-005, 2.86067029265e-006, 1.92464631255e-006, 8.5859021226e-008, 6.57471577181e-010, 1.10253327301e-010]
        dvar: [3.45252038764e-012, 1.33523263557e-008, 3.84416303234e-008, 7.85821629989e-009, 8.26839468004e-008, 3.23447437722e-008, 2.82440133503e-008, 2.49820999443e-008, 3.03672216262e-008, 4.90038587486e-008, 1.03134020435e-007, 5.82092205548e-008, 2.08315640293e-008, 1.33694717519e-008, 2.40277273633e-008, 3.7844319678e-008, 9.8009010685e-008, 8.66433467195e-008, 1.51620312749e-007, 5.92408575528e-008, 7.82022198109e-008, 9.73672076299e-009, 2.45215292516e-010, 1.57046129573e-011, 7.45299048172e-012, 1.07676666316e-014, 3.08693102956e-019, 7.50577790938e-021]
        dvar2: [7.5955266382e-012, 3.44940751518e-008, 1.0631381997e-007, 1.81513453157e-008, 2.30652204891e-007, 8.70061214187e-008, 7.2932394346e-008, 6.41402877477e-008, 7.39755492418e-008, 1.19888213135e-007, 2.43188196691e-007, 1.31859806629e-007, 5.03330035428e-008, 3.20256532405e-008, 5.81306487391e-008, 9.1894726495e-008, 2.45714289804e-007, 2.15673452431e-007, 4.00494371888e-007, 1.5371725226e-007, 2.15320028474e-007, 2.73761759928e-008, 6.35519803449e-010, 3.06569943043e-011, 1.42518297511e-011, 2.57370503625e-014, 7.40425031029e-019, 2.36505848998e-020]
        max: [1.38006062116e-005, 0.00115172227379, 0.00230939360335, 0.0017374434974, 0.00495386729017, 0.00298468722031, 0.00303553743288, 0.00258104829118, 0.00323522370309, 0.00405216682702, 0.00774451065809, 0.00769247766584, 0.0043114614673, 0.00230365688913, 0.00351996533573, 0.00501612108201, 0.00663110753521, 0.00812493823469, 0.00789167173207, 0.00454060453922, 0.00521424133331, 0.00130172865465, 0.000293602090096, 7.32322369004e-005, 7.06446735421e-005, 2.01386342269e-006, 1.14135279006e-008, 1.26936017253e-009]
        mean: [8.709534427e-007, 0.000101555284346, 0.00018538608856, 0.000114349917567, 0.00022282525606, 0.000248890632065, 0.000163765827892, 0.000111432971607, 0.000181821320439, 0.000217040040297, 0.000306891364744, 0.000176819143235, 0.000123106176034, 0.000124341415358, 0.000190327438759, 0.000241209825617, 0.000380030076485, 0.000402937002946, 0.000688822008669, 0.000496012333315, 0.000382993952371, 8.42660228955e-005, 1.43796114571e-005, 4.57422356703e-006, 2.9501914014e-006, 9.8064575127e-008, 6.93373469751e-010, 4.72018743536e-011]
        median: [1.8566674953e-007, 6.0109905462e-005, 0.00012677142513, 7.34009663574e-005, 0.000147239014041, 0.000161351767019, 9.5084134955e-005, 4.64873919555e-005, 9.10192320589e-005, 9.33835108299e-005, 0.000102136909845, 6.39446807327e-005, 5.34899409104e-005, 6.56472402625e-005, 0.00010991684394, 0.000140828560689, 0.000213860985241, 0.000268791685812, 0.000525592535269, 0.000420774886152, 0.000285935180727, 5.34315258847e-005, 7.57281350161e-006, 2.54859810411e-006, 1.6448337874e-006, 5.12332363201e-008, 4.23594270771e-010, 1.85349340043e-011]
        min: [1.75377229309e-024, 5.64067022783e-024, 2.697919087e-024, 2.42985902381e-024, 7.43796752694e-024, 1.33803778399e-023, 1.17887815438e-023, 2.06047060565e-023, 1.73101436595e-023, 1.14664545557e-023, 2.33505020979e-023, 2.91191531747e-023, 3.30737128925e-023, 3.6254254912e-023, 5.22725741526e-023, 5.23548491896e-023, 9.77253511162e-023, 9.51092106755e-023, 1.13439170047e-022, 1.96260666745e-022, 2.49032406834e-022, 3.55532668007e-022, 2.73950086828e-022, 6.03793985395e-022, 9.60555004495e-022, 1.42224659041e-021, 2.02779167031e-021, 5.56466521511e-022]
        var: [3.70874641761e-012, 1.60602695587e-008, 4.47897434697e-008, 1.8846384009e-008, 8.03278723538e-008, 7.37799155104e-008, 4.23879278344e-008, 3.41194592579e-008, 6.48886100407e-008, 1.14283281505e-007, 2.9189294537e-007, 1.5386854102e-007, 5.17055340765e-008, 2.98811180244e-008, 5.35842552551e-008, 1.02939473834e-007, 2.45431721169e-007, 2.1857790955e-007, 4.13254610976e-007, 1.68507625631e-007, 1.65990002188e-007, 9.42612832233e-009, 3.78878844964e-010, 4.50666101659e-011, 1.91833007812e-011, 1.8418140209e-014, 6.71492348272e-019, 5.97574136488e-021]
    mfcc:
        mean: [-688.539428711, 94.0937194824, -53.4204673767, 51.9271774292, -20.8996696472, -2.8491461277, 5.32350587845, -3.46700239182, 2.52818751335, -6.64931440353, -4.5909075737, -5.47504377365, 0.0091312751174]
        cov: [[2885.55688477, -212.880767822, -26.5301609039, 265.374969482, -20.4669075012, 158.451217651, -45.5445251465, 20.2533073425, 1.8189214468, -45.5400733948, -38.7920761108, -26.5864276886, 18.7965240479], [-212.880767822, 495.426544189, -43.1649513245, 13.3811731339, 16.127904892, -23.1306686401, 82.0076522827, 13.1104421616, 29.7416534424, 29.5984916687, 26.9664077759, -8.47698688507, -18.4576530457], [-26.5301609039, -43.1649513245, 464.604278564, -23.4495735168, 109.712547302, 54.9907722473, -2.91628623009, 79.012298584, -2.69969701767, 43.4680404663, 36.72448349, -9.16634178162, -12.2584619522], [265.374969482, 13.3811731339, -23.4495735168, 317.626831055, 37.0766830444, 67.0934829712, -7.51152610779, -9.87512779236, 36.1051177979, -8.64412307739, -23.6917724609, 15.5315704346, 11.5420837402], [-20.4669075012, 16.127904892, 109.712547302, 37.0766830444, 173.642242432, 12.5630292892, -10.1058654785, 25.2337265015, 24.0403327942, 32.0625305176, 6.39898061752, 8.79127979279, -0.857688605785], [158.451217651, -23.1306686401, 54.9907722473, 67.0934829712, 12.5630292892, 161.680374146, 52.4577255249, 26.5508441925, 7.3222026825, 11.5918912888, 5.82527351379, 0.913074672222, 4.38461494446], [-45.5445251465, 82.0076522827, -2.91628623009, -7.51152610779, -10.1058654785, 52.4577255249, 157.860321045, 40.3175430298, 0.9369546175, 2.60573196411, 17.2222938538, 0.899687111378, -1.14525365829], [20.2533073425, 13.1104421616, 79.012298584, -9.87512779236, 25.2337265015, 26.5508441925, 40.3175430298, 110.406311035, 27.0671253204, 14.1282377243, 13.6102724075, 0.322908967733, 2.04115962982], [1.8189214468, 29.7416534424, -2.69969701767, 36.1051177979, 24.0403327942, 7.3222026825, 0.9369546175, 27.0671253204, 91.9917221069, 31.5431156158, 0.172930955887, 2.30523395538, -2.41457557678], [-45.5400733948, 29.5984916687, 43.4680404663, -8.64412307739, 32.0625305176, 11.5918912888, 2.60573196411, 14.1282377243, 31.5431156158, 85.4394760132, 23.9310874939, -3.6414103508, -5.82752895355], [-38.7920761108, 26.9664077759, 36.72448349, -23.6917724609, 6.39898061752, 5.82527351379, 17.2222938538, 13.6102724075, 0.172930955887, 23.9310874939, 75.1284942627, 18.303194046, -8.24893665314], [-26.5864276886, -8.47698688507, -9.16634178162, 15.5315704346, 8.79127979279, 0.913074672222, 0.899687111378, 0.322908967733, 2.30523395538, -3.6414103508, 18.303194046, 64.4470977783, 21.0144271851], [18.7965240479, -18.4576530457, -12.2584619522, 11.5420837402, -0.857688605785, 4.38461494446, -1.14525365829, 2.04115962982, -2.41457557678, -5.82752895355, -8.24893665314, 21.0144271851, 58.5834121704]]
        icov: [[0.000414525275119, 0.00014122283028, 8.11966529e-005, -0.000310678035021, 6.48097047815e-005, -0.000332597264787, 0.000208362704143, -0.000215003048652, 7.61510600569e-005, 0.000158804439707, -0.000105037193862, 0.000335131568136, -8.89693183126e-005], [0.00014122283028, 0.00255270628259, 0.000295598525554, -0.000456731591839, -0.000323436019244, 0.000899786769878, -0.00155363266822, 0.000115702503535, -0.00047121339594, -0.0005258473102, -0.000797734188382, 0.000690884306096, 0.000372433423763], [8.11966529e-005, 0.000295598525554, 0.00329075125046, 0.000232296617469, -0.00176615803503, -0.00102032732684, 0.000839363783598, -0.00214302074164, 0.00129716645461, -0.000681357108988, -0.00112685502972, 0.000852437748108, 0.000372721435269], [-0.000310678035021, -0.000456731591839, 0.000232296617469, 0.00440005352721, -0.000975631643087, -0.00196382030845, 0.000570846314076, 0.000991717795841, -0.00178457563743, 0.00104325253051, 0.00116300932132, -0.0012375516817, -0.000115301809274], [6.48097047815e-005, -0.000323436019244, -0.00176615803503, -0.000975631643087, 0.00771980779245, 0.000342188810464, 0.000561727851164, -0.000545187504031, -0.000725862570107, -0.00199554837309, 0.00104588642716, -0.00157718628179, 0.000301940192003], [-0.000332597264787, 0.000899786769878, -0.00102032732684, -0.00196382030845, 0.000342188810464, 0.00908848643303, -0.00356370629743, -0.000307020207401, 0.000247706630034, -0.00144317606464, -0.000128449988551, 0.00026750593679, -0.000417955132434], [0.000208362704143, -0.00155363266822, 0.000839363783598, 0.000570846314076, 0.000561727851164, -0.00356370629743, 0.00942150130868, -0.00333201838657, 0.00106612523086, 0.000745605037082, -0.00114028842654, 4.23270721512e-005, 2.44050916081e-005], [-0.000215003048652, 0.000115702503535, -0.00214302074164, 0.000991717795841, -0.000545187504031, -0.000307020207401, -0.00333201838657, 0.0132508948445, -0.00459640705958, 0.00107367534656, -0.000939994584769, 0.000391995650716, -0.00140581384767], [7.61510600569e-005, -0.00047121339594, 0.00129716645461, -0.00178457563743, -0.000725862570107, 0.000247706630034, 0.00106612523086, -0.00459640705958, 0.0153264589608, -0.00581631017849, 0.00189002219122, -0.00116229185369, 0.00133812939748], [0.000158804439707, -0.0005258473102, -0.000681357108988, 0.00104325253051, -0.00199554837309, -0.00144317606464, 0.000745605037082, 0.00107367534656, -0.00581631017849, 0.0168640166521, -0.00530046597123, 0.00286689749919, -0.00084569666069], [-0.000105037193862, -0.000797734188382, -0.00112685502972, 0.00116300932132, 0.00104588642716, -0.000128449988551, -0.00114028842654, -0.000939994584769, 0.00189002219122, -0.00530046597123, 0.0188969969749, -0.00787399616092, 0.00438876170665], [0.000335131568136, 0.000690884306096, 0.000852437748108, -0.0012375516817, -0.00157718628179, 0.00026750593679, 4.23270721512e-005, 0.000391995650716, -0.00116229185369, 0.00286689749919, -0.00787399616092, 0.021451741457, -0.00808998104185], [-8.89693183126e-005, 0.000372433423763, 0.000372721435269, -0.000115301809274, 0.000301940192003, -0.000417955132434, 2.44050916081e-005, -0.00140581384767, 0.00133812939748, -0.00084569666069, 0.00438876170665, -0.00808998104185, 0.0208923816681]]
    sccoeffs:
        dmean: [0.048968244344, 0.0469623208046, 0.0410720556974, 0.0320992171764, 0.0235251430422, 0.0213935617357]
        dmean2: [0.0808359161019, 0.0778503268957, 0.0667001157999, 0.0523212365806, 0.0373246558011, 0.0344324223697]
        dvar: [0.00163013814017, 0.00139233039226, 0.00106316490564, 0.000669953995384, 0.0004352973192, 0.000523164344486]
        dvar2: [0.00446591200307, 0.00371994730085, 0.00270007108338, 0.00168265111279, 0.00101785908919, 0.00128116831183]
        max: [-0.340968608856, -0.415606945753, -0.475814729929, -0.528530716896, -0.527416706085, -0.544823646545]
        mean: [-0.690720796585, -0.742549777031, -0.746974945068, -0.769010782242, -0.775452852249, -0.727152705193]
        median: [-0.692669630051, -0.748305678368, -0.750920057297, -0.77447617054, -0.78446739912, -0.726142287254]
        min: [-0.982725441456, -0.981293261051, -0.9751547575, -0.970122396946, -0.965139567852, -0.963236629963]
        var: [0.00369152589701, 0.00427083857358, 0.00455106515437, 0.00271344091743, 0.00213498715311, 0.00279227597639]
    scvalleys:
        dmean: [0.37347060442, 0.362635284662, 0.30413967371, 0.273548066616, 0.245694503188, 0.250783264637]
        dmean2: [0.605770349503, 0.596835374832, 0.487484395504, 0.418551594019, 0.362056314945, 0.35467967391]
        dvar: [0.116228073835, 0.123033247888, 0.0841006338596, 0.0811768621206, 0.091008760035, 0.107824929059]
        dvar2: [0.255026072264, 0.274392396212, 0.172989189625, 0.149994030595, 0.163167759776, 0.195824965835]
        max: [-5.18312835693, -4.75484085083, -4.92941141129, -5.785364151, -5.52945899963, -7.7504940033]
        mean: [-6.90772008896, -6.67114162445, -6.84858608246, -7.18924474716, -6.86170482635, -9.55171203613]
        median: [-6.71324062347, -6.58182477951, -6.7421836853, -6.99507331848, -6.58626031876, -9.3638381958]
        min: [-28.010559082, -28.0778026581, -27.8908977509, -27.541727066, -27.4104213715, -27.3812408447]
        var: [1.65490531921, 1.35624039173, 1.31233978271, 1.35255897045, 1.45845234394, 1.47892153263]

rhythm:
    beats_loudness:
        dmean: 0.00200299127027
        dmean2: 0.00359819782898
        dvar: 2.31808871831e-006
        dvar2: 6.48540481052e-006
        max: 0.01348830387
        mean: 0.0061952713877
        median: 0.00613855943084
        min: 0
        var: 6.33663285043e-006
    bpm: 139.985214233
    bpm_confidence: 0
    first_peak_bpm: 140
    first_peak_spread: 0.222222223878
    first_peak_weight: 0.77342659235
    onset_rate: 3.41361498833
    second_peak_bpm: 129
    second_peak_spread: 0.5
    second_peak_weight: 0.00279720290564
    beats_loudness_band_ratio:
        dmean: [0.0637774914503, 0.0603473111987, 0.0704674869776, 0.10486022383, 0.105878323317, 0.0880693495274]
        dmean2: [0.116190567613, 0.107770837843, 0.123051159084, 0.18337982893, 0.182657763362, 0.151683628559]
        dvar: [0.00474291527644, 0.0029629394412, 0.00514511438087, 0.0111622009426, 0.00857627019286, 0.00522146048024]
        dvar2: [0.0144604044035, 0.00860011857003, 0.0156115265563, 0.031415745616, 0.0250786300749, 0.0155462455004]
        max: [0.49204275012, 0.355127453804, 0.520767152309, 0.695711255074, 0.77094912529, 0.709334552288]
        mean: [0.0901006162167, 0.0907858610153, 0.118922881782, 0.168101906776, 0.260492175817, 0.304367482662]
        median: [0.0748161524534, 0.0774016901851, 0.0985134840012, 0.128702640533, 0.240272372961, 0.299252331257]
        min: [0, 0, 0, 0, 0, 0]
        var: [0.00482664536685, 0.00395167851821, 0.00633422099054, 0.0151062784716, 0.0123772555962, 0.0121820643544]
