
metadata:
    version:
        essentia: "2.1-beta2"
    audio_properties:
        analysis_sample_rate: 44100
        bitrate: 320
        channels: 2
        equal_loudness: 1
        length: 260.284088135
        replay_gain: -12.1066265106
        downmix: "mix"
    tags:
        album: "Imaginaerum"
        artist: "Nightwish"
        comment: "www.NewAlbumReleases.net"
        date: "2011"
        genre: "Ringtone"
        title: "Turn Loose The Mermaids"
        tracknumber: "8"

configuration:
    average_loudness:
        compute: 1
        frameSize: 88200
        hopSize: 44100
        silentFrames: "noise"
        windowType: "hann"
    general:
        analysisSampleRate: 44100
        endTime: 2000
        equalLoudness: 1
        nequalLoudness: 0
        shortSound: 0
        startTime: 0
    lowlevel:
        compute: 1
        frameSize: 2048
        hopSize: 1024
        zeroPadding: 0
        silentFrames: "noise"
        windowType: "blackmanharris62"
        mfccStats: ["mean", "cov", "icov"]
        stats: ["mean", "var", "median", "min", "max", "dmean", "dmean2", "dvar", "dvar2"]
    panning:
        compute: 0
        frameSize: 8192
        hopSize: 2048
        zeroPadding: 8192
        silentFrames: "noise"
        windowType: "hann"
        stats: ["copy"]
    rhythm:
        compute: 1
        maxTempo: 208
        minTempo: 40
        method: "degara"
        stats: ["mean", "var", "median", "min", "max", "dmean", "dmean2", "dvar", "dvar2"]
    segmentation:
        compute: 0
        cpw: 5
        inc1: 300
        inc2: 50
        minimumSegmentsLength: 10
        size1: 1000
        size2: 600
    sfx:
        compute: 1
        stats: ["mean", "var", "median", "min", "max", "dmean", "dmean2", "dvar", "dvar2"]
    svm:
        compute: 0
    tonal:
        compute: 1
        frameSize: 4096
        hopSize: 2048
        zeroPadding: 0
        silentFrames: "noise"
        windowType: "blackmanharris62"
        stats: ["mean", "var", "median", "min", "max", "dmean", "dmean2", "dvar", "dvar2"]

lowlevel:
    average_loudness: 0.575244486332
    barkbands_kurtosis:
        dmean: 2.15122127533
        dmean2: 3.23022270203
        dvar: 24.7690792084
        dvar2: 53.0806503296
        max: 152.997787476
        mean: 4.31446504593
        median: 0.0421955548227
        min: -1.94256532192
        var: 144.878494263
    barkbands_skewness:
        dmean: 0.427744179964
        dmean2: 0.625307559967
        dvar: 0.234316200018
        dvar2: 0.464238286018
        max: 11.1183624268
        mean: 1.26340711117
        median: 0.884457349777
        min: -6.28088617325
        var: 2.42530226707
    barkbands_spread:
        dmean: 3.78065109253
        dmean2: 5.6092748642
        dvar: 18.3899497986
        dvar2: 37.797000885
        max: 78.9962234497
        mean: 21.0331821442
        median: 20.3640480042
        min: 0.480209112167
        var: 140.110702515
    dissonance:
        dmean: 0.0247497614473
        dmean2: 0.0413721390069
        dvar: 0.000564379210118
        dvar2: 0.0015482630115
        max: 0.499999165535
        mean: 0.437198698521
        median: 0.446694940329
        min: 0.210503965616
        var: 0.00168742565438
    hfc:
        dmean: 1.11308276653
        dmean2: 1.56606066227
        dvar: 3.32719779015
        dvar2: 6.53609466553
        max: 65.45753479
        mean: 4.45706796646
        median: 2.86111950874
        min: 1.18234523311e-016
        var: 22.3449954987
    pitch:
        dmean: 148.878967285
        dmean2: 287.205078125
        dvar: 345648.75
        dvar2: 878038.125
        max: 5444.58837891
        mean: 420.003112793
        median: 268.967285156
        min: 63.3590087891
        var: 447177.3125
    pitch_instantaneous_confidence:
        dmean: 0.0764278247952
        dmean2: 0.114016264677
        dvar: 0.00624648621306
        dvar2: 0.0129611948505
        max: 0.971249818802
        mean: 0.649439573288
        median: 0.665297567844
        min: 0.121143996716
        var: 0.0356935746968
    pitch_salience:
        dmean: 0.0618382394314
        dmean2: 0.095385029912
        dvar: 0.00309308315627
        dvar2: 0.00705993361771
        max: 0.965203881264
        mean: 0.531337320805
        median: 0.543484389782
        min: 0.0682895332575
        var: 0.0164684653282
    silence_rate_20dB:
        dmean: 0
        dmean2: 0
        dvar: 0
        dvar2: 0
        max: 1
        mean: 1
        median: 1
        min: 1
        var: 0
    silence_rate_30dB:
        dmean: 0
        dmean2: 0
        dvar: 0
        dvar2: 0
        max: 1
        mean: 1
        median: 1
        min: 1
        var: 0
    silence_rate_60dB:
        dmean: 0.0743978619576
        dmean2: 0.148808985949
        dvar: 0.0688641518354
        dvar2: 0.14557133615
        max: 1
        mean: 0.5325127244
        median: 1
        min: 0
        var: 0.248958364129
    spectral_centroid:
        dmean: 173.566085815
        dmean2: 253.663909912
        dvar: 63617.0429688
        dvar2: 118298.695313
        max: 11003.2558594
        mean: 1112.10314941
        median: 1043.55981445
        min: 83.0327987671
        var: 342633.03125
    spectral_complexity:
        dmean: 1.59036576748
        dmean2: 2.4739048481
        dvar: 3.45208001137
        dvar2: 7.22230625153
        max: 32
        mean: 8.14762306213
        median: 7
        min: 0
        var: 31.36536026
    spectral_crest:
        dmean: 2.22117471695
        dmean2: 3.43461203575
        dvar: 4.3460817337
        dvar2: 9.98143959045
        max: 26.4417533875
        mean: 10.9167900085
        median: 9.83484745026
        min: 2.66321110725
        var: 24.3499965668
    spectral_decrease:
        dmean: 1.9052352751e-010
        dmean2: 2.75431843999e-010
        dvar: 6.35110308294e-020
        dvar2: 1.34616910926e-019
        max: 7.36237156532e-029
        mean: -8.41153591224e-010
        median: -6.99543201144e-010
        min: -5.01792518648e-009
        var: 4.50308543475e-019
    spectral_energy:
        dmean: 0.000803146336693
        dmean2: 0.00115476024803
        dvar: 1.16146145501e-006
        dvar2: 2.43045042225e-006
        max: 0.0248759910464
        mean: 0.00357897602953
        median: 0.00293456111103
        min: 1.04463403635e-020
        var: 8.46477632876e-006
    spectral_energyband_high:
        dmean: 5.87046306464e-005
        dmean2: 8.38395353639e-005
        dvar: 1.51457850706e-008
        dvar2: 2.95929396543e-008
        max: 0.00304850656539
        mean: 0.000146388512803
        median: 5.47373965674e-005
        min: 7.62881617873e-021
        var: 7.03529394741e-008
    spectral_energyband_low:
        dmean: 6.50393703836e-005
        dmean2: 0.000108301836008
        dvar: 2.43675337686e-008
        dvar2: 6.30183976114e-008
        max: 0.00316167273559
        mean: 0.000106481311377
        median: 3.20207218465e-005
        min: 6.86292957889e-023
        var: 4.29152358095e-008
    spectral_energyband_middle_high:
        dmean: 0.00048182552564
        dmean2: 0.000701287121046
        dvar: 7.27191547867e-007
        dvar2: 1.66525649092e-006
        max: 0.0172557290643
        mean: 0.00156475848053
        median: 0.000841413508169
        min: 1.56802394575e-021
        var: 3.82990810976e-006
    spectral_energyband_middle_low:
        dmean: 0.000486783566885
        dmean2: 0.0007085474208
        dvar: 4.12952999795e-007
        dvar2: 8.85511724391e-007
        max: 0.0139463227242
        mean: 0.00182551704347
        median: 0.00154449639376
        min: 2.53927004761e-022
        var: 2.08031656257e-006
    spectral_flatness_db:
        dmean: 0.0179423652589
        dmean2: 0.0263885818422
        dvar: 0.000297522405162
        dvar2: 0.000604193191975
        max: 0.426737695932
        mean: 0.209603890777
        median: 0.20401725173
        min: 0.0497759766877
        var: 0.00315681705251
    spectral_flux:
        dmean: 0.00705573894083
        dmean2: 0.0111429644749
        dvar: 5.80784108024e-005
        dvar2: 0.000142566888826
        max: 0.119127206504
        mean: 0.026345802471
        median: 0.0245047062635
        min: 1.02207339814e-010
        var: 0.000275925354799
    spectral_kurtosis:
        dmean: 2.11555624008
        dmean2: 3.52440619469
        dvar: 7.14035177231
        dvar2: 19.1914081573
        max: 89.4913330078
        mean: 7.18322610855
        median: 5.82074546814
        min: -1.55276656151
        var: 37.250667572
    spectral_rms:
        dmean: 0.000200868817046
        dmean2: 0.000282761000562
        dvar: 4.83808264562e-008
        dvar2: 9.20508185231e-008
        max: 0.00492638396099
        mean: 0.00169434491545
        median: 0.00169203616679
        min: 3.19242093698e-012
        var: 6.20874232027e-007
    spectral_rolloff:
        dmean: 392.757629395
        dmean2: 639.097412109
        dvar: 392783.4375
        dvar2: 765486.6875
        max: 18949.21875
        mean: 2058.08984375
        median: 1894.921875
        min: 107.666015625
        var: 1742823.5
    spectral_skewness:
        dmean: 0.239386126399
        dmean2: 0.381787419319
        dvar: 0.0556316450238
        dvar2: 0.133288696408
        max: 7.68265199661
        mean: 1.95030832291
        median: 1.84355211258
        min: -0.193123117089
        var: 0.454739183187
    spectral_spread:
        dmean: 465229.90625
        dmean2: 659416.5625
        dvar: 574954930176
        dvar2: 833764786176
        max: 40470664
        mean: 4100832.25
        median: 3754750.25
        min: 760308.375
        var: 3.18006047539e+012
    spectral_strongpeak:
        dmean: 0.359139323235
        dmean2: 0.592642366886
        dvar: 0.494820207357
        dvar2: 1.23614823818
        max: 12.5140037537
        mean: 0.796211183071
        median: 0.453585982323
        min: 6.22208018441e-009
        var: 1.00018334389
    zerocrossingrate:
        dmean: 0.00743481144309
        dmean2: 0.00845067668706
        dvar: 8.23786467663e-005
        dvar2: 8.81611922523e-005
        max: 0.498046875
        mean: 0.064440973103
        median: 0.0634765625
        min: 0.0048828125
        var: 0.000897913414519
    barkbands:
        dmean: [1.1036760128e-007, 1.98464149435e-005, 4.10086540796e-005, 3.35486292897e-005, 0.000187906232895, 0.000196748034796, 0.000125245380332, 0.000128293468151, 6.99679440004e-005, 7.54091743147e-005, 0.000183292169822, 0.000103223777842, 5.71204109292e-005, 4.70032027806e-005, 5.26878648088e-005, 3.4748827602e-005, 7.88046017988e-005, 7.84966832725e-005, 9.27591318032e-005, 8.08905169833e-005, 2.09350619116e-005, 3.32666422764e-006, 6.50151037007e-007, 5.98739291036e-007, 6.11475968526e-007, 1.06399653532e-008, 1.68601105299e-010]
        dmean2: [1.84760395427e-007, 3.39657926816e-005, 6.91557579557e-005, 5.62492168683e-005, 0.000290411553578, 0.000286180962576, 0.000184921911568, 0.000175840134034, 0.000102123980469, 0.000111519424536, 0.000278225488728, 0.00015711679589, 8.6494423158e-005, 7.64119831729e-005, 8.45396934892e-005, 5.52395831619e-005, 0.000123452642583, 0.000121736004076, 0.00014085265866, 0.000118080053653, 3.23506683344e-005, 5.25215091329e-006, 9.88566739579e-007, 8.57873885707e-007, 8.86494206043e-007, 1.60870410326e-008, 3.00371200135e-010]
        dvar: [2.40309318668e-013, 2.5807231907e-009, 1.16527125726e-008, 4.780630114e-009, 9.01508840911e-008, 1.35693184689e-007, 6.75363125424e-008, 1.03243870342e-007, 3.17427151231e-008, 4.18024015403e-008, 2.73722349675e-007, 1.03900092085e-007, 5.37718491955e-008, 4.80840860462e-008, 6.58140066889e-008, 8.70475158621e-009, 5.67909594906e-008, 2.85670278544e-008, 3.82723719383e-008, 5.06377872966e-008, 2.5117854463e-009, 1.89240456638e-010, 6.53948162982e-012, 5.98769211296e-012, 7.33683860193e-012, 2.16093944361e-015, 6.85213219608e-020]
        dvar2: [5.78887632274e-013, 6.92891166665e-009, 3.06172935893e-008, 1.34055113676e-008, 2.09386953998e-007, 2.9432888482e-007, 1.41435023693e-007, 1.65088749782e-007, 6.48092921551e-008, 9.13431321692e-008, 6.48897582778e-007, 2.39866039919e-007, 1.13395884682e-007, 1.32381615003e-007, 1.90767451613e-007, 2.12551167778e-008, 1.4520567504e-007, 6.56001475363e-008, 8.57547703959e-008, 1.0307367404e-007, 5.54086421189e-009, 4.71556904635e-010, 1.42825013968e-011, 1.07273781871e-011, 1.29128357312e-011, 4.97125584919e-015, 2.03162240511e-019]
        max: [2.1619736799e-005, 0.000980076845735, 0.00241819955409, 0.00222856644541, 0.00605368241668, 0.00803865958005, 0.00694695860147, 0.0100369499996, 0.00497098546475, 0.00761357601732, 0.0125837884843, 0.0084482319653, 0.00706600863487, 0.0102333147079, 0.0154597265646, 0.00254264124669, 0.0104005122557, 0.00510220555589, 0.00494291912764, 0.0134928999469, 0.00130399107002, 0.000517912674695, 8.80976222106e-005, 6.03740118095e-005, 6.87959545758e-005, 2.34492472373e-006, 6.39309982731e-009]
        mean: [1.23151309595e-007, 2.43706781475e-005, 5.4619355069e-005, 6.3262450567e-005, 0.000446718826424, 0.000536431616638, 0.000269740819931, 0.000305345078232, 0.000134781381348, 0.000147940867464, 0.000331011426169, 0.000183636424481, 9.96023445623e-005, 7.74139698478e-005, 8.61341686687e-005, 5.71168275201e-005, 0.000150325489813, 0.0001753213146, 0.00019464995421, 0.000191879909835, 3.9951504732e-005, 5.33944148629e-006, 1.02063029317e-006, 1.11618135179e-006, 1.10924611363e-006, 1.4257985903e-008, 1.89873325396e-010]
        median: [1.76556014253e-009, 2.35548213823e-006, 1.31910228447e-005, 2.26821175602e-005, 0.000248455296969, 0.000218856323045, 9.38989978749e-005, 8.47234259709e-005, 3.4945373045e-005, 3.7138506741e-005, 4.04489146604e-005, 2.31535486819e-005, 1.1640113371e-005, 1.58918646775e-005, 1.97117187781e-005, 1.36313738039e-005, 2.74442136288e-005, 5.01846116094e-005, 7.43993805372e-005, 5.80632222409e-005, 1.38406621772e-005, 1.65114772699e-006, 3.17351208423e-007, 2.90985923357e-007, 2.09558848496e-007, 3.13674042296e-009, 9.51460438214e-011]
        min: [8.64070509494e-024, 3.31966458206e-023, 2.01810435741e-023, 3.48485994422e-023, 2.448766087e-023, 6.74728635671e-023, 1.78978481893e-023, 3.40332832976e-023, 6.11213846986e-023, 7.33000844107e-023, 3.72404604167e-023, 4.70347239131e-023, 9.03108790225e-023, 1.20927416413e-022, 2.23753415925e-022, 1.70502565897e-022, 1.63902753616e-022, 2.43462771165e-022, 2.75716857577e-022, 3.0153987221e-022, 2.89759036073e-022, 4.88812245179e-022, 5.79159310829e-022, 7.42982320073e-022, 1.39797047521e-021, 1.56416592367e-021, 2.61465228305e-021]
        var: [3.17882222281e-013, 3.46870554502e-009, 1.65237388217e-008, 1.7390325624e-008, 3.38890231433e-007, 6.33731360722e-007, 2.12359609009e-007, 4.68765023243e-007, 9.11051287744e-008, 1.44596853602e-007, 7.42216741401e-007, 2.72924665978e-007, 1.61065713655e-007, 1.23569307675e-007, 1.35654275368e-007, 1.76517644945e-008, 1.54264157004e-007, 1.24051709349e-007, 1.09748889088e-007, 1.5348248894e-007, 6.32478203144e-009, 2.6056476421e-010, 9.74076028171e-012, 1.31172087081e-011, 1.75645990808e-011, 3.25757817734e-015, 7.4262569335e-020]
    frequency_bands:
        dmean: [1.1036760128e-007, 1.98464149435e-005, 4.10086540796e-005, 3.35486292897e-005, 0.000187906232895, 0.000196748034796, 0.000125245380332, 0.000128293468151, 6.99679440004e-005, 7.54091743147e-005, 0.000183292169822, 0.000103223777842, 5.71204109292e-005, 4.70032027806e-005, 5.26878648088e-005, 3.4748827602e-005, 7.88046017988e-005, 7.84966832725e-005, 9.27591318032e-005, 8.08905169833e-005, 2.09350619116e-005, 3.32666422764e-006, 6.50151037007e-007, 5.98739291036e-007, 6.11475968526e-007, 1.06399653532e-008, 1.68601105299e-010, 4.05586432495e-011]
        dmean2: [1.84760395427e-007, 3.39657926816e-005, 6.91557579557e-005, 5.62492168683e-005, 0.000290411553578, 0.000286180962576, 0.000184921911568, 0.000175840134034, 0.000102123980469, 0.000111519424536, 0.000278225488728, 0.00015711679589, 8.6494423158e-005, 7.64119831729e-005, 8.45396934892e-005, 5.52395831619e-005, 0.000123452642583, 0.000121736004076, 0.00014085265866, 0.000118080053653, 3.23506683344e-005, 5.25215091329e-006, 9.88566739579e-007, 8.57873885707e-007, 8.86494206043e-007, 1.60870410326e-008, 3.00371200135e-010, 7.46499875803e-011]
        dvar: [2.40309318668e-013, 2.5807231907e-009, 1.16527125726e-008, 4.780630114e-009, 9.01508840911e-008, 1.35693184689e-007, 6.75363125424e-008, 1.03243870342e-007, 3.17427151231e-008, 4.18024015403e-008, 2.73722349675e-007, 1.03900092085e-007, 5.37718491955e-008, 4.80840860462e-008, 6.58140066889e-008, 8.70475158621e-009, 5.67909594906e-008, 2.85670278544e-008, 3.82723719383e-008, 5.06377872966e-008, 2.5117854463e-009, 1.89240456638e-010, 6.53948162982e-012, 5.98769211296e-012, 7.33683860193e-012, 2.16093944361e-015, 6.85213219608e-020, 4.04816416059e-021]
        dvar2: [5.78887632274e-013, 6.92891166665e-009, 3.06172935893e-008, 1.34055113676e-008, 2.09386953998e-007, 2.9432888482e-007, 1.41435023693e-007, 1.65088749782e-007, 6.48092921551e-008, 9.13431321692e-008, 6.48897582778e-007, 2.39866039919e-007, 1.13395884682e-007, 1.32381615003e-007, 1.90767451613e-007, 2.12551167778e-008, 1.4520567504e-007, 6.56001475363e-008, 8.57547703959e-008, 1.0307367404e-007, 5.54086421189e-009, 4.71556904635e-010, 1.42825013968e-011, 1.07273781871e-011, 1.29128357312e-011, 4.97125584919e-015, 2.03162240511e-019, 1.28210579643e-020]
        max: [2.1619736799e-005, 0.000980076845735, 0.00241819955409, 0.00222856644541, 0.00605368241668, 0.00803865958005, 0.00694695860147, 0.0100369499996, 0.00497098546475, 0.00761357601732, 0.0125837884843, 0.0084482319653, 0.00706600863487, 0.0102333147079, 0.0154597265646, 0.00254264124669, 0.0104005122557, 0.00510220555589, 0.00494291912764, 0.0134928999469, 0.00130399107002, 0.000517912674695, 8.80976222106e-005, 6.03740118095e-005, 6.87959545758e-005, 2.34492472373e-006, 6.39309982731e-009, 7.80813969037e-010]
        mean: [1.23151309595e-007, 2.43706781475e-005, 5.4619355069e-005, 6.3262450567e-005, 0.000446718826424, 0.000536431616638, 0.000269740819931, 0.000305345078232, 0.000134781381348, 0.000147940867464, 0.000331011426169, 0.000183636424481, 9.96023445623e-005, 7.74139698478e-005, 8.61341686687e-005, 5.71168275201e-005, 0.000150325489813, 0.0001753213146, 0.00019464995421, 0.000191879909835, 3.9951504732e-005, 5.33944148629e-006, 1.02063029317e-006, 1.11618135179e-006, 1.10924611363e-006, 1.4257985903e-008, 1.89873325396e-010, 3.19732400278e-011]
        median: [1.76556014253e-009, 2.35548213823e-006, 1.31910228447e-005, 2.26821175602e-005, 0.000248455296969, 0.000218856323045, 9.38989978749e-005, 8.47234259709e-005, 3.4945373045e-005, 3.7138506741e-005, 4.04489146604e-005, 2.31535486819e-005, 1.1640113371e-005, 1.58918646775e-005, 1.97117187781e-005, 1.36313738039e-005, 2.74442136288e-005, 5.01846116094e-005, 7.43993805372e-005, 5.80632222409e-005, 1.38406621772e-005, 1.65114772699e-006, 3.17351208423e-007, 2.90985923357e-007, 2.09558848496e-007, 3.13674042296e-009, 9.51460438214e-011, 9.73185074193e-012]
        min: [8.64070509494e-024, 3.31966458206e-023, 2.01810435741e-023, 3.48485994422e-023, 2.448766087e-023, 6.74728635671e-023, 1.78978481893e-023, 3.40332832976e-023, 6.11213846986e-023, 7.33000844107e-023, 3.72404604167e-023, 4.70347239131e-023, 9.03108790225e-023, 1.20927416413e-022, 2.23753415925e-022, 1.70502565897e-022, 1.63902753616e-022, 2.43462771165e-022, 2.75716857577e-022, 3.0153987221e-022, 2.89759036073e-022, 4.88812245179e-022, 5.79159310829e-022, 7.42982320073e-022, 1.39797047521e-021, 1.56416592367e-021, 2.61465228305e-021, 7.19268631148e-022]
        var: [3.17882222281e-013, 3.46870554502e-009, 1.65237388217e-008, 1.7390325624e-008, 3.38890231433e-007, 6.33731360722e-007, 2.12359609009e-007, 4.68765023243e-007, 9.11051287744e-008, 1.44596853602e-007, 7.42216741401e-007, 2.72924665978e-007, 1.61065713655e-007, 1.23569307675e-007, 1.35654275368e-007, 1.76517644945e-008, 1.54264157004e-007, 1.24051709349e-007, 1.09748889088e-007, 1.5348248894e-007, 6.32478203144e-009, 2.6056476421e-010, 9.74076028171e-012, 1.31172087081e-011, 1.75645990808e-011, 3.25757817734e-015, 7.4262569335e-020, 3.31576762181e-021]
    mfcc:
        mean: [-784.805297852, 132.472686768, -45.5399589539, 37.9412612915, -20.905916214, -26.9950523376, 3.13435149193, -20.8583164215, -12.1623010635, -11.8217363358, -12.5529499054, -7.52179145813, -4.11368942261]
        cov: [[6978.61035156, 780.287231445, -1471.1484375, 508.817138672, -169.906845093, -46.9958076477, 229.448486328, 163.175750732, 86.5120773315, -56.9111213684, 140.99786377, 162.336532593, 234.129974365], [780.287231445, 1012.22363281, -202.980804443, -55.7115020752, -83.4553909302, 58.5035552979, -4.70149374008, -44.7748565674, -34.1497268677, 20.1231517792, 51.6220283508, 10.0817298889, 57.0662841797], [-1471.1484375, -202.980804443, 732.20300293, -119.1668396, 73.5543365479, 65.458946228, -97.295753479, -22.7615413666, -15.8714084625, -1.02992129326, -4.97325229645, -5.08347463608, -32.5195236206], [508.817138672, -55.7115020752, -119.1668396, 367.816070557, 72.6378326416, -78.705909729, -4.37128019333, 38.3721313477, 35.338180542, -50.4051475525, -6.99773311615, 64.8117218018, -9.13279342651], [-169.906845093, -83.4553909302, 73.5543365479, 72.6378326416, 260.81930542, 13.6340227127, -30.9316596985, 38.4116287231, 46.416103363, -11.6977767944, -7.42540216446, 37.0606422424, -5.69513463974], [-46.9958076477, 58.5035552979, 65.458946228, -78.705909729, 13.6340227127, 398.105621338, -1.38020062447, 104.901115417, 46.0930137634, 22.0098438263, 109.061851501, 29.8344116211, 80.744430542], [229.448486328, -4.70149374008, -97.295753479, -4.37128019333, -30.9316596985, -1.38020062447, 243.132492065, 38.4826583862, -15.3223543167, 35.4536323547, -10.2774534225, -26.5167503357, -1.3772059679], [163.175750732, -44.7748565674, -22.7615413666, 38.3721313477, 38.4116287231, 104.901115417, 38.4826583862, 210.360656738, 48.959312439, -13.9806852341, 54.6326560974, 48.0048332214, 59.0344619751], [86.5120773315, -34.1497268677, -15.8714084625, 35.338180542, 46.416103363, 46.0930137634, -15.3223543167, 48.959312439, 145.735244751, 25.8664951324, 21.9426193237, 17.7543697357, 9.87322807312], [-56.9111213684, 20.1231517792, -1.02992129326, -50.4051475525, -11.6977767944, 22.0098438263, 35.4536323547, -13.9806852341, 25.8664951324, 127.095314026, 36.7064628601, -22.2192344666, 7.51827049255], [140.99786377, 51.6220283508, -4.97325229645, -6.99773311615, -7.42540216446, 109.061851501, -10.2774534225, 54.6326560974, 21.9426193237, 36.7064628601, 154.913970947, 60.9226455688, 44.849697113], [162.336532593, 10.0817298889, -5.08347463608, 64.8117218018, 37.0606422424, 29.8344116211, -26.5167503357, 48.0048332214, 17.7543697357, -22.2192344666, 60.9226455688, 148.220703125, 48.6267662048], [234.129974365, 57.0662841797, -32.5195236206, -9.13279342651, -5.69513463974, 80.744430542, -1.3772059679, 59.0344619751, 9.87322807312, 7.51827049255, 44.849697113, 48.6267662048, 147.320526123]]
        icov: [[0.000303169712424, -0.000127090825117, 0.000482303701574, -0.000262907647993, 9.92349450826e-005, 3.65834239346e-005, -0.000139625102747, 1.24087237054e-005, -0.000137082359288, 0.000194550331798, -0.000193338913959, -3.06917499984e-005, -0.000296662678011], [-0.000127090825117, 0.00120629859157, 0.000163456847076, 0.000262752961135, 9.27790097194e-005, -0.000211808466702, 0.000175167515408, 0.000425189733505, 0.000290777126793, -9.64504797594e-005, -0.00019755208632, -4.05599603255e-005, -0.000203027913813], [0.000482303701574, 0.000163456847076, 0.00254847877659, 0.000223990238737, -0.000356186879799, -0.000326754816342, 0.000465015938971, 9.82997735264e-005, 0.00023913125915, 0.000148117993376, -0.000146077436511, -0.000287727831164, -7.24947267372e-006], [-0.000262907647993, 0.000262752961135, 0.000223990238737, 0.00402809074149, -0.00088870129548, 0.000779525609687, 4.14118112531e-005, -0.000381610996556, -0.000641421065666, 0.00101521646138, 4.55124536529e-005, -0.00131232547574, 0.000717393239029], [9.92349450826e-005, 9.27790097194e-005, -0.000356186879799, -0.00088870129548, 0.0047925086692, -0.000248654367169, 0.000370188907254, -0.00066038116347, -0.00104116473813, -0.000311764742946, 0.00102065049578, -0.00107715732884, 0.000392783869756], [3.65834239346e-005, -0.000211808466702, -0.000326754816342, 0.000779525609687, -0.000248654367169, 0.00395944714546, -0.00015086212079, -0.00113229185808, -0.000877854821738, 0.000626874098089, -0.00232025841251, 0.000791903526988, -0.00125548255164], [-0.000139625102747, 0.000175167515408, 0.000465015938971, 4.14118112531e-005, 0.000370188907254, -0.00015086212079, 0.00529327243567, -0.00184216408525, 0.00140196352731, -0.0022939927876, 0.00120691582561, 0.000392536487198, 0.000670053064823], [1.24087237054e-005, 0.000425189733505, 9.82997735264e-005, -0.000381610996556, -0.00066038116347, -0.00113229185808, -0.00184216408525, 0.00763654895127, -0.00195218564477, 0.0022441376932, -0.0017614903627, -0.0003292428446, -0.00200742157176], [-0.000137082359288, 0.000290777126793, 0.00023913125915, -0.000641421065666, -0.00104116473813, -0.000877854821738, 0.00140196352731, -0.00195218564477, 0.00903105828911, -0.00306301261298, 0.000709900457878, -0.000358619290637, 0.000807843054645], [0.000194550331798, -9.64504797594e-005, 0.000148117993376, 0.00101521646138, -0.000311764742946, 0.000626874098089, -0.0022939927876, 0.0022441376932, -0.00306301261298, 0.0115330992267, -0.00439507234842, 0.00250618765131, -0.00132505432703], [-0.000193338913959, -0.00019755208632, -0.000146077436511, 4.55124536529e-005, 0.00102065049578, -0.00232025841251, 0.00120691582561, -0.0017614903627, 0.000709900457878, -0.00439507234842, 0.0116419540718, -0.00449406495318, 0.000498537847307], [-3.06917499984e-005, -4.05599603255e-005, -0.000287727831164, -0.00131232547574, -0.00107715732884, 0.000791903526988, 0.000392536487198, -0.0003292428446, -0.000358619290637, 0.00250618765131, -0.00449406495318, 0.0107913892716, -0.00271812058054], [-0.000296662678011, -0.000203027913813, -7.24947267372e-006, 0.000717393239029, 0.000392783869756, -0.00125548255164, 0.000670053064823, -0.00200742157176, 0.000807843054645, -0.00132505432703, 0.000498537847307, -0.00271812058054, 0.00965378060937]]
    sccoeffs:
        dmean: [0.0483434870839, 0.0431885682046, 0.039213500917, 0.0305005609989, 0.0241520386189, 0.0163697954267]
        dmean2: [0.0801588892937, 0.0680028796196, 0.0613010451198, 0.0483998320997, 0.0367985516787, 0.0253670532256]
        dvar: [0.00149496493395, 0.00133386184461, 0.00106900976971, 0.000651860784274, 0.000468262849608, 0.000208421246498]
        dvar2: [0.00413719099015, 0.00321310875006, 0.00244025583379, 0.00153611670248, 0.000962265825365, 0.000470415281598]
        max: [-0.257525652647, -0.346191912889, -0.386434882879, -0.4957228899, -0.553021371365, -0.597078502178]
        mean: [-0.593339383602, -0.668366551399, -0.721647500992, -0.748804271221, -0.756052315235, -0.783358693123]
        median: [-0.599661707878, -0.676385164261, -0.731079638004, -0.758583009243, -0.763213455677, -0.783698022366]
        min: [-0.977575659752, -0.979832112789, -0.974395990372, -0.971222758293, -0.962476372719, -0.959783256054]
        var: [0.0118573494256, 0.00871857721359, 0.00719886738807, 0.00497125228867, 0.0043946672231, 0.0016020629555]
    scvalleys:
        dmean: [0.438489466906, 0.313371062279, 0.300330400467, 0.249107956886, 0.228629782796, 0.279702931643]
        dmean2: [0.736760675907, 0.510992288589, 0.481785565615, 0.392389118671, 0.339771091938, 0.372646808624]
        dvar: [0.135576635599, 0.0854519382119, 0.0807854533195, 0.0595451742411, 0.0589971207082, 0.104966729879]
        dvar2: [0.347217440605, 0.191849812865, 0.171028509736, 0.117192469537, 0.100597783923, 0.172221571207]
        max: [-5.15907382965, -4.8596777916, -4.90726423264, -5.77469110489, -5.91032552719, -7.97161388397]
        mean: [-8.12030124664, -7.10145330429, -7.80649709702, -8.37244129181, -8.34627819061, -10.9409484863]
        median: [-8.15336036682, -6.93869447708, -7.73012304306, -8.31145477295, -8.15168094635, -10.8150882721]
        min: [-27.2370319366, -27.4275722504, -27.0358524323, -27.0347900391, -27.3973846436, -27.2701892853]
        var: [1.79548287392, 1.38376235962, 1.31326675415, 1.26656162739, 1.20833730698, 1.13409733772]

rhythm:
    beats_loudness:
        dmean: 0.0019091371214
        dmean2: 0.00312268850394
        dvar: 3.4219765439e-006
        dvar2: 9.54246479523e-006
        max: 0.0163041222841
        mean: 0.00454800808802
        median: 0.00394625216722
        min: 2.5366546641e-009
        var: 1.02938574855e-005
    bpm: 109.813484192
    bpm_confidence: 0
    first_peak_bpm: 110
    first_peak_spread: 0.401746690273
    first_peak_weight: 0.578059077263
    onset_rate: 2.90836071968
    second_peak_bpm: 105
    second_peak_spread: 0
    second_peak_weight: 0.0253164563328
    beats_loudness_band_ratio:
        dmean: [0.0613737888634, 0.171618938446, 0.145084634423, 0.13605722785, 0.0965482145548, 0.090869396925]
        dmean2: [0.106253325939, 0.289700269699, 0.250143975019, 0.239963799715, 0.170851379633, 0.159033730626]
        dvar: [0.00692880060524, 0.0209580454975, 0.0164831262082, 0.0221596769989, 0.0115067791194, 0.0135729461908]
        dvar2: [0.0180778782815, 0.058121856302, 0.0482395589352, 0.0623090006411, 0.0320686548948, 0.0388457775116]
        max: [0.947361052036, 0.956817090511, 0.946333408356, 0.828265845776, 0.632069945335, 0.829675555229]
        mean: [0.0791948735714, 0.31895121932, 0.235502034426, 0.182289719582, 0.1327714324, 0.121013574302]
        median: [0.0439759343863, 0.24329957366, 0.188998058438, 0.113859772682, 0.0958748683333, 0.0836611241102]
        min: [0.000261116365436, 0.0224624667317, 0.00381072890013, 0.00150948669761, 0.000676555908285, 0.00024287213455]
        var: [0.0152368228883, 0.0543533936143, 0.0323308780789, 0.0333965197206, 0.0150229046121, 0.0150540228933]
    beats_position: [0.592108845711, 1.16099774837, 1.72988653183, 2.27555561066, 2.82122445107, 3.35528349876, 3.90095233917, 4.43501138687, 4.98067998886, 5.52634906769, 6.08362817764, 6.64090681076, 7.19818592072, 7.73224496841, 8.27791404724, 8.83519268036, 9.38086128235, 9.92653083801, 10.47219944, 11.0062580109, 11.5403175354, 12.0859861374, 12.6316547394, 13.177324295, 13.722992897, 14.268661499, 14.8143310547, 15.3483896255, 15.8940582275, 16.4397277832, 16.9853973389, 17.5310649872, 18.0767345428, 18.6224040985, 19.1680717468, 19.7137413025, 20.2594108582, 20.8050785065, 21.3507480621, 21.8964176178, 22.4420852661, 22.9877548218, 23.5334243774, 24.0790920258, 24.6247615814, 25.1704311371, 25.7160987854, 26.2501583099, 26.7958278656, 27.3414955139, 27.8871650696, 28.4212245941, 28.9668922424, 29.5125617981, 30.0698413849, 30.6155090332, 31.1611785889, 31.6952381134, 32.2409057617, 32.7865753174, 33.332244873, 33.8779144287, 34.4235839844, 34.9692497253, 35.514919281, 36.0605888367, 36.6062583923, 37.1403160095, 37.6859855652, 38.2200431824, 38.7773246765, 39.3229942322, 39.8686599731, 40.4259414673, 40.9948310852, 41.5521087646, 42.0977783203, 42.6666641235, 43.2239456177, 43.7812232971, 44.3385009766, 44.8841705322, 45.4298400879, 45.9755096436, 46.532787323, 47.0900688171, 47.6473464966, 48.204624176, 48.7619056702, 49.3307914734, 49.8880729675, 50.4337387085, 51.0026283264, 51.5715179443, 52.1287956238, 52.6860771179, 53.2433547974, 53.8006324768, 54.3579139709, 54.9151916504, 55.4724693298, 56.029750824, 56.5754165649, 57.1326980591, 57.6899757385, 58.2588653564, 58.8161430359, 59.37342453, 59.977142334, 60.5924720764, 61.1613578796, 61.7186393738, 62.2759170532, 62.8331947327, 63.3904762268, 63.9361457825, 64.4818115234, 65.0274810791, 65.5615386963, 66.107208252, 66.6412658691, 67.1869354248, 67.7326049805, 68.2666625977, 68.8239440918, 69.358001709, 69.8920593262, 70.4377288818, 70.9833984375, 71.5174560547, 72.0515213013, 72.5971832275, 73.1428527832, 73.7001342773, 74.2574157715, 74.8030853271, 75.3487548828, 75.8828125, 76.4284820557, 76.9741516113, 77.5198135376, 78.0654830933, 78.6227645874, 79.1684341431, 79.7141036987, 80.2597732544, 80.8054428101, 81.3395004272, 81.8851699829, 82.4308395386, 82.9648971558, 83.5221786499, 84.0678405762, 84.6251220703, 85.170791626, 85.7164611816, 86.2621307373, 86.8194122314, 87.3650741577, 87.8991394043, 88.44480896, 88.9788665771, 89.5245361328, 90.0818099976, 90.6274795532, 91.1847610474, 91.7420425415, 92.2993164063, 92.8449859619, 93.3906555176, 93.9247131348, 94.458770752, 94.9928359985, 95.5268936157, 96.0725631714, 96.6182327271, 97.1755065918, 97.7327880859, 98.2784576416, 98.8241271973, 99.3581848145, 99.8922424316, 100.426300049, 100.971969604, 101.51763916, 102.063308716, 102.608978271, 103.166259766, 103.72353363, 104.280815125, 104.82648468, 105.372154236, 105.906211853, 106.44026947, 106.974327087, 107.508384705, 108.05405426, 108.611335754, 109.168617249, 109.725891113, 110.294784546, 110.863670349, 111.420951843, 111.95500946, 112.477455139, 113.011520386, 113.545578003, 114.07963562, 114.625305176, 115.170974731, 115.716644287, 116.262313843, 116.807983398, 117.353645325, 117.89931488, 118.444984436, 118.990653992, 119.547935486, 120.10521698, 120.662490845, 121.219772339, 121.788658142, 122.334327698, 122.879997253, 123.425666809, 123.971336365, 124.51700592, 125.051063538, 125.573509216, 126.107574463, 126.64163208, 127.175689697, 127.721359253, 128.267028809, 128.824310303, 129.369979858, 129.927261353, 130.472915649, 131.018585205, 131.564254761, 132.109924316, 132.655593872, 133.189651489, 133.735321045, 134.269378662, 134.815048218, 135.349105835, 135.883178711, 136.440444946, 136.99772644, 137.543395996, 138.089065552, 138.634735107, 139.180404663, 139.737686157, 140.283355713, 140.840637207, 141.386306763, 141.943572998, 142.489242554, 143.034912109, 143.568969727, 144.114639282, 144.648712158, 145.182769775, 145.728439331, 146.274108887, 146.819763184, 147.377044678, 147.934326172, 148.479995728, 149.014053345, 149.548110962, 150.093780518, 150.627838135, 151.17350769, 151.719177246, 152.27645874, 152.822128296, 153.356185913, 153.901855469, 154.447525024, 154.99319458, 155.538864136, 156.084533691, 156.630203247, 157.175872803, 157.721542358, 158.267211914, 158.824493408, 159.370162964, 159.915817261, 160.449890137, 160.995559692, 161.541213989, 162.086883545, 162.632553101, 163.166610718, 163.712280273, 164.257949829, 164.803619385, 165.360900879, 165.906570435, 166.463851929, 167.009521484, 167.566802979, 168.100860596, 168.634918213, 169.180587769, 169.726257324, 170.27192688, 170.817596436, 171.363265991, 171.897323608, 172.442993164, 172.98866272, 173.545944214, 174.09161377, 174.637283325, 175.194549561, 175.740219116, 176.285888672, 176.831558228, 177.377227783, 177.9112854, 178.445343018, 178.991012573, 179.536682129, 180.082351685, 180.62802124, 181.173690796, 181.719360352, 182.265029907, 182.810699463, 183.356369019, 183.902038574, 184.459320068, 185.016601563, 185.573867798, 186.107940674, 186.653594971, 187.199264526, 187.756546021, 188.302215576, 188.836273193, 189.370330811, 189.916000366, 190.47328186, 191.007339478, 191.541397095, 192.08706665, 192.632736206, 193.178405762, 193.724075317, 194.269744873, 194.815414429, 195.372695923, 195.929977417, 196.487258911, 197.032928467, 197.578598022, 198.124252319, 198.658325195, 199.203994751, 199.738052368, 200.283721924, 200.829391479, 201.363449097, 201.897506714, 202.454788208, 203.012054443, 203.557723999, 204.103393555, 204.64906311, 205.194732666, 205.75201416, 206.286071777, 206.820129395, 207.354187012, 207.899856567, 208.445526123, 208.97958374, 209.525253296, 210.070922852, 210.628204346, 211.173873901, 211.719543457, 212.276824951, 212.834106445, 213.379776001, 213.925445557, 214.471099854, 215.016769409, 215.550842285, 216.096496582, 216.642166138, 217.187835693, 217.733505249, 218.290786743, 218.82484436, 219.370513916, 219.916183472, 220.461853027, 221.007522583, 221.553192139, 222.098861694, 222.64453125, 223.190200806, 223.724258423, 224.269927979, 224.815597534, 225.36126709, 225.906936646, 226.452606201, 226.998275757, 227.543945313, 228.089614868, 228.623672485, 229.169342041, 229.715011597, 230.260681152, 230.817947388, 231.363616943, 231.909286499, 232.454956055, 233.00062561, 233.546295166, 234.091964722, 234.637634277, 235.171691895, 235.71736145, 236.263031006, 236.808700562, 237.354370117, 237.911651611, 238.445709229, 239.002990723, 239.548660278, 240.094329834, 240.63999939, 241.185668945, 241.719726563, 242.265396118, 242.811065674, 243.368347168, 243.914016724, 244.459671021, 245.005340576, 245.551010132, 246.096679688, 246.642349243, 247.17640686, 247.722076416, 248.267745972, 248.825027466, 249.359085083, 249.8931427, 250.450424194, 250.99609375, 251.541763306, 252.087432861, 252.633102417, 253.178771973, 253.724441528, 254.270111084, 254.81578064, 255.349838257, 255.883895874, 256.42956543, 256.975219727, 257.532501221, 258.089782715, 258.647064209, 259.204345703, 259.761627197]
