
metadata:
    version:
        essentia: "2.1-beta2"
    audio_properties:
        analysis_sample_rate: 44100
        bitrate: 320
        channels: 2
        equal_loudness: 1
        length: 422.635101318
        replay_gain: -14.1216449738
        downmix: "mix"
    tags:
        album: "Imaginaerum"
        artist: "Nightwish"
        comment: "www.NewAlbumReleases.net"
        date: "2011"
        genre: "Metal"
        title: "Rest Calm"
        tracknumber: "9"

configuration:
    average_loudness:
        compute: 1
        frameSize: 88200
        hopSize: 44100
        silentFrames: "noise"
        windowType: "hann"
    general:
        analysisSampleRate: 44100
        endTime: 2000
        equalLoudness: 1
        nequalLoudness: 0
        shortSound: 0
        startTime: 0
    lowlevel:
        compute: 1
        frameSize: 2048
        hopSize: 1024
        zeroPadding: 0
        silentFrames: "noise"
        windowType: "blackmanharris62"
        mfccStats: ["mean", "cov", "icov"]
        stats: ["mean", "var", "median", "min", "max", "dmean", "dmean2", "dvar", "dvar2"]
    panning:
        compute: 0
        frameSize: 8192
        hopSize: 2048
        zeroPadding: 8192
        silentFrames: "noise"
        windowType: "hann"
        stats: ["copy"]
    rhythm:
        compute: 1
        maxTempo: 208
        minTempo: 40
        method: "degara"
        stats: ["mean", "var", "median", "min", "max", "dmean", "dmean2", "dvar", "dvar2"]
    segmentation:
        compute: 0
        cpw: 5
        inc1: 300
        inc2: 50
        minimumSegmentsLength: 10
        size1: 1000
        size2: 600
    sfx:
        compute: 1
        stats: ["mean", "var", "median", "min", "max", "dmean", "dmean2", "dvar", "dvar2"]
    svm:
        compute: 0
    tonal:
        compute: 1
        frameSize: 4096
        hopSize: 2048
        zeroPadding: 0
        silentFrames: "noise"
        windowType: "blackmanharris62"
        stats: ["mean", "var", "median", "min", "max", "dmean", "dmean2", "dvar", "dvar2"]

lowlevel:
    average_loudness: 0.822727024555
    barkbands_kurtosis:
        dmean: 0.595963656902
        dmean2: 0.930075109005
        dvar: 1.50273144245
        dvar2: 3.08046793938
        max: 51.670753479
        mean: -0.42157959938
        median: -1.10716092587
        min: -1.90859639645
        var: 7.11644887924
    barkbands_skewness:
        dmean: 0.320088028908
        dmean2: 0.489793330431
        dvar: 0.104345574975
        dvar2: 0.217624247074
        max: 5.93843889236
        mean: 0.171332165599
        median: 0.0776158049703
        min: -2.3321621418
        var: 0.699957132339
    barkbands_spread:
        dmean: 4.92353868484
        dmean2: 7.82266950607
        dvar: 26.3339729309
        dvar2: 62.3966827393
        max: 71.9652328491
        mean: 32.8637504578
        median: 33.0988502502
        min: 1.2661216259
        var: 104.372360229
    dissonance:
        dmean: 0.0148231666535
        dmean2: 0.025218071416
        dvar: 0.00022273673676
        dvar2: 0.000628195062745
        max: 0.5
        mean: 0.474190324545
        median: 0.479579955339
        min: 0.299730658531
        var: 0.000423931225669
    hfc:
        dmean: 1.74933934212
        dmean2: 2.76386880875
        dvar: 5.38753318787
        dvar2: 13.4763145447
        max: 47.2049484253
        mean: 7.68954896927
        median: 6.81475877762
        min: 1.20034706552e-016
        var: 32.408706665
    pitch:
        dmean: 564.790893555
        dmean2: 1090.32702637
        dvar: 1347803.875
        dvar2: 3435997.75
        max: 4931.14501953
        mean: 972.880737305
        median: 295.027313232
        min: 51.3645515442
        var: 1932471.375
    pitch_instantaneous_confidence:
        dmean: 0.0791732743382
        dmean2: 0.126241251826
        dvar: 0.00442288536578
        dvar2: 0.0104986494407
        max: 0.877194166183
        mean: 0.412436187267
        median: 0.395071387291
        min: 0.107830047607
        var: 0.0179604832083
    pitch_salience:
        dmean: 0.0525098927319
        dmean2: 0.0840882733464
        dvar: 0.00200329907238
        dvar2: 0.00495508173481
        max: 0.951060473919
        mean: 0.622952818871
        median: 0.629116356373
        min: 0.210149154067
        var: 0.0073877084069
    silence_rate_20dB:
        dmean: 0
        dmean2: 0
        dvar: 0
        dvar2: 0
        max: 1
        mean: 1
        median: 1
        min: 1
        var: 0
    silence_rate_30dB:
        dmean: 0
        dmean2: 0
        dvar: 0
        dvar2: 0
        max: 1
        mean: 1
        median: 1
        min: 1
        var: 0
    silence_rate_60dB:
        dmean: 0.0686737746
        dmean2: 0.137355089188
        dvar: 0.0639742314816
        dvar2: 0.141540259123
        max: 1
        mean: 0.39229798317
        median: 0
        min: 0
        var: 0.23837274313
    spectral_centroid:
        dmean: 224.402618408
        dmean2: 348.952545166
        dvar: 59762.78125
        dvar2: 126849.46875
        max: 11303.4492188
        mean: 1624.32421875
        median: 1637.91296387
        min: 140.505157471
        var: 377410.5625
    spectral_complexity:
        dmean: 3.07328867912
        dmean2: 4.85753536224
        dvar: 11.6159152985
        dvar2: 25.9062843323
        max: 47
        mean: 15.2315006256
        median: 14
        min: 0
        var: 86.1168670654
    spectral_crest:
        dmean: 1.72777235508
        dmean2: 2.83225941658
        dvar: 2.70739269257
        dvar2: 6.93599510193
        max: 23.5855026245
        mean: 6.4808511734
        median: 5.79033088684
        min: 2.19788146019
        var: 7.14197969437
    spectral_decrease:
        dmean: 1.84665102654e-010
        dmean2: 2.94398311285e-010
        dvar: 4.73314652896e-020
        dvar2: 1.19511184149e-019
        max: 2.72718270417e-029
        mean: -9.75751923704e-010
        median: -8.69776861645e-010
        min: -3.94986576779e-009
        var: 3.5257167403e-019
    spectral_energy:
        dmean: 0.000824155868031
        dmean2: 0.00131094176322
        dvar: 9.7952829492e-007
        dvar2: 2.44729517362e-006
        max: 0.0191893037409
        mean: 0.0043801846914
        median: 0.00391916977242
        min: 1.07870903083e-020
        var: 7.36519541533e-006
    spectral_energyband_high:
        dmean: 0.000164144235896
        dmean2: 0.000273711368209
        dvar: 7.07037202119e-008
        dvar2: 1.92857910974e-007
        max: 0.00379661237821
        mean: 0.000424938451033
        median: 0.000342442392139
        min: 7.63406683692e-021
        var: 1.54867606739e-007
    spectral_energyband_low:
        dmean: 0.000220114103286
        dmean2: 0.000356362696039
        dvar: 1.10956570154e-007
        dvar2: 3.06336119138e-007
        max: 0.00468863546848
        mean: 0.000449925137218
        median: 0.000320623163134
        min: 2.16911805154e-023
        var: 1.90319937587e-007
    spectral_energyband_middle_high:
        dmean: 0.000535249186214
        dmean2: 0.000831647135783
        dvar: 4.13143055766e-007
        dvar2: 1.01315686152e-006
        max: 0.0162797365338
        mean: 0.00226446962915
        median: 0.00189807999413
        min: 1.59583365293e-021
        var: 3.15466854772e-006
    spectral_energyband_middle_low:
        dmean: 0.000418041920057
        dmean2: 0.000673482485581
        dvar: 2.61836305526e-007
        dvar2: 6.94174048022e-007
        max: 0.0099154477939
        mean: 0.00140265142545
        median: 0.00118127278984
        min: 2.77053175328e-022
        var: 9.47759872361e-007
    spectral_flatness_db:
        dmean: 0.0116414362565
        dmean2: 0.0179187655449
        dvar: 0.000119701071526
        dvar2: 0.000252705271123
        max: 0.370533466339
        mean: 0.14056943357
        median: 0.13601449132
        min: 0.0533682480454
        var: 0.00102201243863
    spectral_flux:
        dmean: 0.00575378350914
        dmean2: 0.00890402123332
        dvar: 3.65992018487e-005
        dvar2: 7.81774579082e-005
        max: 0.0869672074914
        mean: 0.0362792089581
        median: 0.0358997806907
        min: 1.04229451459e-010
        var: 0.000250232726103
    spectral_kurtosis:
        dmean: 1.04079413414
        dmean2: 1.74477219582
        dvar: 2.0952000618
        dvar2: 6.02696037292
        max: 69.6956100464
        mean: 4.01835203171
        median: 3.47704648972
        min: -1.18044984341
        var: 12.5222511292
    spectral_rms:
        dmean: 0.000188141508261
        dmean2: 0.000295199744869
        dvar: 3.97772872418e-008
        dvar2: 9.57308685656e-008
        max: 0.00432680826634
        mean: 0.00194658723194
        median: 0.00195539765991
        min: 3.24407016007e-012
        var: 4.84139206947e-007
    spectral_rolloff:
        dmean: 371.482543945
        dmean2: 605.532470703
        dvar: 254692.90625
        dvar2: 530012.6875
        max: 18970.7519531
        mean: 3176.27099609
        median: 3445.3125
        min: 150.732421875
        var: 1047685.625
    spectral_skewness:
        dmean: 0.162605702877
        dmean2: 0.261108875275
        dvar: 0.0330794751644
        dvar2: 0.0832358971238
        max: 6.81651163101
        mean: 1.38313937187
        median: 1.31655216217
        min: -0.0201430823654
        var: 0.258476525545
    spectral_spread:
        dmean: 362099.09375
        dmean2: 520384.75
        dvar: 326954811392
        dvar2: 479232655360
        max: 40685348
        mean: 4491010.5
        median: 4203498
        min: 1263564.25
        var: 1.96674152038e+012
    spectral_strongpeak:
        dmean: 0.494537174702
        dmean2: 0.861122786999
        dvar: 0.632848203182
        dvar2: 1.66640806198
        max: 10.4676198959
        mean: 0.749678373337
        median: 0.312939494848
        min: 2.4816773081e-009
        var: 1.0541946888
    zerocrossingrate:
        dmean: 0.00725305033848
        dmean2: 0.00849895365536
        dvar: 5.15091523994e-005
        dvar2: 5.71944510739e-005
        max: 0.5
        mean: 0.094690322876
        median: 0.09716796875
        min: 0.00537109375
        var: 0.000776587519795
    barkbands:
        dmean: [6.50331571705e-007, 6.12794465269e-005, 0.000145926926052, 0.000102090940345, 0.000192903316929, 0.000144587917021, 8.08821423561e-005, 0.0001060256036, 0.000104544335045, 0.000155052985065, 0.000121460252558, 7.84008370829e-005, 6.93451802363e-005, 4.19407479058e-005, 7.68880927353e-005, 8.53320598253e-005, 0.000116454772069, 0.000146652033436, 0.000200076581677, 0.000129049702082, 9.36653450481e-005, 2.61769400822e-005, 2.68048142971e-006, 8.79974265899e-007, 6.4877241357e-007, 1.88837567805e-008, 2.65969329893e-010]
        dmean2: [1.03156332898e-006, 0.00010185179417, 0.000236646650592, 0.000164719458553, 0.000316870107781, 0.000240770881646, 0.000131703200168, 0.000168154670973, 0.000166499667102, 0.000250537152169, 0.000193499945453, 0.000127206090838, 0.000113472298835, 6.8614805059e-005, 0.000126481303596, 0.000139293377288, 0.000193035128177, 0.000241618065047, 0.00032838693005, 0.000209380654269, 0.000158601964358, 4.56597445009e-005, 4.53515667687e-006, 1.30359251216e-006, 9.70037490333e-007, 2.91640844807e-008, 4.51827325554e-010]
        dvar: [2.44877122052e-012, 1.11962057403e-008, 5.24647525424e-008, 2.55210146349e-008, 7.78305278004e-008, 4.46865122683e-008, 1.93543066018e-008, 3.64535601705e-008, 4.23486454793e-008, 1.09492930278e-007, 6.62069297164e-008, 2.61905732657e-008, 1.81838437641e-008, 8.05085864641e-009, 1.95653928614e-008, 2.16770974504e-008, 4.24827035772e-008, 4.34057909615e-008, 7.54841380513e-008, 3.06522949245e-008, 2.47218192584e-008, 3.50957418682e-009, 3.22688473164e-011, 3.14538174152e-012, 1.77739854085e-012, 2.41116568172e-015, 5.7415857428e-019]
        dvar2: [5.74573288253e-012, 3.0052181188e-008, 1.4570763085e-007, 6.79248799429e-008, 2.09130973872e-007, 1.20029156392e-007, 5.10769986306e-008, 9.45320550727e-008, 1.0495462277e-007, 2.8939300023e-007, 1.57258625677e-007, 6.6935776033e-008, 4.77180925884e-008, 2.07605381775e-008, 4.87155951134e-008, 5.65177309397e-008, 1.13071202179e-007, 1.17398698762e-007, 1.96757284243e-007, 8.02629571695e-008, 6.82499887716e-008, 1.00139567749e-008, 8.60320634177e-011, 6.2362909975e-012, 3.64589088087e-012, 5.56086701345e-015, 1.59900329998e-018]
        max: [1.82599978871e-005, 0.00128373841289, 0.00307958526537, 0.00421388819814, 0.00462803663686, 0.00872863736004, 0.00280078640208, 0.00373589387164, 0.00407987460494, 0.00873871333897, 0.0053300159052, 0.0054143294692, 0.00326468795538, 0.00253629893996, 0.00397681631148, 0.00302180740982, 0.00866038631648, 0.00416614348069, 0.00645206309855, 0.0032056204509, 0.00249770842493, 0.00128810631577, 9.74363210844e-005, 4.55270201201e-005, 2.60628639808e-005, 1.64862012753e-006, 6.27677891885e-008]
        mean: [7.56764336529e-007, 8.93035175977e-005, 0.00024315227347, 0.000182726929779, 0.000375777744921, 0.00027846856392, 0.000140551812365, 0.000179409136763, 0.000179164868314, 0.000265308073722, 0.000207810706343, 0.000136716975248, 0.0001240746642, 7.14908237569e-005, 0.000138403804158, 0.000174142158357, 0.000227078111493, 0.000312926829793, 0.000475629174616, 0.000325753499055, 0.000198790963623, 4.40546646132e-005, 4.98932877235e-006, 2.11615201806e-006, 1.54797976393e-006, 4.06640339179e-008, 4.49427078886e-010]
        median: [2.10273441326e-007, 5.34169885213e-005, 0.000153936882271, 0.000106426989078, 0.000267046620138, 0.000172907908564, 7.04405247234e-005, 7.81928902143e-005, 6.90687011229e-005, 8.58096245793e-005, 6.87530409778e-005, 6.10420029261e-005, 5.44101494597e-005, 3.29450122081e-005, 6.2769089709e-005, 9.5917530416e-005, 0.000123292862554, 0.000212646904401, 0.000338060606737, 0.000256287457887, 0.000144191857544, 2.40305562329e-005, 2.17687693294e-006, 1.05910055481e-006, 8.20603247575e-007, 1.94673788201e-008, 2.60755583792e-010]
        min: [2.6447772749e-024, 7.32288849808e-024, 1.05935618203e-023, 2.81174284094e-024, 3.68651582633e-023, 3.23263555373e-023, 1.99209293124e-023, 4.92659759627e-023, 1.10493399344e-022, 3.01737718525e-023, 5.5894707885e-023, 1.26877661692e-022, 8.16759823104e-023, 5.26193416293e-023, 1.13067446167e-022, 5.44176447261e-023, 1.129750674e-022, 2.01379174951e-022, 2.11071612282e-022, 2.13660161523e-022, 3.92211393195e-022, 4.11782565248e-022, 6.85814163495e-022, 7.68936828354e-022, 9.63589178106e-022, 1.72042621808e-021, 1.93475828715e-021]
        var: [2.95341442275e-012, 1.29973907192e-008, 7.95407757437e-008, 4.91185438989e-008, 1.40763731338e-007, 1.15777879728e-007, 4.2808643741e-008, 7.63583045682e-008, 9.24926979451e-008, 2.46273771154e-007, 1.64189358998e-007, 5.52947909682e-008, 4.27167101691e-008, 1.47078953461e-008, 4.55179893777e-008, 5.82047974262e-008, 9.94424169676e-008, 1.09918815383e-007, 2.42341030798e-007, 9.3466390183e-008, 4.44081713624e-008, 3.77159459219e-009, 5.32222391159e-011, 9.82387955706e-012, 4.75282053297e-012, 5.19941560848e-015, 8.60241522372e-019]
    frequency_bands:
        dmean: [6.50331571705e-007, 6.12794465269e-005, 0.000145926926052, 0.000102090940345, 0.000192903316929, 0.000144587917021, 8.08821423561e-005, 0.0001060256036, 0.000104544335045, 0.000155052985065, 0.000121460252558, 7.84008370829e-005, 6.93451802363e-005, 4.19407479058e-005, 7.68880927353e-005, 8.53320598253e-005, 0.000116454772069, 0.000146652033436, 0.000200076581677, 0.000129049702082, 9.36653450481e-005, 2.61769400822e-005, 2.68048142971e-006, 8.79974265899e-007, 6.4877241357e-007, 1.88837567805e-008, 2.65969329893e-010, 5.00790207913e-011]
        dmean2: [1.03156332898e-006, 0.00010185179417, 0.000236646650592, 0.000164719458553, 0.000316870107781, 0.000240770881646, 0.000131703200168, 0.000168154670973, 0.000166499667102, 0.000250537152169, 0.000193499945453, 0.000127206090838, 0.000113472298835, 6.8614805059e-005, 0.000126481303596, 0.000139293377288, 0.000193035128177, 0.000241618065047, 0.00032838693005, 0.000209380654269, 0.000158601964358, 4.56597445009e-005, 4.53515667687e-006, 1.30359251216e-006, 9.70037490333e-007, 2.91640844807e-008, 4.51827325554e-010, 9.26182117111e-011]
        dvar: [2.44877122052e-012, 1.11962057403e-008, 5.24647525424e-008, 2.55210146349e-008, 7.78305278004e-008, 4.46865122683e-008, 1.93543066018e-008, 3.64535601705e-008, 4.23486454793e-008, 1.09492930278e-007, 6.62069297164e-008, 2.61905732657e-008, 1.81838437641e-008, 8.05085864641e-009, 1.95653928614e-008, 2.16770974504e-008, 4.24827035772e-008, 4.34057909615e-008, 7.54841380513e-008, 3.06522949245e-008, 2.47218192584e-008, 3.50957418682e-009, 3.22688473164e-011, 3.14538174152e-012, 1.77739854085e-012, 2.41116568172e-015, 5.7415857428e-019, 6.12429298626e-021]
        dvar2: [5.74573288253e-012, 3.0052181188e-008, 1.4570763085e-007, 6.79248799429e-008, 2.09130973872e-007, 1.20029156392e-007, 5.10769986306e-008, 9.45320550727e-008, 1.0495462277e-007, 2.8939300023e-007, 1.57258625677e-007, 6.6935776033e-008, 4.77180925884e-008, 2.07605381775e-008, 4.87155951134e-008, 5.65177309397e-008, 1.13071202179e-007, 1.17398698762e-007, 1.96757284243e-007, 8.02629571695e-008, 6.82499887716e-008, 1.00139567749e-008, 8.60320634177e-011, 6.2362909975e-012, 3.64589088087e-012, 5.56086701345e-015, 1.59900329998e-018, 1.93135590103e-020]
        max: [1.82599978871e-005, 0.00128373841289, 0.00307958526537, 0.00421388819814, 0.00462803663686, 0.00872863736004, 0.00280078640208, 0.00373589387164, 0.00407987460494, 0.00873871333897, 0.0053300159052, 0.0054143294692, 0.00326468795538, 0.00253629893996, 0.00397681631148, 0.00302180740982, 0.00866038631648, 0.00416614348069, 0.00645206309855, 0.0032056204509, 0.00249770842493, 0.00128810631577, 9.74363210844e-005, 4.55270201201e-005, 2.60628639808e-005, 1.64862012753e-006, 6.27677891885e-008, 1.20733534281e-009]
        mean: [7.56764336529e-007, 8.93035175977e-005, 0.00024315227347, 0.000182726929779, 0.000375777744921, 0.00027846856392, 0.000140551812365, 0.000179409136763, 0.000179164868314, 0.000265308073722, 0.000207810706343, 0.000136716975248, 0.0001240746642, 7.14908237569e-005, 0.000138403804158, 0.000174142158357, 0.000227078111493, 0.000312926829793, 0.000475629174616, 0.000325753499055, 0.000198790963623, 4.40546646132e-005, 4.98932877235e-006, 2.11615201806e-006, 1.54797976393e-006, 4.06640339179e-008, 4.49427078886e-010, 3.978219143e-011]
        median: [2.10273441326e-007, 5.34169885213e-005, 0.000153936882271, 0.000106426989078, 0.000267046620138, 0.000172907908564, 7.04405247234e-005, 7.81928902143e-005, 6.90687011229e-005, 8.58096245793e-005, 6.87530409778e-005, 6.10420029261e-005, 5.44101494597e-005, 3.29450122081e-005, 6.2769089709e-005, 9.5917530416e-005, 0.000123292862554, 0.000212646904401, 0.000338060606737, 0.000256287457887, 0.000144191857544, 2.40305562329e-005, 2.17687693294e-006, 1.05910055481e-006, 8.20603247575e-007, 1.94673788201e-008, 2.60755583792e-010, 1.36071926296e-011]
        min: [2.6447772749e-024, 7.32288849808e-024, 1.05935618203e-023, 2.81174284094e-024, 3.68651582633e-023, 3.23263555373e-023, 1.99209293124e-023, 4.92659759627e-023, 1.10493399344e-022, 3.01737718525e-023, 5.5894707885e-023, 1.26877661692e-022, 8.16759823104e-023, 5.26193416293e-023, 1.13067446167e-022, 5.44176447261e-023, 1.129750674e-022, 2.01379174951e-022, 2.11071612282e-022, 2.13660161523e-022, 3.92211393195e-022, 4.11782565248e-022, 6.85814163495e-022, 7.68936828354e-022, 9.63589178106e-022, 1.72042621808e-021, 1.93475828715e-021, 8.35619026102e-022]
        var: [2.95341442275e-012, 1.29973907192e-008, 7.95407757437e-008, 4.91185438989e-008, 1.40763731338e-007, 1.15777879728e-007, 4.2808643741e-008, 7.63583045682e-008, 9.24926979451e-008, 2.46273771154e-007, 1.64189358998e-007, 5.52947909682e-008, 4.27167101691e-008, 1.47078953461e-008, 4.55179893777e-008, 5.82047974262e-008, 9.94424169676e-008, 1.09918815383e-007, 2.42341030798e-007, 9.3466390183e-008, 4.44081713624e-008, 3.77159459219e-009, 5.32222391159e-011, 9.82387955706e-012, 4.75282053297e-012, 5.19941560848e-015, 8.60241522372e-019, 4.88531981201e-021]
    mfcc:
        mean: [-715.558410645, 114.778694153, -48.7950286865, 54.8635635376, -16.7847690582, -5.10101747513, 9.39489555359, -6.58401536942, 1.32406461239, -10.0292949677, -4.65566682816, -6.20765638351, -2.67853832245]
        cov: [[5982.42089844, 147.041290283, -932.841552734, 436.980072021, -457.886260986, 1.07532942295, -64.6142578125, 15.1836194992, 129.376312256, -9.38738536835, 68.1173248291, -55.5894813538, -11.3455896378], [147.041290283, 650.280700684, -157.146682739, 41.4113502502, -17.7983837128, -67.3955764771, 59.9483375549, -43.8861541748, -18.101934433, -24.7557621002, -12.690527916, 1.43560636044, -16.6716918945], [-932.841552734, -157.146682739, 491.932495117, -135.33732605, 135.743225098, 15.464006424, -25.3395366669, 44.1769256592, -49.8017501831, 10.5321426392, -14.6499986649, 2.33722019196, 8.13105964661], [436.980072021, 41.4113502502, -135.33732605, 343.753875732, -36.7484893799, 51.4701271057, -1.26897335052, -41.345123291, 42.5072212219, -22.752035141, 9.0949716568, 10.3218698502, 17.3999042511], [-457.886260986, -17.7983837128, 135.743225098, -36.7484893799, 162.419494629, -6.48806619644, -16.0426940918, -2.81359481812, -9.90348148346, 9.83173274994, -18.7333087921, 7.28021717072, 6.17543649673], [1.07532942295, -67.3955764771, 15.464006424, 51.4701271057, -6.48806619644, 142.501052856, 30.6404590607, 17.4679012299, 9.5152463913, 5.61448097229, 15.8722305298, -9.2866601944, 8.71497154236], [-64.6142578125, 59.9483375549, -25.3395366669, -1.26897335052, -16.0426940918, 30.6404590607, 122.551246643, 21.8311023712, -1.22445380688, -9.45665836334, 1.19351780415, -5.7843337059, -3.81108736992], [15.1836194992, -43.8861541748, 44.1769256592, -41.345123291, -2.81359481812, 17.4679012299, 21.8311023712, 95.8180084229, 21.6158714294, 5.58799886703, -0.111479692161, -5.66188335419, -1.83439278603], [129.376312256, -18.101934433, -49.8017501831, 42.5072212219, -9.90348148346, 9.5152463913, -1.22445380688, 21.6158714294, 80.0957336426, 22.9404850006, 7.63709592819, -8.07824516296, -4.10831880569], [-9.38738536835, -24.7557621002, 10.5321426392, -22.752035141, 9.83173274994, 5.61448097229, -9.45665836334, 5.58799886703, 22.9404850006, 77.0464477539, 18.6651115417, -2.2004275322, 2.13863682747], [68.1173248291, -12.690527916, -14.6499986649, 9.0949716568, -18.7333087921, 15.8722305298, 1.19351780415, -0.111479692161, 7.63709592819, 18.6651115417, 60.1530342102, 18.2763729095, 0.2744576931], [-55.5894813538, 1.43560636044, 2.33722019196, 10.3218698502, 7.28021717072, -9.2866601944, -5.7843337059, -5.66188335419, -8.07824516296, -2.2004275322, 18.2763729095, 65.1689300537, 20.3969802856], [-11.3455896378, -16.6716918945, 8.13105964661, 17.3999042511, 6.17543649673, 8.71497154236, -3.81108736992, -1.83439278603, -4.10831880569, 2.13863682747, 0.2744576931, 20.3969802856, 54.1206626892]]
        icov: [[0.000292036158498, 7.6550313679e-006, 0.000447579484899, -0.000244416529313, 0.000408580264775, 7.40830000723e-005, 0.000367654778529, -0.000457820598967, 0.000175339693669, -7.12292094249e-005, -0.000181894749403, 0.000324256950989, -7.84216754255e-005], [7.6550313679e-006, 0.0019721724093, 0.000592403463088, -0.000265220267465, -0.000352059025317, 0.00106919382233, -0.00121290283278, 0.000449927902082, 0.000635430158582, 2.79890409729e-005, 0.00013028732792, 1.06501138362e-005, 0.000445688056061], [0.000447579484899, 0.000592403463088, 0.00422660214826, 0.000239885906922, -0.00199115718715, -0.000357896351488, 0.00111414364073, -0.00241405400448, 0.00256500975229, -0.000312857679091, -0.000388712709537, 0.00072449905565, -0.000218348606722], [-0.000244416529313, -0.000265220267465, 0.000239885906922, 0.00457732984796, -0.000122260040371, -0.00204611383379, 0.000173366293893, 0.00263108499348, -0.00320355617441, 0.00212361244485, 0.000138927120133, -0.000972380803432, -0.00115711300168], [0.000408580264775, -0.000352059025317, -0.00199115718715, -0.000122260040371, 0.00943767279387, -6.20640421403e-005, 0.000832047138829, 0.000965959625319, -0.00100321718492, -0.00144415907562, 0.00294039188884, -0.00140456913505, -0.000164544617292], [7.40830000723e-005, 0.00106919382233, -0.000357896351488, -0.00204611383379, -6.20640421403e-005, 0.00962572917342, -0.00266557745636, -0.00140814250335, 0.000801334099378, -0.000520267698448, -0.00293801841326, 0.00283178524114, -0.0016928317491], [0.000367654778529, -0.00121290283278, 0.00111414364073, 0.000173366293893, 0.000832047138829, -0.00266557745636, 0.0106519171968, -0.00321183190681, 0.00101087894291, 0.000965238607023, -0.000301715714158, 0.000627872417681, 0.000259328342509], [-0.000457820598967, 0.000449927902082, -0.00241405400448, 0.00263108499348, 0.000965959625319, -0.00140814250335, -0.00321183190681, 0.0153185743839, -0.00655173277482, 0.0013260304695, 0.00112046697177, -0.00101062096655, -0.000205559044844], [0.000175339693669, 0.000635430158582, 0.00256500975229, -0.00320355617441, -0.00100321718492, 0.000801334099378, 0.00101087894291, -0.00655173277482, 0.0192844960839, -0.00593054434285, -0.000801020942163, 0.00221882318147, 0.00157771247905], [-7.12292094249e-005, 2.79890409729e-005, -0.000312857679091, 0.00212361244485, -0.00144415907562, -0.000520267698448, 0.000965238607023, 0.0013260304695, -0.00593054434285, 0.0171925034374, -0.0058373962529, 0.00205896538682, -0.0021565228235], [-0.000181894749403, 0.00013028732792, -0.000388712709537, 0.000138927120133, 0.00294039188884, -0.00293801841326, -0.000301715714158, 0.00112046697177, -0.000801020942163, -0.0058373962529, 0.0229739639908, -0.00867527443916, 0.00349295488559], [0.000324256950989, 1.06501138362e-005, 0.00072449905565, -0.000972380803432, -0.00140456913505, 0.00283178524114, 0.000627872417681, -0.00101062096655, 0.00221882318147, 0.00205896538682, -0.00867527443916, 0.0215605888516, -0.00800542533398], [-7.84216754255e-005, 0.000445688056061, -0.000218348606722, -0.00115711300168, -0.000164544617292, -0.0016928317491, 0.000259328342509, -0.000205559044844, 0.00157771247905, -0.0021565228235, 0.00349295488559, -0.00800542533398, 0.0225099176168]]
    sccoeffs:
        dmean: [0.0465217679739, 0.0440257787704, 0.0378271266818, 0.0292741376907, 0.020287534222, 0.0182844996452]
        dmean2: [0.0771511271596, 0.0729877278209, 0.0620516836643, 0.0484102964401, 0.0331621281803, 0.0290897358209]
        dvar: [0.00142468058039, 0.00122428266332, 0.000915923854336, 0.000539170985576, 0.000267203431576, 0.000384713464882]
        dvar2: [0.00400116574019, 0.00337157188915, 0.00244240858592, 0.00143263523933, 0.000677208183333, 0.000908113433979]
        max: [-0.419757455587, -0.479662805796, -0.528957784176, -0.588078141212, -0.620993256569, -0.5713108778]
        mean: [-0.676655054092, -0.746990561485, -0.760731875896, -0.781466186047, -0.788777589798, -0.742717862129]
        median: [-0.67702049017, -0.749309301376, -0.763796687126, -0.783191740513, -0.790590465069, -0.737570762634]
        min: [-0.969607055187, -0.972748816013, -0.973839759827, -0.971662580967, -0.973146140575, -0.959054410458]
        var: [0.00408449629322, 0.00376837444492, 0.00432835519314, 0.00246684555896, 0.00162626989186, 0.00324049848132]
    scvalleys:
        dmean: [0.336540848017, 0.32039642334, 0.271437734365, 0.234820738435, 0.203701660037, 0.205838277936]
        dmean2: [0.558478474617, 0.532962203026, 0.441358327866, 0.3707934618, 0.300805002451, 0.298074245453]
        dvar: [0.0906810164452, 0.085401378572, 0.061693713069, 0.051698576659, 0.0562256276608, 0.0876908302307]
        dvar2: [0.217454314232, 0.204344958067, 0.133219927549, 0.0983425527811, 0.093407407403, 0.159021511674]
        max: [-5.10581874847, -4.76872634888, -5.06332731247, -5.77701377869, -5.65604114532, -8.08736419678]
        mean: [-6.75672388077, -6.68375968933, -7.00196456909, -7.40766716003, -7.1724858284, -10.0412664413]
        median: [-6.56676435471, -6.53166294098, -6.83789634705, -7.18118095398, -6.85584354401, -9.83841323853]
        min: [-27.6610240936, -27.8005981445, -27.3997592926, -27.3177871704, -27.3594493866, -27.2684173584]
        var: [1.4053093195, 1.49327147007, 1.51475095749, 1.52920079231, 1.60383164883, 1.49572515488]

rhythm:
    beats_loudness:
        dmean: 0.00149909849279
        dmean2: 0.00270330742933
        dvar: 1.72572538304e-006
        dvar2: 5.32571039003e-006
        max: 0.0149030452594
        mean: 0.00528513407335
        median: 0.00510024558753
        min: 3.46347672764e-011
        var: 8.47000501381e-006
    bpm: 122.043479919
    bpm_confidence: 0
    first_peak_bpm: 123
    first_peak_spread: 0.376425862312
    first_peak_weight: 0.572759032249
    onset_rate: 2.52463650703
    second_peak_bpm: 117
    second_peak_spread: 0.190476194024
    second_peak_weight: 0.0197904538363
    beats_loudness_band_ratio:
        dmean: [0.0784785822034, 0.100375644863, 0.0774759352207, 0.0891716703773, 0.0785804018378, 0.0746703222394]
        dmean2: [0.138597503304, 0.175204902887, 0.134921148419, 0.152521401644, 0.13425244391, 0.126901835203]
        dvar: [0.00576656684279, 0.00824565719813, 0.00594136817381, 0.00874431058764, 0.00476199900731, 0.0037958691828]
        dvar2: [0.0162938162684, 0.0232945401222, 0.0168413128704, 0.0225556846708, 0.013039062731, 0.0101374983788]
        max: [0.819622755051, 0.838888287544, 0.596169769764, 0.652019202709, 0.551459610462, 0.689232110977]
        mean: [0.136144280434, 0.165676042438, 0.131527170539, 0.155736014247, 0.20485137403, 0.226090207696]
        median: [0.112196013331, 0.130444794893, 0.108649194241, 0.114221476018, 0.198113903403, 0.223977416754]
        min: [0, 0, 0, 0, 0, 0]
        var: [0.0100846020505, 0.0155120287091, 0.00838882289827, 0.013881505467, 0.00900135375559, 0.013686475344]
