
metadata:
    version:
        essentia: "2.1-beta2"
    audio_properties:
        analysis_sample_rate: 44100
        bitrate: 320
        channels: 2
        equal_loudness: 1
        length: 378.174682617
        replay_gain: -13.2746658325
        downmix: "mix"
    tags:
        album: "Imaginaerum"
        artist: "Nightwish"
        comment: "www.NewAlbumReleases.net"
        date: "2011"
        genre: "Metal"
        title: "Imaginaerum"
        tracknumber: "13"

configuration:
    average_loudness:
        compute: 1
        frameSize: 88200
        hopSize: 44100
        silentFrames: "noise"
        windowType: "hann"
    general:
        analysisSampleRate: 44100
        endTime: 2000
        equalLoudness: 1
        nequalLoudness: 0
        shortSound: 0
        startTime: 0
    lowlevel:
        compute: 1
        frameSize: 2048
        hopSize: 1024
        zeroPadding: 0
        silentFrames: "noise"
        windowType: "blackmanharris62"
        mfccStats: ["mean", "cov", "icov"]
        stats: ["mean", "var", "median", "min", "max", "dmean", "dmean2", "dvar", "dvar2"]
    panning:
        compute: 0
        frameSize: 8192
        hopSize: 2048
        zeroPadding: 8192
        silentFrames: "noise"
        windowType: "hann"
        stats: ["copy"]
    rhythm:
        compute: 1
        maxTempo: 208
        minTempo: 40
        method: "degara"
        stats: ["mean", "var", "median", "min", "max", "dmean", "dmean2", "dvar", "dvar2"]
    segmentation:
        compute: 0
        cpw: 5
        inc1: 300
        inc2: 50
        minimumSegmentsLength: 10
        size1: 1000
        size2: 600
    sfx:
        compute: 1
        stats: ["mean", "var", "median", "min", "max", "dmean", "dmean2", "dvar", "dvar2"]
    svm:
        compute: 0
    tonal:
        compute: 1
        frameSize: 4096
        hopSize: 2048
        zeroPadding: 0
        silentFrames: "noise"
        windowType: "blackmanharris62"
        stats: ["mean", "var", "median", "min", "max", "dmean", "dmean2", "dvar", "dvar2"]

lowlevel:
    average_loudness: 0.504703879356
    barkbands_kurtosis:
        dmean: 1.0724517107
        dmean2: 1.65337479115
        dvar: 4.15658187866
        dvar2: 8.82048034668
        max: 83.156036377
        mean: 1.65956676006
        median: 0.012178581208
        min: -1.82663524151
        var: 26.9981250763
    barkbands_skewness:
        dmean: 0.307656854391
        dmean2: 0.470756053925
        dvar: 0.0789975225925
        dvar2: 0.187317326665
        max: 7.5449924469
        mean: 1.0063893795
        median: 0.8713311553
        min: -2.30837035179
        var: 0.910258471966
    barkbands_spread:
        dmean: 2.79086303711
        dmean2: 4.38197374344
        dvar: 6.8748884201
        dvar2: 17.2225627899
        max: 74.4162216187
        mean: 18.3615627289
        median: 17.8283843994
        min: 0.672400653362
        var: 74.9931945801
    dissonance:
        dmean: 0.0239830724895
        dmean2: 0.0405627265573
        dvar: 0.000481322000269
        dvar2: 0.00132783176377
        max: 0.499998897314
        mean: 0.441078871489
        median: 0.449053883553
        min: 0.180945217609
        var: 0.00143424444832
    hfc:
        dmean: 0.722601234913
        dmean2: 1.11542892456
        dvar: 1.31860601902
        dvar2: 3.11080598831
        max: 27.7817573547
        mean: 3.85503578186
        median: 2.45501184464
        min: 1.09302137365e-016
        var: 16.3184776306
    pitch:
        dmean: 87.9598922729
        dmean2: 167.94921875
        dvar: 62316.28125
        dvar2: 184093.03125
        max: 5173.26513672
        mean: 286.47833252
        median: 221.502746582
        min: 43.0603752136
        var: 89651.7734375
    pitch_instantaneous_confidence:
        dmean: 0.0690638124943
        dmean2: 0.10835454613
        dvar: 0.00358469062485
        dvar2: 0.00888191256672
        max: 0.958122491837
        mean: 0.525296449661
        median: 0.518565773964
        min: 0.0986214280128
        var: 0.0200996138155
    pitch_salience:
        dmean: 0.0507209189236
        dmean2: 0.0807661935687
        dvar: 0.00179893837776
        dvar2: 0.00461491197348
        max: 0.911144018173
        mean: 0.54662835598
        median: 0.551053762436
        min: 0.135558798909
        var: 0.0090308021754
    silence_rate_20dB:
        dmean: 0
        dmean2: 0
        dvar: 0
        dvar2: 0
        max: 1
        mean: 1
        median: 1
        min: 1
        var: 0
    silence_rate_30dB:
        dmean: 0
        dmean2: 0
        dvar: 0
        dvar2: 0
        max: 1
        mean: 1
        median: 1
        min: 1
        var: 0
    silence_rate_60dB:
        dmean: 0.0456806048751
        dmean2: 0.0913668200374
        dvar: 0.0435871034861
        dvar2: 0.0970013290644
        max: 1
        mean: 0.541318774223
        median: 1
        min: 0
        var: 0.248297393322
    spectral_centroid:
        dmean: 115.020858765
        dmean2: 181.653808594
        dvar: 24779.5175781
        dvar2: 55658.1640625
        max: 11500.9550781
        mean: 957.609985352
        median: 888.713867188
        min: 119.564849854
        var: 302778.21875
    spectral_complexity:
        dmean: 1.51703810692
        dmean2: 2.50914907455
        dvar: 2.45282959938
        dvar2: 6.05794811249
        max: 35
        mean: 9.75405216217
        median: 9
        min: 0
        var: 42.0863685608
    spectral_crest:
        dmean: 1.85607433319
        dmean2: 2.93043899536
        dvar: 2.85880661011
        dvar2: 7.28211402893
        max: 25.662191391
        mean: 8.7212972641
        median: 7.79250144958
        min: 2.51141476631
        var: 14.2523908615
    spectral_decrease:
        dmean: 1.45154097075e-010
        dmean2: 2.19708376492e-010
        dvar: 3.52113920034e-020
        dvar2: 8.32989553028e-020
        max: 1.68230738977e-028
        mean: -8.37574343215e-010
        median: -6.85634438113e-010
        min: -5.72905189955e-009
        var: 4.87174742606e-019
    spectral_energy:
        dmean: 0.000598742859438
        dmean2: 0.000907938287128
        dvar: 6.04861781994e-007
        dvar2: 1.41973271184e-006
        max: 0.0226496327668
        mean: 0.003510866547
        median: 0.00283684069291
        min: 1.01197082269e-020
        var: 8.79285107658e-006
    spectral_energyband_high:
        dmean: 2.73684581771e-005
        dmean2: 4.40637159045e-005
        dvar: 6.13094819357e-009
        dvar2: 1.64166173988e-008
        max: 0.00317401462235
        mean: 7.79586771387e-005
        median: 1.98851485038e-005
        min: 7.27738074067e-021
        var: 2.06296100203e-008
    spectral_energyband_low:
        dmean: 8.29223281471e-005
        dmean2: 0.000129382897285
        dvar: 2.67126800679e-008
        dvar2: 7.00130158293e-008
        max: 0.00377429160289
        mean: 0.00019572560268
        median: 9.16291610338e-005
        min: 2.08883741271e-023
        var: 8.31990831784e-008
    spectral_energyband_middle_high:
        dmean: 0.000343331164913
        dmean2: 0.000531411729753
        dvar: 2.85705056058e-007
        dvar2: 6.94481059327e-007
        max: 0.0116316862404
        mean: 0.001424879767
        median: 0.000844235648401
        min: 1.23746078274e-021
        var: 2.5090669169e-006
    spectral_energyband_middle_low:
        dmean: 0.000445243320428
        dmean2: 0.000666422594804
        dvar: 3.59410222472e-007
        dvar2: 8.76498063462e-007
        max: 0.0215305257589
        mean: 0.00190587423276
        median: 0.00149601430167
        min: 2.01872143597e-022
        var: 2.83863460027e-006
    spectral_flatness_db:
        dmean: 0.0124796330929
        dmean2: 0.0194780826569
        dvar: 0.000124538331875
        dvar2: 0.000298330909573
        max: 0.499972552061
        mean: 0.205597475171
        median: 0.198638901114
        min: 0.0522772036493
        var: 0.00235327053815
    spectral_flux:
        dmean: 0.00419952208176
        dmean2: 0.00697078835219
        dvar: 2.08178407775e-005
        dvar2: 5.43075475434e-005
        max: 0.0886415615678
        mean: 0.0235304422677
        median: 0.0223101619631
        min: 6.34742466921e-011
        var: 0.0002017069055
    spectral_kurtosis:
        dmean: 3.97525501251
        dmean2: 7.01057863235
        dvar: 22.8165626526
        dvar2: 68.4495773315
        max: 146.582794189
        mean: 11.2975702286
        median: 8.58612251282
        min: -1.25572276115
        var: 82.7233810425
    spectral_rms:
        dmean: 0.000146125923493
        dmean2: 0.000219256253331
        dvar: 2.23945306743e-008
        dvar2: 5.20160341466e-008
        max: 0.00470076641068
        mean: 0.00166466529481
        median: 0.00166362547316
        min: 3.14211482354e-012
        var: 6.54116206533e-007
    spectral_rolloff:
        dmean: 283.370025635
        dmean2: 489.192047119
        dvar: 168108.40625
        dvar2: 398717.8125
        max: 19293.75
        mean: 1744.8380127
        median: 1550.390625
        min: 107.666015625
        var: 1256685.625
    spectral_skewness:
        dmean: 0.32702383399
        dmean2: 0.571152865887
        dvar: 0.107721589506
        dvar2: 0.325690925121
        max: 10.3414478302
        mean: 2.25248885155
        median: 2.06408667564
        min: -0.0719890892506
        var: 0.600080370903
    spectral_spread:
        dmean: 215285.140625
        dmean2: 345996.46875
        dvar: 161203978240
        dvar2: 269854670848
        max: 42433288
        mean: 2847622.25
        median: 2637956.5
        min: 710133.1875
        var: 3.02606424474e+012
    spectral_strongpeak:
        dmean: 0.311471492052
        dmean2: 0.533032059669
        dvar: 0.365848481655
        dvar2: 0.96959233284
        max: 8.64613246918
        mean: 0.644609093666
        median: 0.389530807734
        min: 4.9366982724e-010
        var: 0.669565081596
    zerocrossingrate:
        dmean: 0.00489558372647
        dmean2: 0.00615829229355
        dvar: 2.75210568361e-005
        dvar2: 3.53214563802e-005
        max: 0.5283203125
        mean: 0.0576071441174
        median: 0.05517578125
        min: 0.00439453125
        var: 0.000796145992354
    barkbands:
        dmean: [3.93016073019e-008, 1.42088083521e-005, 5.03906630911e-005, 6.37424454908e-005, 0.00013633488561, 0.000213360079215, 0.000133918249048, 0.000107060397568, 0.000112204157631, 0.00010372781253, 0.000102859630715, 0.000108097701741, 7.09732194082e-005, 5.52498349862e-005, 5.47706586076e-005, 4.90481143061e-005, 7.36085639801e-005, 7.73539650254e-005, 6.76971394569e-005, 3.71747773897e-005, 1.49689012687e-005, 3.8245639189e-006, 6.08842924521e-007, 1.26107636333e-007, 5.81414418832e-008, 2.17566298311e-009, 1.58051863264e-010]
        dmean2: [6.57215579736e-008, 2.07127432077e-005, 7.88509278209e-005, 0.000102137964859, 0.000214030485949, 0.000319994258462, 0.000193756568478, 0.000157768168719, 0.000166540456121, 0.000160637471708, 0.000162021722645, 0.000171481573489, 0.000115150614874, 8.77538841451e-005, 8.83756365511e-005, 8.07648175396e-005, 0.000121011718875, 0.000128472514916, 0.000113978792797, 6.17670084466e-005, 2.44051752816e-005, 6.13012070971e-006, 9.16134467843e-007, 1.89956139707e-007, 8.47974348517e-008, 3.27988480819e-009, 2.86592805043e-010]
        dvar: [3.6540652367e-014, 8.10624123382e-010, 1.16084839519e-008, 1.83739210513e-008, 5.49784324733e-008, 1.63106989248e-007, 5.61703537016e-008, 3.99347612756e-008, 4.97422583123e-008, 5.24745047414e-008, 5.54076642345e-008, 6.21058902084e-008, 3.10705061679e-008, 1.7399241159e-008, 1.22139853787e-008, 1.55982000649e-008, 3.22418678422e-008, 3.25909965682e-008, 2.05862793479e-008, 9.11978315088e-009, 2.6993107749e-009, 1.51163540019e-010, 4.86579786879e-012, 1.79612103185e-013, 8.87370553556e-014, 1.03980388176e-016, 9.12594054759e-020]
        dvar2: [1.20766596593e-013, 1.77915526756e-009, 2.99013009908e-008, 4.94054326339e-008, 1.47631951108e-007, 3.94916725099e-007, 1.09154491668e-007, 8.71898677701e-008, 1.12013140097e-007, 1.28338655259e-007, 1.38296755381e-007, 1.5514079621e-007, 8.29079667142e-008, 4.10030018827e-008, 2.95680813167e-008, 3.96400281488e-008, 7.78354021236e-008, 8.34396800542e-008, 5.60647031023e-008, 2.50769360832e-008, 7.52331441589e-009, 3.82835901869e-010, 1.06719659151e-011, 3.99240373834e-013, 1.81965418211e-013, 2.14588213595e-016, 2.72530188291e-019]
        max: [4.60235378341e-006, 0.000945709820371, 0.00219011888839, 0.00294265639968, 0.00634719897062, 0.0171893518418, 0.0204188842326, 0.00585038866848, 0.00485506746918, 0.00681223534048, 0.0070464797318, 0.00590555369854, 0.00533758848906, 0.00421246374026, 0.00304245762527, 0.00380355678499, 0.00576837547123, 0.00421303231269, 0.00435843877494, 0.00277933548205, 0.00253974832594, 0.000548019132111, 0.000101367302705, 1.46654201671e-005, 2.91172473226e-005, 5.41808958587e-007, 1.37969360381e-008]
        mean: [7.48857118538e-008, 3.84529412258e-005, 0.000101092700788, 0.000122956873383, 0.000356012489647, 0.000540337758139, 0.000336945406161, 0.000227617667406, 0.000243246133323, 0.000188120437087, 0.000179294554982, 0.00019309342315, 0.000125502003357, 0.000101288933365, 9.7667783848e-005, 8.64697867655e-005, 0.000155499743414, 0.000154660578119, 0.000137182461913, 7.97521424829e-005, 3.45540356648e-005, 9.00137092685e-006, 1.5170298866e-006, 3.66315362044e-007, 1.47466280964e-007, 5.36186961497e-009, 1.72126049525e-010]
        median: [5.30024735212e-009, 1.19314245239e-005, 3.00744322885e-005, 4.22650628025e-005, 0.000184424803592, 0.00025713496143, 0.000151838336024, 9.35460266192e-005, 8.80708539626e-005, 6.40475991531e-005, 5.20302637597e-005, 5.09361343575e-005, 3.47264722222e-005, 2.94562705676e-005, 3.5079956433e-005, 2.44097809627e-005, 4.38026181655e-005, 4.65459670522e-005, 4.88302321173e-005, 2.11386504816e-005, 6.98877101968e-006, 1.93800292436e-006, 2.11833508956e-007, 5.35122346434e-008, 2.5916151003e-008, 7.69998953487e-010, 7.36615352048e-011]
        min: [9.01317365995e-025, 1.44306609382e-023, 1.09879567741e-024, 1.71550820045e-024, 1.24833964478e-023, 1.08692963168e-023, 1.11034262891e-023, 1.5760058802e-023, 2.17190367717e-023, 2.31115608628e-023, 1.78546990755e-023, 2.95773172775e-023, 3.62329682893e-023, 4.28507886875e-023, 8.35282971356e-023, 5.77016474309e-023, 7.53289084412e-023, 1.30167110693e-022, 1.45895179608e-022, 1.49859666351e-022, 2.65143773797e-022, 2.75162206319e-022, 4.72174020106e-022, 7.34677697334e-022, 9.72606880617e-022, 1.43282000235e-021, 2.12074366826e-021]
        var: [5.67467385202e-014, 5.12978282075e-009, 3.52876696752e-008, 5.08415638478e-008, 2.62811198581e-007, 6.94345999364e-007, 4.28602987768e-007, 1.42069410458e-007, 1.8149650316e-007, 1.34081645342e-007, 1.22984459949e-007, 1.4879132948e-007, 7.17789845339e-008, 4.88258429243e-008, 3.11103711681e-008, 3.37435643871e-008, 1.22176288642e-007, 9.09014659101e-008, 4.97672552058e-008, 2.3747965372e-008, 5.96060933944e-009, 4.47917758439e-010, 1.9211406771e-011, 7.80871569663e-013, 2.70883765722e-013, 3.83466744178e-016, 1.27456874318e-019]
    frequency_bands:
        dmean: [3.93016073019e-008, 1.42088083521e-005, 5.03906630911e-005, 6.37424454908e-005, 0.00013633488561, 0.000213360079215, 0.000133918249048, 0.000107060397568, 0.000112204157631, 0.00010372781253, 0.000102859630715, 0.000108097701741, 7.09732194082e-005, 5.52498349862e-005, 5.47706586076e-005, 4.90481143061e-005, 7.36085639801e-005, 7.73539650254e-005, 6.76971394569e-005, 3.71747773897e-005, 1.49689012687e-005, 3.8245639189e-006, 6.08842924521e-007, 1.26107636333e-007, 5.81414418832e-008, 2.17566298311e-009, 1.58051863264e-010, 4.17933222752e-011]
        dmean2: [6.57215579736e-008, 2.07127432077e-005, 7.88509278209e-005, 0.000102137964859, 0.000214030485949, 0.000319994258462, 0.000193756568478, 0.000157768168719, 0.000166540456121, 0.000160637471708, 0.000162021722645, 0.000171481573489, 0.000115150614874, 8.77538841451e-005, 8.83756365511e-005, 8.07648175396e-005, 0.000121011718875, 0.000128472514916, 0.000113978792797, 6.17670084466e-005, 2.44051752816e-005, 6.13012070971e-006, 9.16134467843e-007, 1.89956139707e-007, 8.47974348517e-008, 3.27988480819e-009, 2.86592805043e-010, 7.73712899305e-011]
        dvar: [3.6540652367e-014, 8.10624123382e-010, 1.16084839519e-008, 1.83739210513e-008, 5.49784324733e-008, 1.63106989248e-007, 5.61703537016e-008, 3.99347612756e-008, 4.97422583123e-008, 5.24745047414e-008, 5.54076642345e-008, 6.21058902084e-008, 3.10705061679e-008, 1.7399241159e-008, 1.22139853787e-008, 1.55982000649e-008, 3.22418678422e-008, 3.25909965682e-008, 2.05862793479e-008, 9.11978315088e-009, 2.6993107749e-009, 1.51163540019e-010, 4.86579786879e-012, 1.79612103185e-013, 8.87370553556e-014, 1.03980388176e-016, 9.12594054759e-020, 5.0917062216e-021]
        dvar2: [1.20766596593e-013, 1.77915526756e-009, 2.99013009908e-008, 4.94054326339e-008, 1.47631951108e-007, 3.94916725099e-007, 1.09154491668e-007, 8.71898677701e-008, 1.12013140097e-007, 1.28338655259e-007, 1.38296755381e-007, 1.5514079621e-007, 8.29079667142e-008, 4.10030018827e-008, 2.95680813167e-008, 3.96400281488e-008, 7.78354021236e-008, 8.34396800542e-008, 5.60647031023e-008, 2.50769360832e-008, 7.52331441589e-009, 3.82835901869e-010, 1.06719659151e-011, 3.99240373834e-013, 1.81965418211e-013, 2.14588213595e-016, 2.72530188291e-019, 1.64176142261e-020]
        max: [4.60235378341e-006, 0.000945709820371, 0.00219011888839, 0.00294265639968, 0.00634719897062, 0.0171893518418, 0.0204188842326, 0.00585038866848, 0.00485506746918, 0.00681223534048, 0.0070464797318, 0.00590555369854, 0.00533758848906, 0.00421246374026, 0.00304245762527, 0.00380355678499, 0.00576837547123, 0.00421303231269, 0.00435843877494, 0.00277933548205, 0.00253974832594, 0.000548019132111, 0.000101367302705, 1.46654201671e-005, 2.91172473226e-005, 5.41808958587e-007, 1.37969360381e-008, 1.03173070087e-009]
        mean: [7.48857118538e-008, 3.84529412258e-005, 0.000101092700788, 0.000122956873383, 0.000356012489647, 0.000540337758139, 0.000336945406161, 0.000227617667406, 0.000243246133323, 0.000188120437087, 0.000179294554982, 0.00019309342315, 0.000125502003357, 0.000101288933365, 9.7667783848e-005, 8.64697867655e-005, 0.000155499743414, 0.000154660578119, 0.000137182461913, 7.97521424829e-005, 3.45540356648e-005, 9.00137092685e-006, 1.5170298866e-006, 3.66315362044e-007, 1.47466280964e-007, 5.36186961497e-009, 1.72126049525e-010, 3.30807464755e-011]
        median: [5.30024735212e-009, 1.19314245239e-005, 3.00744322885e-005, 4.22650628025e-005, 0.000184424803592, 0.00025713496143, 0.000151838336024, 9.35460266192e-005, 8.80708539626e-005, 6.40475991531e-005, 5.20302637597e-005, 5.09361343575e-005, 3.47264722222e-005, 2.94562705676e-005, 3.5079956433e-005, 2.44097809627e-005, 4.38026181655e-005, 4.65459670522e-005, 4.88302321173e-005, 2.11386504816e-005, 6.98877101968e-006, 1.93800292436e-006, 2.11833508956e-007, 5.35122346434e-008, 2.5916151003e-008, 7.69998953487e-010, 7.36615352048e-011, 8.88607243343e-012]
        min: [9.01317365995e-025, 1.44306609382e-023, 1.09879567741e-024, 1.71550820045e-024, 1.24833964478e-023, 1.08692963168e-023, 1.11034262891e-023, 1.5760058802e-023, 2.17190367717e-023, 2.31115608628e-023, 1.78546990755e-023, 2.95773172775e-023, 3.62329682893e-023, 4.28507886875e-023, 8.35282971356e-023, 5.77016474309e-023, 7.53289084412e-023, 1.30167110693e-022, 1.45895179608e-022, 1.49859666351e-022, 2.65143773797e-022, 2.75162206319e-022, 4.72174020106e-022, 7.34677697334e-022, 9.72606880617e-022, 1.43282000235e-021, 2.12074366826e-021, 4.93840659159e-022]
        var: [5.67467385202e-014, 5.12978282075e-009, 3.52876696752e-008, 5.08415638478e-008, 2.62811198581e-007, 6.94345999364e-007, 4.28602987768e-007, 1.42069410458e-007, 1.8149650316e-007, 1.34081645342e-007, 1.22984459949e-007, 1.4879132948e-007, 7.17789845339e-008, 4.88258429243e-008, 3.11103711681e-008, 3.37435643871e-008, 1.22176288642e-007, 9.09014659101e-008, 4.97672552058e-008, 2.3747965372e-008, 5.96060933944e-009, 4.47917758439e-010, 1.9211406771e-011, 7.80871569663e-013, 2.70883765722e-013, 3.83466744178e-016, 1.27456874318e-019, 4.14293813694e-021]
    mfcc:
        mean: [-779.741149902, 157.255081177, -52.0352325439, 31.6138076782, -17.0090770721, -17.0752105713, -4.29632759094, -10.0915002823, -9.18417549133, -9.92280578613, -5.31711101532, -5.99455213547, -2.94921326637]
        cov: [[7483.29345703, 77.8546524048, -1705.2121582, 961.798583984, -871.795654297, 409.098571777, 50.0940170288, 96.255569458, 162.089447021, -91.1079406738, 125.221931458, 86.3595352173, 105.196815491], [77.8546524048, 780.744934082, -35.2356033325, -27.8621425629, 88.906867981, -107.284431458, 79.3108520508, -67.0619430542, -29.6139163971, 29.3026790619, -7.0821146965, 8.55688381195, -2.21472072601], [-1705.2121582, -35.2356033325, 702.895385742, -146.952575684, 259.038909912, -51.7230682373, -25.3486690521, 48.6265563965, 8.93859291077, 43.5500564575, -19.5901851654, -6.83147621155, -7.26392221451], [961.798583984, -27.8621425629, -146.952575684, 342.259155273, -35.4029197693, 99.4326782227, 33.301235199, 57.8992614746, 86.0478057861, 21.3786220551, 26.0252189636, 19.0477809906, 37.5613670349], [-871.795654297, 88.906867981, 259.038909912, -35.4029197693, 256.808898926, -17.9138755798, 31.866104126, 3.90254664421, 14.1923856735, 42.7440795898, -25.5798873901, 5.18653345108, 0.339385688305], [409.098571777, -107.284431458, -51.7230682373, 99.4326782227, -17.9138755798, 170.812026978, 45.5410614014, 48.2787284851, 51.2976913452, 7.18453454971, 41.0168533325, 19.0178413391, 18.3902778625], [50.0940170288, 79.3108520508, -25.3486690521, 33.301235199, 31.866104126, 45.5410614014, 139.144592285, 36.0646362305, 20.694984436, 31.2394599915, 10.576830864, 27.0237007141, 7.95050382614], [96.255569458, -67.0619430542, 48.6265563965, 57.8992614746, 3.90254664421, 48.2787284851, 36.0646362305, 127.430854797, 63.550075531, 21.5712127686, 23.0333309174, 7.57252693176, 21.750623703], [162.089447021, -29.6139163971, 8.93859291077, 86.0478057861, 14.1923856735, 51.2976913452, 20.694984436, 63.550075531, 128.843566895, 50.3286514282, 15.605222702, 7.33839559555, 17.9225578308], [-91.1079406738, 29.3026790619, 43.5500564575, 21.3786220551, 42.7440795898, 7.18453454971, 31.2394599915, 21.5712127686, 50.3286514282, 108.000091553, 34.6744728088, 6.17360258102, 10.9696455002], [125.221931458, -7.0821146965, -19.5901851654, 26.0252189636, -25.5798873901, 41.0168533325, 10.576830864, 23.0333309174, 15.605222702, 34.6744728088, 108.068618774, 41.6406593323, 7.32294797897], [86.3595352173, 8.55688381195, -6.83147621155, 19.0477809906, 5.18653345108, 19.0178413391, 27.0237007141, 7.57252693176, 7.33839559555, 6.17360258102, 41.6406593323, 94.9096908569, 36.4812583923], [105.196815491, -2.21472072601, -7.26392221451, 37.5613670349, 0.339385688305, 18.3902778625, 7.95050382614, 21.750623703, 17.9225578308, 10.9696455002, 7.32294797897, 36.4812583923, 91.11693573]]
        icov: [[0.000780006987043, -0.000527840456925, 0.00104526733048, -0.00134543841705, 0.0015626164386, -0.00117982469965, 0.000881654559635, -0.000748195045162, 0.000305306341033, -0.000400851276936, 0.000857867591549, -0.000854036246892, 0.000319771352224], [-0.000527840456925, 0.0021848322358, -0.000413869332988, 0.000742388307117, -0.00184777402319, 0.0024721045047, -0.00223635602742, 0.00160797813442, -0.000546345196199, 0.00061579386238, -0.00151042465586, 0.00113620306365, -0.000657484284602], [0.00104526733048, -0.000413869332988, 0.00441023660824, -0.000736172427423, -0.000963337428402, -0.00126016151626, 0.00248114462011, -0.00293473061174, 0.000661900907289, -0.000931003072765, 0.00103007059079, -0.0012868270278, 0.000594523153268], [-0.00134543841705, 0.000742388307117, -0.000736172427423, 0.00680353213102, -0.00312618375756, 0.000382255879231, -0.00107828935143, 0.000340605474776, -0.00242448109202, 0.000686174840666, -0.00132006173953, 0.00137038703542, -0.00139296369161], [0.0015626164386, -0.00184777402319, -0.000963337428402, -0.00312618375756, 0.0110899871215, -0.00312518049031, 0.000368020497262, -0.000148561710375, 0.000460216309875, -0.00300187477842, 0.00441643828526, -0.00295306020416, 0.00105400069151], [-0.00117982469965, 0.0024721045047, -0.00126016151626, 0.000382255879231, -0.00312518049031, 0.0124211786315, -0.00551297515631, 0.00167238828726, -0.00339689548127, 0.00392280239612, -0.00590055342764, 0.00309689342976, -0.00181915250141], [0.000881654559635, -0.00223635602742, 0.00248114462011, -0.00107828935143, 0.000368020497262, -0.00551297515631, 0.0131911560893, -0.00558747071773, 0.00294413301162, -0.00472727650777, 0.00460984976962, -0.00538911484182, 0.00264137214981], [-0.000748195045162, 0.00160797813442, -0.00293473061174, 0.000340605474776, -0.000148561710375, 0.00167238828726, -0.00558747071773, 0.0148480692878, -0.00622692843899, 0.00300364405848, -0.00419422285631, 0.00366590777412, -0.00313277007081], [0.000305306341033, -0.000546345196199, 0.000661900907289, -0.00242448109202, 0.000460216309875, -0.00339689548127, 0.00294413301162, -0.00622692843899, 0.0150337237865, -0.00708530889824, 0.00357187050395, -0.00204365211539, 0.00102694833186], [-0.000400851276936, 0.00061579386238, -0.000931003072765, 0.000686174840666, -0.00300187477842, 0.00392280239612, -0.00472727650777, 0.00300364405848, -0.00708530889824, 0.0166180748492, -0.00813705008477, 0.00470204465091, -0.00280003575608], [0.000857867591549, -0.00151042465586, 0.00103007059079, -0.00132006173953, 0.00441643828526, -0.00590055342764, 0.00460984976962, -0.00419422285631, 0.00357187050395, -0.00813705008477, 0.017863644287, -0.0094656040892, 0.00400377763435], [-0.000854036246892, 0.00113620306365, -0.0012868270278, 0.00137038703542, -0.00295306020416, 0.00309689342976, -0.00538911484182, 0.00366590777412, -0.00204365211539, 0.00470204465091, -0.0094656040892, 0.0185089651495, -0.00748674571514], [0.000319771352224, -0.000657484284602, 0.000594523153268, -0.00139296369161, 0.00105400069151, -0.00181915250141, 0.00264137214981, -0.00313277007081, 0.00102694833186, -0.00280003575608, 0.00400377763435, -0.00748674571514, 0.0149028049782]]
    sccoeffs:
        dmean: [0.0419034026563, 0.0394984856248, 0.0342789329588, 0.0285105612129, 0.0201328508556, 0.0131809832528]
        dmean2: [0.0691322237253, 0.0641236752272, 0.0553165860474, 0.0467630773783, 0.0332213565707, 0.0217394940555]
        dvar: [0.00118886656128, 0.00101512973197, 0.00076069496572, 0.000508316035848, 0.000266810820904, 0.000123311358038]
        dvar2: [0.00327724288218, 0.00273733655922, 0.00197661737911, 0.00135048909578, 0.000706632214133, 0.000328860885929]
        max: [-0.327304035425, -0.393970906734, -0.487247645855, -0.481915593147, -0.538054704666, -0.595919370651]
        mean: [-0.623841583729, -0.693008065224, -0.714187145233, -0.727290570736, -0.746413886547, -0.745844721794]
        median: [-0.62788772583, -0.696803927422, -0.714663684368, -0.726890087128, -0.746914386749, -0.747209668159]
        min: [-0.969407021999, -0.975161910057, -0.972527265549, -0.974726319313, -0.966088414192, -0.962520182133]
        var: [0.00723605277017, 0.00586002413183, 0.00450279330835, 0.00406789360568, 0.00299461372197, 0.00187567120884]
    scvalleys:
        dmean: [0.347855418921, 0.284428477287, 0.245280534029, 0.203455030918, 0.156582117081, 0.145424455404]
        dmean2: [0.580387890339, 0.471574664116, 0.408762693405, 0.336478471756, 0.252059698105, 0.214792922139]
        dvar: [0.0954088196158, 0.0621188767254, 0.0467036962509, 0.0342039465904, 0.029141228646, 0.0333108790219]
        dvar2: [0.242183119059, 0.151686936617, 0.110343113542, 0.0747354030609, 0.0536540932953, 0.0578840784729]
        max: [-5.45128011703, -4.62927293777, -4.91602373123, -6.04272556305, -6.27794981003, -8.4866399765]
        mean: [-7.68270158768, -6.78962469101, -7.48666286469, -8.24176979065, -8.63506221771, -11.813249588]
        median: [-7.40378570557, -6.57233333588, -7.24479579926, -8.02406597137, -8.44488239288, -11.5941381454]
        min: [-28.6540718079, -27.7473945618, -27.893491745, -27.7454891205, -27.4389839172, -27.4198513031]
        var: [1.81362235546, 1.60063171387, 1.77399420738, 1.64052689075, 1.65056943893, 1.57198560238]

rhythm:
    beats_loudness:
        dmean: 0.00136021187063
        dmean2: 0.00220137042925
        dvar: 2.40219537773e-006
        dvar2: 6.01141573497e-006
        max: 0.0194453671575
        mean: 0.00393677316606
        median: 0.00334018422291
        min: 3.66361559145e-011
        var: 1.02653011709e-005
    bpm: 152.621643066
    bpm_confidence: 0
    first_peak_bpm: 152
    first_peak_spread: 0.392694085836
    first_peak_weight: 0.151308298111
    onset_rate: 1.10002076626
    second_peak_bpm: 157
    second_peak_spread: 0.387559831142
    second_peak_weight: 0.145620018244
    beats_loudness_band_ratio:
        dmean: [0.108289346099, 0.153389275074, 0.145648688078, 0.086405441165, 0.0647168681026, 0.0340600349009]
        dmean2: [0.187718644738, 0.260456204414, 0.256195783615, 0.145108684897, 0.111668251455, 0.0580853410065]
        dvar: [0.014263429679, 0.0173140708357, 0.015460097231, 0.00878855679184, 0.0053597050719, 0.00219097151421]
        dvar2: [0.04021172598, 0.0464209392667, 0.0440216362476, 0.0229732617736, 0.0140828127041, 0.00602590013295]
        max: [0.842044055462, 0.931631326675, 0.950363755226, 0.829794764519, 0.625466763973, 0.40093383193]
        mean: [0.140525132418, 0.306553721428, 0.271648049355, 0.168295189738, 0.126137822866, 0.051774892956]
        median: [0.090434923768, 0.265526026487, 0.243397057056, 0.141714885831, 0.097796112299, 0.0320799872279]
        min: [0, 0, 0, 0, 0, 0]
        var: [0.0209043733776, 0.0393043868244, 0.0248080268502, 0.0158257447183, 0.0109583539888, 0.00315182865597]
