
metadata:
    version:
        essentia: "2.1-beta2"
    audio_properties:
        analysis_sample_rate: 44100
        bitrate: 320
        channels: 2
        equal_loudness: 1
        length: 418.272644043
        replay_gain: -14.1337547302
        downmix: "mix"
    tags:
        album: "Stone's Reach"
        artist: "Be'lakor"
        comment: " "
        date: "2009"
        genre: "Death Metal"
        title: "From Scythe to Sceptre"
        tracknumber: "2"

configuration:
    average_loudness:
        compute: 1
        frameSize: 88200
        hopSize: 44100
        silentFrames: "noise"
        windowType: "hann"
    general:
        analysisSampleRate: 44100
        endTime: 2000
        equalLoudness: 1
        nequalLoudness: 0
        shortSound: 0
        startTime: 0
    lowlevel:
        compute: 1
        frameSize: 2048
        hopSize: 1024
        zeroPadding: 0
        silentFrames: "noise"
        windowType: "blackmanharris62"
        mfccStats: ["mean", "cov", "icov"]
        stats: ["mean", "var", "median", "min", "max", "dmean", "dmean2", "dvar", "dvar2"]
    panning:
        compute: 0
        frameSize: 8192
        hopSize: 2048
        zeroPadding: 8192
        silentFrames: "noise"
        windowType: "hann"
        stats: ["copy"]
    rhythm:
        compute: 1
        maxTempo: 208
        minTempo: 40
        method: "degara"
        stats: ["mean", "var", "median", "min", "max", "dmean", "dmean2", "dvar", "dvar2"]
    segmentation:
        compute: 0
        cpw: 5
        inc1: 300
        inc2: 50
        minimumSegmentsLength: 10
        size1: 1000
        size2: 600
    sfx:
        compute: 1
        stats: ["mean", "var", "median", "min", "max", "dmean", "dmean2", "dvar", "dvar2"]
    svm:
        compute: 0
    tonal:
        compute: 1
        frameSize: 4096
        hopSize: 2048
        zeroPadding: 0
        silentFrames: "noise"
        windowType: "blackmanharris62"
        stats: ["mean", "var", "median", "min", "max", "dmean", "dmean2", "dvar", "dvar2"]

lowlevel:
    average_loudness: 0.939907968044
    barkbands_kurtosis:
        dmean: 0.676721453667
        dmean2: 1.09815430641
        dvar: 1.59619247913
        dvar2: 3.67024850845
        max: 41.7979049683
        mean: -0.487399280071
        median: -1.33328390121
        min: -1.89227747917
        var: 5.93084192276
    barkbands_skewness:
        dmean: 0.393066376448
        dmean2: 0.622048676014
        dvar: 0.134243115783
        dvar2: 0.328120797873
        max: 5.98099660873
        mean: 0.143990531564
        median: -0.0355756096542
        min: -3.45144224167
        var: 0.939868450165
    barkbands_spread:
        dmean: 5.21078062057
        dmean2: 8.48157978058
        dvar: 26.0507621765
        dvar2: 67.4281921387
        max: 63.7976837158
        mean: 35.6689033508
        median: 37.4587059021
        min: 2.45312476158
        var: 101.725502014
    dissonance:
        dmean: 0.00903359148651
        dmean2: 0.0153662888333
        dvar: 7.96231252025e-005
        dvar2: 0.000216976783122
        max: 0.500000119209
        mean: 0.482100903988
        median: 0.485078305006
        min: 0.227893143892
        var: 0.000179242662853
    hfc:
        dmean: 2.08418917656
        dmean2: 3.39245581627
        dvar: 5.78627920151
        dvar2: 14.6169605255
        max: 53.600402832
        mean: 9.21277141571
        median: 8.93112945557
        min: 1.26882835581e-016
        var: 30.1183452606
    pitch:
        dmean: 886.452880859
        dmean2: 1712.39453125
        dvar: 1725403.25
        dvar2: 4089651.75
        max: 4539.06347656
        mean: 1529.76123047
        median: 371.600738525
        min: 62.1371154785
        var: 2320640.25
    pitch_instantaneous_confidence:
        dmean: 0.0732390210032
        dmean2: 0.119046032429
        dvar: 0.00397611968219
        dvar2: 0.00943242292851
        max: 0.958221614361
        mean: 0.379640966654
        median: 0.360788285732
        min: 0.118695139885
        var: 0.0146369673312
    pitch_salience:
        dmean: 0.0571907199919
        dmean2: 0.0935890674591
        dvar: 0.00259952712804
        dvar2: 0.00669164862484
        max: 0.959092438221
        mean: 0.660308539867
        median: 0.675215184689
        min: 0.182324886322
        var: 0.00733649078757
    silence_rate_20dB:
        dmean: 0
        dmean2: 0
        dvar: 0
        dvar2: 0
        max: 1
        mean: 1
        median: 1
        min: 1
        var: 0
    silence_rate_30dB:
        dmean: 0
        dmean2: 0
        dvar: 0
        dvar2: 0
        max: 1
        mean: 1
        median: 1
        min: 1
        var: 0
    silence_rate_60dB:
        dmean: 0.0554013550282
        dmean2: 0.110808856785
        dvar: 0.0523287765682
        dvar2: 0.116639122367
        max: 1
        mean: 0.198223695159
        median: 0
        min: 0
        var: 0.158934697509
    spectral_centroid:
        dmean: 261.954681396
        dmean2: 425.787475586
        dvar: 69995.203125
        dvar2: 172687.984375
        max: 11196.2197266
        mean: 1662.69238281
        median: 1744.92895508
        min: 223.42250061
        var: 367164.8125
    spectral_complexity:
        dmean: 3.40834903717
        dmean2: 5.45239543915
        dvar: 10.1435832977
        dvar2: 24.0455493927
        max: 44
        mean: 18.1629199982
        median: 18
        min: 0
        var: 72.5992507935
    spectral_crest:
        dmean: 1.83421742916
        dmean2: 3.0273900032
        dvar: 3.65870523453
        dvar2: 9.21963024139
        max: 23.3088684082
        mean: 6.80917549133
        median: 5.85539960861
        min: 2.41069436073
        var: 9.42546367645
    spectral_decrease:
        dmean: 3.00814595455e-010
        dmean2: 5.02215435905e-010
        dvar: 1.97773559486e-019
        dvar2: 5.49273827828e-019
        max: 1.20668069367e-028
        mean: -1.19148335642e-009
        median: -1.16680776152e-009
        min: -4.84458251293e-009
        var: 3.50341000563e-019
    spectral_energy:
        dmean: 0.00127161445562
        dmean2: 0.00211448594928
        dvar: 3.26821214003e-006
        dvar2: 9.02552528714e-006
        max: 0.020741129294
        mean: 0.0053325467743
        median: 0.00527231302112
        min: 1.10532122443e-020
        var: 6.85187887939e-006
    spectral_energyband_high:
        dmean: 0.000166325713508
        dmean2: 0.000280977896182
        dvar: 5.68767895004e-008
        dvar2: 1.4469658538e-007
        max: 0.00655586272478
        mean: 0.000439339550212
        median: 0.000389404973248
        min: 8.26818721035e-021
        var: 1.42116817869e-007
    spectral_energyband_low:
        dmean: 0.000386909145163
        dmean2: 0.000662541715428
        dvar: 2.95387394544e-007
        dvar2: 7.80098730502e-007
        max: 0.00712505821139
        mean: 0.000581747794058
        median: 0.00036790582817
        min: 5.02282442721e-023
        var: 3.86214935588e-007
    spectral_energyband_middle_high:
        dmean: 0.000537547457498
        dmean2: 0.000859212013893
        dvar: 3.18071300853e-007
        dvar2: 8.06674506748e-007
        max: 0.0121345827356
        mean: 0.00240395241417
        median: 0.00231470237486
        min: 1.4876662573e-021
        var: 2.09425297726e-006
    spectral_energyband_middle_low:
        dmean: 0.000861649110448
        dmean2: 0.00144640530925
        dvar: 2.31914805227e-006
        dvar2: 6.54726272842e-006
        max: 0.0153975626454
        mean: 0.00213133962825
        median: 0.0017659815494
        min: 2.6646971645e-022
        var: 2.49101412919e-006
    spectral_flatness_db:
        dmean: 0.0132725834846
        dmean2: 0.0214068591595
        dvar: 0.000159842224093
        dvar2: 0.000387958541978
        max: 0.343310713768
        mean: 0.143518730998
        median: 0.137641236186
        min: 0.06276217103
        var: 0.000880418054294
    spectral_flux:
        dmean: 0.0080025922507
        dmean2: 0.0121243242174
        dvar: 8.71394877322e-005
        dvar2: 0.000154953129822
        max: 0.108456104994
        mean: 0.0406780354679
        median: 0.0410741046071
        min: 1.05134255468e-010
        var: 0.000278924795566
    spectral_kurtosis:
        dmean: 1.03917706013
        dmean2: 1.7964400053
        dvar: 2.43800497055
        dvar2: 6.70224952698
        max: 77.7521514893
        mean: 3.3709769249
        median: 2.87767410278
        min: -1.18099486828
        var: 6.77164125443
    spectral_rms:
        dmean: 0.000255327497143
        dmean2: 0.00041674845852
        dvar: 9.55023793381e-008
        dvar2: 2.57192454001e-007
        max: 0.00449836067855
        mean: 0.00219983095303
        median: 0.00226797698997
        min: 3.28384259889e-012
        var: 3.63237546708e-007
    spectral_rolloff:
        dmean: 312.301635742
        dmean2: 524.893859863
        dvar: 156163.53125
        dvar2: 358938.25
        max: 18604.6875
        mean: 3141.17211914
        median: 3423.77929688
        min: 172.265625
        var: 884416.9375
    spectral_skewness:
        dmean: 0.145488739014
        dmean2: 0.245047986507
        dvar: 0.0264199543744
        dvar2: 0.0702994242311
        max: 6.59625911713
        mean: 1.28383243084
        median: 1.19767570496
        min: -0.0389961488545
        var: 0.141274824739
    spectral_spread:
        dmean: 404692.59375
        dmean2: 639236.375
        dvar: 215793385472
        dvar2: 438703882240
        max: 39764260
        mean: 4537910.5
        median: 4462330
        min: 1009777.0625
        var: 1.01498014925e+012
    spectral_strongpeak:
        dmean: 0.469722509384
        dmean2: 0.827135562897
        dvar: 0.65950357914
        dvar2: 1.69674408436
        max: 10.8431377411
        mean: 0.58102196455
        median: 0.248295843601
        min: 2.46212250588e-009
        var: 0.831231176853
    zerocrossingrate:
        dmean: 0.00729651656002
        dmean2: 0.00903958640993
        dvar: 4.89297308377e-005
        dvar2: 6.22270381427e-005
        max: 0.5029296875
        mean: 0.0965720564127
        median: 0.10205078125
        min: 0.00927734375
        var: 0.000710484106094
    barkbands:
        dmean: [3.99115492655e-007, 0.000107324049168, 0.000233769431361, 0.000224722913117, 0.000523409340531, 0.000202047333005, 0.000128593834233, 8.29424971016e-005, 9.02606261661e-005, 5.50976910745e-005, 4.0354916564e-005, 3.3972402889e-005, 2.72178476735e-005, 2.2207852453e-005, 4.06460567319e-005, 0.000118083822599, 0.000241597328568, 0.000178140442586, 0.000245385774178, 0.00013466294331, 7.33342458261e-005, 3.72601898562e-005, 6.14559849055e-006, 2.34635399465e-006, 1.03204615698e-006, 2.46111735436e-008, 3.25948656954e-010]
        dmean2: [6.01688213919e-007, 0.000193262443645, 0.000407217594329, 0.000359353754902, 0.000892221869435, 0.000330521346768, 0.000214751460589, 0.000139784242492, 0.000144109289977, 8.85525587364e-005, 6.57215059618e-005, 5.5200776842e-005, 4.45050936833e-005, 3.71819151042e-005, 6.72562309774e-005, 0.000196607114049, 0.000398686242988, 0.000297214457532, 0.000404541613534, 0.000226633317652, 0.000122189667309, 6.52682865621e-005, 1.01674222606e-005, 3.88705802834e-006, 1.74894444172e-006, 3.83492064771e-008, 5.59939594691e-010]
        dvar: [2.54032390826e-013, 3.72852113628e-008, 1.24034684745e-007, 1.21694455402e-007, 1.3463693449e-006, 8.13290625956e-008, 4.78889212729e-008, 2.72368225751e-008, 1.89435667153e-008, 9.52536627352e-009, 7.95566368339e-009, 5.1483750596e-009, 2.09513695282e-009, 1.05696063013e-009, 2.68619992916e-009, 1.93172020602e-008, 8.95937617429e-008, 4.24696473544e-008, 8.36334947962e-008, 2.47858071845e-008, 1.02665040913e-008, 5.95306870466e-009, 1.63098937134e-010, 2.40171979526e-011, 4.10509690477e-012, 4.26944839481e-015, 2.52387978484e-019]
        dvar2: [6.25454224003e-013, 1.02170709226e-007, 3.31899911998e-007, 2.71457338386e-007, 3.79710513698e-006, 2.18213642711e-007, 1.25269522755e-007, 7.3140157042e-008, 4.88193592219e-008, 2.55549021944e-008, 2.1888487467e-008, 1.33431852234e-008, 5.4924593762e-009, 2.76678169264e-009, 7.18599890703e-009, 5.21331564585e-008, 2.34741037275e-007, 1.12663030905e-007, 2.15784822899e-007, 6.68802968562e-008, 2.62095039005e-008, 1.45342795577e-008, 3.76400577373e-010, 5.39354255702e-011, 9.90499696152e-012, 9.4519915305e-015, 6.6609907898e-019]
        max: [5.25373116034e-006, 0.0014753350988, 0.00485811661929, 0.00680138915777, 0.0123657127842, 0.0052332454361, 0.00565027538687, 0.00347985490225, 0.00275371526368, 0.00309674208984, 0.00191825127695, 0.00188008067198, 0.00151223689318, 0.000887576024979, 0.0010448571993, 0.00262581882998, 0.00537660811096, 0.00545418029651, 0.00764174200594, 0.00334168947302, 0.00329954875633, 0.00254767294973, 0.000722539611161, 0.000242852329393, 7.37017762731e-005, 2.37737299358e-006, 1.71167187091e-008]
        mean: [6.35073376998e-007, 0.000100645360362, 0.000286747264909, 0.000394943810534, 0.000766461540479, 0.000406849430874, 0.000224713308853, 0.000123172882013, 0.000175229113665, 0.000102768739453, 6.74978073221e-005, 5.7867855503e-005, 4.57452479168e-005, 3.93088484998e-005, 8.33864687593e-005, 0.00025290256599, 0.000552329176571, 0.000416758324718, 0.000622937805019, 0.000348728703102, 0.000188750724192, 5.39803950232e-005, 1.32062586999e-005, 5.10248628416e-006, 1.83953659416e-006, 4.94068856938e-008, 4.4006387423e-010]
        median: [4.02578876901e-007, 4.30827894888e-005, 0.000151104395627, 0.000231294165133, 0.000443764118245, 0.000270383956376, 0.000128851548652, 5.99852646701e-005, 0.000104147009552, 5.96715872234e-005, 3.43216270267e-005, 3.14983517455e-005, 2.84760662908e-005, 2.92134045594e-005, 6.75698684063e-005, 0.000220768051804, 0.000459526432678, 0.000350320915459, 0.000546519528143, 0.000304814107949, 0.000167420628713, 3.33640673489e-005, 8.67106336955e-006, 3.47649597643e-006, 1.14233341719e-006, 2.72934332912e-008, 2.5509605539e-010]
        min: [6.79264380773e-024, 1.3351169476e-023, 2.3771528207e-023, 7.24150408507e-024, 7.71336833528e-024, 4.73819520846e-023, 4.83453405765e-023, 9.3896516894e-023, 5.76718663541e-023, 2.64478177141e-023, 6.36567142283e-023, 8.08278243086e-023, 1.72453993207e-022, 1.1214983054e-022, 9.3205809218e-023, 8.21244655122e-023, 3.00832926621e-022, 1.57745044229e-022, 2.64776732595e-022, 2.83041121848e-022, 4.07947009931e-022, 4.11495445122e-022, 5.96110454934e-022, 1.07224034111e-021, 1.2296394225e-021, 1.71414259387e-021, 3.00630675307e-021]
        var: [4.7201186102e-013, 2.63764157182e-008, 1.42004040526e-007, 2.80883284631e-007, 1.17510307973e-006, 1.8694414905e-007, 9.27725238853e-008, 4.0079882524e-008, 4.2352407803e-008, 2.0052256744e-008, 1.4102710999e-008, 1.03627000314e-008, 3.68092423209e-009, 1.51676249338e-009, 5.08831599078e-009, 4.14952197048e-008, 2.24325319209e-007, 1.18572742736e-007, 2.35948164118e-007, 7.21008746041e-008, 2.69041855461e-008, 8.76095729296e-009, 3.47814999024e-010, 5.40793486381e-011, 7.29852636661e-012, 8.81174388963e-015, 3.75082515522e-019]
    frequency_bands:
        dmean: [3.99115492655e-007, 0.000107324049168, 0.000233769431361, 0.000224722913117, 0.000523409340531, 0.000202047333005, 0.000128593834233, 8.29424971016e-005, 9.02606261661e-005, 5.50976910745e-005, 4.0354916564e-005, 3.3972402889e-005, 2.72178476735e-005, 2.2207852453e-005, 4.06460567319e-005, 0.000118083822599, 0.000241597328568, 0.000178140442586, 0.000245385774178, 0.00013466294331, 7.33342458261e-005, 3.72601898562e-005, 6.14559849055e-006, 2.34635399465e-006, 1.03204615698e-006, 2.46111735436e-008, 3.25948656954e-010, 6.37480554455e-011]
        dmean2: [6.01688213919e-007, 0.000193262443645, 0.000407217594329, 0.000359353754902, 0.000892221869435, 0.000330521346768, 0.000214751460589, 0.000139784242492, 0.000144109289977, 8.85525587364e-005, 6.57215059618e-005, 5.5200776842e-005, 4.45050936833e-005, 3.71819151042e-005, 6.72562309774e-005, 0.000196607114049, 0.000398686242988, 0.000297214457532, 0.000404541613534, 0.000226633317652, 0.000122189667309, 6.52682865621e-005, 1.01674222606e-005, 3.88705802834e-006, 1.74894444172e-006, 3.83492064771e-008, 5.59939594691e-010, 1.18580201214e-010]
        dvar: [2.54032390826e-013, 3.72852113628e-008, 1.24034684745e-007, 1.21694455402e-007, 1.3463693449e-006, 8.13290625956e-008, 4.78889212729e-008, 2.72368225751e-008, 1.89435667153e-008, 9.52536627352e-009, 7.95566368339e-009, 5.1483750596e-009, 2.09513695282e-009, 1.05696063013e-009, 2.68619992916e-009, 1.93172020602e-008, 8.95937617429e-008, 4.24696473544e-008, 8.36334947962e-008, 2.47858071845e-008, 1.02665040913e-008, 5.95306870466e-009, 1.63098937134e-010, 2.40171979526e-011, 4.10509690477e-012, 4.26944839481e-015, 2.52387978484e-019, 7.93318067785e-021]
        dvar2: [6.25454224003e-013, 1.02170709226e-007, 3.31899911998e-007, 2.71457338386e-007, 3.79710513698e-006, 2.18213642711e-007, 1.25269522755e-007, 7.3140157042e-008, 4.88193592219e-008, 2.55549021944e-008, 2.1888487467e-008, 1.33431852234e-008, 5.4924593762e-009, 2.76678169264e-009, 7.18599890703e-009, 5.21331564585e-008, 2.34741037275e-007, 1.12663030905e-007, 2.15784822899e-007, 6.68802968562e-008, 2.62095039005e-008, 1.45342795577e-008, 3.76400577373e-010, 5.39354255702e-011, 9.90499696152e-012, 9.4519915305e-015, 6.6609907898e-019, 2.53156429273e-020]
        max: [5.25373116034e-006, 0.0014753350988, 0.00485811661929, 0.00680138915777, 0.0123657127842, 0.0052332454361, 0.00565027538687, 0.00347985490225, 0.00275371526368, 0.00309674208984, 0.00191825127695, 0.00188008067198, 0.00151223689318, 0.000887576024979, 0.0010448571993, 0.00262581882998, 0.00537660811096, 0.00545418029651, 0.00764174200594, 0.00334168947302, 0.00329954875633, 0.00254767294973, 0.000722539611161, 0.000242852329393, 7.37017762731e-005, 2.37737299358e-006, 1.71167187091e-008, 1.24719612415e-009]
        mean: [6.35073376998e-007, 0.000100645360362, 0.000286747264909, 0.000394943810534, 0.000766461540479, 0.000406849430874, 0.000224713308853, 0.000123172882013, 0.000175229113665, 0.000102768739453, 6.74978073221e-005, 5.7867855503e-005, 4.57452479168e-005, 3.93088484998e-005, 8.33864687593e-005, 0.00025290256599, 0.000552329176571, 0.000416758324718, 0.000622937805019, 0.000348728703102, 0.000188750724192, 5.39803950232e-005, 1.32062586999e-005, 5.10248628416e-006, 1.83953659416e-006, 4.94068856938e-008, 4.4006387423e-010, 4.98750450662e-011]
        median: [4.02578876901e-007, 4.30827894888e-005, 0.000151104395627, 0.000231294165133, 0.000443764118245, 0.000270383956376, 0.000128851548652, 5.99852646701e-005, 0.000104147009552, 5.96715872234e-005, 3.43216270267e-005, 3.14983517455e-005, 2.84760662908e-005, 2.92134045594e-005, 6.75698684063e-005, 0.000220768051804, 0.000459526432678, 0.000350320915459, 0.000546519528143, 0.000304814107949, 0.000167420628713, 3.33640673489e-005, 8.67106336955e-006, 3.47649597643e-006, 1.14233341719e-006, 2.72934332912e-008, 2.5509605539e-010, 1.97021982062e-011]
        min: [6.79264380773e-024, 1.3351169476e-023, 2.3771528207e-023, 7.24150408507e-024, 7.71336833528e-024, 4.73819520846e-023, 4.83453405765e-023, 9.3896516894e-023, 5.76718663541e-023, 2.64478177141e-023, 6.36567142283e-023, 8.08278243086e-023, 1.72453993207e-022, 1.1214983054e-022, 9.3205809218e-023, 8.21244655122e-023, 3.00832926621e-022, 1.57745044229e-022, 2.64776732595e-022, 2.83041121848e-022, 4.07947009931e-022, 4.11495445122e-022, 5.96110454934e-022, 1.07224034111e-021, 1.2296394225e-021, 1.71414259387e-021, 3.00630675307e-021, 6.71906381653e-022]
        var: [4.7201186102e-013, 2.63764157182e-008, 1.42004040526e-007, 2.80883284631e-007, 1.17510307973e-006, 1.8694414905e-007, 9.27725238853e-008, 4.0079882524e-008, 4.2352407803e-008, 2.0052256744e-008, 1.4102710999e-008, 1.03627000314e-008, 3.68092423209e-009, 1.51676249338e-009, 5.08831599078e-009, 4.14952197048e-008, 2.24325319209e-007, 1.18572742736e-007, 2.35948164118e-007, 7.21008746041e-008, 2.69041855461e-008, 8.76095729296e-009, 3.47814999024e-010, 5.40793486381e-011, 7.29852636661e-012, 8.81174388963e-015, 3.75082515522e-019, 6.29268563322e-021]
    mfcc:
        mean: [-695.232849121, 100.9817276, -40.116355896, 64.4762573242, -10.784327507, -12.2920322418, -7.33611917496, -0.348054498434, -2.69756269455, -8.46413707733, -10.3947696686, -4.66107749939, -5.43332433701]
        cov: [[3970.86450195, -319.618682861, -356.306793213, 411.841308594, -135.925842285, -41.1828575134, -121.26914978, 135.942367554, 66.78150177, -27.7336559296, -91.6625900269, 29.3319911957, 41.2818031311], [-319.618682861, 785.410888672, 23.3113822937, 9.38853263855, -46.0584030151, 24.5753440857, 52.2608795166, -87.2735061646, -32.8540840149, -26.9003391266, 38.0195732117, -16.7555389404, -28.9763565063], [-356.306793213, 23.3113822937, 257.353271484, -72.0868835449, 63.7479667664, 47.0776100159, 44.1164779663, -12.9409818649, -24.7346534729, 19.3427238464, 26.2372455597, -1.29267168045, -6.33641815186], [411.841308594, 9.38853263855, -72.0868835449, 205.611328125, 37.5345497131, 3.53499341011, -19.9453735352, 23.7793617249, 25.2079162598, -7.91148710251, -20.6249923706, -2.70598578453, 0.0867754295468], [-135.925842285, -46.0584030151, 63.7479667664, 37.5345497131, 129.250457764, 28.0170116425, 22.2857723236, 12.2271652222, 7.79044342041, 8.59929466248, -10.3673057556, 0.685185313225, -2.87202835083], [-41.1828575134, 24.5753440857, 47.0776100159, 3.53499341011, 28.0170116425, 85.3783493042, 43.4026794434, 9.03689670563, 2.50687503815, 4.04413890839, 15.1771783829, 7.10069799423, 9.43323040009], [-121.26914978, 52.2608795166, 44.1164779663, -19.9453735352, 22.2857723236, 43.4026794434, 75.5945205688, 18.7461795807, 10.9264907837, 5.1513915062, 13.9912958145, 6.78206729889, 3.23989892006], [135.942367554, -87.2735061646, -12.9409818649, 23.7793617249, 12.2271652222, 9.03689670563, 18.7461795807, 76.6170959473, 41.1539230347, 16.1300640106, -5.96011066437, 6.03409051895, 11.34329319], [66.78150177, -32.8540840149, -24.7346534729, 25.2079162598, 7.79044342041, 2.50687503815, 10.9264907837, 41.1539230347, 78.0881576538, 26.2195968628, 1.71948802471, 8.23209571838, 16.9197750092], [-27.7336559296, -26.9003391266, 19.3427238464, -7.91148710251, 8.59929466248, 4.04413890839, 5.1513915062, 16.1300640106, 26.2195968628, 54.1598930359, 19.5393943787, 7.55363368988, 4.42682313919], [-91.6625900269, 38.0195732117, 26.2372455597, -20.6249923706, -10.3673057556, 15.1771783829, 13.9912958145, -5.96011066437, 1.71948802471, 19.5393943787, 61.3200340271, 17.6010074615, 3.17691349983], [29.3319911957, -16.7555389404, -1.29267168045, -2.70598578453, 0.685185313225, 7.10069799423, 6.78206729889, 6.03409051895, 8.23209571838, 7.55363368988, 17.6010074615, 51.8103904724, 31.920211792], [41.2818031311, -28.9763565063, -6.33641815186, 0.0867754295468, -2.87202835083, 9.43323040009, 3.23989892006, 11.34329319, 16.9197750092, 4.42682313919, 3.17691349983, 31.920211792, 60.8630714417]]
        icov: [[0.000416691123974, 0.000137271403219, 8.66345362738e-005, -0.000853488396388, 0.000775695196353, -0.000238632434048, 0.000262331304839, -0.000506834418047, 0.000196336171939, -4.93916995765e-005, 0.000417047587689, -0.000406296690926, 8.73740646057e-005], [0.000137271403219, 0.0019214580534, -0.000125614227727, -0.00117104651872, 0.00131014827639, 0.00015689501015, -0.00238346238621, 0.00264055281878, -0.000432961067418, 0.00046198524069, -0.00061922770692, 0.000422793178586, 0.000379871547921], [8.66345362738e-005, -0.000125614227727, 0.00648453133181, 0.0021234464366, -0.00336585030891, -0.00171344890259, -0.00108191790059, 0.000137991897645, 0.00239176535979, -0.00206323969178, -0.00148975930642, 0.001267087413, -0.000409487605793], [-0.000853488396388, -0.00117104651872, 0.0021234464366, 0.00912841036916, -0.00515779294074, -0.00164796598256, 0.00366855598986, -0.0017138842959, -0.00175740243867, 0.00157155538909, -0.000498687906656, 0.000584067485761, 0.000459556904389], [0.000775695196353, 0.00131014827639, -0.00336585030891, -0.00515779294074, 0.0135522624478, -0.00182392494753, -0.00273202103563, 0.000783164461609, -0.000530333840288, -0.00173893885221, 0.00468789087608, -0.00254261237569, 0.00203893682919], [-0.000238632434048, 0.00015689501015, -0.00171344890259, -0.00164796598256, -0.00182392494753, 0.0190410558134, -0.0100680422038, 0.000571020238567, 0.00143744784873, 0.000603543361649, -0.00354511826299, 0.00197889422998, -0.00384352612309], [0.000262331304839, -0.00238346238621, -0.00108191790059, 0.00366855598986, -0.00273202103563, -0.0100680422038, 0.0262513291091, -0.0089415339753, -0.00231025717221, 0.00308893574402, -0.00154334306717, -0.00260895118117, 0.00213645678014], [-0.000506834418047, 0.00264055281878, 0.000137991897645, -0.0017138842959, 0.000783164461609, 0.000571020238567, -0.0089415339753, 0.0251518320292, -0.00915175117552, -0.00252735754475, 0.00241963425651, 0.000347089633578, -0.00022583338432], [0.000196336171939, -0.000432961067418, 0.00239176535979, -0.00175740243867, -0.000530333840288, 0.00143744784873, -0.00231025717221, -0.00915175117552, 0.0229969918728, -0.00934460945427, 0.000260411819909, 0.00165982020553, -0.00510450825095], [-4.93916995765e-005, 0.00046198524069, -0.00206323969178, 0.00157155538909, -0.00173893885221, 0.000603543361649, 0.00308893574402, -0.00252735754475, -0.00934460945427, 0.0280247293413, -0.00897669512779, -0.000368956360035, 0.00138889299706], [0.000417047587689, -0.00061922770692, -0.00148975930642, -0.000498687906656, 0.00468789087608, -0.00354511826299, -0.00154334306717, 0.00241963425651, 0.000260411819909, -0.00897669512779, 0.0256076399237, -0.0102207604796, 0.0042740390636], [-0.000406296690926, 0.000422793178586, 0.001267087413, 0.000584067485761, -0.00254261237569, 0.00197889422998, -0.00260895118117, 0.000347089633578, 0.00165982020553, -0.000368956360035, -0.0102207604796, 0.0337391979992, -0.017340477556], [8.73740646057e-005, 0.000379871547921, -0.000409487605793, 0.000459556904389, 0.00203893682919, -0.00384352612309, 0.00213645678014, -0.00022583338432, -0.00510450825095, 0.00138889299706, 0.0042740390636, -0.017340477556, 0.0273182168603]]
    sccoeffs:
        dmean: [0.0536466240883, 0.0457305423915, 0.0346990674734, 0.0278110634536, 0.0205786637962, 0.0161044001579]
        dmean2: [0.0888127684593, 0.0755743905902, 0.0571756102145, 0.0465299971402, 0.034116268158, 0.0256852190942]
        dvar: [0.00221374770626, 0.00138215685729, 0.000750402046833, 0.000469310354674, 0.000297147082165, 0.000206243785215]
        dvar2: [0.0060623511672, 0.00377187947743, 0.00200177356601, 0.00129753816873, 0.000746864301618, 0.000486037606606]
        max: [-0.286709576845, -0.463468641043, -0.591475188732, -0.624791502953, -0.503956258297, -0.610683858395]
        mean: [-0.638982951641, -0.745324254036, -0.786368012428, -0.79439085722, -0.780964136124, -0.742331981659]
        median: [-0.642812609673, -0.749314904213, -0.78858423233, -0.796589672565, -0.784152984619, -0.740937829018]
        min: [-0.969567835331, -0.962137401104, -0.971543610096, -0.963362574577, -0.96048438549, -0.957906544209]
        var: [0.00551934540272, 0.00381789170206, 0.0021266748663, 0.00123270542827, 0.00116649200208, 0.00125867279712]
    scvalleys:
        dmean: [0.355426222086, 0.343533217907, 0.285683006048, 0.242150142789, 0.203135162592, 0.27204567194]
        dmean2: [0.575374662876, 0.564600229263, 0.454347014427, 0.385723143816, 0.316511690617, 0.43545204401]
        dvar: [0.104049488902, 0.105979323387, 0.0640584900975, 0.0533711053431, 0.0547956563532, 0.117324694991]
        dvar2: [0.236817702651, 0.255425632, 0.134092330933, 0.106225021183, 0.109914518893, 0.27905407548]
        max: [-5.12022161484, -4.55939102173, -5.10363149643, -5.87088680267, -5.58145999908, -7.42764806747]
        mean: [-6.66070604324, -6.43526077271, -7.00064516068, -7.31384420395, -6.8541226387, -9.5961856842]
        median: [-6.52515983582, -6.36936807632, -6.9168586731, -7.1310172081, -6.52360677719, -9.33420372009]
        min: [-26.9290428162, -27.8039798737, -26.9915828705, -27.1369609833, -27.2429466248, -27.2824859619]
        var: [0.883662104607, 0.766670405865, 0.70999956131, 0.707472622395, 1.16128778458, 1.15572988987]

rhythm:
    beats_loudness:
        dmean: 0.00145221652929
        dmean2: 0.00255422131158
        dvar: 1.61736818427e-006
        dvar2: 4.80054450236e-006
        max: 0.0161111559719
        mean: 0.00575306639075
        median: 0.00574090424925
        min: 3.05326930405e-010
        var: 4.6670802476e-006
    bpm: 147.652740479
    bpm_confidence: 0
    first_peak_bpm: 148
    first_peak_spread: 0.428037375212
    first_peak_weight: 0.31513902545
    onset_rate: 3.40447831154
    second_peak_bpm: 133
    second_peak_spread: 0.410596013069
    second_peak_weight: 0.183316171169
    beats_loudness_band_ratio:
        dmean: [0.118456423283, 0.11553992331, 0.0654352158308, 0.0366991348565, 0.0844121798873, 0.0681948289275]
        dmean2: [0.205145031214, 0.201712697744, 0.115657567978, 0.0659525245428, 0.151060134172, 0.11967459321]
        dvar: [0.0105031682178, 0.00895920488983, 0.00406037224457, 0.00132693827618, 0.00541430758312, 0.00418419810012]
        dvar2: [0.0322998687625, 0.0270130019635, 0.0122992061079, 0.00382667663507, 0.0158898290247, 0.0122373523191]
        max: [0.83102363348, 0.733681559563, 0.473127603531, 0.363953888416, 0.679629266262, 0.720708847046]
        mean: [0.207883089781, 0.209745794535, 0.113715775311, 0.0623773410916, 0.260634809732, 0.200175598264]
        median: [0.174115657806, 0.177046477795, 0.092809394002, 0.0529512614012, 0.261246860027, 0.198755770922]
        min: [0.000654432398733, 0.0081296665594, 0.00985441822559, 0.0062724086456, 0.00906443316489, 0.00397215411067]
        var: [0.021746378392, 0.0174888186157, 0.00557885784656, 0.00181395641994, 0.0133404871449, 0.00835745036602]
