
metadata:
    version:
        essentia: "2.1-beta2"
    audio_properties:
        analysis_sample_rate: 44100
        bitrate: 128
        channels: 2
        equal_loudness: 1
        length: 509.544494629
        replay_gain: -13.0725059509
        downmix: "mix"
    tags:
        album: "Once"
        artist: "Nightwish"
        comment: ""
        date: "2012"
        genre: "Blues"
        title: "Creek Mary's Blood"
        tracknumber: "1"

configuration:
    average_loudness:
        compute: 1
        frameSize: 88200
        hopSize: 44100
        silentFrames: "noise"
        windowType: "hann"
    general:
        analysisSampleRate: 44100
        endTime: 2000
        equalLoudness: 1
        nequalLoudness: 0
        shortSound: 0
        startTime: 0
    lowlevel:
        compute: 1
        frameSize: 2048
        hopSize: 1024
        zeroPadding: 0
        silentFrames: "noise"
        windowType: "blackmanharris62"
        mfccStats: ["mean", "cov", "icov"]
        stats: ["mean", "var", "median", "min", "max", "dmean", "dmean2", "dvar", "dvar2"]
    panning:
        compute: 0
        frameSize: 8192
        hopSize: 2048
        zeroPadding: 8192
        silentFrames: "noise"
        windowType: "hann"
        stats: ["copy"]
    rhythm:
        compute: 1
        maxTempo: 208
        minTempo: 40
        method: "degara"
        stats: ["mean", "var", "median", "min", "max", "dmean", "dmean2", "dvar", "dvar2"]
    segmentation:
        compute: 0
        cpw: 5
        inc1: 300
        inc2: 50
        minimumSegmentsLength: 10
        size1: 1000
        size2: 600
    sfx:
        compute: 1
        stats: ["mean", "var", "median", "min", "max", "dmean", "dmean2", "dvar", "dvar2"]
    svm:
        compute: 0
    tonal:
        compute: 1
        frameSize: 4096
        hopSize: 2048
        zeroPadding: 0
        silentFrames: "noise"
        windowType: "blackmanharris62"
        stats: ["mean", "var", "median", "min", "max", "dmean", "dmean2", "dvar", "dvar2"]

lowlevel:
    average_loudness: 0.558708548546
    barkbands_kurtosis:
        dmean: 1.61030840874
        dmean2: 2.58248543739
        dvar: 12.7209730148
        dvar2: 32.4463539124
        max: 163.643341064
        mean: 1.84338080883
        median: -0.328348100185
        min: -1.89965617657
        var: 32.705783844
    barkbands_skewness:
        dmean: 0.404276579618
        dmean2: 0.637056648731
        dvar: 0.193748950958
        dvar2: 0.472861886024
        max: 8.21949672699
        mean: 0.796930611134
        median: 0.640143990517
        min: -7.98648405075
        var: 1.41068351269
    barkbands_spread:
        dmean: 4.14297485352
        dmean2: 6.44479894638
        dvar: 19.3782501221
        dvar2: 42.7700042725
        max: 86.6253356934
        mean: 23.6701869965
        median: 24.5609054565
        min: 0.35159817338
        var: 154.126235962
    dissonance:
        dmean: 0.0231024548411
        dmean2: 0.0388527214527
        dvar: 0.00063400453655
        dvar2: 0.00177587801591
        max: 0.500000059605
        mean: 0.4513707757
        median: 0.463372737169
        min: 0.13889349997
        var: 0.00167841860093
    hfc:
        dmean: 1.0837007761
        dmean2: 1.71859073639
        dvar: 3.45614433289
        dvar2: 8.7715549469
        max: 41.5745201111
        mean: 5.3658285141
        median: 2.18471717834
        min: 1.13177471918e-016
        var: 39.2946624756
    pitch:
        dmean: 322.059204102
        dmean2: 621.463623047
        dvar: 697573.9375
        dvar2: 1862319.875
        max: 6032.53662109
        mean: 531.736938477
        median: 263.949279785
        min: 54.5556945801
        var: 804741.6875
    pitch_instantaneous_confidence:
        dmean: 0.0835031345487
        dmean2: 0.133404776454
        dvar: 0.00515438988805
        dvar2: 0.0126891825348
        max: 0.986946463585
        mean: 0.469909012318
        median: 0.446938097477
        min: 0.103078007698
        var: 0.0276272185147
    pitch_salience:
        dmean: 0.058300986886
        dmean2: 0.0949635729194
        dvar: 0.00256390147842
        dvar2: 0.00672085816041
        max: 0.86608928442
        mean: 0.589491069317
        median: 0.60158520937
        min: 0.0641655474901
        var: 0.0103954644874
    silence_rate_20dB:
        dmean: 0
        dmean2: 0
        dvar: 0
        dvar2: 0
        max: 1
        mean: 1
        median: 1
        min: 1
        var: 0
    silence_rate_30dB:
        dmean: 0
        dmean2: 0
        dvar: 0
        dvar2: 0
        max: 1
        mean: 1
        median: 1
        min: 1
        var: 0
    silence_rate_60dB:
        dmean: 0.0317156538367
        dmean2: 0.0634341984987
        dvar: 0.0307002477348
        dvar2: 0.0688926279545
        max: 1
        mean: 0.569352030754
        median: 1
        min: 0
        var: 0.245236292481
    spectral_centroid:
        dmean: 172.620941162
        dmean2: 269.143157959
        dvar: 42430.1679688
        dvar2: 88926.125
        max: 11476.9472656
        mean: 1153.71142578
        median: 1027.5300293
        min: 154.943206787
        var: 436174.03125
    spectral_complexity:
        dmean: 2.12157678604
        dmean2: 3.4683740139
        dvar: 6.71546840668
        dvar2: 15.9575452805
        max: 48
        mean: 11.1131410599
        median: 7
        min: 0
        var: 88.5115585327
    spectral_crest:
        dmean: 2.07969689369
        dmean2: 3.39812064171
        dvar: 3.96253275871
        dvar2: 10.2177324295
        max: 26.6848888397
        mean: 8.52495765686
        median: 7.41413879395
        min: 2.37246656418
        var: 17.6317977905
    spectral_decrease:
        dmean: 1.51753179467e-010
        dmean2: 2.42170089537e-010
        dvar: 3.77132417713e-020
        dvar2: 9.45211725017e-020
        max: 1.35585994706e-029
        mean: -8.20037759919e-010
        median: -5.70975600134e-010
        min: -3.82939768784e-009
        var: 4.70032148193e-019
    spectral_energy:
        dmean: 0.000647642824333
        dmean2: 0.00103118107654
        dvar: 7.22546758425e-007
        dvar2: 1.80368886049e-006
        max: 0.0168876498938
        mean: 0.00358170387335
        median: 0.00236700871028
        min: 1.02143549758e-020
        var: 9.73082023847e-006
    spectral_energyband_high:
        dmean: 7.93354338384e-005
        dmean2: 0.000129387961351
        dvar: 3.21790167845e-008
        dvar2: 8.05916471336e-008
        max: 0.00417929282412
        mean: 0.000212743514567
        median: 3.49739857484e-005
        min: 7.30824330169e-021
        var: 1.14733566647e-007
    spectral_energyband_low:
        dmean: 0.000182886811672
        dmean2: 0.000300764950225
        dvar: 8.76860326571e-008
        dvar2: 2.28335750307e-007
        max: 0.00583978835493
        mean: 0.000349697365891
        median: 0.000203434756259
        min: 5.03933528596e-023
        var: 1.9171926624e-007
    spectral_energyband_middle_high:
        dmean: 0.000346347427694
        dmean2: 0.000546599389054
        dvar: 2.87991269943e-007
        dvar2: 7.41665076021e-007
        max: 0.0108844032511
        mean: 0.00161989440676
        median: 0.000676286057569
        min: 1.37308053788e-021
        var: 3.71578312297e-006
    spectral_energyband_middle_low:
        dmean: 0.000432255357737
        dmean2: 0.000691684719641
        dvar: 2.95091950875e-007
        dvar2: 7.52162350182e-007
        max: 0.0121093373746
        mean: 0.00151256402023
        median: 0.00120412674733
        min: 5.60953107956e-022
        var: 1.46692855196e-006
    spectral_flatness_db:
        dmean: 0.0162224192172
        dmean2: 0.0255014412105
        dvar: 0.000240275432589
        dvar2: 0.000573622179218
        max: 0.439832866192
        mean: 0.185181826353
        median: 0.178300663829
        min: 0.0482318811119
        var: 0.00255052465945
    spectral_flux:
        dmean: 0.00502039724961
        dmean2: 0.00800458434969
        dvar: 2.81345637632e-005
        dvar2: 6.45336331218e-005
        max: 0.106572784483
        mean: 0.0291593577713
        median: 0.0254424028099
        min: 1.01066092995e-010
        var: 0.000286002265057
    spectral_kurtosis:
        dmean: 2.68710327148
        dmean2: 4.54321861267
        dvar: 12.4196119308
        dvar2: 34.9305381775
        max: 102.471122742
        mean: 7.39133548737
        median: 5.10266208649
        min: -1.26476323605
        var: 48.5161590576
    spectral_rms:
        dmean: 0.000168758517248
        dmean2: 0.000264555943431
        dvar: 2.99520266367e-008
        dvar2: 7.19644006608e-008
        max: 0.00405903393403
        mean: 0.00166782527231
        median: 0.00151963043027
        min: 3.15677432111e-012
        var: 7.12701535122e-007
    spectral_rolloff:
        dmean: 338.448577881
        dmean2: 562.553161621
        dvar: 261535.921875
        dvar2: 566132.125
        max: 18820.0195313
        mean: 2179.40332031
        median: 2390.18554688
        min: 150.732421875
        var: 1789626.375
    spectral_skewness:
        dmean: 0.275675088167
        dmean2: 0.447384655476
        dvar: 0.0868310108781
        dvar2: 0.221367835999
        max: 7.67465925217
        mean: 1.83170461655
        median: 1.59752321243
        min: -0.103839680552
        var: 0.677494287491
    spectral_spread:
        dmean: 359923.84375
        dmean2: 532483.5
        dvar: 307305775104
        dvar2: 464078274560
        max: 50745244
        mean: 3493268.25
        median: 3311885.25
        min: 785847.25
        var: 1.52348576973e+012
    spectral_strongpeak:
        dmean: 0.352186024189
        dmean2: 0.604719042778
        dvar: 0.454183787107
        dvar2: 1.21472156048
        max: 9.70887851715
        mean: 0.609084367752
        median: 0.307618319988
        min: 0
        var: 0.750476300716
    zerocrossingrate:
        dmean: 0.00637119682506
        dmean2: 0.00774794910103
        dvar: 5.55429724045e-005
        dvar2: 6.46974003757e-005
        max: 0.5068359375
        mean: 0.0686565339565
        median: 0.06591796875
        min: 0.00634765625
        var: 0.00114943971857
    barkbands:
        dmean: [2.40628850179e-007, 6.06555659033e-005, 0.000116477487609, 0.000110532753752, 0.000198268156964, 0.000153169443365, 9.56457006396e-005, 8.78722203197e-005, 9.10396774998e-005, 7.01332828612e-005, 6.781299453e-005, 6.07777401456e-005, 4.00156641263e-005, 6.16466495558e-005, 5.15236497449e-005, 7.24624551367e-005, 8.92041425686e-005, 8.65385154611e-005, 0.000134279107442, 9.05235574464e-005, 3.6902139982e-005, 1.34190495373e-005, 1.97891972675e-006, 7.77761442805e-007, 3.6150660776e-007, 8.29218826937e-009, 1.62942617732e-010]
        dmean2: [3.91646267417e-007, 0.00010079616186, 0.000191276631085, 0.000185544864507, 0.000330112758093, 0.000241286033997, 0.00015017655096, 0.000132451794343, 0.000140472388011, 0.000109609587525, 0.000107623505755, 9.74306167336e-005, 6.47415436106e-005, 0.00010201594705, 8.40582506498e-005, 0.000117677118396, 0.000147415252286, 0.00014282509801, 0.000223269540584, 0.000150221691001, 6.15556782577e-005, 2.20235979214e-005, 3.16775935971e-006, 1.1707743397e-006, 5.49381354631e-007, 1.25528929473e-008, 2.91027729693e-010]
        dvar: [3.07295069382e-013, 1.5578935475e-008, 3.91588272919e-008, 4.3374466685e-008, 1.00954032689e-007, 5.98620388814e-008, 2.5482778554e-008, 2.33963604046e-008, 3.75295172717e-008, 2.56618246652e-008, 2.05657411101e-008, 1.80294854601e-008, 1.04048512028e-008, 3.92000600868e-008, 1.17758007789e-008, 2.87638659557e-008, 3.36862626682e-008, 2.87569612567e-008, 7.22906037254e-008, 3.06707725883e-008, 7.98718602368e-009, 1.61070623506e-009, 3.64012570087e-011, 6.63392474634e-012, 1.58110048491e-012, 8.62108969045e-016, 8.66178301026e-020]
        dvar2: [7.31362886919e-013, 4.08624707404e-008, 1.00270028724e-007, 1.1008154388e-007, 2.73298326192e-007, 1.46005177726e-007, 6.11716473031e-008, 5.0829079612e-008, 8.68248122288e-008, 6.14637016838e-008, 5.05039672305e-008, 4.4544318456e-008, 2.57927172953e-008, 1.06357376239e-007, 2.98587252701e-008, 7.46161390452e-008, 8.97534206956e-008, 7.71835431124e-008, 2.00186548227e-007, 8.19540488806e-008, 2.08320081185e-008, 4.02480671013e-009, 8.73404334967e-011, 1.28304823363e-011, 3.51880482218e-012, 1.97231791175e-015, 2.45106566046e-019]
        max: [9.87440125755e-006, 0.00173417571932, 0.00437965895981, 0.00346287712455, 0.00840113405138, 0.00619436008856, 0.0052383299917, 0.00544674647972, 0.00480344844982, 0.00428030034527, 0.00363278295845, 0.00370162399486, 0.0039662742056, 0.00649099517614, 0.00240535917692, 0.00454811193049, 0.00365202850662, 0.00402634218335, 0.00771505944431, 0.00487351790071, 0.00192007329315, 0.000829729484394, 0.000191280720173, 9.05472261366e-005, 3.44772015524e-005, 1.0406323554e-006, 8.38863645214e-009]
        mean: [3.09225669071e-007, 8.70204967214e-005, 0.000191107930732, 0.000158768190886, 0.000371332687791, 0.000369434303138, 0.000188505160622, 0.000179521113751, 0.000176704634214, 0.000137401497341, 0.000126057071611, 0.000112649606308, 7.02203105902e-005, 0.000110559660243, 9.62712656474e-005, 0.000147523824126, 0.00019258078828, 0.000188316364074, 0.000333324831445, 0.000226083167945, 8.61338849063e-005, 2.56097682723e-005, 3.90078002965e-006, 1.66564700521e-006, 6.75806688832e-007, 1.55962656123e-008, 1.74225467386e-010]
        median: [8.93699763083e-008, 3.81289319193e-005, 8.92057432793e-005, 6.84312108206e-005, 0.000230599718634, 0.000166705125594, 9.21581595321e-005, 7.86807358963e-005, 4.928501221e-005, 4.12638837588e-005, 3.21664847434e-005, 3.11361000058e-005, 1.74874367076e-005, 2.28710014198e-005, 2.64584869001e-005, 3.36068624165e-005, 5.39995417057e-005, 5.36262887181e-005, 8.45287286211e-005, 5.28905002284e-005, 7.91261118138e-006, 2.37468793785e-006, 5.6819828842e-007, 1.67861855971e-007, 4.63274894003e-008, 1.53336077169e-009, 4.76077163802e-011]
        min: [3.21584709483e-024, 3.65351556586e-023, 8.47050046603e-024, 1.13766198647e-023, 5.14337941293e-023, 1.53270726149e-022, 5.16583228756e-023, 4.96447869694e-023, 2.03848928051e-022, 5.48219895825e-023, 9.98480432835e-023, 6.08247162003e-023, 4.73644551497e-023, 1.36847727575e-022, 1.64217250371e-022, 1.30220917318e-022, 1.4983276935e-022, 1.85467244647e-022, 1.92288127309e-022, 3.14852158732e-022, 3.4368852105e-022, 3.90916651568e-022, 6.03709570967e-022, 7.5371264592e-022, 1.23798433395e-021, 1.71286001964e-021, 2.39322273776e-021]
        var: [4.40497979889e-013, 1.97924201473e-008, 8.49120951329e-008, 6.90927137725e-008, 1.83245404628e-007, 2.92686905823e-007, 7.72444437303e-008, 8.80115393898e-008, 1.15835682379e-007, 8.82445405637e-008, 6.42761719405e-008, 4.84272000278e-008, 2.78823666378e-008, 9.79435625936e-008, 3.00518188112e-008, 9.51473353439e-008, 1.08950345634e-007, 8.72455885315e-008, 2.91954989962e-007, 1.16953039253e-007, 2.12788116016e-008, 2.98814284427e-009, 7.80450495896e-011, 2.56030318474e-011, 4.04100754595e-012, 1.8204652331e-015, 1.19683211867e-019]
    frequency_bands:
        dmean: [2.40628850179e-007, 6.06555659033e-005, 0.000116477487609, 0.000110532753752, 0.000198268156964, 0.000153169443365, 9.56457006396e-005, 8.78722203197e-005, 9.10396774998e-005, 7.01332828612e-005, 6.781299453e-005, 6.07777401456e-005, 4.00156641263e-005, 6.16466495558e-005, 5.15236497449e-005, 7.24624551367e-005, 8.92041425686e-005, 8.65385154611e-005, 0.000134279107442, 9.05235574464e-005, 3.6902139982e-005, 1.34190495373e-005, 1.97891972675e-006, 7.77761442805e-007, 3.6150660776e-007, 8.29218826937e-009, 1.62942617732e-010, 4.04753140726e-011]
        dmean2: [3.91646267417e-007, 0.00010079616186, 0.000191276631085, 0.000185544864507, 0.000330112758093, 0.000241286033997, 0.00015017655096, 0.000132451794343, 0.000140472388011, 0.000109609587525, 0.000107623505755, 9.74306167336e-005, 6.47415436106e-005, 0.00010201594705, 8.40582506498e-005, 0.000117677118396, 0.000147415252286, 0.00014282509801, 0.000223269540584, 0.000150221691001, 6.15556782577e-005, 2.20235979214e-005, 3.16775935971e-006, 1.1707743397e-006, 5.49381354631e-007, 1.25528929473e-008, 2.91027729693e-010, 7.48296424824e-011]
        dvar: [3.07295069382e-013, 1.5578935475e-008, 3.91588272919e-008, 4.3374466685e-008, 1.00954032689e-007, 5.98620388814e-008, 2.5482778554e-008, 2.33963604046e-008, 3.75295172717e-008, 2.56618246652e-008, 2.05657411101e-008, 1.80294854601e-008, 1.04048512028e-008, 3.92000600868e-008, 1.17758007789e-008, 2.87638659557e-008, 3.36862626682e-008, 2.87569612567e-008, 7.22906037254e-008, 3.06707725883e-008, 7.98718602368e-009, 1.61070623506e-009, 3.64012570087e-011, 6.63392474634e-012, 1.58110048491e-012, 8.62108969045e-016, 8.66178301026e-020, 4.97162811177e-021]
        dvar2: [7.31362886919e-013, 4.08624707404e-008, 1.00270028724e-007, 1.1008154388e-007, 2.73298326192e-007, 1.46005177726e-007, 6.11716473031e-008, 5.0829079612e-008, 8.68248122288e-008, 6.14637016838e-008, 5.05039672305e-008, 4.4544318456e-008, 2.57927172953e-008, 1.06357376239e-007, 2.98587252701e-008, 7.46161390452e-008, 8.97534206956e-008, 7.71835431124e-008, 2.00186548227e-007, 8.19540488806e-008, 2.08320081185e-008, 4.02480671013e-009, 8.73404334967e-011, 1.28304823363e-011, 3.51880482218e-012, 1.97231791175e-015, 2.45106566046e-019, 1.56991771679e-020]
        max: [9.87440125755e-006, 0.00173417571932, 0.00437965895981, 0.00346287712455, 0.00840113405138, 0.00619436008856, 0.0052383299917, 0.00544674647972, 0.00480344844982, 0.00428030034527, 0.00363278295845, 0.00370162399486, 0.0039662742056, 0.00649099517614, 0.00240535917692, 0.00454811193049, 0.00365202850662, 0.00402634218335, 0.00771505944431, 0.00487351790071, 0.00192007329315, 0.000829729484394, 0.000191280720173, 9.05472261366e-005, 3.44772015524e-005, 1.0406323554e-006, 8.38863645214e-009, 1.10862019564e-009]
        mean: [3.09225669071e-007, 8.70204967214e-005, 0.000191107930732, 0.000158768190886, 0.000371332687791, 0.000369434303138, 0.000188505160622, 0.000179521113751, 0.000176704634214, 0.000137401497341, 0.000126057071611, 0.000112649606308, 7.02203105902e-005, 0.000110559660243, 9.62712656474e-005, 0.000147523824126, 0.00019258078828, 0.000188316364074, 0.000333324831445, 0.000226083167945, 8.61338849063e-005, 2.56097682723e-005, 3.90078002965e-006, 1.66564700521e-006, 6.75806688832e-007, 1.55962656123e-008, 1.74225467386e-010, 3.21536547387e-011]
        median: [8.93699763083e-008, 3.81289319193e-005, 8.92057432793e-005, 6.84312108206e-005, 0.000230599718634, 0.000166705125594, 9.21581595321e-005, 7.86807358963e-005, 4.928501221e-005, 4.12638837588e-005, 3.21664847434e-005, 3.11361000058e-005, 1.74874367076e-005, 2.28710014198e-005, 2.64584869001e-005, 3.36068624165e-005, 5.39995417057e-005, 5.36262887181e-005, 8.45287286211e-005, 5.28905002284e-005, 7.91261118138e-006, 2.37468793785e-006, 5.6819828842e-007, 1.67861855971e-007, 4.63274894003e-008, 1.53336077169e-009, 4.76077163802e-011, 8.11536081391e-012]
        min: [3.21584709483e-024, 3.65351556586e-023, 8.47050046603e-024, 1.13766198647e-023, 5.14337941293e-023, 1.53270726149e-022, 5.16583228756e-023, 4.96447869694e-023, 2.03848928051e-022, 5.48219895825e-023, 9.98480432835e-023, 6.08247162003e-023, 4.73644551497e-023, 1.36847727575e-022, 1.64217250371e-022, 1.30220917318e-022, 1.4983276935e-022, 1.85467244647e-022, 1.92288127309e-022, 3.14852158732e-022, 3.4368852105e-022, 3.90916651568e-022, 6.03709570967e-022, 7.5371264592e-022, 1.23798433395e-021, 1.71286001964e-021, 2.39322273776e-021, 6.70364051299e-022]
        var: [4.40497979889e-013, 1.97924201473e-008, 8.49120951329e-008, 6.90927137725e-008, 1.83245404628e-007, 2.92686905823e-007, 7.72444437303e-008, 8.80115393898e-008, 1.15835682379e-007, 8.82445405637e-008, 6.42761719405e-008, 4.84272000278e-008, 2.78823666378e-008, 9.79435625936e-008, 3.00518188112e-008, 9.51473353439e-008, 1.08950345634e-007, 8.72455885315e-008, 2.91954989962e-007, 1.16953039253e-007, 2.12788116016e-008, 2.98814284427e-009, 7.80450495896e-011, 2.56030318474e-011, 4.04100754595e-012, 1.8204652331e-015, 1.19683211867e-019, 4.10565846383e-021]
    mfcc:
        mean: [-769.297302246, 139.926971436, -39.2059249878, 47.544002533, -11.6526136398, -12.958111763, 0.124786183238, -4.86062335968, -5.814889431, -3.6096906662, -5.66625022888, -5.65086269379, -1.69037675858]
        cov: [[9785.02832031, -1158.10375977, -2020.71069336, 1119.21728516, -635.271972656, 717.115966797, -117.525588989, -202.374588013, 30.1368560791, -57.4870986938, 62.8429870605, 178.425857544, 69.5175628662], [-1158.10375977, 1136.09118652, 140.516967773, -134.624053955, 183.444549561, -211.452880859, 84.5384979248, 24.7721996307, -67.0919036865, 23.2620124817, -15.6521701813, -43.4884300232, 21.9623527527], [-2020.71069336, 140.516967773, 845.883911133, -240.919189453, 142.315612793, -75.4712600708, 43.3823623657, 68.7691650391, 45.2742576599, 3.20232248306, -5.03538751602, -41.3245658875, -47.1038208008], [1119.21728516, -134.624053955, -240.919189453, 346.042266846, -20.5675487518, 103.598724365, -42.4880027771, -48.9030303955, 22.6371879578, -14.6479825974, -0.308336883783, 35.721118927, 21.7610645294], [-635.271972656, 183.444549561, 142.315612793, -20.5675487518, 264.862091064, -30.1867656708, -0.659280240536, 26.8542785645, 5.12397670746, 21.8385543823, -12.3107786179, -11.7220869064, 9.12591934204], [717.115966797, -211.452880859, -75.4712600708, 103.598724365, -30.1867656708, 244.826171875, 50.4503517151, -18.7565498352, 33.4499130249, -10.6236581802, 11.8521270752, 23.0446071625, -6.87328052521], [-117.525588989, 84.5384979248, 43.3823623657, -42.4880027771, -0.659280240536, 50.4503517151, 171.940704346, 84.0351638794, 5.58072423935, 6.41794538498, 6.54000997543, -22.2005329132, -6.99474191666], [-202.374588013, 24.7721996307, 68.7691650391, -48.9030303955, 26.8542785645, -18.7565498352, 84.0351638794, 178.879577637, 39.5572395325, 13.0339727402, 0.429824650288, -53.2669906616, -13.3401174545], [30.1368560791, -67.0919036865, 45.2742576599, 22.6371879578, 5.12397670746, 33.4499130249, 5.58072423935, 39.5572395325, 121.170120239, 27.1854724884, -1.29855263233, -3.91835045815, -15.8441829681], [-57.4870986938, 23.2620124817, 3.20232248306, -14.6479825974, 21.8385543823, -10.6236581802, 6.41794538498, 13.0339727402, 27.1854724884, 90.9215621948, 29.3628768921, 1.46478796005, -1.64290094376], [62.8429870605, -15.6521701813, -5.03538751602, -0.308336883783, -12.3107786179, 11.8521270752, 6.54000997543, 0.429824650288, -1.29855263233, 29.3628768921, 94.7864532471, 32.5373916626, 4.41318082809], [178.425857544, -43.4884300232, -41.3245658875, 35.721118927, -11.7220869064, 23.0446071625, -22.2005329132, -53.2669906616, -3.91835045815, 1.46478796005, 32.5373916626, 106.538383484, 46.6249771118], [69.5175628662, 21.9623527527, -47.1038208008, 21.7610645294, 9.12591934204, -6.87328052521, -6.99474191666, -13.3401174545, -15.8441829681, -1.64290094376, 4.41318082809, 46.6249771118, 82.9001083374]]
        icov: [[0.000361118640285, 2.52400350291e-005, 0.000576648686547, -0.000544442329556, 0.000442612363258, -0.000642473285552, 0.000261774053797, -0.000256924948189, 6.38664278085e-005, -5.29664794158e-005, -3.54212061211e-005, -0.000111079622002, 0.000115324000944], [2.52400350291e-005, 0.00141508958768, 8.477645315e-005, -4.0561753849e-005, -0.000871877011377, 0.00137612316757, -0.00148046156392, 0.000844495079946, 0.000178874121048, -3.55232987204e-005, -0.000106487801531, 0.000497819914017, -0.000357021519449], [0.000576648686547, 8.477645315e-005, 0.00270438846201, 0.000301071850117, -0.000264142814558, -0.000764625088777, 0.000122178622405, -0.000287372677121, -0.000905044435058, 0.000704041507561, -0.000338296289556, -0.000303273933241, 0.000910884875339], [-0.000544442329556, -4.0561753849e-005, 0.000301071850117, 0.00532385567203, -0.00119534844998, -0.000638576690108, 0.000719195464626, 0.000668572029099, -0.00133385520894, 0.000971305358689, -1.99373280338e-005, -1.55615380208e-005, -0.000738088157959], [0.000442612363258, -0.000871877011377, -0.000264142814558, -0.00119534844998, 0.00565304234624, -0.00160677649546, 0.00170697073918, -0.00156344810966, 0.000649515655823, -0.00164605595637, 0.00099315319676, -0.000214320374653, -0.00068038853351], [-0.000642473285552, 0.00137612316757, -0.000764625088777, -0.000638576690108, -0.00160677649546, 0.00868172943592, -0.00509836571291, 0.00310022500344, -0.0020103265997, 0.00134484015871, -0.000768607365899, -0.000149694024003, 0.000640281999949], [0.000261774053797, -0.00148046156392, 0.000122178622405, 0.000719195464626, 0.00170697073918, -0.00509836571291, 0.0111461458728, -0.00589862419292, 0.00188397779129, -0.000913337105885, 0.000218432542169, -0.000602415006142, 0.000103138801933], [-0.000256924948189, 0.000844495079946, -0.000287372677121, 0.000668572029099, -0.00156344810966, 0.00310022500344, -0.00589862419292, 0.0110408123583, -0.00398778636009, 0.00103522348218, -0.0020421911031, 0.00534835038707, -0.00227991375141], [6.38664278085e-005, 0.000178874121048, -0.000905044435058, -0.00133385520894, 0.000649515655823, -0.0020103265997, 0.00188397779129, -0.00398778636009, 0.0119097167626, -0.00438251672313, 0.00235490663908, -0.00228874455206, 0.0023652787786], [-5.29664794158e-005, -3.55232987204e-005, 0.000704041507561, 0.000971305358689, -0.00164605595637, 0.00134484015871, -0.000913337105885, 0.00103522348218, -0.00438251672313, 0.0145513582975, -0.00524933356792, 0.00130336370785, -0.000421695935074], [-3.54212061211e-005, -0.000106487801531, -0.000338296289556, -1.99373280338e-005, 0.00099315319676, -0.000768607365899, 0.000218432542169, -0.0020421911031, 0.00235490663908, -0.00524933356792, 0.0143962316215, -0.00609482638538, 0.00239521847107], [-0.000111079622002, 0.000497819914017, -0.000303273933241, -1.55615380208e-005, -0.000214320374653, -0.000149694024003, -0.000602415006142, 0.00534835038707, -0.00228874455206, 0.00130336370785, -0.00609482638538, 0.0182382557541, -0.00973074603826], [0.000115324000944, -0.000357021519449, 0.000910884875339, -0.000738088157959, -0.00068038853351, 0.000640281999949, 0.000103138801933, -0.00227991375141, 0.0023652787786, -0.000421695935074, 0.00239521847107, -0.00973074603826, 0.0183307025582]]
    sccoeffs:
        dmean: [0.0497279241681, 0.0435026623309, 0.0371452942491, 0.0289531815797, 0.0231809932739, 0.0177211351693]
        dmean2: [0.0840859785676, 0.0717213377357, 0.0609305240214, 0.0473661646247, 0.0368647500873, 0.0280589628965]
        dvar: [0.00156270142179, 0.00113655871246, 0.000859412539285, 0.000520205998328, 0.000410764245316, 0.000242716021603]
        dvar2: [0.0044343653135, 0.0030827273149, 0.0022518960759, 0.00137754157186, 0.000892294512596, 0.000562051136512]
        max: [-0.325945734978, -0.475993365049, -0.447754174471, -0.569001913071, -0.484970659018, -0.567246079445]
        mean: [-0.670122385025, -0.726505875587, -0.757970094681, -0.784812092781, -0.778171241283, -0.755853295326]
        median: [-0.674661040306, -0.729557335377, -0.766404747963, -0.788099527359, -0.783896625042, -0.7592908144]
        min: [-0.965793132782, -0.969181895256, -0.954081237316, -0.971363782883, -0.960775315762, -0.960853755474]
        var: [0.00530663505197, 0.004917178303, 0.00486614974216, 0.00273315282539, 0.00280641508289, 0.00267162593082]
    scvalleys:
        dmean: [0.380378454924, 0.318639099598, 0.282050013542, 0.24869941175, 0.228655606508, 0.266810536385]
        dmean2: [0.638059318066, 0.528916180134, 0.462543725967, 0.396062225103, 0.344829797745, 0.375221401453]
        dvar: [0.107085883617, 0.0743884220719, 0.0621208958328, 0.0556462109089, 0.0647426471114, 0.109381318092]
        dvar2: [0.267508774996, 0.179275169969, 0.137554734945, 0.113431125879, 0.118093796074, 0.202530384064]
        max: [-5.05988264084, -4.77761745453, -5.38465929031, -5.71420049667, -5.51073360443, -7.9061756134]
        mean: [-7.01094961166, -6.75318622589, -7.44880104065, -7.87788200378, -8.03733158112, -11.0082607269]
        median: [-6.78644227982, -6.62537336349, -7.31171321869, -7.81440734863, -8.09280776978, -11.0469779968]
        min: [-27.4409999847, -27.3697910309, -27.6849956512, -26.9242687225, -27.4734039307, -27.3617858887]
        var: [1.11234486103, 0.953461050987, 1.13434743881, 1.47429597378, 1.86229538918, 1.75640976429]

rhythm:
    beats_loudness:
        dmean: 0.00155713432468
        dmean2: 0.00285202404484
        dvar: 2.55629902313e-006
        dvar2: 8.58848306962e-006
        max: 0.0158593375236
        mean: 0.00417421897873
        median: 0.00300459936261
        min: 1.80513115566e-008
        var: 1.20665017675e-005
    bpm: 133.560806274
    bpm_confidence: 0
    first_peak_bpm: 133
    first_peak_spread: 0.452682942152
    first_peak_weight: 0.499554753304
    onset_rate: 2.55914855003
    second_peak_bpm: 126
    second_peak_spread: 0.458333343267
    second_peak_weight: 0.0231522712857
    beats_loudness_band_ratio:
        dmean: [0.129457145929, 0.128722682595, 0.112885020673, 0.0787914991379, 0.068811647594, 0.0677646771073]
        dmean2: [0.220466673374, 0.220601484179, 0.196033999324, 0.133759066463, 0.119526788592, 0.120471335948]
        dvar: [0.013434600085, 0.0136660207063, 0.012448922731, 0.00925765186548, 0.00549309654161, 0.00780684500933]
        dvar2: [0.0382576361299, 0.0385050922632, 0.0345244370401, 0.02572568506, 0.0142615381628, 0.0213541630656]
        max: [0.849644184113, 0.868717074394, 0.935420036316, 0.906828343868, 0.579386711121, 0.837296426296]
        mean: [0.216376841068, 0.24405798316, 0.209199279547, 0.125639513135, 0.145775824785, 0.132423505187]
        median: [0.181611210108, 0.19824129343, 0.155125543475, 0.0869538038969, 0.131395250559, 0.100787855685]
        min: [0.000847099698149, 0.000953440030571, 0.00057558802655, 0.00253131613135, 0.00056753854733, 0.000211783655686]
        var: [0.0252131801099, 0.0297136306763, 0.02717448771, 0.0143105685711, 0.012872078456, 0.0158119015396]
