
metadata:
    version:
        essentia: "2.1-beta2"
    audio_properties:
        analysis_sample_rate: 44100
        bitrate: 128
        channels: 2
        equal_loudness: 1
        length: 268.146942139
        replay_gain: -13.351776123
        downmix: "mix"
    tags:
        album: "Once"
        artist: "Nightwish"
        comment: ""
        date: "2012"
        genre: "Blues"
        title: "Dead Gardens"
        tracknumber: "1"

configuration:
    average_loudness:
        compute: 1
        frameSize: 88200
        hopSize: 44100
        silentFrames: "noise"
        windowType: "hann"
    general:
        analysisSampleRate: 44100
        endTime: 2000
        equalLoudness: 1
        nequalLoudness: 0
        shortSound: 0
        startTime: 0
    lowlevel:
        compute: 1
        frameSize: 2048
        hopSize: 1024
        zeroPadding: 0
        silentFrames: "noise"
        windowType: "blackmanharris62"
        mfccStats: ["mean", "cov", "icov"]
        stats: ["mean", "var", "median", "min", "max", "dmean", "dmean2", "dvar", "dvar2"]
    panning:
        compute: 0
        frameSize: 8192
        hopSize: 2048
        zeroPadding: 8192
        silentFrames: "noise"
        windowType: "hann"
        stats: ["copy"]
    rhythm:
        compute: 1
        maxTempo: 208
        minTempo: 40
        method: "degara"
        stats: ["mean", "var", "median", "min", "max", "dmean", "dmean2", "dvar", "dvar2"]
    segmentation:
        compute: 0
        cpw: 5
        inc1: 300
        inc2: 50
        minimumSegmentsLength: 10
        size1: 1000
        size2: 600
    sfx:
        compute: 1
        stats: ["mean", "var", "median", "min", "max", "dmean", "dmean2", "dvar", "dvar2"]
    svm:
        compute: 0
    tonal:
        compute: 1
        frameSize: 4096
        hopSize: 2048
        zeroPadding: 0
        silentFrames: "noise"
        windowType: "blackmanharris62"
        stats: ["mean", "var", "median", "min", "max", "dmean", "dmean2", "dvar", "dvar2"]

lowlevel:
    average_loudness: 0.932828247547
    barkbands_kurtosis:
        dmean: 0.775755822659
        dmean2: 1.24102807045
        dvar: 2.0986354351
        dvar2: 4.82947731018
        max: 69.1033401489
        mean: -0.515489339828
        median: -1.11229610443
        min: -1.93120443821
        var: 3.83418703079
    barkbands_skewness:
        dmean: 0.408872246742
        dmean2: 0.62505120039
        dvar: 0.156585350633
        dvar2: 0.344842672348
        max: 5.98936128616
        mean: -0.310958057642
        median: -0.438708484173
        min: -3.62685656548
        var: 0.82370018959
    barkbands_spread:
        dmean: 6.5969877243
        dmean2: 10.4181108475
        dvar: 36.4520645142
        dvar2: 88.8715591431
        max: 74.5779571533
        mean: 39.8687057495
        median: 40.6746864319
        min: 1.47688496113
        var: 135.10055542
    dissonance:
        dmean: 0.0110138440505
        dmean2: 0.0186310242862
        dvar: 0.000185739860171
        dvar2: 0.00051985058235
        max: 0.500000119209
        mean: 0.479951679707
        median: 0.487174481153
        min: 0.288773179054
        var: 0.00048985495232
    hfc:
        dmean: 3.80537843704
        dmean2: 6.12287521362
        dvar: 31.9907360077
        dvar2: 84.1461029053
        max: 64.1370925903
        mean: 11.5973539352
        median: 10.7199859619
        min: 1.09975469001e-016
        var: 68.0991516113
    pitch:
        dmean: 639.151306152
        dmean2: 1210.20849609
        dvar: 1496590.75
        dvar2: 3585090.75
        max: 5231.07910156
        mean: 2875.05249023
        median: 3864.76318359
        min: 79.6408691406
        var: 2828058.25
    pitch_instantaneous_confidence:
        dmean: 0.0753554105759
        dmean2: 0.122799091041
        dvar: 0.003921341151
        dvar2: 0.00971570331603
        max: 0.970179438591
        mean: 0.420313298702
        median: 0.409500449896
        min: 0.103448629379
        var: 0.0163500774652
    pitch_salience:
        dmean: 0.0544260665774
        dmean2: 0.0883907750249
        dvar: 0.00253000762314
        dvar2: 0.0061810570769
        max: 0.923952937126
        mean: 0.667088091373
        median: 0.690724611282
        min: 0.239702627063
        var: 0.00913969706744
    silence_rate_20dB:
        dmean: 0
        dmean2: 0
        dvar: 0
        dvar2: 0
        max: 1
        mean: 1
        median: 1
        min: 1
        var: 0
    silence_rate_30dB:
        dmean: 0
        dmean2: 0
        dvar: 0
        dvar2: 0
        max: 1
        mean: 1
        median: 1
        min: 1
        var: 0
    silence_rate_60dB:
        dmean: 0.0741189718246
        dmean2: 0.148250773549
        dvar: 0.0686248168349
        dvar2: 0.142892792821
        max: 1
        mean: 0.265714287758
        median: 0
        min: 0
        var: 0.195090591908
    spectral_centroid:
        dmean: 329.300170898
        dmean2: 516.238769531
        dvar: 115794.59375
        dvar2: 269361.65625
        max: 11708.5849609
        mean: 2277.30932617
        median: 2345.53466797
        min: 153.597335815
        var: 1180210.625
    spectral_complexity:
        dmean: 4.26166772842
        dmean2: 6.40284013748
        dvar: 20.0855255127
        dvar2: 40.7597198486
        max: 52
        mean: 17.9505634308
        median: 19
        min: 0
        var: 106.177078247
    spectral_crest:
        dmean: 1.59301233292
        dmean2: 2.62101078033
        dvar: 2.18594646454
        dvar2: 5.35696077347
        max: 22.7940139771
        mean: 6.56210613251
        median: 6.01465559006
        min: 2.57474327087
        var: 5.49784851074
    spectral_decrease:
        dmean: 2.59316706996e-010
        dmean2: 4.0524569811e-010
        dvar: 1.15251462488e-019
        dvar2: 2.61866227533e-019
        max: 2.06666342321e-028
        mean: -9.97859239682e-010
        median: -9.50284850809e-010
        min: -3.92055676812e-009
        var: 3.16680694993e-019
    spectral_energy:
        dmean: 0.00127854850143
        dmean2: 0.00200473587029
        dvar: 3.03140336655e-006
        dvar2: 7.16322665539e-006
        max: 0.0198297910392
        mean: 0.0048180562444
        median: 0.00457186531276
        min: 1.00405993873e-020
        var: 7.88088891568e-006
    spectral_energyband_high:
        dmean: 0.000518647371791
        dmean2: 0.000869364012033
        dvar: 6.70033386996e-007
        dvar2: 1.82504754775e-006
        max: 0.00879469607025
        mean: 0.00114995252807
        median: 0.000966449675616
        min: 7.14932849664e-021
        var: 1.05074968815e-006
    spectral_energyband_low:
        dmean: 0.000307178939693
        dmean2: 0.000493233790621
        dvar: 1.54551329956e-007
        dvar2: 3.76701194682e-007
        max: 0.00581571646035
        mean: 0.000559410895221
        median: 0.000420506898081
        min: 1.57562754251e-023
        var: 2.99766355738e-007
    spectral_energyband_middle_high:
        dmean: 0.000604087603278
        dmean2: 0.000940322235692
        dvar: 4.84415693336e-007
        dvar2: 1.18176751585e-006
        max: 0.00973050389439
        mean: 0.00216116802767
        median: 0.00205210293643
        min: 1.15245252575e-021
        var: 2.01767284125e-006
    spectral_energyband_middle_low:
        dmean: 0.000465385644929
        dmean2: 0.000737211143132
        dvar: 4.47405142268e-007
        dvar2: 1.02509534372e-006
        max: 0.00818042270839
        mean: 0.00114785181358
        median: 0.000927561544813
        min: 1.75930080386e-022
        var: 8.21528260531e-007
    spectral_flatness_db:
        dmean: 0.012930219993
        dmean2: 0.0198783371598
        dvar: 0.000147021579323
        dvar2: 0.000308199902065
        max: 0.342339426279
        mean: 0.139497369528
        median: 0.134576737881
        min: 0.0586108826101
        var: 0.000796508858912
    spectral_flux:
        dmean: 0.00719148293138
        dmean2: 0.0107516115531
        dvar: 7.61834162404e-005
        dvar2: 0.000142121018143
        max: 0.110226429999
        mean: 0.0414912737906
        median: 0.0418763384223
        min: 6.38702910005e-011
        var: 0.000286291440716
    spectral_kurtosis:
        dmean: 0.760581374168
        dmean2: 1.28820455074
        dvar: 0.804016709328
        dvar2: 2.21730875969
        max: 27.8655643463
        mean: 2.26486086845
        median: 2.01907420158
        min: -1.37815642357
        var: 2.2240793705
    spectral_rms:
        dmean: 0.000268533243798
        dmean2: 0.000410253560403
        dvar: 1.02695892679e-007
        dvar2: 2.31139637208e-007
        max: 0.00439842464402
        mean: 0.0020530896727
        median: 0.00211195554584
        min: 3.12980934572e-012
        var: 4.8539089903e-007
    spectral_rolloff:
        dmean: 361.382598877
        dmean2: 585.29888916
        dvar: 289827.5
        dvar2: 602256
        max: 19444.4824219
        mean: 4071.41333008
        median: 4220.5078125
        min: 150.732421875
        var: 2807345.25
    spectral_skewness:
        dmean: 0.14620308578
        dmean2: 0.23042447865
        dvar: 0.0237989127636
        dvar2: 0.0549281053245
        max: 4.17315816879
        mean: 0.924241244793
        median: 0.868768811226
        min: -0.198944911361
        var: 0.152438625693
    spectral_spread:
        dmean: 386294.96875
        dmean2: 559363
        dvar: 369833410560
        dvar2: 711220002816
        max: 42962040
        mean: 4969842.5
        median: 4587129.5
        min: 2350650.25
        var: 1.16991952159e+013
    spectral_strongpeak:
        dmean: 0.534358203411
        dmean2: 0.951395690441
        dvar: 0.767447650433
        dvar2: 2.05796098709
        max: 8.01689624786
        mean: 0.66050106287
        median: 0.198294788599
        min: 1.19036613899e-010
        var: 0.981055378914
    zerocrossingrate:
        dmean: 0.0091196000576
        dmean2: 0.0106150433421
        dvar: 8.71539159562e-005
        dvar2: 0.000100745186501
        max: 0.5263671875
        mean: 0.125573128462
        median: 0.13037109375
        min: 0.01708984375
        var: 0.00215638591908
    barkbands:
        dmean: [5.94967616507e-007, 0.00011065977742, 0.000185151176993, 0.000218584362301, 0.000227964294027, 8.63997192937e-005, 9.70209002844e-005, 5.82334505452e-005, 6.7441171268e-005, 9.87386520137e-005, 5.48522220924e-005, 3.8339272578e-005, 3.48746980308e-005, 3.18899074045e-005, 3.84677405236e-005, 5.31020195922e-005, 8.42362642288e-005, 0.000174249071279, 0.000263042980805, 0.000359553465387, 0.000277861370705, 8.32504665595e-005, 8.07092419564e-006, 3.60858484783e-006, 1.30902640194e-006, 3.74344999443e-008, 3.57021995301e-010]
        dmean2: [9.51140577854e-007, 0.000181051713298, 0.000305124616716, 0.000366201391444, 0.000374475115677, 0.000142626726301, 0.000166745798197, 9.42277692957e-005, 0.000110008018964, 0.000154009612743, 8.97682475625e-005, 6.29929054412e-005, 5.7682460465e-005, 5.2106588555e-005, 6.35096002952e-005, 8.63738023327e-005, 0.000136217975523, 0.000285702262772, 0.000421718868893, 0.00059839815367, 0.0004744475591, 0.000142338059959, 1.30574608193e-005, 5.73155830352e-006, 2.06273375625e-006, 5.77770968846e-008, 6.12321915394e-010]
        dvar: [1.07298577575e-012, 2.52671128464e-008, 7.0213957315e-008, 1.10904558426e-007, 1.65000713537e-007, 1.31933681757e-008, 3.752899147e-008, 9.99147520275e-009, 1.29893287237e-008, 5.47886820357e-008, 1.59026498636e-008, 4.44316761161e-009, 2.50807308255e-009, 2.57614352073e-009, 3.43122708024e-009, 5.6463984599e-009, 1.56249857497e-008, 5.4722356424e-008, 9.18507936376e-008, 2.23915364472e-007, 2.11240276826e-007, 2.07692565368e-008, 2.20870821632e-010, 6.82471926194e-011, 6.63801045381e-012, 6.55341132719e-015, 4.88868033018e-019]
        dvar2: [2.56953139322e-012, 6.20890716618e-008, 1.7768074656e-007, 2.92662463153e-007, 4.17815186893e-007, 3.47858630789e-008, 1.04885565122e-007, 2.44539268834e-008, 3.14582742078e-008, 1.27609482092e-007, 3.99016322206e-008, 1.10939195608e-008, 6.56966125945e-009, 6.25190743619e-009, 8.69224336952e-009, 1.3618194572e-008, 3.85377063594e-008, 1.3827197165e-007, 2.35174468344e-007, 5.99589611738e-007, 5.86632324939e-007, 5.64967557182e-008, 5.06604314054e-010, 1.48835027636e-010, 1.51504885026e-011, 1.54450528701e-014, 1.29300499637e-018]
        max: [1.4913760424e-005, 0.00165869342163, 0.00425795372576, 0.0046769878827, 0.00505049573258, 0.00198345840909, 0.0029610497877, 0.00204950314946, 0.00235832622275, 0.00473887845874, 0.00357367331162, 0.00177658256143, 0.00109252159018, 0.00149982445873, 0.00168178009335, 0.00195390055887, 0.00340929278173, 0.00560936518013, 0.0051265344955, 0.00735717546195, 0.00485340505838, 0.00160189904273, 0.000349786540028, 0.000195589615032, 5.17330045113e-005, 1.54995427692e-006, 1.24562697934e-008]
        mean: [7.48885781832e-007, 0.000149306113599, 0.000263866997557, 0.000286314461846, 0.000334033771651, 0.000154402689077, 0.000131991226226, 8.80585721461e-005, 0.000113984468044, 0.00019830914971, 9.52662230702e-005, 6.90256638336e-005, 6.06296853221e-005, 5.60866756132e-005, 6.99977827026e-005, 0.000100067918538, 0.000168827740708, 0.000360687525244, 0.000635479635093, 0.000791869941168, 0.0005259483587, 0.000137381372042, 1.57271279022e-005, 7.2499046837e-006, 2.73802879747e-006, 7.05983254079e-008, 4.35756597472e-010]
        median: [2.30410364566e-007, 9.12688847166e-005, 0.000162785829161, 0.00015151896514, 0.000209524776437, 0.000105744984467, 7.12821856723e-005, 4.45013502031e-005, 5.63336288906e-005, 4.62688003608e-005, 3.76956013497e-005, 4.05880491599e-005, 4.25370344601e-005, 3.91452886106e-005, 5.10741956532e-005, 7.53454514779e-005, 0.000127818915644, 0.000300851417705, 0.000572044111323, 0.000686408078764, 0.000425352074672, 8.39534113766e-005, 8.69442192197e-006, 3.69289750779e-006, 1.52095276462e-006, 3.29086518036e-008, 1.85210763393e-010]
        min: [2.4189206785e-025, 2.81187497514e-024, 2.2175686656e-024, 1.38371675498e-024, 3.40047407324e-024, 5.52278837618e-024, 5.68344147725e-024, 8.60334306475e-024, 1.22522191819e-023, 1.37709286746e-023, 1.44703627298e-023, 2.02645508119e-023, 3.4075380071e-023, 4.68218292874e-023, 5.60702767681e-023, 3.13274051958e-023, 4.48876117676e-023, 9.84860970188e-023, 1.19713378413e-022, 1.69818263772e-022, 2.78535400793e-022, 2.87559313216e-022, 3.86544519374e-022, 5.78040365277e-022, 8.86740443934e-022, 1.3160379932e-021, 1.90841109022e-021]
        var: [1.73047437924e-012, 3.11649017704e-008, 1.1606065442e-007, 1.48449416315e-007, 1.95066846231e-007, 2.67170889856e-008, 3.7919512863e-008, 1.75797119084e-008, 3.11362633454e-008, 1.92560491996e-007, 4.09384597333e-008, 1.03447703736e-008, 4.46886838645e-009, 6.02221250645e-009, 6.56830989598e-009, 1.16566294395e-008, 3.74307376205e-008, 1.21469383885e-007, 2.5338897558e-007, 4.45938866278e-007, 2.68096613354e-007, 2.67452584524e-008, 4.92901164328e-010, 1.88936144507e-010, 1.5859553254e-011, 1.1118394176e-014, 5.61862534474e-019]
    frequency_bands:
        dmean: [5.94967616507e-007, 0.00011065977742, 0.000185151176993, 0.000218584362301, 0.000227964294027, 8.63997192937e-005, 9.70209002844e-005, 5.82334505452e-005, 6.7441171268e-005, 9.87386520137e-005, 5.48522220924e-005, 3.8339272578e-005, 3.48746980308e-005, 3.18899074045e-005, 3.84677405236e-005, 5.31020195922e-005, 8.42362642288e-005, 0.000174249071279, 0.000263042980805, 0.000359553465387, 0.000277861370705, 8.32504665595e-005, 8.07092419564e-006, 3.60858484783e-006, 1.30902640194e-006, 3.74344999443e-008, 3.57021995301e-010, 5.49470573208e-011]
        dmean2: [9.51140577854e-007, 0.000181051713298, 0.000305124616716, 0.000366201391444, 0.000374475115677, 0.000142626726301, 0.000166745798197, 9.42277692957e-005, 0.000110008018964, 0.000154009612743, 8.97682475625e-005, 6.29929054412e-005, 5.7682460465e-005, 5.2106588555e-005, 6.35096002952e-005, 8.63738023327e-005, 0.000136217975523, 0.000285702262772, 0.000421718868893, 0.00059839815367, 0.0004744475591, 0.000142338059959, 1.30574608193e-005, 5.73155830352e-006, 2.06273375625e-006, 5.77770968846e-008, 6.12321915394e-010, 1.02073620389e-010]
        dvar: [1.07298577575e-012, 2.52671128464e-008, 7.0213957315e-008, 1.10904558426e-007, 1.65000713537e-007, 1.31933681757e-008, 3.752899147e-008, 9.99147520275e-009, 1.29893287237e-008, 5.47886820357e-008, 1.59026498636e-008, 4.44316761161e-009, 2.50807308255e-009, 2.57614352073e-009, 3.43122708024e-009, 5.6463984599e-009, 1.56249857497e-008, 5.4722356424e-008, 9.18507936376e-008, 2.23915364472e-007, 2.11240276826e-007, 2.07692565368e-008, 2.20870821632e-010, 6.82471926194e-011, 6.63801045381e-012, 6.55341132719e-015, 4.88868033018e-019, 6.81336311318e-021]
        dvar2: [2.56953139322e-012, 6.20890716618e-008, 1.7768074656e-007, 2.92662463153e-007, 4.17815186893e-007, 3.47858630789e-008, 1.04885565122e-007, 2.44539268834e-008, 3.14582742078e-008, 1.27609482092e-007, 3.99016322206e-008, 1.10939195608e-008, 6.56966125945e-009, 6.25190743619e-009, 8.69224336952e-009, 1.3618194572e-008, 3.85377063594e-008, 1.3827197165e-007, 2.35174468344e-007, 5.99589611738e-007, 5.86632324939e-007, 5.64967557182e-008, 5.06604314054e-010, 1.48835027636e-010, 1.51504885026e-011, 1.54450528701e-014, 1.29300499637e-018, 2.16133036746e-020]
        max: [1.4913760424e-005, 0.00165869342163, 0.00425795372576, 0.0046769878827, 0.00505049573258, 0.00198345840909, 0.0029610497877, 0.00204950314946, 0.00235832622275, 0.00473887845874, 0.00357367331162, 0.00177658256143, 0.00109252159018, 0.00149982445873, 0.00168178009335, 0.00195390055887, 0.00340929278173, 0.00560936518013, 0.0051265344955, 0.00735717546195, 0.00485340505838, 0.00160189904273, 0.000349786540028, 0.000195589615032, 5.17330045113e-005, 1.54995427692e-006, 1.24562697934e-008, 1.08763453799e-009]
        mean: [7.48885781832e-007, 0.000149306113599, 0.000263866997557, 0.000286314461846, 0.000334033771651, 0.000154402689077, 0.000131991226226, 8.80585721461e-005, 0.000113984468044, 0.00019830914971, 9.52662230702e-005, 6.90256638336e-005, 6.06296853221e-005, 5.60866756132e-005, 6.99977827026e-005, 0.000100067918538, 0.000168827740708, 0.000360687525244, 0.000635479635093, 0.000791869941168, 0.0005259483587, 0.000137381372042, 1.57271279022e-005, 7.2499046837e-006, 2.73802879747e-006, 7.05983254079e-008, 4.35756597472e-010, 4.26804563913e-011]
        median: [2.30410364566e-007, 9.12688847166e-005, 0.000162785829161, 0.00015151896514, 0.000209524776437, 0.000105744984467, 7.12821856723e-005, 4.45013502031e-005, 5.63336288906e-005, 4.62688003608e-005, 3.76956013497e-005, 4.05880491599e-005, 4.25370344601e-005, 3.91452886106e-005, 5.10741956532e-005, 7.53454514779e-005, 0.000127818915644, 0.000300851417705, 0.000572044111323, 0.000686408078764, 0.000425352074672, 8.39534113766e-005, 8.69442192197e-006, 3.69289750779e-006, 1.52095276462e-006, 3.29086518036e-008, 1.85210763393e-010, 1.48449655346e-011]
        min: [2.4189206785e-025, 2.81187497514e-024, 2.2175686656e-024, 1.38371675498e-024, 3.40047407324e-024, 5.52278837618e-024, 5.68344147725e-024, 8.60334306475e-024, 1.22522191819e-023, 1.37709286746e-023, 1.44703627298e-023, 2.02645508119e-023, 3.4075380071e-023, 4.68218292874e-023, 5.60702767681e-023, 3.13274051958e-023, 4.48876117676e-023, 9.84860970188e-023, 1.19713378413e-022, 1.69818263772e-022, 2.78535400793e-022, 2.87559313216e-022, 3.86544519374e-022, 5.78040365277e-022, 8.86740443934e-022, 1.3160379932e-021, 1.90841109022e-021, 5.30232314708e-022]
        var: [1.73047437924e-012, 3.11649017704e-008, 1.1606065442e-007, 1.48449416315e-007, 1.95066846231e-007, 2.67170889856e-008, 3.7919512863e-008, 1.75797119084e-008, 3.11362633454e-008, 1.92560491996e-007, 4.09384597333e-008, 1.03447703736e-008, 4.46886838645e-009, 6.02221250645e-009, 6.56830989598e-009, 1.16566294395e-008, 3.74307376205e-008, 1.21469383885e-007, 2.5338897558e-007, 4.45938866278e-007, 2.68096613354e-007, 2.67452584524e-008, 4.92901164328e-010, 1.88936144507e-010, 1.5859553254e-011, 1.1118394176e-014, 5.61862534474e-019, 5.39023158493e-021]
    mfcc:
        mean: [-701.637207031, 88.7412872314, -37.7198524475, 66.7240066528, -22.9642963409, 0.664638698101, 9.28013801575, -3.61340236664, 0.564769029617, -5.45821285248, -3.37096095085, -2.64694619179, -5.12090349197]
        cov: [[5319.76464844, -694.353820801, -348.756896973, 499.959594727, -80.7241516113, 272.551574707, -21.171453476, -57.112071991, 136.002838135, 60.1505661011, 17.9432182312, -49.3358840942, -124.089706421], [-694.353820801, 830.280700684, -98.6574401855, 63.5339317322, -50.7171936035, -96.8681182861, 59.4613113403, -5.81983089447, -18.0993614197, -39.506816864, 2.40510940552, 3.03507971764, 14.8890295029], [-348.756896973, -98.6574401855, 344.094512939, -132.087463379, 64.7265548706, 4.36764669418, -20.1024875641, 41.9555091858, -22.6264839172, 2.81031060219, -3.08027482033, 8.36879730225, 10.5783910751], [499.959594727, 63.5339317322, -132.087463379, 367.127838135, 36.6628074646, 90.5143814087, 22.1790218353, -53.5361557007, 55.1095657349, -14.4832334518, 39.6188430786, 20.6902675629, -17.4669132233], [-80.7241516113, -50.7171936035, 64.7265548706, 36.6628074646, 146.641708374, 46.8626441956, -4.5596985817, 2.54451036453, 5.99517536163, 10.7451295853, 4.41382074356, 19.911157608, -8.90358448029], [272.551574707, -96.8681182861, 4.36764669418, 90.5143814087, 46.8626441956, 153.511535645, 42.898639679, -5.99894523621, 31.714225769, 1.38346219063, 25.8597316742, -0.469457238913, -9.35810756683], [-21.171453476, 59.4613113403, -20.1024875641, 22.1790218353, -4.5596985817, 42.898639679, 98.6017074585, 27.608581543, 11.6676778793, -4.54307365417, 7.24191331863, -6.52720594406, 2.55451083183], [-57.112071991, -5.81983089447, 41.9555091858, -53.5361557007, 2.54451036453, -5.99894523621, 27.608581543, 81.95652771, 5.53987503052, 9.35656452179, -9.9107427597, -2.25641083717, 7.23421859741], [136.002838135, -18.0993614197, -22.6264839172, 55.1095657349, 5.99517536163, 31.714225769, 11.6676778793, 5.53987503052, 79.6745376587, 21.7727947235, 20.6684856415, 3.5567176342, -9.327085495], [60.1505661011, -39.506816864, 2.81031060219, -14.4832334518, 10.7451295853, 1.38346219063, -4.54307365417, 9.35656452179, 21.7727947235, 62.5017471313, 12.2920598984, 2.1728579998, -1.55614042282], [17.9432182312, 2.40510940552, -3.08027482033, 39.6188430786, 4.41382074356, 25.8597316742, 7.24191331863, -9.9107427597, 20.6684856415, 12.2920598984, 59.0804328918, 19.8718032837, 1.63503944874], [-49.3358840942, 3.03507971764, 8.36879730225, 20.6902675629, 19.911157608, -0.469457238913, -6.52720594406, -2.25641083717, 3.5567176342, 2.1728579998, 19.8718032837, 54.6809577942, 17.5757236481], [-124.089706421, 14.8890295029, 10.5783910751, -17.4669132233, -8.90358448029, -9.35810756683, 2.55451083183, 7.23421859741, -9.327085495, -1.55614042282, 1.63503944874, 17.5757236481, 50.1947669983]]
        icov: [[0.000313401542371, 0.000254361802945, 0.000175324021257, -0.000434951129137, 0.000480721471831, -0.000397096009692, 0.000250447832514, -0.000242895606789, 5.16596155649e-005, -0.000332728290232, 0.000307560781948, -2.89293420792e-005, 0.000543919508345], [0.000254361802945, 0.00184578693006, 0.000292432843708, -0.000845498987474, 0.000261425069766, 0.00155667518266, -0.00146338017657, 9.3540555099e-005, 0.000166148005519, 0.000512020254973, -0.000309294468025, 0.000194932363229, 0.000111620043754], [0.000175324021257, 0.000292432843708, 0.00438822805882, 0.00140029622708, -0.00179803336505, -0.000923903426155, 0.00137050589547, -0.00190620031208, 0.000487700744998, 0.000895670149475, -0.00110380037222, 8.74760517036e-005, -0.000253329024417], [-0.000434951129137, -0.000845498987474, 0.00140029622708, 0.00559185957536, -0.00190292263869, -0.00167222530581, -0.000132849279908, 0.00224887160584, -0.00245469924994, 0.00231459084898, -0.00141649972647, -0.00133401085623, -1.14939539344e-005], [0.000480721471831, 0.000261425069766, -0.00179803336505, -0.00190292263869, 0.0106380144134, -0.00375520950183, 0.00145613681525, -0.00087798765162, 0.00120874063578, -0.00296340323985, 0.00321443681605, -0.00468337163329, 0.00373484031297], [-0.000397096009692, 0.00155667518266, -0.000923903426155, -0.00167222530581, -0.00375520950183, 0.0132662346587, -0.00653447769582, 0.00214539514855, -0.00206134305336, 0.00192315992899, -0.00388450664468, 0.00298822927289, -0.00124328769743], [0.000250447832514, -0.00146338017657, 0.00137050589547, -0.000132849279908, 0.00145613681525, -0.00653447769582, 0.0164883062243, -0.00695041986182, 0.000160517913173, 0.000964817998465, -0.00113869854249, 0.00180531782098, -0.000614516320638], [-0.000242895606789, 9.3540555099e-005, -0.00190620031208, 0.00224887160584, -0.00087798765162, 0.00214539514855, -0.00695041986182, 0.0179683342576, -0.00324675370939, -0.00172509264667, 0.00328325037844, -0.000833996804431, -0.00190732849296], [5.16596155649e-005, 0.000166148005519, 0.000487700744998, -0.00245469924994, 0.00120874063578, -0.00206134305336, 0.000160517913173, -0.00324675370939, 0.0180102121085, -0.00577044021338, -0.00315257161856, -0.000382614438422, 0.00281570293009], [-0.000332728290232, 0.000512020254973, 0.000895670149475, 0.00231459084898, -0.00296340323985, 0.00192315992899, 0.000964817998465, -0.00172509264667, -0.00577044021338, 0.0209022015333, -0.00530317286029, 0.00164004659746, -0.001151097822], [0.000307560781948, -0.000309294468025, -0.00110380037222, -0.00141649972647, 0.00321443681605, -0.00388450664468, -0.00113869854249, 0.00328325037844, -0.00315257161856, -0.00530317286029, 0.0252543184906, -0.00954231340438, 0.00179091759492], [-2.89293420792e-005, 0.000194932363229, 8.74760517036e-005, -0.00133401085623, -0.00468337163329, 0.00298822927289, 0.00180531782098, -0.000833996804431, -0.000382614438422, 0.00164004659746, -0.00954231340438, 0.0273413155228, -0.0101402895525], [0.000543919508345, 0.000111620043754, -0.000253329024417, -1.14939539344e-005, 0.00373484031297, -0.00124328769743, -0.000614516320638, -0.00190732849296, 0.00281570293009, -0.001151097822, 0.00179091759492, -0.0101402895525, 0.0260000042617]]
    sccoeffs:
        dmean: [0.0538386255503, 0.0439775809646, 0.0361556075513, 0.0259744916111, 0.0201258175075, 0.0208418406546]
        dmean2: [0.0897755473852, 0.0741662532091, 0.0602960586548, 0.0435542985797, 0.033446688205, 0.032106962055]
        dvar: [0.00190043961629, 0.00122267904226, 0.000783728377428, 0.000396682531573, 0.000253530248301, 0.000365377985872]
        dvar2: [0.0052767554298, 0.0033780138474, 0.0021409378387, 0.00110145297367, 0.000674154027365, 0.000784042698797]
        max: [-0.403668195009, -0.514641165733, -0.547330915928, -0.604539632797, -0.580990970135, -0.538093566895]
        mean: [-0.679546535015, -0.768258988857, -0.788360834122, -0.816484034061, -0.795104920864, -0.704881727695]
        median: [-0.681025505066, -0.772626876831, -0.803617477417, -0.821132063866, -0.796238958836, -0.701136529446]
        min: [-0.985707700253, -0.979025900364, -0.975196003914, -0.978166341782, -0.968663394451, -0.96396201849]
        var: [0.00490706320852, 0.00371719617397, 0.00467218831182, 0.00149460067041, 0.00115785340313, 0.00283942674287]
    scvalleys:
        dmean: [0.396841466427, 0.355281442404, 0.282420188189, 0.260398507118, 0.228131979704, 0.269301354885]
        dmean2: [0.649465382099, 0.585255146027, 0.461235761642, 0.405544936657, 0.329169005156, 0.390383213758]
        dvar: [0.127321094275, 0.104329802096, 0.0641750618815, 0.0673476010561, 0.0748273357749, 0.160543143749]
        dvar2: [0.285754561424, 0.249169126153, 0.134711027145, 0.118830852211, 0.118213608861, 0.303081601858]
        max: [-4.9887547493, -4.79774856567, -5.35311603546, -5.87424182892, -5.35646533966, -7.61011219025]
        mean: [-6.79277944565, -6.82941198349, -7.13332843781, -7.43714237213, -6.90306138992, -9.68201637268]
        median: [-6.50141906738, -6.59737968445, -6.88207435608, -7.06996822357, -6.44107246399, -9.26766014099]
        min: [-28.1040382385, -28.0968170166, -27.9649677277, -27.6350460052, -27.5272808075, -27.3595485687]
        var: [4.02618551254, 3.85526251793, 3.71315670013, 3.87574577332, 4.22439479828, 3.57152962685]

rhythm:
    beats_loudness:
        dmean: 0.00385683099739
        dmean2: 0.00755040161312
        dvar: 5.61232991458e-006
        dvar2: 1.87619662029e-005
        max: 0.0164338238537
        mean: 0.00678643491119
        median: 0.00644055008888
        min: 0
        var: 1.12764791993e-005
    bpm: 156.260421753
    bpm_confidence: 0
    first_peak_bpm: 157
    first_peak_spread: 0.274603158236
    first_peak_weight: 0.651925802231
    onset_rate: 3.47197699547
    second_peak_bpm: 152
    second_peak_spread: 0.244897902012
    second_peak_weight: 0.0527817420661
    beats_loudness_band_ratio:
        dmean: [0.136961251497, 0.107070356607, 0.0483681634068, 0.0447297617793, 0.0586797893047, 0.0960119366646]
        dmean2: [0.252457261086, 0.204782947898, 0.0838478058577, 0.0759259015322, 0.106553800404, 0.168386802077]
        dvar: [0.0105320829898, 0.00577338971198, 0.00384105602279, 0.00413592811674, 0.00303088710643, 0.00665367767215]
        dvar2: [0.034516684711, 0.016892451793, 0.0106829954311, 0.0114545496181, 0.00923491455615, 0.0196098294109]
        max: [0.691825926304, 0.714330554008, 0.679798781872, 0.644253373146, 0.518891274929, 0.887085497379]
        mean: [0.258968502283, 0.133994117379, 0.0818259045482, 0.0775355398655, 0.157446593046, 0.350611656904]
        median: [0.252831637859, 0.111759118736, 0.0562402009964, 0.0472935661674, 0.153282612562, 0.35661354661]
        min: [0, 0, 0, 0, 0, 0]
        var: [0.0164876002818, 0.00912977289408, 0.00659910822287, 0.00648762844503, 0.00401332741603, 0.016562063247]
