
metadata:
    version:
        essentia: "2.1-beta2"
    audio_properties:
        analysis_sample_rate: 44100
        bitrate: 128
        channels: 2
        equal_loudness: 1
        length: 602.122436523
        replay_gain: -13.740896225
        downmix: "mix"
    tags:
        album: "Once"
        artist: "Nightwish"
        comment: ""
        date: "2012"
        genre: "Blues"
        title: "Ghost Love Score"
        tracknumber: "1"

configuration:
    average_loudness:
        compute: 1
        frameSize: 88200
        hopSize: 44100
        silentFrames: "noise"
        windowType: "hann"
    general:
        analysisSampleRate: 44100
        endTime: 2000
        equalLoudness: 1
        nequalLoudness: 0
        shortSound: 0
        startTime: 0
    lowlevel:
        compute: 1
        frameSize: 2048
        hopSize: 1024
        zeroPadding: 0
        silentFrames: "noise"
        windowType: "blackmanharris62"
        mfccStats: ["mean", "cov", "icov"]
        stats: ["mean", "var", "median", "min", "max", "dmean", "dmean2", "dvar", "dvar2"]
    panning:
        compute: 0
        frameSize: 8192
        hopSize: 2048
        zeroPadding: 8192
        silentFrames: "noise"
        windowType: "hann"
        stats: ["copy"]
    rhythm:
        compute: 1
        maxTempo: 208
        minTempo: 40
        method: "degara"
        stats: ["mean", "var", "median", "min", "max", "dmean", "dmean2", "dvar", "dvar2"]
    segmentation:
        compute: 0
        cpw: 5
        inc1: 300
        inc2: 50
        minimumSegmentsLength: 10
        size1: 1000
        size2: 600
    sfx:
        compute: 1
        stats: ["mean", "var", "median", "min", "max", "dmean", "dmean2", "dvar", "dvar2"]
    svm:
        compute: 0
    tonal:
        compute: 1
        frameSize: 4096
        hopSize: 2048
        zeroPadding: 0
        silentFrames: "noise"
        windowType: "blackmanharris62"
        stats: ["mean", "var", "median", "min", "max", "dmean", "dmean2", "dvar", "dvar2"]

lowlevel:
    average_loudness: 0.828031778336
    barkbands_kurtosis:
        dmean: 0.564155876637
        dmean2: 0.900884032249
        dvar: 0.922190904617
        dvar2: 2.13991808891
        max: 48.0837631226
        mean: -0.46715310216
        median: -1.12526702881
        min: -1.84790217876
        var: 4.37772369385
    barkbands_skewness:
        dmean: 0.314664810896
        dmean2: 0.492580264807
        dvar: 0.0809520035982
        dvar2: 0.192541912198
        max: 5.42574548721
        mean: 0.231566250324
        median: 0.136695489287
        min: -3.39482808113
        var: 0.600192666054
    barkbands_spread:
        dmean: 4.41892004013
        dmean2: 6.91611671448
        dvar: 18.3541603088
        dvar2: 42.593662262
        max: 84.1898193359
        mean: 30.5354995728
        median: 31.1000137329
        min: 0.803525865078
        var: 99.7539978027
    dissonance:
        dmean: 0.0169293917716
        dmean2: 0.0287419725209
        dvar: 0.000287205475615
        dvar2: 0.000790521444287
        max: 0.500000059605
        mean: 0.466264843941
        median: 0.47366335988
        min: 0.244184076786
        var: 0.000761038274504
    hfc:
        dmean: 1.76332616806
        dmean2: 2.78049826622
        dvar: 6.76930570602
        dvar2: 16.30509758
        max: 59.6759109497
        mean: 7.45259428024
        median: 6.26012659073
        min: 1.04892655895e-016
        var: 40.2772064209
    pitch:
        dmean: 561.513366699
        dmean2: 1084.5456543
        dvar: 1291100.5
        dvar2: 3417894
        max: 8000.71875
        mean: 811.10546875
        median: 350.864349365
        min: 63.2636260986
        var: 1412402.125
    pitch_instantaneous_confidence:
        dmean: 0.0789422169328
        dmean2: 0.125274315476
        dvar: 0.00506514729932
        dvar2: 0.0115017360076
        max: 0.966741621494
        mean: 0.441225081682
        median: 0.40496969223
        min: 0.0947692394257
        var: 0.0319336205721
    pitch_salience:
        dmean: 0.0525446645916
        dmean2: 0.0850084796548
        dvar: 0.00202702358365
        dvar2: 0.00514807226136
        max: 0.910386681557
        mean: 0.610026717186
        median: 0.618560552597
        min: 0.199950844049
        var: 0.00873210839927
    silence_rate_20dB:
        dmean: 0
        dmean2: 0
        dvar: 0
        dvar2: 0
        max: 1
        mean: 1
        median: 1
        min: 1
        var: 0
    silence_rate_30dB:
        dmean: 0
        dmean2: 0
        dvar: 0
        dvar2: 0
        max: 1
        mean: 1
        median: 1
        min: 1
        var: 0
    silence_rate_60dB:
        dmean: 0.051519356668
        dmean2: 0.103042691946
        dvar: 0.0488666817546
        dvar2: 0.109891682863
        max: 1
        mean: 0.422087699175
        median: 0
        min: 0
        var: 0.243952408433
    spectral_centroid:
        dmean: 219.785171509
        dmean2: 348.630584717
        dvar: 55709.0585938
        dvar2: 130955.242188
        max: 11854.4277344
        mean: 1617.52563477
        median: 1613.70935059
        min: 168.493865967
        var: 745287.125
    spectral_complexity:
        dmean: 2.90351700783
        dmean2: 4.63445281982
        dvar: 12.0035991669
        dvar2: 26.9650268555
        max: 51
        mean: 14.265376091
        median: 13
        min: 0
        var: 99.5330581665
    spectral_crest:
        dmean: 1.75398361683
        dmean2: 2.83107304573
        dvar: 2.86925005913
        dvar2: 6.96126270294
        max: 23.8818912506
        mean: 6.85873413086
        median: 6.0113992691
        min: 2.14833283424
        var: 9.91798114777
    spectral_decrease:
        dmean: 1.81941295363e-010
        dmean2: 2.86223683643e-010
        dvar: 5.04109746996e-020
        dvar2: 1.20652253954e-019
        max: 1.75742696318e-028
        mean: -9.59010315604e-010
        median: -8.76373251746e-010
        min: -4.05542088799e-009
        var: 4.41214416423e-019
    spectral_energy:
        dmean: 0.000813291291706
        dmean2: 0.00127834326122
        dvar: 1.06746085748e-006
        dvar2: 2.52527729572e-006
        max: 0.0203624237329
        mean: 0.00429549114779
        median: 0.00388972577639
        min: 9.92430538646e-021
        var: 9.24077085074e-006
    spectral_energyband_high:
        dmean: 0.000156203692313
        dmean2: 0.000258731510257
        dvar: 8.61776854322e-008
        dvar2: 2.24633382118e-007
        max: 0.00852223671973
        mean: 0.000377071002731
        median: 0.000273145182291
        min: 6.89945532817e-021
        var: 1.77711740434e-007
    spectral_energyband_low:
        dmean: 0.000163382501341
        dmean2: 0.000264517526375
        dvar: 6.73427607012e-008
        dvar2: 1.71321318021e-007
        max: 0.00468890415505
        mean: 0.000327511399519
        median: 0.000222888615099
        min: 1.90421035541e-023
        var: 1.42440939044e-007
    spectral_energyband_middle_high:
        dmean: 0.000504317285959
        dmean2: 0.000777446723077
        dvar: 4.28309562039e-007
        dvar2: 9.87821181297e-007
        max: 0.0152444606647
        mean: 0.00210587517358
        median: 0.00174638349563
        min: 1.15004782527e-021
        var: 3.25610790242e-006
    spectral_energyband_middle_low:
        dmean: 0.000481692986796
        dmean2: 0.000769450154621
        dvar: 3.74797565428e-007
        dvar2: 9.72872271632e-007
        max: 0.00886699091643
        mean: 0.00160253501963
        median: 0.00133905815892
        min: 1.36425226296e-022
        var: 1.6233173028e-006
    spectral_flatness_db:
        dmean: 0.0124084623531
        dmean2: 0.0192601718009
        dvar: 0.000133273075335
        dvar2: 0.000290401396342
        max: 0.406556904316
        mean: 0.149724274874
        median: 0.142433106899
        min: 0.0582620278001
        var: 0.00127195345704
    spectral_flux:
        dmean: 0.00549063971266
        dmean2: 0.00864184368402
        dvar: 3.93990667362e-005
        dvar2: 8.87080386747e-005
        max: 0.121114857495
        mean: 0.0343068689108
        median: 0.0351450145245
        min: 6.25220014649e-011
        var: 0.000325628934661
    spectral_kurtosis:
        dmean: 1.26808822155
        dmean2: 2.1739730835
        dvar: 2.81378722191
        dvar2: 8.05777740479
        max: 64.8963241577
        mean: 3.98331570625
        median: 3.18187212944
        min: -1.5411055088
        var: 11.5044288635
    spectral_rms:
        dmean: 0.000182441974175
        dmean2: 0.000282804103335
        dvar: 4.02205166949e-008
        dvar2: 9.0611848691e-008
        max: 0.00445710448548
        mean: 0.00187459762674
        median: 0.00194803858176
        min: 3.11163117842e-012
        var: 6.76579134051e-007
    spectral_rolloff:
        dmean: 360.154724121
        dmean2: 599.116027832
        dvar: 224092.9375
        dvar2: 503484.9375
        max: 19681.3476563
        mean: 3153.7331543
        median: 3359.1796875
        min: 172.265625
        var: 2229618.25
    spectral_skewness:
        dmean: 0.175193890929
        dmean2: 0.286859571934
        dvar: 0.0328857973218
        dvar2: 0.0828450992703
        max: 6.49242925644
        mean: 1.38666343689
        median: 1.28189766407
        min: -0.467552751303
        var: 0.259325623512
    spectral_spread:
        dmean: 315576
        dmean2: 481647.09375
        dvar: 228111286272
        dvar2: 412692807680
        max: 42007840
        mean: 4335912.5
        median: 4058605.75
        min: 1021686.125
        var: 7.47997967155e+012
    spectral_strongpeak:
        dmean: 0.461108475924
        dmean2: 0.790653288364
        dvar: 0.611336171627
        dvar2: 1.57479524612
        max: 12.555557251
        mean: 0.756695508957
        median: 0.407713055611
        min: 0
        var: 1.02816736698
    zerocrossingrate:
        dmean: 0.007177030202
        dmean2: 0.00889292918146
        dvar: 5.62003297091e-005
        dvar2: 7.95716186985e-005
        max: 0.5400390625
        mean: 0.0937295109034
        median: 0.09619140625
        min: 0.00830078125
        var: 0.00155071204063
    barkbands:
        dmean: [3.32012433546e-007, 5.95969177084e-005, 9.76368100964e-005, 0.000107638988993, 0.000155052897753, 0.000145201338455, 0.000179520866368, 0.000135723981657, 0.000127557170345, 8.93175892998e-005, 8.25325987535e-005, 8.88857757673e-005, 5.99990526098e-005, 6.4631778514e-005, 6.31972652627e-005, 8.2568898506e-005, 0.000111512046715, 0.000150590160047, 0.000186140823644, 0.000149913132191, 7.93240760686e-005, 2.50558859989e-005, 4.15072099713e-006, 1.30985961277e-006, 4.91620085086e-007, 1.27233112934e-008, 2.15891568511e-010]
        dmean2: [5.52855851765e-007, 9.91503911791e-005, 0.000159884424647, 0.000178342379513, 0.000255929247942, 0.00022563773382, 0.000287844013656, 0.000217493477976, 0.00020510025206, 0.00014136666141, 0.000130873871967, 0.000144565899973, 9.79703254416e-005, 0.000105481303763, 0.000101575387816, 0.000135231646709, 0.000181972282007, 0.000246611714829, 0.000303120352328, 0.000247767806286, 0.000132804678287, 4.28127495979e-005, 6.77852449371e-006, 2.06561685445e-006, 7.69297457737e-007, 1.94864320235e-008, 3.84544562859e-010]
        dvar: [5.03268379661e-013, 1.19180425528e-008, 2.99513267521e-008, 4.2592592564e-008, 7.06204801304e-008, 5.17312308546e-008, 9.53010257376e-008, 6.46170903451e-008, 6.12277446521e-008, 2.89751138638e-008, 2.57106655965e-008, 3.53872771086e-008, 1.34168782751e-008, 2.00135517048e-008, 1.70322564941e-008, 2.6869363623e-008, 4.84733213568e-008, 8.36579516772e-008, 1.01051099932e-007, 5.44105098754e-008, 2.44163658181e-008, 2.86115864334e-009, 1.11653443435e-010, 1.09699723264e-011, 1.57590867439e-012, 1.12426418391e-015, 1.46180792492e-019]
        dvar2: [1.26790613598e-012, 3.10943271131e-008, 7.65405872016e-008, 1.10692603528e-007, 1.90960449231e-007, 1.20625628597e-007, 2.39987031136e-007, 1.63511629125e-007, 1.52334848735e-007, 6.76443221437e-008, 5.41965334833e-008, 8.89830857886e-008, 3.25818731994e-008, 4.82605244656e-008, 4.04674231902e-008, 6.81298786276e-008, 1.22103628541e-007, 2.04469785103e-007, 2.61888146724e-007, 1.43306053246e-007, 6.53759428815e-008, 7.67734764651e-009, 2.71106720406e-010, 2.26218661858e-011, 3.37518684876e-012, 2.57407362264e-015, 4.17355658274e-019]
        max: [8.2411479525e-006, 0.00114065234084, 0.00400508800521, 0.00486545264721, 0.00503277499229, 0.00603751977906, 0.00771992653608, 0.00526049174368, 0.00599399348721, 0.00525044649839, 0.00532324332744, 0.00488425651565, 0.00357246329077, 0.00493465270847, 0.00395410787314, 0.00520888157189, 0.00847566872835, 0.0134590473026, 0.0108765689656, 0.00649814587086, 0.00667572347447, 0.00111812283285, 0.000364731386071, 0.000118465053674, 4.5956017857e-005, 1.29327452214e-006, 1.44224374665e-008]
        mean: [3.38684202461e-007, 8.48073323141e-005, 0.000163176722708, 0.000160272000358, 0.000288353447104, 0.000304928369587, 0.000325272325426, 0.000240521476371, 0.000223555587581, 0.000165928096976, 0.000143704062793, 0.000161295276484, 0.000103482510895, 0.00011572704534, 0.000113495298137, 0.000157907285029, 0.000221338472329, 0.000308224582113, 0.000447503087344, 0.000344582425896, 0.000165617006132, 4.32889537478e-005, 8.31957822811e-006, 2.79728442365e-006, 1.0249685829e-006, 2.62966626252e-008, 2.44200104582e-010]
        median: [6.55767280477e-008, 4.40248732048e-005, 8.72739183251e-005, 6.99358497513e-005, 0.000172810541699, 0.00015303818509, 0.00014762057981, 9.15959099075e-005, 8.72279124451e-005, 6.23989108135e-005, 5.88545044593e-005, 6.3915780629e-005, 5.15863866895e-005, 4.8362348025e-005, 5.8026813349e-005, 7.78380272095e-005, 0.000124001933727, 0.000176944828127, 0.000265211041551, 0.000242448761128, 0.00010810547974, 2.40149292949e-005, 4.09854692407e-006, 1.20598997455e-006, 3.93556206291e-007, 1.0527624994e-008, 1.09419952266e-010]
        min: [4.460554824e-025, 2.26587042162e-024, 1.21777887749e-025, 7.31123781137e-025, 3.74312014616e-024, 1.21989032287e-023, 5.52297691394e-024, 5.29777487487e-024, 1.53190492684e-023, 9.46956913667e-024, 8.82365140519e-024, 2.3978012549e-023, 3.23495953795e-023, 2.92248258261e-023, 4.50976601831e-023, 4.72334821513e-023, 7.48103365256e-023, 4.79861879835e-023, 1.28258458577e-022, 1.44257554855e-022, 2.69620994885e-022, 3.02446140862e-022, 3.73755960763e-022, 5.67678039888e-022, 8.34825267948e-022, 1.24757405528e-021, 1.91140093616e-021]
        var: [4.90650001097e-013, 1.39474929384e-008, 5.33151514048e-008, 7.42549488564e-008, 1.29278191707e-007, 2.05370454864e-007, 2.40808589069e-007, 1.73570583684e-007, 1.62575815921e-007, 8.85784601223e-008, 7.29311864234e-008, 1.00097153677e-007, 2.92198016894e-008, 5.36686890484e-008, 3.85640959166e-008, 6.54242100495e-008, 1.10596303671e-007, 1.99473021212e-007, 3.63397589354e-007, 1.40643265922e-007, 4.08116633821e-008, 3.7841760836e-009, 2.27059551716e-010, 3.22536719555e-011, 4.11357319735e-012, 2.07936868848e-015, 1.60965237149e-019]
    frequency_bands:
        dmean: [3.32012433546e-007, 5.95969177084e-005, 9.76368100964e-005, 0.000107638988993, 0.000155052897753, 0.000145201338455, 0.000179520866368, 0.000135723981657, 0.000127557170345, 8.93175892998e-005, 8.25325987535e-005, 8.88857757673e-005, 5.99990526098e-005, 6.4631778514e-005, 6.31972652627e-005, 8.2568898506e-005, 0.000111512046715, 0.000150590160047, 0.000186140823644, 0.000149913132191, 7.93240760686e-005, 2.50558859989e-005, 4.15072099713e-006, 1.30985961277e-006, 4.91620085086e-007, 1.27233112934e-008, 2.15891568511e-010, 4.86487135298e-011]
        dmean2: [5.52855851765e-007, 9.91503911791e-005, 0.000159884424647, 0.000178342379513, 0.000255929247942, 0.00022563773382, 0.000287844013656, 0.000217493477976, 0.00020510025206, 0.00014136666141, 0.000130873871967, 0.000144565899973, 9.79703254416e-005, 0.000105481303763, 0.000101575387816, 0.000135231646709, 0.000181972282007, 0.000246611714829, 0.000303120352328, 0.000247767806286, 0.000132804678287, 4.28127495979e-005, 6.77852449371e-006, 2.06561685445e-006, 7.69297457737e-007, 1.94864320235e-008, 3.84544562859e-010, 9.01588873004e-011]
        dvar: [5.03268379661e-013, 1.19180425528e-008, 2.99513267521e-008, 4.2592592564e-008, 7.06204801304e-008, 5.17312308546e-008, 9.53010257376e-008, 6.46170903451e-008, 6.12277446521e-008, 2.89751138638e-008, 2.57106655965e-008, 3.53872771086e-008, 1.34168782751e-008, 2.00135517048e-008, 1.70322564941e-008, 2.6869363623e-008, 4.84733213568e-008, 8.36579516772e-008, 1.01051099932e-007, 5.44105098754e-008, 2.44163658181e-008, 2.86115864334e-009, 1.11653443435e-010, 1.09699723264e-011, 1.57590867439e-012, 1.12426418391e-015, 1.46180792492e-019, 5.92725961448e-021]
        dvar2: [1.26790613598e-012, 3.10943271131e-008, 7.65405872016e-008, 1.10692603528e-007, 1.90960449231e-007, 1.20625628597e-007, 2.39987031136e-007, 1.63511629125e-007, 1.52334848735e-007, 6.76443221437e-008, 5.41965334833e-008, 8.89830857886e-008, 3.25818731994e-008, 4.82605244656e-008, 4.04674231902e-008, 6.81298786276e-008, 1.22103628541e-007, 2.04469785103e-007, 2.61888146724e-007, 1.43306053246e-007, 6.53759428815e-008, 7.67734764651e-009, 2.71106720406e-010, 2.26218661858e-011, 3.37518684876e-012, 2.57407362264e-015, 4.17355658274e-019, 1.88608101031e-020]
        max: [8.2411479525e-006, 0.00114065234084, 0.00400508800521, 0.00486545264721, 0.00503277499229, 0.00603751977906, 0.00771992653608, 0.00526049174368, 0.00599399348721, 0.00525044649839, 0.00532324332744, 0.00488425651565, 0.00357246329077, 0.00493465270847, 0.00395410787314, 0.00520888157189, 0.00847566872835, 0.0134590473026, 0.0108765689656, 0.00649814587086, 0.00667572347447, 0.00111812283285, 0.000364731386071, 0.000118465053674, 4.5956017857e-005, 1.29327452214e-006, 1.44224374665e-008, 1.22544696612e-009]
        mean: [3.38684202461e-007, 8.48073323141e-005, 0.000163176722708, 0.000160272000358, 0.000288353447104, 0.000304928369587, 0.000325272325426, 0.000240521476371, 0.000223555587581, 0.000165928096976, 0.000143704062793, 0.000161295276484, 0.000103482510895, 0.00011572704534, 0.000113495298137, 0.000157907285029, 0.000221338472329, 0.000308224582113, 0.000447503087344, 0.000344582425896, 0.000165617006132, 4.32889537478e-005, 8.31957822811e-006, 2.79728442365e-006, 1.0249685829e-006, 2.62966626252e-008, 2.44200104582e-010, 3.83436546403e-011]
        median: [6.55767280477e-008, 4.40248732048e-005, 8.72739183251e-005, 6.99358497513e-005, 0.000172810541699, 0.00015303818509, 0.00014762057981, 9.15959099075e-005, 8.72279124451e-005, 6.23989108135e-005, 5.88545044593e-005, 6.3915780629e-005, 5.15863866895e-005, 4.8362348025e-005, 5.8026813349e-005, 7.78380272095e-005, 0.000124001933727, 0.000176944828127, 0.000265211041551, 0.000242448761128, 0.00010810547974, 2.40149292949e-005, 4.09854692407e-006, 1.20598997455e-006, 3.93556206291e-007, 1.0527624994e-008, 1.09419952266e-010, 1.13784138361e-011]
        min: [4.460554824e-025, 2.26587042162e-024, 1.21777887749e-025, 7.31123781137e-025, 3.74312014616e-024, 1.21989032287e-023, 5.52297691394e-024, 5.29777487487e-024, 1.53190492684e-023, 9.46956913667e-024, 8.82365140519e-024, 2.3978012549e-023, 3.23495953795e-023, 2.92248258261e-023, 4.50976601831e-023, 4.72334821513e-023, 7.48103365256e-023, 4.79861879835e-023, 1.28258458577e-022, 1.44257554855e-022, 2.69620994885e-022, 3.02446140862e-022, 3.73755960763e-022, 5.67678039888e-022, 8.34825267948e-022, 1.24757405528e-021, 1.91140093616e-021, 4.76737599376e-022]
        var: [4.90650001097e-013, 1.39474929384e-008, 5.33151514048e-008, 7.42549488564e-008, 1.29278191707e-007, 2.05370454864e-007, 2.40808589069e-007, 1.73570583684e-007, 1.62575815921e-007, 8.85784601223e-008, 7.29311864234e-008, 1.00097153677e-007, 2.92198016894e-008, 5.36686890484e-008, 3.85640959166e-008, 6.54242100495e-008, 1.10596303671e-007, 1.99473021212e-007, 3.63397589354e-007, 1.40643265922e-007, 4.08116633821e-008, 3.7841760836e-009, 2.27059551716e-010, 3.22536719555e-011, 4.11357319735e-012, 2.07936868848e-015, 1.60965237149e-019, 4.78654564192e-021]
    mfcc:
        mean: [-727.68536377, 113.610649109, -47.1551933289, 47.8901481628, -20.9717197418, -6.55612516403, -0.491213917732, -3.19189453125, -4.94515275955, -3.42356300354, -2.7915828228, -1.92486286163, -1.16516721249]
        cov: [[8588.86816406, -154.339859009, -945.310668945, 954.952819824, -416.140197754, 295.208190918, -80.8056182861, -142.811828613, 132.572174072, 3.19107270241, 9.39147186279, 50.8864402771, -116.090866089], [-154.339859009, 859.05645752, -47.7024459839, 2.99021482468, 0.22204773128, -100.026664734, 33.6607055664, 16.9472675323, -49.3150787354, -16.1821708679, -19.2079601288, -21.7159423828, 29.9390010834], [-945.310668945, -47.7024459839, 420.928649902, -134.553771973, 101.039535522, 8.47418689728, 16.9632434845, 25.0185585022, -12.70008564, 7.12553882599, 11.3830518723, 5.87811851501, 6.95217037201], [954.952819824, 2.99021482468, -134.553771973, 314.035369873, 14.2822160721, 76.6108703613, -0.828948140144, -33.2725982666, 63.3773994446, -3.89621925354, -15.4062137604, 20.3751182556, -6.58030796051], [-416.140197754, 0.22204773128, 101.039535522, 14.2822160721, 177.571899414, 24.9366436005, 3.71169257164, 9.66217899323, 11.4265394211, 23.7705955505, -3.66861867905, 15.0552043915, 10.3425388336], [295.208190918, -100.026664734, 8.47418689728, 76.6108703613, 24.9366436005, 167.916351318, 56.0119361877, 11.2705478668, 43.5379104614, 8.36060523987, 15.9075489044, 1.3392534256, -10.18679142], [-80.8056182861, 33.6607055664, 16.9632434845, -0.828948140144, 3.71169257164, 56.0119361877, 129.082763672, 44.9925270081, 11.7092504501, 15.9272546768, 12.8600683212, -10.6466035843, -2.8262591362], [-142.811828613, 16.9472675323, 25.0185585022, -33.2725982666, 9.66217899323, 11.2705478668, 44.9925270081, 114.424476624, 13.8198413849, 27.1459159851, 9.70574474335, -3.85361719131, 9.68919086456], [132.572174072, -49.3150787354, -12.70008564, 63.3773994446, 11.4265394211, 43.5379104614, 11.7092504501, 13.8198413849, 109.517799377, 24.5288391113, 1.36887049675, 10.0347995758, -9.28402996063], [3.19107270241, -16.1821708679, 7.12553882599, -3.89621925354, 23.7705955505, 8.36060523987, 15.9272546768, 27.1459159851, 24.5288391113, 109.064048767, 41.7649993896, 4.16581869125, -1.60502755642], [9.39147186279, -19.2079601288, 11.3830518723, -15.4062137604, -3.66861867905, 15.9075489044, 12.8600683212, 9.70574474335, 1.36887049675, 41.7649993896, 90.4669036865, 28.4174861908, -5.33043813705], [50.8864402771, -21.7159423828, 5.87811851501, 20.3751182556, 15.0552043915, 1.3392534256, -10.6466035843, -3.85361719131, 10.0347995758, 4.16581869125, 28.4174861908, 91.0009384155, 29.5997638702], [-116.090866089, 29.9390010834, 6.95217037201, -6.58030796051, 10.3425388336, -10.18679142, -2.8262591362, 9.68919086456, -9.28402996063, -1.60502755642, -5.33043813705, 29.5997638702, 79.5618057251]]
        icov: [[0.00026305578649, 2.39907512878e-006, 0.000240852037678, -0.000664477527607, 0.000606180692557, -0.000398357486119, 0.00028975319583, -5.65241134609e-005, 0.000270405114861, -0.000260370812612, 9.41639227676e-005, -0.000224501243792, 0.000310431147227], [2.39907512878e-006, 0.00140656740405, 0.000136022325023, -0.000390031869756, -0.000264307775069, 0.0012164314976, -0.000877837010194, -0.000129972613649, 0.000372683309251, 0.000275235302979, -0.000199210640858, 0.000518684450071, -0.000552456884179], [0.000240852037678, 0.000136022325023, 0.00367963593453, 0.00111529417336, -0.00153705489356, -0.000789328012615, 1.23947511383e-005, -0.000100714416476, 3.16317746183e-005, 0.000315874727676, -0.000187730838661, -0.000391775014577, 0.000325652392348], [-0.000664477527607, -0.000390031869756, 0.00111529417336, 0.00695423362777, -0.00244174036197, -0.00136236916296, -0.000307863927446, 0.00155067699961, -0.00275169080123, 0.000690544897225, 0.00101335591171, -0.000833938422147, -0.00033090042416], [0.000606180692557, -0.000264307775069, -0.00153705489356, -0.00244174036197, 0.0089030796662, -0.00204033055343, 0.00129522534553, -0.000360017380444, 0.00101012829691, -0.0029108421877, 0.00218180427328, -0.00188257801346, 0.000493296829518], [-0.000398357486119, 0.0012164314976, -0.000789328012615, -0.00136236916296, -0.00204033055343, 0.0106320790946, -0.00475428439677, 0.000270730204647, -0.00242456141859, 0.0019016234437, -0.00256127631292, 0.001717481995, -0.000713156652637], [0.00028975319583, -0.000877837010194, 1.23947511383e-005, -0.000307863927446, 0.00129522534553, -0.00475428439677, 0.0116222603247, -0.00367391691543, 0.000587700342294, -0.000830415810924, -0.000445093668532, 0.000680469325744, 0.000578598526772], [-5.65241134609e-005, -0.000129972613649, -0.000100714416476, 0.00155067699961, -0.000360017380444, 0.000270730204647, -0.00367391691543, 0.0114424014464, -0.00180972740054, -0.00188471213914, 8.34329111967e-005, 0.000619770085905, -0.00181322114076], [0.000270405114861, 0.000372683309251, 3.16317746183e-005, -0.00275169080123, 0.00101012829691, -0.00242456141859, 0.000587700342294, -0.00180972740054, 0.0127211995423, -0.00337418215349, 0.0023820262868, -0.0023150392808, 0.00226072175428], [-0.000260370812612, 0.000275235302979, 0.000315874727676, 0.000690544897225, -0.0029108421877, 0.0019016234437, -0.000830415810924, -0.00188471213914, -0.00337418215349, 0.0136762438342, -0.00714959949255, 0.0026917308569, -0.00123033928685], [9.41639227676e-005, -0.000199210640858, -0.000187730838661, 0.00101335591171, 0.00218180427328, -0.00256127631292, -0.000445093668532, 8.34329111967e-005, 0.0023820262868, -0.00714959949255, 0.0175721049309, -0.00731549179181, 0.00370767712593], [-0.000224501243792, 0.000518684450071, -0.000391775014577, -0.000833938422147, -0.00188257801346, 0.001717481995, 0.000680469325744, 0.000619770085905, -0.0023150392808, 0.0026917308569, -0.00731549179181, 0.01653640531, -0.00700225448236], [0.000310431147227, -0.000552456884179, 0.000325652392348, -0.00033090042416, 0.000493296829518, -0.000713156652637, 0.000578598526772, -0.00181322114076, 0.00226072175428, -0.00123033928685, 0.00370767712593, -0.00700225448236, 0.0163522753865]]
    sccoeffs:
        dmean: [0.0481580011547, 0.0446497164667, 0.0381153896451, 0.0299146287143, 0.0220107100904, 0.0172820016742]
        dmean2: [0.0804021805525, 0.0738207176328, 0.0626755133271, 0.0496685542166, 0.0356735885143, 0.0277539994568]
        dvar: [0.00154326029588, 0.00128011812922, 0.000898930418771, 0.000563119072467, 0.000345366657712, 0.000227777927648]
        dvar2: [0.00428474834189, 0.00345816463232, 0.00241626915522, 0.00152108399197, 0.00082933017984, 0.000548637006432]
        max: [-0.332448512316, -0.418470770121, -0.41532433033, -0.507844984531, -0.523119211197, -0.499685227871]
        mean: [-0.674528896809, -0.728893876076, -0.756681203842, -0.777207732201, -0.773267865181, -0.73018938303]
        median: [-0.674691975117, -0.731955111027, -0.761140108109, -0.781809806824, -0.783301532269, -0.726039111614]
        min: [-0.98087310791, -0.983650684357, -0.974869430065, -0.975705265999, -0.968759834766, -0.963560819626]
        var: [0.00507447775453, 0.00532128335908, 0.0044403183274, 0.00279506854713, 0.00305863469839, 0.00227982806973]
    scvalleys:
        dmean: [0.375610291958, 0.318837225437, 0.265429705381, 0.237414762378, 0.214248120785, 0.240234941244]
        dmean2: [0.624304175377, 0.534408330917, 0.442997962236, 0.38474625349, 0.327460259199, 0.352764368057]
        dvar: [0.0993451848626, 0.0763783976436, 0.0519154965878, 0.0496004335582, 0.0600869506598, 0.10807275027]
        dvar2: [0.252080440521, 0.189311459661, 0.123758383095, 0.104167915881, 0.113750308752, 0.209992334247]
        max: [-5.1073641777, -4.54588985443, -5.36251354218, -5.65582036972, -5.63209199905, -7.75464916229]
        mean: [-7.21305990219, -6.75399446487, -7.19723701477, -7.60315990448, -7.59020423889, -10.3724536896]
        median: [-6.88620328903, -6.4773235321, -6.88337469101, -7.15474510193, -7.06536006927, -9.99528408051]
        min: [-28.3096427917, -28.1726932526, -27.8206825256, -27.7289562225, -27.5388851166, -27.3802967072]
        var: [3.20732879639, 3.15386986732, 3.01860499382, 3.24259781837, 3.63522648811, 3.04163122177]

rhythm:
    beats_loudness:
        dmean: 0.00202972185798
        dmean2: 0.00374806579202
        dvar: 3.65742380382e-006
        dvar2: 1.16332194011e-005
        max: 0.0170921292156
        mean: 0.00517953606322
        median: 0.00525198085234
        min: 0
        var: 1.13497662824e-005
    bpm: 100.859855652
    bpm_confidence: 0
    first_peak_bpm: 101
    first_peak_spread: 0.377181142569
    first_peak_weight: 0.438978254795
    onset_rate: 2.3134829998
    second_peak_bpm: 133
    second_peak_spread: 0.549382686615
    second_peak_weight: 0.0690633878112
    beats_loudness_band_ratio:
        dmean: [0.104610912502, 0.0970774441957, 0.108270794153, 0.0802767798305, 0.0799925327301, 0.0799939185381]
        dmean2: [0.182017594576, 0.170888692141, 0.188010007143, 0.139127492905, 0.136549577117, 0.143455609679]
        dvar: [0.00922588538378, 0.008145917207, 0.00980266649276, 0.00711769936606, 0.00581174530089, 0.00710195163265]
        dvar2: [0.0277456659824, 0.0227571632713, 0.0271872449666, 0.020657023415, 0.0164269786328, 0.0208646319807]
        max: [0.884551107883, 0.791860461235, 0.858646035194, 0.720804452896, 0.716047286987, 0.806174099445]
        mean: [0.160789743066, 0.15619173646, 0.195610404015, 0.137033462524, 0.197168305516, 0.200587332249]
        median: [0.128079742193, 0.125267714262, 0.165296643972, 0.109880700707, 0.187319755554, 0.205002754927]
        min: [0, 0, 0, 0, 0, 0]
        var: [0.0170004330575, 0.0157335232943, 0.0173516925424, 0.00939110666513, 0.0106462454423, 0.0135802561417]
