
metadata:
    version:
        essentia: "2.1-beta2"
    audio_properties:
        analysis_sample_rate: 44100
        bitrate: 320
        channels: 2
        equal_loudness: 1
        length: 519.262023926
        replay_gain: -13.8621959686
        downmix: "mix"
    tags:
        album: "Stone's Reach"
        artist: "Be'lakor"
        comment: " "
        date: "2009"
        genre: "Death Metal"
        title: "Outlive the Hand"
        tracknumber: "3"

configuration:
    average_loudness:
        compute: 1
        frameSize: 88200
        hopSize: 44100
        silentFrames: "noise"
        windowType: "hann"
    general:
        analysisSampleRate: 44100
        endTime: 2000
        equalLoudness: 1
        nequalLoudness: 0
        shortSound: 0
        startTime: 0
    lowlevel:
        compute: 1
        frameSize: 2048
        hopSize: 1024
        zeroPadding: 0
        silentFrames: "noise"
        windowType: "blackmanharris62"
        mfccStats: ["mean", "cov", "icov"]
        stats: ["mean", "var", "median", "min", "max", "dmean", "dmean2", "dvar", "dvar2"]
    panning:
        compute: 0
        frameSize: 8192
        hopSize: 2048
        zeroPadding: 8192
        silentFrames: "noise"
        windowType: "hann"
        stats: ["copy"]
    rhythm:
        compute: 1
        maxTempo: 208
        minTempo: 40
        method: "degara"
        stats: ["mean", "var", "median", "min", "max", "dmean", "dmean2", "dvar", "dvar2"]
    segmentation:
        compute: 0
        cpw: 5
        inc1: 300
        inc2: 50
        minimumSegmentsLength: 10
        size1: 1000
        size2: 600
    sfx:
        compute: 1
        stats: ["mean", "var", "median", "min", "max", "dmean", "dmean2", "dvar", "dvar2"]
    svm:
        compute: 0
    tonal:
        compute: 1
        frameSize: 4096
        hopSize: 2048
        zeroPadding: 0
        silentFrames: "noise"
        windowType: "blackmanharris62"
        stats: ["mean", "var", "median", "min", "max", "dmean", "dmean2", "dvar", "dvar2"]

lowlevel:
    average_loudness: 0.834143698215
    barkbands_kurtosis:
        dmean: 1.04608547688
        dmean2: 1.6068944931
        dvar: 3.92947483063
        dvar2: 8.15514087677
        max: 55.8525390625
        mean: 0.547678172588
        median: -0.975940048695
        min: -1.89392149448
        var: 14.314368248
    barkbands_skewness:
        dmean: 0.384135603905
        dmean2: 0.597677469254
        dvar: 0.145509928465
        dvar2: 0.328532040119
        max: 6.25237369537
        mean: 0.491148769855
        median: 0.353437662125
        min: -3.03399467468
        var: 1.29538631439
    barkbands_spread:
        dmean: 4.62164878845
        dmean2: 7.35106992722
        dvar: 23.3363609314
        dvar2: 57.3708572388
        max: 60.2995414734
        mean: 30.0897502899
        median: 33.1926116943
        min: 1.24447953701
        var: 161.8256073
    dissonance:
        dmean: 0.0128629850224
        dmean2: 0.0216451101005
        dvar: 0.000307694950607
        dvar2: 0.000806781754363
        max: 0.500000119209
        mean: 0.473898440599
        median: 0.482023656368
        min: 0.225037515163
        var: 0.000739719020203
    hfc:
        dmean: 1.69416034222
        dmean2: 2.76577019691
        dvar: 6.38512706757
        dvar2: 15.9884643555
        max: 63.4423561096
        mean: 7.7722992897
        median: 6.99323892593
        min: 1.18100228884e-016
        var: 43.8539543152
    pitch:
        dmean: 731.66998291
        dmean2: 1419.74719238
        dvar: 1550260.25
        dvar2: 3839302.25
        max: 4759.80419922
        mean: 1140.04577637
        median: 261.879699707
        min: 43.0628890991
        var: 2040016.25
    pitch_instantaneous_confidence:
        dmean: 0.0712036341429
        dmean2: 0.114894092083
        dvar: 0.00396192260087
        dvar2: 0.00966348871589
        max: 0.925872087479
        mean: 0.392333954573
        median: 0.373465418816
        min: 0.117662370205
        var: 0.0173436552286
    pitch_salience:
        dmean: 0.0542052984238
        dmean2: 0.087608538568
        dvar: 0.00246687303297
        dvar2: 0.00611670361832
        max: 0.903782129288
        mean: 0.64800632
        median: 0.664377808571
        min: 0.211551457644
        var: 0.00852561276406
    silence_rate_20dB:
        dmean: 0
        dmean2: 0
        dvar: 0
        dvar2: 0
        max: 1
        mean: 1
        median: 1
        min: 1
        var: 0
    silence_rate_30dB:
        dmean: 0
        dmean2: 0
        dvar: 0
        dvar2: 0
        max: 1
        mean: 1
        median: 1
        min: 1
        var: 0
    silence_rate_60dB:
        dmean: 0.0256673973054
        dmean2: 0.0513370893896
        dvar: 0.0250139776617
        dvar2: 0.0579975545406
        max: 1
        mean: 0.319710254669
        median: 0
        min: 0
        var: 0.217485100031
    spectral_centroid:
        dmean: 211.945877075
        dmean2: 342.640594482
        dvar: 57944.1171875
        dvar2: 140639.265625
        max: 11228.1777344
        mean: 1416.421875
        median: 1435.30957031
        min: 162.658172607
        var: 519141.90625
    spectral_complexity:
        dmean: 2.7439968586
        dmean2: 4.44235754013
        dvar: 9.03161907196
        dvar2: 21.9915752411
        max: 46
        mean: 15.0059022903
        median: 16
        min: 0
        var: 102.922943115
    spectral_crest:
        dmean: 1.87255251408
        dmean2: 3.02640080452
        dvar: 3.80242156982
        dvar2: 9.15901756287
        max: 23.5337791443
        mean: 7.72341299057
        median: 6.6607170105
        min: 2.23799085617
        var: 12.9417533875
    spectral_decrease:
        dmean: 2.37078856546e-010
        dmean2: 3.91727567051e-010
        dvar: 1.83071858739e-019
        dvar2: 5.05303181212e-019
        max: 1.77562194558e-029
        mean: -1.01911690198e-009
        median: -1.09405207116e-009
        min: -5.90885829155e-009
        var: 5.1559553108e-019
    spectral_energy:
        dmean: 0.00100744818337
        dmean2: 0.00166212941986
        dvar: 3.07284199152e-006
        dvar2: 8.40807661007e-006
        max: 0.0241402704269
        mean: 0.00455135433003
        median: 0.00489780679345
        min: 1.08142152085e-020
        var: 1.0311026017e-005
    spectral_energyband_high:
        dmean: 0.000130409825942
        dmean2: 0.000218253000639
        dvar: 5.77685419501e-008
        dvar2: 1.43195961755e-007
        max: 0.00813952088356
        mean: 0.000357880053343
        median: 0.000310853734845
        min: 8.03667115068e-021
        var: 1.59314438974e-007
    spectral_energyband_low:
        dmean: 0.000283165078145
        dmean2: 0.000477561523439
        dvar: 2.21994909566e-007
        dvar2: 5.92105436681e-007
        max: 0.00572818703949
        mean: 0.000434864516137
        median: 0.000250396522461
        min: 4.42383729317e-023
        var: 2.96966618407e-007
    spectral_energyband_middle_high:
        dmean: 0.000451419589808
        dmean2: 0.00072487880243
        dvar: 3.65662998547e-007
        dvar2: 9.38371670145e-007
        max: 0.0122966580093
        mean: 0.00204212823883
        median: 0.00173513451591
        min: 1.47919795538e-021
        var: 3.19063678944e-006
    spectral_energyband_middle_low:
        dmean: 0.000671477813739
        dmean2: 0.00111382757314
        dvar: 2.08643450605e-006
        dvar2: 5.84993540542e-006
        max: 0.0193457566202
        mean: 0.00187322869897
        median: 0.00157805671915
        min: 2.2913097343e-022
        var: 3.02186981571e-006
    spectral_flatness_db:
        dmean: 0.0146428272128
        dmean2: 0.0232186205685
        dvar: 0.000200025271624
        dvar2: 0.000469193648314
        max: 0.415850788355
        mean: 0.170269414783
        median: 0.148369759321
        min: 0.0515838526189
        var: 0.00365416589193
    spectral_flux:
        dmean: 0.00644175475463
        dmean2: 0.00990584213287
        dvar: 7.14088673703e-005
        dvar2: 0.000137510593049
        max: 0.11889180541
        mean: 0.0333929695189
        median: 0.0355807133019
        min: 1.03991419642e-010
        var: 0.000413004425354
    spectral_kurtosis:
        dmean: 3.03931927681
        dmean2: 5.25588035583
        dvar: 45.4628715515
        dvar2: 135.069763184
        max: 122.09841156
        mean: 8.01327610016
        median: 3.26976013184
        min: -1.24058556557
        var: 196.9584198
    spectral_rms:
        dmean: 0.000204694588319
        dmean2: 0.000330555718392
        dvar: 8.14750862332e-008
        dvar2: 2.16180666257e-007
        max: 0.00485298689455
        mean: 0.00191171327606
        median: 0.00218594353646
        min: 3.24814610972e-012
        var: 7.8571127915e-007
    spectral_rolloff:
        dmean: 309.139068604
        dmean2: 513.745849609
        dvar: 186821.3125
        dvar2: 406330.125
        max: 18755.4199219
        mean: 2677.22167969
        median: 3229.98046875
        min: 172.265625
        var: 1508538.125
    spectral_skewness:
        dmean: 0.271889060736
        dmean2: 0.461100965738
        dvar: 0.196193084121
        dvar2: 0.579572021961
        max: 8.64600944519
        mean: 1.6670166254
        median: 1.25831329823
        min: 0.00781393703073
        var: 1.35106611252
    spectral_spread:
        dmean: 380414.84375
        dmean2: 602235.125
        dvar: 265964453888
        dvar2: 508796338176
        max: 41926880
        mean: 3933531
        median: 4133577.5
        min: 733858.4375
        var: 2.04915513754e+012
    spectral_strongpeak:
        dmean: 0.462451130152
        dmean2: 0.814989745617
        dvar: 0.755498945713
        dvar2: 2.01097798347
        max: 8.65255641937
        mean: 0.629676640034
        median: 0.227178573608
        min: 1.84485338117e-009
        var: 1.0992487669
    zerocrossingrate:
        dmean: 0.00648695928976
        dmean2: 0.00818610191345
        dvar: 4.44542019977e-005
        dvar2: 5.97119833401e-005
        max: 0.50830078125
        mean: 0.0829629451036
        median: 0.09033203125
        min: 0.005859375
        var: 0.00124520505778
    barkbands:
        dmean: [3.30897506728e-007, 7.97416942078e-005, 0.000175885506906, 0.000128570201923, 0.000445424229838, 0.000165098463185, 0.000104847051261, 7.99435729277e-005, 7.19292584108e-005, 4.54573491879e-005, 2.98994636978e-005, 3.16742516588e-005, 2.26604897762e-005, 1.73750304384e-005, 3.18073980452e-005, 8.84183609742e-005, 0.000205256685149, 0.000160365641932, 0.000209592370084, 0.000108634070784, 5.75780322833e-005, 3.02576372633e-005, 4.95545418744e-006, 1.82021869932e-006, 8.39491519855e-007, 2.41169288984e-008, 2.74270300915e-010]
        dmean2: [5.47116599137e-007, 0.000141593685839, 0.000298781815218, 0.000211119666346, 0.000740120885894, 0.000266345246928, 0.000168921702425, 0.000131805238198, 0.000114525362733, 7.20392054063e-005, 4.86502067361e-005, 5.20180292369e-005, 3.73150141968e-005, 2.89980562229e-005, 5.27025149495e-005, 0.000147303100675, 0.000335482764058, 0.000265754672, 0.000346929125953, 0.000182435804163, 9.57412048592e-005, 5.21984766237e-005, 8.11691188574e-006, 3.01441264128e-006, 1.40716281294e-006, 3.76360169696e-008, 4.6581810631e-010]
        dvar: [2.90196252445e-013, 2.70685607262e-008, 9.32134156528e-008, 4.60929960866e-008, 1.23799020457e-006, 6.89006682819e-008, 3.90352887791e-008, 3.19912558666e-008, 1.90545481615e-008, 8.8279428212e-009, 6.55240084413e-009, 7.39054462073e-009, 2.98536861898e-009, 9.93670035143e-010, 2.09112482885e-009, 1.59326116744e-008, 1.02850009398e-007, 6.23551770218e-008, 1.00190355568e-007, 2.7546729342e-008, 1.01827302146e-008, 7.76713360295e-009, 1.43554251819e-010, 1.88151213359e-011, 5.69776561002e-012, 9.88947388336e-015, 3.17657802091e-019]
        dvar2: [7.5902148065e-013, 7.46480210978e-008, 2.49025191579e-007, 1.22069906183e-007, 3.43666033586e-006, 1.88050847783e-007, 1.05177448972e-007, 8.76196537547e-008, 5.10415816279e-008, 2.29648229322e-008, 1.78986496735e-008, 1.97837994875e-008, 7.94441223917e-009, 2.62355381864e-009, 5.5912483532e-009, 4.36126939007e-008, 2.60147885456e-007, 1.65055922707e-007, 2.63948692236e-007, 7.43271755255e-008, 2.55184211539e-008, 1.85751858339e-008, 3.24834908971e-010, 4.34967513396e-011, 1.37686988547e-011, 2.26537030508e-014, 8.32305720231e-019]
        max: [5.70068368688e-006, 0.00183922145516, 0.00437010219321, 0.00416437676176, 0.0156702008098, 0.00571664841846, 0.00508353020996, 0.00334309833124, 0.00349919055589, 0.00285427621566, 0.00228007556871, 0.00306081376038, 0.00199485337362, 0.000881160725839, 0.00101269991137, 0.00392400845885, 0.0064161377959, 0.00476633012295, 0.00585948908702, 0.00378884887323, 0.00420882878825, 0.00373314018361, 0.000431638298323, 0.000148719438585, 0.000145760845044, 5.90777790421e-006, 3.18612940475e-008]
        mean: [5.6409072613e-007, 7.83242794569e-005, 0.000220047164476, 0.000241377274506, 0.000763708725572, 0.000366794352885, 0.000202610928682, 0.000133564579301, 0.000140655596624, 8.6553991423e-005, 5.38073181815e-005, 5.51011580683e-005, 3.92534930143e-005, 3.1039420719e-005, 6.78074065945e-005, 0.000200633527129, 0.000464349548565, 0.000377225282136, 0.000528144242708, 0.000283872708678, 0.000154493944137, 4.49540020782e-005, 1.08746571641e-005, 4.03680633099e-006, 1.51430981532e-006, 4.35107345709e-008, 3.81893350276e-010]
        median: [2.32956949731e-007, 2.75218044408e-005, 0.000106240317109, 0.000135877489811, 0.000394981820136, 0.000237076543272, 0.000105548111605, 5.69185358472e-005, 6.40108191874e-005, 4.30686341133e-005, 2.54249134741e-005, 2.6122739655e-005, 2.21113659791e-005, 2.1513826141e-005, 5.44094582438e-005, 0.000167087535374, 0.000304914196022, 0.000253425037954, 0.000381439342164, 0.000244327646215, 0.000129213847686, 2.23535607802e-005, 5.23388098372e-006, 2.1969581212e-006, 7.59933868721e-007, 1.66500004894e-008, 1.64862470897e-010]
        min: [1.24887780569e-023, 2.04220942232e-023, 5.18114810092e-024, 1.24892505846e-023, 3.28517873872e-023, 8.9030967981e-024, 1.55984038476e-023, 3.61229348148e-023, 7.70689399606e-023, 5.64838102764e-023, 5.92495313665e-023, 8.63835949593e-023, 1.35907670433e-022, 3.70560878459e-023, 1.10354648177e-022, 3.42657101193e-023, 2.17035451212e-022, 1.93300696545e-022, 1.71473912418e-022, 2.914077175e-022, 4.59623583892e-022, 5.33268810726e-022, 6.61307574697e-022, 7.16082188449e-022, 1.22118858913e-021, 1.73632056625e-021, 2.24876562003e-021]
        var: [5.43560639207e-013, 2.02603054333e-008, 1.04080129404e-007, 1.01937175145e-007, 1.48309948145e-006, 1.7524148177e-007, 8.03730486609e-008, 5.2357588487e-008, 4.46309122992e-008, 1.88363937781e-008, 1.27842287867e-008, 1.40081910516e-008, 5.48859135918e-009, 1.44531886459e-009, 4.72523753459e-009, 4.02547968292e-008, 2.83983354166e-007, 1.77038842253e-007, 3.32856672003e-007, 8.31865349937e-008, 3.0400006068e-008, 1.0929053218e-008, 3.67554986447e-010, 4.40450731443e-011, 8.82017289067e-012, 1.44266922627e-014, 4.75657700142e-019]
    frequency_bands:
        dmean: [3.30897506728e-007, 7.97416942078e-005, 0.000175885506906, 0.000128570201923, 0.000445424229838, 0.000165098463185, 0.000104847051261, 7.99435729277e-005, 7.19292584108e-005, 4.54573491879e-005, 2.98994636978e-005, 3.16742516588e-005, 2.26604897762e-005, 1.73750304384e-005, 3.18073980452e-005, 8.84183609742e-005, 0.000205256685149, 0.000160365641932, 0.000209592370084, 0.000108634070784, 5.75780322833e-005, 3.02576372633e-005, 4.95545418744e-006, 1.82021869932e-006, 8.39491519855e-007, 2.41169288984e-008, 2.74270300915e-010, 5.20595892783e-011]
        dmean2: [5.47116599137e-007, 0.000141593685839, 0.000298781815218, 0.000211119666346, 0.000740120885894, 0.000266345246928, 0.000168921702425, 0.000131805238198, 0.000114525362733, 7.20392054063e-005, 4.86502067361e-005, 5.20180292369e-005, 3.73150141968e-005, 2.89980562229e-005, 5.27025149495e-005, 0.000147303100675, 0.000335482764058, 0.000265754672, 0.000346929125953, 0.000182435804163, 9.57412048592e-005, 5.21984766237e-005, 8.11691188574e-006, 3.01441264128e-006, 1.40716281294e-006, 3.76360169696e-008, 4.6581810631e-010, 9.66472041286e-011]
        dvar: [2.90196252445e-013, 2.70685607262e-008, 9.32134156528e-008, 4.60929960866e-008, 1.23799020457e-006, 6.89006682819e-008, 3.90352887791e-008, 3.19912558666e-008, 1.90545481615e-008, 8.8279428212e-009, 6.55240084413e-009, 7.39054462073e-009, 2.98536861898e-009, 9.93670035143e-010, 2.09112482885e-009, 1.59326116744e-008, 1.02850009398e-007, 6.23551770218e-008, 1.00190355568e-007, 2.7546729342e-008, 1.01827302146e-008, 7.76713360295e-009, 1.43554251819e-010, 1.88151213359e-011, 5.69776561002e-012, 9.88947388336e-015, 3.17657802091e-019, 6.91231944072e-021]
        dvar2: [7.5902148065e-013, 7.46480210978e-008, 2.49025191579e-007, 1.22069906183e-007, 3.43666033586e-006, 1.88050847783e-007, 1.05177448972e-007, 8.76196537547e-008, 5.10415816279e-008, 2.29648229322e-008, 1.78986496735e-008, 1.97837994875e-008, 7.94441223917e-009, 2.62355381864e-009, 5.5912483532e-009, 4.36126939007e-008, 2.60147885456e-007, 1.65055922707e-007, 2.63948692236e-007, 7.43271755255e-008, 2.55184211539e-008, 1.85751858339e-008, 3.24834908971e-010, 4.34967513396e-011, 1.37686988547e-011, 2.26537030508e-014, 8.32305720231e-019, 2.21222685517e-020]
        max: [5.70068368688e-006, 0.00183922145516, 0.00437010219321, 0.00416437676176, 0.0156702008098, 0.00571664841846, 0.00508353020996, 0.00334309833124, 0.00349919055589, 0.00285427621566, 0.00228007556871, 0.00306081376038, 0.00199485337362, 0.000881160725839, 0.00101269991137, 0.00392400845885, 0.0064161377959, 0.00476633012295, 0.00585948908702, 0.00378884887323, 0.00420882878825, 0.00373314018361, 0.000431638298323, 0.000148719438585, 0.000145760845044, 5.90777790421e-006, 3.18612940475e-008, 1.36247890747e-009]
        mean: [5.6409072613e-007, 7.83242794569e-005, 0.000220047164476, 0.000241377274506, 0.000763708725572, 0.000366794352885, 0.000202610928682, 0.000133564579301, 0.000140655596624, 8.6553991423e-005, 5.38073181815e-005, 5.51011580683e-005, 3.92534930143e-005, 3.1039420719e-005, 6.78074065945e-005, 0.000200633527129, 0.000464349548565, 0.000377225282136, 0.000528144242708, 0.000283872708678, 0.000154493944137, 4.49540020782e-005, 1.08746571641e-005, 4.03680633099e-006, 1.51430981532e-006, 4.35107345709e-008, 3.81893350276e-010, 4.06511282969e-011]
        median: [2.32956949731e-007, 2.75218044408e-005, 0.000106240317109, 0.000135877489811, 0.000394981820136, 0.000237076543272, 0.000105548111605, 5.69185358472e-005, 6.40108191874e-005, 4.30686341133e-005, 2.54249134741e-005, 2.6122739655e-005, 2.21113659791e-005, 2.1513826141e-005, 5.44094582438e-005, 0.000167087535374, 0.000304914196022, 0.000253425037954, 0.000381439342164, 0.000244327646215, 0.000129213847686, 2.23535607802e-005, 5.23388098372e-006, 2.1969581212e-006, 7.59933868721e-007, 1.66500004894e-008, 1.64862470897e-010, 1.10311291351e-011]
        min: [1.24887780569e-023, 2.04220942232e-023, 5.18114810092e-024, 1.24892505846e-023, 3.28517873872e-023, 8.9030967981e-024, 1.55984038476e-023, 3.61229348148e-023, 7.70689399606e-023, 5.64838102764e-023, 5.92495313665e-023, 8.63835949593e-023, 1.35907670433e-022, 3.70560878459e-023, 1.10354648177e-022, 3.42657101193e-023, 2.17035451212e-022, 1.93300696545e-022, 1.71473912418e-022, 2.914077175e-022, 4.59623583892e-022, 5.33268810726e-022, 6.61307574697e-022, 7.16082188449e-022, 1.22118858913e-021, 1.73632056625e-021, 2.24876562003e-021, 5.68668495775e-022]
        var: [5.43560639207e-013, 2.02603054333e-008, 1.04080129404e-007, 1.01937175145e-007, 1.48309948145e-006, 1.7524148177e-007, 8.03730486609e-008, 5.2357588487e-008, 4.46309122992e-008, 1.88363937781e-008, 1.27842287867e-008, 1.40081910516e-008, 5.48859135918e-009, 1.44531886459e-009, 4.72523753459e-009, 4.02547968292e-008, 2.83983354166e-007, 1.77038842253e-007, 3.32856672003e-007, 8.31865349937e-008, 3.0400006068e-008, 1.0929053218e-008, 3.67554986447e-010, 4.40450731443e-011, 8.82017289067e-012, 1.44266922627e-014, 4.75657700142e-019, 5.41270884482e-021]
    mfcc:
        mean: [-737.965148926, 114.432472229, -35.4900398254, 56.8370704651, -7.2608628273, -15.2111816406, -8.273645401, -2.63759064674, -3.81292653084, -9.68429851532, -10.5286045074, -4.08872175217, -4.94426822662]
        cov: [[11118.5537109, -2250.85424805, -1819.13818359, 1939.36999512, -735.260009766, 249.913711548, 22.3827972412, 232.381439209, 114.362632751, 27.2479686737, -35.2565803528, 16.385684967, 18.9491901398], [-2250.85424805, 1084.65063477, 239.675689697, -360.920257568, 131.212966919, -100.515686035, 4.89534664154, -99.1046066284, -18.0388908386, -29.2047920227, -5.71036434174, -7.00020265579, -15.469004631], [-1819.13818359, 239.675689697, 756.149719238, -368.097625732, 217.366119385, 85.3941421509, -21.2470531464, 22.8603153229, 10.5579195023, 43.9696273804, 18.7497348785, 0.661584675312, 11.5068407059], [1939.36999512, -360.920257568, -368.097625732, 567.917297363, -94.4951400757, 85.3622436523, 21.1835517883, 15.7242975235, 27.1930847168, 5.29213619232, -4.61428451538, -0.954697966576, 3.30878686905], [-735.260009766, 131.212966919, 217.366119385, -94.4951400757, 184.946899414, 22.8255844116, 16.3810157776, 4.94315719604, 3.85463857651, 17.4466514587, 1.14358508587, 2.30455040932, -0.928669691086], [249.913711548, -100.515686035, 85.3941421509, 85.3622436523, 22.8255844116, 165.955169678, 41.1834182739, 20.9973468781, 12.1331510544, 23.8326091766, 16.386341095, 5.75221443176, 16.7869186401], [22.3827972412, 4.89534664154, -21.2470531464, 21.1835517883, 16.3810157776, 41.1834182739, 97.0920944214, 16.0352325439, -3.8290874958, 7.72218561172, 11.5664558411, 11.9983568192, 9.7061214447], [232.381439209, -99.1046066284, 22.8603153229, 15.7242975235, 4.94315719604, 20.9973468781, 16.0352325439, 87.9786148071, 45.4412536621, 17.8200569153, 2.98593831062, 5.06838703156, 8.3387260437], [114.362632751, -18.0388908386, 10.5579195023, 27.1930847168, 3.85463857651, 12.1331510544, -3.8290874958, 45.4412536621, 87.6726913452, 29.2357025146, 8.1013250351, 4.77583885193, 3.5843539238], [27.2479686737, -29.2047920227, 43.9696273804, 5.29213619232, 17.4466514587, 23.8326091766, 7.72218561172, 17.8200569153, 29.2357025146, 60.2107391357, 23.6893081665, 7.83500385284, 4.08220148087], [-35.2565803528, -5.71036434174, 18.7497348785, -4.61428451538, 1.14358508587, 16.386341095, 11.5664558411, 2.98593831062, 8.1013250351, 23.6893081665, 56.409034729, 22.2385997772, 9.24323368073], [16.385684967, -7.00020265579, 0.661584675312, -0.954697966576, 2.30455040932, 5.75221443176, 11.9983568192, 5.06838703156, 4.77583885193, 7.83500385284, 22.2385997772, 50.4621429443, 30.0833187103], [18.9491901398, -15.469004631, 11.5068407059, 3.30878686905, -0.928669691086, 16.7869186401, 9.7061214447, 8.3387260437, 3.5843539238, 4.08220148087, 9.24323368073, 30.0833187103, 51.8911476135]]
        icov: [[0.000459567585494, 0.000367270986317, 0.00045000272803, -0.000883795437403, 0.000653078721371, -0.000333722564392, 0.000359234836651, -0.000863330904394, 0.00027999834856, -0.000385910447221, 0.000399485928938, -0.000414853682742, 0.000269784359261], [0.000367270986317, 0.00184160575736, 0.000200901922653, -5.72103954255e-006, -0.000150041203597, 0.000422467739554, -0.000677896488924, 0.00159275287297, -0.00124974781647, 0.000593419303186, 0.000213718012674, -5.58161082154e-005, 0.000136116068461], [0.00045000272803, 0.000200901922653, 0.00436488399282, 0.00148459454067, -0.00237199710682, -0.00351827405393, 0.00287971715443, -0.00194745813496, 0.000692049856298, -0.00149953051005, 5.16209038324e-005, 0.000241696034209, -0.000376140873414], [-0.000883795437403, -5.72103954255e-006, 0.00148459454067, 0.00574855552986, -0.00212464667857, -0.00232085608877, 6.55010589981e-005, 0.00241390638985, -0.00182400096674, 0.000512916420121, -0.000259958178503, 0.000985591788776, -0.000501545029692], [0.000653078721371, -0.000150041203597, -0.00237199710682, -0.00212464667857, 0.0101699009538, 0.00035367012606, -0.00188781192992, -0.00126428587828, 0.000631074304692, -0.00204132706858, 0.00244738836773, -0.00213866028935, 0.00192303583026], [-0.000333722564392, 0.000422467739554, -0.00351827405393, -0.00232085608877, 0.00035367012606, 0.0112934764475, -0.00511839007959, 0.00149345491081, -0.000652193557471, -0.000341606326401, -0.00179872498848, 0.00252416986041, -0.00282481405884], [0.000359234836651, -0.000677896488924, 0.00287971715443, 6.55010589981e-005, -0.00188781192992, -0.00511839007959, 0.0149510093033, -0.00548804877326, 0.00405983487144, -0.00157571712043, -0.0010736520635, -0.00231066392735, 0.00010572247993], [-0.000863330904394, 0.00159275287297, -0.00194745813496, 0.00241390638985, -0.00126428587828, 0.00149345491081, -0.00548804877326, 0.0218954589218, -0.0113734416664, 0.00153687561397, 0.000844192516524, 0.001337543712, -0.00219084904529], [0.00027999834856, -0.00124974781647, 0.000692049856298, -0.00182400096674, 0.000631074304692, -0.000652193557471, 0.00405983487144, -0.0113734416664, 0.020055802539, -0.00796507392079, 0.000518129672855, -0.00142407556996, 0.000753165746573], [-0.000385910447221, 0.000593419303186, -0.00149953051005, 0.000512916420121, -0.00204132706858, -0.000341606326401, -0.00157571712043, 0.00153687561397, -0.00796507392079, 0.0260641407222, -0.00966770015657, 0.00150361307897, 8.95152043086e-005], [0.000399485928938, 0.000213718012674, 5.16209038324e-005, -0.000259958178503, 0.00244738836773, -0.00179872498848, -0.0010736520635, 0.000844192516524, 0.000518129672855, -0.00966770015657, 0.0269045680761, -0.0125119751319, 0.00379980891012], [-0.000414853682742, -5.58161082154e-005, 0.000241696034209, 0.000985591788776, -0.00213866028935, 0.00252416986041, -0.00231066392735, 0.001337543712, -0.00142407556996, 0.00150361307897, -0.0125119751319, 0.0376719199121, -0.0202502440661], [0.000269784359261, 0.000136116068461, -0.000376140873414, -0.000501545029692, 0.00192303583026, -0.00282481405884, 0.00010572247993, -0.00219084904529, 0.000753165746573, 8.95152043086e-005, 0.00379980891012, -0.0202502440661, 0.0316130332649]]
    sccoeffs:
        dmean: [0.0490270480514, 0.04255271703, 0.0332246422768, 0.0267946254462, 0.0204621907324, 0.0169484764338]
        dmean2: [0.0811609327793, 0.069821856916, 0.0545477643609, 0.0448683872819, 0.033943451941, 0.0264666005969]
        dvar: [0.00190203334205, 0.00126089842524, 0.000727869512048, 0.000472652056487, 0.000325632485328, 0.0002774852328]
        dvar2: [0.00519548775628, 0.00340358819813, 0.00193529122043, 0.00127933430485, 0.000852331577335, 0.000607370806392]
        max: [-0.26800262928, -0.403247833252, -0.45506504178, -0.577877879143, -0.5461191535, -0.572063624859]
        mean: [-0.644102752209, -0.740855157375, -0.786129295826, -0.799534022808, -0.784053325653, -0.751911640167]
        median: [-0.651442050934, -0.744815051556, -0.791016817093, -0.800978302956, -0.786582052708, -0.744628846645]
        min: [-0.974983096123, -0.968017697334, -0.963033795357, -0.958537936211, -0.962243378162, -0.964789271355]
        var: [0.00584335671738, 0.00424999929965, 0.00280223740265, 0.00158564280719, 0.00145504472312, 0.00255826837383]
    scvalleys:
        dmean: [0.339384824038, 0.326849162579, 0.281379401684, 0.250958740711, 0.206353753805, 0.267203241587]
        dmean2: [0.551352858543, 0.531902849674, 0.452103763819, 0.404900312424, 0.32393142581, 0.431217670441]
        dvar: [0.0863344147801, 0.0916524007916, 0.0614086985588, 0.0641630142927, 0.06188550964, 0.123112358153]
        dvar2: [0.213190287352, 0.227041453123, 0.142125844955, 0.142743378878, 0.129843682051, 0.291001647711]
        max: [-5.13303995132, -4.32442569733, -5.02227210999, -5.80478858948, -5.49749565125, -7.35779523849]
        mean: [-6.93066501617, -6.66238212585, -7.31982564926, -7.68095254898, -7.47932577133, -10.4519062042]
        median: [-6.63858509064, -6.4795460701, -7.02466392517, -7.19650650024, -6.6350569725, -9.54433345795]
        min: [-27.3029174805, -27.597743988, -27.2913856506, -27.3271446228, -27.290058136, -27.2765903473]
        var: [1.28280055523, 0.977274894714, 1.10702848434, 1.43166315556, 3.04527258873, 3.63655114174]

rhythm:
    beats_loudness:
        dmean: 0.00119000847917
        dmean2: 0.00204130611382
        dvar: 1.55261534474e-006
        dvar2: 4.23618848799e-006
        max: 0.0152306919917
        mean: 0.00480494648218
        median: 0.00540699111298
        min: 3.55242224526e-011
        var: 8.82910990185e-006
    bpm: 144.594451904
    bpm_confidence: 0
    first_peak_bpm: 144
    first_peak_spread: 0.498687654734
    first_peak_weight: 0.190049752593
    onset_rate: 3.01581835747
    second_peak_bpm: 92
    second_peak_spread: 0.542222261429
    second_peak_weight: 0.102487564087
    beats_loudness_band_ratio:
        dmean: [0.120737165213, 0.125358387828, 0.0806234702468, 0.0393691696227, 0.0751105546951, 0.0588540993631]
        dmean2: [0.211263179779, 0.2212254107, 0.137484148145, 0.0712703168392, 0.130944743752, 0.102933824062]
        dvar: [0.0127934832126, 0.0118382414803, 0.00755673134699, 0.00214548083022, 0.00467766774818, 0.00418321089819]
        dvar2: [0.0374019183218, 0.0339402146637, 0.0212876591831, 0.00627682823688, 0.0135980974883, 0.0123682161793]
        max: [0.833174705505, 0.821799874306, 0.70673084259, 0.440413802862, 0.65947920084, 0.558456122875]
        mean: [0.195297792554, 0.244193688035, 0.152578890324, 0.0650133565068, 0.223497569561, 0.161887094378]
        median: [0.158063232899, 0.210870325565, 0.118050962687, 0.0522067248821, 0.219638317823, 0.165323287249]
        min: [0, 0, 0, 0, 0, 0]
        var: [0.0221015196294, 0.0226238165051, 0.0132526224479, 0.00261862040497, 0.0173519719392, 0.011074308306]
