
metadata:
    version:
        essentia: "2.1-beta2"
    audio_properties:
        analysis_sample_rate: 44100
        bitrate: 192
        channels: 2
        equal_loudness: 1
        length: 286.249786377
        replay_gain: -13.5729846954
        downmix: "mix"
    tags:
        album: "Wishmaster"
        artist: "Nightwish"
        comment: "880C910B"
        date: "2000"
        genre: "Rock"
        title: "She Is My Sin"
        tracknumber: "1"

configuration:
    average_loudness:
        compute: 1
        frameSize: 88200
        hopSize: 44100
        silentFrames: "noise"
        windowType: "hann"
    general:
        analysisSampleRate: 44100
        endTime: 2000
        equalLoudness: 1
        nequalLoudness: 0
        shortSound: 0
        startTime: 0
    lowlevel:
        compute: 1
        frameSize: 2048
        hopSize: 1024
        zeroPadding: 0
        silentFrames: "noise"
        windowType: "blackmanharris62"
        mfccStats: ["mean", "cov", "icov"]
        stats: ["mean", "var", "median", "min", "max", "dmean", "dmean2", "dvar", "dvar2"]
    panning:
        compute: 0
        frameSize: 8192
        hopSize: 2048
        zeroPadding: 8192
        silentFrames: "noise"
        windowType: "hann"
        stats: ["copy"]
    rhythm:
        compute: 1
        maxTempo: 208
        minTempo: 40
        method: "degara"
        stats: ["mean", "var", "median", "min", "max", "dmean", "dmean2", "dvar", "dvar2"]
    segmentation:
        compute: 0
        cpw: 5
        inc1: 300
        inc2: 50
        minimumSegmentsLength: 10
        size1: 1000
        size2: 600
    sfx:
        compute: 1
        stats: ["mean", "var", "median", "min", "max", "dmean", "dmean2", "dvar", "dvar2"]
    svm:
        compute: 0
    tonal:
        compute: 1
        frameSize: 4096
        hopSize: 2048
        zeroPadding: 0
        silentFrames: "noise"
        windowType: "blackmanharris62"
        stats: ["mean", "var", "median", "min", "max", "dmean", "dmean2", "dvar", "dvar2"]

lowlevel:
    average_loudness: 0.918276429176
    barkbands_kurtosis:
        dmean: 0.594319522381
        dmean2: 0.964466273785
        dvar: 5.80591487885
        dvar2: 14.6010875702
        max: 185.877243042
        mean: -0.85126721859
        median: -1.29119563103
        min: -1.89809346199
        var: 7.06080770493
    barkbands_skewness:
        dmean: 0.36299726367
        dmean2: 0.575159072876
        dvar: 0.115110129118
        dvar2: 0.278470903635
        max: 12.2026691437
        mean: -0.153009489179
        median: -0.19192455709
        min: -2.84817147255
        var: 0.584783732891
    barkbands_spread:
        dmean: 5.73628997803
        dmean2: 9.23058223724
        dvar: 28.2830753326
        dvar2: 71.5024871826
        max: 81.3263931274
        mean: 37.9973373413
        median: 38.1618690491
        min: 0.585137665272
        var: 98.2800750732
    dissonance:
        dmean: 0.0120371785015
        dmean2: 0.0201753489673
        dvar: 0.000167481601238
        dvar2: 0.000449643353932
        max: 0.500000059605
        mean: 0.477126479149
        median: 0.48232832551
        min: 0.230547517538
        var: 0.000428162253229
    hfc:
        dmean: 2.91596150398
        dmean2: 4.7944726944
        dvar: 11.7405996323
        dvar2: 30.9523410797
        max: 49.7466201782
        mean: 10.2062196732
        median: 9.59268951416
        min: 1.13364520615e-016
        var: 34.7331581116
    pitch:
        dmean: 894.475341797
        dmean2: 1723.91223145
        dvar: 1696421
        dvar2: 3958761
        max: 4596.73388672
        mean: 1769.41882324
        median: 663.797546387
        min: 65.3994674683
        var: 2323575
    pitch_instantaneous_confidence:
        dmean: 0.0869311839342
        dmean2: 0.139382526278
        dvar: 0.00546889659017
        dvar2: 0.0131657347083
        max: 0.979915559292
        mean: 0.447968959808
        median: 0.419794499874
        min: 0.103731036186
        var: 0.0254293177277
    pitch_salience:
        dmean: 0.0586590096354
        dmean2: 0.0950211063027
        dvar: 0.00255456170999
        dvar2: 0.00655370624736
        max: 0.973985135555
        mean: 0.610791027546
        median: 0.622223734856
        min: 0.073275655508
        var: 0.00972117483616
    silence_rate_20dB:
        dmean: 0
        dmean2: 0
        dvar: 0
        dvar2: 0
        max: 1
        mean: 1
        median: 1
        min: 1
        var: 0
    silence_rate_30dB:
        dmean: 0
        dmean2: 0
        dvar: 0
        dvar2: 0
        max: 1
        mean: 1
        median: 1
        min: 1
        var: 0
    silence_rate_60dB:
        dmean: 0.0517521090806
        dmean2: 0.103512614965
        dvar: 0.0490798652172
        dvar2: 0.112289100885
        max: 1
        mean: 0.162381380796
        median: 0
        min: 0
        var: 0.136016413569
    spectral_centroid:
        dmean: 267.360351563
        dmean2: 430.778076172
        dvar: 67711.59375
        dvar2: 166109.765625
        max: 11751.2109375
        mean: 1882.42370605
        median: 1882.02600098
        min: 243.853164673
        var: 410554.5625
    spectral_complexity:
        dmean: 3.96301102638
        dmean2: 6.43611574173
        dvar: 16.8276138306
        dvar2: 41.1163482666
        max: 47
        mean: 17.0352020264
        median: 17
        min: 0
        var: 67.3351364136
    spectral_crest:
        dmean: 1.85667276382
        dmean2: 3.06892299652
        dvar: 3.07120609283
        dvar2: 7.64812326431
        max: 26.4313964844
        mean: 6.96191692352
        median: 6.11851358414
        min: 2.42724275589
        var: 9.53193855286
    spectral_decrease:
        dmean: 2.68803368453e-010
        dmean2: 4.38456493335e-010
        dvar: 9.02570176699e-020
        dvar2: 2.33076309711e-019
        max: 1.85729196784e-028
        mean: -1.15699561043e-009
        median: -1.12824394272e-009
        min: -3.71462482995e-009
        var: 2.95349309657e-019
    spectral_energy:
        dmean: 0.00123973039445
        dmean2: 0.00202183588408
        dvar: 1.94845870283e-006
        dvar2: 5.05115986016e-006
        max: 0.0177148301154
        mean: 0.00529249524698
        median: 0.00515520107001
        min: 1.02759104612e-020
        var: 6.32757155472e-006
    spectral_energyband_high:
        dmean: 0.000234224367887
        dmean2: 0.000401372875785
        dvar: 1.31770633516e-007
        dvar2: 3.46963702214e-007
        max: 0.005894404836
        mean: 0.000460019713501
        median: 0.000330476614181
        min: 7.23795960681e-021
        var: 2.06628612887e-007
    spectral_energyband_low:
        dmean: 0.000348638277501
        dmean2: 0.000585719826631
        dvar: 2.09003431451e-007
        dvar2: 5.62317268304e-007
        max: 0.00560994818807
        mean: 0.000697682262398
        median: 0.000554634840228
        min: 3.09558390876e-023
        var: 3.6611046994e-007
    spectral_energyband_middle_high:
        dmean: 0.000709827872925
        dmean2: 0.00114639697131
        dvar: 5.46972728444e-007
        dvar2: 1.426679205e-006
        max: 0.0119067458436
        mean: 0.00267508928664
        median: 0.00252793147229
        min: 1.23730265715e-021
        var: 2.43879935624e-006
    spectral_energyband_middle_low:
        dmean: 0.000598253624048
        dmean2: 0.000965569808614
        dvar: 5.74349940052e-007
        dvar2: 1.47682726492e-006
        max: 0.00760359410197
        mean: 0.00161428446881
        median: 0.00130871986039
        min: 1.80926750604e-022
        var: 1.38898201385e-006
    spectral_flatness_db:
        dmean: 0.013001778163
        dmean2: 0.020243037492
        dvar: 0.000149677405716
        dvar2: 0.000324872118654
        max: 0.38649943471
        mean: 0.134667143226
        median: 0.13054458797
        min: 0.0485892556608
        var: 0.00100766983815
    spectral_flux:
        dmean: 0.007836679928
        dmean2: 0.0121779553592
        dvar: 5.88597940805e-005
        dvar2: 0.000130752101541
        max: 0.0959975421429
        mean: 0.0419528000057
        median: 0.0423584803939
        min: 6.64580682153e-011
        var: 0.000221285154112
    spectral_kurtosis:
        dmean: 0.747043430805
        dmean2: 1.2507673502
        dvar: 0.546502351761
        dvar2: 1.52646720409
        max: 12.5817909241
        mean: 2.95787811279
        median: 2.83392214775
        min: -1.24660122395
        var: 1.70243799686
    spectral_rms:
        dmean: 0.000256129016634
        dmean2: 0.000411196378991
        dvar: 6.88169734531e-008
        dvar2: 1.73328189135e-007
        max: 0.00415725400671
        mean: 0.00218259473331
        median: 0.00224264664575
        min: 3.16627193214e-012
        var: 3.99671421292e-007
    spectral_rolloff:
        dmean: 312.549224854
        dmean2: 523.353149414
        dvar: 203840.4375
        dvar2: 468394.71875
        max: 19186.0839844
        mean: 3487.48510742
        median: 3488.37890625
        min: 150.732421875
        var: 846076.25
    spectral_skewness:
        dmean: 0.130752846599
        dmean2: 0.215544477105
        dvar: 0.0155598558486
        dvar2: 0.0391748808324
        max: 3.13595294952
        mean: 1.25116729736
        median: 1.22502636909
        min: -0.0814113840461
        var: 0.0729319155216
    spectral_spread:
        dmean: 450546.09375
        dmean2: 650549.125
        dvar: 463252586496
        dvar2: 853252898816
        max: 42625960
        mean: 5168320
        median: 4910761
        min: 2423056.25
        var: 3.93547166515e+012
    spectral_strongpeak:
        dmean: 0.649351119995
        dmean2: 1.12440431118
        dvar: 1.02021920681
        dvar2: 2.56466364861
        max: 10.587141037
        mean: 0.88622045517
        median: 0.373983830214
        min: 0
        var: 1.57552170753
    zerocrossingrate:
        dmean: 0.00781570840627
        dmean2: 0.0097571881488
        dvar: 5.68129544263e-005
        dvar2: 7.47237936594e-005
        max: 0.53271484375
        mean: 0.107387296855
        median: 0.1083984375
        min: 0.017578125
        var: 0.000785598298535
    barkbands:
        dmean: [5.4428335261e-007, 0.000124948332086, 0.000215447944356, 0.000178816757398, 0.000159477713169, 8.12877406133e-005, 0.000161022166139, 0.000162194904988, 0.000181352443178, 6.48896602797e-005, 4.59676703031e-005, 4.52849235444e-005, 4.08200830861e-005, 5.9896872699e-005, 7.3457682447e-005, 7.72927742219e-005, 0.000195421118406, 0.000248910626397, 0.000346211745637, 0.000194542546524, 0.000119624484796, 3.53866162186e-005, 9.32058810577e-006, 3.29176623381e-006, 1.99856208383e-006, 6.01191487704e-008, 6.34170937985e-010]
        dmean2: [8.74979946275e-007, 0.000217358538066, 0.000360216450645, 0.000301889696857, 0.000258215353824, 0.000126626997371, 0.000254708167631, 0.00025717203971, 0.000290890951874, 0.000103597863927, 7.30873362045e-005, 7.21167525626e-005, 6.65000770823e-005, 9.5643401437e-005, 0.00011901207472, 0.000126534869196, 0.000322675943607, 0.00041037047049, 0.000568541116081, 0.00033029934275, 0.00020727494848, 5.93352524447e-005, 1.56613150466e-005, 5.08350740347e-006, 3.02926082441e-006, 8.73062617757e-008, 9.37686039926e-010]
        dvar: [7.88122280111e-013, 3.5707575563e-008, 9.36656618933e-008, 9.57332702001e-008, 6.70813165016e-008, 1.72868777071e-008, 8.85970621312e-008, 1.06982000148e-007, 1.57440936732e-007, 3.42864829861e-008, 6.5426353224e-009, 9.72300373547e-009, 7.66347074688e-009, 1.21007328602e-008, 2.42802418171e-008, 1.26264634304e-008, 6.51214691061e-008, 1.04350100116e-007, 1.86525582535e-007, 6.84468659529e-008, 3.64274939102e-008, 2.74193823202e-009, 2.65260785559e-010, 4.68302133183e-011, 2.81802012281e-011, 1.46434479939e-014, 1.10424744706e-018]
        dvar2: [1.82414825432e-012, 9.83972938684e-008, 2.45801032861e-007, 2.53980402931e-007, 1.77619867259e-007, 3.9395423812e-008, 2.17450391915e-007, 2.60303124833e-007, 4.09701470971e-007, 8.17983618617e-008, 1.57207953322e-008, 2.28622951681e-008, 1.92461566684e-008, 2.70715538875e-008, 5.93000493154e-008, 3.16289607838e-008, 1.72593516368e-007, 2.64304418351e-007, 4.86284591261e-007, 1.79532705147e-007, 9.8498375678e-008, 6.86181644838e-009, 6.48671338865e-010, 1.01557623422e-010, 5.54097184802e-011, 2.78251373494e-014, 1.98828431902e-018]
        max: [8.37924471853e-006, 0.00165220571216, 0.00468844175339, 0.00413891812786, 0.00371714960784, 0.00344951287843, 0.00505690835416, 0.00468996167183, 0.0061695119366, 0.00528006860986, 0.00194476405159, 0.00294025638141, 0.00232764938846, 0.00309461960569, 0.00327845243737, 0.00351128447801, 0.00564274797216, 0.00668689934537, 0.0079659819603, 0.00449951598421, 0.00286837364547, 0.00112469133455, 0.000424638972618, 0.000158880211529, 0.000148765175254, 2.76930245491e-006, 3.06982350651e-008]
        mean: [5.40869962151e-007, 0.000176099187229, 0.000403084617574, 0.000231934653129, 0.000306165078655, 0.000171838473761, 0.000285205693217, 0.000263363792328, 0.00030559769948, 0.000119156364235, 8.23223163025e-005, 7.56802983233e-005, 7.01306707924e-005, 0.00010467148968, 0.00011879804515, 0.00015176863235, 0.000399139069486, 0.000526172865648, 0.000831715064123, 0.000355385884177, 0.00021360781102, 7.18531373423e-005, 1.63472886925e-005, 7.66695939092e-006, 4.12431290897e-006, 1.23578715261e-007, 1.07715025788e-009]
        median: [1.575887012e-007, 0.000113441798021, 0.000283231289359, 0.000111092667794, 0.000193252548343, 9.51594411163e-005, 0.000112343339424, 7.57995367167e-005, 9.6871968708e-005, 4.85305172333e-005, 4.23316596425e-005, 3.84835475415e-005, 3.81158715754e-005, 6.39730642433e-005, 5.63327266718e-005, 0.000108478605398, 0.000312666845275, 0.000421288103098, 0.000669747591019, 0.000262074609054, 0.000146476741065, 4.86377794005e-005, 9.63385537034e-006, 4.31839907833e-006, 1.91448543774e-006, 6.3428664987e-008, 4.28065694003e-010]
        min: [1.69125940509e-024, 2.76575895548e-024, 1.23897872546e-024, 8.93162319172e-025, 6.3953908108e-024, 8.5828208483e-024, 2.24624640219e-023, 1.18137647687e-023, 1.97719639745e-023, 1.89830399604e-023, 1.66498655041e-023, 3.94420607626e-023, 3.68775118251e-023, 5.59501932056e-023, 7.10754903471e-023, 7.14977896778e-023, 8.96090389414e-023, 1.06250779178e-022, 1.45757375074e-022, 1.86770670055e-022, 2.93760769673e-022, 2.93110924992e-022, 4.77357479964e-022, 5.4887851264e-022, 9.03469040912e-022, 1.44206964259e-021, 2.13364796854e-021]
        var: [8.26351357133e-013, 3.88012431074e-008, 1.84514917123e-007, 1.21928835028e-007, 1.2235682334e-007, 5.47569065645e-008, 2.10260267863e-007, 2.35675940985e-007, 3.41256765068e-007, 8.87679263428e-008, 1.8439644478e-008, 1.95472029674e-008, 1.5638990547e-008, 2.56951633304e-008, 4.78059440923e-008, 2.66798441118e-008, 1.31723936647e-007, 2.19080448005e-007, 4.93787297273e-007, 1.14987678046e-007, 5.18496001689e-008, 5.47540901508e-009, 4.21406826101e-010, 1.21836082889e-010, 8.36921018599e-011, 4.15348128341e-014, 3.30634761467e-018]
    frequency_bands:
        dmean: [5.4428335261e-007, 0.000124948332086, 0.000215447944356, 0.000178816757398, 0.000159477713169, 8.12877406133e-005, 0.000161022166139, 0.000162194904988, 0.000181352443178, 6.48896602797e-005, 4.59676703031e-005, 4.52849235444e-005, 4.08200830861e-005, 5.9896872699e-005, 7.3457682447e-005, 7.72927742219e-005, 0.000195421118406, 0.000248910626397, 0.000346211745637, 0.000194542546524, 0.000119624484796, 3.53866162186e-005, 9.32058810577e-006, 3.29176623381e-006, 1.99856208383e-006, 6.01191487704e-008, 6.34170937985e-010, 5.84901224676e-011]
        dmean2: [8.74979946275e-007, 0.000217358538066, 0.000360216450645, 0.000301889696857, 0.000258215353824, 0.000126626997371, 0.000254708167631, 0.00025717203971, 0.000290890951874, 0.000103597863927, 7.30873362045e-005, 7.21167525626e-005, 6.65000770823e-005, 9.5643401437e-005, 0.00011901207472, 0.000126534869196, 0.000322675943607, 0.00041037047049, 0.000568541116081, 0.00033029934275, 0.00020727494848, 5.93352524447e-005, 1.56613150466e-005, 5.08350740347e-006, 3.02926082441e-006, 8.73062617757e-008, 9.37686039926e-010, 1.08831367529e-010]
        dvar: [7.88122280111e-013, 3.5707575563e-008, 9.36656618933e-008, 9.57332702001e-008, 6.70813165016e-008, 1.72868777071e-008, 8.85970621312e-008, 1.06982000148e-007, 1.57440936732e-007, 3.42864829861e-008, 6.5426353224e-009, 9.72300373547e-009, 7.66347074688e-009, 1.21007328602e-008, 2.42802418171e-008, 1.26264634304e-008, 6.51214691061e-008, 1.04350100116e-007, 1.86525582535e-007, 6.84468659529e-008, 3.64274939102e-008, 2.74193823202e-009, 2.65260785559e-010, 4.68302133183e-011, 2.81802012281e-011, 1.46434479939e-014, 1.10424744706e-018, 6.96403438488e-021]
        dvar2: [1.82414825432e-012, 9.83972938684e-008, 2.45801032861e-007, 2.53980402931e-007, 1.77619867259e-007, 3.9395423812e-008, 2.17450391915e-007, 2.60303124833e-007, 4.09701470971e-007, 8.17983618617e-008, 1.57207953322e-008, 2.28622951681e-008, 1.92461566684e-008, 2.70715538875e-008, 5.93000493154e-008, 3.16289607838e-008, 1.72593516368e-007, 2.64304418351e-007, 4.86284591261e-007, 1.79532705147e-007, 9.8498375678e-008, 6.86181644838e-009, 6.48671338865e-010, 1.01557623422e-010, 5.54097184802e-011, 2.78251373494e-014, 1.98828431902e-018, 2.19494815078e-020]
        max: [8.37924471853e-006, 0.00165220571216, 0.00468844175339, 0.00413891812786, 0.00371714960784, 0.00344951287843, 0.00505690835416, 0.00468996167183, 0.0061695119366, 0.00528006860986, 0.00194476405159, 0.00294025638141, 0.00232764938846, 0.00309461960569, 0.00327845243737, 0.00351128447801, 0.00564274797216, 0.00668689934537, 0.0079659819603, 0.00449951598421, 0.00286837364547, 0.00112469133455, 0.000424638972618, 0.000158880211529, 0.000148765175254, 2.76930245491e-006, 3.06982350651e-008, 1.19165521895e-009]
        mean: [5.40869962151e-007, 0.000176099187229, 0.000403084617574, 0.000231934653129, 0.000306165078655, 0.000171838473761, 0.000285205693217, 0.000263363792328, 0.00030559769948, 0.000119156364235, 8.23223163025e-005, 7.56802983233e-005, 7.01306707924e-005, 0.00010467148968, 0.00011879804515, 0.00015176863235, 0.000399139069486, 0.000526172865648, 0.000831715064123, 0.000355385884177, 0.00021360781102, 7.18531373423e-005, 1.63472886925e-005, 7.66695939092e-006, 4.12431290897e-006, 1.23578715261e-007, 1.07715025788e-009, 4.59022438115e-011]
        median: [1.575887012e-007, 0.000113441798021, 0.000283231289359, 0.000111092667794, 0.000193252548343, 9.51594411163e-005, 0.000112343339424, 7.57995367167e-005, 9.6871968708e-005, 4.85305172333e-005, 4.23316596425e-005, 3.84835475415e-005, 3.81158715754e-005, 6.39730642433e-005, 5.63327266718e-005, 0.000108478605398, 0.000312666845275, 0.000421288103098, 0.000669747591019, 0.000262074609054, 0.000146476741065, 4.86377794005e-005, 9.63385537034e-006, 4.31839907833e-006, 1.91448543774e-006, 6.3428664987e-008, 4.28065694003e-010, 1.78392821348e-011]
        min: [1.69125940509e-024, 2.76575895548e-024, 1.23897872546e-024, 8.93162319172e-025, 6.3953908108e-024, 8.5828208483e-024, 2.24624640219e-023, 1.18137647687e-023, 1.97719639745e-023, 1.89830399604e-023, 1.66498655041e-023, 3.94420607626e-023, 3.68775118251e-023, 5.59501932056e-023, 7.10754903471e-023, 7.14977896778e-023, 8.96090389414e-023, 1.06250779178e-022, 1.45757375074e-022, 1.86770670055e-022, 2.93760769673e-022, 2.93110924992e-022, 4.77357479964e-022, 5.4887851264e-022, 9.03469040912e-022, 1.44206964259e-021, 2.13364796854e-021, 5.2768084824e-022]
        var: [8.26351357133e-013, 3.88012431074e-008, 1.84514917123e-007, 1.21928835028e-007, 1.2235682334e-007, 5.47569065645e-008, 2.10260267863e-007, 2.35675940985e-007, 3.41256765068e-007, 8.87679263428e-008, 1.8439644478e-008, 1.95472029674e-008, 1.5638990547e-008, 2.56951633304e-008, 4.78059440923e-008, 2.66798441118e-008, 1.31723936647e-007, 2.19080448005e-007, 4.93787297273e-007, 1.14987678046e-007, 5.18496001689e-008, 5.47540901508e-009, 4.21406826101e-010, 1.21836082889e-010, 8.36921018599e-011, 4.15348128341e-014, 3.30634761467e-018, 5.49733127941e-021]
    mfcc:
        mean: [-693.764526367, 90.8027496338, -39.7481842041, 58.1870422363, -9.01476764679, -7.9697561264, 1.68148446083, 3.2948050499, -1.2250674963, -1.28409910202, 4.52832698822, -0.238740503788, -5.04155492783]
        cov: [[5308.69873047, 301.937957764, -330.265258789, 556.741455078, -135.253829956, 64.0900268555, -27.6702346802, 7.64754247665, 35.4607658386, -99.4069671631, -3.64984250069, -51.3324737549, -143.870178223], [301.937957764, 533.628967285, -172.545135498, 103.733299255, -11.1229705811, -64.6080856323, -6.09192752838, 16.3973503113, -14.5287313461, 17.7564888, 34.5833053589, 14.7809524536, -16.6737346649], [-330.265258789, -172.545135498, 302.178710938, -57.0945510864, 43.6073608398, 30.8838539124, 12.1146678925, -13.2202177048, 4.15103626251, -3.70024728775, -20.7102279663, -4.15236091614, 35.0300674438], [556.741455078, 103.733299255, -57.0945510864, 230.920120239, 30.6752338409, 49.652923584, -0.0369689278305, 2.82446265221, 18.536233902, -32.0334815979, -20.3306465149, -0.09190646559, -6.4297580719], [-135.253829956, -11.1229705811, 43.6073608398, 30.6752338409, 124.253585815, 16.0148582458, 3.61868286133, -5.63384723663, 8.64295578003, 3.66745948792, -2.60247325897, 7.89398956299, 15.5932426453], [64.0900268555, -64.6080856323, 30.8838539124, 49.652923584, 16.0148582458, 127.90196991, 50.7627105713, 10.212562561, 5.20648670197, -33.4168815613, -16.0711860657, -4.60925769806, -6.24064779282], [-27.6702346802, -6.09192752838, 12.1146678925, -0.0369689278305, 3.61868286133, 50.7627105713, 120.552536011, 51.277053833, 1.3862695694, -24.9972782135, 6.51490259171, 1.46216261387, -3.47111535072], [7.64754247665, 16.3973503113, -13.2202177048, 2.82446265221, -5.63384723663, 10.212562561, 51.277053833, 86.5714874268, 23.4353370667, 1.83691072464, 10.367857933, -3.3436460495, -3.52858161926], [35.4607658386, -14.5287313461, 4.15103626251, 18.536233902, 8.64295578003, 5.20648670197, 1.3862695694, 23.4353370667, 95.7902603149, 20.1837787628, 6.53564023972, -5.70384979248, -17.9389915466], [-99.4069671631, 17.7564888, -3.70024728775, -32.0334815979, 3.66745948792, -33.4168815613, -24.9972782135, 1.83691072464, 20.1837787628, 106.105903625, 41.9316673279, 12.2663326263, 6.14697790146], [-3.64984250069, 34.5833053589, -20.7102279663, -20.3306465149, -2.60247325897, -16.0711860657, 6.51490259171, 10.367857933, 6.53564023972, 41.9316673279, 79.318397522, 27.9570102692, -0.931719839573], [-51.3324737549, 14.7809524536, -4.15236091614, -0.09190646559, 7.89398956299, -4.60925769806, 1.46216261387, -3.3436460495, -5.70384979248, 12.2663326263, 27.9570102692, 66.6498413086, 31.5331439972], [-143.870178223, -16.6737346649, 35.0300674438, -6.4297580719, 15.5932426453, -6.24064779282, -3.47111535072, -3.52858161926, -17.9389915466, 6.14697790146, -0.931719839573, 31.5331439972, 89.2578048706]]
        icov: [[0.000294517492875, 5.88351831539e-005, 8.1328311353e-005, -0.000802362570539, 0.000422476150561, 0.000119208605611, 3.45040789398e-005, 2.8211834433e-005, 5.36358820682e-005, 0.000126190265291, -0.000283550849417, 0.000143827928696, 0.000281295069726], [5.88351831539e-005, 0.00285892840475, 0.00106158317067, -0.00174792692997, 2.76755454252e-005, 0.00191292492673, -0.000656187883578, -0.000285266112769, 0.000868881936185, -0.000326752953697, -0.000783949682955, -0.000127735955175, 0.000412541208789], [8.1328311353e-005, 0.00106158317067, 0.00472517684102, 0.000832034100313, -0.00133502448443, -0.000632000912447, -0.000560068583582, 0.000859547231812, -0.000561083783396, -8.85964254849e-005, 0.00053453311557, 0.000819368346129, -0.00165442028083], [-0.000802362570539, -0.00174792692997, 0.000832034100313, 0.0089254854247, -0.00274790613912, -0.00384850450791, 0.00161721429322, -0.000281095941318, -0.00190590647981, 0.00125587976072, 0.00204045698047, -0.000843088142574, -0.00119102525059], [0.000422476150561, 2.76755454252e-005, -0.00133502448443, -0.00274790613912, 0.00990911945701, -0.000136932139867, -0.000589669216424, 0.00104315998033, -0.000675468007103, -0.000705389888026, -0.000281225919025, -0.000380510522518, -0.000665930681862], [0.000119208605611, 0.00191292492673, -0.000632000912447, -0.00384850450791, -0.000136932139867, 0.0128895128146, -0.00557924993336, 0.00138950184919, 3.69236113329e-005, 0.00111392897088, 0.000426635204349, -0.000281800195808, 0.00131808919832], [3.45040789398e-005, -0.000656187883578, -0.000560068583582, 0.00161721429322, -0.000589669216424, -0.00557924993336, 0.0151374060661, -0.00852162949741, 0.00133511307649, 0.00330707198009, -0.00233472045511, -0.000683934777044, 0.000491890648846], [2.8211834433e-005, -0.000285266112769, 0.000859547231812, -0.000281095941318, 0.00104315998033, 0.00138950184919, -0.00852162949741, 0.0180638171732, -0.00445039244369, -0.00077877176227, -0.00109698181041, 0.00223537487909, -0.00170975166839], [5.36358820682e-005, 0.000868881936185, -0.000561083783396, -0.00190590647981, -0.000675468007103, 3.69236113329e-005, 0.00133511307649, -0.00445039244369, 0.0132984705269, -0.00297510041855, 5.14183120686e-005, -0.000254441198194, 0.00329627841711], [0.000126190265291, -0.000326752953697, -8.85964254849e-005, 0.00125587976072, -0.000705389888026, 0.00111392897088, 0.00330707198009, -0.00077877176227, -0.00297510041855, 0.0145874340087, -0.00738515425473, 0.00108054024167, -0.00149482814595], [-0.000283550849417, -0.000783949682955, 0.00053453311557, 0.00204045698047, -0.000281225919025, 0.000426635204349, -0.00233472045511, -0.00109698181041, 5.14183120686e-005, -0.00738515425473, 0.021098786965, -0.00893830507994, 0.00317542697303], [0.000143827928696, -0.000127735955175, 0.000819368346129, -0.000843088142574, -0.000380510522518, -0.000281800195808, -0.000683934777044, 0.00223537487909, -0.000254441198194, 0.00108054024167, -0.00893830507994, 0.0228236168623, -0.00834780838341], [0.000281295069726, 0.000412541208789, -0.00165442028083, -0.00119102525059, -0.000665930681862, 0.00131808919832, 0.000491890648846, -0.00170975166839, 0.00329627841711, -0.00149482814595, 0.00317542697303, -0.00834780838341, 0.0162052046508]]
    sccoeffs:
        dmean: [0.0500383079052, 0.0459684357047, 0.0374995395541, 0.0302100908011, 0.0230162627995, 0.0163793060929]
        dmean2: [0.0834066644311, 0.0750528946519, 0.0612652152777, 0.0492075271904, 0.0370650067925, 0.0269499793649]
        dvar: [0.00166057946626, 0.0013636702206, 0.000913752650376, 0.000578563020099, 0.000351990107447, 0.000203984745895]
        dvar2: [0.00454589212313, 0.00357175292447, 0.00231652962975, 0.00148270535283, 0.000860033731442, 0.000512721308041]
        max: [-0.331121742725, -0.410097628832, -0.443573564291, -0.496219664812, -0.583965659142, -0.588393509388]
        mean: [-0.659933567047, -0.728501498699, -0.770891666412, -0.787478268147, -0.773477435112, -0.754052519798]
        median: [-0.659985899925, -0.734915494919, -0.781764984131, -0.792811512947, -0.775843322277, -0.749348282814]
        min: [-0.973355472088, -0.982989668846, -0.97287017107, -0.968339085579, -0.975626826286, -0.963780403137]
        var: [0.0050946995616, 0.00590996956453, 0.00444186106324, 0.00236267992295, 0.00165807898156, 0.00149905355647]
    scvalleys:
        dmean: [0.374376565218, 0.336284577847, 0.275244623423, 0.262867540121, 0.248391643167, 0.254344254732]
        dmean2: [0.61139112711, 0.558697760105, 0.455012619495, 0.424535483122, 0.38983809948, 0.392540484667]
        dvar: [0.105104856193, 0.0924522206187, 0.0619462244213, 0.06279437989, 0.074790045619, 0.10576570034]
        dvar2: [0.243339344859, 0.227771177888, 0.141926988959, 0.140077099204, 0.157904356718, 0.217704162002]
        max: [-5.32898569107, -4.69585847855, -5.47881221771, -5.88376283646, -5.55074453354, -7.39900875092]
        mean: [-6.80774450302, -6.72272014618, -7.1665096283, -7.30551815033, -6.90681314468, -9.34654903412]
        median: [-6.59355115891, -6.54273891449, -6.94834184647, -7.08679151535, -6.67703723907, -9.16439151764]
        min: [-28.1857051849, -27.6619968414, -27.5805969238, -27.9828128815, -27.407781601, -27.3246994019]
        var: [1.72628498077, 1.73927021027, 1.66979169846, 1.61942183971, 1.73665893078, 1.62641084194]

rhythm:
    beats_loudness:
        dmean: 0.0017722051125
        dmean2: 0.00319607136771
        dvar: 1.85031331057e-006
        dvar2: 5.65506752537e-006
        max: 0.0124421520159
        mean: 0.00608114851639
        median: 0.00623166700825
        min: 1.58954203966e-011
        var: 5.58723286304e-006
    bpm: 152.900146484
    bpm_confidence: 0
    first_peak_bpm: 152
    first_peak_spread: 0.0561798140407
    first_peak_weight: 0.696132600307
    onset_rate: 3.26637816429
    second_peak_bpm: 157
    second_peak_spread: 0.00602410919964
    second_peak_weight: 0.227900549769
    beats_loudness_band_ratio:
        dmean: [0.112790904939, 0.0558500923216, 0.0992099270225, 0.0431256964803, 0.101930774748, 0.0858823955059]
        dmean2: [0.200871750712, 0.10009919852, 0.174832314253, 0.0734295174479, 0.182540535927, 0.150270715356]
        dvar: [0.00855592638254, 0.00345229171216, 0.0103272078559, 0.0027171431575, 0.00738571025431, 0.00421210657805]
        dvar2: [0.0247547123581, 0.0101307155564, 0.0305215325207, 0.00746055133641, 0.0228435918689, 0.0129940379411]
        max: [0.852674365044, 0.598402023315, 0.952800869942, 0.529963135719, 0.787031412125, 0.651696741581]
        mean: [0.224449127913, 0.0817315652966, 0.17122592032, 0.0691566169262, 0.240066260099, 0.242326930165]
        median: [0.217370942235, 0.0663902685046, 0.124819509685, 0.0521052256227, 0.222960799932, 0.244309350848]
        min: [0, 0, 0, 0, 0, 0]
        var: [0.0145348925143, 0.00412392336875, 0.0208026450127, 0.00314140622504, 0.0100882481784, 0.00831822864711]
