
metadata:
    version:
        essentia: "2.1-beta2"
    audio_properties:
        analysis_sample_rate: 44100
        bitrate: 192
        channels: 2
        equal_loudness: 1
        length: 274.468566895
        replay_gain: -13.6041946411
        downmix: "mix"
    tags:
        album: "Wishmaster"
        artist: "Nightwish"
        comment: "880C910B"
        date: "2000"
        genre: "Rock"
        title: "Come Cover Me"
        tracknumber: "3"

configuration:
    average_loudness:
        compute: 1
        frameSize: 88200
        hopSize: 44100
        silentFrames: "noise"
        windowType: "hann"
    general:
        analysisSampleRate: 44100
        endTime: 2000
        equalLoudness: 1
        nequalLoudness: 0
        shortSound: 0
        startTime: 0
    lowlevel:
        compute: 1
        frameSize: 2048
        hopSize: 1024
        zeroPadding: 0
        silentFrames: "noise"
        windowType: "blackmanharris62"
        mfccStats: ["mean", "cov", "icov"]
        stats: ["mean", "var", "median", "min", "max", "dmean", "dmean2", "dvar", "dvar2"]
    panning:
        compute: 0
        frameSize: 8192
        hopSize: 2048
        zeroPadding: 8192
        silentFrames: "noise"
        windowType: "hann"
        stats: ["copy"]
    rhythm:
        compute: 1
        maxTempo: 208
        minTempo: 40
        method: "degara"
        stats: ["mean", "var", "median", "min", "max", "dmean", "dmean2", "dvar", "dvar2"]
    segmentation:
        compute: 0
        cpw: 5
        inc1: 300
        inc2: 50
        minimumSegmentsLength: 10
        size1: 1000
        size2: 600
    sfx:
        compute: 1
        stats: ["mean", "var", "median", "min", "max", "dmean", "dmean2", "dvar", "dvar2"]
    svm:
        compute: 0
    tonal:
        compute: 1
        frameSize: 4096
        hopSize: 2048
        zeroPadding: 0
        silentFrames: "noise"
        windowType: "blackmanharris62"
        stats: ["mean", "var", "median", "min", "max", "dmean", "dmean2", "dvar", "dvar2"]

lowlevel:
    average_loudness: 0.886033654213
    barkbands_kurtosis:
        dmean: 0.669008076191
        dmean2: 1.080914855
        dvar: 1.00540351868
        dvar2: 2.37604141235
        max: 23.9749164581
        mean: -0.45957005024
        median: -1.00619649887
        min: -1.86483263969
        var: 2.81598758698
    barkbands_skewness:
        dmean: 0.350194483995
        dmean2: 0.545765817165
        dvar: 0.0987607464194
        dvar2: 0.23276437819
        max: 4.49687194824
        mean: -0.0794995501637
        median: -0.173102676868
        min: -3.33662199974
        var: 0.684200763702
    barkbands_spread:
        dmean: 5.08979177475
        dmean2: 8.04616546631
        dvar: 25.5006771088
        dvar2: 65.2100753784
        max: 79.801864624
        mean: 31.6678962708
        median: 32.5400466919
        min: 2.73276329041
        var: 135.121643066
    dissonance:
        dmean: 0.0160299334675
        dmean2: 0.0268459953368
        dvar: 0.000353888026439
        dvar2: 0.000977968680672
        max: 0.5
        mean: 0.468027621508
        median: 0.478087186813
        min: 0.206514060497
        var: 0.00091614149278
    hfc:
        dmean: 2.6013302803
        dmean2: 4.26338720322
        dvar: 14.3484754562
        dvar2: 38.6942901611
        max: 56.0392532349
        mean: 8.99450492859
        median: 8.26417732239
        min: 1.10600446968e-016
        var: 52.8815460205
    pitch:
        dmean: 664.139221191
        dmean2: 1281.36621094
        dvar: 1389021
        dvar2: 3401843
        max: 6134.36669922
        mean: 1126.88903809
        median: 425.285003662
        min: 66.1941452026
        var: 1805939.25
    pitch_instantaneous_confidence:
        dmean: 0.0840033814311
        dmean2: 0.131510153413
        dvar: 0.00549490982667
        dvar2: 0.0123815638945
        max: 0.978534936905
        mean: 0.514351606369
        median: 0.487038940191
        min: 0.0877481102943
        var: 0.0345730707049
    pitch_salience:
        dmean: 0.0578574799001
        dmean2: 0.0924287885427
        dvar: 0.00251049059443
        dvar2: 0.00631200894713
        max: 0.862186968327
        mean: 0.572980225086
        median: 0.586361646652
        min: 0.155053660274
        var: 0.013409412466
    silence_rate_20dB:
        dmean: 0
        dmean2: 0
        dvar: 0
        dvar2: 0
        max: 1
        mean: 1
        median: 1
        min: 1
        var: 0
    silence_rate_30dB:
        dmean: 0
        dmean2: 0
        dvar: 0
        dvar2: 0
        max: 1
        mean: 1
        median: 1
        min: 1
        var: 0
    silence_rate_60dB:
        dmean: 0.0480500794947
        dmean2: 0.0961082875729
        dvar: 0.0457463264465
        dvar2: 0.102442167699
        max: 1
        mean: 0.340551525354
        median: 0
        min: 0
        var: 0.224560678005
    spectral_centroid:
        dmean: 234.004837036
        dmean2: 366.403961182
        dvar: 64814.484375
        dvar2: 139425
        max: 11989.5742188
        mean: 1833.06896973
        median: 1881.30969238
        min: 216.096694946
        var: 631619.5
    spectral_complexity:
        dmean: 3.38668465614
        dmean2: 5.43451786041
        dvar: 18.0674476624
        dvar2: 42.8231735229
        max: 47
        mean: 14.0027914047
        median: 14
        min: 0
        var: 90.7689361572
    spectral_crest:
        dmean: 2.01500797272
        dmean2: 3.24368810654
        dvar: 3.50816440582
        dvar2: 8.45065975189
        max: 24.4652385712
        mean: 7.83521509171
        median: 6.7660741806
        min: 2.51284503937
        var: 13.6001853943
    spectral_decrease:
        dmean: 2.34110286712e-010
        dmean2: 3.79790587868e-010
        dvar: 1.03431019223e-019
        dvar2: 2.70631343497e-019
        max: 1.32193773045e-028
        mean: -9.74744507332e-010
        median: -9.91043136445e-010
        min: -4.3773540348e-009
        var: 4.30227777678e-019
    spectral_energy:
        dmean: 0.00109040224925
        dmean2: 0.00177386053838
        dvar: 2.29941792895e-006
        dvar2: 6.04404158366e-006
        max: 0.0190391838551
        mean: 0.00449473597109
        median: 0.00451122410595
        min: 1.025544178e-020
        var: 9.56427265919e-006
    spectral_energyband_high:
        dmean: 0.00019521471404
        dmean2: 0.000330876704538
        dvar: 1.38991595122e-007
        dvar2: 3.75895297111e-007
        max: 0.00447042193264
        mean: 0.000392692745663
        median: 0.000245996925514
        min: 7.17334581498e-021
        var: 2.13002877558e-007
    spectral_energyband_low:
        dmean: 0.000239102548221
        dmean2: 0.000397927535232
        dvar: 1.85551726872e-007
        dvar2: 5.17348610174e-007
        max: 0.00707942713052
        mean: 0.000454674503999
        median: 0.000295938021736
        min: 1.83928820732e-023
        var: 2.91004027986e-007
    spectral_energyband_middle_high:
        dmean: 0.000674786104355
        dmean2: 0.00108313024975
        dvar: 7.22422385024e-007
        dvar2: 1.92868196791e-006
        max: 0.0172019656748
        mean: 0.00252296775579
        median: 0.00226544588804
        min: 1.31072180276e-021
        var: 4.00300223191e-006
    spectral_energyband_middle_low:
        dmean: 0.000466252357
        dmean2: 0.00074134778697
        dvar: 5.56524128115e-007
        dvar2: 1.41229259043e-006
        max: 0.0120765157044
        mean: 0.00126970140263
        median: 0.00102906266693
        min: 1.92751460029e-022
        var: 1.28074236727e-006
    spectral_flatness_db:
        dmean: 0.0143041256815
        dmean2: 0.0212730038911
        dvar: 0.000192280494957
        dvar2: 0.000417897856096
        max: 0.439705699682
        mean: 0.14976388216
        median: 0.139227986336
        min: 0.0555810891092
        var: 0.002238975605
    spectral_flux:
        dmean: 0.00763072725385
        dmean2: 0.0117892678827
        dvar: 7.12991386536e-005
        dvar2: 0.000159452989465
        max: 0.105706721544
        mean: 0.0365002378821
        median: 0.0379134081304
        min: 6.49851839007e-011
        var: 0.000406942126574
    spectral_kurtosis:
        dmean: 0.901642620564
        dmean2: 1.50438427925
        dvar: 3.01779675484
        dvar2: 5.24469661713
        max: 162.683242798
        mean: 3.73153376579
        median: 3.33152914047
        min: -1.24809634686
        var: 13.7422771454
    spectral_rms:
        dmean: 0.000228179211263
        dmean2: 0.000363020051736
        dvar: 7.25549682556e-008
        dvar2: 1.85993485502e-007
        max: 0.0043098507449
        mean: 0.0019127127016
        median: 0.00209790235385
        min: 3.16311690382e-012
        var: 7.26644884708e-007
    spectral_rolloff:
        dmean: 323.392944336
        dmean2: 532.665527344
        dvar: 223302.25
        dvar2: 450449.71875
        max: 19552.1484375
        mean: 3253.50878906
        median: 3445.3125
        min: 150.732421875
        var: 1693210.375
    spectral_skewness:
        dmean: 0.138317197561
        dmean2: 0.224784225225
        dvar: 0.0225691143423
        dvar2: 0.0490190573037
        max: 10.1700391769
        mean: 1.43033874035
        median: 1.3833616972
        min: -0.115582585335
        var: 0.181238338351
    spectral_spread:
        dmean: 412017.0625
        dmean2: 589011.75
        dvar: 398980120576
        dvar2: 624515022848
        max: 42309136
        mean: 5094960.5
        median: 4873876
        min: 554299.4375
        var: 5.79042698854e+012
    spectral_strongpeak:
        dmean: 0.678790450096
        dmean2: 1.15633118153
        dvar: 1.13270580769
        dvar2: 2.94272279739
        max: 14.445895195
        mean: 1.05865955353
        median: 0.511275410652
        min: 2.18415563413e-010
        var: 1.9722571373
    zerocrossingrate:
        dmean: 0.00743665453047
        dmean2: 0.0089708250016
        dvar: 6.38162891846e-005
        dvar2: 7.66238590586e-005
        max: 0.529296875
        mean: 0.102570906281
        median: 0.107421875
        min: 0.01123046875
        var: 0.00129597063642
    barkbands:
        dmean: [4.66404401323e-007, 8.27906478662e-005, 0.000132052402478, 0.000146791848238, 0.000138894509291, 0.000104107559309, 0.000159960109158, 8.56848491821e-005, 7.99092158559e-005, 7.65358345234e-005, 5.55660444661e-005, 5.26215007994e-005, 4.69300684927e-005, 7.09707601345e-005, 6.75726259942e-005, 8.13587394077e-005, 0.000190597493201, 0.000225140116527, 0.000306418049149, 0.000184840086149, 0.000106009916635, 2.95493737212e-005, 8.03912462288e-006, 2.84578118226e-006, 1.45648607486e-006, 5.70523859267e-008, 6.73449684907e-010]
        dmean2: [7.36719243832e-007, 0.000141414595419, 0.000215652617044, 0.00024434493389, 0.000226626420044, 0.000163201009855, 0.000254910555668, 0.000134827918373, 0.000126585917315, 0.000116898452688, 8.58848870848e-005, 8.20645218482e-005, 7.24946585251e-005, 0.000110602784844, 0.000108528540295, 0.000129865395138, 0.00031062218477, 0.000368393724784, 0.000501359521877, 0.000313742290018, 0.00018107330834, 4.86422759423e-005, 1.31939523271e-005, 4.27304075856e-006, 2.13658881876e-006, 8.11382534494e-008, 9.49384459936e-010]
        dvar: [1.61331863667e-012, 3.47540130008e-008, 6.70680648795e-008, 8.50283257137e-008, 7.73761001938e-008, 3.56040956717e-008, 1.4701679163e-007, 4.81019526433e-008, 2.91280883857e-008, 2.73476512547e-008, 1.82455899278e-008, 1.74326952873e-008, 9.26412990765e-009, 2.62765293968e-008, 1.78462205014e-008, 2.1458948396e-008, 1.093697648e-007, 1.43622557403e-007, 2.3287697104e-007, 9.76046976575e-008, 3.79580811227e-008, 3.5064329218e-009, 3.04709341092e-010, 4.74360897784e-011, 1.87666739787e-011, 1.37984140444e-014, 1.47575752462e-018]
        dvar2: [3.69920717322e-012, 9.60867225785e-008, 1.85737263791e-007, 2.29010922226e-007, 1.98031884224e-007, 8.29253110624e-008, 3.78931900968e-007, 1.13554776249e-007, 7.09378511488e-008, 6.12622486074e-008, 4.22547081769e-008, 4.06155571397e-008, 2.04067251985e-008, 5.8031595529e-008, 4.07817637438e-008, 5.13570768135e-008, 2.7983813311e-007, 3.73384125396e-007, 6.34946729861e-007, 2.63900403752e-007, 1.04103534682e-007, 8.44657765953e-009, 7.36271821289e-010, 9.27219620528e-011, 3.52634865752e-011, 2.60429868046e-014, 2.65888191636e-018]
        max: [1.14073745863e-005, 0.00158350705169, 0.00497522903606, 0.003512612544, 0.00389214209281, 0.00547815579921, 0.00949264317751, 0.00653341133147, 0.00455714436248, 0.00413306849077, 0.00329930242151, 0.00411796942353, 0.0026419358328, 0.00356087880209, 0.00364407757297, 0.00351425376721, 0.00801668316126, 0.0064437771216, 0.0148724811152, 0.0057955570519, 0.00240501551889, 0.00244309473783, 0.000475148495752, 0.000275243044598, 0.000241109955823, 5.38972426511e-006, 4.2463138783e-008]
        mean: [4.26655986985e-007, 0.000115203183668, 0.000228970689932, 0.000202864335733, 0.000242154157604, 0.000212833416299, 0.000276422797469, 0.000142401913763, 0.000142898687045, 0.00014581051073, 0.000104914608528, 9.55442883424e-005, 8.85412155185e-005, 0.000123252437334, 0.000114161157398, 0.0001526629203, 0.000373539282009, 0.000443363765953, 0.000691409630235, 0.000319395127008, 0.000194023014046, 5.81755557505e-005, 1.53270739247e-005, 7.0472860898e-006, 3.27699967784e-006, 1.18186299858e-007, 1.18370080404e-009]
        median: [4.10890663716e-008, 4.73579930258e-005, 0.00013003400818, 7.59594113333e-005, 0.000131134336698, 9.93460271275e-005, 7.9685865785e-005, 4.73935433547e-005, 5.923066783e-005, 5.00109126733e-005, 3.05047269649e-005, 3.48416215274e-005, 3.78918775823e-005, 5.06737633259e-005, 5.1693241403e-005, 8.41625587782e-005, 0.00023118617537, 0.000299567938782, 0.000502699636854, 0.000175781606231, 0.000113161011541, 3.08039598167e-005, 6.9239658842e-006, 3.32862191499e-006, 1.45921342209e-006, 5.28725365712e-008, 3.73632458306e-010]
        min: [7.68324489275e-025, 2.42969947669e-024, 1.27694167045e-024, 2.31260569708e-024, 6.64867274822e-024, 1.84658075307e-023, 1.58970255655e-023, 1.06327618964e-023, 1.8260779426e-023, 1.22213013564e-023, 3.506848022e-023, 2.03612162495e-023, 3.29227596252e-023, 4.80046662614e-023, 4.95990298815e-023, 6.52742451154e-023, 8.28799733784e-023, 9.71099260142e-023, 1.1145382803e-022, 2.06561019222e-022, 2.66589244654e-022, 3.91769908767e-022, 4.27157805079e-022, 6.14040493382e-022, 8.36523351e-022, 1.44783011949e-021, 1.97368828252e-021]
        var: [1.55147325109e-012, 3.46244313221e-008, 1.04700447423e-007, 1.16765207281e-007, 1.23646785255e-007, 1.06395106059e-007, 3.36594951023e-007, 1.12750399239e-007, 8.24910273423e-008, 8.32850020061e-008, 5.79489380925e-008, 5.53577663709e-008, 3.27079128226e-008, 6.49087681381e-008, 4.22865014116e-008, 5.16828286834e-008, 2.43978462322e-007, 3.16884694485e-007, 6.35449396214e-007, 1.71499891621e-007, 5.85477302195e-008, 7.17353243473e-009, 5.99381544397e-010, 1.62394694914e-010, 6.00762217751e-011, 4.26808314711e-014, 4.27481936125e-018]
    frequency_bands:
        dmean: [4.66404401323e-007, 8.27906478662e-005, 0.000132052402478, 0.000146791848238, 0.000138894509291, 0.000104107559309, 0.000159960109158, 8.56848491821e-005, 7.99092158559e-005, 7.65358345234e-005, 5.55660444661e-005, 5.26215007994e-005, 4.69300684927e-005, 7.09707601345e-005, 6.75726259942e-005, 8.13587394077e-005, 0.000190597493201, 0.000225140116527, 0.000306418049149, 0.000184840086149, 0.000106009916635, 2.95493737212e-005, 8.03912462288e-006, 2.84578118226e-006, 1.45648607486e-006, 5.70523859267e-008, 6.73449684907e-010, 5.10577621848e-011]
        dmean2: [7.36719243832e-007, 0.000141414595419, 0.000215652617044, 0.00024434493389, 0.000226626420044, 0.000163201009855, 0.000254910555668, 0.000134827918373, 0.000126585917315, 0.000116898452688, 8.58848870848e-005, 8.20645218482e-005, 7.24946585251e-005, 0.000110602784844, 0.000108528540295, 0.000129865395138, 0.00031062218477, 0.000368393724784, 0.000501359521877, 0.000313742290018, 0.00018107330834, 4.86422759423e-005, 1.31939523271e-005, 4.27304075856e-006, 2.13658881876e-006, 8.11382534494e-008, 9.49384459936e-010, 9.42695504991e-011]
        dvar: [1.61331863667e-012, 3.47540130008e-008, 6.70680648795e-008, 8.50283257137e-008, 7.73761001938e-008, 3.56040956717e-008, 1.4701679163e-007, 4.81019526433e-008, 2.91280883857e-008, 2.73476512547e-008, 1.82455899278e-008, 1.74326952873e-008, 9.26412990765e-009, 2.62765293968e-008, 1.78462205014e-008, 2.1458948396e-008, 1.093697648e-007, 1.43622557403e-007, 2.3287697104e-007, 9.76046976575e-008, 3.79580811227e-008, 3.5064329218e-009, 3.04709341092e-010, 4.74360897784e-011, 1.87666739787e-011, 1.37984140444e-014, 1.47575752462e-018, 6.80869487416e-021]
        dvar2: [3.69920717322e-012, 9.60867225785e-008, 1.85737263791e-007, 2.29010922226e-007, 1.98031884224e-007, 8.29253110624e-008, 3.78931900968e-007, 1.13554776249e-007, 7.09378511488e-008, 6.12622486074e-008, 4.22547081769e-008, 4.06155571397e-008, 2.04067251985e-008, 5.8031595529e-008, 4.07817637438e-008, 5.13570768135e-008, 2.7983813311e-007, 3.73384125396e-007, 6.34946729861e-007, 2.63900403752e-007, 1.04103534682e-007, 8.44657765953e-009, 7.36271821289e-010, 9.27219620528e-011, 3.52634865752e-011, 2.60429868046e-014, 2.65888191636e-018, 2.19263947676e-020]
        max: [1.14073745863e-005, 0.00158350705169, 0.00497522903606, 0.003512612544, 0.00389214209281, 0.00547815579921, 0.00949264317751, 0.00653341133147, 0.00455714436248, 0.00413306849077, 0.00329930242151, 0.00411796942353, 0.0026419358328, 0.00356087880209, 0.00364407757297, 0.00351425376721, 0.00801668316126, 0.0064437771216, 0.0148724811152, 0.0057955570519, 0.00240501551889, 0.00244309473783, 0.000475148495752, 0.000275243044598, 0.000241109955823, 5.38972426511e-006, 4.2463138783e-008, 1.30217880923e-009]
        mean: [4.26655986985e-007, 0.000115203183668, 0.000228970689932, 0.000202864335733, 0.000242154157604, 0.000212833416299, 0.000276422797469, 0.000142401913763, 0.000142898687045, 0.00014581051073, 0.000104914608528, 9.55442883424e-005, 8.85412155185e-005, 0.000123252437334, 0.000114161157398, 0.0001526629203, 0.000373539282009, 0.000443363765953, 0.000691409630235, 0.000319395127008, 0.000194023014046, 5.81755557505e-005, 1.53270739247e-005, 7.0472860898e-006, 3.27699967784e-006, 1.18186299858e-007, 1.18370080404e-009, 4.04744744664e-011]
        median: [4.10890663716e-008, 4.73579930258e-005, 0.00013003400818, 7.59594113333e-005, 0.000131134336698, 9.93460271275e-005, 7.9685865785e-005, 4.73935433547e-005, 5.923066783e-005, 5.00109126733e-005, 3.05047269649e-005, 3.48416215274e-005, 3.78918775823e-005, 5.06737633259e-005, 5.1693241403e-005, 8.41625587782e-005, 0.00023118617537, 0.000299567938782, 0.000502699636854, 0.000175781606231, 0.000113161011541, 3.08039598167e-005, 6.9239658842e-006, 3.32862191499e-006, 1.45921342209e-006, 5.28725365712e-008, 3.73632458306e-010, 1.13400591001e-011]
        min: [7.68324489275e-025, 2.42969947669e-024, 1.27694167045e-024, 2.31260569708e-024, 6.64867274822e-024, 1.84658075307e-023, 1.58970255655e-023, 1.06327618964e-023, 1.8260779426e-023, 1.22213013564e-023, 3.506848022e-023, 2.03612162495e-023, 3.29227596252e-023, 4.80046662614e-023, 4.95990298815e-023, 6.52742451154e-023, 8.28799733784e-023, 9.71099260142e-023, 1.1145382803e-022, 2.06561019222e-022, 2.66589244654e-022, 3.91769908767e-022, 4.27157805079e-022, 6.14040493382e-022, 8.36523351e-022, 1.44783011949e-021, 1.97368828252e-021, 5.39966883522e-022]
        var: [1.55147325109e-012, 3.46244313221e-008, 1.04700447423e-007, 1.16765207281e-007, 1.23646785255e-007, 1.06395106059e-007, 3.36594951023e-007, 1.12750399239e-007, 8.24910273423e-008, 8.32850020061e-008, 5.79489380925e-008, 5.53577663709e-008, 3.27079128226e-008, 6.49087681381e-008, 4.22865014116e-008, 5.16828286834e-008, 2.43978462322e-007, 3.16884694485e-007, 6.35449396214e-007, 1.71499891621e-007, 5.85477302195e-008, 7.17353243473e-009, 5.99381544397e-010, 1.62394694914e-010, 6.00762217751e-011, 4.26808314711e-014, 4.27481936125e-018, 5.37936595366e-021]
    mfcc:
        mean: [-726.69921875, 91.3183822632, -43.4801063538, 46.7142410278, -10.6659154892, -7.79914617538, 1.91926348209, -0.391281247139, -1.48831236362, -2.44654870033, -1.08771049976, -2.07294392586, -3.10020041466]
        cov: [[10334.6064453, 437.456054688, -206.216415405, 1747.46264648, 177.15977478, 19.3645095825, -249.751495361, -2.11727237701, -462.228027344, -228.192565918, 350.516326904, -28.4299869537, -393.276580811], [437.456054688, 964.19354248, 41.7479133606, 221.664840698, 109.922111511, -27.8555755615, 24.898601532, -6.43510007858, -136.100601196, -38.6663093567, 42.6871070862, -42.2861366272, -54.2608070374], [-206.216415405, 41.7479133606, 487.708312988, 56.5261306763, 105.817474365, 16.3926773071, -25.2460823059, 2.48253893852, -84.0517959595, 2.08500552177, -6.68737459183, -13.6071424484, 21.5212306976], [1747.46264648, 221.664840698, 56.5261306763, 529.068237305, 139.199142456, 24.1310997009, -66.0677947998, 2.56641316414, -122.557945251, -44.8135261536, 90.4600219727, 7.63980817795, -74.5072937012], [177.15977478, 109.922111511, 105.817474365, 139.199142456, 179.621398926, 26.4215717316, -37.9642295837, -10.4326934814, -41.8653144836, -3.34924077988, 24.3588600159, 3.8765206337, -24.8224697113], [19.3645095825, -27.8555755615, 16.3926773071, 24.1310997009, 26.4215717316, 109.272689819, 31.9056892395, -9.30670452118, 12.1943407059, -11.8263130188, 14.3490858078, 6.3868894577, -28.6446781158], [-249.751495361, 24.898601532, -25.2460823059, -66.0677947998, -37.9642295837, 31.9056892395, 139.343231201, 48.8229522705, 19.7149620056, -8.06098747253, 3.69277596474, -17.9687099457, 0.934684753418], [-2.11727237701, -6.43510007858, 2.48253893852, 2.56641316414, -10.4326934814, -9.30670452118, 48.8229522705, 107.026771545, 5.21972894669, 12.549082756, 2.84489536285, -16.6531410217, 3.63331651688], [-462.228027344, -136.100601196, -84.0517959595, -122.557945251, -41.8653144836, 12.1943407059, 19.7149620056, 5.21972894669, 197.739471436, 12.2809381485, -41.0646476746, 17.6494503021, 16.0627059937], [-228.192565918, -38.6663093567, 2.08500552177, -44.8135261536, -3.34924077988, -11.8263130188, -8.06098747253, 12.549082756, 12.2809381485, 129.366394043, 29.738986969, -5.47002840042, 19.3673343658], [350.516326904, 42.6871070862, -6.68737459183, 90.4600219727, 24.3588600159, 14.3490858078, 3.69277596474, 2.84489536285, -41.0646476746, 29.738986969, 138.548019409, 19.3542995453, -44.5411605835], [-28.4299869537, -42.2861366272, -13.6071424484, 7.63980817795, 3.8765206337, 6.3868894577, -17.9687099457, -16.6531410217, 17.6494503021, -5.47002840042, 19.3542995453, 110.409713745, 38.7443466187], [-393.276580811, -54.2608070374, 21.5212306976, -74.5072937012, -24.8224697113, -28.6446781158, 0.934684753418, 3.63331651688, 16.0627059937, 19.3673343658, -44.5411605835, 38.7443466187, 152.815643311]]
        icov: [[0.000285546295345, 9.73723144853e-005, 0.000159442439326, -0.000988431507722, 0.000448252918432, 8.36518884171e-005, 0.000160162875545, -1.0708593436e-005, 0.000198866502615, 0.000192202569451, -0.000109579043055, 0.00011301257473, 0.000246973300818], [9.73723144853e-005, 0.0014176707482, 0.000159754476044, -0.00075453548925, -0.000628216424957, 0.000995276728645, -0.00105647114106, 0.000595982361119, 0.000642944767606, 0.000185929369763, 3.46797096427e-005, 0.000325586705003, 0.000276810082141], [0.000159442439326, 0.000159754476044, 0.00271616131067, -0.000301476946333, -0.00132770009805, -0.000482731091324, 0.000378797325538, -0.000367352011381, 0.00121720694005, 9.34160125325e-005, 0.00024809705792, 0.000500490597915, -0.00055654841708], [-0.000988431507722, -0.00075453548925, -0.000301476946333, 0.00686149206012, -0.00309015670791, -0.00118508946616, 0.00145269313361, -0.00142265635077, 0.000384588813176, 0.000756804132834, -0.00124564708676, -0.000487112760311, -0.000498865789268], [0.000448252918432, -0.000628216424957, -0.00132770009805, -0.00309015670791, 0.00963428616524, -0.00220375554636, 0.00238833297044, -0.000287023838609, 2.47363950621e-005, -0.000320446502883, -0.000144731850014, -0.000217643246287, 0.00080594222527], [8.36518884171e-005, 0.000995276728645, -0.000482731091324, -0.00118508946616, -0.00220375554636, 0.0129795968533, -0.00542865460739, 0.00321629457176, -0.000953267503064, 0.000164226410561, 4.38154565927e-005, -0.0013827427756, 0.00253333011642], [0.000160162875545, -0.00105647114106, 0.000378797325538, 0.00145269313361, 0.00238833297044, -0.00542865460739, 0.0129424277693, -0.00607244577259, -0.000292869983241, 0.0022902933415, -0.00238698069006, 0.00205538468435, -0.00134875171352], [-1.0708593436e-005, 0.000595982361119, -0.000367352011381, -0.00142265635077, -0.000287023838609, 0.00321629457176, -0.00607244577259, 0.0128080137074, -0.000539823086001, -0.00166101800278, 0.000419983261963, 0.000987009960227, -2.95390600513e-005], [0.000198866502615, 0.000642944767606, 0.00121720694005, 0.000384588813176, 2.47363950621e-005, -0.000953267503064, -0.000292869983241, -0.000539823086001, 0.00737424148247, -0.000780416245107, 0.00208834372461, -0.00156196777243, 0.000924625026528], [0.000192202569451, 0.000185929369763, 9.34160125325e-005, 0.000756804132834, -0.000320446502883, 0.000164226410561, 0.0022902933415, -0.00166101800278, -0.000780416245107, 0.0102364690974, -0.0044964030385, 0.0024007668253, -0.00221384386532], [-0.000109579043055, 3.46797096427e-005, 0.00024809705792, -0.00124564708676, -0.000144731850014, 4.38154565927e-005, -0.00238698069006, 0.000419983261963, 0.00208834372461, -0.0044964030385, 0.0118316188455, -0.00423771562055, 0.00395068060607], [0.00011301257473, 0.000325586705003, 0.000500490597915, -0.000487112760311, -0.000217643246287, -0.0013827427756, 0.00205538468435, 0.000987009960227, -0.00156196777243, 0.0024007668253, -0.00423771562055, 0.0126811265945, -0.00482249399647], [0.000246973300818, 0.000276810082141, -0.00055654841708, -0.000498865789268, 0.00080594222527, 0.00253333011642, -0.00134875171352, -2.95390600513e-005, 0.000924625026528, -0.00221384386532, 0.00395068060607, -0.00482249399647, 0.0102851623669]]
    sccoeffs:
        dmean: [0.0462281741202, 0.0435959734023, 0.0377304069698, 0.0312477331609, 0.0231241304427, 0.0166820753366]
        dmean2: [0.0767974555492, 0.0713605359197, 0.0608332492411, 0.0497621037066, 0.0365774184465, 0.0265510547906]
        dvar: [0.00153968040831, 0.00138015474658, 0.000912741932552, 0.000679696444422, 0.000422245124355, 0.000237922664382]
        dvar2: [0.00425833463669, 0.00362822692841, 0.00232749152929, 0.00163963250816, 0.000962548423558, 0.000576206250116]
        max: [-0.365387171507, -0.430069863796, -0.429373770952, -0.46941486001, -0.474250555038, -0.583309173584]
        mean: [-0.678738296032, -0.727333366871, -0.747027993202, -0.766501843929, -0.762807011604, -0.752049922943]
        median: [-0.676898062229, -0.734766542912, -0.760883688927, -0.77490234375, -0.767097711563, -0.751745343208]
        min: [-0.987046658993, -0.972985863686, -0.97253882885, -0.974438846111, -0.967077970505, -0.963826179504]
        var: [0.00613698316738, 0.00591432256624, 0.00647569866851, 0.00407933909446, 0.00278873951174, 0.00182948971633]
    scvalleys:
        dmean: [0.362123936415, 0.344641089439, 0.292282760143, 0.274725109339, 0.250676184893, 0.22819750011]
        dmean2: [0.590157687664, 0.569847822189, 0.477370768785, 0.428573012352, 0.369892448187, 0.33509388566]
        dvar: [0.131730690598, 0.135625466704, 0.0955993309617, 0.101015493274, 0.11874268949, 0.109921760857]
        dvar2: [0.283913522959, 0.303120791912, 0.199052706361, 0.200023278594, 0.223402246833, 0.218086466193]
        max: [-5.18965053558, -4.55328559875, -5.63057184219, -5.80018758774, -5.51910495758, -7.2718462944]
        mean: [-7.3484787941, -7.12335586548, -7.52675437927, -7.74119377136, -7.53316783905, -9.91067409515]
        median: [-6.85953712463, -6.67001152039, -7.12133026123, -7.21056556702, -6.8587770462, -9.39631271362]
        min: [-28.1969985962, -27.9980869293, -27.6304988861, -27.5405654907, -27.4142723083, -27.4164943695]
        var: [3.60379457474, 3.3374941349, 2.66889762878, 3.1067199707, 3.81260418892, 3.25313973427]

rhythm:
    beats_loudness:
        dmean: 0.00205088569783
        dmean2: 0.00390001968481
        dvar: 2.68270241577e-006
        dvar2: 9.00521990843e-006
        max: 0.0139519535005
        mean: 0.00541885895655
        median: 0.00565497484058
        min: 0
        var: 9.85273891274e-006
    bpm: 146.956283569
    bpm_confidence: 0
    first_peak_bpm: 148
    first_peak_spread: 0.357833653688
    first_peak_weight: 0.522012591362
    onset_rate: 3.08960723877
    second_peak_bpm: 98
    second_peak_spread: 0.240740731359
    second_peak_weight: 0.0644654110074
    beats_loudness_band_ratio:
        dmean: [0.104390494525, 0.0704884231091, 0.0891240462661, 0.0680037140846, 0.0959833487868, 0.0792721435428]
        dmean2: [0.189076289535, 0.124916270375, 0.155221968889, 0.115894563496, 0.170258283615, 0.137386977673]
        dvar: [0.00753925414756, 0.00494767911732, 0.0105573916808, 0.00772133842111, 0.00756116118282, 0.00408568000421]
        dvar2: [0.022773347795, 0.0135693028569, 0.0297408010811, 0.0195287801325, 0.0218301787972, 0.0115995593369]
        max: [0.734835505486, 0.586918950081, 0.90963613987, 0.821901977062, 0.714676499367, 0.55039703846]
        mean: [0.191731438041, 0.101952664554, 0.147747308016, 0.120996102691, 0.239464625716, 0.233095914125]
        median: [0.188570350409, 0.0842460170388, 0.0939692780375, 0.073009327054, 0.220410123467, 0.245080813766]
        min: [0, 0, 0, 0, 0, 0]
        var: [0.015426825732, 0.00757548725232, 0.0212168749422, 0.0199337974191, 0.0146077172831, 0.0119480723515]
    beats_position: [0.592108845711, 1.20743763447, 1.8111563921, 2.42648530006, 3.04181408882, 3.64553284645, 4.26086139679, 4.87619018555, 5.4915189743, 6.10684776306, 6.71056699753, 7.32589578629, 7.94122457504, 8.55655288696, 9.17188167572, 9.77560043335, 10.3909292221, 11.0062580109, 11.6099767685, 12.2136955261, 12.8290243149, 13.4443531036, 14.0596818924, 14.6750106812, 15.2903394699, 15.9056682587, 16.5209980011, 17.1247158051, 17.7400455475, 18.3553733826, 18.9590930939, 19.574420929, 20.1897506714, 20.8050785065, 21.43201828, 22.0473461151, 22.6742858887, 23.3012237549, 23.9281635284, 24.5551013947, 25.1820411682, 25.8089790344, 26.435918808, 27.0628566742, 27.6897945404, 28.316734314, 28.932062149, 29.5590019226, 30.1859397888, 30.8012695313, 31.4165973663, 32.0319252014, 32.6472549438, 33.2625846863, 33.8779144287, 34.4003639221, 34.9228096008, 35.4568710327, 35.8980484009, 36.3392295837, 36.7804069519, 37.1983680725, 37.6163253784, 38.034286499, 38.4522438049, 38.8818130493, 39.3113822937, 39.7293434143, 40.1473007202, 40.5652618408, 40.9716110229, 41.3779602051, 41.795917511, 42.2022666931, 42.6086158752, 43.0265769958, 43.432926178, 43.8392753601, 44.2456245422, 44.6519737244, 45.0583229065, 45.4646720886, 45.8594093323, 46.2773704529, 46.683719635, 47.0900688171, 47.4848060608, 47.9027671814, 48.3091163635, 48.7154655457, 49.1218147278, 49.5281639099, 49.934513092, 50.3408622742, 50.7588195801, 51.1651687622, 51.5715179443, 51.9894790649, 52.3958282471, 52.8021774292, 53.2085266113, 53.6148757935, 54.0328330994, 54.45079422, 54.8571434021, 55.2634925842, 55.6698417664, 56.0761909485, 56.4825401306, 56.8888893127, 57.2952384949, 57.701587677, 58.1079368591, 58.5142860413, 58.9206352234, 59.3269844055, 59.7333335876, 60.1396827698, 60.5460319519, 60.9639892578, 61.3703384399, 61.7766876221, 62.1830368042, 62.6009979248, 62.9957351685, 63.4136962891, 63.8084335327, 64.2263946533, 64.6443557739, 65.0507049561, 65.4570541382, 65.8750076294, 66.2813568115, 66.6877059937, 67.0940551758, 67.5004043579, 67.90675354, 68.3131027222, 68.7194519043, 69.1258010864, 69.5321502686, 69.9384994507, 70.3564605713, 70.7628097534, 71.1691589355, 71.5871200562, 71.9934692383, 72.3998184204, 72.8061676025, 73.2125167847, 73.6188659668, 74.0368270874, 74.4431762695, 74.8495254517, 75.2558746338, 75.673828125, 76.068572998, 76.4865264893, 76.9044876099, 77.2992248535, 77.7055740356, 78.1119232178, 78.5182723999, 78.924621582, 79.3309707642, 79.7373199463, 80.1320648193, 80.5500183105, 80.9563674927, 81.3627166748, 81.7806777954, 82.198638916, 82.6049880981, 83.0113372803, 83.4176864624, 83.8240356445, 84.2303848267, 84.6367340088, 85.0546951294, 85.4726486206, 85.8789978027, 86.2853469849, 86.6800918579, 87.08644104, 87.4927902222, 87.9107437134, 88.3054885864, 88.7234420776, 89.1297912598, 89.5361404419, 89.9541015625, 90.3488388062, 90.7551879883, 91.1731491089, 91.579498291, 91.9974594116, 92.4154205322, 92.8217697144, 93.2281188965, 93.6344680786, 94.0408172607, 94.4471664429, 94.853515625, 95.2598648071, 95.6662139893, 96.0725631714, 96.4789123535, 96.8852615356, 97.2916107178, 97.709564209, 98.104309082, 98.5222625732, 98.9402236938, 99.346572876, 99.7529220581, 100.15927124, 100.565620422, 100.971969604, 101.378318787, 101.77305603, 102.179405212, 102.585754395, 102.992103577, 103.398452759, 103.816413879, 104.222763062, 104.629112244, 105.047073364, 105.465034485, 105.871383667, 106.277732849, 106.69568634, 107.102035522, 107.508384705, 107.914733887, 108.321083069, 108.727432251, 109.133781433, 109.540130615, 109.946479797, 110.352828979, 110.759178162, 111.153923035, 111.571876526, 111.978225708, 112.38457489, 112.802536011, 113.208885193, 113.615234375, 114.021583557, 114.427932739, 114.834281921, 115.240631104, 115.646980286, 116.064941406, 116.471290588, 116.866027832, 117.272377014, 117.678726196, 118.096687317, 118.503036499, 118.909385681, 119.327346802, 119.745300293, 120.140045166, 120.557998657, 120.964347839, 121.370697021, 121.777046204, 122.183395386, 122.601356506, 123.007705688, 123.414054871, 123.820404053, 124.226753235, 124.633102417, 125.039451599, 125.45741272, 125.852149963, 126.270111084, 126.676460266, 127.082809448, 127.477546692, 127.895507813, 128.313461304, 128.719818115, 129.126159668, 129.532516479, 129.938858032, 130.333602905, 130.751556396, 131.169525146, 131.575866699, 131.982223511, 132.388565063, 132.794921875, 133.201263428, 133.607620239, 134.013961792, 134.420318604, 134.815048218, 135.233016968, 135.639358521, 136.045715332, 136.463668823, 136.870025635, 137.276367188, 137.682723999, 138.089065552, 138.507034302, 138.901763916, 139.319732666, 139.726074219, 140.13243103, 140.550384521, 140.968338013, 141.374694824, 141.781036377, 142.17578125, 142.582122803, 142.988479614, 143.406433105, 143.824401855, 144.242355347, 144.648712158, 145.055053711, 145.473007202, 145.879364014, 146.285705566, 146.680450439, 147.086807251, 147.493148804, 147.899505615, 148.305847168, 148.712203979, 149.118545532, 149.524902344, 149.931243896, 150.337600708, 150.743942261, 151.150299072, 151.556640625, 151.962997437, 152.369338989, 152.78729248, 153.182037354, 153.599990845, 154.006347656, 154.412689209, 154.819046021, 155.225387573, 155.643356323, 156.061309814, 156.456054688, 156.874008179, 157.291976929, 157.70993042, 158.104675293, 158.511016846, 158.928970337, 159.335327148, 159.730072021, 160.136413574, 160.542770386, 160.949111938, 161.35546875, 161.761810303, 162.168167114, 162.574508667, 162.980865479, 163.387207031, 163.793563843, 164.211517334, 164.629470825, 165.035827637, 165.442169189, 165.848526001, 166.254867554, 166.661224365, 167.079177856, 167.497146606, 167.915100098, 168.32144165, 168.716186523, 169.122543335, 169.528884888, 169.935241699, 170.341583252, 170.759536743, 171.165893555, 171.572235107, 171.978591919, 172.384933472, 172.791290283, 173.197631836, 173.603988647, 174.0103302, 174.416687012, 174.823028564, 175.240997314, 175.647338867, 176.053695679, 176.47164917, 176.878005981, 177.284347534, 177.702316284, 178.108657837, 178.515014648, 178.93296814, 179.339309692, 179.745666504, 180.152008057, 180.558364868, 180.953109741, 181.371063232, 181.777404785, 182.195373535, 182.601715088, 182.996459961, 183.402801514, 183.809158325, 184.227111816, 184.645080566, 185.039810181, 185.446166992, 185.852508545, 186.258865356, 186.676818848, 187.083175659, 187.489517212, 187.895874023, 188.313827515, 188.731781006, 189.126525879, 189.53288269, 189.939224243, 190.345581055, 190.751922607, 191.169876099, 191.564620972, 191.982574463, 192.377319336, 192.795272827, 193.201629639, 193.607971191, 194.014328003, 194.420669556, 194.827026367, 195.23336792, 195.65133667, 196.057678223, 196.464035034, 196.870376587, 197.276733398, 197.69468689, 198.11265564, 198.518997192, 198.925354004, 199.331695557, 199.738052368, 200.144393921, 200.550750732, 200.957092285, 201.363449097, 201.769790649, 202.176147461, 202.594100952, 203.012054443, 203.430023193, 203.824752808, 204.231109619, 204.637451172, 205.043807983, 205.450149536, 205.856506348, 206.2628479, 206.669204712, 207.075546265, 207.470291138, 207.888244629, 208.29460144, 208.700942993, 209.107299805, 209.513641357, 209.931610107, 210.349563599, 210.76751709, 211.173873901, 211.580215454, 211.986572266, 212.392913818, 212.741226196, 213.089523315, 213.437820435, 213.786117554, 214.122802734, 214.459503174, 214.807800293, 215.156097412, 215.504394531, 215.85269165, 216.189376831, 216.526077271, 216.87437439, 217.292327881, 217.710296631, 218.128250122, 218.522994995, 218.929336548, 219.335693359, 219.742034912, 220.148391724, 220.554733276, 220.961090088, 221.367431641, 221.773788452, 222.180130005, 222.586486816, 223.004440308, 223.410797119, 223.817138672, 224.211883545, 224.629837036, 225.036193848, 225.4425354, 225.848892212, 226.255233765, 226.673187256, 227.079544067, 227.48588562, 227.892242432, 228.298583984, 228.716552734, 229.111282349, 229.529251099, 229.923980713, 230.341949463, 230.759902954, 231.166259766, 231.572601318, 231.990570068, 232.385299683, 232.803268433, 233.197998047, 233.615966797, 234.010696411, 234.417053223, 234.823394775, 235.241363525, 235.63609314, 236.042449951, 236.448791504, 236.866760254, 237.273101807, 237.679458618, 238.085800171, 238.492156982, 238.910110474, 239.328063965, 239.734420776, 240.140762329, 240.558731079, 240.953460693, 241.371429443, 241.766159058, 242.172515869, 242.578857422, 242.973602295, 243.391555786, 243.797912598, 244.20425415, 244.6222229, 245.028564453, 245.434921265, 245.852874756, 246.259231567, 246.677185059, 247.09513855, 247.5131073, 247.931060791, 248.441894531, 248.95274353, 249.463577271, 249.986022949, 250.520080566, 251.042541504, 251.564987183, 252.087432861, 252.60987854, 253.097503662, 253.573516846, 254.049514771, 254.513916016, 254.989929199, 255.454330444, 255.930328369, 256.394744873, 256.870758057, 257.35836792, 257.845977783, 258.321990967, 258.763183594, 259.204345703, 259.64553833, 260.086700439, 260.527893066, 260.969055176, 261.421844482, 261.874633789, 262.315826416, 262.756988525, 263.198181152, 263.650970459, 264.103759766, 264.556549072, 265.009338379, 265.462127686, 265.914916992, 266.367706299, 266.832092285, 267.284881592, 267.702850342, 268.120819092, 268.538757324, 268.956726074, 269.33984375, 269.722991943, 270.106109619, 270.500854492, 270.907196045, 271.313568115, 271.719909668, 272.126251221, 272.532592773, 272.938964844, 273.345306396, 273.763275146]
