
metadata:
    version:
        essentia: "2.1-beta2"
    audio_properties:
        analysis_sample_rate: 44100
        bitrate: 192
        channels: 2
        equal_loudness: 1
        length: 264.071838379
        replay_gain: -13.7852039337
        downmix: "mix"
    tags:
        album: "Wishmaster"
        artist: "Nightwish"
        comment: "880C910B"
        date: "2000"
        genre: "Rock"
        title: "Wishmaster"
        tracknumber: "6"

configuration:
    average_loudness:
        compute: 1
        frameSize: 88200
        hopSize: 44100
        silentFrames: "noise"
        windowType: "hann"
    general:
        analysisSampleRate: 44100
        endTime: 2000
        equalLoudness: 1
        nequalLoudness: 0
        shortSound: 0
        startTime: 0
    lowlevel:
        compute: 1
        frameSize: 2048
        hopSize: 1024
        zeroPadding: 0
        silentFrames: "noise"
        windowType: "blackmanharris62"
        mfccStats: ["mean", "cov", "icov"]
        stats: ["mean", "var", "median", "min", "max", "dmean", "dmean2", "dvar", "dvar2"]
    panning:
        compute: 0
        frameSize: 8192
        hopSize: 2048
        zeroPadding: 8192
        silentFrames: "noise"
        windowType: "hann"
        stats: ["copy"]
    rhythm:
        compute: 1
        maxTempo: 208
        minTempo: 40
        method: "degara"
        stats: ["mean", "var", "median", "min", "max", "dmean", "dmean2", "dvar", "dvar2"]
    segmentation:
        compute: 0
        cpw: 5
        inc1: 300
        inc2: 50
        minimumSegmentsLength: 10
        size1: 1000
        size2: 600
    sfx:
        compute: 1
        stats: ["mean", "var", "median", "min", "max", "dmean", "dmean2", "dvar", "dvar2"]
    svm:
        compute: 0
    tonal:
        compute: 1
        frameSize: 4096
        hopSize: 2048
        zeroPadding: 0
        silentFrames: "noise"
        windowType: "blackmanharris62"
        stats: ["mean", "var", "median", "min", "max", "dmean", "dmean2", "dvar", "dvar2"]

lowlevel:
    average_loudness: 0.943045377731
    barkbands_kurtosis:
        dmean: 0.673404812813
        dmean2: 1.13126170635
        dvar: 0.631376743317
        dvar2: 1.62591135502
        max: 12.4448871613
        mean: -0.705327093601
        median: -1.05131137371
        min: -1.87547326088
        var: 1.19621777534
    barkbands_skewness:
        dmean: 0.395639389753
        dmean2: 0.638302385807
        dvar: 0.112751357257
        dvar2: 0.288013875484
        max: 2.85654091835
        mean: -0.523341834545
        median: -0.547366797924
        min: -3.41399002075
        var: 0.395066410303
    barkbands_spread:
        dmean: 6.87966966629
        dmean2: 11.2446022034
        dvar: 33.8639221191
        dvar2: 89.0160293579
        max: 81.408454895
        mean: 36.1254844666
        median: 35.6696853638
        min: 7.67424678802
        var: 95.0018386841
    dissonance:
        dmean: 0.00992448348552
        dmean2: 0.0168022271246
        dvar: 0.000107652689621
        dvar2: 0.000297268707072
        max: 0.500000178814
        mean: 0.483263075352
        median: 0.486549675465
        min: 0.341961443424
        var: 0.000175405701157
    hfc:
        dmean: 3.46200442314
        dmean2: 5.57572937012
        dvar: 13.7774124146
        dvar2: 35.0269508362
        max: 45.8759346008
        mean: 11.2860717773
        median: 10.6746196747
        min: 1.05581551762e-016
        var: 45.841594696
    pitch:
        dmean: 1019.07904053
        dmean2: 1953.34472656
        dvar: 1809800.625
        dvar2: 4202626.5
        max: 4555.48583984
        mean: 1807.51147461
        median: 792.759521484
        min: 65.3604278564
        var: 2364630.25
    pitch_instantaneous_confidence:
        dmean: 0.0895905271173
        dmean2: 0.144788622856
        dvar: 0.00552389211953
        dvar2: 0.0131388744339
        max: 0.915957331657
        mean: 0.408479064703
        median: 0.386578142643
        min: 0.102298080921
        var: 0.0190457869321
    pitch_salience:
        dmean: 0.060983646661
        dmean2: 0.100392900407
        dvar: 0.00264181522653
        dvar2: 0.00677345041186
        max: 0.93838506937
        mean: 0.641265749931
        median: 0.652225255966
        min: 0.157542720437
        var: 0.00707034859806
    silence_rate_20dB:
        dmean: 0
        dmean2: 0
        dvar: 0
        dvar2: 0
        max: 1
        mean: 1
        median: 1
        min: 1
        var: 0
    silence_rate_30dB:
        dmean: 0
        dmean2: 0
        dvar: 0
        dvar2: 0
        max: 1
        mean: 1
        median: 1
        min: 1
        var: 0
    silence_rate_60dB:
        dmean: 0.0803657770157
        dmean2: 0.160745695233
        dvar: 0.0739145353436
        dvar2: 0.162358283997
        max: 1
        mean: 0.220239147544
        median: 0
        min: 0
        var: 0.171716764569
    spectral_centroid:
        dmean: 299.402862549
        dmean2: 490.868896484
        dvar: 79444.65625
        dvar2: 193229.59375
        max: 11721.1660156
        mean: 2138.19946289
        median: 2146.47265625
        min: 337.971923828
        var: 479701.15625
    spectral_complexity:
        dmean: 4.74070167542
        dmean2: 7.47502660751
        dvar: 21.3305892944
        dvar2: 50.1020507813
        max: 49
        mean: 17.9136619568
        median: 18
        min: 0
        var: 87.2137985229
    spectral_crest:
        dmean: 1.72726380825
        dmean2: 2.86264109612
        dvar: 2.69051861763
        dvar2: 6.73338317871
        max: 21.7812194824
        mean: 6.2692899704
        median: 5.65985393524
        min: 2.46637272835
        var: 5.88311243057
    spectral_decrease:
        dmean: 2.77999956388e-010
        dmean2: 4.38719671703e-010
        dvar: 8.90775679763e-020
        dvar2: 2.1212956336e-019
        max: 1.70484016827e-028
        mean: -1.09054976161e-009
        median: -1.08104314389e-009
        min: -3.4326053111e-009
        var: 3.06210940732e-019
    spectral_energy:
        dmean: 0.00132780743297
        dmean2: 0.00209347112104
        dvar: 2.00705630959e-006
        dvar2: 4.82746327179e-006
        max: 0.0160774830729
        mean: 0.00513965636492
        median: 0.00506111700088
        min: 9.78830122257e-021
        var: 7.0653882176e-006
    spectral_energyband_high:
        dmean: 0.000289134914055
        dmean2: 0.000493057537824
        dvar: 1.48423751511e-007
        dvar2: 3.86221557847e-007
        max: 0.00403280230239
        mean: 0.00056077435147
        median: 0.000435355701484
        min: 7.18953238247e-021
        var: 2.44698725282e-007
    spectral_energyband_low:
        dmean: 0.000329354021233
        dmean2: 0.000558937725145
        dvar: 1.48802897115e-007
        dvar2: 4.06783811968e-007
        max: 0.00488781835884
        mean: 0.000509522331413
        median: 0.000395272800233
        min: 2.29079290419e-023
        var: 2.06671344927e-007
    spectral_energyband_middle_high:
        dmean: 0.000856444414239
        dmean2: 0.00134513888042
        dvar: 6.9767588684e-007
        dvar2: 1.69621046098e-006
        max: 0.0132851330563
        mean: 0.00307765346952
        median: 0.0029118147213
        min: 1.21853660285e-021
        var: 3.44581076206e-006
    spectral_energyband_middle_low:
        dmean: 0.000489465426654
        dmean2: 0.000792028789874
        dvar: 4.18485370801e-007
        dvar2: 1.0302545661e-006
        max: 0.00802788417786
        mean: 0.00116305600386
        median: 0.000951280177105
        min: 1.41193505504e-022
        var: 7.84001827014e-007
    spectral_flatness_db:
        dmean: 0.0132658714429
        dmean2: 0.0205142833292
        dvar: 0.000132089189719
        dvar2: 0.000295506382827
        max: 0.323485940695
        mean: 0.127603292465
        median: 0.125051170588
        min: 0.0514946840703
        var: 0.000687552790623
    spectral_flux:
        dmean: 0.00811204686761
        dmean2: 0.0124053647742
        dvar: 5.97148718953e-005
        dvar2: 0.000129483625642
        max: 0.103384077549
        mean: 0.0440465845168
        median: 0.0448037050664
        min: 6.56632387352e-011
        var: 0.000239332293859
    spectral_kurtosis:
        dmean: 0.842820167542
        dmean2: 1.41918838024
        dvar: 0.802949309349
        dvar2: 2.29477286339
        max: 13.1850385666
        mean: 3.00386977196
        median: 2.85385799408
        min: -1.25629723072
        var: 1.83907461166
    spectral_rms:
        dmean: 0.000283988425508
        dmean2: 0.000439172727056
        dvar: 7.68878436475e-008
        dvar2: 1.77278479896e-007
        max: 0.00396047346294
        mean: 0.00213507283479
        median: 0.00222208816558
        min: 3.09023661695e-012
        var: 4.55771669294e-007
    spectral_rolloff:
        dmean: 304.298187256
        dmean2: 510.34777832
        dvar: 149419.03125
        dvar2: 335786.09375
        max: 19530.6152344
        mean: 3706.88867188
        median: 3660.64453125
        min: 193.798828125
        var: 1007689.75
    spectral_skewness:
        dmean: 0.144264638424
        dmean2: 0.23892724514
        dvar: 0.018040496856
        dvar2: 0.0476329214871
        max: 2.99297237396
        mean: 1.21288228035
        median: 1.20593571663
        min: -0.257373094559
        var: 0.0608260408044
    spectral_spread:
        dmean: 494570.625
        dmean2: 699948.6875
        dvar: 427738562560
        dvar2: 685351108608
        max: 42528992
        mean: 5015496
        median: 4668747
        min: 2242389.5
        var: 5.81650821939e+012
    spectral_strongpeak:
        dmean: 0.771473526955
        dmean2: 1.33124148846
        dvar: 1.0376470089
        dvar2: 2.64802265167
        max: 11.81777668
        mean: 1.02017331123
        median: 0.447855472565
        min: 4.91368716549e-011
        var: 1.74221324921
    zerocrossingrate:
        dmean: 0.00766197545454
        dmean2: 0.00965686514974
        dvar: 5.46759074496e-005
        dvar2: 7.19471718185e-005
        max: 0.5341796875
        mean: 0.117168225348
        median: 0.1171875
        min: 0.0322265625
        var: 0.000854881713167
    barkbands:
        dmean: [7.36116533062e-007, 0.000123147154227, 0.000180307484698, 0.000214443556615, 0.000130521744723, 8.3660997916e-005, 0.000124848054838, 0.000103102000139, 9.82259516604e-005, 7.93621948105e-005, 6.12224466749e-005, 8.01029527793e-005, 6.79299846524e-005, 0.000103936297819, 5.93601325818e-005, 0.000110234497697, 0.000220280213398, 0.000264909613179, 0.000390019034967, 0.000250471755862, 0.000144692472531, 4.04517595598e-005, 1.08432332127e-005, 3.86101010008e-006, 2.26768111133e-006, 8.08920717077e-008, 7.31179672364e-010]
        dmean2: [1.19652065678e-006, 0.00021302967798, 0.000308234186377, 0.000367588625522, 0.000215935680899, 0.000134953632369, 0.000203778778086, 0.000162363488926, 0.000158673210535, 0.000125903097796, 9.97199094854e-005, 0.000127455583424, 0.000107637635665, 0.000166792015079, 9.72805064521e-005, 0.000180682851351, 0.000361150014214, 0.000435904104961, 0.000634715601336, 0.000416045251768, 0.000249686505413, 6.77744319546e-005, 1.81784871529e-005, 5.65776417716e-006, 3.29082126882e-006, 1.13068914231e-007, 1.06387665344e-009]
        dvar: [7.78403274997e-013, 2.37703190464e-008, 6.43778719223e-008, 1.20248969893e-007, 4.85311026921e-008, 1.76537326979e-008, 4.76996042664e-008, 4.59490863136e-008, 3.39815926509e-008, 2.63453507898e-008, 1.74644778639e-008, 2.63102748477e-008, 2.2364959662e-008, 3.57727749645e-008, 1.3152042122e-008, 2.39152679882e-008, 8.46501819751e-008, 1.02566026783e-007, 2.25747641025e-007, 9.38008994922e-008, 3.95932282515e-008, 3.74433328787e-009, 3.37982614118e-010, 6.69090893801e-011, 2.74107733039e-011, 4.19103228684e-014, 1.27703358631e-018]
        dvar2: [1.738019559e-012, 6.38479704662e-008, 1.73172665541e-007, 3.20109506902e-007, 1.25984797705e-007, 4.14890344302e-008, 1.18434165586e-007, 1.0582891008e-007, 8.29883006759e-008, 6.21520257482e-008, 4.52719248756e-008, 6.07312600209e-008, 5.34681383613e-008, 8.2977379634e-008, 3.0947255425e-008, 6.0122118839e-008, 2.0339732032e-007, 2.60299145793e-007, 5.69736528178e-007, 2.38037841882e-007, 1.0544775364e-007, 9.23251874951e-009, 8.30598978485e-010, 1.16928813854e-010, 4.58049743968e-011, 7.7048962913e-014, 2.32217349853e-018]
        max: [1.19412679851e-005, 0.00134381011594, 0.00434621423483, 0.00417213141918, 0.00300524337217, 0.00293418159708, 0.00321692740545, 0.00480967434123, 0.00510429264978, 0.00447501288727, 0.00442155450583, 0.00366263487376, 0.00417923182249, 0.00563970440999, 0.00280614709482, 0.00270646600984, 0.00940682552755, 0.00689743645489, 0.0102040944621, 0.00454491190612, 0.00247654994018, 0.00136438547634, 0.000373045477318, 0.000220618618187, 0.000135422844323, 9.46115687839e-006, 1.83062276449e-008]
        mean: [6.89180410518e-007, 0.000146832826431, 0.000241216082941, 0.000254747021245, 0.000180188348168, 0.000145544559928, 0.000185476281331, 0.000165052246302, 0.000168031619978, 0.000144878504216, 0.000100744102383, 0.000128520667204, 0.000113422160211, 0.000178695234354, 9.60635516094e-005, 0.000204438212677, 0.000443554978119, 0.000533988059033, 0.000860512140207, 0.000478228757856, 0.000258903601207, 7.69470425439e-005, 1.9338731363e-005, 8.89704642759e-006, 4.60444289274e-006, 1.52799387365e-007, 1.20548615534e-009]
        median: [1.94492997707e-007, 9.72459238255e-005, 0.000153466011398, 0.00012718992366, 0.000112347726827, 7.5052063039e-005, 7.07969084033e-005, 5.40674336662e-005, 7.75713269832e-005, 5.35916587978e-005, 4.5622306061e-005, 5.77170940232e-005, 5.27906377101e-005, 9.53136186581e-005, 5.12892911502e-005, 0.000141093303682, 0.000334426702466, 0.000429617590271, 0.000670799519867, 0.000351302063791, 0.00018626084784, 5.63708526897e-005, 1.17943845908e-005, 4.81678307551e-006, 2.05953551813e-006, 6.12571398051e-008, 4.72300254462e-010]
        min: [4.21781985828e-025, 5.75427132578e-024, 1.80439310295e-024, 7.88438075776e-025, 1.22896585204e-023, 1.0367093265e-023, 8.60098673723e-024, 1.04190287116e-023, 2.20078324382e-023, 2.46392120939e-023, 1.54777775489e-023, 2.4606397058e-023, 3.34072369724e-023, 4.32405143737e-023, 6.6562827316e-023, 5.356966974e-023, 6.00999044897e-023, 9.02269694657e-023, 1.24332215811e-022, 1.71451180602e-022, 2.32614583188e-022, 3.7094910531e-022, 4.55906673255e-022, 6.43022662438e-022, 8.716418734e-022, 1.24064005627e-021, 1.91591205933e-021]
        var: [1.00247653061e-012, 2.50113600941e-008, 8.91922908863e-008, 1.32452953494e-007, 4.95851111282e-008, 4.05818845195e-008, 9.01222421135e-008, 1.01144401299e-007, 8.83180817368e-008, 9.28775349962e-008, 3.46728299405e-008, 5.08901472074e-008, 4.94741172474e-008, 8.38919191892e-008, 2.72138951374e-008, 5.16249301086e-008, 1.95746522991e-007, 2.13718166719e-007, 5.78735580348e-007, 2.02118457082e-007, 6.59022560967e-008, 6.47610631788e-009, 6.25141882704e-010, 2.46785064606e-010, 9.24910426026e-011, 1.11173372483e-013, 3.34936845115e-018]
    frequency_bands:
        dmean: [7.36116533062e-007, 0.000123147154227, 0.000180307484698, 0.000214443556615, 0.000130521744723, 8.3660997916e-005, 0.000124848054838, 0.000103102000139, 9.82259516604e-005, 7.93621948105e-005, 6.12224466749e-005, 8.01029527793e-005, 6.79299846524e-005, 0.000103936297819, 5.93601325818e-005, 0.000110234497697, 0.000220280213398, 0.000264909613179, 0.000390019034967, 0.000250471755862, 0.000144692472531, 4.04517595598e-005, 1.08432332127e-005, 3.86101010008e-006, 2.26768111133e-006, 8.08920717077e-008, 7.31179672364e-010, 6.22290136087e-011]
        dmean2: [1.19652065678e-006, 0.00021302967798, 0.000308234186377, 0.000367588625522, 0.000215935680899, 0.000134953632369, 0.000203778778086, 0.000162363488926, 0.000158673210535, 0.000125903097796, 9.97199094854e-005, 0.000127455583424, 0.000107637635665, 0.000166792015079, 9.72805064521e-005, 0.000180682851351, 0.000361150014214, 0.000435904104961, 0.000634715601336, 0.000416045251768, 0.000249686505413, 6.77744319546e-005, 1.81784871529e-005, 5.65776417716e-006, 3.29082126882e-006, 1.13068914231e-007, 1.06387665344e-009, 1.15633697062e-010]
        dvar: [7.78403274997e-013, 2.37703190464e-008, 6.43778719223e-008, 1.20248969893e-007, 4.85311026921e-008, 1.76537326979e-008, 4.76996042664e-008, 4.59490863136e-008, 3.39815926509e-008, 2.63453507898e-008, 1.74644778639e-008, 2.63102748477e-008, 2.2364959662e-008, 3.57727749645e-008, 1.3152042122e-008, 2.39152679882e-008, 8.46501819751e-008, 1.02566026783e-007, 2.25747641025e-007, 9.38008994922e-008, 3.95932282515e-008, 3.74433328787e-009, 3.37982614118e-010, 6.69090893801e-011, 2.74107733039e-011, 4.19103228684e-014, 1.27703358631e-018, 8.71620325507e-021]
        dvar2: [1.738019559e-012, 6.38479704662e-008, 1.73172665541e-007, 3.20109506902e-007, 1.25984797705e-007, 4.14890344302e-008, 1.18434165586e-007, 1.0582891008e-007, 8.29883006759e-008, 6.21520257482e-008, 4.52719248756e-008, 6.07312600209e-008, 5.34681383613e-008, 8.2977379634e-008, 3.0947255425e-008, 6.0122118839e-008, 2.0339732032e-007, 2.60299145793e-007, 5.69736528178e-007, 2.38037841882e-007, 1.0544775364e-007, 9.23251874951e-009, 8.30598978485e-010, 1.16928813854e-010, 4.58049743968e-011, 7.7048962913e-014, 2.32217349853e-018, 2.8080794624e-020]
        max: [1.19412679851e-005, 0.00134381011594, 0.00434621423483, 0.00417213141918, 0.00300524337217, 0.00293418159708, 0.00321692740545, 0.00480967434123, 0.00510429264978, 0.00447501288727, 0.00442155450583, 0.00366263487376, 0.00417923182249, 0.00563970440999, 0.00280614709482, 0.00270646600984, 0.00940682552755, 0.00689743645489, 0.0102040944621, 0.00454491190612, 0.00247654994018, 0.00136438547634, 0.000373045477318, 0.000220618618187, 0.000135422844323, 9.46115687839e-006, 1.83062276449e-008, 1.24850940697e-009]
        mean: [6.89180410518e-007, 0.000146832826431, 0.000241216082941, 0.000254747021245, 0.000180188348168, 0.000145544559928, 0.000185476281331, 0.000165052246302, 0.000168031619978, 0.000144878504216, 0.000100744102383, 0.000128520667204, 0.000113422160211, 0.000178695234354, 9.60635516094e-005, 0.000204438212677, 0.000443554978119, 0.000533988059033, 0.000860512140207, 0.000478228757856, 0.000258903601207, 7.69470425439e-005, 1.9338731363e-005, 8.89704642759e-006, 4.60444289274e-006, 1.52799387365e-007, 1.20548615534e-009, 4.83835853327e-011]
        median: [1.94492997707e-007, 9.72459238255e-005, 0.000153466011398, 0.00012718992366, 0.000112347726827, 7.5052063039e-005, 7.07969084033e-005, 5.40674336662e-005, 7.75713269832e-005, 5.35916587978e-005, 4.5622306061e-005, 5.77170940232e-005, 5.27906377101e-005, 9.53136186581e-005, 5.12892911502e-005, 0.000141093303682, 0.000334426702466, 0.000429617590271, 0.000670799519867, 0.000351302063791, 0.00018626084784, 5.63708526897e-005, 1.17943845908e-005, 4.81678307551e-006, 2.05953551813e-006, 6.12571398051e-008, 4.72300254462e-010, 1.75674093328e-011]
        min: [4.21781985828e-025, 5.75427132578e-024, 1.80439310295e-024, 7.88438075776e-025, 1.22896585204e-023, 1.0367093265e-023, 8.60098673723e-024, 1.04190287116e-023, 2.20078324382e-023, 2.46392120939e-023, 1.54777775489e-023, 2.4606397058e-023, 3.34072369724e-023, 4.32405143737e-023, 6.6562827316e-023, 5.356966974e-023, 6.00999044897e-023, 9.02269694657e-023, 1.24332215811e-022, 1.71451180602e-022, 2.32614583188e-022, 3.7094910531e-022, 4.55906673255e-022, 6.43022662438e-022, 8.716418734e-022, 1.24064005627e-021, 1.91591205933e-021, 5.4347901849e-022]
        var: [1.00247653061e-012, 2.50113600941e-008, 8.91922908863e-008, 1.32452953494e-007, 4.95851111282e-008, 4.05818845195e-008, 9.01222421135e-008, 1.01144401299e-007, 8.83180817368e-008, 9.28775349962e-008, 3.46728299405e-008, 5.08901472074e-008, 4.94741172474e-008, 8.38919191892e-008, 2.72138951374e-008, 5.16249301086e-008, 1.95746522991e-007, 2.13718166719e-007, 5.78735580348e-007, 2.02118457082e-007, 6.59022560967e-008, 6.47610631788e-009, 6.25141882704e-010, 2.46785064606e-010, 9.24910426026e-011, 1.11173372483e-013, 3.34936845115e-018, 6.82584837055e-021]
    mfcc:
        mean: [-691.511779785, 85.1870651245, -47.0793533325, 56.162689209, -8.99572467804, -2.98234844208, 4.77554130554, 2.84826636314, -1.00414466858, -2.99396967888, 3.15629887581, -0.325435966253, -5.15100240707]
        cov: [[5591.07128906, 130.060958862, -335.163879395, 307.656463623, -231.236434937, 49.42735672, -62.4810409546, 57.4433250427, 16.8148193359, 78.8060913086, 47.3252067566, 19.1120548248, 26.3862266541], [130.060958862, 530.709411621, -231.243453979, 97.7565307617, -51.6998977661, -53.869758606, 18.1390895844, 24.0630683899, -23.9010238647, -40.3003845215, 13.9207172394, 5.98411417007, -7.37896299362], [-335.163879395, -231.243453979, 339.480987549, -84.686668396, 58.0750465393, 30.5862617493, 7.8648891449, 3.2912106514, 5.56716966629, 27.6848201752, -18.6891880035, -7.08437871933, 27.0019264221], [307.656463623, 97.7565307617, -84.686668396, 193.385498047, 19.9003047943, 25.8793792725, -11.0670204163, -11.2315750122, 21.3305168152, -15.0591001511, -8.54166507721, 2.63592886925, -7.87311792374], [-231.236434937, -51.6998977661, 58.0750465393, 19.9003047943, 133.627731323, 31.9705219269, -4.14121866226, -21.7283306122, 18.2760314941, 10.3669061661, -2.01664566994, 0.308842211962, -5.15167140961], [49.42735672, -53.869758606, 30.5862617493, 25.8793792725, 31.9705219269, 109.753547668, 37.4134368896, 3.77912402153, 17.2837543488, 2.31146812439, 9.66903781891, 8.62200832367, -12.5902786255], [-62.4810409546, 18.1390895844, 7.8648891449, -11.0670204163, -4.14121866226, 37.4134368896, 101.963882446, 44.5452270508, 4.0751581192, -8.06016635895, 10.5919599533, 2.87059879303, -8.04041004181], [57.4433250427, 24.0630683899, 3.2912106514, -11.2315750122, -21.7283306122, 3.77912402153, 44.5452270508, 84.686920166, 17.5154514313, 16.9250659943, 4.15353536606, -5.5158624649, 6.86414289474], [16.8148193359, -23.9010238647, 5.56716966629, 21.3305168152, 18.2760314941, 17.2837543488, 4.0751581192, 17.5154514313, 82.4022979736, 17.2087116241, 7.8949174881, -2.79990839958, -25.1059837341], [78.8060913086, -40.3003845215, 27.6848201752, -15.0591001511, 10.3669061661, 2.31146812439, -8.06016635895, 16.9250659943, 17.2087116241, 95.6385192871, 28.3135051727, 3.5398247242, 19.616809845], [47.3252067566, 13.9207172394, -18.6891880035, -8.54166507721, -2.01664566994, 9.66903781891, 10.5919599533, 4.15353536606, 7.8949174881, 28.3135051727, 66.5006561279, 28.6673336029, -7.50988960266], [19.1120548248, 5.98411417007, -7.08437871933, 2.63592886925, 0.308842211962, 8.62200832367, 2.87059879303, -5.5158624649, -2.79990839958, 3.5398247242, 28.6673336029, 60.0559806824, 27.1158561707], [26.3862266541, -7.37896299362, 27.0019264221, -7.87311792374, -5.15167140961, -12.5902786255, -8.04041004181, 6.86414289474, -25.1059837341, 19.616809845, -7.50988960266, 27.1158561707, 92.7933959961]]
        icov: [[0.000239332803176, 9.58762029768e-005, 0.000148474209709, -0.00041627016617, 0.000477621215396, -0.000233573024161, 0.000257258594502, -0.000213427862036, 9.41296675592e-005, -0.000220059402636, -0.000129904976347, 5.61478700547e-005, -6.09826020082e-005], [9.58762029768e-005, 0.00325346039608, 0.00168073584791, -0.00150128849782, 8.9505520009e-005, 0.00158890557941, -0.000747014477383, -0.00120379636064, 0.00101476011332, 0.000846930255648, -0.00110142701305, 0.000218391724047, -0.00019757845439], [0.000148474209709, 0.00168073584791, 0.00510790059343, 0.00129515235312, -0.00143530732021, -0.000727869861294, -0.000268551288173, -0.000601026753429, -2.9399219784e-005, -0.000482335744891, 0.0011025351705, 0.000541121291462, -0.00141716084909], [-0.00041627016617, -0.00150128849782, 0.00129515235312, 0.00823282450438, -0.00199178070761, -0.00254294089973, 0.00109071843326, 0.00105282303412, -0.00244921888225, 0.000759480404668, 0.0021739420481, -0.000411955756135, -0.000645240303129], [0.000477621215396, 8.9505520009e-005, -0.00143530732021, -0.00199178070761, 0.0106356162578, -0.0022612567991, 7.75641747168e-005, 0.00288177211769, -0.00159863859881, -0.00168896163814, 0.000315196317388, 0.000110826702439, 0.000114825488708], [-0.000233573024161, 0.00158890557941, -0.000727869861294, -0.00254294089973, -0.0022612567991, 0.014066924341, -0.0062241400592, 0.0013800621964, -0.000656729447655, -0.000172633837792, -0.000620997627266, -0.00216596270911, 0.00177197158337], [0.000257258594502, -0.000747014477383, -0.000268551288173, 0.00109071843326, 7.75641747168e-005, -0.0062241400592, 0.0172553639859, -0.00959160830826, 0.00183351163287, 0.00322906463407, -0.0025535968598, -0.000277845421806, 0.00109057046939], [-0.000213427862036, -0.00120379636064, -0.000601026753429, 0.00105282303412, 0.00288177211769, 0.0013800621964, -0.00959160830826, 0.020493388176, -0.00566757423803, -0.00339168007486, 0.000787512108218, 0.00333796138875, -0.00349869369529], [9.41296675592e-005, 0.00101476011332, -2.9399219784e-005, -0.00244921888225, -0.00159863859881, -0.000656729447655, 0.00183351163287, -0.00566757423803, 0.0171212926507, -0.00321899703704, 0.000801473390311, -0.00284600770101, 0.00646425737068], [-0.000220059402636, 0.000846930255648, -0.000482335744891, 0.000759480404668, -0.00168896163814, -0.000172633837792, 0.00322906463407, -0.00339168007486, -0.00321899703704, 0.0171917639673, -0.0108177522197, 0.00639941077679, -0.0065026213415], [-0.000129904976347, -0.00110142701305, 0.0011025351705, 0.0021739420481, 0.000315196317388, -0.000620997627266, -0.0025535968598, 0.000787512108218, 0.000801473390311, -0.0108177522197, 0.0293311979622, -0.017072411254, 0.00933311879635], [5.61478700547e-005, 0.000218391724047, 0.000541121291462, -0.000411955756135, 0.000110826702439, -0.00216596270911, -0.000277845421806, 0.00333796138875, -0.00284600770101, 0.00639941077679, -0.017072411254, 0.0309702195227, -0.0133043294773], [-6.09826020082e-005, -0.00019757845439, -0.00141716084909, -0.000645240303129, 0.000114825488708, 0.00177197158337, 0.00109057046939, -0.00349869369529, 0.00646425737068, -0.0065026213415, 0.00933311879635, -0.0133043294773, 0.0195027217269]]
    sccoeffs:
        dmean: [0.0585594512522, 0.0477366559207, 0.0367255434394, 0.0308511331677, 0.023654922843, 0.0182913858443]
        dmean2: [0.098297290504, 0.0788229703903, 0.0605717897415, 0.0504683405161, 0.0384931080043, 0.0294742193073]
        dvar: [0.00199920427985, 0.00146448868327, 0.000838347710669, 0.000579019484576, 0.000368049601093, 0.000253989215707]
        dvar2: [0.00565758161247, 0.00386760756373, 0.00222884817049, 0.00153105054051, 0.000944979023188, 0.000613260781392]
        max: [-0.362268537283, -0.519745349884, -0.531311511993, -0.584268033504, -0.596866548061, -0.613041579723]
        mean: [-0.67797857523, -0.755520939827, -0.790461242199, -0.786836743355, -0.778331041336, -0.746080696583]
        median: [-0.678928017616, -0.760842442513, -0.799279272556, -0.79085791111, -0.779946208, -0.745409667492]
        min: [-0.981674492359, -0.973774135113, -0.973593890667, -0.975409924984, -0.965219438076, -0.964551925659]
        var: [0.00470886426046, 0.00475239893422, 0.00353613658808, 0.00221005431376, 0.00146483071148, 0.0016399336746]
    scvalleys:
        dmean: [0.430579096079, 0.354325652122, 0.289480298758, 0.280492812395, 0.286199241877, 0.291229784489]
        dmean2: [0.687122046947, 0.59235650301, 0.472690075636, 0.445907175541, 0.437659859657, 0.4387383461]
        dvar: [0.12879639864, 0.102690905333, 0.0679446682334, 0.0683679059148, 0.0819125697017, 0.127810165286]
        dvar2: [0.296904534101, 0.243842810392, 0.147648438811, 0.144202917814, 0.16730889678, 0.255602627993]
        max: [-5.18372583389, -4.92382192612, -5.13686418533, -5.83786153793, -5.47646999359, -7.36108016968]
        mean: [-6.86551094055, -6.80567741394, -7.04571628571, -7.15031528473, -6.82224607468, -9.37927436829]
        median: [-6.65880203247, -6.62253952026, -6.85475635529, -6.93580341339, -6.590675354, -9.09161186218]
        min: [-28.3234348297, -27.8289661407, -27.8849391937, -27.6431770325, -27.5690841675, -27.3911132813]
        var: [2.20039105415, 2.22406220436, 2.20686411858, 2.18331289291, 2.30051898956, 2.38698291779]

rhythm:
    beats_loudness:
        dmean: 0.00251350202598
        dmean2: 0.0044967411086
        dvar: 3.27678731082e-006
        dvar2: 9.7243273558e-006
        max: 0.0122174154967
        mean: 0.00626453896984
        median: 0.00655078049749
        min: 0
        var: 6.22608877165e-006
    bpm: 172.265197754
    bpm_confidence: 0
    first_peak_bpm: 172
    first_peak_spread: 0
    first_peak_weight: 0.646438002586
    onset_rate: 4.10494375229
    second_peak_bpm: 178
    second_peak_spread: 0
    second_peak_weight: 0.295514523983
    beats_loudness_band_ratio:
        dmean: [0.149045363069, 0.0446696579456, 0.073643296957, 0.0643051043153, 0.114773906767, 0.0888978764415]
        dmean2: [0.276250123978, 0.0798390060663, 0.128700360656, 0.114615172148, 0.206882372499, 0.155059918761]
        dvar: [0.0121280513704, 0.00214964733459, 0.00640912819654, 0.00379067705944, 0.00803059991449, 0.00567589281127]
        dvar2: [0.0366523861885, 0.00627007242292, 0.0185578651726, 0.0105415843427, 0.0256386492401, 0.0158526170999]
        max: [0.80934470892, 0.366656571627, 0.60764169693, 0.429849147797, 0.706402420998, 0.75910538435]
        mean: [0.204266354442, 0.0649499595165, 0.111941218376, 0.0958151221275, 0.268637746572, 0.285020112991]
        median: [0.192694723606, 0.0513604022563, 0.0831115469337, 0.0734146907926, 0.252337962389, 0.275575816631]
        min: [0, 0, 0, 0, 0, 0]
        var: [0.0157043561339, 0.00245436746627, 0.0084183095023, 0.00476518180221, 0.0120768845081, 0.0091715818271]
