
metadata:
    version:
        essentia: "2.1-beta2"
    audio_properties:
        analysis_sample_rate: 44100
        bitrate: 192
        channels: 2
        equal_loudness: 1
        length: 221.309387207
        replay_gain: -13.0717353821
        downmix: "mix"
    tags:
        album: "Wishmaster"
        artist: "Nightwish"
        comment: "880C910B"
        date: "2000"
        genre: "Rock"
        title: "Bare Grace Misery"
        tracknumber: "7"

configuration:
    average_loudness:
        compute: 1
        frameSize: 88200
        hopSize: 44100
        silentFrames: "noise"
        windowType: "hann"
    general:
        analysisSampleRate: 44100
        endTime: 2000
        equalLoudness: 1
        nequalLoudness: 0
        shortSound: 0
        startTime: 0
    lowlevel:
        compute: 1
        frameSize: 2048
        hopSize: 1024
        zeroPadding: 0
        silentFrames: "noise"
        windowType: "blackmanharris62"
        mfccStats: ["mean", "cov", "icov"]
        stats: ["mean", "var", "median", "min", "max", "dmean", "dmean2", "dvar", "dvar2"]
    panning:
        compute: 0
        frameSize: 8192
        hopSize: 2048
        zeroPadding: 8192
        silentFrames: "noise"
        windowType: "hann"
        stats: ["copy"]
    rhythm:
        compute: 1
        maxTempo: 208
        minTempo: 40
        method: "degara"
        stats: ["mean", "var", "median", "min", "max", "dmean", "dmean2", "dvar", "dvar2"]
    segmentation:
        compute: 0
        cpw: 5
        inc1: 300
        inc2: 50
        minimumSegmentsLength: 10
        size1: 1000
        size2: 600
    sfx:
        compute: 1
        stats: ["mean", "var", "median", "min", "max", "dmean", "dmean2", "dvar", "dvar2"]
    svm:
        compute: 0
    tonal:
        compute: 1
        frameSize: 4096
        hopSize: 2048
        zeroPadding: 0
        silentFrames: "noise"
        windowType: "blackmanharris62"
        stats: ["mean", "var", "median", "min", "max", "dmean", "dmean2", "dvar", "dvar2"]

lowlevel:
    average_loudness: 0.899386107922
    barkbands_kurtosis:
        dmean: 0.622075080872
        dmean2: 0.987256407738
        dvar: 1.12930524349
        dvar2: 2.42912769318
        max: 23.9689788818
        mean: -0.66463136673
        median: -1.2497215271
        min: -1.89767694473
        var: 2.97322511673
    barkbands_skewness:
        dmean: 0.365697383881
        dmean2: 0.563119292259
        dvar: 0.118456616998
        dvar2: 0.277567237616
        max: 4.23746490479
        mean: 0.13507296145
        median: 0.101849600673
        min: -3.74737787247
        var: 0.716508388519
    barkbands_spread:
        dmean: 5.62179708481
        dmean2: 8.8127822876
        dvar: 33.0176506042
        dvar2: 75.2331390381
        max: 93.1832580566
        mean: 38.2496452332
        median: 38.6036605835
        min: 3.83992981911
        var: 118.222343445
    dissonance:
        dmean: 0.0122002689168
        dmean2: 0.0205955896527
        dvar: 0.000151046231622
        dvar2: 0.00040978283505
        max: 0.500000119209
        mean: 0.476782977581
        median: 0.481283307076
        min: 0.301885306835
        var: 0.000345567532349
    hfc:
        dmean: 2.38512516022
        dmean2: 3.83579492569
        dvar: 10.7627687454
        dvar2: 27.6235351563
        max: 54.1787528992
        mean: 7.97313308716
        median: 6.95295333862
        min: 1.08586063653e-016
        var: 34.8669929504
    pitch:
        dmean: 816.064758301
        dmean2: 1578.91516113
        dvar: 1741712
        dvar2: 4165169.5
        max: 6280.30224609
        mean: 1620.95275879
        median: 522.034545898
        min: 54.9580001831
        var: 2409775.5
    pitch_instantaneous_confidence:
        dmean: 0.0864852443337
        dmean2: 0.136009961367
        dvar: 0.00639544520527
        dvar2: 0.0136522976682
        max: 0.940277993679
        mean: 0.442494541407
        median: 0.412831634283
        min: 0.0949856042862
        var: 0.0277100689709
    pitch_salience:
        dmean: 0.0563055798411
        dmean2: 0.0901495590806
        dvar: 0.00258671678603
        dvar2: 0.00649035535753
        max: 0.89464867115
        mean: 0.60793441534
        median: 0.617191195488
        min: 0.210735574365
        var: 0.00920279603451
    silence_rate_20dB:
        dmean: 0
        dmean2: 0
        dvar: 0
        dvar2: 0
        max: 1
        mean: 1
        median: 1
        min: 1
        var: 0
    silence_rate_30dB:
        dmean: 0
        dmean2: 0
        dvar: 0
        dvar2: 0
        max: 1
        mean: 1
        median: 1
        min: 1
        var: 0
    silence_rate_60dB:
        dmean: 0.0872940942645
        dmean2: 0.174606502056
        dvar: 0.0796793997288
        dvar2: 0.172050580382
        max: 1
        mean: 0.298887968063
        median: 0
        min: 0
        var: 0.209569633007
    spectral_centroid:
        dmean: 267.032287598
        dmean2: 420.003936768
        dvar: 81926.7578125
        dvar2: 187838.203125
        max: 11621.1582031
        mean: 1747.64196777
        median: 1648.64099121
        min: 263.727325439
        var: 1166587.75
    spectral_complexity:
        dmean: 3.47917318344
        dmean2: 5.63231897354
        dvar: 16.5192222595
        dvar2: 40.0929527283
        max: 44
        mean: 13.7361516953
        median: 13
        min: 0
        var: 62.6511497498
    spectral_crest:
        dmean: 1.76205217838
        dmean2: 2.88035607338
        dvar: 3.02316784859
        dvar2: 7.5191245079
        max: 22.4624328613
        mean: 7.03529405594
        median: 6.26312637329
        min: 2.59116101265
        var: 8.58589553833
    spectral_decrease:
        dmean: 2.68028071959e-010
        dmean2: 4.37200081693e-010
        dvar: 1.37896320163e-019
        dvar2: 3.46267575486e-019
        max: 2.84986353885e-028
        mean: -1.02146369141e-009
        median: -9.56564272236e-010
        min: -4.29510915723e-009
        var: 3.63883937594e-019
    spectral_energy:
        dmean: 0.00118950603064
        dmean2: 0.00193680229131
        dvar: 2.7362457331e-006
        dvar2: 6.87503779773e-006
        max: 0.0204487927258
        mean: 0.00457842648029
        median: 0.00425995420665
        min: 9.97399923112e-021
        var: 7.53086260374e-006
    spectral_energyband_high:
        dmean: 0.000190467617358
        dmean2: 0.000319148908602
        dvar: 1.09549311844e-007
        dvar2: 2.92723484563e-007
        max: 0.00312666315585
        mean: 0.000377500604372
        median: 0.000220600675675
        min: 7.04589133819e-021
        var: 1.79104262088e-007
    spectral_energyband_low:
        dmean: 0.000325009023072
        dmean2: 0.000553827674594
        dvar: 3.00358550476e-007
        dvar2: 8.40671646074e-007
        max: 0.00846385955811
        mean: 0.000726446858607
        median: 0.00055799272377
        min: 1.60057353314e-023
        var: 4.85426028263e-007
    spectral_energyband_middle_high:
        dmean: 0.000566617702134
        dmean2: 0.000886271533091
        dvar: 4.55097364238e-007
        dvar2: 1.09465543119e-006
        max: 0.0158294457942
        mean: 0.00202593486756
        median: 0.001774758799
        min: 1.15770904044e-021
        var: 2.35334096033e-006
    spectral_energyband_middle_low:
        dmean: 0.000642769562546
        dmean2: 0.00102218682878
        dvar: 9.67744085756e-007
        dvar2: 2.37991662289e-006
        max: 0.0143572147936
        mean: 0.00160392990801
        median: 0.00129922025371
        min: 1.65315950596e-022
        var: 1.77435003934e-006
    spectral_flatness_db:
        dmean: 0.0129002360627
        dmean2: 0.0199863910675
        dvar: 0.000149240906467
        dvar2: 0.00030957578565
        max: 0.300584703684
        mean: 0.134578570724
        median: 0.130608975887
        min: 0.0422589816153
        var: 0.000843316724058
    spectral_flux:
        dmean: 0.00857412163168
        dmean2: 0.013208844699
        dvar: 9.50688117882e-005
        dvar2: 0.00020799797494
        max: 0.112115457654
        mean: 0.0378422029316
        median: 0.0372094959021
        min: 6.52217654884e-011
        var: 0.000317164842272
    spectral_kurtosis:
        dmean: 0.77580332756
        dmean2: 1.27145755291
        dvar: 0.668044865131
        dvar2: 1.72783350945
        max: 14.1367321014
        mean: 2.90515160561
        median: 2.8172416687
        min: -1.54379999638
        var: 2.28786993027
    spectral_rms:
        dmean: 0.000253330363194
        dmean2: 0.000405116763432
        dvar: 9.83138832567e-008
        dvar2: 2.39169963834e-007
        max: 0.0044665466994
        mean: 0.00199620681815
        median: 0.00203863997012
        min: 3.11941206373e-012
        var: 4.81942663555e-007
    spectral_rolloff:
        dmean: 382.401947021
        dmean2: 620.790771484
        dvar: 336847
        dvar2: 699739.0625
        max: 20004.3457031
        mean: 3437.2590332
        median: 3445.3125
        min: 150.732421875
        var: 3061806.25
    spectral_skewness:
        dmean: 0.139627456665
        dmean2: 0.221959516406
        dvar: 0.0206398703158
        dvar2: 0.0462221540511
        max: 2.75396108627
        mean: 1.28731119633
        median: 1.26805460453
        min: -0.0767528116703
        var: 0.126146778464
    spectral_spread:
        dmean: 503394.3125
        dmean2: 722482.3125
        dvar: 554562945024
        dvar2: 995993124864
        max: 42502136
        mean: 5822112.5
        median: 5271541
        min: 2400666.25
        var: 1.36637537321e+013
    spectral_strongpeak:
        dmean: 0.503209352493
        dmean2: 0.872449338436
        dvar: 0.851474583149
        dvar2: 2.20150947571
        max: 10.6297340393
        mean: 0.643363952637
        median: 0.225258693099
        min: 0
        var: 1.05581820011
    zerocrossingrate:
        dmean: 0.00849166698754
        dmean2: 0.0100800106302
        dvar: 7.73853316787e-005
        dvar2: 9.78400566964e-005
        max: 0.5224609375
        mean: 0.102849796414
        median: 0.10009765625
        min: 0.013671875
        var: 0.0022060314659
    barkbands:
        dmean: [5.59029956548e-007, 0.000116121256724, 0.000189539336134, 0.000213022780372, 0.000224468283704, 0.000118849013234, 0.000182296731509, 0.000133521680254, 0.000107148400275, 4.53285829281e-005, 4.4732423703e-005, 3.87530672015e-005, 3.6529119825e-005, 5.65657137486e-005, 5.8649933635e-005, 6.50503861834e-005, 0.000158975861268, 0.000169294697116, 0.000262246583588, 0.000169697523233, 9.74285940174e-005, 3.14751596306e-005, 9.38490939006e-006, 3.64020661436e-006, 2.16415492105e-006, 9.17740337059e-008, 8.70246319451e-010]
        dmean2: [8.85644681148e-007, 0.000200964452233, 0.000319700164255, 0.000348110334016, 0.00037016501301, 0.00019103375962, 0.000284353911411, 0.00021103626932, 0.000171718595084, 7.15089554433e-005, 7.36453948775e-005, 6.22986772214e-005, 5.79325569561e-005, 8.83491229615e-005, 9.41697580856e-005, 0.000106006889837, 0.000259375141468, 0.000280876934994, 0.000426568527473, 0.000287315808237, 0.000166418671142, 5.13295672135e-005, 1.52513930516e-005, 5.44935028302e-006, 3.17635408464e-006, 1.42774794654e-007, 1.26173183013e-009]
        dvar: [2.26886760248e-012, 4.90525664532e-008, 1.15090379893e-007, 1.37522519594e-007, 2.27349872262e-007, 4.11108764808e-008, 1.40025804285e-007, 7.27459834593e-008, 4.47284271843e-008, 8.33362090447e-009, 1.02892983023e-008, 8.91248852497e-009, 7.36368654941e-009, 1.30754767014e-008, 1.81539228095e-008, 1.1572533154e-008, 4.98089818279e-008, 6.09389232409e-008, 1.50213537609e-007, 6.53516991633e-008, 2.9977968552e-008, 3.06368286296e-009, 3.65494190468e-010, 7.28102439451e-011, 3.84903289796e-011, 3.79044228459e-014, 2.31804090419e-018]
        dvar2: [5.25996303805e-012, 1.35133959134e-007, 3.22199412039e-007, 3.50598952537e-007, 5.77380433242e-007, 9.66374074096e-008, 3.3949206113e-007, 1.67016622754e-007, 1.01691099985e-007, 1.82258208525e-008, 2.56285641598e-008, 1.88537487844e-008, 1.62543525306e-008, 2.96595512594e-008, 4.03167348395e-008, 2.77384089031e-008, 1.27936914396e-007, 1.57057442607e-007, 3.43196035146e-007, 1.75809688585e-007, 8.12705920339e-008, 7.42631778294e-009, 8.68010274768e-010, 1.34758731951e-010, 6.95240046089e-011, 9.28684754965e-014, 4.6736738585e-018]
        max: [1.37371180244e-005, 0.0020965738222, 0.0054778708145, 0.0050689112395, 0.00771468831226, 0.0039853816852, 0.0111869238317, 0.00511480309069, 0.00490931747481, 0.00311325280927, 0.00345138600096, 0.00273083196953, 0.00267283478752, 0.00196463637985, 0.004279486835, 0.00226766499691, 0.00316926091909, 0.005458552856, 0.0132186412811, 0.0038431272842, 0.00198407238349, 0.00124575116206, 0.000541729736142, 0.000426210986916, 0.000257593899732, 6.63444643578e-006, 3.21451842922e-008]
        mean: [5.30062663984e-007, 0.000199223155505, 0.000393558351789, 0.000299798790365, 0.000331812596414, 0.000232504680753, 0.00032061766251, 0.000217320688535, 0.000178804140887, 8.0128753325e-005, 7.44574208511e-005, 6.72041715006e-005, 5.95336969127e-005, 8.97203208297e-005, 8.35448736325e-005, 0.000123435180285, 0.000313435099088, 0.000351214082912, 0.000594801851548, 0.000303580629406, 0.000175222929101, 5.9059686464e-005, 1.5947396605e-005, 8.41920518724e-006, 4.39002178609e-006, 1.66316837635e-007, 1.40886269318e-009]
        median: [9.7238242347e-008, 0.000119827069284, 0.000269259035122, 0.000116080111184, 0.000177529989742, 0.000107468724309, 9.92556306301e-005, 7.78750691097e-005, 7.46597070247e-005, 4.30620311818e-005, 3.86649699067e-005, 2.93400516966e-005, 2.8733173167e-005, 3.85295206797e-005, 3.45602456946e-005, 7.14671841706e-005, 0.000220492569497, 0.000258811574895, 0.000431629276136, 0.000186893492355, 9.46072395891e-005, 3.11146541208e-005, 7.72645307734e-006, 4.04091906603e-006, 1.91528533833e-006, 7.89896006381e-008, 4.69948802095e-010]
        min: [1.17289145939e-025, 1.3773405895e-024, 1.40400418671e-024, 2.53791744945e-026, 9.26840723925e-024, 7.79995213052e-024, 9.06181797881e-024, 3.23986988154e-024, 1.47173582347e-023, 1.2036671617e-023, 1.56475404157e-023, 7.42314798597e-024, 2.63852263344e-023, 1.45216655099e-023, 3.78778600281e-023, 5.1832500208e-023, 7.80631255822e-023, 9.1035469852e-023, 1.57472211952e-022, 1.60160687782e-022, 2.28206125527e-022, 3.2761103093e-022, 4.08247635355e-022, 6.20983226654e-022, 9.43714932005e-022, 1.31648409719e-021, 1.97449870142e-021]
        var: [2.10922208518e-012, 5.53758923161e-008, 2.15195626652e-007, 2.15710159068e-007, 2.54129787436e-007, 1.28881595174e-007, 3.0741188084e-007, 1.55415023073e-007, 1.12773300032e-007, 2.39252671008e-008, 2.18291624776e-008, 2.06656469715e-008, 1.57397348488e-008, 2.51335006141e-008, 3.13580734712e-008, 3.01716482909e-008, 1.10393884256e-007, 1.38276320172e-007, 4.32805251194e-007, 1.16104153847e-007, 4.56212383426e-008, 6.07544237141e-009, 6.59216292664e-010, 2.70284711279e-010, 1.27138799488e-010, 7.58759713588e-014, 5.40626760878e-018]
    frequency_bands:
        dmean: [5.59029956548e-007, 0.000116121256724, 0.000189539336134, 0.000213022780372, 0.000224468283704, 0.000118849013234, 0.000182296731509, 0.000133521680254, 0.000107148400275, 4.53285829281e-005, 4.4732423703e-005, 3.87530672015e-005, 3.6529119825e-005, 5.65657137486e-005, 5.8649933635e-005, 6.50503861834e-005, 0.000158975861268, 0.000169294697116, 0.000262246583588, 0.000169697523233, 9.74285940174e-005, 3.14751596306e-005, 9.38490939006e-006, 3.64020661436e-006, 2.16415492105e-006, 9.17740337059e-008, 8.70246319451e-010, 5.14721251732e-011]
        dmean2: [8.85644681148e-007, 0.000200964452233, 0.000319700164255, 0.000348110334016, 0.00037016501301, 0.00019103375962, 0.000284353911411, 0.00021103626932, 0.000171718595084, 7.15089554433e-005, 7.36453948775e-005, 6.22986772214e-005, 5.79325569561e-005, 8.83491229615e-005, 9.41697580856e-005, 0.000106006889837, 0.000259375141468, 0.000280876934994, 0.000426568527473, 0.000287315808237, 0.000166418671142, 5.13295672135e-005, 1.52513930516e-005, 5.44935028302e-006, 3.17635408464e-006, 1.42774794654e-007, 1.26173183013e-009, 9.57510321031e-011]
        dvar: [2.26886760248e-012, 4.90525664532e-008, 1.15090379893e-007, 1.37522519594e-007, 2.27349872262e-007, 4.11108764808e-008, 1.40025804285e-007, 7.27459834593e-008, 4.47284271843e-008, 8.33362090447e-009, 1.02892983023e-008, 8.91248852497e-009, 7.36368654941e-009, 1.30754767014e-008, 1.81539228095e-008, 1.1572533154e-008, 4.98089818279e-008, 6.09389232409e-008, 1.50213537609e-007, 6.53516991633e-008, 2.9977968552e-008, 3.06368286296e-009, 3.65494190468e-010, 7.28102439451e-011, 3.84903289796e-011, 3.79044228459e-014, 2.31804090419e-018, 5.53242506313e-021]
        dvar2: [5.25996303805e-012, 1.35133959134e-007, 3.22199412039e-007, 3.50598952537e-007, 5.77380433242e-007, 9.66374074096e-008, 3.3949206113e-007, 1.67016622754e-007, 1.01691099985e-007, 1.82258208525e-008, 2.56285641598e-008, 1.88537487844e-008, 1.62543525306e-008, 2.96595512594e-008, 4.03167348395e-008, 2.77384089031e-008, 1.27936914396e-007, 1.57057442607e-007, 3.43196035146e-007, 1.75809688585e-007, 8.12705920339e-008, 7.42631778294e-009, 8.68010274768e-010, 1.34758731951e-010, 6.95240046089e-011, 9.28684754965e-014, 4.6736738585e-018, 1.7300825016e-020]
        max: [1.37371180244e-005, 0.0020965738222, 0.0054778708145, 0.0050689112395, 0.00771468831226, 0.0039853816852, 0.0111869238317, 0.00511480309069, 0.00490931747481, 0.00311325280927, 0.00345138600096, 0.00273083196953, 0.00267283478752, 0.00196463637985, 0.004279486835, 0.00226766499691, 0.00316926091909, 0.005458552856, 0.0132186412811, 0.0038431272842, 0.00198407238349, 0.00124575116206, 0.000541729736142, 0.000426210986916, 0.000257593899732, 6.63444643578e-006, 3.21451842922e-008, 1.18992360409e-009]
        mean: [5.30062663984e-007, 0.000199223155505, 0.000393558351789, 0.000299798790365, 0.000331812596414, 0.000232504680753, 0.00032061766251, 0.000217320688535, 0.000178804140887, 8.0128753325e-005, 7.44574208511e-005, 6.72041715006e-005, 5.95336969127e-005, 8.97203208297e-005, 8.35448736325e-005, 0.000123435180285, 0.000313435099088, 0.000351214082912, 0.000594801851548, 0.000303580629406, 0.000175222929101, 5.9059686464e-005, 1.5947396605e-005, 8.41920518724e-006, 4.39002178609e-006, 1.66316837635e-007, 1.40886269318e-009, 4.0541934393e-011]
        median: [9.7238242347e-008, 0.000119827069284, 0.000269259035122, 0.000116080111184, 0.000177529989742, 0.000107468724309, 9.92556306301e-005, 7.78750691097e-005, 7.46597070247e-005, 4.30620311818e-005, 3.86649699067e-005, 2.93400516966e-005, 2.8733173167e-005, 3.85295206797e-005, 3.45602456946e-005, 7.14671841706e-005, 0.000220492569497, 0.000258811574895, 0.000431629276136, 0.000186893492355, 9.46072395891e-005, 3.11146541208e-005, 7.72645307734e-006, 4.04091906603e-006, 1.91528533833e-006, 7.89896006381e-008, 4.69948802095e-010, 1.4984374852e-011]
        min: [1.17289145939e-025, 1.3773405895e-024, 1.40400418671e-024, 2.53791744945e-026, 9.26840723925e-024, 7.79995213052e-024, 9.06181797881e-024, 3.23986988154e-024, 1.47173582347e-023, 1.2036671617e-023, 1.56475404157e-023, 7.42314798597e-024, 2.63852263344e-023, 1.45216655099e-023, 3.78778600281e-023, 5.1832500208e-023, 7.80631255822e-023, 9.1035469852e-023, 1.57472211952e-022, 1.60160687782e-022, 2.28206125527e-022, 3.2761103093e-022, 4.08247635355e-022, 6.20983226654e-022, 9.43714932005e-022, 1.31648409719e-021, 1.97449870142e-021, 5.23991655019e-022]
        var: [2.10922208518e-012, 5.53758923161e-008, 2.15195626652e-007, 2.15710159068e-007, 2.54129787436e-007, 1.28881595174e-007, 3.0741188084e-007, 1.55415023073e-007, 1.12773300032e-007, 2.39252671008e-008, 2.18291624776e-008, 2.06656469715e-008, 1.57397348488e-008, 2.51335006141e-008, 3.13580734712e-008, 3.01716482909e-008, 1.10393884256e-007, 1.38276320172e-007, 4.32805251194e-007, 1.16104153847e-007, 4.56212383426e-008, 6.07544237141e-009, 6.59216292664e-010, 2.70284711279e-010, 1.27138799488e-010, 7.58759713588e-014, 5.40626760878e-018, 4.61596427828e-021]
    mfcc:
        mean: [-708.128967285, 96.0357284546, -30.9640617371, 56.0626983643, -7.49678373337, -8.84942436218, 3.28815793991, 2.03018665314, -2.66083502769, -2.64388775826, 1.59114706516, -0.0214472766966, -3.14536428452]
        cov: [[6136.28173828, 366.124816895, -400.368103027, 580.957336426, -283.260284424, 2.57130622864, -140.067092896, 15.1859560013, 52.6115570068, 47.3394432068, 102.415161133, 31.616268158, -94.9047546387], [366.124816895, 830.487731934, -120.863525391, 164.394393921, 48.365486145, -98.3268966675, 36.1348114014, 52.7098007202, -14.9741630554, -15.5607652664, 33.9600372314, 25.2663536072, -3.06161594391], [-400.368103027, -120.863525391, 394.097900391, -123.388259888, 60.0323829651, 28.7723293304, -11.3206424713, -0.337305545807, 5.41404676437, 3.48273897171, -40.6893234253, -24.7197132111, 28.636964798], [580.957336426, 164.394393921, -123.388259888, 320.188293457, 2.22037577629, -2.29543709755, -23.5633296967, 17.1460533142, 46.1921882629, -29.9250640869, 14.8653507233, 18.0861244202, -19.2185592651], [-283.260284424, 48.365486145, 60.0323829651, 2.22037577629, 166.1849823, -8.7532377243, -13.2362117767, 5.12586259842, 6.70253992081, 25.5827484131, -18.223657608, -5.1413064003, 30.6159610748], [2.57130622864, -98.3268966675, 28.7723293304, -2.29543709755, -8.7532377243, 120.904708862, 46.8054161072, 4.34778690338, 17.5585365295, -8.5680398941, -6.27959108353, -5.22307538986, -15.9419622421], [-140.067092896, 36.1348114014, -11.3206424713, -23.5633296967, -13.2362117767, 46.8054161072, 130.556808472, 38.8422698975, 1.52376282215, -16.813703537, 10.9696979523, 0.337360501289, -14.1773014069], [15.1859560013, 52.7098007202, -0.337305545807, 17.1460533142, 5.12586259842, 4.34778690338, 38.8422698975, 83.3407287598, 12.7461013794, 11.4508199692, 12.4387865067, 10.4957666397, -1.81909048557], [52.6115570068, -14.9741630554, 5.41404676437, 46.1921882629, 6.70253992081, 17.5585365295, 1.52376282215, 12.7461013794, 86.6084136963, 11.2155265808, 6.79536247253, 3.51812958717, -6.16561555862], [47.3394432068, -15.5607652664, 3.48273897171, -29.9250640869, 25.5827484131, -8.5680398941, -16.813703537, 11.4508199692, 11.2155265808, 97.7309188843, 28.0280132294, 8.86400318146, 15.3922281265], [102.415161133, 33.9600372314, -40.6893234253, 14.8653507233, -18.223657608, -6.27959108353, 10.9696979523, 12.4387865067, 6.79536247253, 28.0280132294, 98.5953979492, 38.0007362366, -25.5334663391], [31.616268158, 25.2663536072, -24.7197132111, 18.0861244202, -5.1413064003, -5.22307538986, 0.337360501289, 10.4957666397, 3.51812958717, 8.86400318146, 38.0007362366, 70.2143478394, 4.46476554871], [-94.9047546387, -3.06161594391, 28.636964798, -19.2185592651, 30.6159610748, -15.9419622421, -14.1773014069, -1.81909048557, -6.16561555862, 15.3922281265, -25.5334663391, 4.46476554871, 80.9651870728]]
        icov: [[0.000242379610427, -9.16756835068e-005, 4.28644343629e-005, -0.000407906481996, 0.000487323879497, -0.000212159386138, 0.000313002645271, -4.22315752076e-005, 0.000107281266537, -0.000370763533283, -2.70436994469e-005, 0.000120977958431, 5.99230043008e-005], [-9.16756835068e-005, 0.00179109163582, 0.000118620526337, -0.000782040937338, -0.000814872269984, 0.00178622256499, -0.00123974436428, -0.000491432205308, 0.000561329477932, 0.000304429675452, -0.000237480300711, -0.000150700376253, 8.26847026474e-005], [4.28644343629e-005, 0.000118620526337, 0.00345590594225, 0.00143671501428, -0.00111010984983, -0.00105455517769, 0.00113580469042, -0.000896880635992, -0.000776376517024, 0.000870282878168, 0.000264214904746, 0.000578259350732, -0.000608844566159], [-0.000407906481996, -0.000782040937338, 0.00143671501428, 0.00580201065168, -0.00134708220139, -0.00110090989619, 0.00206077704206, -0.00127876305487, -0.00292678037658, 0.00304795522243, -0.000408315041568, -0.000545447750483, 8.5068102635e-005], [0.000487323879497, -0.000814872269984, -0.00111010984983, -0.00134708220139, 0.00845006108284, -0.000449122017017, 0.000763702148106, -5.65588288737e-006, -6.58945355099e-005, -0.0029937135987, 0.00124672218226, 0.000420872325776, -0.00160274154041], [-0.000212159386138, 0.00178622256499, -0.00105455517769, -0.00110090989619, -0.000449122017017, 0.0127013865858, -0.00599634135142, 0.0014780680649, -0.00144803128205, -0.00044683861779, 0.00162598176394, -0.000800708599854, 0.00211608293466], [0.000313002645271, -0.00123974436428, 0.00113580469042, 0.00206077704206, 0.000763702148106, -0.00599634135142, 0.0133435484022, -0.00590904103592, -7.84376607044e-005, 0.00304203503765, -0.00217866105959, 0.00141549273394, -0.000207687189686], [-4.22315752076e-005, -0.000491432205308, -0.000896880635992, -0.00127876305487, -5.65588288737e-006, 0.0014780680649, -0.00590904103592, 0.0160580873489, -0.00142718444113, -0.00305276783183, 0.000544178124983, -0.00191052770242, 0.000313504686346], [0.000107281266537, 0.000561329477932, -0.000776376517024, -0.00292678037658, -6.58945355099e-005, -0.00144803128205, -7.84376607044e-005, -0.00142718444113, 0.014102017507, -0.00252699991688, -7.67239398556e-005, -7.53484055167e-005, 0.000955108727794], [-0.000370763533283, 0.000304429675452, 0.000870282878168, 0.00304795522243, -0.0029937135987, -0.00044683861779, 0.00304203503765, -0.00305276783183, -0.00252699991688, 0.0154605461285, -0.00608030334115, 0.00146429473534, -0.00362915638834], [-2.70436994469e-005, -0.000237480300711, 0.000264214904746, -0.000408315041568, 0.00124672218226, 0.00162598176394, -0.00217866105959, 0.000544178124983, -7.67239398556e-005, -0.00608030334115, 0.0177336633205, -0.00880083069205, 0.00647634919733], [0.000120977958431, -0.000150700376253, 0.000578259350732, -0.000545447750483, 0.000420872325776, -0.000800708599854, 0.00141549273394, -0.00191052770242, -7.53484055167e-005, 0.00146429473534, -0.00880083069205, 0.0197013337165, -0.00445575499907], [5.99230043008e-005, 8.26847026474e-005, -0.000608844566159, 8.5068102635e-005, -0.00160274154041, 0.00211608293466, -0.000207687189686, 0.000313504686346, 0.000955108727794, -0.00362915638834, 0.00647634919733, -0.00445575499907, 0.0167040619999]]
    sccoeffs:
        dmean: [0.0482423193753, 0.0449755378067, 0.0361194238067, 0.0302609112114, 0.022384878248, 0.0157307963818]
        dmean2: [0.080907933414, 0.0737798586488, 0.0592130757868, 0.0482599176466, 0.0353457555175, 0.0257313549519]
        dvar: [0.00175228109583, 0.00137524597812, 0.00084435386816, 0.000636692217086, 0.000374235940399, 0.000196873705136]
        dvar2: [0.00476988777518, 0.00352868973278, 0.00223758583888, 0.00152597797569, 0.000839537009597, 0.000510532641783]
        max: [-0.347548544407, -0.478000581264, -0.521804451942, -0.545414149761, -0.579035401344, -0.63174623251]
        mean: [-0.657004952431, -0.740655899048, -0.786711931229, -0.785072624683, -0.77644354105, -0.761963248253]
        median: [-0.656810879707, -0.745974421501, -0.792108952999, -0.793341338634, -0.780249416828, -0.758163452148]
        min: [-0.97811627388, -0.97790646553, -0.976595044136, -0.972222089767, -0.968521475792, -0.964691758156]
        var: [0.00568471150473, 0.00550879305229, 0.00318380468525, 0.00305167050101, 0.00198987778276, 0.0014598100679]
    scvalleys:
        dmean: [0.361533761024, 0.334085851908, 0.26817882061, 0.281852006912, 0.251638621092, 0.261583864689]
        dmean2: [0.593477189541, 0.558212518692, 0.445564478636, 0.443341940641, 0.378283947706, 0.379133164883]
        dvar: [0.111335672438, 0.10509840399, 0.0671695023775, 0.0935994759202, 0.103947408497, 0.136451303959]
        dvar2: [0.266489923, 0.246736094356, 0.145341277122, 0.191033363342, 0.197965338826, 0.265691518784]
        max: [-5.04022598267, -4.66992425919, -5.66288614273, -5.89091062546, -5.5469326973, -7.47256851196]
        mean: [-6.906270504, -6.78136587143, -7.29078769684, -7.66529989243, -7.2825255394, -9.61686134338]
        median: [-6.59811687469, -6.48804426193, -7.00604057312, -7.37589788437, -6.91370868683, -9.33603668213]
        min: [-28.0676937103, -27.9324417114, -27.7671470642, -27.6563148499, -27.4198589325, -27.4148616791]
        var: [4.50125741959, 4.51714706421, 4.20407581329, 4.10616636276, 4.38235378265, 3.97499775887]

rhythm:
    beats_loudness:
        dmean: 0.002900847001
        dmean2: 0.00554688507691
        dvar: 3.68627547687e-006
        dvar2: 1.25821925394e-005
        max: 0.0194472577423
        mean: 0.00585700990632
        median: 0.00568266957998
        min: 0
        var: 8.25146707939e-006
    bpm: 151.230285645
    bpm_confidence: 0
    first_peak_bpm: 152
    first_peak_spread: 0.25819671154
    first_peak_weight: 0.654611229897
    onset_rate: 3.26692008972
    second_peak_bpm: 157
    second_peak_spread: 0.0588235594332
    second_peak_weight: 0.0578661859035
    beats_loudness_band_ratio:
        dmean: [0.127219989896, 0.0887234732509, 0.0881638228893, 0.0476741567254, 0.0787750631571, 0.0896687209606]
        dmean2: [0.216832831502, 0.155964806676, 0.153352290392, 0.0853127986193, 0.138128206134, 0.158592373133]
        dvar: [0.0112124774605, 0.00567170931026, 0.00878986064345, 0.00486380187795, 0.00480710761622, 0.00602874346077]
        dvar2: [0.0325597040355, 0.0154588138685, 0.0255052745342, 0.0139468219131, 0.0143600869924, 0.0165646933019]
        max: [0.767771601677, 0.482762902975, 0.723764181137, 0.512692153454, 0.564669430256, 0.801581084728]
        mean: [0.279103755951, 0.124128952622, 0.138798594475, 0.0738025456667, 0.188459798694, 0.220420643687]
        median: [0.260575652122, 0.0965336710215, 0.10130739212, 0.0509387478232, 0.174288794398, 0.209897607565]
        min: [0, 0, 0, 0, 0, 0]
        var: [0.0198578555137, 0.00941009260714, 0.0133716361597, 0.00478115491569, 0.00705466559157, 0.0111009897664]
    beats_position: [0.417959183455, 0.859138309956, 1.30031740665, 1.71827661991, 2.13623571396, 2.54258489609, 2.94893407822, 3.34367346764, 3.73841261864, 4.13315200806, 4.52789115906, 4.92263031006, 5.31736946106, 5.71210861206, 6.11845779419, 6.51319694519, 6.91954612732, 7.31428575516, 7.70902490616, 8.10376358032, 8.498503685, 8.90485286713, 9.31120204926, 9.70594120026, 10.1006803513, 10.4838094711, 10.866938591, 11.2732877731, 11.6796369553, 12.0743761063, 12.4691152573, 12.8638544083, 13.2585935593, 13.6533327103, 14.0480718613, 14.4544210434, 14.8607711792, 15.2555103302, 15.6502494812, 16.0449886322, 16.4513378143, 16.8460769653, 17.2524261475, 17.6471652985, 18.0419044495, 18.4482536316, 18.8546028137, 19.2493419647, 19.6324710846, 20.0156002045, 20.4103393555, 20.8166885376, 21.2230377197, 21.6293869019, 22.035736084, 22.430475235, 22.8136043549, 23.1967334747, 23.5914726257, 23.9862117767, 24.3809528351, 24.7756919861, 25.1704311371, 25.5651702881, 25.9599094391, 26.3546485901, 26.7493877411, 27.1557369232, 27.5736961365, 27.9684352875, 28.3747844696, 28.7695236206, 29.1642627716, 29.5590019226, 29.9537410736, 30.3600902557, 30.7664394379, 31.1611785889, 31.5559177399, 31.9506568909, 32.3453979492, 32.7401351929, 33.1348762512, 33.5412254333, 33.9475746155, 34.3423118591, 34.7370529175, 35.1317901611, 35.5265312195, 35.9212684631, 36.3160095215, 36.7107467651, 37.1054878235, 37.5002250671, 37.8949661255, 38.2897033691, 38.6844444275, 39.0907936096, 39.4971427917, 39.9034919739, 40.2982292175, 40.7045783997, 41.099319458, 41.4940567017, 41.88879776, 42.2835350037, 42.678276062, 43.0730133057, 43.467754364, 43.8624954224, 44.257232666, 44.6519737244, 45.046710968, 45.4414520264, 45.83618927, 46.2309303284, 46.6372795105, 47.0436286926, 47.4383659363, 47.8331069946, 48.2278442383, 48.6225852966, 49.0173225403, 49.4120635986, 49.8068008423, 50.2015419006, 50.6078910828, 51.0142402649, 51.4089775085, 51.8037185669, 52.1984558105, 52.5931968689, 52.999546051, 53.4058952332, 53.8006324768, 54.1953735352, 54.5901107788, 54.9848518372, 55.3795890808, 55.7743301392, 56.1806793213, 56.5870285034, 56.9817695618, 57.3765068054, 57.7828559875, 58.1659851074, 58.5607261658, 58.9554634094, 59.3618125916, 59.7681617737, 60.162902832, 60.5692520142, 60.9639892578, 61.3471183777, 61.7302474976, 62.1133766174, 62.5197257996, 62.9376869202, 63.3440361023, 63.7503852844, 64.1451263428, 64.5282516479, 64.9113845825, 65.3061218262, 65.7240829468, 66.1304321289, 66.5251693726, 66.9199066162, 67.3146438599, 67.6977767944, 68.0809020996, 68.4872512817, 68.8936004639, 69.2883453369, 69.6830825806, 70.0778198242, 70.4725646973, 70.8673019409, 71.2620391846, 71.6683883667, 72.0747375488, 72.4694747925, 72.8758239746, 73.2821731567, 73.6769180298, 74.060043335, 74.4431762695, 74.8495254517, 75.2558746338, 75.6506118774, 76.0453491211, 76.4516983032, 76.8580474854, 77.252784729, 77.6243057251, 78.0306549072, 78.4370040894, 78.831741333, 79.2264862061, 79.6212234497, 80.0159606934, 80.410697937, 80.8054428101, 81.2117919922, 81.6181411743, 82.012878418, 82.4076156616, 82.8023605347, 83.1970977783, 83.591835022, 83.9865722656, 84.3813171387, 84.7760543823, 85.1824035645, 85.5887527466, 85.9951019287, 86.4014511108, 86.7729721069, 87.1677093506, 87.5624465942, 87.9571838379, 88.3519287109, 88.7466659546, 89.1414031982, 89.5361404419, 89.9308853149, 90.3256225586, 90.7319717407, 91.1383209229, 91.544670105, 91.9510192871, 92.3457565308, 92.7404937744, 93.1352386475, 93.5299758911, 93.9247131348, 94.3194503784, 94.7141952515, 95.1089324951, 95.5036697388, 95.8984146118, 96.2931518555, 96.6878890991, 97.0942382813, 97.5005874634, 97.895324707, 98.2900695801, 98.6848068237, 99.0795440674, 99.474281311, 99.8690261841, 100.263763428, 100.67011261, 101.076461792, 101.471199036, 101.865936279, 102.260681152, 102.655418396, 103.05015564, 103.444892883, 103.839637756, 104.245986938, 104.652336121, 105.047073364, 105.441810608, 105.836547852, 106.231292725, 106.626029968, 107.020767212, 107.415504456, 107.810249329, 108.204986572, 108.599723816, 108.994468689, 109.389205933, 109.795555115, 110.213516235, 110.619865417, 111.014602661, 111.409339905, 111.804077148, 112.198822021, 112.593559265, 112.999908447, 113.406257629, 113.800994873, 114.195732117, 114.59047699, 114.985214233, 115.379951477, 115.774688721, 116.181037903, 116.587387085, 116.982131958, 117.376869202, 117.771606445, 118.166343689, 118.561088562, 118.955825806, 119.350563049, 119.745300293, 120.140045166, 120.546394348, 120.941131592, 121.335868835, 121.71900177, 122.113739014, 122.508476257, 122.926437378, 123.33278656, 123.739135742, 124.133872986, 124.528617859, 124.923355103, 125.318092346, 125.71282959, 126.107574463, 126.513923645, 126.920272827, 127.315010071, 127.698135376, 128.104492188, 128.499221802, 128.882354736, 129.288711548, 129.683441162, 130.078186035, 130.472915649, 130.867660522, 131.262405396, 131.65713501, 132.051879883, 132.469833374, 132.864578247, 133.25932312, 133.642440796, 134.02557373, 134.420318604, 134.815048218, 135.221405029, 135.627746582, 136.022491455, 136.440444946, 136.835189819, 137.229934692, 137.624664307, 138.01940918, 138.414154053, 138.832107544, 139.226852417, 139.621582031, 140.004714966, 140.3878479, 140.782577515, 141.177322388, 141.58366394, 141.990020752, 142.384765625, 142.791107178, 143.185852051, 143.592193604, 143.986938477, 144.381668091, 144.776412964, 145.159545898, 145.542678833, 145.937408447, 146.33215332, 146.726898193, 147.121627808, 147.539596558, 147.94593811, 148.340682983, 148.747024536, 149.141769409, 149.548110962, 149.954467773, 150.349197388, 150.743942261, 151.138687134, 151.533416748, 151.93977356, 152.322906494, 152.717636108, 153.112380981, 153.507110596, 153.901855469, 154.296600342, 154.691329956, 155.086074829, 155.480819702, 155.875549316, 156.270294189, 156.665023804, 157.059768677, 157.45451355, 157.849243164, 158.243988037, 158.63873291, 159.033462524, 159.439819336, 159.846160889, 160.240905762, 160.658859253, 161.053604126, 161.448348999, 161.843078613, 162.249435425, 162.655776978, 163.050521851, 163.445251465, 163.839996338, 164.234741211, 164.629470825, 165.024215698, 165.418960571, 165.813690186, 166.208435059, 166.614776611, 167.021133423, 167.415863037, 167.81060791, 168.205352783, 168.600082397, 168.994827271, 169.401168823, 169.807525635, 170.202270508, 170.597000122, 170.991744995, 171.386474609, 171.781219482, 172.175964355, 172.582305908, 172.98866272, 173.383392334, 173.778137207, 174.17288208, 174.567611694, 174.962356567, 175.35710144, 175.751831055, 176.158187866, 176.564529419, 176.959274292, 177.354003906, 177.748748779, 178.143493652, 178.538223267, 178.93296814, 179.327713013, 179.722442627, 180.1171875, 180.523529053, 180.918273926, 181.313018799, 181.707748413, 182.102493286, 182.508834839, 182.903579712, 183.298324585, 183.693054199, 184.087799072, 184.482528687, 184.87727356, 185.272018433, 185.689971924, 186.096328735, 186.502670288, 186.897415161, 187.292144775, 187.686889648, 188.081634521, 188.476364136, 188.871109009, 189.277450562, 189.683807373, 190.078552246, 190.47328186, 190.868026733, 191.262756348, 191.657501221, 192.052246094, 192.446975708, 192.841720581, 193.248062134, 193.654418945, 194.049163818, 194.443893433, 194.838638306, 195.23336792, 195.628112793, 196.034469604, 196.429199219, 196.83555603, 197.230285645, 197.625030518, 198.019775391, 198.414505005, 198.820861816, 199.227203369, 199.621948242, 200.016693115, 200.399810791, 200.782943726, 201.177688599, 201.572418213, 201.978775024, 202.385116577, 202.791473389, 203.197814941, 203.592559814, 203.987304688, 204.382034302, 204.776779175, 205.171508789, 205.566253662, 205.960998535, 206.367340088, 206.773696899, 207.168426514, 207.563171387, 207.95791626, 208.352645874, 208.747390747, 209.142120361, 209.525253296, 209.90838623, 210.303131104, 210.697860718, 211.080993652, 211.464126587, 211.858856201, 212.253601074, 212.648345947, 213.043075562, 213.437820435, 213.832565308, 214.250518799, 214.66847229, 215.08644104, 215.51600647, 215.945571899, 216.375137329, 216.804718018, 217.234283447, 217.663848877, 218.105026245, 218.546203613, 218.987380981, 219.428573608, 219.881362915, 220.322540283, 220.77532959]
