
metadata:
    version:
        essentia: "2.1-beta2"
    audio_properties:
        analysis_sample_rate: 44100
        bitrate: 192
        channels: 2
        equal_loudness: 1
        length: 268.773864746
        replay_gain: -13.9465522766
        downmix: "mix"
    tags:
        album: "Wishmaster"
        artist: "Nightwish"
        comment: "880C910B"
        date: "2000"
        genre: "Rock"
        title: "Crownless"
        tracknumber: "8"

configuration:
    average_loudness:
        compute: 1
        frameSize: 88200
        hopSize: 44100
        silentFrames: "noise"
        windowType: "hann"
    general:
        analysisSampleRate: 44100
        endTime: 2000
        equalLoudness: 1
        nequalLoudness: 0
        shortSound: 0
        startTime: 0
    lowlevel:
        compute: 1
        frameSize: 2048
        hopSize: 1024
        zeroPadding: 0
        silentFrames: "noise"
        windowType: "blackmanharris62"
        mfccStats: ["mean", "cov", "icov"]
        stats: ["mean", "var", "median", "min", "max", "dmean", "dmean2", "dvar", "dvar2"]
    panning:
        compute: 0
        frameSize: 8192
        hopSize: 2048
        zeroPadding: 8192
        silentFrames: "noise"
        windowType: "hann"
        stats: ["copy"]
    rhythm:
        compute: 1
        maxTempo: 208
        minTempo: 40
        method: "degara"
        stats: ["mean", "var", "median", "min", "max", "dmean", "dmean2", "dvar", "dvar2"]
    segmentation:
        compute: 0
        cpw: 5
        inc1: 300
        inc2: 50
        minimumSegmentsLength: 10
        size1: 1000
        size2: 600
    sfx:
        compute: 1
        stats: ["mean", "var", "median", "min", "max", "dmean", "dmean2", "dvar", "dvar2"]
    svm:
        compute: 0
    tonal:
        compute: 1
        frameSize: 4096
        hopSize: 2048
        zeroPadding: 0
        silentFrames: "noise"
        windowType: "blackmanharris62"
        stats: ["mean", "var", "median", "min", "max", "dmean", "dmean2", "dvar", "dvar2"]

lowlevel:
    average_loudness: 0.923013091087
    barkbands_kurtosis:
        dmean: 0.62639862299
        dmean2: 1.02130007744
        dvar: 0.59067684412
        dvar2: 1.45028972626
        max: 24.4703655243
        mean: -0.595795989037
        median: -0.995689928532
        min: -1.85168874264
        var: 1.78184068203
    barkbands_skewness:
        dmean: 0.352057993412
        dmean2: 0.561931371689
        dvar: 0.0900578126311
        dvar2: 0.228025317192
        max: 4.75119066238
        mean: -0.612497746944
        median: -0.611033380032
        min: -3.35647821426
        var: 0.372128278017
    barkbands_spread:
        dmean: 5.98498630524
        dmean2: 9.64080142975
        dvar: 26.3820667267
        dvar2: 67.6334915161
        max: 72.9783782959
        mean: 34.9376029968
        median: 34.5834617615
        min: 3.43746757507
        var: 94.2656784058
    dissonance:
        dmean: 0.0112679433078
        dmean2: 0.01905878447
        dvar: 0.000116427829198
        dvar2: 0.000310712784994
        max: 0.500000119209
        mean: 0.480662584305
        median: 0.484206616879
        min: 0.278869450092
        var: 0.000240502340603
    hfc:
        dmean: 3.40942597389
        dmean2: 5.64613437653
        dvar: 13.4383974075
        dvar2: 36.0915641785
        max: 49.2742080688
        mean: 12.0095996857
        median: 11.0272874832
        min: 1.08038251711e-016
        var: 45.7632904053
    pitch:
        dmean: 948.858337402
        dmean2: 1827.04272461
        dvar: 1731882.5
        dvar2: 3977948.5
        max: 4630.99609375
        mean: 1654.3560791
        median: 556.635375977
        min: 69.4880447388
        var: 2271097.5
    pitch_instantaneous_confidence:
        dmean: 0.0913280397654
        dmean2: 0.146394044161
        dvar: 0.00577436340973
        dvar2: 0.013710427098
        max: 0.967557132244
        mean: 0.440986007452
        median: 0.424121856689
        min: 0.0823266506195
        var: 0.0225088056177
    pitch_salience:
        dmean: 0.0564043931663
        dmean2: 0.0911013558507
        dvar: 0.00211611669511
        dvar2: 0.005389041733
        max: 0.858940422535
        mean: 0.640702188015
        median: 0.647195935249
        min: 0.136688858271
        var: 0.00656571658328
    silence_rate_20dB:
        dmean: 0
        dmean2: 0
        dvar: 0
        dvar2: 0
        max: 1
        mean: 1
        median: 1
        min: 1
        var: 0
    silence_rate_30dB:
        dmean: 0
        dmean2: 0
        dvar: 0
        dvar2: 0
        max: 1
        mean: 1
        median: 1
        min: 1
        var: 0
    silence_rate_60dB:
        dmean: 0.0722183808684
        dmean2: 0.14444924891
        dvar: 0.0669903829694
        dvar2: 0.152790367603
        max: 1
        mean: 0.184071868658
        median: 0
        min: 0
        var: 0.150202035904
    spectral_centroid:
        dmean: 262.581359863
        dmean2: 430.50289917
        dvar: 64357.1953125
        dvar2: 163211.140625
        max: 11678.7275391
        mean: 2302.66333008
        median: 2228.90698242
        min: 326.380126953
        var: 1092702.25
    spectral_complexity:
        dmean: 4.66948843002
        dmean2: 7.54021596909
        dvar: 20.1096572876
        dvar2: 50.8014183044
        max: 45
        mean: 17.8796749115
        median: 18
        min: 0
        var: 57.0219612122
    spectral_crest:
        dmean: 1.67444527149
        dmean2: 2.77850270271
        dvar: 2.36117839813
        dvar2: 5.95468902588
        max: 24.8841552734
        mean: 6.4561123848
        median: 5.90786743164
        min: 2.30198574066
        var: 6.20869922638
    spectral_decrease:
        dmean: 2.69698458011e-010
        dmean2: 4.34278640826e-010
        dvar: 8.04529370078e-020
        dvar2: 2.09004462082e-019
        max: 2.57913628879e-028
        mean: -1.1270386846e-009
        median: -1.1030585334e-009
        min: -3.37558425656e-009
        var: 2.65340541202e-019
    spectral_energy:
        dmean: 0.00129457260482
        dmean2: 0.0020948566962
        dvar: 1.86942429536e-006
        dvar2: 4.89253761771e-006
        max: 0.0171744655818
        mean: 0.00534301437438
        median: 0.00516770686954
        min: 1.00332993569e-020
        var: 6.33737545286e-006
    spectral_energyband_high:
        dmean: 0.000268608768238
        dmean2: 0.000462880270788
        dvar: 1.33867004593e-007
        dvar2: 3.61581498964e-007
        max: 0.0042507359758
        mean: 0.000560634071007
        median: 0.000462952913949
        min: 7.16862991613e-021
        var: 1.79701274305e-007
    spectral_energyband_low:
        dmean: 0.000268399540801
        dmean2: 0.00045842959662
        dvar: 1.15193863337e-007
        dvar2: 3.15567319831e-007
        max: 0.00533069623634
        mean: 0.000461693241959
        median: 0.000368048640667
        min: 3.84064307556e-024
        var: 1.5941861875e-007
    spectral_energyband_middle_high:
        dmean: 0.00085656135343
        dmean2: 0.00138050341047
        dvar: 7.0784659556e-007
        dvar2: 1.86852082606e-006
        max: 0.0140289338306
        mean: 0.00327769527212
        median: 0.00298657850362
        min: 1.19248324083e-021
        var: 3.65751384379e-006
    spectral_energyband_middle_low:
        dmean: 0.000462405063445
        dmean2: 0.000732121465262
        dvar: 3.20739701465e-007
        dvar2: 7.90455430888e-007
        max: 0.00619536777958
        mean: 0.00116173550487
        median: 0.000981247168966
        min: 1.52180861166e-022
        var: 6.07378410677e-007
    spectral_flatness_db:
        dmean: 0.0123461335897
        dmean2: 0.019221669063
        dvar: 0.000111773741082
        dvar2: 0.000256205064943
        max: 0.385551601648
        mean: 0.130191802979
        median: 0.124425083399
        min: 0.0583013109863
        var: 0.00101793650538
    spectral_flux:
        dmean: 0.00825641490519
        dmean2: 0.0130023639649
        dvar: 5.89170231251e-005
        dvar2: 0.000136060814839
        max: 0.108613848686
        mean: 0.0445629134774
        median: 0.0445109046996
        min: 6.29035157296e-011
        var: 0.00022495148005
    spectral_kurtosis:
        dmean: 0.716349840164
        dmean2: 1.21428644657
        dvar: 0.536765813828
        dvar2: 1.54238343239
        max: 18.7252254486
        mean: 2.80600976944
        median: 2.72254323959
        min: -1.25842320919
        var: 1.39961957932
    spectral_rms:
        dmean: 0.000266926625045
        dmean2: 0.000425515812822
        dvar: 6.6730123649e-008
        dvar2: 1.69966426711e-007
        max: 0.00409335736185
        mean: 0.00219992687926
        median: 0.00224536517635
        min: 3.12867136712e-012
        var: 3.73019759081e-007
    spectral_rolloff:
        dmean: 284.953033447
        dmean2: 486.166046143
        dvar: 142948.625
        dvar2: 349313.5625
        max: 19444.4824219
        mean: 3860.40332031
        median: 3639.11132813
        min: 236.865234375
        var: 2855795.75
    spectral_skewness:
        dmean: 0.127171278
        dmean2: 0.213476419449
        dvar: 0.0136690735817
        dvar2: 0.0370355471969
        max: 2.71410274506
        mean: 1.17259645462
        median: 1.17396485806
        min: -0.0958991870284
        var: 0.0607157945633
    spectral_spread:
        dmean: 412890.3125
        dmean2: 619517.8125
        dvar: 420905222144
        dvar2: 882453643264
        max: 51751228
        mean: 5334777
        median: 4838285.5
        min: 2308786
        var: 1.62351263252e+013
    spectral_strongpeak:
        dmean: 0.908371865749
        dmean2: 1.56507325172
        dvar: 1.28872966766
        dvar2: 3.32624483109
        max: 11.5386343002
        mean: 1.32135951519
        median: 0.655083715916
        min: 0
        var: 2.51211547852
    zerocrossingrate:
        dmean: 0.00686069764197
        dmean2: 0.00881509017199
        dvar: 4.28079583799e-005
        dvar2: 6.53493989375e-005
        max: 0.5283203125
        mean: 0.123799689114
        median: 0.12060546875
        min: 0.0302734375
        var: 0.00199512462132
    barkbands:
        dmean: [7.00435180079e-007, 0.000112111032649, 0.000140123389428, 0.000165295918123, 0.000135730966576, 8.42530789669e-005, 0.000152656735736, 0.000100779165223, 0.000106358216726, 8.95076009328e-005, 5.2382631111e-005, 0.000105871105916, 4.09496969951e-005, 7.66507801018e-005, 7.02140823705e-005, 0.000103741091152, 0.000225952884648, 0.000297552120173, 0.000440309202531, 0.000217011431232, 0.000156743815751, 4.04083220928e-005, 9.63349793892e-006, 3.39326811627e-006, 1.6524613784e-006, 5.51281296168e-008, 5.77824621484e-010]
        dmean2: [1.12310908662e-006, 0.000193453335669, 0.000240268331254, 0.000278441730188, 0.00022332885419, 0.000135425187182, 0.000246902753133, 0.000158108494361, 0.000169228034792, 0.000137888695463, 8.13654914964e-005, 0.000172444939381, 6.56517659081e-005, 0.000122124212794, 0.000113078174763, 0.000166394165717, 0.000372154958313, 0.000488620018587, 0.000726041500457, 0.00036821840331, 0.000269712123554, 6.85386403347e-005, 1.64868142747e-005, 5.32552940058e-006, 2.60746742242e-006, 8.48691428246e-008, 9.27340759738e-010]
        dvar: [8.1644321295e-013, 2.29673471352e-008, 4.15121235164e-008, 6.10827797232e-008, 5.754736776e-008, 1.90602307271e-008, 6.06997971886e-008, 4.80402881919e-008, 2.90676460679e-008, 2.39731257068e-008, 1.94858031932e-008, 5.83970560797e-008, 4.58117233038e-009, 1.64402216285e-008, 1.97554239634e-008, 2.38920954132e-008, 8.58451087993e-008, 1.28523112153e-007, 2.98528533449e-007, 8.38404616843e-008, 4.22778541065e-008, 2.75887512835e-009, 2.42542180784e-010, 5.97220189968e-011, 1.48778177278e-011, 1.15794147274e-014, 6.86406880006e-019]
        dvar2: [1.82936218257e-012, 6.25597920134e-008, 1.15452948535e-007, 1.58961583452e-007, 1.49029119711e-007, 4.45770247381e-008, 1.5012477661e-007, 1.11974202355e-007, 6.57161365325e-008, 5.00159451633e-008, 4.45310242014e-008, 1.56474698088e-007, 1.01792361207e-008, 3.80864122462e-008, 4.31609663565e-008, 5.22301704109e-008, 2.20693493702e-007, 3.26478158286e-007, 8.11232155229e-007, 2.24527468617e-007, 1.16322482313e-007, 7.1879018293e-009, 6.14552464473e-010, 1.12971243471e-010, 2.71159431714e-011, 2.4904945524e-014, 1.56295942178e-018]
        max: [7.58120859246e-006, 0.00120189692825, 0.0037245019339, 0.00276786438189, 0.00269162654877, 0.00307719432749, 0.00464880559593, 0.00430059572682, 0.00361607363448, 0.00350327487104, 0.00375212938525, 0.00436631543562, 0.00291160633788, 0.00250185420737, 0.00548855401576, 0.00770204979926, 0.00930353812873, 0.00632874853909, 0.0111535461619, 0.00537641625851, 0.00263054878451, 0.000927413755562, 0.000338850688422, 0.000355989846867, 0.000153378699906, 2.35215929933e-006, 1.23228289794e-008]
        mean: [6.45470436211e-007, 0.000155166955665, 0.000206743585295, 0.000197883637156, 0.000193876607227, 0.000146384583786, 0.00025146981352, 0.000166336249094, 0.000187518613529, 0.000153935368871, 8.4427119873e-005, 0.000186302160728, 6.94225745974e-005, 0.000133407229441, 0.000105322884338, 0.000194945023395, 0.000457113666926, 0.000631551491097, 0.00100595934782, 0.000386518426239, 0.000315337587381, 8.27013791422e-005, 1.79108265002e-005, 8.39052245283e-006, 3.6288629417e-006, 1.1696064206e-007, 1.02819230907e-009]
        median: [1.93857843556e-007, 0.000115653150715, 0.000130905318656, 0.00010448161629, 0.000116530209198, 7.66936354921e-005, 0.000112727961096, 5.56168124604e-005, 9.88673054962e-005, 6.83610560372e-005, 2.92982385872e-005, 6.40881844447e-005, 4.443767466e-005, 8.14125160105e-005, 5.49629185116e-005, 0.00013349292567, 0.00034487945959, 0.000466161145596, 0.000718203897122, 0.000289183808491, 0.000254315062193, 6.63892278681e-005, 1.32757295432e-005, 5.41232793694e-006, 2.1626601665e-006, 7.03724225559e-008, 5.64696955863e-010]
        min: [1.55063392933e-025, 6.79166246476e-025, 2.26043408529e-025, 8.3285962221e-025, 3.24881201433e-024, 7.92597187126e-024, 8.93532413266e-024, 6.01633012963e-024, 1.0220714602e-023, 1.78116872235e-023, 1.6475164368e-023, 2.86547602261e-023, 2.41436449401e-023, 2.68338799302e-023, 4.45533335367e-023, 5.79039302997e-023, 6.31964233564e-023, 8.41812846385e-023, 1.07251206267e-022, 1.71429609989e-022, 1.91937418683e-022, 2.43810576782e-022, 4.09734429902e-022, 5.7955088876e-022, 9.02273809356e-022, 1.32132994983e-021, 1.81806321678e-021]
        var: [8.89806945573e-013, 2.37700064076e-008, 6.49143245823e-008, 6.86891681312e-008, 6.0467201024e-008, 4.45503545166e-008, 1.1940512934e-007, 1.1070311956e-007, 7.63297975936e-008, 6.29232417282e-008, 4.82946340696e-008, 1.44713752093e-007, 9.5285814794e-009, 3.18668291754e-008, 3.59414435991e-008, 6.00419198804e-008, 1.97391514689e-007, 3.3554178458e-007, 8.78952107541e-007, 1.40014137173e-007, 6.64114523374e-008, 4.52915616123e-009, 3.60776686303e-010, 1.88257159861e-010, 4.18793298651e-011, 2.51890962786e-014, 1.70914674124e-018]
    frequency_bands:
        dmean: [7.00435180079e-007, 0.000112111032649, 0.000140123389428, 0.000165295918123, 0.000135730966576, 8.42530789669e-005, 0.000152656735736, 0.000100779165223, 0.000106358216726, 8.95076009328e-005, 5.2382631111e-005, 0.000105871105916, 4.09496969951e-005, 7.66507801018e-005, 7.02140823705e-005, 0.000103741091152, 0.000225952884648, 0.000297552120173, 0.000440309202531, 0.000217011431232, 0.000156743815751, 4.04083220928e-005, 9.63349793892e-006, 3.39326811627e-006, 1.6524613784e-006, 5.51281296168e-008, 5.77824621484e-010, 6.38505151529e-011]
        dmean2: [1.12310908662e-006, 0.000193453335669, 0.000240268331254, 0.000278441730188, 0.00022332885419, 0.000135425187182, 0.000246902753133, 0.000158108494361, 0.000169228034792, 0.000137888695463, 8.13654914964e-005, 0.000172444939381, 6.56517659081e-005, 0.000122124212794, 0.000113078174763, 0.000166394165717, 0.000372154958313, 0.000488620018587, 0.000726041500457, 0.00036821840331, 0.000269712123554, 6.85386403347e-005, 1.64868142747e-005, 5.32552940058e-006, 2.60746742242e-006, 8.48691428246e-008, 9.27340759738e-010, 1.18548837413e-010]
        dvar: [8.1644321295e-013, 2.29673471352e-008, 4.15121235164e-008, 6.10827797232e-008, 5.754736776e-008, 1.90602307271e-008, 6.06997971886e-008, 4.80402881919e-008, 2.90676460679e-008, 2.39731257068e-008, 1.94858031932e-008, 5.83970560797e-008, 4.58117233038e-009, 1.64402216285e-008, 1.97554239634e-008, 2.38920954132e-008, 8.58451087993e-008, 1.28523112153e-007, 2.98528533449e-007, 8.38404616843e-008, 4.22778541065e-008, 2.75887512835e-009, 2.42542180784e-010, 5.97220189968e-011, 1.48778177278e-011, 1.15794147274e-014, 6.86406880006e-019, 7.85501695673e-021]
        dvar2: [1.82936218257e-012, 6.25597920134e-008, 1.15452948535e-007, 1.58961583452e-007, 1.49029119711e-007, 4.45770247381e-008, 1.5012477661e-007, 1.11974202355e-007, 6.57161365325e-008, 5.00159451633e-008, 4.45310242014e-008, 1.56474698088e-007, 1.01792361207e-008, 3.80864122462e-008, 4.31609663565e-008, 5.22301704109e-008, 2.20693493702e-007, 3.26478158286e-007, 8.11232155229e-007, 2.24527468617e-007, 1.16322482313e-007, 7.1879018293e-009, 6.14552464473e-010, 1.12971243471e-010, 2.71159431714e-011, 2.4904945524e-014, 1.56295942178e-018, 2.52520340307e-020]
        max: [7.58120859246e-006, 0.00120189692825, 0.0037245019339, 0.00276786438189, 0.00269162654877, 0.00307719432749, 0.00464880559593, 0.00430059572682, 0.00361607363448, 0.00350327487104, 0.00375212938525, 0.00436631543562, 0.00291160633788, 0.00250185420737, 0.00548855401576, 0.00770204979926, 0.00930353812873, 0.00632874853909, 0.0111535461619, 0.00537641625851, 0.00263054878451, 0.000927413755562, 0.000338850688422, 0.000355989846867, 0.000153378699906, 2.35215929933e-006, 1.23228289794e-008, 9.47050771138e-010]
        mean: [6.45470436211e-007, 0.000155166955665, 0.000206743585295, 0.000197883637156, 0.000193876607227, 0.000146384583786, 0.00025146981352, 0.000166336249094, 0.000187518613529, 0.000153935368871, 8.4427119873e-005, 0.000186302160728, 6.94225745974e-005, 0.000133407229441, 0.000105322884338, 0.000194945023395, 0.000457113666926, 0.000631551491097, 0.00100595934782, 0.000386518426239, 0.000315337587381, 8.27013791422e-005, 1.79108265002e-005, 8.39052245283e-006, 3.6288629417e-006, 1.1696064206e-007, 1.02819230907e-009, 4.99406661858e-011]
        median: [1.93857843556e-007, 0.000115653150715, 0.000130905318656, 0.00010448161629, 0.000116530209198, 7.66936354921e-005, 0.000112727961096, 5.56168124604e-005, 9.88673054962e-005, 6.83610560372e-005, 2.92982385872e-005, 6.40881844447e-005, 4.443767466e-005, 8.14125160105e-005, 5.49629185116e-005, 0.00013349292567, 0.00034487945959, 0.000466161145596, 0.000718203897122, 0.000289183808491, 0.000254315062193, 6.63892278681e-005, 1.32757295432e-005, 5.41232793694e-006, 2.1626601665e-006, 7.03724225559e-008, 5.64696955863e-010, 1.99390226552e-011]
        min: [1.55063392933e-025, 6.79166246476e-025, 2.26043408529e-025, 8.3285962221e-025, 3.24881201433e-024, 7.92597187126e-024, 8.93532413266e-024, 6.01633012963e-024, 1.0220714602e-023, 1.78116872235e-023, 1.6475164368e-023, 2.86547602261e-023, 2.41436449401e-023, 2.68338799302e-023, 4.45533335367e-023, 5.79039302997e-023, 6.31964233564e-023, 8.41812846385e-023, 1.07251206267e-022, 1.71429609989e-022, 1.91937418683e-022, 2.43810576782e-022, 4.09734429902e-022, 5.7955088876e-022, 9.02273809356e-022, 1.32132994983e-021, 1.81806321678e-021, 4.91374919783e-022]
        var: [8.89806945573e-013, 2.37700064076e-008, 6.49143245823e-008, 6.86891681312e-008, 6.0467201024e-008, 4.45503545166e-008, 1.1940512934e-007, 1.1070311956e-007, 7.63297975936e-008, 6.29232417282e-008, 4.82946340696e-008, 1.44713752093e-007, 9.5285814794e-009, 3.18668291754e-008, 3.59414435991e-008, 6.00419198804e-008, 1.97391514689e-007, 3.3554178458e-007, 8.78952107541e-007, 1.40014137173e-007, 6.64114523374e-008, 4.52915616123e-009, 3.60776686303e-010, 1.88257159861e-010, 4.18793298651e-011, 2.51890962786e-014, 1.70914674124e-018, 6.30120987484e-021]
    mfcc:
        mean: [-686.605957031, 81.736076355, -46.5308418274, 55.1471443176, -13.8729782104, -6.15884065628, 2.5978872776, 4.01533555984, -0.188652381301, -4.70961809158, 3.58665895462, 0.267363846302, -5.836124897]
        cov: [[5265.93798828, 686.269042969, -262.902709961, 521.052734375, -69.1595993042, 9.04505729675, 65.7878341675, 115.524536133, 26.3879451752, 17.8993301392, 59.9061889648, 31.1842689514, 0.730960071087], [686.269042969, 443.766021729, -142.074996948, 145.511474609, -10.8670272827, -10.5913686752, 40.0850372314, 46.291431427, 3.51891875267, -21.2963962555, 27.3041744232, 11.699180603, -13.4128046036], [-262.902709961, -142.074996948, 343.985046387, -46.5990409851, 114.765541077, 73.1434783936, 24.8103599548, 25.4130687714, 12.1581344604, 49.8616714478, -3.86328625679, 1.05596494675, 45.4286842346], [521.052734375, 145.511474609, -46.5990409851, 214.817321777, 19.5512256622, 18.023815155, 19.7135810852, 24.8967151642, 10.8334922791, -5.00428199768, 10.1015148163, 12.8703126907, 3.879778862], [-69.1595993042, -10.8670272827, 114.765541077, 19.5512256622, 161.68838501, 55.833568573, 12.8746709824, 19.621257782, 18.0617485046, 39.8542556763, 11.7190904617, 7.54831790924, 19.618598938], [9.04505729675, -10.5913686752, 73.1434783936, 18.023815155, 55.833568573, 109.02117157, 49.9197921753, 21.5076789856, 19.3811244965, 13.385178566, 4.39574623108, 4.5138964653, 9.77408981323], [65.7878341675, 40.0850372314, 24.8103599548, 19.7135810852, 12.8746709824, 49.9197921753, 113.056007385, 63.9364318848, 11.242477417, -1.88468062878, 9.80614376068, 7.66253519058, 12.5734739304], [115.524536133, 46.291431427, 25.4130687714, 24.8967151642, 19.621257782, 21.5076789856, 63.9364318848, 106.300720215, 19.0122833252, 17.7071170807, 16.1537723541, 9.13481140137, 25.0833625793], [26.3879451752, 3.51891875267, 12.1581344604, 10.8334922791, 18.0617485046, 19.3811244965, 11.242477417, 19.0122833252, 80.35597229, 22.1160240173, 3.53583359718, 1.94901561737, -14.4962358475], [17.8993301392, -21.2963962555, 49.8616714478, -5.00428199768, 39.8542556763, 13.385178566, -1.88468062878, 17.7071170807, 22.1160240173, 92.7324981689, 39.7928886414, 17.3845691681, 23.4560585022], [59.9061889648, 27.3041744232, -3.86328625679, 10.1015148163, 11.7190904617, 4.39574623108, 9.80614376068, 16.1537723541, 3.53583359718, 39.7928886414, 71.1900482178, 36.5248184204, 13.1848287582], [31.1842689514, 11.699180603, 1.05596494675, 12.8703126907, 7.54831790924, 4.5138964653, 7.66253519058, 9.13481140137, 1.94901561737, 17.3845691681, 36.5248184204, 65.8102874756, 31.6846218109], [0.730960071087, -13.4128046036, 45.4286842346, 3.879778862, 19.618598938, 9.77408981323, 12.5734739304, 25.0833625793, -14.4962358475, 23.4560585022, 13.1848287582, 31.6846218109, 85.5678100586]]
        icov: [[0.000282091961708, -0.000270005897619, 6.11842324361e-006, -0.000521148438565, 0.000254157290328, -9.39252277021e-005, 9.01608946151e-005, -0.00012622991926, 3.92105212086e-005, -0.000252272002399, 3.67135580746e-005, 4.25660400651e-005, 6.23685491519e-006], [-0.000270005897619, 0.00382879609242, 0.00123751338106, -0.00140924588777, -0.000839046726469, 0.000656808668282, -0.000847780669574, -0.000906187749933, 0.000127466293634, 0.0010089003481, -0.00133128149901, 0.000270664400887, 0.000366866792319], [6.11842324361e-006, 0.00123751338106, 0.00521236564964, 0.000660912948661, -0.00265273079276, -0.00168254994787, -0.00031569856219, -0.000610541144852, 0.000248949159868, -0.00123383942991, 0.0011102858698, 0.000567696581129, -0.00157845916692], [-0.000521148438565, -0.00140924588777, 0.000660912948661, 0.00733708450571, -0.00136826070957, -0.00109344709199, 0.000378277618438, -0.000362381048035, -0.000584421330132, 0.000912528543267, 0.000370368099539, -0.000907602661755, -0.000480902992422], [0.000254157290328, -0.000839046726469, -0.00265273079276, -0.00136826070957, 0.0101165203378, -0.00360995088704, 0.00180076574907, -0.000729242048692, -0.000246240582783, -0.00251247175038, 8.122651343e-005, -7.63951684348e-005, 4.15294634877e-005], [-9.39252277021e-005, 0.000656808668282, -0.00168254994787, -0.00109344709199, -0.00360995088704, 0.0156626701355, -0.00751892011613, 0.00291085941717, -0.00228076451458, 0.000219503519475, -0.000166697485838, 0.000148877894389, -0.000139248106279], [9.01608946151e-005, -0.000847780669574, -0.00031569856219, 0.000378277618438, 0.00180076574907, -0.00751892011613, 0.0177989192307, -0.00968808028847, 0.000548076117411, 0.00296098459512, -0.001342015923, -0.00062962906668, 0.000408452819102], [-0.00012622991926, -0.000906187749933, -0.000610541144852, -0.000362381048035, -0.000729242048692, 0.00291085941717, -0.00968808028847, 0.0175365544856, -0.00359863601625, -0.00118621333968, -0.00184146559332, 0.0025492827408, -0.00462748622522], [3.92105212086e-005, 0.000127466293634, 0.000248949159868, -0.000584421330132, -0.000246240582783, -0.00228076451458, 0.000548076117411, -0.00359863601625, 0.0163774341345, -0.00545912049711, 0.00379028590396, -0.0034227243159, 0.00615968834609], [-0.000252272002399, 0.0010089003481, -0.00123383942991, 0.000912528543267, -0.00251247175038, 0.000219503519475, 0.00296098459512, -0.00118621333968, -0.00545912049711, 0.0201044417918, -0.0121091641486, 0.00371222500689, -0.0047070607543], [3.67135580746e-005, -0.00133128149901, 0.0011102858698, 0.000370368099539, 8.122651343e-005, -0.000166697485838, -0.001342015923, -0.00184146559332, 0.00379028590396, -0.0121091641486, 0.0281749628484, -0.0143445627764, 0.00485391682014], [4.25660400651e-005, 0.000270664400887, 0.000567696581129, -0.000907602661755, -7.63951684348e-005, 0.000148877894389, -0.00062962906668, 0.0025492827408, -0.0034227243159, 0.00371222500689, -0.0143445627764, 0.0270410533994, -0.01027254574], [6.23685491519e-006, 0.000366866792319, -0.00157845916692, -0.000480902992422, 4.15294634877e-005, -0.000139248106279, 0.000408452819102, -0.00462748622522, 0.00615968834609, -0.0047070607543, 0.00485391682014, -0.01027254574, 0.019296484068]]
    sccoeffs:
        dmean: [0.0516069643199, 0.0500091165304, 0.0401338934898, 0.0303170345724, 0.023512236774, 0.0174600612372]
        dmean2: [0.0860700011253, 0.0815546065569, 0.0646478533745, 0.0494548082352, 0.0379058048129, 0.0286645982414]
        dvar: [0.00171798805241, 0.00159459060524, 0.00103559170384, 0.000588263676036, 0.000367300672224, 0.000216014232137]
        dvar2: [0.00480425870046, 0.00416641542688, 0.00263867131434, 0.00151402840856, 0.000932118739001, 0.000554645259399]
        max: [-0.360445618629, -0.407086461782, -0.351935863495, -0.520072698593, -0.629653930664, -0.600397408009]
        mean: [-0.677060067654, -0.739668428898, -0.761146485806, -0.791530549526, -0.769600093365, -0.738189280033]
        median: [-0.679134726524, -0.74112200737, -0.767974197865, -0.796147346497, -0.772143602371, -0.737628698349]
        min: [-0.979370951653, -0.977084934711, -0.977881848812, -0.970248103142, -0.969237148762, -0.96510219574]
        var: [0.00573736988008, 0.00536572095007, 0.00516541395336, 0.00221620919183, 0.00196327175945, 0.00196038582362]
    scvalleys:
        dmean: [0.424173384905, 0.361649781466, 0.307967215776, 0.283242434263, 0.261683344841, 0.240308299661]
        dmean2: [0.68249219656, 0.599550247192, 0.500930428505, 0.450464099646, 0.414233773947, 0.381310075521]
        dvar: [0.131084725261, 0.103231705725, 0.0780074447393, 0.0697319880128, 0.072301723063, 0.0879091247916]
        dvar2: [0.310503363609, 0.240734830499, 0.171641007066, 0.148163199425, 0.149265095592, 0.179435282946]
        max: [-5.15093851089, -5.039249897, -5.55248785019, -5.80287504196, -5.59989547729, -7.43488359451]
        mean: [-7.13339948654, -6.94122171402, -7.20608615875, -7.36115837097, -6.9410200119, -9.4089756012]
        median: [-6.68260192871, -6.61756372452, -6.87251996994, -7.04167556763, -6.62618303299, -9.07119178772]
        min: [-28.6744880676, -28.1608409882, -27.8159503937, -27.6723155975, -27.4736728668, -27.3956565857]
        var: [6.08915042877, 5.6202287674, 5.45771503448, 5.30928897858, 5.45653438568, 4.56505775452]

rhythm:
    beats_loudness:
        dmean: 0.00132892036345
        dmean2: 0.00225609866902
        dvar: 1.20804850212e-006
        dvar2: 3.47089462593e-006
        max: 0.0119726704434
        mean: 0.00611930713058
        median: 0.0063521922566
        min: 0
        var: 4.55602230431e-006
    bpm: 147.905899048
    bpm_confidence: 0
    first_peak_bpm: 148
    first_peak_spread: 0.27887788415
    first_peak_weight: 0.672307670116
    onset_rate: 3.39318704605
    second_peak_bpm: 140
    second_peak_spread: 0.176470607519
    second_peak_weight: 0.0215384606272
    beats_loudness_band_ratio:
        dmean: [0.0907050073147, 0.0482314787805, 0.0604773834348, 0.0480081960559, 0.071849681437, 0.0800334140658]
        dmean2: [0.157431676984, 0.0841403082013, 0.105139486492, 0.0831895470619, 0.122165240347, 0.13153475523]
        dvar: [0.00609090924263, 0.00291194370948, 0.00476774340495, 0.00425886409357, 0.00386503594927, 0.00446971738711]
        dvar2: [0.0178069602698, 0.00894090346992, 0.0121890455484, 0.0119832707569, 0.0105116423219, 0.0126012833789]
        max: [0.554719805717, 0.484602987766, 0.946421146393, 0.62998944521, 0.58173674345, 0.698385179043]
        mean: [0.201486378908, 0.0846056342125, 0.105214193463, 0.0881901755929, 0.253055840731, 0.294371128082]
        median: [0.194266721606, 0.0753244459629, 0.0836291536689, 0.0679411813617, 0.243279859424, 0.282500833273]
        min: [0, 0, 0, 0, 0, 0]
        var: [0.0126925492659, 0.00324331782758, 0.00637545064092, 0.00477313296869, 0.00839081779122, 0.00962108559906]
    beats_position: [0.383129239082, 0.789478421211, 1.19582760334, 1.60217678547, 2.00852608681, 2.41487526894, 2.82122445107, 3.22757363319, 3.62231278419, 4.02866220474, 4.43501138687, 4.841360569, 5.24770975113, 5.65405893326, 6.06040811539, 6.46675729752, 6.87310647964, 7.27945566177, 7.6858048439, 8.09215450287, 8.498503685, 8.90485286713, 9.31120204926, 9.70594120026, 10.1006803513, 10.5070295334, 10.9133787155, 11.3313379288, 11.749297142, 12.1556463242, 12.5619955063, 12.9683446884, 13.3630838394, 13.7694330215, 14.1641721725, 14.5705213547, 14.9768705368, 15.3832197189, 15.7895689011, 16.1959171295, 16.602268219, 16.99700737, 17.4033565521, 17.8097057343, 18.2160549164, 18.6224040985, 19.0287532806, 19.4351024628, 19.8414516449, 20.247800827, 20.642539978, 21.0488891602, 21.4552383423, 21.8615875244, 22.2679367065, 22.6742858887, 23.0806350708, 23.4869842529, 23.8933334351, 24.2996826172, 24.7060317993, 25.1123809814, 25.5187301636, 25.9134693146, 26.3198184967, 26.7261676788, 27.132516861, 27.5388660431, 27.9336051941, 28.3283443451, 28.7346935272, 29.1410427094, 29.5590019226, 29.9653511047, 30.3717002869, 30.778049469, 31.1843986511, 31.5791378021, 31.9854869843, 32.391834259, 32.8097953796, 33.2161445618, 33.6224937439, 34.028842926, 34.4351921082, 34.8415412903, 35.2478904724, 35.6542396545, 36.0605888367, 36.4785499573, 36.8732872009, 37.2680282593, 37.6743774414, 38.0807266235, 38.4754638672, 38.8818130493, 39.2881622314, 39.6945114136, 40.1008605957, 40.5188217163, 40.91355896, 41.3199081421, 41.7262573242, 42.1209983826, 42.5273475647, 42.9336967468, 43.340045929, 43.7463951111, 44.1527442932, 44.5590934753, 44.9654426575, 45.3717918396, 45.7665290833, 46.1728782654, 46.5792274475, 46.9855766296, 47.3919258118, 47.7982749939, 48.204624176, 48.6225852966, 49.0289344788, 49.4352836609, 49.8300209045, 50.2363700867, 50.6427192688, 51.0374603271, 51.4438095093, 51.8501586914, 52.2565078735, 52.6628570557, 53.0692062378, 53.4755554199, 53.8935127258, 54.299861908, 54.7062110901, 55.1125602722, 55.5189094543, 55.9252586365, 56.3316078186, 56.726348877, 57.1326980591, 57.5390472412, 57.9337844849, 58.340133667, 58.7464828491, 59.1644439697, 59.5707931519, 59.977142334, 60.3834915161, 60.7898406982, 61.1845779419, 61.590927124, 61.9972763062, 62.3920173645, 62.8099746704, 63.2163238525, 63.6226730347, 64.0290222168, 64.4353713989, 64.8417205811, 65.2480697632, 65.6428070068, 66.049156189, 66.4555053711, 66.8618545532, 67.2682037354, 67.6629486084, 68.0692977905, 68.4756469727, 68.8703842163, 69.2767333984, 69.6830825806, 70.0894317627, 70.4957809448, 70.8905181885, 71.2968673706, 71.7032165527, 72.1211776733, 72.5275268555, 72.9338760376, 73.3402252197, 73.7465744019, 74.152923584, 74.5592727661, 74.9656219482, 75.3719711304, 75.7783203125, 76.1846694946, 76.5910186768, 76.9973678589, 77.3921051025, 77.7984542847, 78.2048034668, 78.6111526489, 79.0175018311, 79.4122467041, 79.8185958862, 80.2133331299, 80.619682312, 81.0376434326, 81.4439926147, 81.8503417969, 82.256690979, 82.6746444702, 83.0809936523, 83.4873428345, 83.8936920166, 84.3000411987, 84.6947860718, 85.1011352539, 85.507484436, 85.9138336182, 86.3201828003, 86.7265319824, 87.1328811646, 87.5276184082, 87.9339675903, 88.3403167725, 88.7466659546, 89.1646270752, 89.5709762573, 89.965713501, 90.3720626831, 90.7667999268, 91.1847610474, 91.5911102295, 91.9974594116, 92.3921966553, 92.7869338989, 93.181678772, 93.5880279541, 93.9943771362, 94.3891143799, 94.8070755005, 95.2250289917, 95.6429901123, 96.0493392944, 96.4556884766, 96.8620376587, 97.2683868408, 97.6631240845, 98.0694732666, 98.4758224487, 98.8821716309, 99.288520813, 99.6948699951, 100.101219177, 100.519180298, 100.92552948, 101.331878662, 101.738227844, 102.144577026, 102.53931427, 102.934059143, 103.340408325, 103.746757507, 104.153106689, 104.559455872, 104.954193115, 105.360542297, 105.766891479, 106.161628723, 106.579589844, 106.985939026, 107.392288208, 107.79863739, 108.204986572, 108.611335754, 109.017684937, 109.424034119, 109.830383301, 110.236732483, 110.643081665, 111.049430847, 111.455780029, 111.862129211, 112.268478394, 112.663215637, 113.069564819, 113.475914001, 113.870658875, 114.277008057, 114.683357239, 115.089706421, 115.496055603, 115.902404785, 116.308753967, 116.703491211, 117.121452332, 117.527801514, 117.934150696, 118.352104187, 118.758453369, 119.164802551, 119.571151733, 119.977500916, 120.372245789, 120.766983032, 121.173332214, 121.579681396, 121.97441864, 122.380767822, 122.787117004, 123.193466187, 123.599815369, 124.006164551, 124.412513733, 124.818862915, 125.225212097, 125.631561279, 126.037910461, 126.444259644, 126.850608826, 127.245346069, 127.640090942, 128.058044434, 128.452789307, 128.859130859, 129.265487671, 129.660217285, 130.066574097, 130.472915649, 130.879272461, 131.285614014, 131.691970825, 132.098312378, 132.504669189, 132.911010742, 133.317367554, 133.723709106, 134.130065918, 134.536407471, 134.942764282, 135.349105835, 135.755462646, 136.161804199, 136.568161011, 136.974502563, 137.380859375, 137.787200928, 138.181945801, 138.588302612, 138.994644165, 139.401000977, 139.807342529, 140.213699341, 140.620040894, 141.026397705, 141.432739258, 141.839096069, 142.245437622, 142.651794434, 143.058135986, 143.464492798, 143.870834351, 144.277191162, 144.683532715, 145.089889526, 145.496231079, 145.890975952, 146.308929443, 146.715286255, 147.121627808, 147.516372681, 147.922714233, 148.329071045, 148.735412598, 149.141769409, 149.548110962, 149.954467773, 150.360809326, 150.767166138, 151.161895752, 151.568252563, 151.974594116, 152.380950928, 152.78729248, 153.193649292, 153.599990845, 153.994735718, 154.389480591, 154.795822144, 155.202178955, 155.620132446, 156.026489258, 156.432830811, 156.850784302, 157.268753052, 157.663482666, 158.069839478, 158.487792969, 158.89414978, 159.300491333, 159.706848145, 160.101577759, 160.496322632, 160.891067505, 161.285797119, 161.692153931, 162.098495483, 162.504852295, 162.911193848, 163.317550659, 163.723892212, 164.130249023, 164.536590576, 164.942947388, 165.34928894, 165.755645752, 166.161987305, 166.568344116, 166.974685669, 167.38104248, 167.787384033, 168.182128906, 168.588470459, 168.994827271, 169.401168823, 169.807525635, 170.213867188, 170.620223999, 171.026565552, 171.432922363, 171.839263916, 172.245620728, 172.65196228, 173.058319092, 173.464660645, 173.871017456, 174.288970947, 174.706939697, 175.124893188, 175.54284668, 175.949203491, 176.378768921, 176.796737671, 177.214691162, 177.621032715, 178.027389526, 178.445343018, 178.874923706, 179.292877197, 179.69921875, 180.105575562, 180.523529053, 180.929885864, 181.347839355, 181.754196167, 182.16053772, 182.566894531, 182.973236084, 183.367980957, 183.77432251, 184.180679321, 184.575408936, 184.981765747, 185.399719238, 185.80607605, 186.212417603, 186.630386353, 187.036727905, 187.443084717, 187.84942627, 188.244171143, 188.638900757, 189.045257568, 189.451599121, 189.857955933, 190.264297485, 190.682266235, 191.088607788, 191.4949646, 191.889694214, 192.307662964, 192.714004517, 193.120361328, 193.515090942, 193.933059692, 194.327789307, 194.734146118, 195.140487671, 195.546844482, 195.953201294, 196.359542847, 196.765899658, 197.160629272, 197.555374146, 197.95010376, 198.356460571, 198.762802124, 199.169158936, 199.575500488, 199.993469238, 200.411422729, 200.817779541, 201.224121094, 201.630477905, 202.036819458, 202.44317627, 202.849517822, 203.244262695, 203.650604248, 204.05696106, 204.463302612, 204.869659424, 205.264389038, 205.67074585, 206.077087402, 206.483444214, 206.889785767, 207.28453064, 207.690887451, 208.097229004, 208.515182495, 208.921539307, 209.327880859, 209.734237671, 210.140579224, 210.558547974, 210.976501465, 211.382858276, 211.789199829, 212.183944702, 212.590286255, 212.996643066, 213.402984619, 213.809341431, 214.204071045, 214.610427856, 215.016769409, 215.411514282, 215.817871094, 216.224212646, 216.61895752, 217.036911011, 217.443267822, 217.849609375, 218.244354248, 218.650695801, 219.057052612, 219.463394165, 219.869750977, 220.264480591, 220.659225464, 221.065567017, 221.483535767, 221.889877319, 222.307846069, 222.714187622, 223.120544434, 223.538497925, 223.933242798, 224.339584351, 224.745941162, 225.152282715, 225.558639526, 225.953369141, 226.359725952, 226.766067505, 227.172424316, 227.578765869, 227.996734619, 228.403076172, 228.809432983, 229.204162598, 229.610519409, 230.0284729, 230.45803833, 230.887619019, 231.317184448, 231.735137939, 232.153106689, 232.582672119, 233.00062561, 233.430206299, 233.836547852, 234.242904663, 234.637634277, 235.043991089, 235.46194458, 235.868301392, 236.286254883, 236.704208374, 237.122177124, 237.540130615, 237.946487427, 238.352828979, 238.747573853, 239.153915405, 239.560272217, 239.955001831, 240.361358643, 240.767700195, 241.162445068, 241.568786621, 241.975143433, 242.369888306, 242.76461792, 243.170974731, 243.577316284, 243.995285034, 244.413238525, 244.831192017, 245.249160767, 245.678726196, 246.108291626, 246.549468994, 246.979049683, 247.408615112, 247.84979248, 248.244537354, 248.639266968, 249.034011841, 249.428741455, 249.835098267, 250.253051758, 250.682632446, 251.100585938, 251.518539429, 251.913284302, 252.308029175, 252.737594604, 253.167160034, 253.608337402, 254.119186401, 254.618408203, 255.117630005, 255.651702881, 256.185760498, 256.708190918, 257.207427979, 257.718261719, 258.229125977, 258.72833252, 259.23916626, 259.73840332, 260.237640381, 260.736877441, 261.236083984, 261.735321045, 262.246154785, 262.756988525, 263.38394165, 264.010864258, 264.568145752, 265.125427246, 265.694335938, 266.298034668, 266.890167236, 267.482269287, 268.074371338]
