
metadata:
    version:
        essentia: "2.1-beta2"
    audio_properties:
        analysis_sample_rate: 44100
        bitrate: 192
        channels: 2
        equal_loudness: 1
        length: 237.505310059
        replay_gain: -12.690202713
        downmix: "mix"
    tags:
        album: "Wishmaster"
        artist: "Nightwish"
        comment: "880C910B"
        date: "2000"
        genre: "Rock"
        title: "Deep Silent Complete"
        tracknumber: "9"

configuration:
    average_loudness:
        compute: 1
        frameSize: 88200
        hopSize: 44100
        silentFrames: "noise"
        windowType: "hann"
    general:
        analysisSampleRate: 44100
        endTime: 2000
        equalLoudness: 1
        nequalLoudness: 0
        shortSound: 0
        startTime: 0
    lowlevel:
        compute: 1
        frameSize: 2048
        hopSize: 1024
        zeroPadding: 0
        silentFrames: "noise"
        windowType: "blackmanharris62"
        mfccStats: ["mean", "cov", "icov"]
        stats: ["mean", "var", "median", "min", "max", "dmean", "dmean2", "dvar", "dvar2"]
    panning:
        compute: 0
        frameSize: 8192
        hopSize: 2048
        zeroPadding: 8192
        silentFrames: "noise"
        windowType: "hann"
        stats: ["copy"]
    rhythm:
        compute: 1
        maxTempo: 208
        minTempo: 40
        method: "degara"
        stats: ["mean", "var", "median", "min", "max", "dmean", "dmean2", "dvar", "dvar2"]
    segmentation:
        compute: 0
        cpw: 5
        inc1: 300
        inc2: 50
        minimumSegmentsLength: 10
        size1: 1000
        size2: 600
    sfx:
        compute: 1
        stats: ["mean", "var", "median", "min", "max", "dmean", "dmean2", "dvar", "dvar2"]
    svm:
        compute: 0
    tonal:
        compute: 1
        frameSize: 4096
        hopSize: 2048
        zeroPadding: 0
        silentFrames: "noise"
        windowType: "blackmanharris62"
        stats: ["mean", "var", "median", "min", "max", "dmean", "dmean2", "dvar", "dvar2"]

lowlevel:
    average_loudness: 0.796026647091
    barkbands_kurtosis:
        dmean: 1.37991368771
        dmean2: 2.12342405319
        dvar: 10.1836681366
        dvar2: 21.7681808472
        max: 86.9027633667
        mean: 0.907333493233
        median: -1.04085731506
        min: -1.93804466724
        var: 32.2050514221
    barkbands_skewness:
        dmean: 0.425322473049
        dmean2: 0.639797747135
        dvar: 0.194513007998
        dvar2: 0.423008471727
        max: 7.13261890411
        mean: 0.535977423191
        median: 0.332835733891
        min: -3.67782855034
        var: 1.09338498116
    barkbands_spread:
        dmean: 5.11072683334
        dmean2: 7.91649246216
        dvar: 33.2906455994
        dvar2: 73.4273223877
        max: 99.1331558228
        mean: 29.1959133148
        median: 31.8859958649
        min: 0.924876332283
        var: 190.200302124
    dissonance:
        dmean: 0.0228886269033
        dmean2: 0.0381508842111
        dvar: 0.00078488944564
        dvar2: 0.00213728100061
        max: 0.500000059605
        mean: 0.450441688299
        median: 0.47015953064
        min: 0.106291204691
        var: 0.00279786577448
    hfc:
        dmean: 2.17472362518
        dmean2: 3.42702865601
        dvar: 13.9821004868
        dvar2: 36.731552124
        max: 52.6223373413
        mean: 6.22210597992
        median: 4.80726528168
        min: 1.10051384329e-016
        var: 37.4446220398
    pitch:
        dmean: 645.491577148
        dmean2: 1253.95849609
        dvar: 1431224.75
        dvar2: 3582146.75
        max: 9673.14355469
        mean: 1196.93469238
        median: 487.341400146
        min: 49.1416664124
        var: 1840663.5
    pitch_instantaneous_confidence:
        dmean: 0.0840859934688
        dmean2: 0.131173208356
        dvar: 0.00705926865339
        dvar2: 0.0156997460872
        max: 0.976472854614
        mean: 0.520361244678
        median: 0.465181946754
        min: 0.0944598317146
        var: 0.0510069318116
    pitch_salience:
        dmean: 0.0600338838995
        dmean2: 0.0935131683946
        dvar: 0.00308365514502
        dvar2: 0.00724927848205
        max: 0.856905341148
        mean: 0.568108856678
        median: 0.587192773819
        min: 0.103963457048
        var: 0.0163481384516
    silence_rate_20dB:
        dmean: 0
        dmean2: 0
        dvar: 0
        dvar2: 0
        max: 1
        mean: 1
        median: 1
        min: 1
        var: 0
    silence_rate_30dB:
        dmean: 0
        dmean2: 0
        dvar: 0
        dvar2: 0
        max: 1
        mean: 1
        median: 1
        min: 1
        var: 0
    silence_rate_60dB:
        dmean: 0.0492716804147
        dmean2: 0.0985529944301
        dvar: 0.0468506775796
        dvar2: 0.106050014496
        max: 1
        mean: 0.421896398067
        median: 0
        min: 0
        var: 0.243898674846
    spectral_centroid:
        dmean: 251.290084839
        dmean2: 384.600158691
        dvar: 100214.3125
        dvar2: 210899.421875
        max: 11509.8574219
        mean: 1413.74291992
        median: 1355.59863281
        min: 229.474319458
        var: 819327
    spectral_complexity:
        dmean: 3.10783076286
        dmean2: 4.7763004303
        dvar: 17.9371757507
        dvar2: 40.4936294556
        max: 52
        mean: 11.7766370773
        median: 10
        min: 0
        var: 90.1947250366
    spectral_crest:
        dmean: 2.09188079834
        dmean2: 3.31285643578
        dvar: 4.44752264023
        dvar2: 10.3621015549
        max: 25.8283023834
        mean: 8.698346138
        median: 7.06010437012
        min: 2.53235387802
        var: 22.4226531982
    spectral_decrease:
        dmean: 2.42471154266e-010
        dmean2: 3.83038073482e-010
        dvar: 1.09893852435e-019
        dvar2: 2.80207716846e-019
        max: 1.00854493304e-028
        mean: -9.51581702324e-010
        median: -9.39629263286e-010
        min: -4.2910932585e-009
        var: 4.95034922979e-019
    spectral_energy:
        dmean: 0.00108548684511
        dmean2: 0.00171161955222
        dvar: 2.37250401369e-006
        dvar2: 6.06972980677e-006
        max: 0.0203070417047
        mean: 0.00415584258735
        median: 0.00405220407993
        min: 9.99108568064e-021
        var: 9.96425387711e-006
    spectral_energyband_high:
        dmean: 0.000157765985932
        dmean2: 0.000266776041826
        dvar: 1.40626909229e-007
        dvar2: 3.81567673458e-007
        max: 0.00469258986413
        mean: 0.000224560091738
        median: 9.3238268164e-005
        min: 7.37098382024e-021
        var: 1.47936418671e-007
    spectral_energyband_low:
        dmean: 0.00022852406255
        dmean2: 0.00038469248102
        dvar: 1.74405357711e-007
        dvar2: 4.87144575345e-007
        max: 0.00626766169444
        mean: 0.000521267589647
        median: 0.000335464137606
        min: 1.51786762035e-023
        var: 4.06764684158e-007
    spectral_energyband_middle_high:
        dmean: 0.000561118824407
        dmean2: 0.000869515468366
        dvar: 6.33342210676e-007
        dvar2: 1.57819931701e-006
        max: 0.018665516749
        mean: 0.00175881444011
        median: 0.00139918224886
        min: 1.25217413672e-021
        var: 2.89808917842e-006
    spectral_energyband_middle_low:
        dmean: 0.000610387243796
        dmean2: 0.000954927294515
        dvar: 6.61433375626e-007
        dvar2: 1.66661504863e-006
        max: 0.0127933649346
        mean: 0.00180034642108
        median: 0.0015854696976
        min: 1.55987752433e-022
        var: 2.13199223253e-006
    spectral_flatness_db:
        dmean: 0.0174316093326
        dmean2: 0.0258249714971
        dvar: 0.000322981446516
        dvar2: 0.000649425084703
        max: 0.432657569647
        mean: 0.173678562045
        median: 0.150360882282
        min: 0.0607318691909
        var: 0.00476602138951
    spectral_flux:
        dmean: 0.00738782575354
        dmean2: 0.0113165993243
        dvar: 7.08374936949e-005
        dvar2: 0.000153387140017
        max: 0.107858553529
        mean: 0.0315262563527
        median: 0.0323731824756
        min: 6.27931942554e-011
        var: 0.000343424122548
    spectral_kurtosis:
        dmean: 1.42222416401
        dmean2: 2.34439992905
        dvar: 4.50475692749
        dvar2: 12.3411140442
        max: 59.4529647827
        mean: 5.65946054459
        median: 3.67130041122
        min: -1.52394866943
        var: 50.1850547791
    spectral_rms:
        dmean: 0.000240270601353
        dmean2: 0.000368298613466
        dvar: 7.6396524662e-008
        dvar2: 1.87153659681e-007
        max: 0.00445103924721
        mean: 0.00181232055184
        median: 0.00198830827139
        min: 3.12208267052e-012
        var: 7.69978612425e-007
    spectral_rolloff:
        dmean: 422.799255371
        dmean2: 694.418518066
        dvar: 474403.875
        dvar2: 945254
        max: 19186.0839844
        mean: 2771.79150391
        median: 3100.78125
        min: 193.798828125
        var: 2827243.25
    spectral_skewness:
        dmean: 0.191673472524
        dmean2: 0.302337884903
        dvar: 0.0419059768319
        dvar2: 0.0989541783929
        max: 6.46207475662
        mean: 1.71255040169
        median: 1.442237854
        min: -0.927932977676
        var: 0.886596083641
    spectral_spread:
        dmean: 511247.03125
        dmean2: 749958.875
        dvar: 565474885632
        dvar2: 1.02903519642e+012
        max: 42515172
        mean: 5020022.5
        median: 4601010.5
        min: 1445570.5
        var: 8.62861760922e+012
    spectral_strongpeak:
        dmean: 0.354913175106
        dmean2: 0.599467933178
        dvar: 0.461339950562
        dvar2: 1.23176527023
        max: 13.2326555252
        mean: 0.630832314491
        median: 0.358861923218
        min: 6.74197225825e-011
        var: 0.81554377079
    zerocrossingrate:
        dmean: 0.00889450870454
        dmean2: 0.0102236391976
        dvar: 0.000112836423796
        dvar2: 0.000112317749881
        max: 0.517578125
        mean: 0.082363024354
        median: 0.083984375
        min: 0.013671875
        var: 0.00193230586592
    barkbands:
        dmean: [3.40591924441e-007, 7.89439145592e-005, 0.00012746770517, 0.00016473713913, 0.000143662458868, 0.000114988193673, 0.000183871568879, 0.000151145155542, 0.0001685723837, 6.71862144372e-005, 8.42969820951e-005, 7.01716926415e-005, 4.65110897494e-005, 3.98659940402e-005, 3.46614324371e-005, 5.20829526067e-005, 0.000124270940432, 0.000166033860296, 0.000193864514586, 0.000115937880764, 8.05788513389e-005, 2.32819984376e-005, 5.83699511481e-006, 1.98142106456e-006, 1.53523149038e-006, 4.39445457801e-008, 3.66566943466e-010]
        dmean2: [5.4087576018e-007, 0.000135732640047, 0.000212350540096, 0.000273685989669, 0.000235736020841, 0.00017394090537, 0.000275726837572, 0.000231233338127, 0.000267759576673, 0.000106299346953, 0.000136547911097, 0.000111183289846, 7.71242484916e-005, 6.34771276964e-005, 5.68583600398e-005, 8.2681850472e-005, 0.000194635838852, 0.000271059427178, 0.000316604709951, 0.00019560502551, 0.000138234405313, 3.86626270483e-005, 9.82699566521e-006, 3.03440401694e-006, 2.28587146012e-006, 6.96318736004e-008, 6.09949424302e-010]
        dvar: [6.35278342518e-013, 2.4777611074e-008, 6.98075552918e-008, 1.11431539551e-007, 9.03781085526e-008, 4.24795310039e-008, 1.10910214346e-007, 1.03208471103e-007, 2.20204753987e-007, 3.56910341281e-008, 3.84105369733e-008, 3.49965603164e-008, 2.17468585362e-008, 7.36686267544e-009, 4.78660311387e-009, 9.50869250005e-009, 9.02969574668e-008, 6.95157922337e-008, 9.82005730066e-008, 6.61993553308e-008, 3.98291213344e-008, 2.48965426053e-009, 2.01804545297e-010, 2.63615396873e-011, 2.47941389642e-011, 1.22850372182e-014, 4.19917643426e-019]
        dvar2: [1.45572453831e-012, 7.00127955611e-008, 1.92140433342e-007, 3.0186978961e-007, 2.44276691319e-007, 9.7988809955e-008, 2.40602872736e-007, 2.37969373984e-007, 5.60802448035e-007, 8.7363694945e-008, 1.03224351733e-007, 8.36193976284e-008, 6.03058012416e-008, 1.9004785301e-008, 1.14238485338e-008, 2.37440058726e-008, 1.96970944444e-007, 1.84394252756e-007, 2.63891990926e-007, 1.79586251647e-007, 1.10151923138e-007, 6.43044684168e-009, 5.12676845421e-010, 5.50211785855e-011, 4.56902259083e-011, 3.0921591649e-014, 1.03952480343e-018]
        max: [1.15953298518e-005, 0.00179616431706, 0.0050890231505, 0.00495007354766, 0.00540087092668, 0.00753404619172, 0.00666184816509, 0.00713551789522, 0.0122999921441, 0.00705712055787, 0.0045032161288, 0.00387091841549, 0.00363775203004, 0.00359036237933, 0.00162143050693, 0.0025055273436, 0.0163901150227, 0.00384970707819, 0.00724204815924, 0.00362813426182, 0.00257694604807, 0.000739008362871, 0.000351159920683, 0.000179547874723, 0.000253729376709, 1.59711885317e-006, 9.43488931426e-009]
        mean: [3.78863717287e-007, 0.000132557775942, 0.000264041271294, 0.000244847324211, 0.000267296418315, 0.000268560892437, 0.000415427057305, 0.000262544985162, 0.000298284285236, 0.00011419794464, 0.000138870658702, 0.000114626651339, 8.02541617304e-005, 6.93273104844e-005, 5.51856974198e-005, 9.50303510763e-005, 0.000252127152635, 0.00033446965972, 0.000422972778324, 0.0001638023532, 0.000110392582428, 3.61072488886e-005, 8.18783337309e-006, 3.77510696126e-006, 2.52318477578e-006, 5.98467977397e-008, 4.40731007245e-010]
        median: [8.89448870112e-008, 7.3367918958e-005, 0.000142431148561, 7.60197726777e-005, 0.000114274007501, 0.000105278682895, 0.000148664432345, 6.50775546092e-005, 7.22550903447e-005, 4.02610457968e-005, 4.31386069977e-005, 3.35979384545e-005, 2.63051297225e-005, 3.50692134816e-005, 2.83714944089e-005, 4.79560912936e-005, 0.000116007460747, 0.00019805910415, 0.00024687658879, 7.96880340204e-005, 4.06603139709e-005, 1.38015166158e-005, 2.31376816373e-006, 1.00287365967e-006, 4.39059334667e-007, 1.25584165289e-008, 1.30923688557e-010]
        min: [2.99593163177e-026, 2.70144588689e-024, 1.42308239327e-024, 1.53702210976e-024, 1.09145974431e-023, 1.25158714847e-023, 3.93813800041e-024, 8.02254343442e-024, 1.33206168931e-023, 1.35267336259e-023, 1.94896164571e-023, 2.02209772909e-023, 2.80016086401e-023, 5.33868938238e-023, 5.31916665269e-023, 6.41120636754e-023, 5.53532590032e-023, 1.0531252695e-022, 1.49335054916e-022, 1.47521192327e-022, 2.66108885161e-022, 3.40131427321e-022, 3.31221312816e-022, 6.27382567292e-022, 9.65653494567e-022, 1.27516222507e-021, 1.97392072512e-021]
        var: [6.60522743272e-013, 3.12046566364e-008, 1.5304271983e-007, 1.91899559354e-007, 1.65348168935e-007, 2.24863285325e-007, 4.66702573476e-007, 2.78765696748e-007, 5.09190044795e-007, 7.81006406214e-008, 8.05035043072e-008, 7.49371764641e-008, 4.53849686721e-008, 1.46286041058e-008, 8.5287403806e-009, 2.02676950778e-008, 3.03396291201e-007, 1.70148922507e-007, 2.80737225467e-007, 7.22259514419e-008, 4.14686915917e-008, 3.63689300897e-009, 2.66174388086e-010, 8.27997392872e-011, 8.1460185819e-011, 1.51373478232e-014, 6.10559587713e-019]
    frequency_bands:
        dmean: [3.40591924441e-007, 7.89439145592e-005, 0.00012746770517, 0.00016473713913, 0.000143662458868, 0.000114988193673, 0.000183871568879, 0.000151145155542, 0.0001685723837, 6.71862144372e-005, 8.42969820951e-005, 7.01716926415e-005, 4.65110897494e-005, 3.98659940402e-005, 3.46614324371e-005, 5.20829526067e-005, 0.000124270940432, 0.000166033860296, 0.000193864514586, 0.000115937880764, 8.05788513389e-005, 2.32819984376e-005, 5.83699511481e-006, 1.98142106456e-006, 1.53523149038e-006, 4.39445457801e-008, 3.66566943466e-010, 4.7334056813e-011]
        dmean2: [5.4087576018e-007, 0.000135732640047, 0.000212350540096, 0.000273685989669, 0.000235736020841, 0.00017394090537, 0.000275726837572, 0.000231233338127, 0.000267759576673, 0.000106299346953, 0.000136547911097, 0.000111183289846, 7.71242484916e-005, 6.34771276964e-005, 5.68583600398e-005, 8.2681850472e-005, 0.000194635838852, 0.000271059427178, 0.000316604709951, 0.00019560502551, 0.000138234405313, 3.86626270483e-005, 9.82699566521e-006, 3.03440401694e-006, 2.28587146012e-006, 6.96318736004e-008, 6.09949424302e-010, 8.75076400231e-011]
        dvar: [6.35278342518e-013, 2.4777611074e-008, 6.98075552918e-008, 1.11431539551e-007, 9.03781085526e-008, 4.24795310039e-008, 1.10910214346e-007, 1.03208471103e-007, 2.20204753987e-007, 3.56910341281e-008, 3.84105369733e-008, 3.49965603164e-008, 2.17468585362e-008, 7.36686267544e-009, 4.78660311387e-009, 9.50869250005e-009, 9.02969574668e-008, 6.95157922337e-008, 9.82005730066e-008, 6.61993553308e-008, 3.98291213344e-008, 2.48965426053e-009, 2.01804545297e-010, 2.63615396873e-011, 2.47941389642e-011, 1.22850372182e-014, 4.19917643426e-019, 5.78242142013e-021]
        dvar2: [1.45572453831e-012, 7.00127955611e-008, 1.92140433342e-007, 3.0186978961e-007, 2.44276691319e-007, 9.7988809955e-008, 2.40602872736e-007, 2.37969373984e-007, 5.60802448035e-007, 8.7363694945e-008, 1.03224351733e-007, 8.36193976284e-008, 6.03058012416e-008, 1.9004785301e-008, 1.14238485338e-008, 2.37440058726e-008, 1.96970944444e-007, 1.84394252756e-007, 2.63891990926e-007, 1.79586251647e-007, 1.10151923138e-007, 6.43044684168e-009, 5.12676845421e-010, 5.50211785855e-011, 4.56902259083e-011, 3.0921591649e-014, 1.03952480343e-018, 1.84112568272e-020]
        max: [1.15953298518e-005, 0.00179616431706, 0.0050890231505, 0.00495007354766, 0.00540087092668, 0.00753404619172, 0.00666184816509, 0.00713551789522, 0.0122999921441, 0.00705712055787, 0.0045032161288, 0.00387091841549, 0.00363775203004, 0.00359036237933, 0.00162143050693, 0.0025055273436, 0.0163901150227, 0.00384970707819, 0.00724204815924, 0.00362813426182, 0.00257694604807, 0.000739008362871, 0.000351159920683, 0.000179547874723, 0.000253729376709, 1.59711885317e-006, 9.43488931426e-009, 1.20928889125e-009]
        mean: [3.78863717287e-007, 0.000132557775942, 0.000264041271294, 0.000244847324211, 0.000267296418315, 0.000268560892437, 0.000415427057305, 0.000262544985162, 0.000298284285236, 0.00011419794464, 0.000138870658702, 0.000114626651339, 8.02541617304e-005, 6.93273104844e-005, 5.51856974198e-005, 9.50303510763e-005, 0.000252127152635, 0.00033446965972, 0.000422972778324, 0.0001638023532, 0.000110392582428, 3.61072488886e-005, 8.18783337309e-006, 3.77510696126e-006, 2.52318477578e-006, 5.98467977397e-008, 4.40731007245e-010, 3.74022375571e-011]
        median: [8.89448870112e-008, 7.3367918958e-005, 0.000142431148561, 7.60197726777e-005, 0.000114274007501, 0.000105278682895, 0.000148664432345, 6.50775546092e-005, 7.22550903447e-005, 4.02610457968e-005, 4.31386069977e-005, 3.35979384545e-005, 2.63051297225e-005, 3.50692134816e-005, 2.83714944089e-005, 4.79560912936e-005, 0.000116007460747, 0.00019805910415, 0.00024687658879, 7.96880340204e-005, 4.06603139709e-005, 1.38015166158e-005, 2.31376816373e-006, 1.00287365967e-006, 4.39059334667e-007, 1.25584165289e-008, 1.30923688557e-010, 1.07661969617e-011]
        min: [2.99593163177e-026, 2.70144588689e-024, 1.42308239327e-024, 1.53702210976e-024, 1.09145974431e-023, 1.25158714847e-023, 3.93813800041e-024, 8.02254343442e-024, 1.33206168931e-023, 1.35267336259e-023, 1.94896164571e-023, 2.02209772909e-023, 2.80016086401e-023, 5.33868938238e-023, 5.31916665269e-023, 6.41120636754e-023, 5.53532590032e-023, 1.0531252695e-022, 1.49335054916e-022, 1.47521192327e-022, 2.66108885161e-022, 3.40131427321e-022, 3.31221312816e-022, 6.27382567292e-022, 9.65653494567e-022, 1.27516222507e-021, 1.97392072512e-021, 5.23790413447e-022]
        var: [6.60522743272e-013, 3.12046566364e-008, 1.5304271983e-007, 1.91899559354e-007, 1.65348168935e-007, 2.24863285325e-007, 4.66702573476e-007, 2.78765696748e-007, 5.09190044795e-007, 7.81006406214e-008, 8.05035043072e-008, 7.49371764641e-008, 4.53849686721e-008, 1.46286041058e-008, 8.5287403806e-009, 2.02676950778e-008, 3.03396291201e-007, 1.70148922507e-007, 2.80737225467e-007, 7.22259514419e-008, 4.14686915917e-008, 3.63689300897e-009, 2.66174388086e-010, 8.27997392872e-011, 8.1460185819e-011, 1.51373478232e-014, 6.10559587713e-019, 4.68052879471e-021]
    mfcc:
        mean: [-761.639648438, 113.275932312, -30.5768051147, 42.4381828308, -13.8162326813, -17.164680481, 1.82204127312, 2.74301362038, -9.86148548126, -4.80572414398, 3.73229670525, -1.53139269352, -0.854970157146]
        cov: [[13477.8388672, 332.247802734, -1857.74780273, 2202.43896484, 36.4826889038, 888.215270996, -33.8607711792, 28.6292285919, 847.511657715, -90.1013031006, 104.362182617, 139.397338867, -435.362609863], [332.247802734, 1616.90991211, 120.86743927, 35.5097770691, -91.4516067505, -156.257705688, 339.831359863, 143.056610107, -184.126251221, -51.6347198486, 170.735656738, 13.1408262253, -0.52269423008], [-1857.74780273, 120.86743927, 944.402099609, -329.886657715, 28.8355503082, -60.7256011963, 150.031234741, 41.1823577881, -111.708732605, 9.09646129608, 20.0843963623, -21.1818141937, 136.003112793], [2202.43896484, 35.5097770691, -329.886657715, 689.123291016, 138.425720215, 276.409942627, 29.4052696228, 31.6842899323, 270.944976807, -14.5689277649, 12.370598793, 39.3304710388, -88.0526657104], [36.4826889038, -91.4516067505, 28.8355503082, 138.425720215, 184.064910889, 103.611236572, -19.3310585022, -7.52537918091, 98.3631134033, 26.6948165894, -5.6541686058, 21.6431655884, -6.28272485733], [888.215270996, -156.257705688, -60.7256011963, 276.409942627, 103.611236572, 310.697479248, 65.6063308716, 13.7415790558, 206.840652466, 7.13241672516, 33.5111999512, 48.3202781677, -80.7585678101], [-33.8607711792, 339.831359863, 150.031234741, 29.4052696228, -19.3310585022, 65.6063308716, 292.320343018, 116.07233429, -2.7256834507, -14.7800235748, 107.181053162, 3.81818461418, -38.6713905334], [28.6292285919, 143.056610107, 41.1823577881, 31.6842899323, -7.52537918091, 13.7415790558, 116.07233429, 129.403625488, 7.28515577316, 18.1467666626, 51.2877044678, 5.10377120972, 6.33482789993], [847.511657715, -184.126251221, -111.708732605, 270.944976807, 98.3631134033, 206.840652466, -2.7256834507, 7.28515577316, 273.194702148, 12.8492250443, 11.6375865936, 43.3408432007, -77.4563903809], [-90.1013031006, -51.6347198486, 9.09646129608, -14.5689277649, 26.6948165894, 7.13241672516, -14.7800235748, 18.1467666626, 12.8492250443, 108.24118042, 25.0280838013, 7.74295425415, 17.7789459229], [104.362182617, 170.735656738, 20.0843963623, 12.370598793, -5.6541686058, 33.5111999512, 107.181053162, 51.2877044678, 11.6375865936, 25.0280838013, 134.598373413, 50.576675415, -29.0957241058], [139.397338867, 13.1408262253, -21.1818141937, 39.3304710388, 21.6431655884, 48.3202781677, 3.81818461418, 5.10377120972, 43.3408432007, 7.74295425415, 50.576675415, 106.502189636, 27.4871807098], [-435.362609863, -0.52269423008, 136.003112793, -88.0526657104, -6.28272485733, -80.7585678101, -38.6713905334, 6.33482789993, -77.4563903809, 17.7789459229, -29.0957241058, 27.4871807098, 168.768722534]]
        icov: [[0.00021993444534, -8.76620761119e-005, 0.000152340347995, -0.000612298201304, 0.000562414934393, -0.000309920607833, 0.000263390160399, 5.86260539421e-005, -5.58735955565e-005, 2.93588936984e-006, -0.000202633571462, 0.00011852044554, -2.45444298344e-005], [-8.76620761119e-005, 0.00121690076776, -0.000140753414598, -0.000504718685988, -0.000274200952845, 0.0013745862525, -0.00140727474354, 8.13236838439e-005, 0.000748370483052, 0.000249972013989, -0.0005229813396, -0.000541114248335, 0.000264870293904], [0.000152340347995, -0.000140753414598, 0.002125099767, 0.000932284630835, -0.000798498978838, -0.00072528491728, -0.00124988972675, 0.000570037984289, -0.00065224460559, 0.000418154755607, -0.000434868648881, 0.00140558904968, -0.00216544535942], [-0.000612298201304, -0.000504718685988, 0.000932284630835, 0.00578556628898, -0.00300982175395, -0.00148395460565, -0.000453103071777, -0.00088524678722, -0.00224580476061, 0.00115462625399, 0.000614397635218, 0.00116677384358, -0.00144301482942], [0.000562414934393, -0.000274200952845, -0.000798498978838, -0.00300982175395, 0.00990227703005, -0.00211264472455, 0.00178162730299, 0.000619416532572, -0.00102701433934, -0.00209895800799, 0.000295925477985, -0.000505387724843, 0.000148902880028], [-0.000309920607833, 0.0013745862525, -0.00072528491728, -0.00148395460565, -0.00211264472455, 0.0107151847333, -0.00450917007402, 0.00178106245585, -0.00314840045758, -0.000879702740349, 0.00118444731925, -0.00355121539906, 0.00239397655241], [0.000263390160399, -0.00140727474354, -0.00124988972675, -0.000453103071777, 0.00178162730299, -0.00450917007402, 0.0116421878338, -0.00639407942072, 0.00120125641115, 0.00279530277476, -0.00526750227436, 0.00283315777779, 0.00114950852003], [5.86260539421e-005, 8.13236838439e-005, 0.000570037984289, -0.00088524678722, 0.000619416532572, 0.00178106245585, -0.00639407942072, 0.0143990702927, -0.00191213714425, -0.00268107792363, -0.0014694808051, 0.00139779341407, -0.00297615933232], [-5.58735955565e-005, 0.000748370483052, -0.00065224460559, -0.00224580476061, -0.00102701433934, -0.00314840045758, 0.00120125641115, -0.00191213714425, 0.0107698719949, -0.000960208300967, 0.00134176912252, -0.00358367641456, 0.00387329142541], [2.93588936984e-006, 0.000249972013989, 0.000418154755607, 0.00115462625399, -0.00209895800799, -0.000879702740349, 0.00279530277476, -0.00268107792363, -0.000960208300967, 0.0125268334523, -0.00567033421248, 0.00336370687, -0.00276989326812], [-0.000202633571462, -0.0005229813396, -0.000434868648881, 0.000614397635218, 0.000295925477985, 0.00118444731925, -0.00526750227436, -0.0014694808051, 0.00134176912252, -0.00567033421248, 0.0190847571939, -0.0110346190631, 0.00587317207828], [0.00011852044554, -0.000541114248335, 0.00140558904968, 0.00116677384358, -0.000505387724843, -0.00355121539906, 0.00283315777779, 0.00139779341407, -0.00358367641456, 0.00336370687, -0.0110346190631, 0.0193141344935, -0.00838841684163], [-2.45444298344e-005, 0.000264870293904, -0.00216544535942, -0.00144301482942, 0.000148902880028, 0.00239397655241, 0.00114950852003, -0.00297615933232, 0.00387329142541, -0.00276989326812, 0.00587317207828, -0.00838841684163, 0.0128293326125]]
    sccoeffs:
        dmean: [0.0426449738443, 0.0460024550557, 0.0393142960966, 0.0290160644799, 0.0230840500444, 0.0160871315747]
        dmean2: [0.0710580348969, 0.0738662257791, 0.0635689198971, 0.0469375923276, 0.0363094620407, 0.0255064181983]
        dvar: [0.00133156881202, 0.00151822541375, 0.00098672520835, 0.000612208154052, 0.000409772561397, 0.000245491275564]
        dvar2: [0.00371958874166, 0.00374017911963, 0.0025377436541, 0.00148329115473, 0.000937594799325, 0.000578890321776]
        max: [-0.377533078194, -0.350603967905, -0.384770601988, -0.478505909443, -0.573281645775, -0.645426273346]
        mean: [-0.669315457344, -0.689639985561, -0.736465990543, -0.782238066196, -0.771153926849, -0.780568242073]
        median: [-0.66956114769, -0.698778688908, -0.749134898186, -0.797821760178, -0.773231744766, -0.771644592285]
        min: [-0.973989248276, -0.978354394436, -0.974360048771, -0.970924258232, -0.966843605042, -0.96442681551]
        var: [0.00541423307732, 0.00995932985097, 0.00780962361023, 0.00504669686779, 0.00292173074558, 0.00255833263509]
    scvalleys:
        dmean: [0.35897937417, 0.333089441061, 0.289037942886, 0.292313724756, 0.291285812855, 0.28471699357]
        dmean2: [0.589130461216, 0.552186250687, 0.471707314253, 0.44788262248, 0.424808979034, 0.421268463135]
        dvar: [0.107804782689, 0.0993560701609, 0.0781341567636, 0.0994047373533, 0.121324427426, 0.150246500969]
        dvar2: [0.266521662474, 0.240777313709, 0.171324566007, 0.203859850764, 0.244647279382, 0.317825764418]
        max: [-5.07746553421, -4.85286855698, -5.504778862, -5.70352125168, -5.4053478241, -7.6575050354]
        mean: [-7.48637580872, -7.14211797714, -7.69243049622, -8.20929813385, -8.04071617126, -10.2668571472]
        median: [-6.78138780594, -6.71895313263, -7.10878181458, -7.40864658356, -7.23378562927, -9.95622444153]
        min: [-27.7352294922, -28.0219860077, -27.7004394531, -27.7672767639, -27.6017875671, -27.4036769867]
        var: [4.88337516785, 3.49266982079, 3.59977316856, 4.20695877075, 4.41852807999, 3.4141933918]

rhythm:
    beats_loudness:
        dmean: 0.00158092251513
        dmean2: 0.0027994629927
        dvar: 2.71203930424e-006
        dvar2: 8.37433071865e-006
        max: 0.016854448244
        mean: 0.00540771847591
        median: 0.00517736747861
        min: 1.28301376481e-014
        var: 1.25596516227e-005
    bpm: 91.5130615234
    bpm_confidence: 0
    first_peak_bpm: 92
    first_peak_spread: 0.195783168077
    first_peak_weight: 0.739612162113
    onset_rate: 3.96201658249
    second_peak_bpm: 86
    second_peak_spread: 0.142857149243
    second_peak_weight: 0.0332409963012
    beats_loudness_band_ratio:
        dmean: [0.086329229176, 0.0922471433878, 0.125775620341, 0.0650511234999, 0.0703855827451, 0.0678477585316]
        dmean2: [0.148122251034, 0.157697468996, 0.223539605737, 0.119227938354, 0.121665522456, 0.123663455248]
        dvar: [0.00652946066111, 0.0142521420494, 0.0180458426476, 0.00986140221357, 0.0055871992372, 0.0101719070226]
        dvar2: [0.0177646800876, 0.0384410843253, 0.0535975173116, 0.0305445529521, 0.0162613764405, 0.0299643222243]
        max: [0.574475228786, 0.931445479393, 0.922012448311, 0.787440657616, 0.579210698605, 0.902433693409]
        mean: [0.20219014585, 0.13944979012, 0.242024943233, 0.099975772202, 0.183061793447, 0.177868455648]
        median: [0.211096435785, 0.0959819108248, 0.153717011213, 0.0754888057709, 0.191126227379, 0.197062879801]
        min: [0, 0, 0, 0, 0, 0]
        var: [0.014390415512, 0.0185895375907, 0.0440729409456, 0.00782238226384, 0.0114295445383, 0.0117615060881]
    beats_position: [0.638548731804, 1.28870749474, 1.92725622654, 2.57741498947, 3.23918366432, 3.90095233917, 4.57433080673, 5.24770975113, 5.92108821869, 6.59446716309, 7.26784563065, 7.94122457504, 8.6146030426, 9.27637195587, 9.93814086914, 10.5650787354, 11.1920175552, 11.8305664063, 12.4691152573, 13.1076641083, 13.7462129593, 14.3731517792, 15.0117006302, 15.6502494812, 16.2771873474, 16.9273471832, 17.5775051117, 18.1347846985, 18.7036724091, 19.272562027, 19.8414516449, 20.4103393555, 20.9792289734, 21.548116684, 22.1053962708, 22.6046257019, 23.1038551331, 23.6030826569, 24.2068023682, 24.7989120483, 25.4490699768, 26.0992279053, 26.7726078033, 27.4459857941, 28.1193637848, 28.7927436829, 29.4661216736, 30.1278915405, 30.7896595001, 31.4398174286, 32.0899772644, 32.7401351929, 33.4019050598, 34.0636711121, 34.7138328552, 35.3872108459, 36.0373687744, 36.6875267029, 37.3376846313, 37.9994544983, 38.6612243652, 39.3113822937, 39.9615402222, 40.6233100891, 41.2850799561, 41.9352378845, 42.585395813, 43.2355537415, 43.8857116699, 44.5474815369, 45.2092514038, 45.8826293945, 46.532787323, 47.1829452515, 47.8331069946, 48.4832649231, 49.1334228516, 49.7951927185, 50.4569587708, 51.1187286377, 51.7804985046, 52.4306564331, 53.0808143616, 53.7425842285, 54.4043540955, 55.0545120239, 55.7046699524, 56.3664398193, 57.0282058716, 57.6783676147, 58.3285255432, 58.9786834717, 59.6288414001, 60.2906112671, 60.952381134, 61.6141471863, 62.2759170532, 62.9260749817, 63.5762329102, 64.2263946533, 64.8765487671, 65.5267105103, 66.1884765625, 66.8502502441, 67.5004043579, 68.1621780396, 68.8239440918, 69.474105835, 70.1358718872, 70.7860336304, 71.4477996826, 72.0979614258, 72.7481155396, 73.3982772827, 74.0484313965, 74.7102050781, 75.3719711304, 76.0221328735, 76.6722869873, 77.3340606689, 77.9958267212, 78.6459884644, 79.2961425781, 79.9579086304, 80.619682312, 81.2814483643, 81.9432220459, 82.5933761597, 83.2435379028, 83.8936920166, 84.5438537598, 85.1940155029, 85.8673934937, 86.5175476074, 87.1677093506, 87.8178634644, 88.479637146, 89.1297912598, 89.7915649414, 90.4417190552, 91.1034927368, 91.7536468506, 92.4154205322, 93.0771865845, 93.7389526367, 94.3891143799, 95.0508804321, 95.7126541138, 96.374420166, 97.0361862183, 97.6863479614, 98.3365097046, 98.9866638184, 99.6368255615, 100.298591614, 100.960357666, 101.610519409, 102.260681152, 102.922447205, 103.584213257, 104.234375, 104.896141052, 105.546302795, 106.208068848, 106.858230591, 107.508384705, 108.158546448, 108.808708191, 109.458862305, 110.120635986, 110.782402039, 111.444168091, 112.105941772, 112.790924072, 113.48752594, 114.195732117, 114.869110107, 115.542495728, 116.250701904, 116.947296143, 117.655509949, 118.328887939, 118.979042053, 119.629203796, 120.27936554, 120.95274353, 121.602897644, 122.253059387, 122.90322113, 123.564987183, 124.226753235, 124.876914978, 125.527069092, 126.177230835, 126.827392578, 127.500770569, 128.17414856, 128.824310303, 129.474472046, 130.136230469, 130.79800415, 131.448165894, 132.098312378, 132.748474121, 133.421859741, 134.060409546, 134.698959351, 135.325897217, 135.941223145, 136.544937134, 137.171875, 137.798812866, 138.437362671, 139.075912476, 139.71446228, 140.341400146, 140.968338013, 141.606887817, 142.233825684, 142.872375488, 143.522537231, 144.21913147, 144.915740967, 145.623947144, 146.33215332, 147.028747559, 147.702133179, 148.37550354, 149.04888916, 149.73387146, 150.465301514, 151.185119629, 151.823669434, 152.462219238, 153.112380981, 153.762542725, 154.412689209, 155.062850952, 155.713012695, 156.363174438, 157.013336182, 157.663482666, 158.313644409, 158.975418091, 159.637191772, 160.287338257, 160.9375, 161.622497559, 162.307479858, 162.992462158, 163.689071655, 164.374053955, 165.047439575, 165.732421875, 166.429016113, 167.114013672, 167.798995972, 168.460769653, 169.134140015, 169.784301758, 170.434463501, 171.084625244, 171.746398926, 172.408157349, 173.058319092, 173.720092773, 174.381851196, 175.032012939, 175.693786621, 176.355545044, 177.005706787, 177.65586853, 178.306030273, 178.967803955, 179.629562378, 180.268112183, 180.929885864, 181.603256226, 182.253417969, 182.903579712, 183.565353394, 184.227111816, 184.87727356, 185.527435303, 186.177597046, 186.827758789, 187.489517212, 188.151290894, 188.801452637, 189.451599121, 190.101760864, 190.751922607, 191.413696289, 192.075454712, 192.725616455, 193.387390137, 194.049163818, 194.699310303, 195.349472046, 196.011245728, 196.673019409, 197.334777832, 197.996551514, 198.646713257, 199.296859741, 199.947021484, 200.597183228, 201.247344971, 201.909118652, 202.570877075, 203.221038818, 203.871200562, 204.532974243, 205.194732666, 205.844894409, 206.495056152, 207.145217896, 207.79536438, 208.445526123, 209.107299805, 209.769073486, 210.419219971, 211.080993652, 211.742767334, 212.392913818, 213.043075562, 213.704849243, 214.366622925, 215.028381348, 215.690155029, 216.340316772, 216.990478516, 217.640625, 218.290786743, 218.952560425, 219.614334106, 220.264480591, 220.926254272, 221.588027954, 222.238174438, 222.888336182, 223.538497925, 224.200271606, 224.862030029, 225.512191772, 226.162353516, 226.812515259, 227.462677002, 228.124435425, 228.786209106, 229.43637085, 230.098129272, 230.759902954, 231.410064697, 232.06022644, 232.710388184, 233.360534668, 234.02230835, 234.684082031, 235.345840454, 236.019226074, 236.680999756]
