
metadata:
    version:
        essentia: "2.1-beta2"
    audio_properties:
        analysis_sample_rate: 44100
        bitrate: 320
        channels: 2
        equal_loudness: 1
        length: 443.50692749
        replay_gain: -14.5032520294
        downmix: "mix"
    tags:
        album: "Stone's Reach"
        artist: "Be'lakor"
        comment: " "
        date: "2009"
        genre: "Death Metal"
        title: "Held in Hollows"
        tracknumber: "5"

configuration:
    average_loudness:
        compute: 1
        frameSize: 88200
        hopSize: 44100
        silentFrames: "noise"
        windowType: "hann"
    general:
        analysisSampleRate: 44100
        endTime: 2000
        equalLoudness: 1
        nequalLoudness: 0
        shortSound: 0
        startTime: 0
    lowlevel:
        compute: 1
        frameSize: 2048
        hopSize: 1024
        zeroPadding: 0
        silentFrames: "noise"
        windowType: "blackmanharris62"
        mfccStats: ["mean", "cov", "icov"]
        stats: ["mean", "var", "median", "min", "max", "dmean", "dmean2", "dvar", "dvar2"]
    panning:
        compute: 0
        frameSize: 8192
        hopSize: 2048
        zeroPadding: 8192
        silentFrames: "noise"
        windowType: "hann"
        stats: ["copy"]
    rhythm:
        compute: 1
        maxTempo: 208
        minTempo: 40
        method: "degara"
        stats: ["mean", "var", "median", "min", "max", "dmean", "dmean2", "dvar", "dvar2"]
    segmentation:
        compute: 0
        cpw: 5
        inc1: 300
        inc2: 50
        minimumSegmentsLength: 10
        size1: 1000
        size2: 600
    sfx:
        compute: 1
        stats: ["mean", "var", "median", "min", "max", "dmean", "dmean2", "dvar", "dvar2"]
    svm:
        compute: 0
    tonal:
        compute: 1
        frameSize: 4096
        hopSize: 2048
        zeroPadding: 0
        silentFrames: "noise"
        windowType: "blackmanharris62"
        stats: ["mean", "var", "median", "min", "max", "dmean", "dmean2", "dvar", "dvar2"]

lowlevel:
    average_loudness: 0.791014134884
    barkbands_kurtosis:
        dmean: 0.922148406506
        dmean2: 1.45687735081
        dvar: 4.75153112411
        dvar2: 11.3184423447
        max: 263.642852783
        mean: 0.878063857555
        median: -1.10712897778
        min: -1.9302611351
        var: 189.89906311
    barkbands_skewness:
        dmean: 0.41590732336
        dmean2: 0.643464326859
        dvar: 0.176224708557
        dvar2: 0.393354892731
        max: 13.0019292831
        mean: -0.0426337867975
        median: -0.216725409031
        min: -3.48887419701
        var: 1.81242489815
    barkbands_spread:
        dmean: 5.32222414017
        dmean2: 8.56458187103
        dvar: 29.2359828949
        dvar2: 72.1251144409
        max: 70.0896682739
        mean: 32.2705116272
        median: 34.1199226379
        min: 0.612225532532
        var: 127.295127869
    dissonance:
        dmean: 0.00963694322854
        dmean2: 0.0162998791784
        dvar: 0.000121945340652
        dvar2: 0.000335897871992
        max: 0.500000119209
        mean: 0.479556441307
        median: 0.485030293465
        min: 0.172224029899
        var: 0.000469302613055
    hfc:
        dmean: 2.02835035324
        dmean2: 3.2485678196
        dvar: 5.71104812622
        dvar2: 13.9538059235
        max: 53.2853660583
        mean: 9.17945480347
        median: 8.36731719971
        min: 1.15325706291e-016
        var: 40.0876235962
    pitch:
        dmean: 925.787231445
        dmean2: 1788.18444824
        dvar: 1729662.125
        dvar2: 4030825.25
        max: 4665.99121094
        mean: 1606.82763672
        median: 451.458007813
        min: 52.0096206665
        var: 2264542.25
    pitch_instantaneous_confidence:
        dmean: 0.0701759234071
        dmean2: 0.114537075162
        dvar: 0.0037949681282
        dvar2: 0.00928252097219
        max: 0.941531479359
        mean: 0.406561672688
        median: 0.373194009066
        min: 0.0801091790199
        var: 0.0258452277631
    pitch_salience:
        dmean: 0.0580885261297
        dmean2: 0.0943315625191
        dvar: 0.00307971797884
        dvar2: 0.00736633455381
        max: 0.933306515217
        mean: 0.64868748188
        median: 0.678849518299
        min: 0.0420713201165
        var: 0.0130182076246
    silence_rate_20dB:
        dmean: 0
        dmean2: 0
        dvar: 0
        dvar2: 0
        max: 1
        mean: 1
        median: 1
        min: 1
        var: 0
    silence_rate_30dB:
        dmean: 0
        dmean2: 0
        dvar: 0
        dvar2: 0
        max: 1
        mean: 1
        median: 1
        min: 1
        var: 0
    silence_rate_60dB:
        dmean: 0.0352861098945
        dmean2: 0.070575915277
        dvar: 0.0340390689671
        dvar2: 0.0801637098193
        max: 1
        mean: 0.246466338634
        median: 0
        min: 0
        var: 0.185747221112
    spectral_centroid:
        dmean: 258.476867676
        dmean2: 412.673980713
        dvar: 81316.5546875
        dvar2: 185290.203125
        max: 11619.3339844
        mean: 1797.81054688
        median: 1886.07214355
        min: 88.5124130249
        var: 511007.53125
    spectral_complexity:
        dmean: 3.39395833015
        dmean2: 5.36712026596
        dvar: 11.7075214386
        dvar2: 26.5194568634
        max: 44
        mean: 16.9515228271
        median: 18
        min: 0
        var: 85.4585876465
    spectral_crest:
        dmean: 1.97531378269
        dmean2: 3.24261617661
        dvar: 4.53151226044
        dvar2: 10.9469404221
        max: 23.2912788391
        mean: 7.34895420074
        median: 6.2182302475
        min: 2.26076078415
        var: 13.0609140396
    spectral_decrease:
        dmean: 2.58972177036e-010
        dmean2: 4.32038987919e-010
        dvar: 1.61604169549e-019
        dvar2: 4.46792612281e-019
        max: 1.30390560949e-028
        mean: -1.07839670527e-009
        median: -1.08708941848e-009
        min: -4.7135690906e-009
        var: 4.1587360911e-019
    spectral_energy:
        dmean: 0.00110891228542
        dmean2: 0.0018413932994
        dvar: 2.6619388791e-006
        dvar2: 7.29588919057e-006
        max: 0.0210802536458
        mean: 0.00490273488685
        median: 0.00493970047683
        min: 1.03410493188e-020
        var: 8.38244523038e-006
    spectral_energyband_high:
        dmean: 0.000144458404975
        dmean2: 0.000241999994614
        dvar: 4.19805594731e-008
        dvar2: 1.07687682771e-007
        max: 0.00498150102794
        mean: 0.000400481192628
        median: 0.000371847767383
        min: 7.20099658877e-021
        var: 1.06049618864e-007
    spectral_energyband_low:
        dmean: 0.000305202032905
        dmean2: 0.000522479473148
        dvar: 2.1584121157e-007
        dvar2: 5.72266969812e-007
        max: 0.00701663689688
        mean: 0.000437969749328
        median: 0.000271159049589
        min: 2.39356680733e-023
        var: 2.92667920121e-007
    spectral_energyband_middle_high:
        dmean: 0.000563070527278
        dmean2: 0.000887416827027
        dvar: 3.96417988213e-007
        dvar2: 9.51610672928e-007
        max: 0.0176985561848
        mean: 0.00248965877108
        median: 0.00220523006283
        min: 1.30041637633e-021
        var: 3.30333136844e-006
    spectral_energyband_middle_low:
        dmean: 0.000740241433959
        dmean2: 0.00123673689086
        dvar: 2.02760315915e-006
        dvar2: 5.60392845728e-006
        max: 0.0134239615873
        mean: 0.0017267933581
        median: 0.00138320040423
        min: 2.36860194714e-022
        var: 2.62478852164e-006
    spectral_flatness_db:
        dmean: 0.0144647341222
        dmean2: 0.0231829434633
        dvar: 0.000207912147744
        dvar2: 0.000474181200843
        max: 0.469483166933
        mean: 0.162456333637
        median: 0.144611507654
        min: 0.063714928925
        var: 0.00309954886325
    spectral_flux:
        dmean: 0.00780959380791
        dmean2: 0.0118679720908
        dvar: 8.8146996859e-005
        dvar2: 0.000168264334206
        max: 0.120873272419
        mean: 0.0383906029165
        median: 0.0393658801913
        min: 6.44590908427e-011
        var: 0.000339399644872
    spectral_kurtosis:
        dmean: 1.6917899847
        dmean2: 2.9590318203
        dvar: 16.1698741913
        dvar2: 47.6423835754
        max: 138.740158081
        mean: 4.95829391479
        median: 2.85145378113
        min: -1.23572778702
        var: 96.993270874
    spectral_rms:
        dmean: 0.000227252734476
        dmean2: 0.000370835245121
        dvar: 8.17807617182e-008
        dvar2: 2.17044799911e-007
        max: 0.00453498633578
        mean: 0.00205126660876
        median: 0.00219527212903
        min: 3.17629169494e-012
        var: 5.75462252073e-007
    spectral_rolloff:
        dmean: 300.018096924
        dmean2: 493.993255615
        dvar: 195714.359375
        dvar2: 401118.90625
        max: 19487.5488281
        mean: 3186.49267578
        median: 3423.77929688
        min: 107.666015625
        var: 1033308.9375
    spectral_skewness:
        dmean: 0.1787006706
        dmean2: 0.303531587124
        dvar: 0.0696589276195
        dvar2: 0.203425645828
        max: 9.70321178436
        mean: 1.31348824501
        median: 1.15386462212
        min: -0.0764207616448
        var: 0.621752798557
    spectral_spread:
        dmean: 362838.25
        dmean2: 578828.4375
        dvar: 248398069760
        dvar2: 496163291136
        max: 42146800
        mean: 4141496.75
        median: 4221871
        min: 593842.25
        var: 2.58289251123e+012
    spectral_strongpeak:
        dmean: 0.559853732586
        dmean2: 0.954406201839
        dvar: 0.794868707657
        dvar2: 1.96182668209
        max: 13.5700340271
        mean: 0.882417917252
        median: 0.302236586809
        min: 7.95704405143e-011
        var: 1.84633147717
    zerocrossingrate:
        dmean: 0.00743713090196
        dmean2: 0.00915261451155
        dvar: 6.36494587525e-005
        dvar2: 7.6613490819e-005
        max: 0.5234375
        mean: 0.100464880466
        median: 0.1064453125
        min: 0.0048828125
        var: 0.000999543117359
    barkbands:
        dmean: [4.21489716018e-007, 8.56375700096e-005, 0.000187396319234, 0.000159820614499, 0.000501617556438, 0.000136490547447, 9.96011440293e-005, 7.16337890481e-005, 8.56070691952e-005, 5.27234151377e-005, 3.76697280444e-005, 3.83546503144e-005, 2.26294105232e-005, 2.15859072341e-005, 3.76322641387e-005, 0.000105200946564, 0.000247257790761, 0.000209362871828, 0.000262642715825, 0.000124169484479, 6.40783691779e-005, 3.16487130476e-005, 5.12412088938e-006, 1.92203788174e-006, 8.18092644295e-007, 1.96894021087e-008, 2.65658411935e-010]
        dmean2: [6.83209179897e-007, 0.000153665547259, 0.000325730215991, 0.000257606443483, 0.000851522723678, 0.000219700625166, 0.000161174393725, 0.000117666793813, 0.000135447480716, 8.57445629663e-005, 6.13015436102e-005, 6.25463508186e-005, 3.77268988814e-005, 3.64605621144e-005, 6.29204077995e-005, 0.000174625369254, 0.000405139348004, 0.000345217849826, 0.000430723361205, 0.000206316413824, 0.000106369087007, 5.56980885449e-005, 8.56985207065e-006, 3.19670448334e-006, 1.39322435189e-006, 3.10477332732e-008, 4.61767929449e-010]
        dvar: [3.13997417477e-013, 2.58020875776e-008, 9.11783715196e-008, 6.95849067256e-008, 1.33591606755e-006, 3.84705494128e-008, 2.96238571451e-008, 2.32173782422e-008, 1.91784010894e-008, 9.87422410503e-009, 6.94606905327e-009, 5.94279203625e-009, 1.88403315171e-009, 1.27072241618e-009, 2.89167578771e-009, 1.58439128484e-008, 1.1193795757e-007, 1.01221061755e-007, 1.19908506235e-007, 2.48967726435e-008, 7.72400721161e-009, 5.24710763727e-009, 8.37243052665e-011, 1.52912751905e-011, 2.66228488907e-012, 4.09925745285e-015, 2.05451540405e-019]
        dvar2: [8.36299128906e-013, 7.07987410919e-008, 2.43968003133e-007, 1.59177730552e-007, 3.67781444766e-006, 1.00645323187e-007, 7.59801963568e-008, 6.01232841291e-008, 4.70154724042e-008, 2.65369024532e-008, 1.88404811752e-008, 1.58515103266e-008, 4.90610796433e-009, 3.43349060294e-009, 7.84028664214e-009, 4.28805471131e-008, 2.76853199921e-007, 2.53238141568e-007, 3.02594457935e-007, 6.55353886714e-008, 1.9711714927e-008, 1.34044197964e-008, 2.1188957533e-010, 3.63956573213e-011, 6.40801647855e-012, 9.1763526099e-015, 5.35040531028e-019]
        max: [4.98816871186e-006, 0.00124518363737, 0.00366409588605, 0.00544206472114, 0.0113190058619, 0.00465683452785, 0.00417813938111, 0.00364264543168, 0.00328467902727, 0.00226740073413, 0.00256862887181, 0.00166355271358, 0.00134778243955, 0.000841381086502, 0.00241205142811, 0.00262772990391, 0.00750166131184, 0.0116993412375, 0.0105763347819, 0.00492082396522, 0.00242702988908, 0.00284882169217, 0.000251744699199, 0.000154890483827, 4.83329604322e-005, 2.57442820839e-006, 1.56894568448e-008]
        mean: [5.94946698129e-007, 8.53716119309e-005, 0.000225419134949, 0.00025348472991, 0.000693556852639, 0.000280531210592, 0.000187339348486, 0.000117932271678, 0.000161109506735, 9.55842260737e-005, 6.51042282698e-005, 6.46236876491e-005, 3.78477852792e-005, 3.54901894752e-005, 7.89672267274e-005, 0.000228775490541, 0.000561289605685, 0.000500239082612, 0.000668142049108, 0.00032266517519, 0.000173436943442, 4.72398060083e-005, 1.21612083603e-005, 4.33594186688e-006, 1.45746855651e-006, 3.78332991602e-008, 3.37657651839e-010]
        median: [3.65208393305e-007, 3.63114122592e-005, 0.000111070796265, 0.000135500231409, 0.000309936440317, 0.000178079382749, 0.000100684192148, 5.48558746232e-005, 8.31526995171e-005, 5.42868037883e-005, 3.41657141689e-005, 3.49826950696e-005, 2.41905909206e-005, 2.54502374446e-005, 6.55700278003e-005, 0.000199394053197, 0.000412567285821, 0.000356687407475, 0.000512920087203, 0.000290789204882, 0.00015768528101, 3.12560514431e-005, 8.54481368151e-006, 2.91258902507e-006, 8.61322234869e-007, 1.85866610991e-008, 1.63534658038e-010]
        min: [7.07391098019e-025, 2.46314974287e-024, 3.56488333551e-024, 2.0681071342e-024, 1.86982548628e-023, 1.64408820508e-023, 6.23479095784e-024, 1.68316758547e-023, 2.01564169144e-023, 3.5842245483e-023, 2.997075061e-023, 4.39756254523e-023, 4.98248113389e-023, 4.51713713461e-023, 3.82801412245e-023, 6.52038787227e-023, 1.04504802803e-022, 1.38275023077e-022, 1.36461072135e-022, 2.34058968573e-022, 3.0789740953e-022, 3.92392540902e-022, 4.20656253311e-022, 6.37037820875e-022, 9.48408212629e-022, 1.42231747429e-021, 2.21405129733e-021]
        var: [4.87027627429e-013, 1.96331289004e-008, 1.06952406043e-007, 1.38534815619e-007, 1.44811235714e-006, 9.87016761655e-008, 6.986197576e-008, 3.99648065752e-008, 4.91441731754e-008, 2.06121981705e-008, 1.36086599767e-008, 1.19784955288e-008, 3.1544793444e-009, 1.63821622934e-009, 5.26268806311e-009, 3.49019906309e-008, 3.31532703512e-007, 3.19698671092e-007, 4.38810303649e-007, 7.20745632066e-008, 2.10246309251e-008, 5.98615068625e-009, 2.08052505779e-010, 3.42624956184e-011, 4.80586837687e-012, 7.36441191639e-015, 3.19582884021e-019]
    frequency_bands:
        dmean: [4.21489716018e-007, 8.56375700096e-005, 0.000187396319234, 0.000159820614499, 0.000501617556438, 0.000136490547447, 9.96011440293e-005, 7.16337890481e-005, 8.56070691952e-005, 5.27234151377e-005, 3.76697280444e-005, 3.83546503144e-005, 2.26294105232e-005, 2.15859072341e-005, 3.76322641387e-005, 0.000105200946564, 0.000247257790761, 0.000209362871828, 0.000262642715825, 0.000124169484479, 6.40783691779e-005, 3.16487130476e-005, 5.12412088938e-006, 1.92203788174e-006, 8.18092644295e-007, 1.96894021087e-008, 2.65658411935e-010, 5.67081138991e-011]
        dmean2: [6.83209179897e-007, 0.000153665547259, 0.000325730215991, 0.000257606443483, 0.000851522723678, 0.000219700625166, 0.000161174393725, 0.000117666793813, 0.000135447480716, 8.57445629663e-005, 6.13015436102e-005, 6.25463508186e-005, 3.77268988814e-005, 3.64605621144e-005, 6.29204077995e-005, 0.000174625369254, 0.000405139348004, 0.000345217849826, 0.000430723361205, 0.000206316413824, 0.000106369087007, 5.56980885449e-005, 8.56985207065e-006, 3.19670448334e-006, 1.39322435189e-006, 3.10477332732e-008, 4.61767929449e-010, 1.05396177896e-010]
        dvar: [3.13997417477e-013, 2.58020875776e-008, 9.11783715196e-008, 6.95849067256e-008, 1.33591606755e-006, 3.84705494128e-008, 2.96238571451e-008, 2.32173782422e-008, 1.91784010894e-008, 9.87422410503e-009, 6.94606905327e-009, 5.94279203625e-009, 1.88403315171e-009, 1.27072241618e-009, 2.89167578771e-009, 1.58439128484e-008, 1.1193795757e-007, 1.01221061755e-007, 1.19908506235e-007, 2.48967726435e-008, 7.72400721161e-009, 5.24710763727e-009, 8.37243052665e-011, 1.52912751905e-011, 2.66228488907e-012, 4.09925745285e-015, 2.05451540405e-019, 7.52716262847e-021]
        dvar2: [8.36299128906e-013, 7.07987410919e-008, 2.43968003133e-007, 1.59177730552e-007, 3.67781444766e-006, 1.00645323187e-007, 7.59801963568e-008, 6.01232841291e-008, 4.70154724042e-008, 2.65369024532e-008, 1.88404811752e-008, 1.58515103266e-008, 4.90610796433e-009, 3.43349060294e-009, 7.84028664214e-009, 4.28805471131e-008, 2.76853199921e-007, 2.53238141568e-007, 3.02594457935e-007, 6.55353886714e-008, 1.9711714927e-008, 1.34044197964e-008, 2.1188957533e-010, 3.63956573213e-011, 6.40801647855e-012, 9.1763526099e-015, 5.35040531028e-019, 2.40461953369e-020]
        max: [4.98816871186e-006, 0.00124518363737, 0.00366409588605, 0.00544206472114, 0.0113190058619, 0.00465683452785, 0.00417813938111, 0.00364264543168, 0.00328467902727, 0.00226740073413, 0.00256862887181, 0.00166355271358, 0.00134778243955, 0.000841381086502, 0.00241205142811, 0.00262772990391, 0.00750166131184, 0.0116993412375, 0.0105763347819, 0.00492082396522, 0.00242702988908, 0.00284882169217, 0.000251744699199, 0.000154890483827, 4.83329604322e-005, 2.57442820839e-006, 1.56894568448e-008, 1.46714684846e-009]
        mean: [5.94946698129e-007, 8.53716119309e-005, 0.000225419134949, 0.00025348472991, 0.000693556852639, 0.000280531210592, 0.000187339348486, 0.000117932271678, 0.000161109506735, 9.55842260737e-005, 6.51042282698e-005, 6.46236876491e-005, 3.78477852792e-005, 3.54901894752e-005, 7.89672267274e-005, 0.000228775490541, 0.000561289605685, 0.000500239082612, 0.000668142049108, 0.00032266517519, 0.000173436943442, 4.72398060083e-005, 1.21612083603e-005, 4.33594186688e-006, 1.45746855651e-006, 3.78332991602e-008, 3.37657651839e-010, 4.3636913527e-011]
        median: [3.65208393305e-007, 3.63114122592e-005, 0.000111070796265, 0.000135500231409, 0.000309936440317, 0.000178079382749, 0.000100684192148, 5.48558746232e-005, 8.31526995171e-005, 5.42868037883e-005, 3.41657141689e-005, 3.49826950696e-005, 2.41905909206e-005, 2.54502374446e-005, 6.55700278003e-005, 0.000199394053197, 0.000412567285821, 0.000356687407475, 0.000512920087203, 0.000290789204882, 0.00015768528101, 3.12560514431e-005, 8.54481368151e-006, 2.91258902507e-006, 8.61322234869e-007, 1.85866610991e-008, 1.63534658038e-010, 1.40303081653e-011]
        min: [7.07391098019e-025, 2.46314974287e-024, 3.56488333551e-024, 2.0681071342e-024, 1.86982548628e-023, 1.64408820508e-023, 6.23479095784e-024, 1.68316758547e-023, 2.01564169144e-023, 3.5842245483e-023, 2.997075061e-023, 4.39756254523e-023, 4.98248113389e-023, 4.51713713461e-023, 3.82801412245e-023, 6.52038787227e-023, 1.04504802803e-022, 1.38275023077e-022, 1.36461072135e-022, 2.34058968573e-022, 3.0789740953e-022, 3.92392540902e-022, 4.20656253311e-022, 6.37037820875e-022, 9.48408212629e-022, 1.42231747429e-021, 2.21405129733e-021, 6.33647309326e-022]
        var: [4.87027627429e-013, 1.96331289004e-008, 1.06952406043e-007, 1.38534815619e-007, 1.44811235714e-006, 9.87016761655e-008, 6.986197576e-008, 3.99648065752e-008, 4.91441731754e-008, 2.06121981705e-008, 1.36086599767e-008, 1.19784955288e-008, 3.1544793444e-009, 1.63821622934e-009, 5.26268806311e-009, 3.49019906309e-008, 3.31532703512e-007, 3.19698671092e-007, 4.38810303649e-007, 7.20745632066e-008, 2.10246309251e-008, 5.98615068625e-009, 2.08052505779e-010, 3.42624956184e-011, 4.80586837687e-012, 7.36441191639e-015, 3.19582884021e-019, 5.80666976742e-021]
    mfcc:
        mean: [-716.481445313, 97.5171432495, -47.4267692566, 61.1871604919, -10.9476575851, -14.6628131866, -8.35958099365, 1.09822666645, -2.03693127632, -9.89009475708, -11.1079216003, -4.64398241043, -5.45052528381]
        cov: [[8194.73535156, -399.910827637, -623.552307129, 1108.62976074, -349.725402832, 267.343322754, 60.5191726685, 208.259735107, -15.1414613724, 104.365188599, 90.5837783813, 132.389434814, 101.17780304], [-399.910827637, 928.584655762, 131.388305664, -38.6974449158, 43.1078872681, -111.782485962, -32.0528373718, -20.5620212555, 73.7424697876, -7.3725476265, 8.15732955933, 27.7260284424, 11.2505788803], [-623.552307129, 131.388305664, 725.426391602, -125.706954956, 255.598953247, 168.484436035, 41.4697799683, 66.3910903931, 3.89784359932, 77.6675262451, 31.1127128601, 45.6646499634, 25.6218338013], [1108.62976074, -38.6974449158, -125.706954956, 390.813568115, -21.4072322845, 45.9065628052, 14.3741540909, 26.629776001, 18.5366230011, 19.3505649567, 28.1795654297, 1.47190666199, -5.47846984863], [-349.725402832, 43.1078872681, 255.598953247, -21.4072322845, 216.132797241, 89.5898132324, 24.0697860718, 35.7950553894, -6.27834177017, 26.804643631, -6.50539112091, 12.7891273499, 1.74635493755], [267.343322754, -111.782485962, 168.484436035, 45.9065628052, 89.5898132324, 195.04574585, 63.3707923889, 39.7966575623, -22.4704837799, 30.2483444214, 13.7371864319, 24.5092506409, 20.9465713501], [60.5191726685, -32.0528373718, 41.4697799683, 14.3741540909, 24.0697860718, 63.3707923889, 85.1831436157, 35.0452957153, 4.98536157608, 10.6683702469, 8.09511566162, 10.4573488235, 12.7573566437], [208.259735107, -20.5620212555, 66.3910903931, 26.629776001, 35.7950553894, 39.7966575623, 35.0452957153, 100.06401825, 38.8632583618, 29.1191043854, 15.1001520157, 15.3217258453, 9.2712392807], [-15.1414613724, 73.7424697876, 3.89784359932, 18.5366230011, -6.27834177017, -22.4704837799, 4.98536157608, 38.8632583618, 89.1820220947, 31.0019569397, 23.5227565765, 10.2126626968, 2.90116524696], [104.365188599, -7.3725476265, 77.6675262451, 19.3505649567, 26.804643631, 30.2483444214, 10.6683702469, 29.1191043854, 31.0019569397, 71.2630767822, 34.1205406189, 19.9262809753, 12.7806339264], [90.5837783813, 8.15732955933, 31.1127128601, 28.1795654297, -6.50539112091, 13.7371864319, 8.09511566162, 15.1001520157, 23.5227565765, 34.1205406189, 68.2908325195, 28.5304298401, 10.9078702927], [132.389434814, 27.7260284424, 45.6646499634, 1.47190666199, 12.7891273499, 24.5092506409, 10.4573488235, 15.3217258453, 10.2126626968, 19.9262809753, 28.5304298401, 64.6567001343, 37.9726791382], [101.17780304, 11.2505788803, 25.6218338013, -5.47846984863, 1.74635493755, 20.9465713501, 12.7573566437, 9.2712392807, 2.90116524696, 12.7806339264, 10.9078702927, 37.9726791382, 66.0467834473]]
        icov: [[0.000301072810544, -4.71123858006e-005, 0.000131700551719, -0.000720387906767, 0.0006731619942, -0.00045277128811, 0.000361766142305, -0.000784716568887, 0.000616015575361, -0.0004767284845, 0.000419554300606, -0.000613490934484, -4.93461666338e-005], [-4.71123858006e-005, 0.0014940261608, -0.000604665721767, -0.000138174567837, -0.000503664545249, 0.0013487044489, -0.00029722310137, 0.00102328800131, -0.0016126971459, 0.00107286765706, 5.00195019413e-005, -0.000698693969753, -0.00020319459145], [0.000131700551719, -0.000604665721767, 0.00342268263921, 0.000964945706073, -0.00237719947472, -0.00220849155448, 0.00092851096997, -0.00110722240061, 0.000829212367535, -0.00196678517386, -0.000959074997809, -0.00010612890037, -4.3560492486e-005], [-0.000720387906767, -0.000138174567837, 0.000964945706073, 0.00505218468606, -0.00190306676086, -0.000795075728092, -0.000247844262049, 0.00108085689135, -0.00167666689958, 0.000461887684651, -0.0023774469737, 0.00203049043193, 0.00057997769909], [0.0006731619942, -0.000503664545249, -0.00237719947472, -0.00190306676086, 0.0106276581064, -0.00286128255539, 0.000984701444395, -0.00306616467424, 0.00221260078251, -0.00225094193593, 0.00429781107232, -0.00245651672594, 0.00172648893204], [-0.00045277128811, 0.0013487044489, -0.00220849155448, -0.000795075728092, -0.00286128255539, 0.0125448619947, -0.00656115403399, 0.00069868756691, 0.00255564809777, -0.000611440860666, -0.000479460548377, -0.000833834987134, -0.000914354110137], [0.000361766142305, -0.00029722310137, 0.00092851096997, -0.000247844262049, 0.000984701444395, -0.00656115403399, 0.0179803147912, -0.0054766763933, -5.2186416724e-005, 0.000991573091596, -0.000671121524647, 0.000550265540369, -0.00192885217257], [-0.000784716568887, 0.00102328800131, -0.00110722240061, 0.00108085689135, -0.00306616467424, 0.00069868756691, -0.0054766763933, 0.0184458661824, -0.00901138037443, 0.000132548084366, 0.000128885687445, -3.6568086216e-005, 0.000244938244577], [0.000616015575361, -0.0016126971459, 0.000829212367535, -0.00167666689958, 0.00221260078251, 0.00255564809777, -5.2186416724e-005, -0.00901138037443, 0.0209644734859, -0.00797468610108, -0.00156406848691, -0.000959445198532, 0.000708513485733], [-0.0004767284845, 0.00107286765706, -0.00196678517386, 0.000461887684651, -0.00225094193593, -0.000611440860666, 0.000991573091596, 0.000132548084366, -0.00797468610108, 0.0257683265954, -0.00927487388253, 0.00120214128401, -0.00240333029069], [0.000419554300606, 5.00195019413e-005, -0.000959074997809, -0.0023774469737, 0.00429781107232, -0.000479460548377, -0.000671121524647, 0.000128885687445, -0.00156406848691, -0.00927487388253, 0.025196140632, -0.0108868833631, 0.00363507145084], [-0.000613490934484, -0.000698693969753, -0.00010612890037, 0.00203049043193, -0.00245651672594, -0.000833834987134, 0.000550265540369, -3.6568086216e-005, -0.000959445198532, 0.00120214128401, -0.0108868833631, 0.0310026984662, -0.0147203663364], [-4.93461666338e-005, -0.00020319459145, -4.3560492486e-005, 0.00057997769909, 0.00172648893204, -0.000914354110137, -0.00192885217257, 0.000244938244577, 0.000708513485733, -0.00240333029069, 0.00363507145084, -0.0147203663364, 0.0241953860968]]
    sccoeffs:
        dmean: [0.0562662668526, 0.0451435409486, 0.0349332541227, 0.0279228370637, 0.019773343578, 0.0154920592904]
        dmean2: [0.0933021381497, 0.0742084309459, 0.0574551522732, 0.0464957989752, 0.0327068381011, 0.0246689468622]
        dvar: [0.0023615595419, 0.0013793639373, 0.00081843562657, 0.000503139279317, 0.000276765931631, 0.000188791877008]
        dvar2: [0.00636323634535, 0.0036055163946, 0.00212493538857, 0.00134637602605, 0.000695203489158, 0.000443940400146]
        max: [-0.249242797494, -0.453122735023, -0.472951263189, -0.524014115334, -0.524335026741, -0.589111685753]
        mean: [-0.642123222351, -0.745434939861, -0.781543254852, -0.795398414135, -0.779377043247, -0.736207962036]
        median: [-0.6500223279, -0.750489473343, -0.788248300552, -0.798838973045, -0.785777807236, -0.734866082668]
        min: [-0.974854230881, -0.978809833527, -0.970853805542, -0.978323578835, -0.965926170349, -0.962627828121]
        var: [0.00652718311176, 0.0044340104796, 0.00339574948885, 0.00174941134173, 0.00223067752086, 0.00218774285167]
    scvalleys:
        dmean: [0.391662895679, 0.360448032618, 0.300197809935, 0.245365530252, 0.194753736258, 0.251370877028]
        dmean2: [0.632167875767, 0.584790587425, 0.473330587149, 0.390054106712, 0.301182299852, 0.408101290464]
        dvar: [0.138445645571, 0.126162856817, 0.0847952589393, 0.0651191100478, 0.0538316033781, 0.108801059425]
        dvar2: [0.301210641861, 0.290134489536, 0.176156640053, 0.131438076496, 0.101013816893, 0.250050961971]
        max: [-5.17128324509, -4.62196493149, -5.09221887589, -5.54073429108, -5.66517400742, -7.56620645523]
        mean: [-7.13044786453, -6.77544307709, -7.23220157623, -7.50392389297, -7.03987550735, -10.0234575272]
        median: [-6.63458108902, -6.50086975098, -6.93486404419, -7.10719013214, -6.52555847168, -9.41174316406]
        min: [-27.8332881927, -28.0993919373, -27.6876449585, -27.5398254395, -27.3770751953, -27.4327278137]
        var: [2.33962488174, 1.65937709808, 1.65364921093, 1.77016973495, 2.33445000648, 2.75195789337]

rhythm:
    beats_loudness:
        dmean: 0.00120838661678
        dmean2: 0.00205236184411
        dvar: 1.63183312907e-006
        dvar2: 4.84830752612e-006
        max: 0.0182610824704
        mean: 0.00517915422097
        median: 0.00540183996782
        min: 2.21568839665e-011
        var: 6.6857355705e-006
    bpm: 144.310516357
    bpm_confidence: 0
    first_peak_bpm: 144
    first_peak_spread: 0.410112351179
    first_peak_weight: 0.311881184578
    onset_rate: 3.1769516468
    second_peak_bpm: 152
    second_peak_spread: 0
    second_peak_weight: 0.0732673257589
    beats_loudness_band_ratio:
        dmean: [0.0964427292347, 0.104613058269, 0.0673483833671, 0.0366025157273, 0.093542277813, 0.0677963197231]
        dmean2: [0.169618800282, 0.183575838804, 0.116950467229, 0.064660795033, 0.163625285029, 0.116389401257]
        dvar: [0.0105821099132, 0.00886087864637, 0.00523177115247, 0.00201771990396, 0.00734069989994, 0.00458892667666]
        dvar2: [0.0304565764964, 0.0263398792595, 0.0145534714684, 0.00581688992679, 0.0215715225786, 0.0132672488689]
        max: [0.993937194347, 0.729804515839, 0.766743600368, 0.385570377111, 0.788345754147, 0.717228889465]
        mean: [0.166676104069, 0.184828013182, 0.1241017133, 0.0672274306417, 0.2980645895, 0.206483736634]
        median: [0.123467221856, 0.161014378071, 0.0960319936275, 0.0519881211221, 0.293472021818, 0.207953438163]
        min: [0, 0, 0, 0, 0, 0]
        var: [0.0265592038631, 0.0161441359669, 0.00980719830841, 0.00317980046384, 0.0200394317508, 0.0105087626725]
