
metadata:
    version:
        essentia: "2.1-beta2"
    audio_properties:
        analysis_sample_rate: 44100
        bitrate: 128
        channels: 2
        equal_loudness: 1
        length: 217.286529541
        replay_gain: -14.642250061
        downmix: "mix"
    tags:
        album: "World We View"
        artist: "Nine Lashes"
        comment: ""
        date: "2012"
        genre: "Religious"
        title: "Memo"
        tracknumber: "1"

configuration:
    average_loudness:
        compute: 1
        frameSize: 88200
        hopSize: 44100
        silentFrames: "noise"
        windowType: "hann"
    general:
        analysisSampleRate: 44100
        endTime: 2000
        equalLoudness: 1
        nequalLoudness: 0
        shortSound: 0
        startTime: 0
    lowlevel:
        compute: 1
        frameSize: 2048
        hopSize: 1024
        zeroPadding: 0
        silentFrames: "noise"
        windowType: "blackmanharris62"
        mfccStats: ["mean", "cov", "icov"]
        stats: ["mean", "var", "median", "min", "max", "dmean", "dmean2", "dvar", "dvar2"]
    panning:
        compute: 0
        frameSize: 8192
        hopSize: 2048
        zeroPadding: 8192
        silentFrames: "noise"
        windowType: "hann"
        stats: ["copy"]
    rhythm:
        compute: 1
        maxTempo: 208
        minTempo: 40
        method: "degara"
        stats: ["mean", "var", "median", "min", "max", "dmean", "dmean2", "dvar", "dvar2"]
    segmentation:
        compute: 0
        cpw: 5
        inc1: 300
        inc2: 50
        minimumSegmentsLength: 10
        size1: 1000
        size2: 600
    sfx:
        compute: 1
        stats: ["mean", "var", "median", "min", "max", "dmean", "dmean2", "dvar", "dvar2"]
    svm:
        compute: 0
    tonal:
        compute: 1
        frameSize: 4096
        hopSize: 2048
        zeroPadding: 0
        silentFrames: "noise"
        windowType: "blackmanharris62"
        stats: ["mean", "var", "median", "min", "max", "dmean", "dmean2", "dvar", "dvar2"]

lowlevel:
    average_loudness: 0.939320981503
    barkbands_kurtosis:
        dmean: 0.91566157341
        dmean2: 1.49082779884
        dvar: 10.2046890259
        dvar2: 27.9821586609
        max: 173.181930542
        mean: 0.872985064983
        median: -0.729888021946
        min: -1.85348653793
        var: 98.729309082
    barkbands_skewness:
        dmean: 0.320578485727
        dmean2: 0.502896308899
        dvar: 0.12008073926
        dvar2: 0.279475599527
        max: 10.0691785812
        mean: 0.293663829565
        median: 0.125378370285
        min: -4.02528238297
        var: 1.10444951057
    barkbands_spread:
        dmean: 4.41619157791
        dmean2: 6.84033107758
        dvar: 23.2812309265
        dvar2: 55.7656135559
        max: 70.9739074707
        mean: 27.0315628052
        median: 26.7745780945
        min: 0.398409247398
        var: 114.665107727
    dissonance:
        dmean: 0.0176442936063
        dmean2: 0.0297131985426
        dvar: 0.000314674718538
        dvar2: 0.00086984311929
        max: 0.500000059605
        mean: 0.462983608246
        median: 0.471357613802
        min: 0.262460440397
        var: 0.000911524461117
    hfc:
        dmean: 1.84126567841
        dmean2: 2.96096968651
        dvar: 8.44189167023
        dvar2: 21.1259326935
        max: 52.342300415
        mean: 8.27449131012
        median: 7.92770290375
        min: 1.20625459093e-016
        var: 35.2576332092
    pitch:
        dmean: 319.533477783
        dmean2: 608.707397461
        dvar: 635841.8125
        dvar2: 1724984.625
        max: 5377.14453125
        mean: 481.002258301
        median: 276.668823242
        min: 43.0599479675
        var: 588609.8125
    pitch_instantaneous_confidence:
        dmean: 0.076287701726
        dmean2: 0.118960879743
        dvar: 0.00513222627342
        dvar2: 0.0118128405884
        max: 0.914346635342
        mean: 0.460321545601
        median: 0.447232246399
        min: 0.105182468891
        var: 0.0299088992178
    pitch_salience:
        dmean: 0.0524650476873
        dmean2: 0.0845914036036
        dvar: 0.00233080936596
        dvar2: 0.00583012308925
        max: 0.885323166847
        mean: 0.582373976707
        median: 0.599818587303
        min: 0.0869844704866
        var: 0.0133083611727
    silence_rate_20dB:
        dmean: 0
        dmean2: 0
        dvar: 0
        dvar2: 0
        max: 1
        mean: 1
        median: 1
        min: 1
        var: 0
    silence_rate_30dB:
        dmean: 0
        dmean2: 0
        dvar: 0
        dvar2: 0
        max: 1
        mean: 1
        median: 1
        min: 1
        var: 0
    silence_rate_60dB:
        dmean: 0.0519341751933
        dmean2: 0.103879451752
        dvar: 0.049229927361
        dvar2: 0.109343484044
        max: 1
        mean: 0.255048602819
        median: 0
        min: 0
        var: 0.190005838871
    spectral_centroid:
        dmean: 186.546310425
        dmean2: 288.99041748
        dvar: 60794.0703125
        dvar2: 117349.203125
        max: 11821.9414063
        mean: 1450.40136719
        median: 1484.31848145
        min: 90.446975708
        var: 359264.78125
    spectral_complexity:
        dmean: 3.13827729225
        dmean2: 5.07106971741
        dvar: 13.189956665
        dvar2: 30.8472366333
        max: 54
        mean: 15.906293869
        median: 15
        min: 0
        var: 82.4238052368
    spectral_crest:
        dmean: 1.93186354637
        dmean2: 3.09474635124
        dvar: 3.27512550354
        dvar2: 7.9639172554
        max: 24.2411613464
        mean: 8.06520748138
        median: 7.1023106575
        min: 2.2680606842
        var: 15.1446800232
    spectral_decrease:
        dmean: 2.41120096112e-010
        dmean2: 3.9811556829e-010
        dvar: 1.35109057541e-019
        dvar2: 3.61930085288e-019
        max: 3.82006790114e-029
        mean: -1.1623637608e-009
        median: -1.14759868275e-009
        min: -4.669415965e-009
        var: 3.55220771641e-019
    spectral_energy:
        dmean: 0.00104690610897
        dmean2: 0.00172066618688
        dvar: 2.58666227637e-006
        dvar2: 6.90131173542e-006
        max: 0.0208960026503
        mean: 0.0051375287585
        median: 0.0050743338652
        min: 1.07969033845e-020
        var: 7.43531245462e-006
    spectral_energyband_high:
        dmean: 0.000132750952616
        dmean2: 0.000213011007872
        dvar: 7.55778017947e-008
        dvar2: 1.76798792495e-007
        max: 0.00719809951261
        mean: 0.000357566488674
        median: 0.000256417464698
        min: 7.98444083423e-021
        var: 1.82449682029e-007
    spectral_energyband_low:
        dmean: 0.000261428183876
        dmean2: 0.000467067322461
        dvar: 3.80634929797e-007
        dvar2: 1.09960546979e-006
        max: 0.00611734343693
        mean: 0.000453318323707
        median: 0.000364987237845
        min: 7.57765081188e-023
        var: 2.88202329557e-007
    spectral_energyband_middle_high:
        dmean: 0.000625417917036
        dmean2: 0.000992891844362
        dvar: 5.55964845717e-007
        dvar2: 1.41284931487e-006
        max: 0.010879532434
        mean: 0.00269949249923
        median: 0.00247814948671
        min: 1.35216635853e-021
        var: 3.83184487873e-006
    spectral_energyband_middle_low:
        dmean: 0.000553375284653
        dmean2: 0.000902620784473
        dvar: 8.62886508912e-007
        dvar2: 2.29551983466e-006
        max: 0.0117943026125
        mean: 0.00174232001882
        median: 0.00154575146735
        min: 3.12161120682e-022
        var: 1.34635013183e-006
    spectral_flatness_db:
        dmean: 0.0144453328103
        dmean2: 0.0217560920864
        dvar: 0.000213479652302
        dvar2: 0.000460280803964
        max: 0.537425220013
        mean: 0.160613000393
        median: 0.144010096788
        min: 0.0691852420568
        var: 0.00359953800216
    spectral_flux:
        dmean: 0.00771168898791
        dmean2: 0.0117072304711
        dvar: 8.3840895968e-005
        dvar2: 0.000165401070262
        max: 0.120022967458
        mean: 0.0377004481852
        median: 0.0372985750437
        min: 1.03908145976e-010
        var: 0.000321901083225
    spectral_kurtosis:
        dmean: 1.66950368881
        dmean2: 2.75940346718
        dvar: 10.440574646
        dvar2: 29.536863327
        max: 79.1764450073
        mean: 5.05777359009
        median: 3.07633113861
        min: -1.24436271191
        var: 52.5199127197
    spectral_rms:
        dmean: 0.000215181178646
        dmean2: 0.000347643508576
        dvar: 7.80471722805e-008
        dvar2: 2.00606152134e-007
        max: 0.00451512401924
        mean: 0.00214274018072
        median: 0.00222498760559
        min: 3.24554532555e-012
        var: 4.20896441256e-007
    spectral_rolloff:
        dmean: 330.882568359
        dmean2: 528.71282959
        dvar: 196994.109375
        dvar2: 374968.34375
        max: 18884.6191406
        mean: 2682.27832031
        median: 2799.31640625
        min: 86.1328125
        var: 1176199
    spectral_skewness:
        dmean: 0.19950170815
        dmean2: 0.319377452135
        dvar: 0.0657550096512
        dvar2: 0.172170132399
        max: 7.73495292664
        mean: 1.60686826706
        median: 1.40379834175
        min: -0.0961178615689
        var: 0.529997348785
    spectral_spread:
        dmean: 480976.78125
        dmean2: 648122.75
        dvar: 488457469952
        dvar2: 678775029760
        max: 42540892
        mean: 4713461.5
        median: 4656080.5
        min: 966633
        var: 2.70452313293e+012
    spectral_strongpeak:
        dmean: 0.420184642076
        dmean2: 0.701531708241
        dvar: 0.348062545061
        dvar2: 0.890299677849
        max: 7.12473297119
        mean: 0.990218520164
        median: 0.620544850826
        min: 1.80738357614e-009
        var: 1.04853367805
    zerocrossingrate:
        dmean: 0.00705998949707
        dmean2: 0.00817658472806
        dvar: 7.51014667912e-005
        dvar2: 7.69335601944e-005
        max: 0.5
        mean: 0.083286985755
        median: 0.0859375
        min: 0.00341796875
        var: 0.000949448265601
    barkbands:
        dmean: [1.12702956301e-007, 9.04495755094e-005, 0.000157272661454, 0.000118453994219, 0.000224872259423, 0.000162830736372, 9.67161176959e-005, 0.000138947594678, 0.000153182205395, 8.36095423438e-005, 0.000137915470987, 9.39138262765e-005, 0.000104503742477, 9.92438726826e-005, 0.000133262583404, 0.000173829481355, 0.000147283237311, 0.000140570453368, 0.00015167586389, 9.39572637435e-005, 7.62930503697e-005, 3.48597568518e-005, 7.08231664248e-006, 3.06875494971e-006, 1.93403798221e-006, 7.15709305155e-008, 3.15132142603e-010]
        dmean2: [1.82481045385e-007, 0.000155663772603, 0.000283324596239, 0.00020570862398, 0.000368132605217, 0.000268970063189, 0.000163556323969, 0.000226404998102, 0.000229804267292, 0.000130427477416, 0.000201552495128, 0.000144181438372, 0.00016359797155, 0.000159107075888, 0.000214458676055, 0.000283946807031, 0.000246561918175, 0.000232857768424, 0.000255091115832, 0.000158275637659, 0.000125775492052, 5.5269258155e-005, 1.09481670734e-005, 4.60920182377e-006, 2.73888849733e-006, 1.01386163465e-007, 5.43520228824e-010]
        dvar: [7.17276986504e-014, 4.1497102643e-008, 1.28008778688e-007, 4.78837769435e-008, 2.1654483362e-007, 8.24127894816e-008, 5.41568994095e-008, 7.56565441407e-008, 7.07102998376e-008, 4.19072563318e-008, 8.63747757762e-008, 3.96750863274e-008, 5.14984641597e-008, 4.08489455594e-008, 7.74638664325e-008, 9.68834328319e-008, 5.56262413909e-008, 4.3566718233e-008, 4.65145220119e-008, 3.09445020719e-008, 1.75951129222e-008, 8.62332782958e-009, 2.40634900894e-010, 4.7571595968e-011, 3.27503198172e-011, 4.71407716465e-014, 3.01577617778e-019]
        dvar2: [1.69130497368e-013, 1.18829511564e-007, 3.76592197426e-007, 1.36718000476e-007, 5.78691583542e-007, 2.1150169971e-007, 1.47892976088e-007, 1.93349194433e-007, 1.53249999357e-007, 9.44492981603e-008, 1.72265444576e-007, 8.33098923181e-008, 1.22479178799e-007, 9.83814629762e-008, 1.85568524103e-007, 2.50270375091e-007, 1.45748288105e-007, 1.144541244e-007, 1.25195001033e-007, 8.21443748578e-008, 4.42585026406e-008, 1.92912779085e-008, 5.17543008449e-010, 9.09771286084e-011, 5.64822667803e-011, 8.90046635569e-014, 7.71667384271e-019]
        max: [3.56969349014e-006, 0.00181414803956, 0.0036241337657, 0.00256758322939, 0.00501292105764, 0.00404730672017, 0.00312090362422, 0.00467412406579, 0.00594555446878, 0.00603257864714, 0.00598371587694, 0.00578581774607, 0.00502994609997, 0.00401651067659, 0.00525559019297, 0.00718771992251, 0.00448737246916, 0.00470570893958, 0.00303298747167, 0.00608973391354, 0.0030252027791, 0.00449163140729, 0.000377442571335, 0.000165162215126, 0.000156406735186, 6.44021974949e-006, 1.43994398627e-008]
        mean: [1.30297152623e-007, 0.000157782284077, 0.000205392891075, 0.000172417596332, 0.000413764733821, 0.000297788908938, 0.000148513427121, 0.000259907188592, 0.000412348919781, 0.000166703786817, 0.000330665061483, 0.000173173539224, 0.000183414333151, 0.000161447635037, 0.00023967467132, 0.000382024183637, 0.000311863521347, 0.000284178531729, 0.000358591380063, 0.000200436086743, 0.000174258704646, 7.61113406043e-005, 1.53836408572e-005, 7.37673326512e-006, 4.06436993217e-006, 1.28290409407e-007, 3.22949195164e-010]
        median: [3.16377892773e-008, 0.000116630639241, 0.000132231725729, 9.82315541478e-005, 0.000210258149309, 0.000155189278303, 7.53198473831e-005, 0.00012504629558, 0.00015542464098, 5.67043243791e-005, 7.70507322159e-005, 8.0286510638e-005, 7.81680137152e-005, 8.78285572981e-005, 0.000124969432363, 0.000198166875634, 0.000200970112928, 0.000212555270991, 0.000253384321695, 0.000148402090417, 0.000117629693705, 4.49123726867e-005, 8.16647843749e-006, 3.41813279192e-006, 1.25798010231e-006, 3.25167412996e-008, 1.23361945659e-010]
        min: [9.12340987171e-024, 2.22725694248e-023, 4.15927259377e-023, 1.48090144056e-023, 9.44500006377e-023, 6.14140331618e-023, 2.54504009182e-023, 6.81705952606e-023, 3.70125017032e-023, 3.15096383758e-023, 7.0372590037e-023, 8.69089195242e-023, 8.91259594558e-023, 1.49552136816e-022, 6.54766668237e-023, 1.79958534283e-022, 2.44516436898e-022, 1.47309739739e-022, 1.93760066027e-022, 2.37645748715e-022, 5.39196854304e-022, 5.98346023631e-022, 6.4293390612e-022, 9.77118508662e-022, 1.16274199826e-021, 1.65728250957e-021, 2.45013300624e-021]
        var: [7.99374265783e-014, 3.82816232047e-008, 9.05573216414e-008, 5.68019267178e-008, 3.26168105858e-007, 1.49137846961e-007, 6.0575437999e-008, 1.92458415427e-007, 4.42511463916e-007, 1.50746799932e-007, 4.68799157716e-007, 1.18161700868e-007, 1.20997100339e-007, 6.69285000754e-008, 1.58934028605e-007, 4.11633322983e-007, 1.55923117973e-007, 8.80336870068e-008, 1.36919936722e-007, 5.31178017127e-008, 4.16396694902e-008, 1.76915051497e-008, 5.85923531915e-010, 1.70506345154e-010, 1.11598931485e-010, 1.41425377811e-013, 3.95304780902e-019]
    frequency_bands:
        dmean: [1.12702956301e-007, 9.04495755094e-005, 0.000157272661454, 0.000118453994219, 0.000224872259423, 0.000162830736372, 9.67161176959e-005, 0.000138947594678, 0.000153182205395, 8.36095423438e-005, 0.000137915470987, 9.39138262765e-005, 0.000104503742477, 9.92438726826e-005, 0.000133262583404, 0.000173829481355, 0.000147283237311, 0.000140570453368, 0.00015167586389, 9.39572637435e-005, 7.62930503697e-005, 3.48597568518e-005, 7.08231664248e-006, 3.06875494971e-006, 1.93403798221e-006, 7.15709305155e-008, 3.15132142603e-010, 6.25955329236e-011]
        dmean2: [1.82481045385e-007, 0.000155663772603, 0.000283324596239, 0.00020570862398, 0.000368132605217, 0.000268970063189, 0.000163556323969, 0.000226404998102, 0.000229804267292, 0.000130427477416, 0.000201552495128, 0.000144181438372, 0.00016359797155, 0.000159107075888, 0.000214458676055, 0.000283946807031, 0.000246561918175, 0.000232857768424, 0.000255091115832, 0.000158275637659, 0.000125775492052, 5.5269258155e-005, 1.09481670734e-005, 4.60920182377e-006, 2.73888849733e-006, 1.01386163465e-007, 5.43520228824e-010, 1.1651216103e-010]
        dvar: [7.17276986504e-014, 4.1497102643e-008, 1.28008778688e-007, 4.78837769435e-008, 2.1654483362e-007, 8.24127894816e-008, 5.41568994095e-008, 7.56565441407e-008, 7.07102998376e-008, 4.19072563318e-008, 8.63747757762e-008, 3.96750863274e-008, 5.14984641597e-008, 4.08489455594e-008, 7.74638664325e-008, 9.68834328319e-008, 5.56262413909e-008, 4.3566718233e-008, 4.65145220119e-008, 3.09445020719e-008, 1.75951129222e-008, 8.62332782958e-009, 2.40634900894e-010, 4.7571595968e-011, 3.27503198172e-011, 4.71407716465e-014, 3.01577617778e-019, 7.93972138237e-021]
        dvar2: [1.69130497368e-013, 1.18829511564e-007, 3.76592197426e-007, 1.36718000476e-007, 5.78691583542e-007, 2.1150169971e-007, 1.47892976088e-007, 1.93349194433e-007, 1.53249999357e-007, 9.44492981603e-008, 1.72265444576e-007, 8.33098923181e-008, 1.22479178799e-007, 9.83814629762e-008, 1.85568524103e-007, 2.50270375091e-007, 1.45748288105e-007, 1.144541244e-007, 1.25195001033e-007, 8.21443748578e-008, 4.42585026406e-008, 1.92912779085e-008, 5.17543008449e-010, 9.09771286084e-011, 5.64822667803e-011, 8.90046635569e-014, 7.71667384271e-019, 2.55579454545e-020]
        max: [3.56969349014e-006, 0.00181414803956, 0.0036241337657, 0.00256758322939, 0.00501292105764, 0.00404730672017, 0.00312090362422, 0.00467412406579, 0.00594555446878, 0.00603257864714, 0.00598371587694, 0.00578581774607, 0.00502994609997, 0.00401651067659, 0.00525559019297, 0.00718771992251, 0.00448737246916, 0.00470570893958, 0.00303298747167, 0.00608973391354, 0.0030252027791, 0.00449163140729, 0.000377442571335, 0.000165162215126, 0.000156406735186, 6.44021974949e-006, 1.43994398627e-008, 9.90053372618e-010]
        mean: [1.30297152623e-007, 0.000157782284077, 0.000205392891075, 0.000172417596332, 0.000413764733821, 0.000297788908938, 0.000148513427121, 0.000259907188592, 0.000412348919781, 0.000166703786817, 0.000330665061483, 0.000173173539224, 0.000183414333151, 0.000161447635037, 0.00023967467132, 0.000382024183637, 0.000311863521347, 0.000284178531729, 0.000358591380063, 0.000200436086743, 0.000174258704646, 7.61113406043e-005, 1.53836408572e-005, 7.37673326512e-006, 4.06436993217e-006, 1.28290409407e-007, 3.22949195164e-010, 4.86397519484e-011]
        median: [3.16377892773e-008, 0.000116630639241, 0.000132231725729, 9.82315541478e-005, 0.000210258149309, 0.000155189278303, 7.53198473831e-005, 0.00012504629558, 0.00015542464098, 5.67043243791e-005, 7.70507322159e-005, 8.0286510638e-005, 7.81680137152e-005, 8.78285572981e-005, 0.000124969432363, 0.000198166875634, 0.000200970112928, 0.000212555270991, 0.000253384321695, 0.000148402090417, 0.000117629693705, 4.49123726867e-005, 8.16647843749e-006, 3.41813279192e-006, 1.25798010231e-006, 3.25167412996e-008, 1.23361945659e-010, 1.78610962825e-011]
        min: [9.12340987171e-024, 2.22725694248e-023, 4.15927259377e-023, 1.48090144056e-023, 9.44500006377e-023, 6.14140331618e-023, 2.54504009182e-023, 6.81705952606e-023, 3.70125017032e-023, 3.15096383758e-023, 7.0372590037e-023, 8.69089195242e-023, 8.91259594558e-023, 1.49552136816e-022, 6.54766668237e-023, 1.79958534283e-022, 2.44516436898e-022, 1.47309739739e-022, 1.93760066027e-022, 2.37645748715e-022, 5.39196854304e-022, 5.98346023631e-022, 6.4293390612e-022, 9.77118508662e-022, 1.16274199826e-021, 1.65728250957e-021, 2.45013300624e-021, 8.98718305971e-022]
        var: [7.99374265783e-014, 3.82816232047e-008, 9.05573216414e-008, 5.68019267178e-008, 3.26168105858e-007, 1.49137846961e-007, 6.0575437999e-008, 1.92458415427e-007, 4.42511463916e-007, 1.50746799932e-007, 4.68799157716e-007, 1.18161700868e-007, 1.20997100339e-007, 6.69285000754e-008, 1.58934028605e-007, 4.11633322983e-007, 1.55923117973e-007, 8.80336870068e-008, 1.36919936722e-007, 5.31178017127e-008, 4.16396694902e-008, 1.76915051497e-008, 5.85923531915e-010, 1.70506345154e-010, 1.11598931485e-010, 1.41425377811e-013, 3.95304780902e-019, 6.44435614556e-021]
    mfcc:
        mean: [-704.751464844, 108.453643799, -46.0315170288, 38.9522781372, -9.70816040039, -0.724657773972, -8.06353759766, -2.03111124039, 0.628521502018, -5.19826936722, -2.43990731239, -4.59539747238, -4.45946502686]
        cov: [[6466.18994141, -962.74420166, -701.933532715, 274.019592285, -530.926574707, 158.849655151, 151.058807373, 217.323852539, 137.160949707, 35.1556816101, -28.6591949463, -1.17249560356, 16.1452789307], [-962.74420166, 1177.41943359, -170.176925659, -8.04327011108, 92.4613037109, -46.3160743713, -12.6890878677, 7.79758310318, 13.9116954803, 19.3027973175, 18.1080684662, -3.20834040642, -14.5953912735], [-701.933532715, -170.176925659, 560.791442871, 92.1836090088, 171.649185181, 67.4443359375, 46.8223609924, -6.17128038406, 2.07223320007, 38.0333557129, 54.1541023254, 72.145866394, 70.2635879517], [274.019592285, -8.04327011108, 92.1836090088, 343.400848389, 129.385543823, 36.3336410522, 38.4754371643, 40.5338516235, 67.8941650391, 86.4668045044, 47.8878364563, 52.1953010559, 51.8537864685], [-530.926574707, 92.4613037109, 171.649185181, 129.385543823, 291.225280762, 3.903039217, -27.8122234344, -25.5683631897, 17.192035675, 53.542175293, 36.0221748352, 47.2917327881, 46.500038147], [158.849655151, -46.3160743713, 67.4443359375, 36.3336410522, 3.903039217, 158.118331909, 90.944152832, 58.6790771484, 39.4291191101, 32.1124801636, 31.2945213318, 26.5690803528, 17.9487304688], [151.058807373, -12.6890878677, 46.8223609924, 38.4754371643, -27.8122234344, 90.944152832, 245.459899902, 119.01235199, 58.780216217, 54.0535202026, 28.5999107361, 43.1126899719, 31.6772708893], [217.323852539, 7.79758310318, -6.17128038406, 40.5338516235, -25.5683631897, 58.6790771484, 119.01235199, 188.238372803, 101.631896973, 60.4738540649, 26.3854446411, 31.087688446, 24.1441135406], [137.160949707, 13.9116954803, 2.07223320007, 67.8941650391, 17.192035675, 39.4291191101, 58.780216217, 101.631896973, 147.247497559, 82.3201675415, 33.6224861145, 29.6377391815, 15.3746490479], [35.1556816101, 19.3027973175, 38.0333557129, 86.4668045044, 53.542175293, 32.1124801636, 54.0535202026, 60.4738540649, 82.3201675415, 138.817199707, 65.5830612183, 38.9864578247, 25.6869983673], [-28.6591949463, 18.1080684662, 54.1541023254, 47.8878364563, 36.0221748352, 31.2945213318, 28.5999107361, 26.3854446411, 33.6224861145, 65.5830612183, 94.8446121216, 52.5410575867, 28.5919895172], [-1.17249560356, -3.20834040642, 72.145866394, 52.1953010559, 47.2917327881, 26.5690803528, 43.1126899719, 31.087688446, 29.6377391815, 38.9864578247, 52.5410575867, 101.567855835, 61.2255096436], [16.1452789307, -14.5953912735, 70.2635879517, 51.8537864685, 46.500038147, 17.9487304688, 31.6772708893, 24.1441135406, 15.3746490479, 25.6869983673, 28.5919895172, 61.2255096436, 101.945396423]]
        icov: [[0.000315498182317, 0.000273222482065, 0.000480210379465, -0.000468604615889, 0.000458984693978, -0.00031214664341, 5.74613368372e-005, -9.48692249949e-005, -6.20816945229e-006, -4.79238678963e-006, 8.40623833938e-005, -0.000140567994094, -0.000190267208382], [0.000273222482065, 0.00122762471437, 0.000896432844456, -0.000239307089942, -0.000311723328196, -1.76618286787e-005, -0.000138299918035, -0.000209744423046, -9.64154332905e-006, 0.000133196415845, -0.000380128447432, -3.13395721605e-005, -3.23679159919e-005], [0.000480210379465, 0.000896432844456, 0.00344953266904, -0.000625090789981, -0.000945264822803, -0.00117251614574, -0.000429968087701, 0.000162881406141, 0.00035273670801, 0.000342654559063, -0.000612600764725, -0.000602425658144, -0.000880575564224], [-0.000468604615889, -0.000239307089942, -0.000625090789981, 0.00482283346355, -0.00218819896691, 0.000208487777854, -0.000239393280935, 0.000211136808502, -0.000837627623696, -0.0012533434201, -0.000106175539258, 7.93470317149e-005, -0.000572293181904], [0.000458984693978, -0.000311723328196, -0.000945264822803, -0.00218819896691, 0.00668242108077, -0.000414196081692, 0.00132425525226, 0.000948122004047, -0.000139430849231, -0.00171725288965, 0.00103352568112, -0.00127545045689, -0.00103408936411], [-0.00031214664341, -1.76618286787e-005, -0.00117251614574, 0.000208487777854, -0.000414196081692, 0.00917659979314, -0.00266310875304, -0.000624072505161, -0.000893086718861, 0.000948877888732, -0.00223841681145, 0.000618802907411, 0.000449329440016], [5.74613368372e-005, -0.000138299918035, -0.000429968087701, -0.000239393280935, 0.00132425525226, -0.00266310875304, 0.00730758626014, -0.00362389348447, 0.00126425316557, -0.00176794955041, 0.00141525000799, -0.00176552461926, -0.000240155262873], [-9.48692249949e-005, -0.000209744423046, 0.000162881406141, 0.000211136808502, 0.000948122004047, -0.000624072505161, -0.00362389348447, 0.011599322781, -0.00637063989416, -7.67541132518e-005, 0.000202843279112, 2.80329313682e-005, -0.0012719288934], [-6.20816945229e-006, -9.64154332905e-006, 0.00035273670801, -0.000837627623696, -0.000139430849231, -0.000893086718861, 0.00126425316557, -0.00637063989416, 0.0146536221728, -0.00626738276333, 0.00159030419309, -0.00167457642965, 0.00144823198207], [-4.79238678963e-006, 0.000133196415845, 0.000342654559063, -0.0012533434201, -0.00171725288965, 0.000948877888732, -0.00176794955041, -7.67541132518e-005, -0.00626738276333, 0.0164318270981, -0.0088651208207, 0.00203363224864, -0.000325176108163], [8.40623833938e-005, -0.000380128447432, -0.000612600764725, -0.000106175539258, 0.00103352568112, -0.00223841681145, 0.00141525000799, 0.000202843279112, 0.00159030419309, -0.0088651208207, 0.0209250468761, -0.00867653079331, 0.00117942702491], [-0.000140567994094, -3.13395721605e-005, -0.000602425658144, 7.93470317149e-005, -0.00127545045689, 0.000618802907411, -0.00176552461926, 2.80329313682e-005, -0.00167457642965, 0.00203363224864, -0.00867653079331, 0.0210679341108, -0.00907181110233], [-0.000190267208382, -3.23679159919e-005, -0.000880575564224, -0.000572293181904, -0.00103408936411, 0.000449329440016, -0.000240155262873, -0.0012719288934, 0.00144823198207, -0.000325176108163, 0.00117942702491, -0.00907181110233, 0.0164821147919]]
    sccoeffs:
        dmean: [0.0503437146544, 0.0445492230356, 0.0377582646906, 0.0317712686956, 0.0229947566986, 0.0187325272709]
        dmean2: [0.0846853554249, 0.073498390615, 0.0607713498175, 0.0513203851879, 0.0368751548231, 0.029560431838]
        dvar: [0.0018254724564, 0.00130062492099, 0.000940014317166, 0.000670820183586, 0.000367921194993, 0.000268795120064]
        dvar2: [0.00516450451687, 0.00353542296216, 0.00230415398255, 0.0016683175927, 0.000885240908246, 0.000640658079647]
        max: [-0.254082292318, -0.459170252085, -0.471457868814, -0.528624176979, -0.564286649227, -0.581894695759]
        mean: [-0.627085387707, -0.72019559145, -0.733823537827, -0.751839339733, -0.775693774223, -0.75174331665]
        median: [-0.647010505199, -0.726827740669, -0.742053806782, -0.755660295486, -0.781387507915, -0.747044086456]
        min: [-0.955331742764, -0.9620423913, -0.978431761265, -0.958454370499, -0.963108956814, -0.960479617119]
        var: [0.00852794013917, 0.00514736725017, 0.00642581284046, 0.00317564606667, 0.00191659806296, 0.00145291723311]
    scvalleys:
        dmean: [0.385084122419, 0.348765671253, 0.293964833021, 0.253898531199, 0.244452521205, 0.28590720892]
        dmean2: [0.636926412582, 0.579571723938, 0.476527422667, 0.401765495539, 0.359650731087, 0.377976357937]
        dvar: [0.134130731225, 0.123598001897, 0.0875631868839, 0.079920835793, 0.108489453793, 0.142772048712]
        dvar2: [0.308508872986, 0.271238565445, 0.176321223378, 0.142075181007, 0.18051686883, 0.224711060524]
        max: [-5.2861084938, -4.36671638489, -5.05555295944, -5.46815681458, -5.45636367798, -7.35237932205]
        mean: [-7.1769862175, -6.677754879, -7.1424279213, -7.20517683029, -7.41124534607, -9.75149345398]
        median: [-6.74802207947, -6.54469919205, -6.90021419525, -6.94740915298, -6.97732973099, -9.30249595642]
        min: [-27.1743526459, -27.3743171692, -26.7849502563, -27.1511726379, -27.2804279327, -27.2831172943]
        var: [1.55610382557, 0.919914066792, 1.2071223259, 1.24959123135, 1.64334630966, 2.31314754486]

rhythm:
    beats_loudness:
        dmean: 0.00249632378109
        dmean2: 0.00472484342754
        dvar: 3.31740966431e-006
        dvar2: 1.14165841296e-005
        max: 0.0167034603655
        mean: 0.0057797273621
        median: 0.00572628201917
        min: 3.03781916955e-007
        var: 7.15804753781e-006
    bpm: 115.980148315
    bpm_confidence: 0
    first_peak_bpm: 115
    first_peak_spread: 0.46437343955
    first_peak_weight: 0.521531105042
    onset_rate: 2.66008234024
    second_peak_bpm: 123
    second_peak_spread: 0
    second_peak_weight: 0.0215311013162
    beats_loudness_band_ratio:
        dmean: [0.086338095367, 0.139990612864, 0.110953189433, 0.120124302804, 0.115940250456, 0.07409311831]
        dmean2: [0.145794779062, 0.251613467932, 0.199743330479, 0.212799653411, 0.201818823814, 0.134991556406]
        dvar: [0.00830334052444, 0.0103257568553, 0.0146431196481, 0.0150946062058, 0.0103100929409, 0.00454378733411]
        dvar2: [0.0219132862985, 0.0331676714122, 0.0410145223141, 0.0448048599064, 0.0302973985672, 0.0126431575045]
        max: [0.991311728954, 0.705460548401, 0.808188617229, 0.749984025955, 0.740384578705, 0.721706449986]
        mean: [0.161016106606, 0.17186562717, 0.153958320618, 0.150777861476, 0.254203408957, 0.156341567636]
        median: [0.123775862157, 0.145479276776, 0.115494087338, 0.0932227671146, 0.240531399846, 0.159568339586]
        min: [0.00159626058303, 0.000729303515982, 0.0022402422037, 5.39766770089e-005, 0.000127151230117, 6.67784333928e-005]
        var: [0.0233718641102, 0.0165985450149, 0.0152965094894, 0.019343720749, 0.0169760063291, 0.00776778254658]
    beats_position: [0.557278871536, 1.1261677742, 1.69505667686, 2.22911548615, 2.76317453384, 3.28562355042, 3.80807256699, 4.31891155243, 4.841360569, 5.36380958557, 5.87464857101, 6.38548755646, 6.90793657303, 7.4303855896, 7.94122457504, 8.45206356049, 8.97451210022, 9.49696159363, 10.0194101334, 10.5302495956, 11.0526981354, 11.5635375977, 12.0859861374, 12.6084346771, 13.1192741394, 13.6301136017, 14.1525621414, 14.6750106812, 15.1858501434, 15.696688652, 16.2191371918, 16.7415866852, 17.2524261475, 17.7748756409, 18.2973232269, 18.8081626892, 19.3190021515, 19.8414516449, 20.363899231, 20.8747386932, 21.3855781555, 21.9080276489, 22.430475235, 22.9529247284, 23.4637641907, 23.9862117767, 24.497051239, 25.0078907013, 25.5303401947, 26.0411777496, 26.563627243, 27.0744667053, 27.5969161987, 28.1077537537, 28.6302032471, 29.1526527405, 29.6751022339, 30.1859397888, 30.6967792511, 31.2192287445, 31.7416782379, 32.2525177002, 32.7633552551, 33.2858047485, 33.8082542419, 34.3307037354, 34.8531494141, 35.3639907837, 35.8864402771, 36.4088897705, 36.9197273254, 37.4305648804, 37.94140625, 38.4638557434, 38.9863014221, 39.4971427917, 40.0079803467, 40.5304298401, 41.0528793335, 41.5637168884, 42.0745582581, 42.5970077515, 43.1194534302, 43.6302947998, 44.1411323547, 44.6635818481, 45.1860313416, 45.6968688965, 46.2193183899, 46.7417678833, 47.2526054382, 47.7750549316, 48.297504425, 48.80834198, 49.3191833496, 49.8300209045, 50.3524703979, 50.8633079529, 51.3857574463, 51.8965988159, 52.4074363708, 52.9298858643, 53.4523353577, 53.9863929749, 54.5204544067, 55.0312919617, 55.5421295166, 56.0529708862, 56.5638084412, 57.0746459961, 57.5854873657, 58.1079368591, 58.6303825378, 59.1528320313, 59.6752815247, 60.1861228943, 60.6969604492, 61.2194099426, 61.741859436, 62.252696991, 62.7751464844, 63.2975959778, 63.8084335327, 64.3308868408, 64.8533325195, 65.3641738892, 65.8750076294, 66.3974609375, 66.9199066162, 67.4307479858, 67.9415893555, 68.4640350342, 68.9864807129, 69.4973220825, 70.0081634521, 70.5306091309, 71.053062439, 71.5638961792, 72.0747375488, 72.5971832275, 73.1196365356, 73.6420822144, 74.1645355225, 74.6753692627, 75.1862106323, 75.7086639404, 76.2311096191, 76.7419509888, 77.252784729, 77.7636260986, 78.2860794067, 78.796913147, 79.3193664551, 79.8302001953, 80.3526535034, 80.8750991821, 81.3859405518, 81.9083862305, 82.4308395386, 82.9532852173, 83.4757385254, 83.9865722656, 84.4974136353, 85.019859314, 85.5423126221, 86.0531539917, 86.5639877319, 87.08644104, 87.6088867188, 88.1197280884, 88.6305618286, 89.1530151367, 89.6754608154, 90.1863021851, 90.6971435547, 91.2195892334, 91.730430603, 92.2528762817, 92.7637176514, 93.2861633301, 93.8086166382, 94.3194503784, 94.830291748, 95.3411331177, 95.8519744873, 96.374420166, 96.9084777832, 97.4309310913, 97.9417648315, 98.4642181396, 98.9866638184, 99.497505188, 100.008346558, 100.530792236, 101.053237915, 101.564079285, 102.086524963, 102.597366333, 103.119819641, 103.630653381, 104.141494751, 104.66394043, 105.186393738, 105.697235107, 106.219680786, 106.730522156, 107.252967834, 107.775421143, 108.297866821, 108.808708191, 109.319541931, 109.841995239, 110.364440918, 110.875282288, 111.386123657, 111.908569336, 112.431015015, 112.941856384, 113.452697754, 113.975143433, 114.497596741, 115.008430481, 115.530883789, 116.041717529, 116.564170837, 117.075012207, 117.585845947, 118.108299255, 118.630744934, 119.153198242, 119.675643921, 120.186485291, 120.697319031, 121.219772339, 121.742218018, 122.253059387, 122.763900757, 123.286346436, 123.808792114, 124.319633484, 124.830474854, 125.341316223, 125.852149963, 126.374603271, 126.89704895, 127.419502258, 127.941947937, 128.464401245, 128.986846924, 129.497680664, 130.008529663, 130.530975342, 131.053421021, 131.564254761, 132.086715698, 132.609161377, 133.119995117, 133.630844116, 134.141677856, 134.664123535, 135.186569214, 135.709014893, 136.23147583, 136.74230957, 137.264755249, 137.787200928, 138.298049927, 138.808883667, 139.331329346, 139.853790283, 140.364624023, 140.875457764, 141.386306763, 141.908752441, 142.43119812, 142.953643799, 143.476104736, 143.998550415, 144.520996094, 145.031829834, 145.542678833, 146.053512573, 146.575958252, 147.098403931, 147.60925293, 148.12008667, 148.63092041, 149.153381348, 149.675827026, 150.186660767, 150.709106445, 151.231567383, 151.742401123, 152.253234863, 152.775695801, 153.286529541, 153.80897522, 154.31980896, 154.842269897, 155.364715576, 155.875549316, 156.386398315, 156.897232056, 157.408065796, 157.930511475, 158.452972412, 158.963806152, 159.486251831, 160.00869751, 160.531158447, 161.053604126, 161.564437866, 162.086883545, 162.597732544, 163.120178223, 163.631011963, 164.141860962, 164.664306641, 165.186752319, 165.709197998, 166.231658936, 166.742492676, 167.253326416, 167.775772095, 168.298233032, 168.809066772, 169.319900513, 169.84236145, 170.364807129, 170.875640869, 171.398086548, 171.920547485, 172.431381226, 172.953826904, 173.476272583, 173.987121582, 174.497955322, 175.008789063, 175.53125, 176.053695679, 176.564529419, 177.075378418, 177.586212158, 178.097045898, 178.607894897, 179.130340576, 179.652786255, 180.175231934, 180.697677612, 181.22013855, 181.73097229, 182.24180603, 182.764266968, 183.286712646, 183.809158325, 184.319992065, 184.842453003, 185.364898682, 185.875732422, 186.386566162, 186.9090271, 187.431472778, 187.942306519, 188.464752197, 188.987213135, 189.498046875, 190.008880615, 190.531341553, 191.053787231, 191.564620972, 192.075454712, 192.597915649, 193.120361328, 193.631195068, 194.142044067, 194.664489746, 195.186935425, 195.697769165, 196.220230103, 196.731063843, 197.253509521, 197.7759552, 198.298416138, 198.809249878, 199.331695557, 199.842529297, 200.364990234, 200.875823975, 201.386657715, 201.909118652, 202.431564331, 202.942398071, 203.453231812, 203.964080811, 204.486526489, 204.997360229, 205.519821167, 206.030654907, 206.553100586, 207.075546265, 207.598007202, 208.120452881, 208.64289856, 209.165344238, 209.687789917, 210.210250854, 210.744308472, 211.255142212, 211.765975952, 212.276824951, 212.764434814, 213.252059937, 213.739685059, 214.227294922, 214.714920044, 215.202529907, 215.690155029, 216.177780151, 216.665390015]
