
metadata:
    version:
        essentia: "2.1-beta2"
    audio_properties:
        analysis_sample_rate: 44100
        bitrate: 128
        channels: 2
        equal_loudness: 1
        length: 169.351837158
        replay_gain: -15.0887489319
        downmix: "mix"
    tags:
        album: "World We View"
        artist: "Nine Lashes"
        comment: ""
        date: "2012"
        genre: "Religious"
        title: "Write It Down"
        tracknumber: "1"

configuration:
    average_loudness:
        compute: 1
        frameSize: 88200
        hopSize: 44100
        silentFrames: "noise"
        windowType: "hann"
    general:
        analysisSampleRate: 44100
        endTime: 2000
        equalLoudness: 1
        nequalLoudness: 0
        shortSound: 0
        startTime: 0
    lowlevel:
        compute: 1
        frameSize: 2048
        hopSize: 1024
        zeroPadding: 0
        silentFrames: "noise"
        windowType: "blackmanharris62"
        mfccStats: ["mean", "cov", "icov"]
        stats: ["mean", "var", "median", "min", "max", "dmean", "dmean2", "dvar", "dvar2"]
    panning:
        compute: 0
        frameSize: 8192
        hopSize: 2048
        zeroPadding: 8192
        silentFrames: "noise"
        windowType: "hann"
        stats: ["copy"]
    rhythm:
        compute: 1
        maxTempo: 208
        minTempo: 40
        method: "degara"
        stats: ["mean", "var", "median", "min", "max", "dmean", "dmean2", "dvar", "dvar2"]
    segmentation:
        compute: 0
        cpw: 5
        inc1: 300
        inc2: 50
        minimumSegmentsLength: 10
        size1: 1000
        size2: 600
    sfx:
        compute: 1
        stats: ["mean", "var", "median", "min", "max", "dmean", "dmean2", "dvar", "dvar2"]
    svm:
        compute: 0
    tonal:
        compute: 1
        frameSize: 4096
        hopSize: 2048
        zeroPadding: 0
        silentFrames: "noise"
        windowType: "blackmanharris62"
        stats: ["mean", "var", "median", "min", "max", "dmean", "dmean2", "dvar", "dvar2"]

lowlevel:
    average_loudness: 0.938491821289
    barkbands_kurtosis:
        dmean: 0.691833972931
        dmean2: 1.10101389885
        dvar: 1.85571336746
        dvar2: 3.72729992867
        max: 74.3807373047
        mean: -0.477099746466
        median: -1.04121601582
        min: -1.86117863655
        var: 4.42162227631
    barkbands_skewness:
        dmean: 0.382801443338
        dmean2: 0.602405369282
        dvar: 0.14043097198
        dvar2: 0.320675075054
        max: 7.42480278015
        mean: -0.0633778274059
        median: -0.132487103343
        min: -2.80969953537
        var: 0.685566008091
    barkbands_spread:
        dmean: 6.11426401138
        dmean2: 9.51292800903
        dvar: 36.1381225586
        dvar2: 83.7250442505
        max: 88.2154846191
        mean: 34.2832374573
        median: 34.7818489075
        min: 2.31770324707
        var: 147.314483643
    dissonance:
        dmean: 0.0126665299758
        dmean2: 0.0213425513357
        dvar: 0.000207914810744
        dvar2: 0.000573648372665
        max: 0.499999910593
        mean: 0.476818591356
        median: 0.48368704319
        min: 0.271290540695
        var: 0.000491970044095
    hfc:
        dmean: 2.70063972473
        dmean2: 4.55482196808
        dvar: 11.1782188416
        dvar2: 30.1774291992
        max: 41.7058296204
        mean: 10.1145076752
        median: 10.0670175552
        min: 1.09857235113e-016
        var: 33.8425331116
    pitch:
        dmean: 739.307983398
        dmean2: 1418.26147461
        dvar: 1583978.25
        dvar2: 3909712.5
        max: 5197.88183594
        mean: 1052.79174805
        median: 344.981628418
        min: 59.3015823364
        var: 1980310.125
    pitch_instantaneous_confidence:
        dmean: 0.0855727046728
        dmean2: 0.136902943254
        dvar: 0.00567704392597
        dvar2: 0.0134298829362
        max: 0.938649296761
        mean: 0.390177637339
        median: 0.359081625938
        min: 0.0989723205566
        var: 0.0229953415692
    pitch_salience:
        dmean: 0.0587612688541
        dmean2: 0.0975073575974
        dvar: 0.00274956040084
        dvar2: 0.00728020630777
        max: 0.970529198647
        mean: 0.640256464481
        median: 0.651310503483
        min: 0.134445250034
        var: 0.00812891498208
    silence_rate_20dB:
        dmean: 0
        dmean2: 0
        dvar: 0
        dvar2: 0
        max: 1
        mean: 1
        median: 1
        min: 1
        var: 0
    silence_rate_30dB:
        dmean: 0
        dmean2: 0
        dvar: 0
        dvar2: 0
        max: 1
        mean: 1
        median: 1
        min: 1
        var: 0
    silence_rate_60dB:
        dmean: 0.0438716746867
        dmean2: 0.087755382061
        dvar: 0.0419454500079
        dvar2: 0.0956811904907
        max: 1
        mean: 0.160657986999
        median: 0
        min: 0
        var: 0.134851008654
    spectral_centroid:
        dmean: 268.52041626
        dmean2: 422.805358887
        dvar: 89353.1640625
        dvar2: 183266.09375
        max: 11100.4033203
        mean: 1813.44909668
        median: 1838.48266602
        min: 219.850265503
        var: 401158.28125
    spectral_complexity:
        dmean: 4.3216342926
        dmean2: 7.16166210175
        dvar: 19.0554828644
        dvar2: 47.8020706177
        max: 49
        mean: 17.7045917511
        median: 19
        min: 0
        var: 80.3159561157
    spectral_crest:
        dmean: 1.8970785141
        dmean2: 3.13217687607
        dvar: 3.24765253067
        dvar2: 8.17006874084
        max: 24.6415882111
        mean: 6.77182531357
        median: 5.96790790558
        min: 2.37028169632
        var: 9.33785247803
    spectral_decrease:
        dmean: 3.22736448677e-010
        dmean2: 5.53821211113e-010
        dvar: 1.80563226737e-019
        dvar2: 4.92881926941e-019
        max: -5.77660839551e-029
        mean: -1.1983389836e-009
        median: -1.17723208959e-009
        min: -4.40000080815e-009
        var: 3.51177848849e-019
    spectral_energy:
        dmean: 0.00141699844971
        dmean2: 0.00243222620338
        dvar: 3.44590466739e-006
        dvar2: 9.42804854276e-006
        max: 0.0200361777097
        mean: 0.00544022582471
        median: 0.00539302639663
        min: 1.01823938155e-020
        var: 7.2407051448e-006
    spectral_energyband_high:
        dmean: 0.000237893720623
        dmean2: 0.000402713980293
        dvar: 9.99601184049e-008
        dvar2: 2.62743526491e-007
        max: 0.00495803775266
        mean: 0.000622588675469
        median: 0.000563423789572
        min: 7.27114457433e-021
        var: 2.22937472927e-007
    spectral_energyband_low:
        dmean: 0.000490531616379
        dmean2: 0.000859969062731
        dvar: 7.22301308542e-007
        dvar2: 1.99362716558e-006
        max: 0.00573169440031
        mean: 0.000635924690869
        median: 0.000444795936346
        min: 4.16306701472e-023
        var: 5.62944308058e-007
    spectral_energyband_middle_high:
        dmean: 0.00073560338933
        dmean2: 0.00120321882423
        dvar: 6.64129970573e-007
        dvar2: 1.67278290064e-006
        max: 0.01089447923
        mean: 0.00272295647301
        median: 0.00244798790663
        min: 1.51734691535e-021
        var: 3.17853937304e-006
    spectral_energyband_middle_low:
        dmean: 0.000683398975525
        dmean2: 0.00114774017129
        dvar: 1.10772168682e-006
        dvar2: 2.94835012937e-006
        max: 0.0103762364015
        mean: 0.00161561963614
        median: 0.00133970973548
        min: 4.90239767873e-022
        var: 1.46627485265e-006
    spectral_flatness_db:
        dmean: 0.0137378135696
        dmean2: 0.0220095496625
        dvar: 0.000178815243999
        dvar2: 0.000416494120145
        max: 0.40961933136
        mean: 0.139364570379
        median: 0.128881022334
        min: 0.0567108169198
        var: 0.00160202605184
    spectral_flux:
        dmean: 0.00904187653214
        dmean2: 0.0140744866803
        dvar: 9.71826011664e-005
        dvar2: 0.000188043704838
        max: 0.104911901057
        mean: 0.0443737730384
        median: 0.0435506366193
        min: 1.00907851519e-010
        var: 0.000325151369907
    spectral_kurtosis:
        dmean: 1.14006018639
        dmean2: 1.94020843506
        dvar: 5.83061695099
        dvar2: 16.7833137512
        max: 50.3701400757
        mean: 2.92908525467
        median: 2.21879768372
        min: -1.3550620079
        var: 10.2329902649
    spectral_rms:
        dmean: 0.000283568253508
        dmean2: 0.000476987595903
        dvar: 1.09159863371e-007
        dvar2: 2.89857496227e-007
        max: 0.00442125461996
        mean: 0.00220375368372
        median: 0.0022937937174
        min: 3.15183166025e-012
        var: 4.51001199053e-007
    spectral_rolloff:
        dmean: 374.719451904
        dmean2: 601.492431641
        dvar: 217754.328125
        dvar2: 424082.65625
        max: 18712.3535156
        mean: 3400.75830078
        median: 3552.97851563
        min: 172.265625
        var: 1056127.125
    spectral_skewness:
        dmean: 0.166652873158
        dmean2: 0.272580772638
        dvar: 0.047407310456
        dvar2: 0.124650068581
        max: 5.20935869217
        mean: 1.21275413036
        median: 1.15159606934
        min: -0.105128511786
        var: 0.160109385848
    spectral_spread:
        dmean: 419832
        dmean2: 608334
        dvar: 440771051520
        dvar2: 640560988160
        max: 39876380
        mean: 5114108.5
        median: 4980091
        min: 1224171.875
        var: 2.87963847066e+012
    spectral_strongpeak:
        dmean: 0.57164734602
        dmean2: 0.970020592213
        dvar: 0.618723988533
        dvar2: 1.55521476269
        max: 7.72780704498
        mean: 0.921752870083
        median: 0.428156763315
        min: 5.10862907532e-010
        var: 1.1496669054
    zerocrossingrate:
        dmean: 0.00859606638551
        dmean2: 0.0105116711929
        dvar: 9.72980560618e-005
        dvar2: 0.00010677924729
        max: 0.498046875
        mean: 0.10272025317
        median: 0.1044921875
        min: 0.0087890625
        var: 0.000959354976658
    barkbands:
        dmean: [2.61694623305e-007, 0.000169313148945, 0.000294047378702, 0.00020271417452, 0.000265378621407, 0.000193293730263, 0.000175874156412, 7.75439038989e-005, 0.000129028587253, 7.62041818234e-005, 7.11039319867e-005, 7.66525481595e-005, 8.76881167642e-005, 0.000124869242427, 0.000184881675523, 0.000156981215696, 0.000195194355911, 0.000163984368555, 0.00022640604584, 0.000162173848366, 0.000134449641337, 4.68654361612e-005, 1.06050947579e-005, 4.87603028887e-006, 2.39749238062e-006, 7.06001941353e-008, 2.79270689907e-010]
        dmean2: [4.16497073275e-007, 0.000290109426714, 0.000531415164005, 0.000359951285645, 0.000455234083347, 0.000317202182487, 0.000289710093057, 0.000131684180815, 0.000195352287847, 0.000112649060611, 0.00011158354755, 0.000118619725981, 0.000139159048558, 0.000200293914531, 0.00029977405211, 0.000253295962466, 0.000319632119499, 0.000275697006145, 0.000392344343709, 0.000276029022643, 0.000230003788602, 7.87044118624e-005, 1.77207748493e-005, 7.42072188586e-006, 3.35600293511e-006, 1.02976912331e-007, 4.96146956852e-010]
        dvar: [1.7706288638e-013, 9.54815249088e-008, 2.71377643912e-007, 9.29127352833e-008, 2.57168750295e-007, 9.17113496257e-008, 1.46554341995e-007, 3.09236760643e-008, 4.95172933768e-008, 3.99372943605e-008, 3.00785352181e-008, 3.6859869823e-008, 4.31243591947e-008, 9.17155844604e-008, 1.77821178227e-007, 8.27514980983e-008, 8.51962269621e-008, 4.51575736804e-008, 8.25251049719e-008, 4.35717701919e-008, 2.60410804032e-008, 5.85398352015e-009, 3.30698857187e-010, 1.15220888386e-010, 4.04962764711e-011, 4.49950779489e-014, 1.6898574839e-019]
        dvar2: [3.99859317749e-013, 2.5532796144e-007, 7.8108979551e-007, 2.6326424063e-007, 7.03867669927e-007, 2.27860354585e-007, 3.76357235155e-007, 8.12654832316e-008, 1.03050524558e-007, 7.4131691008e-008, 7.29136573341e-008, 7.93725973836e-008, 1.01498706329e-007, 2.1112811055e-007, 4.28161854416e-007, 1.8929628709e-007, 2.09275299312e-007, 1.19561150314e-007, 2.30110146049e-007, 1.19292678846e-007, 7.06859353272e-008, 1.38262450378e-008, 8.10937428319e-010, 2.19057702533e-010, 6.53019791019e-011, 8.81753302101e-014, 4.65766119281e-019]
        max: [3.26006170326e-006, 0.00202679075301, 0.00376423448324, 0.00295116938651, 0.00544823613018, 0.00473206676543, 0.00450977915898, 0.00289477268234, 0.00437948852777, 0.00559625495225, 0.00401596352458, 0.00512665184215, 0.00561174331233, 0.00568661978468, 0.00731745827943, 0.00779311452061, 0.00623658159748, 0.00407182145864, 0.00558347906917, 0.00252715265378, 0.00211044563912, 0.00253871222958, 0.000346440181602, 0.0002442112891, 0.000150007093907, 5.12582982992e-006, 1.41655194241e-008]
        mean: [2.82378238126e-007, 0.000201706759981, 0.000300950632663, 0.000234688966884, 0.000358343997505, 0.000331209652359, 0.00023132613569, 0.000107528256194, 0.000323600892443, 0.000152131149662, 0.000125155696878, 0.000129254447529, 0.000143601093441, 0.00018972014368, 0.000308091228362, 0.000308047718136, 0.000391757261241, 0.000334568932885, 0.000460620736703, 0.000364539562725, 0.000301881722407, 0.000102869111288, 2.20427282329e-005, 1.08710983113e-005, 5.29420731255e-006, 1.47720840005e-007, 2.90118984392e-010]
        median: [1.15568994374e-007, 0.000131906010211, 0.000177362075192, 0.000138669667649, 0.000208511322853, 0.000203331874218, 9.36441647355e-005, 4.50377010566e-005, 0.000123129852, 4.42462005594e-005, 5.07802833454e-005, 6.07019028394e-005, 6.4479696448e-005, 7.24807323422e-005, 0.000119279990031, 0.000159850809723, 0.000261094915913, 0.000270854914561, 0.000397451774916, 0.000319218670484, 0.000268538453383, 8.03451912361e-005, 1.54996851052e-005, 5.578141554e-006, 2.13434236684e-006, 5.75183669582e-008, 1.34522101791e-010]
        min: [1.38219695528e-023, 2.2721175689e-023, 3.05844232575e-024, 1.26504314336e-023, 8.29353955901e-023, 6.57831424408e-023, 1.06812195707e-022, 4.23552420441e-023, 1.39037554961e-022, 7.71635717148e-023, 2.58138165155e-023, 7.68260528433e-023, 9.60765624046e-023, 1.55424392151e-022, 7.27153491533e-023, 2.18485794075e-022, 1.8407796593e-022, 2.96842603106e-022, 2.15203173454e-022, 2.80221821325e-022, 4.63600856493e-022, 5.24169420091e-022, 4.89862679739e-022, 1.06387321535e-021, 9.91593058666e-022, 1.37036362519e-021, 2.35141982457e-021]
        var: [2.01602528616e-013, 7.68301475773e-008, 1.8440961469e-007, 8.91969378358e-008, 2.52335951245e-007, 1.69393857163e-007, 1.65051503132e-007, 4.19814583097e-008, 3.44883261505e-007, 1.82131316251e-007, 7.19039547903e-008, 8.07528621749e-008, 8.59658086938e-008, 1.53217015963e-007, 3.56801763246e-007, 2.50519065048e-007, 2.01180469617e-007, 9.1053863116e-008, 1.40361919421e-007, 8.55891997276e-008, 5.48899947717e-008, 1.2627721091e-008, 6.70261013358e-010, 3.72853248276e-010, 1.38596759069e-010, 1.23838873184e-013, 2.30988557544e-019]
    frequency_bands:
        dmean: [2.61694623305e-007, 0.000169313148945, 0.000294047378702, 0.00020271417452, 0.000265378621407, 0.000193293730263, 0.000175874156412, 7.75439038989e-005, 0.000129028587253, 7.62041818234e-005, 7.11039319867e-005, 7.66525481595e-005, 8.76881167642e-005, 0.000124869242427, 0.000184881675523, 0.000156981215696, 0.000195194355911, 0.000163984368555, 0.00022640604584, 0.000162173848366, 0.000134449641337, 4.68654361612e-005, 1.06050947579e-005, 4.87603028887e-006, 2.39749238062e-006, 7.06001941353e-008, 2.79270689907e-010, 6.34247029896e-011]
        dmean2: [4.16497073275e-007, 0.000290109426714, 0.000531415164005, 0.000359951285645, 0.000455234083347, 0.000317202182487, 0.000289710093057, 0.000131684180815, 0.000195352287847, 0.000112649060611, 0.00011158354755, 0.000118619725981, 0.000139159048558, 0.000200293914531, 0.00029977405211, 0.000253295962466, 0.000319632119499, 0.000275697006145, 0.000392344343709, 0.000276029022643, 0.000230003788602, 7.87044118624e-005, 1.77207748493e-005, 7.42072188586e-006, 3.35600293511e-006, 1.02976912331e-007, 4.96146956852e-010, 1.18585669062e-010]
        dvar: [1.7706288638e-013, 9.54815249088e-008, 2.71377643912e-007, 9.29127352833e-008, 2.57168750295e-007, 9.17113496257e-008, 1.46554341995e-007, 3.09236760643e-008, 4.95172933768e-008, 3.99372943605e-008, 3.00785352181e-008, 3.6859869823e-008, 4.31243591947e-008, 9.17155844604e-008, 1.77821178227e-007, 8.27514980983e-008, 8.51962269621e-008, 4.51575736804e-008, 8.25251049719e-008, 4.35717701919e-008, 2.60410804032e-008, 5.85398352015e-009, 3.30698857187e-010, 1.15220888386e-010, 4.04962764711e-011, 4.49950779489e-014, 1.6898574839e-019, 7.22181100561e-021]
        dvar2: [3.99859317749e-013, 2.5532796144e-007, 7.8108979551e-007, 2.6326424063e-007, 7.03867669927e-007, 2.27860354585e-007, 3.76357235155e-007, 8.12654832316e-008, 1.03050524558e-007, 7.4131691008e-008, 7.29136573341e-008, 7.93725973836e-008, 1.01498706329e-007, 2.1112811055e-007, 4.28161854416e-007, 1.8929628709e-007, 2.09275299312e-007, 1.19561150314e-007, 2.30110146049e-007, 1.19292678846e-007, 7.06859353272e-008, 1.38262450378e-008, 8.10937428319e-010, 2.19057702533e-010, 6.53019791019e-011, 8.81753302101e-014, 4.65766119281e-019, 2.26470322554e-020]
        max: [3.26006170326e-006, 0.00202679075301, 0.00376423448324, 0.00295116938651, 0.00544823613018, 0.00473206676543, 0.00450977915898, 0.00289477268234, 0.00437948852777, 0.00559625495225, 0.00401596352458, 0.00512665184215, 0.00561174331233, 0.00568661978468, 0.00731745827943, 0.00779311452061, 0.00623658159748, 0.00407182145864, 0.00558347906917, 0.00252715265378, 0.00211044563912, 0.00253871222958, 0.000346440181602, 0.0002442112891, 0.000150007093907, 5.12582982992e-006, 1.41655194241e-008, 7.38579253312e-010]
        mean: [2.82378238126e-007, 0.000201706759981, 0.000300950632663, 0.000234688966884, 0.000358343997505, 0.000331209652359, 0.00023132613569, 0.000107528256194, 0.000323600892443, 0.000152131149662, 0.000125155696878, 0.000129254447529, 0.000143601093441, 0.00018972014368, 0.000308091228362, 0.000308047718136, 0.000391757261241, 0.000334568932885, 0.000460620736703, 0.000364539562725, 0.000301881722407, 0.000102869111288, 2.20427282329e-005, 1.08710983113e-005, 5.29420731255e-006, 1.47720840005e-007, 2.90118984392e-010, 4.9188136203e-011]
        median: [1.15568994374e-007, 0.000131906010211, 0.000177362075192, 0.000138669667649, 0.000208511322853, 0.000203331874218, 9.36441647355e-005, 4.50377010566e-005, 0.000123129852, 4.42462005594e-005, 5.07802833454e-005, 6.07019028394e-005, 6.4479696448e-005, 7.24807323422e-005, 0.000119279990031, 0.000159850809723, 0.000261094915913, 0.000270854914561, 0.000397451774916, 0.000319218670484, 0.000268538453383, 8.03451912361e-005, 1.54996851052e-005, 5.578141554e-006, 2.13434236684e-006, 5.75183669582e-008, 1.34522101791e-010, 1.79988420002e-011]
        min: [1.38219695528e-023, 2.2721175689e-023, 3.05844232575e-024, 1.26504314336e-023, 8.29353955901e-023, 6.57831424408e-023, 1.06812195707e-022, 4.23552420441e-023, 1.39037554961e-022, 7.71635717148e-023, 2.58138165155e-023, 7.68260528433e-023, 9.60765624046e-023, 1.55424392151e-022, 7.27153491533e-023, 2.18485794075e-022, 1.8407796593e-022, 2.96842603106e-022, 2.15203173454e-022, 2.80221821325e-022, 4.63600856493e-022, 5.24169420091e-022, 4.89862679739e-022, 1.06387321535e-021, 9.91593058666e-022, 1.37036362519e-021, 2.35141982457e-021, 7.394866439e-022]
        var: [2.01602528616e-013, 7.68301475773e-008, 1.8440961469e-007, 8.91969378358e-008, 2.52335951245e-007, 1.69393857163e-007, 1.65051503132e-007, 4.19814583097e-008, 3.44883261505e-007, 1.82131316251e-007, 7.19039547903e-008, 8.07528621749e-008, 8.59658086938e-008, 1.53217015963e-007, 3.56801763246e-007, 2.50519065048e-007, 2.01180469617e-007, 9.1053863116e-008, 1.40361919421e-007, 8.55891997276e-008, 5.48899947717e-008, 1.2627721091e-008, 6.70261013358e-010, 3.72853248276e-010, 1.38596759069e-010, 1.23838873184e-013, 2.30988557544e-019, 5.98243272289e-021]
    mfcc:
        mean: [-690.674865723, 90.9577331543, -40.0234794617, 51.4701652527, -9.35720348358, 2.57159638405, -3.40592741966, -2.95745515823, 0.914670526981, -3.72304010391, -2.62208652496, -3.13824272156, -4.56834793091]
        cov: [[7558.13720703, -43.3380508423, -401.592681885, 681.137878418, -359.647796631, 195.465499878, -74.4896469116, 77.9090805054, 125.48487854, 68.6677398682, 29.9581203461, 1.1313906908, -41.9216537476], [-43.3380508423, 995.944091797, -212.093765259, 42.821723938, 32.3102798462, 0.314238995314, 35.3951759338, -2.15670013428, 4.72034549713, -32.1227645874, -11.1617841721, -4.93431568146, -9.17580795288], [-401.592681885, -212.093765259, 462.167785645, 15.9612283707, 102.532165527, 7.0801076889, 51.0635719299, 16.7956027985, -46.8369674683, -12.8400335312, 1.01569116116, 33.2578659058, 30.1221561432], [681.137878418, 42.821723938, 15.9612283707, 356.160400391, 43.2902336121, 20.1566123962, -0.0584444701672, -8.86838054657, 7.14525794983, -3.19009184837, -7.84622526169, 12.4952440262, 24.7202224731], [-359.647796631, 32.3102798462, 102.532165527, 43.2902336121, 228.965637207, 8.22434139252, -19.7193202972, -19.8082695007, -12.82172966, 3.29814720154, -14.0696496964, 20.2413883209, 16.9426383972], [195.465499878, 0.314238995314, 7.0801076889, 20.1566123962, 8.22434139252, 121.783592224, 46.407169342, 20.1603527069, 1.31847596169, 7.750415802, 17.0899467468, 5.23456096649, -5.65910100937], [-74.4896469116, 35.3951759338, 51.0635719299, -0.0584444701672, -19.7193202972, 46.407169342, 156.754684448, 47.6046485901, 4.31192207336, 2.76199293137, -2.0685133934, 7.4018611908, -2.15453028679], [77.9090805054, -2.15670013428, 16.7956027985, -8.86838054657, -19.8082695007, 20.1603527069, 47.6046485901, 102.59135437, 47.0898094177, 17.2612953186, 2.509370327, 1.38153398037, -3.41421842575], [125.48487854, 4.72034549713, -46.8369674683, 7.14525794983, -12.82172966, 1.31847596169, 4.31192207336, 47.0898094177, 95.6003875732, 50.7449417114, 5.40986824036, -8.00901222229, -12.177271843], [68.6677398682, -32.1227645874, -12.8400335312, -3.19009184837, 3.29814720154, 7.750415802, 2.76199293137, 17.2612953186, 50.7449417114, 90.4880828857, 33.4815635681, -1.36274838448, -12.8146419525], [29.9581203461, -11.1617841721, 1.01569116116, -7.84622526169, -14.0696496964, 17.0899467468, -2.0685133934, 2.509370327, 5.40986824036, 33.4815635681, 66.9889755249, 20.9301128387, -2.37462854385], [1.1313906908, -4.93431568146, 33.2578659058, 12.4952440262, 20.2413883209, 5.23456096649, 7.4018611908, 1.38153398037, -8.00901222229, -1.36274838448, 20.9301128387, 61.6035919189, 31.056728363], [-41.9216537476, -9.17580795288, 30.1221561432, 24.7202224731, 16.9426383972, -5.65910100937, -2.15453028679, -3.41421842575, -12.177271843, -12.8146419525, -2.37462854385, 31.056728363, 64.7338790894]]
        icov: [[0.000217033360968, 2.13230996451e-005, 9.8267395515e-005, -0.000460116105387, 0.00043893684051, -0.00039910688065, 0.000319694081554, -0.000180130940862, 3.41750492225e-005, -0.000205488162464, 0.000274211342912, -0.00033072711085, 0.000259400549112], [2.13230996451e-005, 0.00125274958555, 0.000812646583654, -0.000185325159691, -0.000607582449447, 0.000282443477772, -0.000692753412295, -7.72915664129e-005, -7.09647938493e-005, 0.000802010705229, -0.000458868831629, 5.08576886205e-005, 0.000144772478961], [9.8267395515e-005, 0.000812646583654, 0.00340792257339, -0.000327564863255, -0.00151521526277, 0.000539978209417, -0.0012196394382, -0.00138592754956, 0.00199850415811, -1.39435596793e-005, -0.000456987938378, -0.000482208735775, -0.000364014325896], [-0.000460116105387, -0.000185325159691, -0.000327564863255, 0.00401609111577, -0.0012859570561, 0.000139890544233, -0.000632556679193, 0.00105866487138, -0.00100763118826, 0.000643574516289, -0.000210875499761, 0.000626909080893, -0.0016925255768], [0.00043893684051, -0.000607582449447, -0.00151521526277, -0.0012859570561, 0.00692112743855, -0.00210468377918, 0.00235873041674, 0.000709347077645, 0.000333947595209, -0.00266912020743, 0.00389067758806, -0.00303716165945, 0.000649020483252], [-0.00039910688065, 0.000282443477772, 0.000539978209417, 0.000139890544233, -0.00210468377918, 0.0110153350979, -0.00378252984956, -0.00105483084917, 0.000860828207806, 0.00103095895611, -0.00405156100169, 0.00123655132484, 0.000433335750131], [0.000319694081554, -0.000692753412295, -0.0012196394382, -0.000632556679193, 0.00235873041674, -0.00378252984956, 0.00987542886287, -0.00399477267638, 0.0018413165817, -0.00208933535032, 0.00329343765043, -0.00240368302912, 0.00129467051011], [-0.000180130940862, -7.72915664129e-005, -0.00138592754956, 0.00105866487138, 0.000709347077645, -0.00105483084917, -0.00399477267638, 0.0164420511574, -0.00977606792003, 0.00260021700524, -0.000593118777033, -0.00016091123689, -0.000699442985933], [3.41750492225e-005, -7.09647938493e-005, 0.00199850415811, -0.00100763118826, 0.000333947595209, 0.000860828207806, 0.0018413165817, -0.00977606792003, 0.0226285625249, -0.0123271076009, 0.00467725144699, -0.000638351833913, 0.00129472790286], [-0.000205488162464, 0.000802010705229, -1.39435596793e-005, 0.000643574516289, -0.00266912020743, 0.00103095895611, -0.00208933535032, 0.00260021700524, -0.0123271076009, 0.0226202588528, -0.0121194170788, 0.00366283184849, 0.000554780534003], [0.000274211342912, -0.000458868831629, -0.000456987938378, -0.000210875499761, 0.00389067758806, -0.00405156100169, 0.00329343765043, -0.000593118777033, 0.00467725144699, -0.0121194170788, 0.0261786542833, -0.0117307137698, 0.00418049795553], [-0.00033072711085, 5.08576886205e-005, -0.000482208735775, 0.000626909080893, -0.00303716165945, 0.00123655132484, -0.00240368302912, -0.00016091123689, -0.000638351833913, 0.00366283184849, -0.0117307137698, 0.0279082823545, -0.0126220546663], [0.000259400549112, 0.000144772478961, -0.000364014325896, -0.0016925255768, 0.000649020483252, 0.000433335750131, 0.00129467051011, -0.000699442985933, 0.00129472790286, 0.000554780534003, 0.00418049795553, -0.0126220546663, 0.022888591513]]
    sccoeffs:
        dmean: [0.05869243294, 0.0501502081752, 0.0380888991058, 0.0322497598827, 0.0213605407625, 0.0197438746691]
        dmean2: [0.0989950075746, 0.0833828002214, 0.0616859570146, 0.0516808368266, 0.0348813720047, 0.0320004448295]
        dvar: [0.0023432597518, 0.00163680373225, 0.000949256238528, 0.000712087668944, 0.000328043417539, 0.000331352173816]
        dvar2: [0.00642948504537, 0.00434398697689, 0.00236483570188, 0.00170965795405, 0.000800399982836, 0.000770318263676]
        max: [-0.290264129639, -0.407932192087, -0.48168605566, -0.499809831381, -0.561601817608, -0.49240064621]
        mean: [-0.672737300396, -0.747632741928, -0.773525357246, -0.77576315403, -0.797998487949, -0.733090639114]
        median: [-0.676467120647, -0.755902290344, -0.787943601608, -0.784541606903, -0.801250934601, -0.731893777847]
        min: [-0.973817050457, -0.963547945023, -0.972962856293, -0.977170407772, -0.972340941429, -0.958847880363]
        var: [0.00466569839045, 0.00564796244726, 0.00557080795988, 0.00348777021281, 0.00135525024962, 0.00226829829626]
    scvalleys:
        dmean: [0.410299599171, 0.378306716681, 0.311147898436, 0.270971387625, 0.24571403861, 0.253825575113]
        dmean2: [0.661218225956, 0.626839399338, 0.501210868359, 0.432856798172, 0.39109864831, 0.380666285753]
        dvar: [0.157186567783, 0.141499891877, 0.103110700846, 0.0894261747599, 0.100275933743, 0.123791776597]
        dvar2: [0.331184506416, 0.307791769505, 0.206988200545, 0.173726305366, 0.187603652477, 0.225896090269]
        max: [-5.22247219086, -4.40269136429, -5.51322746277, -5.66034936905, -5.40748310089, -7.30597782135]
        mean: [-6.81918287277, -6.66189289093, -7.10371828079, -7.12505483627, -6.95097637177, -9.51449775696]
        median: [-6.46575641632, -6.42182636261, -6.81246328354, -6.84228515625, -6.54861307144, -9.01658725739]
        min: [-26.7832813263, -27.1557579041, -27.6666946411, -26.9218997955, -27.3230266571, -27.3095016479]
        var: [2.6255364418, 1.89700937271, 1.77348172665, 1.73623633385, 1.97003686428, 3.25277757645]

rhythm:
    beats_loudness:
        dmean: 0.00197764951736
        dmean2: 0.00364238861948
        dvar: 1.94717790691e-006
        dvar2: 5.86877467867e-006
        max: 0.0105708790943
        mean: 0.00591797567904
        median: 0.00612232880667
        min: 5.2205267019e-012
        var: 5.08250150233e-006
    bpm: 95.7903823853
    bpm_confidence: 0
    first_peak_bpm: 96
    first_peak_spread: 0.260536402464
    first_peak_weight: 0.720149278641
    onset_rate: 2.76347732544
    second_peak_bpm: 91
    second_peak_spread: 0.142857164145
    second_peak_weight: 0.0223880596459
    beats_loudness_band_ratio:
        dmean: [0.104012854397, 0.087858505547, 0.107903257012, 0.0966623276472, 0.120529912412, 0.0866366773844]
        dmean2: [0.183545723557, 0.15320712328, 0.192838773131, 0.180635809898, 0.206561535597, 0.14820754528]
        dvar: [0.00879224482924, 0.00716367131099, 0.00866308622062, 0.0145679572597, 0.0122426692396, 0.00470645772293]
        dvar2: [0.0250202920288, 0.0202161874622, 0.0221490804106, 0.0418900772929, 0.035074993968, 0.013297887519]
        max: [0.694124758244, 0.673819601536, 0.621849417686, 0.755419671535, 0.674482762814, 0.527523398399]
        mean: [0.172568708658, 0.146557047963, 0.150798261166, 0.108346603811, 0.245316237211, 0.213978767395]
        median: [0.139006435871, 0.122633881867, 0.13391675055, 0.0723035112023, 0.222309872508, 0.207229211926]
        min: [0, 0, 0, 0, 0, 0]
        var: [0.0169801898301, 0.0104456208646, 0.012058946304, 0.0113640306517, 0.0165298264474, 0.0109184971079]
    beats_position: [0.66176867485, 1.33514738083, 1.97369611263, 2.60063481331, 3.22757363319, 3.85451245308, 4.48145103455, 5.10838985443, 5.73532867432, 6.3622674942, 6.98920631409, 7.61614513397, 8.24308395386, 8.87002277374, 9.49696159363, 10.1122903824, 10.7276191711, 11.354557991, 11.9814968109, 12.6084346771, 13.235373497, 13.8623123169, 14.4892511368, 15.1161899567, 15.7431287766, 16.3700675964, 16.9853973389, 17.600725174, 18.2276649475, 18.8546028137, 19.4815406799, 20.1084804535, 20.7354183197, 21.3623580933, 21.9892959595, 22.6046257019, 23.219953537, 23.8585033417, 24.4854412079, 25.1123809814, 25.7393188477, 26.3546485901, 26.9815864563, 27.6085262299, 28.2354640961, 28.8624038696, 29.4893417358, 30.1162815094, 30.7432193756, 31.3933773041, 32.0435371399, 32.7053070068, 33.3554649353, 33.99401474, 34.6209526062, 35.2478904724, 35.8748283386, 36.5017662048, 37.151927948, 37.790473938, 38.4406356812, 39.0907936096, 39.7409515381, 40.402721405, 41.0528793335, 41.6798171997, 42.3067550659, 42.9336967468, 43.560634613, 44.1875724792, 44.8029022217, 45.4182319641, 46.0451698303, 46.6721076965, 47.2990455627, 47.9259872437, 48.5529251099, 49.1798629761, 49.8068008423, 50.4337387085, 51.0490684509, 51.6643981934, 52.2913360596, 52.9182739258, 53.5452156067, 54.1721534729, 54.7990913391, 55.4260292053, 56.0529708862, 56.6915168762, 57.3532867432, 58.0150566101, 58.6768226624, 59.315372467, 59.9539222717, 60.5924720764, 61.2542381287, 61.9043960571, 62.5545578003, 63.2047157288, 63.8432655334, 64.4818115234, 65.1087493896, 65.7356872559, 66.3626327515, 66.9895706177, 67.6165084839, 68.2434463501, 68.8587722778, 69.474105835, 70.1010437012, 70.7279815674, 71.3549194336, 71.9818572998, 72.608795166, 73.2357330322, 73.8626708984, 74.489616394, 75.1165542603, 75.7434921265, 76.3704299927, 76.9973678589, 77.6243057251, 78.2396392822, 78.8665771484, 79.4819030762, 80.1088409424, 80.7357788086, 81.3627166748, 81.9896621704, 82.6166000366, 83.2435379028, 83.870475769, 84.4974136353, 85.1243515015, 85.7396774292, 86.3550109863, 86.9819488525, 87.6088867188, 88.235824585, 88.8627624512, 89.4897003174, 90.116645813, 90.7435836792, 91.3589096069, 91.9858474731, 92.6011810303, 93.2281188965, 93.8550567627, 94.4819946289, 95.1089324951, 95.7358703613, 96.3511962891, 96.9665298462, 97.5934677124, 98.2320175171, 98.8589553833, 99.474281311, 100.101219177, 100.728164673, 101.355102539, 101.982040405, 102.608978271, 103.235916138, 103.862854004, 104.48979187, 105.116729736, 105.743675232, 106.370613098, 106.997550964, 107.612876892, 108.22820282, 108.855148315, 109.482086182, 110.109024048, 110.735961914, 111.36289978, 111.989837646, 112.616775513, 113.243713379, 113.859046936, 114.474372864, 115.10131073, 115.728248596, 116.355194092, 116.982131958, 117.609069824, 118.23600769, 118.862945557, 119.489883423, 120.116821289, 120.743759155, 121.359092712, 121.97441864, 122.601356506, 123.228294373, 123.855232239, 124.482177734, 125.109115601, 125.724441528, 126.351379395, 126.989929199, 127.616867065, 128.243804932, 128.870742798, 129.497680664, 130.113006592, 130.739959717, 131.355285645, 131.982223511, 132.609161377, 133.236099243, 133.863037109, 134.489974976, 135.105300903, 135.720626831, 136.347564697, 136.974502563, 137.601455688, 138.228393555, 138.855331421, 139.482269287, 140.109207153, 140.73614502, 141.363082886, 141.990020752, 142.616958618, 143.243896484, 143.870834351, 144.497772217, 145.113098145, 145.728439331, 146.355377197, 146.982315063, 147.60925293, 148.236190796, 148.863128662, 149.490066528, 150.117004395, 150.743942261, 151.359268188, 151.986206055, 152.613143921, 153.240081787, 153.855422974, 154.48236084, 155.109298706, 155.736236572, 156.363174438, 156.990112305, 157.617050171, 158.243988037, 158.870925903, 159.49786377, 160.124801636, 160.740127563, 161.36706543, 161.982406616, 162.609344482, 163.236282349, 163.863220215, 164.478546143, 165.09387207, 165.709197998, 166.324539185, 166.939865112, 167.55519104, 168.182128906, 168.809066772]
    bpm_estimates: [93.9630737305, 95.7031326294, 95.7031173706, 95.7031173706, 95.7031555176, 95.7031173706, 95.7031173706, 95.7031173706, 95.7031173706, 95.7031173706, 95.7031173706, 95.7031173706, 95.7031173706, 97.5088424683, 97.5088424683, 95.7031173706, 95.7031173706, 95.7032623291, 95.7031173706, 95.7031173706, 95.7031173706, 95.7031173706, 95.7031173706, 95.7031173706, 97.5086975098, 97.5089950562, 95.7029724121, 95.7032623291, 95.7032623291, 95.7029724121, 95.7032623291, 95.7029724121, 95.7032623291, 97.5086975098, 97.5089950562, 93.9629135132, 95.7032623291, 95.7029724121, 95.7032623291, 97.5086975098, 95.7032623291, 95.7029724121, 95.7032623291, 95.7029724121, 95.7032623291, 95.7029724121, 95.7032623291, 92.2852706909, 92.2849960327, 92.2852706909, 93.9629135132, 95.7032623291, 95.7032623291, 95.7032623291, 95.7032623291, 92.2847290039, 93.9634780884, 92.2847290039, 92.2852706909, 92.2852706909, 92.2852706909, 95.7032623291, 95.7032623291, 95.7026824951, 95.7032623291, 95.7032623291, 97.5086975098, 97.5086975098, 95.7032623291, 95.7032623291, 95.7032623291, 95.7026824951, 95.7032623291, 95.7032623291, 95.7032623291, 95.7032623291, 97.5086975098, 97.5086975098, 95.7032623291, 95.7032623291, 95.7026824951, 95.7032623291, 95.7032623291, 95.7032623291, 95.7026824951, 93.9634780884, 93.9629135132, 93.9629135132, 93.9629135132, 92.2852706909, 92.2847290039, 92.2852706909, 93.9629135132, 93.9634780884, 95.7032623291, 95.7032623291, 95.7021026611, 95.7032623291, 95.7032623291, 95.7032623291, 97.5093002319, 97.5080871582, 95.7032623291, 95.7032623291, 95.7032623291, 95.7032623291, 95.7032623291, 95.7032623291, 95.7032623291, 95.7021026611, 95.7032623291, 95.7032623291, 95.7032623291, 95.7032623291, 95.7032623291, 97.5080871582, 95.7032623291, 97.5093002319, 95.7032623291, 95.7032623291, 95.7032623291, 95.7021026611, 95.7032623291, 95.7032623291, 95.7032623291, 95.7032623291, 95.7032623291, 97.5093002319, 97.5080871582, 95.7032623291, 95.7032623291, 95.7032623291, 95.7032623291, 95.7032623291, 95.7021026611, 95.7032623291, 97.5093002319, 95.7032623291, 97.5080871582, 95.7032623291, 95.7032623291, 95.7032623291, 95.7032623291, 95.7032623291, 97.5093002319, 97.5080871582, 95.7032623291, 93.9629135132, 95.7032623291, 97.5093002319, 95.7032623291, 95.7021026611, 95.7032623291, 95.7032623291, 95.7032623291, 95.7032623291, 95.7032623291, 95.7032623291, 95.7032623291, 95.7021026611, 95.7032623291, 95.7032623291, 97.5093002319, 97.5093002319, 95.7021026611, 95.7032623291, 95.7032623291, 95.7032623291, 95.7032623291, 95.7032623291, 95.7032623291, 95.7032623291, 97.5080871582, 97.5093002319, 95.7032623291, 95.7032623291, 95.7021026611, 95.7032623291, 95.7032623291, 95.7032623291, 95.7032623291, 95.7032623291, 95.7032623291, 95.7032623291, 97.5080871582, 97.5093002319, 95.7032623291, 95.7032623291, 95.7032623291, 95.7021026611, 95.7032623291, 97.5093002319, 95.7032623291, 93.9629135132, 95.7032623291, 95.7032623291, 95.7032623291, 95.7032623291, 97.5093002319, 95.7009353638, 97.5093002319, 95.7032623291, 95.7032623291, 95.7032623291, 95.7032623291, 95.7032623291, 97.5093002319, 97.5093002319, 95.7032623291, 95.7032623291, 95.7009353638, 95.7032623291, 95.7032623291, 95.7032623291, 95.7032623291, 95.7032623291, 95.7032623291, 95.7032623291, 95.7032623291, 95.7032623291, 95.7032623291, 95.7032623291, 97.5093002319, 97.5068817139, 95.7032623291, 95.7032623291, 95.7032623291, 95.7032623291, 95.7032623291, 95.7032623291, 95.7032623291, 95.7032623291, 97.5093002319, 95.7032623291, 95.7032623291, 95.7032623291, 97.5068817139, 95.7032623291, 95.7032623291, 95.7032623291, 95.7032623291, 95.7032623291, 95.7032623291, 95.7032623291, 95.7032623291, 95.7032623291, 95.7032623291, 97.5093002319, 95.7032623291, 97.5068817139, 95.7032623291, 95.7032623291, 95.7032623291, 97.5093002319, 97.5093002319, 97.5093002319, 97.5068817139, 97.5093002319, 97.5093002319, 95.7032623291, 95.7032623291]
