
metadata:
    version:
        essentia: "2.1-beta2"
    audio_properties:
        analysis_sample_rate: 44100
        bitrate: 128
        channels: 2
        equal_loudness: 1
        length: 224.914291382
        replay_gain: -11.6808624268
        downmix: "mix"
    tags:
        album: "World We View"
        artist: "Nine Lashes"
        comment: ""
        date: "2012"
        genre: "Religious"
        title: "My Friend"
        tracknumber: "1"

configuration:
    average_loudness:
        compute: 1
        frameSize: 88200
        hopSize: 44100
        silentFrames: "noise"
        windowType: "hann"
    general:
        analysisSampleRate: 44100
        endTime: 2000
        equalLoudness: 1
        nequalLoudness: 0
        shortSound: 0
        startTime: 0
    lowlevel:
        compute: 1
        frameSize: 2048
        hopSize: 1024
        zeroPadding: 0
        silentFrames: "noise"
        windowType: "blackmanharris62"
        mfccStats: ["mean", "cov", "icov"]
        stats: ["mean", "var", "median", "min", "max", "dmean", "dmean2", "dvar", "dvar2"]
    panning:
        compute: 0
        frameSize: 8192
        hopSize: 2048
        zeroPadding: 8192
        silentFrames: "noise"
        windowType: "hann"
        stats: ["copy"]
    rhythm:
        compute: 1
        maxTempo: 208
        minTempo: 40
        method: "degara"
        stats: ["mean", "var", "median", "min", "max", "dmean", "dmean2", "dvar", "dvar2"]
    segmentation:
        compute: 0
        cpw: 5
        inc1: 300
        inc2: 50
        minimumSegmentsLength: 10
        size1: 1000
        size2: 600
    sfx:
        compute: 1
        stats: ["mean", "var", "median", "min", "max", "dmean", "dmean2", "dvar", "dvar2"]
    svm:
        compute: 0
    tonal:
        compute: 1
        frameSize: 4096
        hopSize: 2048
        zeroPadding: 0
        silentFrames: "noise"
        windowType: "blackmanharris62"
        stats: ["mean", "var", "median", "min", "max", "dmean", "dmean2", "dvar", "dvar2"]

lowlevel:
    average_loudness: 0.748504281044
    barkbands_kurtosis:
        dmean: 1.77655887604
        dmean2: 2.73078966141
        dvar: 11.0819349289
        dvar2: 25.1230316162
        max: 113.87273407
        mean: 2.82559847832
        median: 0.588507354259
        min: -1.89838373661
        var: 52.7359619141
    barkbands_skewness:
        dmean: 0.459977120161
        dmean2: 0.678044974804
        dvar: 0.266238689423
        dvar2: 0.528196573257
        max: 9.52375793457
        mean: 1.12689042091
        median: 1.02862787247
        min: -4.21303224564
        var: 1.84138858318
    barkbands_spread:
        dmean: 4.23039913177
        dmean2: 6.26893472672
        dvar: 30.0806045532
        dvar2: 62.1680717468
        max: 79.0479431152
        mean: 21.3392410278
        median: 19.077747345
        min: 0.621230244637
        var: 166.084838867
    dissonance:
        dmean: 0.0221498161554
        dmean2: 0.0367959961295
        dvar: 0.000609168375377
        dvar2: 0.00172317679971
        max: 0.499974519014
        mean: 0.445497304201
        median: 0.458521962166
        min: 0.188260704279
        var: 0.00197929563001
    hfc:
        dmean: 0.909506320953
        dmean2: 1.25848698616
        dvar: 2.86455345154
        dvar2: 5.24253511429
        max: 38.6548843384
        mean: 4.25548028946
        median: 2.97928786278
        min: 1.16557570129e-016
        var: 22.2468719482
    pitch:
        dmean: 250.100631714
        dmean2: 474.870239258
        dvar: 661156.125
        dvar2: 1677019.875
        max: 5668.73486328
        mean: 519.412841797
        median: 247.721893311
        min: 73.3659133911
        var: 894021.75
    pitch_instantaneous_confidence:
        dmean: 0.0664256587625
        dmean2: 0.100876294076
        dvar: 0.00512619875371
        dvar2: 0.0109917484224
        max: 0.962477862835
        mean: 0.592683851719
        median: 0.590675294399
        min: 0.121586024761
        var: 0.0447443537414
    pitch_salience:
        dmean: 0.0593387745321
        dmean2: 0.0922497212887
        dvar: 0.00338567630388
        dvar2: 0.00787982996553
        max: 0.868693768978
        mean: 0.534859776497
        median: 0.548797607422
        min: 0.0589247606695
        var: 0.0190433822572
    silence_rate_20dB:
        dmean: 0
        dmean2: 0
        dvar: 0
        dvar2: 0
        max: 1
        mean: 1
        median: 1
        min: 1
        var: 0
    silence_rate_30dB:
        dmean: 0
        dmean2: 0
        dvar: 0
        dvar2: 0
        max: 1
        mean: 1
        median: 1
        min: 1
        var: 0
    silence_rate_60dB:
        dmean: 0.0520284920931
        dmean2: 0.104067727923
        dvar: 0.0493240319192
        dvar2: 0.106030456722
        max: 1
        mean: 0.508257627487
        median: 1
        min: 0
        var: 0.249913156033
    spectral_centroid:
        dmean: 205.031021118
        dmean2: 297.780090332
        dvar: 112870.671875
        dvar2: 195097.484375
        max: 11386.1054688
        mean: 1139.58044434
        median: 963.604797363
        min: 114.992469788
        var: 562102.0625
    spectral_complexity:
        dmean: 1.41880869865
        dmean2: 2.2353913784
        dvar: 3.46963834763
        dvar2: 7.13154840469
        max: 33
        mean: 6.15421152115
        median: 6
        min: 0
        var: 20.414680481
    spectral_crest:
        dmean: 2.28667497635
        dmean2: 3.62238717079
        dvar: 5.13191604614
        dvar2: 11.9412508011
        max: 25.9214496613
        mean: 11.21489048
        median: 10.4293346405
        min: 2.52075958252
        var: 22.8298816681
    spectral_decrease:
        dmean: 1.58414698026e-010
        dmean2: 2.36123232078e-010
        dvar: 4.7625650782e-020
        dvar2: 9.72899980435e-020
        max: 2.91123088911e-029
        mean: -8.94694207609e-010
        median: -7.44176054113e-010
        min: -3.83202847232e-009
        var: 5.32895858495e-019
    spectral_energy:
        dmean: 0.000661031110212
        dmean2: 0.000976235896815
        dvar: 8.67748155997e-007
        dvar2: 1.73631144662e-006
        max: 0.0172037035227
        mean: 0.00376276206225
        median: 0.00310153793544
        min: 1.06455180233e-020
        var: 9.71145618678e-006
    spectral_energyband_high:
        dmean: 4.21386939706e-005
        dmean2: 6.13064257777e-005
        dvar: 9.90555548697e-009
        dvar2: 2.05641015327e-008
        max: 0.00296495645307
        mean: 0.000104962993646
        median: 5.61046181247e-005
        min: 7.44329265359e-021
        var: 2.71132609697e-008
    spectral_energyband_low:
        dmean: 3.55603478965e-005
        dmean2: 5.9367997892e-005
        dvar: 2.74005551582e-009
        dvar2: 7.94843124652e-009
        max: 0.0008706227527
        mean: 7.56238368922e-005
        median: 4.47177553724e-005
        min: 3.90401455978e-023
        var: 7.47576667237e-009
    spectral_energyband_middle_high:
        dmean: 0.00038964668056
        dmean2: 0.000531008117832
        dvar: 5.892579793e-007
        dvar2: 1.07912273961e-006
        max: 0.0145969409496
        mean: 0.0015098011354
        median: 0.000715719070286
        min: 1.45977657855e-021
        var: 4.65336461275e-006
    spectral_energyband_middle_low:
        dmean: 0.000493889674544
        dmean2: 0.00075905158883
        dvar: 4.46623602102e-007
        dvar2: 1.00487113741e-006
        max: 0.00923959258944
        mean: 0.00214710645378
        median: 0.00170941476244
        min: 2.68320270537e-022
        var: 3.47045511262e-006
    spectral_flatness_db:
        dmean: 0.0188087299466
        dmean2: 0.027376299724
        dvar: 0.000385153951356
        dvar2: 0.000710810767487
        max: 0.463400959969
        mean: 0.196062594652
        median: 0.190345704556
        min: 0.0626238510013
        var: 0.00317226280458
    spectral_flux:
        dmean: 0.00758273387328
        dmean2: 0.0117876743898
        dvar: 0.000107153078716
        dvar2: 0.000273124460364
        max: 0.144723191857
        mean: 0.0257295165211
        median: 0.0212702956051
        min: 1.03571817789e-010
        var: 0.000375781208277
    spectral_kurtosis:
        dmean: 2.1999361515
        dmean2: 3.45294713974
        dvar: 23.1804828644
        dvar2: 51.6578025818
        max: 129.239761353
        mean: 6.23450803757
        median: 4.04762744904
        min: -1.31234228611
        var: 88.747428894
    spectral_rms:
        dmean: 0.000169947161339
        dmean2: 0.000247392628808
        dvar: 4.30244462279e-008
        dvar2: 8.07516897794e-008
        max: 0.00409684050828
        mean: 0.00170693965629
        median: 0.00173950870521
        min: 3.22271181095e-012
        var: 7.57338568746e-007
    spectral_rolloff:
        dmean: 419.697235107
        dmean2: 646.998840332
        dvar: 435883.34375
        dvar2: 771285.3125
        max: 18733.8867188
        mean: 2019.28100586
        median: 1765.72265625
        min: 107.666015625
        var: 2027586
    spectral_skewness:
        dmean: 0.239709973335
        dmean2: 0.361016839743
        dvar: 0.11475340277
        dvar2: 0.236078336835
        max: 9.25456047058
        mean: 1.85112786293
        median: 1.71146512032
        min: -0.195281386375
        var: 0.691223978996
    spectral_spread:
        dmean: 672396.625
        dmean2: 906805.3125
        dvar: 920469372928
        dvar2: 1.45512883814e+012
        max: 41206120
        mean: 5214079
        median: 4878677
        min: 764001.9375
        var: 4.54112785203e+012
    spectral_strongpeak:
        dmean: 0.263169825077
        dmean2: 0.433332324028
        dvar: 0.315360784531
        dvar2: 0.764789521694
        max: 9.1977596283
        mean: 0.76043254137
        median: 0.360273897648
        min: 1.62204072396e-009
        var: 1.04282534122
    zerocrossingrate:
        dmean: 0.00874520931393
        dmean2: 0.00965814851224
        dvar: 0.000150448162458
        dvar2: 0.000148003135109
        max: 0.51025390625
        mean: 0.0667084529996
        median: 0.06103515625
        min: 0.00537109375
        var: 0.00147632416338
    barkbands:
        dmean: [2.865119475e-009, 1.76315506906e-006, 1.70830007846e-005, 6.99517549947e-005, 0.000271588709438, 0.00013207088341, 7.81932685641e-005, 0.000101943391201, 0.000114172988106, 8.4574749053e-005, 4.91781684104e-005, 7.04718040652e-005, 6.65028055664e-005, 8.34133097669e-005, 9.89780892269e-005, 8.98072539712e-005, 9.26749271457e-005, 4.7502318921e-005, 4.72683750559e-005, 3.78868753614e-005, 2.01788661798e-005, 1.20717832033e-005, 3.34432002091e-006, 2.61030277215e-006, 1.69764962266e-006, 7.09336376303e-008, 3.17580878262e-010]
        dmean2: [4.83265027995e-009, 2.98503323393e-006, 2.80543881672e-005, 0.000113772650366, 0.000428007857408, 0.000191716986592, 0.00011629902292, 0.000140523567097, 0.000160697571118, 0.000119176242151, 6.78348733345e-005, 0.000101588382677, 9.71089393715e-005, 0.000122559737065, 0.000145073543536, 0.000131589113153, 0.000139562267577, 7.31869295123e-005, 7.37953087082e-005, 5.77826176595e-005, 3.1156330806e-005, 1.81166888069e-005, 4.97621203976e-006, 3.72072304344e-006, 2.45010573963e-006, 1.05047242016e-007, 5.31461319397e-010]
        dvar: [4.62568596788e-017, 1.07594289381e-011, 8.91486273691e-010, 1.27894477231e-008, 2.04245466762e-007, 1.24440759919e-007, 6.86629562097e-008, 8.54295976183e-008, 1.28914052766e-007, 5.84333363918e-008, 4.3069920963e-008, 5.40573878993e-008, 6.4754971163e-008, 1.29452701003e-007, 1.86456901474e-007, 1.34890626668e-007, 7.48846105125e-008, 1.43052751866e-008, 1.39626621376e-008, 8.33611935036e-009, 2.63052379879e-009, 9.43605082959e-010, 7.54675072434e-011, 5.39292048518e-011, 2.34987428821e-011, 4.36461813685e-014, 3.71880654467e-019]
        dvar2: [1.16160801367e-016, 3.0696774983e-011, 2.42235076442e-009, 3.45678685676e-008, 4.81972449506e-007, 2.50892639997e-007, 1.60658018444e-007, 1.6209979492e-007, 2.24217302502e-007, 1.0658808236e-007, 7.59304654707e-008, 1.12385485806e-007, 1.28132256805e-007, 2.69222027782e-007, 3.88288356135e-007, 2.60965180132e-007, 1.57774451282e-007, 3.22031041833e-008, 3.06878966683e-008, 1.80576744668e-008, 6.13368644764e-009, 2.07111483519e-009, 1.50533543963e-010, 9.86434267602e-011, 4.19745002644e-011, 9.75947363831e-014, 9.2310068318e-019]
        max: [2.56570814372e-007, 8.89216535143e-005, 0.000445175362984, 0.00243854476139, 0.00719281611964, 0.00628184247762, 0.005290819332, 0.00889683607966, 0.00905656628311, 0.00743981869891, 0.00837968755513, 0.00621648132801, 0.00950173661113, 0.00829352904111, 0.0112639088184, 0.0108783179894, 0.0100255198777, 0.00351717509329, 0.00465793628246, 0.00329646258615, 0.0012625552481, 0.00118518061936, 0.000271853117738, 0.000151973203174, 0.000103362537629, 4.82102268506e-006, 1.41023770439e-008]
        mean: [3.06262681882e-009, 3.09508277496e-006, 3.58215147571e-005, 0.000181689858437, 0.000626875087619, 0.000313773896778, 0.000210872618482, 0.000342217157595, 0.00039018917596, 0.000238853928749, 0.000132010711241, 0.00015836583043, 0.000118743046187, 0.00013174986816, 0.000163445758517, 0.000176037749043, 0.000196884619072, 9.31072572712e-005, 9.49875975493e-005, 7.38434828236e-005, 3.92282599933e-005, 2.50126358878e-005, 7.25387235434e-006, 5.53678910364e-006, 3.07007667288e-006, 1.07000403204e-007, 3.53781254292e-010]
        median: [1.4323366937e-009, 1.23994641399e-006, 1.48511726366e-005, 7.68342724768e-005, 0.000356989272404, 5.39389293408e-005, 1.8836619347e-005, 1.7257512809e-005, 2.53236721619e-005, 3.74352894141e-005, 1.03316924651e-005, 3.53450195689e-005, 2.04261086765e-005, 1.90662103705e-005, 2.46285053436e-005, 2.76428345387e-005, 5.43816713616e-005, 3.88221742469e-005, 4.21135118813e-005, 3.81436329917e-005, 1.78475620487e-005, 9.69430948317e-006, 2.42966598307e-006, 1.15981197268e-006, 5.84237227486e-007, 1.61247974972e-008, 1.05061612188e-010]
        min: [1.16344274971e-023, 1.01816186555e-023, 1.63837669436e-023, 1.09186364109e-023, 4.13162680557e-023, 3.34050912707e-023, 3.68702795483e-023, 2.16964453731e-023, 6.70817337086e-023, 2.26632559436e-023, 6.68604929345e-023, 4.31218760044e-023, 5.3355648621e-023, 1.40653508126e-022, 1.74704783763e-022, 8.51039994621e-023, 1.49628788852e-022, 1.60945787399e-022, 3.00963360039e-022, 3.17999448687e-022, 2.44543018356e-022, 3.88384521659e-022, 6.54498632234e-022, 7.2327336873e-022, 1.03979632224e-021, 1.83361829165e-021, 2.24660558003e-021]
        var: [4.34173041459e-017, 2.92560420334e-011, 2.70826583382e-009, 6.15293487272e-008, 6.33286447282e-007, 4.03850577868e-007, 3.19323106623e-007, 8.72560633525e-007, 1.28928650156e-006, 5.24276515534e-007, 3.87564654147e-007, 1.88635766563e-007, 1.7903745686e-007, 2.47869564873e-007, 4.29537777791e-007, 4.02035624347e-007, 2.63391683575e-007, 3.12958228221e-008, 3.64325210001e-008, 1.73779390877e-008, 4.89355800326e-009, 2.4802551124e-009, 2.42934172778e-010, 1.85546772391e-010, 7.2911038318e-011, 8.88916422566e-014, 5.32874868787e-019]
    frequency_bands:
        dmean: [2.865119475e-009, 1.76315506906e-006, 1.70830007846e-005, 6.99517549947e-005, 0.000271588709438, 0.00013207088341, 7.81932685641e-005, 0.000101943391201, 0.000114172988106, 8.4574749053e-005, 4.91781684104e-005, 7.04718040652e-005, 6.65028055664e-005, 8.34133097669e-005, 9.89780892269e-005, 8.98072539712e-005, 9.26749271457e-005, 4.7502318921e-005, 4.72683750559e-005, 3.78868753614e-005, 2.01788661798e-005, 1.20717832033e-005, 3.34432002091e-006, 2.61030277215e-006, 1.69764962266e-006, 7.09336376303e-008, 3.17580878262e-010, 4.49091874799e-011]
        dmean2: [4.83265027995e-009, 2.98503323393e-006, 2.80543881672e-005, 0.000113772650366, 0.000428007857408, 0.000191716986592, 0.00011629902292, 0.000140523567097, 0.000160697571118, 0.000119176242151, 6.78348733345e-005, 0.000101588382677, 9.71089393715e-005, 0.000122559737065, 0.000145073543536, 0.000131589113153, 0.000139562267577, 7.31869295123e-005, 7.37953087082e-005, 5.77826176595e-005, 3.1156330806e-005, 1.81166888069e-005, 4.97621203976e-006, 3.72072304344e-006, 2.45010573963e-006, 1.05047242016e-007, 5.31461319397e-010, 8.35245483888e-011]
        dvar: [4.62568596788e-017, 1.07594289381e-011, 8.91486273691e-010, 1.27894477231e-008, 2.04245466762e-007, 1.24440759919e-007, 6.86629562097e-008, 8.54295976183e-008, 1.28914052766e-007, 5.84333363918e-008, 4.3069920963e-008, 5.40573878993e-008, 6.4754971163e-008, 1.29452701003e-007, 1.86456901474e-007, 1.34890626668e-007, 7.48846105125e-008, 1.43052751866e-008, 1.39626621376e-008, 8.33611935036e-009, 2.63052379879e-009, 9.43605082959e-010, 7.54675072434e-011, 5.39292048518e-011, 2.34987428821e-011, 4.36461813685e-014, 3.71880654467e-019, 5.46494400804e-021]
        dvar2: [1.16160801367e-016, 3.0696774983e-011, 2.42235076442e-009, 3.45678685676e-008, 4.81972449506e-007, 2.50892639997e-007, 1.60658018444e-007, 1.6209979492e-007, 2.24217302502e-007, 1.0658808236e-007, 7.59304654707e-008, 1.12385485806e-007, 1.28132256805e-007, 2.69222027782e-007, 3.88288356135e-007, 2.60965180132e-007, 1.57774451282e-007, 3.22031041833e-008, 3.06878966683e-008, 1.80576744668e-008, 6.13368644764e-009, 2.07111483519e-009, 1.50533543963e-010, 9.86434267602e-011, 4.19745002644e-011, 9.75947363831e-014, 9.2310068318e-019, 1.76857111857e-020]
        max: [2.56570814372e-007, 8.89216535143e-005, 0.000445175362984, 0.00243854476139, 0.00719281611964, 0.00628184247762, 0.005290819332, 0.00889683607966, 0.00905656628311, 0.00743981869891, 0.00837968755513, 0.00621648132801, 0.00950173661113, 0.00829352904111, 0.0112639088184, 0.0108783179894, 0.0100255198777, 0.00351717509329, 0.00465793628246, 0.00329646258615, 0.0012625552481, 0.00118518061936, 0.000271853117738, 0.000151973203174, 0.000103362537629, 4.82102268506e-006, 1.41023770439e-008, 9.36195454493e-010]
        mean: [3.06262681882e-009, 3.09508277496e-006, 3.58215147571e-005, 0.000181689858437, 0.000626875087619, 0.000313773896778, 0.000210872618482, 0.000342217157595, 0.00039018917596, 0.000238853928749, 0.000132010711241, 0.00015836583043, 0.000118743046187, 0.00013174986816, 0.000163445758517, 0.000176037749043, 0.000196884619072, 9.31072572712e-005, 9.49875975493e-005, 7.38434828236e-005, 3.92282599933e-005, 2.50126358878e-005, 7.25387235434e-006, 5.53678910364e-006, 3.07007667288e-006, 1.07000403204e-007, 3.53781254292e-010, 3.56516760558e-011]
        median: [1.4323366937e-009, 1.23994641399e-006, 1.48511726366e-005, 7.68342724768e-005, 0.000356989272404, 5.39389293408e-005, 1.8836619347e-005, 1.7257512809e-005, 2.53236721619e-005, 3.74352894141e-005, 1.03316924651e-005, 3.53450195689e-005, 2.04261086765e-005, 1.90662103705e-005, 2.46285053436e-005, 2.76428345387e-005, 5.43816713616e-005, 3.88221742469e-005, 4.21135118813e-005, 3.81436329917e-005, 1.78475620487e-005, 9.69430948317e-006, 2.42966598307e-006, 1.15981197268e-006, 5.84237227486e-007, 1.61247974972e-008, 1.05061612188e-010, 9.4541787593e-012]
        min: [1.16344274971e-023, 1.01816186555e-023, 1.63837669436e-023, 1.09186364109e-023, 4.13162680557e-023, 3.34050912707e-023, 3.68702795483e-023, 2.16964453731e-023, 6.70817337086e-023, 2.26632559436e-023, 6.68604929345e-023, 4.31218760044e-023, 5.3355648621e-023, 1.40653508126e-022, 1.74704783763e-022, 8.51039994621e-023, 1.49628788852e-022, 1.60945787399e-022, 3.00963360039e-022, 3.17999448687e-022, 2.44543018356e-022, 3.88384521659e-022, 6.54498632234e-022, 7.2327336873e-022, 1.03979632224e-021, 1.83361829165e-021, 2.24660558003e-021, 7.26932017256e-022]
        var: [4.34173041459e-017, 2.92560420334e-011, 2.70826583382e-009, 6.15293487272e-008, 6.33286447282e-007, 4.03850577868e-007, 3.19323106623e-007, 8.72560633525e-007, 1.28928650156e-006, 5.24276515534e-007, 3.87564654147e-007, 1.88635766563e-007, 1.7903745686e-007, 2.47869564873e-007, 4.29537777791e-007, 4.02035624347e-007, 2.63391683575e-007, 3.12958228221e-008, 3.64325210001e-008, 1.73779390877e-008, 4.89355800326e-009, 2.4802551124e-009, 2.42934172778e-010, 1.85546772391e-010, 7.2911038318e-011, 8.88916422566e-014, 5.32874868787e-019, 4.40876765174e-021]
    mfcc:
        mean: [-772.105163574, 107.477516174, -36.8606185913, 24.8253326416, -13.7235689163, -10.2862968445, -9.26009750366, -8.82787132263, -11.0362415314, -15.1050167084, -12.3476753235, -14.6598577499, -11.2443323135]
        cov: [[8343.23339844, -252.58996582, -1174.10864258, 136.449645996, -540.524658203, -157.684463501, -486.197998047, -137.990509033, -93.8073043823, -145.615783691, -44.2560653687, -175.811523438, -177.995193481], [-252.58996582, 1380.6574707, -98.8831176758, -110.124511719, -62.2285270691, -32.3273735046, 61.8507728577, 10.9316587448, -64.7384796143, -43.4260139465, -25.844789505, -42.7703361511, 4.43269586563], [-1174.10864258, -98.8831176758, 619.510986328, -70.5426101685, 74.3327713013, 36.1469650269, 65.7405700684, 18.4528942108, -32.2526435852, -19.6298828125, -12.6501998901, 23.9750404358, 36.1752204895], [136.449645996, -110.124511719, -70.5426101685, 389.16116333, 98.3594665527, -20.0439128876, 13.2836637497, -35.9645271301, 13.2833013535, -15.9934806824, -46.675113678, 7.56961250305, 24.4371814728], [-540.524658203, -62.2285270691, 74.3327713013, 98.3594665527, 385.769042969, 29.3791236877, -12.516954422, -27.5518512726, 7.1370306015, 25.1338615417, -51.8230247498, -9.83928203583, -7.96272230148], [-157.684463501, -32.3273735046, 36.1469650269, -20.0439128876, 29.3791236877, 192.515914917, 95.0254898071, 8.49766540527, -8.71270084381, 16.7499656677, 21.1595745087, -14.9200134277, -31.4685268402], [-486.197998047, 61.8507728577, 65.7405700684, 13.2836637497, -12.516954422, 95.0254898071, 279.672790527, 51.543384552, -23.5254859924, 5.34802722931, 4.97797060013, 2.01041984558, -2.04146766663], [-137.990509033, 10.9316587448, 18.4528942108, -35.9645271301, -27.5518512726, 8.49766540527, 51.543384552, 138.377380371, 41.1785850525, 10.7473125458, 13.7355327606, 2.07585525513, -5.12382745743], [-93.8073043823, -64.7384796143, -32.2526435852, 13.2833013535, 7.1370306015, -8.71270084381, -23.5254859924, 41.1785850525, 139.780838013, 51.5979156494, 15.4088077545, 14.9408950806, -6.67015647888], [-145.615783691, -43.4260139465, -19.6298828125, -15.9934806824, 25.1338615417, 16.7499656677, 5.34802722931, 10.7473125458, 51.5979156494, 119.593566895, 43.6134262085, 4.58060312271, -8.63084888458], [-44.2560653687, -25.844789505, -12.6501998901, -46.675113678, -51.8230247498, 21.1595745087, 4.97797060013, 13.7355327606, 15.4088077545, 43.6134262085, 118.89515686, 34.0098609924, 8.74279117584], [-175.811523438, -42.7703361511, 23.9750404358, 7.56961250305, -9.83928203583, -14.9200134277, 2.01041984558, 2.07585525513, 14.9408950806, 4.58060312271, 34.0098609924, 110.679367065, 56.6958885193], [-177.995193481, 4.43269586563, 36.1752204895, 24.4371814728, -7.96272230148, -31.4685268402, -2.04146766663, -5.12382745743, -6.67015647888, -8.63084888458, 8.74279117584, 56.6958885193, 116.760154724]]
        icov: [[0.000227785756579, 7.97700558905e-005, 0.00036567542702, -9.19898011489e-005, 0.000306004541926, -6.36945987935e-005, 0.000350467191311, -7.64786273066e-006, 0.000251000135904, 0.000152096268721, 8.61476582941e-005, 0.000163279095432, 0.000199518370209], [7.97700558905e-005, 0.000842504145112, 0.000337414821843, 0.000284925772576, 8.71127194841e-005, 0.000239437984419, -0.000197547895368, -2.28652916121e-005, 0.000324694236042, 0.000237726097112, 0.00013658903481, 0.000398283067625, -0.000176039407961], [0.00036567542702, 0.000337414821843, 0.00251229619607, 0.000468130194349, -3.80738783861e-005, -0.000223075752729, 0.000101173289295, -0.000221017122385, 0.000713001238182, 0.000615226570517, 0.000400141550926, 4.85976634081e-005, -0.000369703862816], [-9.19898011489e-005, 0.000284925772576, 0.000468130194349, 0.00336898118258, -0.000974974827841, 0.00048665900249, -0.000979430391453, 0.000934795243666, -0.000862221524585, 0.000634533003904, 0.000785816751886, -5.47621348232e-005, -0.000947229331359], [0.000306004541926, 8.71127194841e-005, -3.80738783861e-005, -0.000974974827841, 0.00374938570894, -0.000909081019927, 0.0010353528196, 0.000257494975813, 0.000495027459692, -0.00131549523212, 0.00187224545516, -8.93432224984e-005, 0.000553355319425], [-6.36945987935e-005, 0.000239437984419, -0.000223075752729, 0.00048665900249, -0.000909081019927, 0.00722081074491, -0.00271683582105, 0.000682068639435, -4.41328694478e-007, 4.19939487983e-006, -0.00176378176548, 0.000698308227584, 0.00152088713367], [0.000350467191311, -0.000197547895368, 0.000101173289295, -0.000979430391453, 0.0010353528196, -0.00271683582105, 0.00580608146265, -0.00227099703625, 0.00192502653226, -0.000735778769013, 0.000787661178038, -0.00041243256419, 0.000252522237133], [-7.64786273066e-006, -2.28652916121e-005, -0.000221017122385, 0.000934795243666, 0.000257494975813, 0.000682068639435, -0.00227099703625, 0.00941725634038, -0.00362568092532, 0.000990979606286, -0.000730244617444, 0.000574980280362, 7.85921874922e-005], [0.000251000135904, 0.000324694236042, 0.000713001238182, -0.000862221524585, 0.000495027459692, -4.41328694478e-007, 0.00192502653226, -0.00362568092532, 0.0108203440905, -0.00432755472139, 0.00105127878487, -0.00177476904355, 0.00131936406251], [0.000152096268721, 0.000237726097112, 0.000615226570517, 0.000634533003904, -0.00131549523212, 4.19939487983e-006, -0.000735778769013, 0.000990979606286, -0.00432755472139, 0.0125834858045, -0.00472098402679, 0.00146363070235, 0.000167203237652], [8.61476582941e-005, 0.00013658903481, 0.000400141550926, 0.000785816751886, 0.00187224545516, -0.00176378176548, 0.000787661178038, -0.000730244617444, 0.00105127878487, -0.00472098402679, 0.0127208167687, -0.00395550718531, 0.000151015556185], [0.000163279095432, 0.000398283067625, 4.85976634081e-005, -5.47621348232e-005, -8.93432224984e-005, 0.000698308227584, -0.00041243256419, 0.000574980280362, -0.00177476904355, 0.00146363070235, -0.00395550718531, 0.0140341483057, -0.0060813287273], [0.000199518370209, -0.000176039407961, -0.000369703862816, -0.000947229331359, 0.000553355319425, 0.00152088713367, 0.000252522237133, 7.85921874922e-005, 0.00131936406251, 0.000167203237652, 0.000151015556185, -0.0060813287273, 0.0126730678603]]
    sccoeffs:
        dmean: [0.0466160960495, 0.0413111150265, 0.0333996117115, 0.0295811221004, 0.0235430169851, 0.0193791501224]
        dmean2: [0.076908506453, 0.0659346133471, 0.0527863502502, 0.0467191003263, 0.0359174795449, 0.0287114363164]
        dvar: [0.00149391090963, 0.00135035149287, 0.00080595863983, 0.000664508959744, 0.000401145633077, 0.000290901371045]
        dvar2: [0.00392979709432, 0.00308933574706, 0.00187341531273, 0.00146750186104, 0.000867169757839, 0.000595010176767]
        max: [-0.250117272139, -0.375067621469, -0.397508323193, -0.485422194004, -0.487150758505, -0.621010482311]
        mean: [-0.532857954502, -0.691728770733, -0.732298731804, -0.761600673199, -0.765057325363, -0.776457548141]
        median: [-0.522792696953, -0.706605672836, -0.752572417259, -0.77573621273, -0.770136415958, -0.774848461151]
        min: [-0.96271198988, -0.962850809097, -0.967875540257, -0.961370289326, -0.964632987976, -0.95927888155]
        var: [0.00972343608737, 0.0122050857171, 0.00904578529298, 0.00529994256794, 0.00349831371568, 0.00235442491248]
    scvalleys:
        dmean: [0.407410413027, 0.32071608305, 0.278592765331, 0.26826274395, 0.28437051177, 0.350552201271]
        dmean2: [0.680158317089, 0.524290323257, 0.439631074667, 0.399207949638, 0.363003700972, 0.423488467932]
        dvar: [0.130481541157, 0.085303619504, 0.0672222673893, 0.0738023295999, 0.0983145236969, 0.183608531952]
        dvar2: [0.321842253208, 0.187852039933, 0.132901921868, 0.118744529784, 0.132801666856, 0.246221169829]
        max: [-6.32231521606, -5.17510080338, -5.37564229965, -5.6236243248, -5.93026971817, -7.53726387024]
        mean: [-8.49553585052, -7.46611881256, -7.76686859131, -8.09952354431, -8.43686485291, -10.4599924088]
        median: [-8.33128166199, -7.23551940918, -7.52888631821, -7.80251073837, -8.12065315247, -10.1380271912]
        min: [-27.6332798004, -27.6065177917, -27.1657161713, -27.534198761, -27.2823925018, -27.2950267792]
        var: [1.57234621048, 1.73777890205, 1.72537267208, 1.90728056431, 2.00017619133, 2.67039227486]

rhythm:
    beats_loudness:
        dmean: 0.00204541557468
        dmean2: 0.0034844095353
        dvar: 4.35218407802e-006
        dvar2: 1.30919379444e-005
        max: 0.0154935326427
        mean: 0.00441608484834
        median: 0.00413906387985
        min: 1.09783970109e-011
        var: 1.03855627458e-005
    bpm: 106.55532074
    bpm_confidence: 0
    first_peak_bpm: 108
    first_peak_spread: 0.515151500702
    first_peak_weight: 0.203045681119
    onset_rate: 2.91666674614
    second_peak_bpm: 80
    second_peak_spread: 0.202380895615
    second_peak_weight: 0.170050755143
    beats_loudness_band_ratio:
        dmean: [0.152601018548, 0.186323285103, 0.180154487491, 0.12502348423, 0.147937074304, 0.0737376064062]
        dmean2: [0.260851204395, 0.321782886982, 0.299542248249, 0.219491228461, 0.262706756592, 0.131862953305]
        dvar: [0.0257168728858, 0.0259904153645, 0.0321668088436, 0.0230490285903, 0.0295666810125, 0.0121102053672]
        dvar2: [0.0677701607347, 0.0663919448853, 0.0879025235772, 0.0614565052092, 0.0824811905622, 0.0349558703601]
        max: [0.942454397678, 0.889052271843, 0.919306218624, 0.864560365677, 0.863520681858, 0.609983444214]
        mean: [0.181069582701, 0.277046918869, 0.221139937639, 0.141304060817, 0.165055453777, 0.0789955109358]
        median: [0.0992935821414, 0.224265545607, 0.129341855645, 0.0888243094087, 0.100480221212, 0.0467875599861]
        min: [0, 0, 0, 0, 0, 0]
        var: [0.0418159738183, 0.0457987673581, 0.0464358329773, 0.0233523678035, 0.0327344499528, 0.00938481278718]
    beats_position: [0.545668900013, 1.11455774307, 1.67183673382, 2.24072551727, 2.79800438881, 3.36689329147, 3.93578219414, 4.5046710968, 5.06195020676, 5.61922883987, 6.17650794983, 6.74539661407, 7.31428575516, 7.87156438828, 8.42884349823, 8.98612213135, 9.55501079559, 10.1239004135, 10.6927890778, 11.261677742, 11.8189563751, 12.387845993, 12.9567346573, 13.5140132904, 14.0712919235, 14.6285715103, 15.1858501434, 15.7547388077, 16.3236274719, 16.8809070587, 17.4381847382, 17.995464325, 18.5527439117, 19.1216316223, 19.6789112091, 20.247800827, 20.8166885376, 21.3855781555, 21.9544658661, 22.523355484, 23.0806350708, 23.6379127502, 24.195192337, 24.7524719238, 25.3097496033, 25.8670291901, 26.4243087769, 27.0048065186, 27.5853061676, 28.1774139404, 28.7579135895, 29.3500213623, 29.8840808868, 30.4181404114, 30.9521980286, 31.5094776154, 32.0667572021, 32.6124267578, 33.1813163757, 33.7385940552, 34.2842636108, 34.8299331665, 35.3755989075, 35.9212684631, 36.4785499573, 37.0358276367, 37.6163253784, 38.1968231201, 38.7773246765, 39.3578224182, 39.9267120361, 40.4956016541, 41.0644874573, 41.6217689514, 42.1906585693, 42.771156311, 43.3284339905, 43.8973236084, 44.4662132263, 45.0234909058, 45.5807685852, 46.1496582031, 46.7069396973, 47.2758255005, 47.8331069946, 48.3903846741, 48.9476623535, 49.5049438477, 50.0622215271, 50.631111145, 51.1883888245, 51.7572784424, 52.5003166199, 53.2549667358, 54.0096130371, 54.7526512146, 55.5073013306, 56.2619476318, 57.0165977478, 57.7712478638, 58.5142860413, 59.2573242188, 60.0003623962, 60.7550086975, 61.5096588135, 62.252696991, 62.9957351685, 63.7387733459, 64.4818115234, 65.2480697632, 66.0027160645, 66.7573699951, 67.5004043579, 68.2434463501, 68.9864807129, 69.7527389526, 70.4957809448, 71.238822937, 71.9818572998, 72.7365036011, 73.3634490967, 74.001991272, 74.6521530151, 75.2907028198, 75.8828125, 76.4749221802, 77.0554199219, 77.6243057251, 78.1815872192, 78.738861084, 79.3077545166, 79.8766403198, 80.4571380615, 81.0376434326, 81.6297454834, 82.2218551636, 82.8255767822, 83.4176864624, 83.9981842041, 84.5670700073, 85.1243515015, 85.6932373047, 86.2621307373, 86.8194122314, 87.3882980347, 87.9455795288, 88.5028533936, 89.0601348877, 89.4432601929, 89.8380050659, 90.2327423096, 90.6390914917, 91.0222167969, 91.4053497314, 91.788482666, 92.1832199097, 92.5779571533, 92.9843063354, 93.36743927, 93.7505645752, 94.1336975098, 94.5052108765, 94.8767318726, 95.2598648071, 95.6429901123, 96.0145111084, 96.374420166, 96.7343292236, 97.1174621582, 97.4889755249, 97.8721084595, 98.2436294556, 98.6267547607, 99.0098876953, 99.3930130005, 99.7761459351, 100.147659302, 100.519180298, 100.890701294, 101.26222229, 101.633743286, 102.005256653, 102.376777649, 102.759910583, 103.143035889, 103.537773132, 103.932518005, 104.327255249, 104.721992493, 105.116729736, 105.523078918, 105.929428101, 106.324172974, 106.718910217, 107.125259399, 107.531608582, 107.937957764, 108.344306946, 108.739044189, 109.122177124, 109.505302429, 109.911651611, 110.294784546, 110.666305542, 111.037818909, 111.409339905, 111.780860901, 112.140769958, 112.512290955, 112.883804321, 113.255325317, 113.626846313, 113.99836731, 114.381492615, 114.776237488, 115.159362793, 115.542495728, 115.914009094, 116.28553009, 116.657051086, 117.028572083, 117.411697388, 117.783218384, 118.143127441, 118.503036499, 118.874557495, 119.2576828, 119.629203796, 120.000724792, 120.372245789, 120.755371094, 121.138504028, 121.521629333, 121.951202393, 122.380767822, 122.82194519, 123.263130188, 123.750747681, 124.226753235, 124.69115448, 125.236824036, 125.782493591, 126.339767456, 126.908660889, 127.477546692, 128.034820557, 128.603713989, 129.18421936, 129.753097534, 130.321990967, 130.890884399, 131.448165894, 132.005432129, 132.5859375, 133.143218994, 133.68888855, 134.234558105, 134.7918396, 135.349105835, 135.906387329, 136.475280762, 137.044174194, 137.601455688, 138.170333862, 138.739227295, 139.308120728, 139.876998901, 140.445892334, 141.026397705, 141.618499756, 142.199005127, 142.791107178, 143.383224487, 143.975326538, 144.555831909, 145.124710083, 145.693603516, 146.25088501, 146.819763184, 147.377044678, 147.94593811, 148.514831543, 149.072113037, 149.640991211, 150.198272705, 150.755554199, 151.312835693, 151.870117188, 152.438995361, 152.996276855, 153.565170288, 154.134063721, 154.702941895, 155.271835327, 155.84072876, 156.397994995, 156.955276489, 157.524169922, 158.081451416, 158.650344849, 159.207611084, 159.776504517, 160.333786011, 160.891067505, 161.448348999, 162.017227173, 162.574508667, 163.1434021, 163.700683594, 164.269561768, 164.826843262, 165.395736694, 165.953018188, 166.510284424, 167.067565918, 167.636459351, 168.193740845, 168.762634277, 169.319900513, 169.900405884, 170.492507935, 171.131057739, 171.769607544, 172.524261475, 173.278915405, 174.021942139, 174.776596069, 175.519638062, 176.262680054, 177.005706787, 177.760360718, 178.515014648, 179.258041382, 179.989471436, 180.732513428, 181.487167358, 182.230194092, 182.973236084, 183.739501953, 184.494140625, 185.248794556, 185.991836548, 186.74647522, 187.50112915, 188.26739502, 189.022033691, 189.776687622, 190.519729614, 191.262756348, 192.029022217, 192.783676147, 193.526702881, 194.281356812, 195.036010742, 195.790649414, 196.533691406, 197.276733398, 198.03137207, 198.786026001, 199.529067993, 200.272109985, 201.015136719, 201.769790649, 202.52444458, 203.29069519, 204.05696106, 204.82321167, 205.577865601, 206.332519531, 207.087158203, 207.853424072, 208.584854126, 209.327880859, 210.059310913, 210.790740967, 211.510559082, 212.241989136, 212.961807251, 213.681625366, 214.308563232, 214.935501099, 215.550842285, 216.166168213, 216.781494141, 217.454864502, 218.128250122, 218.813232422, 219.509841919, 220.171600342, 220.833374023, 221.471923828, 222.122085571, 222.772247314, 223.422393799, 224.072555542]
    bpm_estimates: [105.468757629, 107.666000366, 105.468772888, 107.666023254, 105.46875, 105.46875, 105.46875, 107.665977478, 107.666069031, 107.665977478, 105.468788147, 105.468704224, 107.666069031, 107.665977478, 107.666069031, 105.468788147, 105.468612671, 105.468788147, 105.468788147, 107.666069031, 105.468612671, 105.468788147, 107.666069031, 107.666069031, 107.665885925, 107.666069031, 105.468788147, 105.468788147, 107.665885925, 107.666252136, 107.665885925, 107.665885925, 105.468971252, 107.665885925, 105.468612671, 105.468971252, 105.468612671, 105.468971252, 105.468612671, 107.665885925, 107.666252136, 107.665885925, 107.665885925, 107.666252136, 107.665885925, 107.665885925, 103.359573364, 103.359237671, 103.359237671, 112.34703064, 112.34703064, 112.347427368, 107.665885925, 107.665885925, 109.95665741, 105.468612671, 107.666252136, 109.95665741, 109.95665741, 109.957427979, 109.95665741, 107.665519714, 107.666252136, 103.359573364, 103.359573364, 103.358894348, 103.359573364, 105.468612671, 105.468612671, 105.469322205, 107.665519714, 105.468612671, 103.359573364, 107.666252136, 105.468612671, 105.468612671, 107.666252136, 107.666252136, 105.468612671, 107.665519714, 105.469322205, 107.665519714, 107.666252136, 107.666252136, 107.665519714, 107.666252136, 105.468612671, 107.666252136, 105.468612671, 103.359573364, 105.469322205, 107.665519714, 107.666992188, 105.467910767, 105.469322205, 103.359573364, 103.358215332, 103.359573364, 105.469322205, 107.665519714, 105.469322205, 105.467910767, 107.665519714, 105.469322205, 107.665519714, 107.666992188, 107.665519714, 109.95665741, 109.95665741, 107.666992188, 105.467910767, 105.469322205, 107.666992188, 105.467910767, 103.358215332, 105.470733643, 105.467910767, 105.467910767, 107.665519714, 107.668464661, 103.358215332, 107.665519714, 109.95665741, 109.95665741, 107.665519714, 107.668464661, 107.665519714, 105.467910767, 105.467910767, 107.665519714, 105.470733643, 105.467910767, 105.467910767, 105.470733643, 105.467910767, 103.358215332, 103.358215332, 103.358215332, 105.470733643, 105.467910767, 107.665519714, 105.470733643, 107.665519714, 105.467910767, 105.467910767, 107.665519714, 105.470733643, 107.665519714, 107.665519714, 107.665519714, 107.665519714, 105.470733643, 107.665519714, 105.467910767, 105.467910767, 105.470733643, 105.467910767, 105.467910767, 107.668464661, 107.665519714, 105.467910767, 107.665519714, 105.467910767, 107.668464661, 105.467910767, 107.665519714, 107.665519714, 107.665519714, 105.470733643, 107.665519714, 105.467910767, 107.665519714, 105.470733643, 107.665519714, 105.467910767, 107.665519714, 107.668464661, 107.665519714, 105.467910767, 107.665519714, 105.467910767, 107.668464661, 103.358215332]
