
metadata:
    version:
        essentia: "2.1-beta2"
    audio_properties:
        analysis_sample_rate: 44100
        bitrate: 286
        channels: 2
        equal_loudness: 1
        length: 258.429382324
        replay_gain: -16.4573097229
        downmix: "mix"
    tags:
        album: "The Return"
        artist: "Nonpoint"
        comment: ""
        date: "2014"
        genre: "Hard Rock"
        title: "Pins And Needles"
        tracknumber: "1/13"

configuration:
    average_loudness:
        compute: 1
        frameSize: 88200
        hopSize: 44100
        silentFrames: "noise"
        windowType: "hann"
    general:
        analysisSampleRate: 44100
        endTime: 2000
        equalLoudness: 1
        nequalLoudness: 0
        shortSound: 0
        startTime: 0
    lowlevel:
        compute: 1
        frameSize: 2048
        hopSize: 1024
        zeroPadding: 0
        silentFrames: "noise"
        windowType: "blackmanharris62"
        mfccStats: ["mean", "cov", "icov"]
        stats: ["mean", "var", "median", "min", "max", "dmean", "dmean2", "dvar", "dvar2"]
    panning:
        compute: 0
        frameSize: 8192
        hopSize: 2048
        zeroPadding: 8192
        silentFrames: "noise"
        windowType: "hann"
        stats: ["copy"]
    rhythm:
        compute: 1
        maxTempo: 208
        minTempo: 40
        method: "degara"
        stats: ["mean", "var", "median", "min", "max", "dmean", "dmean2", "dvar", "dvar2"]
    segmentation:
        compute: 0
        cpw: 5
        inc1: 300
        inc2: 50
        minimumSegmentsLength: 10
        size1: 1000
        size2: 600
    sfx:
        compute: 1
        stats: ["mean", "var", "median", "min", "max", "dmean", "dmean2", "dvar", "dvar2"]
    svm:
        compute: 0
    tonal:
        compute: 1
        frameSize: 4096
        hopSize: 2048
        zeroPadding: 0
        silentFrames: "noise"
        windowType: "blackmanharris62"
        stats: ["mean", "var", "median", "min", "max", "dmean", "dmean2", "dvar", "dvar2"]

lowlevel:
    average_loudness: 0.937550246716
    barkbands_kurtosis:
        dmean: 0.936183810234
        dmean2: 1.52873492241
        dvar: 4.11428260803
        dvar2: 10.5653238297
        max: 67.0341644287
        mean: -0.424337118864
        median: -1.09222114086
        min: -1.92003953457
        var: 6.88680839539
    barkbands_skewness:
        dmean: 0.489844977856
        dmean2: 0.726710438728
        dvar: 0.232169687748
        dvar2: 0.493052393198
        max: 6.37331295013
        mean: -0.28750166297
        median: -0.398514598608
        min: -6.20745182037
        var: 0.851753056049
    barkbands_spread:
        dmean: 6.33658838272
        dmean2: 10.1008253098
        dvar: 39.1821022034
        dvar2: 97.6513824463
        max: 85.4501647949
        mean: 35.5304794312
        median: 35.9028625488
        min: 0.676329791546
        var: 153.867736816
    dissonance:
        dmean: 0.00993204582483
        dmean2: 0.0169172454625
        dvar: 0.000142510602018
        dvar2: 0.00039905324229
        max: 0.5
        mean: 0.484337449074
        median: 0.488296657801
        min: 0.277358949184
        var: 0.000242841022555
    hfc:
        dmean: 2.42289638519
        dmean2: 3.84529995918
        dvar: 11.4689092636
        dvar2: 28.6287345886
        max: 51.9927558899
        mean: 8.37912940979
        median: 7.44129133224
        min: 1.19621460352e-016
        var: 30.1429233551
    pitch:
        dmean: 808.028991699
        dmean2: 1541.27697754
        dvar: 1562944
        dvar2: 3846061.25
        max: 5058.86962891
        mean: 2174.78100586
        median: 2973.4296875
        min: 59.9427680969
        var: 2520023
    pitch_instantaneous_confidence:
        dmean: 0.0848556011915
        dmean2: 0.138476073742
        dvar: 0.00506427744403
        dvar2: 0.0125914821401
        max: 0.912708342075
        mean: 0.412930399179
        median: 0.39321064949
        min: 0.131990015507
        var: 0.0177487526089
    pitch_salience:
        dmean: 0.0673160925508
        dmean2: 0.111113257706
        dvar: 0.0044640111737
        dvar2: 0.0120465159416
        max: 0.906002283096
        mean: 0.6618309021
        median: 0.68118429184
        min: 0.135877534747
        var: 0.00851476285607
    silence_rate_20dB:
        dmean: 0
        dmean2: 0
        dvar: 0
        dvar2: 0
        max: 1
        mean: 1
        median: 1
        min: 1
        var: 0
    silence_rate_30dB:
        dmean: 0
        dmean2: 0
        dvar: 0
        dvar2: 0
        max: 1
        mean: 1
        median: 1
        min: 1
        var: 0
    silence_rate_60dB:
        dmean: 0.103144653141
        dmean2: 0.206307843328
        dvar: 0.0924965590239
        dvar2: 0.193767055869
        max: 1
        mean: 0.402479559183
        median: 0
        min: 0
        var: 0.240488603711
    spectral_centroid:
        dmean: 314.79876709
        dmean2: 479.251312256
        dvar: 106947.75
        dvar2: 226329.671875
        max: 10855.2685547
        mean: 1973.62194824
        median: 2047.20117188
        min: 136.112106323
        var: 344328.25
    spectral_complexity:
        dmean: 3.84474396706
        dmean2: 6.10225534439
        dvar: 16.2768821716
        dvar2: 37.18409729
        max: 43
        mean: 14.6469316483
        median: 15
        min: 0
        var: 64.5093383789
    spectral_crest:
        dmean: 2.305975914
        dmean2: 3.83515763283
        dvar: 6.09721326828
        dvar2: 15.6337623596
        max: 25.397069931
        mean: 7.40092611313
        median: 6.44905281067
        min: 2.58590650558
        var: 10.8109359741
    spectral_decrease:
        dmean: 3.08133879523e-010
        dmean2: 4.94119689609e-010
        dvar: 3.54838614198e-019
        dvar2: 8.66856123839e-019
        max: 8.86010679684e-030
        mean: -9.15945541635e-010
        median: -7.89608378682e-010
        min: -5.46035749949e-009
        var: 4.7512742567e-019
    spectral_energy:
        dmean: 0.00134930887725
        dmean2: 0.00215532141738
        dvar: 6.02728687227e-006
        dvar2: 1.47040127558e-005
        max: 0.0232334136963
        mean: 0.00421700812876
        median: 0.00366987823509
        min: 1.08165868904e-020
        var: 9.04547778191e-006
    spectral_energyband_high:
        dmean: 0.000168097394635
        dmean2: 0.000275558821158
        dvar: 8.41035827648e-008
        dvar2: 2.08548499359e-007
        max: 0.00651693670079
        mean: 0.000411738961702
        median: 0.000303616659949
        min: 7.98952427915e-021
        var: 1.53588146645e-007
    spectral_energyband_low:
        dmean: 0.000212245024159
        dmean2: 0.000347554858308
        dvar: 9.41555811096e-008
        dvar2: 2.47761960281e-007
        max: 0.00385989481583
        mean: 0.000364493840607
        median: 0.000277860643109
        min: 7.18891404174e-023
        var: 1.23755143022e-007
    spectral_energyband_middle_high:
        dmean: 0.000650311878417
        dmean2: 0.0010097011691
        dvar: 6.52824496683e-007
        dvar2: 1.49603374666e-006
        max: 0.0128063997254
        mean: 0.00226286868565
        median: 0.00190948240925
        min: 1.63164930118e-021
        var: 2.59987268691e-006
    spectral_energyband_middle_low:
        dmean: 0.00082773558097
        dmean2: 0.00133678573184
        dvar: 4.32809338236e-006
        dvar2: 1.06658926597e-005
        max: 0.0177871305496
        mean: 0.00132513989229
        median: 0.000843837333377
        min: 2.93593783597e-022
        var: 4.05488617616e-006
    spectral_flatness_db:
        dmean: 0.0150083005428
        dmean2: 0.0236515626311
        dvar: 0.000225617768592
        dvar2: 0.000550101452973
        max: 0.483672618866
        mean: 0.150085777044
        median: 0.138896271586
        min: 0.0616327635944
        var: 0.0023636717815
    spectral_flux:
        dmean: 0.00852143485099
        dmean2: 0.0130305523053
        dvar: 0.000137002876727
        dvar2: 0.00029512817855
        max: 0.129831239581
        mean: 0.0392448417842
        median: 0.036123842001
        min: 1.04002820245e-010
        var: 0.000328478228766
    spectral_kurtosis:
        dmean: 1.25377881527
        dmean2: 2.11638522148
        dvar: 8.60122299194
        dvar2: 26.9642410278
        max: 134.806411743
        mean: 4.28674507141
        median: 2.86860895157
        min: -1.21063649654
        var: 65.2054977417
    spectral_rms:
        dmean: 0.000283036817564
        dmean2: 0.000438280665549
        dvar: 1.61750179473e-007
        dvar2: 3.68938060546e-007
        max: 0.00476096058264
        mean: 0.00191079883371
        median: 0.00189218623564
        min: 3.24850237855e-012
        var: 4.62996041506e-007
    spectral_rolloff:
        dmean: 312.673980713
        dmean2: 499.084289551
        dvar: 201067.546875
        dvar2: 411923.0625
        max: 18669.2871094
        mean: 3510.41137695
        median: 3596.04492188
        min: 129.19921875
        var: 649919.0625
    spectral_skewness:
        dmean: 0.163473576307
        dmean2: 0.266462445259
        dvar: 0.0427003912628
        dvar2: 0.12006547302
        max: 9.3297958374
        mean: 1.26529574394
        median: 1.14153528214
        min: 0.0249419566244
        var: 0.517998993397
    spectral_spread:
        dmean: 407481.34375
        dmean2: 578304.125
        dvar: 328397848576
        dvar2: 503567777792
        max: 41147180
        mean: 4439941.5
        median: 4283050
        min: 631690.3125
        var: 2.02932145357e+012
    spectral_strongpeak:
        dmean: 0.566153287888
        dmean2: 0.98071795702
        dvar: 0.636924743652
        dvar2: 1.59936785698
        max: 8.40975570679
        mean: 0.789246022701
        median: 0.371811926365
        min: 3.21590376551e-009
        var: 1.06228840351
    zerocrossingrate:
        dmean: 0.00946511048824
        dmean2: 0.0114809488878
        dvar: 0.00010124003893
        dvar2: 0.000133610476041
        max: 0.501953125
        mean: 0.108817234635
        median: 0.11181640625
        min: 0.00732421875
        var: 0.000685760693159
    barkbands:
        dmean: [3.57395123274e-007, 7.9058794654e-005, 0.000138687144499, 8.86207199073e-005, 0.000564505287912, 0.000151040512719, 9.46173677221e-005, 5.03011469846e-005, 6.74553230056e-005, 0.00010485832172, 2.327472248e-005, 4.26112710556e-005, 2.9563841963e-005, 5.35236868018e-005, 6.3338324253e-005, 9.08583460841e-005, 0.000168070982909, 0.000248032447416, 0.000248071970418, 0.000141412470839, 8.75498953974e-005, 3.29964204866e-005, 6.10120332567e-006, 2.37425365412e-006, 1.07412631678e-006, 2.90728827679e-008, 3.30447252894e-010]
        dmean2: [5.56277086616e-007, 0.00013366935309, 0.000225919371587, 0.00014937830565, 0.000940666475799, 0.000246026029345, 0.000162770928, 8.46233160701e-005, 0.000107983862108, 0.000163303309819, 3.75442032237e-005, 6.88724976499e-005, 4.7945894039e-005, 8.65098991198e-005, 0.000100975412352, 0.000146897669765, 0.000265277194558, 0.00040164749953, 0.000411203334806, 0.000232450751355, 0.000146966413013, 5.50415570615e-005, 9.80947424978e-006, 3.60964236279e-006, 1.62994501807e-006, 4.66572700475e-008, 5.73907255053e-010]
        dvar: [5.93483270341e-013, 2.59320334095e-008, 3.58441347714e-008, 1.32966144761e-008, 3.46814977092e-006, 6.76975702163e-008, 3.77932423135e-008, 1.32371544836e-008, 1.17480727369e-008, 6.55608900502e-008, 2.02022820694e-009, 7.65036922701e-009, 3.16329451522e-009, 1.08331841275e-008, 1.23566756827e-008, 2.42297382158e-008, 7.6625504164e-008, 1.88175690141e-007, 1.12603842695e-007, 4.71710066563e-008, 2.01404315447e-008, 4.98124874682e-009, 2.56222043582e-010, 5.72750458172e-011, 1.00705754499e-011, 4.66839625429e-015, 4.51730518647e-019]
        dvar2: [1.24428408115e-012, 7.29484952444e-008, 8.9261284586e-008, 3.57474938539e-008, 8.8343886091e-006, 1.69130359495e-007, 1.04453853567e-007, 3.53792515284e-008, 2.93690778363e-008, 1.46572958215e-007, 4.5569956697e-009, 1.84402839665e-008, 7.74271935455e-009, 2.71529660978e-008, 2.89783219642e-008, 6.12675989942e-008, 1.77352433184e-007, 4.47421626859e-007, 2.8964339549e-007, 1.19022253386e-007, 5.32146273713e-008, 1.23795533824e-008, 5.43880329662e-010, 1.16670714756e-010, 2.35334026571e-011, 1.18738433799e-014, 1.2349567697e-018]
        max: [8.34329784993e-006, 0.00162683113012, 0.00219435873441, 0.00214538280852, 0.0153210265562, 0.00324207358062, 0.00270585203543, 0.00157770246733, 0.00166271242779, 0.00583913130686, 0.00182300515007, 0.00163874647114, 0.00112335640006, 0.00169593805913, 0.0023955735378, 0.00544972205535, 0.00456467736512, 0.00899213273078, 0.00834251474589, 0.00483061652631, 0.00198367168196, 0.00128725916147, 0.000383567617973, 0.00019318748673, 9.89489853964e-005, 1.85668625363e-006, 2.29151986275e-008]
        mean: [4.37124839436e-007, 0.000106063605926, 0.000195666230866, 0.000114876085718, 0.000522011308931, 0.000224839692237, 0.000132165441755, 6.97393115843e-005, 0.000125451624626, 0.00018783439009, 4.29285246355e-005, 6.85112609062e-005, 4.83904805151e-005, 8.60554791871e-005, 0.000113783615234, 0.000183136144187, 0.000347752065863, 0.000497411645483, 0.000560294487514, 0.000328757683747, 0.000186187695363, 5.61867200304e-005, 1.15374195957e-005, 4.7743160394e-006, 2.15411751014e-006, 5.96989053747e-008, 4.66269356458e-010]
        median: [1.38868813337e-007, 7.45877405279e-005, 0.000120601791423, 7.43882992538e-005, 0.000153488377691, 0.000117693227367, 6.39740173938e-005, 2.67466275545e-005, 5.86932692386e-005, 4.78297151858e-005, 1.89785605471e-005, 3.38402605848e-005, 2.81681350316e-005, 3.86022838939e-005, 6.04781453148e-005, 0.000120168784633, 0.000188158970559, 0.000219112349441, 0.000470724946354, 0.000261794717517, 0.00014253493282, 2.67446866928e-005, 4.67886547995e-006, 1.81812697519e-006, 8.96600113265e-007, 2.62919925831e-008, 2.26376514756e-010]
        min: [1.318642692e-023, 4.77793139443e-023, 1.31098253707e-023, 1.12747771329e-023, 2.66955074166e-023, 4.25364812593e-023, 7.07833846202e-023, 2.34241249084e-023, 1.05283395895e-022, 4.61546170447e-023, 5.09628504798e-023, 1.21692270703e-022, 1.1301902904e-022, 1.21176077992e-022, 1.65728758352e-022, 1.63988152542e-022, 2.02793255455e-022, 1.91559951895e-022, 3.18320521386e-022, 3.67466353833e-022, 3.52959820253e-022, 5.71795565647e-022, 6.25052436261e-022, 9.18679894752e-022, 1.03886776353e-021, 1.85431477063e-021, 2.57440295884e-021]
        var: [8.50620789083e-013, 2.10010462354e-008, 5.54317658441e-008, 1.62243036783e-008, 2.73405976259e-006, 9.7817789424e-008, 4.41865530831e-008, 1.56369264204e-008, 3.70779389414e-008, 1.81330264581e-007, 8.14678724481e-009, 1.34251401107e-008, 5.38330091615e-009, 1.99660927791e-008, 2.81376966171e-008, 5.52137180421e-008, 2.14436582269e-007, 4.89196906983e-007, 2.09776857218e-007, 8.83492603521e-008, 3.01116926948e-008, 6.89657619901e-009, 4.59686871901e-010, 1.2838592689e-010, 1.85119732043e-011, 9.7067087373e-015, 6.15997576458e-019]
    frequency_bands:
        dmean: [3.57395123274e-007, 7.9058794654e-005, 0.000138687144499, 8.86207199073e-005, 0.000564505287912, 0.000151040512719, 9.46173677221e-005, 5.03011469846e-005, 6.74553230056e-005, 0.00010485832172, 2.327472248e-005, 4.26112710556e-005, 2.9563841963e-005, 5.35236868018e-005, 6.3338324253e-005, 9.08583460841e-005, 0.000168070982909, 0.000248032447416, 0.000248071970418, 0.000141412470839, 8.75498953974e-005, 3.29964204866e-005, 6.10120332567e-006, 2.37425365412e-006, 1.07412631678e-006, 2.90728827679e-008, 3.30447252894e-010, 5.03592029188e-011]
        dmean2: [5.56277086616e-007, 0.00013366935309, 0.000225919371587, 0.00014937830565, 0.000940666475799, 0.000246026029345, 0.000162770928, 8.46233160701e-005, 0.000107983862108, 0.000163303309819, 3.75442032237e-005, 6.88724976499e-005, 4.7945894039e-005, 8.65098991198e-005, 0.000100975412352, 0.000146897669765, 0.000265277194558, 0.00040164749953, 0.000411203334806, 0.000232450751355, 0.000146966413013, 5.50415570615e-005, 9.80947424978e-006, 3.60964236279e-006, 1.62994501807e-006, 4.66572700475e-008, 5.73907255053e-010, 9.365595105e-011]
        dvar: [5.93483270341e-013, 2.59320334095e-008, 3.58441347714e-008, 1.32966144761e-008, 3.46814977092e-006, 6.76975702163e-008, 3.77932423135e-008, 1.32371544836e-008, 1.17480727369e-008, 6.55608900502e-008, 2.02022820694e-009, 7.65036922701e-009, 3.16329451522e-009, 1.08331841275e-008, 1.23566756827e-008, 2.42297382158e-008, 7.6625504164e-008, 1.88175690141e-007, 1.12603842695e-007, 4.71710066563e-008, 2.01404315447e-008, 4.98124874682e-009, 2.56222043582e-010, 5.72750458172e-011, 1.00705754499e-011, 4.66839625429e-015, 4.51730518647e-019, 6.65692056035e-021]
        dvar2: [1.24428408115e-012, 7.29484952444e-008, 8.9261284586e-008, 3.57474938539e-008, 8.8343886091e-006, 1.69130359495e-007, 1.04453853567e-007, 3.53792515284e-008, 2.93690778363e-008, 1.46572958215e-007, 4.5569956697e-009, 1.84402839665e-008, 7.74271935455e-009, 2.71529660978e-008, 2.89783219642e-008, 6.12675989942e-008, 1.77352433184e-007, 4.47421626859e-007, 2.8964339549e-007, 1.19022253386e-007, 5.32146273713e-008, 1.23795533824e-008, 5.43880329662e-010, 1.16670714756e-010, 2.35334026571e-011, 1.18738433799e-014, 1.2349567697e-018, 2.15634304998e-020]
        max: [8.34329784993e-006, 0.00162683113012, 0.00219435873441, 0.00214538280852, 0.0153210265562, 0.00324207358062, 0.00270585203543, 0.00157770246733, 0.00166271242779, 0.00583913130686, 0.00182300515007, 0.00163874647114, 0.00112335640006, 0.00169593805913, 0.0023955735378, 0.00544972205535, 0.00456467736512, 0.00899213273078, 0.00834251474589, 0.00483061652631, 0.00198367168196, 0.00128725916147, 0.000383567617973, 0.00019318748673, 9.89489853964e-005, 1.85668625363e-006, 2.29151986275e-008, 1.58269519712e-009]
        mean: [4.37124839436e-007, 0.000106063605926, 0.000195666230866, 0.000114876085718, 0.000522011308931, 0.000224839692237, 0.000132165441755, 6.97393115843e-005, 0.000125451624626, 0.00018783439009, 4.29285246355e-005, 6.85112609062e-005, 4.83904805151e-005, 8.60554791871e-005, 0.000113783615234, 0.000183136144187, 0.000347752065863, 0.000497411645483, 0.000560294487514, 0.000328757683747, 0.000186187695363, 5.61867200304e-005, 1.15374195957e-005, 4.7743160394e-006, 2.15411751014e-006, 5.96989053747e-008, 4.66269356458e-010, 3.85657027147e-011]
        median: [1.38868813337e-007, 7.45877405279e-005, 0.000120601791423, 7.43882992538e-005, 0.000153488377691, 0.000117693227367, 6.39740173938e-005, 2.67466275545e-005, 5.86932692386e-005, 4.78297151858e-005, 1.89785605471e-005, 3.38402605848e-005, 2.81681350316e-005, 3.86022838939e-005, 6.04781453148e-005, 0.000120168784633, 0.000188158970559, 0.000219112349441, 0.000470724946354, 0.000261794717517, 0.00014253493282, 2.67446866928e-005, 4.67886547995e-006, 1.81812697519e-006, 8.96600113265e-007, 2.62919925831e-008, 2.26376514756e-010, 1.30439669482e-011]
        min: [1.318642692e-023, 4.77793139443e-023, 1.31098253707e-023, 1.12747771329e-023, 2.66955074166e-023, 4.25364812593e-023, 7.07833846202e-023, 2.34241249084e-023, 1.05283395895e-022, 4.61546170447e-023, 5.09628504798e-023, 1.21692270703e-022, 1.1301902904e-022, 1.21176077992e-022, 1.65728758352e-022, 1.63988152542e-022, 2.02793255455e-022, 1.91559951895e-022, 3.18320521386e-022, 3.67466353833e-022, 3.52959820253e-022, 5.71795565647e-022, 6.25052436261e-022, 9.18679894752e-022, 1.03886776353e-021, 1.85431477063e-021, 2.57440295884e-021, 6.63575505623e-022]
        var: [8.50620789083e-013, 2.10010462354e-008, 5.54317658441e-008, 1.62243036783e-008, 2.73405976259e-006, 9.7817789424e-008, 4.41865530831e-008, 1.56369264204e-008, 3.70779389414e-008, 1.81330264581e-007, 8.14678724481e-009, 1.34251401107e-008, 5.38330091615e-009, 1.99660927791e-008, 2.81376966171e-008, 5.52137180421e-008, 2.14436582269e-007, 4.89196906983e-007, 2.09776857218e-007, 8.83492603521e-008, 3.01116926948e-008, 6.89657619901e-009, 4.59686871901e-010, 1.2838592689e-010, 1.85119732043e-011, 9.7067087373e-015, 6.15997576458e-019, 4.94128092305e-021]
    mfcc:
        mean: [-715.131591797, 92.5500793457, -49.1254844666, 61.9042205811, -10.8459978104, -6.28270196915, -0.121423780918, -2.28339767456, -0.0521222427487, -3.7045006752, -4.53925991058, -3.9292113781, -4.62575626373]
        cov: [[5766.44238281, 149.279510498, -131.886398315, 949.603210449, 25.0517520905, 217.981216431, 49.543384552, 72.0668029785, 27.4140605927, 64.3925170898, 45.5179519653, 63.9614143372, 12.7346000671], [149.279510498, 571.256164551, -286.166992188, 74.4195556641, -22.3421936035, -48.339717865, 6.84102916718, -27.5794506073, 29.3884124756, -20.3135509491, -10.7317171097, -14.4387254715, -3.15583896637], [-131.886398315, -286.166992188, 759.669189453, 188.283340454, 99.5418777466, 128.507598877, 49.8182258606, -32.0219116211, -65.1600799561, 13.0236606598, -53.2800102234, 18.1317081451, 36.4715194702], [949.603210449, 74.4195556641, 188.283340454, 628.918273926, 117.929794312, 165.343154907, 70.3661193848, -18.5289001465, 24.3485565186, 36.9909439087, -15.7422122955, 42.6094398499, 67.1999206543], [25.0517520905, -22.3421936035, 99.5418777466, 117.929794312, 197.155029297, 46.7672729492, 16.6729049683, 8.65952777863, 14.143995285, 16.6626148224, 4.89397239685, 28.3290290833, 5.80839681625], [217.981216431, -48.339717865, 128.507598877, 165.343154907, 46.7672729492, 144.651138306, 72.5011444092, 5.84107971191, 9.96137905121, 24.9912338257, -11.9189195633, 6.23779201508, 20.1469726563], [49.543384552, 6.84102916718, 49.8182258606, 70.3661193848, 16.6729049683, 72.5011444092, 131.011306763, 46.079864502, 13.3919534683, 6.04818487167, -2.65172481537, 12.1046218872, 5.73226594925], [72.0668029785, -27.5794506073, -32.0219116211, -18.5289001465, 8.65952777863, 5.84107971191, 46.079864502, 101.886634827, 23.6914558411, 13.4442234039, 12.2731847763, 8.31004428864, -20.76521492], [27.4140605927, 29.3884124756, -65.1600799561, 24.3485565186, 14.143995285, 9.96137905121, 13.3919534683, 23.6914558411, 81.3885345459, 34.7430953979, -0.659090399742, -7.24121809006, 3.83331680298], [64.3925170898, -20.3135509491, 13.0236606598, 36.9909439087, 16.6626148224, 24.9912338257, 6.04818487167, 13.4442234039, 34.7430953979, 93.2753982544, 15.5255870819, 9.07890510559, 2.40773868561], [45.5179519653, -10.7317171097, -53.2800102234, -15.7422122955, 4.89397239685, -11.9189195633, -2.65172481537, 12.2731847763, -0.659090399742, 15.5255870819, 70.621673584, 30.185842514, -2.10204601288], [63.9614143372, -14.4387254715, 18.1317081451, 42.6094398499, 28.3290290833, 6.23779201508, 12.1046218872, 8.31004428864, -7.24121809006, 9.07890510559, 30.185842514, 71.8737182617, 39.1336517334], [12.7346000671, -3.15583896637, 36.4715194702, 67.1999206543, 5.80839681625, 20.1469726563, 5.73226594925, -20.76521492, 3.83331680298, 2.40773868561, -2.10204601288, 39.1336517334, 84.9885025024]]
        icov: [[0.000272668286925, 3.89625820389e-005, 0.000162918804563, -0.000530194258317, 0.000248485914199, -0.000207023636904, 0.000299206731142, -0.000327152956743, 0.000179937473149, -8.52206312629e-007, -5.94803350396e-005, -0.000183396143257, 0.000316760968417], [3.89625820389e-005, 0.00272873486392, 0.00120452383999, -0.000963912112638, -9.57527590799e-005, 0.00161586957984, -0.00149718974717, 0.00149074208457, -0.000174574903212, 0.000128479441628, 0.0009985123761, 7.42233605706e-005, 0.000424205383752], [0.000162918804563, 0.00120452383999, 0.00260517769493, -0.000761991948821, -0.00068203691626, -0.000608119240496, -0.000633041956462, 0.000619168160483, 0.00229555158876, -0.000838062609546, 0.00199086079374, -0.000232349702856, -3.39734870067e-005], [-0.000530194258317, -0.000963912112638, -0.000761991948821, 0.00392402848229, -0.00122008216567, -0.00263274344616, -9.1419869932e-006, 0.000775683263782, -0.000885497895069, -9.19002122828e-005, 0.000210901154787, -0.000571249169298, -0.00152363337111], [0.000248485914199, -9.57527590799e-005, -0.00068203691626, -0.00122008216567, 0.00694613065571, -0.00148792087566, 0.00136035552714, -0.000469390623039, -0.00208289502189, 0.000602776242886, 6.25935572316e-005, -0.0039598508738, 0.00278993230313], [-0.000207023636904, 0.00161586957984, -0.000608119240496, -0.00263274344616, -0.00148792087566, 0.0164507385343, -0.00827372353524, 0.00240492285229, 0.000324771332089, -0.00284063862637, 0.000480492948554, 0.0036883756984, -0.00183935812674], [0.000299206731142, -0.00149718974717, -0.000633041956462, -9.1419869932e-006, 0.00136035552714, -0.00827372353524, 0.0149064762518, -0.00697133596987, -0.000871191150509, 0.00213001179509, 1.08476278911e-005, -0.00255465484224, 0.000493641011417], [-0.000327152956743, 0.00149074208457, 0.000619168160483, 0.000775683263782, -0.000469390623039, 0.00240492285229, -0.00697133596987, 0.0162953678519, -0.00439731637016, -0.000463049917016, 0.000443425640697, -0.00421746494249, 0.00530335074291], [0.000179937473149, -0.000174574903212, 0.00229555158876, -0.000885497895069, -0.00208289502189, 0.000324771332089, -0.000871191150509, -0.00439731637016, 0.0200511924922, -0.00732559850439, 0.00133304880001, 0.00618777098134, -0.00478175049648], [-8.52206312629e-007, 0.000128479441628, -0.000838062609546, -9.19002122828e-005, 0.000602776242886, -0.00284063862637, 0.00213001179509, -0.000463049917016, -0.00732559850439, 0.0149422772229, -0.00342256110162, -0.00205211527646, 0.00157995522022], [-5.94803350396e-005, 0.0009985123761, 0.00199086079374, 0.000210901154787, 6.25935572316e-005, 0.000480492948554, 1.08476278911e-005, 0.000443425640697, 0.00133304880001, -0.00342256110162, 0.0218907725066, -0.0118759404868, 0.00506095448509], [-0.000183396143257, 7.42233605706e-005, -0.000232349702856, -0.000571249169298, -0.0039598508738, 0.0036883756984, -0.00255465484224, -0.00421746494249, 0.00618777098134, -0.00205211527646, -0.0118759404868, 0.0310654640198, -0.0156992729753], [0.000316760968417, 0.000424205383752, -3.39734870067e-005, -0.00152363337111, 0.00278993230313, -0.00183935812674, 0.000493641011417, 0.00530335074291, -0.00478175049648, 0.00157995522022, 0.00506095448509, -0.0156992729753, 0.0219866689295]]
    sccoeffs:
        dmean: [0.0580595694482, 0.0491744242609, 0.0380220152438, 0.0290316734463, 0.0213152635843, 0.0172055568546]
        dmean2: [0.094046600163, 0.0818057507277, 0.0624805018306, 0.0479087494314, 0.034536536783, 0.0274818930775]
        dvar: [0.00271840183996, 0.0015733782202, 0.000926153676119, 0.000548541021999, 0.000321159837767, 0.000236651918385]
        dvar2: [0.00660010566935, 0.00421766377985, 0.00238333176821, 0.00141248700675, 0.000753919419367, 0.000572516291868]
        max: [-0.3127425313, -0.472309887409, -0.518525362015, -0.578737914562, -0.598143398762, -0.532954692841]
        mean: [-0.688977360725, -0.758287906647, -0.78166437149, -0.80039870739, -0.791096448898, -0.737282991409]
        median: [-0.70190423727, -0.764165461063, -0.79269105196, -0.80444329977, -0.7978053689, -0.741674542427]
        min: [-0.973816037178, -0.972821235657, -0.975253283978, -0.959635436535, -0.954769611359, -0.964307546616]
        var: [0.00649216771126, 0.00412333803251, 0.00443724170327, 0.00194270373322, 0.00171991134994, 0.00281112105586]
    scvalleys:
        dmean: [0.382790923119, 0.38801202178, 0.315375059843, 0.268834620714, 0.214948177338, 0.224618852139]
        dmean2: [0.640179812908, 0.631753563881, 0.498436570168, 0.41144117713, 0.328218877316, 0.329556941986]
        dvar: [0.103612855077, 0.129640609026, 0.0797333344817, 0.0674237683415, 0.0595962181687, 0.103034086525]
        dvar2: [0.265077412128, 0.301445990801, 0.164424031973, 0.125393927097, 0.113717727363, 0.207476571202]
        max: [-5.29953241348, -4.5380897522, -5.54600000381, -5.74552059174, -5.58816957474, -7.41005945206]
        mean: [-6.97387504578, -6.87862730026, -7.238240242, -7.29156064987, -6.90970230103, -9.85668849945]
        median: [-6.5878405571, -6.70876646042, -7.09927749634, -7.08857440948, -6.62198162079, -9.60690498352]
        min: [-27.3156433105, -26.8965568542, -26.6830234528, -27.4452552795, -27.3763618469, -27.1131744385]
        var: [2.25269389153, 1.40869605541, 1.20054316521, 1.3665612936, 1.64470112324, 2.09928894043]

rhythm:
    beats_loudness:
        dmean: 0.0059946323745
        dmean2: 0.0117484759539
        dvar: 1.17231402328e-005
        dvar2: 4.23275923822e-005
        max: 0.0144462315366
        mean: 0.00580421974882
        median: 0.00456239469349
        min: 3.21889693719e-012
        var: 1.72586187546e-005
    bpm: 95.0613937378
    bpm_confidence: 0
    first_peak_bpm: 96
    first_peak_spread: 0.410994768143
    first_peak_weight: 0.548780500889
    onset_rate: 3.04531931877
    second_peak_bpm: 120
    second_peak_spread: 0.181818217039
    second_peak_weight: 0.021951219067
    beats_loudness_band_ratio:
        dmean: [0.122639514506, 0.335840523243, 0.064773440361, 0.0524359531701, 0.126099258661, 0.0874181166291]
        dmean2: [0.207544401288, 0.655510485172, 0.109125487506, 0.0933344513178, 0.228787630796, 0.146132692695]
        dvar: [0.0105318231508, 0.0300516709685, 0.00568240974098, 0.00555351376534, 0.017834905535, 0.00596973998472]
        dvar2: [0.0272476579994, 0.101560376585, 0.0163097921759, 0.0157322417945, 0.0523172840476, 0.0149831622839]
        max: [0.734661817551, 0.877638399601, 0.765342235565, 0.745339334011, 0.857055425644, 0.712073862553]
        mean: [0.280324220657, 0.284926116467, 0.1034187451, 0.0730133652687, 0.195571050048, 0.218433558941]
        median: [0.307940751314, 0.204297617078, 0.0602363497019, 0.0412497743964, 0.161580353975, 0.202981799841]
        min: [0, 0, 0, 0, 0, 0]
        var: [0.0226625781506, 0.0509346835315, 0.0130689172074, 0.00939348246902, 0.0199792608619, 0.0115560553968]
    beats_position: [0.626938760281, 1.26548755169, 1.90403628349, 2.53097510338, 3.16952371597, 3.80807256699, 4.43501138687, 5.07355976105, 5.71210861206, 6.3622674942, 7.02403593063, 7.6858048439, 8.34757328033, 8.99773216248, 9.63628101349, 10.2748298645, 10.9133787155, 11.5403175354, 12.1788663864, 12.8174142838, 13.4443531036, 14.0712919235, 14.6982307434, 15.3251695633, 15.9637184143, 16.5906581879, 17.2292060852, 17.8561439514, 18.4946937561, 19.1216316223, 19.760181427, 20.3871192932, 21.0140590668, 21.640996933, 22.2911567688, 22.918094635, 23.5450344086, 24.1719722748, 24.8105201721, 25.4374599457, 26.076007843, 26.7029476166, 27.3298854828, 27.9568252563, 28.6069831848, 29.2339229584, 29.8608608246, 30.4878005981, 31.1263484955, 31.7648983002, 32.391834259, 33.0187759399, 33.6573219299, 34.2842636108, 34.9112014771, 35.5381393433, 36.1766891479, 36.8036270142, 37.4421768188, 38.0691146851, 38.7076644897, 39.334602356, 39.9615402222, 40.5884780884, 41.2270278931, 41.8539657593, 42.492515564, 43.1194534302, 43.7463951111, 44.3849411011, 45.0234909058, 45.6388206482, 46.2773704529, 46.9043083191, 47.5428581238, 48.16979599, 48.80834198, 49.4352836609, 50.0622215271, 50.7007713318, 51.3393173218, 51.9662590027, 52.5931968689, 53.2201347351, 53.8702926636, 54.4972343445, 55.1241722107, 55.7511100769, 56.3896598816, 57.0282058716, 57.6551475525, 58.2820854187, 58.9090232849, 59.5475730896, 60.1861228943, 60.8130607605, 61.4399986267, 62.0669364929, 62.6938781738, 63.3324241638, 63.9709739685, 64.5979156494, 65.2248535156, 65.8634033203, 66.4903411865, 67.1172790527, 67.7558288574, 68.3827667236, 69.0213165283, 69.659866333, 70.2868041992, 70.9137420654, 71.5406799316, 72.1676177979, 72.7945556641, 73.4214935303, 74.0716552734, 74.6985931396, 75.3255310059, 75.9640808105, 76.6026306152, 77.2295684814, 77.8565063477, 78.4834442139, 79.1103820801, 79.7489318848, 80.3874816895, 81.0144195557, 81.6413574219, 82.2682952881, 82.8952331543, 83.5221786499, 84.1607208252, 84.7992706299, 85.4378204346, 86.0647583008, 86.7033081055, 87.3302459717, 87.9571838379, 88.5957336426, 89.2342834473, 89.8612213135, 90.4881591797, 91.1150970459, 91.7536468506, 92.3921966553, 93.0191345215, 93.6460723877, 94.2846221924, 94.9115600586, 95.5501098633, 96.1770477295, 96.8039855957, 97.4425354004, 98.0810852051, 98.7080230713, 99.3349609375, 99.9619064331, 100.612060547, 101.238998413, 101.865936279, 102.492874146, 103.119819641, 103.746757507, 104.385307312, 105.023849487, 105.650794983, 106.277732849, 106.916282654, 107.554824829, 108.181770325, 108.808708191, 109.435646057, 110.074195862, 110.712738037, 111.339683533, 111.966621399, 112.593559265, 113.220497131, 113.859046936, 114.497596741, 115.124534607, 115.751472473, 116.378410339, 117.028572083, 117.655509949, 118.282447815, 118.909385681, 119.547935486, 120.186485291, 120.813423157, 121.440361023, 122.067298889, 122.694236755, 123.33278656, 123.959724426, 124.598274231, 125.225212097, 125.852149963, 126.490699768, 127.129249573, 127.756187439, 128.383132935, 129.010070801, 129.637008667, 130.275558472, 130.914108276, 131.541046143, 132.167984009, 132.806533813, 133.445083618, 134.072021484, 134.698959351, 135.337509155, 135.97605896, 136.602996826, 137.229934692, 137.856872559, 138.495422363, 139.133972168, 139.760910034, 140.3878479, 141.014785767, 141.653335571, 142.291885376, 142.918823242, 143.545761108, 144.172698975, 144.811248779, 145.438186646, 146.07673645, 146.703674316, 147.330612183, 147.969161987, 148.607711792, 149.234649658, 149.861587524, 150.488525391, 151.127075195, 151.765625, 152.427383423, 153.089157104, 153.750930786, 154.412689209, 155.062850952, 155.701400757, 156.339950562, 156.966888428, 157.593826294, 158.232376099, 158.870925903, 159.49786377, 160.124801636, 160.751739502, 161.378677368, 162.005615234, 162.632553101, 163.247894287, 163.851608276, 164.466934204, 165.082260132, 165.68598938, 166.301315308, 166.928253174, 167.55519104, 168.182128906, 168.809066772, 169.436004639, 170.062942505, 170.689880371, 171.328430176, 171.955368042, 172.593917847, 173.220855713, 173.847793579, 174.486343384, 175.124893188, 175.751831055, 176.390380859, 177.017318726, 177.65586853, 178.282806396, 178.909744263, 179.536682129, 180.186843872, 180.813781738, 181.440719604, 182.067657471, 182.717819214, 183.34475708, 183.971694946, 184.598632813, 185.225570679, 185.864120483, 186.502670288, 187.129608154, 187.756546021, 188.395095825, 189.03364563, 189.660583496, 190.287521362, 190.914459229, 191.553009033, 192.191558838, 192.818496704, 193.44543457, 194.072372437, 194.699310303, 195.326248169, 195.964797974, 196.603347778, 197.230285645, 197.857223511, 198.495773315, 199.13432312, 199.761260986, 200.388198853, 201.015136719, 201.653686523, 202.292236328, 202.919174194, 203.557723999, 204.184661865, 204.811599731, 205.438537598, 206.065490723, 206.704025269, 207.330978394, 207.95791626, 208.584854126, 209.223403931, 209.861953735, 210.488891602, 211.115829468, 211.754379272, 212.381317139, 213.019866943, 213.64680481, 214.285354614, 214.91229248, 215.550842285, 216.177780151, 216.816329956, 217.443267822, 218.081817627, 218.708755493, 219.335693359, 219.962631226, 220.60118103, 221.228118896, 221.866668701, 222.493606567, 223.120544434, 223.7474823, 224.386032104, 225.012969971, 225.651519775, 226.278457642, 226.917007446, 227.543945313, 228.182495117, 228.809432983, 229.43637085, 230.063308716, 230.701858521, 231.328796387, 231.967346191, 232.594284058, 233.232833862, 233.859771729, 234.498321533, 235.125259399, 235.752197266, 236.379135132, 237.017684937, 237.644622803, 238.283172607, 238.910110474, 239.548660278, 240.187210083, 240.814147949, 241.441085815, 242.068023682, 242.694961548, 243.333511353, 243.960449219, 244.575775146, 245.191101074, 245.701950073, 246.201171875, 246.700408936, 247.199630737, 247.698867798, 248.1980896, 248.69732666, 249.196548462, 249.695770264, 250.195007324, 250.705841064, 251.274734497, 251.84362793, 252.424118042, 253.02784729, 253.631561279, 254.212051392, 254.792556763, 255.373062134, 255.953552246, 256.534057617, 257.114562988, 257.695037842]
