
metadata:
    version:
        essentia: "2.1-beta2"
    audio_properties:
        analysis_sample_rate: 44100
        bitrate: 287
        channels: 2
        equal_loudness: 1
        length: 174.576324463
        replay_gain: -16.1897621155
        downmix: "mix"
    tags:
        album: "The Return"
        artist: "Nonpoint"
        comment: ""
        date: "2014"
        genre: "Hard Rock"
        title: "Breaking Skin"
        tracknumber: "2/13"

configuration:
    average_loudness:
        compute: 1
        frameSize: 88200
        hopSize: 44100
        silentFrames: "noise"
        windowType: "hann"
    general:
        analysisSampleRate: 44100
        endTime: 2000
        equalLoudness: 1
        nequalLoudness: 0
        shortSound: 0
        startTime: 0
    lowlevel:
        compute: 1
        frameSize: 2048
        hopSize: 1024
        zeroPadding: 0
        silentFrames: "noise"
        windowType: "blackmanharris62"
        mfccStats: ["mean", "cov", "icov"]
        stats: ["mean", "var", "median", "min", "max", "dmean", "dmean2", "dvar", "dvar2"]
    panning:
        compute: 0
        frameSize: 8192
        hopSize: 2048
        zeroPadding: 8192
        silentFrames: "noise"
        windowType: "hann"
        stats: ["copy"]
    rhythm:
        compute: 1
        maxTempo: 208
        minTempo: 40
        method: "degara"
        stats: ["mean", "var", "median", "min", "max", "dmean", "dmean2", "dvar", "dvar2"]
    segmentation:
        compute: 0
        cpw: 5
        inc1: 300
        inc2: 50
        minimumSegmentsLength: 10
        size1: 1000
        size2: 600
    sfx:
        compute: 1
        stats: ["mean", "var", "median", "min", "max", "dmean", "dmean2", "dvar", "dvar2"]
    svm:
        compute: 0
    tonal:
        compute: 1
        frameSize: 4096
        hopSize: 2048
        zeroPadding: 0
        silentFrames: "noise"
        windowType: "blackmanharris62"
        stats: ["mean", "var", "median", "min", "max", "dmean", "dmean2", "dvar", "dvar2"]

lowlevel:
    average_loudness: 0.933815896511
    barkbands_kurtosis:
        dmean: 0.777685701847
        dmean2: 1.25065040588
        dvar: 1.23873460293
        dvar2: 2.89775395393
        max: 22.7175121307
        mean: -0.391732811928
        median: -0.878847956657
        min: -1.88904678822
        var: 2.5841012001
    barkbands_skewness:
        dmean: 0.394225418568
        dmean2: 0.606449007988
        dvar: 0.155729651451
        dvar2: 0.356889158487
        max: 3.70946669579
        mean: -0.570294976234
        median: -0.610133647919
        min: -4.49487018585
        var: 0.623305797577
    barkbands_spread:
        dmean: 5.3875837326
        dmean2: 8.55175590515
        dvar: 34.1028938293
        dvar2: 85.3453903198
        max: 75.7540817261
        mean: 32.2144126892
        median: 31.5213375092
        min: 6.3050570488
        var: 123.786178589
    dissonance:
        dmean: 0.00906139425933
        dmean2: 0.0153429033235
        dvar: 7.90919366409e-005
        dvar2: 0.000220732559683
        max: 0.499999940395
        mean: 0.48435536027
        median: 0.48721665144
        min: 0.384119331837
        var: 0.000136168862809
    hfc:
        dmean: 2.90383434296
        dmean2: 4.62649297714
        dvar: 18.7865810394
        dvar2: 45.9517402649
        max: 60.6853675842
        mean: 10.3015413284
        median: 9.57669258118
        min: 1.19475585397e-016
        var: 46.4139709473
    pitch:
        dmean: 852.338317871
        dmean2: 1632.27880859
        dvar: 1576199
        dvar2: 3858025.5
        max: 5038.58349609
        mean: 1988.06787109
        median: 2770.41503906
        min: 59.9565162659
        var: 2421907.25
    pitch_instantaneous_confidence:
        dmean: 0.0830335989594
        dmean2: 0.135472118855
        dvar: 0.00462273834273
        dvar2: 0.0115950927138
        max: 0.897482395172
        mean: 0.419776588678
        median: 0.403274685144
        min: 0.135026574135
        var: 0.0152894910425
    pitch_salience:
        dmean: 0.054329354316
        dmean2: 0.0910849794745
        dvar: 0.00269686081447
        dvar2: 0.0076954793185
        max: 0.931389212608
        mean: 0.674058437347
        median: 0.685749173164
        min: 0.170886173844
        var: 0.00606830790639
    silence_rate_20dB:
        dmean: 0
        dmean2: 0
        dvar: 0
        dvar2: 0
        max: 1
        mean: 1
        median: 1
        min: 1
        var: 0
    silence_rate_30dB:
        dmean: 0
        dmean2: 0
        dvar: 0
        dvar2: 0
        max: 1
        mean: 1
        median: 1
        min: 1
        var: 0
    silence_rate_60dB:
        dmean: 0.0763399377465
        dmean2: 0.152700185776
        dvar: 0.0705109536648
        dvar2: 0.153322502971
        max: 1
        mean: 0.269148945808
        median: 0
        min: 0
        var: 0.196703284979
    spectral_centroid:
        dmean: 254.428436279
        dmean2: 392.350189209
        dvar: 87436.7109375
        dvar2: 191015.125
        max: 11126.5595703
        mean: 2082.90722656
        median: 2112.11254883
        min: 258.788787842
        var: 306827.28125
    spectral_complexity:
        dmean: 3.75502061844
        dmean2: 6.02420854568
        dvar: 16.3713169098
        dvar2: 39.3599433899
        max: 46
        mean: 17.1517295837
        median: 18
        min: 0
        var: 74.7144699097
    spectral_crest:
        dmean: 1.91289162636
        dmean2: 3.19253468513
        dvar: 3.94055652618
        dvar2: 10.7748384476
        max: 22.7356014252
        mean: 7.05397081375
        median: 6.36492204666
        min: 2.41483283043
        var: 8.36480331421
    spectral_decrease:
        dmean: 2.61413529712e-010
        dmean2: 4.2018322155e-010
        dvar: 1.9992395766e-019
        dvar2: 4.82897029767e-019
        max: 4.0635460712e-029
        mean: -1.02019237502e-009
        median: -9.70274305345e-010
        min: -5.3990785176e-009
        var: 3.85734327065e-019
    spectral_energy:
        dmean: 0.00122350198217
        dmean2: 0.00195348262787
        dvar: 3.85942803405e-006
        dvar2: 9.28801546252e-006
        max: 0.0258817058057
        mean: 0.00478481315076
        median: 0.00452573411167
        min: 1.06834180819e-020
        var: 8.28187330626e-006
    spectral_energyband_high:
        dmean: 0.000204156953259
        dmean2: 0.00033110845834
        dvar: 1.85731053648e-007
        dvar2: 4.32294541497e-007
        max: 0.00713259819895
        mean: 0.000437204813352
        median: 0.000294264697004
        min: 7.82162277067e-021
        var: 3.21082353594e-007
    spectral_energyband_low:
        dmean: 0.000137927039759
        dmean2: 0.000230634977925
        dvar: 7.33193630253e-008
        dvar2: 2.0594681871e-007
        max: 0.00311781279743
        mean: 0.000297843653243
        median: 0.000252149824519
        min: 3.14369337993e-023
        var: 8.73549623748e-008
    spectral_energyband_middle_high:
        dmean: 0.000792479026131
        dmean2: 0.00125045527238
        dvar: 1.02275532754e-006
        dvar2: 2.45084697781e-006
        max: 0.0154401678592
        mean: 0.00297847227193
        median: 0.00268540764228
        min: 1.53249657883e-021
        var: 4.07734023611e-006
    spectral_energyband_middle_low:
        dmean: 0.000553197518457
        dmean2: 0.000904065615032
        dvar: 2.01667967303e-006
        dvar2: 5.07844606545e-006
        max: 0.0144588937983
        mean: 0.00116957514547
        median: 0.000874900259078
        min: 2.97330813343e-022
        var: 1.99187934413e-006
    spectral_flatness_db:
        dmean: 0.012782366015
        dmean2: 0.0203688684851
        dvar: 0.000149515792145
        dvar2: 0.000366620457498
        max: 0.332146495581
        mean: 0.149317264557
        median: 0.142178893089
        min: 0.0526756048203
        var: 0.00127380073536
    spectral_flux:
        dmean: 0.00791558716446
        dmean2: 0.0124425897375
        dvar: 9.42037731875e-005
        dvar2: 0.000191270781215
        max: 0.123906478286
        mean: 0.0413452722132
        median: 0.0406019575894
        min: 1.03360618675e-010
        var: 0.000309570052195
    spectral_kurtosis:
        dmean: 1.13559246063
        dmean2: 1.93725681305
        dvar: 1.74760198593
        dvar2: 5.366543293
        max: 22.1778564453
        mean: 3.91446089745
        median: 3.58118343353
        min: -1.19699347019
        var: 4.27902507782
    spectral_rms:
        dmean: 0.000251845747698
        dmean2: 0.00039561491576
        dvar: 1.15123242495e-007
        dvar2: 2.66529184501e-007
        max: 0.00502498215064
        mean: 0.00204661814496
        median: 0.00210127350874
        min: 3.22844333732e-012
        var: 4.79477535009e-007
    spectral_rolloff:
        dmean: 276.812286377
        dmean2: 451.177398682
        dvar: 150661.140625
        dvar2: 320735.46875
        max: 18583.1542969
        mean: 3506.37792969
        median: 3466.84570313
        min: 107.666015625
        var: 479804.09375
    spectral_skewness:
        dmean: 0.158965557814
        dmean2: 0.262431830168
        dvar: 0.025164052844
        dvar2: 0.0693177729845
        max: 3.18154573441
        mean: 1.24819922447
        median: 1.24630379677
        min: 0.0023840921931
        var: 0.0961793139577
    spectral_spread:
        dmean: 387596.53125
        dmean2: 560735.4375
        dvar: 377300320256
        dvar2: 574790238208
        max: 40106320
        mean: 4165087
        median: 3906491.5
        min: 1732340.125
        var: 2.05520738714e+012
    spectral_strongpeak:
        dmean: 0.698575377464
        dmean2: 1.19421041012
        dvar: 0.712614059448
        dvar2: 1.83958959579
        max: 7.78106164932
        mean: 1.03828239441
        median: 0.544586122036
        min: 1.94819005372e-009
        var: 1.31123185158
    zerocrossingrate:
        dmean: 0.00760196568444
        dmean2: 0.00936385523528
        dvar: 8.04378141765e-005
        dvar2: 0.000101513418485
        max: 0.494140625
        mean: 0.111364357173
        median: 0.111328125
        min: 0.02099609375
        var: 0.0005586653715
    barkbands:
        dmean: [4.58741538978e-007, 6.08094960626e-005, 7.70010447013e-005, 8.12221041997e-005, 0.000337965379003, 0.00014193248353, 9.26467473619e-005, 4.92582876177e-005, 7.26906218915e-005, 7.37968293834e-005, 4.36793234257e-005, 5.54319522053e-005, 4.16855473304e-005, 5.00670212205e-005, 7.93859653641e-005, 0.000135903072078, 0.000232745631365, 0.000343669060385, 0.000288468960207, 0.000149413579493, 0.00011421815725, 3.84494705941e-005, 6.63366427034e-006, 2.73142927654e-006, 1.3624597841e-006, 3.85524145941e-008, 4.47861164821e-010]
        dmean2: [6.96454605986e-007, 0.000104374732473, 0.000127353647258, 0.000129749882035, 0.00057967135217, 0.000227003649343, 0.000157396454597, 8.02987851785e-005, 0.000116109680675, 0.000117103663797, 6.94118134561e-005, 8.88160575414e-005, 6.80696539348e-005, 8.08475015219e-005, 0.00012792358757, 0.000219095731154, 0.000378767203074, 0.000549047603272, 0.000475457083667, 0.000247622752795, 0.000190192018636, 6.29607093288e-005, 1.01469349829e-005, 4.10308302889e-006, 2.07005632546e-006, 5.86929829183e-008, 7.40946859423e-010]
        dvar: [1.24838377483e-012, 2.3100309221e-008, 2.06094554756e-008, 2.05988861524e-008, 1.57106205734e-006, 7.55780433792e-008, 3.04270422191e-008, 7.53615569948e-009, 1.36450504229e-008, 1.9138619578e-008, 6.17595308228e-009, 1.15105391885e-008, 9.8390033898e-009, 1.04650963451e-008, 1.83258350717e-008, 4.02761877183e-008, 1.1489164109e-007, 3.03089990439e-007, 1.45474459146e-007, 5.97977773964e-008, 6.18328357405e-008, 8.67278693306e-009, 3.6109740198e-010, 7.73213368332e-011, 1.82002381915e-011, 1.4587636993e-014, 1.85567237758e-018]
        dvar2: [2.60210191068e-012, 6.59101431211e-008, 5.8381814938e-008, 5.05848731791e-008, 4.18012723458e-006, 1.78504279802e-007, 8.38205025389e-008, 1.86402058233e-008, 3.47722100003e-008, 4.74910670789e-008, 1.4285529204e-008, 2.83579026927e-008, 2.39217818887e-008, 2.66614321731e-008, 4.46454961889e-008, 1.03357642445e-007, 2.91274659503e-007, 7.31908130547e-007, 3.63194033071e-007, 1.51055587594e-007, 1.47738859368e-007, 2.00839735953e-008, 6.93333446211e-010, 1.46172379756e-010, 3.97406482722e-011, 3.20308287272e-014, 4.22205681869e-018]
        max: [1.24666885313e-005, 0.0014961801935, 0.00239495863207, 0.00204578624107, 0.0112142795697, 0.00429368484765, 0.00252738501877, 0.00204045465216, 0.00210895668715, 0.00276024173945, 0.00210011657327, 0.00232945103198, 0.00493974797428, 0.00208463380113, 0.00221274769865, 0.00345484632999, 0.00483816210181, 0.00955394748598, 0.00836025271565, 0.00469298707321, 0.00534735713154, 0.00196006824262, 0.000364698731573, 0.000250453100307, 0.000120117219922, 2.68686198979e-006, 3.54205305086e-008]
        mean: [6.67370272822e-007, 0.000100265751826, 0.000140413772897, 0.000130877000629, 0.000359644647688, 0.000246015028097, 0.000146179299918, 8.55835096445e-005, 0.000138016272103, 0.000138192102895, 7.76312153903e-005, 0.000100306155218, 7.10920940037e-005, 9.08069632715e-005, 0.000141674943734, 0.000285338814138, 0.000511950580403, 0.000739226059522, 0.000665254774503, 0.000325136847096, 0.00021011181525, 6.10575298197e-005, 1.20078975669e-005, 4.99453744851e-006, 2.30466866924e-006, 6.80584335555e-008, 6.09010675223e-010]
        median: [1.45962331999e-007, 7.5203817687e-005, 9.54416318564e-005, 7.19424206181e-005, 0.000135768641485, 0.000118863943499, 8.75205150805e-005, 4.55439803773e-005, 7.71870691096e-005, 6.08688787906e-005, 3.78927288693e-005, 4.53546090284e-005, 3.31611154252e-005, 4.1931787564e-005, 7.34008426662e-005, 0.000160433759447, 0.000271482946118, 0.000374416238628, 0.000544723123312, 0.000256610132055, 0.000134199857712, 2.96830694424e-005, 4.04926458941e-006, 1.56773865001e-006, 7.0894509463e-007, 2.30452315009e-008, 2.64785471327e-010]
        min: [4.3322016327e-024, 1.57290455244e-023, 9.31673128059e-024, 1.03289960164e-023, 6.43473840389e-023, 4.95860389201e-023, 6.06155481535e-023, 4.2359025421e-023, 5.44007946571e-023, 3.92773024294e-023, 4.47990226879e-023, 1.11520458378e-022, 1.41472118554e-022, 1.15663454878e-022, 1.00039534535e-022, 1.21904026214e-022, 1.23564559487e-022, 1.99296455943e-022, 3.63656900345e-022, 3.17896909391e-022, 3.67891833851e-022, 5.47745279239e-022, 5.58408457246e-022, 1.05945347382e-021, 1.10970106096e-021, 1.97469903422e-021, 2.31406866172e-021]
        var: [1.9109540339e-012, 1.92679507904e-008, 2.63654946764e-008, 3.07132985711e-008, 1.14081137781e-006, 1.4040230667e-007, 4.01679649542e-008, 1.51401930992e-008, 3.14778745292e-008, 4.58900650813e-008, 1.58862238919e-008, 2.73658891103e-008, 1.73415966032e-008, 2.20031282083e-008, 3.89132992495e-008, 1.35512010502e-007, 3.71664384602e-007, 8.41755536385e-007, 3.2381566939e-007, 1.06004748091e-007, 8.90165736678e-008, 1.3378407715e-008, 8.4267082201e-010, 1.74151082444e-010, 3.34879658725e-011, 2.71079376123e-014, 2.69678167767e-018]
    frequency_bands:
        dmean: [4.58741538978e-007, 6.08094960626e-005, 7.70010447013e-005, 8.12221041997e-005, 0.000337965379003, 0.00014193248353, 9.26467473619e-005, 4.92582876177e-005, 7.26906218915e-005, 7.37968293834e-005, 4.36793234257e-005, 5.54319522053e-005, 4.16855473304e-005, 5.00670212205e-005, 7.93859653641e-005, 0.000135903072078, 0.000232745631365, 0.000343669060385, 0.000288468960207, 0.000149413579493, 0.00011421815725, 3.84494705941e-005, 6.63366427034e-006, 2.73142927654e-006, 1.3624597841e-006, 3.85524145941e-008, 4.47861164821e-010, 5.29272181637e-011]
        dmean2: [6.96454605986e-007, 0.000104374732473, 0.000127353647258, 0.000129749882035, 0.00057967135217, 0.000227003649343, 0.000157396454597, 8.02987851785e-005, 0.000116109680675, 0.000117103663797, 6.94118134561e-005, 8.88160575414e-005, 6.80696539348e-005, 8.08475015219e-005, 0.00012792358757, 0.000219095731154, 0.000378767203074, 0.000549047603272, 0.000475457083667, 0.000247622752795, 0.000190192018636, 6.29607093288e-005, 1.01469349829e-005, 4.10308302889e-006, 2.07005632546e-006, 5.86929829183e-008, 7.40946859423e-010, 9.83211637107e-011]
        dvar: [1.24838377483e-012, 2.3100309221e-008, 2.06094554756e-008, 2.05988861524e-008, 1.57106205734e-006, 7.55780433792e-008, 3.04270422191e-008, 7.53615569948e-009, 1.36450504229e-008, 1.9138619578e-008, 6.17595308228e-009, 1.15105391885e-008, 9.8390033898e-009, 1.04650963451e-008, 1.83258350717e-008, 4.02761877183e-008, 1.1489164109e-007, 3.03089990439e-007, 1.45474459146e-007, 5.97977773964e-008, 6.18328357405e-008, 8.67278693306e-009, 3.6109740198e-010, 7.73213368332e-011, 1.82002381915e-011, 1.4587636993e-014, 1.85567237758e-018, 6.48373042739e-021]
        dvar2: [2.60210191068e-012, 6.59101431211e-008, 5.8381814938e-008, 5.05848731791e-008, 4.18012723458e-006, 1.78504279802e-007, 8.38205025389e-008, 1.86402058233e-008, 3.47722100003e-008, 4.74910670789e-008, 1.4285529204e-008, 2.83579026927e-008, 2.39217818887e-008, 2.66614321731e-008, 4.46454961889e-008, 1.03357642445e-007, 2.91274659503e-007, 7.31908130547e-007, 3.63194033071e-007, 1.51055587594e-007, 1.47738859368e-007, 2.00839735953e-008, 6.93333446211e-010, 1.46172379756e-010, 3.97406482722e-011, 3.20308287272e-014, 4.22205681869e-018, 2.0727058812e-020]
        max: [1.24666885313e-005, 0.0014961801935, 0.00239495863207, 0.00204578624107, 0.0112142795697, 0.00429368484765, 0.00252738501877, 0.00204045465216, 0.00210895668715, 0.00276024173945, 0.00210011657327, 0.00232945103198, 0.00493974797428, 0.00208463380113, 0.00221274769865, 0.00345484632999, 0.00483816210181, 0.00955394748598, 0.00836025271565, 0.00469298707321, 0.00534735713154, 0.00196006824262, 0.000364698731573, 0.000250453100307, 0.000120117219922, 2.68686198979e-006, 3.54205305086e-008, 1.05895359148e-009]
        mean: [6.67370272822e-007, 0.000100265751826, 0.000140413772897, 0.000130877000629, 0.000359644647688, 0.000246015028097, 0.000146179299918, 8.55835096445e-005, 0.000138016272103, 0.000138192102895, 7.76312153903e-005, 0.000100306155218, 7.10920940037e-005, 9.08069632715e-005, 0.000141674943734, 0.000285338814138, 0.000511950580403, 0.000739226059522, 0.000665254774503, 0.000325136847096, 0.00021011181525, 6.10575298197e-005, 1.20078975669e-005, 4.99453744851e-006, 2.30466866924e-006, 6.80584335555e-008, 6.09010675223e-010, 4.09702410886e-011]
        median: [1.45962331999e-007, 7.5203817687e-005, 9.54416318564e-005, 7.19424206181e-005, 0.000135768641485, 0.000118863943499, 8.75205150805e-005, 4.55439803773e-005, 7.71870691096e-005, 6.08688787906e-005, 3.78927288693e-005, 4.53546090284e-005, 3.31611154252e-005, 4.1931787564e-005, 7.34008426662e-005, 0.000160433759447, 0.000271482946118, 0.000374416238628, 0.000544723123312, 0.000256610132055, 0.000134199857712, 2.96830694424e-005, 4.04926458941e-006, 1.56773865001e-006, 7.0894509463e-007, 2.30452315009e-008, 2.64785471327e-010, 1.4603672438e-011]
        min: [4.3322016327e-024, 1.57290455244e-023, 9.31673128059e-024, 1.03289960164e-023, 6.43473840389e-023, 4.95860389201e-023, 6.06155481535e-023, 4.2359025421e-023, 5.44007946571e-023, 3.92773024294e-023, 4.47990226879e-023, 1.11520458378e-022, 1.41472118554e-022, 1.15663454878e-022, 1.00039534535e-022, 1.21904026214e-022, 1.23564559487e-022, 1.99296455943e-022, 3.63656900345e-022, 3.17896909391e-022, 3.67891833851e-022, 5.47745279239e-022, 5.58408457246e-022, 1.05945347382e-021, 1.10970106096e-021, 1.97469903422e-021, 2.31406866172e-021, 7.61342407621e-022]
        var: [1.9109540339e-012, 1.92679507904e-008, 2.63654946764e-008, 3.07132985711e-008, 1.14081137781e-006, 1.4040230667e-007, 4.01679649542e-008, 1.51401930992e-008, 3.14778745292e-008, 4.58900650813e-008, 1.58862238919e-008, 2.73658891103e-008, 1.73415966032e-008, 2.20031282083e-008, 3.89132992495e-008, 1.35512010502e-007, 3.71664384602e-007, 8.41755536385e-007, 3.2381566939e-007, 1.06004748091e-007, 8.90165736678e-008, 1.3378407715e-008, 8.4267082201e-010, 1.74151082444e-010, 3.34879658725e-011, 2.71079376123e-014, 2.69678167767e-018, 5.06463705917e-021]
    mfcc:
        mean: [-711.523620605, 94.4305343628, -57.2197685242, 59.4352416992, -12.8084402084, -9.99342441559, -2.51983523369, -1.36858820915, -0.846343874931, -6.87583017349, -5.06312322617, -3.04925513268, -4.30191087723]
        cov: [[6549.890625, 580.295776367, -551.282897949, 703.275085449, -203.327072144, -41.5104179382, -174.225189209, -37.6491661072, -108.920799255, -85.6719589233, -23.3176765442, -42.7252388, -90.1068649292], [580.295776367, 838.332885742, -452.821746826, 106.471115112, -86.4458694458, -95.8987121582, 20.6567153931, 3.34984374046, 7.82098197937, -54.8531646729, -22.1590881348, -20.855884552, -10.7983522415], [-551.282897949, -452.821746826, 750.067016602, 119.377281189, 157.707458496, 179.085983276, 126.302635193, 37.0153503418, 65.2225570679, 119.059684753, 39.7168998718, 55.9187431335, 60.5380020142], [703.275085449, 106.471115112, 119.377281189, 413.563110352, 123.982788086, 88.8897399902, 30.5317554474, 33.574131012, 58.4784545898, 52.2481613159, 25.618429184, 35.0116958618, 32.8542289734], [-203.327072144, -86.4458694458, 157.707458496, 123.982788086, 247.551055908, 78.5292358398, 14.8479690552, 38.3454971313, 64.8255615234, 67.1113433838, 28.5631656647, 30.5957431793, 18.9854431152], [-41.5104179382, -95.8987121582, 179.085983276, 88.8897399902, 78.5292358398, 184.616470337, 101.536254883, 26.9038143158, 32.5105743408, 57.6328735352, 40.5206336975, 22.9003810883, 23.3432407379], [-174.225189209, 20.6567153931, 126.302635193, 30.5317554474, 14.8479690552, 101.536254883, 195.938995361, 67.395324707, 28.9051685333, 32.5278053284, 45.0278396606, 27.2896404266, 19.334104538], [-37.6491661072, 3.34984374046, 37.0153503418, 33.574131012, 38.3454971313, 26.9038143158, 67.395324707, 141.625915527, 32.2453193665, 34.6831130981, 42.7333641052, 19.6004581451, -6.9657998085], [-108.920799255, 7.82098197937, 65.2225570679, 58.4784545898, 64.8255615234, 32.5105743408, 28.9051685333, 32.2453193665, 113.224731445, 56.9819984436, 8.38442230225, 10.9744052887, 23.1642303467], [-85.6719589233, -54.8531646729, 119.059684753, 52.2481613159, 67.1113433838, 57.6328735352, 32.5278053284, 34.6831130981, 56.9819984436, 112.569625854, 46.0039520264, 19.6164073944, 13.3509883881], [-23.3176765442, -22.1590881348, 39.7168998718, 25.618429184, 28.5631656647, 40.5206336975, 45.0278396606, 42.7333641052, 8.38442230225, 46.0039520264, 92.7135696411, 26.3810539246, -3.02615594864], [-42.7252388, -20.855884552, 55.9187431335, 35.0116958618, 30.5957431793, 22.9003810883, 27.2896404266, 19.6004581451, 10.9744052887, 19.6164073944, 26.3810539246, 68.5705718994, 32.9438819885], [-90.1068649292, -10.7983522415, 60.5380020142, 32.8542289734, 18.9854431152, 23.3432407379, 19.334104538, -6.9657998085, 23.1642303467, 13.3509883881, -3.02615594864, 32.9438819885, 76.1952819824]]
        icov: [[0.000260574190179, 2.84573288809e-005, 0.000198771725991, -0.00065525167156, 0.000401061523007, -0.000141076146974, 0.00019979456556, -3.6553828977e-005, 0.000218231187318, -7.09373853169e-005, 6.09036942478e-005, -3.4561038774e-005, 0.000289486866677], [2.84573288809e-005, 0.00253950129263, 0.00181032135151, -0.00138261087704, 0.000238663196797, 0.00125477463007, -0.00202357117087, 0.000442460732302, -0.000411155429902, -0.00036983154132, 0.000515673193149, 0.000262460904196, -0.000241771616857], [0.000198771725991, 0.00181032135151, 0.00348951597698, -0.00139583472628, -0.000260316126514, -0.000220585454372, -0.0020191736985, 0.000517419306561, 0.000367809931049, -0.00189991644584, 0.00128346960992, -0.00035177404061, -0.000562725239433], [-0.00065525167156, -0.00138261087704, -0.00139583472628, 0.00541691482067, -0.00204480579123, -0.00141497561708, 0.0010264167795, -0.000445008015959, -0.00103470135946, 0.000523722323123, -0.000456372043118, -0.000646603177302, -0.00107141432818], [0.000401061523007, 0.000238663196797, -0.000260316126514, -0.00204480579123, 0.00711374497041, -0.001996176783, 0.00218287110329, -0.00103398237843, -0.00187262310646, -0.000795075087808, -3.6680514313e-005, -0.00151215528604, 0.00114818860311], [-0.000141076146974, 0.00125477463007, -0.000220585454372, -0.00141497561708, -0.001996176783, 0.01156021934, -0.00600176444277, 0.00198663724586, 0.000717442715541, -0.00226595066488, -0.00109331228305, 0.00151047296822, -0.00106087699533], [0.00019979456556, -0.00202357117087, -0.0020191736985, 0.0010264167795, 0.00218287110329, -0.00600176444277, 0.0114964013919, -0.00400585774332, -0.00111861538608, 0.0023095025681, -0.0024058225099, -0.00104245520197, -0.000586816866416], [-3.6553828977e-005, 0.000442460732302, 0.000517419306561, -0.000445008015959, -0.00103398237843, 0.00198663724586, -0.00400585774332, 0.0105106113479, -0.00194759760052, -0.000726919621229, -0.002377131721, -0.00157354702242, 0.00273201148957], [0.000218231187318, -0.000411155429902, 0.000367809931049, -0.00103470135946, -0.00187262310646, 0.000717442715541, -0.00111861538608, -0.00194759760052, 0.0149219473824, -0.00712794577703, 0.00338343228213, 0.00171897071414, -0.00318999961019], [-7.09373853169e-005, -0.00036983154132, -0.00189991644584, 0.000523722323123, -0.000795075087808, -0.00226595066488, 0.0023095025681, -0.000726919621229, -0.00712794577703, 0.0182244479656, -0.00750072766095, 0.000388919870602, -0.000105164472188], [6.09036942478e-005, 0.000515673193149, 0.00128346960992, -0.000456372043118, -3.6680514313e-005, -0.00109331228305, -0.0024058225099, -0.002377131721, 0.00338343228213, -0.00750072766095, 0.0184424538165, -0.0058175814338, 0.00359282037243], [-3.4561038774e-005, 0.000262460904196, -0.00035177404061, -0.000646603177302, -0.00151215528604, 0.00151047296822, -0.00104245520197, -0.00157354702242, 0.00171897071414, 0.000388919870602, -0.0058175814338, 0.0230440236628, -0.0101958122104], [0.000289486866677, -0.000241771616857, -0.000562725239433, -0.00107141432818, 0.00114818860311, -0.00106087699533, -0.000586816866416, 0.00273201148957, -0.00318999961019, -0.000105164472188, 0.00359282037243, -0.0101958122104, 0.0203180871904]]
    sccoeffs:
        dmean: [0.0515432395041, 0.0448960997164, 0.0372975580394, 0.0309912487864, 0.0220856145024, 0.0179385021329]
        dmean2: [0.0838807523251, 0.073763884604, 0.061496078968, 0.0507370196283, 0.0356058515608, 0.0285392012447]
        dvar: [0.00238092592917, 0.00134720373899, 0.000920489954296, 0.000633060582913, 0.000326959154336, 0.000302192609524]
        dvar2: [0.00590061675757, 0.0035944764968, 0.00241147261113, 0.00167320983019, 0.000814799510408, 0.000715734669939]
        max: [-0.300846010447, -0.465295791626, -0.521722197533, -0.571733355522, -0.566311061382, -0.554425299168]
        mean: [-0.669159412384, -0.752248704433, -0.780904531479, -0.780446171761, -0.778322458267, -0.732470750809]
        median: [-0.682730853558, -0.75597089529, -0.783786773682, -0.785198926926, -0.783133745193, -0.732418954372]
        min: [-0.975828170776, -0.968855559826, -0.962360680103, -0.958818972111, -0.959851920605, -0.960629582405]
        var: [0.00825094711035, 0.00420270208269, 0.00329735758714, 0.00275680306368, 0.00216294755228, 0.00197053910233]
    scvalleys:
        dmean: [0.357831597328, 0.32693490386, 0.292897343636, 0.258768767118, 0.205070480704, 0.242171600461]
        dmean2: [0.594264626503, 0.538481771946, 0.478836834431, 0.413942545652, 0.325963914394, 0.350567042828]
        dvar: [0.101230628788, 0.0923564434052, 0.0770009458065, 0.0656283870339, 0.0608028918505, 0.124897032976]
        dvar2: [0.25404125452, 0.218083783984, 0.1673822999, 0.130616545677, 0.118086613715, 0.242549777031]
        max: [-5.40098905563, -4.61799716949, -5.41710758209, -5.73841762543, -5.38967466354, -7.26213407516]
        mean: [-7.25597763062, -6.83243656158, -7.17398643494, -7.29340028763, -6.87367486954, -9.93100357056]
        median: [-6.7278137207, -6.63244247437, -6.97898387909, -7.09234046936, -6.6138086319, -9.72763633728]
        min: [-27.4299125671, -26.9184036255, -27.8955020905, -27.2854118347, -27.2192764282, -27.2421531677]
        var: [2.75633907318, 1.79072988033, 1.6639187336, 1.5672878027, 1.65361225605, 2.09617519379]

rhythm:
    beats_loudness:
        dmean: 0.00455295899883
        dmean2: 0.00882438663393
        dvar: 1.22313458633e-005
        dvar2: 4.39071918663e-005
        max: 0.0193433500826
        mean: 0.0059881717898
        median: 0.00469485064968
        min: 5.0982252274e-012
        var: 1.57364102051e-005
    bpm: 104.94379425
    bpm_confidence: 0
    first_peak_bpm: 105
    first_peak_spread: 0.374999970198
    first_peak_weight: 0.608552634716
    onset_rate: 2.53757238388
    second_peak_bpm: 123
    second_peak_spread: 0.5
    second_peak_weight: 0.00657894741744
    beats_loudness_band_ratio:
        dmean: [0.137175604701, 0.242167517543, 0.0691022649407, 0.0611983276904, 0.169298782945, 0.10404959321]
        dmean2: [0.251817762852, 0.470222562551, 0.121865086257, 0.108571469784, 0.308041006327, 0.186139881611]
        dvar: [0.0132161015645, 0.0322573557496, 0.00519001577049, 0.00490685878322, 0.0187769513577, 0.0100643932819]
        dvar2: [0.0379603989422, 0.110927179456, 0.0147635405883, 0.014060171321, 0.0546345412731, 0.0320628620684]
        max: [0.920651197433, 0.758209645748, 0.578489840031, 0.589641094208, 0.726991832256, 0.655707657337]
        mean: [0.203702151775, 0.213560804725, 0.0903682112694, 0.0763738155365, 0.29142716527, 0.225206315517]
        median: [0.177310273051, 0.124258086085, 0.0637513920665, 0.0471257157624, 0.251378893852, 0.195905312896]
        min: [0, 0, 0, 0, 0, 0]
        var: [0.0223241429776, 0.0358482003212, 0.00675532314926, 0.00617674179375, 0.0256128273904, 0.0118443015963]
    beats_position: [0.592108845711, 1.18421769142, 1.764716506, 2.33360528946, 2.91410422325, 3.49460315704, 4.07510185242, 4.67882061005, 5.27092981339, 5.86303853989, 6.45514726639, 7.03564596176, 7.60453510284, 8.17342376709, 8.75392246246, 9.32281208038, 9.90331077576, 10.47219944, 11.0410881042, 11.6099767685, 12.1904764175, 12.7593650818, 13.328253746, 13.8971424103, 14.4660310745, 15.0465307236, 15.6154193878, 16.1843090057, 16.7531967163, 17.3220863342, 17.9025840759, 18.4714736938, 19.0403633118, 19.6092510223, 20.1781406403, 20.758638382, 21.339138031, 21.9080276489, 22.4769153595, 23.0458049774, 23.614692688, 24.1835823059, 24.764081955, 25.3329696655, 25.9134693146, 26.4823570251, 27.0512466431, 27.620136261, 28.1890239716, 28.7579135895, 29.3268013, 29.895690918, 30.476190567, 31.0450782776, 31.6139678955, 32.1828575134, 32.7633552551, 33.332244873, 33.901134491, 34.4700202942, 35.0505218506, 35.6194114685, 36.1882972717, 36.7571868896, 37.3376846313, 37.9065742493, 38.4754638672, 39.0443534851, 39.613243103, 40.1821289063, 40.7626304626, 41.3315200806, 41.9004058838, 42.4692955017, 43.0497932434, 43.6302947998, 44.1991844177, 44.7680702209, 45.3369598389, 45.9058494568, 46.4747390747, 47.0436286926, 47.6125144958, 48.1814041138, 48.7502937317, 49.3307914734, 49.8996810913, 50.4685707092, 51.0490684509, 51.6179580688, 52.1984558105, 52.7673454285, 53.3362350464, 53.9051246643, 54.4740142822, 55.0429000854, 55.6117897034, 56.1690673828, 56.7495689392, 57.3184585571, 57.8989562988, 58.4678459167, 59.0483436584, 59.6172332764, 60.1977310181, 60.766620636, 61.3355102539, 61.9043960571, 62.473285675, 63.042175293, 63.6226730347, 64.1915664673, 64.7604522705, 65.3177337646, 65.8982315063, 66.478729248, 67.0592269897, 67.6281204224, 68.1970062256, 68.7542877197, 69.3347854614, 69.9036712646, 70.4725646973, 71.053062439, 71.6219482422, 72.1908340454, 72.759727478, 73.3286132813, 73.9091110229, 74.4780044556, 75.0468902588, 75.6157836914, 76.1962814331, 76.7651672363, 77.3340606689, 77.9029464722, 78.4718322754, 79.040725708, 79.6212234497, 80.1785049438, 80.7590026855, 81.3395004272, 81.9083862305, 82.4772796631, 83.0461654663, 83.6150588989, 84.1955566406, 84.7644424438, 85.3333282471, 85.9022216797, 86.4827194214, 87.0516052246, 87.6204986572, 88.1893844604, 88.7698822021, 89.3387756348, 89.9192733765, 90.4881591797, 91.0570526123, 91.6259384155, 92.1948318481, 92.7637176514, 93.3209991455, 93.9014968872, 94.4703826904, 95.0508804321, 95.6197738647, 96.2002716064, 96.7691574097, 97.3380508423, 97.9069366455, 98.4758224487, 99.0563278198, 99.6136016846, 100.194099426, 100.75138092, 101.331878662, 101.889160156, 102.469657898, 103.026939392, 103.607437134, 104.176322937, 104.756820679, 105.325714111, 105.906211853, 106.475097656, 107.043991089, 107.612876892, 108.181770325, 108.762268066, 109.342765808, 109.911651611, 110.480545044, 111.037818909, 111.61831665, 112.198822021, 112.767707825, 113.336593628, 113.905487061, 114.474372864, 115.054870605, 115.635368347, 116.192649841, 116.749931335, 117.3072052, 117.794830322, 118.282447815, 118.781677246, 119.246078491, 119.722084045, 120.186485291, 120.755371094, 121.324264526, 121.89315033, 122.462036133, 123.042533875, 123.623039246, 124.203536987, 124.784034729, 125.352920532, 125.921813965, 126.490699768, 127.059593201, 127.628479004, 128.185760498, 128.754638672, 129.335144043, 129.904037476, 130.472915649, 131.041809082, 131.610702515, 132.179595947, 132.748474121, 133.317367554, 133.897872925, 134.466751099, 135.035644531, 135.616149902, 136.185028076, 136.753921509, 137.322814941, 137.903305054, 138.472198486, 139.041091919, 139.621582031, 140.190475464, 140.759368896, 141.32824707, 141.897140503, 142.477645874, 143.058135986, 143.638641357, 144.207519531, 144.776412964, 145.345306396, 145.914199829, 146.483078003, 147.051971436, 147.620864868, 148.178131104, 148.747024536, 149.327529907, 149.90802002, 150.476913452, 151.045806885, 151.626296997, 152.19519043, 152.764083862, 153.332962036, 153.901855469, 154.470748901, 155.051239014, 155.620132446, 156.200637817, 156.746307373, 157.315185547, 157.884078979, 158.464584351, 159.033462524, 159.613967896, 160.182861328, 160.76335144, 161.332244873, 161.912734985, 162.481628418, 163.050521851, 163.619400024, 164.188293457, 164.75718689, 165.326080322, 165.883346558, 166.463851929, 167.0443573, 167.624847412, 168.205352783, 168.785842896, 169.366348267, 169.946838379, 170.52734375, 171.084625244, 171.653518677, 172.210784912, 172.768066406, 173.336959839, 173.905853271]
    bpm_estimates: [101.332717896, 103.359382629, 105.468772888, 103.359359741, 103.359359741, 103.359405518, 101.33265686, 101.332740784, 101.332740784, 103.359405518, 105.468704224, 105.468788147, 103.359405518, 105.468612671, 103.359405518, 105.468788147, 105.468788147, 105.468788147, 103.359237671, 105.468788147, 105.468788147, 105.468788147, 105.468788147, 103.359237671, 105.468788147, 105.468612671, 105.468971252, 105.468612671, 103.359573364, 105.468612671, 105.468612671, 105.468971252, 105.468612671, 103.359573364, 103.359237671, 105.468612671, 105.468971252, 105.468612671, 105.468971252, 105.468612671, 103.359237671, 105.468971252, 103.359237671, 105.468971252, 105.468612671, 105.468612671, 105.468971252, 105.468612671, 105.468971252, 105.468612671, 103.359237671, 105.468971252, 105.468612671, 105.468612671, 103.359573364, 105.468612671, 105.468612671, 105.469322205, 103.358894348, 105.468612671, 105.469322205, 105.468612671, 103.359573364, 105.468612671, 105.468612671, 105.468612671, 105.468612671, 105.469322205, 103.358894348, 105.468612671, 105.469322205, 105.468612671, 103.359573364, 103.358894348, 105.468612671, 105.469322205, 105.468612671, 105.468612671, 105.468612671, 105.468612671, 105.469322205, 105.468612671, 105.468612671, 103.359573364, 105.468612671, 105.468612671, 103.359573364, 105.468612671, 103.359573364, 105.468612671, 105.468612671, 105.468612671, 105.468612671, 105.469322205, 105.468612671, 107.666252136, 103.358894348, 105.468612671, 103.359573364, 105.468612671, 103.359573364, 105.468612671, 103.359573364, 105.468612671, 105.468612671, 105.469322205, 105.468612671, 105.468612671, 103.359573364, 105.467910767, 105.469322205, 107.665519714, 103.359573364, 103.359573364, 103.359573364, 105.467910767, 105.469322205, 107.665519714, 103.359573364, 105.469322205, 105.467910767, 103.359573364, 105.469322205, 105.469322205, 105.467910767, 105.469322205, 103.359573364, 105.467910767, 105.469322205, 105.467910767, 103.359573364, 105.469322205, 105.467910767, 105.469322205, 105.469322205, 105.467910767, 103.359573364, 107.665519714, 103.359573364, 103.359573364, 105.469322205, 105.467910767, 105.469322205, 105.467910767, 103.359573364, 105.469322205, 105.469322205, 105.467910767, 103.359573364, 105.469322205, 105.467910767, 105.469322205, 103.359573364, 105.467910767, 103.359573364, 105.469322205, 105.467910767, 105.469322205, 105.467910767, 105.469322205, 107.665519714, 103.359573364, 105.469322205, 103.359573364, 105.467910767, 103.359573364, 105.469322205, 105.467910767, 105.469322205, 105.469322205, 103.358215332, 107.666992188, 103.359573364, 107.665519714, 103.359573364, 107.665519714, 103.359573364, 107.665519714, 103.359573364, 105.469322205, 103.359573364, 105.467910767, 103.359573364, 105.469322205, 105.467910767, 105.469322205, 105.467910767, 103.359573364, 103.359573364, 105.469322205, 105.467910767, 107.666992188, 103.359573364, 103.358215332, 105.469322205, 105.469322205, 105.467910767, 105.469322205, 103.359573364, 103.359573364, 107.665519714, 107.665519714, 107.666992188, 105.469322205, 105.467910767, 105.469322205, 105.469322205, 103.359573364, 103.358215332, 103.359573364, 103.359573364, 105.469322205, 105.467910767, 105.469322205, 105.467910767, 105.469322205, 107.665519714, 105.470733643, 103.358215332, 105.467910767, 105.470733643, 105.467910767, 105.467910767, 105.467910767, 105.470733643, 105.467910767, 103.358215332, 105.470733643, 105.467910767, 103.358215332, 105.470733643, 105.467910767, 105.467910767, 103.360931396, 105.467910767, 105.467910767, 103.360931396, 105.467910767, 105.467910767, 105.470733643, 105.467910767, 103.358215332, 103.360931396, 103.358215332, 105.470733643, 105.467910767, 105.467910767, 105.467910767, 105.470733643, 105.467910767, 105.467910767, 107.668464661, 105.467910767, 103.358215332, 103.360931396, 105.467910767, 105.467910767, 103.360931396, 105.467910767, 105.467910767, 105.470733643, 105.467910767, 105.467910767, 103.360931396, 105.467910767, 103.358215332, 109.95665741, 105.470733643, 105.467910767, 103.358215332, 105.470733643, 103.358215332, 105.467910767, 103.360931396, 105.467910767, 103.360931396, 105.467910767, 105.467910767, 105.470733643, 105.467910767, 105.467910767, 105.467910767, 107.668464661, 103.358215332, 103.358215332, 103.360931396, 103.358215332, 103.360931396, 103.358215332, 103.360931396, 103.358215332, 107.665519714, 105.467910767, 107.668464661, 107.665519714, 105.467910767, 105.467910767]
