
metadata:
    version:
        essentia: "2.1-beta2"
    audio_properties:
        analysis_sample_rate: 44100
        bitrate: 292
        channels: 2
        equal_loudness: 1
        length: 201.404083252
        replay_gain: -16.2174034119
        downmix: "mix"
    tags:
        album: "The Return"
        artist: "Nonpoint"
        comment: ""
        date: "2014"
        genre: "Hard Rock"
        title: "Razors"
        tracknumber: "3/13"

configuration:
    average_loudness:
        compute: 1
        frameSize: 88200
        hopSize: 44100
        silentFrames: "noise"
        windowType: "hann"
    general:
        analysisSampleRate: 44100
        endTime: 2000
        equalLoudness: 1
        nequalLoudness: 0
        shortSound: 0
        startTime: 0
    lowlevel:
        compute: 1
        frameSize: 2048
        hopSize: 1024
        zeroPadding: 0
        silentFrames: "noise"
        windowType: "blackmanharris62"
        mfccStats: ["mean", "cov", "icov"]
        stats: ["mean", "var", "median", "min", "max", "dmean", "dmean2", "dvar", "dvar2"]
    panning:
        compute: 0
        frameSize: 8192
        hopSize: 2048
        zeroPadding: 8192
        silentFrames: "noise"
        windowType: "hann"
        stats: ["copy"]
    rhythm:
        compute: 1
        maxTempo: 208
        minTempo: 40
        method: "degara"
        stats: ["mean", "var", "median", "min", "max", "dmean", "dmean2", "dvar", "dvar2"]
    segmentation:
        compute: 0
        cpw: 5
        inc1: 300
        inc2: 50
        minimumSegmentsLength: 10
        size1: 1000
        size2: 600
    sfx:
        compute: 1
        stats: ["mean", "var", "median", "min", "max", "dmean", "dmean2", "dvar", "dvar2"]
    svm:
        compute: 0
    tonal:
        compute: 1
        frameSize: 4096
        hopSize: 2048
        zeroPadding: 0
        silentFrames: "noise"
        windowType: "blackmanharris62"
        stats: ["mean", "var", "median", "min", "max", "dmean", "dmean2", "dvar", "dvar2"]

lowlevel:
    average_loudness: 0.905950188637
    barkbands_kurtosis:
        dmean: 0.712257444859
        dmean2: 1.20017671585
        dvar: 1.25173914433
        dvar2: 3.18321084976
        max: 26.4689426422
        mean: -0.731869339943
        median: -1.19643437862
        min: -1.91153371334
        var: 2.38607668877
    barkbands_skewness:
        dmean: 0.446084737778
        dmean2: 0.695910453796
        dvar: 0.203162327409
        dvar2: 0.473064094782
        max: 5.09531736374
        mean: -0.373502641916
        median: -0.406440526247
        min: -4.52157020569
        var: 0.620277166367
    barkbands_spread:
        dmean: 5.99612045288
        dmean2: 9.78866958618
        dvar: 38.7773971558
        dvar2: 101.731735229
        max: 74.9393539429
        mean: 36.8865776062
        median: 36.2840385437
        min: 5.41213512421
        var: 128.078674316
    dissonance:
        dmean: 0.00830148532987
        dmean2: 0.0140548218042
        dvar: 5.93373661104e-005
        dvar2: 0.00016189404414
        max: 0.500000119209
        mean: 0.4857172966
        median: 0.488278895617
        min: 0.400350511074
        var: 0.000115527131129
    hfc:
        dmean: 2.4881401062
        dmean2: 4.13125705719
        dvar: 11.0943059921
        dvar2: 28.859708786
        max: 35.5062217712
        mean: 8.09142303467
        median: 7.24541282654
        min: 1.16641254337e-016
        var: 29.8763484955
    pitch:
        dmean: 853.546081543
        dmean2: 1633.04394531
        dvar: 1648268.5
        dvar2: 4034973.75
        max: 4578.48242188
        mean: 2561.05371094
        median: 3306.01342773
        min: 64.8574142456
        var: 2232214.75
    pitch_instantaneous_confidence:
        dmean: 0.0830582976341
        dmean2: 0.138334944844
        dvar: 0.00449913786724
        dvar2: 0.0118245529011
        max: 0.859490394592
        mean: 0.400901556015
        median: 0.386427164078
        min: 0.126068592072
        var: 0.0135554391891
    pitch_salience:
        dmean: 0.062493763864
        dmean2: 0.106249451637
        dvar: 0.00505983410403
        dvar2: 0.0141346659511
        max: 0.893245697021
        mean: 0.6849437356
        median: 0.697006464005
        min: 0.125821590424
        var: 0.00616560131311
    silence_rate_20dB:
        dmean: 0
        dmean2: 0
        dvar: 0
        dvar2: 0
        max: 1
        mean: 1
        median: 1
        min: 1
        var: 0
    silence_rate_30dB:
        dmean: 0
        dmean2: 0
        dvar: 0
        dvar2: 0
        max: 1
        mean: 1
        median: 1
        min: 1
        var: 0
    silence_rate_60dB:
        dmean: 0.104911230505
        dmean2: 0.209846645594
        dvar: 0.0939013138413
        dvar2: 0.19625480473
        max: 1
        mean: 0.441613823175
        median: 0
        min: 0
        var: 0.246592700481
    spectral_centroid:
        dmean: 303.35723877
        dmean2: 482.095214844
        dvar: 101143.039063
        dvar2: 230584.71875
        max: 10720.3544922
        mean: 2024.55395508
        median: 2067.87915039
        min: 213.303955078
        var: 288411.28125
    spectral_complexity:
        dmean: 3.72215819359
        dmean2: 6.1646490097
        dvar: 14.2409324646
        dvar2: 36.6192817688
        max: 39
        mean: 14.4570608139
        median: 14
        min: 0
        var: 71.9248428345
    spectral_crest:
        dmean: 2.19354319572
        dmean2: 3.6633245945
        dvar: 6.87781906128
        dvar2: 17.1968669891
        max: 23.2231616974
        mean: 6.86941289902
        median: 6.05844926834
        min: 2.65010404587
        var: 9.16426467896
    spectral_decrease:
        dmean: 3.24759580339e-010
        dmean2: 5.38249778081e-010
        dvar: 4.30575038439e-019
        dvar2: 1.07981801184e-018
        max: -5.26199509955e-029
        mean: -8.93954688053e-010
        median: -7.66855801082e-010
        min: -5.87145798647e-009
        var: 5.1835981359e-019
    spectral_energy:
        dmean: 0.00142643030267
        dmean2: 0.0023614326492
        dvar: 7.02790248397e-006
        dvar2: 1.76038356585e-005
        max: 0.0235743355006
        mean: 0.00410789949819
        median: 0.00355436070822
        min: 1.07783031299e-020
        var: 9.61807836575e-006
    spectral_energyband_high:
        dmean: 0.000165858917171
        dmean2: 0.000285316637019
        dvar: 7.3030257397e-008
        dvar2: 1.88422546898e-007
        max: 0.00335135287605
        mean: 0.000352986942744
        median: 0.000268453411991
        min: 7.73875284423e-021
        var: 1.058213428e-007
    spectral_energyband_low:
        dmean: 0.000200094553293
        dmean2: 0.000346561952028
        dvar: 1.28890988549e-007
        dvar2: 3.6030468209e-007
        max: 0.00515935197473
        mean: 0.000313703523716
        median: 0.000227152588195
        min: 6.77142928695e-023
        var: 1.19591405223e-007
    spectral_energyband_middle_high:
        dmean: 0.000648662564345
        dmean2: 0.00104892801028
        dvar: 6.50970491733e-007
        dvar2: 1.55983605055e-006
        max: 0.012189260684
        mean: 0.0022096990142
        median: 0.00177538546268
        min: 1.66652215336e-021
        var: 2.883633897e-006
    spectral_energyband_middle_low:
        dmean: 0.000839287415147
        dmean2: 0.00138688960578
        dvar: 5.65567597732e-006
        dvar2: 1.43474117067e-005
        max: 0.0202037971467
        mean: 0.00130577303935
        median: 0.000775857362896
        min: 4.69980608137e-022
        var: 4.72444753541e-006
    spectral_flatness_db:
        dmean: 0.0146183576435
        dmean2: 0.0234160181135
        dvar: 0.000229996294365
        dvar2: 0.000572059128899
        max: 0.341279625893
        mean: 0.139622986317
        median: 0.134615913033
        min: 0.0555215403438
        var: 0.00123473769054
    spectral_flux:
        dmean: 0.00869440659881
        dmean2: 0.0138016240671
        dvar: 0.000168518381543
        dvar2: 0.000354396150215
        max: 0.134437441826
        mean: 0.0392504148185
        median: 0.037186332047
        min: 1.03818606489e-010
        var: 0.000353587820427
    spectral_kurtosis:
        dmean: 1.05664348602
        dmean2: 1.77916228771
        dvar: 2.2349023819
        dvar2: 6.56093835831
        max: 37.9956512451
        mean: 3.30362057686
        median: 2.97174859047
        min: -1.18749165535
        var: 4.3639550209
    spectral_rms:
        dmean: 0.000302132044453
        dmean2: 0.000486815813929
        dvar: 2.02202770083e-007
        dvar2: 4.80161247651e-007
        max: 0.0047957636416
        mean: 0.00187425245531
        median: 0.00186216784641
        min: 3.24274851762e-012
        var: 4.94895289194e-007
    spectral_rolloff:
        dmean: 307.272888184
        dmean2: 509.208679199
        dvar: 229722.265625
        dvar2: 548946.4375
        max: 18927.6855469
        mean: 3593.33520508
        median: 3574.51171875
        min: 107.666015625
        var: 383888.65625
    spectral_skewness:
        dmean: 0.159934952855
        dmean2: 0.267341047525
        dvar: 0.0282762125134
        dvar2: 0.0798553675413
        max: 4.22103118896
        mean: 1.16491961479
        median: 1.16981327534
        min: 0.0188389420509
        var: 0.0645128339529
    spectral_spread:
        dmean: 409365.375
        dmean2: 577622.75
        dvar: 319789268992
        dvar2: 472498634752
        max: 40341056
        mean: 4493566
        median: 4305293
        min: 1214056.5
        var: 1.8496192512e+012
    spectral_strongpeak:
        dmean: 0.573084592819
        dmean2: 0.992185473442
        dvar: 0.677050232887
        dvar2: 1.76361691952
        max: 9.01641273499
        mean: 0.744330525398
        median: 0.303317964077
        min: 5.51234891066e-010
        var: 0.955673515797
    zerocrossingrate:
        dmean: 0.00875562429428
        dmean2: 0.0111405588686
        dvar: 9.2393696832e-005
        dvar2: 0.000129935739096
        max: 0.48974609375
        mean: 0.111370056868
        median: 0.11279296875
        min: 0.0224609375
        var: 0.000488754420076
    barkbands:
        dmean: [6.15274586835e-007, 9.7083626315e-005, 0.000108566251583, 6.87624560669e-005, 0.000592997006606, 0.000189167316421, 9.10725066205e-005, 4.37390772277e-005, 8.69965442689e-005, 5.62790919503e-005, 2.36788218899e-005, 3.8594527723e-005, 3.80389246857e-005, 4.81632851006e-005, 4.56490270153e-005, 8.11392019386e-005, 0.00018267177802, 0.000267869705567, 0.000279194820905, 0.000126207232825, 8.71946467669e-005, 3.09406932502e-005, 5.24094411958e-006, 2.02572823582e-006, 9.45590898027e-007, 2.18896936133e-008, 2.81774992228e-010]
        dmean2: [9.32956822908e-007, 0.000169833263499, 0.000188525547856, 0.000115940922115, 0.0010228662286, 0.000309162278427, 0.000152035441715, 7.18023293302e-005, 0.000136999195092, 8.84394175955e-005, 3.83605365641e-005, 6.26996115898e-005, 6.35003234493e-005, 7.84487201599e-005, 7.53822096158e-005, 0.000134801579406, 0.000298236584058, 0.000432063854532, 0.000473951280583, 0.00021500675939, 0.000152326290845, 5.3390791436e-005, 8.23826576379e-006, 2.96442112813e-006, 1.40172176089e-006, 3.47737056927e-008, 4.7844228579e-010]
        dvar: [1.1487677129e-012, 3.68785109117e-008, 3.87039840177e-008, 1.14027738363e-008, 4.74137732454e-006, 1.23443655298e-007, 3.22577982104e-008, 5.6635895973e-009, 2.34829222734e-008, 1.05073176826e-008, 1.71378822245e-009, 6.58699805811e-009, 5.003675696e-009, 7.26992333e-009, 6.80897915828e-009, 1.60580864161e-008, 1.05245831605e-007, 2.0269136769e-007, 1.3230923912e-007, 2.9047928507e-008, 2.12728554772e-008, 3.09936631915e-009, 1.35476990737e-010, 2.6740889017e-011, 5.9033012853e-012, 2.876931947e-015, 1.38737544751e-018]
        dvar2: [2.23051763691e-012, 1.0433045361e-007, 1.10243711049e-007, 3.04885610092e-008, 1.24199996208e-005, 3.14467513363e-007, 8.73165006965e-008, 1.50500394369e-008, 5.70539242517e-008, 2.43921345344e-008, 4.31409930002e-009, 1.70830034563e-008, 1.27381847292e-008, 1.83980866097e-008, 1.6788288093e-008, 4.03694357942e-008, 2.60052701151e-007, 4.68180473945e-007, 3.48542727124e-007, 7.45165351645e-008, 5.71692773121e-008, 8.13375500286e-009, 2.72704969717e-010, 4.99362669271e-011, 1.14112434779e-011, 6.88082810131e-015, 3.0140602433e-018]
        max: [9.98506402539e-006, 0.00144200772047, 0.00367359630764, 0.00267155375332, 0.0185456499457, 0.00537345604971, 0.00251382030547, 0.00133478816133, 0.0026563028805, 0.00178605900146, 0.000842075562105, 0.00254938635044, 0.00116443855222, 0.00169943331275, 0.00189271417912, 0.00240159733221, 0.00648422632366, 0.00975719839334, 0.00612297002226, 0.00303384009749, 0.00176692940295, 0.000813643855508, 0.000277944520349, 0.000124726284412, 7.00323216734e-005, 1.93845994545e-006, 1.00034242223e-007]
        mean: [7.28809709472e-007, 0.000118103176646, 0.000145399026223, 9.12157775019e-005, 0.000520017638337, 0.000291713047773, 0.000134398127557, 7.17863877071e-005, 0.000165518984431, 0.000100931705674, 4.21551449108e-005, 6.30281138001e-005, 6.51159280096e-005, 7.94996667537e-005, 7.90260382928e-005, 0.000161190080689, 0.000356918404577, 0.000504642666783, 0.000611156981904, 0.000285740301479, 0.000156096255523, 4.75742162962e-005, 1.00977886177e-005, 4.02282421419e-006, 1.78801394668e-006, 4.14261762671e-008, 3.81703446628e-010]
        median: [2.03645925012e-007, 7.4161158409e-005, 9.13700496312e-005, 5.904252248e-005, 0.000143605633639, 0.000144788893522, 6.90203451086e-005, 3.73088623746e-005, 7.37405280233e-005, 4.07911284128e-005, 1.9351429728e-005, 3.06790279865e-005, 2.90879488603e-005, 3.06935617118e-005, 4.71733292216e-005, 0.000105274186353, 0.000176167915924, 0.00021992213442, 0.000473770720419, 0.000240159715759, 0.000114074515295, 2.63216352323e-005, 4.93737934448e-006, 1.76917353656e-006, 8.36988590436e-007, 2.18301519084e-008, 2.0739543416e-010]
        min: [3.89130490619e-024, 1.20249223226e-023, 2.90440062848e-023, 3.49761803387e-023, 9.02705650748e-023, 5.74727957269e-023, 6.921057268e-023, 1.11916845205e-022, 8.64344165342e-023, 1.01126616417e-022, 5.04617628773e-023, 4.91340626422e-023, 1.63257566369e-022, 7.67773643482e-023, 6.79776461941e-023, 1.97133992565e-022, 1.93245223846e-022, 4.41979857777e-022, 2.39738817577e-022, 2.15268125106e-022, 4.24140494158e-022, 5.21072945401e-022, 6.39016561704e-022, 9.13441252496e-022, 1.08759982897e-021, 1.857432046e-021, 2.30955289373e-021]
        var: [1.70104110919e-012, 2.7329059904e-008, 3.92646164471e-008, 1.23099006544e-008, 3.40115229847e-006, 1.76420726916e-007, 3.94730363951e-008, 1.04319344274e-008, 5.74593279623e-008, 2.91409048003e-008, 4.20794954437e-009, 1.02168380423e-008, 9.85986314817e-009, 1.39989806414e-008, 1.08610862526e-008, 3.35000756024e-008, 2.25849163371e-007, 5.23556195731e-007, 2.69504056405e-007, 4.6973038792e-008, 2.47472922155e-008, 3.79624998104e-009, 2.74242878406e-010, 5.93011958983e-011, 1.18877329855e-011, 4.68059141115e-015, 2.57062277898e-018]
    frequency_bands:
        dmean: [6.15274586835e-007, 9.7083626315e-005, 0.000108566251583, 6.87624560669e-005, 0.000592997006606, 0.000189167316421, 9.10725066205e-005, 4.37390772277e-005, 8.69965442689e-005, 5.62790919503e-005, 2.36788218899e-005, 3.8594527723e-005, 3.80389246857e-005, 4.81632851006e-005, 4.56490270153e-005, 8.11392019386e-005, 0.00018267177802, 0.000267869705567, 0.000279194820905, 0.000126207232825, 8.71946467669e-005, 3.09406932502e-005, 5.24094411958e-006, 2.02572823582e-006, 9.45590898027e-007, 2.18896936133e-008, 2.81774992228e-010, 5.01559453692e-011]
        dmean2: [9.32956822908e-007, 0.000169833263499, 0.000188525547856, 0.000115940922115, 0.0010228662286, 0.000309162278427, 0.000152035441715, 7.18023293302e-005, 0.000136999195092, 8.84394175955e-005, 3.83605365641e-005, 6.26996115898e-005, 6.35003234493e-005, 7.84487201599e-005, 7.53822096158e-005, 0.000134801579406, 0.000298236584058, 0.000432063854532, 0.000473951280583, 0.00021500675939, 0.000152326290845, 5.3390791436e-005, 8.23826576379e-006, 2.96442112813e-006, 1.40172176089e-006, 3.47737056927e-008, 4.7844228579e-010, 9.30604204807e-011]
        dvar: [1.1487677129e-012, 3.68785109117e-008, 3.87039840177e-008, 1.14027738363e-008, 4.74137732454e-006, 1.23443655298e-007, 3.22577982104e-008, 5.6635895973e-009, 2.34829222734e-008, 1.05073176826e-008, 1.71378822245e-009, 6.58699805811e-009, 5.003675696e-009, 7.26992333e-009, 6.80897915828e-009, 1.60580864161e-008, 1.05245831605e-007, 2.0269136769e-007, 1.3230923912e-007, 2.9047928507e-008, 2.12728554772e-008, 3.09936631915e-009, 1.35476990737e-010, 2.6740889017e-011, 5.9033012853e-012, 2.876931947e-015, 1.38737544751e-018, 5.53015799049e-021]
        dvar2: [2.23051763691e-012, 1.0433045361e-007, 1.10243711049e-007, 3.04885610092e-008, 1.24199996208e-005, 3.14467513363e-007, 8.73165006965e-008, 1.50500394369e-008, 5.70539242517e-008, 2.43921345344e-008, 4.31409930002e-009, 1.70830034563e-008, 1.27381847292e-008, 1.83980866097e-008, 1.6788288093e-008, 4.03694357942e-008, 2.60052701151e-007, 4.68180473945e-007, 3.48542727124e-007, 7.45165351645e-008, 5.71692773121e-008, 8.13375500286e-009, 2.72704969717e-010, 4.99362669271e-011, 1.14112434779e-011, 6.88082810131e-015, 3.0140602433e-018, 1.75713292322e-020]
        max: [9.98506402539e-006, 0.00144200772047, 0.00367359630764, 0.00267155375332, 0.0185456499457, 0.00537345604971, 0.00251382030547, 0.00133478816133, 0.0026563028805, 0.00178605900146, 0.000842075562105, 0.00254938635044, 0.00116443855222, 0.00169943331275, 0.00189271417912, 0.00240159733221, 0.00648422632366, 0.00975719839334, 0.00612297002226, 0.00303384009749, 0.00176692940295, 0.000813643855508, 0.000277944520349, 0.000124726284412, 7.00323216734e-005, 1.93845994545e-006, 1.00034242223e-007, 8.76743566636e-010]
        mean: [7.28809709472e-007, 0.000118103176646, 0.000145399026223, 9.12157775019e-005, 0.000520017638337, 0.000291713047773, 0.000134398127557, 7.17863877071e-005, 0.000165518984431, 0.000100931705674, 4.21551449108e-005, 6.30281138001e-005, 6.51159280096e-005, 7.94996667537e-005, 7.90260382928e-005, 0.000161190080689, 0.000356918404577, 0.000504642666783, 0.000611156981904, 0.000285740301479, 0.000156096255523, 4.75742162962e-005, 1.00977886177e-005, 4.02282421419e-006, 1.78801394668e-006, 4.14261762671e-008, 3.81703446628e-010, 3.88068917279e-011]
        median: [2.03645925012e-007, 7.4161158409e-005, 9.13700496312e-005, 5.904252248e-005, 0.000143605633639, 0.000144788893522, 6.90203451086e-005, 3.73088623746e-005, 7.37405280233e-005, 4.07911284128e-005, 1.9351429728e-005, 3.06790279865e-005, 2.90879488603e-005, 3.06935617118e-005, 4.71733292216e-005, 0.000105274186353, 0.000176167915924, 0.00021992213442, 0.000473770720419, 0.000240159715759, 0.000114074515295, 2.63216352323e-005, 4.93737934448e-006, 1.76917353656e-006, 8.36988590436e-007, 2.18301519084e-008, 2.0739543416e-010, 1.33751777015e-011]
        min: [3.89130490619e-024, 1.20249223226e-023, 2.90440062848e-023, 3.49761803387e-023, 9.02705650748e-023, 5.74727957269e-023, 6.921057268e-023, 1.11916845205e-022, 8.64344165342e-023, 1.01126616417e-022, 5.04617628773e-023, 4.91340626422e-023, 1.63257566369e-022, 7.67773643482e-023, 6.79776461941e-023, 1.97133992565e-022, 1.93245223846e-022, 4.41979857777e-022, 2.39738817577e-022, 2.15268125106e-022, 4.24140494158e-022, 5.21072945401e-022, 6.39016561704e-022, 9.13441252496e-022, 1.08759982897e-021, 1.857432046e-021, 2.30955289373e-021, 7.34706374006e-022]
        var: [1.70104110919e-012, 2.7329059904e-008, 3.92646164471e-008, 1.23099006544e-008, 3.40115229847e-006, 1.76420726916e-007, 3.94730363951e-008, 1.04319344274e-008, 5.74593279623e-008, 2.91409048003e-008, 4.20794954437e-009, 1.02168380423e-008, 9.85986314817e-009, 1.39989806414e-008, 1.08610862526e-008, 3.35000756024e-008, 2.25849163371e-007, 5.23556195731e-007, 2.69504056405e-007, 4.6973038792e-008, 2.47472922155e-008, 3.79624998104e-009, 2.74242878406e-010, 5.93011958983e-011, 1.18877329855e-011, 4.68059141115e-015, 2.57062277898e-018, 4.49213558292e-021]
    mfcc:
        mean: [-713.32244873, 94.2597045898, -47.2358894348, 63.1926498413, -11.675942421, -8.34886837006, -0.685466825962, -2.2006881237, -1.91361510754, -1.93481338024, -2.88373088837, -1.80722177029, -3.41991209984]
        cov: [[5229.89746094, 561.189331055, -325.039733887, 470.022033691, -161.668640137, 23.0200881958, -67.5940093994, 103.748710632, -72.6566238403, -88.0466842651, 58.8015060425, -79.7647171021, -147.407867432], [561.189331055, 602.027648926, -359.814666748, 84.6561737061, -51.2586250305, -82.8110580444, -19.0595092773, -13.3532361984, -17.5566482544, -21.2685642242, 3.57581925392, -4.97749948502, -12.0579719543], [-325.039733887, -359.814666748, 631.19909668, 147.953704834, 73.7751846313, 167.032669067, 43.2233810425, -0.241256654263, 26.4279556274, 19.8595294952, -17.9275150299, 2.03344774246, 45.9666786194], [470.022033691, 84.6561737061, 147.953704834, 378.782592773, 83.3018264771, 121.704231262, 34.420715332, 48.5925712585, 34.3785820007, 17.3234367371, 19.5050373077, 14.2741756439, 19.0912704468], [-161.668640137, -51.2586250305, 73.7751846313, 83.3018264771, 115.861671448, 47.8032226563, 0.208821401, 7.73068857193, 21.3006896973, 11.5737333298, 6.86792993546, 15.1471481323, 12.1142749786], [23.0200881958, -82.8110580444, 167.032669067, 121.704231262, 47.8032226563, 163.518707275, 67.2304458618, 36.8862075806, 30.333568573, 23.776227951, 13.0083312988, 3.13632202148, 15.863278389], [-67.5940093994, -19.0595092773, 43.2233810425, 34.420715332, 0.208821401, 67.2304458618, 108.982414246, 50.940738678, 27.5322952271, 19.3179244995, 18.2759819031, 7.31772136688, 8.17715167999], [103.748710632, -13.3532361984, -0.241256654263, 48.5925712585, 7.73068857193, 36.8862075806, 50.940738678, 101.643608093, 25.2368240356, 8.78835964203, 28.0225105286, 6.06895828247, -12.4264373779], [-72.6566238403, -17.5566482544, 26.4279556274, 34.3785820007, 21.3006896973, 30.333568573, 27.5322952271, 25.2368240356, 78.0108108521, 37.3903694153, 2.74693322182, -1.03323924541, 10.361702919], [-88.0466842651, -21.2685642242, 19.8595294952, 17.3234367371, 11.5737333298, 23.776227951, 19.3179244995, 8.78835964203, 37.3903694153, 69.7230148315, 17.241350174, 7.28000402451, 7.8760061264], [58.8015060425, 3.57581925392, -17.9275150299, 19.5050373077, 6.86792993546, 13.0083312988, 18.2759819031, 28.0225105286, 2.74693322182, 17.241350174, 73.5471801758, 22.9792499542, -6.43730592728], [-79.7647171021, -4.97749948502, 2.03344774246, 14.2741756439, 15.1471481323, 3.13632202148, 7.31772136688, 6.06895828247, -1.03323924541, 7.28000402451, 22.9792499542, 55.4377250671, 29.931804657], [-147.407867432, -12.0579719543, 45.9666786194, 19.0912704468, 12.1142749786, 15.863278389, 8.17715167999, -12.4264373779, 10.361702919, 7.8760061264, -6.43730592728, 29.931804657, 63.9329948425]]
        icov: [[0.000318444042932, -4.76895875181e-005, 0.00017331262643, -0.000590999145061, 0.000757916772272, -0.00026897364296, 0.000478548405226, -0.00019580560911, 9.95392911136e-005, 0.000270936900051, -0.0002029662719, 0.000173732347321, 0.000449678947916], [-4.76895875181e-005, 0.00368854519911, 0.00236052600667, -0.00236527505331, 0.00122631469276, 0.000887392787263, -0.000919433368836, 0.00149909383617, 6.35197429801e-005, 0.000523823662661, 7.44789576856e-006, 0.000760897994041, -0.000879044120666], [0.00017331262643, 0.00236052600667, 0.00401520170271, -0.00207110401243, 0.000801331596449, -0.00195018423256, -3.87201616832e-005, 0.00130158080719, 0.000363162049325, 0.000420995813329, 0.000469109159894, 0.00112777377944, -0.00142509408761], [-0.000590999145061, -0.00236527505331, -0.00207110401243, 0.00667229574174, -0.00386847485788, -0.00239055207931, 0.000696376082487, -0.00195666053332, -0.00059274607338, -0.000516534957569, -8.65993570187e-007, -0.000847830553539, -0.000898761034478], [0.000757916772272, 0.00122631469276, 0.000801331596449, -0.00386847485788, 0.0143518038094, -0.00308446073905, 0.00385168357752, 0.000434608664364, -0.002705341205, 0.0012715223711, -0.000366678461432, -0.00326374499127, 0.00196844968013], [-0.00026897364296, 0.000887392787263, -0.00195018423256, -0.00239055207931, -0.00308446073905, 0.0145712653175, -0.00720466021448, -3.18140773743e-005, 0.000404269900173, -0.00147605605889, -0.000878063845448, 0.00287357857451, -0.00176993943751], [0.000478548405226, -0.000919433368836, -3.87201616832e-005, 0.000696376082487, 0.00385168357752, -0.00720466021448, 0.0175744537264, -0.00670549180359, -0.00188738643192, -0.000552935176529, -0.00112333067227, -0.000667671673, -0.00116997305304], [-0.00019580560911, 0.00149909383617, 0.00130158080719, -0.00195666053332, 0.000434608664364, -3.18140773743e-005, -0.00670549180359, 0.0170551855117, -0.0046813050285, 0.00301028531976, -0.00327028497122, -0.00251650041901, 0.00481463596225], [9.95392911136e-005, 6.35197429801e-005, 0.000363162049325, -0.00059274607338, -0.002705341205, 0.000404269900173, -0.00188738643192, -0.0046813050285, 0.0214012376964, -0.010463308543, 0.00233325175941, 0.00491841835901, -0.00434608198702], [0.000270936900051, 0.000523823662661, 0.000420995813329, -0.000516534957569, 0.0012715223711, -0.00147605605889, -0.000552935176529, 0.00301028531976, -0.010463308543, 0.0219058934599, -0.00527184410021, -0.00101267267019, 0.00029664626345], [-0.0002029662719, 7.44789576856e-006, 0.000469109159894, -8.65993570187e-007, -0.000366678461432, -0.000878063845448, -0.00112333067227, -0.00327028497122, 0.00233325175941, -0.00527184410021, 0.0207576770335, -0.0110424440354, 0.00652294186875], [0.000173732347321, 0.000760897994041, 0.00112777377944, -0.000847830553539, -0.00326374499127, 0.00287357857451, -0.000667671673, -0.00251650041901, 0.00491841835901, -0.00101267267019, -0.0110424440354, 0.0343508720398, -0.0183783341199], [0.000449678947916, -0.000879044120666, -0.00142509408761, -0.000898761034478, 0.00196844968013, -0.00176993943751, -0.00116997305304, 0.00481463596225, -0.00434608198702, 0.00029664626345, 0.00652294186875, -0.0183783341199, 0.028885897249]]
    sccoeffs:
        dmean: [0.0568487718701, 0.0456734523177, 0.0361051335931, 0.0280667152256, 0.0207420140505, 0.0185967124999]
        dmean2: [0.0929593741894, 0.0754351615906, 0.0597675964236, 0.0471675246954, 0.0341726355255, 0.0303240362555]
        dvar: [0.00296423886903, 0.00132909114473, 0.000795621075667, 0.000490373873618, 0.000295086065307, 0.000304078421323]
        dvar2: [0.0069633545354, 0.00361207104288, 0.00217860471457, 0.00133153540082, 0.000718795345165, 0.000794606341515]
        max: [-0.295269995928, -0.493915259838, -0.556745529175, -0.636563718319, -0.643501639366, -0.537158608437]
        mean: [-0.70071709156, -0.761573910713, -0.792789518833, -0.804716408253, -0.794394731522, -0.742780447006]
        median: [-0.711288273335, -0.765529036522, -0.798973977566, -0.808229386806, -0.799329400063, -0.74410957098]
        min: [-0.962625324726, -0.976577222347, -0.964083194733, -0.957023978233, -0.954546034336, -0.960896193981]
        var: [0.00616240128875, 0.00378164718859, 0.00299373734742, 0.00167295476422, 0.00144223216921, 0.00155652384274]
    scvalleys:
        dmean: [0.363909244537, 0.341533958912, 0.29130461812, 0.240561574697, 0.203376621008, 0.262237280607]
        dmean2: [0.615480542183, 0.56331974268, 0.482695758343, 0.395387589931, 0.340844273567, 0.39932590723]
        dvar: [0.0901693031192, 0.0962700769305, 0.0697855651379, 0.0562196820974, 0.0625962167978, 0.124342374504]
        dvar2: [0.242356389761, 0.237703174353, 0.159398645163, 0.117770887911, 0.138351365924, 0.262226492167]
        max: [-5.38610172272, -4.70158100128, -5.42710971832, -5.88871383667, -5.58120346069, -7.59789514542]
        mean: [-6.88936185837, -6.71297311783, -7.24741601944, -7.28095960617, -6.83143520355, -9.79461956024]
        median: [-6.60258245468, -6.56266689301, -7.11737680435, -7.12052536011, -6.66404533386, -9.60580825806]
        min: [-26.8897190094, -27.6908855438, -27.4384841919, -27.3733596802, -27.4391593933, -27.1546459198]
        var: [2.16548514366, 1.33700180054, 1.3665920496, 1.26626050472, 1.21597290039, 1.76405322552]

rhythm:
    beats_loudness:
        dmean: 0.00476252147928
        dmean2: 0.00914356391877
        dvar: 9.79460037343e-006
        dvar2: 3.33045682055e-005
        max: 0.0133090140298
        mean: 0.00640636403114
        median: 0.00655860593542
        min: 3.72047809227e-011
        var: 1.4213299437e-005
    bpm: 94.9936828613
    bpm_confidence: 0
    first_peak_bpm: 96
    first_peak_spread: 0.38562092185
    first_peak_weight: 0.591194987297
    onset_rate: 2.9443295002
    second_peak_bpm: 120
    second_peak_spread: 0.142857119441
    second_peak_weight: 0.0188679248095
    beats_loudness_band_ratio:
        dmean: [0.130584806204, 0.338131994009, 0.0532936193049, 0.0438290946186, 0.138912409544, 0.090796507895]
        dmean2: [0.240241855383, 0.657647788525, 0.0984575822949, 0.0788480713964, 0.260492742062, 0.158197715878]
        dvar: [0.0115842800587, 0.0496259443462, 0.00358375767246, 0.00265843886882, 0.0151617350057, 0.00615327619016]
        dvar2: [0.0323186069727, 0.163866311312, 0.0109666567296, 0.00804295670241, 0.0455347597599, 0.0167395677418]
        max: [0.771416604519, 0.793187916279, 0.507015168667, 0.336928158998, 0.678635120392, 0.802614092827]
        mean: [0.257293045521, 0.356300830841, 0.077678129077, 0.0546180717647, 0.200313791633, 0.207225039601]
        median: [0.28617221117, 0.331410646439, 0.0526248179376, 0.0309443101287, 0.147006303072, 0.185565501451]
        min: [0, 0, 0, 0, 0, 0]
        var: [0.0193512588739, 0.0707952603698, 0.00417325645685, 0.00287711666897, 0.0207793787122, 0.0105782710016]
    beats_position: [0.650158703327, 1.31192743778, 1.97369611263, 2.63546490669, 3.29723358154, 3.95900225639, 4.60916090012, 5.24770975113, 5.88625860214, 6.52480697632, 7.1517457962, 7.77868461609, 8.4172334671, 9.05578231812, 9.682721138, 10.3096599579, 10.9365987778, 11.5751476288, 12.2136955261, 12.840634346, 13.4675731659, 14.0945119858, 14.7330608368, 15.3599996567, 15.9985485077, 16.6254863739, 17.2640361786, 17.9025840759, 18.5295238495, 19.1564617157, 19.7834014893, 20.4103393555, 21.037279129, 21.6758270264, 22.3143768311, 22.9413146973, 23.5682544708, 24.195192337, 24.8221302032, 25.4606800079, 26.0992279053, 26.7261676788, 27.3647155762, 28.0032653809, 28.6302032471, 29.2571430206, 29.8840808868, 30.5226306915, 31.1495685577, 31.7881164551, 32.4266662598, 33.0652160645, 33.6921539307, 34.3190917969, 34.9460296631, 35.572971344, 36.1999092102, 36.8268470764, 37.4653968811, 38.0923347473, 38.730884552, 39.3578224182, 39.9847602844, 40.6116981506, 41.2502479553, 41.8771858215, 42.5157356262, 43.1426734924, 43.7696151733, 44.4081611633, 45.046710968, 45.6736488342, 46.3005905151, 46.9275283813, 47.5660743713, 48.1930160522, 48.8315620422, 49.4585037231, 50.0854415894, 50.7123794556, 51.3509292603, 51.9894790649, 52.6164169312, 53.2433547974, 53.8819046021, 54.5088424683, 55.1473922729, 55.7743301392, 56.4128799438, 57.0398178101, 57.6783676147, 58.305305481, 58.9322433472, 59.5591812134, 60.1861228943, 60.8130607605, 61.463218689, 62.0901565552, 62.7170982361, 63.3440361023, 63.9825820923, 64.621131897, 65.2596817017, 65.8866195679, 66.5135574341, 67.1521072388, 67.779045105, 68.4059829712, 69.0445327759, 69.6830825806, 70.3216323853, 70.9601821899, 71.5871200562, 72.2140579224, 72.8409957886, 73.4679336548, 74.094871521, 74.7334213257, 75.3603591919, 75.9872970581, 76.6142425537, 77.252784729, 77.8913345337, 78.5298843384, 79.1568222046, 79.7837600708, 80.4223098755, 81.0608596802, 81.6877975464, 82.3147354126, 82.9416732788, 83.5686187744, 84.1955566406, 84.8224945068, 85.4610443115, 86.0879821777, 86.7265319824, 87.3534698486, 87.9920196533, 88.6189575195, 89.2575073242, 89.8844451904, 90.5229949951, 91.1499328613, 91.7768707275, 92.4038085938, 93.0423583984, 93.6692962646, 94.2962341309, 94.9347839355, 95.5733337402, 96.2002716064, 96.8272094727, 97.4541473389, 98.0810852051, 98.7080230713, 99.3581848145, 100.008346558, 100.635284424, 101.26222229, 101.889160156, 102.516098022, 103.143035889, 103.781585693, 104.420135498, 105.047073364, 105.67401123, 106.300949097, 106.939498901, 107.566436768, 108.204986572, 108.831924438, 109.470474243, 110.109024048, 110.735961914, 111.36289978, 111.989837646, 112.628387451, 113.266937256, 113.893875122, 114.520812988, 115.147750854, 115.786300659, 116.424850464, 117.05178833, 117.678726196, 118.305664063, 118.944213867, 119.582763672, 120.209701538, 120.836639404, 121.463577271, 122.090522766, 122.729064941, 123.367614746, 123.994552612, 124.621498108, 125.248435974, 125.886978149, 126.513923645, 127.15246582, 127.779411316, 128.406341553, 129.033279419, 129.671829224, 130.29876709, 130.937316895, 131.564254761, 132.202804565, 132.829742432, 133.468292236, 134.095230103, 134.733779907, 135.360717773, 135.999267578, 136.626205444, 137.253143311, 137.880081177, 138.507034302, 139.145568848, 139.784118652, 140.411056519, 141.037994385, 141.676544189, 142.315093994, 142.94203186, 143.568969727, 144.195922852, 144.834457397, 145.461410522, 146.099945068, 146.726898193, 147.35383606, 147.980773926, 148.61932373, 149.246261597, 149.884811401, 150.511749268, 151.138687134, 151.777236938, 152.415786743, 153.042724609, 153.669662476, 154.30821228, 154.946762085, 155.573699951, 156.200637817, 156.839187622, 157.477722168, 158.104675293, 158.731613159, 159.358551025, 159.99710083, 160.624038696, 161.262588501, 161.889526367, 162.516464233, 163.1434021, 163.781951904, 164.408889771, 165.047439575, 165.674377441, 166.312927246, 166.951477051, 167.578414917, 168.205352783, 168.832290649, 169.459228516, 170.09777832, 170.724716187, 171.363265991, 171.990203857, 172.617141724, 173.24407959, 173.871017456, 174.497955322, 175.148117065, 175.798278809, 176.425216675, 177.052154541, 177.679092407, 178.306030273, 178.93296814, 179.559906006, 180.210067749, 180.837005615, 181.463943481, 182.102493286, 182.741043091, 183.367980957, 183.994918823, 184.621856689, 185.260406494, 185.898956299, 186.525894165, 187.152832031, 187.779769897, 188.418319702, 189.056869507, 189.683807373, 190.310745239, 190.937683105, 191.57623291, 192.214782715, 192.841720581, 193.468658447, 194.095596313, 194.734146118, 195.372695923, 195.999633789, 196.626571655, 197.253509521, 197.752746582, 198.251968384, 198.751205444, 199.250427246, 199.749649048, 200.248886108, 200.759719849]
    bpm_estimates: [92.2851715088, 93.9630508423, 93.9630508423, 93.9631271362, 95.7031173706, 95.7031173706, 93.9630508423, 93.9630508423, 95.7031173706, 95.7031173706, 95.7031173706, 93.9630508423, 93.9631958008, 95.7031173706, 95.7031173706, 95.7031173706, 93.9630508423, 95.7031173706, 93.9630508423, 95.7032623291, 93.9629135132, 93.9631958008, 95.7029724121, 95.7032623291, 95.7029724121, 95.7032623291, 95.7029724121, 93.9631958008, 93.9629135132, 95.7032623291, 95.7029724121, 95.7032623291, 95.7032623291, 93.9629135132, 93.9631958008, 95.7029724121, 93.9631958008, 93.9629135132, 95.7032623291, 95.7029724121, 95.7032623291, 93.9629135132, 95.7032623291, 93.9631958008, 93.9629135132, 93.9629135132, 95.7032623291, 95.7032623291, 95.7032623291, 95.7026824951, 95.7032623291, 95.7032623291, 93.9629135132, 95.7032623291, 93.9629135132, 95.7032623291, 95.7032623291, 95.7032623291, 93.9629135132, 95.7032623291, 93.9629135132, 95.7032623291, 95.7026824951, 93.9634780884, 93.9629135132, 95.7032623291, 95.7026824951, 95.7032623291, 93.9634780884, 95.7026824951, 93.9634780884, 95.7026824951, 95.7032623291, 95.7032623291, 93.9629135132, 93.9629135132, 95.7032623291, 95.7032623291, 93.9629135132, 95.7032623291, 93.9629135132, 95.7032623291, 93.9629135132, 95.7032623291, 93.9629135132, 95.7032623291, 95.7032623291, 95.7032623291, 95.7026824951, 95.7032623291, 92.2852706909, 95.7032623291, 95.7026824951, 95.7032623291, 93.9634780884, 93.9629135132, 93.9629135132, 95.7032623291, 95.7032623291, 93.9629135132, 95.7032623291, 95.7032623291, 93.9629135132, 93.9629135132, 93.9629135132, 93.9629135132, 95.7032623291, 95.7032623291, 95.7032623291, 95.7032623291, 95.7032623291, 93.9629135132, 95.7032623291, 95.7032623291, 95.7021026611, 93.9640350342, 93.9629135132, 93.9629135132, 95.7032623291, 95.7032623291, 93.9629135132, 93.9629135132, 95.7032623291, 95.7032623291, 95.7032623291, 95.7021026611, 95.7032623291, 95.7032623291, 93.9629135132, 95.7032623291, 93.9629135132, 95.7032623291, 93.9629135132, 95.7032623291, 93.9629135132, 95.7032623291, 93.9629135132, 95.7032623291, 95.7032623291, 95.7032623291, 93.9629135132, 95.7032623291, 95.7032623291, 93.9629135132, 93.9629135132, 95.7032623291, 95.7032623291, 95.7032623291, 95.7032623291, 95.7032623291, 92.2847290039, 92.2847290039, 95.7032623291, 95.7032623291, 95.7032623291, 95.7032623291, 95.7032623291, 93.9629135132, 93.9629135132, 95.7032623291, 95.7032623291, 95.7032623291, 93.9629135132, 95.7032623291, 93.9629135132, 95.7032623291, 93.9629135132, 93.9629135132, 95.7032623291, 95.7032623291, 95.7032623291, 93.9629135132, 93.9629135132, 95.7032623291, 95.7032623291, 95.7032623291, 93.9629135132, 93.9629135132, 95.7032623291, 95.7032623291, 95.7032623291, 93.9629135132, 93.9629135132, 95.7032623291, 95.7032623291, 95.7032623291, 95.7021026611, 93.9640350342, 93.9629135132, 95.7032623291, 95.7021026611, 95.7032623291, 93.9640350342, 95.7021026611, 93.9640350342, 95.7021026611, 95.7044296265, 95.7032623291, 93.9629135132, 95.7032623291, 93.9629135132, 95.7032623291, 93.9629135132, 95.7032623291, 93.9629135132, 95.7032623291, 93.9629135132, 95.7032623291, 93.9629135132, 95.7032623291, 95.7032623291, 95.7032623291, 95.7009353638, 93.9651565552, 93.9629135132, 95.7032623291, 95.7032623291, 93.9629135132, 93.9629135132, 95.7032623291, 95.7032623291, 95.7009353638, 93.9651565552, 95.7009353638, 93.9651565552, 95.7009353638, 95.7032623291, 95.7032623291, 93.9629135132, 95.7032623291, 93.9629135132, 95.7032623291, 95.7032623291, 93.9629135132, 93.9629135132, 95.7032623291, 95.7032623291, 93.9629135132, 93.9629135132, 95.7032623291, 95.7032623291, 93.9629135132, 93.9651565552, 95.7009353638, 95.7032623291, 95.7032623291, 93.9629135132, 95.7032623291, 93.9629135132, 95.7032623291, 95.7032623291, 95.7032623291, 93.9629135132, 95.7032623291, 93.9629135132, 95.7032623291, 93.9629135132, 93.9629135132, 95.7032623291, 95.7032623291, 95.7032623291, 95.7032623291, 93.9629135132, 95.7032623291, 93.9629135132, 95.7032623291, 95.7032623291, 95.7032623291, 95.7032623291, 95.7032623291, 92.2847290039, 92.2847290039, 95.7032623291, 95.7032623291, 95.7032623291, 95.7032623291, 95.7032623291, 95.7032623291, 92.2847290039, 95.7032623291, 95.7032623291, 93.9629135132, 93.9629135132, 95.7032623291, 95.7032623291, 95.7032623291, 93.9629135132, 93.9629135132, 95.7032623291, 95.7032623291, 95.7032623291, 93.9629135132, 93.9629135132, 95.7032623291, 95.7032623291, 95.7032623291, 93.9629135132, 93.9629135132, 95.7032623291, 95.7032623291, 95.7032623291, 93.9629135132, 93.9629135132, 95.7032623291, 95.7032623291, 95.7032623291]
