
metadata:
    version:
        essentia: "2.1-beta2"
    audio_properties:
        analysis_sample_rate: 44100
        bitrate: 285
        channels: 2
        equal_loudness: 1
        length: 189.126525879
        replay_gain: -17.2976570129
        downmix: "mix"
    tags:
        album: "The Return"
        artist: "Nonpoint"
        comment: ""
        date: "2014"
        genre: "Hard Rock"
        title: "Misery"
        tracknumber: "4/13"

configuration:
    average_loudness:
        compute: 1
        frameSize: 88200
        hopSize: 44100
        silentFrames: "noise"
        windowType: "hann"
    general:
        analysisSampleRate: 44100
        endTime: 2000
        equalLoudness: 1
        nequalLoudness: 0
        shortSound: 0
        startTime: 0
    lowlevel:
        compute: 1
        frameSize: 2048
        hopSize: 1024
        zeroPadding: 0
        silentFrames: "noise"
        windowType: "blackmanharris62"
        mfccStats: ["mean", "cov", "icov"]
        stats: ["mean", "var", "median", "min", "max", "dmean", "dmean2", "dvar", "dvar2"]
    panning:
        compute: 0
        frameSize: 8192
        hopSize: 2048
        zeroPadding: 8192
        silentFrames: "noise"
        windowType: "hann"
        stats: ["copy"]
    rhythm:
        compute: 1
        maxTempo: 208
        minTempo: 40
        method: "degara"
        stats: ["mean", "var", "median", "min", "max", "dmean", "dmean2", "dvar", "dvar2"]
    segmentation:
        compute: 0
        cpw: 5
        inc1: 300
        inc2: 50
        minimumSegmentsLength: 10
        size1: 1000
        size2: 600
    sfx:
        compute: 1
        stats: ["mean", "var", "median", "min", "max", "dmean", "dmean2", "dvar", "dvar2"]
    svm:
        compute: 0
    tonal:
        compute: 1
        frameSize: 4096
        hopSize: 2048
        zeroPadding: 0
        silentFrames: "noise"
        windowType: "blackmanharris62"
        stats: ["mean", "var", "median", "min", "max", "dmean", "dmean2", "dvar", "dvar2"]

lowlevel:
    average_loudness: 0.918768882751
    barkbands_kurtosis:
        dmean: 0.847962498665
        dmean2: 1.38752269745
        dvar: 2.79923343658
        dvar2: 6.41707611084
        max: 69.9111785889
        mean: -0.555499374866
        median: -1.1879336834
        min: -1.92062199116
        var: 6.55478382111
    barkbands_skewness:
        dmean: 0.475162655115
        dmean2: 0.734422683716
        dvar: 0.201807782054
        dvar2: 0.463436841965
        max: 8.32791137695
        mean: -0.436578214169
        median: -0.487056910992
        min: -3.86148357391
        var: 0.74328404665
    barkbands_spread:
        dmean: 6.56097888947
        dmean2: 10.4505643845
        dvar: 41.3618583679
        dvar2: 104.166244507
        max: 80.8612823486
        mean: 37.3619689941
        median: 37.2883453369
        min: 2.1081058979
        var: 136.303070068
    dissonance:
        dmean: 0.00856523681432
        dmean2: 0.0144139165059
        dvar: 7.33553169994e-005
        dvar2: 0.000186426928849
        max: 0.500000178814
        mean: 0.484813243151
        median: 0.487414479256
        min: 0.302808225155
        var: 0.000157242349815
    hfc:
        dmean: 2.85550713539
        dmean2: 4.5364484787
        dvar: 12.4755325317
        dvar2: 30.383852005
        max: 47.8860054016
        mean: 8.97451114655
        median: 8.05952739716
        min: 1.19832159798e-016
        var: 33.5719108582
    pitch:
        dmean: 892.720336914
        dmean2: 1687.58447266
        dvar: 1567291.875
        dvar2: 3788170
        max: 5409.06787109
        mean: 2573.86303711
        median: 3204.00854492
        min: 66.1515731812
        var: 2079424.25
    pitch_instantaneous_confidence:
        dmean: 0.0872298702598
        dmean2: 0.14243786037
        dvar: 0.00521543761715
        dvar2: 0.0132403979078
        max: 0.962874650955
        mean: 0.417540937662
        median: 0.404232263565
        min: 0.116161525249
        var: 0.0160417091101
    pitch_salience:
        dmean: 0.0577868558466
        dmean2: 0.0968732982874
        dvar: 0.00274310889654
        dvar2: 0.00766545720398
        max: 0.865016698837
        mean: 0.678698539734
        median: 0.692055821419
        min: 0.0637020096183
        var: 0.00650469819084
    silence_rate_20dB:
        dmean: 0
        dmean2: 0
        dvar: 0
        dvar2: 0
        max: 1
        mean: 1
        median: 1
        min: 1
        var: 0
    silence_rate_30dB:
        dmean: 0
        dmean2: 0
        dvar: 0
        dvar2: 0
        max: 1
        mean: 1
        median: 1
        min: 1
        var: 0
    silence_rate_60dB:
        dmean: 0.136034369469
        dmean2: 0.272102147341
        dvar: 0.117522470653
        dvar2: 0.239829421043
        max: 1
        mean: 0.338816583157
        median: 0
        min: 0
        var: 0.223997041583
    spectral_centroid:
        dmean: 312.781463623
        dmean2: 493.026550293
        dvar: 101116.429688
        dvar2: 229653.421875
        max: 10691.3310547
        mean: 2071.49926758
        median: 2119.65795898
        min: 150.103912354
        var: 305375.5625
    spectral_complexity:
        dmean: 4.19398403168
        dmean2: 6.60854625702
        dvar: 18.5832118988
        dvar2: 42.3760986328
        max: 47
        mean: 15.1997299194
        median: 15
        min: 0
        var: 69.0653762817
    spectral_crest:
        dmean: 2.13096499443
        dmean2: 3.57018733025
        dvar: 4.11628675461
        dvar2: 10.9761590958
        max: 25.8626537323
        mean: 7.16929340363
        median: 6.44610595703
        min: 2.55688548088
        var: 8.62937450409
    spectral_decrease:
        dmean: 3.11907250028e-010
        dmean2: 5.01332364511e-010
        dvar: 2.52488816971e-019
        dvar2: 6.32493832619e-019
        max: 1.14415766507e-028
        mean: -9.30529486798e-010
        median: -8.42250713617e-010
        min: -4.54272530703e-009
        var: 3.81444723504e-019
    spectral_energy:
        dmean: 0.00141073577106
        dmean2: 0.00225334288552
        dvar: 4.53325264971e-006
        dvar2: 1.12868674478e-005
        max: 0.0195324514061
        mean: 0.00432604271919
        median: 0.00389713584445
        min: 1.04372963067e-020
        var: 7.76374690759e-006
    spectral_energyband_high:
        dmean: 0.00019693125796
        dmean2: 0.000327949644998
        dvar: 9.89328228229e-008
        dvar2: 2.45426548418e-007
        max: 0.00359935755841
        mean: 0.00043241403182
        median: 0.000328022637405
        min: 7.31623238007e-021
        var: 1.58744185796e-007
    spectral_energyband_low:
        dmean: 0.000199789676117
        dmean2: 0.000340914790286
        dvar: 1.00101040346e-007
        dvar2: 2.85057950578e-007
        max: 0.00404508877546
        mean: 0.000357788725523
        median: 0.000287262606435
        min: 6.54311400831e-023
        var: 1.08261566822e-007
    spectral_energyband_middle_high:
        dmean: 0.000759734713938
        dmean2: 0.00118185381871
        dvar: 7.46678665564e-007
        dvar2: 1.70635360064e-006
        max: 0.0133255384862
        mean: 0.00238403608091
        median: 0.00210526492447
        min: 1.56394963694e-021
        var: 2.91019841825e-006
    spectral_energyband_middle_low:
        dmean: 0.000729168998078
        dmean2: 0.00119926605839
        dvar: 2.67318773695e-006
        dvar2: 6.84477254254e-006
        max: 0.0133646344766
        mean: 0.00124956481159
        median: 0.000883703120053
        min: 2.66251309264e-022
        var: 2.48130936598e-006
    spectral_flatness_db:
        dmean: 0.0142884869128
        dmean2: 0.0225347802043
        dvar: 0.000179102193215
        dvar2: 0.000417623319663
        max: 0.488114625216
        mean: 0.142552822828
        median: 0.135789394379
        min: 0.0630157887936
        var: 0.00135057466105
    spectral_flux:
        dmean: 0.00859511271119
        dmean2: 0.0131231527776
        dvar: 0.000108980595542
        dvar2: 0.000229389828746
        max: 0.122628502548
        mean: 0.0412605367601
        median: 0.0403835661709
        min: 1.02163083548e-010
        var: 0.00028821991873
    spectral_kurtosis:
        dmean: 0.955954968929
        dmean2: 1.55214619637
        dvar: 1.13126444817
        dvar2: 2.93556308746
        max: 23.2121868134
        mean: 3.339605093
        median: 2.97288131714
        min: -1.17418754101
        var: 4.03580904007
    spectral_rms:
        dmean: 0.000306912930682
        dmean2: 0.000477366935229
        dvar: 1.46640104504e-007
        dvar2: 3.48469228584e-007
        max: 0.00436532357708
        mean: 0.0019411399262
        median: 0.00194989331067
        min: 3.19103857921e-012
        var: 4.52507379123e-007
    spectral_rolloff:
        dmean: 310.049438477
        dmean2: 501.571533203
        dvar: 182934.15625
        dvar2: 381482
        max: 19401.4160156
        mean: 3622.6940918
        median: 3574.51171875
        min: 86.1328125
        var: 524766.9375
    spectral_skewness:
        dmean: 0.158068910241
        dmean2: 0.253356605768
        dvar: 0.0250652562827
        dvar2: 0.0584583692253
        max: 3.32421875
        mean: 1.18424725533
        median: 1.15198373795
        min: 0.0152797708288
        var: 0.108079232275
    spectral_spread:
        dmean: 473218.53125
        dmean2: 682662.3125
        dvar: 466080235520
        dvar2: 773240455168
        max: 39899956
        mean: 4644098.5
        median: 4395852
        min: 1699995.625
        var: 1.90736131686e+012
    spectral_strongpeak:
        dmean: 0.628463923931
        dmean2: 1.08833658695
        dvar: 0.720142781734
        dvar2: 1.86424529552
        max: 9.66060256958
        mean: 0.775301814079
        median: 0.309456288815
        min: 5.72951597277e-009
        var: 1.07274186611
    zerocrossingrate:
        dmean: 0.00886321906
        dmean2: 0.0111753093079
        dvar: 8.2943282905e-005
        dvar2: 0.000107822059363
        max: 0.51611328125
        mean: 0.113308943808
        median: 0.11376953125
        min: 0.0126953125
        var: 0.00053104700055
    barkbands:
        dmean: [5.70923475607e-007, 8.54622703628e-005, 0.000115696762805, 0.000100146338809, 0.000445700337877, 0.000197803194169, 8.69696523296e-005, 4.87277793582e-005, 8.10041310615e-005, 4.49136532552e-005, 3.52818788087e-005, 4.41848351329e-005, 4.81092465634e-005, 3.35136755893e-005, 6.33001982351e-005, 0.00011144864402, 0.00021827686578, 0.00032619285048, 0.000269789306913, 0.000151189553435, 0.000105560204247, 3.67035063391e-005, 8.63497734827e-006, 2.8688589282e-006, 1.27851410525e-006, 3.67860550909e-008, 3.92702315111e-010]
        dmean2: [8.70568612754e-007, 0.00014998127881, 0.000193774758372, 0.000170369079569, 0.000752055610064, 0.000317813508445, 0.000152426931891, 7.92871724116e-005, 0.000128814732307, 7.3265946412e-005, 5.71587479499e-005, 7.11981483619e-005, 7.55354776629e-005, 5.54483922315e-005, 0.000104004706373, 0.000180469563929, 0.000346475047991, 0.000521419686265, 0.000444816978415, 0.000252051831922, 0.000179396389285, 6.1849335907e-005, 1.31800379677e-005, 4.25400867243e-006, 1.95402276404e-006, 5.94096825068e-008, 6.52387865951e-010]
        dvar: [1.15677563015e-012, 2.94971194137e-008, 3.21950075488e-008, 2.21435207948e-008, 1.6196066781e-006, 9.53270173909e-008, 3.41705828077e-008, 8.59508020312e-009, 1.90341893358e-008, 5.77345682373e-009, 5.4471951394e-009, 7.71581110115e-009, 8.31103452725e-009, 4.49446346806e-009, 1.32012569765e-008, 3.33072200931e-008, 1.34573383548e-007, 2.42179595489e-007, 1.20015258176e-007, 4.47222561206e-008, 2.72053206629e-008, 3.9408809549e-009, 4.39042968647e-010, 6.09023872999e-011, 1.10588552205e-011, 7.45673935467e-015, 6.35041187014e-019]
        dvar2: [2.27206729993e-012, 8.37047906543e-008, 9.07800341565e-008, 6.16921056462e-008, 4.2321885303e-006, 2.30481788321e-007, 9.62592139331e-008, 2.13520028325e-008, 4.81196522628e-008, 1.50732617499e-008, 1.27952377582e-008, 1.86951698566e-008, 1.99488479069e-008, 1.14925526873e-008, 3.32500853517e-008, 8.15215130956e-008, 3.36938683176e-007, 5.75707531425e-007, 3.01863934737e-007, 1.10942671938e-007, 7.14394516876e-008, 1.00302122163e-008, 9.20036102858e-010, 1.23013682574e-010, 2.52031555348e-011, 1.74552467071e-014, 1.50974627259e-018]
        max: [9.00792747416e-006, 0.00126232253388, 0.00307350652292, 0.00161633419339, 0.0106703992933, 0.00475098518655, 0.00225680111907, 0.00280744582415, 0.00294996565208, 0.00120488600805, 0.0020223481115, 0.00197590398602, 0.00138247490395, 0.00123945844825, 0.0019215811044, 0.00282748858444, 0.00637434609234, 0.00996993668377, 0.00601411471143, 0.00243763672188, 0.00208106311038, 0.000989135121927, 0.000448877253802, 0.000150921419845, 9.92024433799e-005, 2.49009826803e-006, 3.3733403626e-008]
        mean: [6.49261210128e-007, 0.000103352278529, 0.000183864758583, 0.000135372261866, 0.000467526289867, 0.000294176541502, 0.000108371859824, 7.42575502954e-005, 0.000133344845381, 7.15770802344e-005, 5.48070202058e-005, 6.63073806209e-005, 7.11542816134e-005, 4.77096145914e-005, 9.12880059332e-005, 0.000198165886104, 0.000422647834057, 0.000611819676124, 0.000582033710089, 0.000320117280353, 0.000201327129616, 6.2594685005e-005, 1.57912272698e-005, 5.40815608474e-006, 2.31298372455e-006, 6.56270415789e-008, 5.74753689087e-010]
        median: [1.75962938442e-007, 6.43117527943e-005, 0.000133136403747, 9.05920678633e-005, 0.000179258859134, 0.000152106411406, 5.8527719375e-005, 3.25961846102e-005, 6.43484454486e-005, 3.5697776184e-005, 2.35636616708e-005, 2.96332254948e-005, 2.7026017051e-005, 2.35939114646e-005, 4.637400707e-005, 0.000106601888547, 0.000181109149707, 0.000326166365994, 0.000473287160276, 0.000261790235527, 0.000152828244609, 3.63879953511e-005, 6.17185969531e-006, 2.09984636967e-006, 1.00019474303e-006, 3.09918704033e-008, 3.17110282477e-010]
        min: [5.18922169785e-024, 4.36757699559e-023, 1.32056293722e-023, 6.09031739393e-024, 2.60757640899e-023, 4.40797866462e-023, 4.62158010965e-023, 6.83690474208e-023, 5.65306496815e-023, 7.49958198126e-023, 2.60069833076e-023, 8.50088249716e-023, 1.11158794051e-022, 6.66465980332e-023, 1.30394504582e-022, 2.56536607123e-022, 7.75645654901e-023, 2.30299320607e-022, 3.4010204383e-022, 2.96020673151e-022, 2.55567128625e-022, 4.11018468264e-022, 7.54787011364e-022, 6.0008469831e-022, 1.62940434188e-021, 1.3712573478e-021, 2.57770279556e-021]
        var: [1.55281907124e-012, 2.25004246346e-008, 3.89709207127e-008, 2.37425830107e-008, 1.29346926769e-006, 1.43876121683e-007, 2.85882357787e-008, 1.7929750129e-008, 3.88195040557e-008, 1.10798419328e-008, 1.25639205706e-008, 1.30553310385e-008, 1.36025022357e-008, 5.67804026019e-009, 1.79271868461e-008, 7.00085394101e-008, 3.92565141283e-007, 6.27722670288e-007, 2.47832616651e-007, 7.63281704508e-008, 3.69138426493e-008, 5.52380896579e-009, 8.66012761502e-010, 1.19110249441e-010, 1.97316538109e-011, 1.31272403836e-014, 1.05180181808e-018]
    frequency_bands:
        dmean: [5.70923475607e-007, 8.54622703628e-005, 0.000115696762805, 0.000100146338809, 0.000445700337877, 0.000197803194169, 8.69696523296e-005, 4.87277793582e-005, 8.10041310615e-005, 4.49136532552e-005, 3.52818788087e-005, 4.41848351329e-005, 4.81092465634e-005, 3.35136755893e-005, 6.33001982351e-005, 0.00011144864402, 0.00021827686578, 0.00032619285048, 0.000269789306913, 0.000151189553435, 0.000105560204247, 3.67035063391e-005, 8.63497734827e-006, 2.8688589282e-006, 1.27851410525e-006, 3.67860550909e-008, 3.92702315111e-010, 4.88727461279e-011]
        dmean2: [8.70568612754e-007, 0.00014998127881, 0.000193774758372, 0.000170369079569, 0.000752055610064, 0.000317813508445, 0.000152426931891, 7.92871724116e-005, 0.000128814732307, 7.3265946412e-005, 5.71587479499e-005, 7.11981483619e-005, 7.55354776629e-005, 5.54483922315e-005, 0.000104004706373, 0.000180469563929, 0.000346475047991, 0.000521419686265, 0.000444816978415, 0.000252051831922, 0.000179396389285, 6.1849335907e-005, 1.31800379677e-005, 4.25400867243e-006, 1.95402276404e-006, 5.94096825068e-008, 6.52387865951e-010, 9.1022606119e-011]
        dvar: [1.15677563015e-012, 2.94971194137e-008, 3.21950075488e-008, 2.21435207948e-008, 1.6196066781e-006, 9.53270173909e-008, 3.41705828077e-008, 8.59508020312e-009, 1.90341893358e-008, 5.77345682373e-009, 5.4471951394e-009, 7.71581110115e-009, 8.31103452725e-009, 4.49446346806e-009, 1.32012569765e-008, 3.33072200931e-008, 1.34573383548e-007, 2.42179595489e-007, 1.20015258176e-007, 4.47222561206e-008, 2.72053206629e-008, 3.9408809549e-009, 4.39042968647e-010, 6.09023872999e-011, 1.10588552205e-011, 7.45673935467e-015, 6.35041187014e-019, 4.68840195471e-021]
        dvar2: [2.27206729993e-012, 8.37047906543e-008, 9.07800341565e-008, 6.16921056462e-008, 4.2321885303e-006, 2.30481788321e-007, 9.62592139331e-008, 2.13520028325e-008, 4.81196522628e-008, 1.50732617499e-008, 1.27952377582e-008, 1.86951698566e-008, 1.99488479069e-008, 1.14925526873e-008, 3.32500853517e-008, 8.15215130956e-008, 3.36938683176e-007, 5.75707531425e-007, 3.01863934737e-007, 1.10942671938e-007, 7.14394516876e-008, 1.00302122163e-008, 9.20036102858e-010, 1.23013682574e-010, 2.52031555348e-011, 1.74552467071e-014, 1.50974627259e-018, 1.47614968578e-020]
        max: [9.00792747416e-006, 0.00126232253388, 0.00307350652292, 0.00161633419339, 0.0106703992933, 0.00475098518655, 0.00225680111907, 0.00280744582415, 0.00294996565208, 0.00120488600805, 0.0020223481115, 0.00197590398602, 0.00138247490395, 0.00123945844825, 0.0019215811044, 0.00282748858444, 0.00637434609234, 0.00996993668377, 0.00601411471143, 0.00243763672188, 0.00208106311038, 0.000989135121927, 0.000448877253802, 0.000150921419845, 9.92024433799e-005, 2.49009826803e-006, 3.3733403626e-008, 6.64808930129e-010]
        mean: [6.49261210128e-007, 0.000103352278529, 0.000183864758583, 0.000135372261866, 0.000467526289867, 0.000294176541502, 0.000108371859824, 7.42575502954e-005, 0.000133344845381, 7.15770802344e-005, 5.48070202058e-005, 6.63073806209e-005, 7.11542816134e-005, 4.77096145914e-005, 9.12880059332e-005, 0.000198165886104, 0.000422647834057, 0.000611819676124, 0.000582033710089, 0.000320117280353, 0.000201327129616, 6.2594685005e-005, 1.57912272698e-005, 5.40815608474e-006, 2.31298372455e-006, 6.56270415789e-008, 5.74753689087e-010, 3.76932790536e-011]
        median: [1.75962938442e-007, 6.43117527943e-005, 0.000133136403747, 9.05920678633e-005, 0.000179258859134, 0.000152106411406, 5.8527719375e-005, 3.25961846102e-005, 6.43484454486e-005, 3.5697776184e-005, 2.35636616708e-005, 2.96332254948e-005, 2.7026017051e-005, 2.35939114646e-005, 4.637400707e-005, 0.000106601888547, 0.000181109149707, 0.000326166365994, 0.000473287160276, 0.000261790235527, 0.000152828244609, 3.63879953511e-005, 6.17185969531e-006, 2.09984636967e-006, 1.00019474303e-006, 3.09918704033e-008, 3.17110282477e-010, 1.40975972215e-011]
        min: [5.18922169785e-024, 4.36757699559e-023, 1.32056293722e-023, 6.09031739393e-024, 2.60757640899e-023, 4.40797866462e-023, 4.62158010965e-023, 6.83690474208e-023, 5.65306496815e-023, 7.49958198126e-023, 2.60069833076e-023, 8.50088249716e-023, 1.11158794051e-022, 6.66465980332e-023, 1.30394504582e-022, 2.56536607123e-022, 7.75645654901e-023, 2.30299320607e-022, 3.4010204383e-022, 2.96020673151e-022, 2.55567128625e-022, 4.11018468264e-022, 7.54787011364e-022, 6.0008469831e-022, 1.62940434188e-021, 1.3712573478e-021, 2.57770279556e-021, 8.33307019939e-022]
        var: [1.55281907124e-012, 2.25004246346e-008, 3.89709207127e-008, 2.37425830107e-008, 1.29346926769e-006, 1.43876121683e-007, 2.85882357787e-008, 1.7929750129e-008, 3.88195040557e-008, 1.10798419328e-008, 1.25639205706e-008, 1.30553310385e-008, 1.36025022357e-008, 5.67804026019e-009, 1.79271868461e-008, 7.00085394101e-008, 3.92565141283e-007, 6.27722670288e-007, 2.47832616651e-007, 7.63281704508e-008, 3.69138426493e-008, 5.52380896579e-009, 8.66012761502e-010, 1.19110249441e-010, 1.97316538109e-011, 1.31272403836e-014, 1.05180181808e-018, 3.74074377841e-021]
    mfcc:
        mean: [-713.457458496, 87.4051971436, -44.1186523438, 64.6591186523, -11.3869771957, -7.68169164658, -2.15133595467, -0.874260365963, -3.53497099876, -7.11724662781, -4.86327362061, -3.24855828285, -4.57882213593]
        cov: [[6315.29736328, 732.84588623, -411.14642334, 617.55871582, -209.955459595, -14.8319406509, -117.853851318, -1.49724078178, -50.4756126404, -51.180770874, -32.7458877563, -23.9397106171, -56.1809692383], [732.84588623, 822.338745117, -304.3956604, 181.41242981, 4.807117939, -19.4884490967, 72.4710159302, 70.6090393066, 22.6869792938, -4.21189689636, 71.5317306519, 15.4177694321, -3.44429397583], [-411.14642334, -304.3956604, 631.234130859, 56.6821670532, 100.764373779, 161.159332275, 92.6924819946, 14.0136957169, 68.4073562622, 78.1401367188, -42.1597900391, 8.53091812134, 49.8156204224], [617.55871582, 181.41242981, 56.6821670532, 369.437713623, 119.053039551, 82.6608810425, 29.2776584625, 31.0763454437, 75.9168624878, 34.5488929749, -3.89048719406, 24.9659900665, 13.9477996826], [-209.955459595, 4.807117939, 100.764373779, 119.053039551, 241.157989502, 68.8295288086, -0.113914340734, 23.6966304779, 76.6405792236, 41.0668106079, 7.71952152252, 22.462978363, 13.099357605], [-14.8319406509, -19.4884490967, 161.159332275, 82.6608810425, 68.8295288086, 172.425292969, 91.5669631958, 25.0363826752, 53.7428512573, 58.9546470642, 8.87540245056, 12.6535768509, 15.7985620499], [-117.853851318, 72.4710159302, 92.6924819946, 29.2776584625, -0.113914340734, 91.5669631958, 189.374984741, 71.6030044556, 28.4147548676, 35.3028373718, 46.9725151062, 24.2312469482, 11.8048143387], [-1.49724078178, 70.6090393066, 14.0136957169, 31.0763454437, 23.6966304779, 25.0363826752, 71.6030044556, 120.479690552, 39.2246284485, 21.1923885345, 36.8987388611, 24.6557121277, 5.63316822052], [-50.4756126404, 22.6869792938, 68.4073562622, 75.9168624878, 76.6405792236, 53.7428512573, 28.4147548676, 39.2246284485, 125.480567932, 57.8074455261, -6.39373540878, 14.2261695862, 24.5290813446], [-51.180770874, -4.21189689636, 78.1401367188, 34.5488929749, 41.0668106079, 58.9546470642, 35.3028373718, 21.1923885345, 57.8074455261, 100.361442566, 29.1987171173, 10.507853508, 5.38567066193], [-32.7458877563, 71.5317306519, -42.1597900391, -3.89048719406, 7.71952152252, 8.87540245056, 46.9725151062, 36.8987388611, -6.39373540878, 29.1987171173, 105.329597473, 21.9190788269, -12.5308094025], [-23.9397106171, 15.4177694321, 8.53091812134, 24.9659900665, 22.462978363, 12.6535768509, 24.2312469482, 24.6557121277, 14.2261695862, 10.507853508, 21.9190788269, 66.5016098022, 30.7613620758], [-56.1809692383, -3.44429397583, 49.8156204224, 13.9477996826, 13.099357605, 15.7985620499, 11.8048143387, 5.63316822052, 24.5290813446, 5.38567066193, -12.5308094025, 30.7613620758, 74.9884033203]]
        icov: [[0.000253597594565, -0.000125654943986, 6.13701777183e-005, -0.000529927143361, 0.000479998328956, -0.000221448222874, 0.000375069444999, -0.000140169635415, 0.000168529106304, -3.28347268805e-005, 6.72608512104e-005, 8.31796285183e-007, 0.000114441376354], [-0.000125654943986, 0.00218721851707, 0.00119773170445, -0.000952810631134, -0.000281496992102, 0.000557908497285, -0.00137697008904, -0.000307238922687, -0.000146493563079, -4.03241028835e-006, -0.000691262772307, 0.000926974287722, -0.000888207403477], [6.13701777183e-005, 0.00119773170445, 0.00320379436016, -0.000548823969439, -0.000677054340485, -0.00123400054872, -0.00142374588177, -0.000205731892493, 0.000681314792018, -0.00149157666601, 0.00139472470619, 0.000961094454397, -0.00158433814067], [-0.000529927143361, -0.000952810631134, -0.000548823969439, 0.00539055652916, -0.00213571893983, -0.00109375407919, -3.86054562114e-005, 0.000310394767439, -0.0014546897728, 0.000449726969237, 0.000780018279329, -0.0014184009051, 0.000663167447783], [0.000479998328956, -0.000281496992102, -0.000677054340485, -0.00213571893983, 0.00745496526361, -0.00225889193825, 0.00313531490974, -0.000610234565102, -0.00275535788387, 0.000926729990169, -0.00154952553567, -0.00142331433017, 0.00107927375939], [-0.000221448222874, 0.000557908497285, -0.00123400054872, -0.00109375407919, -0.00225889193825, 0.0125934844837, -0.00591025035828, 0.0017842205707, -0.000387678825064, -0.00362690165639, 0.000924158666749, 0.000725031539332, -0.000335008022375], [0.000375069444999, -0.00137697008904, -0.00142374588177, -3.86054562114e-005, 0.00313531490974, -0.00591025035828, 0.0120083075017, -0.00452393339947, -0.00014474519412, 0.00127473683096, -0.00308889802545, -0.00126059411559, 0.000274439109489], [-0.000140169635415, -0.000307238922687, -0.000205731892493, 0.000310394767439, -0.000610234565102, 0.0017842205707, -0.00452393339947, 0.0132873486727, -0.00436013285071, 0.00142448034603, -0.00262664468028, -0.00251922593452, 0.00132294103969], [0.000168529106304, -0.000146493563079, 0.000681314792018, -0.0014546897728, -0.00275535788387, -0.000387678825064, -0.00014474519412, -0.00436013285071, 0.016569333151, -0.00851742643863, 0.00491960486397, 0.00105788023211, -0.00356924906373], [-3.28347268805e-005, -4.03241028835e-006, -0.00149157666601, 0.000449726969237, 0.000926729990169, -0.00362690165639, 0.00127473683096, 0.00142448034603, -0.00851742643863, 0.0188151188195, -0.00693256128579, -0.00017534608196, 0.00152525352314], [6.72608512104e-005, -0.000691262772307, 0.00139472470619, 0.000780018279329, -0.00154952553567, 0.000924158666749, -0.00308889802545, -0.00262664468028, 0.00491960486397, -0.00693256128579, 0.0165122840554, -0.00477188825607, 0.00331200589426], [8.31796285183e-007, 0.000926974287722, 0.000961094454397, -0.0014184009051, -0.00142331433017, 0.000725031539332, -0.00126059411559, -0.00251922593452, 0.00105788023211, -0.00017534608196, -0.00477188825607, 0.0231964830309, -0.0104942573234], [0.000114441376354, -0.000888207403477, -0.00158433814067, 0.000663167447783, 0.00107927375939, -0.000335008022375, 0.000274439109489, 0.00132294103969, -0.00356924906373, 0.00152525352314, 0.00331200589426, -0.0104942573234, 0.0199652705342]]
    sccoeffs:
        dmean: [0.055912643671, 0.0488342158496, 0.0377985239029, 0.0317514725029, 0.0232266169041, 0.0186263006181]
        dmean2: [0.0913841277361, 0.079775609076, 0.0616973266006, 0.0518158078194, 0.0369631908834, 0.0298363082111]
        dvar: [0.00259799160995, 0.00158364942763, 0.000898457830772, 0.000700000324287, 0.000414462556364, 0.000300175161101]
        dvar2: [0.00658358773217, 0.00410622963682, 0.00243218243122, 0.00173387210816, 0.000958083022851, 0.000743834942114]
        max: [-0.327373236418, -0.292220503092, -0.446391820908, -0.507335364819, -0.487029761076, -0.590215563774]
        mean: [-0.678303420544, -0.754598021507, -0.794292211533, -0.795641124249, -0.786780595779, -0.742964565754]
        median: [-0.687292814255, -0.761715531349, -0.801177203655, -0.800186634064, -0.793928027153, -0.738808512688]
        min: [-0.951070249081, -0.960189938545, -0.969291031361, -0.96205997467, -0.95819747448, -0.963897585869]
        var: [0.00642909063026, 0.00500774569809, 0.00319404969923, 0.00240788911469, 0.00211950670928, 0.00144680589437]
    scvalleys:
        dmean: [0.374005794525, 0.373446196318, 0.308900117874, 0.276878148317, 0.223884567618, 0.265992045403]
        dmean2: [0.626297175884, 0.60485881567, 0.490409016609, 0.430181354284, 0.347021967173, 0.38942360878]
        dvar: [0.108090609312, 0.120198458433, 0.0845578014851, 0.0730824768543, 0.0683323517442, 0.124265924096]
        dvar2: [0.263714462519, 0.280028194189, 0.177551329136, 0.141003891826, 0.133873388171, 0.233990967274]
        max: [-5.30956983566, -4.59999084473, -5.47929906845, -5.82631969452, -5.43351793289, -7.52761888504]
        mean: [-7.00776100159, -6.87071704865, -7.30819749832, -7.41066884995, -6.87431383133, -9.6555557251]
        median: [-6.59263801575, -6.66376304626, -7.08947563171, -7.18903064728, -6.61578321457, -9.53414535522]
        min: [-27.5377101898, -26.9930515289, -27.0090827942, -27.2775764465, -27.2157764435, -27.1023616791]
        var: [2.71514391899, 1.75447666645, 1.63217294216, 1.52182602882, 1.59673941135, 1.73859369755]

rhythm:
    beats_loudness:
        dmean: 0.0042287283577
        dmean2: 0.00820763409138
        dvar: 5.17158787261e-006
        dvar2: 1.68663955264e-005
        max: 0.0152195002884
        mean: 0.00581343797967
        median: 0.00596755510196
        min: 2.15752762878e-012
        var: 8.65338824951e-006
    bpm: 89.9817657471
    bpm_confidence: 0
    first_peak_bpm: 91
    first_peak_spread: 0.456204354763
    first_peak_weight: 0.530249118805
    onset_rate: 3.24121689796
    second_peak_bpm: 85
    second_peak_spread: 0.285714328289
    second_peak_weight: 0.0177935939282
    beats_loudness_band_ratio:
        dmean: [0.0933445394039, 0.249680221081, 0.0524448119104, 0.0399610996246, 0.167662933469, 0.0953394174576]
        dmean2: [0.159606963396, 0.49065220356, 0.0911165177822, 0.0714887976646, 0.300851047039, 0.157820150256]
        dvar: [0.00721482513472, 0.0151654900983, 0.00293964147568, 0.00226427684538, 0.0165526233613, 0.00695942156017]
        dvar2: [0.0166745334864, 0.0534327886999, 0.00882247556001, 0.00613348651677, 0.0476068221033, 0.0185020361096]
        max: [0.95991563797, 0.562295079231, 0.438465505838, 0.291113883257, 0.866125106812, 0.744448661804]
        mean: [0.162452638149, 0.23343282938, 0.0749434232712, 0.0517291761935, 0.282283127308, 0.271059602499]
        median: [0.153369098902, 0.213706791401, 0.0596223771572, 0.0347762927413, 0.221407651901, 0.27123016119]
        min: [0, 0, 0, 0, 0, 0]
        var: [0.0116384634748, 0.0244880020618, 0.0033653175924, 0.00245472136885, 0.024678081274, 0.0107131199911]
    beats_position: [0.673378646374, 1.34675729275, 2.02013611794, 2.69351458549, 3.3785033226, 4.08671188354, 4.79492044449, 5.50312900543, 6.19972801208, 6.87310647964, 7.5464849472, 8.20825386047, 8.87002277374, 9.54340076447, 10.2051696777, 10.866938591, 11.5403175354, 12.202085495, 12.8638544083, 13.5372333527, 14.2106122971, 14.8723802567, 15.5341491699, 16.2075271606, 16.8809070587, 17.5542850494, 18.2160549164, 18.8894329071, 19.5512008667, 20.2129707336, 20.8747386932, 21.548116684, 22.221496582, 22.8832645416, 23.5450344086, 24.2068023682, 24.8685703278, 25.5303401947, 26.2037181854, 26.865486145, 27.5388660431, 28.2122440338, 28.8856239319, 29.5473918915, 30.2091598511, 30.870929718, 31.5326976776, 32.2060775757, 32.8794555664, 33.5528335571, 34.2146034241, 34.8763694763, 35.5381393433, 36.1999092102, 36.8732872009, 37.5466651917, 38.2200431824, 38.8818130493, 39.5435829163, 40.216960907, 40.8787307739, 41.5521087646, 42.2138786316, 42.8756446838, 43.5374145508, 44.2107925415, 44.8841705322, 45.5459403992, 46.2077102661, 46.8694763184, 47.5312461853, 48.204624176, 48.8780021667, 49.5513839722, 50.2131500244, 50.8749198914, 51.5482978821, 52.210067749, 52.871837616, 53.5336036682, 54.2069816589, 54.8803634644, 55.5421295166, 56.1922874451, 56.8656692505, 57.5390472412, 58.2124252319, 58.8741950989, 59.5359611511, 60.2093429565, 60.8711090088, 61.5328788757, 62.2062568665, 62.8680267334, 63.5297966003, 64.2031707764, 64.864944458, 65.5267105103, 66.1884765625, 66.8502502441, 67.5236282349, 68.1970062256, 68.8703842163, 69.543762207, 70.2171401978, 70.8789138794, 71.5406799316, 72.2140579224, 72.8874359131, 73.5608139038, 74.210975647, 74.8727416992, 75.5345077515, 76.2078933716, 76.8696594238, 77.5314254761, 78.2048034668, 78.8781814575, 79.5399551392, 80.2017211914, 80.8750991821, 81.5484771729, 82.2102508545, 82.8720169067, 83.5453948975, 84.2071609497, 84.8689346313, 85.5307006836, 86.2040786743, 86.877456665, 87.5392303467, 88.2126083374, 88.8743743896, 89.5361404419, 90.2095184326, 90.8712921143, 91.544670105, 92.2180480957, 92.8798141479, 93.5531921387, 94.2149658203, 94.888343811, 95.5501098633, 96.2118835449, 96.8736495972, 97.5470275879, 98.2204055786, 98.8821716309, 99.5439453125, 100.194099426, 100.867477417, 101.540863037, 102.214241028, 102.87600708, 103.537773132, 104.211151123, 104.884536743, 105.546302795, 106.208068848, 106.869842529, 107.531608582, 108.204986572, 108.866752625, 109.528526306, 110.201904297, 110.863670349, 111.53704834, 112.198822021, 112.872200012, 113.545578003, 114.207344055, 114.869110107, 115.542495728, 116.20426178, 116.866027832, 117.527801514, 118.189567566, 118.851333618, 119.524711609, 120.186485291, 120.859863281, 121.533241272, 122.206619263, 122.868385315, 123.530158997, 124.203536987, 124.876914978, 125.53868103, 126.200454712, 126.862220764, 127.535598755, 128.197372437, 128.870742798, 129.544128418, 130.217498779, 130.867660522, 131.529434204, 132.202804565, 132.864578247, 133.537963867, 134.19972229, 134.861495972, 135.534866333, 136.208251953, 136.870025635, 137.531784058, 138.193557739, 138.855331421, 139.528701782, 140.202087402, 140.875457764, 141.537231445, 142.199005127, 142.872375488, 143.53414917, 144.207519531, 144.869293213, 145.542678833, 146.216049194, 146.889434814, 147.539596558, 148.20135498, 148.863128662, 149.524902344, 150.186660767, 150.860046387, 151.533416748, 152.183578491, 152.856964111, 153.530334473, 154.203720093, 154.877090454, 155.550476074, 156.212234497, 156.874008179, 157.547393799, 158.22076416, 158.882537842, 159.544311523, 160.206069946, 160.867843628, 161.52961731, 162.202987671, 162.864761353, 163.526535034, 164.199905396, 164.873291016, 165.535049438, 166.208435059, 166.88180542, 167.543579102, 168.216964722, 168.878723145, 169.540496826, 170.202270508, 170.852416992, 171.525802612, 172.199172974, 172.872558594, 173.522720337, 174.196090698, 174.869476318, 175.54284668, 176.193008423, 176.854782104, 177.516555786, 178.178314209, 178.840087891, 179.52507019, 180.186843872, 180.860229492, 181.521987915, 182.206985474, 182.880355835, 183.565353394, 184.27355957, 184.993377686, 185.713195801, 186.363357544, 187.025115967, 187.67527771, 188.337051392]
    bpm_estimates: [89.1029129028, 89.1028900146, 89.102935791, 87.5926818848, 86.1327667236, 89.102935791, 89.102935791, 90.6660919189, 90.6660919189, 89.1030044556, 90.6660919189, 90.6660919189, 89.1028747559, 90.6662216187, 90.6660919189, 89.1028747559, 89.1028747559, 90.6662216187, 90.6660919189, 89.1030044556, 89.1027526855, 89.1030044556, 90.6659622192, 89.1030044556, 90.6662216187, 90.6659622192, 90.6662216187, 89.1030044556, 89.1027526855, 90.6662216187, 90.6659622192, 90.6662216187, 90.6662216187, 90.6659622192, 89.1030044556, 90.6662216187, 89.1027526855, 89.1030044556, 89.1027526855, 90.6662216187, 90.6662216187, 90.6659622192, 90.6662216187, 89.1027526855, 89.1030044556, 89.1030044556, 90.6659622192, 90.6664810181, 90.6659622192, 90.6659622192, 89.1030044556, 89.1030044556, 89.1030044556, 90.6659622192, 90.6659622192, 89.1030044556, 90.6659622192, 89.1030044556, 90.6659622192, 90.6664810181, 90.6659622192, 89.1030044556, 89.1030044556, 90.6659622192, 90.6659622192, 90.6664810181, 90.6659622192, 89.1030044556, 89.1030044556, 89.1024932861, 90.6664810181, 90.6659622192, 89.1030044556, 90.6659622192, 90.6659622192, 90.6664810181, 89.1030044556, 89.1024932861, 90.6664810181, 92.2852706909, 89.1024932861, 89.1030044556, 89.1030044556, 90.6659622192, 90.6664810181, 89.1024932861, 90.6664810181, 90.6659622192, 89.1030044556, 90.6659622192, 90.6659622192, 89.1035079956, 90.665435791, 90.6664810181, 90.6664810181, 90.665435791, 89.1030044556, 89.1030044556, 89.1030044556, 89.1030044556, 89.1030044556, 90.665435791, 90.6664810181, 89.1030044556, 89.1030044556, 89.1030044556, 92.2847290039, 90.6664810181, 90.6664810181, 89.1019897461, 90.6664810181, 90.6664810181, 89.1030044556, 89.1030044556, 90.665435791, 90.6664810181, 89.1030044556, 89.1030044556, 90.665435791, 90.6664810181, 89.1030044556, 90.6664810181, 90.665435791, 90.6664810181, 89.1030044556, 89.1030044556, 90.665435791, 89.1030044556, 90.6664810181, 90.6664810181, 89.1030044556, 90.665435791, 89.1030044556, 89.1030044556, 90.6664810181, 89.1030044556, 90.665435791, 89.1030044556, 90.6664810181, 90.665435791, 90.6664810181, 89.1030044556, 89.1030044556, 90.6664810181, 90.665435791, 92.2858123779, 89.1030044556, 89.1019897461, 89.1030044556, 90.6664810181, 90.6664810181, 89.1030044556, 89.1019897461, 90.6664810181, 90.6664810181, 90.665435791, 90.6664810181, 89.1030044556, 90.6664810181, 90.665435791, 89.1030044556, 90.6664810181, 89.1030044556, 90.665435791, 89.1030044556, 89.1030044556, 90.6664810181, 90.6664810181, 89.1019897461, 90.6664810181, 90.6664810181, 90.665435791, 90.6664810181, 90.6664810181, 89.1030044556, 90.665435791, 89.1030044556, 89.1030044556, 89.1030044556, 90.6664810181, 90.665435791, 89.1030044556, 89.1030044556, 90.6664810181, 90.665435791, 90.6664810181, 89.1030044556, 90.665435791, 89.1040115356, 89.1019897461, 89.1040115356, 92.2847290039, 90.665435791, 89.1040115356, 90.665435791, 89.1019897461, 90.6675262451, 90.665435791, 89.1040115356, 89.1019897461, 90.665435791, 90.6675262451, 90.665435791, 90.665435791, 89.1040115356, 89.1019897461, 89.1040115356, 90.665435791, 90.665435791, 89.1040115356, 90.665435791, 89.1040115356, 90.665435791, 89.1019897461, 89.1040115356, 89.1019897461, 92.2847290039, 90.6675262451, 90.665435791, 90.665435791, 90.6675262451, 89.1019897461, 89.1040115356, 92.2847290039, 89.1019897461, 89.1040115356, 89.1019897461, 89.1040115356, 89.1019897461, 90.6675262451, 90.665435791, 89.1019897461, 89.1040115356, 90.665435791, 90.665435791, 90.6675262451, 90.665435791, 90.665435791, 89.1040115356, 90.665435791, 90.665435791, 89.1040115356, 89.1019897461, 90.6675262451, 89.1019897461, 89.1040115356, 90.665435791, 89.1019897461, 90.6675262451, 90.665435791, 90.665435791, 92.286895752, 89.1019897461, 89.1040115356, 89.1019897461, 92.2847290039, 89.1040115356, 89.1019897461, 89.1040115356, 92.2847290039, 90.665435791, 90.665435791, 90.6675262451, 90.665435791, 87.5935058594, 90.665435791, 89.1019897461, 90.6675262451, 87.5915527344, 89.1040115356, 87.5915527344, 92.2847290039, 90.6675262451, 92.2847290039, 90.665435791]
