
metadata:
    version:
        essentia: "2.1-beta2"
    audio_properties:
        analysis_sample_rate: 44100
        bitrate: 294
        channels: 2
        equal_loudness: 1
        length: 242.573059082
        replay_gain: -16.2745056152
        downmix: "mix"
    tags:
        album: "The Return"
        artist: "Nonpoint"
        comment: ""
        date: "2014"
        genre: "Hard Rock"
        title: "The Return"
        tracknumber: "5/13"

configuration:
    average_loudness:
        compute: 1
        frameSize: 88200
        hopSize: 44100
        silentFrames: "noise"
        windowType: "hann"
    general:
        analysisSampleRate: 44100
        endTime: 2000
        equalLoudness: 1
        nequalLoudness: 0
        shortSound: 0
        startTime: 0
    lowlevel:
        compute: 1
        frameSize: 2048
        hopSize: 1024
        zeroPadding: 0
        silentFrames: "noise"
        windowType: "blackmanharris62"
        mfccStats: ["mean", "cov", "icov"]
        stats: ["mean", "var", "median", "min", "max", "dmean", "dmean2", "dvar", "dvar2"]
    panning:
        compute: 0
        frameSize: 8192
        hopSize: 2048
        zeroPadding: 8192
        silentFrames: "noise"
        windowType: "hann"
        stats: ["copy"]
    rhythm:
        compute: 1
        maxTempo: 208
        minTempo: 40
        method: "degara"
        stats: ["mean", "var", "median", "min", "max", "dmean", "dmean2", "dvar", "dvar2"]
    segmentation:
        compute: 0
        cpw: 5
        inc1: 300
        inc2: 50
        minimumSegmentsLength: 10
        size1: 1000
        size2: 600
    sfx:
        compute: 1
        stats: ["mean", "var", "median", "min", "max", "dmean", "dmean2", "dvar", "dvar2"]
    svm:
        compute: 0
    tonal:
        compute: 1
        frameSize: 4096
        hopSize: 2048
        zeroPadding: 0
        silentFrames: "noise"
        windowType: "blackmanharris62"
        stats: ["mean", "var", "median", "min", "max", "dmean", "dmean2", "dvar", "dvar2"]

lowlevel:
    average_loudness: 0.915252149105
    barkbands_kurtosis:
        dmean: 0.722830235958
        dmean2: 1.20184290409
        dvar: 0.993561446667
        dvar2: 2.56383895874
        max: 25.2830505371
        mean: -0.65356361866
        median: -1.11456513405
        min: -1.90229034424
        var: 2.46712207794
    barkbands_skewness:
        dmean: 0.443778306246
        dmean2: 0.707440197468
        dvar: 0.18115645647
        dvar2: 0.447784602642
        max: 3.73258972168
        mean: -0.346896797419
        median: -0.411948263645
        min: -4.62201738358
        var: 0.688437759876
    barkbands_spread:
        dmean: 6.57546663284
        dmean2: 10.736530304
        dvar: 42.7070884705
        dvar2: 111.468421936
        max: 76.2456741333
        mean: 36.9463233948
        median: 36.6098403931
        min: 2.55912089348
        var: 122.019813538
    dissonance:
        dmean: 0.0088486848399
        dmean2: 0.0149677516893
        dvar: 6.47893975838e-005
        dvar2: 0.000175565495738
        max: 0.5
        mean: 0.484174638987
        median: 0.486379802227
        min: 0.356139421463
        var: 0.000116463364975
    hfc:
        dmean: 2.99914526939
        dmean2: 4.95345783234
        dvar: 14.7294273376
        dvar2: 39.4118881226
        max: 45.3644180298
        mean: 9.77799606323
        median: 8.90300559998
        min: 1.09353674026e-016
        var: 41.6169281006
    pitch:
        dmean: 1002.25048828
        dmean2: 1915.36938477
        dvar: 1761286.125
        dvar2: 4092113.75
        max: 4927.41601563
        mean: 2179.01733398
        median: 2978.86401367
        min: 81.4905776978
        var: 2355557.25
    pitch_instantaneous_confidence:
        dmean: 0.085185021162
        dmean2: 0.139313906431
        dvar: 0.00482354313135
        dvar2: 0.0124554065987
        max: 0.858434200287
        mean: 0.408093988895
        median: 0.394040226936
        min: 0.118902802467
        var: 0.0141784092411
    pitch_salience:
        dmean: 0.0664879009128
        dmean2: 0.112758025527
        dvar: 0.00448540924117
        dvar2: 0.0126762762666
        max: 0.864254117012
        mean: 0.657718837261
        median: 0.669167160988
        min: 0.239143952727
        var: 0.00655834097415
    silence_rate_20dB:
        dmean: 0
        dmean2: 0
        dvar: 0
        dvar2: 0
        max: 1
        mean: 1
        median: 1
        min: 1
        var: 0
    silence_rate_30dB:
        dmean: 0
        dmean2: 0
        dvar: 0
        dvar2: 0
        max: 1
        mean: 1
        median: 1
        min: 1
        var: 0
    silence_rate_60dB:
        dmean: 0.0970613583922
        dmean2: 0.194141298532
        dvar: 0.0876295268536
        dvar2: 0.185380831361
        max: 1
        mean: 0.274502307177
        median: 0
        min: 0
        var: 0.199148923159
    spectral_centroid:
        dmean: 304.882232666
        dmean2: 494.498626709
        dvar: 101922.8125
        dvar2: 249860.828125
        max: 10969.2783203
        mean: 1926.49182129
        median: 1994.89257813
        min: 265.414215088
        var: 311069.5
    spectral_complexity:
        dmean: 3.96860337257
        dmean2: 6.50258493423
        dvar: 17.2690792084
        dvar2: 43.8041877747
        max: 44
        mean: 16.3881130219
        median: 16
        min: 0
        var: 80.8238601685
    spectral_crest:
        dmean: 2.11417365074
        dmean2: 3.57046461105
        dvar: 5.23038387299
        dvar2: 13.9644212723
        max: 22.3888015747
        mean: 6.9760093689
        median: 6.3633813858
        min: 2.44443154335
        var: 7.30824136734
    spectral_decrease:
        dmean: 3.18867793281e-010
        dmean2: 5.23415311093e-010
        dvar: 2.95995105071e-019
        dvar2: 7.4255827813e-019
        max: -4.57476040174e-029
        mean: -1.07739384081e-009
        median: -1.01574126887e-009
        min: -5.9165730093e-009
        var: 4.66900545792e-019
    spectral_energy:
        dmean: 0.00144031748641
        dmean2: 0.00235858163796
        dvar: 5.15739793627e-006
        dvar2: 1.30138914756e-005
        max: 0.024966660887
        mean: 0.00495322188362
        median: 0.00463877525181
        min: 1.00913659818e-020
        var: 9.36248579819e-006
    spectral_energyband_high:
        dmean: 0.000204194540856
        dmean2: 0.00034576971666
        dvar: 1.23959210896e-007
        dvar2: 3.07237371544e-007
        max: 0.00575741333887
        mean: 0.000416280934587
        median: 0.000305898895022
        min: 7.49034986004e-021
        var: 1.96210109493e-007
    spectral_energyband_low:
        dmean: 0.000353947194526
        dmean2: 0.000602174841333
        dvar: 3.13814666697e-007
        dvar2: 8.64914341037e-007
        max: 0.00593728106469
        mean: 0.000551521079615
        median: 0.000359634112101
        min: 4.86953108285e-023
        var: 3.48267775507e-007
    spectral_energyband_middle_high:
        dmean: 0.000811062462162
        dmean2: 0.00131031440105
        dvar: 8.731248613e-007
        dvar2: 2.19798334911e-006
        max: 0.0132477413863
        mean: 0.00276363291778
        median: 0.00244563654996
        min: 1.48851787366e-021
        var: 4.07560037274e-006
    spectral_energyband_middle_low:
        dmean: 0.000690470275003
        dmean2: 0.00113599898759
        dvar: 3.42110797646e-006
        dvar2: 8.61298940436e-006
        max: 0.020200477913
        mean: 0.00133781705517
        median: 0.00099510687869
        min: 1.81614978101e-022
        var: 3.18234310726e-006
    spectral_flatness_db:
        dmean: 0.014376251027
        dmean2: 0.0230891928077
        dvar: 0.000198234076379
        dvar2: 0.000509595440235
        max: 0.289937645197
        mean: 0.147796005011
        median: 0.143890947104
        min: 0.0630968287587
        var: 0.000837646250147
    spectral_flux:
        dmean: 0.00858785305172
        dmean2: 0.013645474799
        dvar: 0.000122151090181
        dvar2: 0.000270214834018
        max: 0.134919658303
        mean: 0.0427690409124
        median: 0.0429193601012
        min: 1.0045578952e-010
        var: 0.000321136700222
    spectral_kurtosis:
        dmean: 1.14256298542
        dmean2: 1.91577255726
        dvar: 1.28202199936
        dvar2: 3.66691279411
        max: 15.6648836136
        mean: 3.38840723038
        median: 3.14180088043
        min: -1.19480729103
        var: 3.79949617386
    spectral_rms:
        dmean: 0.000294474943075
        dmean2: 0.00047247071052
        dvar: 1.44368755173e-007
        dvar2: 3.53355801508e-007
        max: 0.00493535399437
        mean: 0.00208324426785
        median: 0.00212735403329
        min: 3.13771166167e-012
        var: 4.92501385452e-007
    spectral_rolloff:
        dmean: 326.752166748
        dmean2: 541.159667969
        dvar: 216210.828125
        dvar2: 525959.6875
        max: 18324.7558594
        mean: 3471.53295898
        median: 3509.91210938
        min: 215.33203125
        var: 402889.6875
    spectral_skewness:
        dmean: 0.173294559121
        dmean2: 0.286778122187
        dvar: 0.0263022724539
        dvar2: 0.0705702751875
        max: 2.5300989151
        mean: 1.15068781376
        median: 1.16162693501
        min: -0.311927109957
        var: 0.0965536013246
    spectral_spread:
        dmean: 430223.25
        dmean2: 618143.4375
        dvar: 405485420544
        dvar2: 665442254848
        max: 40324572
        mean: 4195683
        median: 3954906
        min: 1672287.625
        var: 1.57425559142e+012
    spectral_strongpeak:
        dmean: 0.677602171898
        dmean2: 1.17128252983
        dvar: 0.801515519619
        dvar2: 2.07246541977
        max: 8.7690038681
        mean: 0.876457571983
        median: 0.333464205265
        min: 1.8478946151e-009
        var: 1.26635074615
    zerocrossingrate:
        dmean: 0.00852036103606
        dmean2: 0.0109571600333
        dvar: 8.10009805718e-005
        dvar2: 0.000111078792543
        max: 0.48583984375
        mean: 0.10598179698
        median: 0.10791015625
        min: 0.0224609375
        var: 0.000519088702276
    barkbands:
        dmean: [5.16750105817e-007, 0.000155770132551, 0.000211972961552, 0.000112186397018, 0.000430579122622, 0.00016717548715, 0.000140988558996, 5.28607160959e-005, 5.827005225e-005, 6.79512377246e-005, 2.96608359349e-005, 4.71365892736e-005, 4.95531057823e-005, 6.20456485194e-005, 9.00047816685e-005, 0.000112322159111, 0.000266692833975, 0.000302939704852, 0.00030952700763, 0.000142847042298, 0.000107332409243, 4.07065635954e-005, 7.72562270868e-006, 2.74652234111e-006, 1.17034278446e-006, 2.79504863698e-008, 3.19452519992e-010]
        dmean2: [7.80495952313e-007, 0.000270962278591, 0.000360238627763, 0.000189991449588, 0.000733351800591, 0.000271472381428, 0.000227176496992, 8.71280062711e-005, 9.49833847699e-005, 0.000109990323836, 4.8878697271e-005, 7.68805039115e-005, 7.90360427345e-005, 9.9291522929e-005, 0.000146489415783, 0.000183807351277, 0.000426929793321, 0.000499575515278, 0.000525301788002, 0.000241292538703, 0.000185893499292, 7.04632257111e-005, 1.20696749946e-005, 4.18014678871e-006, 1.78098605375e-006, 4.36983640384e-008, 5.53109003043e-010]
        dvar: [8.11508141501e-013, 6.03189178605e-008, 1.53704434069e-007, 4.01890041246e-008, 3.03552474179e-006, 7.40799563914e-008, 5.79415058155e-008, 9.35107014044e-009, 1.10499067674e-008, 1.69464353661e-008, 4.0204208851e-009, 8.98461216536e-009, 8.78128236792e-009, 1.57456998551e-008, 2.73406897122e-008, 3.3187308901e-008, 1.49564542085e-007, 2.11551650864e-007, 1.40613835242e-007, 4.6966015077e-008, 3.39178214404e-008, 5.40038547214e-009, 3.51922768704e-010, 7.44203657033e-011, 1.38874502176e-011, 8.95121972285e-015, 5.48916589201e-019]
        dvar2: [1.58994833358e-012, 1.71900978785e-007, 4.31704876291e-007, 1.10522442753e-007, 7.90019021224e-006, 1.96976884581e-007, 1.46210041407e-007, 2.34298234147e-008, 2.82291132692e-008, 4.3914965886e-008, 1.01652073425e-008, 2.31731629441e-008, 2.0436864645e-008, 3.91739121142e-008, 6.83657788159e-008, 8.46881533789e-008, 3.72882453803e-007, 5.16691500252e-007, 3.77176718303e-007, 1.1544040035e-007, 8.86460966854e-008, 1.38692053397e-008, 7.04665770179e-010, 1.50794529641e-010, 2.88666642673e-011, 2.01969991838e-014, 1.42633110487e-018]
        max: [9.61228215601e-006, 0.00162973813713, 0.00474377721548, 0.00330093689263, 0.0185984689742, 0.00530966371298, 0.0041472511366, 0.00215749978088, 0.00186523445882, 0.00224214466289, 0.00116532982793, 0.0021452291403, 0.00167270493694, 0.00193088583183, 0.00402290513739, 0.00302875717171, 0.00663350522518, 0.0115287173539, 0.00577888684347, 0.00473277550191, 0.00285482080653, 0.00103794038296, 0.000488821649924, 0.000254455662798, 9.7686672234e-005, 2.48623359766e-006, 2.83551777613e-008]
        mean: [6.05380364505e-007, 0.000195018234081, 0.000269167358056, 0.00014706714137, 0.000450924009783, 0.000286923605017, 0.000227980082855, 9.15608616197e-005, 9.55721843638e-005, 0.000112876783533, 4.62050084025e-005, 7.99406334409e-005, 7.55771543481e-005, 9.47048902162e-005, 0.000152198597789, 0.000222156682867, 0.000572725257371, 0.000575736747123, 0.000680014491081, 0.000309028400807, 0.000188095291378, 5.8857469412e-005, 1.35418895297e-005, 4.80168228023e-006, 1.90938771993e-006, 4.34952553974e-008, 3.72987835062e-010]
        median: [1.49939182847e-007, 0.000113916561531, 0.000149755564053, 8.73569952091e-005, 0.000181069190148, 0.000174475469976, 0.000112806912512, 4.46594349341e-005, 5.5129876273e-005, 4.76017812616e-005, 2.21265981963e-005, 3.41152481269e-005, 3.09047245537e-005, 3.15199431498e-005, 6.76560011925e-005, 0.000121317920275, 0.000284117675619, 0.000328936148435, 0.000535103841685, 0.000245117640588, 0.000131811510073, 2.9519032978e-005, 6.18424292043e-006, 1.74488263838e-006, 7.39257075111e-007, 1.78853767352e-008, 1.96210298009e-010]
        min: [1.2722478889e-023, 4.88016887215e-024, 1.06023031879e-023, 3.476468673e-023, 3.47850361859e-023, 9.03198010393e-024, 5.99945820925e-023, 1.87166921198e-023, 1.78240281635e-023, 1.30644122261e-023, 9.20665867858e-023, 1.38187465827e-022, 1.07735983382e-022, 1.16361729307e-022, 1.21120718889e-022, 1.00172271426e-022, 1.54203323822e-022, 2.69553897532e-022, 2.59598649613e-022, 2.77663185689e-022, 3.77530704371e-022, 6.28836595712e-022, 5.93030388551e-022, 1.1355794347e-021, 1.23310404911e-021, 1.54453916532e-021, 1.96885989842e-021]
        var: [1.17915551455e-012, 5.46249552258e-008, 1.52697865019e-007, 3.98077624197e-008, 2.29642478189e-006, 1.18545351313e-007, 1.09070697363e-007, 1.65540114949e-008, 1.8071061092e-008, 3.59116825166e-008, 7.02220859239e-009, 1.80457888632e-008, 1.57447015425e-008, 2.84004446627e-008, 5.16852942667e-008, 9.02115644408e-008, 5.04388765421e-007, 5.0513443739e-007, 3.46013990793e-007, 8.16573617612e-008, 4.38219132093e-008, 7.09870162652e-009, 7.69851293825e-010, 1.54312757017e-010, 2.39399385732e-011, 1.18002700981e-014, 5.29698960524e-019]
    frequency_bands:
        dmean: [5.16750105817e-007, 0.000155770132551, 0.000211972961552, 0.000112186397018, 0.000430579122622, 0.00016717548715, 0.000140988558996, 5.28607160959e-005, 5.827005225e-005, 6.79512377246e-005, 2.96608359349e-005, 4.71365892736e-005, 4.95531057823e-005, 6.20456485194e-005, 9.00047816685e-005, 0.000112322159111, 0.000266692833975, 0.000302939704852, 0.00030952700763, 0.000142847042298, 0.000107332409243, 4.07065635954e-005, 7.72562270868e-006, 2.74652234111e-006, 1.17034278446e-006, 2.79504863698e-008, 3.19452519992e-010, 5.74444936063e-011]
        dmean2: [7.80495952313e-007, 0.000270962278591, 0.000360238627763, 0.000189991449588, 0.000733351800591, 0.000271472381428, 0.000227176496992, 8.71280062711e-005, 9.49833847699e-005, 0.000109990323836, 4.8878697271e-005, 7.68805039115e-005, 7.90360427345e-005, 9.9291522929e-005, 0.000146489415783, 0.000183807351277, 0.000426929793321, 0.000499575515278, 0.000525301788002, 0.000241292538703, 0.000185893499292, 7.04632257111e-005, 1.20696749946e-005, 4.18014678871e-006, 1.78098605375e-006, 4.36983640384e-008, 5.53109003043e-010, 1.07103992342e-010]
        dvar: [8.11508141501e-013, 6.03189178605e-008, 1.53704434069e-007, 4.01890041246e-008, 3.03552474179e-006, 7.40799563914e-008, 5.79415058155e-008, 9.35107014044e-009, 1.10499067674e-008, 1.69464353661e-008, 4.0204208851e-009, 8.98461216536e-009, 8.78128236792e-009, 1.57456998551e-008, 2.73406897122e-008, 3.3187308901e-008, 1.49564542085e-007, 2.11551650864e-007, 1.40613835242e-007, 4.6966015077e-008, 3.39178214404e-008, 5.40038547214e-009, 3.51922768704e-010, 7.44203657033e-011, 1.38874502176e-011, 8.95121972285e-015, 5.48916589201e-019, 7.47080125572e-021]
        dvar2: [1.58994833358e-012, 1.71900978785e-007, 4.31704876291e-007, 1.10522442753e-007, 7.90019021224e-006, 1.96976884581e-007, 1.46210041407e-007, 2.34298234147e-008, 2.82291132692e-008, 4.3914965886e-008, 1.01652073425e-008, 2.31731629441e-008, 2.0436864645e-008, 3.91739121142e-008, 6.83657788159e-008, 8.46881533789e-008, 3.72882453803e-007, 5.16691500252e-007, 3.77176718303e-007, 1.1544040035e-007, 8.86460966854e-008, 1.38692053397e-008, 7.04665770179e-010, 1.50794529641e-010, 2.88666642673e-011, 2.01969991838e-014, 1.42633110487e-018, 2.38765247605e-020]
        max: [9.61228215601e-006, 0.00162973813713, 0.00474377721548, 0.00330093689263, 0.0185984689742, 0.00530966371298, 0.0041472511366, 0.00215749978088, 0.00186523445882, 0.00224214466289, 0.00116532982793, 0.0021452291403, 0.00167270493694, 0.00193088583183, 0.00402290513739, 0.00302875717171, 0.00663350522518, 0.0115287173539, 0.00577888684347, 0.00473277550191, 0.00285482080653, 0.00103794038296, 0.000488821649924, 0.000254455662798, 9.7686672234e-005, 2.48623359766e-006, 2.83551777613e-008, 1.53951484894e-009]
        mean: [6.05380364505e-007, 0.000195018234081, 0.000269167358056, 0.00014706714137, 0.000450924009783, 0.000286923605017, 0.000227980082855, 9.15608616197e-005, 9.55721843638e-005, 0.000112876783533, 4.62050084025e-005, 7.99406334409e-005, 7.55771543481e-005, 9.47048902162e-005, 0.000152198597789, 0.000222156682867, 0.000572725257371, 0.000575736747123, 0.000680014491081, 0.000309028400807, 0.000188095291378, 5.8857469412e-005, 1.35418895297e-005, 4.80168228023e-006, 1.90938771993e-006, 4.34952553974e-008, 3.72987835062e-010, 4.41274412843e-011]
        median: [1.49939182847e-007, 0.000113916561531, 0.000149755564053, 8.73569952091e-005, 0.000181069190148, 0.000174475469976, 0.000112806912512, 4.46594349341e-005, 5.5129876273e-005, 4.76017812616e-005, 2.21265981963e-005, 3.41152481269e-005, 3.09047245537e-005, 3.15199431498e-005, 6.76560011925e-005, 0.000121317920275, 0.000284117675619, 0.000328936148435, 0.000535103841685, 0.000245117640588, 0.000131811510073, 2.9519032978e-005, 6.18424292043e-006, 1.74488263838e-006, 7.39257075111e-007, 1.78853767352e-008, 1.96210298009e-010, 1.64201950648e-011]
        min: [1.2722478889e-023, 4.88016887215e-024, 1.06023031879e-023, 3.476468673e-023, 3.47850361859e-023, 9.03198010393e-024, 5.99945820925e-023, 1.87166921198e-023, 1.78240281635e-023, 1.30644122261e-023, 9.20665867858e-023, 1.38187465827e-022, 1.07735983382e-022, 1.16361729307e-022, 1.21120718889e-022, 1.00172271426e-022, 1.54203323822e-022, 2.69553897532e-022, 2.59598649613e-022, 2.77663185689e-022, 3.77530704371e-022, 6.28836595712e-022, 5.93030388551e-022, 1.1355794347e-021, 1.23310404911e-021, 1.54453916532e-021, 1.96885989842e-021, 7.56835171953e-022]
        var: [1.17915551455e-012, 5.46249552258e-008, 1.52697865019e-007, 3.98077624197e-008, 2.29642478189e-006, 1.18545351313e-007, 1.09070697363e-007, 1.65540114949e-008, 1.8071061092e-008, 3.59116825166e-008, 7.02220859239e-009, 1.80457888632e-008, 1.57447015425e-008, 2.84004446627e-008, 5.16852942667e-008, 9.02115644408e-008, 5.04388765421e-007, 5.0513443739e-007, 3.46013990793e-007, 8.16573617612e-008, 4.38219132093e-008, 7.09870162652e-009, 7.69851293825e-010, 1.54312757017e-010, 2.39399385732e-011, 1.18002700981e-014, 5.29698960524e-019, 5.71254404541e-021]
    mfcc:
        mean: [-707.46307373, 99.9047851563, -48.9536895752, 69.2745437622, -8.64003276825, -5.03865480423, -1.58861911297, -1.00084090233, -0.976963043213, -3.57326459885, -1.81380033493, -0.417985856533, -0.863601088524]
        cov: [[5833.97509766, 513.196838379, -375.514831543, 273.406402588, -157.325210571, 28.3837966919, -133.541488647, 58.1195793152, -138.007202148, -44.127243042, -96.8928375244, -49.2286224365, -144.069320679], [513.196838379, 946.034545898, -338.664794922, 279.213256836, -27.0730895996, 17.0394153595, 66.4495162964, -11.385055542, 55.6955413818, -55.0404586792, 34.0435905457, -6.59139823914, 23.0605869293], [-375.514831543, -338.664794922, 471.653381348, -25.1179943085, -9.92305469513, 46.115737915, 16.8129386902, -23.4727134705, -3.12828183174, 13.4654417038, -33.7307739258, -16.6724891663, 22.1652259827], [273.406402588, 279.213256836, -25.1179943085, 291.335540771, 19.5509643555, 18.9068889618, 8.16092205048, -16.0510234833, 53.4732513428, -16.9034805298, 8.92861366272, -4.06086730957, 27.1460819244], [-157.325210571, -27.0730895996, -9.92305469513, 19.5509643555, 130.683502197, 9.16344261169, -25.5810909271, 6.79638195038, 18.0252799988, 12.1037778854, 6.71412181854, 8.81281852722, -7.18193340302], [28.3837966919, 17.0394153595, 46.115737915, 18.9068889618, 9.16344261169, 115.353317261, 45.3663063049, -5.37063884735, 6.90870571136, 7.15264606476, 9.50137424469, -16.358379364, -3.66075181961], [-133.541488647, 66.4495162964, 16.8129386902, 8.16092205048, -25.5810909271, 45.3663063049, 118.570365906, 26.6026859283, 3.40341949463, -12.6805830002, 16.7304935455, -3.57722687721, 5.94079208374], [58.1195793152, -11.385055542, -23.4727134705, -16.0510234833, 6.79638195038, -5.37063884735, 26.6026859283, 104.495429993, 11.5129384995, -1.579672575, 11.5511312485, 6.75714969635, -14.3944644928], [-138.007202148, 55.6955413818, -3.12828183174, 53.4732513428, 18.0252799988, 6.90870571136, 3.40341949463, 11.5129384995, 86.8166275024, 19.68501091, 7.62105321884, -2.62157869339, 12.2195549011], [-44.127243042, -55.0404586792, 13.4654417038, -16.9034805298, 12.1037778854, 7.15264606476, -12.6805830002, -1.579672575, 19.68501091, 78.4725341797, 22.880443573, 3.5060236454, -7.08341217041], [-96.8928375244, 34.0435905457, -33.7307739258, 8.92861366272, 6.71412181854, 9.50137424469, 16.7304935455, 11.5511312485, 7.62105321884, 22.880443573, 85.9224014282, 18.0784301758, -5.90486049652], [-49.2286224365, -6.59139823914, -16.6724891663, -4.06086730957, 8.81281852722, -16.358379364, -3.57722687721, 6.75714969635, -2.62157869339, 3.5060236454, 18.0784301758, 60.8243980408, 24.526342392], [-144.069320679, 23.0605869293, 22.1652259827, 27.1460819244, -7.18193340302, -3.66075181961, 5.94079208374, -14.3944644928, 12.2195549011, -7.08341217041, -5.90486049652, 24.526342392, 67.2067565918]]
        icov: [[0.000275841885014, -7.15878195479e-005, 0.000163643373526, -0.000423876481364, 0.000514188606758, -0.00041710853111, 0.000574309611693, -0.000415801012423, 0.000619604019448, -0.000202871975489, 0.000487835874083, -0.000230663557886, 0.000618525315076], [-7.15878195479e-005, 0.00254763104022, 0.00176250818186, -0.00190481124446, 0.000523573136888, -0.000122862766148, -0.00142104213592, 0.000786824850366, -0.000767387042288, 0.000992054236121, -0.000392958667362, 0.000511568970978, -0.000473258900456], [0.000163643373526, 0.00176250818186, 0.00380214815959, -0.001407191623, 0.000811242498457, -0.00132961838972, -0.000783809344284, 0.000485636206577, 0.00015687715495, -0.000236431602389, 0.00111083476804, 0.000788134988397, -0.00099544855766], [-0.000423876481364, -0.00190481124446, -0.001407191623, 0.00661669904366, -0.00181364896707, 0.000245355331572, 0.000198861293029, 0.000997692695819, -0.00322963856161, 0.00139881775249, -0.00142168952152, 0.000797458167654, -0.00212919339538], [0.000514188606758, 0.000523573136888, 0.000811242498457, -0.00181364896707, 0.0100844921544, -0.00277526001446, 0.00351388286799, -0.00148375425488, -0.000654978910461, -0.000338844489306, 0.000810486963019, -0.00264234119095, 0.00280457898043], [-0.00041710853111, -0.000122862766148, -0.00132961838972, 0.000245355331572, -0.00277526001446, 0.0126302083954, -0.00593544635922, 0.00227461243048, -0.00071227242006, -0.00120662956033, -0.00161203742027, 0.00318133994006, -0.00040962966159], [0.000574309611693, -0.00142104213592, -0.000783809344284, 0.000198861293029, 0.00351388286799, -0.00593544635922, 0.0145029975101, -0.00487088644877, 0.00129903899506, 0.00182170339394, -0.001553355949, 4.11580622313e-005, -0.000571831769776], [-0.000415801012423, 0.000786824850366, 0.000485636206577, 0.000997692695819, -0.00148375425488, 0.00227461243048, -0.00487088644877, 0.0127002811059, -0.0038656515535, 0.00156469549984, -0.00103050109465, -0.00204872596078, 0.00291648437269], [0.000619604019448, -0.000767387042288, 0.00015687715495, -0.00322963856161, -0.000654978910461, -0.00071227242006, 0.00129903899506, -0.0038656515535, 0.0172962062061, -0.00561888795346, 0.00103380333167, 0.00253779091872, -0.00277958251536], [-0.000202871975489, 0.000992054236121, -0.000236431602389, 0.00139881775249, -0.000338844489306, -0.00120662956033, 0.00182170339394, 0.00156469549984, -0.00561888795346, 0.0172147694975, -0.00511191319674, -0.000665839470457, 0.00143970793579], [0.000487835874083, -0.000392958667362, 0.00111083476804, -0.00142168952152, 0.000810486963019, -0.00161203742027, -0.001553355949, -0.00103050109465, 0.00103380333167, -0.00511191319674, 0.0163554232568, -0.00621472252533, 0.00428213179111], [-0.000230663557886, 0.000511568970978, 0.000788134988397, 0.000797458167654, -0.00264234119095, 0.00318133994006, 4.11580622313e-005, -0.00204872596078, 0.00253779091872, -0.000665839470457, -0.00621472252533, 0.0248626358807, -0.0119545301422], [0.000618525315076, -0.000473258900456, -0.00099544855766, -0.00212919339538, 0.00280457898043, -0.00040962966159, -0.000571831769776, 0.00291648437269, -0.00277958251536, 0.00143970793579, 0.00428213179111, -0.0119545301422, 0.023904716596]]
    sccoeffs:
        dmean: [0.0544958002865, 0.0479851365089, 0.0366426147521, 0.030526060611, 0.0222796685994, 0.0198261626065]
        dmean2: [0.0900520086288, 0.0791642293334, 0.0607070922852, 0.0500548295677, 0.0357980690897, 0.0318428725004]
        dvar: [0.00241589103825, 0.00148042582441, 0.000820400076918, 0.000592446653172, 0.00034728879109, 0.000386284751585]
        dvar2: [0.00610786676407, 0.00400807894766, 0.00220608501695, 0.00156164739747, 0.000839914253447, 0.000934167474043]
        max: [-0.271310925484, -0.489730149508, -0.534733593464, -0.584064364433, -0.59575343132, -0.525989174843]
        mean: [-0.684896469116, -0.745443582535, -0.798540174961, -0.793580770493, -0.784938454628, -0.725787520409]
        median: [-0.691160082817, -0.748651146889, -0.803432106972, -0.798639178276, -0.788380742073, -0.73189997673]
        min: [-0.961474299431, -0.95162576437, -0.957969129086, -0.96092903614, -0.960372507572, -0.958071947098]
        var: [0.00503663904965, 0.00388118787669, 0.00250700535253, 0.00216917623766, 0.00162865489256, 0.0024131918326]
    scvalleys:
        dmean: [0.366226106882, 0.32757794857, 0.284972250462, 0.258854210377, 0.221039533615, 0.32260158658]
        dmean2: [0.617169499397, 0.544434010983, 0.465752542019, 0.416680067778, 0.361922949553, 0.481487810612]
        dvar: [0.0917595997453, 0.0826509967446, 0.0645199120045, 0.0579741857946, 0.0625431835651, 0.195801690221]
        dvar2: [0.246159702539, 0.205305203795, 0.150415167212, 0.129973202944, 0.144042357802, 0.416485667229]
        max: [-5.22921085358, -4.81135082245, -4.97382736206, -5.70684623718, -5.34714460373, -7.28655338287]
        mean: [-6.71323251724, -6.65822410583, -7.16344690323, -7.22930955887, -6.78641080856, -9.92811393738]
        median: [-6.51718330383, -6.48359107971, -7.00027370453, -7.08685302734, -6.6116733551, -9.61504554749]
        min: [-27.2832183838, -27.6396656036, -27.234128952, -27.1205654144, -27.3171710968, -27.2969875336]
        var: [1.40237176418, 1.03321349621, 1.04380893707, 0.9566218853, 1.00549054146, 1.88460075855]

rhythm:
    beats_loudness:
        dmean: 0.00427549704909
        dmean2: 0.00795261003077
        dvar: 1.20197546494e-005
        dvar2: 4.23126111855e-005
        max: 0.0165496841073
        mean: 0.00595081131905
        median: 0.00487202592194
        min: 2.05383687835e-009
        var: 1.4561327589e-005
    bpm: 100.008377075
    bpm_confidence: 0
    first_peak_bpm: 99
    first_peak_spread: 0.328313231468
    first_peak_weight: 0.524705886841
    onset_rate: 3.27324080467
    second_peak_bpm: 133
    second_peak_spread: 0.258426964283
    second_peak_weight: 0.155294120312
    beats_loudness_band_ratio:
        dmean: [0.150864467025, 0.249516010284, 0.0721826925874, 0.0390035286546, 0.175566509366, 0.0976164638996]
        dmean2: [0.267341375351, 0.475344508886, 0.131783932447, 0.0694896355271, 0.315033137798, 0.174836710095]
        dvar: [0.0167308207601, 0.0410282053053, 0.00565294455737, 0.00168529711664, 0.021666098386, 0.00816393271089]
        dvar2: [0.0423062965274, 0.141544133425, 0.0164045076817, 0.00427409773692, 0.0622556693852, 0.0226632356644]
        max: [0.818351089954, 0.756400823593, 0.669621407986, 0.27222019434, 0.808243989944, 0.672502875328]
        mean: [0.252406209707, 0.224534526467, 0.0935014113784, 0.0532678961754, 0.261848300695, 0.203181222081]
        median: [0.229893803596, 0.126179844141, 0.0641081184149, 0.0374064780772, 0.209023609757, 0.179534450173]
        min: [0.000204630981898, 0.00159734941553, 0.00928326137364, 0.00166125281248, 0.0327685177326, 0.0347553528845]
        var: [0.0263631660491, 0.0432887002826, 0.00677605392411, 0.00200238800608, 0.0291767045856, 0.0120711196214]
    beats_position: [0.452789098024, 0.917188167572, 1.38158726692, 1.84598636627, 2.29877543449, 2.75156450272, 3.20435357094, 3.65714287758, 4.1099319458, 4.5627207756, 5.01551008224, 5.45668935776, 5.90947818756, 6.35065746307, 6.80344676971, 7.25623559952, 7.70902490616, 8.16181373596, 8.6146030426, 9.06739234924, 9.52018165588, 9.97297000885, 10.4025392532, 10.8553285599, 11.3081178665, 11.7609071732, 12.2136955261, 12.6664848328, 13.1192741394, 13.5604534149, 14.0132427216, 14.4544210434, 14.90721035, 15.3599996567, 15.8127889633, 16.2655773163, 16.7067565918, 17.1479358673, 17.600725174, 18.0535144806, 18.5063037872, 18.9474830627, 19.4002723694, 19.853061676, 20.3058490753, 20.758638382, 21.2114276886, 21.6642169952, 22.1170063019, 22.5697956085, 23.010974884, 23.4637641907, 23.9165534973, 24.3577327728, 24.8105201721, 25.2633094788, 25.7160987854, 26.1572780609, 26.6100673676, 27.0512466431, 27.5040359497, 27.9568252563, 28.3980045319, 28.8507938385, 29.3035831451, 29.7563705444, 30.2091598511, 30.6619491577, 31.1147384644, 31.5559177399, 31.9970970154, 32.449886322, 32.9026756287, 33.3554649353, 33.8198623657, 34.2726516724, 34.725440979, 35.1782302856, 35.6194114685, 36.0605888367, 36.5133781433, 36.96616745, 37.4189567566, 37.8717460632, 38.3129234314, 38.91664505, 39.520362854, 40.1124725342, 40.7161903381, 41.3083000183, 41.9120178223, 42.5157356262, 43.1194534302, 43.7231750488, 44.3152809143, 44.919002533, 45.5227203369, 46.1148300171, 46.718547821, 47.322265625, 47.9259872437, 48.5297050476, 49.1218147278, 49.7139205933, 50.3176422119, 50.9213600159, 51.5250778198, 52.1171875, 52.720905304, 53.3130149841, 53.9167327881, 54.5204544067, 55.1241722107, 55.7162818909, 56.3199996948, 56.912109375, 57.515827179, 58.1195449829, 58.7232627869, 59.3269844055, 59.9307022095, 60.5228118896, 61.1149177551, 61.7070274353, 62.2991371155, 62.9028549194, 63.5065765381, 64.1102905273, 64.714012146, 65.3177337646, 65.9214477539, 66.5251693726, 67.1288909912, 67.720993042, 68.3247146606, 68.9168243408, 69.5205459595, 70.1242599487, 70.7163696289, 71.3084793091, 71.9122009277, 72.515914917, 73.1080245972, 73.7001342773, 74.303855896, 74.9075698853, 75.5112915039, 76.1150131226, 76.7187271118, 77.310836792, 77.9029464722, 78.5066680908, 79.1103820801, 79.7141036987, 80.3178253174, 80.9215393066, 81.5252609253, 82.1173706055, 82.7210845947, 83.3131942749, 83.9053039551, 84.5090255737, 85.1011352539, 85.7048492432, 86.3085708618, 86.9122848511, 87.5043945313, 88.1081161499, 88.7118377686, 89.3039474487, 89.907661438, 90.5113830566, 91.1150970459, 91.7188186646, 92.3225402832, 92.9262542725, 93.5183639526, 94.1104736328, 94.7141952515, 95.3179092407, 95.9216308594, 96.5137405396, 97.1058502197, 97.709564209, 98.3132858276, 98.9170074463, 99.5207214355, 100.124443054, 100.728164673, 101.331878662, 101.923988342, 102.516098022, 103.119819641, 103.72353363, 104.327255249, 104.919364929, 105.511474609, 106.115188599, 106.718910217, 107.311019897, 107.914733887, 108.506843567, 109.110565186, 109.714286804, 110.318000793, 110.921722412, 111.525436401, 112.12915802, 112.7212677, 113.31337738, 113.917098999, 114.520812988, 115.124534607, 115.716644287, 116.320358276, 116.912467957, 117.516189575, 118.119903564, 118.723625183, 119.315734863, 119.919456482, 120.511566162, 121.115280151, 121.71900177, 122.322715759, 122.914825439, 123.518547058, 124.110656738, 124.714370728, 125.318092346, 125.921813965, 126.525527954, 127.129249573, 127.721359253, 128.313461304, 128.917190552, 129.520904541, 130.12461853, 130.728347778, 131.320449829, 131.912567139, 132.516281128, 133.119995117, 133.723709106, 134.327438354, 134.919540405, 135.511657715, 136.115371704, 136.719085693, 137.322814941, 137.926528931, 138.507034302, 139.099136353, 139.691238403, 140.271743774, 140.852249146, 141.455963135, 142.059677124, 142.675003052, 143.290344238, 143.905670166, 144.520996094, 145.136322021, 145.740036011, 146.343765259, 146.93586731, 147.539596558, 148.131698608, 148.723800659, 149.327529907, 149.931243896, 150.534957886, 151.138687134, 151.730789185, 152.322906494, 152.926620483, 153.518722534, 154.110839844, 154.714553833, 155.318267822, 155.92199707, 156.514099121, 157.11781311, 157.70993042, 158.313644409, 158.917373657, 159.521087646, 160.124801636, 160.716918945, 161.309020996, 161.912734985, 162.516464233, 163.120178223, 163.723892212, 164.32762146, 164.919723511, 165.51184082, 166.11555481, 166.719268799, 167.322982788, 167.915100098, 168.507202148, 169.110931396, 169.714645386, 170.318359375, 170.922088623, 171.525802612, 172.129516602, 172.73324585, 173.336959839, 173.92906189, 174.521179199, 175.11328125, 175.70539856, 176.309112549, 176.912826538, 177.516555786, 178.120269775, 178.723983765, 179.316101074, 179.919815063, 180.511917114, 181.115646362, 181.719360352, 182.323074341, 182.926803589, 183.530517578, 184.134231567, 184.726348877, 185.318450928, 185.922180176, 186.525894165, 187.117996216, 187.710113525, 188.313827515, 188.917541504, 189.521270752, 190.124984741, 190.72869873, 191.332427979, 191.924530029, 192.516647339, 193.120361328, 193.724075317, 194.327789307, 194.919906616, 195.523620605, 196.115737915, 196.719451904, 197.323165894, 197.926895142, 198.530609131, 199.13432312, 199.72644043, 200.330154419, 200.92225647, 201.514373779, 202.10647583, 202.710205078, 203.313919067, 203.917633057, 204.521362305, 205.125076294, 205.717178345, 206.309295654, 206.913009644, 207.516723633, 208.120452881, 208.72416687, 209.327880859, 209.931610107, 210.523712158, 211.115829468, 211.707931519, 212.311645508, 212.903762817, 213.507476807, 214.111190796, 214.714920044, 215.318634033, 215.922348022, 216.514465332, 217.118179321, 217.710296631, 218.31401062, 218.917724609, 219.521453857, 220.125167847, 220.717269897, 221.309387207, 221.913101196, 222.516815186, 223.120544434, 223.724258423, 224.327972412, 224.920089722, 225.523803711, 226.115921021, 226.71963501, 227.323348999, 227.927078247, 228.519180298, 229.122894287, 229.715011597, 230.318725586, 230.910827637, 231.514556885, 232.118270874, 232.721984863, 233.314102173, 233.917816162, 234.521530151, 235.136871338, 235.740585327, 236.332687378, 236.924804688, 237.516906738, 238.050964355, 238.585037231, 239.119094849, 239.583480835, 240.04788208, 240.500671387, 240.953460693, 241.40625, 241.859039307]
