
metadata:
    version:
        essentia: "2.1-beta2"
    audio_properties:
        analysis_sample_rate: 44100
        bitrate: 320
        channels: 2
        equal_loudness: 1
        length: 168.019592285
        replay_gain: -8.0955619812
        downmix: "mix"
    tags:
        album: "Stone's Reach"
        artist: "Be'lakor"
        comment: " "
        date: "2009"
        genre: "Death Metal"
        title: "Husks"
        tracknumber: "6"

configuration:
    average_loudness:
        compute: 1
        frameSize: 88200
        hopSize: 44100
        silentFrames: "noise"
        windowType: "hann"
    general:
        analysisSampleRate: 44100
        endTime: 2000
        equalLoudness: 1
        nequalLoudness: 0
        shortSound: 0
        startTime: 0
    lowlevel:
        compute: 1
        frameSize: 2048
        hopSize: 1024
        zeroPadding: 0
        silentFrames: "noise"
        windowType: "blackmanharris62"
        mfccStats: ["mean", "cov", "icov"]
        stats: ["mean", "var", "median", "min", "max", "dmean", "dmean2", "dvar", "dvar2"]
    panning:
        compute: 0
        frameSize: 8192
        hopSize: 2048
        zeroPadding: 8192
        silentFrames: "noise"
        windowType: "hann"
        stats: ["copy"]
    rhythm:
        compute: 1
        maxTempo: 208
        minTempo: 40
        method: "degara"
        stats: ["mean", "var", "median", "min", "max", "dmean", "dmean2", "dvar", "dvar2"]
    segmentation:
        compute: 0
        cpw: 5
        inc1: 300
        inc2: 50
        minimumSegmentsLength: 10
        size1: 1000
        size2: 600
    sfx:
        compute: 1
        stats: ["mean", "var", "median", "min", "max", "dmean", "dmean2", "dvar", "dvar2"]
    svm:
        compute: 0
    tonal:
        compute: 1
        frameSize: 4096
        hopSize: 2048
        zeroPadding: 0
        silentFrames: "noise"
        windowType: "blackmanharris62"
        stats: ["mean", "var", "median", "min", "max", "dmean", "dmean2", "dvar", "dvar2"]

lowlevel:
    average_loudness: 0.825534045696
    barkbands_kurtosis:
        dmean: 6.13604068756
        dmean2: 8.99021434784
        dvar: 189.785919189
        dvar2: 346.539855957
        max: 523.974609375
        mean: 17.2903652191
        median: 11.4633741379
        min: -1.70701563358
        var: 792.909301758
    barkbands_skewness:
        dmean: 0.601312160492
        dmean2: 0.901504635811
        dvar: 0.459716260433
        dvar2: 0.941630780697
        max: 20.7941246033
        mean: 3.26948690414
        median: 3.1029355526
        min: -2.17628765106
        var: 2.81262421608
    barkbands_spread:
        dmean: 2.31135106087
        dmean2: 3.55160951614
        dvar: 11.1620454788
        dvar2: 26.2254142761
        max: 53.4888687134
        mean: 8.32343673706
        median: 6.56774234772
        min: 0.173336312175
        var: 41.2350921631
    dissonance:
        dmean: 0.0271106660366
        dmean2: 0.0445070751011
        dvar: 0.000609309819993
        dvar2: 0.00160030764528
        max: 0.499968409538
        mean: 0.411372452974
        median: 0.420910209417
        min: 0.176319494843
        var: 0.00263992301188
    hfc:
        dmean: 0.41279861331
        dmean2: 0.620264828205
        dvar: 0.446778088808
        dvar2: 1.01767539978
        max: 12.9683790207
        mean: 1.72867393494
        median: 1.47954344749
        min: 1.07488851583e-016
        var: 1.83487200737
    pitch:
        dmean: 75.0778503418
        dmean2: 143.763153076
        dvar: 133673.984375
        dvar2: 364586.25
        max: 4994.80224609
        mean: 286.773101807
        median: 280.255157471
        min: 46.4371910095
        var: 130923.171875
    pitch_instantaneous_confidence:
        dmean: 0.0662149637938
        dmean2: 0.105066604912
        dvar: 0.00449235225096
        dvar2: 0.0112881083041
        max: 0.946794629097
        mean: 0.615032732487
        median: 0.623329997063
        min: 0.0934717059135
        var: 0.0225524473935
    pitch_salience:
        dmean: 0.0589192025363
        dmean2: 0.0942438691854
        dvar: 0.0031744800508
        dvar2: 0.00824094191194
        max: 0.985663056374
        mean: 0.489077240229
        median: 0.498693078756
        min: 0.107500448823
        var: 0.0149249434471
    silence_rate_20dB:
        dmean: 0
        dmean2: 0
        dvar: 0
        dvar2: 0
        max: 1
        mean: 1
        median: 1
        min: 1
        var: 0
    silence_rate_30dB:
        dmean: 0
        dmean2: 0
        dvar: 0
        dvar2: 0
        max: 1
        mean: 1
        median: 1
        min: 1
        var: 0
    silence_rate_60dB:
        dmean: 0.0807075724006
        dmean2: 0.161437451839
        dvar: 0.0741919353604
        dvar2: 0.161651358008
        max: 1
        mean: 0.477684110403
        median: 0
        min: 0
        var: 0.249508440495
    spectral_centroid:
        dmean: 62.9663696289
        dmean2: 97.5468063354
        dvar: 24343.1035156
        dvar2: 44743.7539063
        max: 11802.1601563
        mean: 569.187133789
        median: 419.942199707
        min: 232.465988159
        var: 1106401.125
    spectral_complexity:
        dmean: 0.995854079723
        dmean2: 1.6257083416
        dvar: 1.26702654362
        dvar2: 2.62581062317
        max: 17
        mean: 5.24941253662
        median: 5
        min: 0
        var: 8.20540237427
    spectral_crest:
        dmean: 2.28041362762
        dmean2: 3.66509509087
        dvar: 4.78259515762
        dvar2: 12.9061594009
        max: 26.611246109
        mean: 15.2564029694
        median: 15.1340465546
        min: 3.45748972893
        var: 16.5264186859
    spectral_decrease:
        dmean: 2.70330702268e-010
        dmean2: 4.17391066154e-010
        dvar: 1.60704584783e-019
        dvar2: 3.88846464872e-019
        max: 1.64597123062e-028
        mean: -9.82029457752e-010
        median: -8.26124224584e-010
        min: -8.20317946904e-009
        var: 6.49750164365e-019
    spectral_energy:
        dmean: 0.00105360522866
        dmean2: 0.00162537000142
        dvar: 2.4353353183e-006
        dvar2: 5.88137299928e-006
        max: 0.0317378826439
        mean: 0.00386319542304
        median: 0.00326513266191
        min: 9.83728582447e-021
        var: 9.92373770714e-006
    spectral_energyband_high:
        dmean: 1.67283142218e-005
        dmean2: 2.5545779863e-005
        dvar: 4.56244997338e-009
        dvar2: 1.18427863072e-008
        max: 0.00173371995334
        mean: 3.16804434988e-005
        median: 9.67601772572e-006
        min: 6.89007038251e-021
        var: 5.23147303255e-009
    spectral_energyband_low:
        dmean: 4.40691765107e-005
        dmean2: 7.24401761545e-005
        dvar: 3.88518284211e-009
        dvar2: 1.01100328109e-008
        max: 0.00136099779047
        mean: 0.000107812564238
        median: 6.86525891069e-005
        min: 1.49371648596e-023
        var: 1.6443181039e-008
    spectral_energyband_middle_high:
        dmean: 6.38792625978e-005
        dmean2: 8.93470351002e-005
        dvar: 1.14093250403e-008
        dvar2: 2.16761293359e-008
        max: 0.00196695374325
        mean: 0.000275081081782
        median: 0.000220505899051
        min: 1.14544562337e-021
        var: 6.42590407551e-008
    spectral_energyband_middle_low:
        dmean: 0.00102062162478
        dmean2: 0.00158388505224
        dvar: 2.31718308896e-006
        dvar2: 5.6514481912e-006
        max: 0.0315639413893
        mean: 0.00347698153928
        median: 0.00285969325341
        min: 2.22087594128e-022
        var: 9.06855257199e-006
    spectral_flatness_db:
        dmean: 0.0250753741711
        dmean2: 0.0375323146582
        dvar: 0.000608961563557
        dvar2: 0.00133022596128
        max: 0.532275259495
        mean: 0.281445890665
        median: 0.276236712933
        min: 0.0530091077089
        var: 0.0040108631365
    spectral_flux:
        dmean: 0.00724634993821
        dmean2: 0.0119278617203
        dvar: 8.04358860478e-005
        dvar2: 0.000211804173887
        max: 0.118696913123
        mean: 0.0184854697436
        median: 0.0153201855719
        min: 6.41755606989e-011
        var: 0.000171951309312
    spectral_kurtosis:
        dmean: 8.38680458069
        dmean2: 14.0286073685
        dvar: 112.487297058
        dvar2: 271.408172607
        max: 180.276275635
        mean: 19.9374313354
        median: 13.2858142853
        min: -1.25297343731
        var: 377.675048828
    spectral_rms:
        dmean: 0.000240603054408
        dmean2: 0.000366689957445
        dvar: 8.32876736467e-008
        dvar2: 1.99065496531e-007
        max: 0.00556451128796
        mean: 0.00176809716504
        median: 0.00178479554597
        min: 3.09795938902e-012
        var: 6.42809254714e-007
    spectral_rolloff:
        dmean: 155.457473755
        dmean2: 269.111175537
        dvar: 186346.9375
        dvar2: 398944.90625
        max: 19702.8808594
        mean: 742.306274414
        median: 409.130859375
        min: 258.3984375
        var: 3383420
    spectral_skewness:
        dmean: 0.595953345299
        dmean2: 0.998214066029
        dvar: 0.421169221401
        dvar2: 1.02103555202
        max: 10.9672613144
        mean: 3.08163094521
        median: 2.72653317451
        min: -0.096694983542
        var: 1.95151329041
    spectral_spread:
        dmean: 489342.96875
        dmean2: 739763.8125
        dvar: 554079682560
        dvar2: 1.04679486259e+012
        max: 42402760
        mean: 2953511.5
        median: 2515778.75
        min: 486403.84375
        var: 1.46798175846e+013
    spectral_strongpeak:
        dmean: 0.126181513071
        dmean2: 0.209703281522
        dvar: 0.0204282235354
        dvar2: 0.0511089712381
        max: 2.46897053719
        mean: 0.405575245619
        median: 0.376252740622
        min: 0
        var: 0.0639338716865
    zerocrossingrate:
        dmean: 0.00448535848409
        dmean2: 0.00573701784015
        dvar: 3.9395326894e-005
        dvar2: 5.40692963114e-005
        max: 0.53076171875
        mean: 0.0345012508333
        median: 0.02734375
        min: 0.0107421875
        var: 0.00232561258599
    barkbands:
        dmean: [4.74561439034e-008, 5.21413130627e-006, 3.25801011059e-005, 1.79225844477e-005, 0.000799705798272, 0.000376764364773, 6.70941808494e-005, 2.14198444155e-005, 1.40419597301e-005, 1.34595620693e-005, 4.12531016991e-006, 2.20000219997e-005, 8.98942289496e-006, 5.87928298046e-006, 8.74232136994e-006, 7.00317286828e-006, 7.18221190255e-006, 9.35963362281e-006, 1.23326781249e-005, 1.74906854227e-005, 7.20175876268e-006, 1.12346333481e-006, 5.42693612715e-007, 6.97947868389e-008, 4.25582129537e-008, 2.61875721108e-009, 1.72397845999e-010]
        dmean2: [8.0944914771e-008, 8.89228158485e-006, 5.41551235074e-005, 2.93344019155e-005, 0.00122783088591, 0.000602691899985, 9.42252227105e-005, 2.8718237445e-005, 1.79509879672e-005, 1.7135122107e-005, 5.59864474781e-006, 3.11656913254e-005, 1.31677143145e-005, 8.87216720002e-006, 1.37522638397e-005, 1.05778908619e-005, 1.06133038571e-005, 1.45389667523e-005, 1.84303862625e-005, 2.67698778771e-005, 1.19187325254e-005, 1.67652001437e-006, 8.75653597632e-007, 1.01726747914e-007, 6.52520242284e-008, 4.15697742895e-009, 3.16718401505e-010]
        dvar: [4.21046830485e-014, 1.13961361181e-010, 2.45851761171e-009, 1.04100450482e-009, 1.82320923159e-006, 4.21892508484e-007, 2.07485495451e-008, 1.37083178142e-009, 5.70869518324e-010, 9.70217017837e-010, 1.06261360822e-010, 1.41939837661e-009, 2.62114552285e-010, 6.50871995189e-011, 3.81521786386e-010, 2.48780468448e-010, 1.95083504906e-010, 3.71802894028e-010, 1.00645347612e-009, 3.35356209469e-009, 1.68161917724e-009, 2.98895526385e-011, 2.31454005267e-011, 4.39250923774e-014, 1.77741105661e-014, 6.74540907944e-017, 7.60202829002e-020]
        dvar2: [1.28392183495e-013, 3.20758947181e-010, 6.3867782174e-009, 2.5957886951e-009, 4.21964159614e-006, 1.31158753902e-006, 4.2510823306e-008, 2.81048451178e-009, 8.92683260645e-010, 1.55839952054e-009, 1.54108253936e-010, 2.68678501669e-009, 5.58590340649e-010, 1.47583459342e-010, 8.32684754482e-010, 5.67630609183e-010, 4.21967683017e-010, 8.1565859622e-010, 2.28241292533e-009, 8.06665667596e-009, 4.56195481391e-009, 7.88098059035e-011, 6.70350858156e-011, 1.05304267639e-013, 4.37738902201e-014, 1.67774701069e-016, 2.49924014235e-019]
        max: [6.48408058623e-006, 0.000226224889047, 0.0011531340424, 0.000781866721809, 0.0288296714425, 0.0108928307891, 0.00518860062584, 0.000880204199348, 0.000570765172597, 0.00117126666009, 0.000294875324471, 0.000970004010014, 0.000339641497703, 0.000129743057187, 0.000619989121333, 0.000482698640553, 0.000217707114643, 0.000453295098851, 0.000914420234039, 0.00202246964909, 0.00122452399228, 0.00022449620883, 0.000203605173738, 4.4585899559e-006, 3.01145792037e-006, 2.28228287824e-007, 3.37943362183e-009]
        mean: [5.2200178402e-008, 1.16132769108e-005, 6.98247604305e-005, 4.25531216024e-005, 0.00199725781567, 0.00108752422966, 0.000235830448219, 6.21865256107e-005, 5.03585979459e-005, 4.41771589976e-005, 1.04139444375e-005, 5.70384800085e-005, 2.58779145952e-005, 1.46654119817e-005, 1.76953308255e-005, 1.47287892105e-005, 1.66504760273e-005, 2.135091745e-005, 3.41413469869e-005, 3.62367973139e-005, 1.03424836198e-005, 1.87011676189e-006, 6.6216682626e-007, 9.61456478876e-008, 4.99542238686e-008, 2.66920330283e-009, 1.49725551402e-010]
        median: [9.49592671162e-009, 3.14031422022e-006, 3.39580801665e-005, 2.67211271421e-005, 0.00123465235811, 0.000801007088739, 9.33710907702e-005, 3.76649149985e-005, 2.40040881181e-005, 1.17128802231e-005, 2.51598339673e-006, 2.79872256215e-005, 1.40226566145e-005, 9.61086971074e-006, 6.42338682155e-006, 7.03686055203e-006, 5.56921895623e-006, 9.72298130364e-006, 1.28559458972e-005, 9.17810211831e-006, 2.9927846299e-006, 5.27619761215e-007, 9.82273036243e-008, 1.73446750296e-008, 6.15128703529e-009, 2.94399254974e-010, 4.96722489529e-011]
        min: [8.75761699281e-026, 1.89782381641e-024, 2.39752144594e-024, 6.92858998246e-025, 9.90627937835e-024, 8.41212633677e-024, 6.88888089386e-024, 9.83317011624e-024, 1.58030690763e-023, 1.44922788635e-023, 1.06127066856e-023, 3.20102431953e-023, 3.40629854885e-023, 2.62919356438e-023, 3.90467751848e-023, 5.65200473909e-023, 5.91732138071e-023, 8.22844528147e-023, 1.49288152403e-022, 1.91553842957e-022, 2.51353525918e-022, 3.54204857331e-022, 4.35697697694e-022, 6.05251446938e-022, 9.05797000998e-022, 1.26714285444e-021, 1.97238288812e-021]
        var: [4.42538055354e-014, 3.59245688752e-010, 1.05954534035e-008, 3.11084025206e-009, 6.19722823103e-006, 1.21713151202e-006, 1.78247049121e-007, 7.06561698038e-009, 4.71127448165e-009, 7.18778858655e-009, 5.01515828866e-010, 5.95373572665e-009, 1.15864706718e-009, 2.40303221766e-010, 1.05365582925e-009, 5.88752047115e-010, 7.27196081129e-010, 1.08688125167e-009, 2.90935076031e-009, 5.64811575288e-009, 1.30139476973e-009, 2.89269563164e-011, 1.39934478935e-011, 5.7997823124e-014, 1.88279754065e-014, 6.51698083718e-017, 6.74476802998e-020]
    frequency_bands:
        dmean: [4.74561439034e-008, 5.21413130627e-006, 3.25801011059e-005, 1.79225844477e-005, 0.000799705798272, 0.000376764364773, 6.70941808494e-005, 2.14198444155e-005, 1.40419597301e-005, 1.34595620693e-005, 4.12531016991e-006, 2.20000219997e-005, 8.98942289496e-006, 5.87928298046e-006, 8.74232136994e-006, 7.00317286828e-006, 7.18221190255e-006, 9.35963362281e-006, 1.23326781249e-005, 1.74906854227e-005, 7.20175876268e-006, 1.12346333481e-006, 5.42693612715e-007, 6.97947868389e-008, 4.25582129537e-008, 2.61875721108e-009, 1.72397845999e-010, 4.49782711076e-011]
        dmean2: [8.0944914771e-008, 8.89228158485e-006, 5.41551235074e-005, 2.93344019155e-005, 0.00122783088591, 0.000602691899985, 9.42252227105e-005, 2.8718237445e-005, 1.79509879672e-005, 1.7135122107e-005, 5.59864474781e-006, 3.11656913254e-005, 1.31677143145e-005, 8.87216720002e-006, 1.37522638397e-005, 1.05778908619e-005, 1.06133038571e-005, 1.45389667523e-005, 1.84303862625e-005, 2.67698778771e-005, 1.19187325254e-005, 1.67652001437e-006, 8.75653597632e-007, 1.01726747914e-007, 6.52520242284e-008, 4.15697742895e-009, 3.16718401505e-010, 8.43034808629e-011]
        dvar: [4.21046830485e-014, 1.13961361181e-010, 2.45851761171e-009, 1.04100450482e-009, 1.82320923159e-006, 4.21892508484e-007, 2.07485495451e-008, 1.37083178142e-009, 5.70869518324e-010, 9.70217017837e-010, 1.06261360822e-010, 1.41939837661e-009, 2.62114552285e-010, 6.50871995189e-011, 3.81521786386e-010, 2.48780468448e-010, 1.95083504906e-010, 3.71802894028e-010, 1.00645347612e-009, 3.35356209469e-009, 1.68161917724e-009, 2.98895526385e-011, 2.31454005267e-011, 4.39250923774e-014, 1.77741105661e-014, 6.74540907944e-017, 7.60202829002e-020, 5.52927991888e-021]
        dvar2: [1.28392183495e-013, 3.20758947181e-010, 6.3867782174e-009, 2.5957886951e-009, 4.21964159614e-006, 1.31158753902e-006, 4.2510823306e-008, 2.81048451178e-009, 8.92683260645e-010, 1.55839952054e-009, 1.54108253936e-010, 2.68678501669e-009, 5.58590340649e-010, 1.47583459342e-010, 8.32684754482e-010, 5.67630609183e-010, 4.21967683017e-010, 8.1565859622e-010, 2.28241292533e-009, 8.06665667596e-009, 4.56195481391e-009, 7.88098059035e-011, 6.70350858156e-011, 1.05304267639e-013, 4.37738902201e-014, 1.67774701069e-016, 2.49924014235e-019, 1.88307779539e-020]
        max: [6.48408058623e-006, 0.000226224889047, 0.0011531340424, 0.000781866721809, 0.0288296714425, 0.0108928307891, 0.00518860062584, 0.000880204199348, 0.000570765172597, 0.00117126666009, 0.000294875324471, 0.000970004010014, 0.000339641497703, 0.000129743057187, 0.000619989121333, 0.000482698640553, 0.000217707114643, 0.000453295098851, 0.000914420234039, 0.00202246964909, 0.00122452399228, 0.00022449620883, 0.000203605173738, 4.4585899559e-006, 3.01145792037e-006, 2.28228287824e-007, 3.37943362183e-009, 9.68233493381e-010]
        mean: [5.2200178402e-008, 1.16132769108e-005, 6.98247604305e-005, 4.25531216024e-005, 0.00199725781567, 0.00108752422966, 0.000235830448219, 6.21865256107e-005, 5.03585979459e-005, 4.41771589976e-005, 1.04139444375e-005, 5.70384800085e-005, 2.58779145952e-005, 1.46654119817e-005, 1.76953308255e-005, 1.47287892105e-005, 1.66504760273e-005, 2.135091745e-005, 3.41413469869e-005, 3.62367973139e-005, 1.03424836198e-005, 1.87011676189e-006, 6.6216682626e-007, 9.61456478876e-008, 4.99542238686e-008, 2.66920330283e-009, 1.49725551402e-010, 3.57910298621e-011]
        median: [9.49592671162e-009, 3.14031422022e-006, 3.39580801665e-005, 2.67211271421e-005, 0.00123465235811, 0.000801007088739, 9.33710907702e-005, 3.76649149985e-005, 2.40040881181e-005, 1.17128802231e-005, 2.51598339673e-006, 2.79872256215e-005, 1.40226566145e-005, 9.61086971074e-006, 6.42338682155e-006, 7.03686055203e-006, 5.56921895623e-006, 9.72298130364e-006, 1.28559458972e-005, 9.17810211831e-006, 2.9927846299e-006, 5.27619761215e-007, 9.82273036243e-008, 1.73446750296e-008, 6.15128703529e-009, 2.94399254974e-010, 4.96722489529e-011, 1.02988919476e-011]
        min: [8.75761699281e-026, 1.89782381641e-024, 2.39752144594e-024, 6.92858998246e-025, 9.90627937835e-024, 8.41212633677e-024, 6.88888089386e-024, 9.83317011624e-024, 1.58030690763e-023, 1.44922788635e-023, 1.06127066856e-023, 3.20102431953e-023, 3.40629854885e-023, 2.62919356438e-023, 3.90467751848e-023, 5.65200473909e-023, 5.91732138071e-023, 8.22844528147e-023, 1.49288152403e-022, 1.91553842957e-022, 2.51353525918e-022, 3.54204857331e-022, 4.35697697694e-022, 6.05251446938e-022, 9.05797000998e-022, 1.26714285444e-021, 1.97238288812e-021, 5.27386609433e-022]
        var: [4.42538055354e-014, 3.59245688752e-010, 1.05954534035e-008, 3.11084025206e-009, 6.19722823103e-006, 1.21713151202e-006, 1.78247049121e-007, 7.06561698038e-009, 4.71127448165e-009, 7.18778858655e-009, 5.01515828866e-010, 5.95373572665e-009, 1.15864706718e-009, 2.40303221766e-010, 1.05365582925e-009, 5.88752047115e-010, 7.27196081129e-010, 1.08688125167e-009, 2.90935076031e-009, 5.64811575288e-009, 1.30139476973e-009, 2.89269563164e-011, 1.39934478935e-011, 5.7997823124e-014, 1.88279754065e-014, 6.51698083718e-017, 6.74476802998e-020, 4.46814653737e-021]
    mfcc:
        mean: [-831.136474609, 161.162445068, -20.8523464203, 38.6804580688, -12.1075563431, -17.4368515015, -8.43254375458, -26.2026367188, -24.4632644653, -18.4196052551, -15.8744659424, -8.43174266815, -5.18080043793]
        cov: [[6488.64257813, 1018.58166504, -1504.04528809, 1121.90441895, -922.5234375, -167.365631104, 193.84815979, -113.503227234, -200.725021362, -132.166427612, -158.195373535, -48.9292221069, 0.164535447955], [1018.58166504, 1002.51818848, -84.5059280396, 28.1643371582, 79.0431900024, -122.674308777, 22.5617179871, -92.208656311, -53.7671546936, -30.8650627136, -22.7089633942, -10.4696502686, -29.2464332581], [-1504.04528809, -84.5059280396, 615.433532715, -249.06602478, 279.058654785, 90.4492874146, -56.2057113647, 48.0182609558, 32.4319839478, 33.226360321, 54.329460144, 16.5985031128, -2.92944478989], [1121.90441895, 28.1643371582, -249.06602478, 375.719970703, -150.892578125, -0.339614957571, 58.5369796753, -7.20325803757, -18.6106357574, -10.7557811737, 2.4671318531, 8.6414232254, 14.8188486099], [-922.5234375, 79.0431900024, 279.058654785, -150.892578125, 338.612518311, 37.129322052, -56.1770629883, 6.91072320938, 37.351726532, 38.7966461182, 48.9039001465, 28.1929855347, 9.28811264038], [-167.365631104, -122.674308777, 90.4492874146, -0.339614957571, 37.129322052, 135.175247192, 28.841966629, 30.8748760223, 24.7727870941, 23.4491653442, 25.7248096466, 14.3750677109, 21.6399707794], [193.84815979, 22.5617179871, -56.2057113647, 58.5369796753, -56.1770629883, 28.841966629, 148.680557251, 45.6163787842, -8.08507537842, 1.78092026711, 8.50808620453, 16.75548172, 8.31578445435], [-113.503227234, -92.208656311, 48.0182609558, -7.20325803757, 6.91072320938, 30.8748760223, 45.6163787842, 134.126815796, 37.038608551, -18.5027446747, 26.9027099609, 35.2362594604, 15.9607086182], [-200.725021362, -53.7671546936, 32.4319839478, -18.6106357574, 37.351726532, 24.7727870941, -8.08507537842, 37.038608551, 118.12776947, 46.2816162109, 3.80861449242, 14.1199979782, 11.2944822311], [-132.166427612, -30.8650627136, 33.226360321, -10.7557811737, 38.7966461182, 23.4491653442, 1.78092026711, -18.5027446747, 46.2816162109, 113.079208374, 14.4433908463, -19.9402961731, 11.4153289795], [-158.195373535, -22.7089633942, 54.329460144, 2.4671318531, 48.9039001465, 25.7248096466, 8.50808620453, 26.9027099609, 3.80861449242, 14.4433908463, 96.1998825073, 38.4903488159, -8.7001581192], [-48.9292221069, -10.4696502686, 16.5985031128, 8.6414232254, 28.1929855347, 14.3750677109, 16.75548172, 35.2362594604, 14.1199979782, -19.9402961731, 38.4903488159, 95.7558364868, 37.0466766357], [0.164535447955, -29.2464332581, -2.92944478989, 14.8188486099, 9.28811264038, 21.6399707794, 8.31578445435, 15.9607086182, 11.2944822311, 11.4153289795, -8.7001581192, 37.0466766357, 99.109046936]]
        icov: [[0.00209390488453, -0.00258313631639, 0.00266052084044, -0.00346333882771, 0.00314705213532, -0.00287212058902, 0.00273663224652, -0.00268198410049, 0.00247869337909, -0.00188890704885, 0.0018445556052, -0.00120132917073, 0.00091128074564], [-0.00258313631639, 0.00457050884143, -0.00315086776391, 0.00407033460215, -0.00481811072677, 0.00482156313956, -0.00440990272909, 0.00435665855184, -0.00311997719109, 0.0029198594857, -0.00220428523608, 0.00158101355191, -0.00104676932096], [0.00266052084044, -0.00315086776391, 0.00690582301468, -0.00301381316967, 0.00196628877893, -0.00534874713048, 0.00417567044497, -0.00456148292869, 0.00394086632878, -0.00273276655935, 0.00209710374475, -0.00136977317743, 0.00165012467187], [-0.00346333882771, 0.00407033460215, -0.00301381316967, 0.00981394387782, -0.00426945695654, 0.00375099317171, -0.00499548250809, 0.00467648124322, -0.00403739139438, 0.00316629256122, -0.00426716310903, 0.00194507150445, -0.00210868520662], [0.00314705213532, -0.00481811072677, 0.00196628877893, -0.00426945695654, 0.0109063275158, -0.00502829626203, 0.0057686609216, -0.00387168582529, 0.00296901143156, -0.0040145018138, 0.00115850032307, -0.00297255767509, 0.000821630761493], [-0.00287212058902, 0.00482156313956, -0.00534874713048, 0.00375099317171, -0.00502829626203, 0.0151874385774, -0.00687738927081, 0.00444059353322, -0.00505346059799, 0.00281033106148, -0.00450500287116, 0.00291643384844, -0.00350772915408], [0.00273663224652, -0.00440990272909, 0.00417567044497, -0.00499548250809, 0.0057686609216, -0.00687738927081, 0.0140257403255, -0.00855563022196, 0.0064135552384, -0.00593869201839, 0.00374476588331, -0.00398245686665, 0.00249696779065], [-0.00268198410049, 0.00435665855184, -0.00456148292869, 0.00467648124322, -0.00387168582529, 0.00444059353322, -0.00855563022196, 0.0169575791806, -0.00923608243465, 0.0084550762549, -0.00620517926291, 0.00215014605783, -0.00343348109163], [0.00247869337909, -0.00311997719109, 0.00394086632878, -0.00403739139438, 0.00296901143156, -0.00505346059799, 0.0064135552384, -0.00923608243465, 0.0172406192869, -0.0104328887537, 0.00671668630093, -0.00606431392953, 0.00366312474944], [-0.00188890704885, 0.0029198594857, -0.00273276655935, 0.00316629256122, -0.0040145018138, 0.00281033106148, -0.00593869201839, 0.0084550762549, -0.0104328887537, 0.0182644743472, -0.00795745849609, 0.00900212489069, -0.0057684276253], [0.0018445556052, -0.00220428523608, 0.00209710374475, -0.00426716310903, 0.00115850032307, -0.00450500287116, 0.00374476588331, -0.00620517926291, 0.00671668630093, -0.00795745849609, 0.0198020059615, -0.0108411544934, 0.00754843186587], [-0.00120132917073, 0.00158101355191, -0.00136977317743, 0.00194507150445, -0.00297255767509, 0.00291643384844, -0.00398245686665, 0.00215014605783, -0.00606431392953, 0.00900212489069, -0.0108411544934, 0.021190404892, -0.00945146009326], [0.00091128074564, -0.00104676932096, 0.00165012467187, -0.00210868520662, 0.000821630761493, -0.00350772915408, 0.00249696779065, -0.00343348109163, 0.00366312474944, -0.0057684276253, 0.00754843186587, -0.00945146009326, 0.0156183866784]]
    sccoeffs:
        dmean: [0.0454482473433, 0.035768147558, 0.0302221123129, 0.0271185822785, 0.0256152972579, 0.0221785176545]
        dmean2: [0.0731913819909, 0.0568827241659, 0.0470693670213, 0.0431813634932, 0.0395807139575, 0.0327518694103]
        dvar: [0.00153653917369, 0.000992020126432, 0.000720318988897, 0.00061022042064, 0.000734254717827, 0.000447276834166]
        dvar2: [0.0038777210284, 0.00273251556791, 0.00174067157786, 0.00147881731391, 0.00162172690034, 0.000977326184511]
        max: [-0.218616828322, -0.346129119396, -0.451349377632, -0.522276043892, -0.569998502731, -0.60030567646]
        mean: [-0.516348063946, -0.613499403, -0.719096958637, -0.725143194199, -0.733581602573, -0.748937666416]
        median: [-0.51255607605, -0.611470520496, -0.71890103817, -0.722139537334, -0.732901930809, -0.744371950626]
        min: [-0.979516088963, -0.991831958294, -0.993466615677, -0.993715584278, -0.986688256264, -0.96570879221]
        var: [0.0122277438641, 0.0067103933543, 0.00527938641608, 0.00336769549176, 0.00368284340948, 0.00329257897101]
    scvalleys:
        dmean: [0.391969829798, 0.274647057056, 0.297917097807, 0.286575227976, 0.327174037695, 0.471581935883]
        dmean2: [0.634783804417, 0.435665845871, 0.481347799301, 0.456293493509, 0.498214393854, 0.671533465385]
        dvar: [0.130307912827, 0.0780434161425, 0.0933965817094, 0.102072477341, 0.16611623764, 0.260687232018]
        dvar2: [0.307985454798, 0.156295999885, 0.201665088534, 0.208158731461, 0.342478632927, 0.575055360794]
        max: [-5.65109014511, -5.12808990479, -6.18367099762, -6.86684751511, -7.08060073853, -9.30338573456]
        mean: [-8.15244483948, -7.48903656006, -8.76369953156, -9.31068897247, -9.88957977295, -12.7504358292]
        median: [-7.79662322998, -7.03562116623, -8.38411808014, -8.94419193268, -9.48968219757, -12.5812387466]
        min: [-28.1104354858, -28.2500743866, -27.7987213135, -27.6993675232, -27.491727829, -27.3463916779]
        var: [4.66032409668, 5.12408685684, 4.39795017242, 4.17507410049, 4.39919805527, 3.22889328003]

rhythm:
    beats_loudness:
        dmean: 0.00216871011071
        dmean2: 0.00387468934059
        dvar: 5.61773686059e-006
        dvar2: 1.67018188222e-005
        max: 0.0160074327141
        mean: 0.00438619451597
        median: 0.00394405471161
        min: 0
        var: 9.40485733736e-006
    bpm: 120.001716614
    bpm_confidence: 0
    first_peak_bpm: 120
    first_peak_spread: 0.350769221783
    first_peak_weight: 0.633633613586
    onset_rate: 3.99953365326
    second_peak_bpm: 108
    second_peak_spread: 0.40000000596
    second_peak_weight: 0.00900900922716
    beats_loudness_band_ratio:
        dmean: [0.0551537163556, 0.159201458097, 0.076540671289, 0.0541501939297, 0.0352095477283, 0.0328287743032]
        dmean2: [0.0986364558339, 0.279172956944, 0.133630484343, 0.0996689721942, 0.0663852617145, 0.0616322830319]
        dvar: [0.00520726107061, 0.0171723086387, 0.0118332616985, 0.00552253238857, 0.0017487690784, 0.00115610403009]
        dvar2: [0.0142086222768, 0.0480766221881, 0.0287292227149, 0.017130991444, 0.00542471092194, 0.00363469007425]
        max: [0.532626867294, 0.970821619034, 0.84399074316, 0.567407488823, 0.282548457384, 0.215665027499]
        mean: [0.0652557834983, 0.729595005512, 0.106679834425, 0.058165948838, 0.0342381969094, 0.0306014809757]
        median: [0.0424787513912, 0.769825816154, 0.0734177529812, 0.0377247780561, 0.0236871242523, 0.0197170861065]
        min: [0, 0, 0, 0, 0, 0]
        var: [0.00493346713483, 0.0268750507385, 0.0116831967607, 0.00476747564971, 0.00129186292179, 0.00114755949471]
    beats_position: [0.545668900013, 1.06811785698, 1.57895684242, 2.07818579674, 2.57741498947, 3.07664394379, 3.5758728981, 4.08671188354, 4.59755086899, 5.0967798233, 5.59600877762, 6.09523820877, 6.59446716309, 7.0936961174, 7.59292507172, 8.08054447174, 8.59138298035, 9.0906124115, 9.58984088898, 10.1006803513, 10.5882987976, 11.0875282288, 11.5867567062, 12.0975961685, 12.5968255997, 13.0960540771, 13.5952835083, 14.0829019547, 14.5821313858, 15.0929698944, 15.5805892944, 16.1030387878, 16.602268219, 17.1014957428, 17.600725174, 18.0999546051, 18.5991840363, 19.0868015289, 19.5860309601, 20.0968704224, 20.6077098846, 21.1069393158, 21.5945568085, 22.0821762085, 22.5697956085, 23.0806350708, 23.5798625946, 24.0790920258, 24.589931488, 25.0891609192, 25.5883903503, 26.0876178741, 26.5868473053, 27.0976867676, 27.5853061676, 28.0845336914, 28.5837631226, 29.0829925537, 29.5822219849, 30.081451416, 30.5806789398, 31.0915184021, 31.6023578644, 32.1131973267, 32.6008148193, 33.0884361267, 33.5992736816, 34.0985031128, 34.5977325439, 35.0969619751, 35.5961914063, 36.1070289612, 36.6062583923, 37.1054878235, 37.5931053162, 38.0807266235, 38.57995224, 39.0907936096, 39.5900230408, 40.1008605957, 40.5884780884, 41.0877075195, 41.5869369507, 42.0861663818, 42.585395813, 43.0846252441, 43.5838546753, 44.0946922302, 44.5939216614, 45.0931510925, 45.5923805237, 46.0916099548, 46.590839386, 47.0900688171, 47.5892944336, 48.0885238647, 48.5877532959, 49.0869827271, 49.5746040344, 50.0738296509, 50.573059082, 51.0722885132, 51.5715179443, 52.0823554993, 52.5931968689, 53.0924263, 53.5916557312, 54.0792732239, 54.578502655, 55.0777320862, 55.5885696411, 56.0994110107, 56.5986366272, 57.0978660583, 57.5854873657, 58.0963249207, 58.5955543518, 59.094783783, 59.5824012756, 60.0932426453, 60.5808601379, 61.0800895691, 61.5793190002, 62.0901565552, 62.5893859863, 63.0886154175, 63.5878448486, 64.0870742798, 64.5863037109, 65.0855331421, 65.5847625732, 66.0839920044, 66.5832214355, 67.0824508667, 67.5816802979, 68.0809020996, 68.5917434692, 69.0909729004, 69.5902023315, 70.0778198242, 70.5770492554, 71.0762786865, 71.5871200562, 72.0979614258, 72.608795166, 73.1196365356, 73.6072540283, 74.094871521, 74.5941009521, 75.0933303833, 75.580947876, 76.0917892456, 76.5910186768, 77.0902481079, 77.5778656006, 78.0770950317, 78.5763244629, 79.0639419556, 79.5631713867, 80.0624008179, 80.5732421875, 81.0840835571, 81.5833053589, 82.08253479, 82.5817642212, 83.0809936523, 83.5802230835, 84.0794525146, 84.5902938843, 85.0895233154, 85.5887527466, 86.0763702393, 86.5872116089, 87.0748291016, 87.5740585327, 88.0732879639, 88.5841217041, 89.0833511353, 89.5825805664, 90.0818099976, 90.5926513672, 91.0918807983, 91.5911102295, 92.0903396606, 92.6011810303, 93.100402832, 93.5880279541, 94.0872573853, 94.5980911255, 95.0857162476, 95.5849380493, 96.0841674805, 96.5950088501, 97.1058502197, 97.6050796509, 98.104309082, 98.6035385132, 99.1027679443, 99.590385437, 100.089614868, 100.588844299, 101.08807373, 101.587303162, 102.086524963, 102.585754395, 103.073379517, 103.560997009, 104.071838379, 104.582672119, 105.093513489, 105.59274292, 106.091972351, 106.591201782, 107.090431213, 107.589660645, 108.088890076, 108.599723816, 109.098953247, 109.58657074, 110.085800171, 110.585029602, 111.084259033, 111.571876526, 112.071105957, 112.570335388, 113.081176758, 113.580406189, 114.07963562, 114.59047699, 115.078094482, 115.577323914, 116.088157654, 116.587387085, 117.098228455, 117.585845947, 118.096687317, 118.595916748, 119.083534241, 119.582763672, 120.093605042, 120.592834473, 121.092063904, 121.591293335, 122.090522766, 122.589744568, 123.088973999, 123.58820343, 124.087432861, 124.586662292, 125.085891724, 125.585121155, 126.084350586, 126.595191956, 127.094421387, 127.593650818, 128.092880249, 128.592102051, 129.079727173, 129.567337036, 130.078186035, 130.577407837, 131.076644897, 131.575866699, 132.07510376, 132.5859375, 133.085174561, 133.584396362, 134.083618164, 134.582855225, 135.082077026, 135.581314087, 136.092147827, 136.591384888, 137.090606689, 137.58984375, 138.089065552, 138.599899292, 139.099136353, 139.598358154, 140.097595215, 140.585220337, 141.084442139, 141.58366394, 142.082901001, 142.593734741, 143.092971802, 143.592193604, 144.091430664, 144.590652466, 145.089889526, 145.57749939, 146.07673645, 146.58757019, 147.086807251, 147.586029053, 148.085250854, 148.584487915, 149.083709717, 149.582946777, 150.082168579, 150.58140564, 151.09223938, 151.579864502, 152.079086304, 152.578323364, 153.089157104, 153.599990845, 154.099227905, 154.598449707, 155.097686768, 155.596908569, 156.09614563, 156.583755493, 157.082992554, 157.582214355, 158.081451416, 158.592285156, 159.091522217, 159.590744019, 160.089981079, 160.589202881, 161.076828003, 161.564437866, 162.075286865, 162.586120605, 163.096954346, 163.607803345, 164.118637085, 164.641082764, 165.198364258, 165.755645752, 166.301315308, 166.858596802, 167.404266357]
    bpm_estimates: [117.453842163, 120.185333252, 120.185279846, 120.185333252, 120.185333252, 117.453842163, 117.453842163, 120.185333252, 120.185333252, 120.185218811, 120.185333252, 120.185333252, 120.185333252, 123.046783447, 117.453948975, 120.185218811, 120.185455322, 117.453727722, 123.047027588, 120.185218811, 120.185455322, 117.453727722, 120.185218811, 120.185455322, 120.185218811, 123.047027588, 120.185218811, 117.453948975, 123.046783447, 120.185218811, 120.185684204, 120.185218811, 120.185218811, 120.185218811, 123.047264099, 120.185218811, 117.453727722, 117.453727722, 120.185218811, 123.047264099, 123.046783447, 123.046783447, 117.453727722, 120.185684204, 120.185218811, 117.453727722, 120.185218811, 120.185218811, 120.185684204, 120.185218811, 117.453727722, 123.046783447, 120.185684204, 120.185218811, 120.185218811, 120.185218811, 120.185218811, 120.185684204, 117.453727722, 117.453727722, 117.453727722, 123.047264099, 123.046302795, 117.454170227, 120.185218811, 120.185218811, 120.185218811, 120.185218811, 117.454170227, 120.185218811, 120.185218811, 123.047264099, 123.046302795, 120.186141968, 117.453292847, 120.185218811, 117.454170227, 123.047264099, 120.185218811, 120.185218811, 120.185218811, 120.185218811, 120.185218811, 120.185218811, 117.454170227, 120.185218811, 120.185218811, 120.185218811, 120.185218811, 120.185218811, 120.185218811, 120.186141968, 120.185218811, 120.185218811, 120.185218811, 123.046302795, 120.186141968, 120.185218811, 120.185218811, 120.185218811, 117.454170227, 117.453292847, 120.185218811, 120.185218811, 123.047264099, 120.185218811, 120.185218811, 117.454170227, 117.453292847, 120.186141968, 120.185218811, 123.046302795, 117.454170227, 120.185218811, 120.185218811, 123.047264099, 117.453292847, 123.047264099, 120.185218811, 120.185218811, 117.454170227, 120.185218811, 120.185218811, 120.185218811, 120.185218811, 120.185218811, 120.185218811, 120.185218811, 120.185218811, 120.185218811, 120.185218811, 120.185218811, 120.187057495, 117.453292847, 120.185218811, 120.185218811, 123.047264099, 120.185218811, 120.185218811, 117.453292847, 117.453292847, 117.455047607, 117.453292847, 123.047264099, 123.047264099, 120.185218811, 120.185218811, 123.047264099, 117.453292847, 120.185218811, 120.185218811, 123.047264099, 120.185218811, 120.185218811, 123.047264099, 120.185218811, 120.185218811, 117.453292847, 117.453292847, 120.187057495, 120.185218811, 120.185218811, 120.185218811, 120.185218811, 120.185218811, 117.453292847, 120.185218811, 120.185218811, 123.047264099, 117.453292847, 123.047264099, 120.185218811, 120.185218811, 117.455047607, 120.185218811, 120.185218811, 120.185218811, 117.453292847, 120.185218811, 120.185218811, 120.185218811, 117.453292847, 120.187057495, 123.045341492, 120.185218811, 117.455047607, 123.045341492, 120.187057495, 120.185218811, 117.453292847, 117.453292847, 120.185218811, 120.185218811, 120.185218811, 120.185218811, 123.047264099, 120.185218811, 120.185218811, 120.185218811, 120.185218811, 120.187057495, 120.185218811, 123.045341492, 123.047264099, 117.453292847, 117.455047607, 117.453292847, 120.185218811, 120.185218811, 120.185218811, 120.185218811, 120.185218811, 120.185218811, 117.455047607, 120.185218811, 123.047264099, 120.185218811, 120.185218811, 120.185218811, 123.047264099, 120.185218811, 120.185218811, 117.453292847, 120.185218811, 120.185218811, 117.453292847, 123.047264099, 120.185218811, 117.455047607, 120.185218811, 117.453292847, 123.047264099, 117.453292847, 120.185218811, 123.047264099, 120.185218811, 117.453292847, 120.185218811, 120.185218811, 120.185218811, 120.185218811, 120.187057495, 120.185218811, 120.185218811, 120.185218811, 120.185218811, 120.185218811, 120.185218811, 120.185218811, 117.453292847, 120.185218811, 120.185218811, 120.185218811, 120.187057495, 123.045341492, 123.049194336, 117.451538086, 120.187057495, 120.183387756, 120.187057495, 120.183387756, 117.455047607, 120.183387756, 120.187057495, 120.187057495, 120.183387756, 120.187057495, 120.183387756, 117.455047607, 120.183387756, 120.187057495, 120.183387756, 120.187057495, 117.455047607, 120.183387756, 120.187057495, 120.183387756, 123.045341492, 120.187057495, 120.187057495, 120.183387756, 117.455047607, 120.183387756, 120.187057495, 120.183387756, 120.187057495, 120.183387756, 123.049194336, 120.183387756, 117.455047607, 120.183387756, 120.187057495, 120.187057495, 120.183387756, 120.187057495, 120.183387756, 120.187057495, 120.183387756, 117.455047607, 123.045341492, 120.187057495, 120.183387756, 117.455047607, 117.455047607, 120.183387756, 120.187057495, 120.183387756, 120.187057495, 120.183387756, 123.049194336, 120.183387756, 120.187057495, 120.183387756, 117.455047607, 120.183387756, 120.187057495, 120.183387756, 120.187057495, 123.045341492, 123.049194336, 117.451538086, 117.455047607, 117.455047607, 117.451538086, 117.455047607]
