
metadata:
    version:
        essentia: "2.1-beta2"
    audio_properties:
        analysis_sample_rate: 44100
        bitrate: 285
        channels: 2
        equal_loudness: 1
        length: 190.328170776
        replay_gain: -17.2717285156
        downmix: "mix"
    tags:
        album: "The Return"
        artist: "Nonpoint"
        comment: ""
        date: "2014"
        genre: "Hard Rock"
        title: "Never Ending Hole"
        tracknumber: "9/13"

configuration:
    average_loudness:
        compute: 1
        frameSize: 88200
        hopSize: 44100
        silentFrames: "noise"
        windowType: "hann"
    general:
        analysisSampleRate: 44100
        endTime: 2000
        equalLoudness: 1
        nequalLoudness: 0
        shortSound: 0
        startTime: 0
    lowlevel:
        compute: 1
        frameSize: 2048
        hopSize: 1024
        zeroPadding: 0
        silentFrames: "noise"
        windowType: "blackmanharris62"
        mfccStats: ["mean", "cov", "icov"]
        stats: ["mean", "var", "median", "min", "max", "dmean", "dmean2", "dvar", "dvar2"]
    panning:
        compute: 0
        frameSize: 8192
        hopSize: 2048
        zeroPadding: 8192
        silentFrames: "noise"
        windowType: "hann"
        stats: ["copy"]
    rhythm:
        compute: 1
        maxTempo: 208
        minTempo: 40
        method: "degara"
        stats: ["mean", "var", "median", "min", "max", "dmean", "dmean2", "dvar", "dvar2"]
    segmentation:
        compute: 0
        cpw: 5
        inc1: 300
        inc2: 50
        minimumSegmentsLength: 10
        size1: 1000
        size2: 600
    sfx:
        compute: 1
        stats: ["mean", "var", "median", "min", "max", "dmean", "dmean2", "dvar", "dvar2"]
    svm:
        compute: 0
    tonal:
        compute: 1
        frameSize: 4096
        hopSize: 2048
        zeroPadding: 0
        silentFrames: "noise"
        windowType: "blackmanharris62"
        stats: ["mean", "var", "median", "min", "max", "dmean", "dmean2", "dvar", "dvar2"]

lowlevel:
    average_loudness: 0.938206732273
    barkbands_kurtosis:
        dmean: 0.977761209011
        dmean2: 1.59356677532
        dvar: 2.75614976883
        dvar2: 6.52655649185
        max: 33.791229248
        mean: -0.422776550055
        median: -1.09134721756
        min: -1.94153130054
        var: 4.57682132721
    barkbands_skewness:
        dmean: 0.517808377743
        dmean2: 0.805143296719
        dvar: 0.239495441318
        dvar2: 0.577338993549
        max: 5.5579419136
        mean: -0.543487548828
        median: -0.553272664547
        min: -5.05115842819
        var: 0.760869145393
    barkbands_spread:
        dmean: 7.44880819321
        dmean2: 11.8663606644
        dvar: 54.5820007324
        dvar2: 135.947265625
        max: 80.8338775635
        mean: 38.0756797791
        median: 38.5180511475
        min: 3.80024266243
        var: 149.934127808
    dissonance:
        dmean: 0.00822415016592
        dmean2: 0.0140077807009
        dvar: 6.02359905315e-005
        dvar2: 0.000163632677868
        max: 0.499996334314
        mean: 0.48627024889
        median: 0.488291144371
        min: 0.388526409864
        var: 9.34482523007e-005
    hfc:
        dmean: 3.09672856331
        dmean2: 4.86923551559
        dvar: 15.151632309
        dvar2: 36.1880073547
        max: 50.742641449
        mean: 9.19267654419
        median: 7.87858200073
        min: 1.20995493377e-016
        var: 42.2343406677
    pitch:
        dmean: 767.566833496
        dmean2: 1445.38830566
        dvar: 1462345.625
        dvar2: 3621757.25
        max: 5046.73095703
        mean: 2675.25976563
        median: 3348.38208008
        min: 59.9856987
        var: 2008627.625
    pitch_instantaneous_confidence:
        dmean: 0.092417627573
        dmean2: 0.150455877185
        dvar: 0.00574379460886
        dvar2: 0.014097398147
        max: 0.950436115265
        mean: 0.449586480856
        median: 0.43399721384
        min: 0.123188316822
        var: 0.0192226152867
    pitch_salience:
        dmean: 0.0644094944
        dmean2: 0.10780813545
        dvar: 0.00370909716003
        dvar2: 0.0105268834159
        max: 0.885628640652
        mean: 0.672679007053
        median: 0.687267184258
        min: 0.216433912516
        var: 0.00697176810354
    silence_rate_20dB:
        dmean: 0
        dmean2: 0
        dvar: 0
        dvar2: 0
        max: 1
        mean: 1
        median: 1
        min: 1
        var: 0
    silence_rate_30dB:
        dmean: 0
        dmean2: 0
        dvar: 0
        dvar2: 0
        max: 1
        mean: 1
        median: 1
        min: 1
        var: 0
    silence_rate_60dB:
        dmean: 0.131755515933
        dmean2: 0.263543188572
        dvar: 0.114385075867
        dvar2: 0.235815793276
        max: 1
        mean: 0.398511826992
        median: 0
        min: 0
        var: 0.239708855748
    spectral_centroid:
        dmean: 344.58102417
        dmean2: 546.480834961
        dvar: 124134.460938
        dvar2: 285843.15625
        max: 10826.546875
        mean: 2142.06201172
        median: 2179.23657227
        min: 185.02406311
        var: 334007.21875
    spectral_complexity:
        dmean: 4.20592880249
        dmean2: 6.62762308121
        dvar: 20.2234973907
        dvar2: 45.696849823
        max: 45
        mean: 14.4397411346
        median: 14
        min: 0
        var: 72.7652130127
    spectral_crest:
        dmean: 2.34820437431
        dmean2: 3.91793107986
        dvar: 5.03101205826
        dvar2: 13.5040359497
        max: 22.8451576233
        mean: 7.44127941132
        median: 6.73177146912
        min: 2.74174642563
        var: 8.33504390717
    spectral_decrease:
        dmean: 3.35879074553e-010
        dmean2: 5.40461064791e-010
        dvar: 3.38788441032e-019
        dvar2: 8.57757860884e-019
        max: 5.17692617205e-029
        mean: -8.98765339929e-010
        median: -7.79921627281e-010
        min: -5.11860021035e-009
        var: 4.39681495652e-019
    spectral_energy:
        dmean: 0.00151956698392
        dmean2: 0.00242980872281
        dvar: 6.00453404331e-006
        dvar2: 1.49757588588e-005
        max: 0.0214475486428
        mean: 0.00422596139833
        median: 0.00367676350288
        min: 1.07792490561e-020
        var: 9.02435840544e-006
    spectral_energyband_high:
        dmean: 0.00020852391026
        dmean2: 0.000342245097272
        dvar: 1.12868427493e-007
        dvar2: 2.68128815151e-007
        max: 0.0051055168733
        mean: 0.00044971294119
        median: 0.000306416011881
        min: 7.69779124803e-021
        var: 2.09525310879e-007
    spectral_energyband_low:
        dmean: 0.000233720289543
        dmean2: 0.000398486357881
        dvar: 1.28380591491e-007
        dvar2: 3.53087642679e-007
        max: 0.00344281457365
        mean: 0.000352886039764
        median: 0.000258781044977
        min: 2.66038007586e-023
        var: 1.23839711819e-007
    spectral_energyband_middle_high:
        dmean: 0.000814956903923
        dmean2: 0.00126047246158
        dvar: 9.79967126113e-007
        dvar2: 2.18317018152e-006
        max: 0.0139245726168
        mean: 0.00238768709823
        median: 0.00195615249686
        min: 1.53156287044e-021
        var: 3.43187980434e-006
    spectral_energyband_middle_low:
        dmean: 0.000752060033847
        dmean2: 0.00125444470905
        dvar: 3.64255720342e-006
        dvar2: 9.63751335803e-006
        max: 0.0161439273506
        mean: 0.00112537341192
        median: 0.000720035517588
        min: 3.14149075406e-022
        var: 2.96508051179e-006
    spectral_flatness_db:
        dmean: 0.0155213149264
        dmean2: 0.0245844125748
        dvar: 0.000204717638553
        dvar2: 0.000498965964653
        max: 0.337863385677
        mean: 0.141596674919
        median: 0.139197438955
        min: 0.0633499026299
        var: 0.000816246727481
    spectral_flux:
        dmean: 0.00946660805494
        dmean2: 0.0144175076857
        dvar: 0.000148260602145
        dvar2: 0.000300610612612
        max: 0.128703013062
        mean: 0.0411944799125
        median: 0.0395737439394
        min: 1.03823165343e-010
        var: 0.000341560284141
    spectral_kurtosis:
        dmean: 1.01120662689
        dmean2: 1.65489757061
        dvar: 1.12880170345
        dvar2: 2.93735599518
        max: 22.5237045288
        mean: 3.18891882896
        median: 2.7603521347
        min: -1.20496201515
        var: 3.80226540565
    spectral_rms:
        dmean: 0.000334393320372
        dmean2: 0.000516954285558
        dvar: 1.87077120017e-007
        dvar2: 4.36565727568e-007
        max: 0.00457432353869
        mean: 0.00190391682554
        median: 0.00189396040514
        min: 3.24289076495e-012
        var: 4.97982568959e-007
    spectral_rolloff:
        dmean: 296.77935791
        dmean2: 474.652526855
        dvar: 175898.15625
        dvar2: 366730.28125
        max: 19186.0839844
        mean: 3712.08862305
        median: 3682.17773438
        min: 107.666015625
        var: 390220.9375
    spectral_skewness:
        dmean: 0.163855537772
        dmean2: 0.263194411993
        dvar: 0.0263486020267
        dvar2: 0.066641561687
        max: 3.08271002769
        mean: 1.11822462082
        median: 1.07496404648
        min: -0.0225560422987
        var: 0.110943943262
    spectral_spread:
        dmean: 506020.03125
        dmean2: 728347.0625
        dvar: 467657031680
        dvar2: 718898528256
        max: 40922532
        mean: 4593998
        median: 4276139.5
        min: 1808531.25
        var: 2.06049915699e+012
    spectral_strongpeak:
        dmean: 0.718290150166
        dmean2: 1.22716844082
        dvar: 0.922492444515
        dvar2: 2.31064939499
        max: 10.2673892975
        mean: 0.941446483135
        median: 0.321731209755
        min: 6.45022479873e-010
        var: 1.74617159367
    zerocrossingrate:
        dmean: 0.00973649602383
        dmean2: 0.0121012842283
        dvar: 0.000103200676676
        dvar2: 0.00013196990767
        max: 0.4931640625
        mean: 0.116668365896
        median: 0.1162109375
        min: 0.01806640625
        var: 0.000520528468769
    barkbands:
        dmean: [7.5025826618e-007, 0.000103725236841, 0.000133747467771, 0.000108315347461, 0.000468920567073, 0.000176306959474, 7.85842203186e-005, 5.40277069376e-005, 6.19859056314e-005, 4.35502151959e-005, 2.92450713459e-005, 4.23393248639e-005, 3.11524490826e-005, 3.87970612792e-005, 5.88149159739e-005, 8.73206881806e-005, 0.000219006557018, 0.000326610199409, 0.000332268653437, 0.000177920534043, 0.000107584608486, 3.96366303903e-005, 7.91074489825e-006, 2.82470136881e-006, 1.3235426195e-006, 4.25779518309e-008, 5.51912127111e-010]
        dmean2: [1.14446982025e-006, 0.000183406300494, 0.000226016680244, 0.00018475332763, 0.000808911514468, 0.000286037218757, 0.000137295137392, 9.05110719032e-005, 9.89655964077e-005, 7.04830599716e-005, 4.7239347623e-005, 6.76980780554e-005, 4.97112123412e-005, 6.19216880295e-005, 9.5090996183e-005, 0.000142183474964, 0.00034621352097, 0.000517576001585, 0.000547309813555, 0.000289897609036, 0.000179519658559, 6.62608654238e-005, 1.23558611449e-005, 4.34112644143e-006, 2.04053139896e-006, 6.94624588959e-008, 9.19881726347e-010]
        dvar: [1.75543911005e-012, 4.06191560387e-008, 3.95044708057e-008, 3.6583987395e-008, 2.32198567574e-006, 1.11392964186e-007, 3.09319787561e-008, 1.83052755176e-008, 1.09703321982e-008, 5.19107867802e-009, 3.49138318256e-009, 6.65631771923e-009, 4.38154712512e-009, 6.55222676116e-009, 1.23359615856e-008, 1.80329440269e-008, 1.70773617469e-007, 3.04581647015e-007, 1.92002715949e-007, 8.09101550203e-008, 2.8284443232e-008, 4.90695839517e-009, 4.40821573688e-010, 7.83573067542e-011, 1.69083826801e-011, 2.12000301889e-014, 5.86306652153e-018]
        dvar2: [3.49469520163e-012, 1.13437977234e-007, 1.08949876676e-007, 1.02138898228e-007, 6.2437447923e-006, 2.8857465395e-007, 8.64545341983e-008, 4.84706212944e-008, 2.70874629393e-008, 1.33681670178e-008, 8.97341401185e-009, 1.68659930466e-008, 1.01400061681e-008, 1.58097748226e-008, 3.03066407525e-008, 4.65481697631e-008, 4.08505030691e-007, 7.05178536009e-007, 4.76821071516e-007, 2.02790658932e-007, 6.94642139365e-008, 1.19826717437e-008, 9.82023129481e-010, 1.65787508721e-010, 3.51262456622e-011, 5.1337121945e-014, 1.47021146473e-017]
        max: [1.16722449093e-005, 0.0013226873707, 0.00260659260675, 0.00211931671947, 0.0129872132093, 0.00549694336951, 0.00208867597394, 0.00330244284123, 0.00168490526266, 0.00128717813641, 0.00137582945172, 0.00168028986081, 0.00128934672102, 0.00172453257255, 0.00197549606673, 0.00369168422185, 0.00822681188583, 0.0127225974575, 0.00702555291355, 0.00626954622567, 0.00245829927735, 0.00112922373228, 0.000606500252616, 0.000177838170202, 0.00010878375906, 3.5597427086e-006, 9.57323464945e-008]
        mean: [8.63516220306e-007, 0.000108267209725, 0.000182146861334, 0.000132786561153, 0.000443540804554, 0.000241020781687, 9.62291887845e-005, 7.00682358001e-005, 0.00010007549281, 7.51520710764e-005, 4.71920648124e-005, 6.87296851538e-005, 4.49868020951e-005, 5.63697140024e-005, 8.83448374225e-005, 0.000155888497829, 0.000398169853725, 0.000557440449484, 0.000690952118021, 0.000383239472285, 0.000199431218789, 6.40349317109e-005, 1.37531260407e-005, 5.04703939441e-006, 2.16516536966e-006, 6.15073147969e-008, 6.36535157916e-010]
        median: [2.37693768668e-007, 5.77785758651e-005, 0.000122945581097, 8.30965655041e-005, 0.000143668890814, 0.000103807906271, 4.61011331936e-005, 2.94425881293e-005, 4.77079302073e-005, 3.5617769754e-005, 2.34751496464e-005, 3.04371769744e-005, 2.12342238228e-005, 2.54829974438e-005, 4.26238329965e-005, 0.000103214319097, 0.000187640500371, 0.000241995090619, 0.000514983432367, 0.000271666154731, 0.000128514817334, 3.23705135088e-005, 4.30521686212e-006, 1.70881833128e-006, 7.27347696738e-007, 2.23642615538e-008, 2.54281540268e-010]
        min: [8.48885528715e-025, 1.71319068489e-023, 6.04647802685e-024, 7.40630107248e-024, 6.62122070426e-023, 2.31753733992e-023, 3.59603852921e-023, 3.81654219162e-023, 1.34633502299e-022, 1.04753205636e-022, 7.43975666347e-023, 1.36400045856e-022, 1.75530740063e-022, 1.09865327224e-022, 7.13482658263e-023, 1.69171852213e-022, 1.41183748872e-022, 1.30666693149e-022, 2.55210790688e-022, 3.85533010367e-022, 4.4459508945e-022, 5.03189607519e-022, 7.53621870118e-022, 8.29238012281e-022, 1.30318347319e-021, 1.40040183287e-021, 2.42071700155e-021]
        var: [2.43051368962e-012, 2.96273530154e-008, 4.30659810036e-008, 3.15644896887e-008, 1.6771313085e-006, 1.45926634332e-007, 2.95351210156e-008, 1.85886293025e-008, 2.13901412138e-008, 1.26329045003e-008, 5.97986193895e-009, 1.43541942776e-008, 7.16028836223e-009, 1.03669686169e-008, 1.9594910583e-008, 3.37383703197e-008, 3.81497727631e-007, 6.24084918854e-007, 4.34302791064e-007, 1.69162277075e-007, 4.60043168005e-008, 7.50325579446e-009, 7.72993447029e-010, 1.52976950551e-010, 2.84265944117e-011, 2.44004052667e-014, 5.49548855042e-018]
    frequency_bands:
        dmean: [7.5025826618e-007, 0.000103725236841, 0.000133747467771, 0.000108315347461, 0.000468920567073, 0.000176306959474, 7.85842203186e-005, 5.40277069376e-005, 6.19859056314e-005, 4.35502151959e-005, 2.92450713459e-005, 4.23393248639e-005, 3.11524490826e-005, 3.87970612792e-005, 5.88149159739e-005, 8.73206881806e-005, 0.000219006557018, 0.000326610199409, 0.000332268653437, 0.000177920534043, 0.000107584608486, 3.96366303903e-005, 7.91074489825e-006, 2.82470136881e-006, 1.3235426195e-006, 4.25779518309e-008, 5.51912127111e-010, 4.84234145837e-011]
        dmean2: [1.14446982025e-006, 0.000183406300494, 0.000226016680244, 0.00018475332763, 0.000808911514468, 0.000286037218757, 0.000137295137392, 9.05110719032e-005, 9.89655964077e-005, 7.04830599716e-005, 4.7239347623e-005, 6.76980780554e-005, 4.97112123412e-005, 6.19216880295e-005, 9.5090996183e-005, 0.000142183474964, 0.00034621352097, 0.000517576001585, 0.000547309813555, 0.000289897609036, 0.000179519658559, 6.62608654238e-005, 1.23558611449e-005, 4.34112644143e-006, 2.04053139896e-006, 6.94624588959e-008, 9.19881726347e-010, 8.99154223299e-011]
        dvar: [1.75543911005e-012, 4.06191560387e-008, 3.95044708057e-008, 3.6583987395e-008, 2.32198567574e-006, 1.11392964186e-007, 3.09319787561e-008, 1.83052755176e-008, 1.09703321982e-008, 5.19107867802e-009, 3.49138318256e-009, 6.65631771923e-009, 4.38154712512e-009, 6.55222676116e-009, 1.23359615856e-008, 1.80329440269e-008, 1.70773617469e-007, 3.04581647015e-007, 1.92002715949e-007, 8.09101550203e-008, 2.8284443232e-008, 4.90695839517e-009, 4.40821573688e-010, 7.83573067542e-011, 1.69083826801e-011, 2.12000301889e-014, 5.86306652153e-018, 5.13817252706e-021]
        dvar2: [3.49469520163e-012, 1.13437977234e-007, 1.08949876676e-007, 1.02138898228e-007, 6.2437447923e-006, 2.8857465395e-007, 8.64545341983e-008, 4.84706212944e-008, 2.70874629393e-008, 1.33681670178e-008, 8.97341401185e-009, 1.68659930466e-008, 1.01400061681e-008, 1.58097748226e-008, 3.03066407525e-008, 4.65481697631e-008, 4.08505030691e-007, 7.05178536009e-007, 4.76821071516e-007, 2.02790658932e-007, 6.94642139365e-008, 1.19826717437e-008, 9.82023129481e-010, 1.65787508721e-010, 3.51262456622e-011, 5.1337121945e-014, 1.47021146473e-017, 1.61750192776e-020]
        max: [1.16722449093e-005, 0.0013226873707, 0.00260659260675, 0.00211931671947, 0.0129872132093, 0.00549694336951, 0.00208867597394, 0.00330244284123, 0.00168490526266, 0.00128717813641, 0.00137582945172, 0.00168028986081, 0.00128934672102, 0.00172453257255, 0.00197549606673, 0.00369168422185, 0.00822681188583, 0.0127225974575, 0.00702555291355, 0.00626954622567, 0.00245829927735, 0.00112922373228, 0.000606500252616, 0.000177838170202, 0.00010878375906, 3.5597427086e-006, 9.57323464945e-008, 9.29275600914e-010]
        mean: [8.63516220306e-007, 0.000108267209725, 0.000182146861334, 0.000132786561153, 0.000443540804554, 0.000241020781687, 9.62291887845e-005, 7.00682358001e-005, 0.00010007549281, 7.51520710764e-005, 4.71920648124e-005, 6.87296851538e-005, 4.49868020951e-005, 5.63697140024e-005, 8.83448374225e-005, 0.000155888497829, 0.000398169853725, 0.000557440449484, 0.000690952118021, 0.000383239472285, 0.000199431218789, 6.40349317109e-005, 1.37531260407e-005, 5.04703939441e-006, 2.16516536966e-006, 6.15073147969e-008, 6.36535157916e-010, 3.77828254794e-011]
        median: [2.37693768668e-007, 5.77785758651e-005, 0.000122945581097, 8.30965655041e-005, 0.000143668890814, 0.000103807906271, 4.61011331936e-005, 2.94425881293e-005, 4.77079302073e-005, 3.5617769754e-005, 2.34751496464e-005, 3.04371769744e-005, 2.12342238228e-005, 2.54829974438e-005, 4.26238329965e-005, 0.000103214319097, 0.000187640500371, 0.000241995090619, 0.000514983432367, 0.000271666154731, 0.000128514817334, 3.23705135088e-005, 4.30521686212e-006, 1.70881833128e-006, 7.27347696738e-007, 2.23642615538e-008, 2.54281540268e-010, 1.32156768168e-011]
        min: [8.48885528715e-025, 1.71319068489e-023, 6.04647802685e-024, 7.40630107248e-024, 6.62122070426e-023, 2.31753733992e-023, 3.59603852921e-023, 3.81654219162e-023, 1.34633502299e-022, 1.04753205636e-022, 7.43975666347e-023, 1.36400045856e-022, 1.75530740063e-022, 1.09865327224e-022, 7.13482658263e-023, 1.69171852213e-022, 1.41183748872e-022, 1.30666693149e-022, 2.55210790688e-022, 3.85533010367e-022, 4.4459508945e-022, 5.03189607519e-022, 7.53621870118e-022, 8.29238012281e-022, 1.30318347319e-021, 1.40040183287e-021, 2.42071700155e-021, 1.04066702273e-021]
        var: [2.43051368962e-012, 2.96273530154e-008, 4.30659810036e-008, 3.15644896887e-008, 1.6771313085e-006, 1.45926634332e-007, 2.95351210156e-008, 1.85886293025e-008, 2.13901412138e-008, 1.26329045003e-008, 5.97986193895e-009, 1.43541942776e-008, 7.16028836223e-009, 1.03669686169e-008, 1.9594910583e-008, 3.37383703197e-008, 3.81497727631e-007, 6.24084918854e-007, 4.34302791064e-007, 1.69162277075e-007, 4.60043168005e-008, 7.50325579446e-009, 7.72993447029e-010, 1.52976950551e-010, 2.84265944117e-011, 2.44004052667e-014, 5.49548855042e-018, 4.18066048093e-021]
    mfcc:
        mean: [-715.496398926, 87.7616195679, -44.8254241943, 68.7216262817, -10.8816862106, -5.52028369904, 1.62581753731, 0.760074555874, -1.79321110249, -4.67527198792, -4.60172319412, -2.78018307686, -3.213773489]
        cov: [[5013.09277344, 549.180419922, -530.041625977, 349.075286865, -308.004760742, -74.2366714478, -174.783905029, -30.5158100128, -120.877182007, -144.402984619, -75.767616272, -85.7981185913, -96.6855239868], [549.180419922, 671.77331543, -339.552734375, 137.461105347, -35.1329307556, -37.4012336731, 54.1289901733, 39.8879623413, 31.8129386902, -4.67486524582, 14.0503063202, 9.63264751434, 6.44740581512], [-530.041625977, -339.552734375, 550.25579834, -22.9245681763, 44.1130599976, 78.6262588501, 19.1050186157, -49.0286254883, -10.3964395523, 19.2851104736, -32.0768585205, -14.2274122238, 10.8590965271], [349.075286865, 137.461105347, -22.9245681763, 274.816192627, 11.0148067474, 28.4120941162, 14.9731407166, -1.23106360435, 28.1757297516, 18.4350242615, 0.219187289476, -2.62390708923, 16.1756362915], [-308.004760742, -35.1329307556, 44.1130599976, 11.0148067474, 196.770858765, 20.757106781, -0.842127799988, -1.91023242474, 21.2534618378, 18.1935901642, 30.6463890076, 13.6374635696, -5.50365781784], [-74.2366714478, -37.4012336731, 78.6262588501, 28.4120941162, 20.757106781, 147.985534668, 54.1286735535, -13.422703743, 22.7868080139, 26.2031040192, -12.0436038971, -12.0492296219, 6.55413484573], [-174.783905029, 54.1289901733, 19.1050186157, 14.9731407166, -0.842127799988, 54.1286735535, 133.375900269, 48.4613685608, 29.6672840118, 20.7663478851, 10.4306650162, 12.2063922882, 11.6818447113], [-30.5158100128, 39.8879623413, -49.0286254883, -1.23106360435, -1.91023242474, -13.422703743, 48.4613685608, 107.141517639, 27.2793159485, 2.30373740196, 22.868270874, 18.6252574921, 2.26486611366], [-120.877182007, 31.8129386902, -10.3964395523, 28.1757297516, 21.2534618378, 22.7868080139, 29.6672840118, 27.2793159485, 98.6328430176, 46.2115249634, -2.567278862, -2.52677297592, 10.2124452591], [-144.402984619, -4.67486524582, 19.2851104736, 18.4350242615, 18.1935901642, 26.2031040192, 20.7663478851, 2.30373740196, 46.2115249634, 85.691734314, 17.0821971893, -1.81935441494, 4.69243240356], [-75.767616272, 14.0503063202, -32.0768585205, 0.219187289476, 30.6463890076, -12.0436038971, 10.4306650162, 22.868270874, -2.567278862, 17.0821971893, 84.8558197021, 25.4664421082, -2.43504953384], [-85.7981185913, 9.63264751434, -14.2274122238, -2.62390708923, 13.6374635696, -12.0492296219, 12.2063922882, 18.6252574921, -2.52677297592, -1.81935441494, 25.4664421082, 59.6074333191, 25.9830322266], [-96.6855239868, 6.44740581512, 10.8590965271, 16.1756362915, -5.50365781784, 6.55413484573, 11.6818447113, 2.26486611366, 10.2124452591, 4.69243240356, -2.43504953384, 25.9830322266, 65.8249664307]]
        icov: [[0.000329002097715, -0.000128578642034, 0.000182834613952, -0.000431515509263, 0.000434695190052, -0.000231223893934, 0.000497618690133, -0.000150669176946, 0.000271187716862, 0.000268738571322, 0.000115089518658, 8.99508886505e-005, 0.000455479312222], [-0.000128578642034, 0.00276482384652, 0.00155047699809, -0.00102091394365, -9.23009574763e-005, 0.000837372615933, -0.00192040752154, 0.000680947559886, -0.000472566083772, 0.000260464439634, 0.000119204931252, 9.56675285124e-005, -0.000216888831346], [0.000182834613952, 0.00155047699809, 0.00324187730439, -0.000642062339466, -0.000311307347147, -0.000510204641614, -0.00111981038935, 0.00093653780641, 0.000714687863365, -0.000298053171718, 0.00102462479845, 0.000361138489097, -0.000263347232249], [-0.000431515509263, -0.00102091394365, -0.000642062339466, 0.00498510850593, -0.000769854173996, -0.000620006525423, -3.6986723444e-006, 0.000242462236201, -0.000969059299678, -0.000658504490275, -0.000417096394813, 0.00042107119225, -0.00164760265034], [0.000434695190052, -9.23009574763e-005, -0.000311307347147, -0.000769854173996, 0.00662303855643, -0.00122927408665, 0.0015289648436, 0.000389898719732, -0.00160658254754, 0.000709769956302, -0.00220409641042, -0.00166657799855, 0.00205443403684], [-0.000231223893934, 0.000837372615933, -0.000510204641614, -0.000620006525423, -0.00122927408665, 0.0103438552469, -0.00551572628319, 0.00290044303983, -0.000899272388779, -0.00134555262048, 0.000915920536499, 0.00191022560466, -0.000923460582271], [0.000497618690133, -0.00192040752154, -0.00111981038935, -3.6986723444e-006, 0.0015289648436, -0.00551572628319, 0.0138922147453, -0.00619981251657, -0.000130405576783, -0.000741804309655, -0.000416511233198, -0.00155029934831, 0.000199236921617], [-0.000150669176946, 0.000680947559886, 0.00093653780641, 0.000242462236201, 0.000389898719732, 0.00290044303983, -0.00619981251657, 0.0148282824084, -0.00491437548772, 0.00273965671659, -0.00278831808828, -0.00244184583426, 0.00125964882318], [0.000271187716862, -0.000472566083772, 0.000714687863365, -0.000969059299678, -0.00160658254754, -0.000899272388779, -0.000130405576783, -0.00491437548772, 0.01740228571, -0.00878088083118, 0.00403766520321, 0.00195156293921, -0.00198260834441], [0.000268738571322, 0.000260464439634, -0.000298053171718, -0.000658504490275, 0.000709769956302, -0.00134555262048, -0.000741804309655, 0.00273965671659, -0.00878088083118, 0.0185828935355, -0.00551425246522, 0.00166194152553, -1.14908198157e-005], [0.000115089518658, 0.000119204931252, 0.00102462479845, -0.000417096394813, -0.00220409641042, 0.000915920536499, -0.000416511233198, -0.00278831808828, 0.00403766520321, -0.00551425246522, 0.0173149388283, -0.00670003565028, 0.00303710228764], [8.99508886505e-005, 9.56675285124e-005, 0.000361138489097, 0.00042107119225, -0.00166657799855, 0.00191022560466, -0.00155029934831, -0.00244184583426, 0.00195156293921, 0.00166194152553, -0.00670003565028, 0.0267355609685, -0.0112331025302], [0.000455479312222, -0.000216888831346, -0.000263347232249, -0.00164760265034, 0.00205443403684, -0.000923460582271, 0.000199236921617, 0.00125964882318, -0.00198260834441, -1.14908198157e-005, 0.00303710228764, -0.0112331025302, 0.0213702060282]]
    sccoeffs:
        dmean: [0.0586837604642, 0.0501337125897, 0.036441590637, 0.0295836552978, 0.0241324603558, 0.0191001109779]
        dmean2: [0.0964120104909, 0.08316732198, 0.0599630698562, 0.0487881749868, 0.038471698761, 0.0304885841906]
        dvar: [0.00291080004536, 0.00171536987182, 0.000845114816912, 0.000587080256082, 0.000430000800407, 0.000325430417433]
        dvar2: [0.00750995753333, 0.004554242827, 0.0022526953835, 0.00150897935964, 0.000992795452476, 0.000831450335681]
        max: [-0.313757359982, -0.441830188036, -0.546248853207, -0.61860948801, -0.520252287388, -0.579803884029]
        mean: [-0.692868769169, -0.763529777527, -0.798502802849, -0.805880367756, -0.784577906132, -0.739302694798]
        median: [-0.700478971004, -0.771437585354, -0.803460240364, -0.811897158623, -0.791888654232, -0.737811505795]
        min: [-0.97532504797, -0.958226501942, -0.957525074482, -0.965427875519, -0.962707877159, -0.958393335342]
        var: [0.00596420373768, 0.00439444836229, 0.00299616530538, 0.00189682480413, 0.00199144682847, 0.00187157979235]
    scvalleys:
        dmean: [0.394815951586, 0.39882388711, 0.330569654703, 0.30753660202, 0.242238745093, 0.277014523745]
        dmean2: [0.650202810764, 0.642144799232, 0.514585793018, 0.464430838823, 0.372252494097, 0.416775673628]
        dvar: [0.124349988997, 0.138251304626, 0.102370172739, 0.0960080996156, 0.0833359062672, 0.147299066186]
        dvar2: [0.28783249855, 0.306580662727, 0.201168432832, 0.179827049375, 0.166074380279, 0.290855139494]
        max: [-5.25939702988, -4.59431838989, -5.67284631729, -5.87942552567, -5.42239904404, -7.38096809387]
        mean: [-6.81988143921, -6.90946340561, -7.30419158936, -7.41715192795, -6.85322570801, -9.70059680939]
        median: [-6.61193227768, -6.7724609375, -7.12985038757, -7.23902797699, -6.6523399353, -9.68615818024]
        min: [-26.978263855, -27.331659317, -27.2592754364, -27.1258831024, -27.1145515442, -27.2601222992]
        var: [1.40774309635, 1.32571196556, 1.39621281624, 1.30072581768, 1.28493189812, 1.30864822865]

rhythm:
    beats_loudness:
        dmean: 0.0040630963631
        dmean2: 0.00783029384911
        dvar: 5.52419851374e-006
        dvar2: 1.53819401021e-005
        max: 0.0168981291354
        mean: 0.00579828303307
        median: 0.00596329616383
        min: 4.4441787056e-011
        var: 1.0005650438e-005
    bpm: 95.04322052
    bpm_confidence: 0
    first_peak_bpm: 96
    first_peak_spread: 0.407407402992
    first_peak_weight: 0.58666664362
    onset_rate: 3.57803058624
    second_peak_bpm: 101
    second_peak_spread: 0.333333313465
    second_peak_weight: 0.0066666668281
    beats_loudness_band_ratio:
        dmean: [0.124908216298, 0.245804741979, 0.0502503663301, 0.0389183349907, 0.169667139649, 0.116809695959]
        dmean2: [0.221517473459, 0.479242950678, 0.0914729163051, 0.0720206350088, 0.316725462675, 0.207484424114]
        dvar: [0.013820650056, 0.0131172863767, 0.00357413059101, 0.00233150809072, 0.0254393219948, 0.00711047882214]
        dvar2: [0.041295953095, 0.042322345078, 0.0107605624944, 0.00737784057856, 0.0792269781232, 0.0202185995877]
        max: [0.81301254034, 0.589207828045, 0.420803457499, 0.334199041128, 0.829279363155, 0.64315366745]
        mean: [0.185541898012, 0.207463920116, 0.0663149282336, 0.049830827862, 0.26699078083, 0.298116922379]
        median: [0.15027320385, 0.164653718472, 0.0511934645474, 0.035922344774, 0.191817685962, 0.290245771408]
        min: [0, 0, 0, 0, 0, 0]
        var: [0.0197396036237, 0.024025881663, 0.00289800623432, 0.00198815669864, 0.0332529395819, 0.0130962794647]
    beats_position: [0.650158703327, 1.25387752056, 1.83437633514, 2.42648530006, 3.01859402657, 3.64553284645, 4.27247142792, 4.91102027893, 5.54956912994, 6.17650794983, 6.80344676971, 7.4303855896, 8.05732440948, 8.68426322937, 9.31120204926, 9.94974994659, 10.5882987976, 11.2268476486, 11.8653964996, 12.4923353195, 13.1192741394, 13.7462129593, 14.3847618103, 15.0117006302, 15.6502494812, 16.2771873474, 16.904127121, 17.5426750183, 18.181224823, 18.8081626892, 19.4351024628, 20.062040329, 20.7005901337, 21.3275279999, 21.9660758972, 22.5930156708, 23.219953537, 23.8585033417, 24.497051239, 25.1239910126, 25.7509288788, 26.3778686523, 27.0164165497, 27.6549663544, 28.2819042206, 28.9088420868, 29.5357818604, 30.1627197266, 30.8012695313, 31.4398174286, 32.0667572021, 32.7053070068, 33.3438529968, 33.9707946777, 34.5977325439, 35.2246704102, 35.8516082764, 36.4785499573, 37.1170959473, 37.755645752, 38.3825836182, 39.0211334229, 39.6596832275, 40.2866210938, 40.91355896, 41.5404968262, 42.1674385071, 42.8059844971, 43.4445343018, 44.071472168, 44.7100219727, 45.3485717773, 45.9755096436, 46.6024475098, 47.229385376, 47.8563270569, 48.4832649231, 49.1102027893, 49.7371406555, 50.3640823364, 51.0026283264, 51.6411781311, 52.2797279358, 52.906665802, 53.5452156067, 54.1721534729, 54.7990913391, 55.4260292053, 56.06457901, 56.6915168762, 57.3300666809, 57.9570045471, 58.583946228, 59.2108840942, 59.8378219604, 60.4763717651, 61.1149177551, 61.7534675598, 62.3920173645, 63.0073471069, 63.6458930969, 64.2728347778, 64.899772644, 65.5267105103, 66.1536483765, 66.7921981812, 67.4307479858, 68.0692977905, 68.7078475952, 69.3347854614, 69.9617233276, 70.5886611938, 71.2272109985, 71.8657608032, 72.4926986694, 73.1080245972, 73.7465744019, 74.3851242065, 75.0236740112, 75.6506118774, 76.2775497437, 76.9044876099, 77.5314254761, 78.1699752808, 78.8085250854, 79.4354629517, 80.0624008179, 80.6893386841, 81.3278884888, 81.9664382935, 82.6049880981, 83.2319259644, 83.8588638306, 84.4974136353, 85.1243515015, 85.7512893677, 86.3782272339, 87.0167770386, 87.6553268433, 88.2822647095, 88.9092025757, 89.5477523804, 90.1746902466, 90.8016281128, 91.4401779175, 92.0671157837, 92.7056655884, 93.3326034546, 93.9711532593, 94.5980911255, 95.2250289917, 95.8635787964, 96.4905166626, 97.1290664673, 97.7560043335, 98.3829498291, 99.0098876953, 99.6484298706, 100.286979675, 100.902313232, 101.540863037, 102.167800903, 102.806350708, 103.444892883, 104.071838379, 104.698776245, 105.325714111, 105.952651978, 106.591201782, 107.229751587, 107.856689453, 108.483627319, 109.110565186, 109.737503052, 110.387664795, 111.0262146, 111.653152466, 112.280090332, 112.907028198, 113.545578003, 114.172515869, 114.799453735, 115.426391602, 116.064941406, 116.703491211, 117.330429077, 117.957366943, 118.595916748, 119.222854614, 119.84979248, 120.488342285, 121.115280151, 121.742218018, 122.380767822, 123.019317627, 123.657867432, 124.284805298, 124.911743164, 125.53868103, 126.165618896, 126.804168701, 127.431106567, 128.058044434, 128.6849823, 129.335144043, 129.962081909, 130.589019775, 131.215957642, 131.866119385, 132.493057251, 133.119995117, 133.746932983, 134.37387085, 135.012420654, 135.650970459, 136.277908325, 136.91645813, 137.543395996, 138.181945801, 138.808883667, 139.435821533, 140.062759399, 140.701309204, 141.32824707, 141.966796875, 142.593734741, 143.220672607, 143.847610474, 144.486160278, 145.113098145, 145.751647949, 146.390197754, 147.028747559, 147.667297363, 148.305847168, 148.932785034, 149.5597229, 150.186660767, 150.813598633, 151.440536499, 152.067474365, 152.694412231, 153.321365356, 153.959899902, 154.598449707, 155.225387573, 155.852325439, 156.490875244, 157.129425049, 157.756362915, 158.383300781, 159.010253906, 159.648788452, 160.275741577, 160.902679443, 161.541213989, 162.168167114, 162.80670166, 163.445251465, 164.072189331, 164.699142456, 165.326080322, 165.953018188, 166.579956055, 167.218505859, 167.845443726, 168.48399353, 169.122543335, 169.761077881, 170.388031006, 171.014968872, 171.641906738, 172.268844604, 172.907394409, 173.545944214, 174.17288208, 174.799819946, 175.426757813, 176.065307617, 176.703857422, 177.330795288, 177.957733154, 178.584671021, 179.223220825, 179.86177063, 180.488708496, 181.127258301, 181.754196167, 182.392745972, 183.019683838, 183.646621704, 184.285171509, 184.923721313, 185.55065918, 186.177597046, 186.804534912, 187.41986084, 188.046798706, 188.673736572, 189.300674438, 189.927612305]
    bpm_estimates: [99.3840179443, 95.7031173706, 95.7031555176, 93.9630508423, 93.9630508423, 95.7031173706, 95.7031173706, 95.7031173706, 95.7031173706, 95.7031173706, 95.7031173706, 93.9631958008, 93.9630508423, 93.9630508423, 93.9630508423, 95.7031173706, 95.7031173706, 95.7031173706, 93.9630508423, 95.7031173706, 93.9630508423, 95.7032623291, 95.7029724121, 93.9631958008, 93.9629135132, 95.7032623291, 95.7029724121, 95.7032623291, 93.9629135132, 95.7032623291, 93.9631958008, 95.7029724121, 95.7032623291, 93.9629135132, 93.9631958008, 95.7029724121, 95.7032623291, 95.7029724121, 93.9631958008, 93.9629135132, 95.7032623291, 95.7032623291, 95.7029724121, 95.7032623291, 93.9629135132, 93.9631958008, 95.7029724121, 93.9629135132, 93.9634780884, 95.7026824951, 95.7032623291, 95.7032623291, 95.7032623291, 95.7026824951, 93.9634780884, 93.9629135132, 95.7032623291, 93.9629135132, 93.9629135132, 95.7032623291, 95.7032623291, 95.7032623291, 95.7026824951, 93.9634780884, 93.9629135132, 95.7032623291, 93.9629135132, 93.9629135132, 95.7032623291, 95.7032623291, 95.7032623291, 95.7026824951, 95.7032623291, 95.7032623291, 95.7032623291, 95.7026824951, 93.9634780884, 93.9629135132, 93.9629135132, 95.7032623291, 93.9629135132, 95.7032623291, 95.7032623291, 95.7032623291, 93.9629135132, 95.7032623291, 93.9629135132, 95.7032623291, 95.7026824951, 95.7032623291, 95.7032623291, 93.9629135132, 93.9634780884, 93.9629135132, 93.9629135132, 97.5086975098, 93.9634780884, 95.7026824951, 95.7032623291, 95.7032623291, 95.7032623291, 93.9629135132, 93.9629135132, 93.9629135132, 93.9629135132, 95.7032623291, 95.7032623291, 95.7032623291, 93.9629135132, 93.9629135132, 95.7032623291, 97.5093002319, 93.9629135132, 93.9629135132, 93.9629135132, 95.7032623291, 95.7032623291, 95.7032623291, 95.7032623291, 93.9629135132, 93.9629135132, 95.7032623291, 95.7032623291, 95.7032623291, 93.9629135132, 93.9629135132, 93.9629135132, 95.7032623291, 95.7032623291, 93.9629135132, 95.7032623291, 95.7032623291, 95.7032623291, 93.9629135132, 93.9629135132, 95.7032623291, 95.7032623291, 93.9629135132, 95.7032623291, 95.7032623291, 93.9629135132, 95.7032623291, 93.9629135132, 95.7032623291, 93.9629135132, 95.7032623291, 95.7032623291, 93.9629135132, 95.7032623291, 93.9629135132, 95.7032623291, 95.7021026611, 95.7032623291, 93.9640350342, 93.9629135132, 97.5080871582, 93.9629135132, 95.7032623291, 93.9629135132, 93.9640350342, 95.7021026611, 95.7032623291, 95.7032623291, 95.7032623291, 93.9629135132, 93.9629135132, 95.7032623291, 95.7032623291, 95.7032623291, 95.7032623291, 92.2847290039, 93.9629135132, 95.7032623291, 95.7032623291, 95.7032623291, 93.9629135132, 95.7032623291, 95.7032623291, 95.7032623291, 93.9629135132, 93.9629135132, 95.7032623291, 95.7032623291, 93.9629135132, 95.7032623291, 95.7032623291, 93.9629135132, 95.7032623291, 95.7032623291, 93.9629135132, 93.9629135132, 93.9629135132, 95.7032623291, 95.7032623291, 95.7032623291, 95.7032623291, 93.9629135132, 95.7032623291, 95.7032623291, 95.7032623291, 92.2847290039, 95.7032623291, 95.7032623291, 95.7032623291, 92.2847290039, 95.7032623291, 95.7032623291, 95.7032623291, 95.7032623291, 93.9629135132, 93.9629135132, 95.7032623291, 93.9629135132, 95.7032623291, 93.9629135132, 95.7032623291, 95.7032623291, 95.7032623291, 93.9629135132, 95.7032623291, 93.9629135132, 95.7032623291, 95.7032623291, 95.7032623291, 93.9629135132, 95.7032623291, 93.9629135132, 93.9629135132, 93.9629135132, 93.9629135132, 93.9629135132, 95.7032623291, 95.7032623291, 95.7032623291, 95.7032623291, 95.7032623291, 95.7032623291, 95.7032623291, 95.7009353638, 93.9651565552, 93.9629135132, 95.7032623291, 95.7032623291, 93.9629135132, 93.9629135132, 95.7032623291, 95.7032623291, 95.7009353638, 93.9651565552, 95.7009353638, 95.7032623291, 93.9651565552, 95.7009353638, 93.9651565552, 93.9629135132, 95.7032623291, 95.7009353638, 95.7032623291, 95.7032623291, 95.7032623291, 93.9629135132, 95.7032623291, 93.9629135132, 93.9629135132, 93.9651565552, 95.7009353638, 95.7032623291, 95.7032623291, 95.7032623291, 93.9629135132, 93.9629135132, 95.7032623291, 95.7032623291, 95.7032623291, 93.9629135132, 93.9629135132, 95.7032623291, 95.7032623291, 95.7032623291, 93.9629135132, 93.9629135132, 95.7032623291, 93.9629135132, 95.7032623291, 93.9629135132, 95.7032623291, 95.7032623291, 93.9629135132, 93.9629135132, 95.7032623291, 95.7032623291, 95.7032623291, 97.5093002319, 95.7032623291, 95.7032623291, 95.7032623291, 95.7032623291]
