
metadata:
    version:
        essentia: "2.1-beta2"
    audio_properties:
        analysis_sample_rate: 44100
        bitrate: 278
        channels: 2
        equal_loudness: 1
        length: 261.877563477
        replay_gain: -15.5460453033
        downmix: "mix"
    tags:
        album: "The Return"
        artist: "Nonpoint"
        comment: ""
        date: "2014"
        genre: "Hard Rock"
        title: "Widowmaker"
        tracknumber: "10/13"

configuration:
    average_loudness:
        compute: 1
        frameSize: 88200
        hopSize: 44100
        silentFrames: "noise"
        windowType: "hann"
    general:
        analysisSampleRate: 44100
        endTime: 2000
        equalLoudness: 1
        nequalLoudness: 0
        shortSound: 0
        startTime: 0
    lowlevel:
        compute: 1
        frameSize: 2048
        hopSize: 1024
        zeroPadding: 0
        silentFrames: "noise"
        windowType: "blackmanharris62"
        mfccStats: ["mean", "cov", "icov"]
        stats: ["mean", "var", "median", "min", "max", "dmean", "dmean2", "dvar", "dvar2"]
    panning:
        compute: 0
        frameSize: 8192
        hopSize: 2048
        zeroPadding: 8192
        silentFrames: "noise"
        windowType: "hann"
        stats: ["copy"]
    rhythm:
        compute: 1
        maxTempo: 208
        minTempo: 40
        method: "degara"
        stats: ["mean", "var", "median", "min", "max", "dmean", "dmean2", "dvar", "dvar2"]
    segmentation:
        compute: 0
        cpw: 5
        inc1: 300
        inc2: 50
        minimumSegmentsLength: 10
        size1: 1000
        size2: 600
    sfx:
        compute: 1
        stats: ["mean", "var", "median", "min", "max", "dmean", "dmean2", "dvar", "dvar2"]
    svm:
        compute: 0
    tonal:
        compute: 1
        frameSize: 4096
        hopSize: 2048
        zeroPadding: 0
        silentFrames: "noise"
        windowType: "blackmanharris62"
        stats: ["mean", "var", "median", "min", "max", "dmean", "dmean2", "dvar", "dvar2"]

lowlevel:
    average_loudness: 0.822928190231
    barkbands_kurtosis:
        dmean: 0.912721931934
        dmean2: 1.4939455986
        dvar: 6.53910732269
        dvar2: 16.892824173
        max: 132.186706543
        mean: 0.0510773397982
        median: -1.23814630508
        min: -1.91130197048
        var: 25.6367073059
    barkbands_skewness:
        dmean: 0.397829443216
        dmean2: 0.623237669468
        dvar: 0.173026353121
        dvar2: 0.403172552586
        max: 9.95655727386
        mean: 0.0703280940652
        median: -0.132817775011
        min: -4.20160388947
        var: 1.33379936218
    barkbands_spread:
        dmean: 4.72638845444
        dmean2: 7.57663297653
        dvar: 25.9894790649
        dvar2: 64.3351821899
        max: 77.6875228882
        mean: 33.737361908
        median: 34.4898834229
        min: 0.988090515137
        var: 131.962509155
    dissonance:
        dmean: 0.0114382784814
        dmean2: 0.0191062241793
        dvar: 0.000132827510242
        dvar2: 0.000356879667379
        max: 0.500000119209
        mean: 0.474850833416
        median: 0.481584012508
        min: 0.33239543438
        var: 0.000490238890052
    hfc:
        dmean: 2.24907231331
        dmean2: 3.60796666145
        dvar: 15.471575737
        dvar2: 38.3409996033
        max: 59.9288902283
        mean: 8.09264659882
        median: 7.70706653595
        min: 1.2232099406e-016
        var: 50.132068634
    pitch:
        dmean: 783.483886719
        dmean2: 1501.61303711
        dvar: 1682968.625
        dvar2: 4191811.5
        max: 5016.28564453
        mean: 1831.3190918
        median: 469.576416016
        min: 46.5115127563
        var: 2851581.75
    pitch_instantaneous_confidence:
        dmean: 0.0766196027398
        dmean2: 0.125572159886
        dvar: 0.0043989950791
        dvar2: 0.0111396610737
        max: 0.931346416473
        mean: 0.431936889887
        median: 0.399107515812
        min: 0.116758108139
        var: 0.0231057759374
    pitch_salience:
        dmean: 0.0540317520499
        dmean2: 0.0906073525548
        dvar: 0.00302180880681
        dvar2: 0.00849232636392
        max: 0.855548918247
        mean: 0.633296132088
        median: 0.663633167744
        min: 0.155786827207
        var: 0.0126508940011
    silence_rate_20dB:
        dmean: 0
        dmean2: 0
        dvar: 0
        dvar2: 0
        max: 1
        mean: 1
        median: 1
        min: 1
        var: 0
    silence_rate_30dB:
        dmean: 0
        dmean2: 0
        dvar: 0
        dvar2: 0
        max: 1
        mean: 1
        median: 1
        min: 1
        var: 0
    silence_rate_60dB:
        dmean: 0.0496497899294
        dmean2: 0.099308386445
        dvar: 0.0471866056323
        dvar2: 0.103645756841
        max: 1
        mean: 0.398492902517
        median: 0
        min: 0
        var: 0.239675492048
    spectral_centroid:
        dmean: 261.473876953
        dmean2: 409.216186523
        dvar: 95742.2421875
        dvar2: 198588.609375
        max: 11160.9824219
        mean: 1793.40686035
        median: 1869.22802734
        min: 168.125488281
        var: 493207.09375
    spectral_complexity:
        dmean: 3.08786249161
        dmean2: 4.9352722168
        dvar: 15.3644657135
        dvar2: 36.9610176086
        max: 47
        mean: 14.8787231445
        median: 16
        min: 0
        var: 126.484153748
    spectral_crest:
        dmean: 1.90927600861
        dmean2: 3.15753960609
        dvar: 4.2466673851
        dvar2: 11.2009391785
        max: 24.6596164703
        mean: 7.48127746582
        median: 6.33215713501
        min: 2.56698560715
        var: 13.480348587
    spectral_decrease:
        dmean: 2.5427029926e-010
        dmean2: 4.16106649137e-010
        dvar: 3.53006822731e-019
        dvar2: 9.02270310802e-019
        max: 3.16971235436e-029
        mean: -8.99558705303e-010
        median: -8.9231222411e-010
        min: -6.90629287092e-009
        var: 6.45797068218e-019
    spectral_energy:
        dmean: 0.00113249779679
        dmean2: 0.00184429809451
        dvar: 6.18387684881e-006
        dvar2: 1.57628910529e-005
        max: 0.0282740853727
        mean: 0.00412917416543
        median: 0.00411661155522
        min: 1.11761067265e-020
        var: 1.28574074552e-005
    spectral_energyband_high:
        dmean: 0.000190336999367
        dmean2: 0.00030764832627
        dvar: 1.5530190467e-007
        dvar2: 3.61342017641e-007
        max: 0.00687079271302
        mean: 0.000461144489236
        median: 0.000337821053108
        min: 8.28021606436e-021
        var: 3.3551751244e-007
    spectral_energyband_low:
        dmean: 0.000148636114318
        dmean2: 0.0002552215592
        dvar: 1.04520054833e-007
        dvar2: 2.93298484166e-007
        max: 0.0036449180916
        mean: 0.000254411192145
        median: 0.000178897666046
        min: 9.6119911889e-023
        var: 1.11194516705e-007
    spectral_energyband_middle_high:
        dmean: 0.000546227907762
        dmean2: 0.00087077653734
        dvar: 6.77524212733e-007
        dvar2: 1.65628705417e-006
        max: 0.0144048035145
        mean: 0.00202669063583
        median: 0.00179930473678
        min: 1.42823446119e-021
        var: 3.23139352076e-006
    spectral_energyband_middle_low:
        dmean: 0.00067399838008
        dmean2: 0.00111176050268
        dvar: 3.86729379898e-006
        dvar2: 9.93436333374e-006
        max: 0.0225164238364
        mean: 0.00146961107384
        median: 0.00107876071706
        min: 4.28646114239e-022
        var: 4.06861818192e-006
    spectral_flatness_db:
        dmean: 0.0142746046185
        dmean2: 0.0224525816739
        dvar: 0.00020641136507
        dvar2: 0.000500745023601
        max: 0.419084250927
        mean: 0.156370267272
        median: 0.143599689007
        min: 0.0685889422894
        var: 0.00231673335657
    spectral_flux:
        dmean: 0.00694285845384
        dmean2: 0.0108160600066
        dvar: 0.000124747457448
        dvar2: 0.000258417945588
        max: 0.142136096954
        mean: 0.0343538932502
        median: 0.037118345499
        min: 1.06501731045e-010
        var: 0.000515983381774
    spectral_kurtosis:
        dmean: 1.51891946793
        dmean2: 2.56069612503
        dvar: 6.55213928223
        dvar2: 17.6436805725
        max: 63.9323997498
        mean: 4.24130916595
        median: 3.17915844917
        min: -1.20946466923
        var: 19.3671779633
    spectral_rms:
        dmean: 0.000230170131545
        dmean2: 0.000364764186088
        dvar: 1.49632015223e-007
        dvar2: 3.62567362799e-007
        max: 0.00525209214538
        mean: 0.0017566831084
        median: 0.00200404739007
        min: 3.3020476544e-012
        var: 9.42540225424e-007
    spectral_rolloff:
        dmean: 302.347229004
        dmean2: 491.607330322
        dvar: 191858.140625
        dvar2: 380682.875
        max: 18561.6210938
        mean: 3330.87207031
        median: 3552.97851563
        min: 193.798828125
        var: 1164971
    spectral_skewness:
        dmean: 0.197967678308
        dmean2: 0.323349297047
        dvar: 0.0495409630239
        dvar2: 0.130757376552
        max: 6.15721559525
        mean: 1.28807342052
        median: 1.17407023907
        min: -0.033783853054
        var: 0.296036183834
    spectral_spread:
        dmean: 414412.59375
        dmean2: 602381.1875
        dvar: 410463502336
        dvar2: 611704963072
        max: 41459440
        mean: 4230097.5
        median: 4004070.5
        min: 962888.375
        var: 1.97654714778e+012
    spectral_strongpeak:
        dmean: 0.44575420022
        dmean2: 0.779950380325
        dvar: 0.541415691376
        dvar2: 1.43621909618
        max: 7.50031375885
        mean: 0.590665698051
        median: 0.225233674049
        min: 2.47544124088e-010
        var: 0.756060242653
    zerocrossingrate:
        dmean: 0.00812579784542
        dmean2: 0.00984173733741
        dvar: 8.78128848854e-005
        dvar2: 0.000102959500509
        max: 0.5068359375
        mean: 0.10182633996
        median: 0.10595703125
        min: 0.00830078125
        var: 0.00101776234806
    barkbands:
        dmean: [3.7134512354e-007, 5.97546786594e-005, 8.48447016324e-005, 7.96259191702e-005, 0.000454447697848, 0.000185423326911, 9.25816930248e-005, 7.42977063055e-005, 6.26331675448e-005, 5.41636072739e-005, 3.43865867762e-005, 5.11647922394e-005, 3.04704244627e-005, 3.3700493077e-005, 4.86681201437e-005, 7.96770909801e-005, 0.000152816908667, 0.000176919886144, 0.000232744132518, 0.000154126813868, 0.00010149897571, 3.49490837834e-005, 7.19502213542e-006, 2.69092424787e-006, 1.20868025988e-006, 3.70504622538e-008, 3.88537535478e-010]
        dmean2: [5.72077510697e-007, 0.000104754260974, 0.000143269106047, 0.000136474423925, 0.000776247179601, 0.000300752784824, 0.000155075467774, 0.000118626558105, 9.87214079942e-005, 8.55051184772e-005, 5.43451205886e-005, 8.2971608208e-005, 4.92077924719e-005, 5.41456029168e-005, 7.8751167166e-005, 0.00012887212506, 0.000243825241341, 0.000291482545435, 0.000391407578718, 0.000253548612818, 0.00016865984071, 5.72789795115e-005, 1.08058538899e-005, 3.94271683035e-006, 1.82939049864e-006, 5.97813638592e-008, 6.51771137061e-010]
        dvar: [8.71298692917e-013, 2.84439227727e-008, 3.08847845076e-008, 1.95956104676e-008, 2.87102898255e-006, 1.06793756061e-007, 3.96704109562e-008, 2.04475316679e-008, 1.33481110609e-008, 9.53268575188e-009, 4.90363882832e-009, 1.22060201946e-008, 5.58014212615e-009, 7.1641172994e-009, 1.03468389412e-008, 2.20003393281e-008, 7.20493034123e-008, 1.06552064949e-007, 1.41542997767e-007, 7.45490069676e-008, 3.94056520747e-008, 6.58799148567e-009, 4.66592597892e-010, 8.2598115847e-011, 1.26439718071e-011, 1.00748106215e-014, 7.86564079923e-019]
        dvar2: [1.77004634908e-012, 8.05622732969e-008, 8.63956159947e-008, 5.32589687907e-008, 7.62568924983e-006, 2.75648943671e-007, 1.09061133458e-007, 5.09074205013e-008, 3.34293339677e-008, 2.43246045528e-008, 1.17803029553e-008, 3.04563236853e-008, 1.34875843827e-008, 1.74392340568e-008, 2.50447360628e-008, 5.30338049032e-008, 1.66632673881e-007, 2.64761581548e-007, 3.65373296063e-007, 1.82958729056e-007, 9.70320783722e-008, 1.58403228312e-008, 9.09729458431e-010, 1.67599767398e-010, 2.73883138391e-011, 2.52015036172e-014, 1.97435769943e-018]
        max: [9.78080061032e-006, 0.00152795366012, 0.00288212951273, 0.00241511478089, 0.0192858763039, 0.00435169879347, 0.00282335444354, 0.00224052066915, 0.00216251332313, 0.00181423162576, 0.00119123409968, 0.00168465788011, 0.00205577258021, 0.0019424528582, 0.00215156888589, 0.00297930045053, 0.00490862783045, 0.00533953495324, 0.007050819695, 0.00513717951253, 0.00299836159684, 0.00157086388208, 0.000537601415999, 0.000288189941784, 0.000137686758535, 2.41890461439e-006, 3.22518332041e-008]
        mean: [4.95762378705e-007, 7.2896196798e-005, 0.000133904904942, 0.000111660046969, 0.000548381067347, 0.000343087333022, 0.000153517932631, 0.000132455068524, 0.000123942445498, 0.000111622517579, 6.45944746793e-005, 9.38112134463e-005, 5.08316115884e-005, 5.63750836591e-005, 8.64982139319e-005, 0.000170502156834, 0.000343386724126, 0.000340169237461, 0.000527263910044, 0.000371559261112, 0.000210311351111, 6.1742044636e-005, 1.30381740746e-005, 4.98950203109e-006, 2.07679545383e-006, 6.05497589845e-008, 5.31759969391e-010]
        median: [1.37799091249e-007, 3.59259356628e-005, 7.59016984375e-005, 6.12108342466e-005, 0.000219976776862, 0.000168200698681, 7.12217079126e-005, 5.32874691999e-005, 5.47331073903e-005, 4.8718360631e-005, 2.7711794246e-005, 3.75291201635e-005, 2.14488100028e-005, 2.06390723179e-005, 4.27632912761e-005, 9.34951094678e-005, 0.00017534988001, 0.00017697266594, 0.000411220360547, 0.000284426438157, 0.000145077385241, 3.1003197364e-005, 3.14341218655e-006, 1.15352895591e-006, 5.09129449711e-007, 1.63290820865e-008, 2.08170730653e-010]
        min: [4.65962229572e-024, 5.62971847188e-023, 1.05713751073e-023, 3.69039228882e-023, 5.263698687e-023, 1.59612877526e-023, 3.98554680532e-023, 7.98230363965e-024, 1.65990811634e-022, 4.67854407116e-023, 7.10056982451e-023, 7.09111548433e-023, 7.27768108842e-023, 5.79013491468e-023, 1.45402488641e-022, 7.8596401865e-023, 2.41957599314e-022, 1.49082177665e-022, 2.30119813731e-022, 2.83355833173e-022, 3.27716195555e-022, 5.26271702849e-022, 6.93878063752e-022, 7.59237196611e-022, 1.16518355431e-021, 1.49793826127e-021, 2.74803111786e-021]
        var: [1.21900861801e-012, 2.13154045525e-008, 3.76105049327e-008, 2.44642084368e-008, 2.23606571126e-006, 2.13838646346e-007, 5.5118945852e-008, 4.19234140736e-008, 3.87485670217e-008, 2.59814942893e-008, 1.10190123692e-008, 2.93288202613e-008, 1.06263158273e-008, 1.3565118806e-008, 2.16553370791e-008, 7.03277009961e-008, 2.69514771389e-007, 2.20721545929e-007, 3.16819296131e-007, 1.72354489791e-007, 7.31587448399e-008, 1.14663425421e-008, 1.19959331357e-009, 2.01405142564e-010, 2.49357669929e-011, 1.64831544274e-014, 1.15125301935e-018]
    frequency_bands:
        dmean: [3.7134512354e-007, 5.97546786594e-005, 8.48447016324e-005, 7.96259191702e-005, 0.000454447697848, 0.000185423326911, 9.25816930248e-005, 7.42977063055e-005, 6.26331675448e-005, 5.41636072739e-005, 3.43865867762e-005, 5.11647922394e-005, 3.04704244627e-005, 3.3700493077e-005, 4.86681201437e-005, 7.96770909801e-005, 0.000152816908667, 0.000176919886144, 0.000232744132518, 0.000154126813868, 0.00010149897571, 3.49490837834e-005, 7.19502213542e-006, 2.69092424787e-006, 1.20868025988e-006, 3.70504622538e-008, 3.88537535478e-010, 4.81356725313e-011]
        dmean2: [5.72077510697e-007, 0.000104754260974, 0.000143269106047, 0.000136474423925, 0.000776247179601, 0.000300752784824, 0.000155075467774, 0.000118626558105, 9.87214079942e-005, 8.55051184772e-005, 5.43451205886e-005, 8.2971608208e-005, 4.92077924719e-005, 5.41456029168e-005, 7.8751167166e-005, 0.00012887212506, 0.000243825241341, 0.000291482545435, 0.000391407578718, 0.000253548612818, 0.00016865984071, 5.72789795115e-005, 1.08058538899e-005, 3.94271683035e-006, 1.82939049864e-006, 5.97813638592e-008, 6.51771137061e-010, 8.93848814409e-011]
        dvar: [8.71298692917e-013, 2.84439227727e-008, 3.08847845076e-008, 1.95956104676e-008, 2.87102898255e-006, 1.06793756061e-007, 3.96704109562e-008, 2.04475316679e-008, 1.33481110609e-008, 9.53268575188e-009, 4.90363882832e-009, 1.22060201946e-008, 5.58014212615e-009, 7.1641172994e-009, 1.03468389412e-008, 2.20003393281e-008, 7.20493034123e-008, 1.06552064949e-007, 1.41542997767e-007, 7.45490069676e-008, 3.94056520747e-008, 6.58799148567e-009, 4.66592597892e-010, 8.2598115847e-011, 1.26439718071e-011, 1.00748106215e-014, 7.86564079923e-019, 7.63295288959e-021]
        dvar2: [1.77004634908e-012, 8.05622732969e-008, 8.63956159947e-008, 5.32589687907e-008, 7.62568924983e-006, 2.75648943671e-007, 1.09061133458e-007, 5.09074205013e-008, 3.34293339677e-008, 2.43246045528e-008, 1.17803029553e-008, 3.04563236853e-008, 1.34875843827e-008, 1.74392340568e-008, 2.50447360628e-008, 5.30338049032e-008, 1.66632673881e-007, 2.64761581548e-007, 3.65373296063e-007, 1.82958729056e-007, 9.70320783722e-008, 1.58403228312e-008, 9.09729458431e-010, 1.67599767398e-010, 2.73883138391e-011, 2.52015036172e-014, 1.97435769943e-018, 2.45505654842e-020]
        max: [9.78080061032e-006, 0.00152795366012, 0.00288212951273, 0.00241511478089, 0.0192858763039, 0.00435169879347, 0.00282335444354, 0.00224052066915, 0.00216251332313, 0.00181423162576, 0.00119123409968, 0.00168465788011, 0.00205577258021, 0.0019424528582, 0.00215156888589, 0.00297930045053, 0.00490862783045, 0.00533953495324, 0.007050819695, 0.00513717951253, 0.00299836159684, 0.00157086388208, 0.000537601415999, 0.000288189941784, 0.000137686758535, 2.41890461439e-006, 3.22518332041e-008, 1.50769075002e-009]
        mean: [4.95762378705e-007, 7.2896196798e-005, 0.000133904904942, 0.000111660046969, 0.000548381067347, 0.000343087333022, 0.000153517932631, 0.000132455068524, 0.000123942445498, 0.000111622517579, 6.45944746793e-005, 9.38112134463e-005, 5.08316115884e-005, 5.63750836591e-005, 8.64982139319e-005, 0.000170502156834, 0.000343386724126, 0.000340169237461, 0.000527263910044, 0.000371559261112, 0.000210311351111, 6.1742044636e-005, 1.30381740746e-005, 4.98950203109e-006, 2.07679545383e-006, 6.05497589845e-008, 5.31759969391e-010, 3.73069075632e-011]
        median: [1.37799091249e-007, 3.59259356628e-005, 7.59016984375e-005, 6.12108342466e-005, 0.000219976776862, 0.000168200698681, 7.12217079126e-005, 5.32874691999e-005, 5.47331073903e-005, 4.8718360631e-005, 2.7711794246e-005, 3.75291201635e-005, 2.14488100028e-005, 2.06390723179e-005, 4.27632912761e-005, 9.34951094678e-005, 0.00017534988001, 0.00017697266594, 0.000411220360547, 0.000284426438157, 0.000145077385241, 3.1003197364e-005, 3.14341218655e-006, 1.15352895591e-006, 5.09129449711e-007, 1.63290820865e-008, 2.08170730653e-010, 8.11654389532e-012]
        min: [4.65962229572e-024, 5.62971847188e-023, 1.05713751073e-023, 3.69039228882e-023, 5.263698687e-023, 1.59612877526e-023, 3.98554680532e-023, 7.98230363965e-024, 1.65990811634e-022, 4.67854407116e-023, 7.10056982451e-023, 7.09111548433e-023, 7.27768108842e-023, 5.79013491468e-023, 1.45402488641e-022, 7.8596401865e-023, 2.41957599314e-022, 1.49082177665e-022, 2.30119813731e-022, 2.83355833173e-022, 3.27716195555e-022, 5.26271702849e-022, 6.93878063752e-022, 7.59237196611e-022, 1.16518355431e-021, 1.49793826127e-021, 2.74803111786e-021, 7.19525862912e-022]
        var: [1.21900861801e-012, 2.13154045525e-008, 3.76105049327e-008, 2.44642084368e-008, 2.23606571126e-006, 2.13838646346e-007, 5.5118945852e-008, 4.19234140736e-008, 3.87485670217e-008, 2.59814942893e-008, 1.10190123692e-008, 2.93288202613e-008, 1.06263158273e-008, 1.3565118806e-008, 2.16553370791e-008, 7.03277009961e-008, 2.69514771389e-007, 2.20721545929e-007, 3.16819296131e-007, 1.72354489791e-007, 7.31587448399e-008, 1.14663425421e-008, 1.19959331357e-009, 2.01405142564e-010, 2.49357669929e-011, 1.64831544274e-014, 1.15125301935e-018, 5.81800957352e-021]
    mfcc:
        mean: [-748.278808594, 99.5974960327, -41.7532615662, 57.5299034119, -15.3223600388, -10.6047496796, -1.39237749577, -6.21978759766, -2.83864808083, -8.67463684082, -10.0627059937, -6.19215488434, -4.4913482666]
        cov: [[13830.9023438, 198.847930908, -1192.03491211, 1622.69213867, -944.702880859, 339.310882568, -216.293716431, 225.348129272, 150.654693604, 22.8824882507, 384.52166748, 474.145233154, 324.561187744], [198.847930908, 966.032775879, -230.346511841, 70.8286514282, -21.1994400024, -76.4311447144, 0.890348613262, -35.6857833862, -9.32896614075, -56.737613678, -69.4101791382, -44.2318763733, -46.8814620972], [-1192.03491211, -230.346511841, 585.382141113, -156.647720337, 187.649673462, 42.9286460876, 33.4542312622, -16.7100563049, -38.2136917114, 20.878736496, -55.5266075134, -61.0744590759, -24.7724838257], [1622.69213867, 70.8286514282, -156.647720337, 400.551055908, -79.7361297607, 62.2670669556, -14.9227323532, 39.5446090698, 48.0439910889, 8.85393810272, 58.4555664063, 78.6795730591, 60.346622467], [-944.702880859, -21.1994400024, 187.649673462, -79.7361297607, 248.719451904, 5.63938808441, -3.34942698479, -19.5190620422, 1.91364729404, 10.1274662018, -30.0485839844, -33.7500572205, -30.1628837585], [339.310882568, -76.4311447144, 42.9286460876, 62.2670669556, 5.63938808441, 129.203613281, 35.7919387817, 15.4949569702, 2.1738216877, 19.5547866821, 35.4174957275, 12.1676979065, 9.26790618896], [-216.293716431, 0.890348613262, 33.4542312622, -14.9227323532, -3.34942698479, 35.7919387817, 129.532073975, 33.3144073486, -4.52012300491, 4.69397830963, 10.4960861206, -1.23276174068, -3.41262531281], [225.348129272, -35.6857833862, -16.7100563049, 39.5446090698, -19.5190620422, 15.4949569702, 33.3144073486, 107.810157776, 24.8860969543, 8.25445175171, 37.9320678711, 31.5066585541, 17.488363266], [150.654693604, -9.32896614075, -38.2136917114, 48.0439910889, 1.91364729404, 2.1738216877, -4.52012300491, 24.8860969543, 81.3605651855, 27.1356925964, 11.6676111221, 20.569355011, 11.6252937317], [22.8824882507, -56.737613678, 20.878736496, 8.85393810272, 10.1274662018, 19.5547866821, 4.69397830963, 8.25445175171, 27.1356925964, 92.884727478, 38.8876571655, 9.45211601257, 8.91551303864], [384.52166748, -69.4101791382, -55.5266075134, 58.4555664063, -30.0485839844, 35.4174957275, 10.4960861206, 37.9320678711, 11.6676111221, 38.8876571655, 117.491020203, 55.7883453369, 22.5640773773], [474.145233154, -44.2318763733, -61.0744590759, 78.6795730591, -33.7500572205, 12.1676979065, -1.23276174068, 31.5066585541, 20.569355011, 9.45211601257, 55.7883453369, 109.342292786, 54.501285553], [324.561187744, -46.8814620972, -24.7724838257, 60.346622467, -30.1628837585, 9.26790618896, -3.41262531281, 17.488363266, 11.6252937317, 8.91551303864, 22.5640773773, 54.501285553, 86.6455154419]]
        icov: [[0.000209020916373, -1.48558256114e-005, 8.40942229843e-005, -0.000590664276388, 0.000516710744705, -0.000404914229875, 0.000430655956734, -0.000163470365806, 0.00013111649605, -2.28836124734e-005, 5.3306935115e-006, -0.000232966005569, 4.74852531624e-005], [-1.48558256114e-005, 0.00139018718619, 0.000643417122774, -0.000463605712866, -0.000386400293792, 0.000715191359632, -0.000555308710318, 0.000232391030295, 0.000329284754116, 0.000167289676028, 0.000715186819434, 0.000311715120915, 0.000591182673816], [8.40942229843e-005, 0.000643417122774, 0.0031396264676, 0.000226374759222, -0.00170839787461, -0.00110271340236, -0.000304133427562, -0.00051895272918, 0.00153104646597, -0.00101222319063, 0.00164249644149, 0.000377418560674, -0.000377309828764], [-0.000590664276388, -0.000463605712866, 0.000226374759222, 0.00565702887252, -0.00091315631289, -0.00123143580277, -0.000183964380994, 3.57373573934e-005, -0.0019622889813, 0.000567157578189, -0.000393835274735, -0.000445757381385, -0.00152632675599], [0.000516710744705, -0.000386400293792, -0.00170839787461, -0.00091315631289, 0.0070881457068, -0.00136927247513, 0.00171773601323, 0.000111491179268, -0.00126731209457, -0.000183984899195, 8.45173635753e-005, -0.000828415155411, 0.00135012867395], [-0.000404914229875, 0.000715191359632, -0.00110271340236, -0.00123143580277, -0.00136927247513, 0.0118425143883, -0.00384762650356, 0.00103984773159, 0.000372583570424, -0.000483969546622, -0.00269631389529, 0.001543062157, 7.26737416699e-005], [0.000430655956734, -0.000555308710318, -0.000304133427562, -0.000183964380994, 0.00171773601323, -0.00384762650356, 0.0105942720547, -0.00368667184375, 0.00101819436532, -0.000319008831866, 0.000198386158445, -0.00047482404625, 0.000441667245468], [-0.000163470365806, 0.000232391030295, -0.00051895272918, 3.57373573934e-005, 0.000111491179268, 0.00103984773159, -0.00368667184375, 0.0129128061235, -0.00397862913087, 0.00185232458171, -0.00348933064379, -0.000707509112544, -0.000562161847483], [0.00013111649605, 0.000329284754116, 0.00153104646597, -0.0019622889813, -0.00126731209457, 0.000372583570424, 0.00101819436532, -0.00397862913087, 0.0172134656459, -0.00591874588281, 0.00340851699002, -0.00224678684026, 0.000678658601828], [-2.28836124734e-005, 0.000167289676028, -0.00101222319063, 0.000567157578189, -0.000183984899195, -0.000483969546622, -0.000319008831866, 0.00185232458171, -0.00591874588281, 0.0153425037861, -0.00643866276368, 0.00252411351539, -0.00160241872072], [5.3306935115e-006, 0.000715186819434, 0.00164249644149, -0.000393835274735, 8.45173635753e-005, -0.00269631389529, 0.000198386158445, -0.00348933064379, 0.00340851699002, -0.00643866276368, 0.0164182763547, -0.00684496387839, 0.00237597338855], [-0.000232966005569, 0.000311715120915, 0.000377418560674, -0.000445757381385, -0.000828415155411, 0.001543062157, -0.00047482404625, -0.000707509112544, -0.00224678684026, 0.00252411351539, -0.00684496387839, 0.0186588410288, -0.00878205150366], [4.74852531624e-005, 0.000591182673816, -0.000377309828764, -0.00152632675599, 0.00135012867395, 7.26737416699e-005, 0.000441667245468, -0.000562161847483, 0.000678658601828, -0.00160241872072, 0.00237597338855, -0.00878205150366, 0.0182106643915]]
    sccoeffs:
        dmean: [0.0507986359298, 0.0411302261055, 0.0335277579725, 0.0282051898539, 0.0207954086363, 0.019963722676]
        dmean2: [0.0835803747177, 0.0679186210036, 0.054716091603, 0.0458281897008, 0.0340018644929, 0.0315251164138]
        dvar: [0.00212621525861, 0.00120663479902, 0.000730452477001, 0.000541909830645, 0.00031037782901, 0.000367676781025]
        dvar2: [0.00539824692532, 0.00320751941763, 0.00192517472897, 0.00134854775388, 0.000756968802307, 0.000902110943571]
        max: [-0.29554733634, -0.487337678671, -0.531769692898, -0.580269575119, -0.596814215183, -0.593802571297]
        mean: [-0.662424266338, -0.742520093918, -0.770682454109, -0.782114446163, -0.781397521496, -0.727035224438]
        median: [-0.669689297676, -0.746497631073, -0.773020625114, -0.788725614548, -0.78803062439, -0.725897014141]
        min: [-0.964728355408, -0.944159865379, -0.968136847019, -0.960923075676, -0.959586918354, -0.959154963493]
        var: [0.00735359918326, 0.00408930657431, 0.00305507075973, 0.00235789176077, 0.00168322282843, 0.00209363154136]
    scvalleys:
        dmean: [0.369031280279, 0.318518251181, 0.280219942331, 0.253355741501, 0.215610668063, 0.296180903912]
        dmean2: [0.618309140205, 0.518406331539, 0.45694938302, 0.404791921377, 0.340708732605, 0.416632115841]
        dvar: [0.109229683876, 0.0992488339543, 0.0763471201062, 0.0749738141894, 0.078830100596, 0.147725969553]
        dvar2: [0.271123111248, 0.215950325131, 0.158707499504, 0.151340737939, 0.155900150537, 0.282533407211]
        max: [-5.08258247375, -4.53995990753, -5.44400167465, -5.80009174347, -5.4776558876, -7.36011695862]
        mean: [-7.39960241318, -7.03665494919, -7.63361501694, -7.8933467865, -7.52290201187, -10.5272359848]
        median: [-6.69887542725, -6.55168819427, -7.11238861084, -7.26169204712, -6.68136310577, -9.8826007843]
        min: [-27.7617950439, -27.8052597046, -27.6011581421, -27.2276802063, -27.4598770142, -27.3728313446]
        var: [2.80385184288, 2.00137662888, 2.01313209534, 2.2954750061, 3.1308555603, 3.77767443657]

rhythm:
    beats_loudness:
        dmean: 0.0041900165379
        dmean2: 0.00759758939967
        dvar: 1.26983341033e-005
        dvar2: 4.46861158707e-005
        max: 0.0158834774047
        mean: 0.0054040257819
        median: 0.00463327253237
        min: 5.70903191388e-009
        var: 1.97136560018e-005
    bpm: 120.042808533
    bpm_confidence: 0
    first_peak_bpm: 120
    first_peak_spread: 0.325252532959
    first_peak_weight: 0.637404561043
    onset_rate: 2.6310005188
    second_peak_bpm: 161
    second_peak_spread: 0.33333337307
    second_peak_weight: 0.0114503819495
    beats_loudness_band_ratio:
        dmean: [0.16435995698, 0.253506332636, 0.0734844729304, 0.0522065646946, 0.127676516771, 0.108842790127]
        dmean2: [0.298590809107, 0.469145923853, 0.129591301084, 0.092040002346, 0.226637139916, 0.194166943431]
        dvar: [0.0153127899393, 0.0277683306485, 0.0048505757004, 0.00335872918367, 0.0126864751801, 0.0111810928211]
        dvar2: [0.0429696664214, 0.0924456417561, 0.0134147889912, 0.00979585014284, 0.0384443476796, 0.0333358198404]
        max: [0.896011769772, 0.890020906925, 0.549306511879, 0.426230370998, 0.671799004078, 0.894997358322]
        mean: [0.206251740456, 0.302995473146, 0.107705146074, 0.0700407549739, 0.200357973576, 0.225636541843]
        median: [0.162825703621, 0.262797117233, 0.0824474841356, 0.0499792136252, 0.173273861408, 0.210708782077]
        min: [0.00099416624289, 0.00480679050088, 0.00765655608848, 0.00166888791136, 0.0036332490854, 0.00141797447577]
        var: [0.0270173866302, 0.0399959012866, 0.006544734817, 0.00345758604817, 0.0154454587027, 0.0157212521881]
    beats_position: [0.46439909935, 0.96362811327, 1.46285712719, 1.95047616959, 2.43809509277, 2.92571425438, 3.42494320869, 3.92417216301, 4.41179132462, 4.92263031006, 5.4334692955, 5.93269824982, 6.43192720413, 6.93115615845, 7.4303855896, 7.92961454391, 8.44045352936, 8.93968200684, 9.43891143799, 9.93814086914, 10.4373693466, 10.9365987778, 11.4242172241, 11.9234466553, 12.4226751328, 12.9219045639, 13.4211339951, 13.9203624725, 14.4195919037, 14.9304304123, 15.4412698746, 15.9521083832, 16.4397277832, 16.9273471832, 17.426574707, 17.9258041382, 18.4250335693, 18.9242630005, 19.4234924316, 19.9227199554, 20.4219493866, 20.9211788177, 21.4204082489, 21.9312477112, 22.430475235, 22.9529247284, 23.4753742218, 23.8817234039, 24.2880725861, 24.6828117371, 25.0891609192, 25.4955101013, 25.9018592834, 26.2849884033, 26.6797275543, 27.0512466431, 27.4227657318, 27.7942848206, 28.1658039093, 28.537322998, 28.9204521179, 29.291973114, 29.6751022339, 30.1627197266, 30.6503391266, 31.1495685577, 31.66040802, 32.171245575, 32.6820869446, 33.1929244995, 33.6921539307, 34.2029914856, 34.7022209167, 35.2014503479, 35.6890678406, 36.1882972717, 36.6875267029, 37.186756134, 37.6859855652, 38.1736030579, 38.672832489, 39.1720619202, 39.6829032898, 40.1821289063, 40.6813583374, 41.1805877686, 41.6798171997, 42.1790466309, 42.678276062, 43.1775054932, 43.6767349243, 44.1875724792, 44.6868019104, 45.1860313416, 45.6736488342, 46.1728782654, 46.6721076965, 47.1713371277, 47.6821746826, 48.1814041138, 48.6806335449, 49.1798629761, 49.6790924072, 50.1783218384, 50.6775512695, 51.1651687622, 51.6643981934, 52.1636276245, 52.6628570557, 53.1736946106, 53.6729240417, 54.1837615967, 54.6829910278, 55.1938323975, 55.6930618286, 56.1922874451, 56.6915168762, 57.1907463074, 57.701587677, 58.1892051697, 58.7000427246, 59.1992721558, 59.6985015869, 60.1977310181, 60.6969604492, 61.1961898804, 61.6954193115, 62.1946487427, 62.6938781738, 63.2047157288, 63.6923332214, 64.1915664673, 64.6907958984, 65.1900177002, 65.6892471313, 66.1768722534, 66.6877059937, 67.1985473633, 67.6977767944, 68.1970062256, 68.6846237183, 69.1954650879, 69.6830825806, 70.1939239502, 70.7047576904, 71.2039871216, 71.7032165527, 72.1908340454, 72.701675415, 73.2009048462, 73.7001342773, 74.18775177, 74.6985931396, 75.2094345093, 75.697052002, 76.2078933716, 76.6955108643, 77.1947402954, 77.6939697266, 78.1931991577, 78.6924285889, 79.1916503906, 79.6908798218, 80.1785049438, 80.6893386841, 81.1885681152, 81.6877975464, 82.1754150391, 82.6862564087, 83.1970977783, 83.7079315186, 84.2187728882, 84.7063903809, 85.1940155029, 85.6932373047, 86.1924667358, 86.7033081055, 87.2025375366, 87.7017669678, 88.1893844604, 88.7002258301, 89.1994552612, 89.6986846924, 90.1863021851, 90.6971435547, 91.1847610474, 91.695602417, 92.1832199097, 92.6940536499, 93.1932830811, 93.6925125122, 94.1917419434, 94.6909713745, 95.1902008057, 95.6894302368, 96.188659668, 96.6878890991, 97.1871185303, 97.6863479614, 98.1855773926, 98.6848068237, 99.1840362549, 99.683265686, 100.182495117, 100.67011261, 101.180953979, 101.680175781, 102.179405212, 102.690246582, 103.189476013, 103.688705444, 104.187934875, 104.687164307, 105.186393738, 105.697235107, 106.1848526, 106.684082031, 107.183311462, 107.682540894, 108.181770325, 108.692604065, 109.203445435, 109.702674866, 110.201904297, 110.701133728, 111.200363159, 111.69959259, 112.187210083, 112.686439514, 113.197273254, 113.684898376, 114.184127808, 114.683357239, 115.194190979, 115.681808472, 116.181037903, 116.680267334, 117.191108704, 117.690338135, 118.177955627, 118.677185059, 119.17641449, 119.675643921, 120.186485291, 120.685714722, 121.184944153, 121.684173584, 122.183395386, 122.682624817, 123.181854248, 123.681083679, 124.191925049, 124.69115448, 125.20199585, 125.701225281, 126.200454712, 126.699676514, 127.198905945, 127.698135376, 128.185760498, 128.673370361, 129.172607422, 129.660217285, 130.171066284, 130.670288086, 131.169525146, 131.680358887, 132.191192627, 132.702041626, 133.201263428, 133.700500488, 134.19972229, 134.698959351, 135.198181152, 135.697418213, 136.196640015, 136.695877075, 137.195098877, 137.694335938, 138.181945801, 138.692779541, 139.192016602, 139.691238403, 140.190475464, 140.689697266, 141.188934326, 141.688156128, 142.187393188, 142.68661499, 143.197463989, 143.696685791, 144.195922852, 144.695144653, 145.194366455, 145.693603516, 146.192825317, 146.692062378, 147.19128418, 147.69052124, 148.189743042, 148.700592041, 149.199813843, 149.699050903, 150.198272705, 150.697509766, 151.196731567, 151.695953369, 152.183578491, 152.694412231, 153.193649292, 153.692871094, 154.192108154, 154.691329956, 155.202178955, 155.689788818, 156.189025879, 156.688247681, 157.187484741, 157.686706543, 158.174331665, 158.685165405, 159.184402466, 159.683624268, 160.194458008, 160.705307007, 161.204528809, 161.703765869, 162.191375732, 162.702224731, 163.201446533, 163.700683594, 164.188293457, 164.687530518, 165.186752319, 165.68598938, 166.185211182, 166.696044922, 167.195281982, 167.694503784, 168.182128906, 168.692962646, 169.192199707, 169.691421509, 170.190658569, 170.689880371, 171.189117432, 171.688339233, 172.187576294, 172.686798096, 173.186035156, 173.685256958, 174.184494019, 174.68371582, 175.182937622, 175.693786621, 176.193008423, 176.703857422, 177.191467285, 177.690704346, 178.189926147, 178.689163208, 179.18838501, 179.69921875, 180.186843872, 180.686080933, 181.185302734, 181.684524536, 182.183761597, 182.682983398, 183.182220459, 183.681442261, 184.180679321, 184.679901123, 185.179138184, 185.678359985, 186.177597046, 186.676818848, 187.176055908, 187.67527771, 188.174514771, 188.685348511, 189.196182251, 189.683807373, 190.183029175, 190.682266235, 191.193099976, 191.680725098, 192.179946899, 192.67918396, 193.178405762, 193.677642822, 194.176864624, 194.676101685, 195.186935425, 195.686157227, 196.185394287, 196.684616089, 197.183853149, 197.671463013, 198.170700073, 198.669921875, 199.180770874, 199.691604614, 200.202438354, 200.701675415, 201.189300537, 201.688522339, 202.187744141, 202.675369263, 203.174606323, 203.673828125, 204.184661865, 204.695510864, 205.194732666, 205.693969727, 206.193191528, 206.692428589, 207.191650391, 207.690887451, 208.190109253, 208.689331055, 209.176956177, 209.676193237, 210.175415039, 210.686248779, 211.18548584, 211.684707642, 212.183944702, 212.683166504, 213.182403564, 213.681625366, 214.180862427, 214.680084229, 215.179321289, 215.678543091, 216.177780151, 216.677001953, 217.176239014, 217.675460815, 218.163085938, 218.662307739, 219.1615448, 219.660766602, 220.159988403, 220.670837402, 221.181671143, 221.680908203, 222.191741943, 222.690963745, 223.190200806, 223.689422607, 224.200271606, 224.68788147, 225.18711853, 225.686340332, 226.185577393, 226.696411133, 227.207244873, 227.694869995, 228.194107056, 228.693328857, 229.204162598, 229.715011597, 230.20262146, 230.701858521, 231.201080322, 231.700317383, 232.199539185, 232.687164307, 233.197998047, 233.697235107, 234.196456909, 234.69569397, 235.194915771, 235.705749512, 236.204986572, 236.692596436, 237.191833496, 237.679458618, 238.190292358, 238.68951416, 239.188751221, 239.699584961, 240.198822021, 240.686431885, 241.185668945, 241.684890747, 242.184127808, 242.683349609, 243.18258667, 243.681808472, 244.192642212, 244.691879272, 245.202713013, 245.713562012, 246.201171875, 246.700408936, 247.199630737, 247.687255859, 248.186477661, 248.685714722, 249.196548462, 249.695770264, 250.195007324, 250.694229126, 251.193466187, 251.692687988, 252.191925049, 252.691146851, 253.190383911, 253.677993774, 254.165618896, 254.664840698, 255.164077759, 255.686523438, 256.208984375, 256.743041992, 257.288696289, 257.834381104, 258.3800354, 258.948944092, 259.529418945, 260.098327637, 260.667205811, 261.247711182]
