
metadata:
    version:
        essentia: "2.1-beta2"
    audio_properties:
        analysis_sample_rate: 44100
        bitrate: 281
        channels: 2
        equal_loudness: 1
        length: 209.39755249
        replay_gain: -17.4009361267
        downmix: "mix"
    tags:
        album: "The Return"
        artist: "Nonpoint"
        comment: ""
        date: "2014"
        genre: "Hard Rock"
        title: "Never Cared Before"
        tracknumber: "11/13"

configuration:
    average_loudness:
        compute: 1
        frameSize: 88200
        hopSize: 44100
        silentFrames: "noise"
        windowType: "hann"
    general:
        analysisSampleRate: 44100
        endTime: 2000
        equalLoudness: 1
        nequalLoudness: 0
        shortSound: 0
        startTime: 0
    lowlevel:
        compute: 1
        frameSize: 2048
        hopSize: 1024
        zeroPadding: 0
        silentFrames: "noise"
        windowType: "blackmanharris62"
        mfccStats: ["mean", "cov", "icov"]
        stats: ["mean", "var", "median", "min", "max", "dmean", "dmean2", "dvar", "dvar2"]
    panning:
        compute: 0
        frameSize: 8192
        hopSize: 2048
        zeroPadding: 8192
        silentFrames: "noise"
        windowType: "hann"
        stats: ["copy"]
    rhythm:
        compute: 1
        maxTempo: 208
        minTempo: 40
        method: "degara"
        stats: ["mean", "var", "median", "min", "max", "dmean", "dmean2", "dvar", "dvar2"]
    segmentation:
        compute: 0
        cpw: 5
        inc1: 300
        inc2: 50
        minimumSegmentsLength: 10
        size1: 1000
        size2: 600
    sfx:
        compute: 1
        stats: ["mean", "var", "median", "min", "max", "dmean", "dmean2", "dvar", "dvar2"]
    svm:
        compute: 0
    tonal:
        compute: 1
        frameSize: 4096
        hopSize: 2048
        zeroPadding: 0
        silentFrames: "noise"
        windowType: "blackmanharris62"
        stats: ["mean", "var", "median", "min", "max", "dmean", "dmean2", "dvar", "dvar2"]

lowlevel:
    average_loudness: 0.952380776405
    barkbands_kurtosis:
        dmean: 0.874425411224
        dmean2: 1.46162068844
        dvar: 2.03261876106
        dvar2: 5.43016195297
        max: 40.6314353943
        mean: -0.658176660538
        median: -1.15711700916
        min: -1.90874791145
        var: 3.00940489769
    barkbands_skewness:
        dmean: 0.558057188988
        dmean2: 0.881830573082
        dvar: 0.274617940187
        dvar2: 0.671624302864
        max: 5.45073032379
        mean: -0.333604305983
        median: -0.377278804779
        min: -4.01552867889
        var: 0.711475908756
    barkbands_spread:
        dmean: 7.43505716324
        dmean2: 12.1999530792
        dvar: 48.0066413879
        dvar2: 128.049285889
        max: 76.5612792969
        mean: 37.4796295166
        median: 37.5097732544
        min: 1.54559206963
        var: 126.789802551
    dissonance:
        dmean: 0.00902333389968
        dmean2: 0.015456745401
        dvar: 8.184689068e-005
        dvar2: 0.000232238991885
        max: 0.499997079372
        mean: 0.485509544611
        median: 0.487879902124
        min: 0.340941369534
        var: 0.000114092908916
    hfc:
        dmean: 3.10289955139
        dmean2: 5.05891799927
        dvar: 14.9306440353
        dvar2: 37.4613685608
        max: 41.7280082703
        mean: 7.97549104691
        median: 7.18125009537
        min: 1.17102238783e-016
        var: 26.3451004028
    pitch:
        dmean: 939.778442383
        dmean2: 1784.11572266
        dvar: 1676200.875
        dvar2: 4101715
        max: 4893.20947266
        mean: 2440.0559082
        median: 3084.61791992
        min: 73.8008880615
        var: 2129715.75
    pitch_instantaneous_confidence:
        dmean: 0.090704485774
        dmean2: 0.147674337029
        dvar: 0.00563149480149
        dvar2: 0.0137718655169
        max: 0.883755147457
        mean: 0.404274463654
        median: 0.385353982449
        min: 0.126390397549
        var: 0.0169373620301
    pitch_salience:
        dmean: 0.0777608975768
        dmean2: 0.133022934198
        dvar: 0.00585999246687
        dvar2: 0.0168126821518
        max: 0.872761785984
        mean: 0.670448839664
        median: 0.685960590839
        min: 0.182709470391
        var: 0.0071479533799
    silence_rate_20dB:
        dmean: 0
        dmean2: 0
        dvar: 0
        dvar2: 0
        max: 1
        mean: 1
        median: 1
        min: 1
        var: 0
    silence_rate_30dB:
        dmean: 0
        dmean2: 0
        dvar: 0
        dvar2: 0
        max: 1
        mean: 1
        median: 1
        min: 1
        var: 0
    silence_rate_60dB:
        dmean: 0.157462850213
        dmean2: 0.314960628748
        dvar: 0.132655933499
        dvar2: 0.263442516327
        max: 1
        mean: 0.396828919649
        median: 0
        min: 0
        var: 0.239346459508
    spectral_centroid:
        dmean: 381.151519775
        dmean2: 613.544799805
        dvar: 143196.28125
        dvar2: 340012.4375
        max: 10830.8359375
        mean: 1973.61193848
        median: 2020.35620117
        min: 185.004211426
        var: 292630.40625
    spectral_complexity:
        dmean: 4.63761377335
        dmean2: 7.54707765579
        dvar: 22.1394672394
        dvar2: 53.0162239075
        max: 40
        mean: 13.7887792587
        median: 14
        min: 0
        var: 57.6303977966
    spectral_crest:
        dmean: 2.67592430115
        dmean2: 4.57566022873
        dvar: 7.95035362244
        dvar2: 21.4825134277
        max: 21.5550727844
        mean: 7.36867284775
        median: 6.51010417938
        min: 2.53100323677
        var: 10.2070264816
    spectral_decrease:
        dmean: 3.81381953796e-010
        dmean2: 6.25096585605e-010
        dvar: 3.15469056341e-019
        dvar2: 7.80940595926e-019
        max: -9.12620982891e-029
        mean: -8.90204909787e-010
        median: -7.69295127601e-010
        min: -4.66160932078e-009
        var: 3.94253873784e-019
    spectral_energy:
        dmean: 0.00169199390803
        dmean2: 0.00275897886604
        dvar: 5.54889993509e-006
        dvar2: 1.36795779326e-005
        max: 0.0204166769981
        mean: 0.00408325064927
        median: 0.00356734939851
        min: 1.09659576144e-020
        var: 7.5872171692e-006
    spectral_energyband_high:
        dmean: 0.000221552778385
        dmean2: 0.000373815768398
        dvar: 1.10620035798e-007
        dvar2: 2.82158907794e-007
        max: 0.00346445315517
        mean: 0.000386970088584
        median: 0.000270033982815
        min: 7.88676647508e-021
        var: 1.32885745074e-007
    spectral_energyband_low:
        dmean: 0.000235116618569
        dmean2: 0.000403321406338
        dvar: 1.03895239079e-007
        dvar2: 2.87564205337e-007
        max: 0.00255354843102
        mean: 0.000344099564245
        median: 0.000250139273703
        min: 1.08800604816e-022
        var: 1.08160797652e-007
    spectral_energyband_middle_high:
        dmean: 0.000761887349654
        dmean2: 0.0012121964246
        dvar: 7.46230114146e-007
        dvar2: 1.77761978648e-006
        max: 0.00957388430834
        mean: 0.00214394880459
        median: 0.00186445110012
        min: 1.81994779917e-021
        var: 2.18688865061e-006
    spectral_energyband_middle_low:
        dmean: 0.000970666413195
        dmean2: 0.00161718868185
        dvar: 3.69277472601e-006
        dvar2: 9.361917364e-006
        max: 0.0135015537962
        mean: 0.0012921198504
        median: 0.000709535670467
        min: 3.00110935877e-022
        var: 3.33241064254e-006
    spectral_flatness_db:
        dmean: 0.0172469392419
        dmean2: 0.0279500409961
        dvar: 0.000258216343354
        dvar2: 0.000685404927935
        max: 0.3662789464
        mean: 0.140038833022
        median: 0.135709121823
        min: 0.0651931539178
        var: 0.00101276161149
    spectral_flux:
        dmean: 0.0105875330046
        dmean2: 0.0168009195477
        dvar: 0.000158824201208
        dvar2: 0.000341279112035
        max: 0.126698106527
        mean: 0.0419412218034
        median: 0.0401060394943
        min: 1.04718470006e-010
        var: 0.000313880271278
    spectral_kurtosis:
        dmean: 0.955236792564
        dmean2: 1.55234098434
        dvar: 1.0932508707
        dvar2: 2.79520797729
        max: 23.9110221863
        mean: 3.20939469337
        median: 2.67207098007
        min: -1.17809224129
        var: 4.50938415527
    spectral_rms:
        dmean: 0.000376494135708
        dmean2: 0.000596794241574
        dvar: 1.98746505475e-007
        dvar2: 4.70637672834e-007
        max: 0.0044630379416
        mean: 0.00188613473438
        median: 0.00186556717381
        min: 3.27085537474e-012
        var: 4.26165087219e-007
    spectral_rolloff:
        dmean: 353.708587646
        dmean2: 583.963134766
        dvar: 211342.734375
        dvar2: 502708.09375
        max: 18540.0878906
        mean: 3559.90795898
        median: 3552.97851563
        min: 107.666015625
        var: 383275.90625
    spectral_skewness:
        dmean: 0.166928604245
        dmean2: 0.268046081066
        dvar: 0.0258712228388
        dvar2: 0.0630585998297
        max: 4.02489328384
        mean: 1.20754420757
        median: 1.16191601753
        min: 0.0166045129299
        var: 0.112191177905
    spectral_spread:
        dmean: 457568.65625
        dmean2: 663679.4375
        dvar: 344438341632
        dvar2: 567639146496
        max: 39631960
        mean: 4739423.5
        median: 4661211
        min: 1961807.125
        var: 1.35987475251e+012
    spectral_strongpeak:
        dmean: 0.554503560066
        dmean2: 0.961913824081
        dvar: 0.571941971779
        dvar2: 1.48772537708
        max: 7.79727554321
        mean: 0.652565479279
        median: 0.290508300066
        min: 5.30409494104e-010
        var: 0.74433863163
    zerocrossingrate:
        dmean: 0.00994549505413
        dmean2: 0.0128302574158
        dvar: 0.000101849072962
        dvar2: 0.00014250469394
        max: 0.5029296875
        mean: 0.109171271324
        median: 0.109375
        min: 0.0224609375
        var: 0.000427176826634
    barkbands:
        dmean: [4.95034328196e-007, 0.000108884596557, 0.000135391237563, 9.70600449364e-005, 0.000741987896618, 0.000153449407662, 9.64399878285e-005, 4.09289968957e-005, 5.38067506568e-005, 5.96848658461e-005, 2.95289137284e-005, 4.9097739975e-005, 3.09594033752e-005, 4.13365960412e-005, 5.80625455768e-005, 8.01455316832e-005, 0.000204671363463, 0.000311348208925, 0.000265651615337, 0.0001532411261, 0.000111399138405, 4.44472607342e-005, 7.3017986324e-006, 2.50279981628e-006, 1.23676829844e-006, 3.31732046277e-008, 3.33466726454e-010]
        dmean2: [7.78226535658e-007, 0.000193030180526, 0.000228550183238, 0.000166690719198, 0.00128181732725, 0.000251581746852, 0.000163961245562, 6.93997208145e-005, 8.79960716702e-005, 9.89383988781e-005, 4.86547723995e-005, 8.06480966276e-005, 5.08127341163e-005, 6.72714595567e-005, 9.50955436565e-005, 0.000131743814563, 0.000323388812831, 0.000498436216731, 0.000447594182333, 0.000255042192293, 0.00019069906557, 7.74704676587e-005, 1.19517881103e-005, 3.92305219066e-006, 1.95266306946e-006, 5.45671028362e-008, 5.71978020503e-010]
        dvar: [5.47147722095e-013, 3.77805058349e-008, 3.00414058074e-008, 1.57977684268e-008, 3.10932546199e-006, 7.38872287798e-008, 3.08972438745e-008, 6.00382321636e-009, 7.66411645259e-009, 9.22056209163e-009, 2.98057223347e-009, 6.64269528272e-009, 2.74934786049e-009, 6.96866919725e-009, 9.07475605771e-009, 1.29088508771e-008, 9.87165620359e-008, 1.96141400011e-007, 1.18689754913e-007, 4.9044540873e-008, 2.69504791817e-008, 5.13210673958e-009, 1.83794132691e-010, 4.74520908678e-011, 1.12899125812e-011, 5.55253178573e-015, 7.79808961149e-019]
        dvar2: [1.17623770966e-012, 1.06624277407e-007, 8.05108086865e-008, 4.32709050813e-008, 8.0905165305e-006, 1.83386973163e-007, 8.08474496239e-008, 1.60760738055e-008, 2.01089207508e-008, 2.43298519109e-008, 7.89657317313e-009, 1.69541394257e-008, 6.90191104269e-009, 1.80746209111e-008, 2.29826593312e-008, 3.19342277066e-008, 2.38063847746e-007, 4.42953307811e-007, 3.04417568486e-007, 1.2695203111e-007, 6.89476209459e-008, 1.34045254896e-008, 4.50311538058e-010, 1.06255823584e-010, 2.69795123742e-011, 1.33909420689e-014, 1.72053391635e-018]
        max: [1.1363307749e-005, 0.00119131093379, 0.0017085399013, 0.00117735459935, 0.0121424915269, 0.00390154169872, 0.00268623721786, 0.00148247100879, 0.00170635827817, 0.00184974865988, 0.000962577352766, 0.00150509935338, 0.000792946666479, 0.001427952433, 0.00139931438025, 0.00171608745586, 0.00663195829839, 0.00547833833843, 0.00567562598735, 0.00280069350265, 0.00183140533045, 0.00113203399815, 0.000245654780883, 0.000184324453585, 0.000117134448374, 4.20264314016e-006, 7.10380234636e-008]
        mean: [6.02733507549e-007, 0.000114707385364, 0.000174582397449, 0.000113740701636, 0.000642182130832, 0.000215285268496, 0.000124919592054, 5.92433571001e-005, 9.47946246015e-005, 0.000102048776171, 5.33936581633e-005, 8.47612463986e-005, 4.66126875835e-005, 5.88823968428e-005, 8.73531243997e-005, 0.000139041905641, 0.000390247820178, 0.000549328280613, 0.00050348584773, 0.000269076001132, 0.000176518587978, 6.22919906164e-005, 1.31331580633e-005, 4.69486167276e-006, 2.26221027333e-006, 5.90028719216e-008, 4.7421883087e-010]
        median: [2.13964838736e-007, 6.72822279739e-005, 0.00011207490752, 7.60914626881e-005, 0.000169553313754, 0.0001023025834, 5.53654463147e-005, 2.5024273782e-005, 4.24892532465e-005, 4.40085568698e-005, 1.87622190424e-005, 3.45487569575e-005, 2.42091773544e-005, 2.47390853474e-005, 4.63202231913e-005, 8.88770227903e-005, 0.000193653264432, 0.000290381547529, 0.000405752536608, 0.000203691204661, 0.000123329635244, 3.44521358784e-005, 6.54939867673e-006, 2.29573606703e-006, 1.14642239168e-006, 3.30597167419e-008, 2.69981342838e-010]
        min: [2.47563894928e-023, 4.19090875596e-023, 2.70600495072e-023, 3.87192148934e-023, 5.82126589036e-023, 5.17950356259e-023, 2.23390814432e-023, 5.510919175e-023, 6.13062873839e-023, 4.15367578342e-023, 1.02942952874e-022, 9.93816182293e-023, 1.72035859061e-022, 7.91268887357e-023, 1.36505147372e-022, 3.15524621633e-022, 1.3177994628e-022, 1.21888968437e-022, 3.16092576241e-022, 4.75702765329e-022, 5.0192273477e-022, 5.08985425388e-022, 6.50114938495e-022, 9.13452864529e-022, 1.10302111303e-021, 2.03551033979e-021, 2.11945745895e-021]
        var: [9.35126975854e-013, 2.78684684218e-008, 3.68655257432e-008, 1.59538302569e-008, 2.36453502112e-006, 1.04023889946e-007, 3.76057691653e-008, 1.08062048199e-008, 2.21168612313e-008, 2.25284377819e-008, 8.54932924454e-009, 1.78664603112e-008, 4.31098090559e-009, 1.04119548539e-008, 1.41966252087e-008, 2.65085109419e-008, 2.42955536578e-007, 4.67301561002e-007, 1.65252004081e-007, 6.09875172586e-008, 3.00063618397e-008, 5.46910960963e-009, 2.95899083014e-010, 8.31986562977e-011, 1.86460777374e-011, 1.16203103251e-014, 1.45282880182e-018]
    frequency_bands:
        dmean: [4.95034328196e-007, 0.000108884596557, 0.000135391237563, 9.70600449364e-005, 0.000741987896618, 0.000153449407662, 9.64399878285e-005, 4.09289968957e-005, 5.38067506568e-005, 5.96848658461e-005, 2.95289137284e-005, 4.9097739975e-005, 3.09594033752e-005, 4.13365960412e-005, 5.80625455768e-005, 8.01455316832e-005, 0.000204671363463, 0.000311348208925, 0.000265651615337, 0.0001532411261, 0.000111399138405, 4.44472607342e-005, 7.3017986324e-006, 2.50279981628e-006, 1.23676829844e-006, 3.31732046277e-008, 3.33466726454e-010, 4.75243837339e-011]
        dmean2: [7.78226535658e-007, 0.000193030180526, 0.000228550183238, 0.000166690719198, 0.00128181732725, 0.000251581746852, 0.000163961245562, 6.93997208145e-005, 8.79960716702e-005, 9.89383988781e-005, 4.86547723995e-005, 8.06480966276e-005, 5.08127341163e-005, 6.72714595567e-005, 9.50955436565e-005, 0.000131743814563, 0.000323388812831, 0.000498436216731, 0.000447594182333, 0.000255042192293, 0.00019069906557, 7.74704676587e-005, 1.19517881103e-005, 3.92305219066e-006, 1.95266306946e-006, 5.45671028362e-008, 5.71978020503e-010, 8.89470372356e-011]
        dvar: [5.47147722095e-013, 3.77805058349e-008, 3.00414058074e-008, 1.57977684268e-008, 3.10932546199e-006, 7.38872287798e-008, 3.08972438745e-008, 6.00382321636e-009, 7.66411645259e-009, 9.22056209163e-009, 2.98057223347e-009, 6.64269528272e-009, 2.74934786049e-009, 6.96866919725e-009, 9.07475605771e-009, 1.29088508771e-008, 9.87165620359e-008, 1.96141400011e-007, 1.18689754913e-007, 4.9044540873e-008, 2.69504791817e-008, 5.13210673958e-009, 1.83794132691e-010, 4.74520908678e-011, 1.12899125812e-011, 5.55253178573e-015, 7.79808961149e-019, 5.28524911738e-021]
        dvar2: [1.17623770966e-012, 1.06624277407e-007, 8.05108086865e-008, 4.32709050813e-008, 8.0905165305e-006, 1.83386973163e-007, 8.08474496239e-008, 1.60760738055e-008, 2.01089207508e-008, 2.43298519109e-008, 7.89657317313e-009, 1.69541394257e-008, 6.90191104269e-009, 1.80746209111e-008, 2.29826593312e-008, 3.19342277066e-008, 2.38063847746e-007, 4.42953307811e-007, 3.04417568486e-007, 1.2695203111e-007, 6.89476209459e-008, 1.34045254896e-008, 4.50311538058e-010, 1.06255823584e-010, 2.69795123742e-011, 1.33909420689e-014, 1.72053391635e-018, 1.70657086204e-020]
        max: [1.1363307749e-005, 0.00119131093379, 0.0017085399013, 0.00117735459935, 0.0121424915269, 0.00390154169872, 0.00268623721786, 0.00148247100879, 0.00170635827817, 0.00184974865988, 0.000962577352766, 0.00150509935338, 0.000792946666479, 0.001427952433, 0.00139931438025, 0.00171608745586, 0.00663195829839, 0.00547833833843, 0.00567562598735, 0.00280069350265, 0.00183140533045, 0.00113203399815, 0.000245654780883, 0.000184324453585, 0.000117134448374, 4.20264314016e-006, 7.10380234636e-008, 8.74156635966e-010]
        mean: [6.02733507549e-007, 0.000114707385364, 0.000174582397449, 0.000113740701636, 0.000642182130832, 0.000215285268496, 0.000124919592054, 5.92433571001e-005, 9.47946246015e-005, 0.000102048776171, 5.33936581633e-005, 8.47612463986e-005, 4.66126875835e-005, 5.88823968428e-005, 8.73531243997e-005, 0.000139041905641, 0.000390247820178, 0.000549328280613, 0.00050348584773, 0.000269076001132, 0.000176518587978, 6.22919906164e-005, 1.31331580633e-005, 4.69486167276e-006, 2.26221027333e-006, 5.90028719216e-008, 4.7421883087e-010, 3.61726169851e-011]
        median: [2.13964838736e-007, 6.72822279739e-005, 0.00011207490752, 7.60914626881e-005, 0.000169553313754, 0.0001023025834, 5.53654463147e-005, 2.5024273782e-005, 4.24892532465e-005, 4.40085568698e-005, 1.87622190424e-005, 3.45487569575e-005, 2.42091773544e-005, 2.47390853474e-005, 4.63202231913e-005, 8.88770227903e-005, 0.000193653264432, 0.000290381547529, 0.000405752536608, 0.000203691204661, 0.000123329635244, 3.44521358784e-005, 6.54939867673e-006, 2.29573606703e-006, 1.14642239168e-006, 3.30597167419e-008, 2.69981342838e-010, 1.3403724311e-011]
        min: [2.47563894928e-023, 4.19090875596e-023, 2.70600495072e-023, 3.87192148934e-023, 5.82126589036e-023, 5.17950356259e-023, 2.23390814432e-023, 5.510919175e-023, 6.13062873839e-023, 4.15367578342e-023, 1.02942952874e-022, 9.93816182293e-023, 1.72035859061e-022, 7.91268887357e-023, 1.36505147372e-022, 3.15524621633e-022, 1.3177994628e-022, 1.21888968437e-022, 3.16092576241e-022, 4.75702765329e-022, 5.0192273477e-022, 5.08985425388e-022, 6.50114938495e-022, 9.13452864529e-022, 1.10302111303e-021, 2.03551033979e-021, 2.11945745895e-021, 7.59770946211e-022]
        var: [9.35126975854e-013, 2.78684684218e-008, 3.68655257432e-008, 1.59538302569e-008, 2.36453502112e-006, 1.04023889946e-007, 3.76057691653e-008, 1.08062048199e-008, 2.21168612313e-008, 2.25284377819e-008, 8.54932924454e-009, 1.78664603112e-008, 4.31098090559e-009, 1.04119548539e-008, 1.41966252087e-008, 2.65085109419e-008, 2.42955536578e-007, 4.67301561002e-007, 1.65252004081e-007, 6.09875172586e-008, 3.00063618397e-008, 5.46910960963e-009, 2.95899083014e-010, 8.31986562977e-011, 1.86460777374e-011, 1.16203103251e-014, 1.45282880182e-018, 3.96317377604e-021]
    mfcc:
        mean: [-713.007141113, 86.7885055542, -42.2373962402, 63.8346328735, -9.56130409241, -5.30216884613, 0.11781873554, 2.12113523483, -2.82821345329, -7.54390621185, -4.47361469269, -3.55951786041, -3.96079850197]
        cov: [[4735.09960938, 308.186218262, -272.83291626, 365.142486572, -107.732940674, 45.1515235901, -151.16267395, -69.0760345459, -35.6890640259, -129.784698486, -30.5603065491, -89.4989624023, -96.1602630615], [308.186218262, 547.39263916, -201.223648071, 80.8842391968, -18.9151077271, -50.5548286438, 50.7453308105, 75.0307922363, 0.86996203661, -21.1799907684, 2.82530784607, 24.5025539398, 5.62909555435], [-272.83291626, -201.223648071, 460.341247559, 81.1251678467, 38.3360176086, 105.305427551, 25.5857486725, -48.0387458801, 0.634759843349, 43.6269073486, -26.5773849487, -25.0226478577, 14.4154729843], [365.142486572, 80.8842391968, 81.1251678467, 405.754730225, 178.901123047, 103.707633972, -23.8781776428, -14.521821022, 36.1422348022, 45.2137374878, 12.3339366913, 8.12081241608, 8.0495967865], [-107.732940674, -18.9151077271, 38.3360176086, 178.901123047, 248.178955078, 84.3177185059, -31.5714015961, -12.8946790695, 39.1811141968, 44.3712158203, 33.0105400085, 23.7839107513, 4.03551101685], [45.1515235901, -50.5548286438, 105.305427551, 103.707633972, 84.3177185059, 190.783920288, 70.7526855469, -7.74105787277, 23.7617588043, 39.0251464844, -0.0686153024435, -4.42758750916, 13.7733716965], [-151.16267395, 50.7453308105, 25.5857486725, -23.8781776428, -31.5714015961, 70.7526855469, 185.157073975, 84.9174880981, 0.32009229064, 3.72811961174, 7.82977294922, 21.3030662537, 19.2016658783], [-69.0760345459, 75.0307922363, -48.0387458801, -14.521821022, -12.8946790695, -7.74105787277, 84.9174880981, 125.968505859, 22.6237659454, -4.38305902481, 23.0592308044, 32.9472732544, 8.22526168823], [-35.6890640259, 0.86996203661, 0.634759843349, 36.1422348022, 39.1811141968, 23.7617588043, 0.32009229064, 22.6237659454, 92.204498291, 48.8466186523, 13.9521684647, 6.34374666214, 15.4436473846], [-129.784698486, -21.1799907684, 43.6269073486, 45.2137374878, 44.3712158203, 39.0251464844, 3.72811961174, -4.38305902481, 48.8466186523, 94.3756713867, 22.2057571411, 2.58661437035, 10.6999235153], [-30.5603065491, 2.82530784607, -26.5773849487, 12.3339366913, 33.0105400085, -0.0686153024435, 7.82977294922, 23.0592308044, 13.9521684647, 22.2057571411, 83.8787231445, 37.7234115601, -5.55786657333], [-89.4989624023, 24.5025539398, -25.0226478577, 8.12081241608, 23.7839107513, -4.42758750916, 21.3030662537, 32.9472732544, 6.34374666214, 2.58661437035, 37.7234115601, 71.8983535767, 27.6658267975], [-96.1602630615, 5.62909555435, 14.4154729843, 8.0495967865, 4.03551101685, 13.7733716965, 19.2016658783, 8.22526168823, 15.4436473846, 10.6999235153, -5.55786657333, 27.6658267975, 71.3953399658]]
        icov: [[0.000318329664879, -8.43885063659e-005, 0.000214665516978, -0.000474243366625, 0.000585370173212, -0.000478918140288, 0.000420247903094, 8.44708210934e-006, -0.000126718019601, 0.00053786765784, -0.000219376845052, 0.000217835258809, 0.000236146428506], [-8.43885063659e-005, 0.0027915511746, 0.00117405480705, -0.0012083647307, 0.00021725690749, 0.00116213376168, -0.0012912186794, -0.000556534272619, 0.000230043428019, -0.000285870744847, 0.000746798876207, -0.000229911820497, -0.000119350857858], [0.000214665516978, 0.00117405480705, 0.003435425926, -0.00118554686196, 0.000657026190311, -0.000880491978023, -0.000673586851917, 0.00065895577427, 0.000642552273348, -0.000858435989358, 0.000818897504359, 0.00046414649114, -0.000251902994933], [-0.000474243366625, -0.0012083647307, -0.00118554686196, 0.00524044875056, -0.00328482780606, -0.00109100330155, 0.000934764393605, -0.000470824132208, 0.00017221912276, -0.0010705149034, 0.000382457074011, -0.000227082229685, -0.000455008383142], [0.000585370173212, 0.00021725690749, 0.000657026190311, -0.00328482780606, 0.00879179313779, -0.00384849007241, 0.00327561167069, -0.000485919736093, -0.00112033705227, 0.000262783985818, -0.00148779549636, -0.00231246836483, 0.00141271424945], [-0.000478918140288, 0.00116213376168, -0.000880491978023, -0.00109100330155, -0.00384849007241, 0.0121580697596, -0.00797114800662, 0.00405817804858, -0.0014898966765, -0.00153607642278, 0.000763892428949, 0.00145787175279, -0.000840521766804], [0.000420247903094, -0.0012912186794, -0.000673586851917, 0.000934764393605, 0.00327561167069, -0.00797114800662, 0.0144055578858, -0.00933219585568, 0.00331788463518, -0.0005385701661, -0.000508503930178, -0.000471806066344, -0.00124190014321], [8.44708210934e-006, -0.000556534272619, 0.00065895577427, -0.000470824132208, -0.000485919736093, 0.00405817804858, -0.00933219585568, 0.0173356290907, -0.00634168786928, 0.00295794778503, -0.0011697729351, -0.00404050806537, 0.00213567330502], [-0.000126718019601, 0.000230043428019, 0.000642552273348, 0.00017221912276, -0.00112033705227, -0.0014898966765, 0.00331788463518, -0.00634168786928, 0.0182965472341, -0.00892064068466, 6.89695516485e-005, 0.00223765941337, -0.00363150658086], [0.00053786765784, -0.000285870744847, -0.000858435989358, -0.0010705149034, 0.000262783985818, -0.00153607642278, -0.0005385701661, 0.00295794778503, -0.00892064068466, 0.0188566129655, -0.00560665642843, 0.00275176018476, -0.00127259222791], [-0.000219376845052, 0.000746798876207, 0.000818897504359, 0.000382457074011, -0.00148779549636, 0.000763892428949, -0.000508503930178, -0.0011697729351, 6.89695516485e-005, -0.00560665642843, 0.0203603897244, -0.012149490416, 0.00676371296868], [0.000217835258809, -0.000229911820497, 0.00046414649114, -0.000227082229685, -0.00231246836483, 0.00145787175279, -0.000471806066344, -0.00404050806537, 0.00223765941337, 0.00275176018476, -0.012149490416, 0.0279878135771, -0.0120022995397], [0.000236146428506, -0.000119350857858, -0.000251902994933, -0.000455008383142, 0.00141271424945, -0.000840521766804, -0.00124190014321, 0.00213567330502, -0.00363150658086, -0.00127259222791, 0.00676371296868, -0.0120022995397, 0.0207601115108]]
    sccoeffs:
        dmean: [0.0681348741055, 0.049703322351, 0.0366672426462, 0.030312191695, 0.0238995533437, 0.0214112382382]
        dmean2: [0.11159940809, 0.0820007398725, 0.0609754547477, 0.049943305552, 0.0376553684473, 0.0338467657566]
        dvar: [0.00377874611877, 0.00160286040045, 0.000854032288771, 0.000601314473897, 0.000447031721706, 0.000367245491361]
        dvar2: [0.00927296467125, 0.00424736412242, 0.00232139206491, 0.00157117599156, 0.000984549173154, 0.00095516507281]
        max: [-0.266832858324, -0.42439225316, -0.598379194736, -0.628268778324, -0.565711021423, -0.608209252357]
        mean: [-0.681518256664, -0.76550424099, -0.802403748035, -0.801022827625, -0.788793206215, -0.750849664211]
        median: [-0.694471180439, -0.77198278904, -0.806715905666, -0.805488169193, -0.798041820526, -0.750464498997]
        min: [-0.967219352722, -0.968977630138, -0.960602283478, -0.964563429356, -0.961593985558, -0.961394846439]
        var: [0.00723198940977, 0.00427144579589, 0.00249019358307, 0.00185764627531, 0.00194288615603, 0.00108253583312]
    scvalleys:
        dmean: [0.389685600996, 0.399845093489, 0.33492398262, 0.306559026241, 0.275049507618, 0.27079975605]
        dmean2: [0.648887276649, 0.668368577957, 0.533564329147, 0.472776740789, 0.428515940905, 0.415029138327]
        dvar: [0.118000127375, 0.144777372479, 0.102165304124, 0.0910095870495, 0.097787886858, 0.125666558743]
        dvar2: [0.281387805939, 0.346565246582, 0.214828908443, 0.189431890845, 0.21020911634, 0.264042168856]
        max: [-5.47679615021, -4.80030155182, -5.44605255127, -5.8779668808, -5.56590747833, -7.15507411957]
        mean: [-6.85503911972, -6.83465957642, -7.20539474487, -7.37030601501, -6.86094045639, -9.52522850037]
        median: [-6.58874797821, -6.74439620972, -7.10024309158, -7.23046731949, -6.71852588654, -9.43380641937]
        min: [-27.1738204956, -26.8982849121, -27.4119758606, -27.2748165131, -27.1901130676, -27.1918373108]
        var: [1.39725542068, 0.921499609947, 1.03755629063, 0.939879417419, 0.955150663853, 1.1623301506]

rhythm:
    beats_loudness:
        dmean: 0.00240957853384
        dmean2: 0.00410515349358
        dvar: 4.23635674451e-006
        dvar2: 1.16859882837e-005
        max: 0.0116376550868
        mean: 0.00493734655902
        median: 0.00495045166463
        min: 2.43932807287e-009
        var: 6.88138970872e-006
    bpm: 99.7945556641
    bpm_confidence: 0
    first_peak_bpm: 99
    first_peak_spread: 0.307377010584
    first_peak_weight: 0.451871663332
    onset_rate: 4.25983953476
    second_peak_bpm: 133
    second_peak_spread: 0.258620679379
    second_peak_weight: 0.229946523905
    beats_loudness_band_ratio:
        dmean: [0.11505882442, 0.178761973977, 0.0579414479434, 0.0536633320153, 0.127657294273, 0.0882439762354]
        dmean2: [0.193221837282, 0.306877404451, 0.102807894349, 0.0940775200725, 0.216068580747, 0.154626280069]
        dvar: [0.0100411521271, 0.023226134479, 0.00454168347642, 0.00642913719639, 0.0155680188909, 0.00672347284853]
        dvar2: [0.0271245408803, 0.0526915751398, 0.013424731791, 0.0138511620462, 0.0401862859726, 0.0197352860123]
        max: [0.865810513496, 0.686946511269, 0.422482192516, 0.771968364716, 0.827636539936, 0.717631697655]
        mean: [0.226079553366, 0.274633675814, 0.0731752589345, 0.0701614320278, 0.247584924102, 0.233863815665]
        median: [0.213811814785, 0.241335570812, 0.0535916909575, 0.0389380864799, 0.197515279055, 0.222872361541]
        min: [0.000204887590371, 0.00294261355884, 0.00440266728401, 0.00191338628065, 0.0165030118078, 0.0266935825348]
        var: [0.0162844341248, 0.0389812327921, 0.00411726022139, 0.00809438619763, 0.0225873924792, 0.00824238359928]
    beats_position: [0.603718817234, 1.18421769142, 1.78793644905, 2.39165520668, 2.99537420273, 3.59909296036, 4.20281171799, 4.80653047562, 5.41024923325, 6.01396799088, 6.6176867485, 7.22140598297, 7.81351470947, 8.40562343597, 9.0093421936, 9.61306095123, 10.2167797089, 10.8321084976, 11.4706573486, 12.1092061996, 12.7477550507, 13.3514738083, 13.9551925659, 14.5589113235, 15.1626300812, 15.7663488388, 16.3700675964, 16.9621772766, 17.5542850494, 18.1580047607, 18.7617225647, 19.3538322449, 19.9459400177, 20.549659729, 21.153377533, 21.7570972443, 22.3608150482, 22.9529247284, 23.5450344086, 24.1487522125, 24.7524719238, 25.3445796967, 25.948299408, 26.5520172119, 27.1557369232, 27.7594547272, 28.3515644073, 28.9552822113, 29.5473918915, 30.1394996643, 30.7432193756, 31.3469390869, 31.9506568909, 32.5543746948, 33.1580963135, 33.7618141174, 34.3655319214, 34.9692497253, 35.572971344, 36.1534690857, 36.7571868896, 37.3609046936, 37.9530143738, 38.5567321777, 39.1488418579, 39.7409515381, 40.3330612183, 40.9367790222, 41.5521087646, 42.1674385071, 42.7595443726, 43.3516540527, 43.9553718567, 44.5590934753, 45.1511993408, 45.743309021, 46.347026825, 46.9623565674, 47.5660743713, 48.1581840515, 48.7619056702, 49.3540115356, 49.9461212158, 50.5498390198, 51.1535606384, 51.7572784424, 52.3609962463, 52.9647140503, 53.5684356689, 54.1721534729, 54.7642631531, 55.3563690186, 55.9484786987, 56.5638084412, 57.1791381836, 57.794467926, 58.4214057922, 59.0483436584, 59.6752815247, 60.3022193909, 60.9059410095, 61.5096588135, 62.1133766174, 62.7170982361, 63.32081604, 63.924533844, 64.5166397095, 65.1203613281, 65.7124710083, 66.316192627, 66.9199066162, 67.5236282349, 68.115737915, 68.7078475952, 69.3115615845, 69.9152832031, 70.5073928833, 71.0995025635, 71.6916122437, 72.2837142944, 72.8874359131, 73.5027618408, 74.1064834595, 74.7102050781, 75.3023147583, 75.9060287476, 76.5097503662, 77.1134643555, 77.7055740356, 78.3092956543, 78.9014053345, 79.5051269531, 80.1088409424, 80.712562561, 81.3162765503, 81.9199981689, 82.5237197876, 83.1158294678, 83.7079315186, 84.3116531372, 84.9153747559, 85.5190887451, 86.1228103638, 86.7381362915, 87.3650741577, 88.0036239624, 88.6421737671, 89.2575073242, 89.8612213135, 90.4649429321, 91.0686569214, 91.6607666016, 92.2528762817, 92.8565979004, 93.460319519, 94.0640335083, 94.6793670654, 95.3179092407, 95.9564590454, 96.5950088501, 97.1987304688, 97.802444458, 98.4061660767, 99.0098876953, 99.6136016846, 100.194099426, 100.797821045, 101.401542664, 102.005256653, 102.597366333, 103.189476013, 103.793197632, 104.396911621, 105.00063324, 105.604354858, 106.1848526, 106.788566589, 107.392288208, 107.996009827, 108.588119507, 109.180221558, 109.783943176, 110.387664795, 110.991378784, 111.595100403, 112.198822021, 112.790924072, 113.383033752, 113.986755371, 114.59047699, 115.205802917, 115.797912598, 116.401634216, 117.005348206, 117.609069824, 118.212783813, 118.816505432, 119.420227051, 120.012336731, 120.604438782, 121.2081604, 121.811882019, 122.415596008, 123.019317627, 123.460494995, 123.913284302, 124.366073608, 124.807250977, 125.260040283, 125.71282959, 126.165618896, 126.618408203, 127.059593201, 127.512374878, 127.965164185, 128.406341553, 128.847518921, 129.300308228, 129.753097534, 130.205886841, 130.658676147, 131.111465454, 131.564254761, 132.005432129, 132.458221436, 132.911010742, 133.363800049, 133.816589355, 134.257781982, 134.710571289, 135.163360596, 135.616149902, 136.057327271, 136.510116577, 136.962905884, 137.41569519, 137.856872559, 138.309661865, 138.762451172, 139.20362854, 139.656417847, 140.109207153, 140.56199646, 141.014785767, 141.455963135, 141.908752441, 142.361541748, 142.814331055, 143.255508423, 143.708297729, 144.172698975, 144.613876343, 145.055053711, 145.507843018, 145.960632324, 146.413421631, 146.866210938, 147.319000244, 147.771789551, 148.212966919, 148.654144287, 149.106933594, 149.5597229, 150.012512207, 150.465301514, 150.906478882, 151.359268188, 151.812057495, 152.253234863, 152.70602417, 153.158813477, 153.611602783, 154.06439209, 154.517181396, 154.969970703, 155.411148071, 155.863937378, 156.316726685, 156.757904053, 157.210693359, 157.663482666, 158.116271973, 158.569061279, 159.010253906, 159.463043213, 159.915817261, 160.357009888, 160.809799194, 161.250976563, 161.703765869, 162.156555176, 162.609344482, 163.050521851, 163.503311157, 163.956100464, 164.408889771, 164.861679077, 165.314468384, 165.76725769, 166.208435059, 166.649612427, 167.102401733, 167.55519104, 168.007980347, 168.460769653, 168.91355896, 169.366348267, 169.807525635, 170.260314941, 170.713104248, 171.165893555, 171.618682861, 172.059860229, 172.512649536, 172.965438843, 173.406616211, 173.859405518, 174.312194824, 174.764984131, 175.217773438, 175.821487427, 176.413604736, 177.005706787, 177.609436035, 178.213150024, 178.816864014, 179.420593262, 180.024307251, 180.616409302, 181.208526611, 181.812240601, 182.41595459, 183.019683838, 183.623397827, 184.215499878, 184.807617188, 185.411331177, 185.991836548, 186.595550537, 187.199264526, 187.802993774, 188.406707764, 188.998809814, 189.590927124, 190.194641113, 190.798370361, 191.402084351, 191.982574463, 192.586303711, 193.201629639, 193.805343628, 194.397460938, 194.989562988, 195.581680298, 196.185394287, 196.789108276, 197.392837524, 197.996551514, 198.588653564, 199.180770874, 199.784484863, 200.388198853, 201.003540039, 201.59564209, 202.199356079, 202.803085327, 203.406799316, 204.022125244, 204.637451172, 205.299224854, 205.960998535, 206.622756958, 207.296142578, 207.969512939, 208.64289856]
    bpm_estimates: [103.359375, 99.3840255737, 99.3840255737, 99.3839874268, 99.3840255737, 99.3840255737, 99.3840255737, 99.3840255737, 99.3840255737, 99.3840255737, 99.3839492798, 101.332740784, 101.332740784, 99.3840255737, 99.3840255737, 99.3840255737, 97.5088424683, 99.3840255737, 99.3840255737, 99.3840255737, 99.3840255737, 99.3840255737, 99.3840255737, 101.332580566, 101.332901001, 99.3838653564, 99.3841781616, 101.332580566, 101.332901001, 99.3838653564, 99.3841781616, 99.3838653564, 99.3841781616, 101.332580566, 101.332580566, 99.3841781616, 99.3838653564, 101.332901001, 99.3838653564, 99.3841781616, 99.3838653564, 99.3841781616, 101.332580566, 99.3841781616, 101.332580566, 101.332901001, 99.3838653564, 99.3838653564, 99.3841781616, 99.3841781616, 99.3835525513, 99.3841781616, 99.3841781616, 99.3841781616, 99.3835525513, 103.359573364, 99.3841781616, 99.3841781616, 101.332580566, 99.3841781616, 101.332580566, 101.332580566, 101.332580566, 99.3841781616, 97.5086975098, 97.5086975098, 101.333229065, 101.332580566, 99.3841781616, 99.3835525513, 101.333229065, 101.332580566, 99.3841781616, 97.5086975098, 99.3841781616, 101.332580566, 99.3835525513, 101.333229065, 101.332580566, 99.3841781616, 99.3835525513, 99.3841781616, 99.3841781616, 99.3841781616, 99.3835525513, 99.3841781616, 101.332580566, 101.333229065, 101.332580566, 97.5086975098, 97.5086975098, 97.5086975098, 95.7032623291, 95.7032623291, 95.7032623291, 95.7032623291, 99.3835525513, 99.3841781616, 99.3841781616, 99.3835525513, 99.3841781616, 99.3841781616, 101.333229065, 99.3835525513, 101.332580566, 99.3835525513, 99.3848114014, 99.3835525513, 101.332580566, 101.332580566, 99.3848114014, 99.3835525513, 101.332580566, 101.332580566, 101.332580566, 101.333885193, 99.3835525513, 97.5093002319, 99.3835525513, 99.3835525513, 101.332580566, 99.3848114014, 99.3835525513, 99.3848114014, 101.332580566, 99.3835525513, 101.332580566, 99.3835525513, 99.3848114014, 99.3835525513, 99.3848114014, 99.3835525513, 99.3835525513, 101.332580566, 101.333885193, 99.3835525513, 99.3835525513, 99.3848114014, 99.3835525513, 97.5093002319, 95.7032623291, 97.5080871582, 99.3848114014, 99.3835525513, 99.3848114014, 101.332580566, 101.332580566, 99.3835525513, 99.3835525513, 99.3848114014, 97.5080871582, 99.3835525513, 99.3848114014, 99.3835525513, 99.3835525513, 99.3848114014, 103.359573364, 99.3835525513, 99.3835525513, 99.3848114014, 101.332580566, 101.332580566, 99.3835525513, 99.3848114014, 99.3835525513, 99.3835525513, 103.359573364, 99.3848114014, 99.3835525513, 99.3835525513, 101.332580566, 101.333885193, 99.3835525513, 99.3835525513, 99.3848114014, 99.3835525513, 99.3835525513, 101.333885193, 101.332580566, 99.3835525513, 99.3835525513, 97.5093002319, 101.332580566, 99.3835525513, 99.3848114014, 99.3835525513, 99.3848114014, 99.3835525513, 99.3835525513, 101.332580566, 101.333885193, 99.3835525513, 99.3835525513, 99.3848114014, 99.3835525513, 99.3848114014, 101.331268311, 101.333885193, 99.3823013306, 99.3848114014, 99.3848114014, 99.3823013306, 99.3848114014, 101.333885193, 101.331268311, 99.3848114014, 99.3848114014, 99.3823013306, 99.3848114014, 101.333885193, 101.331268311, 99.3848114014, 103.358215332, 99.3848114014, 99.3848114014, 99.3823013306, 99.3848114014, 101.333885193, 101.331268311, 99.3848114014, 99.3823013306, 99.3848114014, 103.360931396, 99.3823013306, 97.5093002319, 99.3848114014, 101.331268311, 101.333885193, 101.331268311, 99.3848114014, 99.3848114014, 99.3823013306, 99.3848114014, 101.333885193, 101.331268311, 99.3848114014, 99.3848114014, 97.5068817139, 101.333885193, 99.3848114014, 99.3823013306, 99.3848114014, 97.5093002319, 97.5093002319]
