
metadata:
    version:
        essentia: "2.1-beta2"
    audio_properties:
        analysis_sample_rate: 44100
        bitrate: 277
        channels: 2
        equal_loudness: 1
        length: 181.916732788
        replay_gain: -17.4170417786
        downmix: "mix"
    tags:
        album: "The Return"
        artist: "Nonpoint"
        comment: ""
        date: "2014"
        genre: "Hard Rock"
        title: "Fuck'D"
        tracknumber: "12/13"

configuration:
    average_loudness:
        compute: 1
        frameSize: 88200
        hopSize: 44100
        silentFrames: "noise"
        windowType: "hann"
    general:
        analysisSampleRate: 44100
        endTime: 2000
        equalLoudness: 1
        nequalLoudness: 0
        shortSound: 0
        startTime: 0
    lowlevel:
        compute: 1
        frameSize: 2048
        hopSize: 1024
        zeroPadding: 0
        silentFrames: "noise"
        windowType: "blackmanharris62"
        mfccStats: ["mean", "cov", "icov"]
        stats: ["mean", "var", "median", "min", "max", "dmean", "dmean2", "dvar", "dvar2"]
    panning:
        compute: 0
        frameSize: 8192
        hopSize: 2048
        zeroPadding: 8192
        silentFrames: "noise"
        windowType: "hann"
        stats: ["copy"]
    rhythm:
        compute: 1
        maxTempo: 208
        minTempo: 40
        method: "degara"
        stats: ["mean", "var", "median", "min", "max", "dmean", "dmean2", "dvar", "dvar2"]
    segmentation:
        compute: 0
        cpw: 5
        inc1: 300
        inc2: 50
        minimumSegmentsLength: 10
        size1: 1000
        size2: 600
    sfx:
        compute: 1
        stats: ["mean", "var", "median", "min", "max", "dmean", "dmean2", "dvar", "dvar2"]
    svm:
        compute: 0
    tonal:
        compute: 1
        frameSize: 4096
        hopSize: 2048
        zeroPadding: 0
        silentFrames: "noise"
        windowType: "blackmanharris62"
        stats: ["mean", "var", "median", "min", "max", "dmean", "dmean2", "dvar", "dvar2"]

lowlevel:
    average_loudness: 0.935299277306
    barkbands_kurtosis:
        dmean: 0.80407333374
        dmean2: 1.34877371788
        dvar: 1.59660506248
        dvar2: 3.79269170761
        max: 30.7628555298
        mean: -0.746590018272
        median: -1.22844314575
        min: -1.90302717686
        var: 2.70920968056
    barkbands_skewness:
        dmean: 0.550590574741
        dmean2: 0.858707487583
        dvar: 0.244618862867
        dvar2: 0.581288456917
        max: 4.31722450256
        mean: -0.184517115355
        median: -0.2173589468
        min: -4.16414022446
        var: 0.694452702999
    barkbands_spread:
        dmean: 7.64682579041
        dmean2: 12.5001716614
        dvar: 48.6611709595
        dvar2: 128.85333252
        max: 78.8846969604
        mean: 38.8446884155
        median: 39.1529006958
        min: 2.7230861187
        var: 149.676818848
    dissonance:
        dmean: 0.0100766001269
        dmean2: 0.0170208867639
        dvar: 0.000108556800114
        dvar2: 0.000292994693154
        max: 0.500000178814
        mean: 0.484134703875
        median: 0.487632989883
        min: 0.24129666388
        var: 0.000226573625696
    hfc:
        dmean: 3.24069452286
        dmean2: 5.4369392395
        dvar: 17.23944664
        dvar2: 43.8578720093
        max: 44.6179466248
        mean: 7.2749786377
        median: 6.43095588684
        min: 1.20767297407e-016
        var: 27.3806381226
    pitch:
        dmean: 878.26348877
        dmean2: 1657.37255859
        dvar: 1587425
        dvar2: 3985704
        max: 4969.32519531
        mean: 2487.29907227
        median: 3275.96435547
        min: 77.5235519409
        var: 2270592.75
    pitch_instantaneous_confidence:
        dmean: 0.0891837626696
        dmean2: 0.146482944489
        dvar: 0.00529166217893
        dvar2: 0.0135637558997
        max: 0.933126449585
        mean: 0.399152338505
        median: 0.380867511034
        min: 0.113955914974
        var: 0.0193648599088
    pitch_salience:
        dmean: 0.0742919817567
        dmean2: 0.126945152879
        dvar: 0.00455596484244
        dvar2: 0.0130561059341
        max: 0.863717198372
        mean: 0.671867012978
        median: 0.686960101128
        min: 0.233794018626
        var: 0.00760722067207
    silence_rate_20dB:
        dmean: 0
        dmean2: 0
        dvar: 0
        dvar2: 0
        max: 1
        mean: 1
        median: 1
        min: 1
        var: 0
    silence_rate_30dB:
        dmean: 0
        dmean2: 0
        dvar: 0
        dvar2: 0
        max: 1
        mean: 1
        median: 1
        min: 1
        var: 0
    silence_rate_60dB:
        dmean: 0.150606259704
        dmean2: 0.301250964403
        dvar: 0.127934753895
        dvar2: 0.264863461256
        max: 1
        mean: 0.441296577454
        median: 0
        min: 0
        var: 0.246542036533
    spectral_centroid:
        dmean: 393.650085449
        dmean2: 626.528930664
        dvar: 141118.171875
        dvar2: 330595.28125
        max: 10822.0517578
        mean: 1885.08776855
        median: 1901.01904297
        min: 194.420852661
        var: 334638.40625
    spectral_complexity:
        dmean: 4.73669433594
        dmean2: 7.74419212341
        dvar: 24.701423645
        dvar2: 58.4542884827
        max: 45
        mean: 12.8873147964
        median: 13
        min: 0
        var: 65.1112442017
    spectral_crest:
        dmean: 2.50586724281
        dmean2: 4.23114442825
        dvar: 6.56852293015
        dvar2: 17.1505527496
        max: 22.010969162
        mean: 7.24264478683
        median: 6.39627933502
        min: 2.43879890442
        var: 9.82775974274
    spectral_decrease:
        dmean: 3.78089698438e-010
        dmean2: 6.102237049e-010
        dvar: 3.47960710802e-019
        dvar2: 8.20894556886e-019
        max: 3.27153175662e-029
        mean: -8.52579562505e-010
        median: -7.38307248671e-010
        min: -4.82553019765e-009
        var: 4.53010632343e-019
    spectral_energy:
        dmean: 0.00169078656472
        dmean2: 0.00273337680846
        dvar: 6.21552271696e-006
        dvar2: 1.47310420289e-005
        max: 0.0207350868732
        mean: 0.00387769960798
        median: 0.00339965475723
        min: 1.08304752852e-020
        var: 8.60576164996e-006
    spectral_energyband_high:
        dmean: 0.000255386228673
        dmean2: 0.000434998772107
        dvar: 1.54908320837e-007
        dvar2: 3.77865461587e-007
        max: 0.00519333314151
        mean: 0.000390704110032
        median: 0.000222860020585
        min: 7.84032561513e-021
        var: 2.00436375053e-007
    spectral_energyband_low:
        dmean: 0.000289035669994
        dmean2: 0.000499704678077
        dvar: 1.25545824403e-007
        dvar2: 3.41986464036e-007
        max: 0.00266627804376
        mean: 0.000406903389376
        median: 0.000299614330288
        min: 5.60669130652e-023
        var: 1.37186916049e-007
    spectral_energyband_middle_high:
        dmean: 0.000755631015636
        dmean2: 0.00123742944561
        dvar: 7.53952235755e-007
        dvar2: 1.90505909359e-006
        max: 0.0104774106294
        mean: 0.00186866603326
        median: 0.001644940814
        min: 1.49338604159e-021
        var: 1.91490335055e-006
    spectral_energyband_middle_low:
        dmean: 0.00091212632833
        dmean2: 0.00145247683395
        dvar: 3.75561671717e-006
        dvar2: 9.00699160411e-006
        max: 0.0147725148126
        mean: 0.00131926278118
        median: 0.000779418565799
        min: 2.66500538823e-022
        var: 3.76428124582e-006
    spectral_flatness_db:
        dmean: 0.0169086810201
        dmean2: 0.0273245889693
        dvar: 0.000228271775995
        dvar2: 0.000562119530514
        max: 0.338017821312
        mean: 0.138719171286
        median: 0.132014766335
        min: 0.0695234313607
        var: 0.00145619013347
    spectral_flux:
        dmean: 0.010540721938
        dmean2: 0.0163255035877
        dvar: 0.000160800831509
        dvar2: 0.00032844816451
        max: 0.124372377992
        mean: 0.0408916138113
        median: 0.0395662114024
        min: 1.04069572404e-010
        var: 0.000332488532877
    spectral_kurtosis:
        dmean: 1.03889226913
        dmean2: 1.72683894634
        dvar: 1.91409265995
        dvar2: 5.12747478485
        max: 37.3455352783
        mean: 3.25415062904
        median: 2.60871124268
        min: -1.21507024765
        var: 5.53907585144
    spectral_rms:
        dmean: 0.000384178012609
        dmean2: 0.000602317042649
        dvar: 2.09088199199e-007
        dvar2: 4.72576147104e-007
        max: 0.00449770502746
        mean: 0.0018187079113
        median: 0.0018211909337
        min: 3.25058729933e-012
        var: 4.75407375689e-007
    spectral_rolloff:
        dmean: 409.670043945
        dmean2: 663.832641602
        dvar: 262696.21875
        dvar2: 595686
        max: 18970.7519531
        mean: 3520.50170898
        median: 3531.4453125
        min: 129.19921875
        var: 505807.625
    spectral_skewness:
        dmean: 0.187185615301
        dmean2: 0.305794984102
        dvar: 0.0343714356422
        dvar2: 0.088618144393
        max: 3.88519740105
        mean: 1.22320067883
        median: 1.18711471558
        min: -0.0084020216018
        var: 0.115167923272
    spectral_spread:
        dmean: 546248.375
        dmean2: 769759.75
        dvar: 437907259392
        dvar2: 732310274048
        max: 40227084
        mean: 4944471.5
        median: 4854229.5
        min: 1077813.875
        var: 2.09667529114e+012
    spectral_strongpeak:
        dmean: 0.418844252825
        dmean2: 0.730955481529
        dvar: 0.397832751274
        dvar2: 1.05384409428
        max: 5.85481357574
        mean: 0.499953866005
        median: 0.1743298769
        min: 6.16849293866e-010
        var: 0.507871389389
    zerocrossingrate:
        dmean: 0.0105250626802
        dmean2: 0.0131693826988
        dvar: 0.000107530795503
        dvar2: 0.000154521476361
        max: 0.48681640625
        mean: 0.1049759835
        median: 0.1044921875
        min: 0.0185546875
        var: 0.000519792782143
    barkbands:
        dmean: [6.62633453885e-007, 0.000153350803885, 0.000153730798047, 0.000111146699055, 0.000627825036645, 0.00018081269809, 8.6311956693e-005, 4.98114459333e-005, 8.71720039868e-005, 6.27350600553e-005, 2.37522126554e-005, 5.51358243683e-005, 3.80552919523e-005, 4.25644284405e-005, 8.15520033939e-005, 8.00598427304e-005, 0.000169979437487, 0.000261799199507, 0.000268937175861, 0.000163437158335, 0.000127003120724, 4.8113099183e-005, 7.94974948803e-006, 2.59841885963e-006, 1.22889616705e-006, 3.76609534669e-008, 4.11539496925e-010]
        dmean2: [1.02359854282e-006, 0.000274511170574, 0.000265395850874, 0.000181381183211, 0.00104498048313, 0.000295885838568, 0.000148698120029, 8.65337569849e-005, 0.000141347787576, 0.000102643840364, 3.92230867874e-005, 8.90991505003e-005, 6.1235477915e-005, 6.97997966199e-005, 0.000132922097691, 0.000131525026518, 0.00027222558856, 0.000441709940787, 0.000461249175714, 0.000271894212347, 0.000220948175411, 8.51925651659e-005, 1.28818046505e-005, 3.9505616769e-006, 1.90038122128e-006, 6.01726171112e-008, 6.54858223204e-010]
        dvar: [6.49792936472e-013, 5.09247932712e-008, 3.86977561107e-008, 1.82555837114e-008, 2.94987398775e-006, 8.93719729333e-008, 3.28835092489e-008, 1.11153388715e-008, 3.06438217024e-008, 1.72187721859e-008, 1.8820129899e-009, 1.35564963699e-008, 5.75750425114e-009, 8.04443267555e-009, 2.92421926673e-008, 1.52392161112e-008, 8.12637424019e-008, 1.38498137403e-007, 1.16913362547e-007, 6.29597849411e-008, 3.57979388355e-008, 5.91993476462e-009, 3.17155107732e-010, 4.63192748046e-011, 6.37424878505e-012, 5.20506320066e-015, 7.72397784752e-019]
        dvar2: [1.30451368024e-012, 1.38377558301e-007, 1.03332318702e-007, 4.35436362523e-008, 7.45252282286e-006, 2.18988262191e-007, 8.7670336768e-008, 3.0300729037e-008, 8.00886681418e-008, 4.32033324671e-008, 4.70646188688e-009, 3.28984945952e-008, 1.42250877744e-008, 2.037973168e-008, 7.05703584458e-008, 3.61964680451e-008, 1.98738902668e-007, 3.47841620396e-007, 3.13637684712e-007, 1.54512022732e-007, 9.08602046934e-008, 1.49659076243e-008, 7.05760672126e-010, 9.60027959906e-011, 1.32969650915e-011, 1.26634737513e-014, 1.50478267193e-018]
        max: [6.45209956929e-006, 0.00119123165496, 0.00216244952753, 0.00183252361603, 0.0134826023132, 0.00412590289488, 0.00289444928057, 0.00127034867182, 0.00267815496773, 0.00203082920052, 0.000643118866719, 0.00212180265225, 0.00138328643516, 0.00199933396652, 0.0030308237765, 0.00198849919252, 0.00465264450759, 0.00565230287611, 0.00781871192157, 0.00402579130605, 0.00270995660685, 0.0010046933312, 0.000304801418679, 0.000149801577209, 7.43053096812e-005, 1.23733377677e-006, 2.80006542397e-008]
        mean: [7.93265030552e-007, 0.000141930038808, 0.000191319268197, 0.000145278216223, 0.000578516861424, 0.000246324838372, 9.9240372947e-005, 5.77921819058e-005, 0.00013221433619, 9.20001184568e-005, 3.47715358657e-005, 8.5720406787e-005, 5.84400186199e-005, 5.83408691455e-005, 0.000117720162962, 0.000132960980409, 0.000304404704366, 0.000416454713559, 0.000466297875391, 0.00025825042394, 0.000175501903868, 6.20264399913e-005, 1.38714731293e-005, 5.05269917994e-006, 2.40013764596e-006, 7.25216651176e-008, 6.67593313963e-010]
        median: [3.80427337632e-007, 7.11294269422e-005, 0.000122013880173, 9.57094525802e-005, 0.000168099359144, 0.000117669987958, 4.47262500529e-005, 2.51563396887e-005, 4.56313209725e-005, 3.03259002976e-005, 1.54135723278e-005, 2.89285399049e-005, 2.5504246878e-005, 2.44399816438e-005, 4.69142069051e-005, 8.06291063782e-005, 0.000148007820826, 0.000217724766117, 0.000378056021873, 0.000170138344401, 0.000103841543023, 2.67957293545e-005, 5.412617611e-006, 2.01934699362e-006, 1.1377503597e-006, 3.21189119745e-008, 3.06203007394e-010]
        min: [4.73162052613e-023, 1.70389695679e-023, 9.4189313663e-024, 9.2979390361e-024, 3.36817447902e-023, 2.47058424414e-023, 8.27622563987e-023, 4.29560448204e-023, 7.0010584923e-023, 5.0418350284e-023, 7.70067083015e-023, 6.68229052901e-023, 7.05156767834e-023, 4.32954822016e-023, 2.23433075288e-022, 2.93410464944e-022, 2.37703884608e-022, 1.53837229253e-022, 2.042002299e-022, 2.9988768193e-022, 4.44732919228e-022, 5.58975982714e-022, 6.75934898659e-022, 7.63583126002e-022, 1.44433994641e-021, 1.60214777135e-021, 2.46713241601e-021]
        var: [9.77973886769e-013, 3.83690448302e-008, 4.39575487121e-008, 2.72901079512e-008, 2.38507846007e-006, 1.22553885262e-007, 3.40420704958e-008, 1.11913314171e-008, 5.65802871222e-008, 3.22823794363e-008, 3.23678883696e-009, 2.49543568032e-008, 9.74337499571e-009, 1.09503686119e-008, 5.07015869289e-008, 3.12494456978e-008, 1.95221318222e-007, 2.6193961844e-007, 1.5746650206e-007, 8.52646238059e-008, 4.05951254834e-008, 6.59552368276e-009, 5.07745068212e-010, 8.42032069071e-011, 1.30802859863e-011, 1.11136279216e-014, 1.96784696083e-018]
    frequency_bands:
        dmean: [6.62633453885e-007, 0.000153350803885, 0.000153730798047, 0.000111146699055, 0.000627825036645, 0.00018081269809, 8.6311956693e-005, 4.98114459333e-005, 8.71720039868e-005, 6.27350600553e-005, 2.37522126554e-005, 5.51358243683e-005, 3.80552919523e-005, 4.25644284405e-005, 8.15520033939e-005, 8.00598427304e-005, 0.000169979437487, 0.000261799199507, 0.000268937175861, 0.000163437158335, 0.000127003120724, 4.8113099183e-005, 7.94974948803e-006, 2.59841885963e-006, 1.22889616705e-006, 3.76609534669e-008, 4.11539496925e-010, 4.87367542157e-011]
        dmean2: [1.02359854282e-006, 0.000274511170574, 0.000265395850874, 0.000181381183211, 0.00104498048313, 0.000295885838568, 0.000148698120029, 8.65337569849e-005, 0.000141347787576, 0.000102643840364, 3.92230867874e-005, 8.90991505003e-005, 6.1235477915e-005, 6.97997966199e-005, 0.000132922097691, 0.000131525026518, 0.00027222558856, 0.000441709940787, 0.000461249175714, 0.000271894212347, 0.000220948175411, 8.51925651659e-005, 1.28818046505e-005, 3.9505616769e-006, 1.90038122128e-006, 6.01726171112e-008, 6.54858223204e-010, 9.12510830786e-011]
        dvar: [6.49792936472e-013, 5.09247932712e-008, 3.86977561107e-008, 1.82555837114e-008, 2.94987398775e-006, 8.93719729333e-008, 3.28835092489e-008, 1.11153388715e-008, 3.06438217024e-008, 1.72187721859e-008, 1.8820129899e-009, 1.35564963699e-008, 5.75750425114e-009, 8.04443267555e-009, 2.92421926673e-008, 1.52392161112e-008, 8.12637424019e-008, 1.38498137403e-007, 1.16913362547e-007, 6.29597849411e-008, 3.57979388355e-008, 5.91993476462e-009, 3.17155107732e-010, 4.63192748046e-011, 6.37424878505e-012, 5.20506320066e-015, 7.72397784752e-019, 6.31898941124e-021]
        dvar2: [1.30451368024e-012, 1.38377558301e-007, 1.03332318702e-007, 4.35436362523e-008, 7.45252282286e-006, 2.18988262191e-007, 8.7670336768e-008, 3.0300729037e-008, 8.00886681418e-008, 4.32033324671e-008, 4.70646188688e-009, 3.28984945952e-008, 1.42250877744e-008, 2.037973168e-008, 7.05703584458e-008, 3.61964680451e-008, 1.98738902668e-007, 3.47841620396e-007, 3.13637684712e-007, 1.54512022732e-007, 9.08602046934e-008, 1.49659076243e-008, 7.05760672126e-010, 9.60027959906e-011, 1.32969650915e-011, 1.26634737513e-014, 1.50478267193e-018, 2.04725828358e-020]
        max: [6.45209956929e-006, 0.00119123165496, 0.00216244952753, 0.00183252361603, 0.0134826023132, 0.00412590289488, 0.00289444928057, 0.00127034867182, 0.00267815496773, 0.00203082920052, 0.000643118866719, 0.00212180265225, 0.00138328643516, 0.00199933396652, 0.0030308237765, 0.00198849919252, 0.00465264450759, 0.00565230287611, 0.00781871192157, 0.00402579130605, 0.00270995660685, 0.0010046933312, 0.000304801418679, 0.000149801577209, 7.43053096812e-005, 1.23733377677e-006, 2.80006542397e-008, 9.42085520705e-010]
        mean: [7.93265030552e-007, 0.000141930038808, 0.000191319268197, 0.000145278216223, 0.000578516861424, 0.000246324838372, 9.9240372947e-005, 5.77921819058e-005, 0.00013221433619, 9.20001184568e-005, 3.47715358657e-005, 8.5720406787e-005, 5.84400186199e-005, 5.83408691455e-005, 0.000117720162962, 0.000132960980409, 0.000304404704366, 0.000416454713559, 0.000466297875391, 0.00025825042394, 0.000175501903868, 6.20264399913e-005, 1.38714731293e-005, 5.05269917994e-006, 2.40013764596e-006, 7.25216651176e-008, 6.67593313963e-010, 3.65534130742e-011]
        median: [3.80427337632e-007, 7.11294269422e-005, 0.000122013880173, 9.57094525802e-005, 0.000168099359144, 0.000117669987958, 4.47262500529e-005, 2.51563396887e-005, 4.56313209725e-005, 3.03259002976e-005, 1.54135723278e-005, 2.89285399049e-005, 2.5504246878e-005, 2.44399816438e-005, 4.69142069051e-005, 8.06291063782e-005, 0.000148007820826, 0.000217724766117, 0.000378056021873, 0.000170138344401, 0.000103841543023, 2.67957293545e-005, 5.412617611e-006, 2.01934699362e-006, 1.1377503597e-006, 3.21189119745e-008, 3.06203007394e-010, 1.17595204407e-011]
        min: [4.73162052613e-023, 1.70389695679e-023, 9.4189313663e-024, 9.2979390361e-024, 3.36817447902e-023, 2.47058424414e-023, 8.27622563987e-023, 4.29560448204e-023, 7.0010584923e-023, 5.0418350284e-023, 7.70067083015e-023, 6.68229052901e-023, 7.05156767834e-023, 4.32954822016e-023, 2.23433075288e-022, 2.93410464944e-022, 2.37703884608e-022, 1.53837229253e-022, 2.042002299e-022, 2.9988768193e-022, 4.44732919228e-022, 5.58975982714e-022, 6.75934898659e-022, 7.63583126002e-022, 1.44433994641e-021, 1.60214777135e-021, 2.46713241601e-021, 8.15910074759e-022]
        var: [9.77973886769e-013, 3.83690448302e-008, 4.39575487121e-008, 2.72901079512e-008, 2.38507846007e-006, 1.22553885262e-007, 3.40420704958e-008, 1.11913314171e-008, 5.65802871222e-008, 3.22823794363e-008, 3.23678883696e-009, 2.49543568032e-008, 9.74337499571e-009, 1.09503686119e-008, 5.07015869289e-008, 3.12494456978e-008, 1.95221318222e-007, 2.6193961844e-007, 1.5746650206e-007, 8.52646238059e-008, 4.05951254834e-008, 6.59552368276e-009, 5.07745068212e-010, 8.42032069071e-011, 1.30802859863e-011, 1.11136279216e-014, 1.96784696083e-018, 4.6788853387e-021]
    mfcc:
        mean: [-718.725830078, 89.0425872803, -40.5984802246, 62.5841941833, -8.40683460236, -3.77283000946, 0.606790542603, -0.95580291748, -3.17468714714, -5.7344789505, -3.73193192482, -4.13145685196, -4.79843091965]
        cov: [[5587.77587891, 394.974761963, -64.3208236694, 536.805358887, -150.380401611, 114.802688599, -111.535575867, 71.6442565918, 62.9377403259, -2.0364215374, 49.345375061, -58.729549408, -117.115203857], [394.974761963, 626.567382813, -256.923278809, 75.0138397217, -24.8240299225, -54.9792175293, 42.0789108276, 41.3298912048, 12.0719070435, -24.9302864075, 4.15578508377, 0.163384094834, -14.2515993118], [-64.3208236694, -256.923278809, 710.558349609, 183.951553345, 94.9371414185, 142.620925903, 75.24974823, -5.307097435, 53.7515945435, 70.2558059692, -27.7810401917, 1.03577518463, 27.0172042847], [536.805358887, 75.0138397217, 183.951553345, 419.65625, 129.963378906, 108.13621521, 25.0175170898, 20.6130504608, 72.2361526489, 51.9290428162, 12.8759441376, 9.76995658875, 13.1741085052], [-150.380401611, -24.8240299225, 94.9371414185, 129.963378906, 234.167495728, 70.5138320923, -16.2784748077, -24.2282848358, 57.3217315674, 44.8283805847, 7.31536006927, 16.4274787903, 5.20515775681], [114.802688599, -54.9792175293, 142.620925903, 108.13621521, 70.5138320923, 152.02532959, 55.6166992188, 11.2343482971, 47.310634613, 50.6874351501, 14.1777296066, 9.85532665253, 9.3248758316], [-111.535575867, 42.0789108276, 75.24974823, 25.0175170898, -16.2784748077, 55.6166992188, 174.847061157, 83.8619308472, 32.7366409302, 17.9737148285, 17.7390232086, 18.351688385, 6.54652452469], [71.6442565918, 41.3298912048, -5.307097435, 20.6130504608, -24.2282848358, 11.2343482971, 83.8619308472, 150.631027222, 43.0313682556, 14.3065910339, 32.0673561096, 16.0053043365, -14.5013504028], [62.9377403259, 12.0719070435, 53.7515945435, 72.2361526489, 57.3217315674, 47.310634613, 32.7366409302, 43.0313682556, 120.343490601, 58.227306366, 12.9429130554, 5.19989204407, 3.9883658886], [-2.0364215374, -24.9302864075, 70.2558059692, 51.9290428162, 44.8283805847, 50.6874351501, 17.9737148285, 14.3065910339, 58.227306366, 93.3614807129, 22.9164543152, 2.64543366432, 3.99484062195], [49.345375061, 4.15578508377, -27.7810401917, 12.8759441376, 7.31536006927, 14.1777296066, 17.7390232086, 32.0673561096, 12.9429130554, 22.9164543152, 78.7236022949, 21.3379173279, -6.3976521492], [-58.729549408, 0.163384094834, 1.03577518463, 9.76995658875, 16.4274787903, 9.85532665253, 18.351688385, 16.0053043365, 5.19989204407, 2.64543366432, 21.3379173279, 53.9465789795, 21.5829544067], [-117.115203857, -14.2515993118, 27.0172042847, 13.1741085052, 5.20515775681, 9.3248758316, 6.54652452469, -14.5013504028, 3.9883658886, 3.99484062195, -6.3976521492, 21.5829544067, 63.4962997437]]
        icov: [[0.000278839870589, -0.000139031006256, 1.43351844599e-005, -0.000428465864388, 0.000549837306608, -0.000434456975199, 0.00050477887271, -8.81300729816e-005, -0.000181888462976, 0.000210481026443, -0.000137652066769, 1.22468627524e-005, 0.000492606253829], [-0.000139031006256, 0.00242580566555, 0.00106910511386, -0.000890290422831, -0.000195850632736, 0.00127493089531, -0.00157859630417, 0.000280666223262, -0.000268539879471, 2.21766440518e-005, 0.000558632076718, 9.46955151448e-006, 0.000142067059642], [1.43351844599e-005, 0.00106910511386, 0.0024634920992, -0.000998238800094, -9.96292437776e-005, -0.000645780062769, -0.00123031996191, 0.00035058154026, 0.000167646008777, -0.000880842213519, 0.00141235347837, 0.000125139573356, -0.000120113356388], [-0.000428465864388, -0.000890290422831, -0.000998238800094, 0.00461699115112, -0.00211501726881, -0.00124959286768, 0.000343605293892, -0.000695200753398, -0.000283109984593, -1.03097545434e-005, -0.000367333006579, 0.000469699065434, -0.00153882591985], [0.000549837306608, -0.000195850632736, -9.96292437776e-005, -0.00211501726881, 0.00772152328864, -0.0024626632221, 0.00220790295862, 0.00160583260003, -0.0027187562082, -0.000166535464814, 2.82264463749e-005, -0.00287864264101, 0.00248175254092], [-0.000434456975199, 0.00127493089531, -0.000645780062769, -0.00124959286768, -0.0024626632221, 0.0129684992135, -0.00487156677991, 0.00188557861838, -0.000493263592944, -0.00321786268614, -0.000594138575252, -0.00010217387171, -0.000542579800822], [0.00050477887271, -0.00157859630417, -0.00123031996191, 0.000343605293892, 0.00220790295862, -0.00487156677991, 0.0113733690232, -0.00531138572842, -0.000448746286565, 0.000956410600338, -0.000359321158612, -0.00123276631348, -0.000471431878395], [-8.81300729816e-005, 0.000280666223262, 0.00035058154026, -0.000695200753398, 0.00160583260003, 0.00188557861838, -0.00531138572842, 0.0120738418773, -0.0041786916554, 0.000687897496391, -0.00239894143306, -0.00275056273676, 0.00370443658903], [-0.000181888462976, -0.000268539879471, 0.000167646008777, -0.000283109984593, -0.0027187562082, -0.000493263592944, -0.000448746286565, -0.0041786916554, 0.0151059692726, -0.00752852996811, 0.00164827925619, 0.00110490771476, -0.00170578935649], [0.000210481026443, 2.21766440518e-005, -0.000880842213519, -1.03097545434e-005, -0.000166535464814, -0.00321786268614, 0.000956410600338, 0.000687897496391, -0.00752852996811, 0.0189067833126, -0.00538716325536, 0.00262052332982, -0.000835313287098], [-0.000137652066769, 0.000558632076718, 0.00141235347837, -0.000367333006579, 2.82264463749e-005, -0.000594138575252, -0.000359321158612, -0.00239894143306, 0.00164827925619, -0.00538716325536, 0.0181561242789, -0.00769515382126, 0.00360126630403], [1.22468627524e-005, 9.46955151448e-006, 0.000125139573356, 0.000469699065434, -0.00287864264101, -0.00010217387171, -0.00123276631348, -0.00275056273676, 0.00110490771476, 0.00262052332982, -0.00769515382126, 0.0277271028608, -0.0108103714883], [0.000492606253829, 0.000142067059642, -0.000120113356388, -0.00153882591985, 0.00248175254092, -0.000542579800822, -0.000471431878395, 0.00370443658903, -0.00170578935649, -0.000835313287098, 0.00360126630403, -0.0108103714883, 0.0220277551562]]
    sccoeffs:
        dmean: [0.06296531111, 0.0513234660029, 0.037453122437, 0.0301729775965, 0.0236780401319, 0.0242921821773]
        dmean2: [0.101583130658, 0.0849397704005, 0.0626625344157, 0.049338106066, 0.0378232821822, 0.0385483875871]
        dvar: [0.00276418984868, 0.00169096642639, 0.000919672194868, 0.00062864262145, 0.000431172433309, 0.000462052033981]
        dvar2: [0.00678854901344, 0.0045031378977, 0.00244089611806, 0.00155927427113, 0.00102088460699, 0.00118219119031]
        max: [-0.252350181341, -0.384727537632, -0.484558045864, -0.521054983139, -0.496212899685, -0.57660984993]
        mean: [-0.679740905762, -0.769431471825, -0.805232584476, -0.805610477924, -0.794537901878, -0.75183981657]
        median: [-0.690261244774, -0.779214143753, -0.816210031509, -0.814811170101, -0.804141402245, -0.752074718475]
        min: [-0.970037639141, -0.970820069313, -0.97057390213, -0.964173555374, -0.956694662571, -0.958394110203]
        var: [0.00653231656179, 0.00492892228067, 0.00358038209379, 0.00241331453435, 0.00196166965179, 0.00133197579999]
    scvalleys:
        dmean: [0.404923051596, 0.404856562614, 0.348497152328, 0.329090207815, 0.322796165943, 0.307800263166]
        dmean2: [0.67256373167, 0.667858302593, 0.555677831173, 0.504682660103, 0.496524631977, 0.471374869347]
        dvar: [0.114565916359, 0.143983155489, 0.099623426795, 0.0945286899805, 0.111520662904, 0.147755354643]
        dvar2: [0.276180386543, 0.333386093378, 0.217091575265, 0.190432310104, 0.234975382686, 0.272927433252]
        max: [-5.27049350739, -4.71415376663, -5.41917657852, -5.80502033234, -5.52373695374, -7.4548997879]
        mean: [-6.91939735413, -6.89808702469, -7.29054546356, -7.38052082062, -6.97862482071, -9.62577724457]
        median: [-6.54545402527, -6.71511125565, -7.13305807114, -7.18172836304, -6.77414894104, -9.48648262024]
        min: [-27.1004238129, -27.08045578, -27.1245117188, -27.1532230377, -27.2087402344, -27.291431427]
        var: [2.75893974304, 1.75212156773, 1.55224871635, 1.50949728489, 1.47957611084, 1.67110621929]

rhythm:
    beats_loudness:
        dmean: 0.00426836125553
        dmean2: 0.00810218974948
        dvar: 1.14857166409e-005
        dvar2: 3.90097375202e-005
        max: 0.0136720063165
        mean: 0.00608286540955
        median: 0.00675967615098
        min: 2.5398001844e-012
        var: 1.31261913339e-005
    bpm: 139.927856445
    bpm_confidence: 0
    first_peak_bpm: 140
    first_peak_spread: 0.363636344671
    first_peak_weight: 0.581947743893
    onset_rate: 4.58451557159
    second_peak_bpm: 129
    second_peak_spread: 0.458333313465
    second_peak_weight: 0.0308788605034
    beats_loudness_band_ratio:
        dmean: [0.117704503238, 0.232700541615, 0.0521069653332, 0.0431591980159, 0.126641318202, 0.0907541289926]
        dmean2: [0.206479296088, 0.432526409626, 0.0921136587858, 0.0742281973362, 0.222089901567, 0.162709251046]
        dvar: [0.00894697196782, 0.0343893058598, 0.00471589993685, 0.00482344580814, 0.0208476744592, 0.0103132808581]
        dvar2: [0.0256901234388, 0.103212423623, 0.0126318000257, 0.00978406798095, 0.05768205598, 0.0332698822021]
        max: [0.751991808414, 0.715350270271, 0.539963960648, 0.801133751869, 0.908746242523, 0.825110971928]
        mean: [0.267200857401, 0.338792055845, 0.0740812644362, 0.0629907548428, 0.205821871758, 0.199665978551]
        median: [0.296712994576, 0.403488725424, 0.0565327964723, 0.0408698320389, 0.148154914379, 0.178229108453]
        min: [0, 0, 0, 0, 0, 0]
        var: [0.0154158789665, 0.0481682047248, 0.00415262579918, 0.00711642717943, 0.0265302788466, 0.00968044716865]
    beats_position: [0.383129239082, 0.789478421211, 1.20743763447, 1.62539684772, 2.04335594177, 2.4497051239, 2.85605430603, 3.26240348816, 3.66875267029, 4.09832191467, 4.53950119019, 4.96907043457, 5.39863920212, 5.85142850876, 6.28099775314, 6.6989569664, 7.10530614853, 7.52326536179, 7.95283412933, 8.38240337372, 8.8119726181, 9.24154186249, 9.65950107574, 10.1006803513, 10.5186395645, 10.95981884, 11.3777770996, 11.7957363129, 12.2136955261, 12.6548748016, 13.084444046, 13.5140132904, 13.9435825348, 14.3731517792, 14.8027210236, 15.2322902679, 15.6618595123, 16.0914287567, 16.5209980011, 16.9505672455, 17.3685264587, 17.8097057343, 18.2392749786, 18.6688423157, 19.0868015289, 19.5279808044, 19.96916008, 20.3871192932, 20.8050785065, 21.2346477509, 21.6642169952, 22.1053962708, 22.523355484, 22.9529247284, 23.3824939728, 23.8236732483, 24.2416324615, 24.6595916748, 25.0891609192, 25.5187301636, 25.948299408, 26.3778686523, 26.8074378967, 27.2370071411, 27.6665763855, 28.0961437225, 28.5257129669, 28.9552822113, 29.3732414246, 29.8144207001, 30.2439899445, 30.6735591888, 31.0915184021, 31.5326976776, 31.962266922, 32.391834259, 32.8097953796, 33.2625846863, 33.7269821167, 34.1913833618, 34.6557807922, 35.1201820374, 35.572971344, 36.0141487122, 36.4437179565, 36.8732872009, 37.3144645691, 37.7324256897, 38.1736030579, 38.5915641785, 39.0211334229, 39.4507026672, 39.8802719116, 40.309841156, 40.7394104004, 41.1689796448, 41.5985488892, 42.0281181335, 42.4460754395, 42.8872566223, 43.3052139282, 43.7463951111, 44.164352417, 44.5823135376, 45.0234909058, 45.4530601501, 45.8826293945, 46.3005905151, 46.718547821, 47.1365089417, 47.5312461853, 47.9375953674, 48.3439445496, 48.7735137939, 49.2030830383, 49.6326522827, 50.0622215271, 50.4685707092, 50.8865280151, 51.2928771973, 51.6876182556, 52.1055755615, 52.5351448059, 52.9647140503, 53.3826751709, 53.8006324768, 54.2302017212, 54.6597709656, 55.08934021, 55.5189094543, 55.9484786987, 56.3780479431, 56.8076171875, 57.2371864319, 57.6783676147, 58.1079368591, 58.525894165, 58.9554634094, 59.3850326538, 59.8146018982, 60.2325630188, 60.6621322632, 61.0916976929, 61.5212669373, 61.9508361816, 62.3687973022, 62.8099746704, 63.2511558533, 63.6691131592, 64.0986862183, 64.5282516479, 64.957824707, 65.3757781982, 65.8053512573, 66.234916687, 66.6644897461, 67.0940551758, 67.5236282349, 67.9531936646, 68.3827667236, 68.8007278442, 69.2302932739, 69.659866333, 70.1010437012, 70.5189971924, 70.9601821899, 71.3781356812, 71.8193206787, 72.2372741699, 72.6784591675, 73.0964126587, 73.5259857178, 73.9439468384, 74.3735122681, 74.8030853271, 75.2326507568, 75.6622238159, 76.0917892456, 76.5213623047, 76.9509277344, 77.368888855, 77.8100662231, 78.2396392822, 78.6692047119, 79.0871658325, 79.5283432007, 79.9695205688, 80.4223098755, 80.8750991821, 81.3278884888, 81.7806777954, 82.2450790405, 82.7094802856, 83.1506576538, 83.591835022, 84.0214080811, 84.4509735107, 84.8805389404, 85.3101119995, 85.7396774292, 86.1692504883, 86.598815918, 87.0283889771, 87.4579544067, 87.8875274658, 88.3170928955, 88.7466659546, 89.1762313843, 89.6058044434, 90.023765564, 90.4533309937, 90.8829040527, 91.3124694824, 91.7420425415, 92.1599960327, 92.5895690918, 93.0191345215, 93.460319519, 93.9247131348, 94.3891143799, 94.853515625, 95.3179092407, 95.7823104858, 96.223487854, 96.6530609131, 97.0942382813, 97.5238113403, 97.95337677, 98.3829498291, 98.8125152588, 99.2420806885, 99.6600418091, 100.089614868, 100.519180298, 100.948753357, 101.378318787, 101.796279907, 102.225845337, 102.655418396, 103.084983826, 103.514556885, 103.944122314, 104.373695374, 104.803260803, 105.232833862, 105.662399292, 106.091972351, 106.521537781, 106.95111084, 107.36907196, 107.79863739, 108.22820282, 108.669387817, 109.110565186, 109.528526306, 109.946479797, 110.387664795, 110.828842163, 111.246803284, 111.676368713, 112.094329834, 112.523895264, 112.941856384, 113.371429443, 113.800994873, 114.230567932, 114.660133362, 115.089706421, 115.519271851, 115.937232971, 116.366798401, 116.79637146, 117.22593689, 117.655509949, 118.096687317, 118.537864685, 118.955825806, 119.373786926, 119.791740417, 120.232925415, 120.662490845, 121.092063904, 121.521629333, 121.951202393, 122.380767822, 122.810340881, 123.228294373, 123.657867432, 124.087432861, 124.528617859, 124.94657135, 125.376144409, 125.805709839, 126.246894836, 126.664848328, 127.094421387, 127.523986816, 127.953559875, 128.383132935, 128.812698364, 129.242263794, 129.671829224, 130.101409912, 130.519363403, 130.948928833, 131.378494263, 131.808074951, 132.237640381, 132.667205811, 133.09677124, 133.51473999, 133.94430542, 134.37387085, 134.803451538, 135.233016968, 135.662582397, 136.092147827, 136.521713257, 136.951293945, 137.380859375, 137.810424805, 138.228393555, 138.657958984, 139.087524414, 139.517089844, 139.946670532, 140.376235962, 140.805801392, 141.235366821, 141.66494751, 142.082901001, 142.512466431, 142.94203186, 143.383224487, 143.824401855, 144.242355347, 144.671920776, 145.101501465, 145.542678833, 145.960632324, 146.378585815, 146.808166504, 147.237731934, 147.667297363, 148.096862793, 148.561264038, 149.014053345, 149.466842651, 149.90802002, 150.360809326, 150.825210571, 151.277999878, 151.719177246, 152.160354614, 152.589935303, 153.019500732, 153.449066162, 153.878631592, 154.30821228, 154.73777771, 155.16734314, 155.596908569, 156.026489258, 156.456054688, 156.885620117, 157.315185547, 157.744766235, 158.174331665, 158.592285156, 159.021850586, 159.451431274, 159.892608643, 160.310562134, 160.740127563, 161.169708252, 161.599273682, 162.028839111, 162.446792603, 162.876373291, 163.305938721, 163.73550415, 164.1534729, 164.58303833, 165.024215698, 165.453781128, 165.883346558, 166.301315308, 166.730880737, 167.160446167, 167.590026855, 168.019592285, 168.460769653, 168.878723145, 169.308303833, 169.737869263, 170.167434692, 170.597000122, 171.026565552, 171.45614624, 171.88571167, 172.3152771, 172.73324585, 173.174423218, 173.592376709, 174.033554077, 174.451522827, 174.869476318, 175.310653687, 175.740219116, 176.169799805, 176.587753296, 177.017318726, 177.446884155, 177.876464844, 178.306030273, 178.735595703, 179.176773071, 179.617950439, 180.059127808, 180.500320435, 180.941497803, 181.382675171]
