
metadata:
    version:
        essentia: "2.1-beta2"
    audio_properties:
        analysis_sample_rate: 44100
        bitrate: 289
        channels: 2
        equal_loudness: 1
        length: 211.957550049
        replay_gain: -16.7762756348
        downmix: "mix"
    tags:
        album: "The Return"
        artist: "Nonpoint"
        comment: ""
        date: "2014"
        genre: "Hard Rock"
        title: "Know Myself"
        tracknumber: "13/13"

configuration:
    average_loudness:
        compute: 1
        frameSize: 88200
        hopSize: 44100
        silentFrames: "noise"
        windowType: "hann"
    general:
        analysisSampleRate: 44100
        endTime: 2000
        equalLoudness: 1
        nequalLoudness: 0
        shortSound: 0
        startTime: 0
    lowlevel:
        compute: 1
        frameSize: 2048
        hopSize: 1024
        zeroPadding: 0
        silentFrames: "noise"
        windowType: "blackmanharris62"
        mfccStats: ["mean", "cov", "icov"]
        stats: ["mean", "var", "median", "min", "max", "dmean", "dmean2", "dvar", "dvar2"]
    panning:
        compute: 0
        frameSize: 8192
        hopSize: 2048
        zeroPadding: 8192
        silentFrames: "noise"
        windowType: "hann"
        stats: ["copy"]
    rhythm:
        compute: 1
        maxTempo: 208
        minTempo: 40
        method: "degara"
        stats: ["mean", "var", "median", "min", "max", "dmean", "dmean2", "dvar", "dvar2"]
    segmentation:
        compute: 0
        cpw: 5
        inc1: 300
        inc2: 50
        minimumSegmentsLength: 10
        size1: 1000
        size2: 600
    sfx:
        compute: 1
        stats: ["mean", "var", "median", "min", "max", "dmean", "dmean2", "dvar", "dvar2"]
    svm:
        compute: 0
    tonal:
        compute: 1
        frameSize: 4096
        hopSize: 2048
        zeroPadding: 0
        silentFrames: "noise"
        windowType: "blackmanharris62"
        stats: ["mean", "var", "median", "min", "max", "dmean", "dmean2", "dvar", "dvar2"]

lowlevel:
    average_loudness: 0.901935875416
    barkbands_kurtosis:
        dmean: 0.749836981297
        dmean2: 1.23153495789
        dvar: 1.94600093365
        dvar2: 4.57619428635
        max: 32.3404502869
        mean: -0.660957276821
        median: -1.1385602951
        min: -1.92010438442
        var: 2.92123603821
    barkbands_skewness:
        dmean: 0.446764558554
        dmean2: 0.707838952541
        dvar: 0.196130096912
        dvar2: 0.471354991198
        max: 4.49230623245
        mean: -0.199513658881
        median: -0.203040733933
        min: -4.72084951401
        var: 0.676976442337
    barkbands_spread:
        dmean: 6.51583766937
        dmean2: 10.5018672943
        dvar: 47.0163421631
        dvar2: 120.179527283
        max: 83.2931365967
        mean: 35.2321853638
        median: 34.5389862061
        min: 0.944032907486
        var: 129.451644897
    dissonance:
        dmean: 0.0119675202295
        dmean2: 0.0202110819519
        dvar: 0.000151534492034
        dvar2: 0.000414801674196
        max: 0.5
        mean: 0.479215472937
        median: 0.483064204454
        min: 0.355590939522
        var: 0.00026093586348
    hfc:
        dmean: 2.76583886147
        dmean2: 4.56514787674
        dvar: 15.2491664886
        dvar2: 38.2745323181
        max: 53.5590591431
        mean: 8.57999992371
        median: 7.20927619934
        min: 1.30701524805e-016
        var: 38.1774635315
    pitch:
        dmean: 902.947631836
        dmean2: 1735.92419434
        dvar: 1895749.375
        dvar2: 4326039
        max: 5708.39355469
        mean: 1705.23754883
        median: 397.864379883
        min: 69.8054504395
        var: 2787332.75
    pitch_instantaneous_confidence:
        dmean: 0.0911890119314
        dmean2: 0.147830948234
        dvar: 0.00595594057813
        dvar2: 0.0142367323861
        max: 0.920182824135
        mean: 0.432700395584
        median: 0.413437485695
        min: 0.0987110137939
        var: 0.0175365637988
    pitch_salience:
        dmean: 0.0664892792702
        dmean2: 0.111612699926
        dvar: 0.00355649343692
        dvar2: 0.00998374819756
        max: 0.931141197681
        mean: 0.641279578209
        median: 0.649638950825
        min: 0.234523355961
        var: 0.00771016580984
    silence_rate_20dB:
        dmean: 0
        dmean2: 0
        dvar: 0
        dvar2: 0
        max: 1
        mean: 1
        median: 1
        min: 1
        var: 0
    silence_rate_30dB:
        dmean: 0
        dmean2: 0
        dvar: 0
        dvar2: 0
        max: 1
        mean: 1
        median: 1
        min: 1
        var: 0
    silence_rate_60dB:
        dmean: 0.131668314338
        dmean2: 0.263365477324
        dvar: 0.114331506193
        dvar2: 0.230575546622
        max: 1
        mean: 0.348302304745
        median: 0
        min: 0
        var: 0.226993203163
    spectral_centroid:
        dmean: 319.710723877
        dmean2: 512.134094238
        dvar: 117300.984375
        dvar2: 269617.0625
        max: 11715.7871094
        mean: 1947.27600098
        median: 1937.21899414
        min: 257.276672363
        var: 372073.03125
    spectral_complexity:
        dmean: 4.0751452446
        dmean2: 6.64088535309
        dvar: 20.2634334564
        dvar2: 48.0070838928
        max: 45
        mean: 14.4957284927
        median: 14
        min: 0
        var: 69.7842788696
    spectral_crest:
        dmean: 2.25410509109
        dmean2: 3.76594114304
        dvar: 4.84294986725
        dvar2: 12.849407196
        max: 23.3710708618
        mean: 7.27653598785
        median: 6.45913887024
        min: 2.51947760582
        var: 9.13956737518
    spectral_decrease:
        dmean: 3.16253162547e-010
        dmean2: 5.21749365934e-010
        dvar: 2.78281032253e-019
        dvar2: 6.94961995491e-019
        max: 2.46750962995e-028
        mean: -9.32233068518e-010
        median: -8.44615044571e-010
        min: -4.91597962338e-009
        var: 3.81438131909e-019
    spectral_energy:
        dmean: 0.00141634861939
        dmean2: 0.00232731201686
        dvar: 5.01631211591e-006
        dvar2: 1.25065507746e-005
        max: 0.0214453618973
        mean: 0.00429669674486
        median: 0.00386104243807
        min: 1.09237237434e-020
        var: 7.79519996286e-006
    spectral_energyband_high:
        dmean: 0.000229330151342
        dmean2: 0.000381431484129
        dvar: 1.4313154395e-007
        dvar2: 3.44432976362e-007
        max: 0.00714213401079
        mean: 0.000501045899
        median: 0.00034608898568
        min: 7.69719186521e-021
        var: 2.51620150493e-007
    spectral_energyband_low:
        dmean: 0.000216220301809
        dmean2: 0.00037737909588
        dvar: 1.38669420835e-007
        dvar2: 3.84219219995e-007
        max: 0.0033533514943
        mean: 0.000314701203024
        median: 0.000218531815335
        min: 8.22804012251e-023
        var: 1.21010316434e-007
    spectral_energyband_middle_high:
        dmean: 0.000681861536577
        dmean2: 0.0011105024023
        dvar: 6.29374198979e-007
        dvar2: 1.59430771873e-006
        max: 0.0108419749886
        mean: 0.00219328538515
        median: 0.00190090038814
        min: 1.4544870453e-021
        var: 2.54392921306e-006
    spectral_energyband_middle_low:
        dmean: 0.000767095072661
        dmean2: 0.00126948754769
        dvar: 2.96198413707e-006
        dvar2: 7.54675829739e-006
        max: 0.0156573690474
        mean: 0.00138376350515
        median: 0.000993533292785
        min: 2.79698244876e-022
        var: 2.75367915492e-006
    spectral_flatness_db:
        dmean: 0.0144577715546
        dmean2: 0.0231326054782
        dvar: 0.000177181238541
        dvar2: 0.000438269518781
        max: 0.462666511536
        mean: 0.140966355801
        median: 0.135867506266
        min: 0.0646524950862
        var: 0.00104435707908
    spectral_flux:
        dmean: 0.00952559988946
        dmean2: 0.0150402579457
        dvar: 0.000141370866913
        dvar2: 0.00029090436874
        max: 0.123478904366
        mean: 0.040453016758
        median: 0.0385144352913
        min: 1.04516617583e-010
        var: 0.000304722518194
    spectral_kurtosis:
        dmean: 0.906325817108
        dmean2: 1.52018177509
        dvar: 0.89334487915
        dvar2: 2.56572365761
        max: 13.7770872116
        mean: 2.85658478737
        median: 2.67039370537
        min: -1.1972476244
        var: 2.39942145348
    spectral_rms:
        dmean: 0.000308885268169
        dmean2: 0.00049642927479
        dvar: 1.67184666111e-007
        dvar2: 4.01059054411e-007
        max: 0.00457409024239
        mean: 0.00193729565945
        median: 0.00194084271789
        min: 3.26455073911e-012
        var: 4.3877906819e-007
    spectral_rolloff:
        dmean: 372.495758057
        dmean2: 602.028625488
        dvar: 253674.296875
        dvar2: 544612.25
        max: 19509.0820313
        mean: 3580.63842773
        median: 3596.04492188
        min: 215.33203125
        var: 654142.125
    spectral_skewness:
        dmean: 0.16238065064
        dmean2: 0.261298686266
        dvar: 0.0254275482148
        dvar2: 0.0622354708612
        max: 2.49307703972
        mean: 1.12638795376
        median: 1.12239789963
        min: -0.253463298082
        var: 0.0986544117332
    spectral_spread:
        dmean: 442678.21875
        dmean2: 654848.125
        dvar: 408982585344
        dvar2: 708887183360
        max: 41310572
        mean: 4710203
        median: 4387817
        min: 1901602.625
        var: 2.09416867021e+012
    spectral_strongpeak:
        dmean: 0.583146572113
        dmean2: 1.01074457169
        dvar: 0.67590290308
        dvar2: 1.76432144642
        max: 10.9270915985
        mean: 0.855949163437
        median: 0.420871198177
        min: 7.12612546749e-009
        var: 1.31922101974
    zerocrossingrate:
        dmean: 0.00949460733682
        dmean2: 0.0115015693009
        dvar: 0.00010665490845
        dvar2: 0.000135119320475
        max: 0.515625
        mean: 0.108037225902
        median: 0.10791015625
        min: 0.0224609375
        var: 0.000691223714966
    barkbands:
        dmean: [5.27420297658e-007, 0.000106062594568, 0.000110860659333, 8.08633922134e-005, 0.000445071724243, 0.000229201294133, 9.31601171033e-005, 8.11337740743e-005, 9.74460272118e-005, 6.89074149705e-005, 4.79769842059e-005, 8.22293150122e-005, 7.31593754608e-005, 5.74187433813e-005, 5.66581293242e-005, 8.10448036646e-005, 0.000146713617141, 0.000203865769436, 0.000290327356197, 0.00017107828171, 0.000118437841593, 4.3279655074e-005, 8.0237578004e-006, 2.71886938208e-006, 1.20216827781e-006, 3.10048591246e-008, 3.12234654798e-010]
        dmean2: [8.01126418537e-007, 0.000190897975699, 0.000192283667275, 0.000134775254992, 0.000762995972764, 0.000376519281417, 0.00016337519628, 0.000130918735522, 0.000154926106916, 0.000108520478534, 7.60655966587e-005, 0.000132372224471, 0.000117097239126, 9.3539012596e-005, 9.21732716961e-005, 0.000133298861329, 0.000237881438807, 0.000345707056113, 0.000488212652272, 0.000281558022834, 0.000202814044314, 7.30897008907e-005, 1.19430960694e-005, 3.98736347051e-006, 1.83849851965e-006, 5.0731166823e-008, 5.40447686603e-010]
        dvar: [6.88106201793e-013, 4.93635639032e-008, 3.26400666495e-008, 1.3913536101e-008, 1.9260398858e-006, 1.19617737937e-007, 4.21549906093e-008, 2.30756835862e-008, 3.16618624652e-008, 1.97368770216e-008, 9.33553412352e-009, 3.69107588938e-008, 3.76523097145e-008, 1.94487501659e-008, 1.1573230374e-008, 1.63680855536e-008, 7.70525616645e-008, 1.06693370583e-007, 1.51847331153e-007, 5.95219447064e-008, 3.81008078421e-008, 5.81419001833e-009, 3.44647893558e-010, 5.16413925511e-011, 1.11611032916e-011, 6.36693109463e-015, 2.76397955589e-019]
        dvar2: [1.42262026812e-012, 1.38900048796e-007, 8.99109053876e-008, 3.62416336941e-008, 5.12786164109e-006, 3.05471445472e-007, 1.19866911064e-007, 5.68312366056e-008, 7.67465309082e-008, 4.53078570217e-008, 2.2210167927e-008, 9.60695984986e-008, 9.14749733738e-008, 4.81695217047e-008, 2.8532891605e-008, 4.0435995885e-008, 1.95410024162e-007, 2.79421158211e-007, 3.75057339852e-007, 1.41596970593e-007, 9.68397202428e-008, 1.42702543116e-008, 6.73756106462e-010, 1.0026771774e-010, 2.53148925433e-011, 1.69462764676e-014, 7.47181338875e-019]
        max: [7.44234193917e-006, 0.00131216528825, 0.00250214105472, 0.00130315229762, 0.0134481582791, 0.0040192110464, 0.00295411329716, 0.00313817942515, 0.00335339852609, 0.00293139088899, 0.00201350776479, 0.00444367201999, 0.00472617801279, 0.0027653852012, 0.00216326792724, 0.00274796807207, 0.00736915366724, 0.00665164506063, 0.00758436322212, 0.00629188492894, 0.00395633280277, 0.00111935345922, 0.000460701470729, 0.000142631688504, 0.00016065890668, 2.43604608841e-006, 1.08051807501e-008]
        mean: [6.42072393475e-007, 0.000109257467557, 0.000148511331645, 0.000107639454654, 0.000446844147518, 0.000365659070667, 0.000122736804769, 0.000120152923046, 0.000159477931447, 0.000117834832054, 7.53805215936e-005, 0.000132954199216, 0.000114783557365, 8.13615406514e-005, 8.91465970199e-005, 0.000157760063303, 0.000284461770207, 0.000368520093616, 0.00059377058642, 0.00038205285091, 0.000223212438868, 7.18139926903e-005, 1.48782019096e-005, 5.53592190045e-006, 2.26162069339e-006, 5.42350875321e-008, 4.23428819785e-010]
        median: [2.30218120123e-007, 5.8665216784e-005, 9.34103809414e-005, 6.29868882243e-005, 0.00014955442748, 0.000193294778001, 6.09474591329e-005, 4.94317682751e-005, 6.82890386088e-005, 4.59786897409e-005, 3.18385245919e-005, 4.6636472689e-005, 3.28015448758e-005, 2.96376219922e-005, 4.93943734909e-005, 9.78065363597e-005, 0.000154617388034, 0.00017253907572, 0.000438622548245, 0.000290265568765, 0.000150364867295, 3.53432587872e-005, 5.20673529536e-006, 1.98303655452e-006, 7.97565803623e-007, 2.23120295573e-008, 2.37517061574e-010]
        min: [2.93435809468e-023, 4.14569440432e-023, 2.60303604117e-023, 3.89850562853e-024, 3.22873100779e-023, 5.72628829955e-023, 3.9299825986e-023, 7.31769590006e-023, 6.79968880893e-023, 2.2513392882e-023, 6.96570427089e-023, 1.16480613801e-022, 5.90466805179e-023, 5.60959810118e-023, 1.62234016189e-022, 1.58737241921e-022, 1.68026640749e-022, 2.2111384947e-022, 2.83983059634e-022, 3.44246857866e-022, 3.62984992803e-022, 5.42938402645e-022, 5.00363844648e-022, 6.05805088454e-022, 1.01278996576e-021, 1.79498738185e-021, 2.98235486602e-021]
        var: [1.00068781386e-012, 3.39008039418e-008, 3.26894777913e-008, 1.72999889969e-008, 1.45484011682e-006, 2.02020245865e-007, 4.41152359087e-008, 3.69221062613e-008, 6.55161898067e-008, 4.42158203384e-008, 1.7971112598e-008, 7.43446051388e-008, 7.8385077984e-008, 3.03279144021e-008, 1.77878565211e-008, 4.72806078733e-008, 2.03297886969e-007, 2.9745913821e-007, 3.57166811682e-007, 1.49803511817e-007, 5.42528226788e-008, 9.22848375495e-009, 7.68227981229e-010, 1.26973820347e-010, 2.28742302877e-011, 8.29220437297e-015, 3.34402522629e-019]
    frequency_bands:
        dmean: [5.27420297658e-007, 0.000106062594568, 0.000110860659333, 8.08633922134e-005, 0.000445071724243, 0.000229201294133, 9.31601171033e-005, 8.11337740743e-005, 9.74460272118e-005, 6.89074149705e-005, 4.79769842059e-005, 8.22293150122e-005, 7.31593754608e-005, 5.74187433813e-005, 5.66581293242e-005, 8.10448036646e-005, 0.000146713617141, 0.000203865769436, 0.000290327356197, 0.00017107828171, 0.000118437841593, 4.3279655074e-005, 8.0237578004e-006, 2.71886938208e-006, 1.20216827781e-006, 3.10048591246e-008, 3.12234654798e-010, 5.1328385986e-011]
        dmean2: [8.01126418537e-007, 0.000190897975699, 0.000192283667275, 0.000134775254992, 0.000762995972764, 0.000376519281417, 0.00016337519628, 0.000130918735522, 0.000154926106916, 0.000108520478534, 7.60655966587e-005, 0.000132372224471, 0.000117097239126, 9.3539012596e-005, 9.21732716961e-005, 0.000133298861329, 0.000237881438807, 0.000345707056113, 0.000488212652272, 0.000281558022834, 0.000202814044314, 7.30897008907e-005, 1.19430960694e-005, 3.98736347051e-006, 1.83849851965e-006, 5.0731166823e-008, 5.40447686603e-010, 9.54978249257e-011]
        dvar: [6.88106201793e-013, 4.93635639032e-008, 3.26400666495e-008, 1.3913536101e-008, 1.9260398858e-006, 1.19617737937e-007, 4.21549906093e-008, 2.30756835862e-008, 3.16618624652e-008, 1.97368770216e-008, 9.33553412352e-009, 3.69107588938e-008, 3.76523097145e-008, 1.94487501659e-008, 1.1573230374e-008, 1.63680855536e-008, 7.70525616645e-008, 1.06693370583e-007, 1.51847331153e-007, 5.95219447064e-008, 3.81008078421e-008, 5.81419001833e-009, 3.44647893558e-010, 5.16413925511e-011, 1.11611032916e-011, 6.36693109463e-015, 2.76397955589e-019, 6.79119644991e-021]
        dvar2: [1.42262026812e-012, 1.38900048796e-007, 8.99109053876e-008, 3.62416336941e-008, 5.12786164109e-006, 3.05471445472e-007, 1.19866911064e-007, 5.68312366056e-008, 7.67465309082e-008, 4.53078570217e-008, 2.2210167927e-008, 9.60695984986e-008, 9.14749733738e-008, 4.81695217047e-008, 2.8532891605e-008, 4.0435995885e-008, 1.95410024162e-007, 2.79421158211e-007, 3.75057339852e-007, 1.41596970593e-007, 9.68397202428e-008, 1.42702543116e-008, 6.73756106462e-010, 1.0026771774e-010, 2.53148925433e-011, 1.69462764676e-014, 7.47181338875e-019, 2.18601896224e-020]
        max: [7.44234193917e-006, 0.00131216528825, 0.00250214105472, 0.00130315229762, 0.0134481582791, 0.0040192110464, 0.00295411329716, 0.00313817942515, 0.00335339852609, 0.00293139088899, 0.00201350776479, 0.00444367201999, 0.00472617801279, 0.0027653852012, 0.00216326792724, 0.00274796807207, 0.00736915366724, 0.00665164506063, 0.00758436322212, 0.00629188492894, 0.00395633280277, 0.00111935345922, 0.000460701470729, 0.000142631688504, 0.00016065890668, 2.43604608841e-006, 1.08051807501e-008, 2.21942286771e-009]
        mean: [6.42072393475e-007, 0.000109257467557, 0.000148511331645, 0.000107639454654, 0.000446844147518, 0.000365659070667, 0.000122736804769, 0.000120152923046, 0.000159477931447, 0.000117834832054, 7.53805215936e-005, 0.000132954199216, 0.000114783557365, 8.13615406514e-005, 8.91465970199e-005, 0.000157760063303, 0.000284461770207, 0.000368520093616, 0.00059377058642, 0.00038205285091, 0.000223212438868, 7.18139926903e-005, 1.48782019096e-005, 5.53592190045e-006, 2.26162069339e-006, 5.42350875321e-008, 4.23428819785e-010, 4.02588171133e-011]
        median: [2.30218120123e-007, 5.8665216784e-005, 9.34103809414e-005, 6.29868882243e-005, 0.00014955442748, 0.000193294778001, 6.09474591329e-005, 4.94317682751e-005, 6.82890386088e-005, 4.59786897409e-005, 3.18385245919e-005, 4.6636472689e-005, 3.28015448758e-005, 2.96376219922e-005, 4.93943734909e-005, 9.78065363597e-005, 0.000154617388034, 0.00017253907572, 0.000438622548245, 0.000290265568765, 0.000150364867295, 3.53432587872e-005, 5.20673529536e-006, 1.98303655452e-006, 7.97565803623e-007, 2.23120295573e-008, 2.37517061574e-010, 1.48365434521e-011]
        min: [2.93435809468e-023, 4.14569440432e-023, 2.60303604117e-023, 3.89850562853e-024, 3.22873100779e-023, 5.72628829955e-023, 3.9299825986e-023, 7.31769590006e-023, 6.79968880893e-023, 2.2513392882e-023, 6.96570427089e-023, 1.16480613801e-022, 5.90466805179e-023, 5.60959810118e-023, 1.62234016189e-022, 1.58737241921e-022, 1.68026640749e-022, 2.2111384947e-022, 2.83983059634e-022, 3.44246857866e-022, 3.62984992803e-022, 5.42938402645e-022, 5.00363844648e-022, 6.05805088454e-022, 1.01278996576e-021, 1.79498738185e-021, 2.98235486602e-021, 1.08860724852e-021]
        var: [1.00068781386e-012, 3.39008039418e-008, 3.26894777913e-008, 1.72999889969e-008, 1.45484011682e-006, 2.02020245865e-007, 4.41152359087e-008, 3.69221062613e-008, 6.55161898067e-008, 4.42158203384e-008, 1.7971112598e-008, 7.43446051388e-008, 7.8385077984e-008, 3.03279144021e-008, 1.77878565211e-008, 4.72806078733e-008, 2.03297886969e-007, 2.9745913821e-007, 3.57166811682e-007, 1.49803511817e-007, 5.42528226788e-008, 9.22848375495e-009, 7.68227981229e-010, 1.26973820347e-010, 2.28742302877e-011, 8.29220437297e-015, 3.34402522629e-019, 5.10030558802e-021]
    mfcc:
        mean: [-710.674743652, 92.5919265747, -44.6279029846, 60.1333503723, -18.1174468994, -4.2682466507, 1.01048386097, -3.9938492775, -2.34651827812, -5.50431776047, -4.49438238144, -2.10151052475, -2.68242788315]
        cov: [[5832.24414063, 605.270751953, -390.650390625, 603.202575684, -202.730438232, 81.6719284058, -55.0796928406, -16.4879570007, -23.293466568, 25.1733016968, -60.1570281982, -103.708351135, -92.0678634644], [605.270751953, 861.270385742, -415.054931641, 116.617919922, -107.736717224, 16.5984706879, 53.9676628113, -69.4465866089, -7.94497871399, -36.2422676086, -1.43200695515, -3.52319407463, 14.349691391], [-390.650390625, -415.054931641, 635.100463867, -10.1204938889, 140.64402771, 43.3762168884, -15.1498231888, 26.861492157, 18.3971233368, 38.4981498718, -16.1087722778, -20.6405162811, -2.00095534325], [603.202575684, 116.617919922, -10.1204938889, 315.437164307, 50.539440155, 43.1325073242, -12.7700605392, 6.20891046524, 45.3849449158, 5.88191986084, -14.4213123322, -21.742105484, 19.6546401978], [-202.730438232, -107.736717224, 140.64402771, 50.539440155, 190.88508606, 47.6340789795, -17.4158973694, 5.26384687424, 25.2630443573, 34.2469329834, 1.60639679432, 4.45335388184, -1.42084205151], [81.6719284058, 16.5984706879, 43.3762168884, 43.1325073242, 47.6340789795, 136.580978394, 48.4199142456, -7.5283498764, 4.92249822617, 25.812494278, 13.5402479172, -7.82941389084, 3.31658649445], [-55.0796928406, 53.9676628113, -15.1498231888, -12.7700605392, -17.4158973694, 48.4199142456, 121.226829529, 43.817199707, 0.733047008514, 1.54060423374, 21.8085918427, 16.8896541595, 6.6029086113], [-16.4879570007, -69.4465866089, 26.861492157, 6.20891046524, 5.26384687424, -7.5283498764, 43.817199707, 114.717803955, 35.1013946533, 18.112985611, 15.1027841568, 22.2539787292, 3.01998662949], [-23.293466568, -7.94497871399, 18.3971233368, 45.3849449158, 25.2630443573, 4.92249822617, 0.733047008514, 35.1013946533, 82.3931655884, 42.4368362427, 2.36359214783, -1.46249425411, 15.7557573318], [25.1733016968, -36.2422676086, 38.4981498718, 5.88191986084, 34.2469329834, 25.812494278, 1.54060423374, 18.112985611, 42.4368362427, 105.750984192, 33.4934539795, 5.346555233, -3.20197296143], [-60.1570281982, -1.43200695515, -16.1087722778, -14.4213123322, 1.60639679432, 13.5402479172, 21.8085918427, 15.1027841568, 2.36359214783, 33.4934539795, 78.7000045776, 24.4024066925, -9.8519487381], [-103.708351135, -3.52319407463, -20.6405162811, -21.742105484, 4.45335388184, -7.82941389084, 16.8896541595, 22.2539787292, -1.46249425411, 5.346555233, 24.4024066925, 59.8980979919, 20.4982242584], [-92.0678634644, 14.349691391, -2.00095534325, 19.6546401978, -1.42084205151, 3.31658649445, 6.6029086113, 3.01998662949, 15.7557573318, -3.20197296143, -9.8519487381, 20.4982242584, 67.9691162109]]
        icov: [[0.000286837836029, -8.54077516124e-005, 6.07266629231e-005, -0.000621707702521, 0.00049273885088, -0.000267811876256, 0.000304390268866, -0.000284921727143, 0.000496558903251, -0.000433878303738, 0.000372504320694, -4.59685579699e-005, 0.000526904594153], [-8.54077516124e-005, 0.00215905997902, 0.00116457464173, -0.000679872580804, 0.000257724284893, 0.000199033456738, -0.00164605816826, 0.00188246567268, -0.0006718361401, 0.000177575799171, 0.000136794129503, -0.00017142474826, -3.30583025061e-005], [6.07266629231e-005, 0.00116457464173, 0.0027213820722, -0.000150762498379, -0.00119142176118, -0.000319303479046, -0.000445632671472, -3.62998107448e-005, 0.000356779433787, -0.000527738709934, 0.000606662943028, 0.00118147267494, -0.000380259560188], [-0.000621707702521, -0.000679872580804, -0.000150762498379, 0.00574394874275, -0.00214032968506, -0.000954909774009, 0.000988672603853, -0.000736227899324, -0.00285666086711, 0.00199993187562, -0.00106502359267, 0.00195730989799, -0.00241374853067], [0.00049273885088, 0.000257724284893, -0.00119142176118, -0.00214032968506, 0.00887403078377, -0.00336050614715, 0.00246484065428, -6.97588911862e-005, -0.000767365912907, -0.00147945841309, 0.00156189908739, -0.00353828072548, 0.00271166698076], [-0.000267811876256, 0.000199033456738, -0.000319303479046, -0.000954909774009, -0.00336050614715, 0.0125651918352, -0.0072255381383, 0.00366084952839, 0.000959462253377, -0.00233550276607, -0.00144471379463, 0.00308140926063, -0.00175329355989], [0.000304390268866, -0.00164605816826, -0.000445632671472, 0.000988672603853, 0.00246484065428, -0.0072255381383, 0.0156922228634, -0.007749509532, 0.00170184636954, 0.00144371809438, -0.0017183747841, -0.00124915305059, -0.000514033250511], [-0.000284921727143, 0.00188246567268, -3.62998107448e-005, -0.000736227899324, -6.97588911862e-005, 0.00366084952839, -0.007749509532, 0.0161523055285, -0.00734286615625, 0.000528243603185, -1.62120613822e-005, -0.00508412718773, 0.00254146824591], [0.000496558903251, -0.0006718361401, 0.000356779433787, -0.00285666086711, -0.000767365912907, 0.000959462253377, 0.00170184636954, -0.00734286615625, 0.0227240882814, -0.00916047301143, 0.00181902421173, 0.00471673998982, -0.00510888779536], [-0.000433878303738, 0.000177575799171, -0.000527738709934, 0.00199993187562, -0.00147945841309, -0.00233550276607, 0.00144371809438, 0.000528243603185, -0.00916047301143, 0.016478266567, -0.00673774722964, -0.000176442074007, 0.00067659310298], [0.000372504320694, 0.000136794129503, 0.000606662943028, -0.00106502359267, 0.00156189908739, -0.00144471379463, -0.0017183747841, -1.62120613822e-005, 0.00181902421173, -0.00673774722964, 0.019898686558, -0.00881016813219, 0.00587450200692], [-4.59685579699e-005, -0.00017142474826, 0.00118147267494, 0.00195730989799, -0.00353828072548, 0.00308140926063, -0.00124915305059, -0.00508412718773, 0.00471673998982, -0.000176442074007, -0.00881016813219, 0.0282258801162, -0.0113254683092], [0.000526904594153, -3.30583025061e-005, -0.000380259560188, -0.00241374853067, 0.00271166698076, -0.00175329355989, -0.000514033250511, 0.00254146824591, -0.00510888779536, 0.00067659310298, 0.00587450200692, -0.0113254683092, 0.0216825045645]]
    sccoeffs:
        dmean: [0.056591719389, 0.0506291389465, 0.0393198318779, 0.0316670015454, 0.0213393978775, 0.0191970262676]
        dmean2: [0.0932757258415, 0.0835999846458, 0.0641027539968, 0.0516257956624, 0.0348497144878, 0.03080506064]
        dvar: [0.0026262535248, 0.00158789008856, 0.00100168830249, 0.000667228770908, 0.000298602564726, 0.000324175663991]
        dvar2: [0.0066235512495, 0.00419142283499, 0.00252069788985, 0.00167074485216, 0.000754895445425, 0.000794349121861]
        max: [-0.28231048584, -0.500801622868, -0.548036158085, -0.537614583969, -0.630771875381, -0.537735939026]
        mean: [-0.691387414932, -0.740176081657, -0.779418945313, -0.787387609482, -0.793731093407, -0.731532752514]
        median: [-0.69847369194, -0.743966817856, -0.784375011921, -0.793522834778, -0.796729922295, -0.732598543167]
        min: [-0.95148319006, -0.966516375542, -0.965860307217, -0.966943204403, -0.957973003387, -0.957652449608]
        var: [0.0061609451659, 0.00489185797051, 0.0038658475969, 0.00273067550734, 0.00112212030217, 0.0022736908868]
    scvalleys:
        dmean: [0.385977774858, 0.369742661715, 0.309989362955, 0.285400271416, 0.25487101078, 0.269664645195]
        dmean2: [0.647865116596, 0.614218950272, 0.502065837383, 0.455457121134, 0.403913259506, 0.401994466782]
        dvar: [0.10511174798, 0.123576767743, 0.0838685780764, 0.079154767096, 0.0900337696075, 0.13004617393]
        dvar2: [0.276773512363, 0.295349895954, 0.187224298716, 0.167520314455, 0.192376226187, 0.251470595598]
        max: [-5.30243778229, -4.49444007874, -5.44868755341, -5.73687791824, -5.51834726334, -7.42396450043]
        mean: [-6.95479297638, -6.73582839966, -7.21961784363, -7.37243652344, -6.93354845047, -9.74206924438]
        median: [-6.66452503204, -6.60051250458, -7.05033016205, -7.18973112106, -6.74012422562, -9.61260318756]
        min: [-27.5390014648, -27.0546264648, -27.1743984222, -27.1967334747, -27.3459205627, -27.3173046112]
        var: [1.84414255619, 1.16048574448, 1.12340247631, 1.17906415462, 1.3245010376, 1.65562605858]

rhythm:
    beats_loudness:
        dmean: 0.00420382851735
        dmean2: 0.00818401016295
        dvar: 8.66947993927e-006
        dvar2: 3.24070679198e-005
        max: 0.0130120264366
        mean: 0.00554909510538
        median: 0.00441672699526
        min: 6.8159544675e-010
        var: 1.18091320473e-005
    bpm: 95.118347168
    bpm_confidence: 0
    first_peak_bpm: 96
    first_peak_spread: 0.413580238819
    first_peak_weight: 0.560471951962
    onset_rate: 3.34029173851
    second_peak_bpm: 152
    second_peak_spread: 0.0909090936184
    second_peak_weight: 0.0294985249639
    beats_loudness_band_ratio:
        dmean: [0.10084477067, 0.197720780969, 0.0820602178574, 0.0972961634398, 0.108664929867, 0.107121996582]
        dmean2: [0.187234953046, 0.369850724936, 0.148644864559, 0.181303083897, 0.192203998566, 0.193092823029]
        dvar: [0.00849770475179, 0.0241586044431, 0.00860756449401, 0.0111068412662, 0.0123336277902, 0.00831257458776]
        dvar2: [0.0269774291664, 0.0842928513885, 0.0251640398055, 0.0317665152252, 0.0357925444841, 0.0253337919712]
        max: [0.550724446774, 0.749052762985, 0.789293050766, 0.620105087757, 0.845591247082, 0.673130810261]
        mean: [0.194604247808, 0.241365998983, 0.108928792179, 0.105392768979, 0.198225945234, 0.249664649367]
        median: [0.196871683002, 0.208502799273, 0.0753551274538, 0.058871999383, 0.165105998516, 0.23214802146]
        min: [0.000378578988602, 0.00174768036231, 0.00753134582192, 0.00388813274913, 0.0117375198752, 0.0334132090211]
        var: [0.0121122496203, 0.0325269512832, 0.00975223630667, 0.012363079004, 0.0151336193085, 0.0136033026502]
    beats_position: [0.592108845711, 1.20743763447, 1.8111563921, 2.41487526894, 3.01859402657, 3.62231278419, 4.23764181137, 4.86458063126, 5.4915189743, 6.10684776306, 6.73378658295, 7.3491153717, 7.96444416046, 8.57977294922, 9.2067117691, 9.83365058899, 10.4605894089, 11.0991382599, 11.7260770798, 12.3646259308, 13.0031747818, 13.6301136017, 14.2570514679, 14.8956003189, 15.5341491699, 16.1610889435, 16.7880268097, 17.4149665833, 18.0535144806, 18.6920623779, 19.3190021515, 19.9459400177, 20.5612697601, 21.1998176575, 21.826757431, 22.4769153595, 23.1038551331, 23.7307929993, 24.3577327728, 24.9962806702, 25.6232185364, 26.2617683411, 26.8887062073, 27.527256012, 28.1658039093, 28.7927436829, 29.4196815491, 30.0466213226, 30.6735591888, 31.3237190247, 31.9506568909, 32.5775947571, 33.204536438, 33.843082428, 34.4816322327, 35.1085700989, 35.7355079651, 36.362449646, 37.000995636, 37.6395454407, 38.2664833069, 38.8934249878, 39.520362854, 40.1473007202, 40.7858505249, 41.4243965149, 42.0629463196, 42.6898841858, 43.3284339905, 43.9553718567, 44.5823135376, 45.2092514038, 45.83618927, 46.4631271362, 47.1016769409, 47.7402267456, 48.3787727356, 49.0173225403, 49.6442604065, 50.2712020874, 50.8981399536, 51.5250778198, 52.152015686, 52.7905654907, 53.4291152954, 54.0560531616, 54.6829910278, 55.3099327087, 55.9484786987, 56.5870285034, 57.2139663696, 57.8409042358, 58.491065979, 59.1180038452, 59.7449417114, 60.3718795776, 60.9988212585, 61.6257591248, 62.252696991, 62.8796348572, 63.5065765381, 64.1335144043, 64.772064209, 65.4106140137, 66.0375518799, 66.6644897461, 67.2914276123, 67.9183654785, 68.5453033447, 69.1838531494, 69.8224029541, 70.4493408203, 71.087890625, 71.7264404297, 72.3533782959, 72.9919281006, 73.6188659668, 74.2574157715, 74.8843536377, 75.5229034424, 76.1614532471, 76.7883911133, 77.4153289795, 78.0422668457, 78.6808166504, 79.3193664551, 79.9463043213, 80.5732421875, 81.2001800537, 81.8387298584, 82.4656677246, 83.1042175293, 83.7311553955, 84.3580932617, 84.9966430664, 85.6351928711, 86.2621307373, 86.8890686035, 87.5160064697, 88.1545562744, 88.7931060791, 89.4200439453, 90.0469818115, 90.6739196777, 91.3008575439, 91.9510192871, 92.5779571533, 93.2048950195, 93.8434448242, 94.4819946289, 95.1089324951, 95.7358703613, 96.3628082275, 96.9897460938, 97.6399078369, 98.2668457031, 98.8937835693, 99.5207214355, 100.15927124, 100.786209106, 101.424758911, 102.051696777, 102.690246582, 103.328796387, 103.955734253, 104.582672119, 105.209609985, 105.836547852, 106.463493347, 107.102035522, 107.740585327, 108.367523193, 109.006072998, 109.644622803, 110.283172607, 110.898498535, 111.525436401, 112.152381897, 112.790924072, 113.429473877, 114.056411743, 114.683357239, 115.321899414, 115.960449219, 116.587387085, 117.214332581, 117.841270447, 118.479812622, 119.118362427, 119.745300293, 120.372245789, 120.999183655, 121.626121521, 122.253059387, 122.879997253, 123.518547058, 124.157096863, 124.784034729, 125.410972595, 126.037910461, 126.664848328, 127.291786194, 127.91872406, 128.557281494, 129.18421936, 129.822769165, 130.449707031, 131.088256836, 131.726806641, 132.365356445, 132.992294312, 133.630844116, 134.246170044, 134.884719849, 135.523269653, 136.161804199, 136.788757324, 137.41569519, 138.042633057, 138.681182861, 139.308120728, 139.946670532, 140.573608398, 141.200546265, 141.827484131, 142.466033936, 143.092971802, 143.731521606, 144.358459473, 144.997009277, 145.623947144, 146.262496948, 146.877822876, 147.516372681, 148.143310547, 148.781860352, 149.408798218, 150.047348022, 150.685897827, 151.324447632, 151.951385498, 152.578323364, 153.20526123, 153.832199097, 154.470748901, 155.109298706, 155.736236572, 156.363174438, 156.990112305, 157.640274048, 158.267211914, 158.89414978, 159.521087646, 160.17124939, 160.798187256, 161.425125122, 162.052062988, 162.679000854, 163.305938721, 163.932876587, 164.571426392, 165.209976196, 165.848526001, 166.487075806, 167.114013672, 167.740951538, 168.367889404, 168.994827271, 169.633377075, 170.27192688, 170.898864746, 171.525802612, 172.152740479, 172.779678345, 173.406616211, 174.045166016, 174.68371582, 175.322265625, 175.949203491, 176.576141357, 177.214691162, 177.841629028, 178.468566895, 179.095504761, 179.722442627, 180.349380493, 180.987930298, 181.614868164, 182.253417969, 182.891967773, 183.530517578, 184.157455444, 184.784393311, 185.411331177, 186.038269043, 186.676818848, 187.303756714, 187.942306519, 188.580856323, 189.219406128, 189.846343994, 190.47328186, 191.100219727, 191.727157593, 192.354095459, 192.992645264, 193.61958313, 194.258132935, 194.885070801, 195.535232544, 196.16217041, 196.789108276, 197.416046143, 198.042984009, 198.669921875, 199.30847168, 199.935409546, 200.573959351, 201.200897217, 201.827835083, 202.466384888, 203.104934692, 203.731872559, 204.358810425, 204.997360229, 205.484985352, 205.984207153, 206.483444214, 206.866577148, 207.261306763, 207.656051636, 208.050796509, 208.445526123, 208.840270996, 209.23500061, 209.629745483, 210.024490356, 210.419219971, 210.813964844, 211.220306396]
    bpm_estimates: [97.5088424683, 99.3840255737, 99.3840026855, 99.3840255737, 99.3840255737, 97.5088043213, 95.7031173706, 95.7031936646, 97.5088424683, 95.7031173706, 97.5088424683, 97.5088424683, 97.5088424683, 95.7031173706, 95.7031173706, 95.7031173706, 93.9630508423, 95.7031173706, 93.9630508423, 93.9630508423, 95.7031173706, 95.7032623291, 93.9630508423, 93.9630508423, 95.7029724121, 95.7032623291, 95.7029724121, 93.9631958008, 93.9631958008, 95.7029724121, 95.7032623291, 97.5086975098, 93.9631958008, 95.7029724121, 92.2852706909, 95.7029724121, 95.7032623291, 95.7029724121, 93.9631958008, 95.7032623291, 93.9629135132, 95.7032623291, 93.9629135132, 93.9631958008, 95.7029724121, 95.7032623291, 95.7029724121, 95.7032623291, 92.2849960327, 95.7032623291, 95.7032623291, 95.7026824951, 93.9634780884, 93.9629135132, 95.7032623291, 95.7032623291, 95.7026824951, 93.9634780884, 93.9629135132, 95.7032623291, 95.7026824951, 95.7032623291, 95.7032623291, 93.9629135132, 93.9634780884, 93.9629135132, 95.7032623291, 93.9629135132, 95.7032623291, 95.7026824951, 95.7032623291, 95.7032623291, 95.7032623291, 93.9629135132, 93.9629135132, 93.9634780884, 93.9629135132, 95.7032623291, 95.7026824951, 95.7032623291, 95.7032623291, 95.7032623291, 93.9629135132, 93.9629135132, 95.7032623291, 95.7032623291, 95.7026824951, 93.9634780884, 93.9629135132, 95.7032623291, 95.7032623291, 92.2847290039, 95.7032623291, 95.7032623291, 95.7032623291, 95.7026824951, 95.7032623291, 95.7032623291, 95.7032623291, 95.7026824951, 95.7032623291, 93.9629135132, 93.9629135132, 95.7032623291, 95.7032623291, 95.7032623291, 95.7032623291, 95.7032623291, 93.9629135132, 93.9629135132, 95.7032623291, 93.9629135132, 93.9629135132, 95.7032623291, 93.9629135132, 95.7032623291, 93.9629135132, 95.7032623291, 93.9629135132, 93.9629135132, 95.7032623291, 95.7032623291, 95.7032623291, 93.9629135132, 93.9629135132, 95.7032623291, 95.7032623291, 95.7032623291, 93.9629135132, 95.7032623291, 93.9629135132, 95.7032623291, 95.7032623291, 93.9629135132, 93.9629135132, 95.7032623291, 95.7032623291, 95.7032623291, 93.9629135132, 93.9629135132, 95.7032623291, 95.7032623291, 95.7032623291, 95.7032623291, 92.2847290039, 95.7032623291, 95.7032623291, 93.9629135132, 93.9629135132, 95.7032623291, 95.7032623291, 95.7032623291, 95.7032623291, 92.2847290039, 95.7032623291, 95.7032623291, 95.7032623291, 93.9629135132, 95.7032623291, 93.9629135132, 95.7032623291, 93.9629135132, 93.9629135132, 95.7032623291, 95.7032623291, 95.7032623291, 95.7032623291, 95.7021026611, 93.9640350342, 93.9629135132, 95.7032623291, 93.9629135132, 93.9629135132, 93.9629135132, 97.5093002319, 95.7032623291, 95.7021026611, 93.9640350342, 93.9629135132, 95.7032623291, 95.7021026611, 93.9640350342, 93.9629135132, 95.7032623291, 95.7021026611, 95.7032623291, 93.9640350342, 93.9629135132, 95.7032623291, 95.7021026611, 95.7032623291, 95.7032623291, 95.7032623291, 95.7032623291, 93.9629135132, 93.9629135132, 95.7032623291, 95.7032623291, 95.7032623291, 95.7032623291, 95.7032623291, 95.7032623291, 93.9617919922, 95.7032623291, 93.9629135132, 95.7032623291, 93.9629135132, 93.9629135132, 93.9629135132, 95.7032623291, 93.9629135132, 97.5093002319, 93.9629135132, 93.9629135132, 93.9651565552, 95.7009353638, 95.7032623291, 95.7032623291, 93.9629135132, 95.7032623291, 93.9629135132, 95.7032623291, 95.7032623291, 95.7032623291, 93.9629135132, 95.7032623291, 93.9629135132, 95.7032623291, 93.9629135132, 95.7032623291, 93.9629135132, 97.5093002319, 93.9629135132, 95.7032623291, 93.9629135132, 95.7032623291, 93.9629135132, 93.9629135132, 93.9629135132, 95.7032623291, 95.7032623291, 95.7032623291, 95.7032623291, 93.9629135132, 93.9629135132, 95.7032623291, 95.7032623291, 95.7032623291, 92.2847290039, 95.7032623291, 95.7032623291, 95.7032623291, 92.2847290039, 95.7032623291, 95.7032623291, 95.7032623291, 95.7032623291, 95.7032623291, 95.7032623291, 93.9629135132, 93.9629135132, 93.9629135132, 93.9629135132, 95.7032623291, 95.7032623291, 95.7032623291, 95.7032623291, 93.9629135132, 93.9629135132, 95.7032623291, 95.7032623291, 95.7032623291, 95.7032623291, 95.7032623291, 93.9629135132, 93.9629135132, 93.9629135132, 95.7032623291, 95.7032623291, 93.9629135132, 95.7032623291, 95.7032623291, 95.7032623291, 95.7032623291, 95.7032623291, 93.9629135132, 95.7032623291, 93.9629135132, 93.9629135132, 93.9629135132, 95.7032623291, 95.7032623291, 95.7032623291, 95.7032623291, 93.9629135132, 95.7032623291, 93.9629135132, 93.9629135132, 93.9629135132, 95.7032623291, 95.7032623291, 95.7032623291, 95.7032623291, 95.7032623291, 93.9629135132, 95.7032623291, 93.9629135132, 95.7032623291, 92.2847290039, 95.7032623291, 95.7032623291, 95.7032623291, 95.7032623291, 95.7032623291, 93.9629135132, 95.7032623291, 93.9629135132, 95.7032623291, 95.7032623291, 93.9629135132, 93.9629135132, 95.7032623291, 95.7032623291, 93.9629135132]
