
metadata:
    version:
        essentia: "2.1-beta2"
    audio_properties:
        analysis_sample_rate: 44100
        bitrate: 233
        channels: 2
        equal_loudness: 1
        length: 278.569793701
        replay_gain: -15.3287220001
        downmix: "mix"
    tags:
        album: "One Way Mirror"
        artist: "One Way Mirror"
        comment: ""
        date: "2008"
        genre: "Metal"
        title: "Redream"
        tracknumber: "3"

configuration:
    average_loudness:
        compute: 1
        frameSize: 88200
        hopSize: 44100
        silentFrames: "noise"
        windowType: "hann"
    general:
        analysisSampleRate: 44100
        endTime: 2000
        equalLoudness: 1
        nequalLoudness: 0
        shortSound: 0
        startTime: 0
    lowlevel:
        compute: 1
        frameSize: 2048
        hopSize: 1024
        zeroPadding: 0
        silentFrames: "noise"
        windowType: "blackmanharris62"
        mfccStats: ["mean", "cov", "icov"]
        stats: ["mean", "var", "median", "min", "max", "dmean", "dmean2", "dvar", "dvar2"]
    panning:
        compute: 0
        frameSize: 8192
        hopSize: 2048
        zeroPadding: 8192
        silentFrames: "noise"
        windowType: "hann"
        stats: ["copy"]
    rhythm:
        compute: 1
        maxTempo: 208
        minTempo: 40
        method: "degara"
        stats: ["mean", "var", "median", "min", "max", "dmean", "dmean2", "dvar", "dvar2"]
    segmentation:
        compute: 0
        cpw: 5
        inc1: 300
        inc2: 50
        minimumSegmentsLength: 10
        size1: 1000
        size2: 600
    sfx:
        compute: 1
        stats: ["mean", "var", "median", "min", "max", "dmean", "dmean2", "dvar", "dvar2"]
    svm:
        compute: 0
    tonal:
        compute: 1
        frameSize: 4096
        hopSize: 2048
        zeroPadding: 0
        silentFrames: "noise"
        windowType: "blackmanharris62"
        stats: ["mean", "var", "median", "min", "max", "dmean", "dmean2", "dvar", "dvar2"]

lowlevel:
    average_loudness: 0.946469426155
    barkbands_kurtosis:
        dmean: 0.999511182308
        dmean2: 1.71404242516
        dvar: 5.61587142944
        dvar2: 16.8046188354
        max: 126.332015991
        mean: -0.245657444
        median: -0.559117794037
        min: -1.90392458439
        var: 4.39509105682
    barkbands_skewness:
        dmean: 0.419875025749
        dmean2: 0.683838605881
        dvar: 0.176290497184
        dvar2: 0.45585206151
        max: 10.4747858047
        mean: -0.795779824257
        median: -0.850371718407
        min: -3.94841217995
        var: 0.380699813366
    barkbands_spread:
        dmean: 7.3755364418
        dmean2: 12.4654998779
        dvar: 42.6011695862
        dvar2: 118.969329834
        max: 75.3819885254
        mean: 31.9628429413
        median: 31.2188606262
        min: 1.50695931911
        var: 81.7977142334
    dissonance:
        dmean: 0.00613445229828
        dmean2: 0.0105213811621
        dvar: 4.04908932978e-005
        dvar2: 0.000112968642497
        max: 0.500000119209
        mean: 0.490249633789
        median: 0.492021083832
        min: 0.423340708017
        var: 5.52141755179e-005
    hfc:
        dmean: 3.49857807159
        dmean2: 5.87950944901
        dvar: 14.2169589996
        dvar2: 38.2511634827
        max: 43.3448677063
        mean: 13.0529212952
        median: 12.7212343216
        min: 1.05875042061e-016
        var: 35.3025016785
    pitch:
        dmean: 822.272583008
        dmean2: 1538.0559082
        dvar: 1117117.375
        dvar2: 2750065.75
        max: 4875.23535156
        mean: 2203.29418945
        median: 2837.53027344
        min: 66.0539627075
        var: 1499927.5
    pitch_instantaneous_confidence:
        dmean: 0.0742438361049
        dmean2: 0.124283879995
        dvar: 0.00376158440486
        dvar2: 0.00985216908157
        max: 0.902861475945
        mean: 0.33212903142
        median: 0.323995828629
        min: 0.0886969566345
        var: 0.00898362137377
    pitch_salience:
        dmean: 0.053475420922
        dmean2: 0.0901625528932
        dvar: 0.00241457461379
        dvar2: 0.00657871132717
        max: 0.889778614044
        mean: 0.71404927969
        median: 0.727902173996
        min: 0.190124452114
        var: 0.00453237816691
    silence_rate_20dB:
        dmean: 0
        dmean2: 0
        dvar: 0
        dvar2: 0
        max: 1
        mean: 1
        median: 1
        min: 1
        var: 0
    silence_rate_30dB:
        dmean: 0
        dmean2: 0
        dvar: 0
        dvar2: 0
        max: 1
        mean: 1
        median: 1
        min: 1
        var: 0
    silence_rate_60dB:
        dmean: 0.0318412929773
        dmean2: 0.0636878982186
        dvar: 0.030821647495
        dvar2: 0.0697859451175
        max: 1
        mean: 0.0882647112012
        median: 0
        min: 0
        var: 0.08047914505
    spectral_centroid:
        dmean: 278.760559082
        dmean2: 459.510345459
        dvar: 81953.8671875
        dvar2: 205056.046875
        max: 11730.2900391
        mean: 2166.36694336
        median: 2138.27636719
        min: 94.722328186
        var: 742913.6875
    spectral_complexity:
        dmean: 4.7115111351
        dmean2: 7.59419822693
        dvar: 18.3861026764
        dvar2: 45.2564086914
        max: 53
        mean: 24.0331726074
        median: 25
        min: 0
        var: 80.71144104
    spectral_crest:
        dmean: 1.48353266716
        dmean2: 2.47724032402
        dvar: 2.06910586357
        dvar2: 5.01260709763
        max: 24.1955184937
        mean: 5.82953071594
        median: 5.39337348938
        min: 2.41924643517
        var: 3.99150681496
    spectral_decrease:
        dmean: 2.53828069674e-010
        dmean2: 4.1912001647e-010
        dvar: 7.30473505423e-020
        dvar2: 1.93272326936e-019
        max: 1.2679719697e-028
        mean: -1.29305710583e-009
        median: -1.29190147469e-009
        min: -3.60705465496e-009
        var: 2.28872655386e-019
    spectral_energy:
        dmean: 0.00123553571757
        dmean2: 0.0020497571677
        dvar: 1.74763613359e-006
        dvar2: 4.61292529508e-006
        max: 0.0173287577927
        mean: 0.0060642240569
        median: 0.00602469407022
        min: 1.00043876173e-020
        var: 5.30498164153e-006
    spectral_energyband_high:
        dmean: 0.000226868709433
        dmean2: 0.000395724637201
        dvar: 1.02983698014e-007
        dvar2: 2.7710541417e-007
        max: 0.00447242893279
        mean: 0.000478002388263
        median: 0.000378697033739
        min: 6.85817546131e-021
        var: 1.42110025081e-007
    spectral_energyband_low:
        dmean: 0.000332963798428
        dmean2: 0.000576464226469
        dvar: 1.45676338548e-007
        dvar2: 4.06006023468e-007
        max: 0.00330111966468
        mean: 0.000509067962412
        median: 0.000410349399317
        min: 1.38897910803e-023
        var: 1.62513302371e-007
    spectral_energyband_middle_high:
        dmean: 0.00104409840424
        dmean2: 0.00171577138826
        dvar: 1.01643524886e-006
        dvar2: 2.65133780886e-006
        max: 0.0132543714717
        mean: 0.00417295098305
        median: 0.00407315045595
        min: 1.11591319544e-021
        var: 3.61792262993e-006
    spectral_energyband_middle_low:
        dmean: 0.000417120638303
        dmean2: 0.00069024116965
        dvar: 2.15836124084e-007
        dvar2: 5.76798527163e-007
        max: 0.00583505816758
        mean: 0.00104354112409
        median: 0.000910866656341
        min: 1.38467845926e-022
        var: 3.89539707157e-007
    spectral_flatness_db:
        dmean: 0.0115038305521
        dmean2: 0.0187820345163
        dvar: 0.000124252255773
        dvar2: 0.000316118006594
        max: 0.371395885944
        mean: 0.130487635732
        median: 0.127714663744
        min: 0.0526323206723
        var: 0.000489979283884
    spectral_flux:
        dmean: 0.00644146976992
        dmean2: 0.00972199626267
        dvar: 4.0147020627e-005
        dvar2: 7.86350065027e-005
        max: 0.0943426638842
        mean: 0.0490878969431
        median: 0.0499454066157
        min: 6.43327682792e-011
        var: 0.000160357056302
    spectral_kurtosis:
        dmean: 1.02271473408
        dmean2: 1.71754515171
        dvar: 1.08470463753
        dvar2: 3.1021156311
        max: 17.5408382416
        mean: 4.05193376541
        median: 3.94976353645
        min: -1.27777957916
        var: 2.31480574608
    spectral_rms:
        dmean: 0.000245366216404
        dmean2: 0.000400368706323
        dvar: 6.15249646785e-008
        dvar2: 1.56394122541e-007
        max: 0.00411170348525
        mean: 0.00236915634014
        median: 0.00242440728471
        min: 3.12416043556e-012
        var: 3.03443130178e-007
    spectral_rolloff:
        dmean: 277.480072021
        dmean2: 456.976654053
        dvar: 132884.265625
        dvar2: 300652.59375
        max: 19659.8144531
        mean: 3520.95678711
        median: 3359.1796875
        min: 86.1328125
        var: 1927230.25
    spectral_skewness:
        dmean: 0.149627387524
        dmean2: 0.246125355363
        dvar: 0.021465703845
        dvar2: 0.0563049986959
        max: 3.00267004967
        mean: 1.37756371498
        median: 1.37365984917
        min: -0.0653532370925
        var: 0.0803165510297
    spectral_spread:
        dmean: 436373.59375
        dmean2: 672536.4375
        dvar: 372236681216
        dvar2: 691146391552
        max: 42681056
        mean: 4535493
        median: 4107486.5
        min: 1606467.125
        var: 1.06883648061e+013
    spectral_strongpeak:
        dmean: 0.651624321938
        dmean2: 1.15443634987
        dvar: 0.548292160034
        dvar2: 1.45158684254
        max: 6.69864988327
        mean: 0.741793692112
        median: 0.287115871906
        min: 0
        var: 0.753830492496
    zerocrossingrate:
        dmean: 0.00700301211327
        dmean2: 0.00913593918085
        dvar: 5.11101643497e-005
        dvar2: 7.0469090133e-005
        max: 0.5166015625
        mean: 0.114077322185
        median: 0.11181640625
        min: 0.01416015625
        var: 0.00135963351931
    barkbands:
        dmean: [2.97145533068e-007, 0.000130939079099, 0.000207309611142, 0.000157332629897, 0.000268985546427, 7.16503855074e-005, 5.4820200603e-005, 2.83829995169e-005, 6.86033454258e-005, 8.68282804731e-005, 8.07099349913e-005, 8.92565294635e-005, 8.84375622263e-005, 9.80673357844e-005, 0.000119703618111, 0.000299967767205, 0.000387477310142, 0.000343114195857, 0.00030636577867, 0.000174241969944, 0.000103739235783, 5.06580145156e-005, 1.02723406599e-005, 3.77678270524e-006, 1.16030605568e-006, 6.65527579713e-008, 7.04985458899e-010]
        dmean2: [4.67028428375e-007, 0.000229933546507, 0.000361066864571, 0.000269588024821, 0.000438176910393, 0.000120154705655, 9.300824604e-005, 4.76358654851e-005, 0.000112214416731, 0.000141498647281, 0.000134998888825, 0.00014844458201, 0.000147939063027, 0.000166161087691, 0.000201637929422, 0.000504742492922, 0.000653765862808, 0.000580104417168, 0.000517993408721, 0.000301231310004, 0.000179143127752, 8.94653858268e-005, 1.76234261744e-005, 6.32601313555e-006, 1.87262821782e-006, 1.06812613865e-007, 1.12585907264e-009]
        dvar: [1.56301498979e-013, 3.83887126532e-008, 5.88124962064e-008, 3.10367944678e-008, 1.00972741279e-007, 9.21989506963e-009, 1.11517763912e-008, 1.63902913464e-009, 1.13539098123e-008, 2.77191407605e-008, 2.81007537239e-008, 2.1389748639e-008, 2.14000390741e-008, 1.92295424029e-008, 2.7446850126e-008, 1.00008925585e-007, 1.61378466146e-007, 1.33535820623e-007, 1.04778386856e-007, 5.38075646261e-008, 1.89917770399e-008, 6.63762511621e-009, 2.8562366361e-010, 2.76922408615e-011, 5.94489561745e-012, 1.5668972806e-014, 1.56565354904e-018]
        dvar2: [3.8143728627e-013, 1.06401962796e-007, 1.63416586929e-007, 8.49372057132e-008, 2.49898846505e-007, 2.4662165643e-008, 3.01114440049e-008, 4.22996837557e-009, 2.73491096436e-008, 6.65508892439e-008, 7.41040793173e-008, 5.49120002802e-008, 5.55274652925e-008, 5.04470207829e-008, 7.32465892384e-008, 2.70139167924e-007, 4.44673389666e-007, 3.56126008683e-007, 2.85635906039e-007, 1.47246836946e-007, 5.10552702337e-008, 1.76845880162e-008, 7.00110969198e-010, 7.01998528752e-011, 1.26371682216e-011, 3.49235004522e-014, 3.40309341835e-018]
        max: [5.45191687706e-006, 0.00157960981596, 0.00240811845288, 0.00274401856586, 0.00427457597107, 0.00148607767187, 0.00201108981855, 0.000680897908751, 0.00227803038433, 0.00349096232094, 0.00402355473489, 0.00262254336849, 0.0029693832621, 0.00266474834643, 0.0027179075405, 0.00598021689802, 0.00646489160135, 0.00591057911515, 0.00672260951251, 0.00301035121083, 0.00221807905473, 0.00161407806445, 0.000267145544058, 0.000110845074232, 7.40722171031e-005, 2.54491965279e-006, 3.32932827973e-008]
        mean: [4.56214053202e-007, 0.000140504111187, 0.000265811919235, 0.000211359161767, 0.000448161823442, 0.00010977594502, 7.04440826667e-005, 4.2449679313e-005, 0.000113365800644, 0.000142489254358, 0.000132285436848, 0.000152980108396, 0.000148725579493, 0.000167834019521, 0.0002190953237, 0.000635655887891, 0.000890004448593, 0.000783181923907, 0.00071934616426, 0.000353820447344, 0.000211882681469, 7.7406039054e-005, 1.73797780008e-005, 7.49721584725e-006, 2.19234993892e-006, 1.30920000174e-007, 1.52360968286e-009]
        median: [3.00462176028e-007, 7.82060669735e-005, 0.000191568309674, 0.000153923087055, 0.000312116055284, 7.8682336607e-005, 4.21231015935e-005, 2.73209407169e-005, 6.47661654511e-005, 6.81593446643e-005, 5.17219232279e-005, 8.74206161825e-005, 7.90237390902e-005, 0.000120628566947, 0.000151095868205, 0.000551971199457, 0.000807295669802, 0.00069204159081, 0.000647078733891, 0.000276602047961, 0.000170563580468, 5.20388712175e-005, 1.13816277008e-005, 5.43532678421e-006, 1.24010898617e-006, 6.84107490656e-008, 7.83028697438e-010]
        min: [1.90519904958e-025, 9.3676364748e-025, 9.66781382645e-025, 8.21711045467e-025, 1.16704042875e-023, 8.62499098571e-024, 1.15719836344e-023, 6.92639359648e-024, 1.01848774399e-023, 8.31452452127e-024, 1.21801827706e-023, 1.94149712828e-023, 3.36524780506e-023, 3.49113075733e-023, 3.36477007089e-023, 3.52267067849e-023, 5.73378942012e-023, 1.24067095438e-022, 1.04320972969e-022, 1.78621206789e-022, 2.37220319184e-022, 3.34219590101e-022, 3.89303134406e-022, 5.57956395771e-022, 8.38484724268e-022, 1.32029890231e-021, 1.92924832723e-021]
        var: [2.62806513747e-013, 3.27114015874e-008, 6.80207676851e-008, 4.00672064416e-008, 1.86332158592e-007, 1.31738460141e-008, 1.03521911043e-008, 2.54723486748e-009, 2.56587107117e-008, 6.45065867388e-008, 6.82598866319e-008, 4.36943672355e-008, 4.19360013382e-008, 2.77842584495e-008, 5.205624376e-008, 2.08628591736e-007, 3.25145038005e-007, 2.61176609229e-007, 2.05096412742e-007, 8.7876387056e-008, 2.83282943769e-008, 7.78831754644e-009, 5.03751873548e-010, 5.45426620535e-011, 1.15761896596e-011, 3.45982669055e-014, 5.25292982991e-018]
    frequency_bands:
        dmean: [2.97145533068e-007, 0.000130939079099, 0.000207309611142, 0.000157332629897, 0.000268985546427, 7.16503855074e-005, 5.4820200603e-005, 2.83829995169e-005, 6.86033454258e-005, 8.68282804731e-005, 8.07099349913e-005, 8.92565294635e-005, 8.84375622263e-005, 9.80673357844e-005, 0.000119703618111, 0.000299967767205, 0.000387477310142, 0.000343114195857, 0.00030636577867, 0.000174241969944, 0.000103739235783, 5.06580145156e-005, 1.02723406599e-005, 3.77678270524e-006, 1.16030605568e-006, 6.65527579713e-008, 7.04985458899e-010, 6.78622089079e-011]
        dmean2: [4.67028428375e-007, 0.000229933546507, 0.000361066864571, 0.000269588024821, 0.000438176910393, 0.000120154705655, 9.300824604e-005, 4.76358654851e-005, 0.000112214416731, 0.000141498647281, 0.000134998888825, 0.00014844458201, 0.000147939063027, 0.000166161087691, 0.000201637929422, 0.000504742492922, 0.000653765862808, 0.000580104417168, 0.000517993408721, 0.000301231310004, 0.000179143127752, 8.94653858268e-005, 1.76234261744e-005, 6.32601313555e-006, 1.87262821782e-006, 1.06812613865e-007, 1.12585907264e-009, 1.25529725503e-010]
        dvar: [1.56301498979e-013, 3.83887126532e-008, 5.88124962064e-008, 3.10367944678e-008, 1.00972741279e-007, 9.21989506963e-009, 1.11517763912e-008, 1.63902913464e-009, 1.13539098123e-008, 2.77191407605e-008, 2.81007537239e-008, 2.1389748639e-008, 2.14000390741e-008, 1.92295424029e-008, 2.7446850126e-008, 1.00008925585e-007, 1.61378466146e-007, 1.33535820623e-007, 1.04778386856e-007, 5.38075646261e-008, 1.89917770399e-008, 6.63762511621e-009, 2.8562366361e-010, 2.76922408615e-011, 5.94489561745e-012, 1.5668972806e-014, 1.56565354904e-018, 7.96207787712e-021]
        dvar2: [3.8143728627e-013, 1.06401962796e-007, 1.63416586929e-007, 8.49372057132e-008, 2.49898846505e-007, 2.4662165643e-008, 3.01114440049e-008, 4.22996837557e-009, 2.73491096436e-008, 6.65508892439e-008, 7.41040793173e-008, 5.49120002802e-008, 5.55274652925e-008, 5.04470207829e-008, 7.32465892384e-008, 2.70139167924e-007, 4.44673389666e-007, 3.56126008683e-007, 2.85635906039e-007, 1.47246836946e-007, 5.10552702337e-008, 1.76845880162e-008, 7.00110969198e-010, 7.01998528752e-011, 1.26371682216e-011, 3.49235004522e-014, 3.40309341835e-018, 2.49777234912e-020]
        max: [5.45191687706e-006, 0.00157960981596, 0.00240811845288, 0.00274401856586, 0.00427457597107, 0.00148607767187, 0.00201108981855, 0.000680897908751, 0.00227803038433, 0.00349096232094, 0.00402355473489, 0.00262254336849, 0.0029693832621, 0.00266474834643, 0.0027179075405, 0.00598021689802, 0.00646489160135, 0.00591057911515, 0.00672260951251, 0.00301035121083, 0.00221807905473, 0.00161407806445, 0.000267145544058, 0.000110845074232, 7.40722171031e-005, 2.54491965279e-006, 3.32932827973e-008, 9.74741287685e-010]
        mean: [4.56214053202e-007, 0.000140504111187, 0.000265811919235, 0.000211359161767, 0.000448161823442, 0.00010977594502, 7.04440826667e-005, 4.2449679313e-005, 0.000113365800644, 0.000142489254358, 0.000132285436848, 0.000152980108396, 0.000148725579493, 0.000167834019521, 0.0002190953237, 0.000635655887891, 0.000890004448593, 0.000783181923907, 0.00071934616426, 0.000353820447344, 0.000211882681469, 7.7406039054e-005, 1.73797780008e-005, 7.49721584725e-006, 2.19234993892e-006, 1.30920000174e-007, 1.52360968286e-009, 5.36593616762e-011]
        median: [3.00462176028e-007, 7.82060669735e-005, 0.000191568309674, 0.000153923087055, 0.000312116055284, 7.8682336607e-005, 4.21231015935e-005, 2.73209407169e-005, 6.47661654511e-005, 6.81593446643e-005, 5.17219232279e-005, 8.74206161825e-005, 7.90237390902e-005, 0.000120628566947, 0.000151095868205, 0.000551971199457, 0.000807295669802, 0.00069204159081, 0.000647078733891, 0.000276602047961, 0.000170563580468, 5.20388712175e-005, 1.13816277008e-005, 5.43532678421e-006, 1.24010898617e-006, 6.84107490656e-008, 7.83028697438e-010, 2.25463779591e-011]
        min: [1.90519904958e-025, 9.3676364748e-025, 9.66781382645e-025, 8.21711045467e-025, 1.16704042875e-023, 8.62499098571e-024, 1.15719836344e-023, 6.92639359648e-024, 1.01848774399e-023, 8.31452452127e-024, 1.21801827706e-023, 1.94149712828e-023, 3.36524780506e-023, 3.49113075733e-023, 3.36477007089e-023, 3.52267067849e-023, 5.73378942012e-023, 1.24067095438e-022, 1.04320972969e-022, 1.78621206789e-022, 2.37220319184e-022, 3.34219590101e-022, 3.89303134406e-022, 5.57956395771e-022, 8.38484724268e-022, 1.32029890231e-021, 1.92924832723e-021, 5.10496706177e-022]
        var: [2.62806513747e-013, 3.27114015874e-008, 6.80207676851e-008, 4.00672064416e-008, 1.86332158592e-007, 1.31738460141e-008, 1.03521911043e-008, 2.54723486748e-009, 2.56587107117e-008, 6.45065867388e-008, 6.82598866319e-008, 4.36943672355e-008, 4.19360013382e-008, 2.77842584495e-008, 5.205624376e-008, 2.08628591736e-007, 3.25145038005e-007, 2.61176609229e-007, 2.05096412742e-007, 8.7876387056e-008, 2.83282943769e-008, 7.78831754644e-009, 5.03751873548e-010, 5.45426620535e-011, 1.15761896596e-011, 3.45982669055e-014, 5.25292982991e-018, 6.54580532404e-021]
    mfcc:
        mean: [-678.88684082, 86.9666213989, -60.7082366943, 57.4489822388, 2.5626912117, 4.85166788101, -0.0184998698533, 7.07656240463, -0.89341121912, -8.48083686829, -8.5818529129, -4.92166471481, -8.19010066986]
        cov: [[4061.95581055, 266.644042969, -407.384307861, 222.756362915, -147.269241333, -11.8401088715, -102.478347778, 60.5888710022, -54.440486908, -60.7918663025, -72.375289917, 5.25784492493, -44.2353935242], [266.644042969, 452.068878174, -191.250061035, 94.9290542603, 34.1025924683, -9.74031829834, 43.2778930664, 10.7366504669, 28.6752815247, -18.3300209045, 5.51368522644, 8.14634418488, -21.9631500244], [-407.384307861, -191.250061035, 257.112640381, -38.8113899231, 39.6965675354, 13.2370424271, -21.8438053131, -7.52194166183, -13.4816789627, 11.6220760345, 2.09984993935, -8.84780788422, 21.009262085], [222.756362915, 94.9290542603, -38.8113899231, 166.283615112, 38.1835479736, 21.6999397278, -3.35067749023, 0.853813648224, 19.1229572296, 10.8000984192, 5.3795042038, 0.970903456211, 2.8763115406], [-147.269241333, 34.1025924683, 39.6965675354, 38.1835479736, 113.572570801, 12.0012044907, -1.03991341591, -2.21842336655, 9.93462276459, 8.09167575836, 5.78989887238, 0.582537651062, 1.48655235767], [-11.8401088715, -9.74031829834, 13.2370424271, 21.6999397278, 12.0012044907, 97.1301498413, 53.8498573303, 18.0164585114, -0.15764644742, 3.62619757652, 7.50735855103, -6.15601015091, 9.25796985626], [-102.478347778, 43.2778930664, -21.8438053131, -3.35067749023, -1.03991341591, 53.8498573303, 118.850318909, 33.9868125916, 9.42052745819, -12.7390871048, 9.71334552765, -3.1396586895, 1.99287724495], [60.5888710022, 10.7366504669, -7.52194166183, 0.853813648224, -2.21842336655, 18.0164585114, 33.9868125916, 72.988319397, 25.4847774506, 16.3321056366, 0.894012868404, 6.7256360054, -4.64060401917], [-54.440486908, 28.6752815247, -13.4816789627, 19.1229572296, 9.93462276459, -0.15764644742, 9.42052745819, 25.4847774506, 73.5202560425, 28.1543674469, 14.3947486877, -5.10962200165, -3.17126297951], [-60.7918663025, -18.3300209045, 11.6220760345, 10.8000984192, 8.09167575836, 3.62619757652, -12.7390871048, 16.3321056366, 28.1543674469, 72.2345199585, 19.6820278168, 14.0839862823, -2.29142475128], [-72.375289917, 5.51368522644, 2.09984993935, 5.3795042038, 5.78989887238, 7.50735855103, 9.71334552765, 0.894012868404, 14.3947486877, 19.6820278168, 59.0739021301, 19.840877533, 11.9945316315], [5.25784492493, 8.14634418488, -8.84780788422, 0.970903456211, 0.582537651062, -6.15601015091, -3.1396586895, 6.7256360054, -5.10962200165, 14.0839862823, 19.840877533, 60.5388832092, 14.6328687668], [-44.2353935242, -21.9631500244, 21.009262085, 2.8763115406, 1.48655235767, 9.25796985626, 1.99287724495, -4.64060401917, -3.17126297951, -2.29142475128, 11.9945316315, 14.6328687668, 48.5119628906]]
        icov: [[0.000389062101021, -3.30008811034e-006, 0.000520381843671, -0.000531683035661, 0.000445895566372, -0.000263080873992, 0.000758668407798, -0.000788022240158, 0.000480188347865, 0.000376367825083, 0.000107468709757, 4.07249171985e-005, 9.97374736471e-005], [-3.30008811034e-006, 0.00416774349287, 0.00279730837792, -0.00148058484774, -0.00189659802709, 0.00127062492538, -0.00149228365626, 0.000108989530418, -0.000702846620698, 0.00117613736074, -0.000318388454616, -0.000513956823852, 0.000890943687409], [0.000520381843671, 0.00279730837792, 0.00768034905195, 0.000161824995303, -0.00294759194367, -0.000632724782918, 0.00149861699902, -0.0014504652936, 0.00145394029096, -2.18701152335e-005, -0.000255482882494, 0.00157221767586, -0.00190109747928], [-0.000531683035661, -0.00148058484774, 0.000161824995303, 0.00892002414912, -0.00271066161804, -0.00264032837003, 0.00115541857667, 0.00147745525464, -0.00202462915331, -0.00120974122547, 0.000175335211679, 0.000159831091878, -0.0013543323148], [0.000445895566372, -0.00189659802709, -0.00294759194367, -0.00271066161804, 0.0121033666655, -0.00147553940769, 0.00121201109141, 0.000146563907037, -0.000660545192659, 9.41374382819e-005, 4.02846344514e-005, -0.000731047824956, 0.00103192240931], [-0.000263080873992, 0.00127062492538, -0.000632724782918, -0.00264032837003, -0.00147553940769, 0.0168568901718, -0.00857315119356, -0.00105954799801, 0.00300601636991, -0.00296189612709, -0.000982759753242, 0.00314584653825, -0.00280427746475], [0.000758668407798, -0.00149228365626, 0.00149861699902, 0.00115541857667, 0.00121201109141, -0.00857315119356, 0.0166520196944, -0.00700409058481, -0.000232770486036, 0.0053840931505, -0.00276500545442, 0.000663335667923, 0.000266195973381], [-0.000788022240158, 0.000108989530418, -0.0014504652936, 0.00147745525464, 0.000146563907037, -0.00105954799801, -0.00700409058481, 0.0217021200806, -0.00744052603841, -0.00398709112778, 0.00415264209732, -0.00464193616062, 0.00213150214404], [0.000480188347865, -0.000702846620698, 0.00145394029096, -0.00202462915331, -0.000660545192659, 0.00300601636991, -0.000232770486036, -0.00744052603841, 0.0215240437537, -0.00668385857716, -0.00430316431448, 0.00656154286116, -0.00146948057227], [0.000376367825083, 0.00117613736074, -2.18701152335e-005, -0.00120974122547, 9.41374382819e-005, -0.00296189612709, 0.0053840931505, -0.00398709112778, -0.00668385857716, 0.0216067191213, -0.00480164587498, -0.00476907892153, 0.00412601465359], [0.000107468709757, -0.000318388454616, -0.000255482882494, 0.000175335211679, 4.02846344514e-005, -0.000982759753242, -0.00276500545442, 0.00415264209732, -0.00430316431448, -0.00480164587498, 0.0232061818242, -0.00672562792897, -0.00346589274704], [4.07249171985e-005, -0.000513956823852, 0.00157221767586, 0.000159831091878, -0.000731047824956, 0.00314584653825, 0.000663335667923, -0.00464193616062, 0.00656154286116, -0.00476907892153, -0.00672562792897, 0.0232687853277, -0.00708724511787], [9.97374736471e-005, 0.000890943687409, -0.00190109747928, -0.0013543323148, 0.00103192240931, -0.00280427746475, 0.000266195973381, 0.00213150214404, -0.00146948057227, 0.00412601465359, -0.00346589274704, -0.00708724511787, 0.0258014239371]]
    sccoeffs:
        dmean: [0.0544312298298, 0.045193605125, 0.0367172881961, 0.0298711564392, 0.0227973740548, 0.0179850123823]
        dmean2: [0.0917635709047, 0.0763644501567, 0.0617871321738, 0.0506702251732, 0.0380936861038, 0.028979498893]
        dvar: [0.00179512950126, 0.00122402666602, 0.000843465328217, 0.000544310023542, 0.000333092844812, 0.000243956179474]
        dvar2: [0.00500869564712, 0.00348818791099, 0.00234117149375, 0.00153928587679, 0.000899365462828, 0.000623806379735]
        max: [-0.383307904005, -0.522361159325, -0.567418932915, -0.61206305027, -0.631465911865, -0.527569591999]
        mean: [-0.666398525238, -0.792873501778, -0.805148363113, -0.794855237007, -0.773077189922, -0.732474029064]
        median: [-0.667459845543, -0.795045673847, -0.811484456062, -0.797027826309, -0.771377980709, -0.729959070683]
        min: [-0.977649867535, -0.977786421776, -0.974269926548, -0.971886336803, -0.967772424221, -0.964898347855]
        var: [0.00416389619932, 0.00254657422192, 0.0026131470222, 0.00145880854689, 0.00116649316624, 0.00139793916605]
    scvalleys:
        dmean: [0.379583328962, 0.357230216265, 0.297724872828, 0.249285817146, 0.225380465388, 0.282329559326]
        dmean2: [0.641904056072, 0.5960470438, 0.489633500576, 0.406147748232, 0.364024996758, 0.462678641081]
        dvar: [0.0974920988083, 0.0940713211894, 0.0725381970406, 0.0588416568935, 0.0652088448405, 0.124401539564]
        dvar2: [0.259704679251, 0.230993971229, 0.168044090271, 0.127598956227, 0.138265028596, 0.295299351215]
        max: [-5.3462972641, -5.1192278862, -5.32687187195, -5.34233951569, -5.37613773346, -7.72417259216]
        mean: [-6.7254242897, -6.96986484528, -6.82497024536, -6.71480607986, -6.63575029373, -9.49135684967]
        median: [-6.4853219986, -6.72282457352, -6.59893226624, -6.48375415802, -6.38884067535, -9.25172042847]
        min: [-28.0340843201, -27.9976615906, -27.8958091736, -27.5836677551, -27.5670108795, -27.4104671478]
        var: [3.77918171883, 3.66424441338, 3.65876150131, 3.61015963554, 3.66042351723, 2.97887086868]

rhythm:
    beats_loudness:
        dmean: 0.0015497978311
        dmean2: 0.00269884057343
        dvar: 1.57927547662e-006
        dvar2: 4.65727089249e-006
        max: 0.0115273073316
        mean: 0.00623946031556
        median: 0.00615362962708
        min: 0
        var: 3.98049314754e-006
    bpm: 99.8848190308
    bpm_confidence: 0
    first_peak_bpm: 99
    first_peak_spread: 0.356973946095
    first_peak_weight: 0.576271176338
    onset_rate: 2.9328379631
    second_peak_bpm: 129
    second_peak_spread: 0.547619044781
    second_peak_weight: 0.0402542389929
    beats_loudness_band_ratio:
        dmean: [0.123914472759, 0.0556843318045, 0.0282598417252, 0.0607543736696, 0.108165822923, 0.0629786401987]
        dmean2: [0.223125576973, 0.0974641889334, 0.0489134415984, 0.105497263372, 0.189180895686, 0.110971219838]
        dvar: [0.00960568524897, 0.0030350596644, 0.000769390084315, 0.00403004372492, 0.0076137566939, 0.00349804479629]
        dvar2: [0.0278763920069, 0.00903616566211, 0.00204846309498, 0.0118975527585, 0.0217513665557, 0.0107008228078]
        max: [0.897162258625, 0.469339191914, 0.191643312573, 0.401893079281, 0.820911705494, 0.645909368992]
        mean: [0.182364359498, 0.0828328877687, 0.0444133803248, 0.0965190008283, 0.433971583843, 0.182596087456]
        median: [0.154190063477, 0.0680635645986, 0.0366634093225, 0.0768126621842, 0.43772816658, 0.170104920864]
        min: [0, 0, 0, 0, 0, 0]
        var: [0.014011580497, 0.00328949093819, 0.000939532474149, 0.00451460853219, 0.0128720551729, 0.00459373230115]
    beats_position: [0.592108845711, 1.18421769142, 1.78793644905, 2.38004541397, 2.97215414047, 3.55265307426, 4.13315200806, 4.71365070343, 5.2941493988, 5.87464857101, 6.45514726639, 7.04725599289, 7.65097475052, 8.24308395386, 8.84680271149, 9.45052146912, 10.0542402267, 10.6579589844, 11.261677742, 11.8537864685, 12.445895195, 13.0496139526, 13.6533327103, 14.2570514679, 14.8607711792, 15.4644899368, 16.0682086945, 16.6603164673, 17.2524261475, 17.8445339203, 18.4482536316, 19.0403633118, 19.6440811157, 20.247800827, 20.851518631, 21.4552383423, 22.0589561462, 22.6626758575, 23.2547836304, 23.8468933105, 24.4506111145, 25.0543308258, 25.6580486298, 26.2617683411, 26.865486145, 27.4692058563, 28.0729255676, 28.6650333405, 29.2571430206, 29.8608608246, 30.4645805359, 31.0566883087, 31.6487979889, 32.2525177002, 32.8562355042, 33.4599533081, 34.0520629883, 34.6441726685, 35.2478904724, 35.8516082764, 36.455329895, 37.059047699, 37.6627655029, 38.2664833069, 38.8585929871, 39.4507026672, 40.0544204712, 40.6581382751, 41.2618598938, 41.8539657593, 42.4460754395, 43.0381851196, 43.6302947998, 44.2340126038, 44.8377304077, 45.4414520264, 46.0451698303, 46.6488876343, 47.2526054382, 47.8447151184, 48.4368247986, 49.0405426025, 49.6442604065, 50.2479820251, 50.8516998291, 51.4554176331, 52.0591392517, 52.6628570557, 53.2549667358, 53.8470726013, 54.45079422, 55.0545120239, 55.6582298279, 56.2503395081, 56.8424491882, 57.4461669922, 58.0498847961, 58.6536026001, 59.2689323425, 59.8610420227, 60.4647598267, 61.0452613831, 61.6373672485, 62.2294769287, 62.8331947327, 63.4253044128, 64.0406341553, 64.6443557739, 65.2480697632, 65.8517913818, 66.4555053711, 67.0592269897, 67.6629486084, 68.2550582886, 68.8471679688, 69.450881958, 70.0546035767, 70.6583175659, 71.2620391846, 71.8657608032, 72.4694747925, 73.0615844727, 73.6536941528, 74.2574157715, 74.8611297607, 75.4648513794, 76.068572998, 76.6722869873, 77.276008606, 77.8797302246, 78.4718322754, 79.0639419556, 79.6560516357, 80.2481613159, 80.8518829346, 81.4555969238, 82.0593185425, 82.6630401611, 83.2667541504, 83.8588638306, 84.4509735107, 85.0430831909, 85.6468048096, 86.2389068604, 86.8542404175, 87.4695663452, 88.0732879639, 88.6770019531, 89.2691116333, 89.8612213135, 90.4533309937, 91.0570526123, 91.6491622925, 92.2528762817, 92.8565979004, 93.460319519, 94.0524215698, 94.64453125, 95.2482528687, 95.8519744873, 96.4440765381, 97.0477981567, 97.6631240845, 98.2668457031, 98.8705673218, 99.462677002, 100.054779053, 100.658500671, 101.26222229, 101.865936279, 102.458045959, 103.05015564, 103.653877258, 104.257591248, 104.861312866, 105.465034485, 106.068748474, 106.672470093, 107.276191711, 107.868293762, 108.460403442, 109.064125061, 109.66784668, 110.271560669, 110.875282288, 111.467391968, 112.059501648, 112.663215637, 113.266937256, 113.859046936, 114.451156616, 115.054870605, 115.658592224, 116.262313843, 116.854415894, 117.458137512, 118.07346344, 118.66557312, 119.2576828, 119.861404419, 120.465126038, 121.068840027, 121.672561646, 122.276275635, 122.879997253, 123.483718872, 124.075828552, 124.667930603, 125.271652222, 125.87537384, 126.467483521, 127.059593201, 127.66330719, 128.267028809, 128.870742798, 129.474472046, 130.078186035, 130.681900024, 131.274017334, 131.866119385, 132.469833374, 133.061950684, 133.665664673, 134.269378662, 134.87310791, 135.465209961, 136.068939209, 136.672653198, 137.276367188, 137.880081177, 138.483810425, 139.075912476, 139.668029785, 140.271743774, 140.875457764, 141.479187012, 142.082901001, 142.68661499, 143.290344238, 143.870834351, 144.46295166, 145.055053711, 145.647155762, 146.239273071, 146.842987061, 147.446716309, 148.050430298, 148.654144287, 149.257858276, 149.861587524, 150.453689575, 151.057418823, 151.649520874, 152.253234863, 152.856964111, 153.460678101, 154.052780151, 154.668121338, 155.271835327, 155.863937378, 156.467666626, 157.082992554, 157.686706543, 158.290420532, 158.870925903, 159.463043213, 160.066757202, 160.658859253, 161.250976563, 161.843078613, 162.446792603, 163.050521851, 163.65423584, 164.257949829, 164.861679077, 165.465393066, 166.069107056, 166.661224365, 167.253326416, 167.857055664, 168.449157715, 169.041259766, 169.644989014, 170.248703003, 170.852416992, 171.45614624, 172.059860229, 172.663574219, 173.267303467, 173.871017456, 174.474731445, 175.066848755, 175.658950806, 176.262680054, 176.866394043, 177.470108032, 178.073822021, 178.67755127, 179.281265259, 179.884979248, 180.477096558, 181.05758667, 181.649703979, 182.230194092, 182.83392334, 183.437637329, 184.041351318, 184.645080566, 185.248794556, 185.852508545, 186.456237793, 187.059951782, 187.663665771, 188.26739502, 188.871109009, 189.46321106, 190.055328369, 190.659042358, 191.262756348, 191.866485596, 192.470199585, 193.097137451, 193.724075317, 194.351013184, 194.97795105, 195.604888916, 196.243438721, 196.893600464, 197.532150269, 198.159088135, 198.762802124, 199.366531372, 199.970245361, 200.573959351, 201.177688599, 201.769790649, 202.361907959, 202.977233887, 203.580947876, 204.184661865, 204.788391113, 205.380493164, 205.972610474, 206.564712524, 207.156814575, 207.748931885, 208.352645874, 208.956375122, 209.560089111, 210.152191162, 210.744308472, 211.336410522, 211.940139771, 212.532241821, 213.135955811, 213.739685059, 214.343399048, 214.947113037, 215.550842285, 216.154556274, 216.746658325, 217.338775635, 217.942489624, 218.546203613, 219.149932861, 219.753646851, 220.35736084, 220.961090088, 221.553192139, 222.156906128, 222.772247314, 223.387573242, 224.00289917, 224.606613159, 225.233551025, 225.860488892, 226.475830078, 227.091156006, 227.706481934, 228.321807861, 228.948745728, 229.575683594, 230.20262146, 230.829559326, 231.444900513, 232.071838379, 232.687164307, 233.290878296, 233.894592285, 234.498321533, 235.102035522, 235.682540894, 236.286254883, 236.878356934, 237.470474243, 238.050964355, 238.643081665, 239.246795654, 239.850509644, 240.454238892, 241.046340942, 241.65007019, 242.25378418, 242.857498169, 243.461227417, 244.064941406, 244.668655396, 245.272369385, 245.876098633, 246.479812622, 247.071929932, 247.664031982, 248.256134033, 248.87147522, 249.475189209, 250.078903198, 250.682632446, 251.286346436, 251.890060425, 252.493789673, 253.085891724, 253.677993774, 254.270111084, 254.862213135, 255.465942383, 256.069641113, 256.661773682, 257.126159668, 257.590576172, 258.054962158, 258.519348145, 258.983764648, 259.436553955, 259.889343262, 260.342132568, 260.794921875, 261.259307861, 261.723724365, 262.199737549, 262.664123535, 263.128509521, 263.592926025, 264.057312012, 264.510101318, 264.962890625, 265.415679932, 265.868469238, 266.309661865, 266.750823975, 267.203613281, 267.656402588, 268.097595215, 268.550384521, 269.003173828, 269.455963135, 269.931976318, 270.407989502, 270.883972168, 271.336761475, 271.789550781, 272.242340088, 272.695129395, 273.171142578, 273.658782959, 274.134765625, 274.599182129, 275.063568115, 275.527984619, 275.992370605, 276.456787109, 276.921173096, 277.385559082, 277.849975586]
