
metadata:
    version:
        essentia: "2.1-beta2"
    audio_properties:
        analysis_sample_rate: 44100
        bitrate: 223
        channels: 2
        equal_loudness: 1
        length: 250.801635742
        replay_gain: -13.653295517
        downmix: "mix"
    tags:
        album: "One Way Mirror"
        artist: "One Way Mirror"
        comment: ""
        date: "2008"
        genre: "Metal"
        title: "Empty Spaces"
        tracknumber: "5"

configuration:
    average_loudness:
        compute: 1
        frameSize: 88200
        hopSize: 44100
        silentFrames: "noise"
        windowType: "hann"
    general:
        analysisSampleRate: 44100
        endTime: 2000
        equalLoudness: 1
        nequalLoudness: 0
        shortSound: 0
        startTime: 0
    lowlevel:
        compute: 1
        frameSize: 2048
        hopSize: 1024
        zeroPadding: 0
        silentFrames: "noise"
        windowType: "blackmanharris62"
        mfccStats: ["mean", "cov", "icov"]
        stats: ["mean", "var", "median", "min", "max", "dmean", "dmean2", "dvar", "dvar2"]
    panning:
        compute: 0
        frameSize: 8192
        hopSize: 2048
        zeroPadding: 8192
        silentFrames: "noise"
        windowType: "hann"
        stats: ["copy"]
    rhythm:
        compute: 1
        maxTempo: 208
        minTempo: 40
        method: "degara"
        stats: ["mean", "var", "median", "min", "max", "dmean", "dmean2", "dvar", "dvar2"]
    segmentation:
        compute: 0
        cpw: 5
        inc1: 300
        inc2: 50
        minimumSegmentsLength: 10
        size1: 1000
        size2: 600
    sfx:
        compute: 1
        stats: ["mean", "var", "median", "min", "max", "dmean", "dmean2", "dvar", "dvar2"]
    svm:
        compute: 0
    tonal:
        compute: 1
        frameSize: 4096
        hopSize: 2048
        zeroPadding: 0
        silentFrames: "noise"
        windowType: "blackmanharris62"
        stats: ["mean", "var", "median", "min", "max", "dmean", "dmean2", "dvar", "dvar2"]

lowlevel:
    average_loudness: 0.957411468029
    barkbands_kurtosis:
        dmean: 0.731097996235
        dmean2: 1.19351303577
        dvar: 2.55338120461
        dvar2: 5.80180072784
        max: 102.37462616
        mean: 0.0909952968359
        median: -1.02570927143
        min: -1.87513566017
        var: 26.3028392792
    barkbands_skewness:
        dmean: 0.370389252901
        dmean2: 0.603067517281
        dvar: 0.13078610599
        dvar2: 0.339403033257
        max: 8.14106464386
        mean: -0.29616779089
        median: -0.361555695534
        min: -3.69403028488
        var: 0.823271811008
    barkbands_spread:
        dmean: 5.43747711182
        dmean2: 8.79995250702
        dvar: 26.8151531219
        dvar2: 68.0767593384
        max: 77.2235641479
        mean: 33.5742340088
        median: 34.2361373901
        min: 0.688751339912
        var: 131.47593689
    dissonance:
        dmean: 0.00971360038966
        dmean2: 0.0164146386087
        dvar: 0.000118978772662
        dvar2: 0.000330690498231
        max: 0.500000059605
        mean: 0.482777148485
        median: 0.488265603781
        min: 0.349214345217
        var: 0.000279610132566
    hfc:
        dmean: 2.51122069359
        dmean2: 4.23834323883
        dvar: 10.0736970901
        dvar2: 27.9138736725
        max: 42.3095245361
        mean: 10.3544721603
        median: 10.4941673279
        min: 1.09051078123e-016
        var: 28.7133483887
    pitch:
        dmean: 672.909118652
        dmean2: 1267.34082031
        dvar: 946119.8125
        dvar2: 2365799.5
        max: 4838.95556641
        mean: 1368.47973633
        median: 620.33996582
        min: 64.9346237183
        var: 1597875.125
    pitch_instantaneous_confidence:
        dmean: 0.0732236877084
        dmean2: 0.119818381965
        dvar: 0.00392279587686
        dvar2: 0.0101124066859
        max: 0.819572150707
        mean: 0.369901716709
        median: 0.349449038506
        min: 0.0902760028839
        var: 0.0168260522187
    pitch_salience:
        dmean: 0.0586164519191
        dmean2: 0.097222276032
        dvar: 0.00297642475925
        dvar2: 0.00811909977347
        max: 0.992298722267
        mean: 0.633986055851
        median: 0.645181119442
        min: 0.209566861391
        var: 0.0094032259658
    silence_rate_20dB:
        dmean: 0
        dmean2: 0
        dvar: 0
        dvar2: 0
        max: 1
        mean: 1
        median: 1
        min: 1
        var: 0
    silence_rate_30dB:
        dmean: 0
        dmean2: 0
        dvar: 0
        dvar2: 0
        max: 1
        mean: 1
        median: 1
        min: 1
        var: 0
    silence_rate_60dB:
        dmean: 0.031105350703
        dmean2: 0.0622164607048
        dvar: 0.0301376841962
        dvar2: 0.068516522646
        max: 1
        mean: 0.135240212083
        median: 0
        min: 0
        var: 0.116951428354
    spectral_centroid:
        dmean: 257.676208496
        dmean2: 428.876953125
        dvar: 80102.3125
        dvar2: 220101.671875
        max: 11776.9570313
        mean: 1931.34533691
        median: 1781.9342041
        min: 122.246620178
        var: 2241752.5
    spectral_complexity:
        dmean: 3.66728377342
        dmean2: 6.11471176147
        dvar: 13.8171949387
        dvar2: 36.3196601868
        max: 45
        mean: 19.0908088684
        median: 20
        min: 0
        var: 75.0941162109
    spectral_crest:
        dmean: 1.78729176521
        dmean2: 2.97369265556
        dvar: 2.89829921722
        dvar2: 7.67490720749
        max: 22.7131843567
        mean: 6.77184057236
        median: 5.91924667358
        min: 2.30517506599
        var: 9.07159900665
    spectral_decrease:
        dmean: 2.31055855004e-010
        dmean2: 3.74433678507e-010
        dvar: 6.54561266528e-020
        dvar2: 1.73461480512e-019
        max: 2.28846001562e-028
        mean: -1.28001464983e-009
        median: -1.30554511646e-009
        min: -3.60397223176e-009
        var: 2.97216954233e-019
    spectral_energy:
        dmean: 0.00104636291508
        dmean2: 0.0017111186171
        dvar: 1.42676105952e-006
        dvar2: 3.7880815853e-006
        max: 0.0174398180097
        mean: 0.00577024370432
        median: 0.00590015528724
        min: 9.81773237338e-021
        var: 6.18745434622e-006
    spectral_energyband_high:
        dmean: 0.000175823268364
        dmean2: 0.000304164597765
        dvar: 8.6687215628e-008
        dvar2: 2.38816369347e-007
        max: 0.00390351796523
        mean: 0.000381610123441
        median: 0.000300871353829
        min: 6.99795525234e-021
        var: 1.19363534168e-007
    spectral_energyband_low:
        dmean: 0.000433362525655
        dmean2: 0.000727285572793
        dvar: 3.20014947874e-007
        dvar2: 8.7080928779e-007
        max: 0.00642320048064
        mean: 0.000888969923835
        median: 0.000766100652982
        min: 1.2005524233e-023
        var: 5.07481388468e-007
    spectral_energyband_middle_high:
        dmean: 0.000841505185235
        dmean2: 0.00138475175481
        dvar: 8.97753466234e-007
        dvar2: 2.37159406424e-006
        max: 0.01206904836
        mean: 0.00344982650131
        median: 0.00336902728304
        min: 1.04822877831e-021
        var: 3.62376181329e-006
    spectral_energyband_middle_low:
        dmean: 0.000447277125204
        dmean2: 0.000710682303179
        dvar: 2.90746498877e-007
        dvar2: 7.06050570898e-007
        max: 0.00737410364673
        mean: 0.00124166801106
        median: 0.0010305668693
        min: 1.46619454893e-022
        var: 8.51315064665e-007
    spectral_flatness_db:
        dmean: 0.0127721447498
        dmean2: 0.0205799266696
        dvar: 0.00015171499399
        dvar2: 0.000383516395232
        max: 0.448879569769
        mean: 0.140959218144
        median: 0.125783368945
        min: 0.0572098307312
        var: 0.00317251379602
    spectral_flux:
        dmean: 0.00648103840649
        dmean2: 0.0100163314492
        dvar: 4.36759510194e-005
        dvar2: 9.2018963187e-005
        max: 0.0985745117068
        mean: 0.0433773137629
        median: 0.0450206622481
        min: 6.30737614915e-011
        var: 0.000252647878369
    spectral_kurtosis:
        dmean: 1.46601033211
        dmean2: 2.46672725677
        dvar: 11.3086948395
        dvar2: 31.8784694672
        max: 110.188568115
        mean: 4.89717245102
        median: 3.44937062263
        min: -1.27153146267
        var: 75.1581192017
    spectral_rms:
        dmean: 0.000208886209293
        dmean2: 0.000336738070473
        dvar: 5.0969898524e-008
        dvar2: 1.28390141185e-007
        max: 0.00412485841662
        mean: 0.00227454537526
        median: 0.00239921850152
        min: 3.09487895381e-012
        var: 4.55943734323e-007
    spectral_rolloff:
        dmean: 325.54095459
        dmean2: 551.91217041
        dvar: 194537.359375
        dvar2: 512602.78125
        max: 19509.0820313
        mean: 3375.50537109
        median: 3122.31445313
        min: 107.666015625
        var: 6316952.5
    spectral_skewness:
        dmean: 0.181532949209
        dmean2: 0.299474775791
        dvar: 0.0498478226364
        dvar2: 0.135187938809
        max: 7.63244628906
        mean: 1.46584272385
        median: 1.39029932022
        min: -0.382989645004
        var: 0.535173177719
    spectral_spread:
        dmean: 441643.5
        dmean2: 677442.625
        dvar: 328824881152
        dvar2: 691277529088
        max: 42903856
        mean: 5419436
        median: 4650696
        min: 683251.5625
        var: 3.16724268237e+013
    spectral_strongpeak:
        dmean: 0.486210882664
        dmean2: 0.843320906162
        dvar: 0.527118265629
        dvar2: 1.36992692947
        max: 8.63168621063
        mean: 0.72958034277
        median: 0.203908219934
        min: 0
        var: 0.935234129429
    zerocrossingrate:
        dmean: 0.00712211662903
        dmean2: 0.00940270256251
        dvar: 5.00154819747e-005
        dvar2: 7.91862330516e-005
        max: 0.529296875
        mean: 0.104277536273
        median: 0.09912109375
        min: 0.00537109375
        var: 0.00430454546586
    barkbands:
        dmean: [3.07708688752e-007, 0.000199823116418, 0.000287895236397, 0.000124445432448, 0.000177897556568, 9.76251467364e-005, 5.97548714723e-005, 4.68795842608e-005, 0.000145692785736, 0.000148379534949, 7.14072666597e-005, 9.37713048188e-005, 8.67070993991e-005, 9.96287708404e-005, 0.000158691094839, 0.000248981377808, 0.000327267538523, 0.00023023376707, 0.000177792040631, 0.0001212546631, 7.54166903789e-005, 4.33011009591e-005, 9.97913048195e-006, 3.25959422298e-006, 1.45635954141e-006, 6.78089691064e-008, 5.62815460903e-010]
        dmean2: [4.92097285587e-007, 0.000344154133927, 0.000484534713905, 0.000210838159546, 0.000295184057904, 0.000157092057634, 0.000100272285636, 7.60653711041e-005, 0.000217320513912, 0.000224069095566, 0.000113258072815, 0.000155141882715, 0.000143432640471, 0.000163473014254, 0.000261265115114, 0.000414633192122, 0.000548745156266, 0.000385039718822, 0.000300350453472, 0.000209207893931, 0.000129352294607, 7.5557778473e-005, 1.71859192051e-005, 5.46873889107e-006, 2.32695401792e-006, 1.100940068e-007, 9.21744403026e-010]
        dvar: [1.9359707793e-013, 1.19115632913e-007, 1.30561772949e-007, 2.53444678577e-008, 7.8911121193e-008, 3.85844813877e-008, 1.89269666606e-008, 1.37300864012e-008, 1.07911887426e-007, 1.79141380841e-007, 3.33789884621e-008, 2.91508559513e-008, 4.07464426644e-008, 2.62518327077e-008, 9.50681879885e-008, 1.08153919598e-007, 1.5469836967e-007, 1.00961401017e-007, 4.66514578079e-008, 4.7495259281e-008, 1.29428725515e-008, 6.04379435387e-009, 3.02136510255e-010, 2.37957847871e-011, 7.81322315874e-012, 1.38958778905e-014, 1.04255424903e-018]
        dvar2: [4.55977540881e-013, 3.3256782217e-007, 3.5980522739e-007, 7.10237344492e-008, 2.05259013342e-007, 9.32231500883e-008, 5.05114563509e-008, 3.26391926819e-008, 2.2810750977e-007, 3.69950072354e-007, 7.34740694952e-008, 7.41664791803e-008, 1.06143588141e-007, 6.72631443877e-008, 2.65814122713e-007, 2.807550743e-007, 4.2322753302e-007, 2.58341117387e-007, 1.29064702037e-007, 1.28103110342e-007, 3.50161748486e-008, 1.64320077545e-008, 8.29357693632e-010, 6.30650601186e-011, 1.91535121097e-011, 3.39850828143e-014, 2.50249039347e-018]
        max: [4.46132116849e-006, 0.00254794443026, 0.00557067710906, 0.00285834656097, 0.00472908746451, 0.00284307613038, 0.00238463305868, 0.00242314697243, 0.00460360199213, 0.00708324369043, 0.00730042299256, 0.00384554150514, 0.00414836779237, 0.00352547783405, 0.0052744760178, 0.00632858462632, 0.00623541977257, 0.00840712338686, 0.00363599928096, 0.00652018841356, 0.00174574239645, 0.000941946869716, 0.000275828002486, 7.45364159229e-005, 4.79108493892e-005, 1.63166839684e-006, 2.74216578333e-008]
        mean: [4.79888569771e-007, 0.000284611713141, 0.000494994979817, 0.000188278791029, 0.000313792348607, 0.000155802044901, 8.76062185853e-005, 7.45001525502e-005, 0.000275714846794, 0.000286382128252, 0.000118560958072, 0.000156773472554, 0.000135991809657, 0.000173263892066, 0.000286246446194, 0.000548240670469, 0.000744282442611, 0.00052767212037, 0.000428159721196, 0.000235265513766, 0.000153933971887, 7.0752321335e-005, 1.85919216165e-005, 7.25529298506e-006, 2.96297162095e-006, 1.3667283838e-007, 1.11071352116e-009]
        median: [2.87985358227e-007, 0.000193150131963, 0.000373271934222, 0.000135428388603, 0.000203342919121, 7.47243248043e-005, 3.93121772504e-005, 2.89077797788e-005, 6.88961226842e-005, 6.16380493739e-005, 4.90952006658e-005, 9.37710137805e-005, 7.24002456991e-005, 0.000111469395051, 0.000156928465003, 0.000447299389634, 0.000646325701382, 0.000464962504338, 0.000392969261156, 0.00018252969312, 0.00012137334852, 4.67924728582e-005, 1.30498146973e-005, 5.29878161615e-006, 1.63577112744e-006, 7.55776312644e-008, 6.21700080305e-010]
        min: [1.21269540852e-025, 3.11079310757e-025, 9.76261419966e-025, 9.20761209587e-025, 4.63235334637e-024, 4.64219004743e-024, 4.93817894211e-024, 6.19154205314e-024, 1.2921255271e-023, 1.07090195023e-023, 4.82342019078e-024, 1.14941435735e-023, 2.21089912275e-023, 2.82412456505e-023, 3.90353966551e-023, 4.54927690561e-023, 5.92743394643e-023, 9.61974537606e-023, 1.17969957947e-022, 1.39706546873e-022, 2.0108540315e-022, 2.78256434333e-022, 3.51390252109e-022, 5.65580351456e-022, 7.74875272274e-022, 1.16757825834e-021, 1.85199660504e-021]
        var: [3.20961654606e-013, 1.11709603345e-007, 2.18220918669e-007, 3.66091335025e-008, 1.3059721482e-007, 6.16684729948e-008, 2.32090808794e-008, 2.49156624221e-008, 2.8456983614e-007, 6.43227792807e-007, 8.25076611477e-008, 4.77476049809e-008, 5.73703928808e-008, 4.46775487717e-008, 1.57530109846e-007, 2.59400422919e-007, 3.87653216194e-007, 1.99224515995e-007, 1.13466313678e-007, 6.31720880051e-008, 1.93752072164e-008, 6.51901421733e-009, 4.32929886385e-010, 5.39198997951e-011, 1.65337257774e-011, 3.25081588981e-014, 2.80554724283e-018]
    frequency_bands:
        dmean: [3.07708688752e-007, 0.000199823116418, 0.000287895236397, 0.000124445432448, 0.000177897556568, 9.76251467364e-005, 5.97548714723e-005, 4.68795842608e-005, 0.000145692785736, 0.000148379534949, 7.14072666597e-005, 9.37713048188e-005, 8.67070993991e-005, 9.96287708404e-005, 0.000158691094839, 0.000248981377808, 0.000327267538523, 0.00023023376707, 0.000177792040631, 0.0001212546631, 7.54166903789e-005, 4.33011009591e-005, 9.97913048195e-006, 3.25959422298e-006, 1.45635954141e-006, 6.78089691064e-008, 5.62815460903e-010, 6.57460474951e-011]
        dmean2: [4.92097285587e-007, 0.000344154133927, 0.000484534713905, 0.000210838159546, 0.000295184057904, 0.000157092057634, 0.000100272285636, 7.60653711041e-005, 0.000217320513912, 0.000224069095566, 0.000113258072815, 0.000155141882715, 0.000143432640471, 0.000163473014254, 0.000261265115114, 0.000414633192122, 0.000548745156266, 0.000385039718822, 0.000300350453472, 0.000209207893931, 0.000129352294607, 7.5557778473e-005, 1.71859192051e-005, 5.46873889107e-006, 2.32695401792e-006, 1.100940068e-007, 9.21744403026e-010, 1.21574847411e-010]
        dvar: [1.9359707793e-013, 1.19115632913e-007, 1.30561772949e-007, 2.53444678577e-008, 7.8911121193e-008, 3.85844813877e-008, 1.89269666606e-008, 1.37300864012e-008, 1.07911887426e-007, 1.79141380841e-007, 3.33789884621e-008, 2.91508559513e-008, 4.07464426644e-008, 2.62518327077e-008, 9.50681879885e-008, 1.08153919598e-007, 1.5469836967e-007, 1.00961401017e-007, 4.66514578079e-008, 4.7495259281e-008, 1.29428725515e-008, 6.04379435387e-009, 3.02136510255e-010, 2.37957847871e-011, 7.81322315874e-012, 1.38958778905e-014, 1.04255424903e-018, 8.90958661162e-021]
        dvar2: [4.55977540881e-013, 3.3256782217e-007, 3.5980522739e-007, 7.10237344492e-008, 2.05259013342e-007, 9.32231500883e-008, 5.05114563509e-008, 3.26391926819e-008, 2.2810750977e-007, 3.69950072354e-007, 7.34740694952e-008, 7.41664791803e-008, 1.06143588141e-007, 6.72631443877e-008, 2.65814122713e-007, 2.807550743e-007, 4.2322753302e-007, 2.58341117387e-007, 1.29064702037e-007, 1.28103110342e-007, 3.50161748486e-008, 1.64320077545e-008, 8.29357693632e-010, 6.30650601186e-011, 1.91535121097e-011, 3.39850828143e-014, 2.50249039347e-018, 2.84217319769e-020]
        max: [4.46132116849e-006, 0.00254794443026, 0.00557067710906, 0.00285834656097, 0.00472908746451, 0.00284307613038, 0.00238463305868, 0.00242314697243, 0.00460360199213, 0.00708324369043, 0.00730042299256, 0.00384554150514, 0.00414836779237, 0.00352547783405, 0.0052744760178, 0.00632858462632, 0.00623541977257, 0.00840712338686, 0.00363599928096, 0.00652018841356, 0.00174574239645, 0.000941946869716, 0.000275828002486, 7.45364159229e-005, 4.79108493892e-005, 1.63166839684e-006, 2.74216578333e-008, 9.9256614039e-010]
        mean: [4.79888569771e-007, 0.000284611713141, 0.000494994979817, 0.000188278791029, 0.000313792348607, 0.000155802044901, 8.76062185853e-005, 7.45001525502e-005, 0.000275714846794, 0.000286382128252, 0.000118560958072, 0.000156773472554, 0.000135991809657, 0.000173263892066, 0.000286246446194, 0.000548240670469, 0.000744282442611, 0.00052767212037, 0.000428159721196, 0.000235265513766, 0.000153933971887, 7.0752321335e-005, 1.85919216165e-005, 7.25529298506e-006, 2.96297162095e-006, 1.3667283838e-007, 1.11071352116e-009, 5.13722536732e-011]
        median: [2.87985358227e-007, 0.000193150131963, 0.000373271934222, 0.000135428388603, 0.000203342919121, 7.47243248043e-005, 3.93121772504e-005, 2.89077797788e-005, 6.88961226842e-005, 6.16380493739e-005, 4.90952006658e-005, 9.37710137805e-005, 7.24002456991e-005, 0.000111469395051, 0.000156928465003, 0.000447299389634, 0.000646325701382, 0.000464962504338, 0.000392969261156, 0.00018252969312, 0.00012137334852, 4.67924728582e-005, 1.30498146973e-005, 5.29878161615e-006, 1.63577112744e-006, 7.55776312644e-008, 6.21700080305e-010, 1.96716566647e-011]
        min: [1.21269540852e-025, 3.11079310757e-025, 9.76261419966e-025, 9.20761209587e-025, 4.63235334637e-024, 4.64219004743e-024, 4.93817894211e-024, 6.19154205314e-024, 1.2921255271e-023, 1.07090195023e-023, 4.82342019078e-024, 1.14941435735e-023, 2.21089912275e-023, 2.82412456505e-023, 3.90353966551e-023, 4.54927690561e-023, 5.92743394643e-023, 9.61974537606e-023, 1.17969957947e-022, 1.39706546873e-022, 2.0108540315e-022, 2.78256434333e-022, 3.51390252109e-022, 5.65580351456e-022, 7.74875272274e-022, 1.16757825834e-021, 1.85199660504e-021, 4.99925869073e-022]
        var: [3.20961654606e-013, 1.11709603345e-007, 2.18220918669e-007, 3.66091335025e-008, 1.3059721482e-007, 6.16684729948e-008, 2.32090808794e-008, 2.49156624221e-008, 2.8456983614e-007, 6.43227792807e-007, 8.25076611477e-008, 4.77476049809e-008, 5.73703928808e-008, 4.46775487717e-008, 1.57530109846e-007, 2.59400422919e-007, 3.87653216194e-007, 1.99224515995e-007, 1.13466313678e-007, 6.31720880051e-008, 1.93752072164e-008, 6.51901421733e-009, 4.32929886385e-010, 5.39198997951e-011, 1.65337257774e-011, 3.25081588981e-014, 2.80554724283e-018, 6.96705634061e-021]
    mfcc:
        mean: [-698.055053711, 93.0937347412, -50.7529373169, 50.4005775452, 4.84812068939, 8.51952838898, -0.985366940498, 9.08144187927, 3.44472527504, -4.30498409271, -4.26968765259, -3.36651015282, -5.07184839249]
        cov: [[9954.10449219, 689.99206543, -1328.81750488, 688.286071777, -226.313919067, 65.1483764648, -121.160118103, 237.053909302, 154.703964233, 33.1451339722, -31.5247325897, -18.1661739349, -65.83152771], [689.99206543, 726.790161133, -269.32623291, 139.678497314, 39.3325881958, -35.8170089722, 13.7971858978, -6.0832862854, -1.2774285078, -41.435344696, -13.1861181259, 5.71520900726, -26.689863205], [-1328.81750488, -269.32623291, 688.182739258, -156.852844238, 165.449645996, 89.6639862061, 68.2908706665, 22.0829238892, -32.0483894348, 10.7478370667, -5.4465713501, -14.7384958267, 47.8450965881], [688.286071777, 139.678497314, -156.852844238, 268.160339355, 28.2693080902, -0.0812941119075, -30.0130062103, -9.34827613831, -15.1026086807, -34.8431434631, -24.7536315918, 5.58301067352, 7.14093875885], [-226.313919067, 39.3325881958, 165.449645996, 28.2693080902, 267.295227051, 24.9367446899, -16.8056354523, -9.92766475677, -8.05086612701, 6.01486873627, -16.1747627258, -13.422000885, 33.880153656], [65.1483764648, -35.8170089722, 89.6639862061, -0.0812941119075, 24.9367446899, 142.924377441, 57.8566360474, 26.9218578339, 2.70174241066, 21.2627830505, 5.96572303772, -12.448184967, 9.16687297821], [-121.160118103, 13.7971858978, 68.2908706665, -30.0130062103, -16.8056354523, 57.8566360474, 131.307052612, 48.846031189, 9.35830307007, -4.86743927002, 5.78914833069, 0.432876199484, -12.9836673737], [237.053909302, -6.0832862854, 22.0829238892, -9.34827613831, -9.92766475677, 26.9218578339, 48.846031189, 112.30165863, 44.4853172302, 22.6708583832, -0.722903013229, -0.731557190418, -13.1392221451], [154.703964233, -1.2774285078, -32.0483894348, -15.1026086807, -8.05086612701, 2.70174241066, 9.35830307007, 44.4853172302, 102.434989929, 45.1000709534, 10.3005809784, -8.60378837585, -19.1047325134], [33.1451339722, -41.435344696, 10.7478370667, -34.8431434631, 6.01486873627, 21.2627830505, -4.86743927002, 22.6708583832, 45.1000709534, 105.141197205, 30.81300354, -1.88633239269, -14.9628124237], [-31.5247325897, -13.1861181259, -5.4465713501, -24.7536315918, -16.1747627258, 5.96572303772, 5.78914833069, -0.722903013229, 10.3005809784, 30.81300354, 68.2207336426, 16.0832538605, 1.73078083992], [-18.1661739349, 5.71520900726, -14.7384958267, 5.58301067352, -13.422000885, -12.448184967, 0.432876199484, -0.731557190418, -8.60378837585, -1.88633239269, 16.0832538605, 61.8298530579, 20.4637718201], [-65.83152771, -26.689863205, 47.8450965881, 7.14093875885, 33.880153656, 9.16687297821, -12.9836673737, -13.1392221451, -19.1047325134, -14.9628124237, 1.73078083992, 20.4637718201, 69.5155181885]]
        icov: [[0.000178339148988, -4.15311369579e-005, 0.000292950804578, -0.000262221496087, 4.55689587398e-005, -0.000272052915534, 0.000259987311438, -0.000505358388182, -7.43118243918e-006, -2.2693649953e-005, -7.00555028743e-006, 0.000130309927044, -0.000100155324617], [-4.15311369579e-005, 0.00194472284056, 0.000822591653559, -0.000378901371732, -0.0010015835287, 0.000412151042838, -0.00105790793896, 0.000206866665394, 8.42047811602e-005, 0.000537212239578, -0.000109699700261, -0.000251693534665, 0.000670996203553], [0.000292950804578, 0.000822591653559, 0.00342629151419, 0.00100286747329, -0.00188766489737, -0.00110056856647, -0.000854590383824, -0.00125025620218, 0.00106892304029, 7.23950070096e-005, 0.000354083749698, 0.000500995083712, -0.00104570516851], [-0.000262221496087, -0.000378901371732, 0.00100286747329, 0.00576647045091, -0.0012255164329, -0.00111605774146, 0.000854326004628, 0.000104790531623, 0.000510515354108, 0.00145602342673, 0.00121782103088, -0.00100989162456, -3.18936581607e-005], [4.55689587398e-005, -0.0010015835287, -0.00188766489737, -0.0012255164329, 0.00575873022899, -0.000268443254754, 0.00131070020143, 0.000325219065417, -0.000492658058647, -0.00124512577895, 0.000887702452019, 0.00134940189309, -0.00220401748084], [-0.000272052915534, 0.000412151042838, -0.00110056856647, -0.00111605774146, -0.000268443254754, 0.0110329482704, -0.00545612070709, 0.000309134367853, 0.00117584306281, -0.00325643434189, -0.000450182007626, 0.00302287028171, -0.00276838499121], [0.000259987311438, -0.00105790793896, -0.000854590383824, 0.000854326004628, 0.00131070020143, -0.00545612070709, 0.0136400610209, -0.00513526843861, -0.000307586306008, 0.003657852998, -0.00156010873616, -0.00167195068207, 0.00323194963858], [-0.000505358388182, 0.000206866665394, -0.00125025620218, 0.000104790531623, 0.000325219065417, 0.000309134367853, -0.00513526843861, 0.0148602398112, -0.00514110829681, -0.0014792116126, 0.0022222425323, -0.00174289208371, 0.000827375217341], [-7.43118243918e-006, 8.42047811602e-005, 0.00106892304029, 0.000510515354108, -0.000492658058647, 0.00117584306281, -0.000307586306008, -0.00514110829681, 0.015011751093, -0.00521040940657, -0.000383201084333, 0.00206855568103, 0.000697751820553], [-2.2693649953e-005, 0.000537212239578, 7.23950070096e-005, 0.00145602342673, -0.00124512577895, -0.00325643434189, 0.003657852998, -0.0014792116126, -0.00521040940657, 0.0159388426691, -0.00595624558628, -0.00112048257142, 0.00390216126107], [-7.00555028743e-006, -0.000109699700261, 0.000354083749698, 0.00121782103088, 0.000887702452019, -0.000450182007626, -0.00156010873616, 0.0022222425323, -0.000383201084333, -0.00595624558628, 0.0194161664695, -0.00479237595573, -0.00112220877782], [0.000130309927044, -0.000251693534665, 0.000500995083712, -0.00100989162456, 0.00134940189309, 0.00302287028171, -0.00167195068207, -0.00174289208371, 0.00206855568103, -0.00112048257142, -0.00479237595573, 0.0214094500989, -0.00776810990646], [-0.000100155324617, 0.000670996203553, -0.00104570516851, -3.18936581607e-005, -0.00220401748084, -0.00276838499121, 0.00323194963858, 0.000827375217341, 0.000697751820553, 0.00390216126107, -0.00112220877782, -0.00776810990646, 0.0208166949451]]
    sccoeffs:
        dmean: [0.0500969141722, 0.0468334369361, 0.0372030623257, 0.0302371680737, 0.0220188181847, 0.0186739973724]
        dmean2: [0.0844770371914, 0.0776881203055, 0.0612555295229, 0.0504688024521, 0.0363013967872, 0.0296016577631]
        dvar: [0.00162348756567, 0.00153494137339, 0.000935740186833, 0.000613955722656, 0.000344450643752, 0.000356542528607]
        dvar2: [0.00461822748184, 0.00399814033881, 0.0023912161123, 0.00163244071882, 0.000884818844497, 0.000822860049084]
        max: [-0.415474027395, -0.437589228153, -0.470333606005, -0.472791612148, -0.532100141048, -0.330534219742]
        mean: [-0.661339044571, -0.758014142513, -0.783429145813, -0.781304895878, -0.774211287498, -0.747412800789]
        median: [-0.656049787998, -0.769310534, -0.794557750225, -0.784642159939, -0.772043466568, -0.744671046734]
        min: [-0.986358225346, -0.988221228123, -0.997568011284, -0.976135313511, -0.969580173492, -0.964602053165]
        var: [0.00573620945215, 0.00659317849204, 0.00562644284219, 0.00339461048134, 0.00224683852866, 0.00328865856864]
    scvalleys:
        dmean: [0.357728272676, 0.340668231249, 0.278438687325, 0.225948914886, 0.20424734056, 0.254180967808]
        dmean2: [0.602829635143, 0.569943368435, 0.465258717537, 0.374980181456, 0.335815370083, 0.39766150713]
        dvar: [0.08782235533, 0.0798070803285, 0.0580512881279, 0.0416522435844, 0.0535602159798, 0.121242240071]
        dvar2: [0.234827548265, 0.208056539297, 0.144487068057, 0.0999890044332, 0.124056495726, 0.256702005863]
        max: [-5.2480430603, -5.05938005447, -5.1360039711, -5.39772796631, -5.45541286469, -7.6959900856]
        mean: [-7.08035898209, -7.4080862999, -7.36882829666, -7.27329158783, -7.37935113907, -9.98619365692]
        median: [-6.43745183945, -6.80944108963, -6.75136041641, -6.59382295609, -6.62411880493, -9.16379737854]
        min: [-28.4264678955, -28.2830848694, -27.9182910919, -27.7741527557, -27.6516265869, -27.4309253693]
        var: [10.5650749207, 10.2839155197, 10.3211812973, 10.6615247726, 10.9380989075, 9.38064289093]

rhythm:
    beats_loudness:
        dmean: 0.00130947167054
        dmean2: 0.0022582388483
        dvar: 1.35179061544e-006
        dvar2: 3.92622496292e-006
        max: 0.0123076094314
        mean: 0.00577931245789
        median: 0.00595892779529
        min: 0
        var: 4.86734870719e-006
    bpm: 127.018730164
    bpm_confidence: 0
    first_peak_bpm: 126
    first_peak_spread: 0.392197161913
    first_peak_weight: 0.557438790798
    onset_rate: 2.13714718819
    second_peak_bpm: 152
    second_peak_spread: 0.285714268684
    second_peak_weight: 0.0188323911279
    beats_loudness_band_ratio:
        dmean: [0.162410721183, 0.0601084269583, 0.0740026459098, 0.0826528295875, 0.123996853828, 0.0671091675758]
        dmean2: [0.274812012911, 0.105630278587, 0.130408346653, 0.148353904486, 0.210890009999, 0.121382586658]
        dvar: [0.0210894308984, 0.00513745518401, 0.00804344564676, 0.0103981988505, 0.014495129697, 0.00507731921971]
        dvar2: [0.0486119203269, 0.0140632838011, 0.0218409970403, 0.0293387956917, 0.0393286421895, 0.0156917292625]
        max: [0.931761920452, 0.715260207653, 0.634445309639, 0.688173770905, 0.857177972794, 0.629225432873]
        mean: [0.27706232667, 0.095304466784, 0.0820288583636, 0.11209795624, 0.31743055582, 0.125739946961]
        median: [0.239034682512, 0.0594409443438, 0.0463851764798, 0.0761590078473, 0.310676813126, 0.118650257587]
        min: [0, 0, 0, 0, 0, 0]
        var: [0.0390530377626, 0.0135788405314, 0.00898698251694, 0.0112380320206, 0.0261350981891, 0.00567328324541]
    beats_position: [0.46439909935, 0.940408170223, 1.4164172411, 1.89242625237, 2.35682535172, 2.82122445107, 3.28562355042, 3.75002264977, 4.21442174911, 4.69043064117, 5.16644001007, 5.64244890213, 6.10684776306, 6.57124710083, 7.03564596176, 7.51165533066, 7.98766422272, 8.47528362274, 8.95129203796, 9.41569137573, 9.89170074463, 10.379319191, 10.8553285599, 11.3313379288, 11.807346344, 12.2833557129, 12.7477550507, 13.2121543884, 13.6765527725, 14.1409521103, 14.6169614792, 15.0929698944, 15.5689792633, 16.0449886322, 16.5209980011, 16.99700737, 17.4730148315, 17.9490242004, 18.4134235382, 18.8894329071, 19.365442276, 19.8298416138, 20.2942390442, 20.758638382, 21.2346477509, 21.7106571198, 22.1750564575, 22.6510658264, 23.1270751953, 23.6030826569, 24.0674819946, 24.5434913635, 25.0195007324, 25.5071201324, 25.9831295013, 26.4591369629, 26.9351463318, 27.3995456696, 27.8639450073, 28.3399543762, 28.8159637451, 29.291973114, 29.7679805756, 30.2323799133, 30.7083892822, 31.1843986511, 31.6487979889, 32.1248054504, 32.6008148193, 33.0768241882, 33.5528335571, 34.028842926, 34.5048522949, 34.9808616638, 35.4568710327, 35.9212684631, 36.397277832, 36.8732872009, 37.3376846313, 37.8020858765, 38.2780952454, 38.7541046143, 39.2185020447, 39.6945114136, 40.1705207825, 40.6349182129, 41.099319458, 41.5753288269, 42.0513381958, 42.5157356262, 42.9801368713, 43.4561424255, 43.9205436707, 44.3849411011, 44.86095047, 45.3369598389, 45.8129692078, 46.2889785767, 46.7649879456, 47.2409973145, 47.7170066833, 48.1930160522, 48.6690254211, 49.1334228516, 49.6094322205, 50.0854415894, 50.5498390198, 51.0258483887, 51.5018577576, 51.9778671265, 52.4538764954, 52.9182739258, 53.3826751709, 53.8586845398, 54.3346939087, 54.8107032776, 55.2867126465, 55.7627182007, 56.2271194458, 56.6915168762, 57.1559181213, 57.6203155518, 58.0963249207, 58.5723342896, 59.0483436584, 59.5359611511, 60.0003623962, 60.4647598267, 60.9291610718, 61.4167785645, 61.8927879333, 62.380405426, 62.8564147949, 63.32081604, 63.7968254089, 64.2612228394, 64.7256240845, 65.2016296387, 65.6660308838, 66.1304321289, 66.6064376831, 67.0824508667, 67.5584564209, 68.0344696045, 68.4988632202, 68.9748764038, 69.450881958, 69.9152832031, 70.3796844482, 70.844078064, 71.3200912476, 71.7960968018, 72.2721099854, 72.7481155396, 73.2357330322, 73.7001342773, 74.1645355225, 74.6405410767, 75.1165542603, 75.5925598145, 76.068572998, 76.5445785522, 77.0205917358, 77.49659729, 77.9609985352, 78.4370040894, 78.9014053345, 79.3774108887, 79.8534240723, 80.3178253174, 80.7938308716, 81.2698364258, 81.7458496094, 82.2218551636, 82.6862564087, 83.1622695923, 83.626663208, 84.1026763916, 84.5670700073, 85.0430831909, 85.5190887451, 85.9834899902, 86.4595031738, 86.935508728, 87.4115142822, 87.8875274658, 88.36353302, 88.8395462036, 89.3039474487, 89.7683410645, 90.2327423096, 90.7087478638, 91.1847610474, 91.6491622925, 92.1135559082, 92.5895690918, 93.065574646, 93.5415878296, 94.0175933838, 94.4936065674, 94.9696121216, 95.4456253052, 95.9100189209, 96.3860321045, 96.8504257202, 97.3148269653, 97.7908401489, 98.2552337646, 98.7312469482, 99.2072525024, 99.683265686, 100.15927124, 100.635284424, 101.111289978, 101.575691223, 102.051696777, 102.527709961, 103.003715515, 103.46811676, 103.955734253, 104.431747437, 104.907752991, 105.372154236, 105.836547852, 106.300949097, 106.77696228, 107.241355896, 107.71736908, 108.204986572, 108.680992126, 109.15700531, 109.621406555, 110.085800171, 110.561813354, 111.037818909, 111.513832092, 111.978225708, 112.454238892, 112.918640137, 113.394645691, 113.859046936, 114.33505249, 114.799453735, 115.26385498, 115.739860535, 116.215873718, 116.691879272, 117.167892456, 117.64389801, 118.119903564, 118.58430481, 119.048706055, 119.5131073, 120.000724792, 120.476730347, 120.95274353, 121.428749084, 121.904762268, 122.392379761, 122.856781006, 123.33278656, 123.808792114, 124.284805298, 124.749206543, 125.213600159, 125.678001404, 126.154014587, 126.618408203, 127.082809448, 127.558815002, 128.034820557, 128.51083374, 128.975234985, 129.451248169, 129.915649414, 130.3800354, 130.856048584, 131.332061768, 131.796463013, 132.260864258, 132.736862183, 133.224487305, 133.700500488, 134.164901733, 134.62928772, 135.105300903, 135.581314087, 136.057327271, 136.533325195, 137.009338379, 137.485351563, 137.961364746, 138.437362671, 138.901763916, 139.366165161, 139.842178345, 140.30657959, 140.782577515, 141.24697876, 141.711380005, 142.187393188, 142.663391113, 143.127792358, 143.603805542, 144.079818726, 144.555831909, 145.031829834, 145.507843018, 145.983856201, 146.459854126, 146.93586731, 147.400268555, 147.8646698, 148.340682983, 148.816680908, 149.281082153, 149.757095337, 150.221496582, 150.697509766, 151.17350769, 151.649520874, 152.125534058, 152.601531982, 153.077545166, 153.55355835, 154.029571533, 154.505569458, 154.969970703, 155.434371948, 155.898773193, 156.363174438, 156.839187622, 157.315185547, 157.779586792, 158.243988037, 158.708389282, 159.184402466, 159.660400391, 160.124801636, 160.600814819, 161.076828003, 161.552825928, 162.028839111, 162.504852295, 162.980865479, 163.456863403, 163.932876587, 164.397277832, 164.861679077, 165.337677002, 165.813690186, 166.289703369, 166.765716553, 167.241714478, 167.717727661, 168.193740845, 168.669754028, 169.145751953, 169.621765137, 170.09777832, 170.573776245, 171.03817749, 171.502578735, 171.96697998, 172.431381226, 172.907394409, 173.383392334, 173.871017456, 174.34703064, 174.823028564, 175.28742981, 175.751831055, 176.2162323, 176.680633545, 177.14503479, 177.609436035, 178.08543396, 178.561447144, 179.037460327, 179.501861572, 179.977859497, 180.442260742, 180.918273926, 181.394287109, 181.870285034, 182.346298218, 182.83392334, 183.309921265, 183.785934448, 184.250335693, 184.714736938, 185.190750122, 185.678359985, 186.154373169, 186.618774414, 187.083175659, 187.559173584, 188.035186768, 188.511199951, 188.998809814, 189.474822998, 189.939224243, 190.403625488, 190.868026733, 191.344039917, 191.820037842, 192.284439087, 192.760452271, 193.236465454, 193.724075317, 194.188476563, 194.652877808, 195.117279053, 195.581680298, 196.046066284, 196.522079468, 196.998092651, 197.474105835, 197.95010376, 198.437728882, 198.913742065, 199.38973999, 199.854141235, 200.330154419, 200.806167603, 201.282180786, 201.758178711, 202.222579956, 202.686981201, 203.151382446, 203.62739563, 204.103393555, 204.579406738, 205.055419922, 205.531417847, 205.995819092, 206.471832275, 206.936233521, 207.400634766, 207.87663269, 208.341033936, 208.817047119, 209.281448364, 209.757461548, 210.233459473, 210.709472656, 211.18548584, 211.673095703, 212.137496948, 212.601898193, 213.077911377, 213.553924561, 214.029922485, 214.505935669, 214.970336914, 215.446350098, 215.922348022, 216.386749268, 216.851150513, 217.327163696, 217.791564941, 218.267562866, 218.731964111, 219.207977295, 219.683990479, 220.159988403, 220.636001587, 221.112014771, 221.588027954, 222.052429199, 222.516815186, 222.981216431, 223.457229614, 223.933242798, 224.409240723, 224.885253906, 225.36126709, 225.837280273, 226.30166626, 226.766067505, 227.23046875, 227.706481934, 228.182495117, 228.67010498, 229.157730103, 229.656951904, 230.156188965, 230.62059021, 231.084991455, 231.549377441, 231.990570068, 232.420135498, 232.861312866, 233.302490234, 233.720443726, 234.138412476, 234.556365967, 234.974319458, 235.392288208, 235.798629761, 236.216598511, 236.634552002, 237.040908813, 237.458862305, 237.853607178, 238.236724854, 238.619857788, 239.002990723, 239.397735596, 239.79246521, 240.187210083, 240.581939697, 240.97668457, 241.371429443, 241.766159058, 242.160903931, 242.567245483, 242.973602295, 243.368347168, 243.86756897, 244.366790771, 244.866027832, 245.411697388, 245.957366943, 246.503036499, 247.037094116, 247.571151733, 248.105209351, 248.639266968, 249.161712646, 249.695770264, 250.218231201]
