
metadata:
    version:
        essentia: "2.1-beta2"
    audio_properties:
        analysis_sample_rate: 44100
        bitrate: 249
        channels: 2
        equal_loudness: 1
        length: 261.720825195
        replay_gain: -15.9879112244
        downmix: "mix"
    tags:
        album: "One Way Mirror"
        artist: "One Way Mirror"
        comment: ""
        date: "2008"
        genre: "Metal"
        title: "Liberation"
        tracknumber: "11"

configuration:
    average_loudness:
        compute: 1
        frameSize: 88200
        hopSize: 44100
        silentFrames: "noise"
        windowType: "hann"
    general:
        analysisSampleRate: 44100
        endTime: 2000
        equalLoudness: 1
        nequalLoudness: 0
        shortSound: 0
        startTime: 0
    lowlevel:
        compute: 1
        frameSize: 2048
        hopSize: 1024
        zeroPadding: 0
        silentFrames: "noise"
        windowType: "blackmanharris62"
        mfccStats: ["mean", "cov", "icov"]
        stats: ["mean", "var", "median", "min", "max", "dmean", "dmean2", "dvar", "dvar2"]
    panning:
        compute: 0
        frameSize: 8192
        hopSize: 2048
        zeroPadding: 8192
        silentFrames: "noise"
        windowType: "hann"
        stats: ["copy"]
    rhythm:
        compute: 1
        maxTempo: 208
        minTempo: 40
        method: "degara"
        stats: ["mean", "var", "median", "min", "max", "dmean", "dmean2", "dvar", "dvar2"]
    segmentation:
        compute: 0
        cpw: 5
        inc1: 300
        inc2: 50
        minimumSegmentsLength: 10
        size1: 1000
        size2: 600
    sfx:
        compute: 1
        stats: ["mean", "var", "median", "min", "max", "dmean", "dmean2", "dvar", "dvar2"]
    svm:
        compute: 0
    tonal:
        compute: 1
        frameSize: 4096
        hopSize: 2048
        zeroPadding: 0
        silentFrames: "noise"
        windowType: "blackmanharris62"
        stats: ["mean", "var", "median", "min", "max", "dmean", "dmean2", "dvar", "dvar2"]

lowlevel:
    average_loudness: 0.973027169704
    barkbands_kurtosis:
        dmean: 0.940459132195
        dmean2: 1.5714443922
        dvar: 0.925113141537
        dvar2: 2.42277693748
        max: 16.0486221313
        mean: 0.171445116401
        median: -0.0771234929562
        min: -1.82277309895
        var: 1.84298372269
    barkbands_skewness:
        dmean: 0.328019946814
        dmean2: 0.53174674511
        dvar: 0.0824836343527
        dvar2: 0.205408260226
        max: 2.46772146225
        mean: -0.98027920723
        median: -0.995723724365
        min: -3.28892827034
        var: 0.234729245305
    barkbands_spread:
        dmean: 6.09523820877
        dmean2: 10.1788063049
        dvar: 29.4364719391
        dvar2: 80.7816009521
        max: 57.4639434814
        mean: 27.1879711151
        median: 26.4437942505
        min: 3.21582436562
        var: 59.9816970825
    dissonance:
        dmean: 0.00636812485754
        dmean2: 0.0110728591681
        dvar: 4.58990543848e-005
        dvar2: 0.000130340034957
        max: 0.500000119209
        mean: 0.49101382494
        median: 0.49305203557
        min: 0.318139642477
        var: 5.99641971348e-005
    hfc:
        dmean: 3.58425569534
        dmean2: 5.91950464249
        dvar: 15.8176136017
        dvar2: 41.3508224487
        max: 49.8344917297
        mean: 14.6064243317
        median: 14.7820987701
        min: 1.0295281148e-016
        var: 39.6882324219
    pitch:
        dmean: 1041.85327148
        dmean2: 1947.21875
        dvar: 1361927.875
        dvar2: 3242362.5
        max: 4434.640625
        mean: 1710.62463379
        median: 1232.32275391
        min: 75.77394104
        var: 1873482.125
    pitch_instantaneous_confidence:
        dmean: 0.0760790705681
        dmean2: 0.127251535654
        dvar: 0.00445809215307
        dvar2: 0.0114631131291
        max: 0.866607189178
        mean: 0.313883692026
        median: 0.288949549198
        min: 0.0894184112549
        var: 0.0134975388646
    pitch_salience:
        dmean: 0.0443716086447
        dmean2: 0.0748091563582
        dvar: 0.00143813015893
        dvar2: 0.00400142557919
        max: 0.887018978596
        mean: 0.729094386101
        median: 0.738288998604
        min: 0.332474261522
        var: 0.00320157874376
    silence_rate_20dB:
        dmean: 0
        dmean2: 0
        dvar: 0
        dvar2: 0
        max: 1
        mean: 1
        median: 1
        min: 1
        var: 0
    silence_rate_30dB:
        dmean: 0
        dmean2: 0
        dvar: 0
        dvar2: 0
        max: 1
        mean: 1
        median: 1
        min: 1
        var: 0
    silence_rate_60dB:
        dmean: 0.0260823275894
        dmean2: 0.0521692857146
        dvar: 0.0253991745412
        dvar2: 0.0560251437128
        max: 1
        mean: 0.0699015334249
        median: 0
        min: 0
        var: 0.065012678504
    spectral_centroid:
        dmean: 220.323348999
        dmean2: 355.926879883
        dvar: 50473.0117188
        dvar2: 119843.046875
        max: 11911.7871094
        mean: 2342.85791016
        median: 2253.0703125
        min: 512.366577148
        var: 1191671.625
    spectral_complexity:
        dmean: 4.83303785324
        dmean2: 7.77961158752
        dvar: 18.7449493408
        dvar2: 45.9422111511
        max: 50
        mean: 27.1471652985
        median: 28
        min: 0
        var: 82.5610427856
    spectral_crest:
        dmean: 1.41950821877
        dmean2: 2.37543654442
        dvar: 1.75276958942
        dvar2: 4.59645843506
        max: 19.1527194977
        mean: 5.66920900345
        median: 5.24788427353
        min: 2.44731521606
        var: 3.32843899727
    spectral_decrease:
        dmean: 2.45941794708e-010
        dmean2: 4.07254396873e-010
        dvar: 7.02206417446e-020
        dvar2: 1.90326413657e-019
        max: 1.82076273421e-028
        mean: -1.34525857121e-009
        median: -1.39095057694e-009
        min: -3.31489924399e-009
        var: 1.94802378425e-019
    spectral_energy:
        dmean: 0.00122714519966
        dmean2: 0.00203104736283
        dvar: 1.79412404577e-006
        dvar2: 4.81605093228e-006
        max: 0.0170313082635
        mean: 0.00640215771273
        median: 0.00662132445723
        min: 1.00218351506e-020
        var: 4.87350780531e-006
    spectral_energyband_high:
        dmean: 0.000239728658926
        dmean2: 0.000409198721172
        dvar: 1.06317479265e-007
        dvar2: 2.72410375146e-007
        max: 0.00406124303117
        mean: 0.000586178270169
        median: 0.000510039681103
        min: 7.01176448337e-021
        var: 1.77540812274e-007
    spectral_energyband_low:
        dmean: 0.000217041160795
        dmean2: 0.000366492109606
        dvar: 6.07153012311e-008
        dvar2: 1.68052807226e-007
        max: 0.00213363580406
        mean: 0.000340555736329
        median: 0.000277971179457
        min: 2.08169475053e-023
        var: 6.81700598193e-008
    spectral_energyband_middle_high:
        dmean: 0.00107585429214
        dmean2: 0.00176256697159
        dvar: 1.14675015084e-006
        dvar2: 3.04629634229e-006
        max: 0.0136080188677
        mean: 0.0046634497121
        median: 0.00481388252228
        min: 1.07822275929e-021
        var: 3.46993488165e-006
    spectral_energyband_middle_low:
        dmean: 0.000346248911228
        dmean2: 0.000581118627451
        dvar: 1.12570042177e-007
        dvar2: 3.12008808123e-007
        max: 0.00377266597934
        mean: 0.000941545935348
        median: 0.00087079621153
        min: 1.40388362509e-022
        var: 2.0258362099e-007
    spectral_flatness_db:
        dmean: 0.0107725551352
        dmean2: 0.0177207589149
        dvar: 9.11492898013e-005
        dvar2: 0.000227230484597
        max: 0.306553035975
        mean: 0.133125290275
        median: 0.132085695863
        min: 0.0582710839808
        var: 0.000393404479837
    spectral_flux:
        dmean: 0.00634069880471
        dmean2: 0.00994881894439
        dvar: 4.18823619839e-005
        dvar2: 9.27318833419e-005
        max: 0.111161448061
        mean: 0.0512055829167
        median: 0.0526296831667
        min: 6.3793872962e-011
        var: 0.000158929804456
    spectral_kurtosis:
        dmean: 1.01719105244
        dmean2: 1.74748957157
        dvar: 1.16914141178
        dvar2: 3.30244755745
        max: 29.9277229309
        mean: 4.28618717194
        median: 4.18774747849
        min: -1.28370809555
        var: 2.53453683853
    spectral_rms:
        dmean: 0.00023444838007
        dmean2: 0.000383188511478
        dvar: 5.72425093992e-008
        dvar2: 1.49597028098e-007
        max: 0.00407626153901
        mean: 0.00244503188878
        median: 0.002541619353
        min: 3.12688351774e-012
        var: 2.67805319254e-007
    spectral_rolloff:
        dmean: 235.235443115
        dmean2: 389.371307373
        dvar: 86440.078125
        dvar2: 197843.546875
        max: 19552.1484375
        mean: 3725.85400391
        median: 3509.91210938
        min: 689.0625
        var: 3377471.25
    spectral_skewness:
        dmean: 0.142455667257
        dmean2: 0.231879174709
        dvar: 0.0198069307953
        dvar2: 0.0492626652122
        max: 3.96564817429
        mean: 1.3542085886
        median: 1.35448217392
        min: -0.0799055546522
        var: 0.099613122642
    spectral_spread:
        dmean: 389122.8125
        dmean2: 640003.25
        dvar: 363856363520
        dvar2: 784317480960
        max: 43383164
        mean: 4330698
        median: 3730133.75
        min: 1429848.625
        var: 1.93311256084e+013
    spectral_strongpeak:
        dmean: 0.815335273743
        dmean2: 1.40213680267
        dvar: 0.710439503193
        dvar2: 1.87614321709
        max: 10.234251976
        mean: 1.06203532219
        median: 0.809719800949
        min: 0
        var: 1.2089253664
    zerocrossingrate:
        dmean: 0.00581895932555
        dmean2: 0.0074185305275
        dvar: 3.86733372579e-005
        dvar2: 5.43380556337e-005
        max: 0.53173828125
        mean: 0.120797351003
        median: 0.1162109375
        min: 0.03125
        var: 0.00223645358346
    barkbands:
        dmean: [3.60902532748e-007, 9.59932804108e-005, 0.000126344792079, 0.00011183621973, 0.000211246820982, 5.85642555961e-005, 5.85178277106e-005, 3.54266630893e-005, 7.17686343705e-005, 0.000111499088234, 7.58914684411e-005, 0.000107175990706, 0.000115467904834, 0.000173270149389, 0.00016645915457, 0.000272123637842, 0.000397884490667, 0.00035868602572, 0.00035954779014, 0.000230518198805, 0.000111722307338, 4.14535534219e-005, 6.92718867867e-006, 2.27540522246e-006, 6.52753954e-007, 4.03486488665e-008, 4.99051633351e-010]
        dmean2: [5.62551974781e-007, 0.000170165963937, 0.000215940031921, 0.000188488149433, 0.000347213674104, 9.95174923446e-005, 0.000100412296888, 5.90495401411e-005, 0.000119277690828, 0.000184974356671, 0.000126654849737, 0.000178935719305, 0.000191891434952, 0.000290513125947, 0.000279951840639, 0.000454829540104, 0.000665059313178, 0.000599109509494, 0.000594446610194, 0.000388517481042, 0.000187432524399, 7.38242160878e-005, 1.25694341477e-005, 4.04462798542e-006, 1.11674057734e-006, 6.72513493782e-008, 8.39805835984e-010]
        dvar: [1.85401349763e-013, 2.15829665251e-008, 2.10143049628e-008, 1.29420412165e-008, 4.85707651876e-008, 5.59449375714e-009, 9.65560520427e-009, 2.49930875995e-009, 1.17027223467e-008, 2.69274185172e-008, 1.28911556985e-008, 2.23038565395e-008, 2.61707757687e-008, 4.95014376156e-008, 4.65621745604e-008, 9.22099232525e-008, 1.94095264305e-007, 1.59288504165e-007, 1.60392389148e-007, 8.97924437027e-008, 2.10534718548e-008, 4.17312140399e-009, 1.36481687063e-010, 1.20768030992e-011, 1.05423233077e-012, 1.06695166889e-014, 1.12107250752e-018]
        dvar2: [4.31208806726e-013, 5.91774274028e-008, 5.888330179e-008, 3.51424525036e-008, 1.2820832751e-007, 1.49162389107e-008, 2.59362558097e-008, 6.32591046212e-009, 2.92865180995e-008, 7.02288431853e-008, 3.1965640801e-008, 5.63322863911e-008, 6.53047393939e-008, 1.30061707182e-007, 1.23839498656e-007, 2.37441639683e-007, 4.99926102293e-007, 4.15619666683e-007, 4.11599472727e-007, 2.3027560303e-007, 5.18251610515e-008, 1.17191136795e-008, 3.89392490474e-010, 3.40524830555e-011, 2.78918468183e-012, 2.62597171248e-014, 2.68827619302e-018]
        max: [3.35050572176e-006, 0.00101224076934, 0.00135383708403, 0.00165577197913, 0.00322093022987, 0.00119171268307, 0.00135314813815, 0.000886711291969, 0.00222715944983, 0.00256996788085, 0.00235427124426, 0.00241418229416, 0.00294013204984, 0.00335807004012, 0.00350530608557, 0.00510154897347, 0.00767885055393, 0.00628568232059, 0.00892093405128, 0.00411452911794, 0.00237768213265, 0.000708108243998, 0.000152979977429, 3.28539390466e-005, 2.63393594651e-005, 4.8432375479e-006, 3.49735778116e-008]
        mean: [4.85043983645e-007, 9.36665310292e-005, 0.000176604327862, 0.000152314605657, 0.000377367658075, 8.86474008439e-005, 7.33455817681e-005, 5.31821060576e-005, 0.000119844618894, 0.000182458330528, 0.000120395299746, 0.000176523142727, 0.000199720365345, 0.000301680323901, 0.00031446974026, 0.000572707736865, 0.000863510998897, 0.000823070760816, 0.000852145953104, 0.000514488201588, 0.000259089603787, 7.01253957232e-005, 1.0984270375e-005, 3.89378737964e-006, 1.35028790282e-006, 7.9998557112e-008, 9.47407152729e-010]
        median: [3.15632036063e-007, 4.90550155519e-005, 0.000135692767799, 0.000116112365504, 0.000299002625979, 6.32860974292e-005, 4.38385468442e-005, 3.48370303982e-005, 7.2296228609e-005, 0.000103464597487, 6.69873188599e-005, 0.000118005496915, 0.000122096811538, 0.00020239019068, 0.000228237127885, 0.00048068453907, 0.000731238687877, 0.000711085624062, 0.000743398268241, 0.000436140369857, 0.000219488632865, 5.47696763533e-005, 8.40775282995e-006, 2.9685922982e-006, 9.59900035014e-007, 4.30731112999e-008, 5.30480215311e-010]
        min: [2.70818093478e-025, 2.16471616825e-024, 9.65586751412e-025, 6.7978451621e-025, 5.80743897307e-024, 3.48336402728e-024, 4.93478486807e-024, 4.67794595682e-024, 6.01795794411e-024, 1.47625962522e-023, 1.40587792857e-023, 2.53397521322e-023, 2.90157366654e-023, 2.61170215153e-023, 4.76588012415e-023, 4.01294331347e-023, 7.87005378154e-023, 8.4191388369e-023, 9.60565442702e-023, 1.74036814214e-022, 2.23885414442e-022, 2.71189477556e-022, 3.46202551335e-022, 5.81921207521e-022, 9.18621632641e-022, 1.20124840688e-021, 1.90690778639e-021]
        var: [2.59449579876e-013, 1.70258012133e-008, 2.42238691328e-008, 1.73596195197e-008, 8.96936001027e-008, 7.89514853494e-009, 9.80764713887e-009, 3.73847264257e-009, 2.58156909183e-008, 5.54369528061e-008, 2.62049120181e-008, 3.65408503455e-008, 5.69201432654e-008, 9.97130413793e-008, 8.3992006239e-008, 1.62811019777e-007, 3.88131979889e-007, 3.227201546e-007, 3.22572418554e-007, 1.60961818096e-007, 3.98323827255e-008, 3.74195252562e-009, 1.08923606246e-010, 1.16548411547e-011, 1.63330265111e-012, 1.48427463761e-014, 1.99769143054e-018]
    frequency_bands:
        dmean: [3.60902532748e-007, 9.59932804108e-005, 0.000126344792079, 0.00011183621973, 0.000211246820982, 5.85642555961e-005, 5.85178277106e-005, 3.54266630893e-005, 7.17686343705e-005, 0.000111499088234, 7.58914684411e-005, 0.000107175990706, 0.000115467904834, 0.000173270149389, 0.00016645915457, 0.000272123637842, 0.000397884490667, 0.00035868602572, 0.00035954779014, 0.000230518198805, 0.000111722307338, 4.14535534219e-005, 6.92718867867e-006, 2.27540522246e-006, 6.52753954e-007, 4.03486488665e-008, 4.99051633351e-010, 7.03304844918e-011]
        dmean2: [5.62551974781e-007, 0.000170165963937, 0.000215940031921, 0.000188488149433, 0.000347213674104, 9.95174923446e-005, 0.000100412296888, 5.90495401411e-005, 0.000119277690828, 0.000184974356671, 0.000126654849737, 0.000178935719305, 0.000191891434952, 0.000290513125947, 0.000279951840639, 0.000454829540104, 0.000665059313178, 0.000599109509494, 0.000594446610194, 0.000388517481042, 0.000187432524399, 7.38242160878e-005, 1.25694341477e-005, 4.04462798542e-006, 1.11674057734e-006, 6.72513493782e-008, 8.39805835984e-010, 1.30457269987e-010]
        dvar: [1.85401349763e-013, 2.15829665251e-008, 2.10143049628e-008, 1.29420412165e-008, 4.85707651876e-008, 5.59449375714e-009, 9.65560520427e-009, 2.49930875995e-009, 1.17027223467e-008, 2.69274185172e-008, 1.28911556985e-008, 2.23038565395e-008, 2.61707757687e-008, 4.95014376156e-008, 4.65621745604e-008, 9.22099232525e-008, 1.94095264305e-007, 1.59288504165e-007, 1.60392389148e-007, 8.97924437027e-008, 2.10534718548e-008, 4.17312140399e-009, 1.36481687063e-010, 1.20768030992e-011, 1.05423233077e-012, 1.06695166889e-014, 1.12107250752e-018, 8.27578693223e-021]
        dvar2: [4.31208806726e-013, 5.91774274028e-008, 5.888330179e-008, 3.51424525036e-008, 1.2820832751e-007, 1.49162389107e-008, 2.59362558097e-008, 6.32591046212e-009, 2.92865180995e-008, 7.02288431853e-008, 3.1965640801e-008, 5.63322863911e-008, 6.53047393939e-008, 1.30061707182e-007, 1.23839498656e-007, 2.37441639683e-007, 4.99926102293e-007, 4.15619666683e-007, 4.11599472727e-007, 2.3027560303e-007, 5.18251610515e-008, 1.17191136795e-008, 3.89392490474e-010, 3.40524830555e-011, 2.78918468183e-012, 2.62597171248e-014, 2.68827619302e-018, 2.61694387223e-020]
        max: [3.35050572176e-006, 0.00101224076934, 0.00135383708403, 0.00165577197913, 0.00322093022987, 0.00119171268307, 0.00135314813815, 0.000886711291969, 0.00222715944983, 0.00256996788085, 0.00235427124426, 0.00241418229416, 0.00294013204984, 0.00335807004012, 0.00350530608557, 0.00510154897347, 0.00767885055393, 0.00628568232059, 0.00892093405128, 0.00411452911794, 0.00237768213265, 0.000708108243998, 0.000152979977429, 3.28539390466e-005, 2.63393594651e-005, 4.8432375479e-006, 3.49735778116e-008, 1.00655550561e-009]
        mean: [4.85043983645e-007, 9.36665310292e-005, 0.000176604327862, 0.000152314605657, 0.000377367658075, 8.86474008439e-005, 7.33455817681e-005, 5.31821060576e-005, 0.000119844618894, 0.000182458330528, 0.000120395299746, 0.000176523142727, 0.000199720365345, 0.000301680323901, 0.00031446974026, 0.000572707736865, 0.000863510998897, 0.000823070760816, 0.000852145953104, 0.000514488201588, 0.000259089603787, 7.01253957232e-005, 1.0984270375e-005, 3.89378737964e-006, 1.35028790282e-006, 7.9998557112e-008, 9.47407152729e-010, 5.48678324996e-011]
        median: [3.15632036063e-007, 4.90550155519e-005, 0.000135692767799, 0.000116112365504, 0.000299002625979, 6.32860974292e-005, 4.38385468442e-005, 3.48370303982e-005, 7.2296228609e-005, 0.000103464597487, 6.69873188599e-005, 0.000118005496915, 0.000122096811538, 0.00020239019068, 0.000228237127885, 0.00048068453907, 0.000731238687877, 0.000711085624062, 0.000743398268241, 0.000436140369857, 0.000219488632865, 5.47696763533e-005, 8.40775282995e-006, 2.9685922982e-006, 9.59900035014e-007, 4.30731112999e-008, 5.30480215311e-010, 2.34649782244e-011]
        min: [2.70818093478e-025, 2.16471616825e-024, 9.65586751412e-025, 6.7978451621e-025, 5.80743897307e-024, 3.48336402728e-024, 4.93478486807e-024, 4.67794595682e-024, 6.01795794411e-024, 1.47625962522e-023, 1.40587792857e-023, 2.53397521322e-023, 2.90157366654e-023, 2.61170215153e-023, 4.76588012415e-023, 4.01294331347e-023, 7.87005378154e-023, 8.4191388369e-023, 9.60565442702e-023, 1.74036814214e-022, 2.23885414442e-022, 2.71189477556e-022, 3.46202551335e-022, 5.81921207521e-022, 9.18621632641e-022, 1.20124840688e-021, 1.90690778639e-021, 4.43811024819e-022]
        var: [2.59449579876e-013, 1.70258012133e-008, 2.42238691328e-008, 1.73596195197e-008, 8.96936001027e-008, 7.89514853494e-009, 9.80764713887e-009, 3.73847264257e-009, 2.58156909183e-008, 5.54369528061e-008, 2.62049120181e-008, 3.65408503455e-008, 5.69201432654e-008, 9.97130413793e-008, 8.3992006239e-008, 1.62811019777e-007, 3.88131979889e-007, 3.227201546e-007, 3.22572418554e-007, 1.60961818096e-007, 3.98323827255e-008, 3.74195252562e-009, 1.08923606246e-010, 1.16548411547e-011, 1.63330265111e-012, 1.48427463761e-014, 1.99769143054e-018, 6.77438747748e-021]
    mfcc:
        mean: [-675.68737793, 90.1947250366, -71.7635879517, 55.3188095093, -4.78086853027, 5.13670682907, 1.39877414703, 1.69533288479, -0.383928537369, -7.16464996338, -7.10019302368, -6.69853639603, -8.60324192047]
        cov: [[3874.52172852, 516.103088379, -512.503479004, 433.148986816, -116.878517151, 53.1544265747, -17.6194992065, 14.9224710464, -15.2225923538, -29.4105529785, -35.3788032532, -41.6964073181, -53.2284431458], [516.103088379, 318.48336792, -117.442581177, 92.8613204956, 26.0657711029, 20.9978637695, 24.3540630341, 11.9964828491, 14.7267427444, -7.8219909668, -8.79889297485, -7.93251800537, -13.0315132141], [-512.503479004, -117.442581177, 248.85925293, -64.0341949463, 45.1279563904, -9.42291355133, 1.03565859795, 15.4340734482, 4.6665225029, 11.3010053635, -4.15237474442, 3.94905042648, 9.10068321228], [433.148986816, 92.8613204956, -64.0341949463, 195.527984619, 7.45545816422, 34.7499427795, 8.27797794342, 4.07409715652, 18.6595993042, 1.95209991932, 1.48038578033, 7.77587175369, 1.94244801998], [-116.878517151, 26.0657711029, 45.1279563904, 7.45545816422, 91.9592437744, 22.155090332, 4.33782911301, -0.936037659645, 6.93915700912, 8.22882080078, -1.37396275997, 4.10150718689, -2.77168154716], [53.1544265747, 20.9978637695, -9.42291355133, 34.7499427795, 22.155090332, 89.498550415, 30.8630981445, 6.14042472839, -6.5566778183, 11.2318506241, 9.45975399017, 6.13799476624, 1.12288725376], [-17.6194992065, 24.3540630341, 1.03565859795, 8.27797794342, 4.33782911301, 30.8630981445, 78.9950714111, 19.8322296143, 4.19087219238, -11.25685215, 9.06025123596, -2.11171269417, 1.94090151787], [14.9224710464, 11.9964828491, 15.4340734482, 4.07409715652, -0.936037659645, 6.14042472839, 19.8322296143, 75.1920318604, 23.3658447266, 12.8743391037, -0.23287987709, 2.71910357475, 0.89289867878], [-15.2225923538, 14.7267427444, 4.6665225029, 18.6595993042, 6.93915700912, -6.5566778183, 4.19087219238, 23.3658447266, 68.3436508179, 18.9114189148, 7.40967988968, -2.08853149414, 1.83784413338], [-29.4105529785, -7.8219909668, 11.3010053635, 1.95209991932, 8.22882080078, 11.2318506241, -11.25685215, 12.8743391037, 18.9114189148, 58.7337265015, 17.2528553009, 8.02216815948, -2.65830612183], [-35.3788032532, -8.79889297485, -4.15237474442, 1.48038578033, -1.37396275997, 9.45975399017, 9.06025123596, -0.23287987709, 7.40967988968, 17.2528553009, 54.1167259216, 19.9750595093, 11.4574604034], [-41.6964073181, -7.93251800537, 3.94905042648, 7.77587175369, 4.10150718689, 6.13799476624, -2.11171269417, 2.71910357475, -2.08853149414, 8.02216815948, 19.9750595093, 50.1817817688, 19.6190109253], [-53.2284431458, -13.0315132141, 9.10068321228, 1.94244801998, -2.77168154716, 1.12288725376, 1.94090151787, 0.89289867878, 1.83784413338, -2.65830612183, 11.4574604034, 19.6190109253, 47.14503479]]
        icov: [[0.000506812473759, -0.000448934762971, 0.000518767978065, -0.000812644779216, 0.000537681800779, -7.48891907278e-005, 0.000393372640247, -0.000331196351908, 0.00041547769797, 2.77558392554e-005, 3.82365942642e-005, 0.000338748650393, 0.000240040390054], [-0.000448934762971, 0.00522495247424, 0.00197835383005, -0.000726451340597, -0.00302453455515, 0.00073716515908, -0.00165407848544, -0.000621232844424, -0.000612591044046, 0.000204892668989, 0.000726892787497, 6.54374598525e-005, 0.00030145936762], [0.000518767978065, 0.00197835383005, 0.00693732313812, 0.000132120185299, -0.00355973816477, 0.0011289176764, -0.000651440757792, -0.00180409150198, 0.000450340856332, -0.000879061990418, 0.00126393826213, 0.00042332947487, -0.000937681237701], [-0.000812644779216, -0.000726451340597, 0.000132120185299, 0.00814567878842, -0.000657577358652, -0.00270341918804, 0.000215686901356, 0.000877010344993, -0.00306507758796, 0.000700026983395, 0.000614936638158, -0.00194238498807, -0.000661365571432], [0.000537681800779, -0.00302453455515, -0.00355973816477, -0.000657577358652, 0.0155036970973, -0.0042328312993, 0.00127889786381, 0.00196958216839, -0.00162506825291, -0.000475982145872, 0.00110907445196, -0.00160500209313, 0.001842510188], [-7.48891907278e-005, 0.00073716515908, 0.0011289176764, -0.00270341918804, -0.0042328312993, 0.016845934093, -0.00725287757814, -0.000183638607268, 0.0045887590386, -0.00544264772907, -0.000289113086183, -0.000186021177797, -0.000673436268698], [0.000393372640247, -0.00165407848544, -0.000651440757792, 0.000215686901356, 0.00127889786381, -0.00725287757814, 0.0191532280296, -0.0051766182296, -0.00129351997748, 0.00774678913876, -0.00534028885886, 0.00265177711844, 0.000342795945471], [-0.000331196351908, -0.000621232844424, -0.00180409150198, 0.000877010344993, 0.00196958216839, -0.000183638607268, -0.0051766182296, 0.0176439993083, -0.0053520752117, -0.00398010201752, 0.00353258103132, -0.00267393211834, 4.02924160881e-006], [0.00041547769797, -0.000612591044046, 0.000450340856332, -0.00306507758796, -0.00162506825291, 0.0045887590386, -0.00129351997748, -0.0053520752117, 0.0202772915363, -0.00608151266351, -0.00224908464588, 0.00396851589903, -0.00194935419131], [2.77558392554e-005, 0.000204892668989, -0.000879061990418, 0.000700026983395, -0.000475982145872, -0.00544264772907, 0.00774678913876, -0.00398010201752, -0.00608151266351, 0.0254026204348, -0.00802163872868, -0.00156139349565, 0.00435556937009], [3.82365942642e-005, 0.000726892787497, 0.00126393826213, 0.000614936638158, 0.00110907445196, -0.000289113086183, -0.00534028885886, 0.00353258103132, -0.00224908464588, -0.00802163872868, 0.0263848546892, -0.00867305975407, -0.0029678014107], [0.000338748650393, 6.54374598525e-005, 0.00042332947487, -0.00194238498807, -0.00160500209313, -0.000186021177797, 0.00265177711844, -0.00267393211834, 0.00396851589903, -0.00156139349565, -0.00867305975407, 0.0285887382925, -0.00978152733296], [0.000240040390054, 0.00030145936762, -0.000937681237701, -0.000661365571432, 0.001842510188, -0.000673436268698, 0.000342795945471, 4.02924160881e-006, -0.00194935419131, 0.00435556937009, -0.0029678014107, -0.00978152733296, 0.0269972477108]]
    sccoeffs:
        dmean: [0.0530266910791, 0.0438731759787, 0.0371095314622, 0.0292290002108, 0.020790008828, 0.0171572659165]
        dmean2: [0.0893556550145, 0.0742678716779, 0.0628116130829, 0.0496399141848, 0.0349500924349, 0.0271862745285]
        dvar: [0.00168176705483, 0.00116793904454, 0.000860486994497, 0.000526574905962, 0.000257547420915, 0.000238611246459]
        dvar2: [0.00488467654213, 0.00327115575783, 0.00242121820338, 0.00150264345575, 0.000720657524653, 0.000546838273294]
        max: [-0.391961067915, -0.525517344475, -0.625881016254, -0.58923971653, -0.657758772373, -0.538900256157]
        mean: [-0.684864401817, -0.805741488934, -0.804559469223, -0.79289150238, -0.782917261124, -0.720828413963]
        median: [-0.684205889702, -0.809018790722, -0.807726919651, -0.794153392315, -0.782307207584, -0.718698143959]
        min: [-0.984499871731, -0.977509319782, -0.977407574654, -0.972240507603, -0.969058871269, -0.964474260807]
        var: [0.00407489296049, 0.00254742382094, 0.00229864218272, 0.0015573425917, 0.00107097707223, 0.00195884681307]
    scvalleys:
        dmean: [0.382789582014, 0.350614339113, 0.288522809744, 0.231431424618, 0.20306058228, 0.269561499357]
        dmean2: [0.637122273445, 0.590630531311, 0.48750397563, 0.385590046644, 0.327472448349, 0.460473746061]
        dvar: [0.100500561297, 0.0902640223503, 0.0631572678685, 0.0482344329357, 0.0486091263592, 0.125033095479]
        dvar2: [0.256136894226, 0.229474008083, 0.154953107238, 0.111089624465, 0.101427271962, 0.324383586645]
        max: [-5.25153207779, -5.14014482498, -5.12274742126, -5.28738355637, -5.31320905685, -8.07902145386]
        mean: [-6.89106225967, -6.93530511856, -6.77206373215, -6.64791965485, -6.61418390274, -9.70793151855]
        median: [-6.53102588654, -6.62816810608, -6.46319723129, -6.33505439758, -6.2499628067, -9.42584896088]
        min: [-28.2916126251, -28.1240997314, -27.7769260406, -27.6777534485, -27.5923252106, -27.4185447693]
        var: [6.39594697952, 6.21580886841, 6.23125982285, 6.33081102371, 6.37748861313, 4.69038391113]

rhythm:
    beats_loudness:
        dmean: 0.00119049556088
        dmean2: 0.00205937726423
        dvar: 1.2760943946e-006
        dvar2: 3.78776735488e-006
        max: 0.0127749759704
        mean: 0.00607270281762
        median: 0.0061843637377
        min: 0
        var: 2.72965394288e-006
    bpm: 137.767303467
    bpm_confidence: 0
    first_peak_bpm: 136
    first_peak_spread: 0.498226940632
    first_peak_weight: 0.474036842585
    onset_rate: 2.49884581566
    second_peak_bpm: 144
    second_peak_spread: 0
    second_peak_weight: 0.0385259613395
    beats_loudness_band_ratio:
        dmean: [0.0702322050929, 0.0324567258358, 0.0276582576334, 0.0539482086897, 0.0874135494232, 0.0609349086881]
        dmean2: [0.12103766948, 0.0570065937936, 0.0488051176071, 0.0952071174979, 0.150927960873, 0.103539034724]
        dvar: [0.00376410968602, 0.00145709805656, 0.00102706998587, 0.00247425609268, 0.00488768192008, 0.00274844630621]
        dvar2: [0.0107294153422, 0.00411671260372, 0.00308858510107, 0.00738043850288, 0.0144103690982, 0.00736061669886]
        max: [0.535130023956, 0.466038435698, 0.308693021536, 0.45257371664, 0.712644040585, 0.471268624067]
        mean: [0.157172784209, 0.057623822242, 0.0502987802029, 0.115939557552, 0.429730564356, 0.208469003439]
        median: [0.145149543881, 0.048673003912, 0.042760796845, 0.103059239686, 0.433746039867, 0.198998779058]
        min: [0, 0, 0, 0, 0, 0]
        var: [0.0062201898545, 0.00204262183979, 0.00112547329627, 0.00362505484372, 0.00984727125615, 0.0053842831403]
    beats_position: [0.441179126501, 0.905578196049, 1.35836732388, 1.82276642323, 2.28716540337, 2.75156450272, 3.21596360207, 3.66875267029, 4.1099319458, 4.55111122131, 4.99229001999, 5.4334692955, 5.87464857101, 6.31582736969, 6.74539661407, 7.17496585846, 7.61614513397, 8.05732440948, 8.48689365387, 8.91646194458, 9.35764122009, 9.78721046448, 10.2167797089, 10.6463489532, 11.0759181976, 11.5170974731, 11.9582767487, 12.3994560242, 12.840634346, 13.2818136215, 13.7113828659, 14.1409521103, 14.5821313858, 15.0117006302, 15.4412698746, 15.8824491501, 16.3236274719, 16.7648067474, 17.1943759918, 17.6239452362, 18.0651245117, 18.5063037872, 18.9358730316, 19.365442276, 19.8066215515, 20.2361907959, 20.6657600403, 21.0953292847, 21.5248966217, 21.9660758972, 22.4072551727, 22.8484344482, 23.2896137238, 23.7191829681, 24.1487522125, 24.5783214569, 25.0195007324, 25.4490699768, 25.8902492523, 26.3314285278, 26.7609977722, 27.1905670166, 27.620136261, 28.0497055054, 28.4908847809, 28.9204521179, 29.3500213623, 29.7912006378, 30.2323799133, 30.6735591888, 31.1147384644, 31.5443077087, 31.9738769531, 32.4034461975, 32.8330154419, 33.2625846863, 33.6921539307, 34.1333312988, 34.5629005432, 34.9924697876, 35.4104309082, 35.8516082764, 36.2927894592, 36.7339668274, 37.1751480103, 37.6163253784, 38.0575065613, 38.4986839294, 38.9398651123, 39.369430542, 39.7989997864, 40.2401809692, 40.6813583374, 41.1109275818, 41.5404968262, 41.9584579468, 42.3996353149, 42.8408164978, 43.281993866, 43.7231750488, 44.164352417, 44.5939216614, 45.0234909058, 45.4530601501, 45.8826293945, 46.3238105774, 46.7533760071, 47.1829452515, 47.6241264343, 48.0536956787, 48.4832649231, 48.901222229, 49.3424034119, 49.78358078, 50.2247619629, 50.6659393311, 51.0955085754, 51.5250778198, 51.9662590027, 52.4074363708, 52.8370056152, 53.2665748596, 53.7077522278, 54.1489334106, 54.5901107788, 55.0196800232, 55.4492492676, 55.8672103882, 56.3083877563, 56.7495689392, 57.1907463074, 57.6319274902, 58.0614967346, 58.5026741028, 58.9438552856, 59.37342453, 59.8146018982, 60.2441711426, 60.673740387, 61.1149177551, 61.556098938, 61.9856681824, 62.4152374268, 62.8448066711, 63.2743759155, 63.7155532837, 64.1451263428, 64.5746917725, 65.0158691406, 65.4570541382, 65.8866195679, 66.316192627, 66.7573699951, 67.1869354248, 67.6165084839, 68.0576858521, 68.4988632202, 68.9284362793, 69.358001709, 69.7759628296, 70.2171401978, 70.6583175659, 71.087890625, 71.5174560547, 71.9586410522, 72.3998184204, 72.8409957886, 73.2821731567, 73.7117462158, 74.1413116455, 74.5824966431, 75.0236740112, 75.4532394409, 75.8828125, 76.3123779297, 76.7419509888, 77.1715164185, 77.6126937866, 78.0422668457, 78.4834442139, 78.924621582, 79.3541946411, 79.7837600708, 80.2249450684, 80.6661224365, 81.1072998047, 81.5484771729, 81.9896621704, 82.4308395386, 82.8487930298, 83.2783660889, 83.7079315186, 84.1258926392, 84.5670700073, 85.0082550049, 85.449432373, 85.8906097412, 86.3317871094, 86.7729721069, 87.2141494751, 87.6553268433, 88.0848999023, 88.514465332, 88.9556427002, 89.3968200684, 89.8263931274, 90.2559585571, 90.6855316162, 91.1150970459, 91.544670105, 91.9742355347, 92.4038085938, 92.8333740234, 93.274559021, 93.7157363892, 94.1453018188, 94.5748748779, 95.0160522461, 95.4456253052, 95.8751907349, 96.316368103, 96.7575454712, 97.1871185303, 97.61668396, 98.0578689575, 98.4874343872, 98.9170074463, 99.3581848145, 99.7993621826, 100.240539551, 100.67011261, 101.09967804, 101.540863037, 101.982040405, 102.423217773, 102.864395142, 103.293968201, 103.72353363, 104.164710999, 104.594284058, 105.023849487, 105.441810608, 105.882987976, 106.324172974, 106.753738403, 107.183311462, 107.612876892, 108.042449951, 108.460403442, 108.90158844, 109.342765808, 109.783943176, 110.225120544, 110.654693604, 111.095870972, 111.525436401, 111.966621399, 112.407798767, 112.848976135, 113.290153503, 113.731338501, 114.160903931, 114.59047699, 115.008430481, 115.426391602, 115.86756897, 116.308753967, 116.738319397, 117.191108704, 117.620681763, 118.061859131, 118.491424561, 118.932601929, 119.373786926, 119.791740417, 120.232925415, 120.662490845, 121.092063904, 121.521629333, 121.951202393, 122.392379761, 122.833557129, 123.274734497, 123.715919495, 124.157096863, 124.586662292, 125.016235352, 125.445800781, 125.87537384, 126.30493927, 126.734512329, 127.175689697, 127.616867065, 128.058044434, 128.487609863, 128.917190552, 129.335144043, 129.776321411, 130.217498779, 130.658676147, 131.099868774, 131.541046143, 131.970611572, 132.400177002, 132.829742432, 133.25932312, 133.700500488, 134.141677856, 134.582855225, 135.012420654, 135.441986084, 135.883178711, 136.324356079, 136.765533447, 137.195098877, 137.624664307, 138.065841675, 138.495422363, 138.924987793, 139.354553223, 139.784118652, 140.213699341, 140.643264771, 141.084442139, 141.525619507, 141.966796875, 142.407974243, 142.849151611, 143.290344238, 143.731521606, 144.161087036, 144.590652466, 145.031829834, 145.461410522, 145.890975952, 146.320541382, 146.750106812, 147.19128418, 147.620864868, 148.050430298, 148.491607666, 148.932785034, 149.373962402, 149.815139771, 150.256317139, 150.685897827, 151.115463257, 151.556640625, 151.986206055, 152.415786743, 152.845352173, 153.274917603, 153.716094971, 154.157272339, 154.598449707, 155.039627075, 155.469207764, 155.898773193, 156.339950562, 156.78112793, 157.222305298, 157.651885986, 158.093063354, 158.534240723, 158.963806152, 159.381759644, 159.799728394, 160.240905762, 160.68208313, 161.11164856, 161.541213989, 161.982406616, 162.423583984, 162.864761353, 163.305938721, 163.747116089, 164.188293457, 164.641082764, 165.070648193, 165.500228882, 165.94140625, 166.37097168, 166.800537109, 167.230117798, 167.659683228, 168.089248657, 168.507202148, 168.936782837, 169.366348267, 169.807525635, 170.237091064, 170.666656494, 171.096237183, 171.525802612, 171.96697998, 172.39654541, 172.837722778, 173.267303467, 173.696868896, 174.138046265, 174.579223633, 175.020401001, 175.461578369, 175.891159058, 176.332336426, 176.773513794, 177.191467285, 177.621032715, 178.050613403, 178.491790771, 178.93296814, 179.374145508, 179.815322876, 180.233291626, 180.662857056, 181.092422485, 181.533599854, 181.974777222, 182.41595459, 182.845535278, 183.275100708, 183.716278076, 184.157455444, 184.587020874, 185.016601563, 185.446166992, 185.875732422, 186.31690979, 186.758087158, 187.187667847, 187.628845215, 188.058410645, 188.499588013, 188.940765381, 189.381942749, 189.823120117, 190.264297485, 190.682266235, 191.111831665, 191.529785156, 191.959365845, 192.400543213, 192.841720581, 193.282897949, 193.724075317, 194.153640747, 194.583221436, 195.012786865, 195.442352295, 195.883529663, 196.324707031, 196.765899658, 197.207077026, 197.648254395, 198.089431763, 198.518997192, 198.948562622, 199.378143311, 199.80770874, 200.248886108, 200.690063477, 201.119628906, 201.549209595, 201.978775024, 202.408340454, 202.849517822, 203.279083252, 203.70866394, 204.149841309, 204.579406738, 205.020584106, 205.450149536, 205.891326904, 206.332519531, 206.773696899, 207.214874268, 207.656051636, 208.085617065, 208.515182495, 208.956375122, 209.385940552, 209.815505981, 210.25668335, 210.686248779, 211.115829468, 211.533782959, 211.963348389, 212.392913818, 212.822494507, 213.263671875, 213.716461182, 214.15763855, 214.598815918, 215.028381348, 215.457962036, 215.887527466, 216.317092896, 216.758270264, 217.199447632, 217.640625, 218.070205688, 218.499771118, 218.940948486, 219.382125854, 219.811691284, 220.241271973, 220.670837402, 221.112014771, 221.553192139, 221.982757568, 222.423934937, 222.853515625, 223.283081055, 223.724258423, 224.153823853, 224.583404541, 225.012969971, 225.4425354, 225.883712769, 226.324890137, 226.766067505, 227.184036255, 227.613601685, 228.043167114, 228.484344482, 228.925521851, 229.366714478, 229.796279907, 230.225845337, 230.655410767, 231.084991455, 231.514556885, 231.944122314, 232.385299683, 232.826477051, 233.267654419, 233.708831787, 234.150024414, 234.591201782, 235.020767212, 235.450332642, 235.879898071, 236.30947876, 236.739044189, 237.168609619, 237.609786987, 238.050964355, 238.492156982, 238.933334351, 239.374511719, 239.804077148, 240.233642578, 240.674819946, 241.104400635, 241.533966064, 241.975143433, 242.416320801, 242.84588623, 243.275466919, 243.705032349, 244.134597778, 244.575775146, 245.016952515, 245.458129883, 245.89932251, 246.328887939, 246.758453369, 247.199630737, 247.640808105, 248.070373535, 248.511566162, 248.95274353, 249.393920898, 249.823486328, 250.264663696, 250.705841064, 251.135421753, 251.564987183, 251.994552612, 252.424118042, 252.86529541, 253.306488037, 253.724441528, 254.154006958, 254.583572388, 255.024749756, 255.454330444, 255.895507813, 256.325073242, 256.766265869, 257.195831299, 257.625396729, 258.054962158, 258.647064209, 259.250793457, 259.854522705, 260.458221436, 261.061950684]
