
metadata:
    version:
        essentia: "2.1-beta2"
    audio_properties:
        analysis_sample_rate: 44100
        bitrate: 227
        channels: 2
        equal_loudness: 1
        length: 256.679168701
        replay_gain: -15.12159729
        downmix: "mix"
    tags:
        album: "One Way Mirror"
        artist: "One Way Mirror"
        comment: ""
        date: "2008"
        genre: "Metal"
        title: "Sphere (Bonus)"
        tracknumber: "12"

configuration:
    average_loudness:
        compute: 1
        frameSize: 88200
        hopSize: 44100
        silentFrames: "noise"
        windowType: "hann"
    general:
        analysisSampleRate: 44100
        endTime: 2000
        equalLoudness: 1
        nequalLoudness: 0
        shortSound: 0
        startTime: 0
    lowlevel:
        compute: 1
        frameSize: 2048
        hopSize: 1024
        zeroPadding: 0
        silentFrames: "noise"
        windowType: "blackmanharris62"
        mfccStats: ["mean", "cov", "icov"]
        stats: ["mean", "var", "median", "min", "max", "dmean", "dmean2", "dvar", "dvar2"]
    panning:
        compute: 0
        frameSize: 8192
        hopSize: 2048
        zeroPadding: 8192
        silentFrames: "noise"
        windowType: "hann"
        stats: ["copy"]
    rhythm:
        compute: 1
        maxTempo: 208
        minTempo: 40
        method: "degara"
        stats: ["mean", "var", "median", "min", "max", "dmean", "dmean2", "dvar", "dvar2"]
    segmentation:
        compute: 0
        cpw: 5
        inc1: 300
        inc2: 50
        minimumSegmentsLength: 10
        size1: 1000
        size2: 600
    sfx:
        compute: 1
        stats: ["mean", "var", "median", "min", "max", "dmean", "dmean2", "dvar", "dvar2"]
    svm:
        compute: 0
    tonal:
        compute: 1
        frameSize: 4096
        hopSize: 2048
        zeroPadding: 0
        silentFrames: "noise"
        windowType: "blackmanharris62"
        stats: ["mean", "var", "median", "min", "max", "dmean", "dmean2", "dvar", "dvar2"]

lowlevel:
    average_loudness: 0.945600152016
    barkbands_kurtosis:
        dmean: 0.865767240524
        dmean2: 1.41611039639
        dvar: 2.51240611076
        dvar2: 5.66527366638
        max: 108.285247803
        mean: 0.0107922609895
        median: -0.473308742046
        min: -1.87494802475
        var: 7.29279232025
    barkbands_skewness:
        dmean: 0.328460007906
        dmean2: 0.532208025455
        dvar: 0.0997835323215
        dvar2: 0.252502828836
        max: 3.96099734306
        mean: -0.833791136742
        median: -0.87430036068
        min: -6.54907226563
        var: 0.462237358093
    barkbands_spread:
        dmean: 5.99231529236
        dmean2: 9.82587242126
        dvar: 30.4052696228
        dvar2: 81.9844512939
        max: 61.5607376099
        mean: 30.9242134094
        median: 30.3338890076
        min: 0.742039084435
        var: 79.6691589355
    dissonance:
        dmean: 0.00602438440546
        dmean2: 0.0104128159583
        dvar: 4.7232650104e-005
        dvar2: 0.000133847715915
        max: 0.500000059605
        mean: 0.490504562855
        median: 0.492917478085
        min: 0.397241175175
        var: 7.75468506617e-005
    hfc:
        dmean: 2.76997852325
        dmean2: 4.62257242203
        dvar: 11.2424449921
        dvar2: 28.1264362335
        max: 59.8493652344
        mean: 12.6183423996
        median: 11.9351797104
        min: 1.10090936797e-016
        var: 37.2062530518
    pitch:
        dmean: 793.70111084
        dmean2: 1478.9942627
        dvar: 1060843.75
        dvar2: 2678129.75
        max: 4641.61572266
        mean: 2062.79541016
        median: 2776.21704102
        min: 58.6816635132
        var: 1610464.125
    pitch_instantaneous_confidence:
        dmean: 0.0690937489271
        dmean2: 0.115562729537
        dvar: 0.00331371510401
        dvar2: 0.00860123988241
        max: 0.869445681572
        mean: 0.328953027725
        median: 0.318764954805
        min: 0.0884325504303
        var: 0.00984195712954
    pitch_salience:
        dmean: 0.0456073321402
        dmean2: 0.0764376446605
        dvar: 0.00160176691134
        dvar2: 0.00441343989223
        max: 0.884627640247
        mean: 0.71393185854
        median: 0.726715326309
        min: 0.328491091728
        var: 0.00433280831203
    silence_rate_20dB:
        dmean: 0
        dmean2: 0
        dvar: 0
        dvar2: 0
        max: 1
        mean: 1
        median: 1
        min: 1
        var: 0
    silence_rate_30dB:
        dmean: 0
        dmean2: 0
        dvar: 0
        dvar2: 0
        max: 1
        mean: 1
        median: 1
        min: 1
        var: 0
    silence_rate_60dB:
        dmean: 0.0215287208557
        dmean2: 0.0430613346398
        dvar: 0.0210637971759
        dvar2: 0.048629809171
        max: 1
        mean: 0.0766099840403
        median: 0
        min: 0
        var: 0.0707403719425
    spectral_centroid:
        dmean: 210.660018921
        dmean2: 345.90826416
        dvar: 52443.7460938
        dvar2: 132331.046875
        max: 11831.6816406
        mean: 2236.98486328
        median: 2137.37841797
        min: 215.084869385
        var: 1315782.625
    spectral_complexity:
        dmean: 3.96037983894
        dmean2: 6.50732755661
        dvar: 13.2023715973
        dvar2: 33.1803741455
        max: 52
        mean: 23.9596595764
        median: 24
        min: 0
        var: 75.0873718262
    spectral_crest:
        dmean: 1.33333003521
        dmean2: 2.21127772331
        dvar: 1.56629860401
        dvar2: 4.06686830521
        max: 21.4934902191
        mean: 5.85684299469
        median: 5.29991531372
        min: 2.35016226768
        var: 4.82531881332
    spectral_decrease:
        dmean: 2.12312695202e-010
        dmean2: 3.52246704027e-010
        dvar: 5.67671436175e-020
        dvar2: 1.48314246388e-019
        max: 2.00697066903e-028
        mean: -1.23835630639e-009
        median: -1.19087040229e-009
        min: -3.50480067191e-009
        var: 2.28231745508e-019
    spectral_energy:
        dmean: 0.00102275412064
        dmean2: 0.00169889966492
        dvar: 1.3794857523e-006
        dvar2: 3.57860108124e-006
        max: 0.0186564270407
        mean: 0.00581836234778
        median: 0.0055896313861
        min: 9.96407548715e-021
        var: 5.3404683058e-006
    spectral_energyband_high:
        dmean: 0.000174860018888
        dmean2: 0.000292385142529
        dvar: 6.98628142004e-008
        dvar2: 1.61904566198e-007
        max: 0.00535088498145
        mean: 0.000476116023492
        median: 0.00039342357195
        min: 7.07672885761e-021
        var: 1.63977105672e-007
    spectral_energyband_low:
        dmean: 0.000255220598774
        dmean2: 0.000422871176852
        dvar: 8.76905943414e-008
        dvar2: 2.3747367095e-007
        max: 0.00321555510163
        mean: 0.0005055234069
        median: 0.000444954639534
        min: 1.58297183754e-023
        var: 1.2202529831e-007
    spectral_energyband_middle_high:
        dmean: 0.000899673032109
        dmean2: 0.0014846350532
        dvar: 9.37810398227e-007
        dvar2: 2.43556792157e-006
        max: 0.0166049133986
        mean: 0.00403290009126
        median: 0.00379412155598
        min: 1.13048488262e-021
        var: 3.53739096681e-006
    spectral_energyband_middle_low:
        dmean: 0.000310527713737
        dmean2: 0.000507613411173
        dvar: 1.19000638676e-007
        dvar2: 3.20929672171e-007
        max: 0.00451754266396
        mean: 0.000931127462536
        median: 0.000829643511679
        min: 1.52929849885e-022
        var: 2.99434844919e-007
    spectral_flatness_db:
        dmean: 0.0103339664638
        dmean2: 0.0169019289315
        dvar: 9.25496788113e-005
        dvar2: 0.000223333176109
        max: 0.405788987875
        mean: 0.130217909813
        median: 0.125871807337
        min: 0.054729629308
        var: 0.000839231943246
    spectral_flux:
        dmean: 0.00538369454443
        dmean2: 0.00840826053172
        dvar: 3.09333081532e-005
        dvar2: 6.51025911793e-005
        max: 0.105319909751
        mean: 0.0462272204459
        median: 0.0460613556206
        min: 6.41233385834e-011
        var: 0.000178635818884
    spectral_kurtosis:
        dmean: 0.985188782215
        dmean2: 1.68991184235
        dvar: 1.39640128613
        dvar2: 4.04168367386
        max: 33.7292404175
        mean: 4.42137241364
        median: 4.25375270844
        min: -1.27724373341
        var: 3.37978363037
    spectral_rms:
        dmean: 0.000203615636565
        dmean2: 0.000335535994964
        dvar: 4.7497977107e-008
        dvar2: 1.19749515193e-007
        max: 0.00426630908623
        mean: 0.00231054844335
        median: 0.00233522988856
        min: 3.11785970306e-012
        var: 3.3782509945e-007
    spectral_rolloff:
        dmean: 225.368301392
        dmean2: 375.585296631
        dvar: 87974.53125
        dvar2: 215000.3125
        max: 19681.3476563
        mean: 3609.85302734
        median: 3380.71289063
        min: 150.732421875
        var: 3653805.5
    spectral_skewness:
        dmean: 0.141041323543
        dmean2: 0.233450934291
        dvar: 0.0205071866512
        dvar2: 0.0550428070128
        max: 4.2909321785
        mean: 1.43495893478
        median: 1.43624091148
        min: -0.141912966967
        var: 0.107766233385
    spectral_spread:
        dmean: 372703.34375
        dmean2: 598279.6875
        dvar: 327157841920
        dvar2: 752784834560
        max: 43407928
        mean: 4735301.5
        median: 4198139
        min: 1021905.4375
        var: 2.00105797878e+013
    spectral_strongpeak:
        dmean: 0.592475652695
        dmean2: 1.04131126404
        dvar: 0.476952672005
        dvar2: 1.2360483408
        max: 7.47632884979
        mean: 0.745286941528
        median: 0.309952497482
        min: 0
        var: 0.738638699055
    zerocrossingrate:
        dmean: 0.00575125077739
        dmean2: 0.00748915830627
        dvar: 3.80427300115e-005
        dvar2: 5.26004187122e-005
        max: 0.525390625
        mean: 0.117065824568
        median: 0.1123046875
        min: 0.01318359375
        var: 0.00248697143979
    barkbands:
        dmean: [3.27825830482e-007, 0.000114781461889, 0.000162372612976, 0.000105643186544, 0.000163106931723, 5.74650621274e-005, 4.90561651532e-005, 5.58185929549e-005, 7.7246237197e-005, 8.03042858024e-005, 5.62699242437e-005, 8.85421395651e-005, 8.72911550687e-005, 0.000116530180094, 0.000136920119985, 0.000279431784293, 0.000365427113138, 0.000290565512842, 0.000270688615274, 0.000160600713571, 8.4958235675e-005, 4.01958750444e-005, 6.00483235758e-006, 2.22636890612e-006, 8.74305101206e-007, 5.63478046445e-008, 6.97555790907e-010]
        dmean2: [5.09587096076e-007, 0.000198368448764, 0.000270519958576, 0.000176359841134, 0.000267563125817, 9.46981890593e-005, 8.40313732624e-005, 9.16503558983e-005, 0.000124250553199, 0.00012679604697, 9.05634733499e-005, 0.000142128410516, 0.000145630983752, 0.000193576517631, 0.000226484538871, 0.00047165286378, 0.000617389450781, 0.000492645485792, 0.000453002256108, 0.000268146017333, 0.000141525131767, 7.16885188012e-005, 1.03103566289e-005, 3.78936238121e-006, 1.41135171816e-006, 9.09974957608e-008, 1.11431597283e-009]
        dvar: [1.83371641981e-013, 3.22332738278e-008, 3.68547539153e-008, 1.42341729514e-008, 4.27889688126e-008, 6.83583811778e-009, 8.36301072837e-009, 1.15817879731e-008, 2.48948879289e-008, 3.3823535972e-008, 1.9324568612e-008, 4.58852866814e-008, 3.00389899621e-008, 4.06235827199e-008, 4.88151030709e-008, 9.79574110715e-008, 1.66135492918e-007, 1.04684552582e-007, 1.38519183679e-007, 7.28466602595e-008, 1.67586797772e-008, 4.01505895198e-009, 8.00300242743e-011, 8.75528729377e-012, 2.05103772508e-012, 7.790524546e-015, 1.72013335414e-018]
        dvar2: [4.25781426176e-013, 8.92866012236e-008, 1.00112899304e-007, 3.95589196955e-008, 1.11288159133e-007, 1.76743562008e-008, 2.29161969401e-008, 2.98867099957e-008, 6.29358609672e-008, 7.08799205995e-008, 4.03206783517e-008, 9.90850921312e-008, 8.01165072062e-008, 1.05477049317e-007, 1.2649580583e-007, 2.67980709623e-007, 4.39009568254e-007, 2.90761420274e-007, 3.33010035547e-007, 1.72142421206e-007, 3.80660942767e-008, 1.11760654065e-008, 2.07055414481e-010, 2.32709008313e-011, 4.65457663731e-012, 1.83600100319e-014, 3.98734886938e-018]
        max: [3.84381610274e-006, 0.00122560316231, 0.00263792090118, 0.00191602972336, 0.00290556717664, 0.00142955465708, 0.00155585701577, 0.0016687590396, 0.0032345270738, 0.00480352621526, 0.00403194222599, 0.00688906665891, 0.0035904312972, 0.00291089667007, 0.00381893920712, 0.00811958499253, 0.00815182365477, 0.00626834621653, 0.0112550426275, 0.00545941945165, 0.00284485495649, 0.000647175533231, 0.000138380157296, 4.22156845161e-005, 3.85474049835e-005, 2.37838798967e-006, 3.49400188782e-008]
        mean: [4.95727249472e-007, 0.000140428193845, 0.000276505103102, 0.000162975426065, 0.000302564701997, 0.000103796715848, 6.90702581778e-005, 9.27610090002e-005, 0.000138388510095, 0.000160849522217, 9.87522580544e-005, 0.000147436687257, 0.000146021149703, 0.000193399842829, 0.000260949600488, 0.000612210016698, 0.000856886617839, 0.000693992420565, 0.000681535573676, 0.000377960997866, 0.000210755839362, 7.03615514794e-005, 1.28980127556e-005, 5.11484086019e-006, 2.12648978959e-006, 1.37271896961e-007, 1.53542367709e-009]
        median: [3.11750852688e-007, 8.61465232447e-005, 0.000223266193643, 0.00012571082334, 0.000222940419917, 7.23047851352e-005, 4.25465332228e-005, 3.65069863619e-005, 6.56557240291e-005, 5.77206446906e-005, 3.86525862268e-005, 7.83915893408e-005, 7.18269584468e-005, 0.000111541972728, 0.000149607658386, 0.000539211730938, 0.000759529590141, 0.000618319550995, 0.000588431837969, 0.000283454137389, 0.000169827559148, 5.09555939061e-005, 1.00906290754e-005, 4.05852097174e-006, 1.49406264427e-006, 9.31891506184e-008, 9.37987465477e-010]
        min: [4.91623884679e-025, 1.7978256387e-024, 6.70632447811e-025, 1.81032691468e-024, 7.78324326768e-024, 7.67452876861e-024, 7.10978087998e-024, 7.91279710529e-024, 1.21107779993e-023, 1.32155248433e-023, 2.0360124466e-023, 2.39905838364e-023, 2.92219953932e-023, 3.40452045636e-023, 3.26032962021e-023, 4.64633140941e-023, 6.68792615132e-023, 8.12177614095e-023, 1.05932483269e-022, 1.39131208527e-022, 2.07220065176e-022, 2.7828720622e-022, 4.26620521382e-022, 4.92965414829e-022, 8.63953698127e-022, 1.32014814784e-021, 1.89130343611e-021]
        var: [2.96808530444e-013, 2.81667613677e-008, 5.33431609995e-008, 2.05032755218e-008, 7.94928709524e-008, 1.15846132687e-008, 8.72643557415e-009, 2.37766055733e-008, 6.51434461929e-008, 1.6117436985e-007, 7.14957408832e-008, 9.74476250803e-008, 4.60132305591e-008, 6.19908249178e-008, 1.07924350345e-007, 1.7343917591e-007, 3.36792822964e-007, 1.93906643631e-007, 2.81554548565e-007, 1.68699742176e-007, 3.82183316106e-008, 4.65656535553e-009, 1.68470695727e-010, 1.90995257804e-011, 5.78807574786e-012, 2.1986076764e-014, 4.4820533337e-018]
    frequency_bands:
        dmean: [3.27825830482e-007, 0.000114781461889, 0.000162372612976, 0.000105643186544, 0.000163106931723, 5.74650621274e-005, 4.90561651532e-005, 5.58185929549e-005, 7.7246237197e-005, 8.03042858024e-005, 5.62699242437e-005, 8.85421395651e-005, 8.72911550687e-005, 0.000116530180094, 0.000136920119985, 0.000279431784293, 0.000365427113138, 0.000290565512842, 0.000270688615274, 0.000160600713571, 8.4958235675e-005, 4.01958750444e-005, 6.00483235758e-006, 2.22636890612e-006, 8.74305101206e-007, 5.63478046445e-008, 6.97555790907e-010, 7.03081967646e-011]
        dmean2: [5.09587096076e-007, 0.000198368448764, 0.000270519958576, 0.000176359841134, 0.000267563125817, 9.46981890593e-005, 8.40313732624e-005, 9.16503558983e-005, 0.000124250553199, 0.00012679604697, 9.05634733499e-005, 0.000142128410516, 0.000145630983752, 0.000193576517631, 0.000226484538871, 0.00047165286378, 0.000617389450781, 0.000492645485792, 0.000453002256108, 0.000268146017333, 0.000141525131767, 7.16885188012e-005, 1.03103566289e-005, 3.78936238121e-006, 1.41135171816e-006, 9.09974957608e-008, 1.11431597283e-009, 1.30860891567e-010]
        dvar: [1.83371641981e-013, 3.22332738278e-008, 3.68547539153e-008, 1.42341729514e-008, 4.27889688126e-008, 6.83583811778e-009, 8.36301072837e-009, 1.15817879731e-008, 2.48948879289e-008, 3.3823535972e-008, 1.9324568612e-008, 4.58852866814e-008, 3.00389899621e-008, 4.06235827199e-008, 4.88151030709e-008, 9.79574110715e-008, 1.66135492918e-007, 1.04684552582e-007, 1.38519183679e-007, 7.28466602595e-008, 1.67586797772e-008, 4.01505895198e-009, 8.00300242743e-011, 8.75528729377e-012, 2.05103772508e-012, 7.790524546e-015, 1.72013335414e-018, 9.32050231339e-021]
        dvar2: [4.25781426176e-013, 8.92866012236e-008, 1.00112899304e-007, 3.95589196955e-008, 1.11288159133e-007, 1.76743562008e-008, 2.29161969401e-008, 2.98867099957e-008, 6.29358609672e-008, 7.08799205995e-008, 4.03206783517e-008, 9.90850921312e-008, 8.01165072062e-008, 1.05477049317e-007, 1.2649580583e-007, 2.67980709623e-007, 4.39009568254e-007, 2.90761420274e-007, 3.33010035547e-007, 1.72142421206e-007, 3.80660942767e-008, 1.11760654065e-008, 2.07055414481e-010, 2.32709008313e-011, 4.65457663731e-012, 1.83600100319e-014, 3.98734886938e-018, 2.97452112634e-020]
        max: [3.84381610274e-006, 0.00122560316231, 0.00263792090118, 0.00191602972336, 0.00290556717664, 0.00142955465708, 0.00155585701577, 0.0016687590396, 0.0032345270738, 0.00480352621526, 0.00403194222599, 0.00688906665891, 0.0035904312972, 0.00291089667007, 0.00381893920712, 0.00811958499253, 0.00815182365477, 0.00626834621653, 0.0112550426275, 0.00545941945165, 0.00284485495649, 0.000647175533231, 0.000138380157296, 4.22156845161e-005, 3.85474049835e-005, 2.37838798967e-006, 3.49400188782e-008, 1.21740195702e-009]
        mean: [4.95727249472e-007, 0.000140428193845, 0.000276505103102, 0.000162975426065, 0.000302564701997, 0.000103796715848, 6.90702581778e-005, 9.27610090002e-005, 0.000138388510095, 0.000160849522217, 9.87522580544e-005, 0.000147436687257, 0.000146021149703, 0.000193399842829, 0.000260949600488, 0.000612210016698, 0.000856886617839, 0.000693992420565, 0.000681535573676, 0.000377960997866, 0.000210755839362, 7.03615514794e-005, 1.28980127556e-005, 5.11484086019e-006, 2.12648978959e-006, 1.37271896961e-007, 1.53542367709e-009, 5.43380652973e-011]
        median: [3.11750852688e-007, 8.61465232447e-005, 0.000223266193643, 0.00012571082334, 0.000222940419917, 7.23047851352e-005, 4.25465332228e-005, 3.65069863619e-005, 6.56557240291e-005, 5.77206446906e-005, 3.86525862268e-005, 7.83915893408e-005, 7.18269584468e-005, 0.000111541972728, 0.000149607658386, 0.000539211730938, 0.000759529590141, 0.000618319550995, 0.000588431837969, 0.000283454137389, 0.000169827559148, 5.09555939061e-005, 1.00906290754e-005, 4.05852097174e-006, 1.49406264427e-006, 9.31891506184e-008, 9.37987465477e-010, 2.17851951756e-011]
        min: [4.91623884679e-025, 1.7978256387e-024, 6.70632447811e-025, 1.81032691468e-024, 7.78324326768e-024, 7.67452876861e-024, 7.10978087998e-024, 7.91279710529e-024, 1.21107779993e-023, 1.32155248433e-023, 2.0360124466e-023, 2.39905838364e-023, 2.92219953932e-023, 3.40452045636e-023, 3.26032962021e-023, 4.64633140941e-023, 6.68792615132e-023, 8.12177614095e-023, 1.05932483269e-022, 1.39131208527e-022, 2.07220065176e-022, 2.7828720622e-022, 4.26620521382e-022, 4.92965414829e-022, 8.63953698127e-022, 1.32014814784e-021, 1.89130343611e-021, 4.88290057125e-022]
        var: [2.96808530444e-013, 2.81667613677e-008, 5.33431609995e-008, 2.05032755218e-008, 7.94928709524e-008, 1.15846132687e-008, 8.72643557415e-009, 2.37766055733e-008, 6.51434461929e-008, 1.6117436985e-007, 7.14957408832e-008, 9.74476250803e-008, 4.60132305591e-008, 6.19908249178e-008, 1.07924350345e-007, 1.7343917591e-007, 3.36792822964e-007, 1.93906643631e-007, 2.81554548565e-007, 1.68699742176e-007, 3.82183316106e-008, 4.65656535553e-009, 1.68470695727e-010, 1.90995257804e-011, 5.78807574786e-012, 2.1986076764e-014, 4.4820533337e-018, 7.33656615973e-021]
    mfcc:
        mean: [-685.650939941, 87.0705490112, -60.9568519592, 58.1360740662, 2.38141608238, 2.96811127663, -0.842069745064, 4.53062582016, 2.80109000206, -6.03140974045, -4.34216451645, -3.61790394783, -5.40100908279]
        cov: [[6047.86767578, 685.893981934, -794.15802002, 375.595825195, -214.573196411, 40.1415901184, -39.4307174683, 68.1279144287, 54.8027877808, -2.39756894112, 16.4455413818, -34.2320518494, -61.4844932556], [685.893981934, 408.139068604, -174.493606567, 104.399299622, 12.1655216217, -8.05869865417, 4.64393472672, 3.61286711693, 20.2300834656, -10.0616254807, -1.64830672741, 12.6056871414, -16.9629478455], [-794.15802002, -174.493606567, 318.015319824, -51.9632110596, 59.3110122681, -10.5567092896, -20.0930366516, 6.32308578491, -20.1483879089, 4.45673704147, -8.26494312286, 3.48982071877, 19.5250816345], [375.595825195, 104.399299622, -51.9632110596, 248.762527466, 55.3422698975, 16.7646808624, 4.49169826508, 6.38596153259, 6.10608768463, -14.67923069, -13.5563344955, -7.22168827057, 7.8008813858], [-214.573196411, 12.1655216217, 59.3110122681, 55.3422698975, 132.629089355, 7.85762739182, -6.34525156021, -1.84262526035, -2.1496078968, -5.9143743515, -4.99546527863, 3.14848136902, 3.57362222672], [40.1415901184, -8.05869865417, -10.5567092896, 16.7646808624, 7.85762739182, 82.0111846924, 28.3099002838, 12.9368953705, -13.5212011337, -9.20164775848, -0.835477948189, -4.73542642593, -2.25434231758], [-39.4307174683, 4.64393472672, -20.0930366516, 4.49169826508, -6.34525156021, 28.3099002838, 86.6569595337, 17.5773639679, 3.46497988701, -6.6371383667, -0.481185108423, 1.45071554184, 1.08643567562], [68.1279144287, 3.61286711693, 6.32308578491, 6.38596153259, -1.84262526035, 12.9368953705, 17.5773639679, 75.5732421875, 21.7850971222, 3.24383807182, -8.8942565918, -2.77380013466, -4.62607431412], [54.8027877808, 20.2300834656, -20.1483879089, 6.10608768463, -2.1496078968, -13.5212011337, 3.46497988701, 21.7850971222, 82.1259994507, 35.06457901, 23.3986339569, -1.83652603626, -1.88917720318], [-2.39756894112, -10.0616254807, 4.45673704147, -14.67923069, -5.9143743515, -9.20164775848, -6.6371383667, 3.24383807182, 35.06457901, 69.5516815186, 29.7785053253, 9.6079082489, -4.31592273712], [16.4455413818, -1.64830672741, -8.26494312286, -13.5563344955, -4.99546527863, -0.835477948189, -0.481185108423, -8.8942565918, 23.3986339569, 29.7785053253, 72.4572219849, 27.5488414764, 9.69055747986], [-34.2320518494, 12.6056871414, 3.48982071877, -7.22168827057, 3.14848136902, -4.73542642593, 1.45071554184, -2.77380013466, -1.83652603626, 9.6079082489, 27.5488414764, 54.8930168152, 21.7475585938], [-61.4844932556, -16.9629478455, 19.5250816345, 7.8008813858, 3.57362222672, -2.25434231758, 1.08643567562, -4.62607431412, -1.88917720318, -4.31592273712, 9.69055747986, 21.7475585938, 48.1319046021]]
        icov: [[0.000308965070872, -0.000232828781009, 0.000541837594938, -0.000356796052074, 0.000435683730757, -0.00012288086873, 0.000434952991782, -0.000422767421696, 0.000200779759325, -9.15539785638e-005, -0.000214016778045, 0.000225233918172, 3.08600237986e-006], [-0.000232828781009, 0.00397789431736, 0.00155951315537, -0.000818441680167, -0.00109807518311, 0.000896438024938, -0.000194479885977, 0.000138257571962, -0.00086941383779, 0.000858457351569, 0.000699894619174, -0.0023145666346, 0.00169344269671], [0.000541837594938, 0.00155951315537, 0.00616494007409, 0.00022826717759, -0.00210490985774, 0.000814476632513, 0.00145980366506, -0.0021296760533, 0.00168863101862, -0.00103083509021, 0.000198260837351, 0.000434674089774, -0.00160176702775], [-0.000356796052074, -0.000818441680167, 0.00022826717759, 0.0058447108604, -0.00294162216596, -0.000746595731471, -0.000308833550662, 0.000133399968036, -0.00056389067322, 0.000294389203191, 0.000883052125573, 0.00124308501836, -0.00231604557484], [0.000435683730757, -0.00109807518311, -0.00210490985774, -0.00294162216596, 0.0106992190704, -0.00162667525001, 0.00121316022705, 0.000614260556176, -0.000895730976481, 0.000779449939728, 0.000154228298925, -0.00120778114069, 0.00121067534201], [-0.00012288086873, 0.000896438024938, 0.000814476632513, -0.000746595731471, -0.00162667525001, 0.0157549474388, -0.00473848497495, -0.00309318886138, 0.00446832645684, 0.000192433479242, -0.00281425565481, 0.0024012955837, 0.000292168522719], [0.000434952991782, -0.000194479885977, 0.00145980366506, -0.000308833550662, 0.00121316022705, -0.00473848497495, 0.0144926104695, -0.00281550874934, -0.00113432528451, 0.00151670863852, -6.3978441176e-005, -0.000915471173357, -0.000446792575531], [-0.000422767421696, 0.000138257571962, -0.0021296760533, 0.000133399968036, 0.000614260556176, -0.00309318886138, -0.00281550874934, 0.0175698120147, -0.00706188706681, 0.000751438259613, 0.00491447048262, -0.00316585437395, 0.00214391271584], [0.000200779759325, -0.00086941383779, 0.00168863101862, -0.00056389067322, -0.000895730976481, 0.00446832645684, -0.00113432528451, -0.00706188706681, 0.0208610538393, -0.00853528268635, -0.0062621710822, 0.00666474225, -0.00271799834445], [-9.15539785638e-005, 0.000858457351569, -0.00103083509021, 0.000294389203191, 0.000779449939728, 0.000192433479242, 0.00151670863852, 0.000751438259613, -0.00853528268635, 0.0223223324865, -0.00560546852648, -0.00351161812432, 0.00492700748146], [-0.000214016778045, 0.000699894619174, 0.000198260837351, 0.000883052125573, 0.000154228298925, -0.00281425565481, -6.3978441176e-005, 0.00491447048262, -0.0062621710822, -0.00560546852648, 0.0231507178396, -0.0108743971214, -0.00041577842785], [0.000225233918172, -0.0023145666346, 0.000434674089774, 0.00124308501836, -0.00120778114069, 0.0024012955837, -0.000915471173357, -0.00316585437395, 0.00666474225, -0.00351161812432, -0.0108743971214, 0.0304579213262, -0.0126130580902], [3.08600237986e-006, 0.00169344269671, -0.00160176702775, -0.00231604557484, 0.00121067534201, 0.000292168522719, -0.000446792575531, 0.00214391271584, -0.00271799834445, 0.00492700748146, -0.00041577842785, -0.0126130580902, 0.0286598876119]]
    sccoeffs:
        dmean: [0.048665907234, 0.0424412935972, 0.0355622656643, 0.0290967710316, 0.0208551771939, 0.0166142247617]
        dmean2: [0.0818739309907, 0.071587741375, 0.0597758032382, 0.0491139255464, 0.0353185608983, 0.0273172855377]
        dvar: [0.00145766325295, 0.00121857062913, 0.000809037534054, 0.000525202834979, 0.000265992508503, 0.000223009643378]
        dvar2: [0.00413353228942, 0.0033647948876, 0.00222979765385, 0.00149771128781, 0.000733553955797, 0.000548083917238]
        max: [-0.439404726028, -0.455808460712, -0.52607780695, -0.581734955311, -0.609798491001, -0.496306180954]
        mean: [-0.682296156883, -0.783948540688, -0.807641506195, -0.794176459312, -0.777193784714, -0.737499773502]
        median: [-0.679364085197, -0.787352561951, -0.81555557251, -0.795869171619, -0.775353908539, -0.734614014626]
        min: [-0.979934334755, -0.977709293365, -0.975998520851, -0.969484806061, -0.969052791595, -0.964244782925]
        var: [0.00409153383225, 0.00323337269947, 0.00329190678895, 0.00178365316242, 0.00117303221487, 0.00176215893589]
    scvalleys:
        dmean: [0.351186722517, 0.331252992153, 0.282265335321, 0.229679808021, 0.175775080919, 0.219355419278]
        dmean2: [0.588116168976, 0.55675393343, 0.472427785397, 0.382166713476, 0.291629016399, 0.366183966398]
        dvar: [0.087484665215, 0.0888614133, 0.0667445957661, 0.0541498064995, 0.0455882884562, 0.0833018869162]
        dvar2: [0.216615617275, 0.213337466121, 0.15615221858, 0.117255337536, 0.0914959907532, 0.204422369599]
        max: [-5.30634021759, -4.94322395325, -5.21569013596, -5.33889865875, -5.38557195663, -7.87038183212]
        mean: [-6.88536787033, -7.07017755508, -7.07738351822, -6.89235401154, -6.79587173462, -9.68298912048]
        median: [-6.4975566864, -6.6856470108, -6.69831180573, -6.51049995422, -6.40055179596, -9.25720500946]
        min: [-28.130437851, -28.2702960968, -27.8333148956, -27.6069507599, -27.5095729828, -27.4540901184]
        var: [6.70366621017, 6.7494969368, 6.74481630325, 6.8275308609, 6.93920230865, 5.52621364594]

rhythm:
    beats_loudness:
        dmean: 0.00135982397478
        dmean2: 0.00237197335809
        dvar: 1.49159950524e-006
        dvar2: 4.19052321377e-006
        max: 0.0146949673072
        mean: 0.00608920725062
        median: 0.00605413038284
        min: 0
        var: 4.3825011744e-006
    bpm: 172.265350342
    bpm_confidence: 0
    first_peak_bpm: 172
    first_peak_spread: 0
    first_peak_weight: 0.490353703499
    onset_rate: 1.7960164547
    second_peak_bpm: 178
    second_peak_spread: 0
    second_peak_weight: 0.228295817971
    beats_loudness_band_ratio:
        dmean: [0.0883011594415, 0.0432347096503, 0.0422962605953, 0.0611976794899, 0.113410510123, 0.0733451992273]
        dmean2: [0.153462573886, 0.0736698135734, 0.0760945081711, 0.106983624399, 0.197246864438, 0.124577112496]
        dvar: [0.00885470956564, 0.00258936616592, 0.00276568927802, 0.00381860905327, 0.00888387765735, 0.00529531948268]
        dvar2: [0.0250153001398, 0.00679709110409, 0.00786801427603, 0.0100842034444, 0.0265397056937, 0.0153773333877]
        max: [0.848072350025, 0.727832436562, 0.382583379745, 0.518357217312, 0.846075296402, 0.699427604675]
        mean: [0.147130817175, 0.0749900341034, 0.0642827153206, 0.0991994515061, 0.437426328659, 0.196520715952]
        median: [0.120315499604, 0.0568614080548, 0.0486712381244, 0.0791789367795, 0.435183346272, 0.182979524136]
        min: [0, 0, 0, 0, 0, 0]
        var: [0.00999818183482, 0.00599432643503, 0.00336957257241, 0.00507363304496, 0.0145275471732, 0.00734747573733]
    beats_position: [0.406349211931, 0.766258478165, 1.1261677742, 1.48607707024, 1.83437633514, 2.18267560005, 2.53097510338, 2.86766433716, 3.21596360207, 3.56426286697, 3.9125623703, 4.2492518425, 4.59755086899, 4.93424034119, 5.27092981339, 5.61922883987, 5.9675283432, 6.31582736969, 6.66412687302, 7.01242637634, 7.36072540283, 7.69741487503, 8.03410434723, 8.38240337372, 8.73070240021, 9.07900238037, 9.42730140686, 9.77560043335, 10.1239004135, 10.4605894089, 10.8088884354, 11.1455783844, 11.4938774109, 11.8421764374, 12.1904764175, 12.5271654129, 12.8754644394, 13.2121543884, 13.5604534149, 13.8971424103, 14.2338323593, 14.5821313858, 14.9304304123, 15.2787294388, 15.6270294189, 15.9637184143, 16.3004074097, 16.6487064362, 16.99700737, 17.3453063965, 17.693605423, 18.0419044495, 18.390203476, 18.7385025024, 19.0868015289, 19.4234924316, 19.760181427, 20.1084804535, 20.45677948, 20.8050785065, 21.153377533, 21.4900684357, 21.826757431, 22.1750564575, 22.523355484, 22.8716545105, 23.219953537, 23.5566444397, 23.8933334351, 24.2300224304, 24.5667114258, 24.9150104523, 25.2633094788, 25.6116104126, 25.9599094391, 26.3082084656, 26.6565074921, 26.9931964874, 27.3414955139, 27.7014045715, 28.0497055054, 28.3863945007, 28.7230834961, 29.0713825226, 29.4196815491, 29.7679805756, 30.1162815094, 30.4645805359, 30.8012695313, 31.1379585266, 31.4862575531, 31.8229465485, 32.171245575, 32.5195465088, 32.8678436279, 33.2161445618, 33.5644454956, 33.901134491, 34.2494316101, 34.5861206055, 34.9344215393, 35.2827186584, 35.6194114685, 35.9677085876, 36.304397583, 36.6410865784, 36.9893875122, 37.3376846313, 37.6859855652, 38.034286499, 38.3825836182, 38.7424926758, 39.0907936096, 39.427482605, 39.7757797241, 40.124080658, 40.4607696533, 40.7974586487, 41.134147644, 41.4824485779, 41.8191375732, 42.1674385071, 42.5157356262, 42.8640365601, 43.2123336792, 43.560634613, 43.8857116699, 44.2340126038, 44.5823135376, 44.919002533, 45.2672996521, 45.6156005859, 45.9638977051, 46.3005905151, 46.6372795105, 46.9739685059, 47.322265625, 47.6705665588, 48.018863678, 48.3787727356, 48.7386856079, 49.0869827271, 49.4352836609, 49.78358078, 50.1318817139, 50.4685707092, 50.8052597046, 51.1535606384, 51.4786376953, 51.8269386292, 52.1752357483, 52.5119247437, 52.8486175537, 53.1969146729, 53.5452156067, 53.8935127258, 54.2418136597, 54.5901107788, 54.9384117126, 55.2867126465, 55.6350097656, 55.9833106995, 56.3199996948, 56.6566886902, 56.9933776855, 57.3300666809, 57.6783676147, 58.0266647339, 58.3633537292, 58.7116546631, 59.0599517822, 59.4082527161, 59.7565536499, 60.0932426453, 60.4415397644, 60.7898406982, 61.1381378174, 61.4864387512, 61.8347396851, 62.1714286804, 62.5081176758, 62.8564147949, 63.2047157288, 63.5414047241, 63.889705658, 64.2263946533, 64.5746917725, 64.9229888916, 65.2712936401, 65.6195907593, 65.9678878784, 66.3045806885, 66.6412658691, 66.9895706177, 67.3378677368, 67.6745529175, 68.0112457275, 68.3595428467, 68.7078475952, 69.0561447144, 69.4044418335, 69.7643508911, 70.1126480103, 70.4609527588, 70.8208618164, 71.1691589355, 71.5174560547, 71.8657608032, 72.2140579224, 72.5507507324, 72.8874359131, 73.2357330322, 73.5840377808, 73.9323348999, 74.280632019, 74.6173248291, 74.9656219482, 75.3139190674, 75.6506118774, 75.9872970581, 76.3356018066, 76.6722869873, 77.0089797974, 77.345664978, 77.6939697266, 78.0422668457, 78.3789520264, 78.7272567749, 79.075553894, 79.4238510132, 79.7721557617, 80.1088409424, 80.4571380615, 80.8054428101, 81.1537399292, 81.4904327393, 81.8387298584, 82.1870269775, 82.5237197876, 82.8604049683, 83.2087097168, 83.5570068359, 83.8936920166, 84.2419967651, 84.5786819458, 84.9153747559, 85.2752838135, 85.6351928711, 85.9834899902, 86.3317871094, 86.6800918579, 87.0167770386, 87.3650741577, 87.7133789063, 88.0500640869, 88.386756897, 88.7234420776, 89.0717468262, 89.4200439453, 89.7683410645, 90.116645813, 90.4533309937, 90.8016281128, 91.1383209229, 91.486618042, 91.8349151611, 92.1832199097, 92.5315170288, 92.8798141479, 93.2281188965, 93.5764160156, 93.9247131348, 94.2614059448, 94.5980911255, 94.946395874, 95.2830810547, 95.6197738647, 95.9680709839, 96.316368103, 96.6646728516, 97.0129699707, 97.3612670898, 97.709564209, 98.0578689575, 98.4061660767, 98.7544631958, 99.1027679443, 99.4510650635, 99.7877502441, 100.124443054, 100.472740173, 100.809432983, 101.146118164, 101.482810974, 101.819496155, 102.156188965, 102.492874146, 102.841178894, 103.201087952, 103.537773132, 103.886077881, 104.234375, 104.582672119, 104.930976868, 105.279273987, 105.627571106, 105.964263916, 106.312561035, 106.649246216, 106.997550964, 107.345848083, 107.694145203, 108.030838013, 108.379135132, 108.727432251, 109.064125061, 109.424034119, 109.772331238, 110.109024048, 110.445709229, 110.782402039, 111.130699158, 111.479003906, 111.815689087, 112.163986206, 112.512290955, 112.860588074, 113.197273254, 113.545578003, 113.893875122, 114.242172241, 114.59047699, 114.938774109, 115.287071228, 115.635368347, 115.983673096, 116.331970215, 116.680267334, 117.028572083, 117.365257263, 117.701950073, 118.027030945, 118.375328064, 118.723625183, 119.071922302, 119.420227051, 119.756912231, 120.10521698, 120.453514099, 120.79019928, 121.138504028, 121.486801147, 121.835098267, 122.183395386, 122.531700134, 122.879997253, 123.228294373, 123.576599121, 123.92489624, 124.273193359, 124.621498108, 124.958183289, 125.294876099, 125.643173218, 125.991470337, 126.328163147, 126.664848328, 127.013153076, 127.361450195, 127.709747314, 128.058044434, 128.406341553, 128.754638672, 129.10295105, 129.43963623, 129.776321411, 130.12461853, 130.472915649, 130.821228027, 131.169525146, 131.517822266, 131.854507446, 132.191192627, 132.539505005, 132.876190186, 133.224487305, 133.561172485, 133.909469604, 134.257781982, 134.606079102, 134.954376221, 135.30267334, 135.639358521, 135.98765564, 136.335968018, 136.672653198, 137.020950317, 137.369247437, 137.717544556, 138.054244995, 138.402542114, 138.739227295, 139.087524414, 139.435821533, 139.784118652, 140.120819092, 140.457504272, 140.805801392, 141.154098511, 141.50239563, 141.850692749, 142.187393188, 142.524078369, 142.872375488, 143.197463989, 143.53414917, 143.882446289, 144.230743408, 144.567428589, 144.915740967, 145.252426147, 145.589111328, 145.937408447, 146.285705566, 146.645614624, 147.005523682, 147.35383606, 147.702133179, 148.050430298, 148.398727417, 148.747024536, 149.095321655, 149.443618774, 149.780319214, 150.117004395, 150.465301514, 150.813598633, 151.161895752, 151.51020813, 151.858505249, 152.206802368, 152.555099487, 152.891784668, 153.228485107, 153.565170288, 153.913467407, 154.261764526, 154.598449707, 154.946762085, 155.295059204, 155.631744385, 155.968429565, 156.305114746, 156.641815186, 156.990112305, 157.338409424, 157.675094604, 158.011795044, 158.371704102, 158.731613159, 159.079910278, 159.428207397, 159.776504517, 160.124801636, 160.473098755, 160.821395874, 161.169708252, 161.518005371, 161.86630249, 162.37713623, 162.887985229, 163.410430908, 163.932876587, 164.455322266, 164.977767944, 165.51184082, 166.034286499, 166.556732178, 167.090789795, 167.624847412, 168.158905029, 168.692962646, 169.227020264, 169.761077881, 170.283538818, 170.805984497, 171.328430176, 171.850875854, 172.373336792, 172.895782471, 173.406616211, 173.917449951, 174.42829895, 174.93913269, 175.461578369, 175.984039307, 176.506484985, 177.028930664, 177.539764404, 178.062225342, 178.573059082, 179.095504761, 179.617950439, 180.140411377, 180.662857056, 181.185302734, 181.858688354, 182.532058716, 183.217056274, 183.913650513, 184.598632813, 185.29524231, 185.991836548, 186.688430786, 187.385025024, 188.070022583, 188.755004883, 189.451599121, 190.148208618, 190.844802856, 191.541397095, 192.226394653, 192.899765015, 193.584762573, 194.258132935, 194.943130493, 195.628112793, 196.324707031, 197.00970459, 197.69468689, 198.391296387, 199.087890625, 199.772872925, 200.469467163, 201.16607666, 201.862670898, 202.547653198, 203.232650757, 203.917633057, 204.614242554, 205.310836792, 206.00743103, 206.68081665, 207.36579895, 208.050796509, 208.735778809, 209.420761108, 210.117370605, 210.813964844, 211.510559082, 212.207168579, 212.903762817, 213.588745117, 214.273742676, 214.947113037, 215.632110596, 216.317092896, 217.013687134, 217.698684692, 218.395278931, 219.08026123, 219.776870728, 220.473464966, 221.170059204, 221.866668701, 222.551651001, 223.236633301, 223.933242798, 224.618225098, 225.303222656, 225.988204956, 226.684799194, 227.369796753, 228.066390991, 228.751373291, 229.43637085, 230.132965088, 230.806350708, 231.479721069, 232.176315308, 232.872924805, 233.569519043, 234.254501343, 234.939498901, 235.624481201, 236.321090698, 237.017684937, 237.702667236, 238.399276733, 239.084259033, 239.780853271, 240.477462769, 240.999908447, 241.510742188, 242.021575928, 242.532424927, 243.043258667, 243.554092407, 244.064941406, 244.587387085, 245.109832764, 245.574234009, 246.038635254, 246.503036499, 246.967437744, 247.431838989, 247.896224976, 248.349014282, 248.801803589, 249.254592896, 249.707382202, 250.160171509, 250.624572754, 251.088973999, 251.58821106, 252.087432861, 252.586654663, 253.132324219, 253.677993774, 254.235275269, 254.792556763, 255.349838257, 255.895507813]
