
metadata:
    version:
        essentia: "2.1-beta2"
    audio_properties:
        analysis_sample_rate: 44100
        bitrate: 219
        channels: 2
        equal_loudness: 1
        length: 183.614700317
        replay_gain: -16.6089248657
        downmix: "mix"
    tags:
        album: "Believe"
        artist: "Orianthi"
        comment: "www.NewAlbumReleases.net;Tagged by cracked version of Tag&Rename http://www.softpointer.com/tr.htm"
        date: "2009"
        genre: "Pop"
        title: "Suffocated"
        tracknumber: "2"

configuration:
    average_loudness:
        compute: 1
        frameSize: 88200
        hopSize: 44100
        silentFrames: "noise"
        windowType: "hann"
    general:
        analysisSampleRate: 44100
        endTime: 2000
        equalLoudness: 1
        nequalLoudness: 0
        shortSound: 0
        startTime: 0
    lowlevel:
        compute: 1
        frameSize: 2048
        hopSize: 1024
        zeroPadding: 0
        silentFrames: "noise"
        windowType: "blackmanharris62"
        mfccStats: ["mean", "cov", "icov"]
        stats: ["mean", "var", "median", "min", "max", "dmean", "dmean2", "dvar", "dvar2"]
    panning:
        compute: 0
        frameSize: 8192
        hopSize: 2048
        zeroPadding: 8192
        silentFrames: "noise"
        windowType: "hann"
        stats: ["copy"]
    rhythm:
        compute: 1
        maxTempo: 208
        minTempo: 40
        method: "degara"
        stats: ["mean", "var", "median", "min", "max", "dmean", "dmean2", "dvar", "dvar2"]
    segmentation:
        compute: 0
        cpw: 5
        inc1: 300
        inc2: 50
        minimumSegmentsLength: 10
        size1: 1000
        size2: 600
    sfx:
        compute: 1
        stats: ["mean", "var", "median", "min", "max", "dmean", "dmean2", "dvar", "dvar2"]
    svm:
        compute: 0
    tonal:
        compute: 1
        frameSize: 4096
        hopSize: 2048
        zeroPadding: 0
        silentFrames: "noise"
        windowType: "blackmanharris62"
        stats: ["mean", "var", "median", "min", "max", "dmean", "dmean2", "dvar", "dvar2"]

lowlevel:
    average_loudness: 0.907598316669
    barkbands_kurtosis:
        dmean: 0.764123022556
        dmean2: 1.21668577194
        dvar: 1.64841651917
        dvar2: 3.76866316795
        max: 38.4352111816
        mean: -0.272269785404
        median: -0.775569915771
        min: -1.86418771744
        var: 3.54732942581
    barkbands_skewness:
        dmean: 0.376060038805
        dmean2: 0.573104500771
        dvar: 0.124684929848
        dvar2: 0.279404193163
        max: 5.97019481659
        mean: -0.154737427831
        median: -0.272108078003
        min: -5.60656929016
        var: 0.814572274685
    barkbands_spread:
        dmean: 5.05069971085
        dmean2: 7.86564922333
        dvar: 23.4419555664
        dvar2: 55.7899971008
        max: 71.539100647
        mean: 27.4939041138
        median: 26.1640472412
        min: 2.84976601601
        var: 95.4670791626
    dissonance:
        dmean: 0.0167667027563
        dmean2: 0.0282298065722
        dvar: 0.000275334867183
        dvar2: 0.000749995699152
        max: 0.500000059605
        mean: 0.467823058367
        median: 0.47545966506
        min: 0.291384130716
        var: 0.000681008968968
    hfc:
        dmean: 2.24762964249
        dmean2: 3.5930044651
        dvar: 8.15370941162
        dvar2: 21.1663627625
        max: 50.3480033875
        mean: 9.92830753326
        median: 8.57368564606
        min: 1.11176541868e-016
        var: 50.4580039978
    pitch:
        dmean: 478.593780518
        dmean2: 916.67199707
        dvar: 1018850.5625
        dvar2: 2513155.75
        max: 4682.26806641
        mean: 829.156982422
        median: 340.547149658
        min: 65.4329223633
        var: 1358963.375
    pitch_instantaneous_confidence:
        dmean: 0.0939718410373
        dmean2: 0.147827968001
        dvar: 0.0066724922508
        dvar2: 0.0151241226122
        max: 0.952237248421
        mean: 0.498805195093
        median: 0.491474926472
        min: 0.0983345508575
        var: 0.026285815984
    pitch_salience:
        dmean: 0.0609370470047
        dmean2: 0.0969342961907
        dvar: 0.00279906042852
        dvar2: 0.00673969183117
        max: 0.930511891842
        mean: 0.591782748699
        median: 0.596349060535
        min: 0.167237758636
        var: 0.00961478892714
    silence_rate_20dB:
        dmean: 0
        dmean2: 0
        dvar: 0
        dvar2: 0
        max: 1
        mean: 1
        median: 1
        min: 1
        var: 0
    silence_rate_30dB:
        dmean: 0
        dmean2: 0
        dvar: 0
        dvar2: 0
        max: 1
        mean: 1
        median: 1
        min: 1
        var: 0
    silence_rate_60dB:
        dmean: 0.0811836123466
        dmean2: 0.162387758493
        dvar: 0.0745943635702
        dvar2: 0.158526852727
        max: 1
        mean: 0.275508910418
        median: 0
        min: 0
        var: 0.19962105155
    spectral_centroid:
        dmean: 245.209335327
        dmean2: 381.697692871
        dvar: 72040.4921875
        dvar2: 157760.34375
        max: 11820.2607422
        mean: 1923.56420898
        median: 2001.64221191
        min: 311.074188232
        var: 707277.0625
    spectral_complexity:
        dmean: 3.08674764633
        dmean2: 4.93840885162
        dvar: 10.439781189
        dvar2: 24.4914360046
        max: 45
        mean: 15.0300922394
        median: 14
        min: 0
        var: 62.2124176025
    spectral_crest:
        dmean: 2.09324336052
        dmean2: 3.35376882553
        dvar: 3.78309845924
        dvar2: 9.28137969971
        max: 24.877571106
        mean: 7.71008825302
        median: 6.90374708176
        min: 2.47031831741
        var: 10.8568019867
    spectral_decrease:
        dmean: 2.33791153104e-010
        dmean2: 3.70149605411e-010
        dvar: 6.58537226464e-020
        dvar2: 1.64279568918e-019
        max: 1.85895043426e-028
        mean: -1.07571673791e-009
        median: -1.06135245037e-009
        min: -3.39761863088e-009
        var: 3.257169711e-019
    spectral_energy:
        dmean: 0.00105269381311
        dmean2: 0.00167073775083
        dvar: 1.33727360208e-006
        dvar2: 3.36049947691e-006
        max: 0.0173900909722
        mean: 0.00496050901711
        median: 0.00481591327116
        min: 1.02111569211e-020
        var: 7.41370877222e-006
    spectral_energyband_high:
        dmean: 0.00017326620582
        dmean2: 0.000283288187347
        dvar: 6.94424002745e-008
        dvar2: 1.82535458748e-007
        max: 0.00344496197067
        mean: 0.000462649186375
        median: 0.000376771291485
        min: 7.13519372481e-021
        var: 1.86724747664e-007
    spectral_energyband_low:
        dmean: 0.00012900911679
        dmean2: 0.000221949521801
        dvar: 5.00167374184e-008
        dvar2: 1.38621814472e-007
        max: 0.0024525532499
        mean: 0.000198444860871
        median: 0.000144515492138
        min: 2.14291225004e-023
        var: 4.87975349017e-008
    spectral_energyband_middle_high:
        dmean: 0.000699956726748
        dmean2: 0.00110070221126
        dvar: 6.27844826795e-007
        dvar2: 1.58829129759e-006
        max: 0.0144764445722
        mean: 0.00307280849665
        median: 0.00264813494869
        min: 1.23601574102e-021
        var: 5.23440303368e-006
    spectral_energyband_middle_low:
        dmean: 0.000532157020643
        dmean2: 0.000842417823151
        dvar: 5.9120759488e-007
        dvar2: 1.44305010963e-006
        max: 0.0104452082887
        mean: 0.00134048762266
        median: 0.0009506479837
        min: 1.72591696766e-022
        var: 1.41432724377e-006
    spectral_flatness_db:
        dmean: 0.0150889717042
        dmean2: 0.0227156206965
        dvar: 0.000207002798561
        dvar2: 0.000443522760179
        max: 0.349227756262
        mean: 0.150256037712
        median: 0.147578269243
        min: 0.0575562156737
        var: 0.00120563863311
    spectral_flux:
        dmean: 0.0087104132399
        dmean2: 0.0136740365997
        dvar: 7.15084752301e-005
        dvar2: 0.000162351803738
        max: 0.103337600827
        mean: 0.0403575338423
        median: 0.0402624607086
        min: 6.46469197618e-011
        var: 0.000291009142529
    spectral_kurtosis:
        dmean: 1.09984517097
        dmean2: 1.81076300144
        dvar: 2.51971912384
        dvar2: 6.52145433426
        max: 38.9119796753
        mean: 3.59163761139
        median: 3.07532930374
        min: -1.23483717442
        var: 6.85852193832
    spectral_rms:
        dmean: 0.000233522427152
        dmean2: 0.000363136292435
        dvar: 5.94612927785e-008
        dvar2: 1.39860532045e-007
        max: 0.00411897338927
        mean: 0.00209178542718
        median: 0.00216759135947
        min: 3.15628014176e-012
        var: 4.63967694486e-007
    spectral_rolloff:
        dmean: 345.523254395
        dmean2: 560.564453125
        dvar: 247542.0625
        dvar2: 515007.6875
        max: 19896.6796875
        mean: 3341.82983398
        median: 3552.97851563
        min: 215.33203125
        var: 1863634.625
    spectral_skewness:
        dmean: 0.163939774036
        dmean2: 0.259897321463
        dvar: 0.0360452607274
        dvar2: 0.0820273160934
        max: 4.21654462814
        mean: 1.36469864845
        median: 1.26297295094
        min: -0.106474764645
        var: 0.189243793488
    spectral_spread:
        dmean: 566308.375
        dmean2: 815437.875
        dvar: 912040787968
        dvar2: 1.62407448576e+012
        max: 41694260
        mean: 5107251
        median: 4477995.5
        min: 1211854.25
        var: 8.35227012301e+012
    spectral_strongpeak:
        dmean: 0.727920651436
        dmean2: 1.22405457497
        dvar: 1.04661166668
        dvar2: 2.66120624542
        max: 12.3778486252
        mean: 1.34304690361
        median: 0.890534698963
        min: 4.93516005839e-010
        var: 2.29675483704
    zerocrossingrate:
        dmean: 0.00806800182909
        dmean2: 0.00955220684409
        dvar: 7.90814883658e-005
        dvar2: 9.07905850909e-005
        max: 0.521484375
        mean: 0.105151169002
        median: 0.10986328125
        min: 0.01416015625
        var: 0.00146070972551
    barkbands:
        dmean: [1.7755056092e-007, 4.987689681e-005, 6.6383057856e-005, 8.50165524753e-005, 0.000206953889574, 0.00014364910021, 0.000157326809131, 9.9826233054e-005, 7.14622583473e-005, 0.000150037856656, 0.000178839516593, 6.18681588094e-005, 5.25068753632e-005, 6.60692967358e-005, 0.000110158987809, 0.000130826723762, 0.000214885119931, 0.000201681701583, 0.000279587547993, 0.000170568499016, 9.27408691496e-005, 2.94700512313e-005, 5.17997841598e-006, 3.26942540596e-006, 2.4997507353e-006, 7.62521850106e-008, 5.84941040049e-010]
        dmean2: [2.81125466017e-007, 9.08689980861e-005, 0.00011286654626, 0.000143365425174, 0.000335289165378, 0.00023234784021, 0.000246417475864, 0.000155496250954, 0.000114663387649, 0.000226351578021, 0.000262010085862, 9.8210060969e-005, 8.25179813546e-005, 0.000104762060801, 0.000178042930202, 0.000203739255085, 0.000348962843418, 0.000321319821524, 0.000450375315268, 0.000274529389571, 0.000151032189024, 5.1781462389e-005, 8.25755432743e-006, 5.0764806474e-006, 3.69363601749e-006, 1.14554687514e-007, 9.94733073689e-010]
        dvar: [1.43901451627e-013, 1.45957441688e-008, 1.57747273022e-008, 2.2867173044e-008, 1.92000101151e-007, 6.51393534667e-008, 1.33886274511e-007, 7.98422163939e-008, 1.67884497415e-008, 7.64748122606e-008, 1.080171117e-007, 1.59603796845e-008, 1.09425455364e-008, 2.51671963269e-008, 3.28530305183e-008, 5.78336063484e-008, 1.7635861127e-007, 1.68365446029e-007, 1.99412255597e-007, 6.15300237428e-008, 1.89144504503e-008, 5.06427566549e-009, 1.47196602129e-010, 6.56534687726e-011, 5.17078567464e-011, 4.66047387043e-014, 1.83816096401e-018]
        dvar2: [3.27909005287e-013, 4.13618934658e-008, 4.35863185544e-008, 6.17380848666e-008, 4.76320593634e-007, 1.56279611474e-007, 3.18177256986e-007, 1.80847834486e-007, 4.36824052485e-008, 1.63990605984e-007, 2.26601855502e-007, 3.75249413764e-008, 2.58132413222e-008, 6.23735800787e-008, 8.27522299574e-008, 1.29585686182e-007, 4.37009703091e-007, 4.1264797801e-007, 5.08203129357e-007, 1.53823933147e-007, 4.81173962896e-008, 1.46501735188e-008, 3.4872321697e-010, 1.51489279454e-010, 1.02573234628e-010, 9.44329114688e-014, 4.72749188352e-018]
        max: [5.38239464731e-006, 0.000864137895405, 0.00169739709236, 0.0023102897685, 0.00714494800195, 0.00436932127923, 0.00906565226614, 0.00607356848195, 0.0026435398031, 0.00459877727553, 0.00588213512674, 0.00243933033198, 0.00202316581272, 0.00281643378548, 0.0027937553823, 0.00443805661052, 0.00707617681473, 0.0112745463848, 0.00858193822205, 0.00452338252217, 0.00305353710428, 0.000847805116791, 0.000226610529353, 0.000136207832838, 0.000124466125271, 3.94387916458e-006, 1.99988505756e-008]
        mean: [1.69620960833e-007, 4.74468943139e-005, 0.000100131554063, 0.000117410774692, 0.000319880869938, 0.000254683021922, 0.000256644940237, 0.000159780145623, 0.000121828124975, 0.000315733457683, 0.000383420701837, 0.000100556710095, 9.46122745518e-005, 0.000102321624581, 0.000201061688131, 0.000241392015596, 0.00042288081022, 0.00036907143658, 0.000640388811007, 0.00040756771341, 0.000230275138165, 5.06144788233e-005, 1.09184329631e-005, 6.96548931955e-006, 4.65616722067e-006, 1.18417567307e-007, 6.86380341453e-010]
        median: [3.39876358169e-008, 1.93085397768e-005, 6.71152447467e-005, 6.62807142362e-005, 0.000152114720549, 0.000139984011184, 9.04502376216e-005, 4.09012827731e-005, 5.9358204453e-005, 9.63520942605e-005, 9.25425993046e-005, 5.43991372979e-005, 4.00708559027e-005, 4.09016283811e-005, 0.000108330197691, 0.000127968683955, 0.000208505167393, 0.000204574200325, 0.00037025209167, 0.000300221174257, 0.000146369464346, 3.56771088263e-005, 6.72508485877e-006, 4.11095879826e-006, 1.34261495077e-006, 3.08015621897e-008, 3.01299041272e-010]
        min: [6.15826792481e-026, 5.08339521856e-024, 2.210343883e-024, 3.10577812158e-024, 4.17474578488e-024, 1.06691465279e-023, 1.07824805964e-023, 1.02881219775e-023, 2.41241206327e-023, 2.39739294049e-023, 1.81348993136e-023, 2.72770430541e-023, 3.3044865827e-023, 4.63322748314e-023, 4.3879321313e-023, 8.71688902132e-023, 8.58431116432e-023, 7.35609196913e-023, 1.27169224683e-022, 1.51140890057e-022, 3.21968794813e-022, 3.67022244076e-022, 3.36729228009e-022, 5.93761744651e-022, 9.00810794232e-022, 1.32875650096e-021, 1.98390141854e-021]
        var: [1.43634697235e-013, 9.48748724028e-009, 1.63891478167e-008, 2.62195971601e-008, 2.9938431112e-007, 1.30828226474e-007, 3.25021773051e-007, 1.81606282013e-007, 3.44219266424e-008, 3.03780609556e-007, 4.74216022894e-007, 2.96591728954e-008, 2.15448174856e-008, 4.26391082442e-008, 7.20227077977e-008, 1.19980612112e-007, 4.76004800021e-007, 2.9358983511e-007, 6.15670501247e-007, 1.82647866609e-007, 6.80269067743e-008, 4.75247663445e-009, 2.58716853496e-010, 1.32674843334e-010, 1.43256115304e-010, 1.06897570494e-013, 1.81974937114e-018]
    frequency_bands:
        dmean: [1.7755056092e-007, 4.987689681e-005, 6.6383057856e-005, 8.50165524753e-005, 0.000206953889574, 0.00014364910021, 0.000157326809131, 9.9826233054e-005, 7.14622583473e-005, 0.000150037856656, 0.000178839516593, 6.18681588094e-005, 5.25068753632e-005, 6.60692967358e-005, 0.000110158987809, 0.000130826723762, 0.000214885119931, 0.000201681701583, 0.000279587547993, 0.000170568499016, 9.27408691496e-005, 2.94700512313e-005, 5.17997841598e-006, 3.26942540596e-006, 2.4997507353e-006, 7.62521850106e-008, 5.84941040049e-010, 5.55829202109e-011]
        dmean2: [2.81125466017e-007, 9.08689980861e-005, 0.00011286654626, 0.000143365425174, 0.000335289165378, 0.00023234784021, 0.000246417475864, 0.000155496250954, 0.000114663387649, 0.000226351578021, 0.000262010085862, 9.8210060969e-005, 8.25179813546e-005, 0.000104762060801, 0.000178042930202, 0.000203739255085, 0.000348962843418, 0.000321319821524, 0.000450375315268, 0.000274529389571, 0.000151032189024, 5.1781462389e-005, 8.25755432743e-006, 5.0764806474e-006, 3.69363601749e-006, 1.14554687514e-007, 9.94733073689e-010, 1.03037571531e-010]
        dvar: [1.43901451627e-013, 1.45957441688e-008, 1.57747273022e-008, 2.2867173044e-008, 1.92000101151e-007, 6.51393534667e-008, 1.33886274511e-007, 7.98422163939e-008, 1.67884497415e-008, 7.64748122606e-008, 1.080171117e-007, 1.59603796845e-008, 1.09425455364e-008, 2.51671963269e-008, 3.28530305183e-008, 5.78336063484e-008, 1.7635861127e-007, 1.68365446029e-007, 1.99412255597e-007, 6.15300237428e-008, 1.89144504503e-008, 5.06427566549e-009, 1.47196602129e-010, 6.56534687726e-011, 5.17078567464e-011, 4.66047387043e-014, 1.83816096401e-018, 6.05228788328e-021]
        dvar2: [3.27909005287e-013, 4.13618934658e-008, 4.35863185544e-008, 6.17380848666e-008, 4.76320593634e-007, 1.56279611474e-007, 3.18177256986e-007, 1.80847834486e-007, 4.36824052485e-008, 1.63990605984e-007, 2.26601855502e-007, 3.75249413764e-008, 2.58132413222e-008, 6.23735800787e-008, 8.27522299574e-008, 1.29585686182e-007, 4.37009703091e-007, 4.1264797801e-007, 5.08203129357e-007, 1.53823933147e-007, 4.81173962896e-008, 1.46501735188e-008, 3.4872321697e-010, 1.51489279454e-010, 1.02573234628e-010, 9.44329114688e-014, 4.72749188352e-018, 1.89441307784e-020]
        max: [5.38239464731e-006, 0.000864137895405, 0.00169739709236, 0.0023102897685, 0.00714494800195, 0.00436932127923, 0.00906565226614, 0.00607356848195, 0.0026435398031, 0.00459877727553, 0.00588213512674, 0.00243933033198, 0.00202316581272, 0.00281643378548, 0.0027937553823, 0.00443805661052, 0.00707617681473, 0.0112745463848, 0.00858193822205, 0.00452338252217, 0.00305353710428, 0.000847805116791, 0.000226610529353, 0.000136207832838, 0.000124466125271, 3.94387916458e-006, 1.99988505756e-008, 1.02354480447e-009]
        mean: [1.69620960833e-007, 4.74468943139e-005, 0.000100131554063, 0.000117410774692, 0.000319880869938, 0.000254683021922, 0.000256644940237, 0.000159780145623, 0.000121828124975, 0.000315733457683, 0.000383420701837, 0.000100556710095, 9.46122745518e-005, 0.000102321624581, 0.000201061688131, 0.000241392015596, 0.00042288081022, 0.00036907143658, 0.000640388811007, 0.00040756771341, 0.000230275138165, 5.06144788233e-005, 1.09184329631e-005, 6.96548931955e-006, 4.65616722067e-006, 1.18417567307e-007, 6.86380341453e-010, 4.33414901191e-011]
        median: [3.39876358169e-008, 1.93085397768e-005, 6.71152447467e-005, 6.62807142362e-005, 0.000152114720549, 0.000139984011184, 9.04502376216e-005, 4.09012827731e-005, 5.9358204453e-005, 9.63520942605e-005, 9.25425993046e-005, 5.43991372979e-005, 4.00708559027e-005, 4.09016283811e-005, 0.000108330197691, 0.000127968683955, 0.000208505167393, 0.000204574200325, 0.00037025209167, 0.000300221174257, 0.000146369464346, 3.56771088263e-005, 6.72508485877e-006, 4.11095879826e-006, 1.34261495077e-006, 3.08015621897e-008, 3.01299041272e-010, 1.63211839876e-011]
        min: [6.15826792481e-026, 5.08339521856e-024, 2.210343883e-024, 3.10577812158e-024, 4.17474578488e-024, 1.06691465279e-023, 1.07824805964e-023, 1.02881219775e-023, 2.41241206327e-023, 2.39739294049e-023, 1.81348993136e-023, 2.72770430541e-023, 3.3044865827e-023, 4.63322748314e-023, 4.3879321313e-023, 8.71688902132e-023, 8.58431116432e-023, 7.35609196913e-023, 1.27169224683e-022, 1.51140890057e-022, 3.21968794813e-022, 3.67022244076e-022, 3.36729228009e-022, 5.93761744651e-022, 9.00810794232e-022, 1.32875650096e-021, 1.98390141854e-021, 5.86569251706e-022]
        var: [1.43634697235e-013, 9.48748724028e-009, 1.63891478167e-008, 2.62195971601e-008, 2.9938431112e-007, 1.30828226474e-007, 3.25021773051e-007, 1.81606282013e-007, 3.44219266424e-008, 3.03780609556e-007, 4.74216022894e-007, 2.96591728954e-008, 2.15448174856e-008, 4.26391082442e-008, 7.20227077977e-008, 1.19980612112e-007, 4.76004800021e-007, 2.9358983511e-007, 6.15670501247e-007, 1.82647866609e-007, 6.80269067743e-008, 4.75247663445e-009, 2.58716853496e-010, 1.32674843334e-010, 1.43256115304e-010, 1.06897570494e-013, 1.81974937114e-018, 4.98080707007e-021]
    mfcc:
        mean: [-707.169250488, 94.1424484253, -52.9726676941, 41.1456642151, -16.595079422, -10.0657567978, 0.257531583309, -6.74117898941, -1.57387709618, -8.03547096252, -11.8496379852, -7.05858182907, -2.08546185493]
        cov: [[5444.39941406, -58.4884300232, -383.625854492, 700.452636719, -262.937164307, 28.5849456787, 175.718048096, 224.417816162, 64.0153121948, -48.9088821411, -212.253723145, -141.511062622, -98.1539154053], [-58.4884300232, 1039.95959473, -233.270217896, -17.3966693878, 65.6218643188, -37.2440261841, -43.5081329346, -133.588821411, 4.78922891617, 0.238069355488, 58.007270813, 24.2595424652, 22.8568058014], [-383.625854492, -233.270217896, 461.317016602, -50.3430557251, 56.2395248413, 26.8522167206, -36.8659934998, -35.9773330688, -26.070892334, -21.9962062836, 49.0528526306, 14.6600179672, 18.0137729645], [700.452636719, -17.3966693878, -50.3430557251, 354.198577881, 24.3876686096, 53.7377929688, 3.84775972366, 80.5495376587, 31.2099571228, -5.70317077637, -28.8068180084, -3.6913793087, -28.6857013702], [-262.937164307, 65.6218643188, 56.2395248413, 24.3876686096, 215.717300415, 18.3030414581, 1.58374810219, -14.029841423, 20.8664054871, 5.70977783203, 18.3900566101, 35.0285606384, 7.7388458252], [28.5849456787, -37.2440261841, 26.8522167206, 53.7377929688, 18.3030414581, 215.036636353, 47.1074829102, 71.2097396851, 8.81668663025, 29.9982833862, -1.16124475002, -5.27646875381, 12.7908029556], [175.718048096, -43.5081329346, -36.8659934998, 3.84775972366, 1.58374810219, 47.1074829102, 187.563201904, 79.0550460815, 19.5501995087, 31.4301013947, -21.2422370911, -7.81343841553, 1.52321612835], [224.417816162, -133.588821411, -35.9773330688, 80.5495376587, -14.029841423, 71.2097396851, 79.0550460815, 191.529983521, 62.0731506348, 30.0124740601, -40.8837013245, -8.23560714722, 1.7386803627], [64.0153121948, 4.78922891617, -26.070892334, 31.2099571228, 20.8664054871, 8.81668663025, 19.5501995087, 62.0731506348, 114.917831421, 33.4560089111, -10.7694692612, -3.20794773102, 4.56202459335], [-48.9088821411, 0.238069355488, -21.9962062836, -5.70317077637, 5.70977783203, 29.9982833862, 31.4301013947, 30.0124740601, 33.4560089111, 109.787101746, 25.0508022308, 3.27808690071, 2.49853420258], [-212.253723145, 58.007270813, 49.0528526306, -28.8068180084, 18.3900566101, -1.16124475002, -21.2422370911, -40.8837013245, -10.7694692612, 25.0508022308, 106.365715027, 36.0645713806, 5.63787078857], [-141.511062622, 24.2595424652, 14.6600179672, -3.6913793087, 35.0285606384, -5.27646875381, -7.81343841553, -8.23560714722, -3.20794773102, 3.27808690071, 36.0645713806, 96.1602478027, 29.5538063049], [-98.1539154053, 22.8568058014, 18.0137729645, -28.6857013702, 7.7388458252, 12.7908029556, 1.52321612835, 1.7386803627, 4.56202459335, 2.49853420258, 5.63787078857, 29.5538063049, 82.0653305054]]
        icov: [[0.000310781237204, -1.49337811308e-005, 8.08513577795e-005, -0.000634077819996, 0.000386544299545, 0.000105067272671, -0.000306950561935, 8.39610947878e-005, -5.41954614164e-005, 9.48910237639e-005, 0.000236901891185, 0.000175208871951, 8.32311798149e-006], [-1.49337811308e-005, 0.00140772783197, 0.00095493637491, -3.54439616785e-005, -0.000501345610246, -0.000194919542992, 7.05475349605e-006, 0.00116590387188, -0.000487423385493, 0.000293957971735, -0.000879462459125, 0.000231287864153, -0.000583846354857], [8.08513577795e-005, 0.00095493637491, 0.00320096337236, 0.000163641525432, -0.000913619122002, -0.000571346434299, 0.000327253394062, 0.000611323746853, 7.98140808911e-006, 0.00102392106783, -0.00175664876588, 0.000647635024507, -0.000802680558991], [-0.000634077819996, -3.54439616785e-005, 0.000163641525432, 0.00482115615159, -0.00129686715081, -0.00094598258147, 0.00135433883406, -0.00166996649932, -0.000161976509844, 0.000458442867966, -9.99877156573e-005, -0.000813589256722, 0.00147567747626], [0.000386544299545, -0.000501345610246, -0.000913619122002, -0.00129686715081, 0.00614971062168, -0.000421112956246, -0.000893017451745, 0.00114137073979, -0.00160924682859, 2.02444534807e-005, 0.000779384397902, -0.00197646766901, 0.000574366655201], [0.000105067272671, -0.000194919542992, -0.000571346434299, -0.00094598258147, -0.000421112956246, 0.00607418594882, -0.000736134417821, -0.00225060223602, 0.00144372263458, -0.00127702660393, -0.000419005198637, 0.00113470398355, -0.00129219749942], [-0.000306950561935, 7.05475349605e-006, 0.000327253394062, 0.00135433883406, -0.000893017451745, -0.000736134417821, 0.00727325165644, -0.00289246253669, 0.000880021427292, -0.00142916326877, 0.000494115578476, 3.72874892491e-005, 0.000104926606582], [8.39610947878e-005, 0.00116590387188, 0.000611323746853, -0.00166996649932, 0.00114137073979, -0.00225060223602, -0.00289246253669, 0.0108687933534, -0.00454666931182, -0.000599032500759, 0.00222132843919, -0.0010153130861, -0.000391639303416], [-5.41954614164e-005, -0.000487423385493, 7.98140808911e-006, -0.000161976509844, -0.00160924682859, 0.00144372263458, 0.000880021427292, -0.00454666931182, 0.0123505201191, -0.00324948108755, 0.000563070818316, 0.000991194043308, -0.000963978003711], [9.48910237639e-005, 0.000293957971735, 0.00102392106783, 0.000458442867966, 2.02444534807e-005, -0.00127702660393, -0.00142916326877, -0.000599032500759, -0.00324948108755, 0.0122544653714, -0.00433009350672, 0.000770393351559, 3.10423711198e-005], [0.000236901891185, -0.000879462459125, -0.00175664876588, -9.99877156573e-005, 0.000779384397902, -0.000419005198637, 0.000494115578476, 0.00222132843919, 0.000563070818316, -0.00433009350672, 0.0146683361381, -0.00511454790831, 0.00174921110738], [0.000175208871951, 0.000231287864153, 0.000647635024507, -0.000813589256722, -0.00197646766901, 0.00113470398355, 3.72874892491e-005, -0.0010153130861, 0.000991194043308, 0.000770393351559, -0.00511454790831, 0.0147140100598, -0.00527713773772], [8.32311798149e-006, -0.000583846354857, -0.000802680558991, 0.00147567747626, 0.000574366655201, -0.00129219749942, 0.000104926606582, -0.000391639303416, -0.000963978003711, 3.10423711198e-005, 0.00174921110738, -0.00527713773772, 0.0150364860892]]
    sccoeffs:
        dmean: [0.0502938590944, 0.0472237579525, 0.0419380143285, 0.0335666909814, 0.0232547577471, 0.0181823261082]
        dmean2: [0.0809287130833, 0.0764542520046, 0.0647142678499, 0.052939992398, 0.0370348244905, 0.0289706420153]
        dvar: [0.00184822536539, 0.00152459426317, 0.00117254175711, 0.000736791407689, 0.000365367770428, 0.000308451853925]
        dvar2: [0.00464862445369, 0.00385113665834, 0.00270717940293, 0.00176812778227, 0.000879375904333, 0.000720053969417]
        max: [-0.3056165874, -0.416678547859, -0.46736946702, -0.546478331089, -0.584065854549, -0.61905503273]
        mean: [-0.650683164597, -0.728535652161, -0.715555429459, -0.748543918133, -0.770540714264, -0.753680348396]
        median: [-0.65941298008, -0.737041652203, -0.715217590332, -0.749862015247, -0.771430134773, -0.744342803955]
        min: [-0.976872742176, -0.974647521973, -0.973297774792, -0.969807803631, -0.966793894768, -0.962257862091]
        var: [0.00723164761439, 0.00629557156935, 0.00615976145491, 0.00341339013539, 0.0022620500531, 0.00228359387256]
    scvalleys:
        dmean: [0.417316049337, 0.337432205677, 0.312940180302, 0.279176771641, 0.243761330843, 0.245383009315]
        dmean2: [0.662551999092, 0.550871610641, 0.491321772337, 0.430340528488, 0.365279316902, 0.346141010523]
        dvar: [0.152042105794, 0.102515235543, 0.0913240239024, 0.082881718874, 0.0844631865621, 0.107650496066]
        dvar2: [0.325272172689, 0.234126538038, 0.187182560563, 0.163338914514, 0.153246581554, 0.18858961761]
        max: [-5.37995100021, -4.8380355835, -5.56577062607, -5.89936113358, -5.5831656456, -7.47601699829]
        mean: [-7.52586889267, -6.91559696198, -7.29688739777, -7.53454732895, -7.23640060425, -9.68064403534]
        median: [-7.23622512817, -6.69842576981, -7.00007915497, -7.25901317596, -6.8844628334, -9.383061409]
        min: [-28.1523780823, -27.7374973297, -27.8322944641, -27.5863246918, -27.3811073303, -27.3532371521]
        var: [2.91411280632, 2.92355585098, 2.95897293091, 2.77880954742, 2.89273166656, 2.56578993797]

rhythm:
    beats_loudness:
        dmean: 0.00200665555894
        dmean2: 0.0034869085066
        dvar: 2.20443712351e-006
        dvar2: 7.2033253673e-006
        max: 0.016501378268
        mean: 0.0056209443137
        median: 0.005555447191
        min: 6.95904996082e-039
        var: 5.53269819648e-006
    bpm: 150.05317688
    bpm_confidence: 0
    first_peak_bpm: 152
    first_peak_spread: 0.45146727562
    first_peak_weight: 0.532894730568
    onset_rate: 2.81567883492
    second_peak_bpm: 144
    second_peak_spread: 0
    second_peak_weight: 0.0219298247248
    beats_loudness_band_ratio:
        dmean: [0.0811888948083, 0.107722267509, 0.105466425419, 0.125425323844, 0.123380050063, 0.104011237621]
        dmean2: [0.139789670706, 0.190002679825, 0.186456426978, 0.219228565693, 0.217251166701, 0.187943786383]
        dvar: [0.00659143878147, 0.0113596059382, 0.014555898495, 0.0126001238823, 0.0135184153914, 0.00742594711483]
        dvar2: [0.0195864364505, 0.0329522453249, 0.0433599501848, 0.0402414277196, 0.0425978526473, 0.0219191946089]
        max: [0.672987401485, 0.854751348495, 0.845322608948, 0.694273889065, 0.797844529152, 0.654262125492]
        mean: [0.11758825928, 0.147056981921, 0.146498993039, 0.163836762309, 0.246924549341, 0.221002951264]
        median: [0.0881484523416, 0.101765193045, 0.103373259306, 0.125586405396, 0.222558617592, 0.221649885178]
        min: [0, 0, 0, 0, 0, 0]
        var: [0.0107558136806, 0.0174216423184, 0.0186952594668, 0.0168820228428, 0.0179928839207, 0.0145168248564]
    beats_position: [0.452789098024, 0.905578196049, 1.35836732388, 1.77632653713, 2.18267560005, 2.58902478218, 2.99537420273, 3.39011335373, 3.78485250473, 4.17959165573, 4.57433080673, 4.98067998886, 5.38702917099, 5.78176879883, 6.17650794983, 6.58285713196, 6.98920631409, 7.38394546509, 7.77868461609, 8.18503379822, 8.59138298035, 8.98612213135, 9.38086128235, 9.78721046448, 10.1935596466, 10.5882987976, 10.9830379486, 11.3777770996, 11.7841272354, 12.1788663864, 12.5852155685, 12.9799547195, 13.3863039017, 13.7926530838, 14.1873922348, 14.5821313858, 14.9768705368, 15.3832197189, 15.7895689011, 16.1843090057, 16.5790481567, 16.9853973389, 17.391746521, 17.786485672, 18.181224823, 18.5875740051, 18.9939231873, 19.3886623383, 19.7834014893, 20.1897506714, 20.5960998535, 20.9908390045, 21.3855781555, 21.7919273376, 22.1866664886, 22.5930156708, 22.9877548218, 23.3824939728, 23.7772331238, 24.1835823059, 24.589931488, 24.984670639, 25.37940979, 25.7857589722, 26.1921081543, 26.5868473053, 26.9815864563, 27.3879356384, 27.7942848206, 28.1890239716, 28.5837631226, 28.9901123047, 29.3964614868, 29.7912006378, 30.1859397888, 30.5806789398, 30.9870281219, 31.3933773041, 31.7881164551, 32.1828575134, 32.5775947571, 32.9839439392, 33.3786849976, 33.7850341797, 34.1913833618, 34.5977325439, 34.9924697876, 35.3872108459, 35.7819480896, 36.1882972717, 36.5946464539, 36.9893875122, 37.3841247559, 37.7788658142, 38.1736030579, 38.57995224, 38.9746932983, 39.3810424805, 39.7757797241, 40.1705207825, 40.5768699646, 40.9832191467, 41.3779602051, 41.7726974487, 42.1674385071, 42.5737876892, 42.9801368713, 43.3864860535, 43.7928352356, 44.1875724792, 44.5823135376, 44.9770507813, 45.3833999634, 45.7897491455, 46.1844902039, 46.5792274475, 46.9739685059, 47.3687057495, 47.7634468079, 48.16979599, 48.5761451721, 48.9708824158, 49.3656234741, 49.7719726563, 50.1783218384, 50.5846710205, 50.9678001404, 51.362537384, 51.7572784424, 52.1752357483, 52.5699768066, 52.9647140503, 53.3594551086, 53.7658042908, 54.1605415344, 54.5668907166, 54.9732398987, 55.3795890808, 55.7859382629, 56.1922874451, 56.5870285034, 56.9817695618, 57.3881187439, 57.7828559875, 58.1892051697, 58.583946228, 58.9786834717, 59.37342453, 59.7797737122, 60.1745109558, 60.5808601379, 60.9872093201, 61.3935585022, 61.7882995605, 62.1830368042, 62.5777778625, 62.9725151062, 63.3788642883, 63.7852134705, 64.1799545288, 64.5746917725, 64.9694290161, 65.3757781982, 65.7821273804, 66.1768722534, 66.5832214355, 66.9895706177, 67.3843078613, 67.7906570435, 68.1970062256, 68.5917434692, 68.9864807129, 69.3812255859, 69.7875747681, 70.1939239502, 70.5886611938, 70.9833984375, 71.3897476196, 71.7960968018, 72.1908340454, 72.5855789185, 72.9803161621, 73.3866653442, 73.7814025879, 74.1761474609, 74.5824966431, 74.9772338867, 75.3835830688, 75.789932251, 76.1962814331, 76.5910186768, 76.9973678589, 77.3921051025, 77.7868499756, 78.1815872192, 78.5879364014, 78.9942855835, 79.3890228271, 79.7837600708, 80.1901092529, 80.5964584351, 80.9912033081, 81.3859405518, 81.7922897339, 82.198638916, 82.5933761597, 82.9881134033, 83.3828582764, 83.77759552, 84.1839447021, 84.5902938843, 84.9850311279, 85.3797683716, 85.7861175537, 86.1924667358, 86.5872116089, 86.9819488525, 87.3882980347, 87.7946472168, 88.1893844604, 88.5841217041, 88.9788665771, 89.3736038208, 89.7799530029, 90.1863021851, 90.5926513672, 90.9990005493, 91.393737793, 91.788482666, 92.1832199097, 92.5779571533, 92.972694397, 93.3790435791, 93.7853927612, 94.1801376343, 94.5748748779, 94.9696121216, 95.3643493652, 95.7706985474, 96.1654434204, 96.5717926025, 96.9781417847, 97.3844909668, 97.7908401489, 98.1971893311, 98.5919265747, 98.9866638184, 99.381401062, 99.7761459351, 100.182495117, 100.577232361, 100.983581543, 101.378318787, 101.77305603, 102.167800903, 102.562538147, 102.968887329, 103.375236511, 103.769973755, 104.164710999, 104.559455872, 104.965805054, 105.372154236, 105.778503418, 106.173240662, 106.579589844, 106.985939026, 107.392288208, 107.787025452, 108.181770325, 108.576507568, 108.971244812, 109.377593994, 109.772331238, 110.17868042, 110.585029602, 110.991378784, 111.386123657, 111.780860901, 112.175598145, 112.581947327, 112.988296509, 113.383033752, 113.777778625, 114.172515869, 114.578865051, 114.985214233, 115.391563416, 115.786300659, 116.192649841, 116.587387085, 116.982131958, 117.376869202, 117.771606445, 118.177955627, 118.58430481, 118.979042053, 119.373786926, 119.76852417, 120.163261414, 120.569610596, 120.975959778, 121.38230896, 121.800270081, 122.206619263, 122.601356506, 123.007705688, 123.402442932, 123.797187805, 124.191925049, 124.586662292, 124.993011475, 125.387756348, 125.782493591, 126.177230835, 126.583580017, 126.978317261, 127.373062134, 127.767799377, 128.17414856, 128.568893433, 128.963623047, 129.369979858, 129.776321411, 130.182678223, 130.589019775, 130.983764648, 131.378494263, 131.784851074, 132.179595947, 132.5859375, 132.980682373, 133.375411987, 133.781768799, 134.188110352, 134.594467163, 135.000808716, 135.395553589, 135.801895142, 136.208251953, 136.602996826, 136.99772644, 137.392471313, 137.787200928, 138.181945801, 138.588302612, 138.983032227, 139.389389038, 139.784118652, 140.178863525, 140.573608398, 140.968338013, 141.363082886, 141.769424438, 142.17578125, 142.570526123, 142.976867676, 143.383224487, 143.777954102, 144.172698975, 144.579040527, 144.985397339, 145.380126953, 145.774871826, 146.181228638, 146.575958252, 146.970703125, 147.377044678, 147.771789551, 148.178131104, 148.584487915, 148.979232788, 149.373962402, 149.768707275, 150.16343689, 150.569793701, 150.964538574, 151.370880127, 151.777236938, 152.183578491, 152.578323364, 152.973052979, 153.367797852, 153.762542725, 154.168884277, 154.575241089, 154.981582642, 155.387939453, 155.782669067, 156.17741394, 156.583755493, 156.990112305, 157.384857178, 157.779586792, 158.174331665, 158.580673218, 158.987030029, 159.381759644, 159.776504517, 160.182861328, 160.589202881, 160.983947754, 161.378677368, 161.773422241, 162.168167114, 162.574508667, 162.980865479, 163.375595093, 163.781951904, 164.188293457, 164.58303833, 164.977767944, 165.372512817, 165.76725769, 166.173599243, 166.579956055, 166.974685669, 167.369430542, 167.775772095, 168.182128906, 168.588470459, 168.994827271, 169.389572144, 169.784301758, 170.190658569, 170.597000122, 170.991744995, 171.386474609, 171.781219482, 172.175964355, 172.582305908, 172.98866272, 173.383392334, 173.778137207, 174.17288208, 174.567611694, 174.973968506, 175.36869812, 175.763442993, 176.169799805, 176.576141357, 176.982498169, 177.377227783, 177.795196533, 178.189926147, 178.596282959, 179.002624512, 179.397369385, 179.792098999, 180.198455811, 180.604797363, 181.022766113, 181.440719604, 181.858688354, 182.276641846, 182.694595337, 183.112564087]
