
metadata:
    version:
        essentia: "2.1-beta2"
    audio_properties:
        analysis_sample_rate: 44100
        bitrate: 320
        channels: 2
        equal_loudness: 1
        length: 262.608978271
        replay_gain: -15.1983299255
        downmix: "mix"
    tags:
        album: "Dancing With the Dead"
        artist: "Pain"
        comment: ""
        date: "2005"
        genre: "Industrial Metal"
        title: "The Tables Have Turned"
        tracknumber: "04"

configuration:
    average_loudness:
        compute: 1
        frameSize: 88200
        hopSize: 44100
        silentFrames: "noise"
        windowType: "hann"
    general:
        analysisSampleRate: 44100
        endTime: 2000
        equalLoudness: 1
        nequalLoudness: 0
        shortSound: 0
        startTime: 0
    lowlevel:
        compute: 1
        frameSize: 2048
        hopSize: 1024
        zeroPadding: 0
        silentFrames: "noise"
        windowType: "blackmanharris62"
        mfccStats: ["mean", "cov", "icov"]
        stats: ["mean", "var", "median", "min", "max", "dmean", "dmean2", "dvar", "dvar2"]
    panning:
        compute: 0
        frameSize: 8192
        hopSize: 2048
        zeroPadding: 8192
        silentFrames: "noise"
        windowType: "hann"
        stats: ["copy"]
    rhythm:
        compute: 1
        maxTempo: 208
        minTempo: 40
        method: "degara"
        stats: ["mean", "var", "median", "min", "max", "dmean", "dmean2", "dvar", "dvar2"]
    segmentation:
        compute: 0
        cpw: 5
        inc1: 300
        inc2: 50
        minimumSegmentsLength: 10
        size1: 1000
        size2: 600
    sfx:
        compute: 1
        stats: ["mean", "var", "median", "min", "max", "dmean", "dmean2", "dvar", "dvar2"]
    svm:
        compute: 0
    tonal:
        compute: 1
        frameSize: 4096
        hopSize: 2048
        zeroPadding: 0
        silentFrames: "noise"
        windowType: "blackmanharris62"
        stats: ["mean", "var", "median", "min", "max", "dmean", "dmean2", "dvar", "dvar2"]

lowlevel:
    average_loudness: 0.886338472366
    barkbands_kurtosis:
        dmean: 0.67927056551
        dmean2: 1.11427593231
        dvar: 1.64801836014
        dvar2: 3.93579745293
        max: 35.456943512
        mean: -0.584004938602
        median: -0.965464174747
        min: -1.9324952364
        var: 2.67024374008
    barkbands_skewness:
        dmean: 0.355697572231
        dmean2: 0.571159660816
        dvar: 0.123645268381
        dvar2: 0.289506435394
        max: 5.30127716064
        mean: -0.296974778175
        median: -0.408811420202
        min: -3.01206374168
        var: 0.60042154789
    barkbands_spread:
        dmean: 5.88212919235
        dmean2: 9.41704654694
        dvar: 28.6575202942
        dvar2: 72.5854949951
        max: 73.1239318848
        mean: 32.3109855652
        median: 30.5949668884
        min: 2.29075050354
        var: 91.900642395
    dissonance:
        dmean: 0.0093086110428
        dmean2: 0.015939405188
        dvar: 7.64573633205e-005
        dvar2: 0.000216619853745
        max: 0.500000059605
        mean: 0.484787046909
        median: 0.487386673689
        min: 0.369681298733
        var: 0.000128587911604
    hfc:
        dmean: 1.62980031967
        dmean2: 2.53928518295
        dvar: 3.77683329582
        dvar2: 8.7679309845
        max: 35.1871376038
        mean: 9.64214992523
        median: 9.91343307495
        min: 1.12355413207e-016
        var: 47.8466300964
    pitch:
        dmean: 1030.57006836
        dmean2: 1974.17468262
        dvar: 1928251.75
        dvar2: 4730889
        max: 4607.33496094
        mean: 1622.60876465
        median: 455.020599365
        min: 68.8231582642
        var: 2646232.25
    pitch_instantaneous_confidence:
        dmean: 0.0684471279383
        dmean2: 0.113548211753
        dvar: 0.0032878248021
        dvar2: 0.00849199108779
        max: 0.786782264709
        mean: 0.308800816536
        median: 0.290119051933
        min: 0.102372348309
        var: 0.0091027058661
    pitch_salience:
        dmean: 0.0523768849671
        dmean2: 0.0878603383899
        dvar: 0.00244591920637
        dvar2: 0.00657495949417
        max: 0.982964456081
        mean: 0.683407306671
        median: 0.698824226856
        min: 0.197971135378
        var: 0.00605779327452
    silence_rate_20dB:
        dmean: 0
        dmean2: 0
        dvar: 0
        dvar2: 0
        max: 1
        mean: 1
        median: 1
        min: 1
        var: 0
    silence_rate_30dB:
        dmean: 0
        dmean2: 0
        dvar: 0
        dvar2: 0
        max: 1
        mean: 1
        median: 1
        min: 1
        var: 0
    silence_rate_60dB:
        dmean: 0.0427939891815
        dmean2: 0.0855955407023
        dvar: 0.0409621968865
        dvar2: 0.0892309322953
        max: 1
        mean: 0.35540625453
        median: 0
        min: 0
        var: 0.229088410735
    spectral_centroid:
        dmean: 243.901672363
        dmean2: 393.28414917
        dvar: 57903.3398438
        dvar2: 134605.46875
        max: 11689.7705078
        mean: 1984.74389648
        median: 2060.39599609
        min: 182.486206055
        var: 412322.375
    spectral_complexity:
        dmean: 3.15296196938
        dmean2: 5.10248470306
        dvar: 10.0339202881
        dvar2: 23.6573257446
        max: 50
        mean: 19.6371669769
        median: 22
        min: 0
        var: 176.657196045
    spectral_crest:
        dmean: 1.55764913559
        dmean2: 2.63359832764
        dvar: 2.49607777596
        dvar2: 6.55298519135
        max: 19.3328514099
        mean: 5.67592048645
        median: 5.02806043625
        min: 2.40914607048
        var: 5.10532855988
    spectral_decrease:
        dmean: 1.84783771617e-010
        dmean2: 2.83661871769e-010
        dvar: 4.53010826214e-020
        dvar2: 1.0447039105e-019
        max: 1.48111945147e-028
        mean: -9.78328751344e-010
        median: -9.60328927491e-010
        min: -3.35728467249e-009
        var: 4.36157602845e-019
    spectral_energy:
        dmean: 0.000816252140794
        dmean2: 0.00124793651048
        dvar: 8.74724776168e-007
        dvar2: 1.99037549464e-006
        max: 0.0151212569326
        mean: 0.00456701731309
        median: 0.0045492881909
        min: 1.02604064792e-020
        var: 9.59435055847e-006
    spectral_energyband_high:
        dmean: 0.000121030694572
        dmean2: 0.000198539666599
        dvar: 2.50348630715e-008
        dvar2: 6.29255154649e-008
        max: 0.00264728488401
        mean: 0.000476996647194
        median: 0.000479532696772
        min: 7.2798000824e-021
        var: 1.32785373808e-007
    spectral_energyband_low:
        dmean: 0.000241362547968
        dmean2: 0.000403816142352
        dvar: 1.13326372286e-007
        dvar2: 2.99388574376e-007
        max: 0.00422711251304
        mean: 0.000327338435454
        median: 0.00021986887441
        min: 3.06593157397e-023
        var: 1.28263650367e-007
    spectral_energyband_middle_high:
        dmean: 0.000519134337083
        dmean2: 0.000819198496174
        dvar: 3.75444898282e-007
        dvar2: 9.1311255801e-007
        max: 0.00984949059784
        mean: 0.00284680118784
        median: 0.00281171291135
        min: 1.35248271069e-021
        var: 4.49273738923e-006
    spectral_energyband_middle_low:
        dmean: 0.000427149236202
        dmean2: 0.00069060921669
        dvar: 3.09610413751e-007
        dvar2: 8.00446571247e-007
        max: 0.00753204710782
        mean: 0.00106755550951
        median: 0.00086450658273
        min: 1.9468846065e-022
        var: 8.24675396416e-007
    spectral_flatness_db:
        dmean: 0.0120267355815
        dmean2: 0.0189674030989
        dvar: 0.000154058754561
        dvar2: 0.000370622758055
        max: 0.304759651423
        mean: 0.136652112007
        median: 0.132832631469
        min: 0.0388947166502
        var: 0.000619930797257
    spectral_flux:
        dmean: 0.00505744619295
        dmean2: 0.00756366597489
        dvar: 2.53484085988e-005
        dvar2: 4.89691301482e-005
        max: 0.0857403576374
        mean: 0.0387573093176
        median: 0.0423184707761
        min: 6.64814869822e-011
        var: 0.000297295773635
    spectral_kurtosis:
        dmean: 0.839256346226
        dmean2: 1.43864703178
        dvar: 0.651154577732
        dvar2: 1.82277667522
        max: 13.4159383774
        mean: 3.09883761406
        median: 3.0292840004
        min: -1.23464488983
        var: 1.36584436893
    spectral_rms:
        dmean: 0.000189427970327
        dmean2: 0.000283567002043
        dvar: 3.52551161598e-008
        dvar2: 7.40456513881e-008
        max: 0.00384089141153
        mean: 0.0019354877295
        median: 0.00210673455149
        min: 3.16388256739e-012
        var: 7.09506821295e-007
    spectral_rolloff:
        dmean: 280.074859619
        dmean2: 467.784820557
        dvar: 214644.6875
        dvar2: 490150.25
        max: 19444.4824219
        mean: 3548.71289063
        median: 3682.17773438
        min: 150.732421875
        var: 807010.3125
    spectral_skewness:
        dmean: 0.127207040787
        dmean2: 0.209719970822
        dvar: 0.0145255019888
        dvar2: 0.0354342125356
        max: 2.79470586777
        mean: 1.16876339912
        median: 1.16912007332
        min: -0.0583361648023
        var: 0.0554821640253
    spectral_spread:
        dmean: 371164.375
        dmean2: 554672.125
        dvar: 357000314880
        dvar2: 721915084800
        max: 41748236
        mean: 4208270.5
        median: 3965661.25
        min: 2528329
        var: 2.42357082522e+012
    spectral_strongpeak:
        dmean: 0.495166271925
        dmean2: 0.86374938488
        dvar: 0.512383043766
        dvar2: 1.39271616936
        max: 9.04561328888
        mean: 0.674497663975
        median: 0.412700235844
        min: 0
        var: 0.78625357151
    zerocrossingrate:
        dmean: 0.0069007393904
        dmean2: 0.00871566310525
        dvar: 5.50713120901e-005
        dvar2: 7.69065663917e-005
        max: 0.5166015625
        mean: 0.10966681689
        median: 0.11279296875
        min: 0.0185546875
        var: 0.000686827406753
    barkbands:
        dmean: [3.49231527252e-007, 5.95395176788e-005, 0.000138932053233, 0.000137321418151, 0.000152078573592, 7.23385237507e-005, 7.61746850912e-005, 8.35969549371e-005, 0.000143659504829, 0.000153234330355, 7.39823153708e-005, 7.77494715294e-005, 0.000103559672425, 6.77575735608e-005, 9.09867812879e-005, 0.000102779667941, 0.000144942459883, 0.00017450422456, 0.000229470839258, 0.000149657251313, 6.27290428383e-005, 1.76645316969e-005, 3.40110250363e-006, 1.17113756914e-006, 4.94342430102e-007, 1.86196622565e-008, 2.52027593239e-010]
        dmean2: [4.37389843455e-007, 0.000100223071058, 0.000238156251726, 0.000235248997342, 0.000259608030319, 0.000120694843645, 0.000126936865854, 0.00013603012485, 0.000233109429246, 0.000245482136961, 0.000122851328342, 0.000127952953335, 0.000172498039319, 0.000111578949145, 0.000153122324264, 0.000172449508682, 0.00024328334257, 0.000289893825538, 0.000382217840524, 0.000250182929449, 0.000104782237031, 2.93319408229e-005, 5.37963569514e-006, 1.75579270945e-006, 7.3724692129e-007, 2.88393202652e-008, 4.351038696e-010]
        dvar: [5.71109782729e-013, 1.2882153122e-008, 4.09595095618e-008, 4.36233378309e-008, 9.2947928465e-008, 1.4831912587e-008, 1.80097785574e-008, 2.16861799629e-008, 8.34062774402e-008, 7.95014969412e-008, 1.99958929414e-008, 1.90505247133e-008, 2.95187287946e-008, 1.444195874e-008, 1.60984363617e-008, 2.15532107717e-008, 3.93627033191e-008, 5.77997276707e-008, 1.06130258359e-007, 3.5075455429e-008, 5.48718048776e-009, 5.96254434715e-010, 2.66608870397e-011, 5.26607490253e-012, 1.06540709414e-012, 1.28380231013e-015, 1.24792667736e-019]
        dvar2: [8.31159414297e-013, 3.31050742375e-008, 1.15551763713e-007, 1.20351614896e-007, 2.52344591445e-007, 3.9167250776e-008, 4.81121666951e-008, 5.59601716077e-008, 2.09763101111e-007, 1.94425282984e-007, 5.33979331863e-008, 4.77729926729e-008, 7.63144143434e-008, 3.75931215046e-008, 4.43042758036e-008, 5.78120058492e-008, 1.08359564877e-007, 1.52395131181e-007, 2.83286681224e-007, 9.42487830002e-008, 1.47577345899e-008, 1.57050472627e-009, 5.83208273341e-011, 1.08593186526e-011, 2.1870545739e-012, 2.82771086243e-015, 3.52551459804e-019]
        max: [7.20825255485e-006, 0.00115277431905, 0.00342497858219, 0.00245697470382, 0.00357177644037, 0.00232135341503, 0.00250064837746, 0.00275376765057, 0.00525586912408, 0.00587623519823, 0.00251550553367, 0.00252018566243, 0.00274240388535, 0.00331264408305, 0.00206832448021, 0.00237636687234, 0.00469661457464, 0.00558917224407, 0.00681313639507, 0.00372872804292, 0.00104230944999, 0.000375739153242, 9.05442066141e-005, 5.29335084138e-005, 2.09137233469e-005, 7.45170552818e-007, 5.07972330865e-009]
        mean: [4.66615944106e-007, 6.4895793912e-005, 0.000165691453731, 0.000163463017088, 0.000184758973774, 0.000108810760139, 0.000119135343994, 0.000145756232087, 0.000249755830737, 0.000275318918284, 0.000122156983707, 0.000133147055749, 0.000175926106749, 0.00012115843856, 0.000179730443051, 0.00022511217685, 0.000346381595591, 0.000443285767687, 0.000629594025668, 0.000434807880083, 0.000213019986404, 5.25581999682e-005, 8.28769498185e-006, 2.63243850895e-006, 1.13565977244e-006, 3.61691618878e-008, 3.02975894373e-010]
        median: [5.7844406598e-008, 3.09163078782e-005, 0.000104047256173, 0.000102429199615, 0.000114320318971, 6.25217726338e-005, 5.85860652791e-005, 6.14222371951e-005, 8.89407820068e-005, 9.38470693654e-005, 5.25219074916e-005, 7.11472384864e-005, 9.18190562516e-005, 7.43284545024e-005, 0.000132426153868, 0.000170996281668, 0.000280894775642, 0.000381767284125, 0.000551242381334, 0.000407227227697, 0.000211978156585, 4.89583981107e-005, 6.58112094243e-006, 1.81669713584e-006, 7.96722247287e-007, 2.17292210891e-008, 1.61128999032e-010]
        min: [3.4766342549e-025, 4.19079831544e-024, 4.29907223569e-024, 2.8892720907e-024, 1.47420748246e-023, 1.49764674876e-023, 2.51233234097e-023, 1.19347634098e-023, 2.58941194002e-023, 1.69580135063e-023, 1.29564842213e-023, 3.56388455872e-023, 1.01795597286e-023, 6.4359803865e-023, 6.8639923323e-023, 9.18733284858e-023, 6.13898245983e-023, 1.32605549171e-022, 1.56448106414e-022, 2.31596283666e-022, 3.09950593586e-022, 3.16402415561e-022, 5.96794908521e-022, 5.79032487239e-022, 9.53238919133e-022, 1.37293584185e-021, 2.15610664919e-021]
        var: [1.20753038645e-012, 1.20128147429e-008, 3.89480199203e-008, 4.12607548128e-008, 7.51534940946e-008, 2.15444782015e-008, 3.09324832415e-008, 5.05491257741e-008, 2.03751355343e-007, 2.15328000763e-007, 4.12523952775e-008, 3.71647708164e-008, 5.92958997458e-008, 2.83265357837e-008, 3.29151212952e-008, 5.24992955775e-008, 1.13383308076e-007, 1.85164509503e-007, 3.50479211875e-007, 1.26079854113e-007, 2.67983129021e-008, 1.92500482221e-009, 6.77575009989e-011, 1.21237334408e-011, 2.44178570592e-012, 2.54959098233e-015, 1.53073055226e-019]
    frequency_bands:
        dmean: [3.49231527252e-007, 5.95395176788e-005, 0.000138932053233, 0.000137321418151, 0.000152078573592, 7.23385237507e-005, 7.61746850912e-005, 8.35969549371e-005, 0.000143659504829, 0.000153234330355, 7.39823153708e-005, 7.77494715294e-005, 0.000103559672425, 6.77575735608e-005, 9.09867812879e-005, 0.000102779667941, 0.000144942459883, 0.00017450422456, 0.000229470839258, 0.000149657251313, 6.27290428383e-005, 1.76645316969e-005, 3.40110250363e-006, 1.17113756914e-006, 4.94342430102e-007, 1.86196622565e-008, 2.52027593239e-010, 5.18279412443e-011]
        dmean2: [4.37389843455e-007, 0.000100223071058, 0.000238156251726, 0.000235248997342, 0.000259608030319, 0.000120694843645, 0.000126936865854, 0.00013603012485, 0.000233109429246, 0.000245482136961, 0.000122851328342, 0.000127952953335, 0.000172498039319, 0.000111578949145, 0.000153122324264, 0.000172449508682, 0.00024328334257, 0.000289893825538, 0.000382217840524, 0.000250182929449, 0.000104782237031, 2.93319408229e-005, 5.37963569514e-006, 1.75579270945e-006, 7.3724692129e-007, 2.88393202652e-008, 4.351038696e-010, 9.62601734433e-011]
        dvar: [5.71109782729e-013, 1.2882153122e-008, 4.09595095618e-008, 4.36233378309e-008, 9.2947928465e-008, 1.4831912587e-008, 1.80097785574e-008, 2.16861799629e-008, 8.34062774402e-008, 7.95014969412e-008, 1.99958929414e-008, 1.90505247133e-008, 2.95187287946e-008, 1.444195874e-008, 1.60984363617e-008, 2.15532107717e-008, 3.93627033191e-008, 5.77997276707e-008, 1.06130258359e-007, 3.5075455429e-008, 5.48718048776e-009, 5.96254434715e-010, 2.66608870397e-011, 5.26607490253e-012, 1.06540709414e-012, 1.28380231013e-015, 1.24792667736e-019, 6.49034181384e-021]
        dvar2: [8.31159414297e-013, 3.31050742375e-008, 1.15551763713e-007, 1.20351614896e-007, 2.52344591445e-007, 3.9167250776e-008, 4.81121666951e-008, 5.59601716077e-008, 2.09763101111e-007, 1.94425282984e-007, 5.33979331863e-008, 4.77729926729e-008, 7.63144143434e-008, 3.75931215046e-008, 4.43042758036e-008, 5.78120058492e-008, 1.08359564877e-007, 1.52395131181e-007, 2.83286681224e-007, 9.42487830002e-008, 1.47577345899e-008, 1.57050472627e-009, 5.83208273341e-011, 1.08593186526e-011, 2.1870545739e-012, 2.82771086243e-015, 3.52551459804e-019, 2.06183104108e-020]
        max: [7.20825255485e-006, 0.00115277431905, 0.00342497858219, 0.00245697470382, 0.00357177644037, 0.00232135341503, 0.00250064837746, 0.00275376765057, 0.00525586912408, 0.00587623519823, 0.00251550553367, 0.00252018566243, 0.00274240388535, 0.00331264408305, 0.00206832448021, 0.00237636687234, 0.00469661457464, 0.00558917224407, 0.00681313639507, 0.00372872804292, 0.00104230944999, 0.000375739153242, 9.05442066141e-005, 5.29335084138e-005, 2.09137233469e-005, 7.45170552818e-007, 5.07972330865e-009, 9.04450903061e-010]
        mean: [4.66615944106e-007, 6.4895793912e-005, 0.000165691453731, 0.000163463017088, 0.000184758973774, 0.000108810760139, 0.000119135343994, 0.000145756232087, 0.000249755830737, 0.000275318918284, 0.000122156983707, 0.000133147055749, 0.000175926106749, 0.00012115843856, 0.000179730443051, 0.00022511217685, 0.000346381595591, 0.000443285767687, 0.000629594025668, 0.000434807880083, 0.000213019986404, 5.25581999682e-005, 8.28769498185e-006, 2.63243850895e-006, 1.13565977244e-006, 3.61691618878e-008, 3.02975894373e-010, 4.01632373193e-011]
        median: [5.7844406598e-008, 3.09163078782e-005, 0.000104047256173, 0.000102429199615, 0.000114320318971, 6.25217726338e-005, 5.85860652791e-005, 6.14222371951e-005, 8.89407820068e-005, 9.38470693654e-005, 5.25219074916e-005, 7.11472384864e-005, 9.18190562516e-005, 7.43284545024e-005, 0.000132426153868, 0.000170996281668, 0.000280894775642, 0.000381767284125, 0.000551242381334, 0.000407227227697, 0.000211978156585, 4.89583981107e-005, 6.58112094243e-006, 1.81669713584e-006, 7.96722247287e-007, 2.17292210891e-008, 1.61128999032e-010, 1.16106377984e-011]
        min: [3.4766342549e-025, 4.19079831544e-024, 4.29907223569e-024, 2.8892720907e-024, 1.47420748246e-023, 1.49764674876e-023, 2.51233234097e-023, 1.19347634098e-023, 2.58941194002e-023, 1.69580135063e-023, 1.29564842213e-023, 3.56388455872e-023, 1.01795597286e-023, 6.4359803865e-023, 6.8639923323e-023, 9.18733284858e-023, 6.13898245983e-023, 1.32605549171e-022, 1.56448106414e-022, 2.31596283666e-022, 3.09950593586e-022, 3.16402415561e-022, 5.96794908521e-022, 5.79032487239e-022, 9.53238919133e-022, 1.37293584185e-021, 2.15610664919e-021, 6.08095486139e-022]
        var: [1.20753038645e-012, 1.20128147429e-008, 3.89480199203e-008, 4.12607548128e-008, 7.51534940946e-008, 2.15444782015e-008, 3.09324832415e-008, 5.05491257741e-008, 2.03751355343e-007, 2.15328000763e-007, 4.12523952775e-008, 3.71647708164e-008, 5.92958997458e-008, 2.83265357837e-008, 3.29151212952e-008, 5.24992955775e-008, 1.13383308076e-007, 1.85164509503e-007, 3.50479211875e-007, 1.26079854113e-007, 2.67983129021e-008, 1.92500482221e-009, 6.77575009989e-011, 1.21237334408e-011, 2.44178570592e-012, 2.54959098233e-015, 1.53073055226e-019, 5.08748065345e-021]
    mfcc:
        mean: [-710.250183105, 96.0686264038, -57.9345169067, 56.1507606506, -16.3241958618, 1.12577915192, 3.0544359684, -1.67966759205, 1.94531750679, -2.0753569603, -1.87225186825, -5.49229955673, -5.15139484406]
        cov: [[6747.57763672, 135.553604126, -1229.34741211, -351.684204102, -641.647766113, -282.991363525, -27.8787918091, 151.862915039, 81.2962646484, -24.5163707733, 23.3071804047, 12.2720603943, -78.544960022], [135.553604126, 391.211181641, -71.844367981, 14.7454280853, -16.1379013062, 4.73063468933, 27.1355628967, -1.50309240818, 15.454574585, 12.5428009033, 20.8742179871, -10.1922397614, 0.364764481783], [-1229.34741211, -71.844367981, 469.829406738, 125.85496521, 185.60585022, 74.712562561, 2.28864383698, -43.5773086548, -37.9718093872, 9.89655971527, -21.4452571869, -5.01152133942, 10.1675777435], [-351.684204102, 14.7454280853, 125.85496521, 238.987945557, 111.937973022, 50.5113677979, -6.78946781158, -22.3674106598, -5.06913566589, -3.44985985756, -5.78748273849, 5.68784618378, 15.0907258987], [-641.647766113, -16.1379013062, 185.60585022, 111.937973022, 195.058776855, 62.6441879272, -6.67683315277, -34.640083313, -13.0412187576, 14.0832204819, -6.02875232697, -1.07413840294, 6.91053152084], [-282.991363525, 4.73063468933, 74.712562561, 50.5113677979, 62.6441879272, 97.1191177368, 37.8199005127, 8.02669048309, -3.75082015991, 0.741705000401, -3.15517354012, -3.32938075066, -1.61487805843], [-27.8787918091, 27.1355628967, 2.28864383698, -6.78946781158, -6.67683315277, 37.8199005127, 101.392448425, 45.5536766052, 10.2389822006, -8.98097229004, 3.52290534973, -1.0970941782, -2.80335593224], [151.862915039, -1.50309240818, -43.5773086548, -22.3674106598, -34.640083313, 8.02669048309, 45.5536766052, 76.180557251, 33.8836898804, -0.566126286983, 0.0478223897517, 0.969494402409, 0.854584515095], [81.2962646484, 15.454574585, -37.9718093872, -5.06913566589, -13.0412187576, -3.75082015991, 10.2389822006, 33.8836898804, 60.9177284241, 25.7355823517, 11.8654851913, 0.322014093399, -2.12309169769], [-24.5163707733, 12.5428009033, 9.89655971527, -3.44985985756, 14.0832204819, 0.741705000401, -8.98097229004, -0.566126286983, 25.7355823517, 61.6577148438, 29.2690620422, 2.95436549187, -5.95373487473], [23.3071804047, 20.8742179871, -21.4452571869, -5.78748273849, -6.02875232697, -3.15517354012, 3.52290534973, 0.0478223897517, 11.8654851913, 29.2690620422, 55.7047080994, 25.4935379028, 1.38798332214], [12.2720603943, -10.1922397614, -5.01152133942, 5.68784618378, -1.07413840294, -3.32938075066, -1.0970941782, 0.969494402409, 0.322014093399, 2.95436549187, 25.4935379028, 48.5917205811, 20.4520816803], [-78.544960022, 0.364764481783, 10.1675777435, 15.0907258987, 6.91053152084, -1.61487805843, -2.80335593224, 0.854584515095, -2.12309169769, -5.95373487473, 1.38798332214, 20.4520816803, 46.914264679]]
        icov: [[0.000324719847413, -7.81555991125e-006, 0.000707909290213, -0.000178686881554, 0.000395145674702, 0.000269715179456, 7.13392582838e-005, -0.000358003977453, 0.000376698211767, -0.000388933665818, 0.000472340878332, -0.000408257270465, 0.000541324552614], [-7.81555991125e-006, 0.0029443227686, 0.000579728744924, -0.000493360275868, 0.000142857345054, -6.3174556999e-005, -0.00134260533378, 0.00140495516825, -0.00063686008798, -0.000175993700395, -0.00141998787876, 0.00183326541446, -0.000940309488215], [0.000707909290213, 0.000579728744924, 0.00541178230196, -0.000962114427239, -0.00189485750161, 0.000118189804198, -0.000821560563054, -0.000194320469745, 0.0027149617672, -0.00268938741647, 0.00255750236101, -0.000907428446226, 0.00065641105175], [-0.000178686881554, -0.000493360275868, -0.000962114427239, 0.0063742804341, -0.00286187045276, -0.00184762699064, 0.00102281267755, 0.000896220561117, -0.00204375991598, 0.00236728508025, -0.000533373095095, -0.000371156958863, -0.0013489293633], [0.000395145674702, 0.000142857345054, -0.00189485750161, -0.00286187045276, 0.011979999952, -0.00409612059593, 0.000600708997808, 0.00307319965214, -0.000618325197138, -0.00282757147215, 0.00171080708969, -0.000684675294906, -7.30206520529e-005], [0.000269715179456, -6.3174556999e-005, 0.000118189804198, -0.00184762699064, -0.00409612059593, 0.0173495020717, -0.00617169262841, -0.00217480654828, 0.00253859721124, -0.00151129008736, 0.000907000387087, -5.13132317792e-006, 0.00179064611439], [7.13392582838e-005, -0.00134260533378, -0.000821560563054, 0.00102281267755, 0.000600708997808, -0.00617169262841, 0.0179899614304, -0.0108904223889, 0.00162897061091, 0.00442142086104, -0.00442595407367, 0.00126084301155, 0.00116747815628], [-0.000358003977453, 0.00140495516825, -0.000194320469745, 0.000896220561117, 0.00307319965214, -0.00217480654828, -0.0108904223889, 0.0291098896414, -0.0154915554449, 0.00242358143441, 0.00321604288183, -0.00134020322002, -0.00246942625381], [0.000376698211767, -0.00063686008798, 0.0027149617672, -0.00204375991598, -0.000618325197138, 0.00253859721124, 0.00162897061091, -0.0154915554449, 0.0315682552755, -0.0137380100787, 0.00112847716082, 0.000545975577552, 0.000676390714943], [-0.000388933665818, -0.000175993700395, -0.00268938741647, 0.00236728508025, -0.00282757147215, -0.00151129008736, 0.00442142086104, 0.00242358143441, -0.0137380100787, 0.0321985371411, -0.0183735899627, 0.00683511095122, 0.000784485368058], [0.000472340878332, -0.00141998787876, 0.00255750236101, -0.000533373095095, 0.00171080708969, 0.000907000387087, -0.00442595407367, 0.00321604288183, 0.00112847716082, -0.0183735899627, 0.0391193293035, -0.0221304316074, 0.00608493713662], [-0.000408257270465, 0.00183326541446, -0.000907428446226, -0.000371156958863, -0.000684675294906, -5.13132317792e-006, 0.00126084301155, -0.00134020322002, 0.000545975577552, 0.00683511095122, -0.0221304316074, 0.038791321218, -0.0155453309417], [0.000541324552614, -0.000940309488215, 0.00065641105175, -0.0013489293633, -7.30206520529e-005, 0.00179064611439, 0.00116747815628, -0.00246942625381, 0.000676390714943, 0.000784485368058, 0.00608493713662, -0.0155453309417, 0.0294349323958]]
    sccoeffs:
        dmean: [0.0560917295516, 0.0445845834911, 0.0368985533714, 0.027775067836, 0.0172536596656, 0.0166037287563]
        dmean2: [0.0920599028468, 0.0743438825011, 0.0615341067314, 0.0468633919954, 0.0292453225702, 0.0263062231243]
        dvar: [0.00195634248666, 0.00120929034892, 0.000842107750941, 0.000467134639621, 0.000185140539543, 0.00021055151592]
        dvar2: [0.00523470388725, 0.00340336561203, 0.00232690782286, 0.00130786793306, 0.000516138039529, 0.000487471901579]
        max: [-0.386245578527, -0.531062662601, -0.54985332489, -0.659679532051, -0.698825180531, -0.61922287941]
        mean: [-0.687389075756, -0.776063382626, -0.787336170673, -0.798017084599, -0.811051785946, -0.728333890438]
        median: [-0.689625322819, -0.77860224247, -0.790534079075, -0.797780692577, -0.810065090656, -0.721848607063]
        min: [-0.979410052299, -0.98159134388, -0.981227755547, -0.973052144051, -0.973327696323, -0.962654709816]
        var: [0.00399727979675, 0.00296534481458, 0.00352695956826, 0.00133720692247, 0.000708115112502, 0.0012904657051]
    scvalleys:
        dmean: [0.38774946332, 0.347216188908, 0.292986392975, 0.23259074986, 0.174236059189, 0.25475949049]
        dmean2: [0.633345663548, 0.571045279503, 0.479301005602, 0.373310625553, 0.26848384738, 0.351016879082]
        dvar: [0.103124171495, 0.0972822234035, 0.0826697573066, 0.0601067580283, 0.0504490658641, 0.113408491015]
        dvar2: [0.256661951542, 0.229896724224, 0.183504119515, 0.114645808935, 0.081639751792, 0.19805495441]
        max: [-5.33940601349, -5.13094234467, -5.22195529938, -5.59822034836, -5.53997898102, -8.06426334381]
        mean: [-7.0094294548, -6.8292350769, -6.96003627777, -7.04928684235, -6.78542852402, -9.78286170959]
        median: [-6.86744260788, -6.57041883469, -6.62236690521, -6.68712997437, -6.37722301483, -9.48791599274]
        min: [-27.6090984344, -27.9188480377, -27.4842681885, -27.5596294403, -27.5812568665, -27.3560657501]
        var: [1.58215355873, 1.62584507465, 1.79099953175, 1.58863377571, 1.48900687695, 1.32169830799]

rhythm:
    beats_loudness:
        dmean: 0.00152412976604
        dmean2: 0.00267199194059
        dvar: 1.60054207754e-006
        dvar2: 4.49853723694e-006
        max: 0.0125342747197
        mean: 0.00535152992234
        median: 0.00551771232858
        min: 5.94044702318e-010
        var: 1.01237046692e-005
    bpm: 154.991149902
    bpm_confidence: 0
    first_peak_bpm: 157
    first_peak_spread: 0.0136986123398
    first_peak_weight: 0.639053225517
    onset_rate: 2.41804385185
    second_peak_bpm: 152
    second_peak_spread: 0.012711847201
    second_peak_weight: 0.344674557447
    beats_loudness_band_ratio:
        dmean: [0.126872673631, 0.0516073741019, 0.0637563094497, 0.070194400847, 0.0870379582047, 0.0934410765767]
        dmean2: [0.211509123445, 0.0895174071193, 0.110512956977, 0.12321985513, 0.146031603217, 0.1544957757]
        dvar: [0.0198874864727, 0.00269477395341, 0.00414027227089, 0.00442448398098, 0.00472109997645, 0.0070817139931]
        dvar2: [0.0487369559705, 0.00752148032188, 0.0117716733366, 0.012535600923, 0.0125164398924, 0.0180953908712]
        max: [0.867416381836, 0.334516525269, 0.607771873474, 0.451204538345, 0.60144251585, 0.777842402458]
        mean: [0.191067710519, 0.0761494636536, 0.113080270588, 0.117666393518, 0.258078932762, 0.275639712811]
        median: [0.120806634426, 0.0582166537642, 0.0950603932142, 0.0961829349399, 0.255170047283, 0.266817569733]
        min: [3.8037160266e-005, 0.000309086521156, 0.000445153011242, 0.00403640093282, 0.0251394640654, 0.0355032533407]
        var: [0.0345168150961, 0.00329298223369, 0.00667298678309, 0.00701199611649, 0.00992324668914, 0.010742069222]
