
metadata:
    version:
        essentia: "2.1-beta2"
    audio_properties:
        analysis_sample_rate: 44100
        bitrate: 320
        channels: 2
        equal_loudness: 1
        length: 253.596740723
        replay_gain: -14.8180351257
        downmix: "mix"
    tags:
        album: "Dancing With the Dead"
        artist: "Pain"
        comment: ""
        date: "2005"
        genre: "Industrial Metal"
        title: "Dancing With The Dead"
        tracknumber: "06"

configuration:
    average_loudness:
        compute: 1
        frameSize: 88200
        hopSize: 44100
        silentFrames: "noise"
        windowType: "hann"
    general:
        analysisSampleRate: 44100
        endTime: 2000
        equalLoudness: 1
        nequalLoudness: 0
        shortSound: 0
        startTime: 0
    lowlevel:
        compute: 1
        frameSize: 2048
        hopSize: 1024
        zeroPadding: 0
        silentFrames: "noise"
        windowType: "blackmanharris62"
        mfccStats: ["mean", "cov", "icov"]
        stats: ["mean", "var", "median", "min", "max", "dmean", "dmean2", "dvar", "dvar2"]
    panning:
        compute: 0
        frameSize: 8192
        hopSize: 2048
        zeroPadding: 8192
        silentFrames: "noise"
        windowType: "hann"
        stats: ["copy"]
    rhythm:
        compute: 1
        maxTempo: 208
        minTempo: 40
        method: "degara"
        stats: ["mean", "var", "median", "min", "max", "dmean", "dmean2", "dvar", "dvar2"]
    segmentation:
        compute: 0
        cpw: 5
        inc1: 300
        inc2: 50
        minimumSegmentsLength: 10
        size1: 1000
        size2: 600
    sfx:
        compute: 1
        stats: ["mean", "var", "median", "min", "max", "dmean", "dmean2", "dvar", "dvar2"]
    svm:
        compute: 0
    tonal:
        compute: 1
        frameSize: 4096
        hopSize: 2048
        zeroPadding: 0
        silentFrames: "noise"
        windowType: "blackmanharris62"
        stats: ["mean", "var", "median", "min", "max", "dmean", "dmean2", "dvar", "dvar2"]

lowlevel:
    average_loudness: 0.95247387886
    barkbands_kurtosis:
        dmean: 0.812219142914
        dmean2: 1.32040512562
        dvar: 3.64987158775
        dvar2: 9.7143573761
        max: 94.8581314087
        mean: -0.00556738954037
        median: -0.428278714418
        min: -1.86023139954
        var: 4.96233129501
    barkbands_skewness:
        dmean: 0.314619332552
        dmean2: 0.497756004333
        dvar: 0.100350782275
        dvar2: 0.251435518265
        max: 7.68840122223
        mean: -0.823302149773
        median: -0.86163598299
        min: -3.12329244614
        var: 0.388884425163
    barkbands_spread:
        dmean: 4.82088899612
        dmean2: 7.79380607605
        dvar: 21.2750549316
        dvar2: 54.5963516235
        max: 65.4656906128
        mean: 28.1081314087
        median: 27.0750713348
        min: 0.620074808598
        var: 78.6802139282
    dissonance:
        dmean: 0.00891839712858
        dmean2: 0.01513914112
        dvar: 0.000196007749764
        dvar2: 0.000570203817915
        max: 0.500000059605
        mean: 0.486107468605
        median: 0.48967730999
        min: 0.111682668328
        var: 0.00025151000591
    hfc:
        dmean: 2.01856446266
        dmean2: 3.18254780769
        dvar: 3.79496121407
        dvar2: 9.21987628937
        max: 33.5880508423
        mean: 12.9568386078
        median: 13.9493370056
        min: 1.0969975316e-016
        var: 40.0438995361
    pitch:
        dmean: 1049.23937988
        dmean2: 2019.06787109
        dvar: 1919745.75
        dvar2: 4634875.5
        max: 4229.29736328
        mean: 1579.09716797
        median: 467.682098389
        min: 46.9800376892
        var: 2484742.25
    pitch_instantaneous_confidence:
        dmean: 0.066172555089
        dmean2: 0.111549466848
        dvar: 0.00302140344866
        dvar2: 0.00821655988693
        max: 0.922791719437
        mean: 0.334420531988
        median: 0.319008827209
        min: 0.109388530254
        var: 0.00945530459285
    pitch_salience:
        dmean: 0.0436663292348
        dmean2: 0.0718823820353
        dvar: 0.00147375778761
        dvar2: 0.00383066711947
        max: 0.928129792213
        mean: 0.691429197788
        median: 0.703304290771
        min: 0.117345675826
        var: 0.00452563958243
    silence_rate_20dB:
        dmean: 0
        dmean2: 0
        dvar: 0
        dvar2: 0
        max: 1
        mean: 1
        median: 1
        min: 1
        var: 0
    silence_rate_30dB:
        dmean: 0
        dmean2: 0
        dvar: 0
        dvar2: 0
        max: 1
        mean: 1
        median: 1
        min: 1
        var: 0
    silence_rate_60dB:
        dmean: 0.0214246474206
        dmean2: 0.042853217572
        dvar: 0.0209645275027
        dvar2: 0.0465063117445
        max: 1
        mean: 0.207635268569
        median: 0
        min: 0
        var: 0.164511337876
    spectral_centroid:
        dmean: 191.319366455
        dmean2: 305.268005371
        dvar: 43241.0390625
        dvar2: 91538.1953125
        max: 11462.4785156
        mean: 2332.21289063
        median: 2371.07910156
        min: 146.190612793
        var: 381570.5625
    spectral_complexity:
        dmean: 3.43783187866
        dmean2: 5.47422409058
        dvar: 8.75043296814
        dvar2: 21.039270401
        max: 52
        mean: 24.4138965607
        median: 27
        min: 0
        var: 115.160438538
    spectral_crest:
        dmean: 1.28116321564
        dmean2: 2.17904829979
        dvar: 1.58766853809
        dvar2: 4.27152299881
        max: 24.8521270752
        mean: 5.5349779129
        median: 5.12791967392
        min: 2.56467413902
        var: 3.69145488739
    spectral_decrease:
        dmean: 1.91715796016e-010
        dmean2: 3.0121719008e-010
        dvar: 4.13370457179e-020
        dvar2: 9.82409778669e-020
        max: 1.2927844474e-028
        mean: -1.1488170415e-009
        median: -1.16782483683e-009
        min: -3.17255044457e-009
        var: 2.93187343879e-019
    spectral_energy:
        dmean: 0.000877401267644
        dmean2: 0.00137951259967
        dvar: 8.23632092306e-007
        dvar2: 1.93917776414e-006
        max: 0.0143818585202
        mean: 0.00551113206893
        median: 0.00568119762465
        min: 1.00796553985e-020
        var: 6.6808865995e-006
    spectral_energyband_high:
        dmean: 0.000160954587045
        dmean2: 0.000264928763499
        dvar: 2.82832921528e-008
        dvar2: 7.66133325669e-008
        max: 0.00294381007552
        mean: 0.000692095432896
        median: 0.000733114371542
        min: 7.31159564499e-021
        var: 1.67795761286e-007
    spectral_energyband_low:
        dmean: 0.000148745661136
        dmean2: 0.000251124234637
        dvar: 4.18485548437e-008
        dvar2: 1.1500105046e-007
        max: 0.0028151946608
        mean: 0.000288703362457
        median: 0.000229225726798
        min: 1.71483230443e-023
        var: 6.59142997961e-008
    spectral_energyband_middle_high:
        dmean: 0.00066300528124
        dmean2: 0.00105096958578
        dvar: 4.03503491953e-007
        dvar2: 1.01996863577e-006
        max: 0.0103446543217
        mean: 0.00363040762022
        median: 0.0037065083161
        min: 1.2230540874e-021
        var: 3.30415559802e-006
    spectral_energyband_middle_low:
        dmean: 0.000402386212954
        dmean2: 0.000643195584416
        dvar: 2.9207549801e-007
        dvar2: 7.2575807053e-007
        max: 0.0062847500667
        mean: 0.00102353282273
        median: 0.000837019528262
        min: 1.89381484107e-022
        var: 5.99515033173e-007
    spectral_flatness_db:
        dmean: 0.0109644280747
        dmean2: 0.0177964419127
        dvar: 0.000179824113729
        dvar2: 0.000438093440607
        max: 0.437553703785
        mean: 0.148705720901
        median: 0.14154522121
        min: 0.0460421964526
        var: 0.00126628775615
    spectral_flux:
        dmean: 0.00486607896164
        dmean2: 0.00745806517079
        dvar: 2.0729505195e-005
        dvar2: 4.36011177953e-005
        max: 0.0839919894934
        mean: 0.0433267056942
        median: 0.0454654805362
        min: 6.43298539438e-011
        var: 0.000195574524696
    spectral_kurtosis:
        dmean: 1.23777675629
        dmean2: 2.17325305939
        dvar: 12.3019552231
        dvar2: 35.4951820374
        max: 142.402053833
        mean: 3.93659853935
        median: 3.32155895233
        min: -1.25303757191
        var: 30.8067436218
    spectral_rms:
        dmean: 0.000181327806786
        dmean2: 0.00028209638549
        dvar: 2.91736501623e-008
        dvar2: 6.55240057768e-008
        max: 0.00374580849893
        mean: 0.00222522974946
        median: 0.00235427939333
        min: 3.13589063571e-012
        var: 4.25037796958e-007
    spectral_rolloff:
        dmean: 188.098831177
        dmean2: 314.788543701
        dvar: 78399.0703125
        dvar2: 155029.796875
        max: 19272.2167969
        mean: 3801.46337891
        median: 3832.91015625
        min: 129.19921875
        var: 749025.625
    spectral_skewness:
        dmean: 0.150409832597
        dmean2: 0.256516426802
        dvar: 0.0571894831955
        dvar2: 0.173093914986
        max: 8.76030921936
        mean: 1.13674819469
        median: 1.0980335474
        min: -0.0376229099929
        var: 0.189232513309
    spectral_spread:
        dmean: 296588.15625
        dmean2: 472580.1875
        dvar: 610760261632
        dvar2: 1.38283686298e+012
        max: 42540768
        mean: 3733175.25
        median: 3586462.75
        min: 450747.21875
        var: 3.90617418957e+012
    spectral_strongpeak:
        dmean: 0.698684632778
        dmean2: 1.21103155613
        dvar: 0.544674873352
        dvar2: 1.45611488819
        max: 5.46626520157
        mean: 1.03680253029
        median: 0.861667394638
        min: 4.16180076512e-011
        var: 0.820727229118
    zerocrossingrate:
        dmean: 0.00553270662203
        dmean2: 0.0068793958053
        dvar: 4.42733435193e-005
        dvar2: 5.34966056875e-005
        max: 0.52880859375
        mean: 0.12201961875
        median: 0.1240234375
        min: 0.0087890625
        var: 0.000686145911459
    barkbands:
        dmean: [3.40568107049e-007, 4.27555205533e-005, 9.26621069084e-005, 0.00011133030057, 0.000148444974911, 5.30984216311e-005, 5.67302085983e-005, 6.21876097284e-005, 0.000166400452144, 0.000115537615784, 9.13010590011e-005, 7.62504860177e-005, 6.97622672305e-005, 7.87033786764e-005, 0.000118087598821, 0.000164137585671, 0.000242541616899, 0.000247779680649, 0.000260457134573, 0.000211437698454, 9.2318674433e-005, 2.29544384638e-005, 2.9813816127e-006, 9.75980810836e-007, 4.35789218045e-007, 1.94659719455e-008, 2.71155542464e-010]
        dmean2: [4.34022638274e-007, 7.25575155229e-005, 0.000155702233315, 0.000187787605682, 0.00025193701731, 8.57125924085e-005, 9.26157954382e-005, 9.7270218248e-005, 0.000256055907812, 0.000183467796887, 0.000144534715218, 0.00012418247934, 0.000111929562991, 0.000127370847622, 0.000193208135897, 0.000273462879704, 0.000410013162764, 0.000420195807237, 0.000436377653386, 0.000354690273525, 0.0001549624576, 3.90130007872e-005, 4.9688501349e-006, 1.48654976329e-006, 6.69698863476e-007, 3.15773682757e-008, 4.89958740246e-010]
        dvar: [6.91921238187e-013, 6.42146025243e-009, 1.62630744427e-008, 1.91878068989e-008, 1.17463486049e-007, 6.6571668178e-009, 1.24726833306e-008, 1.79928640875e-008, 7.78198341322e-008, 7.19129502613e-008, 2.6482929627e-008, 2.33606627376e-008, 1.51724908193e-008, 1.54770631866e-008, 3.13204040481e-008, 4.57706690327e-008, 6.19555606818e-008, 6.46626077128e-008, 6.69593589464e-008, 4.70227732308e-008, 9.12197162251e-009, 6.85343171103e-010, 1.85414773812e-011, 3.45606919819e-012, 8.39905185332e-013, 1.77673842774e-015, 1.29123514005e-019]
        dvar2: [1.13358866564e-012, 1.79053305516e-008, 4.42799610312e-008, 5.30895754025e-008, 3.06589754473e-007, 1.64745141973e-008, 3.09347001348e-008, 4.24944950339e-008, 1.83190792313e-007, 1.86809458569e-007, 6.5896557544e-008, 5.85843196177e-008, 3.62730219194e-008, 3.88835239562e-008, 8.11634564002e-008, 1.20889325217e-007, 1.70057631976e-007, 1.81350642947e-007, 1.8659349621e-007, 1.30545302568e-007, 2.57723336006e-008, 1.95305038808e-009, 4.75353437168e-011, 6.82048731729e-012, 1.83911740004e-012, 4.2293295263e-015, 3.87897766258e-019]
        max: [7.77746663516e-006, 0.00173450424336, 0.0020645740442, 0.00244223349728, 0.00462883757427, 0.00165273540188, 0.00201832293533, 0.00267266877927, 0.00407757796347, 0.00429471861571, 0.00365372095257, 0.00337663362734, 0.00306449667551, 0.00196676445194, 0.00302547821775, 0.00428726570681, 0.00431415392086, 0.00380229717121, 0.00346217630431, 0.00367493066005, 0.00142948329449, 0.000376907904865, 8.15207531559e-005, 5.82076172577e-005, 2.27837026614e-005, 4.81147367282e-007, 3.8665639579e-009]
        mean: [4.77755747852e-007, 6.38749406789e-005, 0.000148429375258, 0.000161639007274, 0.000201197035494, 9.60152756306e-005, 8.88387512532e-005, 0.000102512589365, 0.000305308494717, 0.000191686514881, 0.000154357243446, 0.000135650465381, 0.000120107994007, 0.000141866199556, 0.00023550511105, 0.00034044511267, 0.000582247797865, 0.000623228959739, 0.000762932293583, 0.000646496075206, 0.000326453562593, 7.02240795363e-005, 7.96037875261e-006, 2.5617753181e-006, 1.07364428459e-006, 3.59098173419e-008, 3.03183977923e-010]
        median: [6.17157596139e-008, 4.4939086365e-005, 0.000101987658127, 0.000108415260911, 0.00011917707161, 6.23043670203e-005, 4.6406450565e-005, 4.45521145593e-005, 0.000137115435791, 6.60000441712e-005, 7.26931830286e-005, 7.46835794416e-005, 6.02705185884e-005, 7.79346737545e-005, 0.000153336644871, 0.000274215650279, 0.000531760742888, 0.000594801327679, 0.000738924311008, 0.000636974174995, 0.000343499268638, 7.12164473953e-005, 6.81677192915e-006, 1.85519638762e-006, 7.44630767713e-007, 2.35844535013e-008, 1.79060211103e-010]
        min: [5.66332365062e-025, 2.0793679264e-024, 1.1623031218e-024, 2.02754508974e-024, 1.68572854351e-023, 1.77274936768e-023, 1.26031384335e-023, 9.93023550632e-024, 1.42755251303e-023, 1.98544330713e-023, 2.89701720595e-023, 2.63182204891e-023, 2.4256007132e-023, 4.3435325152e-023, 6.95903492525e-023, 1.01959962766e-022, 8.10917014369e-023, 8.63395260337e-023, 1.58890672212e-022, 1.61595745676e-022, 1.91864881345e-022, 3.39984408892e-022, 5.04041425835e-022, 6.00992607792e-022, 8.61214369167e-022, 1.30968823089e-021, 2.1377533774e-021]
        var: [1.33837320566e-012, 6.21657347821e-009, 2.77570126883e-008, 3.07127301369e-008, 1.03312039812e-007, 1.25188410749e-008, 1.91941875727e-008, 3.83767506662e-008, 1.92833027768e-007, 1.49740941424e-007, 5.57914852095e-008, 5.11462410202e-008, 3.36777752352e-008, 3.15720214417e-008, 7.24817326159e-008, 9.09325592602e-008, 1.4275327942e-007, 1.52316786739e-007, 2.09681587648e-007, 1.65870289948e-007, 3.92948571459e-008, 2.08742778618e-009, 4.48453843505e-011, 1.09628348066e-011, 1.97957080415e-012, 2.40528346142e-015, 1.36222778688e-019]
    frequency_bands:
        dmean: [3.40568107049e-007, 4.27555205533e-005, 9.26621069084e-005, 0.00011133030057, 0.000148444974911, 5.30984216311e-005, 5.67302085983e-005, 6.21876097284e-005, 0.000166400452144, 0.000115537615784, 9.13010590011e-005, 7.62504860177e-005, 6.97622672305e-005, 7.87033786764e-005, 0.000118087598821, 0.000164137585671, 0.000242541616899, 0.000247779680649, 0.000260457134573, 0.000211437698454, 9.2318674433e-005, 2.29544384638e-005, 2.9813816127e-006, 9.75980810836e-007, 4.35789218045e-007, 1.94659719455e-008, 2.71155542464e-010, 6.61619370401e-011]
        dmean2: [4.34022638274e-007, 7.25575155229e-005, 0.000155702233315, 0.000187787605682, 0.00025193701731, 8.57125924085e-005, 9.26157954382e-005, 9.7270218248e-005, 0.000256055907812, 0.000183467796887, 0.000144534715218, 0.00012418247934, 0.000111929562991, 0.000127370847622, 0.000193208135897, 0.000273462879704, 0.000410013162764, 0.000420195807237, 0.000436377653386, 0.000354690273525, 0.0001549624576, 3.90130007872e-005, 4.9688501349e-006, 1.48654976329e-006, 6.69698863476e-007, 3.15773682757e-008, 4.89958740246e-010, 1.22924115331e-010]
        dvar: [6.91921238187e-013, 6.42146025243e-009, 1.62630744427e-008, 1.91878068989e-008, 1.17463486049e-007, 6.6571668178e-009, 1.24726833306e-008, 1.79928640875e-008, 7.78198341322e-008, 7.19129502613e-008, 2.6482929627e-008, 2.33606627376e-008, 1.51724908193e-008, 1.54770631866e-008, 3.13204040481e-008, 4.57706690327e-008, 6.19555606818e-008, 6.46626077128e-008, 6.69593589464e-008, 4.70227732308e-008, 9.12197162251e-009, 6.85343171103e-010, 1.85414773812e-011, 3.45606919819e-012, 8.39905185332e-013, 1.77673842774e-015, 1.29123514005e-019, 8.31900227247e-021]
        dvar2: [1.13358866564e-012, 1.79053305516e-008, 4.42799610312e-008, 5.30895754025e-008, 3.06589754473e-007, 1.64745141973e-008, 3.09347001348e-008, 4.24944950339e-008, 1.83190792313e-007, 1.86809458569e-007, 6.5896557544e-008, 5.85843196177e-008, 3.62730219194e-008, 3.88835239562e-008, 8.11634564002e-008, 1.20889325217e-007, 1.70057631976e-007, 1.81350642947e-007, 1.8659349621e-007, 1.30545302568e-007, 2.57723336006e-008, 1.95305038808e-009, 4.75353437168e-011, 6.82048731729e-012, 1.83911740004e-012, 4.2293295263e-015, 3.87897766258e-019, 2.62749559492e-020]
        max: [7.77746663516e-006, 0.00173450424336, 0.0020645740442, 0.00244223349728, 0.00462883757427, 0.00165273540188, 0.00201832293533, 0.00267266877927, 0.00407757796347, 0.00429471861571, 0.00365372095257, 0.00337663362734, 0.00306449667551, 0.00196676445194, 0.00302547821775, 0.00428726570681, 0.00431415392086, 0.00380229717121, 0.00346217630431, 0.00367493066005, 0.00142948329449, 0.000376907904865, 8.15207531559e-005, 5.82076172577e-005, 2.27837026614e-005, 4.81147367282e-007, 3.8665639579e-009, 1.05854003341e-009]
        mean: [4.77755747852e-007, 6.38749406789e-005, 0.000148429375258, 0.000161639007274, 0.000201197035494, 9.60152756306e-005, 8.88387512532e-005, 0.000102512589365, 0.000305308494717, 0.000191686514881, 0.000154357243446, 0.000135650465381, 0.000120107994007, 0.000141866199556, 0.00023550511105, 0.00034044511267, 0.000582247797865, 0.000623228959739, 0.000762932293583, 0.000646496075206, 0.000326453562593, 7.02240795363e-005, 7.96037875261e-006, 2.5617753181e-006, 1.07364428459e-006, 3.59098173419e-008, 3.03183977923e-010, 5.23453988488e-011]
        median: [6.17157596139e-008, 4.4939086365e-005, 0.000101987658127, 0.000108415260911, 0.00011917707161, 6.23043670203e-005, 4.6406450565e-005, 4.45521145593e-005, 0.000137115435791, 6.60000441712e-005, 7.26931830286e-005, 7.46835794416e-005, 6.02705185884e-005, 7.79346737545e-005, 0.000153336644871, 0.000274215650279, 0.000531760742888, 0.000594801327679, 0.000738924311008, 0.000636974174995, 0.000343499268638, 7.12164473953e-005, 6.81677192915e-006, 1.85519638762e-006, 7.44630767713e-007, 2.35844535013e-008, 1.79060211103e-010, 1.98482844743e-011]
        min: [5.66332365062e-025, 2.0793679264e-024, 1.1623031218e-024, 2.02754508974e-024, 1.68572854351e-023, 1.77274936768e-023, 1.26031384335e-023, 9.93023550632e-024, 1.42755251303e-023, 1.98544330713e-023, 2.89701720595e-023, 2.63182204891e-023, 2.4256007132e-023, 4.3435325152e-023, 6.95903492525e-023, 1.01959962766e-022, 8.10917014369e-023, 8.63395260337e-023, 1.58890672212e-022, 1.61595745676e-022, 1.91864881345e-022, 3.39984408892e-022, 5.04041425835e-022, 6.00992607792e-022, 8.61214369167e-022, 1.30968823089e-021, 2.1377533774e-021, 5.35146981256e-022]
        var: [1.33837320566e-012, 6.21657347821e-009, 2.77570126883e-008, 3.07127301369e-008, 1.03312039812e-007, 1.25188410749e-008, 1.91941875727e-008, 3.83767506662e-008, 1.92833027768e-007, 1.49740941424e-007, 5.57914852095e-008, 5.11462410202e-008, 3.36777752352e-008, 3.15720214417e-008, 7.24817326159e-008, 9.09325592602e-008, 1.4275327942e-007, 1.52316786739e-007, 2.09681587648e-007, 1.65870289948e-007, 3.92948571459e-008, 2.08742778618e-009, 4.48453843505e-011, 1.09628348066e-011, 1.97957080415e-012, 2.40528346142e-015, 1.36222778688e-019, 6.9243636428e-021]
    mfcc:
        mean: [-692.799316406, 90.6610336304, -71.6677780151, 59.6179237366, -18.7324581146, -1.87199687958, 3.40886425972, 1.47073829174, 6.94666051865, -4.55775308609, -3.97597455978, -5.41855049133, -6.11150503159]
        cov: [[5036.14501953, 371.981506348, -282.571502686, 638.660705566, -83.4716186523, 113.430252075, 46.8694419861, 88.3468093872, 135.766326904, -15.6671552658, -97.4500579834, -19.6043357849, 20.9008216858], [371.981506348, 455.957702637, -47.6499633789, 54.0661811829, -4.28268575668, 33.1016998291, 49.2961730957, 18.3870105743, 6.12009572983, 5.88328409195, 23.2706928253, 7.58019208908, -6.94783830643], [-282.571502686, -47.6499633789, 403.553253174, -18.9740123749, 149.756240845, 14.2946901321, 1.39711713791, 3.55905914307, -35.0995559692, 7.61407375336, -6.02059412003, 34.5317382813, 28.8352661133], [638.660705566, 54.0661811829, -18.9740123749, 317.08770752, 62.6741333008, 44.4074821472, -3.29683303833, 30.1914691925, 36.1743965149, -22.6000747681, -20.8161773682, 10.8834047318, 32.2273674011], [-83.4716186523, -4.28268575668, 149.756240845, 62.6741333008, 152.548294067, 36.198387146, 9.47306537628, 4.98000860214, -7.50057172775, 2.43319535255, -8.63978385925, 16.7160224915, 20.3111000061], [113.430252075, 33.1016998291, 14.2946901321, 44.4074821472, 36.198387146, 80.229675293, 43.4562492371, 26.9613304138, 8.86819458008, 1.49971401691, -1.44485878944, -0.281315505505, -1.47954750061], [46.8694419861, 49.2961730957, 1.39711713791, -3.29683303833, 9.47306537628, 43.4562492371, 89.7504501343, 50.6189346313, 4.6946105957, -8.74976444244, -1.80312490463, 1.54764461517, -3.73013615608], [88.3468093872, 18.3870105743, 3.55905914307, 30.1914691925, 4.98000860214, 26.9613304138, 50.6189346313, 75.8844909668, 30.8728218079, -2.29586648941, -8.88985061646, -0.0518277436495, 3.68339133263], [135.766326904, 6.12009572983, -35.0995559692, 36.1743965149, -7.50057172775, 8.86819458008, 4.6946105957, 30.8728218079, 65.4224853516, 31.8612289429, 1.9850012064, -8.07720565796, -3.89644241333], [-15.6671552658, 5.88328409195, 7.61407375336, -22.6000747681, 2.43319535255, 1.49971401691, -8.74976444244, -2.29586648941, 31.8612289429, 68.5310897827, 28.2445030212, -1.51351809502, -12.3565349579], [-97.4500579834, 23.2706928253, -6.02059412003, -20.8161773682, -8.63978385925, -1.44485878944, -1.80312490463, -8.88985061646, 1.9850012064, 28.2445030212, 54.3284187317, 22.6964321136, -2.63452219963], [-19.6043357849, 7.58019208908, 34.5317382813, 10.8834047318, 16.7160224915, -0.281315505505, 1.54764461517, -0.0518277436495, -8.07720565796, -1.51351809502, 22.6964321136, 51.8218231201, 30.1617412567], [20.9008216858, -6.94783830643, 28.8352661133, 32.2273674011, 20.3111000061, -1.47954750061, -3.73013615608, 3.68339133263, -3.89644241333, -12.3565349579, -2.63452219963, 30.1617412567, 60.3811340332]]
        icov: [[0.000334617361659, -0.000186194447451, -3.34939363711e-006, -0.000725424848497, 0.000620020087808, -0.000197148619918, -0.000228914155741, 0.0002632093383, -0.000105757688289, -0.000531475583557, 0.00100829044823, -0.000454164546682, 0.000163209973834], [-0.000186194447451, 0.00263478769921, 0.000209322650335, -0.000281452172203, -0.000161549789482, 6.07454567216e-005, -0.00166013883427, 0.000395954586565, 0.000440312025603, -7.37404916435e-005, -0.00163899408653, 0.000257184816292, 0.000160344454343], [-3.34939363711e-006, 0.000209322650335, 0.00488495826721, 0.00104789400939, -0.00478007737547, 0.000525030132849, 0.0012543220073, -0.00263268104754, 0.00335743906908, -0.00232809991576, 0.00175185024273, -0.00228544115089, -4.97039400216e-005], [-0.000725424848497, -0.000281452172203, 0.00104789400939, 0.00685254763812, -0.00403963495046, -0.00224082870409, 0.00392717542127, -0.0019740560092, -0.00352380122058, 0.0047096516937, -0.00180657661986, 0.000169509876287, -0.00169925158843], [0.000620020087808, -0.000161549789482, -0.00478007737547, -0.00403963495046, 0.0149821247905, -0.00453976215795, -0.0017230497906, 0.00310187949799, 0.000668000080623, -0.00350277149118, 0.00443174177781, -0.00204199575819, -0.000701315992046], [-0.000197148619918, 6.07454567216e-005, 0.000525030132849, -0.00224082870409, -0.00453976215795, 0.0213702414185, -0.0101836891845, 0.000140934891533, 0.000387892272556, -0.00177009904291, -0.00152816716582, 0.0020002250094, 0.00103049201425], [-0.000228914155741, -0.00166013883427, 0.0012543220073, 0.00392717542127, -0.0017230497906, -0.0101836891845, 0.0276968795806, -0.0181256867945, 0.00545145059004, 0.00297292484902, -0.00181743642315, -0.00116624019574, 0.00180337578058], [0.0002632093383, 0.000395954586565, -0.00263268104754, -0.0019740560092, 0.00310187949799, 0.000140934891533, -0.0181256867945, 0.0333751365542, -0.0178628712893, 0.00509199500084, 0.0032532250043, -0.00164895597845, -0.00107538164593], [-0.000105757688289, 0.000440312025603, 0.00335743906908, -0.00352380122058, 0.000668000080623, 0.000387892272556, 0.00545145059004, -0.0178628712893, 0.0375781655312, -0.0211623869836, 0.00492201652378, 0.00162800087128, -0.000928307767026], [-0.000531475583557, -7.37404916435e-005, -0.00232809991576, 0.0047096516937, -0.00350277149118, -0.00177009904291, 0.00297292484902, 0.00509199500084, -0.0211623869836, 0.0352215059102, -0.0193704888225, 0.00682569853961, 0.00136894150637], [0.00100829044823, -0.00163899408653, 0.00175185024273, -0.00180657661986, 0.00443174177781, -0.00152816716582, -0.00181743642315, 0.0032532250043, 0.00492201652378, -0.0193704888225, 0.0421082414687, -0.0245689786971, 0.00821469072253], [-0.000454164546682, 0.000257184816292, -0.00228544115089, 0.000169509876287, -0.00204199575819, 0.0020002250094, -0.00116624019574, -0.00164895597845, 0.00162800087128, 0.00682569853961, -0.0245689786971, 0.0438548102975, -0.0195243712515], [0.000163209973834, 0.000160344454343, -4.97039400216e-005, -0.00169925158843, -0.000701315992046, 0.00103049201425, 0.00180337578058, -0.00107538164593, -0.000928307767026, 0.00136894150637, 0.00821469072253, -0.0195243712515, 0.028223792091]]
    sccoeffs:
        dmean: [0.051285289228, 0.0427892394364, 0.0378116853535, 0.02980639413, 0.018672183156, 0.0171248465776]
        dmean2: [0.0852397531271, 0.0710644498467, 0.0625292658806, 0.0499480888247, 0.0318535380065, 0.0273552369326]
        dvar: [0.00172435410786, 0.00113719794899, 0.000935719872359, 0.00054787483532, 0.000209634352359, 0.000273613724858]
        dvar2: [0.00477489456534, 0.0030986124184, 0.00249455776066, 0.00149951968342, 0.000600256316829, 0.000616965349764]
        max: [-0.408929139376, -0.54226320982, -0.550853252411, -0.601339280605, -0.689976155758, -0.52994453907]
        mean: [-0.6820358634, -0.777852654457, -0.767894268036, -0.78086745739, -0.795070290565, -0.702781140804]
        median: [-0.683050334454, -0.781604170799, -0.77174526453, -0.783204197884, -0.795329511166, -0.697982192039]
        min: [-0.979656398296, -0.992837309837, -0.975026905537, -0.97426700592, -0.966258347034, -0.965787410736]
        var: [0.00431753695011, 0.00316834123805, 0.00302546727471, 0.00153521506581, 0.000616857258137, 0.00213760859333]
    scvalleys:
        dmean: [0.364543676376, 0.342686086893, 0.278250038624, 0.225779756904, 0.152384787798, 0.187051951885]
        dmean2: [0.598895549774, 0.568851232529, 0.454544991255, 0.366406679153, 0.240792691708, 0.274296820164]
        dvar: [0.114543743432, 0.139699652791, 0.104595482349, 0.0767775177956, 0.0532118305564, 0.0857494398952]
        dvar2: [0.263100773096, 0.315327465534, 0.221967935562, 0.150280565023, 0.0821997150779, 0.159217059612]
        max: [-5.51425075531, -5.02655553818, -5.17768764496, -5.67995738983, -5.59888887405, -7.88364267349]
        mean: [-7.13825893402, -6.86836099625, -6.84182453156, -6.9604268074, -6.50626754761, -9.83210754395]
        median: [-6.8499007225, -6.68421268463, -6.66380834579, -6.76437902451, -6.18424034119, -9.53763389587]
        min: [-27.8722686768, -27.9427986145, -27.6453342438, -27.6401977539, -27.4776115417, -27.3768615723]
        var: [2.45700883865, 1.87660622597, 1.847874403, 1.77786195278, 1.93107438087, 1.90346884727]

rhythm:
    beats_loudness:
        dmean: 0.00158680218738
        dmean2: 0.00275639886968
        dvar: 2.01194779947e-006
        dvar2: 5.52680921828e-006
        max: 0.0125419953838
        mean: 0.00628346204758
        median: 0.00668666139245
        min: 7.82852466747e-016
        var: 6.57992586639e-006
    bpm: 125.017585754
    bpm_confidence: 0
    first_peak_bpm: 126
    first_peak_spread: 0.387795299292
    first_peak_weight: 0.592380940914
    onset_rate: 1.63251316547
    second_peak_bpm: 117
    second_peak_spread: 0.411764711142
    second_peak_weight: 0.0190476197749
    beats_loudness_band_ratio:
        dmean: [0.0575196444988, 0.0637799873948, 0.0631624534726, 0.069186411798, 0.09159091115, 0.0761419162154]
        dmean2: [0.103188827634, 0.119607038796, 0.111059352756, 0.116582632065, 0.154550015926, 0.131787791848]
        dvar: [0.00312752113678, 0.00421265233308, 0.00467012776062, 0.00448349351063, 0.00496419984847, 0.00440115109086]
        dvar2: [0.00864788051695, 0.0128575842828, 0.0129142859951, 0.012160403654, 0.0139476712793, 0.0102250184864]
        max: [0.503223657608, 0.407950639725, 0.868971347809, 0.940536260605, 0.631639957428, 0.734919369221]
        mean: [0.0908237919211, 0.0652170330286, 0.102225594223, 0.113981999457, 0.347600758076, 0.315256029367]
        median: [0.0750690698624, 0.043016076088, 0.0831183940172, 0.0867381095886, 0.343503564596, 0.314151108265]
        min: [0, 0, 0, 0, 0, 0]
        var: [0.0044374987483, 0.0041277911514, 0.00597186665982, 0.00826705154032, 0.00839624833316, 0.00944632012397]
    beats_position: [0.49922901392, 1.01006805897, 1.53251695633, 2.04335594177, 2.55419492722, 3.06503391266, 3.5758728981, 4.08671188354, 4.57433080673, 5.06195020676, 5.53795909882, 6.01396799088, 6.48997735977, 6.96598625183, 7.45360517502, 7.92961454391, 8.4172334671, 8.90485286713, 9.38086128235, 9.85687065125, 10.3328800201, 10.8204984665, 11.2965078354, 11.7725172043, 12.2485256195, 12.7245349884, 13.2121543884, 13.6881628036, 14.1757822037, 14.6517915726, 15.1277999878, 15.6154193878, 16.0914287567, 16.5674381256, 17.0434455872, 17.5310649872, 18.0186843872, 18.4946937561, 18.970703125, 19.458322525, 19.9343299866, 20.4219493866, 20.8979587555, 21.3739681244, 21.8499774933, 22.3259868622, 22.8019943237, 23.2896137238, 23.7772331238, 24.2648525238, 24.7408618927, 25.2168693542, 25.6928787231, 26.168888092, 26.6565074921, 27.1441268921, 27.620136261, 28.0961437225, 28.5721530914, 29.0481624603, 29.5357818604, 30.0117912292, 30.4878005981, 30.9754180908, 31.4630374908, 31.9274368286, 32.4034461975, 32.8794555664, 33.3670730591, 33.843082428, 34.3190917969, 34.8067131042, 35.2943305969, 35.7703399658, 36.2463493347, 36.7223587036, 37.1983680725, 37.6859855652, 38.1736030579, 38.6612243652, 39.1372337341, 39.613243103, 40.0892524719, 40.5652618408, 41.041267395, 41.5172767639, 42.0048980713, 42.492515564, 42.9685249329, 43.4561424255, 43.9321517944, 44.4081611633, 44.8957824707, 45.3717918396, 45.8478012085, 46.3238105774, 46.8114280701, 47.2990455627, 47.7750549316, 48.2510643005, 48.7270736694, 49.2030830383, 49.690700531, 50.1667098999, 50.6427192688, 51.1303405762, 51.6179580688, 52.0939674377, 52.5699768066, 53.0575942993, 53.5219955444, 54.0096130371, 54.485622406, 54.9616317749, 55.4492492676, 55.9252586365, 56.4012680054, 56.8772773743, 57.3532867432, 57.8409042358, 58.3285255432, 58.8045349121, 59.280544281, 59.7681617737, 60.2557830811, 60.7201805115, 61.2077980042, 61.6954193115, 62.1714286804, 62.6474380493, 63.135055542, 63.6226730347, 64.0986862183, 64.5746917725, 65.0623092651, 65.5383224487, 66.0143280029, 66.5019454956, 66.9779586792, 67.4655761719, 67.9415893555, 68.4175949097, 68.8936004639, 69.3812255859, 69.8456192017, 70.3216323853, 70.7976379395, 71.2852630615, 71.7728805542, 72.2604980469, 72.7365036011, 73.2241287231, 73.7001342773, 74.1761474609, 74.6521530151, 75.1281585693, 75.6041717529, 76.0917892456, 76.5678024292, 77.0438079834, 77.5314254761, 78.0190429688, 78.4950561523, 78.9710617065, 79.4470748901, 79.9230804443, 80.410697937, 80.8867111206, 81.3627166748, 81.8503417969, 82.3379592896, 82.8139648438, 83.2899780273, 83.7659835815, 84.2419967651, 84.7296142578, 85.2172317505, 85.6932373047, 86.1692504883, 86.6452560425, 87.1212692261, 87.6088867188, 88.0848999023, 88.572517395, 89.0485229492, 89.5361404419, 90.0121536255, 90.4881591797, 90.9757843018, 91.451789856, 91.9277954102, 92.4154205322, 92.8914260864, 93.36743927, 93.8550567627, 94.3310623169, 94.8070755005, 95.2946929932, 95.7706985474, 96.246711731, 96.7343292236, 97.2103347778, 97.6863479614, 98.1623535156, 98.6383666992, 99.1259841919, 99.6136016846, 100.101219177, 100.577232361, 101.053237915, 101.51763916, 102.005256653, 102.492874146, 102.968887329, 103.444892883, 103.932518005, 104.40852356, 104.884536743, 105.372154236, 105.84815979, 106.324172974, 106.811790466, 107.299407959, 107.775421143, 108.251426697, 108.739044189, 109.215057373, 109.691062927, 110.17868042, 110.654693604, 111.130699158, 111.606712341, 112.094329834, 112.570335388, 113.046348572, 113.522354126, 114.009971619, 114.497596741, 114.973602295, 115.449615479, 115.937232971, 116.424850464, 116.889251709, 117.365257263, 117.841270447, 118.328887939, 118.804893494, 119.280906677, 119.76852417, 120.244529724, 120.720542908, 121.2081604, 121.695777893, 122.171791077, 122.647796631, 123.135414124, 123.611427307, 124.087432861, 124.563446045, 125.039451599, 125.515464783, 126.003082275, 126.47908783, 126.955101013, 127.431106567, 127.91872406, 128.406341553, 128.893966675, 129.369979858, 129.845977783, 130.333602905, 130.821228027, 131.297225952, 131.761627197, 132.237640381, 132.725265503, 133.212875366, 133.700500488, 134.188110352, 134.664123535, 135.140136719, 135.616149902, 136.092147827, 136.579772949, 137.055786133, 137.531784058, 138.007797241, 138.495422363, 138.971420288, 139.447433472, 139.923446655, 140.411056519, 140.898681641, 141.374694824, 141.862304688, 142.338317871, 142.814331055, 143.301940918, 143.78956604, 144.265579224, 144.741577148, 145.217590332, 145.693603516, 146.169616699, 146.645614624, 147.121627808, 147.597640991, 148.073654175, 148.561264038, 149.04888916, 149.536499023, 150.012512207, 150.488525391, 150.964538574, 151.440536499, 151.928161621, 152.415786743, 152.891784668, 153.367797852, 153.843811035, 154.31980896, 154.807434082, 155.295059204, 155.782669067, 156.258682251, 156.734695435, 157.210693359, 157.686706543, 158.174331665, 158.650344849, 159.137954712, 159.613967896, 160.089981079, 160.565979004, 161.053604126, 161.52961731, 162.017227173, 162.493240356, 162.96925354, 163.445251465, 163.921264648, 164.397277832, 164.884887695, 165.372512817, 165.848526001, 166.324539185, 166.812149048, 167.29977417, 167.775772095, 168.251785278, 168.7394104, 169.215423584, 169.691421509, 170.167434692, 170.655059814, 171.131057739, 171.607070923, 172.083084106, 172.57069397, 173.058319092, 173.534332275, 174.0103302, 174.497955322, 174.973968506, 175.461578369, 175.937591553, 176.413604736, 176.88961792, 177.377227783, 177.853240967, 178.34085083, 178.816864014, 179.292877197, 179.768890381, 180.244888306, 180.720901489, 181.208526611, 181.696136475, 182.172149658, 182.648162842, 183.124176025, 183.60017395, 184.087799072, 184.563812256, 185.039810181, 185.527435303, 186.003448486, 186.479446411, 186.967071533, 187.443084717, 187.93069458, 188.429931641, 188.894332886, 189.370330811, 189.846343994, 190.322357178, 190.798370361, 191.285980225, 191.761993408, 192.238006592, 192.725616455, 193.201629639, 193.677642822, 194.165252686, 194.652877808, 195.128890991, 195.604888916, 196.092514038, 196.58013916, 197.056137085, 197.532150269, 198.008163452, 198.484161377, 198.971786499, 199.459411621, 199.935409546, 200.411422729, 200.887435913, 201.363449097, 201.827835083, 202.315460205, 202.803085327, 203.29069519, 203.778320313, 204.254333496, 204.730331421, 205.217956543, 205.693969727, 206.169967651, 206.645980835, 207.121994019, 207.609603882, 208.097229004, 208.573242188, 209.049255371, 209.513641357, 210.001266479, 210.477279663, 210.953277588, 211.44090271, 211.928527832, 212.404525757, 212.88053894, 213.368164063, 213.844161987, 214.320175171, 214.807800293, 215.283798218, 215.759811401, 216.247436523, 216.723449707, 217.199447632, 217.687072754, 218.163085938, 218.639083862, 219.126708984, 219.614334106, 220.090332031, 220.566345215, 221.042358398, 221.518356323, 222.005981445, 222.481994629, 222.969604492, 223.445617676, 223.933242798, 224.409240723, 224.885253906, 225.372879028, 225.848892212, 226.324890137, 226.812515259, 227.288528442, 227.764526367, 228.240539551, 228.716552734, 229.204162598, 229.69178772, 230.156188965, 230.643798828, 231.13142395, 231.607437134, 232.083435059, 232.559448242, 233.047073364, 233.534683228, 234.010696411, 234.486709595, 234.962722778, 235.438720703, 235.914733887, 236.402359009, 236.878356934, 237.365982056, 237.841995239, 238.329605103, 238.805618286, 239.28163147, 239.769241333, 240.245254517, 240.7212677, 241.208877563, 241.684890747, 242.160903931, 242.648529053, 243.124526978, 243.600540161, 244.088165283, 244.564163208, 245.05178833, 245.527801514, 246.003799438, 246.479812622, 246.967437744, 247.455047607, 247.942672729, 248.430297852, 248.929519653, 249.428741455, 249.927978516, 250.438812256, 250.949661255, 251.460494995, 251.971328735, 252.493789673, 253.016235352]
