
metadata:
    version:
        essentia: "2.1-beta2"
    audio_properties:
        analysis_sample_rate: 44100
        bitrate: 320
        channels: 2
        equal_loudness: 1
        length: 237.270202637
        replay_gain: -15.0529708862
        downmix: "mix"
    tags:
        album: "Dancing With the Dead"
        artist: "Pain"
        comment: ""
        date: "2005"
        genre: "Industrial Metal"
        title: "Tear It Up"
        tracknumber: "07"

configuration:
    average_loudness:
        compute: 1
        frameSize: 88200
        hopSize: 44100
        silentFrames: "noise"
        windowType: "hann"
    general:
        analysisSampleRate: 44100
        endTime: 2000
        equalLoudness: 1
        nequalLoudness: 0
        shortSound: 0
        startTime: 0
    lowlevel:
        compute: 1
        frameSize: 2048
        hopSize: 1024
        zeroPadding: 0
        silentFrames: "noise"
        windowType: "blackmanharris62"
        mfccStats: ["mean", "cov", "icov"]
        stats: ["mean", "var", "median", "min", "max", "dmean", "dmean2", "dvar", "dvar2"]
    panning:
        compute: 0
        frameSize: 8192
        hopSize: 2048
        zeroPadding: 8192
        silentFrames: "noise"
        windowType: "hann"
        stats: ["copy"]
    rhythm:
        compute: 1
        maxTempo: 208
        minTempo: 40
        method: "degara"
        stats: ["mean", "var", "median", "min", "max", "dmean", "dmean2", "dvar", "dvar2"]
    segmentation:
        compute: 0
        cpw: 5
        inc1: 300
        inc2: 50
        minimumSegmentsLength: 10
        size1: 1000
        size2: 600
    sfx:
        compute: 1
        stats: ["mean", "var", "median", "min", "max", "dmean", "dmean2", "dvar", "dvar2"]
    svm:
        compute: 0
    tonal:
        compute: 1
        frameSize: 4096
        hopSize: 2048
        zeroPadding: 0
        silentFrames: "noise"
        windowType: "blackmanharris62"
        stats: ["mean", "var", "median", "min", "max", "dmean", "dmean2", "dvar", "dvar2"]

lowlevel:
    average_loudness: 0.893268465996
    barkbands_kurtosis:
        dmean: 0.938111782074
        dmean2: 1.55904483795
        dvar: 1.86542928219
        dvar2: 4.94590902328
        max: 32.3471679688
        mean: -0.155308276415
        median: -0.708544492722
        min: -1.88129460812
        var: 3.44181442261
    barkbands_skewness:
        dmean: 0.411561310291
        dmean2: 0.648800075054
        dvar: 0.142472147942
        dvar2: 0.336722970009
        max: 5.54191255569
        mean: -0.481426626444
        median: -0.599332511425
        min: -3.59945654869
        var: 0.817043960094
    barkbands_spread:
        dmean: 6.32509088516
        dmean2: 10.2346343994
        dvar: 31.6979923248
        dvar2: 79.3660736084
        max: 72.4104385376
        mean: 29.9292621613
        median: 28.7157878876
        min: 0.957176625729
        var: 104.738845825
    dissonance:
        dmean: 0.010041682981
        dmean2: 0.0171372778714
        dvar: 0.000114331603982
        dvar2: 0.000313296914101
        max: 0.500000119209
        mean: 0.484749108553
        median: 0.488033086061
        min: 0.231710061431
        var: 0.000200104390387
    hfc:
        dmean: 2.22597360611
        dmean2: 3.36018896103
        dvar: 7.05351257324
        dvar2: 15.2927350998
        max: 53.9917526245
        mean: 11.011932373
        median: 11.5216417313
        min: 1.08150437255e-016
        var: 60.3517417908
    pitch:
        dmean: 1015.54309082
        dmean2: 1950.70605469
        dvar: 1856622.5
        dvar2: 4352929.5
        max: 4477.04150391
        mean: 1800.80688477
        median: 851.32019043
        min: 43.0243911743
        var: 2512940.5
    pitch_instantaneous_confidence:
        dmean: 0.0807046666741
        dmean2: 0.131075546145
        dvar: 0.00486036576331
        dvar2: 0.0117386104539
        max: 0.986434102058
        mean: 0.369214266539
        median: 0.345482289791
        min: 0.094965159893
        var: 0.01688295044
    pitch_salience:
        dmean: 0.055422000587
        dmean2: 0.0898473784328
        dvar: 0.00242356816307
        dvar2: 0.00620437087491
        max: 0.991350412369
        mean: 0.670027434826
        median: 0.692746758461
        min: 0.187471315265
        var: 0.00906642526388
    silence_rate_20dB:
        dmean: 0
        dmean2: 0
        dvar: 0
        dvar2: 0
        max: 1
        mean: 1
        median: 1
        min: 1
        var: 0
    silence_rate_30dB:
        dmean: 0
        dmean2: 0
        dvar: 0
        dvar2: 0
        max: 1
        mean: 1
        median: 1
        min: 1
        var: 0
    silence_rate_60dB:
        dmean: 0.0403170548379
        dmean2: 0.0806420072913
        dvar: 0.0386883467436
        dvar2: 0.0778698772192
        max: 1
        mean: 0.302152633667
        median: 0
        min: 0
        var: 0.210860788822
    spectral_centroid:
        dmean: 266.188232422
        dmean2: 418.827789307
        dvar: 66708.578125
        dvar2: 146032.984375
        max: 11419.8300781
        mean: 2127.98217773
        median: 2229.4140625
        min: 181.29977417
        var: 686907.1875
    spectral_complexity:
        dmean: 3.43047261238
        dmean2: 5.38676834106
        dvar: 11.9779424667
        dvar2: 26.1708965302
        max: 50
        mean: 19.5872802734
        median: 22
        min: 0
        var: 153.220977783
    spectral_crest:
        dmean: 1.76433086395
        dmean2: 2.91358327866
        dvar: 2.79280042648
        dvar2: 7.03220891953
        max: 24.1249256134
        mean: 6.53583288193
        median: 5.78752231598
        min: 2.47566056252
        var: 7.53518390656
    spectral_decrease:
        dmean: 1.96078098202e-010
        dmean2: 3.07013969802e-010
        dvar: 4.98251401866e-020
        dvar2: 1.13266642608e-019
        max: 1.45091424956e-028
        mean: -1.00209984755e-009
        median: -1.02299035909e-009
        min: -3.26371796255e-009
        var: 3.82526081209e-019
    spectral_energy:
        dmean: 0.000904658052605
        dmean2: 0.0014013556065
        dvar: 1.06026232061e-006
        dvar2: 2.33581636166e-006
        max: 0.0172152407467
        mean: 0.00478096213192
        median: 0.00492097018287
        min: 1.01878916585e-020
        var: 9.01221392269e-006
    spectral_energyband_high:
        dmean: 0.000159009650815
        dmean2: 0.000251814926742
        dvar: 3.72193547094e-008
        dvar2: 9.67985656075e-008
        max: 0.00368899572641
        mean: 0.000565285736229
        median: 0.000551952281967
        min: 7.32429981442e-021
        var: 1.94958502675e-007
    spectral_energyband_low:
        dmean: 0.0002325035166
        dmean2: 0.000400923832785
        dvar: 1.29405904659e-007
        dvar2: 3.56703225179e-007
        max: 0.00476080551744
        mean: 0.00030065968167
        median: 0.000166504265508
        min: 2.49033085255e-023
        var: 1.56052649913e-007
    spectral_energyband_middle_high:
        dmean: 0.000664485734887
        dmean2: 0.00102135434281
        dvar: 5.83620646921e-007
        dvar2: 1.3261096683e-006
        max: 0.0146041847765
        mean: 0.00302764074877
        median: 0.00311082252301
        min: 1.13751723049e-021
        var: 4.58312570117e-006
    spectral_energyband_middle_low:
        dmean: 0.000425231322879
        dmean2: 0.000698191171978
        dvar: 2.79826537053e-007
        dvar2: 7.19310946806e-007
        max: 0.00583930825815
        mean: 0.000994807458483
        median: 0.000823222449981
        min: 1.5658813238e-022
        var: 6.68028633299e-007
    spectral_flatness_db:
        dmean: 0.0141556859016
        dmean2: 0.0220622383058
        dvar: 0.000208595403819
        dvar2: 0.000470674800454
        max: 0.406304746866
        mean: 0.143943205476
        median: 0.138400614262
        min: 0.0296427495778
        var: 0.00108155491762
    spectral_flux:
        dmean: 0.00559413479641
        dmean2: 0.0085036829114
        dvar: 3.05245521304e-005
        dvar2: 6.3257633883e-005
        max: 0.097576841712
        mean: 0.0413438044488
        median: 0.0453797057271
        min: 6.39074140829e-011
        var: 0.000339695252478
    spectral_kurtosis:
        dmean: 1.07133448124
        dmean2: 1.80140936375
        dvar: 4.58982753754
        dvar2: 11.9810590744
        max: 91.7010116577
        mean: 3.93741583824
        median: 3.29398918152
        min: -1.24536597729
        var: 19.0365695953
    spectral_rms:
        dmean: 0.00020303002384
        dmean2: 0.000307838665321
        dvar: 4.17961736332e-008
        dvar2: 8.47294430173e-008
        max: 0.00409821374342
        mean: 0.00199216604233
        median: 0.00219110632315
        min: 3.15268254211e-012
        var: 6.95642086157e-007
    spectral_rolloff:
        dmean: 283.448547363
        dmean2: 465.596008301
        dvar: 192760.8125
        dvar2: 416472.5
        max: 19401.4160156
        mean: 3568.49462891
        median: 3725.24414063
        min: 129.19921875
        var: 1529276
    spectral_skewness:
        dmean: 0.148252159357
        dmean2: 0.238535955548
        dvar: 0.0311173498631
        dvar2: 0.078603990376
        max: 7.54882526398
        mean: 1.26127159595
        median: 1.18533873558
        min: -0.0754191949964
        var: 0.231640174985
    spectral_spread:
        dmean: 418455.90625
        dmean2: 630788.625
        dvar: 455341703168
        dvar2: 1.05250016461e+012
        max: 42317464
        mean: 4353548
        median: 4022982
        min: 787523.625
        var: 6.20144256614e+012
    spectral_strongpeak:
        dmean: 0.711768448353
        dmean2: 1.21171534061
        dvar: 0.874737977982
        dvar2: 2.30301475525
        max: 14.3957996368
        mean: 1.01343393326
        median: 0.614461302757
        min: 6.50429501925e-011
        var: 1.46981370449
    zerocrossingrate:
        dmean: 0.00744587089866
        dmean2: 0.00881845131516
        dvar: 5.5177766626e-005
        dvar2: 6.65336265229e-005
        max: 0.5185546875
        mean: 0.114469133317
        median: 0.119140625
        min: 0.01708984375
        var: 0.00126703036949
    barkbands:
        dmean: [4.62344786456e-007, 6.31810253253e-005, 0.000138879971928, 0.000133373629069, 0.000140691612614, 9.6623742138e-005, 7.42148185964e-005, 6.60632285872e-005, 0.000190353253856, 8.35563550936e-005, 7.46684891055e-005, 5.26881085534e-005, 9.9882032373e-005, 6.36315453448e-005, 9.52618138399e-005, 9.86459344858e-005, 0.000179079419468, 0.000208743105759, 0.000345414679032, 0.000203211136977, 8.3119244664e-005, 2.14233514271e-005, 3.6557491967e-006, 1.43559327626e-006, 6.21935896561e-007, 2.08698942572e-008, 2.58181059865e-010]
        dmean2: [6.02708553288e-007, 0.000107669497083, 0.000243096132181, 0.00023309008975, 0.000240545123233, 0.000161711577675, 0.000124514175695, 0.00010751314403, 0.000305282388581, 0.000137517752592, 0.000120974633319, 8.83988832356e-005, 0.000165176970768, 0.00010442360508, 0.000156332578626, 0.000162645272212, 0.000292096257908, 0.000342919316608, 0.000555241946131, 0.000331766612362, 0.000132606175612, 3.47148015862e-005, 5.83779365115e-006, 2.19051867134e-006, 9.59453927862e-007, 3.2994982746e-008, 4.57502591367e-010]
        dvar: [1.21725470415e-012, 1.6080397458e-008, 4.59212969872e-008, 3.80428097912e-008, 7.49901190034e-008, 2.77986895725e-008, 2.29491750048e-008, 1.96193585822e-008, 1.03334770074e-007, 2.61456438722e-008, 2.25826930489e-008, 1.09939612969e-008, 2.55839793795e-008, 1.43676421871e-008, 2.22275780004e-008, 2.08786019584e-008, 5.10511561913e-008, 7.03280491621e-008, 2.5176740337e-007, 7.58128351208e-008, 9.17344777918e-009, 7.49654172072e-010, 2.67319343744e-011, 5.72089554549e-012, 1.0226753255e-012, 9.3254568784e-016, 1.16579048597e-019]
        dvar2: [2.06302141169e-012, 4.24304573698e-008, 1.27446014631e-007, 1.05667673722e-007, 1.93628821421e-007, 7.24977269329e-008, 5.95284070926e-008, 4.65430609609e-008, 2.60801670038e-007, 6.88957300099e-008, 5.73130307657e-008, 2.94473050388e-008, 6.81395633251e-008, 3.64718246715e-008, 5.81281440759e-008, 5.48658007915e-008, 1.33382016543e-007, 1.83102883966e-007, 6.04176079833e-007, 1.943961081e-007, 2.45729410153e-008, 1.90234739073e-009, 6.48432835204e-011, 1.18036804289e-011, 2.17243540865e-012, 2.26072500699e-015, 3.53051464635e-019]
        max: [1.40363817991e-005, 0.00123958219774, 0.00315629364923, 0.00244091823697, 0.0034478714224, 0.00326679437421, 0.00318198557943, 0.00232940609567, 0.00446610152721, 0.00270814541727, 0.00262088747695, 0.00191920308862, 0.00247310660779, 0.0018352358602, 0.00282221543603, 0.00301959691569, 0.00373421725817, 0.0038351174444, 0.00981553923339, 0.00546416360885, 0.00136210757773, 0.000454711407656, 8.84280962055e-005, 4.29540741607e-005, 2.8864325941e-005, 6.42597456135e-007, 4.39320713141e-009]
        mean: [6.43473811124e-007, 6.37169723632e-005, 0.000158415117767, 0.000153982808115, 0.000169439706951, 0.000139459254569, 0.000101160585473, 9.58441960393e-005, 0.000308755115839, 0.000142809498357, 0.000120712727949, 8.67640919751e-005, 0.000167248188518, 0.000102174395579, 0.000181262628757, 0.000205913267564, 0.000400309334509, 0.000492997234687, 0.000824189861305, 0.000538406486157, 0.000254791724728, 5.84543522564e-005, 8.73172484717e-006, 3.27250563714e-006, 1.47569187448e-006, 4.41982273003e-008, 4.11410072676e-010]
        median: [7.40906500596e-008, 2.46340132435e-005, 7.61550909374e-005, 8.52390585351e-005, 9.7300769994e-005, 8.05338277132e-005, 4.95092972415e-005, 4.45254081569e-005, 0.000113785834401, 5.54205034859e-005, 4.27636987297e-005, 4.10378634115e-005, 8.12074285932e-005, 4.65141347377e-005, 0.000113476198749, 0.000159082279424, 0.000344528350979, 0.000419867399614, 0.000680501630995, 0.00046187674161, 0.000247821008088, 5.55084916414e-005, 7.02953366272e-006, 2.25099552154e-006, 1.09805728243e-006, 3.40310677416e-008, 2.29330610058e-010]
        min: [4.57750838358e-025, 6.55211932886e-024, 4.37916952353e-025, 2.06694060613e-024, 7.17215058973e-024, 8.78794361632e-024, 1.31593366477e-023, 2.94260756815e-024, 1.52736597896e-023, 3.25166982074e-023, 1.12657438867e-023, 3.13932750813e-023, 4.75164718016e-023, 4.30607171962e-023, 4.40319532764e-023, 4.37659020475e-023, 6.58400792655e-023, 1.19710361808e-022, 1.61692176033e-022, 1.94171876664e-022, 2.54413397463e-022, 3.473048109e-022, 4.03932654556e-022, 5.56170111759e-022, 8.47239641433e-022, 1.30983060451e-021, 2.04510066696e-021]
        var: [2.25602652879e-012, 1.47364636049e-008, 5.96571254619e-008, 4.14616785349e-008, 7.42785957186e-008, 3.77410103169e-008, 2.94255446676e-008, 3.31146701171e-008, 2.14772001073e-007, 6.02481264877e-008, 4.66220662076e-008, 1.85614741355e-008, 5.21399279307e-008, 2.45192701698e-008, 4.84914863819e-008, 4.14296295048e-008, 1.24579145222e-007, 1.92562282564e-007, 7.52636083234e-007, 2.53868108757e-007, 3.99646467031e-008, 2.31592411915e-009, 6.59494750477e-011, 1.6074433451e-011, 2.82626027616e-012, 2.04981168554e-015, 2.16482084346e-019]
    frequency_bands:
        dmean: [4.62344786456e-007, 6.31810253253e-005, 0.000138879971928, 0.000133373629069, 0.000140691612614, 9.6623742138e-005, 7.42148185964e-005, 6.60632285872e-005, 0.000190353253856, 8.35563550936e-005, 7.46684891055e-005, 5.26881085534e-005, 9.9882032373e-005, 6.36315453448e-005, 9.52618138399e-005, 9.86459344858e-005, 0.000179079419468, 0.000208743105759, 0.000345414679032, 0.000203211136977, 8.3119244664e-005, 2.14233514271e-005, 3.6557491967e-006, 1.43559327626e-006, 6.21935896561e-007, 2.08698942572e-008, 2.58181059865e-010, 5.74577121992e-011]
        dmean2: [6.02708553288e-007, 0.000107669497083, 0.000243096132181, 0.00023309008975, 0.000240545123233, 0.000161711577675, 0.000124514175695, 0.00010751314403, 0.000305282388581, 0.000137517752592, 0.000120974633319, 8.83988832356e-005, 0.000165176970768, 0.00010442360508, 0.000156332578626, 0.000162645272212, 0.000292096257908, 0.000342919316608, 0.000555241946131, 0.000331766612362, 0.000132606175612, 3.47148015862e-005, 5.83779365115e-006, 2.19051867134e-006, 9.59453927862e-007, 3.2994982746e-008, 4.57502591367e-010, 1.07147887785e-010]
        dvar: [1.21725470415e-012, 1.6080397458e-008, 4.59212969872e-008, 3.80428097912e-008, 7.49901190034e-008, 2.77986895725e-008, 2.29491750048e-008, 1.96193585822e-008, 1.03334770074e-007, 2.61456438722e-008, 2.25826930489e-008, 1.09939612969e-008, 2.55839793795e-008, 1.43676421871e-008, 2.22275780004e-008, 2.08786019584e-008, 5.10511561913e-008, 7.03280491621e-008, 2.5176740337e-007, 7.58128351208e-008, 9.17344777918e-009, 7.49654172072e-010, 2.67319343744e-011, 5.72089554549e-012, 1.0226753255e-012, 9.3254568784e-016, 1.16579048597e-019, 7.42717070958e-021]
        dvar2: [2.06302141169e-012, 4.24304573698e-008, 1.27446014631e-007, 1.05667673722e-007, 1.93628821421e-007, 7.24977269329e-008, 5.95284070926e-008, 4.65430609609e-008, 2.60801670038e-007, 6.88957300099e-008, 5.73130307657e-008, 2.94473050388e-008, 6.81395633251e-008, 3.64718246715e-008, 5.81281440759e-008, 5.48658007915e-008, 1.33382016543e-007, 1.83102883966e-007, 6.04176079833e-007, 1.943961081e-007, 2.45729410153e-008, 1.90234739073e-009, 6.48432835204e-011, 1.18036804289e-011, 2.17243540865e-012, 2.26072500699e-015, 3.53051464635e-019, 2.38662415484e-020]
        max: [1.40363817991e-005, 0.00123958219774, 0.00315629364923, 0.00244091823697, 0.0034478714224, 0.00326679437421, 0.00318198557943, 0.00232940609567, 0.00446610152721, 0.00270814541727, 0.00262088747695, 0.00191920308862, 0.00247310660779, 0.0018352358602, 0.00282221543603, 0.00301959691569, 0.00373421725817, 0.0038351174444, 0.00981553923339, 0.00546416360885, 0.00136210757773, 0.000454711407656, 8.84280962055e-005, 4.29540741607e-005, 2.8864325941e-005, 6.42597456135e-007, 4.39320713141e-009, 1.1085995455e-009]
        mean: [6.43473811124e-007, 6.37169723632e-005, 0.000158415117767, 0.000153982808115, 0.000169439706951, 0.000139459254569, 0.000101160585473, 9.58441960393e-005, 0.000308755115839, 0.000142809498357, 0.000120712727949, 8.67640919751e-005, 0.000167248188518, 0.000102174395579, 0.000181262628757, 0.000205913267564, 0.000400309334509, 0.000492997234687, 0.000824189861305, 0.000538406486157, 0.000254791724728, 5.84543522564e-005, 8.73172484717e-006, 3.27250563714e-006, 1.47569187448e-006, 4.41982273003e-008, 4.11410072676e-010, 4.36995925557e-011]
        median: [7.40906500596e-008, 2.46340132435e-005, 7.61550909374e-005, 8.52390585351e-005, 9.7300769994e-005, 8.05338277132e-005, 4.95092972415e-005, 4.45254081569e-005, 0.000113785834401, 5.54205034859e-005, 4.27636987297e-005, 4.10378634115e-005, 8.12074285932e-005, 4.65141347377e-005, 0.000113476198749, 0.000159082279424, 0.000344528350979, 0.000419867399614, 0.000680501630995, 0.00046187674161, 0.000247821008088, 5.55084916414e-005, 7.02953366272e-006, 2.25099552154e-006, 1.09805728243e-006, 3.40310677416e-008, 2.29330610058e-010, 1.30870956433e-011]
        min: [4.57750838358e-025, 6.55211932886e-024, 4.37916952353e-025, 2.06694060613e-024, 7.17215058973e-024, 8.78794361632e-024, 1.31593366477e-023, 2.94260756815e-024, 1.52736597896e-023, 3.25166982074e-023, 1.12657438867e-023, 3.13932750813e-023, 4.75164718016e-023, 4.30607171962e-023, 4.40319532764e-023, 4.37659020475e-023, 6.58400792655e-023, 1.19710361808e-022, 1.61692176033e-022, 1.94171876664e-022, 2.54413397463e-022, 3.473048109e-022, 4.03932654556e-022, 5.56170111759e-022, 8.47239641433e-022, 1.30983060451e-021, 2.04510066696e-021, 5.15035092385e-022]
        var: [2.25602652879e-012, 1.47364636049e-008, 5.96571254619e-008, 4.14616785349e-008, 7.42785957186e-008, 3.77410103169e-008, 2.94255446676e-008, 3.31146701171e-008, 2.14772001073e-007, 6.02481264877e-008, 4.66220662076e-008, 1.85614741355e-008, 5.21399279307e-008, 2.45192701698e-008, 4.84914863819e-008, 4.14296295048e-008, 1.24579145222e-007, 1.92562282564e-007, 7.52636083234e-007, 2.53868108757e-007, 3.99646467031e-008, 2.31592411915e-009, 6.59494750477e-011, 1.6074433451e-011, 2.82626027616e-012, 2.04981168554e-015, 2.16482084346e-019, 5.83046292304e-021]
    mfcc:
        mean: [-714.31829834, 90.6760101318, -56.6601028442, 56.252040863, -15.6838798523, -5.348300457, 1.32816016674, -2.05978703499, 1.94293344021, -4.51393222809, -2.30238246918, -4.42024087906, -5.8129529953]
        cov: [[7818.41210938, -338.865020752, -1259.29724121, 495.317687988, -706.628173828, 42.8463172913, 111.520362854, -57.2815971375, -78.5380706787, 64.8668136597, 108.380149841, -71.8969039917, -89.961730957], [-338.865020752, 420.370300293, 22.0512657166, 3.96298408508, 30.750125885, 16.7351799011, 27.4563980103, 15.5268154144, 23.3473777771, -12.0765371323, 7.67094898224, -7.69289875031, -0.55596601963], [-1259.29724121, 22.0512657166, 641.877258301, 53.2747764587, 264.263641357, 50.1596794128, -10.4256019592, 18.6150550842, 6.83008527756, 12.5106582642, -23.945482254, 25.484828949, 24.0375862122], [495.317687988, 3.96298408508, 53.2747764587, 442.03616333, 102.291893005, 83.1435165405, 18.745967865, 17.3272399902, 45.953830719, 16.7514343262, 12.2413072586, -2.68661570549, 19.3143920898], [-706.628173828, 30.750125885, 264.263641357, 102.291893005, 275.032501221, 64.5366210938, -12.0661506653, -0.0127823585644, 20.3344421387, 19.5933990479, -13.9098215103, 8.81303787231, 15.5249977112], [42.8463172913, 16.7351799011, 50.1596794128, 83.1435165405, 64.5366210938, 115.929718018, 51.8381271362, 25.5023708344, 14.8357391357, 6.6209397316, 10.5489234924, 5.51942539215, 1.70329380035], [111.520362854, 27.4563980103, -10.4256019592, 18.745967865, -12.0661506653, 51.8381271362, 116.631362915, 56.6310424805, 9.96348190308, -2.90598034859, 13.9544067383, 14.4767618179, -2.5565841198], [-57.2815971375, 15.5268154144, 18.6150550842, 17.3272399902, -0.0127823585644, 25.5023708344, 56.6310424805, 96.0283813477, 44.156955719, -4.17532157898, -0.397895604372, 14.8815498352, 5.79609298706], [-78.5380706787, 23.3473777771, 6.83008527756, 45.953830719, 20.3344421387, 14.8357391357, 9.96348190308, 44.156955719, 90.9574661255, 32.7838630676, 2.01751732826, -2.14002394676, 5.83608150482], [64.8668136597, -12.0765371323, 12.5106582642, 16.7514343262, 19.5933990479, 6.6209397316, -2.90598034859, -4.17532157898, 32.7838630676, 82.5946960449, 27.9860496521, -8.97829437256, -2.57097792625], [108.380149841, 7.67094898224, -23.945482254, 12.2413072586, -13.9098215103, 10.5489234924, 13.9544067383, -0.397895604372, 2.01751732826, 27.9860496521, 57.4539337158, 19.7907733917, -2.56936526299], [-71.8969039917, -7.69289875031, 25.484828949, -2.68661570549, 8.81303787231, 5.51942539215, 14.4767618179, 14.8815498352, -2.14002394676, -8.97829437256, 19.7907733917, 65.0919265747, 20.2067718506], [-89.961730957, -0.55596601963, 24.0375862122, 19.3143920898, 15.5249977112, 1.70329380035, -2.5565841198, 5.79609298706, 5.83608150482, -2.57097792625, -2.56936526299, 20.2067718506, 49.4422264099]]
        icov: [[0.000304237997625, 0.000142891018186, 0.000398088915972, -0.000537952815648, 0.000653670227621, -0.000312750431476, -7.85108059063e-005, 2.28009885177e-005, 0.000561712542549, -0.000615184893832, 0.00026053134934, -0.000125061094877, 0.000336930825142], [0.000142891018186, 0.00268884329125, 0.000141211727168, -2.74604426522e-005, -0.000235431987676, 8.5085266619e-005, -0.000925522530451, 0.000542399357073, -0.00110638327897, 0.00135651382152, -0.00143708556425, 0.00116196356248, -0.000156579058967], [0.000398088915972, 0.000141211727168, 0.00326660065912, -0.000515852880199, -0.00180651911069, -0.000272226228844, 0.000226489370107, -0.00112451589666, 0.00177177437581, -0.00151597138029, 0.00127687142231, -0.000982885598205, 0.000239555025473], [-0.000537952815648, -2.74604426522e-005, -0.000515852880199, 0.00390285253525, -0.00206360523589, -0.00106272706762, 0.000197690096684, 0.000374350172933, -0.00248643010855, 0.00198514340445, -0.00179160421249, 0.00131189031526, -0.00183458859101], [0.000653670227621, -0.000235431987676, -0.00180651911069, -0.00206360523589, 0.00925674382597, -0.00418363977224, 0.00157524493989, 0.00114612781908, 0.000663210463244, -0.0031633770559, 0.00330522656441, -0.00184319762047, 0.000738016096875], [-0.000312750431476, 8.5085266619e-005, -0.000272226228844, -0.00106272706762, -0.00418363977224, 0.0150400241837, -0.0065429569222, 0.000278732361039, -0.00115742988419, 0.00163742515724, -0.00276208319701, 0.00147496536374, -0.000120643584523], [-7.85108059063e-005, -0.000925522530451, 0.000226489370107, 0.000197690096684, 0.00157524493989, -0.0065429569222, 0.0167004391551, -0.00987610127777, 0.00408497639, -0.00125760468654, -0.0011616256088, -0.00151967455167, 0.00142463808879], [2.28009885177e-005, 0.000542399357073, -0.00112451589666, 0.000374350172933, 0.00114612781908, 0.000278732361039, -0.00987610127777, 0.0224512368441, -0.0121492007747, 0.00483159953728, 0.00104914128315, -0.00253237597644, -0.000289255345706], [0.000561712542549, -0.00110638327897, 0.00177177437581, -0.00248643010855, 0.000663210463244, -0.00115742988419, 0.00408497639, -0.0121492007747, 0.0223923418671, -0.0114410631359, 0.00465362612158, -0.000640062731691, -0.000148030754644], [-0.000615184893832, 0.00135651382152, -0.00151597138029, 0.00198514340445, -0.0031633770559, 0.00163742515724, -0.00125760468654, 0.00483159953728, -0.0114410631359, 0.0237153265625, -0.0146819958463, 0.0076442649588, -0.00214056693949], [0.00026053134934, -0.00143708556425, 0.00127687142231, -0.00179160421249, 0.00330522656441, -0.00276208319701, -0.0011616256088, 0.00104914128315, 0.00465362612158, -0.0146819958463, 0.0315990410745, -0.0138007644564, 0.00538087310269], [-0.000125061094877, 0.00116196356248, -0.000982885598205, 0.00131189031526, -0.00184319762047, 0.00147496536374, -0.00151967455167, -0.00253237597644, -0.000640062731691, 0.0076442649588, -0.0138007644564, 0.0251891408116, -0.0100416708738], [0.000336930825142, -0.000156579058967, 0.000239555025473, -0.00183458859101, 0.000738016096875, -0.000120643584523, 0.00142463808879, -0.000289255345706, -0.000148030754644, -0.00214056693949, 0.00538087310269, -0.0100416708738, 0.025606893003]]
    sccoeffs:
        dmean: [0.0588810183108, 0.0464202947915, 0.0376970022917, 0.030052959919, 0.0194788705558, 0.0191684607416]
        dmean2: [0.0990376994014, 0.0777379795909, 0.062611579895, 0.0502884276211, 0.0322201214731, 0.0299982987344]
        dvar: [0.00216682185419, 0.00134405994322, 0.000865052687004, 0.000546402879991, 0.000254789920291, 0.000309483119054]
        dvar2: [0.00594428973272, 0.00370355253108, 0.00234514195472, 0.00148945045657, 0.000668472610414, 0.000684100785293]
        max: [-0.42671123147, -0.56145465374, -0.572464287281, -0.605708599091, -0.624664187431, -0.585705637932]
        mean: [-0.685716450214, -0.777773141861, -0.791834831238, -0.788558959961, -0.797359704971, -0.732978641987]
        median: [-0.689525961876, -0.782052993774, -0.794374227524, -0.78818154335, -0.79719877243, -0.725887179375]
        min: [-0.980786800385, -0.983693361282, -0.985268354416, -0.981287777424, -0.981095910072, -0.964398145676]
        var: [0.0050514540635, 0.00332699343562, 0.00311098783277, 0.00178819836583, 0.00108041113708, 0.0021896394901]
    scvalleys:
        dmean: [0.428087234497, 0.368270784616, 0.324438989162, 0.269954174757, 0.209739208221, 0.268962472677]
        dmean2: [0.714328527451, 0.59762609005, 0.516038954258, 0.417584270239, 0.29863601923, 0.366912662983]
        dvar: [0.131379544735, 0.110594831407, 0.0981625542045, 0.0803394392133, 0.0697563663125, 0.133212000132]
        dvar2: [0.314993113279, 0.237066283822, 0.198929145932, 0.148896634579, 0.102096140385, 0.2422709167]
        max: [-5.20247745514, -5.01109552383, -5.20661592484, -5.54357147217, -5.52200937271, -8.13870716095]
        mean: [-7.20659160614, -6.7978105545, -7.13126468658, -7.23408842087, -6.87121152878, -9.80560684204]
        median: [-6.98315811157, -6.52434921265, -6.8363199234, -6.86446094513, -6.34292888641, -9.38586807251]
        min: [-27.9510917664, -27.8636054993, -27.7496948242, -27.6605854034, -27.4052619934, -27.3907794952]
        var: [2.45038938522, 2.24742174149, 2.44164919853, 2.44053840637, 2.7663295269, 2.48712062836]

rhythm:
    beats_loudness:
        dmean: 0.00189009110909
        dmean2: 0.0035206223838
        dvar: 2.35946959037e-006
        dvar2: 7.15967917131e-006
        max: 0.0128879742697
        mean: 0.00571122346446
        median: 0.00626158388332
        min: 1.20048971439e-005
        var: 8.46671900945e-006
    bpm: 99.9570083618
    bpm_confidence: 0
    first_peak_bpm: 99
    first_peak_spread: 0.321899712086
    first_peak_weight: 0.655612230301
    onset_rate: 2.39389538765
    second_peak_bpm: 94
    second_peak_spread: 0.333333343267
    second_peak_weight: 0.0204081628472
    beats_loudness_band_ratio:
        dmean: [0.12385930866, 0.070818670094, 0.0759497359395, 0.0805172175169, 0.0973290354013, 0.100625239313]
        dmean2: [0.237987339497, 0.129159033298, 0.136618062854, 0.144136235118, 0.167259961367, 0.176346898079]
        dvar: [0.0185658149421, 0.00470094941556, 0.00553817208856, 0.0101040955633, 0.00669958349317, 0.00785680953413]
        dvar2: [0.0637348592281, 0.0133031867445, 0.0146796656772, 0.0275866743177, 0.0216105990112, 0.0244237519801]
        max: [0.915194451809, 0.617139101028, 0.812695622444, 0.650830864906, 0.683193385601, 0.608999371529]
        mean: [0.134437471628, 0.0959851890802, 0.117318823934, 0.105058275163, 0.27203014493, 0.301634162664]
        median: [0.0919983610511, 0.0710999295115, 0.0858724191785, 0.0736463218927, 0.262811839581, 0.305515885353]
        min: [9.90043190541e-005, 0.00952509790659, 0.0105840368196, 0.00430301949382, 0.00166898418684, 0.000213343359064]
        var: [0.0198458954692, 0.00664373254403, 0.0103000625968, 0.00892717391253, 0.00968434661627, 0.0126869408414]
    beats_position: [0.603718817234, 1.21904754639, 1.8575963974, 2.49614500999, 3.13469386101, 3.7732424736, 4.42340135574, 5.05034017563, 5.66566896439, 6.26938772202, 6.87310647964, 7.47682523727, 8.08054447174, 8.68426322937, 9.287981987, 9.8800907135, 10.4838094711, 11.0759181976, 11.6796369553, 12.2833557129, 12.8870744705, 13.4907932281, 14.0829019547, 14.6750106812, 15.2787294388, 15.8824491501, 16.4861679077, 17.0898857117, 17.6819953918, 18.2741031647, 18.877822876, 19.4815406799, 20.0852603912, 20.6889801025, 21.2926979065, 21.8848075867, 22.4769153595, 23.0806350708, 23.6843528748, 24.2764625549, 24.8685703278, 25.4722900391, 26.076007843, 26.6797275543, 27.2834453583, 27.8871650696, 28.4792747498, 29.0713825226, 29.6751022339, 30.2788200378, 30.8825397491, 31.4862575531, 32.0899772644, 32.6820869446, 33.2741928101, 33.8779144287, 34.4816322327, 35.0853500366, 35.6890678406, 36.2811775208, 36.8732872009, 37.4770050049, 38.0807266235, 38.672832489, 39.2765541077, 39.8686599731, 40.4723815918, 41.0760993958, 41.6798171997, 42.2719268799, 42.8640365601, 43.467754364, 44.071472168, 44.6751937866, 45.2789115906, 45.8826293945, 46.4863471985, 47.0784568787, 47.6705665588, 48.2742843628, 48.8780021667, 49.4701118469, 50.0622215271, 50.6775512695, 51.269657135, 51.8733787537, 52.4770965576, 53.0808143616, 53.6729240417, 54.2650337219, 54.8687515259, 55.4724693298, 56.0761909485, 56.6799087524, 57.2836265564, 57.8757362366, 58.4678459167, 59.0715637207, 59.6752815247, 60.2673912048, 60.8711090088, 61.463218689, 62.0669364929, 62.6706581116, 63.2743759155, 63.8664855957, 64.470199585, 65.0739212036, 65.6660308838, 66.2697525024, 66.8618545532, 67.4539642334, 68.0576858521, 68.6614074707, 69.26512146, 69.8688430786, 70.4725646973, 71.0762786865, 71.6800003052, 72.2721099854, 72.8758239746, 73.4795455933, 74.0716552734, 74.6753692627, 75.2790908813, 75.8828125, 76.4865264893, 77.0786361694, 77.6707458496, 78.2744674683, 78.8781814575, 79.4702911377, 80.0740127563, 80.6661224365, 81.2698364258, 81.8735580444, 82.4772796631, 83.0809936523, 83.684715271, 84.2768249512, 84.8689346313, 85.4726486206, 86.0763702393, 86.6800918579, 87.2722015381, 87.8643035889, 88.4680252075, 89.0717468262, 89.6754608154, 90.2791824341, 90.8829040527, 91.486618042, 92.0903396606, 92.6824493408, 93.2861633301, 93.8782730103, 94.4819946289, 95.0857162476, 95.6894302368, 96.281539917, 96.8736495972, 97.4773712158, 98.0810852051, 98.6848068237, 99.288520813, 99.8806304932, 100.472740173, 101.076461792, 101.680175781, 102.2838974, 102.87600708, 103.479728699, 104.095054626, 104.687164307, 105.279273987, 105.882987976, 106.486709595, 107.090431213, 107.682540894, 108.286254883, 108.878364563, 109.470474243, 110.074195862, 110.677909851, 111.28163147, 111.87374115, 112.477455139, 113.081176758, 113.684898376, 114.288612366, 114.880722046, 115.472831726, 116.076553345, 116.680267334, 117.283988953, 117.887710571, 118.479812622, 119.083534241, 119.687255859, 120.290969849, 120.883079529, 121.486801147, 122.078910828, 122.671020508, 123.274734497, 123.878456116, 124.482177734, 125.085891724, 125.678001404, 126.281723022, 126.873832703, 127.477546692, 128.081268311, 128.6849823, 129.288711548, 129.892425537, 130.496139526, 131.088256836, 131.680358887, 132.284072876, 132.887802124, 133.479904175, 134.072021484, 134.675735474, 135.279449463, 135.883178711, 136.4868927, 137.090606689, 137.682723999, 138.27482605, 138.878540039, 139.482269287, 140.085983276, 140.689697266, 141.293426514, 141.885528564, 142.477645874, 143.081359863, 143.685073853, 144.288803101, 144.880905151, 145.473007202, 146.07673645, 146.680450439, 147.284164429, 147.887893677, 148.491607666, 149.083709717, 149.675827026, 150.279541016, 150.883255005, 151.486984253, 152.079086304, 152.671203613, 153.274917603, 153.878631592, 154.48236084, 155.074462891, 155.6665802, 156.270294189, 156.874008179, 157.477722168, 158.081451416, 158.685165405, 159.288879395, 159.880996704, 160.473098755, 161.076828003, 161.680541992, 162.284255981, 162.887985229, 163.48008728, 164.072189331, 164.664306641, 165.26802063, 165.860137939, 166.463851929, 167.067565918, 167.671295166, 168.275009155, 168.878723145, 169.470840454, 170.074554443, 170.666656494, 171.270385742, 171.874099731, 172.477813721, 173.081542969, 173.67364502, 174.265762329, 174.869476318, 175.473190308, 176.076919556, 176.680633545, 177.272735596, 177.864852905, 178.468566895, 179.072280884, 179.676010132, 180.279724121, 180.88343811, 181.47555542, 182.067657471, 182.671386719, 183.275100708, 183.878814697, 184.482528687, 185.086257935, 185.678359985, 186.270477295, 186.874191284, 187.466293335, 188.070022583, 188.662124634, 189.265853882, 189.869567871, 190.47328186, 191.07699585, 191.680725098, 192.284439087, 192.888153076, 193.480270386, 194.072372437, 194.676101685, 195.279815674, 195.883529663, 196.475646973, 197.067749023, 197.671463013, 198.275192261, 198.87890625, 199.482620239, 200.086349487, 200.678451538, 201.270568848, 201.874282837, 202.477996826, 203.081726074, 203.685440063, 204.277542114, 204.869659424, 205.473373413, 206.077087402, 206.68081665, 207.28453064, 207.888244629, 208.491973877, 209.084075928, 209.676193237, 210.279907227, 210.883621216, 211.475738525, 212.067840576, 212.671554565, 213.275283813, 213.878997803, 214.482711792, 215.074829102, 215.666931152, 216.2706604, 216.87437439, 217.478088379, 218.081817627, 218.673919678, 219.266021729, 219.869750977, 220.473464966, 221.077178955, 221.680908203, 222.273010254, 222.865127563, 223.468841553, 224.072555542, 224.676269531, 225.279998779, 225.87210083, 226.46421814, 227.067932129, 227.671646118, 228.275375366, 228.879089355, 229.482803345, 230.086532593, 230.701858521, 231.328796387, 231.990570068, 232.66394043, 233.314102173, 233.952651978, 234.591201782, 235.229751587, 235.868301392, 236.518447876]
