
metadata:
    version:
        essentia: "2.1-beta2"
    audio_properties:
        analysis_sample_rate: 44100
        bitrate: 320
        channels: 2
        equal_loudness: 1
        length: 291.004089355
        replay_gain: -14.792263031
        downmix: "mix"
    tags:
        album: "The Plague Within"
        artist: "Paradise Lost"
        comment: ""
        date: "2015"
        genre: "Metal"
        title: "1 No Hope In Sight"
        tracknumber: "1/10"

configuration:
    average_loudness:
        compute: 1
        frameSize: 88200
        hopSize: 44100
        silentFrames: "noise"
        windowType: "hann"
    general:
        analysisSampleRate: 44100
        endTime: 2000
        equalLoudness: 1
        nequalLoudness: 0
        shortSound: 0
        startTime: 0
    lowlevel:
        compute: 1
        frameSize: 2048
        hopSize: 1024
        zeroPadding: 0
        silentFrames: "noise"
        windowType: "blackmanharris62"
        mfccStats: ["mean", "cov", "icov"]
        stats: ["mean", "var", "median", "min", "max", "dmean", "dmean2", "dvar", "dvar2"]
    panning:
        compute: 0
        frameSize: 8192
        hopSize: 2048
        zeroPadding: 8192
        silentFrames: "noise"
        windowType: "hann"
        stats: ["copy"]
    rhythm:
        compute: 1
        maxTempo: 208
        minTempo: 40
        method: "degara"
        stats: ["mean", "var", "median", "min", "max", "dmean", "dmean2", "dvar", "dvar2"]
    segmentation:
        compute: 0
        cpw: 5
        inc1: 300
        inc2: 50
        minimumSegmentsLength: 10
        size1: 1000
        size2: 600
    sfx:
        compute: 1
        stats: ["mean", "var", "median", "min", "max", "dmean", "dmean2", "dvar", "dvar2"]
    svm:
        compute: 0
    tonal:
        compute: 1
        frameSize: 4096
        hopSize: 2048
        zeroPadding: 0
        silentFrames: "noise"
        windowType: "blackmanharris62"
        stats: ["mean", "var", "median", "min", "max", "dmean", "dmean2", "dvar", "dvar2"]

lowlevel:
    average_loudness: 0.911721467972
    barkbands_kurtosis:
        dmean: 0.486674398184
        dmean2: 0.79031920433
        dvar: 0.894297897816
        dvar2: 2.06623196602
        max: 20.4003295898
        mean: -0.892480969429
        median: -1.33132910728
        min: -1.83377623558
        var: 2.37026405334
    barkbands_skewness:
        dmean: 0.3285831213
        dmean2: 0.529824674129
        dvar: 0.0940992757678
        dvar2: 0.232131585479
        max: 4.4666557312
        mean: -0.00533409835771
        median: -0.117365926504
        min: -2.90531539917
        var: 0.543880462646
    barkbands_spread:
        dmean: 4.37230539322
        dmean2: 7.01876688004
        dvar: 17.5626411438
        dvar2: 42.0713310242
        max: 64.4666519165
        mean: 35.1771965027
        median: 35.7251091003
        min: 5.14850997925
        var: 68.1998748779
    dissonance:
        dmean: 0.00922991801053
        dmean2: 0.0157317575067
        dvar: 8.89081275091e-005
        dvar2: 0.000243081653025
        max: 0.500000119209
        mean: 0.484261393547
        median: 0.487645149231
        min: 0.319985926151
        var: 0.000177178430022
    hfc:
        dmean: 2.14465141296
        dmean2: 3.51591110229
        dvar: 13.0324239731
        dvar2: 35.7201652527
        max: 59.0933799744
        mean: 8.92033195496
        median: 8.65942192078
        min: 1.0801168267e-016
        var: 28.207818985
    pitch:
        dmean: 865.657226563
        dmean2: 1672.1192627
        dvar: 1787078
        dvar2: 4390351
        max: 4493.42431641
        mean: 1499.71801758
        median: 337.74395752
        min: 60.4605293274
        var: 2582179.25
    pitch_instantaneous_confidence:
        dmean: 0.0716834068298
        dmean2: 0.1175615713
        dvar: 0.00336248404346
        dvar2: 0.00857526622713
        max: 0.811134457588
        mean: 0.345595806837
        median: 0.332625597715
        min: 0.109571397305
        var: 0.0124718770385
    pitch_salience:
        dmean: 0.0525196641684
        dmean2: 0.0881704762578
        dvar: 0.00222954968922
        dvar2: 0.00631161080673
        max: 0.882423639297
        mean: 0.678767323494
        median: 0.691014170647
        min: 0.246153056622
        var: 0.0060651153326
    silence_rate_20dB:
        dmean: 0
        dmean2: 0
        dvar: 0
        dvar2: 0
        max: 1
        mean: 1
        median: 1
        min: 1
        var: 0
    silence_rate_30dB:
        dmean: 0
        dmean2: 0
        dvar: 0
        dvar2: 0
        max: 1
        mean: 1
        median: 1
        min: 1
        var: 0
    silence_rate_60dB:
        dmean: 0.0360647886992
        dmean2: 0.0721353366971
        dvar: 0.0347685813904
        dvar2: 0.0824076756835
        max: 1
        mean: 0.194909840822
        median: 0
        min: 0
        var: 0.15690971911
    spectral_centroid:
        dmean: 227.055297852
        dmean2: 370.125396729
        dvar: 48595.4648438
        dvar2: 122632.234375
        max: 10802.4238281
        mean: 1691.85266113
        median: 1731.32080078
        min: 229.108093262
        var: 260466.390625
    spectral_complexity:
        dmean: 3.82206964493
        dmean2: 6.13405704498
        dvar: 15.2843990326
        dvar2: 37.356918335
        max: 52
        mean: 19.774055481
        median: 21
        min: 0
        var: 90.805847168
    spectral_crest:
        dmean: 1.55413472652
        dmean2: 2.63393187523
        dvar: 2.31632661819
        dvar2: 6.3790178299
        max: 20.4911403656
        mean: 5.7496676445
        median: 5.11737918854
        min: 2.30811429024
        var: 5.32185697556
    spectral_decrease:
        dmean: 2.53049275978e-010
        dmean2: 4.18741569197e-010
        dvar: 1.61176736892e-019
        dvar2: 4.40186334319e-019
        max: -1.34288992232e-028
        mean: -1.15845966153e-009
        median: -1.12335873936e-009
        min: -5.52741230564e-009
        var: 3.38391187542e-019
    spectral_energy:
        dmean: 0.00111027248204
        dmean2: 0.00183169113006
        dvar: 3.2180537346e-006
        dvar2: 8.75024215929e-006
        max: 0.0261338222772
        mean: 0.00518138380721
        median: 0.00505311693996
        min: 1.0303807612e-020
        var: 6.8416634349e-006
    spectral_energyband_high:
        dmean: 0.000162667711265
        dmean2: 0.00027837214293
        dvar: 1.20327385389e-007
        dvar2: 3.39781053071e-007
        max: 0.00585826253518
        mean: 0.000396496063331
        median: 0.000339810096193
        min: 7.29157448144e-021
        var: 1.2344668221e-007
    spectral_energyband_low:
        dmean: 0.000307752168737
        dmean2: 0.000507266318891
        dvar: 1.58490536251e-007
        dvar2: 4.21617613711e-007
        max: 0.00478251464665
        mean: 0.000572801392991
        median: 0.000429951149272
        min: 2.76760236564e-023
        var: 2.53609584888e-007
    spectral_energyband_middle_high:
        dmean: 0.000618310761638
        dmean2: 0.000992740970105
        dvar: 7.0744357572e-007
        dvar2: 1.82925145964e-006
        max: 0.0170385241508
        mean: 0.00264886766672
        median: 0.00248726690188
        min: 1.68237217386e-021
        var: 2.87241300612e-006
    spectral_energyband_middle_low:
        dmean: 0.000654292351101
        dmean2: 0.00110608141404
        dvar: 1.0667239394e-006
        dvar2: 3.02855573864e-006
        max: 0.0126945534721
        mean: 0.0017822162481
        median: 0.00150959822349
        min: 4.99153012578e-022
        var: 1.56732505729e-006
    spectral_flatness_db:
        dmean: 0.0120212500915
        dmean2: 0.0193757917732
        dvar: 0.000118491116154
        dvar2: 0.000287853064947
        max: 0.285132855177
        mean: 0.151444226503
        median: 0.146737903357
        min: 0.0652396604419
        var: 0.000888997572474
    spectral_flux:
        dmean: 0.00607388932258
        dmean2: 0.00940199941397
        dvar: 5.90517156525e-005
        dvar2: 0.000111622422992
        max: 0.126447409391
        mean: 0.0409534312785
        median: 0.0405027866364
        min: 1.01507670325e-010
        var: 0.000216217769776
    spectral_kurtosis:
        dmean: 1.35519123077
        dmean2: 2.37046146393
        dvar: 1.82666242123
        dvar2: 5.63332748413
        max: 23.4607944489
        mean: 3.58332681656
        median: 3.38385868073
        min: -1.21800267696
        var: 3.05280160904
    spectral_rms:
        dmean: 0.000222200163989
        dmean2: 0.000360665493645
        dvar: 8.33044282444e-008
        dvar2: 2.19788134359e-007
        max: 0.0050493972376
        mean: 0.00216786889359
        median: 0.00222033099271
        min: 3.17056710747e-012
        var: 3.55344269565e-007
    spectral_rolloff:
        dmean: 287.238739014
        dmean2: 477.111877441
        dvar: 160624.71875
        dvar2: 358026.8125
        max: 18346.2890625
        mean: 3297.57226563
        median: 3445.3125
        min: 150.732421875
        var: 554608.5625
    spectral_skewness:
        dmean: 0.174804836512
        dmean2: 0.293942123652
        dvar: 0.0252752751112
        dvar2: 0.0703797191381
        max: 2.85727214813
        mean: 1.13399100304
        median: 1.13885319233
        min: 0.0538463927805
        var: 0.108652122319
    spectral_spread:
        dmean: 282043.625
        dmean2: 427342.78125
        dvar: 226898001920
        dvar2: 386493448192
        max: 41816716
        mean: 3641292.75
        median: 3418680
        min: 1578659.5
        var: 1.41557904179e+012
    spectral_strongpeak:
        dmean: 0.437161505222
        dmean2: 0.76564848423
        dvar: 0.516042947769
        dvar2: 1.34887826443
        max: 8.37145137787
        mean: 0.597848773003
        median: 0.224483340979
        min: 3.91354548768e-009
        var: 0.783034265041
    zerocrossingrate:
        dmean: 0.00637188926339
        dmean2: 0.00805028993636
        dvar: 3.6746092519e-005
        dvar2: 4.67894424219e-005
        max: 0.4873046875
        mean: 0.0964573994279
        median: 0.09814453125
        min: 0.01806640625
        var: 0.00049967574887
    barkbands:
        dmean: [2.85599952576e-007, 8.63141613081e-005, 0.000176743997145, 0.000267860741587, 0.000296736543532, 0.000176232453668, 0.000114487447718, 8.55102698551e-005, 0.000127137667732, 0.000103285085061, 6.29924397799e-005, 5.82843167649e-005, 7.10504755261e-005, 5.52195961063e-005, 0.000111252884381, 0.000111009023385, 0.000199114903808, 0.000159174232977, 0.000234140548855, 0.000176087327418, 6.71075467835e-005, 1.26788845591e-005, 2.62708203991e-006, 8.84272481017e-007, 4.08077767133e-007, 2.13413233752e-008, 3.03591873863e-010]
        dmean2: [4.3623421675e-007, 0.000141268654261, 0.000296414393233, 0.000468799757073, 0.000521591224242, 0.000286463560769, 0.000190928520169, 0.000138212417369, 0.00021049210045, 0.000164666387718, 0.000102069963759, 9.58081582212e-005, 0.000112943278509, 8.93029646249e-005, 0.000181642579264, 0.000183535623364, 0.000326359790051, 0.000266621354967, 0.000387632462662, 0.000300053710816, 0.00011448195437, 2.20447036554e-005, 4.49654271506e-006, 1.39073347327e-006, 6.52375092614e-007, 3.52913183121e-008, 5.42696831918e-010]
        dvar: [1.38211287575e-013, 1.90133100375e-008, 6.3954558982e-008, 2.49677384545e-007, 2.79722115692e-007, 5.06099944175e-008, 5.80539847306e-008, 3.08245979852e-008, 6.03959122714e-008, 2.7734824215e-008, 2.02961327744e-008, 9.30433508017e-009, 2.79497509581e-008, 1.36188402777e-008, 3.20311031032e-008, 2.97145259509e-008, 1.18656473092e-007, 4.67427483386e-008, 7.15928791806e-008, 1.15642968979e-007, 1.43274521136e-008, 9.30721832937e-010, 6.90992402186e-011, 6.00795368316e-012, 2.02967612335e-012, 1.21713416797e-014, 1.9192434824e-018]
        dvar2: [3.13291412127e-013, 4.66735734506e-008, 1.69983650267e-007, 7.14800307833e-007, 8.34464628952e-007, 1.3222727091e-007, 1.47045540189e-007, 8.03632360658e-008, 1.58328361977e-007, 6.73131594908e-008, 5.1876735796e-008, 2.42333655365e-008, 5.98264193741e-008, 3.24568070198e-008, 7.89463996398e-008, 7.44168815459e-008, 3.01280579151e-007, 1.27124607729e-007, 1.91907432168e-007, 3.25001252577e-007, 4.05822184746e-008, 2.55149612549e-009, 1.77873077378e-010, 1.3566906279e-011, 5.26994940742e-012, 3.38500589863e-014, 5.37859262703e-018]
        max: [6.23974801783e-006, 0.00132942723576, 0.00369872525334, 0.00545701012015, 0.00635513849556, 0.0048144753091, 0.00734630832449, 0.00427352916449, 0.0057731452398, 0.00404007127509, 0.00558258127421, 0.0022586863488, 0.00680915173143, 0.00245338212699, 0.00409199250862, 0.00390893407166, 0.010251486674, 0.00441518239677, 0.00375407421961, 0.00591910863295, 0.00209120498039, 0.000639662262984, 0.000189556609257, 7.78143075877e-005, 4.71402672702e-005, 2.77158255813e-006, 8.04327626724e-008]
        mean: [5.14648888839e-007, 0.000119213531434, 0.000271181983408, 0.000345536682289, 0.000480483315187, 0.000347330496879, 0.000175581983058, 0.000144364821608, 0.000238738692133, 0.000213590392377, 0.000111538342026, 0.000105156970676, 0.000129345396999, 9.5239309303e-005, 0.000216934669879, 0.00021995032148, 0.000417274917709, 0.000357551238267, 0.00061961193569, 0.000376608542865, 0.000165340854437, 2.35693587456e-005, 4.19779144067e-006, 1.8225863414e-006, 6.81308904404e-007, 2.95790609783e-008, 3.00823838062e-010]
        median: [3.00582939872e-007, 7.0303940447e-005, 0.000172227446456, 0.000183884127182, 0.000324661290506, 0.000246088660788, 9.42608603509e-005, 7.95709056547e-005, 0.000139810144901, 0.000130273867399, 5.54394282517e-005, 6.33705421933e-005, 6.82213794789e-005, 5.03936098539e-005, 0.000139763113111, 0.000159479386639, 0.000303983688354, 0.000299292500131, 0.000558133237064, 0.000313699274557, 0.000143430108437, 1.60690651683e-005, 1.72280397237e-006, 6.05913783147e-007, 1.96240534933e-007, 6.07995698232e-009, 1.3193511561e-010]
        min: [8.12829812737e-024, 8.97449344319e-024, 1.01492935022e-023, 1.45252627157e-023, 1.08406780208e-022, 1.53577006128e-022, 9.093416749e-023, 3.54938371756e-023, 8.37547317698e-023, 2.56002466249e-023, 9.93208002089e-023, 7.86991999073e-023, 5.88185103897e-023, 1.28066986258e-022, 1.12290159429e-022, 3.19394609151e-022, 2.50727713096e-022, 2.94410058996e-022, 2.17162199072e-022, 3.76220867102e-022, 2.7909388907e-022, 5.02162043615e-022, 7.61596256749e-022, 7.31019503192e-022, 1.36717465813e-021, 1.31573597938e-021, 2.21240036923e-021]
        var: [3.360427713e-013, 2.31580923327e-008, 9.46711793404e-008, 2.51631348647e-007, 2.79832704564e-007, 1.20223802469e-007, 8.69658549618e-008, 5.74607454951e-008, 1.22277128867e-007, 7.30714972974e-008, 4.2457728e-008, 1.94952658461e-008, 6.05278742682e-008, 2.39636861465e-008, 6.83915288846e-008, 6.07289223353e-008, 2.58939820696e-007, 8.48105230489e-008, 1.78021991815e-007, 1.17948893319e-007, 1.80790369342e-008, 9.53539358584e-010, 9.92479223805e-011, 1.80715217096e-011, 2.57343820732e-012, 9.33326631041e-015, 1.24987879776e-018]
    frequency_bands:
        dmean: [2.85599952576e-007, 8.63141613081e-005, 0.000176743997145, 0.000267860741587, 0.000296736543532, 0.000176232453668, 0.000114487447718, 8.55102698551e-005, 0.000127137667732, 0.000103285085061, 6.29924397799e-005, 5.82843167649e-005, 7.10504755261e-005, 5.52195961063e-005, 0.000111252884381, 0.000111009023385, 0.000199114903808, 0.000159174232977, 0.000234140548855, 0.000176087327418, 6.71075467835e-005, 1.26788845591e-005, 2.62708203991e-006, 8.84272481017e-007, 4.08077767133e-007, 2.13413233752e-008, 3.03591873863e-010, 5.79760198183e-011]
        dmean2: [4.3623421675e-007, 0.000141268654261, 0.000296414393233, 0.000468799757073, 0.000521591224242, 0.000286463560769, 0.000190928520169, 0.000138212417369, 0.00021049210045, 0.000164666387718, 0.000102069963759, 9.58081582212e-005, 0.000112943278509, 8.93029646249e-005, 0.000181642579264, 0.000183535623364, 0.000326359790051, 0.000266621354967, 0.000387632462662, 0.000300053710816, 0.00011448195437, 2.20447036554e-005, 4.49654271506e-006, 1.39073347327e-006, 6.52375092614e-007, 3.52913183121e-008, 5.42696831918e-010, 1.0724716254e-010]
        dvar: [1.38211287575e-013, 1.90133100375e-008, 6.3954558982e-008, 2.49677384545e-007, 2.79722115692e-007, 5.06099944175e-008, 5.80539847306e-008, 3.08245979852e-008, 6.03959122714e-008, 2.7734824215e-008, 2.02961327744e-008, 9.30433508017e-009, 2.79497509581e-008, 1.36188402777e-008, 3.20311031032e-008, 2.97145259509e-008, 1.18656473092e-007, 4.67427483386e-008, 7.15928791806e-008, 1.15642968979e-007, 1.43274521136e-008, 9.30721832937e-010, 6.90992402186e-011, 6.00795368316e-012, 2.02967612335e-012, 1.21713416797e-014, 1.9192434824e-018, 6.39955187537e-021]
        dvar2: [3.13291412127e-013, 4.66735734506e-008, 1.69983650267e-007, 7.14800307833e-007, 8.34464628952e-007, 1.3222727091e-007, 1.47045540189e-007, 8.03632360658e-008, 1.58328361977e-007, 6.73131594908e-008, 5.1876735796e-008, 2.42333655365e-008, 5.98264193741e-008, 3.24568070198e-008, 7.89463996398e-008, 7.44168815459e-008, 3.01280579151e-007, 1.27124607729e-007, 1.91907432168e-007, 3.25001252577e-007, 4.05822184746e-008, 2.55149612549e-009, 1.77873077378e-010, 1.3566906279e-011, 5.26994940742e-012, 3.38500589863e-014, 5.37859262703e-018, 2.03287309574e-020]
        max: [6.23974801783e-006, 0.00132942723576, 0.00369872525334, 0.00545701012015, 0.00635513849556, 0.0048144753091, 0.00734630832449, 0.00427352916449, 0.0057731452398, 0.00404007127509, 0.00558258127421, 0.0022586863488, 0.00680915173143, 0.00245338212699, 0.00409199250862, 0.00390893407166, 0.010251486674, 0.00441518239677, 0.00375407421961, 0.00591910863295, 0.00209120498039, 0.000639662262984, 0.000189556609257, 7.78143075877e-005, 4.71402672702e-005, 2.77158255813e-006, 8.04327626724e-008, 1.16392451233e-009]
        mean: [5.14648888839e-007, 0.000119213531434, 0.000271181983408, 0.000345536682289, 0.000480483315187, 0.000347330496879, 0.000175581983058, 0.000144364821608, 0.000238738692133, 0.000213590392377, 0.000111538342026, 0.000105156970676, 0.000129345396999, 9.5239309303e-005, 0.000216934669879, 0.00021995032148, 0.000417274917709, 0.000357551238267, 0.00061961193569, 0.000376608542865, 0.000165340854437, 2.35693587456e-005, 4.19779144067e-006, 1.8225863414e-006, 6.81308904404e-007, 2.95790609783e-008, 3.00823838062e-010, 4.55521557974e-011]
        median: [3.00582939872e-007, 7.0303940447e-005, 0.000172227446456, 0.000183884127182, 0.000324661290506, 0.000246088660788, 9.42608603509e-005, 7.95709056547e-005, 0.000139810144901, 0.000130273867399, 5.54394282517e-005, 6.33705421933e-005, 6.82213794789e-005, 5.03936098539e-005, 0.000139763113111, 0.000159479386639, 0.000303983688354, 0.000299292500131, 0.000558133237064, 0.000313699274557, 0.000143430108437, 1.60690651683e-005, 1.72280397237e-006, 6.05913783147e-007, 1.96240534933e-007, 6.07995698232e-009, 1.3193511561e-010, 1.87286922082e-011]
        min: [8.12829812737e-024, 8.97449344319e-024, 1.01492935022e-023, 1.45252627157e-023, 1.08406780208e-022, 1.53577006128e-022, 9.093416749e-023, 3.54938371756e-023, 8.37547317698e-023, 2.56002466249e-023, 9.93208002089e-023, 7.86991999073e-023, 5.88185103897e-023, 1.28066986258e-022, 1.12290159429e-022, 3.19394609151e-022, 2.50727713096e-022, 2.94410058996e-022, 2.17162199072e-022, 3.76220867102e-022, 2.7909388907e-022, 5.02162043615e-022, 7.61596256749e-022, 7.31019503192e-022, 1.36717465813e-021, 1.31573597938e-021, 2.21240036923e-021, 6.59976229924e-022]
        var: [3.360427713e-013, 2.31580923327e-008, 9.46711793404e-008, 2.51631348647e-007, 2.79832704564e-007, 1.20223802469e-007, 8.69658549618e-008, 5.74607454951e-008, 1.22277128867e-007, 7.30714972974e-008, 4.2457728e-008, 1.94952658461e-008, 6.05278742682e-008, 2.39636861465e-008, 6.83915288846e-008, 6.07289223353e-008, 2.58939820696e-007, 8.48105230489e-008, 1.78021991815e-007, 1.17948893319e-007, 1.80790369342e-008, 9.53539358584e-010, 9.92479223805e-011, 1.80715217096e-011, 2.57343820732e-012, 9.33326631041e-015, 1.24987879776e-018, 5.14820168809e-021]
    mfcc:
        mean: [-704.175842285, 124.62323761, -65.0332183838, 66.1020050049, -16.5948810577, -6.96148395538, 4.04385995865, -6.08160161972, 2.08917617798, -5.39845371246, -7.51757907867, -5.17797708511, -7.18042230606]
        cov: [[4398.64941406, 419.364044189, -481.107635498, 290.36541748, -181.886199951, 38.2980575562, -28.6937732697, 41.3385467529, -11.525967598, 44.029914856, -17.592376709, 31.2542247772, 10.4757890701], [419.364044189, 643.419067383, -299.694396973, 197.847427368, -56.1674194336, -16.410982132, 55.9617843628, -36.6588592529, 47.3160972595, -33.8006858826, 2.45863413811, -21.4877071381, -25.2619228363], [-481.107635498, -299.694396973, 522.235839844, -44.6167564392, 113.078292847, 39.4445228577, -30.9314537048, 71.1159591675, -46.6493415833, 48.6614227295, 20.4334468842, 37.2259254456, 47.8353385925], [290.36541748, 197.847427368, -44.6167564392, 247.372177124, -13.3060970306, 33.5341033936, 12.1726064682, 4.67888259888, 23.8781337738, -9.81422424316, 13.109837532, -7.71136569977, 25.5426158905], [-181.886199951, -56.1674194336, 113.078292847, -13.3060970306, 125.419471741, 23.0198402405, -0.638955056667, 10.3006353378, -3.07374835014, 21.3128871918, -0.354361951351, 14.569893837, 5.317882061], [38.2980575562, -16.410982132, 39.4445228577, 33.5341033936, 23.0198402405, 96.1515808105, 27.0404224396, 38.0324134827, -4.15899038315, 15.9046640396, 18.0220947266, 13.0924873352, 24.0821628571], [-28.6937732697, 55.9617843628, -30.9314537048, 12.1726064682, -0.638955056667, 27.0404224396, 80.452041626, 19.9797000885, 16.0316047668, -7.97833824158, 12.6664609909, 3.90912079811, 2.33854866028], [41.3385467529, -36.6588592529, 71.1159591675, 4.67888259888, 10.3006353378, 38.0324134827, 19.9797000885, 81.7897872925, 14.4643383026, 22.3203964233, 6.63143539429, 18.0318851471, 19.0654735565], [-11.525967598, 47.3160972595, -46.6493415833, 23.8781337738, -3.07374835014, -4.15899038315, 16.0316047668, 14.4643383026, 69.7618713379, 22.3210716248, 15.9698495865, -1.45003056526, 4.56198310852], [44.029914856, -33.8006858826, 48.6614227295, -9.81422424316, 21.3128871918, 15.9046640396, -7.97833824158, 22.3203964233, 22.3210716248, 73.6158676147, 29.3074703217, 18.8344039917, 7.78840112686], [-17.592376709, 2.45863413811, 20.4334468842, 13.109837532, -0.354361951351, 18.0220947266, 12.6664609909, 6.63143539429, 15.9698495865, 29.3074703217, 63.6441841125, 27.956829071, 21.8003978729], [31.2542247772, -21.4877071381, 37.2259254456, -7.71136569977, 14.569893837, 13.0924873352, 3.90912079811, 18.0318851471, -1.45003056526, 18.8344039917, 27.956829071, 55.7908287048, 29.0840091705], [10.4757890701, -25.2619228363, 47.8353385925, 25.5426158905, 5.317882061, 24.0821628571, 2.33854866028, 19.0654735565, 4.56198310852, 7.78840112686, 21.8003978729, 29.0840091705, 64.6129608154]]
        icov: [[0.000333079777192, -1.80300667125e-005, 0.000424819241744, -0.000417702511186, 0.000266475166427, 4.50830302725e-005, 0.000219416120672, -0.000498462468386, 0.000699638330843, -0.000714924652129, 0.00036947146873, -0.000381006248062, -2.64100490313e-005], [-1.80300667125e-005, 0.00316148484126, 0.00140183127951, -0.00249026669189, -0.000331423332682, 0.00118614116218, -0.00173314544372, 0.000179452035809, 3.52762181137e-005, -0.000106270286778, -0.000130419633933, -0.000670634966809, 0.00113675254397], [0.000424819241744, 0.00140183127951, 0.00490017281845, -0.00133380712941, -0.00288419681601, 0.00190971919801, 0.000799318368081, -0.00444915285334, 0.00474747782573, -0.00206993496977, -0.00157827255316, 0.00112320133485, -0.00187056756113], [-0.000417702511186, -0.00249026669189, -0.00133380712941, 0.00743876025081, 6.53344322927e-005, -0.00306885852478, 0.00176994351204, 0.000787444936577, -0.00282675004564, 0.00258447602391, -0.00139678153209, 0.00279061007313, -0.00291389413178], [0.000266475166427, -0.000331423332682, -0.00288419681601, 6.53344322927e-005, 0.0120182670653, -0.00371691770852, -0.000801931077149, 0.0039197509177, -0.0025467837695, -0.00261841714382, 0.00502509204671, -0.00460384599864, 0.00207756902091], [4.50830302725e-005, 0.00118614116218, 0.00190971919801, -0.00306885852478, -0.00371691770852, 0.0185519009829, -0.00530730094761, -0.0077209523879, 0.00771963875741, -0.00364528247155, -0.0038826353848, 0.00390745745972, -0.00443703122437], [0.000219416120672, -0.00173314544372, 0.000799318368081, 0.00176994351204, -0.000801931077149, -0.00530730094761, 0.0188679341227, -0.00490161869675, -0.00365824974142, 0.00662711309269, -0.00495373923331, -0.000287601724267, 0.00206321640871], [-0.000498462468386, 0.000179452035809, -0.00444915285334, 0.000787444936577, 0.0039197509177, -0.0077209523879, -0.00490161869675, 0.0237178616226, -0.00864827074111, -0.00270769000053, 0.00809760857373, -0.00646825879812, -1.60192084877e-005], [0.000699638330843, 3.52762181137e-005, 0.00474747782573, -0.00282675004564, -0.0025467837695, 0.00771963875741, -0.00365824974142, -0.00864827074111, 0.0262564904988, -0.00994636584073, -0.00473224278539, 0.00677052792162, -0.00458609499037], [-0.000714924652129, -0.000106270286778, -0.00206993496977, 0.00258447602391, -0.00261841714382, -0.00364528247155, 0.00662711309269, -0.00270769000053, -0.00994636584073, 0.0259026195854, -0.0101025020704, -0.0023846111726, 0.00478032045066], [0.00036947146873, -0.000130419633933, -0.00157827255316, -0.00139678153209, 0.00502509204671, -0.0038826353848, -0.00495373923331, 0.00809760857373, -0.00473224278539, -0.0101025020704, 0.0300992745906, -0.0125491097569, -0.00252175843343], [-0.000381006248062, -0.000670634966809, 0.00112320133485, 0.00279061007313, -0.00460384599864, 0.00390745745972, -0.000287601724267, -0.00646825879812, 0.00677052792162, -0.0023846111726, -0.0125491097569, 0.0336414799094, -0.0123930396512], [-2.64100490313e-005, 0.00113675254397, -0.00187056756113, -0.00291389413178, 0.00207756902091, -0.00443703122437, 0.00206321640871, -1.60192084877e-005, -0.00458609499037, 0.00478032045066, -0.00252175843343, -0.0123930396512, 0.0260519199073]]
    sccoeffs:
        dmean: [0.0542119406164, 0.0454266406596, 0.0359900221229, 0.0276543069631, 0.0178547631949, 0.0172003377229]
        dmean2: [0.090872824192, 0.0757820233703, 0.0598641633987, 0.0463220365345, 0.0302330646664, 0.027258599177]
        dvar: [0.00198179483414, 0.00123858137522, 0.000785361742601, 0.000474701082567, 0.000191656552488, 0.000272385717835]
        dvar2: [0.00556728756055, 0.0034920910839, 0.00217899307609, 0.00130731007084, 0.000544460956007, 0.000594226410612]
        max: [-0.326701134443, -0.501193463802, -0.55389046669, -0.580958545208, -0.681066632271, -0.528584361076]
        mean: [-0.661366641521, -0.764715969563, -0.777886033058, -0.795172989368, -0.800976872444, -0.703115105629]
        median: [-0.668747067451, -0.768885731697, -0.779294669628, -0.797374367714, -0.800897836685, -0.71048027277]
        min: [-0.972929060459, -0.97232067585, -0.972638905048, -0.968793511391, -0.958292603493, -0.957365095615]
        var: [0.00599302211776, 0.0033197470475, 0.0032348963432, 0.00177383283153, 0.000767075107433, 0.00342858582735]
    scvalleys:
        dmean: [0.351263046265, 0.323029488325, 0.279567986727, 0.225612059236, 0.177897006273, 0.232885360718]
        dmean2: [0.592034637928, 0.54067671299, 0.458501845598, 0.36572009325, 0.282076686621, 0.338380903006]
        dvar: [0.0835859850049, 0.0719373524189, 0.0577756650746, 0.0424464195967, 0.0374970175326, 0.119117237628]
        dvar2: [0.225389838219, 0.184185087681, 0.137016817927, 0.0913656130433, 0.0747269317508, 0.242530450225]
        max: [-5.12048578262, -4.64405298233, -4.77632713318, -5.44622707367, -5.22156429291, -7.87814235687]
        mean: [-6.66499662399, -6.39587497711, -6.80832195282, -6.99299526215, -6.69168186188, -10.4038801193]
        median: [-6.41526126862, -6.25795269012, -6.68603420258, -6.85866928101, -6.51191806793, -10.1979503632]
        min: [-27.2960643768, -27.4184532166, -26.9631595612, -27.1879367828, -27.2535743713, -27.3160095215]
        var: [1.47486066818, 1.11219263077, 1.08072888851, 1.01467430592, 0.916862666607, 1.41783869267]

rhythm:
    beats_loudness:
        dmean: 0.0017229442019
        dmean2: 0.00289294868708
        dvar: 2.26435031436e-006
        dvar2: 6.50859828966e-006
        max: 0.0150563390926
        mean: 0.00573275145143
        median: 0.00565982423723
        min: 2.95300117692e-010
        var: 5.63067442272e-006
    bpm: 166.426498413
    bpm_confidence: 0
    first_peak_bpm: 167
    first_peak_spread: 0
    first_peak_weight: 0.667077660561
    onset_rate: 2.00340843201
    second_peak_bpm: 172
    second_peak_spread: 0
    second_peak_weight: 0.283600479364
    beats_loudness_band_ratio:
        dmean: [0.145776361227, 0.0630223378539, 0.0616988390684, 0.0572275854647, 0.0953113511205, 0.0725772082806]
        dmean2: [0.261393427849, 0.111921437085, 0.105832077563, 0.0999205261469, 0.168620482087, 0.12709338963]
        dvar: [0.0142993582413, 0.00437493203208, 0.00476376386359, 0.00372963119298, 0.00604093400761, 0.00377897592261]
        dvar2: [0.0418211184442, 0.0123018445447, 0.0129948277026, 0.0109322974458, 0.0191851835698, 0.0103547945619]
        max: [0.799519002438, 0.616504311562, 0.695219874382, 0.5292339921, 0.592044055462, 0.767931878567]
        mean: [0.225737184286, 0.108242213726, 0.114274188876, 0.103830806911, 0.257492274046, 0.220876827836]
        median: [0.200832635164, 0.0915759801865, 0.0905763357878, 0.0855652540922, 0.24525539577, 0.209292888641]
        min: [0.00220754998736, 0.00303546967916, 0.00497615104541, 0.0132820634171, 0.013187144883, 0.0221109706908]
        var: [0.0211843885481, 0.00508852908388, 0.00636949203908, 0.00475519569591, 0.0105285793543, 0.00841318909079]
