
metadata:
    version:
        essentia: "2.1-beta2"
    audio_properties:
        analysis_sample_rate: 44100
        bitrate: 320
        channels: 2
        equal_loudness: 1
        length: 267.833465576
        replay_gain: -14.4829025269
        downmix: "mix"
    tags:
        album: "The Plague Within"
        artist: "Paradise Lost"
        comment: ""
        date: "2015"
        genre: "Metal"
        title: "2 Terminal"
        tracknumber: "2/10"

configuration:
    average_loudness:
        compute: 1
        frameSize: 88200
        hopSize: 44100
        silentFrames: "noise"
        windowType: "hann"
    general:
        analysisSampleRate: 44100
        endTime: 2000
        equalLoudness: 1
        nequalLoudness: 0
        shortSound: 0
        startTime: 0
    lowlevel:
        compute: 1
        frameSize: 2048
        hopSize: 1024
        zeroPadding: 0
        silentFrames: "noise"
        windowType: "blackmanharris62"
        mfccStats: ["mean", "cov", "icov"]
        stats: ["mean", "var", "median", "min", "max", "dmean", "dmean2", "dvar", "dvar2"]
    panning:
        compute: 0
        frameSize: 8192
        hopSize: 2048
        zeroPadding: 8192
        silentFrames: "noise"
        windowType: "hann"
        stats: ["copy"]
    rhythm:
        compute: 1
        maxTempo: 208
        minTempo: 40
        method: "degara"
        stats: ["mean", "var", "median", "min", "max", "dmean", "dmean2", "dvar", "dvar2"]
    segmentation:
        compute: 0
        cpw: 5
        inc1: 300
        inc2: 50
        minimumSegmentsLength: 10
        size1: 1000
        size2: 600
    sfx:
        compute: 1
        stats: ["mean", "var", "median", "min", "max", "dmean", "dmean2", "dvar", "dvar2"]
    svm:
        compute: 0
    tonal:
        compute: 1
        frameSize: 4096
        hopSize: 2048
        zeroPadding: 0
        silentFrames: "noise"
        windowType: "blackmanharris62"
        stats: ["mean", "var", "median", "min", "max", "dmean", "dmean2", "dvar", "dvar2"]

lowlevel:
    average_loudness: 0.934778273106
    barkbands_kurtosis:
        dmean: 0.620192229748
        dmean2: 1.04064106941
        dvar: 0.571515083313
        dvar2: 1.48975551128
        max: 14.7670078278
        mean: -0.781775534153
        median: -1.05921268463
        min: -1.87733817101
        var: 1.26357996464
    barkbands_skewness:
        dmean: 0.362325251102
        dmean2: 0.589291155338
        dvar: 0.104475297034
        dvar2: 0.268350601196
        max: 3.59566664696
        mean: -0.549268901348
        median: -0.616477549076
        min: -2.81353998184
        var: 0.377657264471
    barkbands_spread:
        dmean: 6.06965875626
        dmean2: 9.72610664368
        dvar: 26.6578788757
        dvar2: 67.8909835815
        max: 67.445892334
        mean: 36.0243492126
        median: 36.1718177795
        min: 4.11042785645
        var: 74.8181991577
    dissonance:
        dmean: 0.00766152795404
        dmean2: 0.0131992669776
        dvar: 5.09218953084e-005
        dvar2: 0.000143635261338
        max: 0.500000059605
        mean: 0.487096786499
        median: 0.489250719547
        min: 0.35912579298
        var: 0.000108218358946
    hfc:
        dmean: 2.75037765503
        dmean2: 4.43888759613
        dvar: 7.07288265228
        dvar2: 17.7053794861
        max: 54.5267219543
        mean: 11.613026619
        median: 11.2318611145
        min: 1.19230528177e-016
        var: 23.5168628693
    pitch:
        dmean: 841.587280273
        dmean2: 1608.0970459
        dvar: 1744472.5
        dvar2: 4253003
        max: 4249.49023438
        mean: 2551.61279297
        median: 3567.98852539
        min: 73.5393676758
        var: 2459626
    pitch_instantaneous_confidence:
        dmean: 0.074498206377
        dmean2: 0.123121999204
        dvar: 0.00373215274885
        dvar2: 0.00960925780237
        max: 0.922603189945
        mean: 0.3680306077
        median: 0.357147872448
        min: 0.119658350945
        var: 0.0140396496281
    pitch_salience:
        dmean: 0.0473932661116
        dmean2: 0.0787155032158
        dvar: 0.00171956035774
        dvar2: 0.00461706612259
        max: 0.88320428133
        mean: 0.714403808117
        median: 0.726748466492
        min: 0.244011521339
        var: 0.00428103050217
    silence_rate_20dB:
        dmean: 0
        dmean2: 0
        dvar: 0
        dvar2: 0
        max: 1
        mean: 1
        median: 1
        min: 1
        var: 0
    silence_rate_30dB:
        dmean: 0
        dmean2: 0
        dvar: 0
        dvar2: 0
        max: 1
        mean: 1
        median: 1
        min: 1
        var: 0
    silence_rate_60dB:
        dmean: 0.0348504558206
        dmean2: 0.069706954062
        dvar: 0.033639781177
        dvar2: 0.0794190242887
        max: 1
        mean: 0.11078363657
        median: 0
        min: 0
        var: 0.0985059142113
    spectral_centroid:
        dmean: 272.543518066
        dmean2: 443.893829346
        dvar: 62721.46875
        dvar2: 153823.328125
        max: 10742.3310547
        mean: 2194.4140625
        median: 2245.44433594
        min: 304.082397461
        var: 202794.046875
    spectral_complexity:
        dmean: 4.38734292984
        dmean2: 7.02427625656
        dvar: 13.9801311493
        dvar2: 33.7452735901
        max: 54
        mean: 24.1970348358
        median: 25
        min: 0
        var: 78.5709762573
    spectral_crest:
        dmean: 1.34402382374
        dmean2: 2.26884198189
        dvar: 1.45791649818
        dvar2: 3.8812983036
        max: 22.5968170166
        mean: 5.54470014572
        median: 5.14928913116
        min: 2.14405703545
        var: 3.82014250755
    spectral_decrease:
        dmean: 2.44035680552e-010
        dmean2: 3.85226683886e-010
        dvar: 7.25831665093e-020
        dvar2: 1.72185825836e-019
        max: 5.27973772916e-029
        mean: -1.13657006029e-009
        median: -1.05200870237e-009
        min: -4.80612705189e-009
        var: 2.61163356657e-019
    spectral_energy:
        dmean: 0.00112641812302
        dmean2: 0.00177790480666
        dvar: 1.41425391575e-006
        dvar2: 3.35455183631e-006
        max: 0.0230851732194
        mean: 0.00534301484004
        median: 0.00502568669617
        min: 1.06152968504e-020
        var: 5.3374565141e-006
    spectral_energyband_high:
        dmean: 0.000235335595789
        dmean2: 0.000395109440433
        dvar: 5.50470140581e-008
        dvar2: 1.49910661662e-007
        max: 0.00340767507441
        mean: 0.00069407367846
        median: 0.000661547644995
        min: 7.55172278408e-021
        var: 1.07840932628e-007
    spectral_energyband_low:
        dmean: 0.00022024862119
        dmean2: 0.000367000611732
        dvar: 4.82823807602e-008
        dvar2: 1.32222226057e-007
        max: 0.00249530328438
        mean: 0.000378502387321
        median: 0.000322500243783
        min: 1.86465071651e-023
        var: 7.58659197686e-008
    spectral_energyband_middle_high:
        dmean: 0.000736797228456
        dmean2: 0.0011707523372
        dvar: 5.99603652063e-007
        dvar2: 1.42252656588e-006
        max: 0.0212531480938
        mean: 0.00296734925359
        median: 0.00271979114041
        min: 1.56413189537e-021
        var: 2.32580009651e-006
    spectral_energyband_middle_low:
        dmean: 0.000554394500796
        dmean2: 0.000905383785721
        dvar: 5.49474179934e-007
        dvar2: 1.38046209486e-006
        max: 0.00875621382147
        mean: 0.00142054108437
        median: 0.00111367215868
        min: 3.21560227973e-022
        var: 1.08450433345e-006
    spectral_flatness_db:
        dmean: 0.0114865442738
        dmean2: 0.0185728408396
        dvar: 9.56244039116e-005
        dvar2: 0.000242200039793
        max: 0.303542613983
        mean: 0.143132582307
        median: 0.139345824718
        min: 0.0529322959483
        var: 0.000734056986403
    spectral_flux:
        dmean: 0.00590452505276
        dmean2: 0.00901006907225
        dvar: 3.22500309267e-005
        dvar2: 6.95582784829e-005
        max: 0.0994838252664
        mean: 0.0450954921544
        median: 0.0447472631931
        min: 1.03030563248e-010
        var: 0.000161638570717
    spectral_kurtosis:
        dmean: 0.994507730007
        dmean2: 1.71937704086
        dvar: 0.896384418011
        dvar2: 2.64539241791
        max: 20.3009853363
        mean: 3.14207530022
        median: 2.9602022171
        min: -1.23896574974
        var: 2.11475515366
    spectral_rms:
        dmean: 0.000231419835472
        dmean2: 0.000362145539839
        dvar: 4.73068908491e-008
        dvar2: 1.10942288245e-007
        max: 0.00474574789405
        mean: 0.00221532350406
        median: 0.00221429648809
        min: 3.21813409254e-012
        var: 3.05034205894e-007
    spectral_rolloff:
        dmean: 245.074188232
        dmean2: 409.476593018
        dvar: 79153.6015625
        dvar2: 173671.484375
        max: 19207.6171875
        mean: 3817.57080078
        median: 3875.9765625
        min: 193.798828125
        var: 254158.375
    spectral_skewness:
        dmean: 0.156351491809
        dmean2: 0.255950987339
        dvar: 0.0196873862296
        dvar2: 0.0481599196792
        max: 3.51442503929
        mean: 1.00777506828
        median: 0.989973545074
        min: -0.00738707510754
        var: 0.129720136523
    spectral_spread:
        dmean: 340221.8125
        dmean2: 517130.90625
        dvar: 250693074944
        dvar2: 432854859776
        max: 41832032
        mean: 3889437.75
        median: 3693361.5
        min: 1903919.125
        var: 1.24003077325e+012
    spectral_strongpeak:
        dmean: 0.64572930336
        dmean2: 1.15067875385
        dvar: 0.669851183891
        dvar2: 1.7141752243
        max: 6.65548992157
        mean: 0.674259543419
        median: 0.257105201483
        min: 4.97759300444e-009
        var: 0.755796074867
    zerocrossingrate:
        dmean: 0.0067512341775
        dmean2: 0.00856553856283
        dvar: 3.65840278391e-005
        dvar2: 5.12326987518e-005
        max: 0.50830078125
        mean: 0.117694109678
        median: 0.1201171875
        min: 0.02294921875
        var: 0.000329201604472
    barkbands:
        dmean: [3.31776135454e-007, 0.000111487977847, 0.000134445814183, 0.000187321085832, 0.000242697904469, 0.00013113883324, 0.000132565270178, 9.95016525849e-005, 0.000122443714645, 7.26257130736e-005, 5.71839373151e-005, 6.91171226208e-005, 5.14401399414e-005, 5.44722061022e-005, 8.88767608558e-005, 0.000131593522383, 0.000215347827179, 0.000214636456803, 0.000298240716802, 0.000251441408182, 0.000122088866192, 2.34647159232e-005, 3.59567889063e-006, 1.54602116709e-006, 6.47423291866e-007, 3.37030243713e-008, 3.54221540988e-010]
        dmean2: [5.29085525613e-007, 0.000182685791515, 0.000239305736613, 0.000301823223708, 0.000416635157308, 0.000223262337386, 0.00022246404842, 0.00016648771998, 0.000201660819585, 0.000120469216199, 9.68203821685e-005, 0.000114139722427, 8.50244687172e-005, 8.78121645655e-005, 0.000142185599543, 0.000212234517676, 0.000356614589691, 0.000359131518053, 0.000498080393299, 0.000425192614784, 0.000207621938898, 4.02475561714e-005, 5.96621021032e-006, 2.4395537821e-006, 1.02155263448e-006, 5.44511280509e-008, 6.25890561601e-010]
        dvar: [1.26782048401e-013, 1.44844740646e-008, 2.46244766799e-008, 9.23313479007e-008, 1.40946312399e-007, 2.80384409024e-008, 5.13349576181e-008, 3.38307515335e-008, 3.19033581775e-008, 1.61612607741e-008, 2.26399716752e-008, 1.53574042372e-008, 1.02568877836e-008, 1.8157718884e-008, 3.43404877867e-008, 6.36495869344e-008, 7.47604431695e-008, 4.9410306957e-008, 7.35827256904e-008, 6.10777703969e-008, 1.40143079363e-008, 8.12075962031e-010, 5.42428289785e-011, 1.20321157551e-011, 2.39027070706e-012, 1.28236976566e-014, 1.06142172181e-018]
        dvar2: [3.15312419187e-013, 3.5420811173e-008, 7.08274612293e-008, 2.12151647361e-007, 3.84235562478e-007, 7.83424880524e-008, 1.34531333629e-007, 9.02939092384e-008, 8.61098499172e-008, 4.38650076262e-008, 6.71537918606e-008, 4.1954329788e-008, 2.74006080048e-008, 4.32745785872e-008, 7.59281206797e-008, 1.55491193254e-007, 1.92683145883e-007, 1.31457071006e-007, 2.04147212912e-007, 1.66979290839e-007, 3.86766068061e-008, 2.16445661394e-009, 1.20803797521e-010, 2.50205169083e-011, 5.6701982519e-012, 3.44156499902e-014, 2.86874880471e-018]
        max: [3.52542679138e-006, 0.000951747992076, 0.00162097788416, 0.00407679891214, 0.00419951230288, 0.00259612454101, 0.00415790546685, 0.00371408858337, 0.00434705242515, 0.00371607975103, 0.00435030646622, 0.0030104178004, 0.0026324831415, 0.00242759939283, 0.00879218243062, 0.00950183998793, 0.00994317792356, 0.00471095601097, 0.00347365508787, 0.00317502906546, 0.00164497189689, 0.000360827136319, 0.000186597579159, 0.000110120949103, 4.26130463893e-005, 3.3186759083e-006, 4.6650686869e-008]
        mean: [3.99738155465e-007, 0.000137306124088, 0.00015637796605, 0.000239185188548, 0.000348949222825, 0.000222973758355, 0.000205185599043, 0.000154120032676, 0.000210914920899, 0.000129365798784, 9.41987236729e-005, 0.000123258010717, 8.50416035973e-005, 8.51929871715e-005, 0.000169463819475, 0.000250259559834, 0.000461444724351, 0.000483008974697, 0.000786376302131, 0.000614901015069, 0.000327133078827, 4.77080066048e-005, 6.11934001427e-006, 2.88292358164e-006, 1.19733704196e-006, 5.25781942429e-008, 3.76821213122e-010]
        median: [2.5932627068e-007, 8.9120301709e-005, 0.000105025974335, 8.18980915938e-005, 0.000221921683988, 0.000165309087606, 0.000122056168038, 8.07715841802e-005, 0.000149468629388, 8.05241579656e-005, 3.12195843435e-005, 6.93482725183e-005, 4.88634432259e-005, 4.16956972913e-005, 0.000107547471998, 0.000169998675119, 0.000396290794015, 0.00042744653183, 0.000748134916648, 0.000576656777412, 0.000308222195599, 4.0484857891e-005, 3.70983980247e-006, 1.34538231578e-006, 5.17551995927e-007, 1.87886097791e-008, 1.86130222346e-010]
        min: [6.72789016032e-024, 4.8319844592e-024, 4.82254652733e-024, 8.45256176905e-024, 5.71686993143e-023, 6.15790439305e-023, 3.3827131855e-023, 4.77550675155e-023, 1.09641972303e-022, 7.04631070927e-023, 8.28194267262e-023, 1.32408220349e-022, 5.99697108859e-023, 5.4498468259e-023, 1.34191980006e-022, 1.99064871625e-022, 1.92331053964e-022, 2.20868431687e-022, 3.12125956418e-022, 2.345233489e-022, 4.75637636973e-022, 5.18502293835e-022, 4.81194398433e-022, 8.25659284831e-022, 1.38428372588e-021, 1.69913742447e-021, 2.36246317042e-021]
        var: [1.84133185587e-013, 1.91281674944e-008, 2.78575420509e-008, 1.41806211218e-007, 1.58611825896e-007, 4.45420837991e-008, 7.46621964254e-008, 5.6985985708e-008, 5.35624415932e-008, 3.23457740592e-008, 5.46681278024e-008, 3.88392322748e-008, 1.70351643902e-008, 2.8462716628e-008, 7.26886071334e-008, 1.13796772894e-007, 1.22638439848e-007, 9.07995243438e-008, 1.50294312107e-007, 1.03715457556e-007, 2.70370907884e-008, 1.00748154264e-009, 8.68411800803e-011, 3.27658837562e-011, 5.25847594635e-012, 1.2329199822e-014, 8.15913585429e-019]
    frequency_bands:
        dmean: [3.31776135454e-007, 0.000111487977847, 0.000134445814183, 0.000187321085832, 0.000242697904469, 0.00013113883324, 0.000132565270178, 9.95016525849e-005, 0.000122443714645, 7.26257130736e-005, 5.71839373151e-005, 6.91171226208e-005, 5.14401399414e-005, 5.44722061022e-005, 8.88767608558e-005, 0.000131593522383, 0.000215347827179, 0.000214636456803, 0.000298240716802, 0.000251441408182, 0.000122088866192, 2.34647159232e-005, 3.59567889063e-006, 1.54602116709e-006, 6.47423291866e-007, 3.37030243713e-008, 3.54221540988e-010, 6.26027563122e-011]
        dmean2: [5.29085525613e-007, 0.000182685791515, 0.000239305736613, 0.000301823223708, 0.000416635157308, 0.000223262337386, 0.00022246404842, 0.00016648771998, 0.000201660819585, 0.000120469216199, 9.68203821685e-005, 0.000114139722427, 8.50244687172e-005, 8.78121645655e-005, 0.000142185599543, 0.000212234517676, 0.000356614589691, 0.000359131518053, 0.000498080393299, 0.000425192614784, 0.000207621938898, 4.02475561714e-005, 5.96621021032e-006, 2.4395537821e-006, 1.02155263448e-006, 5.44511280509e-008, 6.25890561601e-010, 1.1605314626e-010]
        dvar: [1.26782048401e-013, 1.44844740646e-008, 2.46244766799e-008, 9.23313479007e-008, 1.40946312399e-007, 2.80384409024e-008, 5.13349576181e-008, 3.38307515335e-008, 3.19033581775e-008, 1.61612607741e-008, 2.26399716752e-008, 1.53574042372e-008, 1.02568877836e-008, 1.8157718884e-008, 3.43404877867e-008, 6.36495869344e-008, 7.47604431695e-008, 4.9410306957e-008, 7.35827256904e-008, 6.10777703969e-008, 1.40143079363e-008, 8.12075962031e-010, 5.42428289785e-011, 1.20321157551e-011, 2.39027070706e-012, 1.28236976566e-014, 1.06142172181e-018, 7.47026488079e-021]
        dvar2: [3.15312419187e-013, 3.5420811173e-008, 7.08274612293e-008, 2.12151647361e-007, 3.84235562478e-007, 7.83424880524e-008, 1.34531333629e-007, 9.02939092384e-008, 8.61098499172e-008, 4.38650076262e-008, 6.71537918606e-008, 4.1954329788e-008, 2.74006080048e-008, 4.32745785872e-008, 7.59281206797e-008, 1.55491193254e-007, 1.92683145883e-007, 1.31457071006e-007, 2.04147212912e-007, 1.66979290839e-007, 3.86766068061e-008, 2.16445661394e-009, 1.20803797521e-010, 2.50205169083e-011, 5.6701982519e-012, 3.44156499902e-014, 2.86874880471e-018, 2.34326745072e-020]
        max: [3.52542679138e-006, 0.000951747992076, 0.00162097788416, 0.00407679891214, 0.00419951230288, 0.00259612454101, 0.00415790546685, 0.00371408858337, 0.00434705242515, 0.00371607975103, 0.00435030646622, 0.0030104178004, 0.0026324831415, 0.00242759939283, 0.00879218243062, 0.00950183998793, 0.00994317792356, 0.00471095601097, 0.00347365508787, 0.00317502906546, 0.00164497189689, 0.000360827136319, 0.000186597579159, 0.000110120949103, 4.26130463893e-005, 3.3186759083e-006, 4.6650686869e-008, 1.26329269268e-009]
        mean: [3.99738155465e-007, 0.000137306124088, 0.00015637796605, 0.000239185188548, 0.000348949222825, 0.000222973758355, 0.000205185599043, 0.000154120032676, 0.000210914920899, 0.000129365798784, 9.41987236729e-005, 0.000123258010717, 8.50416035973e-005, 8.51929871715e-005, 0.000169463819475, 0.000250259559834, 0.000461444724351, 0.000483008974697, 0.000786376302131, 0.000614901015069, 0.000327133078827, 4.77080066048e-005, 6.11934001427e-006, 2.88292358164e-006, 1.19733704196e-006, 5.25781942429e-008, 3.76821213122e-010, 4.90167906264e-011]
        median: [2.5932627068e-007, 8.9120301709e-005, 0.000105025974335, 8.18980915938e-005, 0.000221921683988, 0.000165309087606, 0.000122056168038, 8.07715841802e-005, 0.000149468629388, 8.05241579656e-005, 3.12195843435e-005, 6.93482725183e-005, 4.88634432259e-005, 4.16956972913e-005, 0.000107547471998, 0.000169998675119, 0.000396290794015, 0.00042744653183, 0.000748134916648, 0.000576656777412, 0.000308222195599, 4.0484857891e-005, 3.70983980247e-006, 1.34538231578e-006, 5.17551995927e-007, 1.87886097791e-008, 1.86130222346e-010, 1.99737379414e-011]
        min: [6.72789016032e-024, 4.8319844592e-024, 4.82254652733e-024, 8.45256176905e-024, 5.71686993143e-023, 6.15790439305e-023, 3.3827131855e-023, 4.77550675155e-023, 1.09641972303e-022, 7.04631070927e-023, 8.28194267262e-023, 1.32408220349e-022, 5.99697108859e-023, 5.4498468259e-023, 1.34191980006e-022, 1.99064871625e-022, 1.92331053964e-022, 2.20868431687e-022, 3.12125956418e-022, 2.345233489e-022, 4.75637636973e-022, 5.18502293835e-022, 4.81194398433e-022, 8.25659284831e-022, 1.38428372588e-021, 1.69913742447e-021, 2.36246317042e-021, 8.40345022365e-022]
        var: [1.84133185587e-013, 1.91281674944e-008, 2.78575420509e-008, 1.41806211218e-007, 1.58611825896e-007, 4.45420837991e-008, 7.46621964254e-008, 5.6985985708e-008, 5.35624415932e-008, 3.23457740592e-008, 5.46681278024e-008, 3.88392322748e-008, 1.70351643902e-008, 2.8462716628e-008, 7.26886071334e-008, 1.13796772894e-007, 1.22638439848e-007, 9.07995243438e-008, 1.50294312107e-007, 1.03715457556e-007, 2.70370907884e-008, 1.00748154264e-009, 8.68411800803e-011, 3.27658837562e-011, 5.25847594635e-012, 1.2329199822e-014, 8.15913585429e-019, 5.97633913212e-021]
    mfcc:
        mean: [-691.55291748, 102.237113953, -60.8747558594, 70.4339752197, -21.2484874725, -7.31137466431, 1.29581153393, -5.15465784073, 3.81137132645, -4.13405418396, -2.47044682503, -1.8613345623, -2.24566483498]
        cov: [[4223.36279297, 520.361816406, -412.87588501, 359.053405762, -106.971542358, 26.1941165924, 76.0271148682, 28.0857772827, 61.8180198669, 9.0136346817, -41.3244552612, -8.68570804596, -40.2960777283], [520.361816406, 391.438659668, -190.192092896, 152.918823242, -71.120300293, 9.21681594849, 12.5276174545, -18.151517868, 34.8920898438, -26.973493576, 21.3703594208, -8.6289434433, 4.45268964767], [-412.87588501, -190.192092896, 321.180145264, -138.227508545, 90.7759170532, -22.6765327454, 4.92336511612, 22.2027397156, -38.9585571289, 22.3573493958, -20.0011367798, 20.447353363, -2.42606687546], [359.053405762, 152.918823242, -138.227508545, 363.671905518, -31.391084671, 72.184387207, 3.57933092117, 13.8088169098, 38.5101661682, 6.45489406586, 15.0781955719, -16.08659935, 0.547629475594], [-106.971542358, -71.120300293, 90.7759170532, -31.391084671, 111.420677185, 12.3017635345, -8.4232006073, -12.7309551239, -7.47449588776, 17.2200737, -3.79481983185, 6.07711601257, -1.52971446514], [26.1941165924, 9.21681594849, -22.6765327454, 72.184387207, 12.3017635345, 86.202507019, 30.4042892456, 20.9234294891, 6.36007070541, 8.98738098145, 7.471575737, -0.145997986197, 0.764576196671], [76.0271148682, 12.5276174545, 4.92336511612, 3.57933092117, -8.4232006073, 30.4042892456, 82.0854873657, 50.7193527222, 16.9589939117, -0.837864220142, 4.85374355316, 11.769733429, 8.15275764465], [28.0857772827, -18.151517868, 22.2027397156, 13.8088169098, -12.7309551239, 20.9234294891, 50.7193527222, 86.2422866821, 30.8194293976, 13.5419549942, -0.1748662889, 15.344165802, 7.71874475479], [61.8180198669, 34.8920898438, -38.9585571289, 38.5101661682, -7.47449588776, 6.36007070541, 16.9589939117, 30.8194293976, 66.3542861938, 25.63712883, 17.2559909821, 3.55925941467, 10.1687078476], [9.0136346817, -26.973493576, 22.3573493958, 6.45489406586, 17.2200737, 8.98738098145, -0.837864220142, 13.5419549942, 25.63712883, 62.5429229736, 24.4055557251, 13.179441452, 2.79277586937], [-41.3244552612, 21.3703594208, -20.0011367798, 15.0781955719, -3.79481983185, 7.471575737, 4.85374355316, -0.1748662889, 17.2559909821, 24.4055557251, 53.2593727112, 21.3754329681, 14.9144535065], [-8.68570804596, -8.6289434433, 20.447353363, -16.08659935, 6.07711601257, -0.145997986197, 11.769733429, 15.344165802, 3.55925941467, 13.179441452, 21.3754329681, 50.5548477173, 22.5970420837], [-40.2960777283, 4.45268964767, -2.42606687546, 0.547629475594, -1.52971446514, 0.764576196671, 8.15275764465, 7.71874475479, 10.1687078476, 2.79277586937, 14.9144535065, 22.5970420837, 44.966758728]]
        icov: [[0.000351213297108, -0.000351548718754, 0.000429543870268, -0.000210644415347, -0.000180485920282, 0.000415154121583, -0.000555200327653, -1.50749820023e-005, 0.000345784734236, -0.000776619534008, 0.000944441126194, -0.000463632284664, 0.000355111522367], [-0.000351548718754, 0.00469755660743, 0.000900522514712, -0.00113639689516, 0.00110973522533, 0.000576086109504, -0.0012517538853, 0.0022133840248, -0.00216938205995, 0.0026548858732, -0.00181208574213, -0.000396256364184, 0.000283050758298], [0.000429543870268, 0.000900522514712, 0.00729325599968, 0.000463542179205, -0.00467299390584, 0.00317283114418, -0.00154522620142, -0.0035770048853, 0.0051731611602, -0.00352599844337, 0.00223082862794, -0.00103310367558, 0.000193239320652], [-0.000210644415347, -0.00113639689516, 0.000463542179205, 0.00469896243885, 0.000314648234053, -0.00416699796915, 0.00270388065837, -0.0013716040412, -0.00119888398331, 0.000207329954719, -0.00060764956288, 0.00131832470652, -0.000484400981804], [-0.000180485920282, 0.00110973522533, -0.00467299390584, 0.000314648234053, 0.0148875983432, -0.00529064191505, 0.000710219144821, 0.00666846567765, -0.00446591898799, -0.00116990657989, 0.0021377291996, -0.00226811459288, 0.000308727787342], [0.000415154121583, 0.000576086109504, 0.00317283114418, -0.00416699796915, -0.00529064191505, 0.0201697964221, -0.00823193322867, -0.0029793207068, 0.00623594550416, -0.00400397647172, -0.00106211355887, 0.00204935530201, 0.000178813235834], [-0.000555200327653, -0.0012517538853, -0.00154522620142, 0.00270388065837, 0.000710219144821, -0.00823193322867, 0.0247192978859, -0.0127508342266, -0.00202747387812, 0.00647865142673, -0.00435452209786, -2.9473370887e-005, -0.00110355333891], [-1.50749820023e-005, 0.0022133840248, -0.0035770048853, -0.0013716040412, 0.00666846567765, -0.0029793207068, -0.0127508342266, 0.028424249962, -0.0125613957644, -0.00169248273596, 0.00781766884029, -0.00775695033371, 0.00155207002535], [0.000345784734236, -0.00216938205995, 0.0051731611602, -0.00119888398331, -0.00446591898799, 0.00623594550416, -0.00202747387812, -0.0125613957644, 0.030959976837, -0.012326692231, -0.00324004772119, 0.00694728735834, -0.00556796323508], [-0.000776619534008, 0.0026548858732, -0.00352599844337, 0.000207329954719, -0.00116990657989, -0.00400397647172, 0.00647865142673, -0.00169248273596, -0.012326692231, 0.0304428823292, -0.0134048387408, -0.00250884890556, 0.00459622917697], [0.000944441126194, -0.00181208574213, 0.00223082862794, -0.00060764956288, 0.0021377291996, -0.00106211355887, -0.00435452209786, 0.00781766884029, -0.00324004772119, -0.0134048387408, 0.0350742079318, -0.0126105826348, -0.0030390273314], [-0.000463632284664, -0.000396256364184, -0.00103310367558, 0.00131832470652, -0.00226811459288, 0.00204935530201, -2.9473370887e-005, -0.00775695033371, 0.00694728735834, -0.00250884890556, -0.0126105826348, 0.0348513238132, -0.0139695182443], [0.000355111522367, 0.000283050758298, 0.000193239320652, -0.000484400981804, 0.000308727787342, 0.000178813235834, -0.00110355333891, 0.00155207002535, -0.00556796323508, 0.00459622917697, -0.0030390273314, -0.0139695182443, 0.0314880125225]]
    sccoeffs:
        dmean: [0.0567086450756, 0.044629175216, 0.0360407307744, 0.0275247171521, 0.0190734528005, 0.019216902554]
        dmean2: [0.0942838340998, 0.0756442546844, 0.0608051493764, 0.0460438430309, 0.0323778241873, 0.0302149746567]
        dvar: [0.00188148545567, 0.00121427350678, 0.00075530144386, 0.000460935232695, 0.000234821098275, 0.000321593077388]
        dvar2: [0.00522951548919, 0.00346132158302, 0.00215031229891, 0.00123319798149, 0.000656952150166, 0.000697053503245]
        max: [-0.309423387051, -0.517603039742, -0.581904649734, -0.572552084923, -0.657376289368, -0.462650716305]
        mean: [-0.676668465137, -0.773795425892, -0.795156955719, -0.800874352455, -0.80095911026, -0.697458803654]
        median: [-0.682264089584, -0.777131438255, -0.797664284706, -0.804328322411, -0.801936984062, -0.69982945919]
        min: [-0.947048902512, -0.960761606693, -0.968851625919, -0.974940955639, -0.960120975971, -0.958515584469]
        var: [0.00456219026819, 0.00270373374224, 0.00191239826381, 0.00138526142109, 0.000694351620041, 0.00342027796432]
    scvalleys:
        dmean: [0.406351715326, 0.331403523684, 0.290899157524, 0.241095200181, 0.186513632536, 0.28885743022]
        dmean2: [0.673757135868, 0.552274048328, 0.473479986191, 0.387892872095, 0.301562517881, 0.443346500397]
        dvar: [0.104061901569, 0.0771774798632, 0.0624646916986, 0.0463070273399, 0.0370123833418, 0.110892474651]
        dvar2: [0.274010300636, 0.190632537007, 0.14690156281, 0.100682616234, 0.0767833665013, 0.246847629547]
        max: [-5.27117872238, -4.5548324585, -4.75287389755, -5.39128017426, -5.53662109375, -7.83889341354]
        mean: [-6.79005336761, -6.38056659698, -6.83764600754, -6.99601268768, -6.44703054428, -9.94225978851]
        median: [-6.568775177, -6.23207378387, -6.72891902924, -6.88361644745, -6.26250839233, -9.71089172363]
        min: [-27.6178760529, -27.459356308, -27.0019035339, -26.8040351868, -27.0562095642, -27.3965167999]
        var: [1.4207829237, 1.14740347862, 1.13392007351, 1.04380846024, 1.02140331268, 1.45613837242]

rhythm:
    beats_loudness:
        dmean: 0.00177028181497
        dmean2: 0.00293166935444
        dvar: 2.70896407528e-006
        dvar2: 7.14695079296e-006
        max: 0.0176238082349
        mean: 0.00679085962474
        median: 0.00677913660184
        min: 2.00840698239e-011
        var: 6.86683461026e-006
    bpm: 123.921600342
    bpm_confidence: 0
    first_peak_bpm: 123
    first_peak_spread: 0.349442392588
    first_peak_weight: 0.632911384106
    onset_rate: 2.19912791252
    second_peak_bpm: 167
    second_peak_spread: 0
    second_peak_weight: 0.0108499098569
    beats_loudness_band_ratio:
        dmean: [0.10786242038, 0.0594778284431, 0.0691121742129, 0.0503675639629, 0.082604855299, 0.081797324121]
        dmean2: [0.189143076539, 0.104465983808, 0.11829803139, 0.0898715928197, 0.139921948314, 0.13942168653]
        dvar: [0.0093192178756, 0.00311413197778, 0.00514981849119, 0.00425198674202, 0.00588507065549, 0.00475157424808]
        dvar2: [0.0261618606746, 0.00919181015342, 0.0134868510067, 0.0118704345077, 0.0169760212302, 0.0132118910551]
        max: [0.661323964596, 0.399820923805, 0.845166862011, 0.408758014441, 0.776699483395, 0.636916518211]
        mean: [0.228506729007, 0.104013375938, 0.131211042404, 0.0814824253321, 0.234446644783, 0.261868000031]
        median: [0.233221754432, 0.0959155783057, 0.103094905615, 0.0623484104872, 0.219855964184, 0.259188055992]
        min: [0, 0, 0, 0, 0, 0]
        var: [0.0141969239339, 0.00333073711954, 0.0109808957204, 0.00412730081007, 0.00848671980202, 0.00840921979398]
    beats_position: [0.487619042397, 0.986848056316, 1.48607707024, 1.98530614376, 2.48453521729, 2.9837641716, 3.48299312592, 3.97061228752, 4.45823097229, 4.95746040344, 5.45668935776, 5.94430828094, 6.43192720413, 6.91954612732, 7.40716552734, 7.89478445053, 8.38240337372, 8.85841274261, 9.33442115784, 9.82204055786, 10.3096599579, 10.7972784042, 11.2848978043, 11.7609071732, 12.2369155884, 12.7245349884, 13.2121543884, 13.6997728348, 14.1873922348, 14.66340065, 15.15102005, 15.6386394501, 16.114648819, 16.602268219, 17.0898857117, 17.5775051117, 18.0535144806, 18.5295238495, 19.0171432495, 19.5047607422, 19.9923801422, 20.4799995422, 20.9676189423, 21.4552383423, 21.942855835, 22.4188652039, 22.8948745728, 23.3824939728, 23.8701133728, 24.3577327728, 24.8453502655, 25.3213596344, 25.7973690033, 26.2849884033, 26.7726078033, 27.2486171722, 27.7246246338, 28.2122440338, 28.6998634338, 29.1874828339, 29.6634922028, 30.1394996643, 30.6271190643, 31.1147384644, 31.6023578644, 32.0899772644, 32.5659866333, 33.0419960022, 33.5296134949, 34.0172348022, 34.5048522949, 34.9808616638, 35.4568710327, 35.9444885254, 36.4321098328, 36.9197273254, 37.4073448181, 37.8949661255, 38.3709754944, 38.8469848633, 39.334602356, 39.8222198486, 40.309841156, 40.7974586487, 41.2850799561, 41.7726974487, 42.2487068176, 42.7247161865, 43.2123336792, 43.6999549866, 44.1759643555, 44.6519737244, 45.139591217, 45.6272087097, 46.1148300171, 46.6024475098, 47.0900688171, 47.5776863098, 48.0536956787, 48.5297050476, 49.0173225403, 49.5049438477, 49.9925613403, 50.4685707092, 50.9445800781, 51.4321975708, 51.9198188782, 52.3958282471, 52.871837616, 53.3594551086, 53.8470726013, 54.3346939087, 54.8107032776, 55.2983207703, 55.7859382629, 56.2619476318, 56.7495689392, 57.2371864319, 57.7248077393, 58.2124252319, 58.7000427246, 59.187664032, 59.6752815247, 60.162902832, 60.6389122009, 61.1149177551, 61.6025390625, 62.0785484314, 62.5545578003, 63.042175293, 63.5297966003, 64.0174102783, 64.5050354004, 64.9926528931, 65.4686584473, 65.9562835693, 66.443901062, 66.9315185547, 67.4075241089, 67.8835372925, 68.3595428467, 68.8471679688, 69.3347854614, 69.8224029541, 70.3100204468, 70.7976379395, 71.2852630615, 71.7728805542, 72.2488861084, 72.724899292, 73.2009048462, 73.6769180298, 74.1645355225, 74.6521530151, 75.1397705078, 75.6273880005, 76.1150131226, 76.6026306152, 77.0902481079, 77.5662536621, 78.0654830933, 78.5531082153, 79.0291137695, 79.5167312622, 79.9927444458, 80.4803619385, 80.9679794312, 81.4555969238, 81.9432220459, 82.4192276001, 82.8952331543, 83.3828582764, 83.8588638306, 84.3348770142, 84.8224945068, 85.3101119995, 85.7977294922, 86.2853469849, 86.7729721069, 87.2489776611, 87.7249908447, 88.2126083374, 88.7002258301, 89.1878433228, 89.6638565063, 90.151473999, 90.6274795532, 91.1150970459, 91.602722168, 92.0903396606, 92.5663452148, 93.0423583984, 93.5299758911, 94.0059814453, 94.4819946289, 94.9696121216, 95.4572296143, 95.9448471069, 96.432472229, 96.9200897217, 97.4077072144, 97.8837203979, 98.3597259521, 98.8473434448, 99.3349609375, 99.8225860596, 100.298591614, 100.774604797, 101.26222229, 101.749839783, 102.237457275, 102.725074768, 103.21269989, 103.700317383, 104.187934875, 104.675552368, 105.151565552, 105.627571106, 106.10358429, 106.579589844, 107.067207336, 107.554824829, 108.030838013, 108.506843567, 108.994468689, 109.482086182, 109.969703674, 110.457321167, 110.94493866, 111.432563782, 111.920181274, 112.407798767, 112.883804321, 113.359817505, 113.847434998, 114.346664429, 114.822669983, 115.310295105, 115.797912598, 116.28553009, 116.749931335, 117.237548828, 117.725166321, 118.212783813, 118.700408936, 119.188026428, 119.664031982, 120.140045166, 120.627662659, 121.115280151, 121.602897644, 122.090522766, 122.578140259, 123.065757751, 123.553375244, 124.040992737, 124.528617859, 125.004623413, 125.480628967, 125.968254089, 126.455871582, 126.931877136, 127.40789032, 127.895507813, 128.383132935, 128.870742798, 129.346755981, 129.822769165, 130.310379028, 130.79800415, 131.285614014, 131.773239136, 132.260864258, 132.736862183, 133.212875366, 133.700500488, 134.188110352, 134.664123535, 135.140136719, 135.627746582, 136.115371704, 136.602996826, 137.090606689, 137.578231812, 138.065841675, 138.553466797, 139.02947998, 139.505477905, 139.993103027, 140.480728149, 140.968338013, 141.455963135, 141.943572998, 142.442810059, 142.930435181, 143.418045044, 143.894058228, 144.381668091, 144.857681274, 145.333694458, 145.809707642, 146.285705566, 146.76171875, 147.237731934, 147.725341797, 148.212966919, 148.700592041, 149.176589966, 149.652603149, 150.140228271, 150.627838135, 151.115463257, 151.603088379, 152.090698242, 152.578323364, 153.065933228, 153.55355835, 154.029571533, 154.505569458, 154.99319458, 155.480819702, 155.956817627, 156.432830811, 156.920455933, 157.408065796, 157.895690918, 158.383300781, 158.870925903, 159.370162964, 159.857772827, 160.333786011, 160.809799194, 161.285797119, 161.761810303, 162.237823486, 162.72543335, 163.213058472, 163.700683594, 164.188293457, 164.675918579, 165.151931763, 165.627929688, 166.103942871, 166.579956055, 167.067565918, 167.55519104, 168.042816162, 168.530426025, 169.018051147, 169.505661011, 169.993286133, 170.469299316, 170.945297241, 171.432922363, 171.920547485, 172.408157349, 172.884170532, 173.360183716, 173.847793579, 174.335418701, 174.823028564, 175.310653687, 175.798278809, 176.285888672, 176.773513794, 177.261123657, 177.748748779, 178.224761963, 178.700775146, 179.176773071, 179.664398193, 180.140411377, 180.616409302, 181.104034424, 181.591659546, 182.079269409, 182.566894531, 183.054504395, 183.553741455, 184.041351318, 184.517364502, 184.993377686, 185.469390869, 185.945388794, 186.421401978, 186.897415161, 187.385025024, 187.872650146, 188.360275269, 188.847885132, 189.335510254, 189.811508179, 190.287521362, 190.775146484, 191.274368286, 191.761993408, 192.24961853, 192.737228394, 193.213241577, 193.70085144, 194.176864624, 194.652877808, 195.140487671, 195.628112793, 196.115737915, 196.603347778, 197.0909729, 197.578598022, 198.066207886, 198.553833008, 199.029830933, 199.505844116, 199.9818573, 200.457870483, 200.945480347, 201.433105469, 201.920715332, 202.408340454, 202.884353638, 203.371963501, 203.847976685, 204.335601807, 204.82321167, 205.310836792, 205.786849976, 206.274459839, 206.750473022, 207.238098145, 207.725708008, 208.21333313, 208.700942993, 209.188568115, 209.676193237, 210.152191162, 210.628204346, 211.104217529, 211.591827393, 212.067840576, 212.555465698, 213.043075562, 213.530700684, 214.018310547, 214.505935669, 214.993560791, 215.481170654, 215.957183838, 216.44480896, 216.932418823, 217.408432007, 217.88444519, 218.360443115, 218.836456299, 219.312469482, 219.800079346, 220.287704468, 220.77532959, 221.262939453, 221.750564575, 222.238174438, 222.725799561, 223.213424683, 223.701034546, 224.188659668, 224.676269531, 225.163894653, 225.651519775, 226.139129639, 226.626754761, 227.114364624, 227.601989746, 228.07800293, 228.554016113, 229.041625977, 229.51763916, 229.993652344, 230.469650269, 230.957275391, 231.444900513, 231.920898438, 232.40852356, 232.896133423, 233.383758545, 233.859771729, 234.335784912, 234.823394775, 235.311019897, 235.798629761, 236.286254883, 236.773880005, 237.261489868, 237.74911499, 238.225112915, 238.701126099, 239.188751221, 239.676361084, 240.163986206, 240.651611328, 241.139221191, 241.626846313, 242.102859497, 242.578857422, 243.054870605, 243.530883789, 244.018493652, 244.506118774, 244.993743896, 245.469741821, 245.945755005, 246.433380127, 246.92098999, 247.408615112, 247.896224976, 248.383850098, 248.859863281, 249.335861206, 249.823486328, 250.31111145, 250.798721313, 251.286346436, 251.773956299, 252.261581421, 252.749206543, 253.236816406, 253.71282959, 254.200454712, 254.676452637, 255.164077759, 255.651702881, 256.139312744, 256.626922607, 257.102935791, 257.578948975, 258.066558838, 258.554199219, 259.041809082, 259.517822266, 259.993835449, 260.481445313, 260.980682373, 261.479919434, 261.990753174, 262.513183594, 263.024017334, 263.465209961, 263.917999268, 264.359191895, 264.707489014, 265.067382813, 265.427307129, 265.787200928, 266.147125244, 266.507019043, 266.866943359, 267.238464355]
