
metadata:
    version:
        essentia: "2.1-beta2"
    audio_properties:
        analysis_sample_rate: 44100
        bitrate: 320
        channels: 2
        equal_loudness: 1
        length: 312.398376465
        replay_gain: -13.8671302795
        downmix: "mix"
    tags:
        album: "The Plague Within"
        artist: "Paradise Lost"
        comment: ""
        date: "2015"
        genre: "Metal"
        title: "4 Punishment Through Time"
        tracknumber: "4/10"

configuration:
    average_loudness:
        compute: 1
        frameSize: 88200
        hopSize: 44100
        silentFrames: "noise"
        windowType: "hann"
    general:
        analysisSampleRate: 44100
        endTime: 2000
        equalLoudness: 1
        nequalLoudness: 0
        shortSound: 0
        startTime: 0
    lowlevel:
        compute: 1
        frameSize: 2048
        hopSize: 1024
        zeroPadding: 0
        silentFrames: "noise"
        windowType: "blackmanharris62"
        mfccStats: ["mean", "cov", "icov"]
        stats: ["mean", "var", "median", "min", "max", "dmean", "dmean2", "dvar", "dvar2"]
    panning:
        compute: 0
        frameSize: 8192
        hopSize: 2048
        zeroPadding: 8192
        silentFrames: "noise"
        windowType: "hann"
        stats: ["copy"]
    rhythm:
        compute: 1
        maxTempo: 208
        minTempo: 40
        method: "degara"
        stats: ["mean", "var", "median", "min", "max", "dmean", "dmean2", "dvar", "dvar2"]
    segmentation:
        compute: 0
        cpw: 5
        inc1: 300
        inc2: 50
        minimumSegmentsLength: 10
        size1: 1000
        size2: 600
    sfx:
        compute: 1
        stats: ["mean", "var", "median", "min", "max", "dmean", "dmean2", "dvar", "dvar2"]
    svm:
        compute: 0
    tonal:
        compute: 1
        frameSize: 4096
        hopSize: 2048
        zeroPadding: 0
        silentFrames: "noise"
        windowType: "blackmanharris62"
        stats: ["mean", "var", "median", "min", "max", "dmean", "dmean2", "dvar", "dvar2"]

lowlevel:
    average_loudness: 0.826320290565
    barkbands_kurtosis:
        dmean: 0.428681820631
        dmean2: 0.721828937531
        dvar: 0.388918548822
        dvar2: 0.996724128723
        max: 13.3307123184
        mean: -1.10034012794
        median: -1.4249625206
        min: -1.86721360683
        var: 1.00111174583
    barkbands_skewness:
        dmean: 0.361090928316
        dmean2: 0.587364971638
        dvar: 0.102640807629
        dvar2: 0.264606773853
        max: 3.71693062782
        mean: -0.0700869634748
        median: -0.122430190444
        min: -2.94004440308
        var: 0.444012016058
    barkbands_spread:
        dmean: 4.72215843201
        dmean2: 7.65244102478
        dvar: 19.3779850006
        dvar2: 48.1387901306
        max: 67.1768112183
        mean: 39.0952033997
        median: 40.8132629395
        min: 4.34979343414
        var: 89.2216262817
    dissonance:
        dmean: 0.00841841567308
        dmean2: 0.0143773825839
        dvar: 6.02221261943e-005
        dvar2: 0.000165916688275
        max: 0.500000178814
        mean: 0.484940826893
        median: 0.487078368664
        min: 0.401380687952
        var: 0.000113752648758
    hfc:
        dmean: 1.93366372585
        dmean2: 3.07768344879
        dvar: 7.59257221222
        dvar2: 19.1300868988
        max: 44.5260238647
        mean: 7.28696155548
        median: 6.09266376495
        min: 1.22439353679e-016
        var: 24.1353664398
    pitch:
        dmean: 633.139038086
        dmean2: 1205.14440918
        dvar: 1303280.875
        dvar2: 3352220
        max: 4315.07861328
        mean: 2601.41333008
        median: 3514.05273438
        min: 55.0339508057
        var: 2217504
    pitch_instantaneous_confidence:
        dmean: 0.0776411369443
        dmean2: 0.130408987403
        dvar: 0.00390027300455
        dvar2: 0.0104088634253
        max: 0.957036733627
        mean: 0.370216339827
        median: 0.368596732616
        min: 0.134507060051
        var: 0.00863129459321
    pitch_salience:
        dmean: 0.0551724843681
        dmean2: 0.0927830636501
        dvar: 0.00257430132478
        dvar2: 0.00716921314597
        max: 0.859426915646
        mean: 0.694210112095
        median: 0.708496510983
        min: 0.330561310053
        var: 0.00536112859845
    silence_rate_20dB:
        dmean: 0
        dmean2: 0
        dvar: 0
        dvar2: 0
        max: 1
        mean: 1
        median: 1
        min: 1
        var: 0
    silence_rate_30dB:
        dmean: 0
        dmean2: 0
        dvar: 0
        dvar2: 0
        max: 1
        mean: 1
        median: 1
        min: 1
        var: 0
    silence_rate_60dB:
        dmean: 0.113720826805
        dmean2: 0.227458566427
        dvar: 0.100793577731
        dvar2: 0.218106597662
        max: 1
        mean: 0.47744333744
        median: 0
        min: 0
        var: 0.249478980899
    spectral_centroid:
        dmean: 269.04989624
        dmean2: 440.990631104
        dvar: 66038.21875
        dvar2: 166654.84375
        max: 11171.4990234
        mean: 1787.00292969
        median: 1812.99768066
        min: 279.738433838
        var: 222312.25
    spectral_complexity:
        dmean: 3.8717110157
        dmean2: 6.16130208969
        dvar: 15.2450141907
        dvar2: 36.5253715515
        max: 50
        mean: 15.3126716614
        median: 14
        min: 0
        var: 73.9900436401
    spectral_crest:
        dmean: 1.72323822975
        dmean2: 2.90092563629
        dvar: 2.68728637695
        dvar2: 7.15966129303
        max: 20.0755615234
        mean: 6.37399768829
        median: 5.67101669312
        min: 2.38968968391
        var: 6.27592897415
    spectral_decrease:
        dmean: 2.28062721486e-010
        dmean2: 3.64893282256e-010
        dvar: 1.13499222532e-019
        dvar2: 2.77456772622e-019
        max: 8.18233142432e-029
        mean: -9.00601704323e-010
        median: -7.15146331043e-010
        min: -4.38186020801e-009
        var: 3.50012325516e-019
    spectral_energy:
        dmean: 0.00100440578535
        dmean2: 0.00159752205946
        dvar: 2.13024372897e-006
        dvar2: 5.16850923304e-006
        max: 0.0193659868091
        mean: 0.00406003696844
        median: 0.00325466436334
        min: 1.07967886778e-020
        var: 6.93759511705e-006
    spectral_energyband_high:
        dmean: 0.000139993542689
        dmean2: 0.000235762519878
        dvar: 5.01864647617e-008
        dvar2: 1.37345153917e-007
        max: 0.00427696993575
        mean: 0.000357142358553
        median: 0.000307737878757
        min: 7.57721836464e-021
        var: 6.52404281709e-008
    spectral_energyband_low:
        dmean: 0.000246863870416
        dmean2: 0.000410990702221
        dvar: 8.99102232665e-008
        dvar2: 2.36460692804e-007
        max: 0.0035440241918
        mean: 0.000437155627878
        median: 0.000325609726133
        min: 7.33573557124e-023
        var: 1.49880065692e-007
    spectral_energyband_middle_high:
        dmean: 0.000565429974813
        dmean2: 0.000878778868355
        dvar: 7.19462036614e-007
        dvar2: 1.65181916145e-006
        max: 0.0170899089426
        mean: 0.00203420827165
        median: 0.00147182471119
        min: 1.30453258942e-021
        var: 3.22965888699e-006
    spectral_energyband_middle_low:
        dmean: 0.000574512174353
        dmean2: 0.000949869398028
        dvar: 9.28417591695e-007
        dvar2: 2.44827197093e-006
        max: 0.0114496797323
        mean: 0.00138804980088
        median: 0.00102805206552
        min: 4.50770671269e-022
        var: 1.50545974975e-006
    spectral_flatness_db:
        dmean: 0.0122770061716
        dmean2: 0.020144706592
        dvar: 0.000110816457891
        dvar2: 0.000282554799924
        max: 0.335467606783
        mean: 0.148402273655
        median: 0.140038251877
        min: 0.059639070183
        var: 0.00115588842891
    spectral_flux:
        dmean: 0.00603279331699
        dmean2: 0.0090677253902
        dvar: 5.39207612746e-005
        dvar2: 0.000112050838652
        max: 0.115215741098
        mean: 0.0374233834445
        median: 0.0341585315764
        min: 1.03907597804e-010
        var: 0.000229575045523
    spectral_kurtosis:
        dmean: 1.10939741135
        dmean2: 1.92584812641
        dvar: 1.63396990299
        dvar2: 5.08392810822
        max: 17.9527702332
        mean: 3.19676709175
        median: 3.05396342278
        min: -1.24719679356
        var: 2.6676325798
    spectral_rms:
        dmean: 0.000222271672101
        dmean2: 0.000348878354998
        dvar: 7.26345916746e-008
        dvar2: 1.69949800011e-007
        max: 0.00434668222442
        mean: 0.00189410871826
        median: 0.00178193219472
        min: 3.24552797831e-012
        var: 3.73361331185e-007
    spectral_rolloff:
        dmean: 271.639556885
        dmean2: 450.142242432
        dvar: 94225.9453125
        dvar2: 216843.46875
        max: 19767.4804688
        mean: 3493.35229492
        median: 3574.51171875
        min: 172.265625
        var: 338777.9375
    spectral_skewness:
        dmean: 0.160096570849
        dmean2: 0.267058134079
        dvar: 0.023347273469
        dvar2: 0.0645334050059
        max: 2.66781234741
        mean: 1.08642911911
        median: 1.11013996601
        min: -0.0659104585648
        var: 0.120321534574
    spectral_spread:
        dmean: 309640.03125
        dmean2: 458322.28125
        dvar: 211635372032
        dvar2: 337616338944
        max: 41248756
        mean: 3984373.25
        median: 3928180
        min: 2043741.125
        var: 1.0321404887e+012
    spectral_strongpeak:
        dmean: 0.295288860798
        dmean2: 0.521363973618
        dvar: 0.28005284071
        dvar2: 0.765133678913
        max: 6.9505648613
        mean: 0.39176389575
        median: 0.165917232633
        min: 2.1924324578e-009
        var: 0.364789605141
    zerocrossingrate:
        dmean: 0.00726738432422
        dmean2: 0.00922297313809
        dvar: 4.4664262532e-005
        dvar2: 5.98344813625e-005
        max: 0.4970703125
        mean: 0.10112709552
        median: 0.1025390625
        min: 0.01904296875
        var: 0.000396503222873
    barkbands:
        dmean: [2.19264862267e-007, 8.50115684443e-005, 0.000134414920467, 0.000243746675551, 0.000234607519815, 0.000131804816192, 8.42294757604e-005, 5.02297043568e-005, 0.000128333820612, 7.70331098465e-005, 3.75234158128e-005, 4.36054579041e-005, 5.69399380765e-005, 5.54361904506e-005, 8.21094145067e-005, 0.000128986503114, 0.000146024423884, 0.000127948806039, 0.000197522473172, 0.000149424085976, 6.46598782623e-005, 1.28351794046e-005, 3.95925917474e-006, 1.38009340844e-006, 3.84975010093e-007, 2.12959356816e-008, 3.14024445336e-010]
        dmean2: [3.23436125882e-007, 0.000143146709888, 0.000233326150919, 0.000411377404816, 0.000401085824706, 0.000215311316424, 0.000142965029227, 8.36805993458e-005, 0.00020351074636, 0.000123295729281, 6.06436551607e-005, 7.02872857801e-005, 9.09101581783e-005, 9.16274802876e-005, 0.000131320295623, 0.000206124474062, 0.000236110616243, 0.000212641738472, 0.000330072711222, 0.000250407145359, 0.000110742024845, 2.18322384171e-005, 5.90132776779e-006, 2.09729387279e-006, 5.98463316237e-007, 3.34883480946e-008, 5.48922685084e-010]
        dvar: [9.65362840122e-014, 1.48897898455e-008, 3.55576368349e-008, 2.84367786207e-007, 1.69135631722e-007, 3.80289044699e-008, 1.89327771238e-008, 8.58820570215e-009, 1.24139461377e-007, 5.36480939672e-008, 1.38654492332e-008, 1.23539258823e-008, 3.1042624471e-008, 6.86436791852e-008, 6.25097840157e-008, 1.68811425283e-007, 8.43078638013e-008, 3.38678560752e-008, 5.52676233667e-008, 5.0111925276e-008, 1.08030606683e-008, 6.53413212426e-010, 2.34775254793e-010, 3.39013990491e-011, 7.13872862733e-013, 3.44547888416e-015, 1.06167670024e-018]
        dvar2: [2.00803729113e-013, 3.71144963651e-008, 9.92805411215e-008, 7.3838816661e-007, 4.82549012304e-007, 9.94744908667e-008, 5.21709253576e-008, 2.13816253591e-008, 3.02646924411e-007, 1.30278010602e-007, 3.31103144902e-008, 2.79687029092e-008, 7.2351383551e-008, 1.85170321743e-007, 1.4535930859e-007, 4.17646646156e-007, 2.00756502977e-007, 8.72007035468e-008, 1.4865233311e-007, 1.36283759389e-007, 3.02145934938e-008, 1.68798597322e-009, 4.17380685569e-010, 7.40278255362e-011, 1.72319515428e-012, 8.72081405571e-015, 2.90362666844e-018]
        max: [4.513462045e-006, 0.00119242700748, 0.00263809622265, 0.00497335940599, 0.00464381882921, 0.00324242003262, 0.00305658066645, 0.00221337750554, 0.00866893772036, 0.00764374155551, 0.00376499118283, 0.00344867492095, 0.00447255373001, 0.0117756873369, 0.00802418403327, 0.0101655879989, 0.0125265456736, 0.00535721285269, 0.00749088730663, 0.00630081864074, 0.00221974286251, 0.000630248629022, 0.000454565655673, 0.00020253744151, 2.11061269511e-005, 1.2373465097e-006, 3.07842391578e-008]
        mean: [3.25920979094e-007, 0.000119383861602, 0.00019067057292, 0.000274132675258, 0.000389088090742, 0.00025182456011, 0.00013621574908, 7.53518979764e-005, 0.000219031222514, 0.000134534056997, 5.7315282902e-005, 7.21216492821e-005, 9.52502305154e-005, 7.81607668614e-005, 0.000144008212374, 0.000228646502364, 0.000299006176647, 0.000282276509097, 0.000494058884215, 0.00033271452412, 0.000148435385199, 2.60092911049e-005, 7.65506138123e-006, 2.94967776426e-006, 8.31959880543e-007, 3.76091051635e-008, 3.32930183422e-010]
        median: [1.67912702409e-007, 6.91238237778e-005, 0.000130116604851, 8.56744154589e-005, 0.000266777147772, 0.000163404605701, 8.51312870509e-005, 4.73572836199e-005, 8.68666902534e-005, 4.69402657473e-005, 2.4026598112e-005, 3.49963811459e-005, 3.19204846164e-005, 2.29153174587e-005, 5.53477730136e-005, 8.67158960318e-005, 0.000193714586203, 0.000224572781008, 0.000439854018623, 0.000283535278868, 0.000127638690174, 1.89139973372e-005, 2.69216798188e-006, 1.16664455163e-006, 4.49726940133e-007, 1.6430337979e-008, 1.44186163009e-010]
        min: [4.96203922348e-024, 3.06518594264e-023, 1.30556258933e-023, 5.3179069996e-023, 3.65385098951e-023, 8.34580632715e-023, 8.8255694416e-023, 9.71814914755e-023, 6.45849132129e-023, 6.01608865931e-023, 7.14680843315e-023, 6.2778080952e-023, 7.45204396093e-023, 7.77871883485e-023, 1.83935238904e-022, 9.12018627051e-023, 1.02848011886e-022, 1.74315793295e-022, 1.94354841906e-022, 3.8820087484e-022, 5.1326607496e-022, 5.50526310542e-022, 7.08646802075e-022, 9.26742280395e-022, 1.21749798227e-021, 1.56178283168e-021, 2.18113148805e-021]
        var: [1.72734317626e-013, 2.27149268284e-008, 4.58565629913e-008, 2.94940264212e-007, 1.76829246357e-007, 7.84380560503e-008, 2.68209543464e-008, 1.20296972383e-008, 2.87327054593e-007, 1.30273377863e-007, 2.24925589265e-008, 2.39603945573e-008, 6.03786745046e-008, 7.41667989246e-008, 1.28235811303e-007, 3.40690291978e-007, 1.73319492092e-007, 5.95397011693e-008, 9.70682023649e-008, 6.05107928209e-008, 1.19070984184e-008, 8.60406912384e-010, 6.97634672253e-010, 8.4409881862e-011, 1.58893633927e-012, 4.91662264761e-015, 7.77550551282e-019]
    frequency_bands:
        dmean: [2.19264862267e-007, 8.50115684443e-005, 0.000134414920467, 0.000243746675551, 0.000234607519815, 0.000131804816192, 8.42294757604e-005, 5.02297043568e-005, 0.000128333820612, 7.70331098465e-005, 3.75234158128e-005, 4.36054579041e-005, 5.69399380765e-005, 5.54361904506e-005, 8.21094145067e-005, 0.000128986503114, 0.000146024423884, 0.000127948806039, 0.000197522473172, 0.000149424085976, 6.46598782623e-005, 1.28351794046e-005, 3.95925917474e-006, 1.38009340844e-006, 3.84975010093e-007, 2.12959356816e-008, 3.14024445336e-010, 4.57889906547e-011]
        dmean2: [3.23436125882e-007, 0.000143146709888, 0.000233326150919, 0.000411377404816, 0.000401085824706, 0.000215311316424, 0.000142965029227, 8.36805993458e-005, 0.00020351074636, 0.000123295729281, 6.06436551607e-005, 7.02872857801e-005, 9.09101581783e-005, 9.16274802876e-005, 0.000131320295623, 0.000206124474062, 0.000236110616243, 0.000212641738472, 0.000330072711222, 0.000250407145359, 0.000110742024845, 2.18322384171e-005, 5.90132776779e-006, 2.09729387279e-006, 5.98463316237e-007, 3.34883480946e-008, 5.48922685084e-010, 8.50788398066e-011]
        dvar: [9.65362840122e-014, 1.48897898455e-008, 3.55576368349e-008, 2.84367786207e-007, 1.69135631722e-007, 3.80289044699e-008, 1.89327771238e-008, 8.58820570215e-009, 1.24139461377e-007, 5.36480939672e-008, 1.38654492332e-008, 1.23539258823e-008, 3.1042624471e-008, 6.86436791852e-008, 6.25097840157e-008, 1.68811425283e-007, 8.43078638013e-008, 3.38678560752e-008, 5.52676233667e-008, 5.0111925276e-008, 1.08030606683e-008, 6.53413212426e-010, 2.34775254793e-010, 3.39013990491e-011, 7.13872862733e-013, 3.44547888416e-015, 1.06167670024e-018, 4.43035431923e-021]
        dvar2: [2.00803729113e-013, 3.71144963651e-008, 9.92805411215e-008, 7.3838816661e-007, 4.82549012304e-007, 9.94744908667e-008, 5.21709253576e-008, 2.13816253591e-008, 3.02646924411e-007, 1.30278010602e-007, 3.31103144902e-008, 2.79687029092e-008, 7.2351383551e-008, 1.85170321743e-007, 1.4535930859e-007, 4.17646646156e-007, 2.00756502977e-007, 8.72007035468e-008, 1.4865233311e-007, 1.36283759389e-007, 3.02145934938e-008, 1.68798597322e-009, 4.17380685569e-010, 7.40278255362e-011, 1.72319515428e-012, 8.72081405571e-015, 2.90362666844e-018, 1.38691531537e-020]
        max: [4.513462045e-006, 0.00119242700748, 0.00263809622265, 0.00497335940599, 0.00464381882921, 0.00324242003262, 0.00305658066645, 0.00221337750554, 0.00866893772036, 0.00764374155551, 0.00376499118283, 0.00344867492095, 0.00447255373001, 0.0117756873369, 0.00802418403327, 0.0101655879989, 0.0125265456736, 0.00535721285269, 0.00749088730663, 0.00630081864074, 0.00221974286251, 0.000630248629022, 0.000454565655673, 0.00020253744151, 2.11061269511e-005, 1.2373465097e-006, 3.07842391578e-008, 7.36418204195e-010]
        mean: [3.25920979094e-007, 0.000119383861602, 0.00019067057292, 0.000274132675258, 0.000389088090742, 0.00025182456011, 0.00013621574908, 7.53518979764e-005, 0.000219031222514, 0.000134534056997, 5.7315282902e-005, 7.21216492821e-005, 9.52502305154e-005, 7.81607668614e-005, 0.000144008212374, 0.000228646502364, 0.000299006176647, 0.000282276509097, 0.000494058884215, 0.00033271452412, 0.000148435385199, 2.60092911049e-005, 7.65506138123e-006, 2.94967776426e-006, 8.31959880543e-007, 3.76091051635e-008, 3.32930183422e-010, 3.55506978023e-011]
        median: [1.67912702409e-007, 6.91238237778e-005, 0.000130116604851, 8.56744154589e-005, 0.000266777147772, 0.000163404605701, 8.51312870509e-005, 4.73572836199e-005, 8.68666902534e-005, 4.69402657473e-005, 2.4026598112e-005, 3.49963811459e-005, 3.19204846164e-005, 2.29153174587e-005, 5.53477730136e-005, 8.67158960318e-005, 0.000193714586203, 0.000224572781008, 0.000439854018623, 0.000283535278868, 0.000127638690174, 1.89139973372e-005, 2.69216798188e-006, 1.16664455163e-006, 4.49726940133e-007, 1.6430337979e-008, 1.44186163009e-010, 1.3280165162e-011]
        min: [4.96203922348e-024, 3.06518594264e-023, 1.30556258933e-023, 5.3179069996e-023, 3.65385098951e-023, 8.34580632715e-023, 8.8255694416e-023, 9.71814914755e-023, 6.45849132129e-023, 6.01608865931e-023, 7.14680843315e-023, 6.2778080952e-023, 7.45204396093e-023, 7.77871883485e-023, 1.83935238904e-022, 9.12018627051e-023, 1.02848011886e-022, 1.74315793295e-022, 1.94354841906e-022, 3.8820087484e-022, 5.1326607496e-022, 5.50526310542e-022, 7.08646802075e-022, 9.26742280395e-022, 1.21749798227e-021, 1.56178283168e-021, 2.18113148805e-021, 1.18375624303e-021]
        var: [1.72734317626e-013, 2.27149268284e-008, 4.58565629913e-008, 2.94940264212e-007, 1.76829246357e-007, 7.84380560503e-008, 2.68209543464e-008, 1.20296972383e-008, 2.87327054593e-007, 1.30273377863e-007, 2.24925589265e-008, 2.39603945573e-008, 6.03786745046e-008, 7.41667989246e-008, 1.28235811303e-007, 3.40690291978e-007, 1.73319492092e-007, 5.95397011693e-008, 9.70682023649e-008, 6.05107928209e-008, 1.19070984184e-008, 8.60406912384e-010, 6.97634672253e-010, 8.4409881862e-011, 1.58893633927e-012, 4.91662264761e-015, 7.77550551282e-019, 3.55762303523e-021]
    mfcc:
        mean: [-712.507995605, 110.028282166, -53.0728034973, 69.5736083984, -14.9957418442, -8.5663356781, 2.18252038956, -5.3030500412, -0.332218527794, -5.4458861351, -6.06287050247, -4.00740289688, -4.6092581749]
        cov: [[3148.16259766, -61.0528755188, -269.773834229, -44.2346496582, -182.872360229, 100.121635437, -48.6087684631, 117.579086304, 79.7651977539, 167.080917358, 15.0373783112, 54.7913780212, -23.8244590759], [-61.0528755188, 376.531585693, -177.443664551, 125.021965027, -30.5153884888, -6.66596841812, 35.0577697754, -43.5632514954, 37.3577804565, -56.2131958008, 10.7212247849, -30.1024227142, -8.93173313141], [-269.773834229, -177.443664551, 391.270263672, -29.0945186615, 99.6473007202, 7.61195135117, 16.4395160675, 40.8345375061, -53.5285682678, 24.5424575806, -15.4158477783, 24.3949012756, 11.6072788239], [-44.2346496582, 125.021965027, -29.0945186615, 256.583984375, -13.9119195938, 4.98382091522, 17.5667610168, -23.0871658325, 24.5797424316, -28.5573978424, 23.9587345123, -11.4940166473, 11.9695663452], [-182.872360229, -30.5153884888, 99.6473007202, -13.9119195938, 133.151367188, 24.2389068604, 5.59011507034, 4.64316082001, -0.783428668976, 19.1721553802, -5.36722803116, 14.7957515717, 11.6480493546], [100.121635437, -6.66596841812, 7.61195135117, 4.98382091522, 24.2389068604, 74.4223175049, 20.2098026276, 25.3369960785, 3.35422086716, 25.6445903778, 11.8144073486, 18.3207511902, 6.5962138176], [-48.6087684631, 35.0577697754, 16.4395160675, 17.5667610168, 5.59011507034, 20.2098026276, 89.8703613281, 33.1445083618, 19.0155677795, -9.15340709686, 16.1169223785, 8.17896652222, 6.4907002449], [117.579086304, -43.5632514954, 40.8345375061, -23.0871658325, 4.64316082001, 25.3369960785, 33.1445083618, 89.9599227905, 31.2949733734, 36.2458457947, 5.27570152283, 22.0437221527, 6.1412191391], [79.7651977539, 37.3577804565, -53.5285682678, 24.5797424316, -0.783428668976, 3.35422086716, 19.0155677795, 31.2949733734, 88.6147766113, 34.4771118164, 23.760099411, -1.05467808247, 5.86248064041], [167.080917358, -56.2131958008, 24.5424575806, -28.5573978424, 19.1721553802, 25.6445903778, -9.15340709686, 36.2458457947, 34.4771118164, 96.9839096069, 27.1312294006, 26.2594070435, 5.01263952255], [15.0373783112, 10.7212247849, -15.4158477783, 23.9587345123, -5.36722803116, 11.8144073486, 16.1169223785, 5.27570152283, 23.760099411, 27.1312294006, 57.3065185547, 25.3544445038, 11.9794082642], [54.7913780212, -30.1024227142, 24.3949012756, -11.4940166473, 14.7957515717, 18.3207511902, 8.17896652222, 22.0437221527, -1.05467808247, 26.2594070435, 25.3544445038, 60.4450035095, 26.6275157928], [-23.8244590759, -8.93173313141, 11.6072788239, 11.9695663452, 11.6480493546, 6.5962138176, 6.4907002449, 6.1412191391, 5.86248064041, 5.01263952255, 11.9794082642, 26.6275157928, 45.7974052429]]
        icov: [[0.000467496196507, 8.02757422207e-005, 0.000284209294477, -9.69328684732e-005, 0.000712469685823, -0.000586351321544, 0.000219998502871, -0.000261316512479, -0.00011543356959, -0.000744655670132, 0.000712469452992, -0.000589204253629, 0.000371753965737], [8.02757422207e-005, 0.0047885812819, 0.00191710377112, -0.00168347614817, -0.000618428457528, -5.19618733961e-005, -0.00213097594678, 0.00161639566068, -0.00131111883093, 0.00132503383793, 0.000478866626509, -0.00025519009796, 0.00122572737746], [0.000284209294477, 0.00191710377112, 0.00546439457685, -0.00131087028421, -0.00332937878557, 0.00221636542119, -0.00184092728887, -0.00297394255176, 0.00463124224916, -0.00205399561673, 0.000436579080997, 0.000575496815145, -0.000150160500198], [-9.69328684732e-005, -0.00168347614817, -0.00131087028421, 0.00553539535031, 0.000803288479801, -0.00157781539019, 0.000782820978202, 0.00115066743456, -0.00200735637918, 0.0022095949389, -0.00277280155569, 0.00160467997193, -0.00192812248133], [0.000712469685823, -0.000618428457528, -0.00332937878557, 0.000803288479801, 0.0126547655091, -0.00529061770067, 9.30932365009e-005, 0.00425293855369, -0.00437576323748, -0.00205484824255, 0.00503816781566, -0.00353213306516, -0.00063533015782], [-0.000586351321544, -5.19618733961e-005, 0.00221636542119, -0.00157781539019, -0.00529061770067, 0.020323259756, -0.00438498239964, -0.00469869282097, 0.00653119804338, -0.00479066604748, -0.00192273175344, 2.76792488876e-005, -0.000619394762907], [0.000219998502871, -0.00213097594678, -0.00184092728887, 0.000782820978202, 9.30932365009e-005, -0.00438498239964, 0.0186560135335, -0.00781868956983, -0.00278348941356, 0.00758846802637, -0.00688915513456, 0.000909296039026, -0.000227799158893], [-0.000261316512479, 0.00161639566068, -0.00297394255176, 0.00115066743456, 0.00425293855369, -0.00469869282097, -0.00781868956983, 0.0243891440332, -0.0106017878279, -0.00358824292198, 0.00916956458241, -0.00850517302752, 0.0023614380043], [-0.00011543356959, -0.00131111883093, 0.00463124224916, -0.00200735637918, -0.00437576323748, 0.00653119804338, -0.00278348941356, -0.0106017878279, 0.0252529084682, -0.00891834311187, -0.00731342472136, 0.0102418204769, -0.00527477450669], [-0.000744655670132, 0.00132503383793, -0.00205399561673, 0.0022095949389, -0.00205484824255, -0.00479066604748, 0.00758846802637, -0.00358824292198, -0.00891834311187, 0.0237383898348, -0.00936368945986, -0.00315597699955, 0.0032600776758], [0.000712469452992, 0.000478866626509, 0.000436579080997, -0.00277280155569, 0.00503816781566, -0.00192273175344, -0.00688915513456, 0.00916956458241, -0.00731342472136, -0.00936368945986, 0.0343256555498, -0.0154067464173, 0.00176053796895], [-0.000589204253629, -0.00025519009796, 0.000575496815145, 0.00160467997193, -0.00353213306516, 2.76792488876e-005, 0.000909296039026, -0.00850517302752, 0.0102418204769, -0.00315597699955, -0.0154067464173, 0.036414258182, -0.0171231143177], [0.000371753965737, 0.00122572737746, -0.000150160500198, -0.00192812248133, -0.00063533015782, -0.000619394762907, -0.000227799158893, 0.0023614380043, -0.00527477450669, 0.0032600776758, 0.00176053796895, -0.0171231143177, 0.0325897596776]]
    sccoeffs:
        dmean: [0.0540632605553, 0.0436898469925, 0.0345091857016, 0.0272628217936, 0.0179605353624, 0.0165300089866]
        dmean2: [0.0905539244413, 0.0733155980706, 0.0577434152365, 0.0454522632062, 0.0304141100496, 0.0267840176821]
        dvar: [0.00197089952417, 0.00117842562031, 0.000755298591685, 0.000500837806612, 0.0001995247585, 0.000227485812502]
        dvar2: [0.00531471008435, 0.00327086239122, 0.00207736506127, 0.00131018296815, 0.000563046720345, 0.000552359852009]
        max: [-0.254256278276, -0.54251152277, -0.552864730358, -0.563994526863, -0.653497457504, -0.536248445511]
        mean: [-0.658662497997, -0.769818365574, -0.802273988724, -0.807099699974, -0.810504317284, -0.712788939476]
        median: [-0.668179452419, -0.774399220943, -0.809594929218, -0.816459417343, -0.812703847885, -0.726287662983]
        min: [-0.968300879002, -0.960893273354, -0.968780577183, -0.961739838123, -0.966034054756, -0.960125625134]
        var: [0.00589541299269, 0.00322061427869, 0.00263355276547, 0.00204405351542, 0.000572018965613, 0.00305574689992]
    scvalleys:
        dmean: [0.365087717772, 0.332151710987, 0.287938982248, 0.234455764294, 0.179495200515, 0.191862151027]
        dmean2: [0.618201434612, 0.548416912556, 0.470374405384, 0.378525882959, 0.28796890378, 0.290242135525]
        dvar: [0.0870207026601, 0.0756855458021, 0.0635568425059, 0.0459454543889, 0.0326173864305, 0.0565674379468]
        dvar2: [0.238300055265, 0.190270170569, 0.146771192551, 0.100038833916, 0.0665503889322, 0.112588211894]
        max: [-5.43330812454, -4.86248540878, -4.95023393631, -5.44870948792, -5.33007240295, -7.70798969269]
        mean: [-6.78962421417, -6.50992536545, -6.98757553101, -7.17104721069, -6.67325401306, -10.2265586853]
        median: [-6.61936807632, -6.42022609711, -6.94322919846, -7.15914869308, -6.57640552521, -9.8318939209]
        min: [-27.1432437897, -27.4365291595, -26.9130649567, -27.1068096161, -27.0622138977, -27.3080711365]
        var: [0.680083870888, 0.558319628239, 0.531280100346, 0.477629423141, 0.450637876987, 1.83585262299]

rhythm:
    beats_loudness:
        dmean: 0.00235755136237
        dmean2: 0.00424001878127
        dvar: 3.77386072614e-006
        dvar2: 1.09683078335e-005
        max: 0.0165341664106
        mean: 0.00504703214392
        median: 0.00421993527561
        min: 2.63132335476e-007
        var: 8.24695325718e-006
    bpm: 151.90083313
    bpm_confidence: 0
    first_peak_bpm: 152
    first_peak_spread: 0.118975892663
    first_peak_weight: 0.749039709568
    onset_rate: 2.29194545746
    second_peak_bpm: 157
    second_peak_spread: 0.0483870953321
    second_peak_weight: 0.0755441710353
    beats_loudness_band_ratio:
        dmean: [0.172314360738, 0.0796286761761, 0.0614221952856, 0.0496120676398, 0.106193482876, 0.0974237546325]
        dmean2: [0.312274485826, 0.138252139091, 0.108413599432, 0.0869245752692, 0.189219281077, 0.170098602772]
        dvar: [0.0163821447641, 0.0046809935011, 0.00537959486246, 0.00564145902172, 0.0107139544562, 0.00627427827567]
        dvar2: [0.0522169694304, 0.0135562932119, 0.0163318701088, 0.0149443587288, 0.0305476896465, 0.0195583496243]
        max: [0.693125247955, 0.725031495094, 0.675124645233, 0.709883987904, 0.785707235336, 0.559129655361]
        mean: [0.249315693974, 0.137390419841, 0.102011114359, 0.0787622481585, 0.223894789815, 0.240162059665]
        median: [0.222439691424, 0.10796687752, 0.0845075845718, 0.0546607300639, 0.197672322392, 0.223341941833]
        min: [0.000238417822402, 0.00147779181134, 0.00655630556867, 0.00740241073072, 0.0509255826473, 0.0307637024671]
        var: [0.025855364278, 0.0120634082705, 0.00496374210343, 0.00634772283956, 0.0133985951543, 0.00994200259447]
