
metadata:
    version:
        essentia: "2.1-beta2"
    audio_properties:
        analysis_sample_rate: 44100
        bitrate: 256
        channels: 2
        equal_loudness: 1
        length: 84.2448959351
        replay_gain: -14.9593219757
        downmix: "mix"
    tags:
        album: "Human Bomb"
        artist: "Black Bomb A"
        comment: ""
        date: "2001"
        genre: "Rock"
        title: "Make Your Choice"
        tracknumber: "2"

configuration:
    average_loudness:
        compute: 1
        frameSize: 88200
        hopSize: 44100
        silentFrames: "noise"
        windowType: "hann"
    general:
        analysisSampleRate: 44100
        endTime: 2000
        equalLoudness: 1
        nequalLoudness: 0
        shortSound: 0
        startTime: 0
    lowlevel:
        compute: 1
        frameSize: 2048
        hopSize: 1024
        zeroPadding: 0
        silentFrames: "noise"
        windowType: "blackmanharris62"
        mfccStats: ["mean", "cov", "icov"]
        stats: ["mean", "var", "median", "min", "max", "dmean", "dmean2", "dvar", "dvar2"]
    panning:
        compute: 0
        frameSize: 8192
        hopSize: 2048
        zeroPadding: 8192
        silentFrames: "noise"
        windowType: "hann"
        stats: ["copy"]
    rhythm:
        compute: 1
        maxTempo: 208
        minTempo: 40
        method: "degara"
        stats: ["mean", "var", "median", "min", "max", "dmean", "dmean2", "dvar", "dvar2"]
    segmentation:
        compute: 0
        cpw: 5
        inc1: 300
        inc2: 50
        minimumSegmentsLength: 10
        size1: 1000
        size2: 600
    sfx:
        compute: 1
        stats: ["mean", "var", "median", "min", "max", "dmean", "dmean2", "dvar", "dvar2"]
    svm:
        compute: 0
    tonal:
        compute: 1
        frameSize: 4096
        hopSize: 2048
        zeroPadding: 0
        silentFrames: "noise"
        windowType: "blackmanharris62"
        stats: ["mean", "var", "median", "min", "max", "dmean", "dmean2", "dvar", "dvar2"]

lowlevel:
    average_loudness: 0.975709319115
    barkbands_kurtosis:
        dmean: 0.903704106808
        dmean2: 1.49747216702
        dvar: 0.842508971691
        dvar2: 2.161673069
        max: 13.0471115112
        mean: -0.0823917388916
        median: -0.342092305422
        min: -1.86222171783
        var: 1.62844192982
    barkbands_skewness:
        dmean: 0.36618244648
        dmean2: 0.596632540226
        dvar: 0.0948698073626
        dvar2: 0.239974677563
        max: 1.00946927071
        mean: -0.953142642975
        median: -0.949488162994
        min: -3.40237665176
        var: 0.22456254065
    barkbands_spread:
        dmean: 6.49492168427
        dmean2: 10.3458356857
        dvar: 28.9811115265
        dvar2: 66.6179046631
        max: 61.1068687439
        mean: 31.6070480347
        median: 30.6365814209
        min: 6.72320795059
        var: 86.2691040039
    dissonance:
        dmean: 0.0065761837177
        dmean2: 0.0113400649279
        dvar: 5.17403022968e-005
        dvar2: 0.000135954425787
        max: 0.500000059605
        mean: 0.490961194038
        median: 0.492942869663
        min: 0.360442906618
        var: 5.95596284256e-005
    hfc:
        dmean: 5.16513061523
        dmean2: 8.72384643555
        dvar: 41.1478805542
        dvar2: 105.835746765
        max: 67.1234741211
        mean: 12.8891735077
        median: 11.2668609619
        min: 1.18817440797e-016
        var: 56.4799232483
    pitch:
        dmean: 927.705688477
        dmean2: 1733.96496582
        dvar: 1353657.375
        dvar2: 3308884.5
        max: 4331.21142578
        mean: 2643.91137695
        median: 3309.15209961
        min: 69.7081069946
        var: 1475577
    pitch_instantaneous_confidence:
        dmean: 0.0927524790168
        dmean2: 0.159584581852
        dvar: 0.00512077379972
        dvar2: 0.0142625523731
        max: 0.727225780487
        mean: 0.354826182127
        median: 0.346676409245
        min: 0.118785381317
        var: 0.00924580916762
    pitch_salience:
        dmean: 0.0431073457003
        dmean2: 0.0728131607175
        dvar: 0.00125525670592
        dvar2: 0.00350435171276
        max: 0.966234147549
        mean: 0.732827186584
        median: 0.738013148308
        min: 0.466626405716
        var: 0.0021893910598
    silence_rate_20dB:
        dmean: 0
        dmean2: 0
        dvar: 0
        dvar2: 0
        max: 1
        mean: 1
        median: 1
        min: 1
        var: 0
    silence_rate_30dB:
        dmean: 0
        dmean2: 0
        dvar: 0
        dvar2: 0
        max: 1
        mean: 1
        median: 1
        min: 1
        var: 0
    silence_rate_60dB:
        dmean: 0.058969411999
        dmean2: 0.117971330881
        dvar: 0.0554934442043
        dvar2: 0.131616786122
        max: 1
        mean: 0.128650143743
        median: 0
        min: 0
        var: 0.112100705504
    spectral_centroid:
        dmean: 261.889923096
        dmean2: 426.426483154
        dvar: 77500.1171875
        dvar2: 155124.0625
        max: 11516.8203125
        mean: 2341.2902832
        median: 2348.64794922
        min: 985.434082031
        var: 176924.296875
    spectral_complexity:
        dmean: 5.21135282516
        dmean2: 8.09592056274
        dvar: 20.4680347443
        dvar2: 46.0985870361
        max: 49
        mean: 23.1101932526
        median: 24
        min: 0
        var: 86.2114486694
    spectral_crest:
        dmean: 1.79419326782
        dmean2: 3.07508325577
        dvar: 2.43948078156
        dvar2: 6.67625141144
        max: 15.0400218964
        mean: 6.20968770981
        median: 5.81265449524
        min: 2.74948167801
        var: 3.50427508354
    spectral_decrease:
        dmean: 3.66288360754e-010
        dmean2: 6.1019767017e-010
        dvar: 1.83174493759e-019
        dvar2: 4.63835738225e-019
        max: 3.64179088565e-029
        mean: -1.12464781932e-009
        median: -1.03509989469e-009
        min: -4.16359702271e-009
        var: 3.03065793248e-019
    spectral_energy:
        dmean: 0.00182799820323
        dmean2: 0.00305803399533
        dvar: 4.76326749776e-006
        dvar2: 1.21021994346e-005
        max: 0.0218026619405
        mean: 0.0054137557745
        median: 0.00493956496939
        min: 1.08235088734e-020
        var: 7.46488649384e-006
    spectral_energyband_high:
        dmean: 0.00022772444936
        dmean2: 0.000384411687264
        dvar: 8.47273540217e-008
        dvar2: 2.19362547682e-007
        max: 0.00333100254647
        mean: 0.000538234831765
        median: 0.000462401658297
        min: 7.89024160301e-021
        var: 1.31563822947e-007
    spectral_energyband_low:
        dmean: 0.000220447327592
        dmean2: 0.000353743846063
        dvar: 5.09855730968e-008
        dvar2: 1.28355736706e-007
        max: 0.00234220642596
        mean: 0.000407086365158
        median: 0.000340459228028
        min: 5.20250390669e-023
        var: 9.23199934277e-008
    spectral_energyband_middle_high:
        dmean: 0.00147900404409
        dmean2: 0.00248774536885
        dvar: 3.23009862768e-006
        dvar2: 8.25586084829e-006
        max: 0.0193612333387
        mean: 0.00377808068879
        median: 0.00335911987349
        min: 1.5067926885e-021
        var: 4.94389996675e-006
    spectral_energyband_middle_low:
        dmean: 0.000359805882908
        dmean2: 0.000582580803894
        dvar: 1.86103775945e-007
        dvar2: 4.62370508103e-007
        max: 0.00458038924262
        mean: 0.000812101934571
        median: 0.000694764312357
        min: 2.13996834736e-022
        var: 2.81774077848e-007
    spectral_flatness_db:
        dmean: 0.0124351531267
        dmean2: 0.0208794493228
        dvar: 0.000118234900583
        dvar2: 0.000314631703077
        max: 0.223139360547
        mean: 0.130112662911
        median: 0.128715902567
        min: 0.0663118734956
        var: 0.000271262630122
    spectral_flux:
        dmean: 0.0085132708773
        dmean2: 0.0131928306073
        dvar: 8.61342996359e-005
        dvar2: 0.000146747726831
        max: 0.119130820036
        mean: 0.0483375228941
        median: 0.0475554689765
        min: 7.0948975861e-011
        var: 0.000242655383772
    spectral_kurtosis:
        dmean: 0.860695958138
        dmean2: 1.45775043964
        dvar: 0.55636048317
        dvar2: 1.56375896931
        max: 9.53970432281
        mean: 3.67762684822
        median: 3.637196064
        min: -1.17970442772
        var: 1.0927670002
    spectral_rms:
        dmean: 0.00035989069147
        dmean2: 0.000589147559367
        dvar: 1.42739310149e-007
        dvar2: 3.54925958845e-007
        max: 0.00461203744635
        mean: 0.00221459683962
        median: 0.00219524209388
        min: 3.24954169476e-012
        var: 3.77281480723e-007
    spectral_rolloff:
        dmean: 223.366455078
        dmean2: 374.43460083
        dvar: 136542.0625
        dvar2: 226686.953125
        max: 19099.9511719
        mean: 3701.0690918
        median: 3639.11132813
        min: 2433.25195313
        var: 275603
    spectral_skewness:
        dmean: 0.148827329278
        dmean2: 0.247612074018
        dvar: 0.0161479301751
        dvar2: 0.0426426380873
        max: 1.95202386379
        mean: 1.23875319958
        median: 1.24039232731
        min: -0.0542558021843
        var: 0.0364771261811
    spectral_spread:
        dmean: 420740.3125
        dmean2: 665385.5
        dvar: 643643211776
        dvar2: 972761399296
        max: 39822812
        mean: 4055763.5
        median: 3928700.75
        min: 2441010.25
        var: 1.62749074637e+012
    spectral_strongpeak:
        dmean: 0.771345973015
        dmean2: 1.35325872898
        dvar: 0.693399965763
        dvar2: 1.81142246723
        max: 6.68261289597
        mean: 0.823805332184
        median: 0.522546291351
        min: 3.30949201377e-009
        var: 0.820761144161
    zerocrossingrate:
        dmean: 0.00620812829584
        dmean2: 0.00808100122958
        dvar: 8.50604992593e-005
        dvar2: 0.000154937763
        max: 0.5078125
        mean: 0.12225997448
        median: 0.1220703125
        min: 0.0634765625
        var: 0.000287482311251
    barkbands:
        dmean: [1.15190766792e-006, 6.92141256877e-005, 0.000133011562866, 0.000125512582599, 0.000125681064674, 4.06042672694e-005, 4.12607696489e-005, 8.84767869138e-005, 0.000142998047522, 7.57992165745e-005, 8.90295341378e-005, 0.000107013867819, 0.000115105562145, 0.000103034632048, 0.00013208607561, 0.000185214725207, 0.00023358038743, 0.000275847443845, 0.000759282323997, 0.000317586876918, 0.000109112530481, 3.12329866574e-005, 5.88820103076e-006, 2.30374780585e-006, 1.49258391957e-006, 5.34436566113e-008, 5.20699261486e-010]
        dmean2: [1.95653115043e-006, 0.000113115303975, 0.000212688522879, 0.000210936414078, 0.000204188676435, 6.63623213768e-005, 7.06362989149e-005, 0.00015397190873, 0.00024381071853, 0.000125005215523, 0.00014885472774, 0.000176032946911, 0.000192515624803, 0.000171445964952, 0.000221453374252, 0.000315095297992, 0.000395346869482, 0.000464237964479, 0.0013268198818, 0.000557294231839, 0.000186132543604, 5.27407246409e-005, 9.71445388132e-006, 3.82998769055e-006, 2.3975348995e-006, 8.67159570817e-008, 8.69917082813e-010]
        dvar: [2.21110955066e-012, 6.03152994216e-009, 2.11930579752e-008, 2.2938413835e-008, 2.1723799648e-008, 4.03795663573e-009, 5.56742474345e-009, 3.01685254556e-008, 1.11162492544e-007, 2.00414476126e-008, 2.70992899232e-008, 4.12012504114e-008, 3.26771072423e-008, 4.20480148478e-008, 4.7422634708e-008, 7.7226914641e-008, 6.6442652269e-008, 1.36084622682e-007, 1.07537709937e-006, 1.94150118205e-007, 2.05721377711e-008, 2.87512347263e-009, 1.50021481349e-010, 4.48904177719e-011, 2.8457921783e-011, 4.09563333768e-014, 2.06028853019e-018]
        dvar2: [6.10278060725e-012, 1.46745779972e-008, 5.13309288408e-008, 6.14094730622e-008, 5.39819140499e-008, 1.05816146956e-008, 1.52915617946e-008, 7.90276217799e-008, 2.93769431892e-007, 5.06474648887e-008, 6.99521365277e-008, 1.07402463811e-007, 8.58214477262e-008, 1.14281689889e-007, 1.24735180407e-007, 2.13674837823e-007, 1.82223089951e-007, 3.38321342497e-007, 2.87193779513e-006, 5.39552388545e-007, 5.25916519223e-008, 7.54390949709e-009, 3.75219327831e-010, 1.11390757729e-010, 7.02057162405e-011, 1.01775169238e-013, 5.14495753096e-018]
        max: [1.07485038825e-005, 0.000763577932958, 0.00147816399112, 0.00327561283484, 0.00201117130928, 0.00143270962872, 0.00126107165124, 0.00177540769801, 0.00412018783391, 0.00218590558507, 0.00204772478901, 0.00286572659388, 0.00276377960108, 0.00293404655531, 0.0030155046843, 0.00505264243111, 0.00373210082762, 0.0071710171178, 0.0103468820453, 0.00403872411698, 0.00182666617911, 0.000917304598261, 0.000239702072577, 0.00013955225586, 0.000122605779325, 5.27240808879e-006, 3.89080376806e-008]
        mean: [1.46387196764e-006, 0.000110777771624, 0.00019739283016, 0.000170253872056, 0.000238858890953, 7.10512977093e-005, 5.53994505026e-005, 8.64638786879e-005, 0.000163075063028, 9.22453982639e-005, 0.000118349358672, 0.000160603100085, 0.000173354259459, 0.000145217592944, 0.000199981659534, 0.000337013334502, 0.000493700790685, 0.000552706012968, 0.00121489807498, 0.000515374937095, 0.000231008089031, 6.65846964694e-005, 1.18744510473e-005, 3.80553910873e-006, 2.24186646847e-006, 7.40740020433e-008, 5.98358695925e-010]
        median: [1.03585409761e-006, 8.86128109414e-005, 0.000139878451591, 0.000124991303892, 0.000187517609447, 5.47104064026e-005, 3.5168028262e-005, 3.19315113302e-005, 6.64464096189e-005, 4.06950784964e-005, 4.61251547677e-005, 6.95315902703e-005, 7.14823254384e-005, 6.06580033491e-005, 0.00012587432866, 0.000278849242022, 0.000436626636656, 0.000459247094113, 0.000936575059313, 0.000406060833484, 0.000192212173715, 5.18602901138e-005, 8.91565196071e-006, 2.39030009652e-006, 1.37618144436e-006, 3.93655241737e-008, 2.9876526253e-010]
        min: [1.54317414014e-024, 1.612339078e-023, 3.28460559183e-024, 8.07996935288e-024, 4.02519621659e-023, 3.02080715247e-023, 1.61568337492e-023, 9.02560137465e-024, 3.35155980618e-023, 3.20331548715e-023, 6.44712415119e-023, 1.12167160237e-022, 4.49363854596e-023, 6.89361689919e-023, 1.10648382113e-022, 9.76678021355e-023, 1.46893309534e-022, 1.40776608292e-022, 2.38559237021e-022, 2.84964781254e-022, 3.68155654181e-022, 4.76881235169e-022, 5.25214099122e-022, 9.36374309913e-022, 1.26175921323e-021, 1.47958286902e-021, 2.38769944924e-021]
        var: [2.39018266984e-012, 9.15658660006e-009, 3.74837583195e-008, 2.74856422067e-008, 3.87844636407e-008, 4.88616347383e-009, 5.01999286584e-009, 2.54802614563e-008, 9.42376345847e-008, 2.38016859555e-008, 3.86040497347e-008, 5.93523061809e-008, 5.51550414229e-008, 5.19256246889e-008, 5.63868027825e-008, 8.31010069646e-008, 9.9596967118e-008, 1.89356612168e-007, 1.05889728275e-006, 1.77551456204e-007, 2.91541368824e-008, 3.90708532194e-009, 1.80256698457e-010, 4.44469218375e-011, 2.63891911795e-011, 3.58497242038e-014, 1.8809892742e-018]
    frequency_bands:
        dmean: [1.15190766792e-006, 6.92141256877e-005, 0.000133011562866, 0.000125512582599, 0.000125681064674, 4.06042672694e-005, 4.12607696489e-005, 8.84767869138e-005, 0.000142998047522, 7.57992165745e-005, 8.90295341378e-005, 0.000107013867819, 0.000115105562145, 0.000103034632048, 0.00013208607561, 0.000185214725207, 0.00023358038743, 0.000275847443845, 0.000759282323997, 0.000317586876918, 0.000109112530481, 3.12329866574e-005, 5.88820103076e-006, 2.30374780585e-006, 1.49258391957e-006, 5.34436566113e-008, 5.20699261486e-010, 6.6518714148e-011]
        dmean2: [1.95653115043e-006, 0.000113115303975, 0.000212688522879, 0.000210936414078, 0.000204188676435, 6.63623213768e-005, 7.06362989149e-005, 0.00015397190873, 0.00024381071853, 0.000125005215523, 0.00014885472774, 0.000176032946911, 0.000192515624803, 0.000171445964952, 0.000221453374252, 0.000315095297992, 0.000395346869482, 0.000464237964479, 0.0013268198818, 0.000557294231839, 0.000186132543604, 5.27407246409e-005, 9.71445388132e-006, 3.82998769055e-006, 2.3975348995e-006, 8.67159570817e-008, 8.69917082813e-010, 1.24104213017e-010]
        dvar: [2.21110955066e-012, 6.03152994216e-009, 2.11930579752e-008, 2.2938413835e-008, 2.1723799648e-008, 4.03795663573e-009, 5.56742474345e-009, 3.01685254556e-008, 1.11162492544e-007, 2.00414476126e-008, 2.70992899232e-008, 4.12012504114e-008, 3.26771072423e-008, 4.20480148478e-008, 4.7422634708e-008, 7.7226914641e-008, 6.6442652269e-008, 1.36084622682e-007, 1.07537709937e-006, 1.94150118205e-007, 2.05721377711e-008, 2.87512347263e-009, 1.50021481349e-010, 4.48904177719e-011, 2.8457921783e-011, 4.09563333768e-014, 2.06028853019e-018, 1.02554054293e-020]
        dvar2: [6.10278060725e-012, 1.46745779972e-008, 5.13309288408e-008, 6.14094730622e-008, 5.39819140499e-008, 1.05816146956e-008, 1.52915617946e-008, 7.90276217799e-008, 2.93769431892e-007, 5.06474648887e-008, 6.99521365277e-008, 1.07402463811e-007, 8.58214477262e-008, 1.14281689889e-007, 1.24735180407e-007, 2.13674837823e-007, 1.82223089951e-007, 3.38321342497e-007, 2.87193779513e-006, 5.39552388545e-007, 5.25916519223e-008, 7.54390949709e-009, 3.75219327831e-010, 1.11390757729e-010, 7.02057162405e-011, 1.01775169238e-013, 5.14495753096e-018, 3.311792712e-020]
        max: [1.07485038825e-005, 0.000763577932958, 0.00147816399112, 0.00327561283484, 0.00201117130928, 0.00143270962872, 0.00126107165124, 0.00177540769801, 0.00412018783391, 0.00218590558507, 0.00204772478901, 0.00286572659388, 0.00276377960108, 0.00293404655531, 0.0030155046843, 0.00505264243111, 0.00373210082762, 0.0071710171178, 0.0103468820453, 0.00403872411698, 0.00182666617911, 0.000917304598261, 0.000239702072577, 0.00013955225586, 0.000122605779325, 5.27240808879e-006, 3.89080376806e-008, 1.06929110011e-009]
        mean: [1.46387196764e-006, 0.000110777771624, 0.00019739283016, 0.000170253872056, 0.000238858890953, 7.10512977093e-005, 5.53994505026e-005, 8.64638786879e-005, 0.000163075063028, 9.22453982639e-005, 0.000118349358672, 0.000160603100085, 0.000173354259459, 0.000145217592944, 0.000199981659534, 0.000337013334502, 0.000493700790685, 0.000552706012968, 0.00121489807498, 0.000515374937095, 0.000231008089031, 6.65846964694e-005, 1.18744510473e-005, 3.80553910873e-006, 2.24186646847e-006, 7.40740020433e-008, 5.98358695925e-010, 5.00641021695e-011]
        median: [1.03585409761e-006, 8.86128109414e-005, 0.000139878451591, 0.000124991303892, 0.000187517609447, 5.47104064026e-005, 3.5168028262e-005, 3.19315113302e-005, 6.64464096189e-005, 4.06950784964e-005, 4.61251547677e-005, 6.95315902703e-005, 7.14823254384e-005, 6.06580033491e-005, 0.00012587432866, 0.000278849242022, 0.000436626636656, 0.000459247094113, 0.000936575059313, 0.000406060833484, 0.000192212173715, 5.18602901138e-005, 8.91565196071e-006, 2.39030009652e-006, 1.37618144436e-006, 3.93655241737e-008, 2.9876526253e-010, 1.85110798218e-011]
        min: [1.54317414014e-024, 1.612339078e-023, 3.28460559183e-024, 8.07996935288e-024, 4.02519621659e-023, 3.02080715247e-023, 1.61568337492e-023, 9.02560137465e-024, 3.35155980618e-023, 3.20331548715e-023, 6.44712415119e-023, 1.12167160237e-022, 4.49363854596e-023, 6.89361689919e-023, 1.10648382113e-022, 9.76678021355e-023, 1.46893309534e-022, 1.40776608292e-022, 2.38559237021e-022, 2.84964781254e-022, 3.68155654181e-022, 4.76881235169e-022, 5.25214099122e-022, 9.36374309913e-022, 1.26175921323e-021, 1.47958286902e-021, 2.38769944924e-021, 7.05061915199e-022]
        var: [2.39018266984e-012, 9.15658660006e-009, 3.74837583195e-008, 2.74856422067e-008, 3.87844636407e-008, 4.88616347383e-009, 5.01999286584e-009, 2.54802614563e-008, 9.42376345847e-008, 2.38016859555e-008, 3.86040497347e-008, 5.93523061809e-008, 5.51550414229e-008, 5.19256246889e-008, 5.63868027825e-008, 8.31010069646e-008, 9.9596967118e-008, 1.89356612168e-007, 1.05889728275e-006, 1.77551456204e-007, 2.91541368824e-008, 3.90708532194e-009, 1.80256698457e-010, 4.44469218375e-011, 2.63891911795e-011, 3.58497242038e-014, 1.8809892742e-018, 7.48808561467e-021]
    mfcc:
        mean: [-685.146484375, 85.2685928345, -62.437625885, 62.6995620728, -6.23514890671, 2.25071406364, 7.00180768967, 3.09469246864, 1.4306229353, -5.29463815689, -1.10753321648, -5.41283512115, -2.86703252792]
        cov: [[2570.43408203, 120.367523193, -231.922363281, 46.0481491089, -150.454589844, 18.763961792, -10.5513648987, -13.3051319122, -20.7131938934, 22.2542438507, 7.05917072296, -24.2805252075, -7.639316082], [120.367523193, 267.702453613, -96.2425537109, 16.1076869965, -34.1770439148, 6.41288423538, 19.2401180267, 15.1798410416, 8.96969604492, 5.68876743317, 18.8247528076, 9.04885864258, -6.61353874207], [-231.922363281, -96.2425537109, 227.064071655, 56.02576828, 68.8725357056, -19.4748916626, -9.86829853058, 15.0059423447, 21.723772049, -23.8095855713, -20.7055530548, 3.94155716896, 9.45029258728], [46.0481491089, 16.1076869965, 56.02576828, 144.821166992, 46.9694519043, -11.2733011246, -29.6237735748, -4.33166694641, 19.6902542114, -6.88094854355, -11.5047073364, -6.20931005478, 1.92139589787], [-150.454589844, -34.1770439148, 68.8725357056, 46.9694519043, 109.908126831, 26.4981994629, 3.07318139076, -17.2838726044, 2.00234174728, -7.3547744751, -0.938086152077, 7.83609580994, -3.40502858162], [18.763961792, 6.41288423538, -19.4748916626, -11.2733011246, 26.4981994629, 99.6598129272, 45.5017204285, 1.01315402985, -32.16847229, -13.623875618, 2.95519804955, 12.3762025833, 4.2592959404], [-10.5513648987, 19.2401180267, -9.86829853058, -29.6237735748, 3.07318139076, 45.5017204285, 95.5405273438, 32.6818313599, -12.6530380249, -23.3484516144, -8.43676280975, 8.48320102692, 8.72282028198], [-13.3051319122, 15.1798410416, 15.0059423447, -4.33166694641, -17.2838726044, 1.01315402985, 32.6818313599, 67.6362457275, 24.9138393402, -5.18280410767, -10.0617074966, -4.74980592728, 3.28866577148], [-20.7131938934, 8.96969604492, 21.723772049, 19.6902542114, 2.00234174728, -32.16847229, -12.6530380249, 24.9138393402, 64.5039138794, 27.5371360779, 5.4771771431, -8.02388095856, -8.71112823486], [22.2542438507, 5.68876743317, -23.8095855713, -6.88094854355, -7.3547744751, -13.623875618, -23.3484516144, -5.18280410767, 27.5371360779, 75.9902496338, 36.9533042908, 0.936923265457, -17.0948352814], [7.05917072296, 18.8247528076, -20.7055530548, -11.5047073364, -0.938086152077, 2.95519804955, -8.43676280975, -10.0617074966, 5.4771771431, 36.9533042908, 58.070148468, 19.4634971619, -4.70574760437], [-24.2805252075, 9.04885864258, 3.94155716896, -6.20931005478, 7.83609580994, 12.3762025833, 8.48320102692, -4.74980592728, -8.02388095856, 0.936923265457, 19.4634971619, 46.9384422302, 17.1927585602], [-7.639316082, -6.61353874207, 9.45029258728, 1.92139589787, -3.40502858162, 4.2592959404, 8.72282028198, 3.28866577148, -8.71112823486, -17.0948352814, -4.70574760437, 17.1927585602, 49.435005188]]
        icov: [[0.000481151713757, 5.58064166398e-005, 0.000367985456251, -0.000592067372054, 0.000801593007054, -0.000290376076009, -0.000100462544651, 0.000233257858781, -3.70657980966e-005, -4.62415955553e-005, 1.0878949297e-006, 8.35793398437e-005, 6.54396644677e-005], [5.58064166398e-005, 0.00529128266498, 0.00261052302085, -0.00223637325689, 0.00118510285392, 0.000139711672091, -0.00123185198754, -0.00082878471585, -0.0013470913982, 0.00158042868134, -0.00176892767195, -0.00162596150767, 0.00135271251202], [0.000367985456251, 0.00261052302085, 0.00839863810688, -0.00200154096819, -0.0038071910385, 0.00210796669126, 0.000644423533231, -0.00327235693112, -0.00122948584612, 0.00243508070707, 0.000287156144623, -0.00198528007604, -0.000118309253594], [-0.000592067372054, -0.00223637325689, -0.00200154096819, 0.0112150236964, -0.00527764530852, -6.78575961501e-005, 0.00418441463262, -0.000531189027242, -0.00209304853342, 0.000952201022301, 0.00167704490013, 0.00149026047438, -0.00190282613039], [0.000801593007054, 0.00118510285392, -0.0038071910385, -0.00527764530852, 0.0185140576214, -0.00645727850497, -0.00303352228366, 0.00813782867044, -0.00473821535707, 0.00098692777101, -0.000548418087419, -0.00197670864873, 0.00318244146183], [-0.000290376076009, 0.000139711672091, 0.00210796669126, -6.78575961501e-005, -0.00645727850497, 0.017998572439, -0.00635930104181, -0.00307763298042, 0.0088862311095, -0.00133419944905, -0.00130455382168, -0.00121954875067, 0.000309269875288], [-0.000100462544651, -0.00123185198754, 0.000644423533231, 0.00418441463262, -0.00303352228366, -0.00635930104181, 0.0200748331845, -0.010226613842, 0.0015388019383, 0.00353097100742, 0.00101239630021, -0.00172942434438, -0.000799046887551], [0.000233257858781, -0.00082878471585, -0.00327235693112, -0.000531189027242, 0.00813782867044, -0.00307763298042, -0.010226613842, 0.0286906398833, -0.0143119487911, 0.00178242381662, 0.00235398858786, 0.00157400988974, -0.000936019176152], [-3.70657980966e-005, -0.0013470913982, -0.00122948584612, -0.00209304853342, -0.00473821535707, 0.0088862311095, 0.0015388019383, -0.0143119487911, 0.0324557460845, -0.0117375245318, 0.000574783829506, 0.00207119388506, 0.000713672896381], [-4.62415955553e-005, 0.00158042868134, 0.00243508070707, 0.000952201022301, 0.00098692777101, -0.00133419944905, 0.00353097100742, 0.00178242381662, -0.0117375245318, 0.027577470988, -0.0150230275467, 0.00125700572971, 0.00474396441132], [1.0878949297e-006, -0.00176892767195, 0.000287156144623, 0.00167704490013, -0.000548418087419, -0.00130455382168, 0.00101239630021, 0.00235398858786, 0.000574783829506, -0.0150230275467, 0.0328134819865, -0.0128700081259, 0.00188861903735], [8.35793398437e-005, -0.00162596150767, -0.00198528007604, 0.00149026047438, -0.00197670864873, -0.00121954875067, -0.00172942434438, 0.00157400988974, 0.00207119388506, 0.00125700572971, -0.0128700081259, 0.0330788753927, -0.0116434386], [6.54396644677e-005, 0.00135271251202, -0.000118309253594, -0.00190282613039, 0.00318244146183, 0.000309269875288, -0.000799046887551, -0.000936019176152, 0.000713672896381, 0.00474396441132, 0.00188861903735, -0.0116434386, 0.0269074887037]]
    sccoeffs:
        dmean: [0.048235706985, 0.0450355410576, 0.0421572029591, 0.0311582852155, 0.0218479782343, 0.01871130988]
        dmean2: [0.0804234668612, 0.0757665559649, 0.0711866691709, 0.0530232489109, 0.0370428562164, 0.0308898966759]
        dvar: [0.00151721609291, 0.00130640435964, 0.0011935174698, 0.000622235413175, 0.000299025065033, 0.000264846486971]
        dvar2: [0.00409568985924, 0.00366623536684, 0.00338707771152, 0.00176765141077, 0.000853214180097, 0.0006740327226]
        max: [-0.454479902983, -0.555679619312, -0.600991487503, -0.615718007088, -0.681862175465, -0.630716145039]
        mean: [-0.713494896889, -0.792206585407, -0.803722262383, -0.798475325108, -0.787172794342, -0.723500907421]
        median: [-0.717300891876, -0.79484140873, -0.812349557877, -0.800538778305, -0.787592530251, -0.721071720123]
        min: [-0.975617587566, -0.987878799438, -0.969771623611, -0.960497915745, -0.964575111866, -0.963010966778]
        var: [0.00319988885894, 0.00229915138334, 0.00250084791332, 0.00113853916992, 0.000606703164522, 0.000778014364187]
    scvalleys:
        dmean: [0.35432484746, 0.394018739462, 0.324134588242, 0.265206247568, 0.228275701404, 0.241442456841]
        dmean2: [0.582684397697, 0.637816131115, 0.520720720291, 0.416614294052, 0.366426557302, 0.364712536335]
        dvar: [0.172019332647, 0.185783013701, 0.142413437366, 0.123669832945, 0.120023585856, 0.124106831849]
        dvar2: [0.303373843431, 0.358673006296, 0.227717980742, 0.175258293748, 0.168035954237, 0.188130542636]
        max: [-5.25198221207, -5.00651502609, -5.38772630692, -5.45107603073, -5.44429349899, -7.36087560654]
        mean: [-6.52114772797, -6.83619403839, -6.77423763275, -6.72581481934, -6.42414808273, -9.46059513092]
        median: [-6.36812591553, -6.7671880722, -6.70679092407, -6.66019392014, -6.33820152283, -9.39680194855]
        min: [-27.8095722198, -27.3345890045, -27.5418777466, -27.4189376831, -27.4291152954, -27.2918319702]
        var: [0.869530558586, 0.813076376915, 0.815977096558, 0.781878530979, 0.709203183651, 0.658692359924]

rhythm:
    beats_loudness:
        dmean: 0.0018163692439
        dmean2: 0.00341890798882
        dvar: 3.17986496157e-006
        dvar2: 9.90089938568e-006
        max: 0.0122371139005
        mean: 0.0059918272309
        median: 0.00615963432938
        min: 4.49022118119e-005
        var: 4.9502859838e-006
    bpm: 91.4279937744
    bpm_confidence: 0
    first_peak_bpm: 92
    first_peak_spread: 0.276422798634
    first_peak_weight: 0.70634919405
    onset_rate: 3.83406114578
    second_peak_bpm: 86
    second_peak_spread: 0
    second_peak_weight: 0.0238095261157
    beats_loudness_band_ratio:
        dmean: [0.0540769919753, 0.02841899544, 0.059523884207, 0.0772827118635, 0.0935544595122, 0.111723348498]
        dmean2: [0.0973582714796, 0.0492410212755, 0.107614524662, 0.134315893054, 0.155395969748, 0.191593140364]
        dvar: [0.00261443597265, 0.00113557442091, 0.00382595672272, 0.00345709151588, 0.00595157314092, 0.00637222779915]
        dvar2: [0.00817910581827, 0.00370219792239, 0.0103083066642, 0.0104824667796, 0.0156437270343, 0.0200548265129]
        max: [0.320491880178, 0.266780525446, 0.385077476501, 0.287933170795, 0.629827976227, 0.626230955124]
        mean: [0.0863454416394, 0.0476542785764, 0.0725483447313, 0.128052696586, 0.337481945753, 0.360597938299]
        median: [0.0761106833816, 0.0389396511018, 0.047510754317, 0.115109138191, 0.33461022377, 0.352692872286]
        min: [0.00234389700927, 0.00802109949291, 0.0131064653397, 0.0217720046639, 0.152089267969, 0.154036596417]
        var: [0.00323082413524, 0.0011431282619, 0.00371209229343, 0.00485753454268, 0.00851531326771, 0.009193116799]
    beats_position: [0.650158703327, 1.30031740665, 1.95047616959, 2.60063481331, 3.25079369545, 3.90095233917, 4.57433080673, 5.24770975113, 5.92108821869, 6.60607719421, 7.2910656929, 7.96444416046, 8.63782310486, 9.287981987, 9.93814086914, 10.6115188599, 11.2965078354, 11.9814968109, 12.6664848328, 13.3514738083, 14.0132427216, 14.6750106812, 15.3251695633, 15.9985485077, 16.6487064362, 17.298866272, 17.9490242004, 18.5991840363, 19.2377319336, 19.8994998932, 20.5728797913, 21.2230377197, 21.8731975555, 22.523355484, 23.1735134125, 23.8236732483, 24.4622211456, 25.1007709503, 25.7277088165, 26.3778686523, 27.0280265808, 27.6897945404, 28.3399543762, 29.0017223358, 29.6518821716, 30.3136501312, 30.9754180908, 31.6255779266, 32.2873458862, 32.9491157532, 33.6224937439, 34.2842636108, 34.9460296631, 35.5961914063, 36.2347373962, 36.8732872009, 37.5234451294, 38.1736030579, 38.8353729248, 39.4855308533, 40.1356925964, 40.7742385864, 41.4243965149, 42.0745582581, 42.7247161865, 43.374874115, 44.0366439819, 44.6984100342, 45.3253517151, 45.9755096436, 46.625667572, 47.287437439, 47.9375953674, 48.5993652344, 49.2495231628, 49.9229011536, 50.573059082, 51.2232208252, 51.8733787537, 52.5235366821, 53.1853065491, 53.8702926636, 54.5436706543, 55.240272522, 55.9136505127, 56.5638084412, 57.2139663696, 57.8757362366, 58.5375061035, 59.187664032, 59.884262085, 60.5924720764, 61.2774581909, 61.9508361816, 62.6126060486, 63.2743759155, 63.924533844, 64.5746917725, 65.2132415771, 65.8517913818, 66.5019454956, 67.1637191772, 67.8254852295, 68.4756469727, 69.1258010864, 69.7991790771, 70.4493408203, 71.0995025635, 71.7496566772, 72.3882064819, 73.0499725342, 73.7001342773, 74.3502960205, 75.0004501343, 75.6506118774, 76.3239898682, 76.9741516113, 77.6243057251, 78.2744674683, 78.9362335205, 79.5863952637, 80.2365493774, 80.8867111206, 81.5484771729, 82.198638916, 82.8487930298, 83.4989547729]
    bpm_estimates: [92.28515625, 92.2851486206, 92.2851715088, 92.2851333618, 92.2851715088, 89.102935791, 89.1028747559, 89.102935791, 87.5926513672, 87.5927124023, 89.102935791, 89.1028747559, 92.2851333618, 92.2851333618, 89.1030044556, 87.5926513672, 87.5926513672, 87.5927734375, 87.5926513672, 90.6660919189, 90.6662216187, 92.2851333618, 89.1028747559, 92.2852706909, 92.2849960327, 92.2852706909, 92.2849960327, 93.9631958008, 90.6662216187, 89.1027526855, 92.2852706909, 92.2849960327, 92.2852706909, 92.2852706909, 92.2849960327, 93.9631958008, 93.9629135132, 95.7032623291, 92.2849960327, 92.2852706909, 90.6662216187, 92.2849960327, 90.6662216187, 92.2849960327, 90.6662216187, 90.6662216187, 92.2849960327, 90.6662216187, 90.6659622192, 89.1030044556, 90.6659622192, 90.6664810181, 92.2847290039, 93.9634780884, 93.9629135132, 92.2852706909, 92.2852706909, 90.6659622192, 92.2852706909, 92.2847290039, 93.9634780884, 92.2852706909, 92.2847290039, 92.2852706909, 92.2852706909, 90.6659622192, 90.6664810181, 95.7026824951, 92.2852706909, 92.2852706909, 90.6659622192, 92.2852706909, 90.6659622192, 92.2852706909, 89.1030044556, 92.2852706909, 92.2847290039, 92.2852706909, 92.2852706909, 90.6659622192, 87.5930175781, 89.1030044556, 89.1030044556, 92.2852706909, 92.2852706909, 90.6659622192, 90.6659622192, 92.2852706909, 87.5930175781, 89.1030044556, 90.6659622192, 90.6659622192, 92.2852706909, 92.2852706909, 93.9629135132, 93.9629135132, 92.2858123779, 90.665435791, 90.6664810181, 92.2847290039, 92.2858123779, 89.1030044556, 92.2847290039, 92.2847290039, 92.2858123779, 93.9629135132, 90.6664810181, 92.2847290039, 92.2847290039, 92.2858123779, 92.2847290039, 89.1030044556, 92.2847290039, 92.2858123779, 92.2847290039, 90.6664810181, 92.2847290039, 92.2858123779, 92.2847290039, 90.6664810181, 92.2847290039, 92.2858123779, 92.2847290039]
    bpm_intervals: [0.650158703327, 0.650158762932, 0.650158643723, 0.650158882141, 0.650158643723, 0.67337846756, 0.673378944397, 0.67337846756, 0.684988975525, 0.684988498688, 0.67337846756, 0.673378944397, 0.650158882141, 0.650158882141, 0.673377990723, 0.684988975525, 0.684988975525, 0.684988021851, 0.684988975525, 0.661768913269, 0.661767959595, 0.650158882141, 0.673378944397, 0.650157928467, 0.650159835815, 0.650157928467, 0.650159835815, 0.638547897339, 0.661767959595, 0.673379898071, 0.650157928467, 0.650159835815, 0.650157928467, 0.650157928467, 0.650159835815, 0.638547897339, 0.638549804688, 0.626937866211, 0.650159835815, 0.650157928467, 0.661767959595, 0.650159835815, 0.661767959595, 0.650159835815, 0.661767959595, 0.661767959595, 0.650159835815, 0.661767959595, 0.661769866943, 0.673377990723, 0.661769866943, 0.661766052246, 0.650161743164, 0.63854598999, 0.638549804688, 0.650157928467, 0.650157928467, 0.661769866943, 0.650157928467, 0.650161743164, 0.63854598999, 0.650157928467, 0.650161743164, 0.650157928467, 0.650157928467, 0.661769866943, 0.661766052246, 0.626941680908, 0.650157928467, 0.650157928467, 0.661769866943, 0.650157928467, 0.661769866943, 0.650157928467, 0.673377990723, 0.650157928467, 0.650161743164, 0.650157928467, 0.650157928467, 0.661769866943, 0.684986114502, 0.673377990723, 0.696601867676, 0.673377990723, 0.650157928467, 0.650157928467, 0.661769866943, 0.661769866943, 0.650157928467, 0.696598052979, 0.708209991455, 0.684986114502, 0.673377990723, 0.661769866943, 0.661769866943, 0.650157928467, 0.650157928467, 0.638549804688, 0.638549804688, 0.65015411377, 0.661773681641, 0.661766052246, 0.650161743164, 0.65015411377, 0.673377990723, 0.650161743164, 0.650161743164, 0.65015411377, 0.638549804688, 0.661766052246, 0.650161743164, 0.650161743164, 0.65015411377, 0.650161743164, 0.673377990723, 0.650161743164, 0.65015411377, 0.650161743164, 0.661766052246, 0.650161743164, 0.65015411377, 0.650161743164, 0.661766052246, 0.650161743164, 0.65015411377, 0.650161743164]
