
metadata:
    version:
        essentia: "2.1-beta2"
    audio_properties:
        analysis_sample_rate: 44100
        bitrate: 320
        channels: 2
        equal_loudness: 1
        length: 280.737945557
        replay_gain: -13.5174865723
        downmix: "mix"
    tags:
        album: "The Plague Within"
        artist: "Paradise Lost"
        comment: ""
        date: "2015"
        genre: "Metal"
        title: "6 Sacrifice The Flame"
        tracknumber: "6/10"

configuration:
    average_loudness:
        compute: 1
        frameSize: 88200
        hopSize: 44100
        silentFrames: "noise"
        windowType: "hann"
    general:
        analysisSampleRate: 44100
        endTime: 2000
        equalLoudness: 1
        nequalLoudness: 0
        shortSound: 0
        startTime: 0
    lowlevel:
        compute: 1
        frameSize: 2048
        hopSize: 1024
        zeroPadding: 0
        silentFrames: "noise"
        windowType: "blackmanharris62"
        mfccStats: ["mean", "cov", "icov"]
        stats: ["mean", "var", "median", "min", "max", "dmean", "dmean2", "dvar", "dvar2"]
    panning:
        compute: 0
        frameSize: 8192
        hopSize: 2048
        zeroPadding: 8192
        silentFrames: "noise"
        windowType: "hann"
        stats: ["copy"]
    rhythm:
        compute: 1
        maxTempo: 208
        minTempo: 40
        method: "degara"
        stats: ["mean", "var", "median", "min", "max", "dmean", "dmean2", "dvar", "dvar2"]
    segmentation:
        compute: 0
        cpw: 5
        inc1: 300
        inc2: 50
        minimumSegmentsLength: 10
        size1: 1000
        size2: 600
    sfx:
        compute: 1
        stats: ["mean", "var", "median", "min", "max", "dmean", "dmean2", "dvar", "dvar2"]
    svm:
        compute: 0
    tonal:
        compute: 1
        frameSize: 4096
        hopSize: 2048
        zeroPadding: 0
        silentFrames: "noise"
        windowType: "blackmanharris62"
        stats: ["mean", "var", "median", "min", "max", "dmean", "dmean2", "dvar", "dvar2"]

lowlevel:
    average_loudness: 0.839015841484
    barkbands_kurtosis:
        dmean: 0.524305164814
        dmean2: 0.874887406826
        dvar: 0.872156023979
        dvar2: 2.35746073723
        max: 17.8640460968
        mean: -0.789463937283
        median: -1.3319259882
        min: -1.88474524021
        var: 2.41234064102
    barkbands_skewness:
        dmean: 0.32648447156
        dmean2: 0.534144043922
        dvar: 0.0997360423207
        dvar2: 0.272122681141
        max: 4.11102485657
        mean: 0.356161028147
        median: 0.255835354328
        min: -2.15650463104
        var: 0.545435011387
    barkbands_spread:
        dmean: 3.96358346939
        dmean2: 6.42948722839
        dvar: 15.9004526138
        dvar2: 42.1349868774
        max: 70.2468261719
        mean: 34.8812255859
        median: 36.1489105225
        min: 5.72248315811
        var: 85.8433074951
    dissonance:
        dmean: 0.0111779524013
        dmean2: 0.018932595849
        dvar: 0.000125384802232
        dvar2: 0.000347513559973
        max: 0.500000119209
        mean: 0.476733744144
        median: 0.481382131577
        min: 0.345768868923
        var: 0.000314513919875
    hfc:
        dmean: 1.926014781
        dmean2: 3.24711155891
        dvar: 18.666934967
        dvar2: 51.4334373474
        max: 69.043762207
        mean: 7.01621818542
        median: 6.62128019333
        min: 1.14225661955e-016
        var: 35.7466812134
    pitch:
        dmean: 750.60559082
        dmean2: 1455.98754883
        dvar: 1700808.375
        dvar2: 4295153.5
        max: 4829.0390625
        mean: 1502.91992188
        median: 330.133575439
        min: 65.6551895142
        var: 2637887.25
    pitch_instantaneous_confidence:
        dmean: 0.0683443695307
        dmean2: 0.111817628145
        dvar: 0.00326647399925
        dvar2: 0.00869783759117
        max: 0.909719526768
        mean: 0.398540079594
        median: 0.370469897985
        min: 0.121076524258
        var: 0.0204665660858
    pitch_salience:
        dmean: 0.0478406026959
        dmean2: 0.0793841481209
        dvar: 0.00194088637363
        dvar2: 0.00541414413601
        max: 0.8849375844
        mean: 0.644905745983
        median: 0.6697306633
        min: 0.189916282892
        var: 0.0110168587416
    silence_rate_20dB:
        dmean: 0
        dmean2: 0
        dvar: 0
        dvar2: 0
        max: 1
        mean: 1
        median: 1
        min: 1
        var: 0
    silence_rate_30dB:
        dmean: 0
        dmean2: 0
        dvar: 0
        dvar2: 0
        max: 1
        mean: 1
        median: 1
        min: 1
        var: 0
    silence_rate_60dB:
        dmean: 0.0317591615021
        dmean2: 0.0635235756636
        dvar: 0.0307493116707
        dvar2: 0.07172511518
        max: 1
        mean: 0.331541508436
        median: 0
        min: 0
        var: 0.221581801772
    spectral_centroid:
        dmean: 222.594924927
        dmean2: 366.815246582
        dvar: 59397.1601563
        dvar2: 155406.9375
        max: 11135.7089844
        mean: 1482.81396484
        median: 1499.68676758
        min: 283.127655029
        var: 267328.4375
    spectral_complexity:
        dmean: 3.13191628456
        dmean2: 5.06947898865
        dvar: 15.3478422165
        dvar2: 36.8519744873
        max: 57
        mean: 15.4373140335
        median: 16
        min: 0
        var: 107.84627533
    spectral_crest:
        dmean: 1.60843682289
        dmean2: 2.69996166229
        dvar: 2.41529941559
        dvar2: 6.72463226318
        max: 22.9210262299
        mean: 6.55276298523
        median: 5.85572338104
        min: 2.38353681564
        var: 7.18671512604
    spectral_decrease:
        dmean: 2.0746149243e-010
        dmean2: 3.39782896264e-010
        dvar: 1.19390635499e-019
        dvar2: 3.17186619335e-019
        max: -3.87166205972e-029
        mean: -9.70328151162e-010
        median: -9.38245037219e-010
        min: -5.91157700569e-009
        var: 4.56146370648e-019
    spectral_energy:
        dmean: 0.00092837412376
        dmean2: 0.0015297785867
        dvar: 2.72115175903e-006
        dvar2: 7.26036159904e-006
        max: 0.027621794492
        mean: 0.00429863948375
        median: 0.00418763468042
        min: 1.05067221249e-020
        var: 9.23782135942e-006
    spectral_energyband_high:
        dmean: 0.00015970102686
        dmean2: 0.000278715626337
        dvar: 1.73131070369e-007
        dvar2: 4.89382841806e-007
        max: 0.00643596518785
        mean: 0.000348825909896
        median: 0.000296187296044
        min: 8.03695307064e-021
        var: 1.68323268213e-007
    spectral_energyband_low:
        dmean: 0.000182488787686
        dmean2: 0.000305638968712
        dvar: 6.9871269659e-008
        dvar2: 1.93843064267e-007
        max: 0.00355019699782
        mean: 0.000388328626286
        median: 0.000300830928609
        min: 7.89643202804e-023
        var: 1.3575855462e-007
    spectral_energyband_middle_high:
        dmean: 0.000510331592523
        dmean2: 0.000839206564706
        dvar: 8.69267182679e-007
        dvar2: 2.32030242842e-006
        max: 0.0169006995857
        mean: 0.0018909976352
        median: 0.00160986930132
        min: 1.36673562233e-021
        var: 2.92363188237e-006
    spectral_energyband_middle_low:
        dmean: 0.000523731578141
        dmean2: 0.00085730815772
        dvar: 5.3520000165e-007
        dvar2: 1.45019726006e-006
        max: 0.010651002638
        mean: 0.00179769308306
        median: 0.00159827037714
        min: 4.60685832433e-022
        var: 1.83118640962e-006
    spectral_flatness_db:
        dmean: 0.0117618814111
        dmean2: 0.019298998639
        dvar: 0.00011378153431
        dvar2: 0.000294931785902
        max: 0.291423857212
        mean: 0.157587319613
        median: 0.153046190739
        min: 0.050267342478
        var: 0.00115466990974
    spectral_flux:
        dmean: 0.00517462519929
        dmean2: 0.00803669635206
        dvar: 5.07999830006e-005
        dvar2: 9.74767535808e-005
        max: 0.124404527247
        mean: 0.0332915186882
        median: 0.033932030201
        min: 1.02502305255e-010
        var: 0.00033097533742
    spectral_kurtosis:
        dmean: 1.24885296822
        dmean2: 2.17007851601
        dvar: 1.60817420483
        dvar2: 4.89273309708
        max: 19.4285163879
        mean: 3.73871326447
        median: 3.20853996277
        min: -1.22752273083
        var: 5.05271053314
    spectral_rms:
        dmean: 0.000196227090782
        dmean2: 0.000318490434438
        dvar: 7.00379487739e-008
        dvar2: 1.80024841256e-007
        max: 0.00519115524366
        mean: 0.00188099849038
        median: 0.00202126125805
        min: 3.20163405336e-012
        var: 6.55616531731e-007
    spectral_rolloff:
        dmean: 331.055633545
        dmean2: 561.164794922
        dvar: 198944.875
        dvar2: 501288.3125
        max: 18518.5546875
        mean: 3053.86206055
        median: 3359.1796875
        min: 86.1328125
        var: 837341.25
    spectral_skewness:
        dmean: 0.168941766024
        dmean2: 0.284356117249
        dvar: 0.0275961644948
        dvar2: 0.0769972428679
        max: 3.16623187065
        mean: 1.24570190907
        median: 1.17629480362
        min: -0.0220969505608
        var: 0.181525498629
    spectral_spread:
        dmean: 275350.28125
        dmean2: 413894.4375
        dvar: 203804737536
        dvar2: 299192975360
        max: 41441612
        mean: 3896930.5
        median: 3621015.5
        min: 1791802.25
        var: 1.24408024269e+012
    spectral_strongpeak:
        dmean: 0.265177309513
        dmean2: 0.469533264637
        dvar: 0.30970454216
        dvar2: 0.832847654819
        max: 8.01575756073
        mean: 0.387313634157
        median: 0.212176531553
        min: 2.195753801e-009
        var: 0.331228941679
    zerocrossingrate:
        dmean: 0.00641949893907
        dmean2: 0.00834157224745
        dvar: 3.54416370101e-005
        dvar2: 5.08329649165e-005
        max: 0.49169921875
        mean: 0.0880521908402
        median: 0.08984375
        min: 0.0205078125
        var: 0.000550891913008
    barkbands:
        dmean: [1.7064161284e-007, 5.78514700464e-005, 0.000107498868601, 0.000154462570208, 0.000194536711206, 0.000188053454622, 0.000133263441967, 0.000121669007058, 0.000104533974081, 8.09987541288e-005, 5.25688228663e-005, 4.25776925113e-005, 3.86094470741e-005, 4.11307009927e-005, 6.890577788e-005, 8.44980313559e-005, 0.000115973423817, 0.000125874154037, 0.000200530019356, 0.00015374305076, 7.22726035747e-005, 1.82403364306e-005, 4.14170790464e-006, 1.47824687247e-006, 4.70506194006e-007, 2.07583266132e-008, 2.31302102471e-010]
        dmean2: [2.55772306446e-007, 9.67746527749e-005, 0.000182173331268, 0.000259613065282, 0.000322726787999, 0.000309384107823, 0.000220741363592, 0.00019323109882, 0.000170655388501, 0.00012891436927, 8.72808377608e-005, 7.00092932675e-005, 6.31988150417e-005, 6.76255440339e-005, 0.000113963738841, 0.000140376374475, 0.000191611732589, 0.000211295759073, 0.00033673454891, 0.000263063731836, 0.00012715520279, 3.22612431773e-005, 7.01170438333e-006, 2.24221525968e-006, 7.32033186068e-007, 3.35832801568e-008, 4.06396361008e-010]
        dvar: [8.03462995463e-014, 1.02262918134e-008, 3.42458683633e-008, 7.4527100935e-008, 8.88235973662e-008, 6.95930211236e-008, 9.37793060984e-008, 7.71550858758e-008, 4.96462533306e-008, 4.09706721882e-008, 2.29205188162e-008, 1.04810284896e-008, 1.16555929353e-008, 1.58275845763e-008, 3.2097712932e-008, 2.65656634468e-008, 2.81278023095e-008, 4.08616323e-008, 1.05593883859e-007, 1.11725277918e-007, 3.38205019546e-008, 4.10076683721e-009, 2.84608309142e-010, 3.15445204679e-011, 2.68203623373e-012, 5.91642730427e-015, 2.12386312468e-019]
        dvar2: [1.75085979244e-013, 2.75833222929e-008, 9.63253583564e-008, 1.92018802636e-007, 2.57398568237e-007, 1.9249887373e-007, 2.50478478847e-007, 2.03745685212e-007, 1.38050552323e-007, 1.09969256812e-007, 6.09593158174e-008, 2.68408335558e-008, 2.96088149554e-008, 3.93854797665e-008, 8.52648440741e-008, 7.31458342784e-008, 7.40445642577e-008, 1.10453612479e-007, 2.90773073175e-007, 3.11867353275e-007, 9.62622621614e-008, 1.15793792332e-008, 7.41824213168e-010, 6.16916101537e-011, 5.92539862662e-012, 1.51513204787e-014, 5.69084596704e-019]
        max: [4.89481726618e-006, 0.00113309081644, 0.00276139751077, 0.0043185306713, 0.00443751551211, 0.00440187752247, 0.00556461932138, 0.00806932058185, 0.0051452992484, 0.00524436915293, 0.00502349482849, 0.00280571868643, 0.00323998555541, 0.00344551890157, 0.00487747788429, 0.00380261312239, 0.00342862214893, 0.00344853894785, 0.00600191997364, 0.00656823487952, 0.00427883630618, 0.00148138345685, 0.000434549088823, 0.000262727873633, 4.9183385272e-005, 2.53172993325e-006, 1.70502083563e-008]
        mean: [2.81019026716e-007, 9.90465050563e-005, 0.000186009769095, 0.000233377562836, 0.000458556605736, 0.000428384606494, 0.000225016628974, 0.000212026090594, 0.000206664582947, 0.00015133015404, 8.98075086297e-005, 7.52870109864e-005, 6.70732624712e-005, 6.93093097652e-005, 0.000129198495415, 0.000166840560269, 0.000256111030467, 0.000271856959444, 0.000474678381579, 0.000310898205498, 0.000147141137859, 2.89400395559e-005, 6.49607272862e-006, 3.30452076014e-006, 9.63211505223e-007, 3.92687695694e-008, 2.84044093801e-010]
        median: [1.29324376985e-007, 6.89863809384e-005, 0.000112245979835, 0.00012942495232, 0.000312609801767, 0.000297485297779, 9.83653881121e-005, 8.20081622805e-005, 0.000104950624518, 6.61824306007e-005, 3.1626157579e-005, 3.64904626622e-005, 2.87033872155e-005, 2.59846292465e-005, 6.1983228079e-005, 9.74674403551e-005, 0.000198676774744, 0.000230043049669, 0.000423799414421, 0.000261335109826, 0.000122366996948, 1.78999107447e-005, 1.82297515039e-006, 5.35825336101e-007, 1.67150545849e-007, 5.44706413308e-009, 1.00379170254e-010]
        min: [4.20975811398e-023, 3.10258773142e-023, 1.03737354738e-023, 1.76392453851e-023, 7.5936508043e-023, 3.46077980731e-023, 1.51221669414e-022, 6.68126627201e-023, 5.85811263661e-023, 1.13775186928e-022, 3.94329888622e-023, 1.31824084625e-022, 5.47756802919e-023, 9.62783277806e-023, 1.11758164256e-022, 1.40706305009e-022, 2.17329715263e-022, 1.58541705391e-022, 2.05919719482e-022, 2.83372190993e-022, 4.80192431487e-022, 4.99863769943e-022, 5.76681656498e-022, 8.20296141392e-022, 1.38861471109e-021, 1.72104498795e-021, 2.56010420491e-021]
        var: [1.69829414746e-013, 1.30349597782e-008, 6.46908731028e-008, 1.09820113892e-007, 2.33134429095e-007, 1.89755709812e-007, 1.59661453836e-007, 1.54587070256e-007, 9.67877582525e-008, 9.35958510695e-008, 5.36557465125e-008, 2.43851605575e-008, 2.30064145512e-008, 3.13050350087e-008, 7.07884098006e-008, 6.2051249472e-008, 6.71530386853e-008, 7.17497385949e-008, 2.05124408126e-007, 1.26935944422e-007, 3.15313357646e-008, 3.14830361781e-009, 4.10014106e-010, 1.53382417878e-010, 9.20949254357e-012, 1.08371529795e-014, 3.11191369351e-019]
    frequency_bands:
        dmean: [1.7064161284e-007, 5.78514700464e-005, 0.000107498868601, 0.000154462570208, 0.000194536711206, 0.000188053454622, 0.000133263441967, 0.000121669007058, 0.000104533974081, 8.09987541288e-005, 5.25688228663e-005, 4.25776925113e-005, 3.86094470741e-005, 4.11307009927e-005, 6.890577788e-005, 8.44980313559e-005, 0.000115973423817, 0.000125874154037, 0.000200530019356, 0.00015374305076, 7.22726035747e-005, 1.82403364306e-005, 4.14170790464e-006, 1.47824687247e-006, 4.70506194006e-007, 2.07583266132e-008, 2.31302102471e-010, 5.00370925249e-011]
        dmean2: [2.55772306446e-007, 9.67746527749e-005, 0.000182173331268, 0.000259613065282, 0.000322726787999, 0.000309384107823, 0.000220741363592, 0.00019323109882, 0.000170655388501, 0.00012891436927, 8.72808377608e-005, 7.00092932675e-005, 6.31988150417e-005, 6.76255440339e-005, 0.000113963738841, 0.000140376374475, 0.000191611732589, 0.000211295759073, 0.00033673454891, 0.000263063731836, 0.00012715520279, 3.22612431773e-005, 7.01170438333e-006, 2.24221525968e-006, 7.32033186068e-007, 3.35832801568e-008, 4.06396361008e-010, 9.2784342709e-011]
        dvar: [8.03462995463e-014, 1.02262918134e-008, 3.42458683633e-008, 7.4527100935e-008, 8.88235973662e-008, 6.95930211236e-008, 9.37793060984e-008, 7.71550858758e-008, 4.96462533306e-008, 4.09706721882e-008, 2.29205188162e-008, 1.04810284896e-008, 1.16555929353e-008, 1.58275845763e-008, 3.2097712932e-008, 2.65656634468e-008, 2.81278023095e-008, 4.08616323e-008, 1.05593883859e-007, 1.11725277918e-007, 3.38205019546e-008, 4.10076683721e-009, 2.84608309142e-010, 3.15445204679e-011, 2.68203623373e-012, 5.91642730427e-015, 2.12386312468e-019, 6.75953296157e-021]
        dvar2: [1.75085979244e-013, 2.75833222929e-008, 9.63253583564e-008, 1.92018802636e-007, 2.57398568237e-007, 1.9249887373e-007, 2.50478478847e-007, 2.03745685212e-007, 1.38050552323e-007, 1.09969256812e-007, 6.09593158174e-008, 2.68408335558e-008, 2.96088149554e-008, 3.93854797665e-008, 8.52648440741e-008, 7.31458342784e-008, 7.40445642577e-008, 1.10453612479e-007, 2.90773073175e-007, 3.11867353275e-007, 9.62622621614e-008, 1.15793792332e-008, 7.41824213168e-010, 6.16916101537e-011, 5.92539862662e-012, 1.51513204787e-014, 5.69084596704e-019, 2.17805961067e-020]
        max: [4.89481726618e-006, 0.00113309081644, 0.00276139751077, 0.0043185306713, 0.00443751551211, 0.00440187752247, 0.00556461932138, 0.00806932058185, 0.0051452992484, 0.00524436915293, 0.00502349482849, 0.00280571868643, 0.00323998555541, 0.00344551890157, 0.00487747788429, 0.00380261312239, 0.00342862214893, 0.00344853894785, 0.00600191997364, 0.00656823487952, 0.00427883630618, 0.00148138345685, 0.000434549088823, 0.000262727873633, 4.9183385272e-005, 2.53172993325e-006, 1.70502083563e-008, 1.00540009651e-009]
        mean: [2.81019026716e-007, 9.90465050563e-005, 0.000186009769095, 0.000233377562836, 0.000458556605736, 0.000428384606494, 0.000225016628974, 0.000212026090594, 0.000206664582947, 0.00015133015404, 8.98075086297e-005, 7.52870109864e-005, 6.70732624712e-005, 6.93093097652e-005, 0.000129198495415, 0.000166840560269, 0.000256111030467, 0.000271856959444, 0.000474678381579, 0.000310898205498, 0.000147141137859, 2.89400395559e-005, 6.49607272862e-006, 3.30452076014e-006, 9.63211505223e-007, 3.92687695694e-008, 2.84044093801e-010, 3.89952202473e-011]
        median: [1.29324376985e-007, 6.89863809384e-005, 0.000112245979835, 0.00012942495232, 0.000312609801767, 0.000297485297779, 9.83653881121e-005, 8.20081622805e-005, 0.000104950624518, 6.61824306007e-005, 3.1626157579e-005, 3.64904626622e-005, 2.87033872155e-005, 2.59846292465e-005, 6.1983228079e-005, 9.74674403551e-005, 0.000198676774744, 0.000230043049669, 0.000423799414421, 0.000261335109826, 0.000122366996948, 1.78999107447e-005, 1.82297515039e-006, 5.35825336101e-007, 1.67150545849e-007, 5.44706413308e-009, 1.00379170254e-010, 1.12631935029e-011]
        min: [4.20975811398e-023, 3.10258773142e-023, 1.03737354738e-023, 1.76392453851e-023, 7.5936508043e-023, 3.46077980731e-023, 1.51221669414e-022, 6.68126627201e-023, 5.85811263661e-023, 1.13775186928e-022, 3.94329888622e-023, 1.31824084625e-022, 5.47756802919e-023, 9.62783277806e-023, 1.11758164256e-022, 1.40706305009e-022, 2.17329715263e-022, 1.58541705391e-022, 2.05919719482e-022, 2.83372190993e-022, 4.80192431487e-022, 4.99863769943e-022, 5.76681656498e-022, 8.20296141392e-022, 1.38861471109e-021, 1.72104498795e-021, 2.56010420491e-021, 4.17916823378e-022]
        var: [1.69829414746e-013, 1.30349597782e-008, 6.46908731028e-008, 1.09820113892e-007, 2.33134429095e-007, 1.89755709812e-007, 1.59661453836e-007, 1.54587070256e-007, 9.67877582525e-008, 9.35958510695e-008, 5.36557465125e-008, 2.43851605575e-008, 2.30064145512e-008, 3.13050350087e-008, 7.07884098006e-008, 6.2051249472e-008, 6.71530386853e-008, 7.17497385949e-008, 2.05124408126e-007, 1.26935944422e-007, 3.15313357646e-008, 3.14830361781e-009, 4.10014106e-010, 1.53382417878e-010, 9.20949254357e-012, 1.08371529795e-014, 3.11191369351e-019, 5.20493020302e-021]
    mfcc:
        mean: [-732.132629395, 120.291870117, -50.8595199585, 63.5597038269, -15.7650175095, -10.5260229111, -2.47170042992, -7.02820444107, -0.456206917763, -6.43157482147, -8.48679542542, -5.52841472626, -4.79946041107]
        cov: [[8258.84667969, 214.497192383, -603.981384277, 896.60534668, -732.520629883, 94.19871521, 35.3423423767, 165.578857422, 92.915725708, 216.197875977, 254.12612915, 140.224456787, 52.8937606812], [214.497192383, 634.772094727, -211.177276611, 212.701080322, -42.3804626465, -3.11683893204, 49.6188468933, -28.5448703766, 64.0637741089, -41.1654167175, 15.1728391647, -17.9136295319, 11.0867366791], [-603.981384277, -211.177276611, 337.319122314, -115.02696228, 116.567687988, 11.1677780151, 1.88529968262, 18.0740242004, -29.7313804626, 13.6231222153, -21.1453075409, 9.77044487, -7.60358667374], [896.60534668, 212.701080322, -115.02696228, 495.400177002, -87.9140777588, 106.182167053, 35.168258667, 29.0283813477, 49.1536216736, 14.5099573135, 62.3761978149, 13.0860404968, 28.5681266785], [-732.520629883, -42.3804626465, 116.567687988, -87.9140777588, 207.255523682, 25.0225296021, -0.0225482061505, -20.4365978241, -16.5678405762, -8.60969352722, -23.8665332794, -7.99943590164, -3.34354138374], [94.19871521, -3.11683893204, 11.1677780151, 106.182167053, 25.0225296021, 127.980056763, 42.8172569275, 26.1801357269, 8.42037296295, 14.9409503937, 29.5096530914, 9.76302146912, 14.7316093445], [35.3423423767, 49.6188468933, 1.88529968262, 35.168258667, -0.0225482061505, 42.8172569275, 91.2627487183, 43.3250465393, 20.2849407196, 4.08167219162, 18.9289360046, 12.12251091, 12.514632225], [165.578857422, -28.5448703766, 18.0740242004, 29.0283813477, -20.4365978241, 26.1801357269, 43.3250465393, 98.1507644653, 25.4975528717, 16.8434791565, 22.3707027435, 17.9013309479, 17.4300346375], [92.915725708, 64.0637741089, -29.7313804626, 49.1536216736, -16.5678405762, 8.42037296295, 20.2849407196, 25.4975528717, 84.4853820801, 32.135093689, 22.0616722107, 6.25816488266, 5.71963596344], [216.197875977, -41.1654167175, 13.6231222153, 14.5099573135, -8.60969352722, 14.9409503937, 4.08167219162, 16.8434791565, 32.135093689, 76.1352157593, 36.9608764648, 19.1922111511, 4.72632694244], [254.12612915, 15.1728391647, -21.1453075409, 62.3761978149, -23.8665332794, 29.5096530914, 18.9289360046, 22.3707027435, 22.0616722107, 36.9608764648, 81.8407974243, 31.6053581238, 19.7609577179], [140.224456787, -17.9136295319, 9.77044487, 13.0860404968, -7.99943590164, 9.76302146912, 12.12251091, 17.9013309479, 6.25816488266, 19.1922111511, 31.6053581238, 57.7966156006, 26.9091625214], [52.8937606812, 11.0867366791, -7.60358667374, 28.5681266785, -3.34354138374, 14.7316093445, 12.514632225, 17.4300346375, 5.71963596344, 4.72632694244, 19.7609577179, 26.9091625214, 59.8563766479]]
        icov: [[0.00024356074573, 3.09717543132e-005, 0.000239399989368, -0.000321477884427, 0.000565841794014, 3.34863289027e-005, 5.89553310419e-005, -0.000237626256421, 0.000400040706154, -0.000653698749375, 2.15067157114e-005, -0.000349211099092, 0.000206397875445], [3.09717543132e-005, 0.00295867864043, 0.00130926340353, -0.001192807802, -0.000668508524541, 0.0014902560506, -0.00223673833534, 0.00162910635117, -0.00194988795556, 0.00184970197733, -0.00049698370276, 0.000507336342707, -0.000274359510513], [0.000239399989368, 0.00130926340353, 0.00514023192227, -0.000355479278369, -0.00198954949155, 0.000454948603874, -0.000754408538342, -0.00128052057698, 0.0012459558202, -0.00156780134421, 0.00107896048576, -0.00141181563959, 0.000959308992606], [-0.000321477884427, -0.001192807802, -0.000355479278369, 0.0040815807879, 0.000815633917227, -0.00352165591903, 0.00133921462111, -6.32706432953e-005, -0.00120471604168, 0.00117563246749, -0.00104426441249, 0.000661214464344, -0.000767681980506], [0.000565841794014, -0.000668508524541, -0.00198954949155, 0.000815633917227, 0.00875823292881, -0.00318258791231, 0.000561867491342, 0.00137781968806, 0.000376444193535, -0.00103832338937, 0.0010001892224, -0.000266437709797, -0.00042879927787], [3.34863289027e-005, 0.0014902560506, 0.000454948603874, -0.00352165591903, -0.00318258791231, 0.0138717181981, -0.00574186537415, -0.000271275144769, 0.00152824970428, -0.00125699455384, -0.00233740243129, 0.00152747496031, -0.000841162574943], [5.89553310419e-005, -0.00223673833534, -0.000754408538342, 0.00133921462111, 0.000561867491342, -0.00574186537415, 0.0181903075427, -0.00687183346599, -0.00131099158898, 0.0016312332591, -0.000875139434356, -0.00172656332143, 0.000331195129547], [-0.000237626256421, 0.00162910635117, -0.00128052057698, -6.32706432953e-005, 0.00137781968806, -0.000271275144769, -0.00687183346599, 0.0163687933236, -0.00444481847808, 0.00128725881223, -0.000847775139846, -0.000322920561302, -0.00266216392629], [0.000400040706154, -0.00194988795556, 0.0012459558202, -0.00120471604168, 0.000376444193535, 0.00152824970428, -0.00131099158898, -0.00444481847808, 0.0191682092845, -0.00984777603298, 0.000320354214637, 0.00073652213905, 0.000463315373054], [-0.000653698749375, 0.00184970197733, -0.00156780134421, 0.00117563246749, -0.00103832338937, -0.00125699455384, 0.0016312332591, 0.00128725881223, -0.00984777603298, 0.0242865812033, -0.00820410717279, -0.00173477840144, 0.00152196537238], [2.15067157114e-005, -0.00049698370276, 0.00107896048576, -0.00104426441249, 0.0010001892224, -0.00233740243129, -0.000875139434356, -0.000847775139846, 0.000320354214637, -0.00820410717279, 0.021841308102, -0.00781700946391, -0.00130975723732], [-0.000349211099092, 0.000507336342707, -0.00141181563959, 0.000661214464344, -0.000266437709797, 0.00152747496031, -0.00172656332143, -0.000322920561302, 0.00073652213905, -0.00173477840144, -0.00781700946391, 0.0280789416283, -0.0101920310408], [0.000206397875445, -0.000274359510513, 0.000959308992606, -0.000767681980506, -0.00042879927787, -0.000841162574943, 0.000331195129547, -0.00266216392629, 0.000463315373054, 0.00152196537238, -0.00130975723732, -0.0101920310408, 0.022802291438]]
    sccoeffs:
        dmean: [0.0451560914516, 0.0425869375467, 0.0332165136933, 0.0259654708207, 0.0185348950326, 0.015903590247]
        dmean2: [0.0756337717175, 0.0710614174604, 0.0548787601292, 0.0432189851999, 0.0311817433685, 0.0254800617695]
        dvar: [0.00137161521707, 0.00123585981783, 0.000737615220714, 0.000417142000515, 0.000222809539991, 0.00024042170844]
        dvar2: [0.00376682635397, 0.00344969611615, 0.00201906240545, 0.00116096739657, 0.000607887923252, 0.000558317522518]
        max: [-0.314194172621, -0.457467079163, -0.552124738693, -0.598677694798, -0.639680027962, -0.5343708992]
        mean: [-0.643619835377, -0.731757104397, -0.774319827557, -0.787068247795, -0.790798127651, -0.723341524601]
        median: [-0.65374392271, -0.735081791878, -0.779166221619, -0.790924012661, -0.795460224152, -0.727171361446]
        min: [-0.954081058502, -0.968267500401, -0.965089738369, -0.957666397095, -0.96081829071, -0.961829423904]
        var: [0.00627413950861, 0.00425469968468, 0.00329383299686, 0.00192171148956, 0.00117504340596, 0.00269024143927]
    scvalleys:
        dmean: [0.34196165204, 0.293998271227, 0.259749799967, 0.226358324289, 0.189659386873, 0.210700422525]
        dmean2: [0.576449751854, 0.487847626209, 0.425205290318, 0.368862360716, 0.306986629963, 0.319239765406]
        dvar: [0.0819367393851, 0.0644021630287, 0.0540817864239, 0.0495742075145, 0.0501678287983, 0.11701207608]
        dvar2: [0.220476135612, 0.161861091852, 0.130798950791, 0.109705112875, 0.110702626407, 0.250980913639]
        max: [-5.19423770905, -4.4720158577, -4.71112108231, -5.1729054451, -5.10931539536, -7.55190229416]
        mean: [-7.11676549911, -6.65908956528, -7.23395204544, -7.55717611313, -7.22912788391, -10.5264091492]
        median: [-6.63437747955, -6.33665466309, -6.93195056915, -7.2082901001, -6.65585231781, -10.2410573959]
        min: [-27.3074092865, -26.7929191589, -27.1187458038, -27.3453540802, -27.167224884, -27.19165802]
        var: [2.40414857864, 1.43392419815, 1.37636983395, 1.3535425663, 1.72574472427, 1.79473495483]

rhythm:
    beats_loudness:
        dmean: 0.00194922811352
        dmean2: 0.00338981649838
        dvar: 4.90144293508e-006
        dvar2: 1.32225977723e-005
        max: 0.0213635973632
        mean: 0.00473450915888
        median: 0.00473067862913
        min: 1.01778789841e-008
        var: 1.09878346848e-005
    bpm: 96.8662338257
    bpm_confidence: 0
    first_peak_bpm: 98
    first_peak_spread: 0.403225809336
    first_peak_weight: 0.4586776793
    onset_rate: 1.85226130486
    second_peak_bpm: 178
    second_peak_spread: 0
    second_peak_weight: 0.0392562001944
    beats_loudness_band_ratio:
        dmean: [0.140961259604, 0.118920065463, 0.081552349031, 0.0529022924602, 0.0752032920718, 0.0687998011708]
        dmean2: [0.235973536968, 0.213567644358, 0.138961538672, 0.091984719038, 0.130877777934, 0.117263033986]
        dvar: [0.0132904583588, 0.0101009728387, 0.00695726787671, 0.00569652719423, 0.00430254405364, 0.00342294550501]
        dvar2: [0.0402873940766, 0.0301047358662, 0.0194356068969, 0.0155997294933, 0.0118219405413, 0.00927934516221]
        max: [0.873595356941, 0.605408549309, 0.661068558693, 0.638304293156, 0.520060658455, 0.433985233307]
        mean: [0.249427556992, 0.212971448898, 0.146829858422, 0.0873726084828, 0.18396538496, 0.167372122407]
        median: [0.219308570027, 0.191539630294, 0.120515905321, 0.0638747513294, 0.169787824154, 0.16510912776]
        min: [0.00670505734161, 0.0153021374717, 0.0126949390396, 0.00644554849714, 0.0147874699906, 0.00963975861669]
        var: [0.0283993128687, 0.0155988400802, 0.00981631409377, 0.00646677892655, 0.00726851401851, 0.00865348428488]
    beats_position: [0.371519267559, 0.743038535118, 1.11455774307, 1.48607707024, 1.8575963974, 2.22911548615, 2.60063481331, 2.97215414047, 3.34367346764, 3.7151927948, 4.08671188354, 4.45823097229, 4.82975053787, 5.20126962662, 5.5727891922, 6.00235795975, 6.43192720413, 6.87310647964, 7.4303855896, 7.97605419159, 8.52172279358, 9.06739234924, 9.61306095123, 10.1587295532, 10.7043991089, 11.2500677109, 11.7957363129, 12.3065757751, 12.8058052063, 13.3050336838, 13.8042631149, 14.3034915924, 14.8027210236, 15.301949501, 15.8011789322, 16.3004074097, 16.7415866852, 17.1827659607, 17.6123352051, 18.088344574, 18.5527439117, 19.0171432495, 19.4815406799, 19.9459400177, 20.4103393555, 20.8747386932, 21.339138031, 21.8035373688, 22.2679367065, 22.7323360443, 23.1967334747, 23.6611328125, 23.9978218079, 24.3345127106, 24.6712017059, 25.0195007324, 25.3677997589, 25.7160987854, 26.0643978119, 26.4010887146, 26.7261676788, 27.0628566742, 27.3879356384, 27.7130146027, 28.0497055054, 28.3863945007, 28.7230834961, 29.0597724915, 29.3964614868, 29.7331504822, 30.0582313538, 30.3949203491, 30.7199993134, 31.0450782776, 31.3701572418, 31.6952381134, 32.0203170776, 32.3337860107, 32.6472549438, 32.9723358154, 33.2974128723, 33.6224937439, 33.9475746155, 34.2842636108, 34.6209526062, 34.9576416016, 35.2943305969, 35.6310195923, 35.9677085876, 36.2927894592, 36.6178665161, 36.9545555115, 37.3725166321, 37.790473938, 38.2084350586, 38.6263923645, 39.1720619202, 39.7061233521, 40.3214492798, 40.9367790222, 41.5521087646, 42.1674385071, 42.7943763733, 43.4213142395, 44.0482521057, 44.6751937866, 45.2905197144, 45.9058494568, 46.5211791992, 47.1365089417, 47.7518348694, 48.3671646118, 48.994102478, 49.6210403442, 50.2479820251, 50.8749198914, 51.4902496338, 52.1055755615, 52.720905304, 53.3362350464, 53.9515647888, 54.5668907166, 55.182220459, 55.7975502014, 56.4244880676, 57.0514259338, 57.6667556763, 58.2820854187, 58.9090232849, 59.5243530273, 60.1396827698, 60.766620636, 61.3819503784, 62.0088882446, 62.6242179871, 63.2511558533, 63.8664855957, 64.4818115234, 65.0971450806, 65.7124710083, 66.3394088745, 66.9663467407, 67.5816802979, 68.1970062256, 68.8123321533, 69.4276657104, 70.0429916382, 70.6583175659, 71.2620391846, 71.8773651123, 72.4926986694, 73.1196365356, 73.7349624634, 74.3502960205, 74.9656219482, 75.5925598145, 76.2078933716, 76.8348312378, 77.461769104, 78.0887069702, 78.7040328979, 79.3193664551, 79.9463043213, 80.5732421875, 81.1769561768, 81.7922897339, 82.4076156616, 83.0229492188, 83.6382751465, 84.2652130127, 84.8921508789, 85.5190887451, 86.1460266113, 86.7729721069, 87.3882980347, 88.0036239624, 88.6189575195, 89.2342834473, 89.8380050659, 90.4417190552, 91.0686569214, 91.695602417, 92.3109283447, 92.9262542725, 93.5415878296, 94.1569137573, 94.7838516235, 95.4107894897, 96.037727356, 96.6414489746, 97.2451705933, 97.8721084595, 98.4874343872, 99.1027679443, 99.7180938721, 100.3334198, 100.960357666, 101.575691223, 102.202629089, 102.817955017, 103.433288574, 104.048614502, 104.675552368, 105.302490234, 105.917823792, 106.533149719, 107.148475647, 107.763809204, 108.39074707, 109.017684937, 109.644622803, 110.271560669, 110.898498535, 111.513832092, 112.12915802, 112.732879639, 113.348205566, 113.963539124, 114.578865051, 115.194190979, 115.809524536, 116.436462402, 117.063400269, 117.678726196, 118.294059753, 118.909385681, 119.536323547, 120.163261414, 120.766983032, 121.370697021, 121.997642517, 122.624580383, 123.25151825, 123.855232239, 124.470565796, 125.085891724, 125.71282959, 126.328163147, 126.943489075, 127.570426941, 128.197372437, 128.824310303, 129.43963623, 130.054962158, 130.658676147, 131.262405396, 131.889343262, 132.504669189, 133.119995117, 133.746932983, 134.37387085, 135.000808716, 135.604537964, 136.219863892, 136.835189819, 137.462127686, 138.089065552, 138.692779541, 139.308120728, 139.923446655, 140.550384521, 141.165710449, 141.792648315, 142.407974243, 143.034912109, 143.650253296, 144.277191162, 144.89251709, 145.507843018, 146.123168945, 146.750106812, 147.365432739, 147.980773926, 148.607711792, 149.22303772, 149.838363647, 150.442077637, 151.045806885, 151.672744751, 152.299682617, 152.915008545, 153.530334473, 154.157272339, 154.784210205, 155.399536133, 156.014877319, 156.641815186, 157.268753052, 157.884078979, 158.499404907, 159.114730835, 159.730072021, 160.345397949, 160.960723877, 161.587661743, 162.202987671, 162.818313599, 163.445251465, 164.072189331, 164.675918579, 165.302856445, 165.929794312, 166.545120239, 167.160446167, 167.764175415, 168.391113281, 169.006439209, 169.621765137, 170.248703003, 170.864028931, 171.490966797, 172.106307983, 172.73324585, 173.348571777, 173.963897705, 174.590835571, 175.217773438, 175.833099365, 176.448425293, 177.063766479, 177.667480469, 178.282806396, 178.909744263, 179.536682129, 180.152008057, 180.767349243, 181.382675171, 181.998001099, 182.624938965, 183.251876831, 183.867202759, 184.482528687, 185.097869873, 185.713195801, 186.328521729, 186.943847656, 187.570785522, 188.18611145, 188.813064575, 189.428390503, 190.043716431, 190.659042358, 191.285980225, 191.901306152, 192.516647339, 193.143585205, 193.770523071, 194.397460938, 195.001174927, 195.604888916, 196.220230103, 196.83555603, 197.450881958, 198.066207886, 198.693145752, 199.296859741, 199.912200928, 200.527526855, 201.142852783, 201.758178711, 202.373504639, 202.988845825, 203.615783691, 204.254333496, 204.881271362, 205.49659729, 206.111923218, 206.738861084, 207.354187012, 207.969512939, 208.584854126, 209.211791992, 209.82711792, 210.442443848, 211.069381714, 211.69631958, 212.311645508, 212.926986694, 213.553924561, 214.180862427, 214.819412231, 215.457962036, 216.096496582, 216.735046387, 217.373596191, 218.012145996, 218.673919678, 219.335693359, 219.997451782, 220.647613525, 221.309387207, 221.936325073, 222.563262939, 223.225036621, 223.886795044, 224.536956787, 225.18711853, 225.837280273, 226.475830078, 227.102767944, 227.741317749, 228.368255615, 228.995193481, 229.610519409, 230.225845337, 230.852783203, 231.479721069, 232.095046997, 232.710388184, 233.33732605, 233.964263916, 234.579589844, 235.194915771, 235.810241699, 236.437179565, 237.052505493, 237.679458618, 238.294784546, 238.910110474, 239.53704834, 240.152374268, 240.767700195, 241.383041382, 241.99836731, 242.625305176, 243.240631104, 243.855957031, 244.471282959, 245.086624146, 245.713562012, 246.328887939, 246.944213867, 247.559539795, 248.174865723, 248.801803589, 249.417144775, 250.032470703, 250.647796631, 251.263122559, 251.890060425, 252.516998291, 253.143936157, 253.770874023, 254.374603271, 254.966705322, 255.58203125, 256.208984375, 256.835906982, 257.45123291, 258.066558838, 258.693511963, 259.32043457, 259.947387695, 260.562713623, 261.178039551, 261.793365479, 262.408691406, 263.012420654, 263.639373779, 264.266296387, 264.893249512, 265.520172119, 266.135498047, 266.750823975, 267.354553223, 267.96987915, 268.585205078, 269.212158203, 269.839080811, 270.454406738, 271.069732666, 271.673461914, 272.300415039, 272.927337646, 273.554290771, 274.181213379, 274.819763184, 275.458312988, 276.096862793, 276.735412598, 277.385559082, 278.035736084, 278.685882568, 279.33605957, 279.997802734]
