
metadata:
    version:
        essentia: "2.1-beta2"
    audio_properties:
        analysis_sample_rate: 44100
        bitrate: 320
        channels: 2
        equal_loudness: 1
        length: 267.075927734
        replay_gain: -14.1659908295
        downmix: "mix"
    tags:
        album: "The Plague Within"
        artist: "Paradise Lost"
        comment: ""
        date: "2015"
        genre: "Metal"
        title: "7 Victim Of The Past"
        tracknumber: "7/10"

configuration:
    average_loudness:
        compute: 1
        frameSize: 88200
        hopSize: 44100
        silentFrames: "noise"
        windowType: "hann"
    general:
        analysisSampleRate: 44100
        endTime: 2000
        equalLoudness: 1
        nequalLoudness: 0
        shortSound: 0
        startTime: 0
    lowlevel:
        compute: 1
        frameSize: 2048
        hopSize: 1024
        zeroPadding: 0
        silentFrames: "noise"
        windowType: "blackmanharris62"
        mfccStats: ["mean", "cov", "icov"]
        stats: ["mean", "var", "median", "min", "max", "dmean", "dmean2", "dvar", "dvar2"]
    panning:
        compute: 0
        frameSize: 8192
        hopSize: 2048
        zeroPadding: 8192
        silentFrames: "noise"
        windowType: "hann"
        stats: ["copy"]
    rhythm:
        compute: 1
        maxTempo: 208
        minTempo: 40
        method: "degara"
        stats: ["mean", "var", "median", "min", "max", "dmean", "dmean2", "dvar", "dvar2"]
    segmentation:
        compute: 0
        cpw: 5
        inc1: 300
        inc2: 50
        minimumSegmentsLength: 10
        size1: 1000
        size2: 600
    sfx:
        compute: 1
        stats: ["mean", "var", "median", "min", "max", "dmean", "dmean2", "dvar", "dvar2"]
    svm:
        compute: 0
    tonal:
        compute: 1
        frameSize: 4096
        hopSize: 2048
        zeroPadding: 0
        silentFrames: "noise"
        windowType: "blackmanharris62"
        stats: ["mean", "var", "median", "min", "max", "dmean", "dmean2", "dvar", "dvar2"]

lowlevel:
    average_loudness: 0.803568661213
    barkbands_kurtosis:
        dmean: 0.465507358313
        dmean2: 0.771666228771
        dvar: 0.544107437134
        dvar2: 1.45173156261
        max: 15.7356739044
        mean: -0.928157389164
        median: -1.2403421402
        min: -1.90530729294
        var: 1.26543140411
    barkbands_skewness:
        dmean: 0.305509179831
        dmean2: 0.491570621729
        dvar: 0.0790918618441
        dvar2: 0.205148726702
        max: 3.36459779739
        mean: -0.231219962239
        median: -0.279448598623
        min: -4.08092069626
        var: 0.475091338158
    barkbands_spread:
        dmean: 4.1812915802
        dmean2: 6.71214199066
        dvar: 15.8786735535
        dvar2: 40.3618583679
        max: 60.7522697449
        mean: 32.754196167
        median: 32.9410018921
        min: 5.97018718719
        var: 57.9916419983
    dissonance:
        dmean: 0.00996056385338
        dmean2: 0.0169748757035
        dvar: 0.000102605554275
        dvar2: 0.000290019554086
        max: 0.499999970198
        mean: 0.478760540485
        median: 0.482367247343
        min: 0.356080889702
        var: 0.000260401488049
    hfc:
        dmean: 1.8045014143
        dmean2: 2.95867824554
        dvar: 7.05103397369
        dvar2: 18.3407001495
        max: 48.6066055298
        mean: 7.84434175491
        median: 6.944668293
        min: 1.16026109894e-016
        var: 36.2501296997
    pitch:
        dmean: 695.551574707
        dmean2: 1349.75256348
        dvar: 1594328.5
        dvar2: 4055038.25
        max: 4453.08300781
        mean: 1429.14416504
        median: 295.403930664
        min: 69.480682373
        var: 2527662.25
    pitch_instantaneous_confidence:
        dmean: 0.0704618170857
        dmean2: 0.115391589701
        dvar: 0.00325375539251
        dvar2: 0.00842460524291
        max: 0.959474205971
        mean: 0.428405344486
        median: 0.413011729717
        min: 0.10450476408
        var: 0.0180899444968
    pitch_salience:
        dmean: 0.0474797226489
        dmean2: 0.0783931389451
        dvar: 0.00165416090749
        dvar2: 0.00445993058383
        max: 0.861480355263
        mean: 0.668716967106
        median: 0.683137357235
        min: 0.164874985814
        var: 0.00721357576549
    silence_rate_20dB:
        dmean: 0
        dmean2: 0
        dvar: 0
        dvar2: 0
        max: 1
        mean: 1
        median: 1
        min: 1
        var: 0
    silence_rate_30dB:
        dmean: 0
        dmean2: 0
        dvar: 0
        dvar2: 0
        max: 1
        mean: 1
        median: 1
        min: 1
        var: 0
    silence_rate_60dB:
        dmean: 0.034428793937
        dmean2: 0.0688635781407
        dvar: 0.0332462824881
        dvar2: 0.0766426622868
        max: 1
        mean: 0.44527515769
        median: 0
        min: 0
        var: 0.246988341212
    spectral_centroid:
        dmean: 220.691604614
        dmean2: 357.793121338
        dvar: 49339.3203125
        dvar2: 124342.03125
        max: 10995.6162109
        mean: 1935.12609863
        median: 1960.27966309
        min: 451.792724609
        var: 280931.96875
    spectral_complexity:
        dmean: 3.05912017822
        dmean2: 4.98478412628
        dvar: 10.5454750061
        dvar2: 26.258014679
        max: 56
        mean: 16.2557601929
        median: 15
        min: 0
        var: 124.433387756
    spectral_crest:
        dmean: 1.55385863781
        dmean2: 2.57698249817
        dvar: 2.26167535782
        dvar2: 6.08738040924
        max: 24.6950130463
        mean: 6.27762174606
        median: 5.68422222137
        min: 2.36370253563
        var: 5.86668300629
    spectral_decrease:
        dmean: 1.7822951448e-010
        dmean2: 2.82484535763e-010
        dvar: 6.48566662779e-020
        dvar2: 1.57754238333e-019
        max: -1.19374133334e-028
        mean: -8.7084850442e-010
        median: -8.33294266922e-010
        min: -4.49438397609e-009
        var: 4.00046903957e-019
    spectral_energy:
        dmean: 0.000811429170426
        dmean2: 0.0012916297419
        dvar: 1.31719150431e-006
        dvar2: 3.22300684275e-006
        max: 0.0208469945937
        mean: 0.00399829400703
        median: 0.00385821447708
        min: 1.09744580261e-020
        var: 8.35572518554e-006
    spectral_energyband_high:
        dmean: 0.000144759818795
        dmean2: 0.000248202530202
        dvar: 5.90725832694e-008
        dvar2: 1.64559224913e-007
        max: 0.00472476193681
        mean: 0.000393229478505
        median: 0.000291358097456
        min: 7.86371931683e-021
        var: 1.38474362643e-007
    spectral_energyband_low:
        dmean: 0.000102227124444
        dmean2: 0.000169534658198
        dvar: 2.53824588015e-008
        dvar2: 6.74157121239e-008
        max: 0.00219362811185
        mean: 0.000174546788912
        median: 0.000105335166154
        min: 4.9033050581e-023
        var: 4.43554277751e-008
    spectral_energyband_middle_high:
        dmean: 0.000506415090058
        dmean2: 0.000810810015537
        dvar: 5.59944680845e-007
        dvar2: 1.40194197229e-006
        max: 0.0170795004815
        mean: 0.00211985921487
        median: 0.00184956297744
        min: 1.89856974119e-021
        var: 3.07558616441e-006
    spectral_energyband_middle_low:
        dmean: 0.000437644717749
        dmean2: 0.00069625134347
        dvar: 4.40128417267e-007
        dvar2: 1.11809470127e-006
        max: 0.0108472239226
        mean: 0.00137562013697
        median: 0.00107119465247
        min: 2.86267196919e-022
        var: 1.43812110309e-006
    spectral_flatness_db:
        dmean: 0.011521066539
        dmean2: 0.0187847316265
        dvar: 0.000107652071165
        dvar2: 0.000282484164927
        max: 0.358554720879
        mean: 0.161347925663
        median: 0.147025540471
        min: 0.0432709120214
        var: 0.00163557508495
    spectral_flux:
        dmean: 0.00515038846061
        dmean2: 0.00804104097188
        dvar: 3.26154695358e-005
        dvar2: 7.21954420442e-005
        max: 0.121728174388
        mean: 0.0344979092479
        median: 0.0356564559042
        min: 1.04759048658e-010
        var: 0.000300061539747
    spectral_kurtosis:
        dmean: 1.32330870628
        dmean2: 2.32918000221
        dvar: 1.93158376217
        dvar2: 5.96841239929
        max: 20.8642749786
        mean: 3.55070710182
        median: 3.23990797997
        min: -1.20103442669
        var: 3.4817700386
    spectral_rms:
        dmean: 0.000180109855137
        dmean2: 0.000283772737021
        dvar: 4.32126583405e-008
        dvar2: 1.02764637688e-007
        max: 0.00450982619077
        mean: 0.00182367488742
        median: 0.00194013188593
        min: 3.27212302392e-012
        var: 5.74983744173e-007
    spectral_rolloff:
        dmean: 243.226150513
        dmean2: 407.280273438
        dvar: 84767.1328125
        dvar2: 191613.734375
        max: 18410.8886719
        mean: 3521.15405273
        median: 3574.51171875
        min: 409.130859375
        var: 322203.78125
    spectral_skewness:
        dmean: 0.171077102423
        dmean2: 0.292166978121
        dvar: 0.0261015240103
        dvar2: 0.0762717649341
        max: 3.70206546783
        mean: 1.0905059576
        median: 1.10008871555
        min: -0.069127060473
        var: 0.144717365503
    spectral_spread:
        dmean: 260477.5
        dmean2: 398748.6875
        dvar: 190267211776
        dvar2: 283644231680
        max: 40610500
        mean: 3689392.5
        median: 3612771
        min: 1964772
        var: 1.3767892009e+012
    spectral_strongpeak:
        dmean: 0.514467835426
        dmean2: 0.908864080906
        dvar: 0.612389445305
        dvar2: 1.64688551426
        max: 11.3271198273
        mean: 0.685044586658
        median: 0.337195575237
        min: 2.16801354647e-009
        var: 0.792234838009
    zerocrossingrate:
        dmean: 0.00619257939979
        dmean2: 0.00799157749861
        dvar: 3.22773521475e-005
        dvar2: 4.84398733533e-005
        max: 0.47998046875
        mean: 0.106170631945
        median: 0.1083984375
        min: 0.025390625
        var: 0.000511470949277
    barkbands:
        dmean: [1.41874053838e-007, 4.33316163253e-005, 5.9405760112e-005, 0.00010905048839, 0.000174903208972, 0.000130215645186, 0.000128077823319, 0.000110195389425, 0.000129243635456, 7.22734839655e-005, 3.52604656655e-005, 5.06904762005e-005, 3.99601813115e-005, 4.66784113087e-005, 6.46842090646e-005, 9.88369720289e-005, 0.000143853234476, 0.000133724170155, 0.000208190045669, 0.000150013540406, 7.45042489143e-005, 1.3316975128e-005, 2.39932865043e-006, 9.41052576309e-007, 2.41599991568e-007, 1.2280668038e-008, 2.05459191327e-010]
        dmean2: [2.20209017243e-007, 7.15554560884e-005, 0.000104991529952, 0.000179291077075, 0.000292727694614, 0.000214894098463, 0.000207314093132, 0.000178022120963, 0.000209008518141, 0.000116625080409, 5.76427592023e-005, 8.25949464343e-005, 6.53000097373e-005, 7.56025474402e-005, 0.000105851591798, 0.000161706033396, 0.000237681728322, 0.000223833747441, 0.000349423207808, 0.000252134399489, 0.000127833947772, 2.34488252318e-005, 3.94481321564e-006, 1.51821893724e-006, 3.88874781265e-007, 1.96803267016e-008, 3.61123325687e-010]
        dvar: [6.66457923462e-014, 6.0276557079e-009, 1.22623857735e-008, 5.81849555203e-008, 1.10832580447e-007, 4.37296279188e-008, 6.72845175131e-008, 5.12360571747e-008, 5.38947126927e-008, 3.28330713728e-008, 8.84066775342e-009, 1.5994222835e-008, 1.16604379485e-008, 1.61009943156e-008, 2.77415139749e-008, 3.758364997e-008, 7.9696071964e-008, 3.62168357526e-008, 8.10419180652e-008, 5.00160801664e-008, 1.93444904539e-008, 7.54388773672e-010, 3.68461684774e-011, 7.39498653285e-012, 3.66663107211e-013, 1.55520204259e-015, 1.67338896413e-019]
        dvar2: [1.53788602946e-013, 1.47033372144e-008, 3.5528191944e-008, 1.37985566084e-007, 3.08536385774e-007, 1.19608088767e-007, 1.70113608533e-007, 1.34891735115e-007, 1.3993377479e-007, 8.05776849688e-008, 2.2885357609e-008, 4.09255171974e-008, 2.95608035827e-008, 3.90391399208e-008, 7.15050916256e-008, 9.58657722094e-008, 2.0910982812e-007, 9.7984603542e-008, 2.24994749942e-007, 1.38084772061e-007, 5.49267085148e-008, 2.1494934721e-009, 8.8466046988e-011, 1.75734392316e-011, 8.97573465206e-013, 3.68813053014e-015, 3.79520029315e-019]
        max: [3.63140566151e-006, 0.0010003024945, 0.00193099165335, 0.00333733786829, 0.00566992349923, 0.00459289597347, 0.0050395061262, 0.003823927138, 0.00467287236825, 0.00606483360752, 0.00228780298494, 0.00426050182432, 0.00244237552397, 0.003413885599, 0.00366767379455, 0.00470284651965, 0.0143558634445, 0.00304569792934, 0.0050320061855, 0.00303252111189, 0.00468676351011, 0.0006503436598, 0.000179532260518, 7.17689836165e-005, 1.97269855562e-005, 1.88393676126e-006, 3.17026298546e-008]
        mean: [1.83136080523e-007, 5.70167794649e-005, 7.23682460375e-005, 0.00014589681814, 0.000310589384753, 0.000237825472141, 0.000205956690479, 0.000187451325473, 0.000260278291535, 0.000130181011627, 5.89770352235e-005, 9.17840443435e-005, 6.80091252434e-005, 7.76170491008e-005, 0.000127632229123, 0.000201694463613, 0.0003124846844, 0.000317763508065, 0.000561133783776, 0.00035897505586, 0.000178631016752, 2.79904361378e-005, 5.15393048772e-006, 2.12112604459e-006, 5.57436578674e-007, 2.67643205376e-008, 2.56709709046e-010]
        median: [6.38296526745e-008, 2.25727144425e-005, 3.51924390998e-005, 5.07815748279e-005, 0.000200179187232, 0.000146610909724, 9.78411117103e-005, 8.73911194503e-005, 0.000136768358061, 5.25629693584e-005, 2.41321904468e-005, 4.24409881816e-005, 3.29134054482e-005, 3.37970013788e-005, 6.17652476649e-005, 0.000124355225125, 0.000203971882001, 0.000232274760492, 0.000430303771282, 0.000270602642559, 0.000134261063067, 1.96315395442e-005, 2.86095360025e-006, 9.67755340753e-007, 3.09906255325e-007, 1.28338326633e-008, 1.16741963319e-010]
        min: [6.06469716388e-024, 8.1793705601e-024, 2.17063503106e-023, 2.29462156171e-023, 7.64207929082e-023, 3.82304051221e-023, 2.20618205008e-023, 1.58529377073e-023, 4.64381210322e-023, 1.24718732411e-022, 3.89238107023e-023, 6.74193409324e-023, 2.12096525613e-022, 1.31244618959e-022, 1.61203814334e-022, 1.90092026901e-022, 2.80891431705e-022, 3.21794639569e-022, 2.48884201958e-022, 3.19672010511e-022, 4.44241427329e-022, 5.85798364207e-022, 7.78771816005e-022, 7.52958671599e-022, 1.43257625064e-021, 1.88833822788e-021, 2.01962225201e-021]
        var: [9.09663647576e-014, 8.6732709903e-009, 1.34430484522e-008, 8.08474212022e-008, 1.43629065974e-007, 8.07744697795e-008, 1.23953185494e-007, 9.81887069429e-008, 1.3126809506e-007, 7.94693804096e-008, 1.91263040961e-008, 3.70248756099e-008, 2.02536920568e-008, 2.96150126644e-008, 6.44290025775e-008, 9.31570909302e-008, 1.68300658743e-007, 8.9235363987e-008, 2.52775350873e-007, 1.12808315578e-007, 3.55222198323e-008, 1.04843655979e-009, 8.70923611007e-011, 2.05489791849e-011, 8.41359046235e-013, 3.26984596727e-015, 4.19055798776e-019]
    frequency_bands:
        dmean: [1.41874053838e-007, 4.33316163253e-005, 5.9405760112e-005, 0.00010905048839, 0.000174903208972, 0.000130215645186, 0.000128077823319, 0.000110195389425, 0.000129243635456, 7.22734839655e-005, 3.52604656655e-005, 5.06904762005e-005, 3.99601813115e-005, 4.66784113087e-005, 6.46842090646e-005, 9.88369720289e-005, 0.000143853234476, 0.000133724170155, 0.000208190045669, 0.000150013540406, 7.45042489143e-005, 1.3316975128e-005, 2.39932865043e-006, 9.41052576309e-007, 2.41599991568e-007, 1.2280668038e-008, 2.05459191327e-010, 4.63540282547e-011]
        dmean2: [2.20209017243e-007, 7.15554560884e-005, 0.000104991529952, 0.000179291077075, 0.000292727694614, 0.000214894098463, 0.000207314093132, 0.000178022120963, 0.000209008518141, 0.000116625080409, 5.76427592023e-005, 8.25949464343e-005, 6.53000097373e-005, 7.56025474402e-005, 0.000105851591798, 0.000161706033396, 0.000237681728322, 0.000223833747441, 0.000349423207808, 0.000252134399489, 0.000127833947772, 2.34488252318e-005, 3.94481321564e-006, 1.51821893724e-006, 3.88874781265e-007, 1.96803267016e-008, 3.61123325687e-010, 8.60666121705e-011]
        dvar: [6.66457923462e-014, 6.0276557079e-009, 1.22623857735e-008, 5.81849555203e-008, 1.10832580447e-007, 4.37296279188e-008, 6.72845175131e-008, 5.12360571747e-008, 5.38947126927e-008, 3.28330713728e-008, 8.84066775342e-009, 1.5994222835e-008, 1.16604379485e-008, 1.61009943156e-008, 2.77415139749e-008, 3.758364997e-008, 7.9696071964e-008, 3.62168357526e-008, 8.10419180652e-008, 5.00160801664e-008, 1.93444904539e-008, 7.54388773672e-010, 3.68461684774e-011, 7.39498653285e-012, 3.66663107211e-013, 1.55520204259e-015, 1.67338896413e-019, 5.73155263974e-021]
        dvar2: [1.53788602946e-013, 1.47033372144e-008, 3.5528191944e-008, 1.37985566084e-007, 3.08536385774e-007, 1.19608088767e-007, 1.70113608533e-007, 1.34891735115e-007, 1.3993377479e-007, 8.05776849688e-008, 2.2885357609e-008, 4.09255171974e-008, 2.95608035827e-008, 3.90391399208e-008, 7.15050916256e-008, 9.58657722094e-008, 2.0910982812e-007, 9.7984603542e-008, 2.24994749942e-007, 1.38084772061e-007, 5.49267085148e-008, 2.1494934721e-009, 8.8466046988e-011, 1.75734392316e-011, 8.97573465206e-013, 3.68813053014e-015, 3.79520029315e-019, 1.8104521454e-020]
        max: [3.63140566151e-006, 0.0010003024945, 0.00193099165335, 0.00333733786829, 0.00566992349923, 0.00459289597347, 0.0050395061262, 0.003823927138, 0.00467287236825, 0.00606483360752, 0.00228780298494, 0.00426050182432, 0.00244237552397, 0.003413885599, 0.00366767379455, 0.00470284651965, 0.0143558634445, 0.00304569792934, 0.0050320061855, 0.00303252111189, 0.00468676351011, 0.0006503436598, 0.000179532260518, 7.17689836165e-005, 1.97269855562e-005, 1.88393676126e-006, 3.17026298546e-008, 1.08657083331e-009]
        mean: [1.83136080523e-007, 5.70167794649e-005, 7.23682460375e-005, 0.00014589681814, 0.000310589384753, 0.000237825472141, 0.000205956690479, 0.000187451325473, 0.000260278291535, 0.000130181011627, 5.89770352235e-005, 9.17840443435e-005, 6.80091252434e-005, 7.76170491008e-005, 0.000127632229123, 0.000201694463613, 0.0003124846844, 0.000317763508065, 0.000561133783776, 0.00035897505586, 0.000178631016752, 2.79904361378e-005, 5.15393048772e-006, 2.12112604459e-006, 5.57436578674e-007, 2.67643205376e-008, 2.56709709046e-010, 3.65292761317e-011]
        median: [6.38296526745e-008, 2.25727144425e-005, 3.51924390998e-005, 5.07815748279e-005, 0.000200179187232, 0.000146610909724, 9.78411117103e-005, 8.73911194503e-005, 0.000136768358061, 5.25629693584e-005, 2.41321904468e-005, 4.24409881816e-005, 3.29134054482e-005, 3.37970013788e-005, 6.17652476649e-005, 0.000124355225125, 0.000203971882001, 0.000232274760492, 0.000430303771282, 0.000270602642559, 0.000134261063067, 1.96315395442e-005, 2.86095360025e-006, 9.67755340753e-007, 3.09906255325e-007, 1.28338326633e-008, 1.16741963319e-010, 1.12371353542e-011]
        min: [6.06469716388e-024, 8.1793705601e-024, 2.17063503106e-023, 2.29462156171e-023, 7.64207929082e-023, 3.82304051221e-023, 2.20618205008e-023, 1.58529377073e-023, 4.64381210322e-023, 1.24718732411e-022, 3.89238107023e-023, 6.74193409324e-023, 2.12096525613e-022, 1.31244618959e-022, 1.61203814334e-022, 1.90092026901e-022, 2.80891431705e-022, 3.21794639569e-022, 2.48884201958e-022, 3.19672010511e-022, 4.44241427329e-022, 5.85798364207e-022, 7.78771816005e-022, 7.52958671599e-022, 1.43257625064e-021, 1.88833822788e-021, 2.01962225201e-021, 7.17311145387e-022]
        var: [9.09663647576e-014, 8.6732709903e-009, 1.34430484522e-008, 8.08474212022e-008, 1.43629065974e-007, 8.07744697795e-008, 1.23953185494e-007, 9.81887069429e-008, 1.3126809506e-007, 7.94693804096e-008, 1.91263040961e-008, 3.70248756099e-008, 2.02536920568e-008, 2.96150126644e-008, 6.44290025775e-008, 9.31570909302e-008, 1.68300658743e-007, 8.9235363987e-008, 2.52775350873e-007, 1.12808315578e-007, 3.55222198323e-008, 1.04843655979e-009, 8.70923611007e-011, 2.05489791849e-011, 8.41359046235e-013, 3.26984596727e-015, 4.19055798776e-019, 4.5382852333e-021]
    mfcc:
        mean: [-726.404418945, 109.682495117, -63.9794311523, 61.6780776978, -22.9003677368, -16.7869205475, -4.70170259476, -10.1172466278, -1.64598608017, -5.10216808319, -6.58612632751, -4.29860973358, -5.84422969818]
        cov: [[5831.19433594, 185.705459595, 2.69922614098, 306.008209229, -186.801498413, 333.744873047, 36.7487258911, 447.343078613, 97.1402053833, 301.055603027, 40.3846626282, 71.8623886108, -0.308636784554], [185.705459595, 527.421630859, -175.508621216, 92.5206832886, -59.3473205566, -66.1763763428, 18.4496326447, -57.3067550659, 27.6093101501, -50.3968696594, 25.6525840759, -10.3047237396, 22.4895076752], [2.69922614098, -175.508621216, 317.5284729, -53.0604515076, 62.5446166992, 80.1423034668, 17.0109539032, 83.4261016846, -5.45881605148, 62.222946167, 6.15337753296, 36.1544418335, 10.9486885071], [306.008209229, 92.5206832886, -53.0604515076, 236.763809204, 25.7150306702, 12.9621925354, -1.2147564888, 13.7265882492, 41.169002533, 11.5394859314, 14.52866745, -9.21811294556, 11.3032131195], [-186.801498413, -59.3473205566, 62.5446166992, 25.7150306702, 128.358596802, 25.9659156799, -4.09057378769, -0.987984955311, 5.082695961, 16.5203704834, 0.976040363312, 12.6376962662, 6.51167106628], [333.744873047, -66.1763763428, 80.1423034668, 12.9621925354, 25.9659156799, 138.82144165, 44.0168647766, 85.297706604, 15.5730705261, 53.2388114929, 18.2510948181, 21.0683078766, 13.9883861542], [36.7487258911, 18.4496326447, 17.0109539032, -1.2147564888, -4.09057378769, 44.0168647766, 81.8157348633, 50.5739364624, 11.0703363419, 2.58090162277, 8.4315032959, 9.46073055267, 7.14530086517], [447.343078613, -57.3067550659, 83.4261016846, 13.7265882492, -0.987984955311, 85.297706604, 50.5739364624, 153.878143311, 47.7631187439, 64.9392166138, 15.0406303406, 25.1229858398, 19.5966453552], [97.1402053833, 27.6093101501, -5.45881605148, 41.169002533, 5.082695961, 15.5730705261, 11.0703363419, 47.7631187439, 81.5867614746, 44.9188156128, 21.5133876801, 1.98504257202, 11.7328014374], [301.055603027, -50.3968696594, 62.222946167, 11.5394859314, 16.5203704834, 53.2388114929, 2.58090162277, 64.9392166138, 44.9188156128, 103.562911987, 37.9570960999, 23.7144355774, 12.1742944717], [40.3846626282, 25.6525840759, 6.15337753296, 14.52866745, 0.976040363312, 18.2510948181, 8.4315032959, 15.0406303406, 21.5133876801, 37.9570960999, 61.7611885071, 29.0199966431, 17.1309604645], [71.8623886108, -10.3047237396, 36.1544418335, -9.21811294556, 12.6376962662, 21.0683078766, 9.46073055267, 25.1229858398, 1.98504257202, 23.7144355774, 29.0199966431, 62.5407333374, 31.6799144745], [-0.308636784554, 22.4895076752, 10.9486885071, 11.3032131195, 6.51167106628, 13.9883861542, 7.14530086517, 19.5966453552, 11.7328014374, 12.1742944717, 17.1309604645, 31.6799144745, 56.2462844849]]
        icov: [[0.000396126997657, -0.000361152284313, 0.000285894522676, -0.000483025796711, 0.000649090972729, -0.000654470932204, 0.000774798798375, -0.00114611850586, 0.00086880865274, -0.00112724804785, 0.000836220919155, -0.000701846496668, 0.00077987840632], [-0.000361152284313, 0.00327535858378, 0.000471875770018, -0.000456266570836, 0.000377191376174, 0.00129893387202, -0.00216566515155, 0.00209598988295, -0.00193744385615, 0.00207848288119, -0.0021173551213, 0.000866938964464, -0.00202275812626], [0.000285894522676, 0.000471875770018, 0.00553786708042, 0.000622908992227, -0.00164177257102, -0.00105230347253, 0.000721912889276, -0.00304523878731, 0.00263716210611, -0.00258216052316, 0.00109873979818, -0.00143415469211, 0.000512704602443], [-0.000483025796711, -0.000456266570836, 0.000622908992227, 0.00614068377763, -0.00268744793721, -0.000240508030402, 0.00045520911226, 0.000306653004372, -0.00275334203616, 0.00202774419449, -0.00206006853841, 0.00256866402924, -0.00165310979355], [0.000649090972729, 0.000377191376174, -0.00164177257102, -0.00268744793721, 0.0115114348009, -0.00301168696024, 0.000960223551374, 0.0021752868779, -0.000923290208448, -0.00221357098781, 0.00339571898803, -0.00364385871217, 0.000938670709729], [-0.000654470932204, 0.00129893387202, -0.00105230347253, -0.000240508030402, -0.00301168696024, 0.0154522741213, -0.00647144950926, -0.0030318738427, 0.00279412581585, -0.00274473894387, -0.00265546888113, 0.0026066689752, -0.00253379857168], [0.000774798798375, -0.00216566515155, 0.000721912889276, 0.00045520911226, 0.000960223551374, -0.00647144950926, 0.0212836693972, -0.00911909434944, 0.000591581512708, 0.00505616795272, -0.0018977917498, -0.00170854281168, 0.00293234945275], [-0.00114611850586, 0.00209598988295, -0.00304523878731, 0.000306653004372, 0.0021752868779, -0.0030318738427, -0.00911909434944, 0.0211638770998, -0.00971756968647, -0.00190119864419, 0.00347643019632, -0.00182256486733, -0.00361994048581], [0.00086880865274, -0.00193744385615, 0.00263716210611, -0.00275334203616, -0.000923290208448, 0.00279412581585, 0.000591581512708, -0.00971756968647, 0.0253038611263, -0.0112526230514, -0.00163952168077, 0.00479763792828, -0.00150364730507], [-0.00112724804785, 0.00207848288119, -0.00258216052316, 0.00202774419449, -0.00221357098781, -0.00274473894387, 0.00505616795272, -0.00190119864419, -0.0112526230514, 0.0276242028922, -0.0131647344679, 0.000685798760969, 0.000208283468965], [0.000836220919155, -0.0021173551213, 0.00109873979818, -0.00206006853841, 0.00339571898803, -0.00265546888113, -0.0018977917498, 0.00347643019632, -0.00163952168077, -0.0131647344679, 0.0316554903984, -0.0135774752125, 0.00154590944294], [-0.000701846496668, 0.000866938964464, -0.00143415469211, 0.00256866402924, -0.00364385871217, 0.0026066689752, -0.00170854281168, -0.00182256486733, 0.00479763792828, 0.000685798760969, -0.0135774752125, 0.0326731838286, -0.0153785143048], [0.00077987840632, -0.00202275812626, 0.000512704602443, -0.00165310979355, 0.000938670709729, -0.00253379857168, 0.00293234945275, -0.00361994048581, -0.00150364730507, 0.000208283468965, 0.00154590944294, -0.0153785143048, 0.0286940652877]]
    sccoeffs:
        dmean: [0.0486489832401, 0.0431934334338, 0.0344121977687, 0.0263844709843, 0.0189692620188, 0.0149027518928]
        dmean2: [0.0803613141179, 0.0714920461178, 0.0568968318403, 0.0440863668919, 0.0317656546831, 0.0242249816656]
        dvar: [0.00155445199925, 0.00119250535499, 0.000770104525145, 0.00042123766616, 0.000224123330554, 0.000196794804651]
        dvar2: [0.0042390958406, 0.00338513264433, 0.00207466026768, 0.00115670321975, 0.00060164538445, 0.00047731801169]
        max: [-0.291247934103, -0.480512529612, -0.49064719677, -0.587444007397, -0.585280835629, -0.530866920948]
        mean: [-0.64946615696, -0.742140471935, -0.770231246948, -0.78791052103, -0.783756911755, -0.701250135899]
        median: [-0.659063458443, -0.748136043549, -0.773400902748, -0.792193472385, -0.787916302681, -0.715032815933]
        min: [-0.957737445831, -0.968891680241, -0.958706974983, -0.954799056053, -0.963167607784, -0.96103900671]
        var: [0.00723901484162, 0.00444787414744, 0.00289536477067, 0.00174109777436, 0.00122316367924, 0.00416187103838]
    scvalleys:
        dmean: [0.358812779188, 0.307977974415, 0.270028561354, 0.217967525125, 0.177871257067, 0.193664833903]
        dmean2: [0.601977705956, 0.512205600739, 0.445328086615, 0.352958530188, 0.286093920469, 0.296571493149]
        dvar: [0.0899830237031, 0.0657090619206, 0.0535470433533, 0.0386709161103, 0.0333971902728, 0.0752952247858]
        dvar2: [0.241747513413, 0.166358083487, 0.124927461147, 0.0829275771976, 0.068996950984, 0.155377969146]
        max: [-5.35262727737, -4.7034444809, -4.85479164124, -5.44507551193, -5.33279085159, -7.9313750267]
        mean: [-7.48940229416, -6.67146539688, -7.25733757019, -7.41853618622, -7.0084028244, -10.6906013489]
        median: [-7.04278182983, -6.44258069992, -6.9946475029, -7.17609119415, -6.78066444397, -9.96095275879]
        min: [-27.5517807007, -27.0577201843, -27.5842704773, -27.3501052856, -27.1679477692, -27.2221221924]
        var: [2.00247550011, 1.41979825497, 1.39862084389, 1.24451422691, 1.20745265484, 2.69983863831]

rhythm:
    beats_loudness:
        dmean: 0.00184816832189
        dmean2: 0.00312316487543
        dvar: 3.24964071297e-006
        dvar2: 7.84757867223e-006
        max: 0.0183666292578
        mean: 0.00474147452042
        median: 0.00462798355147
        min: 2.40978292876e-010
        var: 1.05687595351e-005
    bpm: 141.950744629
    bpm_confidence: 0
    first_peak_bpm: 144
    first_peak_spread: 0.437022924423
    first_peak_weight: 0.479674786329
    onset_rate: 1.69240272045
    second_peak_bpm: 136
    second_peak_spread: 0.311111152172
    second_peak_weight: 0.0504065044224
    beats_loudness_band_ratio:
        dmean: [0.111270181835, 0.0879374966025, 0.10724388063, 0.0551700145006, 0.101749762893, 0.088474072516]
        dmean2: [0.1868878901, 0.145049452782, 0.186893343925, 0.0954339727759, 0.167275950313, 0.148898184299]
        dvar: [0.0101314652711, 0.00641288096085, 0.0113855730742, 0.00534186791629, 0.00875957775861, 0.00645640864968]
        dvar2: [0.0269168708473, 0.0165742952377, 0.0320759899914, 0.014025609009, 0.0224348567426, 0.0160876233131]
        max: [0.510040581226, 0.824104726315, 0.770252287388, 0.706414461136, 0.831356108189, 0.824419796467]
        mean: [0.146330296993, 0.144383296371, 0.185561299324, 0.086289472878, 0.242667108774, 0.232769981027]
        median: [0.106459856033, 0.11774598062, 0.147947445512, 0.0629313066602, 0.229846388102, 0.213963270187]
        min: [0.000659859622829, 0.00987795647234, 0.0107330856845, 0.00973864085972, 0.0216815266758, 0.0253453366458]
        var: [0.016012314707, 0.0112499985844, 0.0150989452377, 0.00592048093677, 0.0128383832052, 0.0129333911464]
    beats_position: [0.557278871536, 1.13777780533, 1.71827661991, 2.29877543449, 2.87927436829, 3.35528349876, 3.83129239082, 4.31891155243, 4.79492044449, 5.27092981339, 5.74693870544, 6.2229475975, 6.6989569664, 7.17496585846, 7.66258478165, 8.15020370483, 8.63782310486, 9.04417228699, 9.46213150024, 9.86848068237, 10.2748298645, 10.7043991089, 11.1339683533, 11.5635375977, 12.0047159195, 12.4342851639, 12.8638544083, 13.3050336838, 13.7462129593, 14.1757822037, 14.6053514481, 15.0233106613, 15.4528799057, 15.8824491501, 16.3120174408, 16.7415866852, 17.1711559296, 17.600725174, 18.0302944183, 18.4598636627, 18.8894329071, 19.3190021515, 19.7369613647, 20.154920578, 20.5728797913, 21.0024490356, 21.43201828, 21.8615875244, 22.2911567688, 22.7323360443, 23.1735134125, 23.614692688, 24.0790920258, 24.5434913635, 25.0078907013, 25.4490699768, 25.8902492523, 26.3314285278, 26.7726078033, 27.2137870789, 27.6549663544, 28.0961437225, 28.537322998, 28.9668922424, 29.3964614868, 29.8144207001, 30.2323799133, 30.6503391266, 31.0682983398, 31.4862575531, 31.9158267975, 32.3337860107, 32.7517471313, 33.1813163757, 33.6108856201, 34.0404510498, 34.4700202942, 34.8995895386, 35.329158783, 35.7587280273, 36.1766891479, 36.5946464539, 37.0126075745, 37.4305648804, 37.848526001, 38.2664833069, 38.6844444275, 39.1140136719, 39.5435829163, 39.9731521606, 40.3911094666, 40.8206787109, 41.2502479553, 41.6798171997, 42.0977783203, 42.5157356262, 42.9336967468, 43.3516540527, 43.7696151733, 44.1875724792, 44.6171417236, 45.046710968, 45.4646720886, 45.894241333, 46.3121986389, 46.7417678833, 47.1597251892, 47.5776863098, 47.9956436157, 48.4252128601, 48.8547821045, 49.2727432251, 49.690700531, 50.1086616516, 50.5266189575, 50.9445800781, 51.362537384, 51.7921066284, 52.210067749, 52.6396369934, 53.0575942993, 53.4755554199, 53.8935127258, 54.3230819702, 54.7410430908, 55.1590003967, 55.5769615173, 55.9949188232, 56.4128799438, 56.8424491882, 57.2720184326, 57.701587677, 58.1195449829, 58.5375061035, 58.9670753479, 59.3850326538, 59.8029937744, 60.2325630188, 60.6505203247, 61.0684814453, 61.498046875, 61.9276161194, 62.3571853638, 62.7867546082, 63.2163238525, 63.6458930969, 64.0638504028, 64.4818115234, 64.899772644, 65.3177337646, 65.7472991943, 66.1652603149, 66.5716094971, 66.9895706177, 67.4075241089, 67.8254852295, 68.2434463501, 68.6614074707, 69.0909729004, 69.5205459595, 69.9384994507, 70.3564605713, 70.7860336304, 71.2155990601, 71.6451721191, 72.0747375488, 72.5043106079, 72.9222640991, 73.3402252197, 73.7697982788, 74.1993637085, 74.6289291382, 75.0468902588, 75.4648513794, 75.8828125, 76.3007659912, 76.7187271118, 77.1366882324, 77.5662536621, 77.9958267212, 78.4137878418, 78.831741333, 79.2613143921, 79.6792755127, 80.1088409424, 80.526802063, 80.9447631836, 81.3743286133, 81.8039016724, 82.2218551636, 82.6398162842, 83.0577774048, 83.4757385254, 83.9053039551, 84.3348770142, 84.7644424438, 85.1940155029, 85.6119689941, 86.0299301147, 86.4478912354, 86.865852356, 87.2838058472, 87.7017669678, 88.1197280884, 88.5492935181, 88.9788665771, 89.3968200684, 89.814781189, 90.2327423096, 90.6507034302, 91.0802688599, 91.5098419189, 91.9394073486, 92.3689804077, 92.7869338989, 93.2048950195, 93.6228561401, 94.0408172607, 94.458770752, 94.888343811, 95.3179092407, 95.7358703613, 96.1538314819, 96.5833969116, 97.0129699707, 97.4309310913, 97.8488845825, 98.2668457031, 98.6848068237, 99.1027679443, 99.532333374, 99.9502944946, 100.379859924, 100.797821045, 101.227394104, 101.645347595, 102.063308716, 102.492874146, 102.910835266, 103.328796387, 103.758361816, 104.187934875, 104.605895996, 105.035461426, 105.465034485, 105.882987976, 106.300949097, 106.718910217, 107.136871338, 107.554824829, 107.97278595, 108.39074707, 108.8203125, 109.249885559, 109.66784668, 110.085800171, 110.503761292, 110.933334351, 111.36289978, 111.780860901, 112.210426331, 112.63999939, 113.069564819, 113.499137878, 113.917098999, 114.33505249, 114.753013611, 115.170974731, 115.600540161, 116.03011322, 116.448066711, 116.877639771, 117.295600891, 117.725166321, 118.143127441, 118.561088562, 118.979042053, 119.397003174, 119.826576233, 120.244529724, 120.674102783, 121.092063904, 121.510017395, 121.927978516, 122.357551575, 122.787117004, 123.205078125, 123.623039246, 124.040992737, 124.458953857, 124.900131226, 125.352920532, 125.79410553, 126.316551208, 126.838996887, 127.361450195, 127.895507813, 128.42956543, 128.975234985, 129.602172852, 130.217498779, 130.832824707, 131.448165894, 132.07510376, 132.725265503, 133.375411987, 134.013961792, 134.664123535, 135.233016968, 135.801895142, 136.370788574, 136.823577881, 137.287979126, 137.740768433, 138.193557739, 138.634735107, 139.075912476, 139.517089844, 139.96987915, 140.411056519, 140.852249146, 141.305038452, 141.74621582, 142.17578125, 142.60534668, 143.034912109, 143.464492798, 143.905670166, 144.358459473, 144.822860718, 145.287246704, 145.751647949, 146.216049194, 146.680450439, 147.144851685, 147.60925293, 148.062042236, 148.526443481, 148.956008911, 149.385574341, 149.815139771, 150.244720459, 150.674285889, 151.09223938, 151.51020813, 151.928161621, 152.346115112, 152.764083862, 153.182037354, 153.599990845, 154.029571533, 154.459136963, 154.900314331, 155.329879761, 155.747848511, 156.17741394, 156.595367432, 157.013336182, 157.431289673, 157.849243164, 158.267211914, 158.685165405, 159.103118896, 159.532699585, 159.962265015, 160.380218506, 160.798187256, 161.227752686, 161.657318115, 162.075286865, 162.493240356, 162.922805786, 163.352371216, 163.770339966, 164.188293457, 164.617858887, 165.047439575, 165.465393066, 165.883346558, 166.301315308, 166.730880737, 167.148834229, 167.578414917, 167.996368408, 168.414321899, 168.832290649, 169.250244141, 169.668212891, 170.086166382, 170.504119873, 170.933700562, 171.363265991, 171.792831421, 172.210784912, 172.640365601, 173.058319092, 173.476272583, 173.905853271, 174.323806763, 174.753372192, 175.171340942, 175.589294434, 176.007247925, 176.436828613, 176.866394043, 177.284347534, 177.702316284, 178.120269775, 178.549835205, 178.979400635, 179.397369385, 179.826934814, 180.256500244, 180.674468994, 181.092422485, 181.510375977, 181.928344727, 182.346298218, 182.764266968, 183.193832397, 183.623397827, 184.041351318, 184.459320068, 184.87727356, 185.29524231, 185.713195801, 186.14276123, 186.57232666, 187.001907349, 187.41986084, 187.84942627, 188.26739502, 188.685348511, 189.11491394, 189.54447937, 189.96244812, 190.380401611, 190.798370361, 191.227935791, 191.657501221, 192.075454712, 192.493423462, 192.911376953, 193.329345703, 193.758911133, 194.188476563, 194.606430054, 195.024398804, 195.442352295, 195.871917725, 196.301498413, 196.719451904, 197.137405396, 197.555374146, 197.973327637, 198.402893066, 198.832473755, 199.250427246, 199.668380737, 200.097961426, 200.527526855, 200.945480347, 201.363449097, 201.793014526, 202.210968018, 202.640533447, 203.058502197, 203.476455688, 203.894424438, 204.323989868, 204.753555298, 205.171508789, 205.589477539, 206.00743103, 206.42539978, 206.85496521, 207.28453064, 207.714096069, 208.132064819, 208.550018311, 208.97958374, 209.39755249, 209.815505981, 210.233459473, 210.663040161, 211.080993652, 211.510559082, 211.928527832, 212.346481323, 212.764434814, 213.182403564, 213.611968994, 214.041534424, 214.482711792, 214.900680542, 215.318634033, 215.736587524, 216.154556274, 216.572509766, 217.002075195, 217.431655884, 217.849609375, 218.267562866, 218.685531616, 219.103485107, 219.533050537, 219.962631226, 220.380584717, 220.810150146, 221.239730835, 221.669296265, 222.098861694, 222.516815186, 222.923171997, 223.352737427, 223.770706177, 224.200271606, 224.629837036, 225.036193848, 225.454147339, 225.883712769, 226.30166626, 226.71963501, 227.137588501, 227.555557251, 227.985122681, 228.41468811, 228.832641602, 229.26222229, 229.69178772, 230.109741211, 230.527709961, 230.945663452, 231.363616943, 231.781585693, 232.199539185, 232.617507935, 233.047073364, 233.476638794, 233.894592285, 234.312561035, 234.742126465, 235.171691895, 235.601272583, 236.030838013, 236.448791504, 236.866760254, 237.284713745, 237.714279175, 238.143844604, 238.561813354, 238.979766846, 239.397735596, 239.815689087, 240.245254517, 240.674819946, 241.092788696, 241.510742188, 241.928695679, 242.346664429, 242.776229858, 243.205795288, 243.623764038, 244.041717529, 244.459671021, 244.889251709, 245.318817139, 245.73677063, 246.15473938, 246.572692871, 247.002258301, 247.420227051, 247.84979248, 248.267745972, 248.685714722, 249.103668213, 249.533233643, 249.951202393, 250.380767822, 250.798721313, 251.216690063, 251.646255493, 252.075820923, 252.493789673, 252.911743164, 253.329696655, 253.747665405, 254.177230835, 254.606796265, 255.036361694, 255.465942383, 255.883895874, 256.313476563, 256.731414795, 257.149383545, 257.567352295, 257.996917725, 258.414855957, 258.832824707, 259.250793457, 259.680358887, 260.109924316, 260.539489746, 260.969055176, 261.410247803, 261.851409912, 262.292602539, 262.733795166, 263.174957275, 263.616149902, 264.068939209, 264.521728516, 264.974517822, 265.427307129, 265.880096436, 266.332885742]
