
metadata:
    version:
        essentia: "2.1-beta2"
    audio_properties:
        analysis_sample_rate: 44100
        bitrate: 320
        channels: 2
        equal_loudness: 1
        length: 258.79510498
        replay_gain: -13.3520870209
        downmix: "mix"
    tags:
        album: "The Plague Within"
        artist: "Paradise Lost"
        comment: ""
        date: "2015"
        genre: "Metal"
        title: "8 Flesh From Bone"
        tracknumber: "8/10"

configuration:
    average_loudness:
        compute: 1
        frameSize: 88200
        hopSize: 44100
        silentFrames: "noise"
        windowType: "hann"
    general:
        analysisSampleRate: 44100
        endTime: 2000
        equalLoudness: 1
        nequalLoudness: 0
        shortSound: 0
        startTime: 0
    lowlevel:
        compute: 1
        frameSize: 2048
        hopSize: 1024
        zeroPadding: 0
        silentFrames: "noise"
        windowType: "blackmanharris62"
        mfccStats: ["mean", "cov", "icov"]
        stats: ["mean", "var", "median", "min", "max", "dmean", "dmean2", "dvar", "dvar2"]
    panning:
        compute: 0
        frameSize: 8192
        hopSize: 2048
        zeroPadding: 8192
        silentFrames: "noise"
        windowType: "hann"
        stats: ["copy"]
    rhythm:
        compute: 1
        maxTempo: 208
        minTempo: 40
        method: "degara"
        stats: ["mean", "var", "median", "min", "max", "dmean", "dmean2", "dvar", "dvar2"]
    segmentation:
        compute: 0
        cpw: 5
        inc1: 300
        inc2: 50
        minimumSegmentsLength: 10
        size1: 1000
        size2: 600
    sfx:
        compute: 1
        stats: ["mean", "var", "median", "min", "max", "dmean", "dmean2", "dvar", "dvar2"]
    svm:
        compute: 0
    tonal:
        compute: 1
        frameSize: 4096
        hopSize: 2048
        zeroPadding: 0
        silentFrames: "noise"
        windowType: "blackmanharris62"
        stats: ["mean", "var", "median", "min", "max", "dmean", "dmean2", "dvar", "dvar2"]

lowlevel:
    average_loudness: 0.904973208904
    barkbands_kurtosis:
        dmean: 0.45574977994
        dmean2: 0.751828372478
        dvar: 0.331914275885
        dvar2: 0.848748505116
        max: 13.2223434448
        mean: -0.846294641495
        median: -1.0612334013
        min: -1.84556734562
        var: 0.746648132801
    barkbands_skewness:
        dmean: 0.279226332903
        dmean2: 0.454885274172
        dvar: 0.0586366392672
        dvar2: 0.153941094875
        max: 2.61697435379
        mean: -0.566040039063
        median: -0.572263777256
        min: -2.99907469749
        var: 0.245918691158
    barkbands_spread:
        dmean: 4.05497217178
        dmean2: 6.53233098984
        dvar: 15.098487854
        dvar2: 38.1597976685
        max: 64.1733551025
        mean: 31.8846359253
        median: 32.0917053223
        min: 5.74596691132
        var: 78.5556716919
    dissonance:
        dmean: 0.00688406312838
        dmean2: 0.0118442988023
        dvar: 4.1410956328e-005
        dvar2: 0.000117706753372
        max: 0.500000059605
        mean: 0.487447828054
        median: 0.488816291094
        min: 0.415681183338
        var: 6.20405189693e-005
    hfc:
        dmean: 2.58276152611
        dmean2: 4.27515506744
        dvar: 12.9452314377
        dvar2: 34.9823799133
        max: 60.2599601746
        mean: 11.1534452438
        median: 10.423623085
        min: 1.16193650364e-016
        var: 40.2206077576
    pitch:
        dmean: 707.750732422
        dmean2: 1353.38049316
        dvar: 1441808.5
        dvar2: 3545028.25
        max: 4367.66503906
        mean: 2093.04125977
        median: 3302.61694336
        min: 68.6923294067
        var: 2664110.25
    pitch_instantaneous_confidence:
        dmean: 0.0668751075864
        dmean2: 0.110864125192
        dvar: 0.00325225642882
        dvar2: 0.00845882855356
        max: 0.813329815865
        mean: 0.380701690912
        median: 0.377444386482
        min: 0.112634062767
        var: 0.0120879756287
    pitch_salience:
        dmean: 0.038719125092
        dmean2: 0.0649220719934
        dvar: 0.00108480930794
        dvar2: 0.0030117102433
        max: 0.92369556427
        mean: 0.737553298473
        median: 0.745063722134
        min: 0.357303261757
        var: 0.00251378770918
    silence_rate_20dB:
        dmean: 0
        dmean2: 0
        dvar: 0
        dvar2: 0
        max: 1
        mean: 1
        median: 1
        min: 1
        var: 0
    silence_rate_30dB:
        dmean: 0
        dmean2: 0
        dvar: 0
        dvar2: 0
        max: 1
        mean: 1
        median: 1
        min: 1
        var: 0
    silence_rate_60dB:
        dmean: 0.0398349165916
        dmean2: 0.0796769857407
        dvar: 0.0382480621338
        dvar2: 0.0919905081391
        max: 1
        mean: 0.193504974246
        median: 0
        min: 0
        var: 0.156055986881
    spectral_centroid:
        dmean: 206.366989136
        dmean2: 336.36807251
        dvar: 41008.1210938
        dvar2: 101552.96875
        max: 10833.8320313
        mean: 2185.11303711
        median: 2195.78344727
        min: 437.814758301
        var: 145634.546875
    spectral_complexity:
        dmean: 3.92427778244
        dmean2: 6.35836696625
        dvar: 13.538892746
        dvar2: 34.0680465698
        max: 54
        mean: 22.7090702057
        median: 24
        min: 0
        var: 101.844215393
    spectral_crest:
        dmean: 1.29647111893
        dmean2: 2.17733693123
        dvar: 1.31082499027
        dvar2: 3.63948249817
        max: 18.1776809692
        mean: 5.61685466766
        median: 5.29430866241
        min: 2.49564409256
        var: 2.86661410332
    spectral_decrease:
        dmean: 2.14934889331e-010
        dmean2: 3.50713569297e-010
        dvar: 8.59532486415e-020
        dvar2: 2.24774466589e-019
        max: 1.71083411364e-029
        mean: -1.06519359999e-009
        median: -1.01191288682e-009
        min: -4.89576201801e-009
        var: 3.17180544727e-019
    spectral_energy:
        dmean: 0.00102149671875
        dmean2: 0.00167067965958
        dvar: 1.93247683455e-006
        dvar2: 5.08626726514e-006
        max: 0.0231327265501
        mean: 0.00503193074837
        median: 0.00478358753026
        min: 1.04745339746e-020
        var: 7.06959099261e-006
    spectral_energyband_high:
        dmean: 0.000212097409531
        dmean2: 0.000360762758646
        dvar: 1.12251420603e-007
        dvar2: 3.08988290953e-007
        max: 0.00682984944433
        mean: 0.000593848060817
        median: 0.000544854963664
        min: 7.53401029454e-021
        var: 1.66392041479e-007
    spectral_energyband_low:
        dmean: 0.000124814992887
        dmean2: 0.000209254823858
        dvar: 3.15065094014e-008
        dvar2: 8.59839204281e-008
        max: 0.00208775210194
        mean: 0.000236717649386
        median: 0.000179819297045
        min: 3.5205240302e-023
        var: 4.67830858497e-008
    spectral_energyband_middle_high:
        dmean: 0.000692059809808
        dmean2: 0.00113268091809
        dvar: 7.55303688038e-007
        dvar2: 1.97013241632e-006
        max: 0.0156387388706
        mean: 0.00299805472605
        median: 0.00267065409571
        min: 1.64481482171e-021
        var: 3.32742342835e-006
    spectral_energyband_middle_low:
        dmean: 0.000415898684878
        dmean2: 0.000686588697135
        dvar: 3.81585806508e-007
        dvar2: 1.0079867252e-006
        max: 0.00765500636771
        mean: 0.00130682112649
        median: 0.00113914208487
        min: 2.6354388815e-022
        var: 8.35189382542e-007
    spectral_flatness_db:
        dmean: 0.00998191349208
        dmean2: 0.0162791442126
        dvar: 7.39656679798e-005
        dvar2: 0.000188068530406
        max: 0.332598268986
        mean: 0.149044930935
        median: 0.139369919896
        min: 0.0424876771867
        var: 0.00157511862926
    spectral_flux:
        dmean: 0.00533243035898
        dmean2: 0.00840672571212
        dvar: 3.97447911382e-005
        dvar2: 8.47341943881e-005
        max: 0.107647150755
        mean: 0.0400614589453
        median: 0.0403717011213
        min: 1.02345174002e-010
        var: 0.000238790875301
    spectral_kurtosis:
        dmean: 1.36824512482
        dmean2: 2.39074659348
        dvar: 4.10024595261
        dvar2: 12.955575943
        max: 33.0430908203
        mean: 3.73271465302
        median: 3.25566506386
        min: -1.2220044136
        var: 6.69954013824
    spectral_rms:
        dmean: 0.000206410782994
        dmean2: 0.000333521893481
        dvar: 5.74430139011e-008
        dvar2: 1.48075102402e-007
        max: 0.00475063314661
        mean: 0.00210797507316
        median: 0.00216030422598
        min: 3.19672608697e-012
        var: 4.65653926085e-007
    spectral_rolloff:
        dmean: 196.13973999
        dmean2: 327.249328613
        dvar: 50397.7382813
        dvar2: 102979.804688
        max: 18927.6855469
        mean: 3721.87646484
        median: 3746.77734375
        min: 258.3984375
        var: 162186.640625
    spectral_skewness:
        dmean: 0.169650480151
        dmean2: 0.284462183714
        dvar: 0.0322290174663
        dvar2: 0.0956996977329
        max: 3.18489217758
        mean: 1.07087099552
        median: 1.06410098076
        min: -0.0703776404262
        var: 0.113722592592
    spectral_spread:
        dmean: 276969.03125
        dmean2: 422017.21875
        dvar: 184223891456
        dvar2: 286803623936
        max: 41048424
        mean: 3666357
        median: 3614448.5
        min: 1229650.75
        var: 1.32436341555e+012
    spectral_strongpeak:
        dmean: 0.597446620464
        dmean2: 1.04608094692
        dvar: 0.730507910252
        dvar2: 1.9072073698
        max: 10.4204463959
        mean: 0.897770345211
        median: 0.340273171663
        min: 6.91650781093e-009
        var: 1.53552997112
    zerocrossingrate:
        dmean: 0.00567787932232
        dmean2: 0.00744838127866
        dvar: 2.89627478196e-005
        dvar2: 3.89962369809e-005
        max: 0.4951171875
        mean: 0.115724757314
        median: 0.11669921875
        min: 0.037109375
        var: 0.000267438561423
    barkbands:
        dmean: [1.40200185683e-007, 4.06455437769e-005, 7.83917421359e-005, 0.000113055692054, 0.000163123360835, 0.000118981661217, 0.000103472062619, 9.84636935755e-005, 0.000104101323814, 8.23530135676e-005, 6.36348486296e-005, 6.04051165283e-005, 5.41374611203e-005, 5.39082102478e-005, 8.00663474365e-005, 0.000112277200969, 0.000184432850801, 0.000202837079996, 0.000307815033011, 0.000226226853556, 0.000100864010165, 2.37692875089e-005, 4.95911535836e-006, 1.4611438246e-006, 4.78218169064e-007, 1.8355834186e-008, 2.57419530136e-010]
        dmean2: [2.08717182204e-007, 6.53436291032e-005, 0.000136509741424, 0.000187016819837, 0.000279122090433, 0.000198619163712, 0.000173015534529, 0.000162631244166, 0.000171603562194, 0.000134195463033, 0.000106170518848, 0.000100300538179, 8.86914858711e-005, 8.7713044195e-005, 0.000131460692501, 0.000185063006938, 0.000304368440993, 0.000339337013429, 0.000510902144015, 0.000378460506909, 0.000172318759724, 4.10019747505e-005, 8.07594733487e-006, 2.35746256294e-006, 7.5313414527e-007, 2.8683476927e-008, 4.5292461448e-010]
        dvar: [4.74452257809e-014, 4.45009007422e-009, 1.50860142156e-008, 4.99756112049e-008, 8.70371152928e-008, 2.52746836793e-008, 2.82364673865e-008, 3.62806993337e-008, 3.86957594856e-008, 1.84839219486e-008, 1.79745853757e-008, 1.51835326534e-008, 1.32060655744e-008, 1.65383546857e-008, 2.5675941373e-008, 4.43975523012e-008, 6.09650712136e-008, 5.87780562e-008, 1.30255685349e-007, 1.00454911944e-007, 2.293022483e-008, 2.64628607916e-009, 2.5016033689e-010, 1.78223529684e-011, 9.66152179961e-013, 1.8109763465e-015, 1.3575973849e-019]
        dvar2: [1.07491008553e-013, 1.1052169846e-008, 4.23841406416e-008, 1.26760738794e-007, 2.42857225885e-007, 6.89116674835e-008, 7.40700940582e-008, 9.95094353584e-008, 1.05099147163e-007, 4.80631499045e-008, 4.90350373639e-008, 3.97552639697e-008, 3.08598409049e-008, 4.07782572154e-008, 6.13356263557e-008, 1.13680194147e-007, 1.58504377623e-007, 1.55608347541e-007, 3.41820111771e-007, 2.75849942e-007, 6.39670574287e-008, 6.80790490648e-009, 5.54273626996e-010, 3.83825228545e-011, 2.28247845971e-012, 4.47803152862e-015, 3.79480867483e-019]
        max: [2.91453852697e-006, 0.000682931393385, 0.00155646726489, 0.00265313428827, 0.00382225774229, 0.00249639409594, 0.0038989558816, 0.00325148878619, 0.00423720385879, 0.00295298988931, 0.00352890300564, 0.00503710331395, 0.00233723921701, 0.0028884075582, 0.00336471782066, 0.00647241575643, 0.00704218540341, 0.00435610720888, 0.00662952940911, 0.00777724152431, 0.00229068635963, 0.00101719552185, 0.000501121510752, 0.000151215019287, 2.80589592876e-005, 1.31187971419e-006, 6.70754474186e-009]
        mean: [3.30822530259e-007, 6.28289635642e-005, 0.000113443158625, 0.000146774284076, 0.000286279537249, 0.000263532536337, 0.000180700793862, 0.0001752582466, 0.000193868167116, 0.00016470902483, 0.000114592294267, 0.000115568640467, 9.47162261582e-005, 9.66253792285e-005, 0.000157593283802, 0.000218543616938, 0.000416232040152, 0.000497734406963, 0.000857570150401, 0.000560638902243, 0.000257340463577, 4.47453385277e-005, 8.45922386361e-006, 2.84210273094e-006, 9.71790882431e-007, 3.56701299609e-008, 3.22431997768e-010]
        median: [1.91585215248e-007, 3.65521482308e-005, 7.05976490281e-005, 6.74672264722e-005, 0.000203281932045, 0.000198672001716, 0.000116547162179, 9.34102208703e-005, 0.000119158845337, 9.84302168945e-005, 5.48109856027e-005, 6.69710425427e-005, 5.15041538165e-005, 4.66336132376e-005, 9.28483495954e-005, 0.000143408338772, 0.000331568502588, 0.000408016319852, 0.00073858856922, 0.000498092500493, 0.000231530808378, 3.00195206364e-005, 3.24909819938e-006, 1.18859077247e-006, 4.44411199396e-007, 1.50134997767e-008, 1.76160683263e-010]
        min: [2.44599765854e-023, 1.29983506473e-023, 2.70166637351e-024, 1.67864741248e-023, 2.58653259771e-023, 3.08093444621e-023, 7.45906482299e-023, 4.16601419906e-023, 6.25082084809e-023, 6.63462124223e-023, 1.2757514095e-022, 5.94933903604e-023, 1.12328870411e-022, 8.4952109028e-023, 1.40560043886e-022, 2.26465406121e-022, 2.12522485259e-022, 1.50242775072e-022, 3.29530398932e-022, 3.62843477467e-022, 3.11254296672e-022, 3.92056347317e-022, 8.01417652322e-022, 9.0118520655e-022, 1.12154775752e-021, 1.60558685148e-021, 2.3039564999e-021]
        var: [1.37657870129e-013, 6.37984465257e-009, 1.84262631819e-008, 5.80056216393e-008, 1.00031591899e-007, 6.03303433877e-008, 5.17900033969e-008, 6.63412222934e-008, 7.51952100586e-008, 4.29280824221e-008, 3.78235434084e-008, 3.46379351868e-008, 2.28893810572e-008, 3.26051825539e-008, 5.81733630156e-008, 9.04897561327e-008, 1.37141796586e-007, 1.49840971631e-007, 3.91872788441e-007, 1.58589841703e-007, 3.31656657693e-008, 4.08514866379e-009, 5.42445754981e-010, 4.89030864415e-011, 2.35938200401e-012, 3.2912233848e-015, 1.88717198399e-019]
    frequency_bands:
        dmean: [1.40200185683e-007, 4.06455437769e-005, 7.83917421359e-005, 0.000113055692054, 0.000163123360835, 0.000118981661217, 0.000103472062619, 9.84636935755e-005, 0.000104101323814, 8.23530135676e-005, 6.36348486296e-005, 6.04051165283e-005, 5.41374611203e-005, 5.39082102478e-005, 8.00663474365e-005, 0.000112277200969, 0.000184432850801, 0.000202837079996, 0.000307815033011, 0.000226226853556, 0.000100864010165, 2.37692875089e-005, 4.95911535836e-006, 1.4611438246e-006, 4.78218169064e-007, 1.8355834186e-008, 2.57419530136e-010, 5.86131698732e-011]
        dmean2: [2.08717182204e-007, 6.53436291032e-005, 0.000136509741424, 0.000187016819837, 0.000279122090433, 0.000198619163712, 0.000173015534529, 0.000162631244166, 0.000171603562194, 0.000134195463033, 0.000106170518848, 0.000100300538179, 8.86914858711e-005, 8.7713044195e-005, 0.000131460692501, 0.000185063006938, 0.000304368440993, 0.000339337013429, 0.000510902144015, 0.000378460506909, 0.000172318759724, 4.10019747505e-005, 8.07594733487e-006, 2.35746256294e-006, 7.5313414527e-007, 2.8683476927e-008, 4.5292461448e-010, 1.08616442229e-010]
        dvar: [4.74452257809e-014, 4.45009007422e-009, 1.50860142156e-008, 4.99756112049e-008, 8.70371152928e-008, 2.52746836793e-008, 2.82364673865e-008, 3.62806993337e-008, 3.86957594856e-008, 1.84839219486e-008, 1.79745853757e-008, 1.51835326534e-008, 1.32060655744e-008, 1.65383546857e-008, 2.5675941373e-008, 4.43975523012e-008, 6.09650712136e-008, 5.87780562e-008, 1.30255685349e-007, 1.00454911944e-007, 2.293022483e-008, 2.64628607916e-009, 2.5016033689e-010, 1.78223529684e-011, 9.66152179961e-013, 1.8109763465e-015, 1.3575973849e-019, 6.48625720567e-021]
        dvar2: [1.07491008553e-013, 1.1052169846e-008, 4.23841406416e-008, 1.26760738794e-007, 2.42857225885e-007, 6.89116674835e-008, 7.40700940582e-008, 9.95094353584e-008, 1.05099147163e-007, 4.80631499045e-008, 4.90350373639e-008, 3.97552639697e-008, 3.08598409049e-008, 4.07782572154e-008, 6.13356263557e-008, 1.13680194147e-007, 1.58504377623e-007, 1.55608347541e-007, 3.41820111771e-007, 2.75849942e-007, 6.39670574287e-008, 6.80790490648e-009, 5.54273626996e-010, 3.83825228545e-011, 2.28247845971e-012, 4.47803152862e-015, 3.79480867483e-019, 2.04462293785e-020]
        max: [2.91453852697e-006, 0.000682931393385, 0.00155646726489, 0.00265313428827, 0.00382225774229, 0.00249639409594, 0.0038989558816, 0.00325148878619, 0.00423720385879, 0.00295298988931, 0.00352890300564, 0.00503710331395, 0.00233723921701, 0.0028884075582, 0.00336471782066, 0.00647241575643, 0.00704218540341, 0.00435610720888, 0.00662952940911, 0.00777724152431, 0.00229068635963, 0.00101719552185, 0.000501121510752, 0.000151215019287, 2.80589592876e-005, 1.31187971419e-006, 6.70754474186e-009, 9.06873520723e-010]
        mean: [3.30822530259e-007, 6.28289635642e-005, 0.000113443158625, 0.000146774284076, 0.000286279537249, 0.000263532536337, 0.000180700793862, 0.0001752582466, 0.000193868167116, 0.00016470902483, 0.000114592294267, 0.000115568640467, 9.47162261582e-005, 9.66253792285e-005, 0.000157593283802, 0.000218543616938, 0.000416232040152, 0.000497734406963, 0.000857570150401, 0.000560638902243, 0.000257340463577, 4.47453385277e-005, 8.45922386361e-006, 2.84210273094e-006, 9.71790882431e-007, 3.56701299609e-008, 3.22431997768e-010, 4.62199514772e-011]
        median: [1.91585215248e-007, 3.65521482308e-005, 7.05976490281e-005, 6.74672264722e-005, 0.000203281932045, 0.000198672001716, 0.000116547162179, 9.34102208703e-005, 0.000119158845337, 9.84302168945e-005, 5.48109856027e-005, 6.69710425427e-005, 5.15041538165e-005, 4.66336132376e-005, 9.28483495954e-005, 0.000143408338772, 0.000331568502588, 0.000408016319852, 0.00073858856922, 0.000498092500493, 0.000231530808378, 3.00195206364e-005, 3.24909819938e-006, 1.18859077247e-006, 4.44411199396e-007, 1.50134997767e-008, 1.76160683263e-010, 1.67153253045e-011]
        min: [2.44599765854e-023, 1.29983506473e-023, 2.70166637351e-024, 1.67864741248e-023, 2.58653259771e-023, 3.08093444621e-023, 7.45906482299e-023, 4.16601419906e-023, 6.25082084809e-023, 6.63462124223e-023, 1.2757514095e-022, 5.94933903604e-023, 1.12328870411e-022, 8.4952109028e-023, 1.40560043886e-022, 2.26465406121e-022, 2.12522485259e-022, 1.50242775072e-022, 3.29530398932e-022, 3.62843477467e-022, 3.11254296672e-022, 3.92056347317e-022, 8.01417652322e-022, 9.0118520655e-022, 1.12154775752e-021, 1.60558685148e-021, 2.3039564999e-021, 8.72290935531e-022]
        var: [1.37657870129e-013, 6.37984465257e-009, 1.84262631819e-008, 5.80056216393e-008, 1.00031591899e-007, 6.03303433877e-008, 5.17900033969e-008, 6.63412222934e-008, 7.51952100586e-008, 4.29280824221e-008, 3.78235434084e-008, 3.46379351868e-008, 2.28893810572e-008, 3.26051825539e-008, 5.81733630156e-008, 9.04897561327e-008, 1.37141796586e-007, 1.49840971631e-007, 3.91872788441e-007, 1.58589841703e-007, 3.31656657693e-008, 4.08514866379e-009, 5.42445754981e-010, 4.89030864415e-011, 2.35938200401e-012, 3.2912233848e-015, 1.88717198399e-019, 5.45867552996e-021]
    mfcc:
        mean: [-703.43737793, 103.073204041, -68.4317092896, 60.3353805542, -24.0100002289, -12.6708993912, 1.24460744858, -5.14090538025, -0.686124145985, -6.14935016632, -5.31479692459, -3.5469121933, -3.90385866165]
        cov: [[6242.02490234, 541.209411621, 229.743896484, 1101.61486816, -285.35848999, 299.152618408, -82.1319503784, 78.8865203857, 132.213226318, 23.6271476746, 8.09762763977, -93.2433547974, -85.5782546997], [541.209411621, 498.009185791, -255.934173584, 196.596206665, -80.2422943115, -5.51959133148, 47.3106269836, -26.375453949, 27.1869850159, -42.8555335999, 8.64337158203, -8.96939182281, -4.38967418671], [229.743896484, -255.934173584, 550.441833496, 135.879104614, 65.6577758789, 121.45337677, -64.4146118164, 42.1163368225, 25.3588905334, 38.8928718567, 4.13410615921, -12.3552007675, 1.43137609959], [1101.61486816, 196.596206665, 135.879104614, 561.975891113, -59.0285644531, 147.269195557, -34.0304527283, 9.47173690796, 82.7201156616, -5.6606388092, 32.7426948547, -35.629283905, -6.38276147842], [-285.35848999, -80.2422943115, 65.6577758789, -59.0285644531, 131.864547729, 19.3513336182, -9.2821187973, -18.9155273438, -18.7659111023, 15.8068647385, -3.41728782654, 11.7697267532, 5.20571899414], [299.152618408, -5.51959133148, 121.45337677, 147.269195557, 19.3513336182, 132.315261841, -0.807622730732, 20.7830543518, 24.2580528259, 16.6085338593, 17.4762592316, -4.54849243164, 2.17953944206], [-82.1319503784, 47.3106269836, -64.4146118164, -34.0304527283, -9.2821187973, -0.807622730732, 91.9704971313, 32.6290626526, 0.878858149052, -12.8052330017, 0.0611151941121, 11.7062625885, 7.24346399307], [78.8865203857, -26.375453949, 42.1163368225, 9.47173690796, -18.9155273438, 20.7830543518, 32.6290626526, 81.7681808472, 25.5824508667, 10.7876710892, -1.99916768074, 7.9640045166, 5.23269701004], [132.213226318, 27.1869850159, 25.3588905334, 82.7201156616, -18.7659111023, 24.2580528259, 0.878858149052, 25.5824508667, 79.3333740234, 28.2419986725, 22.9207782745, -5.13684511185, 6.84075784683], [23.6271476746, -42.8555335999, 38.8928718567, -5.6606388092, 15.8068647385, 16.6085338593, -12.8052330017, 10.7876710892, 28.2419986725, 70.3070755005, 28.3876609802, 11.6061687469, 3.37056112289], [8.09762763977, 8.64337158203, 4.13410615921, 32.7426948547, -3.41728782654, 17.4762592316, 0.0611151941121, -1.99916768074, 22.9207782745, 28.3876609802, 55.6075325012, 16.5782432556, 9.26676082611], [-93.2433547974, -8.96939182281, -12.3552007675, -35.629283905, 11.7697267532, -4.54849243164, 11.7062625885, 7.9640045166, -5.13684511185, 11.6061687469, 16.5782432556, 46.9843902588, 18.0415039063], [-85.5782546997, -4.38967418671, 1.43137609959, -6.38276147842, 5.20571899414, 2.17953944206, 7.24346399307, 5.23269701004, 6.84075784683, 3.37056112289, 9.26676082611, 18.0415039063, 40.6669082642]]
        icov: [[0.000295561214443, -0.00019142961537, -5.65491900488e-005, -0.000463026750367, 0.000472963787615, -0.000208197670872, 0.000176562039996, -0.000210447207792, 0.000331514253048, -0.000530468067154, 0.000449262064649, -0.000112629008072, 0.000412663706811], [-0.00019142961537, 0.00446873437613, 0.00204311870039, -0.00178018258885, 0.000318937789416, 0.0003746333241, -0.00206822180189, 0.00187713466585, -0.00120047619566, 0.00117056118324, 0.000301771971863, -0.000780727656092, 0.000176671383088], [-5.65491900488e-005, 0.00204311870039, 0.00392367783934, -0.00107640121132, -0.00121718610171, -0.00175997905899, 0.00169418251608, -0.00171792472247, -1.32612112793e-005, 7.92748105596e-005, 0.000321672618156, 0.000489467172883, -0.000330873357598], [-0.000463026750367, -0.00178018258885, -0.00107640121132, 0.00541757978499, 0.00067470461363, -0.00372084695846, 0.00189878337551, 0.000602133572102, -0.00320800789632, 0.00301706232131, -0.00205983850174, 0.00123492174316, -0.000369896093616], [0.000472963787615, 0.000318937789416, -0.00121718610171, 0.00067470461363, 0.011758341454, -0.00352435931563, -0.000953349401243, 0.00469275889918, 0.00106417166535, -0.00339054455981, 0.0037692298647, -0.00303667853586, 1.84621130757e-005], [-0.000208197670872, 0.0003746333241, -0.00175997905899, -0.00372084695846, -0.00352435931563, 0.0150366025046, -0.00277962861583, -0.00235388870351, 0.00162556546275, -0.00163977441844, -0.00295270443894, 0.00169476668816, -0.00069306360092], [0.000176562039996, -0.00206822180189, 0.00169418251608, 0.00189878337551, -0.000953349401243, -0.00277962861583, 0.0179579555988, -0.00926319416612, 0.000446401943918, 0.00450584338978, -0.00255428254604, -0.000951800262555, -0.000793242943473], [-0.000210447207792, 0.00187713466585, -0.00171792472247, 0.000602133572102, 0.00469275889918, -0.00235388870351, -0.00926319416612, 0.0226106643677, -0.00742612592876, -0.00247316155583, 0.00737939076498, -0.00602832902223, 0.000627782719675], [0.000331514253048, -0.00120047619566, -1.32612112793e-005, -0.00320800789632, 0.00106417166535, 0.00162556546275, 0.000446401943918, -0.00742612592876, 0.0235011968762, -0.00878807436675, -0.00533151160926, 0.00741104222834, -0.00458012707531], [-0.000530468067154, 0.00117056118324, 7.92748105596e-005, 0.00301706232131, -0.00339054455981, -0.00163977441844, 0.00450584338978, -0.00247316155583, -0.00878807436675, 0.0259475018829, -0.0108161894605, -0.00312257953919, 0.00269604101777], [0.000449262064649, 0.000301771971863, 0.000321672618156, -0.00205983850174, 0.0037692298647, -0.00295270443894, -0.00255428254604, 0.00737939076498, -0.00533151160926, -0.0108161894605, 0.031653445214, -0.0112145831808, -0.000619746337179], [-0.000112629008072, -0.000780727656092, 0.000489467172883, 0.00123492174316, -0.00303667853586, 0.00169476668816, -0.000951800262555, -0.00602832902223, 0.00741104222834, -0.00312257953919, -0.0112145831808, 0.0345627889037, -0.0126674305648], [0.000412663706811, 0.000176671383088, -0.000330873357598, -0.000369896093616, 1.84621130757e-005, -0.00069306360092, -0.000793242943473, 0.000627782719675, -0.00458012707531, 0.00269604101777, -0.000619746337179, -0.0126674305648, 0.031834371388]]
    sccoeffs:
        dmean: [0.0467289462686, 0.0414992831647, 0.0336103662848, 0.0260250270367, 0.0180463250726, 0.016530720517]
        dmean2: [0.0774414986372, 0.070113286376, 0.0565409325063, 0.0439566746354, 0.0304360501468, 0.0267624948174]
        dvar: [0.0016219887184, 0.00108472106513, 0.000663613434881, 0.000424786354415, 0.000195822227397, 0.000219188339543]
        dvar2: [0.00439326930791, 0.0030943651218, 0.00193358189426, 0.00117569149006, 0.00055586185772, 0.000529869983438]
        max: [-0.39793920517, -0.507429718971, -0.596436977386, -0.62505030632, -0.651893913746, -0.513269066811]
        mean: [-0.685611188412, -0.769691050053, -0.796048045158, -0.805881083012, -0.794184505939, -0.702707409859]
        median: [-0.690387606621, -0.772796452045, -0.796848535538, -0.809114217758, -0.797084927559, -0.706820130348]
        min: [-0.971487224102, -0.965950965881, -0.967937529087, -0.954762518406, -0.966305673122, -0.96432942152]
        var: [0.0044673983939, 0.00291888578795, 0.00195846497081, 0.00133819878101, 0.000950247689616, 0.00254737050273]
    scvalleys:
        dmean: [0.33484262228, 0.306422144175, 0.261460065842, 0.215535983443, 0.168881550431, 0.227707311511]
        dmean2: [0.559230685234, 0.514988899231, 0.435620248318, 0.35721796751, 0.276061922312, 0.350547611713]
        dvar: [0.081270635128, 0.0665195286274, 0.048277746886, 0.038086976856, 0.0283948220313, 0.100506514311]
        dvar2: [0.21925394237, 0.172348722816, 0.118992432952, 0.0853312313557, 0.0594566389918, 0.226899087429]
        max: [-5.55950117111, -4.74836778641, -4.88508892059, -5.073138237, -5.34233665466, -7.88551568985]
        mean: [-7.15906476974, -6.45742607117, -6.71907806396, -7.00494718552, -6.59718894958, -10.1904811859]
        median: [-6.75268650055, -6.25623559952, -6.5857167244, -6.90873670578, -6.35885667801, -9.80968475342]
        min: [-26.6406059265, -27.1034069061, -27.1617736816, -27.451675415, -27.0033817291, -27.1296958923]
        var: [1.9912481308, 1.11488652229, 1.02141141891, 0.892458975315, 1.14157021046, 2.04860472679]

rhythm:
    beats_loudness:
        dmean: 0.00172065093648
        dmean2: 0.00292437593453
        dvar: 2.77851199826e-006
        dvar2: 7.62883109928e-006
        max: 0.0164579916745
        mean: 0.0055804871954
        median: 0.0055407229811
        min: 5.84594594955e-010
        var: 7.89363275544e-006
    bpm: 109.824325562
    bpm_confidence: 0
    first_peak_bpm: 110
    first_peak_spread: 0.375634491444
    first_peak_weight: 0.515723288059
    onset_rate: 1.87793362141
    second_peak_bpm: 144
    second_peak_spread: 0.470588237047
    second_peak_weight: 0.0377358496189
    beats_loudness_band_ratio:
        dmean: [0.107976488769, 0.0613439455628, 0.0606855750084, 0.054177545011, 0.0964450240135, 0.0852382034063]
        dmean2: [0.197362482548, 0.101731598377, 0.105239473283, 0.0920279473066, 0.166716605425, 0.148335590959]
        dvar: [0.00988048594445, 0.00333318463527, 0.00374765065499, 0.00280644744635, 0.00660229893401, 0.00479880487546]
        dvar2: [0.0297642368823, 0.00935506075621, 0.00993947219104, 0.00729942228645, 0.0189149975777, 0.0137480739504]
        max: [0.554807901382, 0.429761976004, 0.440915137529, 0.477941334248, 0.680232167244, 0.56475263834]
        mean: [0.133214727044, 0.0981324091554, 0.119148440659, 0.115979738533, 0.285474956036, 0.285612404346]
        median: [0.106027625501, 0.0851453691721, 0.0985296517611, 0.0764920115471, 0.253453016281, 0.289739429951]
        min: [9.20086895349e-005, 0.00296704960056, 0.0175286550075, 0.0169351715595, 0.0919224396348, 0.0307134725153]
        var: [0.0118842553347, 0.00460491701961, 0.00548407388851, 0.00883444398642, 0.0130221294239, 0.0114079071209]
    beats_position: [0.406349211931, 0.824308395386, 1.24226760864, 1.66022670269, 2.08979582787, 2.50775504112, 2.92571425438, 3.34367346764, 3.76163268089, 4.17959165573, 4.59755086899, 5.01551008224, 5.4334692955, 5.83981847763, 6.24616765976, 6.65251684189, 7.05886602402, 7.47682523727, 7.89478445053, 8.31274318695, 8.73070240021, 9.14866161346, 9.56662082672, 9.98458003998, 10.4141492844, 10.8437185287, 11.2732877731, 11.7028570175, 12.1324262619, 12.5619955063, 12.9915647507, 13.4211339951, 13.8507022858, 14.2802715302, 14.7098407745, 15.2090702057, 15.7082986832, 16.2075271606, 16.6835365295, 17.1595458984, 17.6239452362, 18.181224823, 18.7385025024, 19.2957820892, 19.853061676, 20.3987293243, 20.94439888, 21.4900684357, 22.035736084, 22.5930156708, 23.1386852264, 23.6843528748, 24.2300224304, 24.7873020172, 25.3329696655, 25.8786392212, 26.4243087769, 26.9699764252, 27.5156459808, 28.0497055054, 28.5837631226, 29.1294326782, 29.6751022339, 30.2207698822, 30.7664394379, 31.3237190247, 31.8809967041, 32.4266662598, 32.960723877, 33.5063934326, 34.0520629883, 34.5861206055, 35.1201820374, 35.6542396545, 36.1999092102, 36.7571868896, 37.3144645691, 37.8601341248, 38.4058036804, 38.9514732361, 39.4971427917, 40.0428123474, 40.5884780884, 41.134147644, 41.6798171997, 42.2254867554, 42.771156311, 43.3168258667, 43.8624954224, 44.4081611633, 44.953830719, 45.4878921509, 46.0219497681, 46.5676193237, 47.1132888794, 47.6705665588, 48.2278442383, 48.7735137939, 49.3191833496, 49.8648529053, 50.4105224609, 50.9561882019, 51.5018577576, 52.0475273132, 52.5931968689, 53.1388664246, 53.6845359802, 54.2185935974, 54.7758712769, 55.3215408325, 55.8672103882, 56.4128799438, 56.9933776855, 57.5622673035, 58.0963249207, 58.6303825378, 59.1760520935, 59.7101135254, 60.2441711426, 60.7782287598, 61.3122901917, 61.8463478088, 62.380405426, 62.9260749817, 63.4601364136, 64.0174102783, 64.5746917725, 65.1203613281, 65.6660308838, 66.200088501, 66.7457580566, 67.2914276123, 67.8487091064, 68.4059829712, 68.9632644653, 69.508934021, 70.0546035767, 70.5886611938, 71.122718811, 71.6567764282, 72.2024459839, 72.7481155396, 73.3053970337, 73.8510665894, 74.396736145, 74.9540100098, 75.5112915039, 76.0453491211, 76.5910186768, 77.1366882324, 77.6823577881, 78.2280273438, 78.7736968994, 79.3193664551, 79.8650360107, 80.410697937, 80.9447631836, 81.4904327393, 82.0360946655, 82.5817642212, 83.1274337769, 83.684715271, 84.2419967651, 84.7760543823, 85.321723938, 85.8673934937, 86.4246673584, 86.993560791, 87.5624465942, 88.177772522, 88.7931060791, 89.3968200684, 90.000541687, 90.5926513672, 91.1847610474, 91.7768707275, 92.3457565308, 92.9146499634, 93.4835357666, 94.0408172607, 94.5864868164, 95.1321487427, 95.6662139893, 96.2118835449, 96.7691574097, 97.3148269653, 97.8721084595, 98.4061660767, 98.9518356323, 99.497505188, 100.054779053, 100.612060547, 101.157730103, 101.703399658, 102.249069214, 102.79473877, 103.340408325, 103.874465942, 104.420135498, 104.954193115, 105.499862671, 106.045532227, 106.591201782, 107.136871338, 107.682540894, 108.22820282, 108.773872375, 109.319541931, 109.865211487, 110.410881042, 110.956550598, 111.502220154, 112.047889709, 112.593559265, 113.139228821, 113.684898376, 114.230567932, 114.776237488, 115.321899414, 115.855964661, 116.401634216, 116.935691833, 117.481361389, 118.027030945, 118.572692871, 119.118362427, 119.675643921, 120.221313477, 120.766983032, 121.312652588, 121.846710205, 122.392379761, 122.938049316, 123.483718872, 124.029388428, 124.586662292, 125.143943787, 125.689613342, 126.258499146, 126.81578064, 127.361450195, 127.895507813, 128.42956543, 128.963623047, 129.509292603, 130.054962158, 130.600631714, 131.14630127, 131.680358887, 132.214416504, 132.76008606, 133.305755615, 133.863037109, 134.420318604, 134.965988159, 135.511657715, 136.057327271, 136.602996826, 137.148666382, 137.694335938, 138.228393555, 138.77406311, 139.319732666, 139.853790283, 140.3878479, 140.921905518, 141.479187012, 142.036453247, 142.593734741, 143.139404297, 143.685073853, 144.230743408, 144.776412964, 145.310470581, 145.844528198, 146.390197754, 146.93586731, 147.493148804, 148.050430298, 148.607711792, 149.164993286, 149.710647583, 150.233108521, 150.767166138, 151.301223755, 151.858505249, 152.415786743, 152.96144104, 153.507110596, 154.041183472, 154.575241089, 155.109298706, 155.643356323, 156.200637817, 156.757904053, 157.315185547, 157.872467041, 158.418136597, 158.952194214, 159.49786377, 160.043533325, 160.589202881, 161.123260498, 161.680541992, 162.226211548, 162.771881104, 163.305938721, 163.839996338, 164.385665894, 164.931335449, 165.488616943, 166.045898438, 166.603164673, 167.148834229, 167.694503784, 168.228561401, 168.774230957, 169.308303833, 169.85395813, 170.399627686, 170.945297241, 171.502578735, 172.025024414, 172.547485352, 173.093154907, 173.638824463, 174.196090698, 174.741760254, 175.28742981, 175.833099365, 176.401992798, 176.947662354, 177.493331909, 178.039001465, 178.584671021, 179.130340576, 179.676010132, 180.210067749, 180.767349243, 181.313018799, 181.858688354, 182.41595459, 182.961624146, 183.507293701, 184.052963257, 184.598632813, 185.13269043, 185.678359985, 186.224029541, 186.769699097, 187.315368652, 187.872650146, 188.429931641, 188.975601196, 189.53288269, 190.101760864, 190.659042358, 191.216323853, 191.796829224, 192.365707397, 192.946212769, 193.526702881, 194.107208252, 194.699310303, 195.291427612, 195.883529663, 196.475646973, 197.056137085, 197.636642456, 198.19392395, 198.751205444, 199.30847168, 199.865753174, 200.411422729, 200.957092285, 201.502761841, 202.048431396, 202.594100952, 203.139770508, 203.685440063, 204.219497681, 204.753555298, 205.299224854, 205.844894409, 206.402175903, 206.947845459, 207.493515015, 208.03918457, 208.584854126, 209.130523682, 209.676193237, 210.221862793, 210.76751709, 211.313186646, 211.858856201, 212.404525757, 212.950195313, 213.495864868, 214.041534424, 214.587203979, 215.132873535, 215.690155029, 216.247436523, 216.816329956, 217.338775635, 217.849609375, 218.372055054, 218.940948486, 219.49822998, 220.043899536, 220.589569092, 221.135238647, 221.680908203, 222.238174438, 222.783843994, 223.341125488, 223.886795044, 224.420852661, 224.966522217, 225.512191772, 226.057861328, 226.603530884, 227.137588501, 227.683258057, 228.228927612, 228.774597168, 229.320266724, 229.865936279, 230.411605835, 230.945663452, 231.491333008, 232.025390625, 232.571060181, 233.116729736, 233.662399292, 234.208068848, 234.753738403, 235.299407959, 235.845077515, 236.39074707, 236.948028564, 237.49369812, 238.027755737, 238.573425293, 239.119094849, 239.676361084, 240.233642578, 240.767700195, 241.301757813, 241.847427368, 242.393096924, 242.927154541, 243.472824097, 244.018493652, 244.55255127, 245.098220825, 245.643890381, 246.201171875, 246.746841431, 247.292510986, 247.838180542, 248.383850098, 248.941131592, 249.486801147, 250.032470703, 250.578140259, 251.123809814, 251.797180176, 252.482177734, 253.167160034, 253.852142334, 254.537139893, 255.222122192, 255.791015625, 256.348297119, 256.905578613, 257.462860107, 258.020141602]
