
metadata:
    version:
        essentia: "2.1-beta2"
    audio_properties:
        analysis_sample_rate: 44100
        bitrate: 320
        channels: 2
        equal_loudness: 1
        length: 343.588562012
        replay_gain: -14.9297027588
        downmix: "mix"
    tags:
        album: "The Plague Within"
        artist: "Paradise Lost"
        comment: ""
        date: "2015"
        genre: "Metal"
        title: "10 Return To The Sun"
        tracknumber: "10/10"

configuration:
    average_loudness:
        compute: 1
        frameSize: 88200
        hopSize: 44100
        silentFrames: "noise"
        windowType: "hann"
    general:
        analysisSampleRate: 44100
        endTime: 2000
        equalLoudness: 1
        nequalLoudness: 0
        shortSound: 0
        startTime: 0
    lowlevel:
        compute: 1
        frameSize: 2048
        hopSize: 1024
        zeroPadding: 0
        silentFrames: "noise"
        windowType: "blackmanharris62"
        mfccStats: ["mean", "cov", "icov"]
        stats: ["mean", "var", "median", "min", "max", "dmean", "dmean2", "dvar", "dvar2"]
    panning:
        compute: 0
        frameSize: 8192
        hopSize: 2048
        zeroPadding: 8192
        silentFrames: "noise"
        windowType: "hann"
        stats: ["copy"]
    rhythm:
        compute: 1
        maxTempo: 208
        minTempo: 40
        method: "degara"
        stats: ["mean", "var", "median", "min", "max", "dmean", "dmean2", "dvar", "dvar2"]
    segmentation:
        compute: 0
        cpw: 5
        inc1: 300
        inc2: 50
        minimumSegmentsLength: 10
        size1: 1000
        size2: 600
    sfx:
        compute: 1
        stats: ["mean", "var", "median", "min", "max", "dmean", "dmean2", "dvar", "dvar2"]
    svm:
        compute: 0
    tonal:
        compute: 1
        frameSize: 4096
        hopSize: 2048
        zeroPadding: 0
        silentFrames: "noise"
        windowType: "blackmanharris62"
        stats: ["mean", "var", "median", "min", "max", "dmean", "dmean2", "dvar", "dvar2"]

lowlevel:
    average_loudness: 0.887568175793
    barkbands_kurtosis:
        dmean: 0.511172771454
        dmean2: 0.818702101707
        dvar: 0.707717776299
        dvar2: 1.59123194218
        max: 84.3661499023
        mean: 0.0897357687354
        median: -1.10130250454
        min: -1.8749024868
        var: 39.6363258362
    barkbands_skewness:
        dmean: 0.285523444414
        dmean2: 0.457084715366
        dvar: 0.0635104104877
        dvar2: 0.158258959651
        max: 8.15460205078
        mean: 0.0344343483448
        median: -0.126041457057
        min: -3.167709589
        var: 1.11713576317
    barkbands_spread:
        dmean: 3.90289592743
        dmean2: 6.25189495087
        dvar: 13.755815506
        dvar2: 33.8498802185
        max: 61.4536705017
        mean: 30.313243866
        median: 31.5951309204
        min: 1.45444917679
        var: 108.879707336
    dissonance:
        dmean: 0.0119583364576
        dmean2: 0.0203642062843
        dvar: 0.000174955959665
        dvar2: 0.000500051537529
        max: 0.500000119209
        mean: 0.476470470428
        median: 0.483416557312
        min: 0.284405320883
        var: 0.000528665375896
    hfc:
        dmean: 1.71041893959
        dmean2: 2.7857966423
        dvar: 5.44681596756
        dvar2: 14.0924291611
        max: 43.1954650879
        mean: 8.38864898682
        median: 8.17969608307
        min: 1.15430341329e-016
        var: 32.5266113281
    pitch:
        dmean: 545.173706055
        dmean2: 1053.98718262
        dvar: 1247962
        dvar2: 3239735
        max: 4665.12744141
        mean: 947.309997559
        median: 291.407287598
        min: 58.3242797852
        var: 1789559.125
    pitch_instantaneous_confidence:
        dmean: 0.0735598132014
        dmean2: 0.11869700253
        dvar: 0.0046970997937
        dvar2: 0.0114527903497
        max: 0.927196621895
        mean: 0.431487649679
        median: 0.393454015255
        min: 0.128280580044
        var: 0.0296068415046
    pitch_salience:
        dmean: 0.0496594794095
        dmean2: 0.081438973546
        dvar: 0.00185486115515
        dvar2: 0.00498328870162
        max: 0.865497350693
        mean: 0.666133284569
        median: 0.678448200226
        min: 0.184846609831
        var: 0.00688865967095
    silence_rate_20dB:
        dmean: 0
        dmean2: 0
        dvar: 0
        dvar2: 0
        max: 1
        mean: 1
        median: 1
        min: 1
        var: 0
    silence_rate_30dB:
        dmean: 0
        dmean2: 0
        dvar: 0
        dvar2: 0
        max: 1
        mean: 1
        median: 1
        min: 1
        var: 0
    silence_rate_60dB:
        dmean: 0.0389241799712
        dmean2: 0.0778536200523
        dvar: 0.0374147742987
        dvar2: 0.0873392671347
        max: 1
        mean: 0.303871870041
        median: 0
        min: 0
        var: 0.211502403021
    spectral_centroid:
        dmean: 187.348724365
        dmean2: 301.956390381
        dvar: 40310.84375
        dvar2: 89516.6484375
        max: 11153.7119141
        mean: 1696.35559082
        median: 1768.71484375
        min: 176.66444397
        var: 329491.1875
    spectral_complexity:
        dmean: 3.17475342751
        dmean2: 5.19294452667
        dvar: 11.2062854767
        dvar2: 28.3599529266
        max: 49
        mean: 17.2590713501
        median: 18
        min: 0
        var: 91.8959732056
    spectral_crest:
        dmean: 1.49493157864
        dmean2: 2.47923493385
        dvar: 1.88233959675
        dvar2: 5.08230066299
        max: 24.8801040649
        mean: 6.35633897781
        median: 5.58021783829
        min: 2.3106970787
        var: 7.77106237411
    spectral_decrease:
        dmean: 1.88984675131e-010
        dmean2: 2.99013452887e-010
        dvar: 7.71121354594e-020
        dvar2: 1.88119935223e-019
        max: 9.42999819425e-029
        mean: -1.00916752732e-009
        median: -9.96138060927e-010
        min: -4.34876801236e-009
        var: 3.90187428043e-019
    spectral_energy:
        dmean: 0.000839562388137
        dmean2: 0.00133254670072
        dvar: 1.45878379954e-006
        dvar2: 3.58061129191e-006
        max: 0.0194907542318
        mean: 0.00456969765946
        median: 0.00454751355574
        min: 1.08167767219e-020
        var: 7.91193087935e-006
    spectral_energyband_high:
        dmean: 0.000121231241792
        dmean2: 0.000203740200959
        dvar: 3.38917018894e-008
        dvar2: 9.22230398714e-008
        max: 0.00339957303368
        mean: 0.000384805694921
        median: 0.000346055428963
        min: 7.80315499414e-021
        var: 1.07116342463e-007
    spectral_energyband_low:
        dmean: 0.000166874102433
        dmean2: 0.000270439399173
        dvar: 5.19013667599e-008
        dvar2: 1.3479620975e-007
        max: 0.00315548712388
        mean: 0.000339605030604
        median: 0.000257737730863
        min: 4.62409531376e-023
        var: 1.13606617447e-007
    spectral_energyband_middle_high:
        dmean: 0.000545116025023
        dmean2: 0.000876438687555
        dvar: 4.90573825118e-007
        dvar2: 1.22926383028e-006
        max: 0.0134313609451
        mean: 0.00247810943983
        median: 0.00237883464433
        min: 1.52177059487e-021
        var: 3.05880143969e-006
    spectral_energyband_middle_low:
        dmean: 0.000473648484331
        dmean2: 0.000751882966142
        dvar: 6.01960721269e-007
        dvar2: 1.46935553857e-006
        max: 0.0145863797516
        mean: 0.00149014266208
        median: 0.00115997844841
        min: 2.99969420542e-022
        var: 1.71234671598e-006
    spectral_flatness_db:
        dmean: 0.0117286331952
        dmean2: 0.0191013067961
        dvar: 0.000100496945379
        dvar2: 0.000252227444435
        max: 0.437312394381
        mean: 0.169125512242
        median: 0.155215799809
        min: 0.0665380358696
        var: 0.00248878612183
    spectral_flux:
        dmean: 0.00548921013251
        dmean2: 0.00858248677105
        dvar: 4.27804152423e-005
        dvar2: 9.72177513177e-005
        max: 0.107552364469
        mean: 0.0356116704643
        median: 0.0370010733604
        min: 1.04147683533e-010
        var: 0.000274075340712
    spectral_kurtosis:
        dmean: 1.77972948551
        dmean2: 3.12303781509
        dvar: 5.07690143585
        dvar2: 15.5619363785
        max: 38.6314620972
        mean: 4.65426015854
        median: 3.72519779205
        min: -1.22407901287
        var: 12.6461219788
    spectral_rms:
        dmean: 0.0001764192275
        dmean2: 0.000277186511084
        dvar: 4.2893514518e-008
        dvar2: 1.02403113544e-007
        max: 0.00436066137627
        mean: 0.00197843159549
        median: 0.00210632337257
        min: 3.24853078465e-012
        var: 5.4404392813e-007
    spectral_rolloff:
        dmean: 226.508880615
        dmean2: 378.931365967
        dvar: 88388.6328125
        dvar2: 178412.25
        max: 18820.0195313
        mean: 3136.19506836
        median: 3466.84570313
        min: 172.265625
        var: 883979
    spectral_skewness:
        dmean: 0.20149025321
        dmean2: 0.338479697704
        dvar: 0.0401801466942
        dvar2: 0.115703716874
        max: 5.02359771729
        mean: 1.28957474232
        median: 1.20776987076
        min: -0.0133213968948
        var: 0.275528907776
    spectral_spread:
        dmean: 267652.03125
        dmean2: 402840.8125
        dvar: 226485452800
        dvar2: 333900873728
        max: 41465504
        mean: 3456462.25
        median: 3354862.5
        min: 1536433.75
        var: 1.24561758618e+012
    spectral_strongpeak:
        dmean: 0.503973066807
        dmean2: 0.879066348076
        dvar: 0.606680631638
        dvar2: 1.56406450272
        max: 8.76085662842
        mean: 0.799626111984
        median: 0.33952409029
        min: 8.46646711072e-011
        var: 1.15463912487
    zerocrossingrate:
        dmean: 0.0055633969605
        dmean2: 0.00716467015445
        dvar: 3.13208256557e-005
        dvar2: 3.85500497941e-005
        max: 0.521484375
        mean: 0.0940671414137
        median: 0.099609375
        min: 0.00634765625
        var: 0.000753296772018
    barkbands:
        dmean: [1.89460379829e-007, 6.48447312415e-005, 9.69825632637e-005, 0.000151299085701, 0.000196591587155, 0.000145680838614, 0.000116383533168, 6.81511010043e-005, 0.00012499949662, 9.78379684966e-005, 5.90767122048e-005, 6.9726476795e-005, 6.94872651366e-005, 4.70208797196e-005, 8.42531444505e-005, 9.45719730225e-005, 0.000196912442334, 0.000146680875332, 0.000213042731048, 0.000136026501423, 6.35432952549e-005, 1.13621763376e-005, 1.97187500817e-006, 9.04768171495e-007, 4.05080157861e-007, 1.58283430807e-008, 2.41317604788e-010]
        dmean2: [2.95638471925e-007, 0.00010669236508, 0.000164207667694, 0.000242029476794, 0.000327951303916, 0.000239200060605, 0.000186798060895, 0.000111041634227, 0.000201804708922, 0.000155006200657, 9.80768818408e-005, 0.00011485331197, 0.000114187743748, 7.60490365792e-005, 0.000137936018291, 0.00015465557226, 0.00031707357266, 0.000239155968302, 0.000352187926183, 0.000225889845751, 0.000107414351078, 1.94357198779e-005, 3.29594217874e-006, 1.41337898185e-006, 6.0166860294e-007, 2.44555788953e-008, 4.25793567072e-010]
        dvar: [9.69204981571e-014, 1.17975362812e-008, 2.14795239373e-008, 1.27592102217e-007, 1.70885897433e-007, 7.53128048814e-008, 3.84444724943e-008, 2.15319353458e-008, 3.77282454167e-008, 3.06294474228e-008, 2.4811416921e-008, 2.54770924357e-008, 3.12147108161e-008, 1.54145052278e-008, 2.63388137967e-008, 3.00697848843e-008, 9.27554211216e-008, 4.74174832732e-008, 6.94457753525e-008, 3.39278152239e-008, 8.50869774638e-009, 4.79156658795e-010, 3.63358856892e-011, 9.84288778955e-012, 1.60696098355e-012, 2.28808353591e-015, 3.568523337e-019]
        dvar2: [2.26898794892e-013, 3.05589580307e-008, 6.02598149158e-008, 2.79439348105e-007, 4.46295160828e-007, 1.98841533461e-007, 9.370501175e-008, 5.6232924095e-008, 9.76289840082e-008, 7.51588302705e-008, 6.93457522516e-008, 6.68150690331e-008, 8.27950117355e-008, 3.74185447072e-008, 6.787836071e-008, 7.71853834181e-008, 2.28851590123e-007, 1.17995497817e-007, 1.80457945476e-007, 9.08632245e-008, 2.33722889931e-008, 1.30106903029e-009, 9.13789738322e-011, 2.26363320449e-011, 3.12616447486e-012, 5.40414940106e-015, 9.72100691318e-019]
        max: [3.86991086998e-006, 0.000962455989793, 0.00212343269959, 0.00474583683535, 0.0142071349546, 0.00638245278969, 0.00830950960517, 0.00322153582238, 0.00335830217227, 0.00441566156223, 0.00682402215898, 0.00457771029323, 0.00573065597564, 0.00335149536841, 0.00422845268622, 0.00564265670255, 0.00801784638315, 0.00556640280411, 0.00479579530656, 0.0032441355288, 0.00158874003682, 0.00038845668314, 0.000174644519575, 0.000132305605803, 3.72417198378e-005, 9.44311580042e-007, 2.59408654557e-008]
        mean: [2.40756264702e-007, 8.93131364137e-005, 0.000148456063471, 0.000208174416912, 0.000368951295968, 0.000288293347694, 0.000229703917284, 0.000114479262265, 0.000253231701208, 0.000197876608581, 0.000109862063255, 0.000121171266073, 0.000118117874081, 7.59660106269e-005, 0.000161520641996, 0.000186698511243, 0.000441444688477, 0.000347119610524, 0.000553346704692, 0.000343973078998, 0.000180240560439, 2.50737593888e-005, 3.70981933884e-006, 1.84128384717e-006, 8.64808384904e-007, 2.91412582953e-008, 2.66050098618e-010]
        median: [8.66636327146e-008, 4.2958316044e-005, 9.92231216514e-005, 7.59154136176e-005, 0.000181812531082, 0.0001610837935, 0.000116122486361, 5.80104751862e-005, 0.000152644279297, 0.000100593715615, 4.68175931019e-005, 5.26542789885e-005, 5.4195017583e-005, 3.7046851503e-005, 8.77053316799e-005, 0.000117201503599, 0.000273841287708, 0.000266179646133, 0.000496254360769, 0.000307104462991, 0.000154389563249, 1.93527503143e-005, 1.64001357916e-006, 5.07126173943e-007, 2.00391539806e-007, 5.87367354754e-009, 1.14214984692e-010]
        min: [2.98930931703e-024, 2.35102069881e-023, 8.84978873357e-024, 4.16806839286e-023, 8.46987332161e-023, 4.36270278183e-023, 1.8399943956e-023, 8.18126698172e-024, 5.88162826465e-023, 2.5981017162e-023, 2.90627622417e-023, 5.88423970979e-023, 9.98049840999e-023, 7.66454226287e-023, 5.89669992556e-023, 8.90967021825e-023, 1.86377211479e-022, 1.30950683075e-022, 2.3658610026e-022, 2.06244780662e-022, 4.13376821583e-022, 3.34550608759e-022, 5.70573929338e-022, 9.25183036863e-022, 1.13092189894e-021, 1.66217369961e-021, 2.36359670674e-021]
        var: [1.48609979032e-013, 1.634431257e-008, 3.14987111949e-008, 1.76763279569e-007, 3.936554549e-007, 1.81418897682e-007, 1.73101483369e-007, 3.6819741922e-008, 9.46697369386e-008, 9.25407732666e-008, 5.70714320247e-008, 6.23606197792e-008, 5.14846547617e-008, 2.4668109333e-008, 5.71288438778e-008, 6.78459457504e-008, 2.79987347085e-007, 1.35434362392e-007, 2.08959619385e-007, 9.03507597627e-008, 2.66238604496e-008, 7.41918915192e-010, 7.14216810693e-011, 2.81373639666e-011, 5.88726506781e-012, 4.68812788679e-015, 3.14805967682e-019]
    frequency_bands:
        dmean: [1.89460379829e-007, 6.48447312415e-005, 9.69825632637e-005, 0.000151299085701, 0.000196591587155, 0.000145680838614, 0.000116383533168, 6.81511010043e-005, 0.00012499949662, 9.78379684966e-005, 5.90767122048e-005, 6.9726476795e-005, 6.94872651366e-005, 4.70208797196e-005, 8.42531444505e-005, 9.45719730225e-005, 0.000196912442334, 0.000146680875332, 0.000213042731048, 0.000136026501423, 6.35432952549e-005, 1.13621763376e-005, 1.97187500817e-006, 9.04768171495e-007, 4.05080157861e-007, 1.58283430807e-008, 2.41317604788e-010, 5.13108687483e-011]
        dmean2: [2.95638471925e-007, 0.00010669236508, 0.000164207667694, 0.000242029476794, 0.000327951303916, 0.000239200060605, 0.000186798060895, 0.000111041634227, 0.000201804708922, 0.000155006200657, 9.80768818408e-005, 0.00011485331197, 0.000114187743748, 7.60490365792e-005, 0.000137936018291, 0.00015465557226, 0.00031707357266, 0.000239155968302, 0.000352187926183, 0.000225889845751, 0.000107414351078, 1.94357198779e-005, 3.29594217874e-006, 1.41337898185e-006, 6.0166860294e-007, 2.44555788953e-008, 4.25793567072e-010, 9.46086473053e-011]
        dvar: [9.69204981571e-014, 1.17975362812e-008, 2.14795239373e-008, 1.27592102217e-007, 1.70885897433e-007, 7.53128048814e-008, 3.84444724943e-008, 2.15319353458e-008, 3.77282454167e-008, 3.06294474228e-008, 2.4811416921e-008, 2.54770924357e-008, 3.12147108161e-008, 1.54145052278e-008, 2.63388137967e-008, 3.00697848843e-008, 9.27554211216e-008, 4.74174832732e-008, 6.94457753525e-008, 3.39278152239e-008, 8.50869774638e-009, 4.79156658795e-010, 3.63358856892e-011, 9.84288778955e-012, 1.60696098355e-012, 2.28808353591e-015, 3.568523337e-019, 5.53911318997e-021]
        dvar2: [2.26898794892e-013, 3.05589580307e-008, 6.02598149158e-008, 2.79439348105e-007, 4.46295160828e-007, 1.98841533461e-007, 9.370501175e-008, 5.6232924095e-008, 9.76289840082e-008, 7.51588302705e-008, 6.93457522516e-008, 6.68150690331e-008, 8.27950117355e-008, 3.74185447072e-008, 6.787836071e-008, 7.71853834181e-008, 2.28851590123e-007, 1.17995497817e-007, 1.80457945476e-007, 9.08632245e-008, 2.33722889931e-008, 1.30106903029e-009, 9.13789738322e-011, 2.26363320449e-011, 3.12616447486e-012, 5.40414940106e-015, 9.72100691318e-019, 1.7304746046e-020]
        max: [3.86991086998e-006, 0.000962455989793, 0.00212343269959, 0.00474583683535, 0.0142071349546, 0.00638245278969, 0.00830950960517, 0.00322153582238, 0.00335830217227, 0.00441566156223, 0.00682402215898, 0.00457771029323, 0.00573065597564, 0.00335149536841, 0.00422845268622, 0.00564265670255, 0.00801784638315, 0.00556640280411, 0.00479579530656, 0.0032441355288, 0.00158874003682, 0.00038845668314, 0.000174644519575, 0.000132305605803, 3.72417198378e-005, 9.44311580042e-007, 2.59408654557e-008, 9.21686393873e-010]
        mean: [2.40756264702e-007, 8.93131364137e-005, 0.000148456063471, 0.000208174416912, 0.000368951295968, 0.000288293347694, 0.000229703917284, 0.000114479262265, 0.000253231701208, 0.000197876608581, 0.000109862063255, 0.000121171266073, 0.000118117874081, 7.59660106269e-005, 0.000161520641996, 0.000186698511243, 0.000441444688477, 0.000347119610524, 0.000553346704692, 0.000343973078998, 0.000180240560439, 2.50737593888e-005, 3.70981933884e-006, 1.84128384717e-006, 8.64808384904e-007, 2.91412582953e-008, 2.66050098618e-010, 4.03748735833e-011]
        median: [8.66636327146e-008, 4.2958316044e-005, 9.92231216514e-005, 7.59154136176e-005, 0.000181812531082, 0.0001610837935, 0.000116122486361, 5.80104751862e-005, 0.000152644279297, 0.000100593715615, 4.68175931019e-005, 5.26542789885e-005, 5.4195017583e-005, 3.7046851503e-005, 8.77053316799e-005, 0.000117201503599, 0.000273841287708, 0.000266179646133, 0.000496254360769, 0.000307104462991, 0.000154389563249, 1.93527503143e-005, 1.64001357916e-006, 5.07126173943e-007, 2.00391539806e-007, 5.87367354754e-009, 1.14214984692e-010, 1.30647749563e-011]
        min: [2.98930931703e-024, 2.35102069881e-023, 8.84978873357e-024, 4.16806839286e-023, 8.46987332161e-023, 4.36270278183e-023, 1.8399943956e-023, 8.18126698172e-024, 5.88162826465e-023, 2.5981017162e-023, 2.90627622417e-023, 5.88423970979e-023, 9.98049840999e-023, 7.66454226287e-023, 5.89669992556e-023, 8.90967021825e-023, 1.86377211479e-022, 1.30950683075e-022, 2.3658610026e-022, 2.06244780662e-022, 4.13376821583e-022, 3.34550608759e-022, 5.70573929338e-022, 9.25183036863e-022, 1.13092189894e-021, 1.66217369961e-021, 2.36359670674e-021, 6.13679510632e-022]
        var: [1.48609979032e-013, 1.634431257e-008, 3.14987111949e-008, 1.76763279569e-007, 3.936554549e-007, 1.81418897682e-007, 1.73101483369e-007, 3.6819741922e-008, 9.46697369386e-008, 9.25407732666e-008, 5.70714320247e-008, 6.23606197792e-008, 5.14846547617e-008, 2.4668109333e-008, 5.71288438778e-008, 6.78459457504e-008, 2.79987347085e-007, 1.35434362392e-007, 2.08959619385e-007, 9.03507597627e-008, 2.66238604496e-008, 7.41918915192e-010, 7.14216810693e-011, 2.81373639666e-011, 5.88726506781e-012, 4.68812788679e-015, 3.14805967682e-019, 4.63964555449e-021]
    mfcc:
        mean: [-723.35748291, 122.628715515, -65.0831985474, 56.0166397095, -20.841506958, -13.1009502411, 2.3671848774, -6.29164075851, -0.176175892353, -7.60035943985, -4.94348478317, -5.66403961182, -6.38191509247]
        cov: [[6254.20605469, -495.566436768, -584.582214355, 1213.84008789, -200.953964233, 521.721923828, 15.7531051636, 180.703948975, 556.425842285, 142.66519165, 51.8961524963, 181.409011841, 175.874176025], [-495.566436768, 638.361816406, -174.827896118, -154.34677124, -72.0187454224, -85.0877075195, 41.1063194275, -41.072353363, -101.320877075, -37.4191894531, 43.0698928833, -5.315782547, -4.23760557175], [-584.582214355, -174.827896118, 539.019042969, -94.2756500244, 141.124588013, 37.9855613708, 13.8387985229, 22.5714492798, -50.005645752, 26.0831661224, -44.4519004822, -10.4227313995, -2.81355690956], [1213.84008789, -154.34677124, -94.2756500244, 721.728515625, -11.7226915359, 213.288619995, 11.0163030624, 72.2470169067, 259.803039551, 5.49203062057, -4.93693780899, 11.0630836487, 42.6366958618], [-200.953964233, -72.0187454224, 141.124588013, -11.7226915359, 164.597717285, 23.5721912384, 1.01455879211, 1.54565691948, -5.08747529984, 17.3652038574, -4.36841678619, -0.96780115366, -1.11047267914], [521.721923828, -85.0877075195, 37.9855613708, 213.288619995, 23.5721912384, 212.390136719, 44.4453163147, 40.6843185425, 100.802642822, 39.9911994934, 9.05858325958, 19.8205833435, 36.789264679], [15.7531051636, 41.1063194275, 13.8387985229, 11.0163030624, 1.01455879211, 44.4453163147, 90.9218673706, 45.9830970764, 20.6814174652, 6.90716600418, 16.2205848694, 12.161195755, 11.2599010468], [180.703948975, -41.072353363, 22.5714492798, 72.2470169067, 1.54565691948, 40.6843185425, 45.9830970764, 104.012741089, 59.0520477295, 20.9807319641, 14.4275131226, 22.3175086975, 15.3339262009], [556.425842285, -101.320877075, -50.005645752, 259.803039551, -5.08747529984, 100.802642822, 20.6814174652, 59.0520477295, 180.007537842, 41.137386322, 12.0351400375, 14.086066246, 26.695356369], [142.66519165, -37.4191894531, 26.0831661224, 5.49203062057, 17.3652038574, 39.9911994934, 6.90716600418, 20.9807319641, 41.137386322, 88.9470672607, 37.9165306091, 16.9693984985, 15.9366197586], [51.8961524963, 43.0698928833, -44.4519004822, -4.93693780899, -4.36841678619, 9.05858325958, 16.2205848694, 14.4275131226, 12.0351400375, 37.9165306091, 79.5929489136, 31.626367569, 13.2061166763], [181.409011841, -5.315782547, -10.4227313995, 11.0630836487, -0.96780115366, 19.8205833435, 12.161195755, 22.3175086975, 14.086066246, 16.9693984985, 31.626367569, 65.5480270386, 31.6806697845], [175.874176025, -4.23760557175, -2.81355690956, 42.6366958618, -1.11047267914, 36.789264679, 11.2599010468, 15.3339262009, 26.695356369, 15.9366197586, 13.2061166763, 31.6806697845, 64.110168457]]
        icov: [[0.000357199140126, 0.000201816728804, 0.000396488117985, -0.000378449476557, 0.000277908460703, -0.000397091353079, 0.000122308134451, -8.81441665115e-005, 6.94432019372e-005, -0.000512701983098, 0.000465119373985, -0.000784167204984, -7.49699465814e-005], [0.000201816728804, 0.00243637873791, 0.000866392801981, -0.000278839463135, 0.0005207855138, 0.000264488509856, -0.00181025068741, 0.000678001670167, 0.00137000472751, 8.12367288745e-005, -0.00101625046227, 0.000382628146326, -0.000726519734599], [0.000396488117985, 0.000866392801981, 0.00359446532093, -0.000270572054433, -0.00173317431472, -0.00105511210859, -0.000469441816676, -0.00121504347771, 0.00203263666481, -0.00203171372414, 0.00255905278027, -0.000610909948591, -0.000310809846269], [-0.000378449476557, -0.000278839463135, -0.000270572054433, 0.0043899375014, -0.000342826766428, -0.00214814092033, 0.00188042374793, -0.000386868370697, -0.00520016439259, 0.00395683059469, -0.00120640080422, 0.00144256849308, -0.000205226591788], [0.000277908460703, 0.0005207855138, -0.00173317431472, -0.000342826766428, 0.00829735677689, -0.000754702894483, 8.16211322672e-005, 0.0007523742388, 8.74685647432e-005, -0.000970991153736, -0.000436246569734, -0.000618937250692, 0.000407149345847], [-0.000397091353079, 0.000264488509856, -0.00105511210859, -0.00214814092033, -0.000754702894483, 0.0100602544844, -0.00503527373075, 0.00194198579993, -0.000610183982644, -0.00289636501111, 0.000656257092487, 0.000110931323434, -0.00209300243296], [0.000122308134451, -0.00181025068741, -0.000469441816676, 0.00188042374793, 8.16211322672e-005, -0.00503527373075, 0.0186328794807, -0.00795452110469, -0.0016030020779, 0.00354384724051, -0.00273057352751, 0.000752711901441, -0.000228417789913], [-8.81441665115e-005, 0.000678001670167, -0.00121504347771, -0.000386868370697, 0.0007523742388, 0.00194198579993, -0.00795452110469, 0.0166732538491, -0.00435143103823, -0.000861283158883, -0.000169048202224, -0.00369844003581, 0.000686848827172], [6.94432019372e-005, 0.00137000472751, 0.00203263666481, -0.00520016439259, 8.74685647432e-005, -0.000610183982644, -0.0016030020779, -0.00435143103823, 0.0178223289549, -0.00739511940628, 0.00191227672622, 0.00086676486535, -0.00128349580336], [-0.000512701983098, 8.12367288745e-005, -0.00203171372414, 0.00395683059469, -0.000970991153736, -0.00289636501111, 0.00354384724051, -0.000861283158883, -0.00739511940628, 0.0217119418085, -0.0110405990854, 0.00300446455367, -0.00160827068612], [0.000465119373985, -0.00101625046227, 0.00255905278027, -0.00120640080422, -0.000436246569734, 0.000656257092487, -0.00273057352751, -0.000169048202224, 0.00191227672622, -0.0110405990854, 0.0233314037323, -0.0100991176441, 0.00184009852819], [-0.000784167204984, 0.000382628146326, -0.000610909948591, 0.00144256849308, -0.000618937250692, 0.000110931323434, 0.000752711901441, -0.00369844003581, 0.00086676486535, 0.00300446455367, -0.0100991176441, 0.0272335335612, -0.010616838932], [-7.49699465814e-005, -0.000726519734599, -0.000310809846269, -0.000205226591788, 0.000407149345847, -0.00209300243296, -0.000228417789913, 0.000686848827172, -0.00128349580336, -0.00160827068612, 0.00184009852819, -0.010616838932, 0.0227641910315]]
    sccoeffs:
        dmean: [0.0495293885469, 0.0427606329322, 0.0365999527276, 0.0286259669811, 0.0197706017643, 0.0163865797222]
        dmean2: [0.082172781229, 0.0712539106607, 0.0604897662997, 0.047371443361, 0.0326881371439, 0.0258477553725]
        dvar: [0.00166219647508, 0.00118653115351, 0.000876329664607, 0.000511453486979, 0.000279528670944, 0.000264502188656]
        dvar2: [0.00445577222854, 0.00328901852481, 0.00234089698642, 0.00134964729659, 0.000704037840478, 0.000555910926778]
        max: [-0.217531189322, -0.352155536413, -0.505036830902, -0.569427549839, -0.587337911129, -0.526575624943]
        mean: [-0.645969867706, -0.744940400124, -0.758667886257, -0.776779770851, -0.780276656151, -0.711291074753]
        median: [-0.659977018833, -0.754883050919, -0.766438484192, -0.78167951107, -0.789264857769, -0.719910144806]
        min: [-0.959711134434, -0.959879517555, -0.965314924717, -0.968469023705, -0.961593449116, -0.962161064148]
        var: [0.00777420587838, 0.00501710921526, 0.00375997228548, 0.00241347425617, 0.00205636885948, 0.0033786946442]
    scvalleys:
        dmean: [0.368032544851, 0.307320415974, 0.279844343662, 0.239056199789, 0.186459302902, 0.212256371975]
        dmean2: [0.618433833122, 0.507112562656, 0.454589366913, 0.385232537985, 0.297130167484, 0.317417323589]
        dvar: [0.102252826095, 0.0733695179224, 0.0643454194069, 0.0512119159102, 0.0441636294127, 0.101832166314]
        dvar2: [0.272254854441, 0.176189512014, 0.143331423402, 0.107941478491, 0.084855273366, 0.209887042642]
        max: [-5.38632726669, -4.72283792496, -4.75768661499, -5.45369625092, -5.47787094116, -7.65262508392]
        mean: [-7.25076341629, -6.61405277252, -6.95626783371, -7.34948539734, -7.09554815292, -10.6505622864]
        median: [-6.78131246567, -6.44464492798, -6.79024076462, -7.11570453644, -6.66175746918, -10.2100791931]
        min: [-27.2977981567, -27.5109958649, -27.3864707947, -27.3114147186, -27.2503528595, -27.290643692]
        var: [1.99533438683, 0.963714361191, 0.97936296463, 1.10717785358, 1.30421853065, 2.19028663635]

rhythm:
    beats_loudness:
        dmean: 0.00198160996661
        dmean2: 0.00336287682876
        dvar: 3.45196144735e-006
        dvar2: 9.37478671403e-006
        max: 0.0161642562598
        mean: 0.00534354383126
        median: 0.00529748946428
        min: 7.83271545401e-008
        var: 9.6901658253e-006
    bpm: 151.86491394
    bpm_confidence: 0
    first_peak_bpm: 152
    first_peak_spread: 0.160804003477
    first_peak_weight: 0.613219082355
    onset_rate: 1.65022969246
    second_peak_bpm: 157
    second_peak_spread: 0.0657894834876
    second_peak_weight: 0.0869033038616
    beats_loudness_band_ratio:
        dmean: [0.147965088487, 0.0890059247613, 0.0819558277726, 0.0746196433902, 0.102594487369, 0.0786823555827]
        dmean2: [0.269103288651, 0.151461750269, 0.141662433743, 0.128243416548, 0.17482458055, 0.137271314859]
        dvar: [0.0163916945457, 0.0083617605269, 0.00784637592733, 0.00735047226772, 0.0070056207478, 0.00487239798531]
        dvar2: [0.0475287139416, 0.0234940517694, 0.0224316269159, 0.0220599416643, 0.0198999587446, 0.0138359973207]
        max: [0.721771359444, 0.836547613144, 0.811586260796, 0.567631304264, 0.682254254818, 0.542797744274]
        mean: [0.170633912086, 0.142417252064, 0.159216970205, 0.130113050342, 0.232099533081, 0.194215193391]
        median: [0.121637389064, 0.107560351491, 0.11729863286, 0.0944520533085, 0.219321995974, 0.185376107693]
        min: [0.000592365395278, 0.0102090267465, 0.00122085982002, 0.000359401892638, 0.00176636793185, 0.0025993634481]
        var: [0.0211781933904, 0.0161349475384, 0.0164011009037, 0.0111771412194, 0.014845087193, 0.0119051188231]
