
metadata:
    version:
        essentia: "2.1-beta2"
    audio_properties:
        analysis_sample_rate: 44100
        bitrate: 320
        channels: 2
        equal_loudness: 1
        length: 287.58203125
        replay_gain: -15.4965019226
        downmix: "mix"
    tags:
        album: "Ire"
        artist: "Parkway Drive"
        comment: ""
        date: "2015"
        genre: "Alternative"
        title: "Destroyer"
        tracknumber: "01/11"

configuration:
    average_loudness:
        compute: 1
        frameSize: 88200
        hopSize: 44100
        silentFrames: "noise"
        windowType: "hann"
    general:
        analysisSampleRate: 44100
        endTime: 2000
        equalLoudness: 1
        nequalLoudness: 0
        shortSound: 0
        startTime: 0
    lowlevel:
        compute: 1
        frameSize: 2048
        hopSize: 1024
        zeroPadding: 0
        silentFrames: "noise"
        windowType: "blackmanharris62"
        mfccStats: ["mean", "cov", "icov"]
        stats: ["mean", "var", "median", "min", "max", "dmean", "dmean2", "dvar", "dvar2"]
    panning:
        compute: 0
        frameSize: 8192
        hopSize: 2048
        zeroPadding: 8192
        silentFrames: "noise"
        windowType: "hann"
        stats: ["copy"]
    rhythm:
        compute: 1
        maxTempo: 208
        minTempo: 40
        method: "degara"
        stats: ["mean", "var", "median", "min", "max", "dmean", "dmean2", "dvar", "dvar2"]
    segmentation:
        compute: 0
        cpw: 5
        inc1: 300
        inc2: 50
        minimumSegmentsLength: 10
        size1: 1000
        size2: 600
    sfx:
        compute: 1
        stats: ["mean", "var", "median", "min", "max", "dmean", "dmean2", "dvar", "dvar2"]
    svm:
        compute: 0
    tonal:
        compute: 1
        frameSize: 4096
        hopSize: 2048
        zeroPadding: 0
        silentFrames: "noise"
        windowType: "blackmanharris62"
        stats: ["mean", "var", "median", "min", "max", "dmean", "dmean2", "dvar", "dvar2"]

lowlevel:
    average_loudness: 0.897798657417
    barkbands_kurtosis:
        dmean: 0.706534683704
        dmean2: 1.21294879913
        dvar: 1.86527407169
        dvar2: 5.25946092606
        max: 40.8992538452
        mean: -0.38672554493
        median: -0.939613878727
        min: -1.88467502594
        var: 5.51300764084
    barkbands_skewness:
        dmean: 0.390025943518
        dmean2: 0.626317501068
        dvar: 0.175545156002
        dvar2: 0.450039863586
        max: 4.78079509735
        mean: -0.128935366869
        median: -0.204996392131
        min: -3.34860110283
        var: 0.61982434988
    barkbands_spread:
        dmean: 5.23372888565
        dmean2: 8.54197406769
        dvar: 23.6003799438
        dvar2: 60.3602104187
        max: 71.2124862671
        mean: 30.9281787872
        median: 31.0947971344
        min: 1.02987527847
        var: 105.687644958
    dissonance:
        dmean: 0.0108217326924
        dmean2: 0.0186740178615
        dvar: 0.000144283127156
        dvar2: 0.000394787668483
        max: 0.500000059605
        mean: 0.483146876097
        median: 0.487829148769
        min: 0.158555045724
        var: 0.000284308363916
    hfc:
        dmean: 2.05485963821
        dmean2: 3.355656147
        dvar: 7.60128498077
        dvar2: 19.7194747925
        max: 43.2721443176
        mean: 7.55582761765
        median: 7.49370908737
        min: 1.0560007399e-016
        var: 20.1288223267
    pitch:
        dmean: 676.905700684
        dmean2: 1279.05297852
        dvar: 1305824.875
        dvar2: 3335168.25
        max: 4807.02294922
        mean: 850.863647461
        median: 310.469512939
        min: 43.0509109497
        var: 1430725.5
    pitch_instantaneous_confidence:
        dmean: 0.0768638774753
        dmean2: 0.125094920397
        dvar: 0.00493538472801
        dvar2: 0.0114124398679
        max: 0.927126526833
        mean: 0.334257900715
        median: 0.29312813282
        min: 0.0823375582695
        var: 0.0215250849724
    pitch_salience:
        dmean: 0.0599108450115
        dmean2: 0.10025498271
        dvar: 0.00352347479202
        dvar2: 0.0099588567391
        max: 0.978573620319
        mean: 0.679429709911
        median: 0.69183909893
        min: 0.214210405946
        var: 0.00591842457652
    silence_rate_20dB:
        dmean: 0
        dmean2: 0
        dvar: 0
        dvar2: 0
        max: 1
        mean: 1
        median: 1
        min: 1
        var: 0
    silence_rate_30dB:
        dmean: 0
        dmean2: 0
        dvar: 0
        dvar2: 0
        max: 1
        mean: 1
        median: 1
        min: 1
        var: 0
    silence_rate_60dB:
        dmean: 0.0779912769794
        dmean2: 0.155995160341
        dvar: 0.071916885674
        dvar2: 0.15812972188
        max: 1
        mean: 0.287721008062
        median: 0
        min: 0
        var: 0.204920575023
    spectral_centroid:
        dmean: 292.49005127
        dmean2: 464.805847168
        dvar: 100713.554688
        dvar2: 227502.65625
        max: 11850.4609375
        mean: 1874.04150391
        median: 1796.78063965
        min: 125.243713379
        var: 1525346
    spectral_complexity:
        dmean: 3.86953020096
        dmean2: 6.1130399704
        dvar: 14.7084522247
        dvar2: 35.2380599976
        max: 47
        mean: 16.8845558167
        median: 17
        min: 0
        var: 78.4320144653
    spectral_crest:
        dmean: 1.83079147339
        dmean2: 3.10671043396
        dvar: 4.12543058395
        dvar2: 11.2261772156
        max: 20.911233902
        mean: 5.77003622055
        median: 5.03186607361
        min: 2.24889039993
        var: 6.33006811142
    spectral_decrease:
        dmean: 2.9268704127e-010
        dmean2: 4.80880057996e-010
        dvar: 3.10338080851e-019
        dvar2: 8.40577526356e-019
        max: 2.08917441463e-028
        mean: -9.62305457541e-010
        median: -8.96574647857e-010
        min: -5.43118883201e-009
        var: 4.54704388045e-019
    spectral_energy:
        dmean: 0.00125297799241
        dmean2: 0.00205137394369
        dvar: 4.81164079247e-006
        dvar2: 1.2972616787e-005
        max: 0.0219693146646
        mean: 0.00431729806587
        median: 0.00409213639796
        min: 1.00841661178e-020
        var: 8.03736020316e-006
    spectral_energyband_high:
        dmean: 0.000190787293832
        dmean2: 0.000325322558638
        dvar: 8.53907806686e-008
        dvar2: 2.28198473451e-007
        max: 0.00486607523635
        mean: 0.000403235753765
        median: 0.00033416567021
        min: 6.84824121602e-021
        var: 1.2379551606e-007
    spectral_energyband_low:
        dmean: 0.000232177830185
        dmean2: 0.000381628167816
        dvar: 8.45084002776e-008
        dvar2: 2.2058256377e-007
        max: 0.00368168833666
        mean: 0.000402399542509
        median: 0.000280918349745
        min: 1.35286584465e-023
        var: 1.58351014079e-007
    spectral_energyband_middle_high:
        dmean: 0.000534790568054
        dmean2: 0.000856103608385
        dvar: 3.68571647869e-007
        dvar2: 9.12047539714e-007
        max: 0.0102431615815
        mean: 0.00226028985344
        median: 0.0022828464862
        min: 1.09680796881e-021
        var: 1.6643402887e-006
    spectral_energyband_middle_low:
        dmean: 0.00086596008623
        dmean2: 0.00146541069262
        dvar: 4.61704303234e-006
        dvar2: 1.26811792143e-005
        max: 0.0185457952321
        mean: 0.00137787114363
        median: 0.00085425429279
        min: 1.63556967482e-022
        var: 4.18525087298e-006
    spectral_flatness_db:
        dmean: 0.0130723956972
        dmean2: 0.0216306876391
        dvar: 0.000188963342225
        dvar2: 0.000519610650372
        max: 0.414840340614
        mean: 0.146248430014
        median: 0.136336505413
        min: 0.0588984824717
        var: 0.0015712454915
    spectral_flux:
        dmean: 0.00745413824916
        dmean2: 0.0113288275898
        dvar: 0.000108378480945
        dvar2: 0.000238069042098
        max: 0.13181912899
        mean: 0.0395763330162
        median: 0.0400197729468
        min: 6.28417526349e-011
        var: 0.000353127456037
    spectral_kurtosis:
        dmean: 1.90395581722
        dmean2: 3.31023645401
        dvar: 19.6699237823
        dvar2: 59.4067382813
        max: 81.6137237549
        mean: 5.2803273201
        median: 3.29738664627
        min: -1.26162862778
        var: 74.1912841797
    spectral_rms:
        dmean: 0.000253465696005
        dmean2: 0.00040376020479
        dvar: 1.25462364053e-007
        dvar2: 3.25524950995e-007
        max: 0.00462963059545
        mean: 0.00191590038594
        median: 0.00199808110483
        min: 3.13659233135e-012
        var: 5.41322890513e-007
    spectral_rolloff:
        dmean: 387.043151855
        dmean2: 639.324890137
        dvar: 273203.90625
        dvar2: 649406.1875
        max: 19466.015625
        mean: 3508.84448242
        median: 3531.4453125
        min: 150.732421875
        var: 4100006.75
    spectral_skewness:
        dmean: 0.210324034095
        dmean2: 0.352809429169
        dvar: 0.0807211622596
        dvar2: 0.238633617759
        max: 6.24184465408
        mean: 1.38400816917
        median: 1.26883041859
        min: -0.105130523443
        var: 0.522025585175
    spectral_spread:
        dmean: 340656.71875
        dmean2: 530683.5
        dvar: 404851392512
        dvar2: 714853974016
        max: 42791428
        mean: 4376281.5
        median: 3894281
        min: 760181.8125
        var: 2.00140337971e+013
    spectral_strongpeak:
        dmean: 0.385748326778
        dmean2: 0.681773304939
        dvar: 0.330091238022
        dvar2: 0.878043889999
        max: 6.66873168945
        mean: 0.478759258986
        median: 0.232005104423
        min: 0
        var: 0.397023022175
    zerocrossingrate:
        dmean: 0.00820865202695
        dmean2: 0.010498855263
        dvar: 8.58800704009e-005
        dvar2: 0.000109942950075
        max: 0.52392578125
        mean: 0.104088023305
        median: 0.1025390625
        min: 0.005859375
        var: 0.00291043380275
    barkbands:
        dmean: [1.00943118753e-007, 8.19737761049e-005, 0.000127589024487, 0.00025089175324, 0.000529776443727, 0.000100803430541, 7.27746373741e-005, 6.96405040799e-005, 0.000123156059999, 9.55453215283e-005, 9.86263112281e-005, 9.12826290005e-005, 8.47074115882e-005, 8.39465428726e-005, 8.7139691459e-005, 0.000122152734548, 0.000109784486995, 0.000104091632238, 0.000193762214622, 0.000154660476255, 9.86143859336e-005, 3.27722082147e-005, 4.80078051623e-006, 1.64030075211e-006, 6.19998161255e-007, 1.65841047561e-008, 2.19599449736e-010]
        dmean2: [1.68236311993e-007, 0.000134708665428, 0.000211363105336, 0.000432444794569, 0.000926428590901, 0.000166750411154, 0.000124777609017, 0.000117741124996, 0.000204402400414, 0.000159573828569, 0.00016375312407, 0.00015231098223, 0.000141141601489, 0.000137794297189, 0.000142096716445, 0.000198893787456, 0.000183231735718, 0.00017230217054, 0.000323979416862, 0.000261097215116, 0.000169803155586, 5.56365557713e-005, 8.01665919425e-006, 2.65380231212e-006, 9.90273861134e-007, 2.65182453774e-008, 3.88650805982e-010]
        dvar: [7.95998060217e-014, 1.38077735912e-008, 3.39771695224e-008, 3.65971430938e-007, 2.3506981961e-006, 3.49264546173e-008, 2.58415386867e-008, 1.49399941307e-008, 3.93031385215e-008, 2.76378990804e-008, 2.52741507722e-008, 2.59315502404e-008, 1.86869559826e-008, 1.74499543704e-008, 1.94486471372e-008, 2.37457715713e-008, 1.87837603249e-008, 2.17356816989e-008, 5.86273998238e-008, 4.75423220792e-008, 2.48842315642e-008, 3.60810159528e-009, 1.22303722705e-010, 1.79629332242e-011, 4.98135994259e-012, 2.39784333577e-015, 9.15364269706e-020]
        dvar2: [2.1584624821e-013, 3.58529170796e-008, 8.94402489848e-008, 1.00625152299e-006, 6.63479022478e-006, 8.83495943071e-008, 7.07504952402e-008, 4.01091000413e-008, 1.06986497883e-007, 7.38508845188e-008, 6.82326088963e-008, 6.80838780909e-008, 5.05954353969e-008, 4.4726768067e-008, 5.07651556347e-008, 6.11268120565e-008, 4.92819296483e-008, 5.43318670054e-008, 1.5711535184e-007, 1.2550022177e-007, 6.70410571502e-008, 9.19588494241e-009, 2.9432406512e-010, 4.04677055754e-011, 1.2451186783e-011, 5.61120321689e-015, 2.63443040576e-019]
        max: [6.80013545207e-006, 0.00120894482825, 0.00278368149884, 0.00555831752717, 0.0132382409647, 0.00327765382826, 0.00249944580719, 0.00370009732433, 0.00277618202381, 0.00294733070768, 0.003467094386, 0.00539874657989, 0.00365156587213, 0.00254869414493, 0.00329016102478, 0.00387460528873, 0.00262130307965, 0.00506487162784, 0.00419605849311, 0.00460253329948, 0.00460284901783, 0.00138084520586, 0.000221559530473, 8.82224776433e-005, 0.000120240394608, 1.5890677787e-006, 6.29375351835e-009]
        mean: [1.40822507433e-007, 0.000127826380776, 0.000177914145752, 0.000248923606705, 0.000521062349435, 0.00014763942454, 8.97669742699e-005, 0.000104670856672, 0.000220632195123, 0.000162323820405, 0.000169584862306, 0.000162112468388, 0.00015463771706, 0.000147176542669, 0.000169409831869, 0.000253883656114, 0.000220296860789, 0.000225794385187, 0.00043916614959, 0.000327916146489, 0.000181239229278, 5.38532985956e-005, 7.46740170143e-006, 2.75853676612e-006, 1.06824450086e-006, 3.06555598684e-008, 2.9024596615e-010]
        median: [3.71805235488e-008, 7.08515653969e-005, 0.000101794459624, 6.7072440288e-005, 0.000138716844958, 6.80451121298e-005, 3.80075653084e-005, 5.82589163969e-005, 0.000119696560432, 8.2372003817e-005, 9.61920886766e-005, 9.39583260333e-005, 0.000102124380646, 9.64962237049e-005, 0.000116595707368, 0.000207831457374, 0.000183818730875, 0.000197543951799, 0.000394780072384, 0.000279579689959, 0.000142015938764, 3.47540517396e-005, 3.21651032209e-006, 1.34969525334e-006, 5.12865426572e-007, 1.68837175352e-008, 1.77014541913e-010]
        min: [1.01292513569e-025, 1.21782108155e-024, 1.11958019011e-024, 2.63643576108e-025, 5.63324665228e-024, 4.1877864445e-024, 4.89459122165e-024, 6.95836691783e-024, 1.0586048709e-023, 3.7623872849e-024, 1.21503677727e-023, 1.53120836266e-023, 2.14755706305e-023, 1.80150176996e-023, 3.37679073337e-023, 4.54718169104e-023, 6.74388289522e-023, 9.50409710517e-023, 5.87659974969e-023, 1.61113177372e-022, 2.04398745169e-022, 3.13229528648e-022, 3.62319951505e-022, 5.49517729787e-022, 7.70478249941e-022, 1.20865456122e-021, 1.92669287228e-021]
        var: [1.30571592492e-013, 2.39139463787e-008, 5.05578583443e-008, 3.12072984343e-007, 1.76565526999e-006, 5.05158581632e-008, 2.61119890155e-008, 2.13828812434e-008, 7.71122543597e-008, 5.16995761757e-008, 4.54297932606e-008, 4.65758240864e-008, 3.2665496974e-008, 2.97875875077e-008, 3.69750381424e-008, 4.97565721957e-008, 3.45595196904e-008, 3.65119348089e-008, 1.10985446611e-007, 7.78241826538e-008, 3.18006705413e-008, 4.97316676729e-009, 1.95394103675e-010, 2.76698473162e-011, 5.88550215508e-012, 3.33703770285e-015, 1.24834220637e-019]
    frequency_bands:
        dmean: [1.00943118753e-007, 8.19737761049e-005, 0.000127589024487, 0.00025089175324, 0.000529776443727, 0.000100803430541, 7.27746373741e-005, 6.96405040799e-005, 0.000123156059999, 9.55453215283e-005, 9.86263112281e-005, 9.12826290005e-005, 8.47074115882e-005, 8.39465428726e-005, 8.7139691459e-005, 0.000122152734548, 0.000109784486995, 0.000104091632238, 0.000193762214622, 0.000154660476255, 9.86143859336e-005, 3.27722082147e-005, 4.80078051623e-006, 1.64030075211e-006, 6.19998161255e-007, 1.65841047561e-008, 2.19599449736e-010, 4.94115200145e-011]
        dmean2: [1.68236311993e-007, 0.000134708665428, 0.000211363105336, 0.000432444794569, 0.000926428590901, 0.000166750411154, 0.000124777609017, 0.000117741124996, 0.000204402400414, 0.000159573828569, 0.00016375312407, 0.00015231098223, 0.000141141601489, 0.000137794297189, 0.000142096716445, 0.000198893787456, 0.000183231735718, 0.00017230217054, 0.000323979416862, 0.000261097215116, 0.000169803155586, 5.56365557713e-005, 8.01665919425e-006, 2.65380231212e-006, 9.90273861134e-007, 2.65182453774e-008, 3.88650805982e-010, 9.15281322955e-011]
        dvar: [7.95998060217e-014, 1.38077735912e-008, 3.39771695224e-008, 3.65971430938e-007, 2.3506981961e-006, 3.49264546173e-008, 2.58415386867e-008, 1.49399941307e-008, 3.93031385215e-008, 2.76378990804e-008, 2.52741507722e-008, 2.59315502404e-008, 1.86869559826e-008, 1.74499543704e-008, 1.94486471372e-008, 2.37457715713e-008, 1.87837603249e-008, 2.17356816989e-008, 5.86273998238e-008, 4.75423220792e-008, 2.48842315642e-008, 3.60810159528e-009, 1.22303722705e-010, 1.79629332242e-011, 4.98135994259e-012, 2.39784333577e-015, 9.15364269706e-020, 5.15542457427e-021]
        dvar2: [2.1584624821e-013, 3.58529170796e-008, 8.94402489848e-008, 1.00625152299e-006, 6.63479022478e-006, 8.83495943071e-008, 7.07504952402e-008, 4.01091000413e-008, 1.06986497883e-007, 7.38508845188e-008, 6.82326088963e-008, 6.80838780909e-008, 5.05954353969e-008, 4.4726768067e-008, 5.07651556347e-008, 6.11268120565e-008, 4.92819296483e-008, 5.43318670054e-008, 1.5711535184e-007, 1.2550022177e-007, 6.70410571502e-008, 9.19588494241e-009, 2.9432406512e-010, 4.04677055754e-011, 1.2451186783e-011, 5.61120321689e-015, 2.63443040576e-019, 1.62354567767e-020]
        max: [6.80013545207e-006, 0.00120894482825, 0.00278368149884, 0.00555831752717, 0.0132382409647, 0.00327765382826, 0.00249944580719, 0.00370009732433, 0.00277618202381, 0.00294733070768, 0.003467094386, 0.00539874657989, 0.00365156587213, 0.00254869414493, 0.00329016102478, 0.00387460528873, 0.00262130307965, 0.00506487162784, 0.00419605849311, 0.00460253329948, 0.00460284901783, 0.00138084520586, 0.000221559530473, 8.82224776433e-005, 0.000120240394608, 1.5890677787e-006, 6.29375351835e-009, 9.42117828195e-010]
        mean: [1.40822507433e-007, 0.000127826380776, 0.000177914145752, 0.000248923606705, 0.000521062349435, 0.00014763942454, 8.97669742699e-005, 0.000104670856672, 0.000220632195123, 0.000162323820405, 0.000169584862306, 0.000162112468388, 0.00015463771706, 0.000147176542669, 0.000169409831869, 0.000253883656114, 0.000220296860789, 0.000225794385187, 0.00043916614959, 0.000327916146489, 0.000181239229278, 5.38532985956e-005, 7.46740170143e-006, 2.75853676612e-006, 1.06824450086e-006, 3.06555598684e-008, 2.9024596615e-010, 3.83879733556e-011]
        median: [3.71805235488e-008, 7.08515653969e-005, 0.000101794459624, 6.7072440288e-005, 0.000138716844958, 6.80451121298e-005, 3.80075653084e-005, 5.82589163969e-005, 0.000119696560432, 8.2372003817e-005, 9.61920886766e-005, 9.39583260333e-005, 0.000102124380646, 9.64962237049e-005, 0.000116595707368, 0.000207831457374, 0.000183818730875, 0.000197543951799, 0.000394780072384, 0.000279579689959, 0.000142015938764, 3.47540517396e-005, 3.21651032209e-006, 1.34969525334e-006, 5.12865426572e-007, 1.68837175352e-008, 1.77014541913e-010, 1.37571681477e-011]
        min: [1.01292513569e-025, 1.21782108155e-024, 1.11958019011e-024, 2.63643576108e-025, 5.63324665228e-024, 4.1877864445e-024, 4.89459122165e-024, 6.95836691783e-024, 1.0586048709e-023, 3.7623872849e-024, 1.21503677727e-023, 1.53120836266e-023, 2.14755706305e-023, 1.80150176996e-023, 3.37679073337e-023, 4.54718169104e-023, 6.74388289522e-023, 9.50409710517e-023, 5.87659974969e-023, 1.61113177372e-022, 2.04398745169e-022, 3.13229528648e-022, 3.62319951505e-022, 5.49517729787e-022, 7.70478249941e-022, 1.20865456122e-021, 1.92669287228e-021, 3.71296835197e-022]
        var: [1.30571592492e-013, 2.39139463787e-008, 5.05578583443e-008, 3.12072984343e-007, 1.76565526999e-006, 5.05158581632e-008, 2.61119890155e-008, 2.13828812434e-008, 7.71122543597e-008, 5.16995761757e-008, 4.54297932606e-008, 4.65758240864e-008, 3.2665496974e-008, 2.97875875077e-008, 3.69750381424e-008, 4.97565721957e-008, 3.45595196904e-008, 3.65119348089e-008, 1.10985446611e-007, 7.78241826538e-008, 3.18006705413e-008, 4.97316676729e-009, 1.95394103675e-010, 2.76698473162e-011, 5.88550215508e-012, 3.33703770285e-015, 1.24834220637e-019, 4.07740022927e-021]
    mfcc:
        mean: [-718.280639648, 107.403930664, -58.0358428955, 46.7324104309, -15.5200853348, 5.61243438721, 5.35327291489, -1.50177168846, 4.39315080643, -1.58073699474, -5.07332086563, -6.55004692078, -4.05336809158]
        cov: [[9902.55761719, 195.987121582, -1658.87658691, 1360.04040527, -695.843933105, 171.311294556, 208.82673645, 26.6896896362, -93.9113311768, -174.337051392, -51.0735397339, -8.43329811096, -86.2831115723], [195.987121582, 897.328613281, -108.438102722, -23.6845436096, 35.2847442627, -25.5616664886, -29.0635452271, -33.7936973572, 78.6924972534, 47.0511398315, -12.6762905121, -35.054851532, -7.91547775269], [-1658.87658691, -108.438102722, 838.463806152, -238.745620728, 246.028533936, 10.9775562286, -83.0268325806, 14.6060771942, -65.4858474731, -5.5971660614, -18.8805904388, 13.5489473343, 4.53223896027], [1360.04040527, -23.6845436096, -238.745620728, 469.753509521, -87.3045196533, 56.8000907898, 65.8117218018, 7.8240814209, -8.621758461, -48.2416725159, 19.1954860687, 13.8846559525, 4.86991691589], [-695.843933105, 35.2847442627, 246.028533936, -87.3045196533, 206.552612305, 34.0586891174, -21.4088058472, -8.47161960602, 1.71551024914, 25.7074813843, 2.53919696808, -4.8811674118, 8.42518424988], [171.311294556, -25.5616664886, 10.9775562286, 56.8000907898, 34.0586891174, 110.433776855, 46.1478042603, 27.2719478607, 0.599786162376, -1.30794382095, 9.88696956635, 7.54287958145, 2.23577308655], [208.82673645, -29.0635452271, -83.0268325806, 65.8117218018, -21.4088058472, 46.1478042603, 128.874603271, 69.1372680664, 31.7726860046, 3.36694693565, 9.81424427032, 19.6654872894, 4.21966218948], [26.6896896362, -33.7936973572, 14.6060771942, 7.8240814209, -8.47161960602, 27.2719478607, 69.1372680664, 112.581687927, 46.5532608032, 17.646938324, 6.29186201096, 21.4594173431, 10.9670352936], [-93.9113311768, 78.6924972534, -65.4858474731, -8.621758461, 1.71551024914, 0.599786162376, 31.7726860046, 46.5532608032, 94.3519363403, 48.0408287048, 18.8504428864, 10.1530666351, 12.4571037292], [-174.337051392, 47.0511398315, -5.5971660614, -48.2416725159, 25.7074813843, -1.30794382095, 3.36694693565, 17.646938324, 48.0408287048, 85.6464538574, 30.7421550751, 13.4987764359, 6.59279108047], [-51.0735397339, -12.6762905121, -18.8805904388, 19.1954860687, 2.53919696808, 9.88696956635, 9.81424427032, 6.29186201096, 18.8504428864, 30.7421550751, 61.7174072266, 29.1916790009, 14.3517942429], [-8.43329811096, -35.054851532, 13.5489473343, 13.8846559525, -4.8811674118, 7.54287958145, 19.6654872894, 21.4594173431, 10.1530666351, 13.4987764359, 29.1916790009, 61.1753082275, 24.6887664795], [-86.2831115723, -7.91547775269, 4.53223896027, 4.86991691589, 8.42518424988, 2.23577308655, 4.21966218948, 10.9670352936, 12.4571037292, 6.59279108047, 14.3517942429, 24.6887664795, 48.8810539246]]
        icov: [[0.000280183245195, -0.000109028282168, 0.000397586001782, -0.000580260588322, 0.000313957949402, -0.000361182464985, 0.000332159950631, -0.000464626471512, 0.000714763998985, -0.000255062623182, 0.00052145391237, -0.000327096931869, 0.000400191522203], [-0.000109028282168, 0.00139749236405, 6.98685789757e-006, 0.00016024755314, -0.000495727872476, 0.000229938013945, 8.78646242199e-005, 0.000945155741647, -0.00179363228381, -0.000168077953276, 0.000444557197625, 0.000443738652393, -2.35943730331e-006], [0.000397586001782, 6.98685789757e-006, 0.00336393038742, -9.07448920771e-005, -0.00276521849446, -0.000195430664462, 0.00235670688562, -0.00332814594731, 0.00324235414155, 0.000458884373074, 0.000956124102231, -0.00207599834539, 0.0013085216051], [-0.000580260588322, 0.00016024755314, -9.07448920771e-005, 0.00431297859177, -0.00027124513872, -0.000670750800055, -0.00126090506092, 0.00108204362914, -0.00125135073904, 0.00266882241704, -0.00248994654976, 0.000331642077072, -0.000953570299316], [0.000313957949402, -0.000495727872476, -0.00276521849446, -0.00027124513872, 0.0104002375156, -0.00407582055777, -0.000649035791866, 0.00303766480647, -0.00126961211208, -0.00293373479508, 0.000667041051202, 0.00230129947886, -0.00211329618469], [-0.000361182464985, 0.000229938013945, -0.000195430664462, -0.000670750800055, -0.00407582055777, 0.0135862175375, -0.00420352583751, -0.00156051560771, 0.0015352468472, 0.000542840338312, -0.00249486486427, 0.000968453474343, 5.76132006245e-005], [0.000332159950631, 8.78646242199e-005, 0.00235670688562, -0.00126090506092, -0.000649035791866, -0.00420352583751, 0.0159716755152, -0.00898242089897, -4.52863168903e-005, 0.00152047036681, 0.000724642479327, -0.00345509313047, 0.00278714345768], [-0.000464626471512, 0.000945155741647, -0.00332814594731, 0.00108204362914, 0.00303766480647, -0.00156051560771, -0.00898242089897, 0.020460003987, -0.0103622861207, -0.000584015448112, 0.00252333376557, -0.00141849904321, -0.00203840341419], [0.000714763998985, -0.00179363228381, 0.00324235414155, -0.00125135073904, -0.00126961211208, 0.0015352468472, -4.52863168903e-005, -0.0103622861207, 0.0251774825156, -0.00945389550179, -0.000474028027384, 0.00103890208993, -0.002254138235], [-0.000255062623182, -0.000168077953276, 0.000458884373074, 0.00266882241704, -0.00293373479508, 0.000542840338312, 0.00152047036681, -0.000584015448112, -0.00945389550179, 0.0223898235708, -0.00927955936641, -0.00137802772224, 0.00250474875793], [0.00052145391237, 0.000444557197625, 0.000956124102231, -0.00248994654976, 0.000667041051202, -0.00249486486427, 0.000724642479327, 0.00252333376557, -0.000474028027384, -0.00927955936641, 0.0279247891158, -0.0109675163403, -0.000764762691688], [-0.000327096931869, 0.000443738652393, -0.00207599834539, 0.000331642077072, 0.00230129947886, 0.000968453474343, -0.00345509313047, -0.00141849904321, 0.00103890208993, -0.00137802772224, -0.0109675163403, 0.028610792011, -0.0114799700677], [0.000400191522203, -2.35943730331e-006, 0.0013085216051, -0.000953570299316, -0.00211329618469, 5.76132006245e-005, 0.00278714345768, -0.00203840341419, -0.002254138235, 0.00250474875793, -0.000764762691688, -0.0114799700677, 0.0279753319919]]
    sccoeffs:
        dmean: [0.057440534234, 0.0469894967973, 0.0357838645577, 0.0283881053329, 0.0189029797912, 0.0180549882352]
        dmean2: [0.0955497026443, 0.079452291131, 0.059830557555, 0.0474188365042, 0.0312675610185, 0.0286873038858]
        dvar: [0.0027668485418, 0.00139731937088, 0.000830660050269, 0.000503507093526, 0.000243144095293, 0.000262142857537]
        dvar2: [0.00744548533112, 0.0039080446586, 0.00227691140026, 0.0013657141244, 0.000632407725789, 0.000632822804619]
        max: [-0.268196493387, -0.500611424446, -0.587643623352, -0.581255972385, -0.653596520424, -0.555465459824]
        mean: [-0.669571518898, -0.778399407864, -0.79629689455, -0.796483814716, -0.803984761238, -0.728408336639]
        median: [-0.670570790768, -0.781115174294, -0.798167705536, -0.797088861465, -0.804133415222, -0.724557578564]
        min: [-0.983351409435, -0.97724032402, -0.975303947926, -0.970924854279, -0.968324363232, -0.965044856071]
        var: [0.00851836428046, 0.00381068582647, 0.00282336818054, 0.00209380942397, 0.00128435424995, 0.00271486933343]
    scvalleys:
        dmean: [0.393575459719, 0.368717968464, 0.287089079618, 0.24647448957, 0.212041005492, 0.255098760128]
        dmean2: [0.656303584576, 0.614050924778, 0.462599992752, 0.386669695377, 0.330014407635, 0.398122370243]
        dvar: [0.135957852006, 0.132842347026, 0.0866535529494, 0.070721372962, 0.071780949831, 0.11973118782]
        dvar2: [0.294358760118, 0.284551441669, 0.163138955832, 0.123248644173, 0.126774191856, 0.252727091312]
        max: [-5.19042062759, -4.66870832443, -4.8729801178, -5.59899616241, -5.64071798325, -7.74400997162]
        mean: [-7.28056573868, -7.04145622253, -6.99367904663, -7.20281362534, -7.34831857681, -10.4059257507]
        median: [-6.84176540375, -6.6234369278, -6.55738687515, -6.67216682434, -6.68474531174, -9.75438785553]
        min: [-28.5028686523, -28.1019115448, -28.0832710266, -27.7182807922, -27.6081161499, -27.3940200806]
        var: [6.73622274399, 6.85601854324, 6.9520611763, 6.84161376953, 7.40131616592, 6.44038724899]

rhythm:
    beats_loudness:
        dmean: 0.00200994196348
        dmean2: 0.00371106341481
        dvar: 3.06876722789e-006
        dvar2: 1.00013667179e-005
        max: 0.0142869763076
        mean: 0.00541140604764
        median: 0.00554290926084
        min: 0
        var: 7.17927241567e-006
    bpm: 132.934051514
    bpm_confidence: 0
    first_peak_bpm: 133
    first_peak_spread: 0.222042128444
    first_peak_weight: 0.759493649006
    onset_rate: 3.13301920891
    second_peak_bpm: 126
    second_peak_spread: 0
    second_peak_weight: 0.0063291140832
    beats_loudness_band_ratio:
        dmean: [0.117973595858, 0.138265371323, 0.0721975117922, 0.0846634805202, 0.0790394619107, 0.0811276957393]
        dmean2: [0.210524186492, 0.258747339249, 0.124298252165, 0.151242077351, 0.138731181622, 0.147226586938]
        dvar: [0.00971527397633, 0.0152347031981, 0.00650819065049, 0.00543104717508, 0.00476641068235, 0.00649955542758]
        dvar2: [0.0280388463289, 0.0523598566651, 0.019259866327, 0.0180724747479, 0.0141224171966, 0.018244124949]
        max: [0.890499830246, 0.584380507469, 0.790481209755, 0.465823858976, 0.564725399017, 0.71817445755]
        mean: [0.236334100366, 0.161092743278, 0.110595099628, 0.147754982114, 0.209765657783, 0.179909601808]
        median: [0.231926649809, 0.117806270719, 0.0762744024396, 0.132444605231, 0.198729515076, 0.17003005743]
        min: [0, 0, 0, 0, 0, 0]
        var: [0.020083643496, 0.0181838776916, 0.0106250541285, 0.00680172210559, 0.00844482704997, 0.00966443028301]
    beats_position: [0.592108845711, 1.20743763447, 1.82276642323, 2.43809509277, 2.97215414047, 3.48299312592, 3.99383211136, 4.45823097229, 4.92263031006, 5.38702917099, 5.85142850876, 6.31582736969, 6.78022670746, 7.24462556839, 7.69741487503, 8.16181373596, 8.62621307373, 9.10222244263, 9.57823085785, 10.0542402267, 10.5302495956, 10.9946479797, 11.4590473175, 11.9234466553, 12.387845993, 12.8522443771, 13.3050336838, 13.7578229904, 14.2106122971, 14.66340065, 15.1161899567, 15.5805892944, 16.0449886322, 16.4977779388, 16.9505672455, 17.391746521, 17.8329238892, 18.2741031647, 18.7152824402, 19.1680717468, 19.6208610535, 20.0736503601, 20.5264396667, 20.9792289734, 21.43201828, 21.8848075867, 22.3375968933, 22.7903842926, 23.2431735992, 23.6959629059, 24.1487522125, 24.589931488, 25.0311107635, 25.4839000702, 25.9366893768, 26.3894786835, 26.8422679901, 27.2950553894, 27.747844696, 28.2006340027, 28.6534233093, 29.106212616, 29.5590019226, 30.0117912292, 30.4645805359, 30.9173698425, 31.3701572418, 31.8113365173, 32.2525177002, 32.7053070068, 33.1580963135, 33.6108856201, 34.0636711121, 34.5048522949, 34.9576416016, 35.4104309082, 35.8632202148, 36.3160095215, 36.7687988281, 37.2215881348, 37.6743774414, 38.1271629333, 38.5683441162, 39.0211334229, 39.4739227295, 39.9267120361, 40.3795013428, 40.8206787109, 41.2734680176, 41.7262573242, 42.1674385071, 42.6202278137, 43.0730133057, 43.5258026123, 43.9785919189, 44.4313812256, 44.8841705322, 45.3369598389, 45.7897491455, 46.2309303284, 46.683719635, 47.1365089417, 47.5892944336, 48.0420837402, 48.4832649231, 48.9244422913, 49.3772315979, 49.841632843, 50.2944221497, 50.7472114563, 51.2000007629, 51.6411781311, 52.0939674377, 52.5467567444, 52.999546051, 53.4523353577, 53.8935127258, 54.3463020325, 54.7990913391, 55.2518806458, 55.7046699524, 56.157459259, 56.6102485657, 57.0630378723, 57.515827179, 57.9570045471, 58.4097938538, 58.8625831604, 59.315372467, 59.7681617737, 60.2209510803, 60.673740387, 61.1149177551, 61.5793190002, 62.0321083069, 62.4848976135, 62.9376869202, 63.3788642883, 63.831653595, 64.2844467163, 64.7372360229, 65.1784133911, 65.6312026978, 66.0839920044, 66.536781311, 66.9895706177, 67.4423599243, 67.895149231, 68.3363265991, 68.7891159058, 69.2419052124, 69.694694519, 70.1358718872, 70.5886611938, 71.0414505005, 71.4942398071, 71.9470291138, 72.3998184204, 72.8526077271, 73.3053970337, 73.7581863403, 74.210975647, 74.6637649536, 75.1165542603, 75.5577316284, 76.0105209351, 76.4633102417, 76.9160995483, 77.368888855, 77.8100662231, 78.2628555298, 78.7156448364, 79.1568222046, 79.6096115112, 80.0624008179, 80.5151901245, 80.9679794312, 81.4207687378, 81.8735580444, 82.3263473511, 82.7791366577, 83.2203140259, 83.6731033325, 84.1258926392, 84.5786819458, 85.0314712524, 85.4842605591, 85.9370498657, 86.3898391724, 86.8310165405, 87.2838058472, 87.7365951538, 88.177772522, 88.6305618286, 89.0833511353, 89.5361404419, 89.9889297485, 90.4417190552, 90.8945083618, 91.3472976685, 91.788482666, 92.2412643433, 92.6940536499, 93.1468429565, 93.5996322632, 94.0524215698, 94.5052108765, 94.9580001831, 95.3991851807, 95.8519744873, 96.3047637939, 96.7575454712, 97.2103347778, 97.6631240845, 98.1159133911, 98.5687026978, 99.0098876953, 99.462677002, 99.9154663086, 100.368255615, 100.821044922, 101.273826599, 101.726615906, 102.167800903, 102.62059021, 103.073379517, 103.526168823, 103.97895813, 104.420135498, 104.861312866, 105.314102173, 105.766891479, 106.219680786, 106.684082031, 107.136871338, 107.589660645, 108.042449951, 108.495239258, 108.948028564, 109.389205933, 109.841995239, 110.294784546, 110.747573853, 111.200363159, 111.641540527, 112.094329834, 112.535507202, 112.988296509, 113.441085815, 113.893875122, 114.346664429, 114.799453735, 115.252243042, 115.705032349, 116.157821655, 116.610610962, 117.063400269, 117.516189575, 117.968978882, 118.421768188, 118.862945557, 119.315734863, 119.76852417, 120.209701538, 120.662490845, 121.115280151, 121.568069458, 122.020858765, 122.473648071, 122.926437378, 123.367614746, 123.820404053, 124.273193359, 124.725982666, 125.178771973, 125.631561279, 126.084350586, 126.537139893, 126.989929199, 127.442718506, 127.895507813, 128.336685181, 128.789474487, 129.242263794, 129.683441162, 130.136230469, 130.589019775, 131.041809082, 131.494598389, 131.947387695, 132.400177002, 132.852966309, 133.294143677, 133.746932983, 134.19972229, 134.652511597, 135.105300903, 135.55809021, 136.010879517, 136.463668823, 136.904846191, 137.357635498, 137.810424805, 138.263214111, 138.716003418, 139.168792725, 139.621582031, 140.074371338, 140.527160645, 140.968338013, 141.421127319, 141.873916626, 142.315093994, 142.767883301, 143.220672607, 143.673461914, 144.126251221, 144.579040527, 145.031829834, 145.484619141, 145.937408447, 146.378585815, 146.831375122, 147.284164429, 147.736953735, 148.189743042, 148.642532349, 149.095321655, 149.536499023, 149.98928833, 150.442077637, 150.906478882, 151.359268188, 151.812057495, 152.253234863, 152.70602417, 153.147201538, 153.599990845, 154.052780151, 154.505569458, 154.958358765, 155.411148071, 155.852325439, 156.305114746, 156.757904053, 157.210693359, 157.663482666, 158.116271973, 158.569061279, 159.021850586, 159.474639893, 159.915817261, 160.368606567, 160.821395874, 161.274185181, 161.726974487, 162.168167114, 162.620956421, 163.073745728, 163.514923096, 163.967712402, 164.420501709, 164.873291016, 165.314468384, 165.76725769, 166.220046997, 166.672836304, 167.12562561, 167.578414917, 168.031204224, 168.48399353, 168.936782837, 169.389572144, 169.84236145, 170.295150757, 170.747940063, 171.20072937, 171.641906738, 172.094696045, 172.547485352, 173.000274658, 173.453063965, 173.894241333, 174.34703064, 174.799819946, 175.252609253, 175.70539856, 176.158187866, 176.610977173, 177.063766479, 177.516555786, 177.957733154, 178.410522461, 178.863311768, 179.316101074, 179.768890381, 180.221679688, 180.674468994, 181.127258301, 181.580047607, 182.044433594, 182.485626221, 182.926803589, 183.379592896, 183.820770264, 184.27355957, 184.726348877, 185.179138184, 185.63192749, 186.084716797, 186.537506104, 186.99029541, 187.443084717, 187.895874023, 188.337051392, 188.789840698, 189.242630005, 189.695419312, 190.148208618, 190.589385986, 191.042175293, 191.4949646, 191.947753906, 192.400543213, 192.85333252, 193.306121826, 193.758911133, 194.211700439, 194.664489746, 195.105667114, 195.558456421, 196.011245728, 196.464035034, 196.905212402, 197.358001709, 197.810791016, 198.251968384, 198.70475769, 199.157546997, 199.610336304, 200.06312561, 200.504302979, 200.957092285, 201.409881592, 201.862670898, 202.315460205, 202.768249512, 203.221038818, 203.673828125, 204.126617432, 204.579406738, 205.043807983, 205.49659729, 205.937774658, 206.378952026, 206.831741333, 207.28453064, 207.737319946, 208.190109253, 208.64289856, 209.095687866, 209.536865234, 210.001266479, 210.454055786, 210.906845093, 211.359634399, 211.812423706, 212.253601074, 212.694778442, 213.147567749, 213.600357056, 214.053146362, 214.505935669, 214.958724976, 215.411514282, 215.864303589, 216.317092896, 216.769882202, 217.222671509, 217.663848877, 218.105026245, 218.557815552, 219.010604858, 219.463394165, 219.916183472, 220.368972778, 220.821762085, 221.274551392, 221.727340698, 222.180130005, 222.632919312, 223.085708618, 223.538497925, 223.979675293, 224.420852661, 224.873641968, 225.326431274, 225.779220581, 226.232009888, 226.684799194, 227.125976563, 227.578765869, 228.031555176, 228.484344482, 228.937133789, 229.389923096, 229.842712402, 230.295501709, 230.736679077, 231.189468384, 231.64225769, 232.095046997, 232.536224365, 232.989013672, 233.441802979, 233.894592285, 234.347381592, 234.800170898, 235.252960205, 235.705749512, 236.158538818, 236.611328125, 237.052505493, 237.5052948, 237.958084106, 238.399276733, 238.86366272, 239.316452026, 239.769241333, 240.21043396, 240.651611328, 241.104400635, 241.568786621, 242.021575928, 242.474365234, 242.927154541, 243.379943848, 243.832733154, 244.273925781, 244.726715088, 245.179489136, 245.620681763, 246.073471069, 246.526260376, 246.979049683, 247.431838989, 247.884628296, 248.337417603, 248.778594971, 249.231384277, 249.684173584, 250.136962891, 250.589752197, 251.042541504, 251.495330811, 251.936508179, 252.389297485, 252.842086792, 253.294876099, 253.747665405, 254.200454712, 254.653244019, 255.106033325, 255.558822632, 256, 256.452789307, 256.905578613, 257.35836792, 257.811157227, 258.263946533, 258.71673584, 259.169525146, 259.622314453, 260.063476563, 260.516265869, 260.957458496, 261.410247803, 261.863037109, 262.315826416, 262.780212402, 263.221405029, 263.674194336, 264.126983643, 264.579772949, 265.032562256, 265.473724365, 265.926513672, 266.379302979, 266.832092285, 267.284881592, 267.726074219, 268.178863525, 268.631652832, 269.072814941, 269.537231445, 269.990020752, 270.442810059, 270.895599365, 271.348388672, 271.789550781, 272.242340088, 272.695129395, 273.147918701, 273.589111328, 274.041900635, 274.483093262, 274.924255371, 275.365447998, 275.818237305, 276.271026611, 276.735412598, 277.188201904, 277.640991211, 278.093780518, 278.546569824, 278.999359131, 279.452148438, 279.904937744, 280.357727051, 280.822113037, 281.286529541, 281.750915527, 282.215332031, 282.737762451, 283.271820068, 283.829101563, 284.258666992, 284.688262939, 285.129425049, 285.570617676, 286.011779785, 286.452972412, 286.894134521]
