
metadata:
    version:
        essentia: "2.1-beta2"
    audio_properties:
        analysis_sample_rate: 44100
        bitrate: 320
        channels: 2
        equal_loudness: 1
        length: 192.862045288
        replay_gain: -15.7764863968
        downmix: "mix"
    tags:
        album: "Ire"
        artist: "Parkway Drive"
        comment: ""
        date: "2015"
        genre: "Alternative"
        title: "Dying To Believe"
        tracknumber: "02/11"

configuration:
    average_loudness:
        compute: 1
        frameSize: 88200
        hopSize: 44100
        silentFrames: "noise"
        windowType: "hann"
    general:
        analysisSampleRate: 44100
        endTime: 2000
        equalLoudness: 1
        nequalLoudness: 0
        shortSound: 0
        startTime: 0
    lowlevel:
        compute: 1
        frameSize: 2048
        hopSize: 1024
        zeroPadding: 0
        silentFrames: "noise"
        windowType: "blackmanharris62"
        mfccStats: ["mean", "cov", "icov"]
        stats: ["mean", "var", "median", "min", "max", "dmean", "dmean2", "dvar", "dvar2"]
    panning:
        compute: 0
        frameSize: 8192
        hopSize: 2048
        zeroPadding: 8192
        silentFrames: "noise"
        windowType: "hann"
        stats: ["copy"]
    rhythm:
        compute: 1
        maxTempo: 208
        minTempo: 40
        method: "degara"
        stats: ["mean", "var", "median", "min", "max", "dmean", "dmean2", "dvar", "dvar2"]
    segmentation:
        compute: 0
        cpw: 5
        inc1: 300
        inc2: 50
        minimumSegmentsLength: 10
        size1: 1000
        size2: 600
    sfx:
        compute: 1
        stats: ["mean", "var", "median", "min", "max", "dmean", "dmean2", "dvar", "dvar2"]
    svm:
        compute: 0
    tonal:
        compute: 1
        frameSize: 4096
        hopSize: 2048
        zeroPadding: 0
        silentFrames: "noise"
        windowType: "blackmanharris62"
        stats: ["mean", "var", "median", "min", "max", "dmean", "dmean2", "dvar", "dvar2"]

lowlevel:
    average_loudness: 0.932998239994
    barkbands_kurtosis:
        dmean: 1.0726416111
        dmean2: 1.83920454979
        dvar: 15.7096166611
        dvar2: 45.7261238098
        max: 332.97442627
        mean: 0.979136109352
        median: -1.0110462904
        min: -1.86412572861
        var: 350.077087402
    barkbands_skewness:
        dmean: 0.500683188438
        dmean2: 0.792661607265
        dvar: 0.248389899731
        dvar2: 0.626835584641
        max: 14.1494455338
        mean: -0.0960055217147
        median: -0.219341948628
        min: -4.8356962204
        var: 1.74099719524
    barkbands_spread:
        dmean: 6.73986577988
        dmean2: 11.0501251221
        dvar: 37.9081802368
        dvar2: 99.8223342896
        max: 67.8321380615
        mean: 34.7958984375
        median: 34.6292495728
        min: 0.395013064146
        var: 111.101417542
    dissonance:
        dmean: 0.00957403890789
        dmean2: 0.0165857858956
        dvar: 0.000105339662696
        dvar2: 0.000297815917293
        max: 0.500000178814
        mean: 0.486361891031
        median: 0.489526331425
        min: 0.308610886335
        var: 0.000151877160533
    hfc:
        dmean: 2.98840332031
        dmean2: 5.04715871811
        dvar: 13.1078557968
        dvar2: 33.81615448
        max: 45.113571167
        mean: 8.3898267746
        median: 7.49419498444
        min: 1.13996949824e-016
        var: 20.979681015
    pitch:
        dmean: 918.577209473
        dmean2: 1736.93566895
        dvar: 1723875.75
        dvar2: 4151866.5
        max: 5210.88671875
        mean: 1278.97839355
        median: 424.530975342
        min: 67.0053939819
        var: 2146282.5
    pitch_instantaneous_confidence:
        dmean: 0.0776353552938
        dmean2: 0.131363287568
        dvar: 0.00450225826353
        dvar2: 0.0119093190879
        max: 0.90032017231
        mean: 0.302024781704
        median: 0.270107865334
        min: 0.111873686314
        var: 0.0146273309365
    pitch_salience:
        dmean: 0.0661521777511
        dmean2: 0.111480198801
        dvar: 0.00420138379559
        dvar2: 0.0123371100053
        max: 0.88315397501
        mean: 0.681881546974
        median: 0.702205359936
        min: 0.0193964894861
        var: 0.00995064433664
    silence_rate_20dB:
        dmean: 0
        dmean2: 0
        dvar: 0
        dvar2: 0
        max: 1
        mean: 1
        median: 1
        min: 1
        var: 0
    silence_rate_30dB:
        dmean: 0
        dmean2: 0
        dvar: 0
        dvar2: 0
        max: 1
        mean: 1
        median: 1
        min: 1
        var: 0
    silence_rate_60dB:
        dmean: 0.122562006116
        dmean2: 0.245153516531
        dvar: 0.107535168529
        dvar2: 0.230795875192
        max: 1
        mean: 0.224268689752
        median: 0
        min: 0
        var: 0.173971712589
    spectral_centroid:
        dmean: 398.32208252
        dmean2: 628.688354492
        dvar: 152653.59375
        dvar2: 361586.625
        max: 11559.3710938
        mean: 1875.47521973
        median: 1844.50317383
        min: 107.946052551
        var: 408276.21875
    spectral_complexity:
        dmean: 5.11172628403
        dmean2: 8.3412399292
        dvar: 20.6723213196
        dvar2: 52.3415145874
        max: 45
        mean: 17.2689304352
        median: 17
        min: 0
        var: 63.2243499756
    spectral_crest:
        dmean: 1.99349534512
        dmean2: 3.40297460556
        dvar: 4.91948223114
        dvar2: 13.4859838486
        max: 23.1615047455
        mean: 5.87631416321
        median: 4.96615409851
        min: 2.24695467949
        var: 8.8508014679
    spectral_decrease:
        dmean: 3.52772838719e-010
        dmean2: 5.88138371338e-010
        dvar: 3.25130008908e-019
        dvar2: 8.72314585304e-019
        max: 2.87820239427e-029
        mean: -1.02186070716e-009
        median: -9.12795505847e-010
        min: -5.32384891727e-009
        var: 3.96042393364e-019
    spectral_energy:
        dmean: 0.0015576799633
        dmean2: 0.00259595038369
        dvar: 5.16946647622e-006
        dvar2: 1.37626202559e-005
        max: 0.021130528301
        mean: 0.00461771572009
        median: 0.00415010657161
        min: 1.03577924561e-020
        var: 6.93492893333e-006
    spectral_energyband_high:
        dmean: 0.000296252372209
        dmean2: 0.00051409524167
        dvar: 1.51466736042e-007
        dvar2: 4.01380162884e-007
        max: 0.00469437520951
        mean: 0.000518560991623
        median: 0.00039095376269
        min: 7.51131129531e-021
        var: 1.75793232415e-007
    spectral_energyband_low:
        dmean: 0.000273118726909
        dmean2: 0.00044646958122
        dvar: 8.37450855329e-008
        dvar2: 2.14646988184e-007
        max: 0.00298035959713
        mean: 0.000479532434838
        median: 0.000379624485504
        min: 3.62663844373e-023
        var: 1.45552050412e-007
    spectral_energyband_middle_high:
        dmean: 0.000671073328704
        dmean2: 0.0010997815989
        dvar: 4.80464279917e-007
        dvar2: 1.2185689684e-006
        max: 0.01147700008
        mean: 0.00232952320948
        median: 0.00217330665328
        min: 1.53756194936e-021
        var: 1.41575912949e-006
    spectral_energyband_middle_low:
        dmean: 0.000977484160103
        dmean2: 0.00166364666075
        dvar: 4.78660194858e-006
        dvar2: 1.31305614559e-005
        max: 0.0185996573418
        mean: 0.00141631800216
        median: 0.000903415726498
        min: 2.15840573065e-022
        var: 4.13743055105e-006
    spectral_flatness_db:
        dmean: 0.0140415001661
        dmean2: 0.0232810620219
        dvar: 0.000217787252041
        dvar2: 0.000594235491008
        max: 0.481802761555
        mean: 0.137129291892
        median: 0.130306407809
        min: 0.0543755888939
        var: 0.00136271934025
    spectral_flux:
        dmean: 0.00888603646308
        dmean2: 0.0140386903659
        dvar: 0.000121588869661
        dvar2: 0.000261008826783
        max: 0.122718013823
        mean: 0.0442036241293
        median: 0.0422401465476
        min: 6.58955875976e-011
        var: 0.000254482030869
    spectral_kurtosis:
        dmean: 0.905673444271
        dmean2: 1.52893865108
        dvar: 0.67591458559
        dvar2: 1.93161118031
        max: 16.7137508392
        mean: 2.90404748917
        median: 2.75778126717
        min: -1.21469867229
        var: 1.75566291809
    spectral_rms:
        dmean: 0.000324121356243
        dmean2: 0.000526336429175
        dvar: 1.50106856722e-007
        dvar2: 3.88908063087e-007
        max: 0.00454039080068
        mean: 0.0020381368231
        median: 0.00201218388975
        min: 3.17886190461e-012
        var: 3.51071605564e-007
    spectral_rolloff:
        dmean: 500.660461426
        dmean2: 809.695922852
        dvar: 345888.09375
        dvar2: 812377.625
        max: 19272.2167969
        mean: 3523.53466797
        median: 3660.64453125
        min: 107.666015625
        var: 824670.9375
    spectral_skewness:
        dmean: 0.175906136632
        dmean2: 0.285219579935
        dvar: 0.0258127842098
        dvar2: 0.0662731304765
        max: 3.51223826408
        mean: 1.19100022316
        median: 1.18801021576
        min: -0.040751542896
        var: 0.0863597989082
    spectral_spread:
        dmean: 373431.34375
        dmean2: 572152.0625
        dvar: 385689714688
        dvar2: 660638728192
        max: 40973112
        mean: 4438148
        median: 4306442
        min: 2226907.5
        var: 1.40284290662e+012
    spectral_strongpeak:
        dmean: 0.35164642334
        dmean2: 0.620674133301
        dvar: 0.288060128689
        dvar2: 0.756929516792
        max: 6.53703022003
        mean: 0.426228016615
        median: 0.189861923456
        min: 1.33461020013e-009
        var: 0.379015505314
    zerocrossingrate:
        dmean: 0.0106046861038
        dmean2: 0.0131323253736
        dvar: 0.000109374646854
        dvar2: 0.000146150865476
        max: 0.51220703125
        mean: 0.104981347919
        median: 0.10546875
        min: 0.00439453125
        var: 0.000666883366648
    barkbands:
        dmean: [9.330680939e-008, 0.000118181436846, 0.000157393980771, 0.000250749639235, 0.000609783455729, 0.000114011047117, 9.21351675061e-005, 7.49680693843e-005, 0.000117901989142, 0.000116548064398, 8.9219705842e-005, 9.20505335671e-005, 8.39676722535e-005, 7.56253066356e-005, 7.64047726989e-005, 0.000128356172354, 0.000135160560603, 0.000129582738737, 0.000235206622165, 0.000212718528928, 0.000150421459693, 5.4891785112e-005, 7.76281376602e-006, 2.89072272608e-006, 1.07173787001e-006, 2.66812580918e-008, 2.41572900572e-010]
        dmean2: [1.56006194629e-007, 0.000196842913283, 0.000258255604422, 0.000441839220002, 0.00105932296719, 0.000190199847566, 0.000157934817253, 0.000126872124383, 0.000196500928723, 0.000192932435311, 0.000146781254443, 0.000151170461322, 0.000139186216984, 0.000124086087453, 0.000126667684526, 0.000210004407563, 0.000227808151976, 0.0002152598463, 0.000395697919885, 0.000362844293704, 0.000262131274212, 9.51287074713e-005, 1.32374389068e-005, 4.79235222883e-006, 1.72329589532e-006, 4.34190106091e-008, 4.28041352363e-010]
        dvar: [2.04001888353e-014, 1.73694818528e-008, 3.6114439439e-008, 3.38512450071e-007, 2.48854371421e-006, 3.29180238623e-008, 3.01882714382e-008, 1.47960932395e-008, 3.47785729105e-008, 4.83677666807e-008, 2.46666989057e-008, 2.13897468626e-008, 1.96949194731e-008, 1.26727019989e-008, 1.34846622757e-008, 2.44405153893e-008, 2.69051572133e-008, 3.24983489008e-008, 8.37672047282e-008, 7.19137318583e-008, 4.32508677761e-008, 6.0725167117e-009, 1.94349064619e-010, 4.29108276689e-011, 1.00505905681e-011, 5.41287426394e-015, 9.87201157744e-020]
        dvar2: [5.78112793639e-014, 4.55514808095e-008, 9.26624323938e-008, 9.46074123931e-007, 6.95341714163e-006, 8.26303576673e-008, 8.17640213313e-008, 3.91688601553e-008, 9.46836209437e-008, 1.29836152496e-007, 6.19880040631e-008, 5.59048380921e-008, 5.16252960381e-008, 3.13714565436e-008, 3.4838212315e-008, 6.00132850082e-008, 7.19978743291e-008, 7.98385215717e-008, 2.16417888055e-007, 1.88786600575e-007, 1.14673767371e-007, 1.56017510022e-008, 4.78795003644e-010, 1.04005436208e-010, 2.41742511425e-011, 1.31065151814e-014, 2.8737366004e-019]
        max: [2.82156884168e-006, 0.00128141383175, 0.0023771035485, 0.00554026011378, 0.014762644656, 0.0021619014442, 0.00286908634007, 0.00167029106524, 0.00292858458124, 0.00430052680895, 0.00292431772687, 0.00279212719761, 0.00227056769654, 0.0019961129874, 0.00209984881803, 0.00283266045153, 0.00486232340336, 0.00506714684889, 0.00481730233878, 0.00449991645291, 0.00416535511613, 0.00101188546978, 0.000254408747423, 0.00011425089906, 6.41739825369e-005, 1.84546809123e-006, 4.45695391704e-009]
        mean: [1.20684120475e-007, 0.000173844920937, 0.000217387583689, 0.00022749332129, 0.000579858780839, 0.000154948691488, 0.000108752421511, 0.000102530029835, 0.000192588122445, 0.000194928245037, 0.000147383936564, 0.000153633591253, 0.000145230442286, 0.000130976724904, 0.00013543573732, 0.000258889689576, 0.000270409800578, 0.00026179139968, 0.000435788097093, 0.000395213603042, 0.000232553808019, 8.11905119917e-005, 1.06842298919e-005, 4.42683040092e-006, 1.61110790486e-006, 4.24513864061e-008, 3.05402092504e-010]
        median: [5.50226353369e-008, 0.000117956391477, 0.000146469232277, 7.50357285142e-005, 0.000167110178154, 7.65649820096e-005, 4.64318000013e-005, 5.19347959198e-005, 9.27630535443e-005, 7.56786175771e-005, 6.12265721429e-005, 8.49084754009e-005, 7.03121622792e-005, 7.84437943366e-005, 9.48073138716e-005, 0.000207910386962, 0.000233300408581, 0.000216854430619, 0.000345902488334, 0.000308365444653, 0.00016831936955, 5.2455401601e-005, 5.77842183702e-006, 2.62550111074e-006, 8.58018495364e-007, 2.501576013e-008, 1.92437649149e-010]
        min: [2.00053547842e-024, 1.06278654367e-023, 6.44105954632e-024, 1.38750062492e-024, 2.5446608075e-023, 2.77394165188e-023, 1.76125187776e-023, 2.67692627558e-023, 2.3216826462e-023, 4.30402951651e-023, 2.9959668692e-023, 4.29665934684e-023, 4.63916003269e-023, 4.65002170073e-023, 8.82015028273e-023, 6.51983062092e-023, 1.18926448639e-022, 1.89511021378e-022, 2.72620130451e-022, 2.89624538445e-022, 2.96142347057e-022, 3.68989473847e-022, 5.51044459628e-022, 8.73662871931e-022, 9.21070559813e-022, 1.48037188139e-021, 2.21358136343e-021]
        var: [5.09890218969e-014, 2.84982810683e-008, 5.18656975146e-008, 2.5784203217e-007, 1.89684988072e-006, 4.60909781452e-008, 3.09550252098e-008, 2.09757651248e-008, 6.4512974518e-008, 9.79820740099e-008, 5.23175280875e-008, 3.7456491242e-008, 4.45878320932e-008, 2.5350985311e-008, 2.00702086062e-008, 4.5183970343e-008, 3.83323630615e-008, 4.82942006386e-008, 1.24627845821e-007, 9.9715080637e-008, 4.64083456109e-008, 7.79368836135e-009, 2.60257093654e-010, 5.05547860519e-011, 1.0436936905e-011, 5.58483889289e-015, 1.19383733711e-019]
    frequency_bands:
        dmean: [9.330680939e-008, 0.000118181436846, 0.000157393980771, 0.000250749639235, 0.000609783455729, 0.000114011047117, 9.21351675061e-005, 7.49680693843e-005, 0.000117901989142, 0.000116548064398, 8.9219705842e-005, 9.20505335671e-005, 8.39676722535e-005, 7.56253066356e-005, 7.64047726989e-005, 0.000128356172354, 0.000135160560603, 0.000129582738737, 0.000235206622165, 0.000212718528928, 0.000150421459693, 5.4891785112e-005, 7.76281376602e-006, 2.89072272608e-006, 1.07173787001e-006, 2.66812580918e-008, 2.41572900572e-010, 5.33141898684e-011]
        dmean2: [1.56006194629e-007, 0.000196842913283, 0.000258255604422, 0.000441839220002, 0.00105932296719, 0.000190199847566, 0.000157934817253, 0.000126872124383, 0.000196500928723, 0.000192932435311, 0.000146781254443, 0.000151170461322, 0.000139186216984, 0.000124086087453, 0.000126667684526, 0.000210004407563, 0.000227808151976, 0.0002152598463, 0.000395697919885, 0.000362844293704, 0.000262131274212, 9.51287074713e-005, 1.32374389068e-005, 4.79235222883e-006, 1.72329589532e-006, 4.34190106091e-008, 4.28041352363e-010, 9.92908186226e-011]
        dvar: [2.04001888353e-014, 1.73694818528e-008, 3.6114439439e-008, 3.38512450071e-007, 2.48854371421e-006, 3.29180238623e-008, 3.01882714382e-008, 1.47960932395e-008, 3.47785729105e-008, 4.83677666807e-008, 2.46666989057e-008, 2.13897468626e-008, 1.96949194731e-008, 1.26727019989e-008, 1.34846622757e-008, 2.44405153893e-008, 2.69051572133e-008, 3.24983489008e-008, 8.37672047282e-008, 7.19137318583e-008, 4.32508677761e-008, 6.0725167117e-009, 1.94349064619e-010, 4.29108276689e-011, 1.00505905681e-011, 5.41287426394e-015, 9.87201157744e-020, 5.66629382474e-021]
        dvar2: [5.78112793639e-014, 4.55514808095e-008, 9.26624323938e-008, 9.46074123931e-007, 6.95341714163e-006, 8.26303576673e-008, 8.17640213313e-008, 3.91688601553e-008, 9.46836209437e-008, 1.29836152496e-007, 6.19880040631e-008, 5.59048380921e-008, 5.16252960381e-008, 3.13714565436e-008, 3.4838212315e-008, 6.00132850082e-008, 7.19978743291e-008, 7.98385215717e-008, 2.16417888055e-007, 1.88786600575e-007, 1.14673767371e-007, 1.56017510022e-008, 4.78795003644e-010, 1.04005436208e-010, 2.41742511425e-011, 1.31065151814e-014, 2.8737366004e-019, 1.80984452308e-020]
        max: [2.82156884168e-006, 0.00128141383175, 0.0023771035485, 0.00554026011378, 0.014762644656, 0.0021619014442, 0.00286908634007, 0.00167029106524, 0.00292858458124, 0.00430052680895, 0.00292431772687, 0.00279212719761, 0.00227056769654, 0.0019961129874, 0.00209984881803, 0.00283266045153, 0.00486232340336, 0.00506714684889, 0.00481730233878, 0.00449991645291, 0.00416535511613, 0.00101188546978, 0.000254408747423, 0.00011425089906, 6.41739825369e-005, 1.84546809123e-006, 4.45695391704e-009, 1.04183939253e-009]
        mean: [1.20684120475e-007, 0.000173844920937, 0.000217387583689, 0.00022749332129, 0.000579858780839, 0.000154948691488, 0.000108752421511, 0.000102530029835, 0.000192588122445, 0.000194928245037, 0.000147383936564, 0.000153633591253, 0.000145230442286, 0.000130976724904, 0.00013543573732, 0.000258889689576, 0.000270409800578, 0.00026179139968, 0.000435788097093, 0.000395213603042, 0.000232553808019, 8.11905119917e-005, 1.06842298919e-005, 4.42683040092e-006, 1.61110790486e-006, 4.24513864061e-008, 3.05402092504e-010, 4.13359554918e-011]
        median: [5.50226353369e-008, 0.000117956391477, 0.000146469232277, 7.50357285142e-005, 0.000167110178154, 7.65649820096e-005, 4.64318000013e-005, 5.19347959198e-005, 9.27630535443e-005, 7.56786175771e-005, 6.12265721429e-005, 8.49084754009e-005, 7.03121622792e-005, 7.84437943366e-005, 9.48073138716e-005, 0.000207910386962, 0.000233300408581, 0.000216854430619, 0.000345902488334, 0.000308365444653, 0.00016831936955, 5.2455401601e-005, 5.77842183702e-006, 2.62550111074e-006, 8.58018495364e-007, 2.501576013e-008, 1.92437649149e-010, 1.62645018981e-011]
        min: [2.00053547842e-024, 1.06278654367e-023, 6.44105954632e-024, 1.38750062492e-024, 2.5446608075e-023, 2.77394165188e-023, 1.76125187776e-023, 2.67692627558e-023, 2.3216826462e-023, 4.30402951651e-023, 2.9959668692e-023, 4.29665934684e-023, 4.63916003269e-023, 4.65002170073e-023, 8.82015028273e-023, 6.51983062092e-023, 1.18926448639e-022, 1.89511021378e-022, 2.72620130451e-022, 2.89624538445e-022, 2.96142347057e-022, 3.68989473847e-022, 5.51044459628e-022, 8.73662871931e-022, 9.21070559813e-022, 1.48037188139e-021, 2.21358136343e-021, 5.84431678466e-022]
        var: [5.09890218969e-014, 2.84982810683e-008, 5.18656975146e-008, 2.5784203217e-007, 1.89684988072e-006, 4.60909781452e-008, 3.09550252098e-008, 2.09757651248e-008, 6.4512974518e-008, 9.79820740099e-008, 5.23175280875e-008, 3.7456491242e-008, 4.45878320932e-008, 2.5350985311e-008, 2.00702086062e-008, 4.5183970343e-008, 3.83323630615e-008, 4.82942006386e-008, 1.24627845821e-007, 9.9715080637e-008, 4.64083456109e-008, 7.79368836135e-009, 2.60257093654e-010, 5.05547860519e-011, 1.0436936905e-011, 5.58483889289e-015, 1.19383733711e-019, 4.39248778409e-021]
    mfcc:
        mean: [-694.245300293, 94.6915664673, -53.12059021, 53.3977775574, -15.0446205139, 5.91177797318, 4.41403579712, 0.86982768774, 4.89683580399, -3.05306482315, -5.01964044571, -3.23321390152, -3.81092381477]
        cov: [[4532.74707031, 615.566711426, -421.480194092, 362.376983643, -130.537445068, 50.5107879639, 21.9106884003, -27.5691509247, -53.6047668457, -11.7416334152, -79.1308898926, -59.8718986511, -53.7602806091], [615.566711426, 673.405700684, -167.823684692, 52.5531806946, -59.7168388367, 5.20761537552, 43.6328430176, -10.0227813721, 53.1339874268, -13.9874582291, -15.4115552902, 4.14642810822, -8.55763721466], [-421.480194092, -167.823684692, 329.602325439, 11.0347566605, 91.5354537964, 10.1513385773, -3.44765806198, 16.8108844757, -30.2840175629, -1.02219796181, -11.3791103363, -12.5047264099, -5.4381814003], [362.376983643, 52.5531806946, 11.0347566605, 305.379089355, 118.021377563, 59.2905960083, 14.7987766266, -14.0474691391, 16.5919361115, 26.8172550201, 6.37810993195, 2.38094973564, 20.900888443], [-130.537445068, -59.7168388367, 91.5354537964, 118.021377563, 199.023147583, 67.6043014526, 29.4491672516, -13.326177597, -1.48642003536, 32.1788711548, 13.4919261932, 0.304859787226, 7.29963350296], [50.5107879639, 5.20761537552, 10.1513385773, 59.2905960083, 67.6043014526, 107.118522644, 50.3760681152, 12.965092659, -1.81270885468, 17.6037406921, 17.2310600281, 6.59761857986, 0.329805135727], [21.9106884003, 43.6328430176, -3.44765806198, 14.7987766266, 29.4491672516, 50.3760681152, 155.183654785, 76.9209365845, 38.7019462585, 31.2930374146, 2.38840174675, 9.18268489838, -0.862636327744], [-27.5691509247, -10.0227813721, 16.8108844757, -14.0474691391, -13.326177597, 12.965092659, 76.9209365845, 120.149589539, 61.0718841553, 34.8038787842, 1.88131761551, 10.8623275757, 2.74715542793], [-53.6047668457, 53.1339874268, -30.2840175629, 16.5919361115, -1.48642003536, -1.81270885468, 38.7019462585, 61.0718841553, 103.344146729, 48.1875915527, 14.4968910217, 15.2487411499, 11.507276535], [-11.7416334152, -13.9874582291, -1.02219796181, 26.8172550201, 32.1788711548, 17.6037406921, 31.2930374146, 34.8038787842, 48.1875915527, 88.9834594727, 35.7347450256, 21.9486274719, 11.2553796768], [-79.1308898926, -15.4115552902, -11.3791103363, 6.37810993195, 13.4919261932, 17.2310600281, 2.38840174675, 1.88131761551, 14.4968910217, 35.7347450256, 65.4434356689, 32.7112236023, 17.2909069061], [-59.8718986511, 4.14642810822, -12.5047264099, 2.38094973564, 0.304859787226, 6.59761857986, 9.18268489838, 10.8623275757, 15.2487411499, 21.9486274719, 32.7112236023, 63.1390647888, 31.7420349121], [-53.7602806091, -8.55763721466, -5.4381814003, 20.900888443, 7.29963350296, 0.329805135727, -0.862636327744, 2.74715542793, 11.507276535, 11.2553796768, 17.2909069061, 31.7420349121, 58.3912696838]]
        icov: [[0.000364556442946, -0.000233655053307, 0.000381449150154, -0.000584883091506, 0.000383692706237, -9.8812932265e-005, 0.000102227284515, -0.000370141409803, 0.000823889742605, -0.000498532550409, 0.00041079139919, 0.000153539585881, 0.000246418901952], [-0.000233655053307, 0.0021543558687, 0.000370061199646, -0.000153924236656, 0.000514667539392, -0.000215530482819, -0.00102197017986, 0.0016320371069, -0.00218508206308, 0.00108530267607, 0.00034075891017, -0.000688606640324, 0.000530014047399], [0.000381449150154, 0.000370061199646, 0.00477524194866, -0.00031657985528, -0.0022580078803, 0.00076368264854, 0.000927839428186, -0.00283811031841, 0.00265794293955, -0.000266481947619, 0.00102208531462, 0.000264525442617, 0.000469784106826], [-0.000584883091506, -0.000153924236656, -0.00031657985528, 0.00579109182581, -0.0032499069348, -0.0013673385838, 0.000565699767321, 0.00100665388163, -0.00205902336165, 0.000143873956404, 0.000353677663952, 0.000487980956677, -0.00228039501235], [0.000383692706237, 0.000514667539392, -0.0022580078803, -0.0032499069348, 0.0108712632209, -0.00433164834976, -0.00190621998627, 0.00407312763855, -0.000592430063989, -0.0031052348204, 0.000793399696704, 0.000879074970726, -0.000170190629433], [-9.8812932265e-005, -0.000215530482819, 0.00076368264854, -0.0013673385838, -0.00433164834976, 0.0155750690028, -0.00404703384265, -0.0017765245866, 0.0034034345299, 0.000746645906474, -0.00439776107669, -0.000134199945023, 0.00147590518463], [0.000102227284515, -0.00102197017986, 0.000927839428186, 0.000565699767321, -0.00190621998627, -0.00404703384265, 0.0122939515859, -0.00795158464462, 0.0011479560053, -0.00130590971094, 0.00191943510436, -0.000730066793039, 0.000499129935633], [-0.000370141409803, 0.0016320371069, -0.00283811031841, 0.00100665388163, 0.00407312763855, -0.0017765245866, -0.00795158464462, 0.0205381847918, -0.0106610907242, -0.00135435059201, 0.00254164030775, -0.00163557974156, 0.000189398677321], [0.000823889742605, -0.00218508206308, 0.00265794293955, -0.00205902336165, -0.000592430063989, 0.0034034345299, 0.0011479560053, -0.0106610907242, 0.0221654549241, -0.00843046046793, 0.000182905161637, 0.00100258970633, -0.00134608533699], [-0.000498532550409, 0.00108530267607, -0.000266481947619, 0.000143873956404, -0.0031052348204, 0.000746645906474, -0.00130590971094, -0.00135435059201, -0.00843046046793, 0.0218642409891, -0.00952752772719, -0.00141982792411, 0.0010921866633], [0.00041079139919, 0.00034075891017, 0.00102208531462, 0.000353677663952, 0.000793399696704, -0.00439776107669, 0.00191943510436, 0.00254164030775, 0.000182905161637, -0.00952752772719, 0.0273101273924, -0.0103772487491, -0.000414305948652], [0.000153539585881, -0.000688606640324, 0.000264525442617, 0.000487980956677, 0.000879074970726, -0.000134199945023, -0.000730066793039, -0.00163557974156, 0.00100258970633, -0.00141982792411, -0.0103772487491, 0.0283214394003, -0.0123993344605], [0.000246418901952, 0.000530014047399, 0.000469784106826, -0.00228039501235, -0.000170190629433, 0.00147590518463, 0.000499129935633, 0.000189398677321, -0.00134608533699, 0.0010921866633, -0.000414305948652, -0.0123993344605, 0.0252196397632]]
    sccoeffs:
        dmean: [0.0619747117162, 0.0479785390198, 0.0377512089908, 0.0287914033979, 0.018276669085, 0.0210935100913]
        dmean2: [0.103667750955, 0.0809513255954, 0.0634158477187, 0.048241648823, 0.0308121461421, 0.0334919430315]
        dvar: [0.0029054293409, 0.00146005675197, 0.000869480310939, 0.000510466168635, 0.000216187880142, 0.000326126872096]
        dvar2: [0.00792936701328, 0.00400578556582, 0.00243102503009, 0.0014221498277, 0.000577920349315, 0.000798076507635]
        max: [-0.218849956989, -0.463916510344, -0.486337780952, -0.588170170784, -0.597798228264, -0.53092366457]
        mean: [-0.656653404236, -0.781190931797, -0.802503824234, -0.801614940166, -0.812293410301, -0.727482199669]
        median: [-0.667544364929, -0.786204576492, -0.807242155075, -0.804493248463, -0.814159333706, -0.728644549847]
        min: [-0.96320605278, -0.972934246063, -0.975319504738, -0.961742222309, -0.962674558163, -0.963169515133]
        var: [0.0062795211561, 0.00361295160837, 0.00249257893302, 0.00156210944988, 0.000709917454515, 0.0014303753851]
    scvalleys:
        dmean: [0.42318508029, 0.379619240761, 0.303911983967, 0.257123082876, 0.245777666569, 0.297263503075]
        dmean2: [0.708385407925, 0.626001000404, 0.497719615698, 0.407751560211, 0.386474192142, 0.462121337652]
        dvar: [0.135629862547, 0.125571936369, 0.0879732370377, 0.0717559456825, 0.0796458497643, 0.118431657553]
        dvar2: [0.319306433201, 0.289275765419, 0.18273344636, 0.137752920389, 0.154629468918, 0.251249521971]
        max: [-5.24899053574, -4.67598009109, -5.03671169281, -5.58835315704, -5.43800258636, -7.6566400528]
        mean: [-6.9416642189, -6.71373081207, -6.70959186554, -6.87870121002, -6.74694681168, -9.59234237671]
        median: [-6.68984270096, -6.55206346512, -6.59635543823, -6.71143245697, -6.57235431671, -9.43691635132]
        min: [-27.7254219055, -27.8182544708, -27.5863952637, -27.5094261169, -27.2681846619, -27.3264808655]
        var: [1.72322022915, 1.50879096985, 1.60371601582, 1.45872104168, 1.41233515739, 1.26123654842]

rhythm:
    beats_loudness:
        dmean: 0.00217780587263
        dmean2: 0.00402199942619
        dvar: 3.46589149558e-006
        dvar2: 9.55787618295e-006
        max: 0.0110133355483
        mean: 0.00516010588035
        median: 0.00466442620382
        min: 7.41601016707e-011
        var: 4.52646054327e-006
    bpm: 114.775085449
    bpm_confidence: 0
    first_peak_bpm: 115
    first_peak_spread: 0.231638416648
    first_peak_weight: 0.743169426918
    onset_rate: 4.0339717865
    second_peak_bpm: 110
    second_peak_spread: 0.142857119441
    second_peak_weight: 0.0163934417069
    beats_loudness_band_ratio:
        dmean: [0.125413060188, 0.144471347332, 0.0732691735029, 0.0866132676601, 0.0889020487666, 0.0991090163589]
        dmean2: [0.217918202281, 0.255745798349, 0.126565650105, 0.157497704029, 0.154623419046, 0.17049472034]
        dvar: [0.0121078109369, 0.0175628811121, 0.00586017174646, 0.0100746927783, 0.00526079535484, 0.0109101152048]
        dvar2: [0.0274571981281, 0.0457454174757, 0.0154386190698, 0.0317376926541, 0.0152489608154, 0.0317017622292]
        max: [0.996342837811, 0.585214734077, 0.78174072504, 0.695337533951, 0.624112010002, 0.899605572224]
        mean: [0.2530567348, 0.150455355644, 0.101323835552, 0.136947780848, 0.214826822281, 0.201223507524]
        median: [0.251442462206, 0.0898637622595, 0.0725326910615, 0.104998983443, 0.208946272731, 0.183331862092]
        min: [0, 0, 0, 0, 0, 0]
        var: [0.0221975017339, 0.0193193685263, 0.00708865653723, 0.0106624569744, 0.00777667947114, 0.0116620268673]
    beats_position: [0.545668900013, 1.09133780003, 1.62539684772, 2.15945577621, 2.68190479279, 3.22757363319, 3.76163268089, 4.29569149017, 4.82975053787, 5.35219955444, 5.87464857101, 6.39709758759, 6.91954612732, 7.44199514389, 7.96444416046, 8.47528362274, 8.99773216248, 9.52018165588, 10.0426301956, 10.5650787354, 11.0875282288, 11.6099767685, 12.1324262619, 12.6548748016, 13.177324295, 13.6997728348, 14.2222223282, 14.7446708679, 15.2671203613, 15.7895689011, 16.3120174408, 16.8344669342, 17.3569164276, 17.8793640137, 18.390203476, 18.9126529694, 19.4351024628, 19.9459400177, 20.4683895111, 20.9908390045, 21.5132884979, 22.035736084, 22.5581855774, 23.0806350708, 23.6030826569, 24.1255321503, 24.6479816437, 25.1704311371, 25.6928787231, 26.2153282166, 26.73777771, 27.2602272034, 27.7826747894, 28.3051242828, 28.8159637451, 29.3500213623, 29.8724708557, 30.3949203491, 30.9057598114, 31.4282073975, 31.9506568909, 32.4731063843, 32.9955558777, 33.5180053711, 34.0404510498, 34.5629005432, 35.0853500366, 35.60779953, 36.1302490234, 36.6526985168, 37.1751480103, 37.6975975037, 38.2200431824, 38.7541046143, 39.2649421692, 39.7873916626, 40.309841156, 40.8206787109, 41.3431282043, 41.8655776978, 42.3880271912, 42.9104766846, 43.432926178, 43.9553718567, 44.4778213501, 45.0002708435, 45.5111083984, 46.0335578918, 46.5560073853, 47.0784568787, 47.6009063721, 48.1349639893, 48.6574134827, 49.1798629761, 49.7023124695, 50.2247619629, 50.7355995178, 51.2580490112, 51.7804985046, 52.302947998, 52.8253974915, 53.3478431702, 53.8586845398, 54.3695220947, 54.8919715881, 55.4260292053, 55.9484786987, 56.4709281921, 56.9933776855, 57.515827179, 58.0382766724, 58.5607261658, 59.0831718445, 59.6056213379, 60.1280708313, 60.6505203247, 61.1729698181, 61.6954193115, 62.2178688049, 62.7403144836, 63.2627639771, 63.7852134705, 64.3076629639, 64.8301086426, 65.3409500122, 65.8634033203, 66.385848999, 66.9082946777, 67.4307479858, 67.9531936646, 68.4756469727, 68.9980926514, 69.5205459595, 70.0429916382, 70.5654373169, 71.087890625, 71.6103363037, 72.1327896118, 72.6552352905, 73.1776885986, 73.7001342773, 74.210975647, 74.7334213257, 75.2558746338, 75.7783203125, 76.3007659912, 76.8232192993, 77.345664978, 77.8681182861, 78.3905639648, 78.9130172729, 79.4354629517, 79.9579086304, 80.4803619385, 81.0028076172, 81.5136489868, 82.0360946655, 82.5585479736, 83.0809936523, 83.6034469604, 84.1258926392, 84.6483459473, 85.170791626, 85.6932373047, 86.2156906128, 86.7381362915, 87.2605895996, 87.7830352783, 88.3054885864, 88.8395462036, 89.3503875732, 89.872833252, 90.3952789307, 90.9177322388, 91.4401779175, 91.9742355347, 92.4850769043, 92.9959182739, 93.5183639526, 94.0408172607, 94.5748748779, 95.0857162476, 95.6081619263, 96.130607605, 96.6530609131, 97.1755065918, 97.6979598999, 98.2204055786, 98.7428588867, 99.2653045654, 99.7877502441, 100.310203552, 100.832649231, 101.343490601, 101.865936279, 102.388389587, 102.910835266, 103.444892883, 103.967346191, 104.48979187, 105.00063324, 105.523078918, 106.045532227, 106.556373596, 107.090431213, 107.624488831, 108.170158386, 108.727432251, 109.273101807, 109.807167053, 110.329612732, 110.852058411, 111.386123657, 111.908569336, 112.431015015, 112.953468323, 113.475914001, 114.009971619, 114.532424927, 115.043266296, 115.565711975, 116.099769592, 116.6222229, 117.133056641, 117.655509949, 118.189567566, 118.723625183, 119.304122925, 119.873016357, 120.441902161, 121.022399902, 121.602897644, 122.1485672, 122.694236755, 123.228294373, 123.762359619, 124.296417236, 124.830474854, 125.352920532, 125.87537384, 126.397819519, 126.920272827, 127.442718506, 127.965164185, 128.476013184, 129.010070801, 129.532516479, 130.054962158, 130.565795898, 131.088256836, 131.610702515, 132.133148193, 132.655593872, 133.17805481, 133.700500488, 134.211334229, 134.733779907, 135.256240845, 135.778686523, 136.301132202, 136.823577881, 137.334411621, 137.856872559, 138.379318237, 138.901763916, 139.424209595, 139.946670532, 140.469116211, 140.99156189, 141.514007568, 142.036453247, 142.558914185, 143.081359863, 143.603805542, 144.126251221, 144.648712158, 145.171157837, 145.681991577, 146.204437256, 146.726898193, 147.260955811, 147.771789551, 148.294235229, 148.816680908, 149.339141846, 149.849975586, 150.372421265, 150.894866943, 151.428924561, 151.951385498, 152.485443115, 152.996276855, 153.518722534, 154.041183472, 154.575241089, 155.086074829, 155.608520508, 156.130966187, 156.665023804, 157.175872803, 157.698318481, 158.22076416, 158.743209839, 159.265670776, 159.788116455, 160.310562134, 160.821395874, 161.343856812, 161.86630249, 162.388748169, 162.911193848, 163.433654785, 163.956100464, 164.478546143, 165.000991821, 165.5234375, 166.045898438, 166.568344116, 167.090789795, 167.601623535, 168.124084473, 168.646530151, 169.180587769, 169.691421509, 170.202270508, 170.736328125, 171.258773804, 171.781219482, 172.303665161, 172.826126099, 173.348571777, 173.871017456, 174.393463135, 174.915908813, 175.426757813, 175.949203491, 176.47164917, 177.005706787, 177.539764404, 178.050613403, 178.561447144, 179.083892822, 179.606338501, 180.128799438, 180.651245117, 181.173690796, 181.696136475, 182.218597412, 182.741043091, 183.26348877, 183.785934448, 184.308380127, 184.830841064, 185.353286743, 185.875732422, 186.386566162, 186.9090271, 187.431472778, 187.953918457, 188.476364136, 189.010421753, 189.53288269, 190.066940308, 190.600997925, 191.135055542, 191.669113159, 192.203170776]
