
metadata:
    version:
        essentia: "2.1-beta2"
    audio_properties:
        analysis_sample_rate: 44100
        bitrate: 320
        channels: 2
        equal_loudness: 1
        length: 263.627746582
        replay_gain: -15.7423200607
        downmix: "mix"
    tags:
        album: "Ire"
        artist: "Parkway Drive"
        comment: ""
        date: "2015"
        genre: "Alternative"
        title: "Vice Grip"
        tracknumber: "03/11"

configuration:
    average_loudness:
        compute: 1
        frameSize: 88200
        hopSize: 44100
        silentFrames: "noise"
        windowType: "hann"
    general:
        analysisSampleRate: 44100
        endTime: 2000
        equalLoudness: 1
        nequalLoudness: 0
        shortSound: 0
        startTime: 0
    lowlevel:
        compute: 1
        frameSize: 2048
        hopSize: 1024
        zeroPadding: 0
        silentFrames: "noise"
        windowType: "blackmanharris62"
        mfccStats: ["mean", "cov", "icov"]
        stats: ["mean", "var", "median", "min", "max", "dmean", "dmean2", "dvar", "dvar2"]
    panning:
        compute: 0
        frameSize: 8192
        hopSize: 2048
        zeroPadding: 8192
        silentFrames: "noise"
        windowType: "hann"
        stats: ["copy"]
    rhythm:
        compute: 1
        maxTempo: 208
        minTempo: 40
        method: "degara"
        stats: ["mean", "var", "median", "min", "max", "dmean", "dmean2", "dvar", "dvar2"]
    segmentation:
        compute: 0
        cpw: 5
        inc1: 300
        inc2: 50
        minimumSegmentsLength: 10
        size1: 1000
        size2: 600
    sfx:
        compute: 1
        stats: ["mean", "var", "median", "min", "max", "dmean", "dmean2", "dvar", "dvar2"]
    svm:
        compute: 0
    tonal:
        compute: 1
        frameSize: 4096
        hopSize: 2048
        zeroPadding: 0
        silentFrames: "noise"
        windowType: "blackmanharris62"
        stats: ["mean", "var", "median", "min", "max", "dmean", "dmean2", "dvar", "dvar2"]

lowlevel:
    average_loudness: 0.927325308323
    barkbands_kurtosis:
        dmean: 0.836171627045
        dmean2: 1.26451826096
        dvar: 6.22402143478
        dvar2: 7.66061544418
        max: 366.941619873
        mean: 0.730220139027
        median: -0.970689415932
        min: -1.87626492977
        var: 185.445968628
    barkbands_skewness:
        dmean: 0.37362614274
        dmean2: 0.589439570904
        dvar: 0.189406469464
        dvar2: 0.467007964849
        max: 16.6871185303
        mean: -0.0304128527641
        median: -0.24546982348
        min: -3.65160107613
        var: 1.44707143307
    barkbands_spread:
        dmean: 5.02756595612
        dmean2: 8.19508934021
        dvar: 23.6956691742
        dvar2: 61.4405441284
        max: 67.5161437988
        mean: 31.0811672211
        median: 31.3387241364
        min: 0.44321423769
        var: 102.798721313
    dissonance:
        dmean: 0.0106692919508
        dmean2: 0.0183355491608
        dvar: 0.00011121929856
        dvar2: 0.000312986114295
        max: 0.500000059605
        mean: 0.480502992868
        median: 0.485703021288
        min: 0.244389370084
        var: 0.000492184888572
    hfc:
        dmean: 1.80534172058
        dmean2: 2.96931910515
        dvar: 6.54064321518
        dvar2: 16.5759677887
        max: 43.0336799622
        mean: 7.73631477356
        median: 7.44526529312
        min: 1.21339944619e-016
        var: 16.7272701263
    pitch:
        dmean: 654.410705566
        dmean2: 1245.984375
        dvar: 1323936
        dvar2: 3383646.75
        max: 5077.60351563
        mean: 893.045898438
        median: 293.446868896
        min: 54.6077346802
        var: 1544957.875
    pitch_instantaneous_confidence:
        dmean: 0.0712317377329
        dmean2: 0.115905441344
        dvar: 0.00441130064428
        dvar2: 0.0101793101057
        max: 0.956471860409
        mean: 0.356468737125
        median: 0.316273391247
        min: 0.113627672195
        var: 0.0245650783181
    pitch_salience:
        dmean: 0.0550075992942
        dmean2: 0.091213144362
        dvar: 0.0030545888003
        dvar2: 0.00833980925381
        max: 0.902320504189
        mean: 0.667440772057
        median: 0.687272489071
        min: 0.0560917444527
        var: 0.0103847188875
    silence_rate_20dB:
        dmean: 0
        dmean2: 0
        dvar: 0
        dvar2: 0
        max: 1
        mean: 1
        median: 1
        min: 1
        var: 0
    silence_rate_30dB:
        dmean: 0
        dmean2: 0
        dvar: 0
        dvar2: 0
        max: 1
        mean: 1
        median: 1
        min: 1
        var: 0
    silence_rate_60dB:
        dmean: 0.0882508382201
        dmean2: 0.176517218351
        dvar: 0.0804724469781
        dvar2: 0.178630754352
        max: 1
        mean: 0.271950691938
        median: 0
        min: 0
        var: 0.197996929288
    spectral_centroid:
        dmean: 265.277862549
        dmean2: 420.633148193
        dvar: 86164.8359375
        dvar2: 195611.484375
        max: 11154.9833984
        mean: 1793.23242188
        median: 1850.64501953
        min: 126.859161377
        var: 300172.6875
    spectral_complexity:
        dmean: 3.70230746269
        dmean2: 5.98590660095
        dvar: 13.9024887085
        dvar2: 34.4898910522
        max: 46
        mean: 17.2646408081
        median: 18
        min: 0
        var: 66.8169250488
    spectral_crest:
        dmean: 1.74521040916
        dmean2: 2.92568731308
        dvar: 4.08605718613
        dvar2: 10.9085283279
        max: 24.5668849945
        mean: 6.14606571198
        median: 5.00502490997
        min: 2.23345565796
        var: 12.5446996689
    spectral_decrease:
        dmean: 2.71352385006e-010
        dmean2: 4.40491615405e-010
        dvar: 2.93754195244e-019
        dvar2: 7.75042384568e-019
        max: 4.9468217799e-030
        mean: -9.75719727236e-010
        median: -8.87247053605e-010
        min: -5.11188114061e-009
        var: 4.0914309896e-019
    spectral_energy:
        dmean: 0.00115418760106
        dmean2: 0.00186710897833
        dvar: 4.49598064733e-006
        dvar2: 1.17976314868e-005
        max: 0.0211367402226
        mean: 0.00438428902999
        median: 0.00405382132158
        min: 1.09872243957e-020
        var: 7.06906348569e-006
    spectral_energyband_high:
        dmean: 0.000165603632922
        dmean2: 0.000279688189039
        dvar: 7.30672624627e-008
        dvar2: 1.91727352217e-007
        max: 0.00428069196641
        mean: 0.000393982336391
        median: 0.000327262969222
        min: 8.1064233174e-021
        var: 9.97457547669e-008
    spectral_energyband_low:
        dmean: 0.00020562800637
        dmean2: 0.000338940095389
        dvar: 6.90338026743e-008
        dvar2: 1.73935674752e-007
        max: 0.00548390578479
        mean: 0.000367499596905
        median: 0.000270247954177
        min: 4.94241078644e-023
        var: 1.31134626713e-007
    spectral_energyband_middle_high:
        dmean: 0.000508613185957
        dmean2: 0.000829361670185
        dvar: 3.32135215331e-007
        dvar2: 8.50106630423e-007
        max: 0.0107179144397
        mean: 0.00234442553483
        median: 0.00225316011347
        min: 1.67810470142e-021
        var: 1.51535675741e-006
    spectral_energyband_middle_low:
        dmean: 0.00081740465248
        dmean2: 0.00136302551255
        dvar: 4.57920350527e-006
        dvar2: 1.23465442812e-005
        max: 0.0180229041725
        mean: 0.00138740602415
        median: 0.000887780159246
        min: 2.73462987307e-022
        var: 4.30816180597e-006
    spectral_flatness_db:
        dmean: 0.0125631168485
        dmean2: 0.0201766118407
        dvar: 0.000201641101739
        dvar2: 0.000527122057974
        max: 0.469430953264
        mean: 0.148651868105
        median: 0.13256958127
        min: 0.0481148138642
        var: 0.00344695197418
    spectral_flux:
        dmean: 0.00748824933544
        dmean2: 0.0115332575515
        dvar: 0.000116335926577
        dvar2: 0.000261066423263
        max: 0.133276239038
        mean: 0.0385728627443
        median: 0.0377475805581
        min: 1.04819965208e-010
        var: 0.000295698439004
    spectral_kurtosis:
        dmean: 1.47565770149
        dmean2: 2.56218576431
        dvar: 11.8900566101
        dvar2: 36.8460769653
        max: 73.8992919922
        mean: 4.64930772781
        median: 3.38691878319
        min: -1.23140561581
        var: 41.8706970215
    spectral_rms:
        dmean: 0.000235421859543
        dmean2: 0.000371442001779
        dvar: 1.18053520737e-007
        dvar2: 2.94643797361e-007
        max: 0.00454105809331
        mean: 0.00196691695601
        median: 0.00198870501481
        min: 3.2740255819e-012
        var: 4.08593734846e-007
    spectral_rolloff:
        dmean: 348.422241211
        dmean2: 574.330200195
        dvar: 261648.703125
        dvar2: 633801.8125
        max: 18410.8886719
        mean: 3348.42553711
        median: 3552.97851563
        min: 129.19921875
        var: 748555.125
    spectral_skewness:
        dmean: 0.180266544223
        dmean2: 0.300335526466
        dvar: 0.0665427297354
        dvar2: 0.20010766387
        max: 7.09916353226
        mean: 1.37084376812
        median: 1.30487728119
        min: -0.0135500002652
        var: 0.343827664852
    spectral_spread:
        dmean: 332228.875
        dmean2: 507649.78125
        dvar: 293646532608
        dvar2: 560482811904
        max: 41341952
        mean: 4168974
        median: 4108486.5
        min: 887878.4375
        var: 1.43008032358e+012
    spectral_strongpeak:
        dmean: 0.39500272274
        dmean2: 0.688897252083
        dvar: 0.332085639238
        dvar2: 0.871576547623
        max: 6.46967172623
        mean: 0.556534945965
        median: 0.300048828125
        min: 6.7490293354e-009
        var: 0.511486053467
    zerocrossingrate:
        dmean: 0.00769505277276
        dmean2: 0.00960438419133
        dvar: 7.34850473236e-005
        dvar2: 9.295194468e-005
        max: 0.48779296875
        mean: 0.100662909448
        median: 0.10400390625
        min: 0.00537109375
        var: 0.000612665317021
    barkbands:
        dmean: [5.3017416235e-008, 6.72883179504e-005, 0.0001211515264, 0.000197400062461, 0.0004989351728, 0.000100517150713, 6.73845570418e-005, 7.82517745392e-005, 0.000128823143314, 0.000114943024528, 9.42370825214e-005, 8.6767024186e-005, 7.51421102905e-005, 6.54594041407e-005, 8.93915930646e-005, 0.000107040170406, 0.000108190659375, 0.000105588791484, 0.000182057949132, 0.000137463561259, 8.97499485291e-005, 2.83823883365e-005, 4.44006582256e-006, 1.74794922714e-006, 8.1208111169e-007, 3.03417913017e-008, 3.45198647445e-010]
        dmean2: [8.59295283817e-008, 0.000112077650556, 0.000200399459573, 0.000344300322467, 0.000856843835209, 0.000162166950759, 0.000112830704893, 0.000129972031573, 0.000214313957258, 0.000188546589925, 0.000156002686708, 0.000142184115248, 0.000124548605527, 0.000107329920866, 0.000145547324792, 0.000176182977157, 0.000179030408617, 0.000172800413566, 0.000302678614389, 0.000229311612202, 0.000153369051986, 4.80611051898e-005, 7.45913121136e-006, 2.80336439573e-006, 1.28111548747e-006, 4.87033737784e-008, 5.77060454976e-010]
        dvar: [1.22312277562e-014, 1.06080513262e-008, 3.04585512367e-008, 2.95625795843e-007, 2.54799920185e-006, 3.03784553068e-008, 1.96594474033e-008, 1.83367614426e-008, 3.94209394017e-008, 3.335600951e-008, 2.58391921193e-008, 2.12977742109e-008, 1.67707625565e-008, 1.24998695838e-008, 1.58881494627e-008, 2.36959092348e-008, 1.72141785271e-008, 2.37344792708e-008, 5.08357445028e-008, 3.70136881145e-008, 2.13052899767e-008, 2.36563479916e-009, 8.9711821305e-011, 2.18468056146e-011, 6.79296983247e-012, 1.11468138254e-014, 3.84282857734e-019]
        dvar2: [3.35747021277e-014, 2.75425513507e-008, 7.84606228876e-008, 8.09995754025e-007, 7.03181558492e-006, 7.6894686174e-008, 5.1911626997e-008, 4.95478751361e-008, 1.06045561665e-007, 8.75451604543e-008, 6.85468890538e-008, 5.50420722334e-008, 4.49855335205e-008, 3.3202471883e-008, 4.14916172531e-008, 6.18875333203e-008, 4.5186080655e-008, 6.05843766266e-008, 1.33292502369e-007, 9.79478613772e-008, 5.67548603669e-008, 6.00456395716e-009, 2.20631998782e-010, 4.96383177617e-011, 1.62001141668e-011, 2.82476289132e-014, 9.44938458146e-019]
        max: [2.75586103271e-006, 0.00170713558327, 0.00344177894294, 0.00540506327525, 0.013210288249, 0.00275552063249, 0.00222395407036, 0.00271029258147, 0.0031131664291, 0.00466059660539, 0.00319365481846, 0.00237147393636, 0.00284079043195, 0.0029143311549, 0.00206231861375, 0.00426806695759, 0.00247065955773, 0.00383228715509, 0.00461017573252, 0.00344455614686, 0.00278558651917, 0.000943254155573, 0.000208045428735, 0.000104355553049, 8.48897325341e-005, 3.08532753479e-006, 1.6413004289e-008]
        mean: [8.34067037658e-008, 0.000114058544568, 0.000179081049282, 0.000197200177354, 0.000502146605868, 0.00018388373428, 9.30816022446e-005, 0.000132131623104, 0.000224164279643, 0.000214933519601, 0.000177490699571, 0.000163349672221, 0.000139814568684, 0.000127274193801, 0.000184539239854, 0.00023415996111, 0.000246377341682, 0.000238787790295, 0.000461795774754, 0.000322178559145, 0.000181897732546, 5.3650841437e-005, 7.55502605898e-006, 3.15111947202e-006, 1.45579110722e-006, 5.62812090266e-008, 5.81522718868e-010]
        median: [2.95346893608e-008, 7.47781450627e-005, 0.000118781375932, 5.10598547407e-005, 0.000110819528345, 0.000105596984213, 4.05794125982e-005, 6.5882159106e-005, 0.000128282335936, 0.00010390082025, 8.55872785905e-005, 9.14848715183e-005, 8.23387672426e-005, 7.92704086052e-005, 0.000133100649691, 0.000186893579667, 0.0002081861021, 0.000195784508833, 0.000414117850596, 0.000274861551588, 0.000145050231367, 3.78485710826e-005, 3.92154151996e-006, 1.52282359522e-006, 7.11895154382e-007, 2.87300707669e-008, 2.89580692758e-010]
        min: [2.54032554351e-023, 1.31144686059e-023, 1.55296498865e-023, 1.67292154448e-023, 2.86173903073e-023, 3.24015024271e-023, 5.7790687739e-023, 4.89539246767e-023, 5.67027538874e-023, 1.12566752995e-022, 1.53244005852e-022, 8.08044361605e-023, 1.13658119969e-022, 1.29572423166e-022, 1.40019099875e-022, 1.27639991628e-022, 2.4035488639e-022, 2.01321253628e-022, 2.57951709991e-022, 2.90922864655e-022, 5.16465088947e-022, 5.49626529483e-022, 5.60321766796e-022, 9.9384589395e-022, 1.21058427908e-021, 1.6218715659e-021, 2.79480721215e-021]
        var: [3.85121994787e-014, 1.77636056975e-008, 4.49748007725e-008, 2.46038723617e-007, 2.02599267141e-006, 5.19221323714e-008, 2.32922552357e-008, 3.35610224056e-008, 7.4677053874e-008, 9.23874168279e-008, 6.86509764591e-008, 4.69491929778e-008, 3.18677457756e-008, 2.68728879149e-008, 3.43097958933e-008, 4.66520546638e-008, 3.44308617173e-008, 4.1056352984e-008, 1.03330066281e-007, 6.31306278365e-008, 2.52847005555e-008, 3.24500382121e-009, 1.35438854576e-010, 3.41074460342e-011, 8.79731443942e-012, 1.26940965335e-014, 7.72811892046e-019]
    frequency_bands:
        dmean: [5.3017416235e-008, 6.72883179504e-005, 0.0001211515264, 0.000197400062461, 0.0004989351728, 0.000100517150713, 6.73845570418e-005, 7.82517745392e-005, 0.000128823143314, 0.000114943024528, 9.42370825214e-005, 8.6767024186e-005, 7.51421102905e-005, 6.54594041407e-005, 8.93915930646e-005, 0.000107040170406, 0.000108190659375, 0.000105588791484, 0.000182057949132, 0.000137463561259, 8.97499485291e-005, 2.83823883365e-005, 4.44006582256e-006, 1.74794922714e-006, 8.1208111169e-007, 3.03417913017e-008, 3.45198647445e-010, 5.05191895261e-011]
        dmean2: [8.59295283817e-008, 0.000112077650556, 0.000200399459573, 0.000344300322467, 0.000856843835209, 0.000162166950759, 0.000112830704893, 0.000129972031573, 0.000214313957258, 0.000188546589925, 0.000156002686708, 0.000142184115248, 0.000124548605527, 0.000107329920866, 0.000145547324792, 0.000176182977157, 0.000179030408617, 0.000172800413566, 0.000302678614389, 0.000229311612202, 0.000153369051986, 4.80611051898e-005, 7.45913121136e-006, 2.80336439573e-006, 1.28111548747e-006, 4.87033737784e-008, 5.77060454976e-010, 9.38067817868e-011]
        dvar: [1.22312277562e-014, 1.06080513262e-008, 3.04585512367e-008, 2.95625795843e-007, 2.54799920185e-006, 3.03784553068e-008, 1.96594474033e-008, 1.83367614426e-008, 3.94209394017e-008, 3.335600951e-008, 2.58391921193e-008, 2.12977742109e-008, 1.67707625565e-008, 1.24998695838e-008, 1.58881494627e-008, 2.36959092348e-008, 1.72141785271e-008, 2.37344792708e-008, 5.08357445028e-008, 3.70136881145e-008, 2.13052899767e-008, 2.36563479916e-009, 8.9711821305e-011, 2.18468056146e-011, 6.79296983247e-012, 1.11468138254e-014, 3.84282857734e-019, 5.31659756623e-021]
        dvar2: [3.35747021277e-014, 2.75425513507e-008, 7.84606228876e-008, 8.09995754025e-007, 7.03181558492e-006, 7.6894686174e-008, 5.1911626997e-008, 4.95478751361e-008, 1.06045561665e-007, 8.75451604543e-008, 6.85468890538e-008, 5.50420722334e-008, 4.49855335205e-008, 3.3202471883e-008, 4.14916172531e-008, 6.18875333203e-008, 4.5186080655e-008, 6.05843766266e-008, 1.33292502369e-007, 9.79478613772e-008, 5.67548603669e-008, 6.00456395716e-009, 2.20631998782e-010, 4.96383177617e-011, 1.62001141668e-011, 2.82476289132e-014, 9.44938458146e-019, 1.67506448955e-020]
        max: [2.75586103271e-006, 0.00170713558327, 0.00344177894294, 0.00540506327525, 0.013210288249, 0.00275552063249, 0.00222395407036, 0.00271029258147, 0.0031131664291, 0.00466059660539, 0.00319365481846, 0.00237147393636, 0.00284079043195, 0.0029143311549, 0.00206231861375, 0.00426806695759, 0.00247065955773, 0.00383228715509, 0.00461017573252, 0.00344455614686, 0.00278558651917, 0.000943254155573, 0.000208045428735, 0.000104355553049, 8.48897325341e-005, 3.08532753479e-006, 1.6413004289e-008, 9.38339406176e-010]
        mean: [8.34067037658e-008, 0.000114058544568, 0.000179081049282, 0.000197200177354, 0.000502146605868, 0.00018388373428, 9.30816022446e-005, 0.000132131623104, 0.000224164279643, 0.000214933519601, 0.000177490699571, 0.000163349672221, 0.000139814568684, 0.000127274193801, 0.000184539239854, 0.00023415996111, 0.000246377341682, 0.000238787790295, 0.000461795774754, 0.000322178559145, 0.000181897732546, 5.3650841437e-005, 7.55502605898e-006, 3.15111947202e-006, 1.45579110722e-006, 5.62812090266e-008, 5.81522718868e-010, 3.92723527309e-011]
        median: [2.95346893608e-008, 7.47781450627e-005, 0.000118781375932, 5.10598547407e-005, 0.000110819528345, 0.000105596984213, 4.05794125982e-005, 6.5882159106e-005, 0.000128282335936, 0.00010390082025, 8.55872785905e-005, 9.14848715183e-005, 8.23387672426e-005, 7.92704086052e-005, 0.000133100649691, 0.000186893579667, 0.0002081861021, 0.000195784508833, 0.000414117850596, 0.000274861551588, 0.000145050231367, 3.78485710826e-005, 3.92154151996e-006, 1.52282359522e-006, 7.11895154382e-007, 2.87300707669e-008, 2.89580692758e-010, 1.47296619346e-011]
        min: [2.54032554351e-023, 1.31144686059e-023, 1.55296498865e-023, 1.67292154448e-023, 2.86173903073e-023, 3.24015024271e-023, 5.7790687739e-023, 4.89539246767e-023, 5.67027538874e-023, 1.12566752995e-022, 1.53244005852e-022, 8.08044361605e-023, 1.13658119969e-022, 1.29572423166e-022, 1.40019099875e-022, 1.27639991628e-022, 2.4035488639e-022, 2.01321253628e-022, 2.57951709991e-022, 2.90922864655e-022, 5.16465088947e-022, 5.49626529483e-022, 5.60321766796e-022, 9.9384589395e-022, 1.21058427908e-021, 1.6218715659e-021, 2.79480721215e-021, 5.96398029444e-022]
        var: [3.85121994787e-014, 1.77636056975e-008, 4.49748007725e-008, 2.46038723617e-007, 2.02599267141e-006, 5.19221323714e-008, 2.32922552357e-008, 3.35610224056e-008, 7.4677053874e-008, 9.23874168279e-008, 6.86509764591e-008, 4.69491929778e-008, 3.18677457756e-008, 2.68728879149e-008, 3.43097958933e-008, 4.66520546638e-008, 3.44308617173e-008, 4.1056352984e-008, 1.03330066281e-007, 6.31306278365e-008, 2.52847005555e-008, 3.24500382121e-009, 1.35438854576e-010, 3.41074460342e-011, 8.79731443942e-012, 1.26940965335e-014, 7.72811892046e-019, 4.2161626043e-021]
    mfcc:
        mean: [-706.447692871, 102.291137695, -61.17370224, 47.2070503235, -18.2412242889, 1.09145319462, 3.82491922379, -1.29856681824, 3.96939921379, -3.44406366348, -4.62435531616, -6.13691806793, -2.12524032593]
        cov: [[6421.54101563, 434.024871826, -398.840332031, 778.307373047, -432.977203369, 325.835266113, 139.690567017, -76.3599090576, 32.6582832336, -23.6725902557, -93.0174179077, -164.284057617, -130.713912964], [434.024871826, 550.64251709, -210.791168213, 152.681915283, -83.5097122192, 25.1276779175, 44.6916847229, 0.544405996799, 57.4008598328, -5.49011039734, 10.1870317459, 1.91113090515, 37.7597885132], [-398.840332031, -210.791168213, 674.590515137, 78.3451461792, 139.596084595, 115.55330658, 18.6416454315, 5.7135014534, -39.1475601196, -14.9508600235, -35.0866165161, 0.712372779846, -19.8446903229], [778.307373047, 152.681915283, 78.3451461792, 472.264434814, 20.1044464111, 170.228469849, 84.3454589844, -16.4080371857, 65.9707336426, 14.3669462204, 23.2210235596, -7.00771427155, 45.6180305481], [-432.977203369, -83.5097122192, 139.596084595, 20.1044464111, 204.24458313, 17.9807510376, -4.94959545135, -5.33969831467, -12.6010532379, 15.989238739, 19.9805908203, 15.0569572449, 16.970161438], [325.835266113, 25.1276779175, 115.55330658, 170.228469849, 17.9807510376, 181.396392822, 91.8700714111, 18.5636730194, 29.0717830658, 9.86727237701, 7.07447004318, -4.05645561218, -2.14438915253], [139.690567017, 44.6916847229, 18.6416454315, 84.3454589844, -4.94959545135, 91.8700714111, 147.945144653, 72.337638855, 50.3354606628, 13.0805797577, 5.60465288162, 9.98579216003, 14.8390445709], [-76.3599090576, 0.544405996799, 5.7135014534, -16.4080371857, -5.33969831467, 18.5636730194, 72.337638855, 116.335289001, 51.9636268616, 29.9624233246, 6.96999692917, 16.5275001526, 12.4480905533], [32.6582832336, 57.4008598328, -39.1475601196, 65.9707336426, -12.6010532379, 29.0717830658, 50.3354606628, 51.9636268616, 103.749221802, 51.8678703308, 29.7568569183, 18.2455844879, 28.620967865], [-23.6725902557, -5.49011039734, -14.9508600235, 14.3669462204, 15.989238739, 9.86727237701, 13.0805797577, 29.9624233246, 51.8678703308, 96.239112854, 48.6950759888, 22.8288955688, 14.8899641037], [-93.0174179077, 10.1870317459, -35.0866165161, 23.2210235596, 19.9805908203, 7.07447004318, 5.60465288162, 6.96999692917, 29.7568569183, 48.6950759888, 74.8382949829, 37.0463485718, 25.2100658417], [-164.284057617, 1.91113090515, 0.712372779846, -7.00771427155, 15.0569572449, -4.05645561218, 9.98579216003, 16.5275001526, 18.2455844879, 22.8288955688, 37.0463485718, 66.6940307617, 41.0305709839], [-130.713912964, 37.7597885132, -19.8446903229, 45.6180305481, 16.970161438, -2.14438915253, 14.8390445709, 12.4480905533, 28.620967865, 14.8899641037, 25.2100658417, 41.0305709839, 79.6650543213]]
        icov: [[0.000307570939185, 1.84471628017e-005, 0.000251616263995, -0.000618374149781, 0.000537136453204, -0.000263567926595, 3.47781278833e-005, -2.00507911359e-005, 0.000424366502557, -0.000411700777477, 0.000503579038195, -6.32067312836e-005, 0.000585515284911], [1.84471628017e-005, 0.00254486058839, 0.000746552250348, -0.000839917629492, 0.000571934448089, 7.28413579054e-005, -0.000315220415359, 0.000291998527246, -0.00078142050188, 0.00064517906867, 0.000232881837292, -0.000123437523143, -0.000465780409286], [0.000251616263995, 0.000746552250348, 0.00266439258121, -0.000923530082218, -0.000841273984406, -0.00190703826956, 0.000843874062411, -0.000718954775948, 0.000989133375697, -0.000488291902002, 0.00248228665441, -0.00155008328147, 0.00108329940122], [-0.000618374149781, -0.000839917629492, -0.000923530082218, 0.00579491211101, -0.00122031616047, -0.00300619378686, -0.000449713057606, 0.00235551595688, -0.00302390824072, 0.00129383732565, -0.0020806810353, 0.00283742579632, -0.0042285239324], [0.000537136453204, 0.000571934448089, -0.000841273984406, -0.00122031616047, 0.00740575790405, -0.000324366876157, 4.47481306765e-006, 0.000114552785817, 0.00219776364975, -0.00158832245506, -0.00124193064403, 0.000690042390488, -0.000960670877248], [-0.000263567926595, 7.28413579054e-005, -0.00190703826956, -0.00300619378686, -0.000324366876157, 0.0137650333345, -0.00743345823139, 0.00182623800356, -0.000130697371787, -0.000242265901761, -0.00190828437917, -7.57488669478e-005, 0.00305338366888], [3.47781278833e-005, -0.000315220415359, 0.000843874062411, -0.000449713057606, 4.47481306765e-006, -0.00743345823139, 0.0163361299783, -0.00869634095579, -0.00171904300805, 0.00228408304974, 0.000875654513948, -0.00103258935269, -0.00076548778452], [-2.00507911359e-005, 0.000291998527246, -0.000718954775948, 0.00235551595688, 0.000114552785817, 0.00182623800356, -0.00869634095579, 0.0175609011203, -0.0061616403982, -0.00255081150681, 0.00261579244398, -0.00158898101654, -0.000117544208479], [0.000424366502557, -0.00078142050188, 0.000989133375697, -0.00302390824072, 0.00219776364975, -0.000130697371787, -0.00171904300805, -0.0061616403982, 0.021487403661, -0.00882093049586, -0.000193932850379, 0.000868474657182, -0.0026009932626], [-0.000411700777477, 0.00064517906867, -0.000488291902002, 0.00129383732565, -0.00158832245506, -0.000242265901761, 0.00228408304974, -0.00255081150681, -0.00882093049586, 0.0211660582572, -0.0117135783657, 0.000830996141303, 0.000952865579166], [0.000503579038195, 0.000232881837292, 0.00248228665441, -0.0020806810353, -0.00124193064403, -0.00190828437917, 0.000875654513948, 0.00261579244398, -0.000193932850379, -0.0117135783657, 0.0295330174267, -0.013089238666, 0.00182176579256], [-6.32067312836e-005, -0.000123437523143, -0.00155008328147, 0.00283742579632, 0.000690042390488, -7.57488669478e-005, -0.00103258935269, -0.00158898101654, 0.000868474657182, 0.000830996141303, -0.013089238666, 0.0309125632048, -0.0140109052882], [0.000585515284911, -0.000465780409286, 0.00108329940122, -0.0042285239324, -0.000960670877248, 0.00305338366888, -0.00076548778452, -0.000117544208479, -0.0026009932626, 0.000952865579166, 0.00182176579256, -0.0140109052882, 0.0242690294981]]
    sccoeffs:
        dmean: [0.0575199946761, 0.0456403568387, 0.0367553979158, 0.027916001156, 0.0187836196274, 0.0171775911003]
        dmean2: [0.0956121087074, 0.0757469236851, 0.0613519623876, 0.0465927869081, 0.0310415886343, 0.0276674795896]
        dvar: [0.0027607458178, 0.00141344708391, 0.000847655697726, 0.000520886736922, 0.000247654621489, 0.000259857653873]
        dvar2: [0.00722376536578, 0.00385147612542, 0.00230217981152, 0.00140638882294, 0.000627185276244, 0.000636386452243]
        max: [-0.234050035477, -0.40458330512, -0.449393779039, -0.541444540024, -0.515834391117, -0.570191800594]
        mean: [-0.641017258167, -0.751691162586, -0.785275995731, -0.794935703278, -0.795326352119, -0.727096676826]
        median: [-0.651021063328, -0.756703734398, -0.790853977203, -0.798745214939, -0.800924062729, -0.728201746941]
        min: [-0.965561628342, -0.965603172779, -0.957670211792, -0.963516116142, -0.960157930851, -0.959464371204]
        var: [0.00658612325788, 0.00389843690209, 0.00304034352303, 0.00179486779962, 0.00158779637422, 0.0020377940964]
    scvalleys:
        dmean: [0.40224006772, 0.340857893229, 0.284792035818, 0.234438762069, 0.198869287968, 0.241641610861]
        dmean2: [0.674240648746, 0.562803328037, 0.462672621012, 0.373666733503, 0.30928248167, 0.377155393362]
        dvar: [0.117510445416, 0.0930892750621, 0.0683353543282, 0.0521394014359, 0.0507967732847, 0.105477243662]
        dvar2: [0.297074228525, 0.214980453253, 0.145396441221, 0.103495299816, 0.0973814874887, 0.235313624144]
        max: [-5.36385822296, -4.64026355743, -4.99986314774, -5.58580780029, -5.58338594437, -7.68780374527]
        mean: [-7.35430860519, -6.83929634094, -6.71572351456, -6.96750068665, -6.98979043961, -10.0006170273]
        median: [-7.01024770737, -6.64560508728, -6.51497793198, -6.7409324646, -6.69305372238, -9.64148712158]
        min: [-26.9116153717, -27.5723266602, -27.3466835022, -27.1754932404, -27.1701507568, -27.2357387543]
        var: [2.07409191132, 1.3546769619, 1.51533985138, 1.44721484184, 1.68387210369, 2.54807138443]

rhythm:
    beats_loudness:
        dmean: 0.00304777082056
        dmean2: 0.00589590473101
        dvar: 4.43454609922e-006
        dvar2: 1.53485416376e-005
        max: 0.0178006682545
        mean: 0.00575788225979
        median: 0.00561260432005
        min: 2.23154117407e-009
        var: 7.55158316679e-006
    bpm: 123.934272766
    bpm_confidence: 0
    first_peak_bpm: 123
    first_peak_spread: 0.326693207026
    first_peak_weight: 0.620183467865
    onset_rate: 2.94354462624
    second_peak_bpm: 117
    second_peak_spread: 0.25
    second_peak_weight: 0.0220183487982
    beats_loudness_band_ratio:
        dmean: [0.139139965177, 0.237263977528, 0.0714720189571, 0.0838325619698, 0.112648881972, 0.0895230025053]
        dmean2: [0.255749762058, 0.46317499876, 0.12759283185, 0.150469154119, 0.214587852359, 0.166866287589]
        dvar: [0.0120792454109, 0.023798506707, 0.00602412503213, 0.00732638360932, 0.00733090471476, 0.00496985157952]
        dvar2: [0.0389414019883, 0.0849664509296, 0.0180327519774, 0.0215417016298, 0.0222523529083, 0.016085492447]
        max: [0.98460072279, 0.640482664108, 0.605470478535, 0.671090602875, 0.711656451225, 0.544618785381]
        mean: [0.247896552086, 0.187763646245, 0.101844869554, 0.142001375556, 0.211593553424, 0.176652535796]
        median: [0.24153791368, 0.107177719474, 0.0785691589117, 0.115201659501, 0.197815552354, 0.175209730864]
        min: [9.29862267185e-007, 0.000730752304662, 0.00126916449517, 0.000315563142067, 0.000159570830874, 0.000143804121763]
        var: [0.0290199369192, 0.0285259764642, 0.00663151266053, 0.00924220960587, 0.0134932287037, 0.00764056155458]
    beats_position: [0.476009070873, 0.96362811327, 1.45124709606, 1.95047616959, 2.43809509277, 2.93732428551, 3.44816327095, 3.95900225639, 4.46984100342, 4.98067998886, 5.50312900543, 6.01396799088, 6.52480697632, 7.01242637634, 7.50004529953, 7.98766422272, 8.47528362274, 8.96290206909, 9.45052146912, 9.92653083801, 10.4025392532, 10.8901586533, 11.3777770996, 11.8653964996, 12.3530158997, 12.840634346, 13.328253746, 13.8042631149, 14.2802715302, 14.7678909302, 15.2555103302, 15.7315187454, 16.2191371918, 16.6951465607, 17.1827659607, 17.6703853607, 18.1580047607, 18.6456241608, 19.1332416534, 19.6092510223, 20.0852603912, 20.5728797913, 21.0604991913, 21.5365066528, 22.0241260529, 22.5001354218, 22.9877548218, 23.4753742218, 23.9629936218, 24.4506111145, 24.9382305145, 25.4142398834, 25.9018592834, 26.3894786835, 26.865486145, 27.353105545, 27.8407249451, 28.316734314, 28.7927436829, 29.2803630829, 29.7679805756, 30.2555999756, 30.7432193756, 31.2192287445, 31.6952381134, 32.1828575134, 32.6704750061, 33.1580963135, 33.6457138062, 34.121723175, 34.5977325439, 35.0853500366, 35.572971344, 36.0605888367, 36.5365982056, 37.0126075745, 37.5002250671, 37.9878463745, 38.4754638672, 38.9630813599, 39.4507026672, 39.9383201599, 40.4143295288, 40.9019508362, 41.3779602051, 41.8655776978, 42.3531951904, 42.8408164978, 43.3284339905, 43.8044433594, 44.2804527283, 44.7564620972, 45.2324714661, 45.7200889587, 46.2077102661, 46.6953277588, 47.1829452515, 47.6705665588, 48.1581840515, 48.6458053589, 49.1334228516, 49.6094322205, 50.0970497131, 50.573059082, 51.0374603271, 51.5250778198, 52.0126991272, 52.4887046814, 52.9763259888, 53.4639434814, 53.9631729126, 54.4391822815, 54.9268035889, 55.4028091431, 55.8904304504, 56.3780479431, 56.8656692505, 57.3532867432, 57.8292961121, 58.305305481, 58.7929229736, 59.280544281, 59.7681617737, 60.2557830811, 60.7434005737, 61.2194099426, 61.6954193115, 62.1830368042, 62.6706581116, 63.1582756042, 63.6458930969, 64.1335144043, 64.621131897, 65.0971450806, 65.5731506348, 66.0607681274, 66.5483856201, 67.0243988037, 67.5004043579, 67.98802948, 68.4756469727, 68.9632644653, 69.450881958, 69.9384994507, 70.4145126343, 70.8905181885, 71.3781356812, 71.8657608032, 72.3533782959, 72.8293838501, 73.3053970337, 73.7930145264, 74.280632019, 74.7682495117, 75.2558746338, 75.7434921265, 76.2194976807, 76.6955108643, 77.1831283569, 77.6707458496, 78.1583633423, 78.6343765259, 79.1103820801, 79.5979995728, 80.0856246948, 80.5732421875, 81.0608596802, 81.5368728638, 82.012878418, 82.5004959106, 82.9881134033, 83.4641265869, 83.9517440796, 84.4277572632, 84.9153747559, 85.4029922485, 85.8906097412, 86.3782272339, 86.865852356, 87.3534698486, 87.8410873413, 88.3170928955, 88.7931060791, 89.2807235718, 89.7683410645, 90.2559585571, 90.7319717407, 91.2079772949, 91.695602417, 92.1832199097, 92.6708374023, 93.158454895, 93.6344680786, 94.1104736328, 94.5980911255, 95.0857162476, 95.5733337402, 96.0609512329, 96.5485687256, 97.0245819092, 97.5005874634, 97.9882049561, 98.4758224487, 98.9518356323, 99.4278411865, 99.9154663086, 100.403083801, 100.890701294, 101.378318787, 101.865936279, 102.353561401, 102.829566956, 103.305580139, 103.793197632, 104.280815125, 104.768432617, 105.25605011, 105.732063293, 106.208068848, 106.69568634, 107.183311462, 107.670928955, 108.146934509, 108.634559631, 109.122177124, 109.598182678, 110.085800171, 110.573425293, 111.061042786, 111.548660278, 112.036277771, 112.512290955, 112.988296509, 113.475914001, 113.963539124, 114.451156616, 114.938774109, 115.414779663, 115.890792847, 116.378410339, 116.866027832, 117.342041016, 117.81804657, 118.305664063, 118.793289185, 119.280906677, 119.76852417, 120.244529724, 120.732154846, 121.2081604, 121.695777893, 122.183395386, 122.671020508, 123.158638, 123.634643555, 124.110656738, 124.598274231, 125.085891724, 125.573509216, 126.061134338, 126.548751831, 127.013153076, 127.477546692, 127.988388062, 128.476013184, 128.963623047, 129.451248169, 129.927261353, 130.403259277, 130.879272461, 131.355285645, 131.854507446, 132.342132568, 132.829742432, 133.305755615, 133.793380737, 134.280990601, 134.768615723, 135.256240845, 135.743850708, 136.23147583, 136.707473755, 137.195098877, 137.671112061, 138.158721924, 138.646347046, 139.122360229, 139.598358154, 140.085983276, 140.573608398, 141.061218262, 141.548843384, 142.036453247, 142.512466431, 142.988479614, 143.476104736, 143.9637146, 144.451339722, 144.938949585, 145.414962769, 145.890975952, 146.378585815, 146.866210938, 147.342224121, 147.818222046, 148.305847168, 148.770248413, 149.257858276, 149.745483398, 150.233108521, 150.720718384, 151.208343506, 151.695953369, 152.183578491, 152.671203613, 153.158813477, 153.63482666, 154.110839844, 154.598449707, 155.086074829, 155.573699951, 156.061309814, 156.548934937, 157.024932861, 157.500946045, 157.988571167, 158.47618103, 158.952194214, 159.439819336, 159.915817261, 160.403442383, 160.891067505, 161.36706543, 161.854690552, 162.330703735, 162.818313599, 163.305938721, 163.793563843, 164.281173706, 164.768798828, 165.256408691, 165.744033813, 166.220046997, 166.696044922, 167.183670044, 167.659683228, 168.135681152, 168.623306274, 169.110931396, 169.59854126, 170.086166382, 170.573776245, 171.049789429, 171.525802612, 172.013427734, 172.501037598, 172.98866272, 173.476272583, 173.963897705, 174.439910889, 174.915908813, 175.403533936, 175.891159058, 176.378768921, 176.866394043, 177.342407227, 177.83001709, 178.306030273, 178.793640137, 179.281265259, 179.757278442, 180.233291626, 180.720901489, 181.208526611, 181.696136475, 182.183761597, 182.65977478, 183.135772705, 183.623397827, 184.111022949, 184.598632813, 185.086257935, 185.573867798, 186.049880981, 186.537506104, 187.025115967, 187.512741089, 187.988754272, 188.476364136, 188.963989258, 189.451599121, 189.939224243, 190.415237427, 190.89125061, 191.367248535, 191.843261719, 192.330886841, 192.818496704, 193.306121826, 193.793731689, 194.281356812, 194.768981934, 195.256591797, 195.73260498, 196.208618164, 196.696228027, 197.183853149, 197.659866333, 198.135864258, 198.62348938, 199.111114502, 199.598724365, 200.086349487, 200.573959351, 201.061584473, 201.537597656, 202.02520752, 202.501220703, 202.988845825, 203.476455688, 203.964080811, 204.451690674, 204.927703857, 205.403717041, 205.891326904, 206.378952026, 206.866577148, 207.354187012, 207.841812134, 208.317825317, 208.793823242, 209.281448364, 209.769073486, 210.25668335, 210.732696533, 211.208709717, 211.69631958, 212.183944702, 212.671554565, 213.159179688, 213.64680481, 214.122802734, 214.598815918, 215.074829102, 215.562438965, 216.050064087, 216.549285889, 217.025299072, 217.512924194, 217.988937378, 218.476547241, 218.964172363, 219.451782227, 219.92779541, 220.403808594, 220.891418457, 221.379043579, 221.866668701, 222.354278564, 222.830291748, 223.31791687, 223.793914795, 224.281539917, 224.757553101, 225.245162964, 225.732788086, 226.20880127, 226.696411133, 227.184036255, 227.671646118, 228.15927124, 228.646896362, 229.134506226, 229.610519409, 230.098129272, 230.574142456, 231.061767578, 231.549377441, 232.037002563, 232.524627686, 233.012237549, 233.499862671, 233.975875854, 234.451873779, 234.927886963, 235.415512085, 235.89151001, 236.379135132, 236.855148315, 237.33114624, 237.818771362, 238.306396484, 238.794006348, 239.28163147, 239.769241333, 240.256866455, 240.732879639, 241.208877563, 241.696502686, 242.184127808, 242.671737671, 243.147750854, 243.623764038, 244.111373901, 244.598999023, 245.086624146, 245.585845947, 246.096679688, 246.619140625, 247.141586304, 247.664031982, 248.174865723, 248.685714722, 249.184936523, 249.684173584, 250.195007324, 250.705841064, 251.147018433, 251.58821106, 252.029388428, 252.470565796, 252.888519287, 253.294876099, 253.71282959, 254.14239502, 254.571975708, 255.001541138, 255.431106567, 255.918731689, 256.406341553, 256.893951416, 257.3699646, 257.85760498, 258.345214844, 258.763183594, 259.181121826, 259.599090576, 260.017059326, 260.388580322, 260.760070801, 261.131591797, 261.51473999, 261.897857666, 262.281005859, 262.664123535, 263.035644531]
