
metadata:
    version:
        essentia: "2.1-beta2"
    audio_properties:
        analysis_sample_rate: 44100
        bitrate: 320
        channels: 2
        equal_loudness: 1
        length: 332.956726074
        replay_gain: -15.6837873459
        downmix: "mix"
    tags:
        album: "Ire"
        artist: "Parkway Drive"
        comment: ""
        date: "2015"
        genre: "Alternative"
        title: "Fractures"
        tracknumber: "05/11"

configuration:
    average_loudness:
        compute: 1
        frameSize: 88200
        hopSize: 44100
        silentFrames: "noise"
        windowType: "hann"
    general:
        analysisSampleRate: 44100
        endTime: 2000
        equalLoudness: 1
        nequalLoudness: 0
        shortSound: 0
        startTime: 0
    lowlevel:
        compute: 1
        frameSize: 2048
        hopSize: 1024
        zeroPadding: 0
        silentFrames: "noise"
        windowType: "blackmanharris62"
        mfccStats: ["mean", "cov", "icov"]
        stats: ["mean", "var", "median", "min", "max", "dmean", "dmean2", "dvar", "dvar2"]
    panning:
        compute: 0
        frameSize: 8192
        hopSize: 2048
        zeroPadding: 8192
        silentFrames: "noise"
        windowType: "hann"
        stats: ["copy"]
    rhythm:
        compute: 1
        maxTempo: 208
        minTempo: 40
        method: "degara"
        stats: ["mean", "var", "median", "min", "max", "dmean", "dmean2", "dvar", "dvar2"]
    segmentation:
        compute: 0
        cpw: 5
        inc1: 300
        inc2: 50
        minimumSegmentsLength: 10
        size1: 1000
        size2: 600
    sfx:
        compute: 1
        stats: ["mean", "var", "median", "min", "max", "dmean", "dmean2", "dvar", "dvar2"]
    svm:
        compute: 0
    tonal:
        compute: 1
        frameSize: 4096
        hopSize: 2048
        zeroPadding: 0
        silentFrames: "noise"
        windowType: "blackmanharris62"
        stats: ["mean", "var", "median", "min", "max", "dmean", "dmean2", "dvar", "dvar2"]

lowlevel:
    average_loudness: 0.944723725319
    barkbands_kurtosis:
        dmean: 0.570174515247
        dmean2: 0.959454596043
        dvar: 1.01551580429
        dvar2: 2.64727401733
        max: 29.0384254456
        mean: -0.788488209248
        median: -1.07478785515
        min: -1.89671063423
        var: 1.37722826004
    barkbands_skewness:
        dmean: 0.380910754204
        dmean2: 0.598830521107
        dvar: 0.15490052104
        dvar2: 0.385325551033
        max: 5.25172901154
        mean: -0.0905412808061
        median: -0.156967505813
        min: -3.43211054802
        var: 0.44761544466
    barkbands_spread:
        dmean: 4.97081041336
        dmean2: 8.01928043365
        dvar: 21.0307312012
        dvar2: 52.960144043
        max: 66.831489563
        mean: 32.0110969543
        median: 31.6145095825
        min: 3.05891752243
        var: 74.6224975586
    dissonance:
        dmean: 0.0113327847794
        dmean2: 0.0194877889007
        dvar: 0.000124318903545
        dvar2: 0.000347114400938
        max: 0.500000059605
        mean: 0.482289284468
        median: 0.485555052757
        min: 0.328911960125
        var: 0.00019316401449
    hfc:
        dmean: 2.04906153679
        dmean2: 3.33052659035
        dvar: 7.67597532272
        dvar2: 18.9908561707
        max: 53.3859977722
        mean: 8.0104341507
        median: 7.96707248688
        min: 1.11285663535e-016
        var: 20.0747509003
    pitch:
        dmean: 611.897644043
        dmean2: 1171.73376465
        dvar: 1299627.625
        dvar2: 3353897
        max: 5078.63867188
        mean: 812.075073242
        median: 328.460449219
        min: 64.9544067383
        var: 1403795.625
    pitch_instantaneous_confidence:
        dmean: 0.0820820704103
        dmean2: 0.13301768899
        dvar: 0.00507764657959
        dvar2: 0.0119395060465
        max: 0.894928574562
        mean: 0.357451319695
        median: 0.331051528454
        min: 0.108703792095
        var: 0.0172744747251
    pitch_salience:
        dmean: 0.0591653063893
        dmean2: 0.096753962338
        dvar: 0.00306934164837
        dvar2: 0.00809956528246
        max: 0.974272429943
        mean: 0.664159238338
        median: 0.675903260708
        min: 0.146261945367
        var: 0.00625129370019
    silence_rate_20dB:
        dmean: 0
        dmean2: 0
        dvar: 0
        dvar2: 0
        max: 1
        mean: 1
        median: 1
        min: 1
        var: 0
    silence_rate_30dB:
        dmean: 0
        dmean2: 0
        dvar: 0
        dvar2: 0
        max: 1
        mean: 1
        median: 1
        min: 1
        var: 0
    silence_rate_60dB:
        dmean: 0.0511854961514
        dmean2: 0.102378129959
        dvar: 0.0485693141818
        dvar2: 0.110872663558
        max: 1
        mean: 0.220277532935
        median: 0
        min: 0
        var: 0.171727389097
    spectral_centroid:
        dmean: 290.75881958
        dmean2: 454.796508789
        dvar: 86340.625
        dvar2: 201293.09375
        max: 11639.2060547
        mean: 1802.79504395
        median: 1810.42663574
        min: 245.332458496
        var: 255182.984375
    spectral_complexity:
        dmean: 3.84490942955
        dmean2: 6.12567138672
        dvar: 14.0619869232
        dvar2: 33.6452560425
        max: 45
        mean: 17.6321029663
        median: 18
        min: 0
        var: 75.9033508301
    spectral_crest:
        dmean: 1.88841843605
        dmean2: 3.1378827095
        dvar: 4.2507276535
        dvar2: 10.8331689835
        max: 24.751625061
        mean: 5.91312026978
        median: 5.0725030899
        min: 2.29557609558
        var: 7.59763240814
    spectral_decrease:
        dmean: 2.66815070038e-010
        dmean2: 4.28345581227e-010
        dvar: 2.05067017742e-019
        dvar2: 5.31550087337e-019
        max: -5.7809322587e-030
        mean: -1.03127351103e-009
        median: -9.98166105326e-010
        min: -4.88671370036e-009
        var: 3.7830725329e-019
    spectral_energy:
        dmean: 0.00115337700117
        dmean2: 0.00184814236127
        dvar: 3.22698156197e-006
        dvar2: 8.31825309433e-006
        max: 0.0202956348658
        mean: 0.00461881607771
        median: 0.00452284375206
        min: 1.04870337722e-020
        var: 6.79428740114e-006
    spectral_energyband_high:
        dmean: 0.000193916799617
        dmean2: 0.000325941160554
        dvar: 8.35648918951e-008
        dvar2: 2.13636312196e-007
        max: 0.00491497386247
        mean: 0.000419934280217
        median: 0.000345186563209
        min: 7.6562569262e-021
        var: 1.33168938987e-007
    spectral_energyband_low:
        dmean: 0.000203465577215
        dmean2: 0.000327350164298
        dvar: 6.70705020411e-008
        dvar2: 1.67314254895e-007
        max: 0.00307016982697
        mean: 0.000377082295017
        median: 0.000247678894084
        min: 3.56310674186e-023
        var: 1.42197478681e-007
    spectral_energyband_middle_high:
        dmean: 0.000546092924196
        dmean2: 0.000873809098266
        dvar: 3.69576014236e-007
        dvar2: 9.00826989891e-007
        max: 0.0127298990265
        mean: 0.00235147750936
        median: 0.00236532953568
        min: 1.52871398448e-021
        var: 1.57835552272e-006
    spectral_energyband_middle_low:
        dmean: 0.000833402213175
        dmean2: 0.00136067182757
        dvar: 3.13244004246e-006
        dvar2: 8.2685965026e-006
        max: 0.0162083767354
        mean: 0.00162207602989
        median: 0.0011876495555
        min: 3.12805083616e-022
        var: 3.46371393789e-006
    spectral_flatness_db:
        dmean: 0.0129369739443
        dmean2: 0.0205170810223
        dvar: 0.000167217862327
        dvar2: 0.00043002946768
        max: 0.35126593709
        mean: 0.138685032725
        median: 0.133811190724
        min: 0.0532714165747
        var: 0.000800825771876
    spectral_flux:
        dmean: 0.00743296043947
        dmean2: 0.011527242139
        dvar: 8.58800631249e-005
        dvar2: 0.000201365255634
        max: 0.123644545674
        mean: 0.040218975395
        median: 0.0407465621829
        min: 6.92134891067e-011
        var: 0.000279054860584
    spectral_kurtosis:
        dmean: 0.992424845695
        dmean2: 1.70127522945
        dvar: 0.90898245573
        dvar2: 2.69803190231
        max: 22.7723197937
        mean: 3.4656560421
        median: 3.32647824287
        min: -1.20529675484
        var: 1.61796224117
    spectral_rms:
        dmean: 0.000235896950471
        dmean2: 0.000370321446098
        dvar: 8.86907187692e-008
        dvar2: 2.21257224098e-007
        max: 0.00444978894666
        mean: 0.00201505748555
        median: 0.00210060249083
        min: 3.19863276491e-012
        var: 4.45680456096e-007
    spectral_rolloff:
        dmean: 387.231903076
        dmean2: 635.84552002
        dvar: 248772.8125
        dvar2: 600921.625
        max: 18453.9550781
        mean: 3452.28857422
        median: 3552.97851563
        min: 172.265625
        var: 493684.46875
    spectral_skewness:
        dmean: 0.163087397814
        dmean2: 0.265726298094
        dvar: 0.023925755173
        dvar2: 0.0616841465235
        max: 3.83699440956
        mean: 1.28128707409
        median: 1.29070007801
        min: -0.176516160369
        var: 0.0652695149183
    spectral_spread:
        dmean: 378793.65625
        dmean2: 575383.4375
        dvar: 325400395776
        dvar2: 626043453440
        max: 40827632
        mean: 4272882.5
        median: 4125607.5
        min: 2268699
        var: 1.24525110886e+012
    spectral_strongpeak:
        dmean: 0.389968246222
        dmean2: 0.683919608593
        dvar: 0.310825377703
        dvar2: 0.836838185787
        max: 6.30449819565
        mean: 0.527943789959
        median: 0.305345594883
        min: 1.49438084129e-009
        var: 0.391721218824
    zerocrossingrate:
        dmean: 0.00844219233841
        dmean2: 0.0106008686125
        dvar: 6.88232466928e-005
        dvar2: 9.41723556025e-005
        max: 0.50439453125
        mean: 0.101909480989
        median: 0.1025390625
        min: 0.01708984375
        var: 0.000424152181949
    barkbands:
        dmean: [4.89558544814e-008, 8.03221628303e-005, 0.000103026184661, 0.000226898759138, 0.000468745914986, 0.000113177498861, 8.9390166977e-005, 9.00827435544e-005, 0.000166211655596, 0.000117146613775, 9.97906754492e-005, 0.000104713864857, 8.06993193692e-005, 7.77251188993e-005, 9.2346483143e-005, 0.000108611915493, 0.000109756234451, 0.000105839542812, 0.000203338277061, 0.000159857911058, 9.95807495201e-005, 3.40352780768e-005, 4.7723328862e-006, 2.04567231776e-006, 9.39188055327e-007, 3.49327180516e-008, 7.44301176248e-010]
        dmean2: [8.23593708787e-008, 0.00012986913498, 0.000165910387295, 0.00036422649282, 0.00078616978135, 0.000187184487004, 0.000147490965901, 0.000149683415657, 0.000274989492027, 0.000192660954781, 0.000163872158737, 0.000173060048837, 0.000132515531732, 0.000127161110868, 0.000152881373651, 0.000179024471436, 0.000183584037586, 0.000173363558133, 0.00033564446494, 0.000265977170784, 0.000170173050719, 5.82548127568e-005, 8.16677402327e-006, 3.3354858715e-006, 1.47161301811e-006, 5.51189316411e-008, 1.30655153363e-009]
        dvar: [8.01359236672e-015, 1.31503128387e-008, 2.37100792333e-008, 2.5069084586e-007, 1.67487121416e-006, 3.42023618316e-008, 2.87370589547e-008, 2.76060330151e-008, 7.27078983687e-008, 3.86099827665e-008, 2.34142270017e-008, 2.87959167622e-008, 1.6552508697e-008, 1.36023832198e-008, 1.84306898632e-008, 1.75187153673e-008, 1.77196053386e-008, 2.39392772272e-008, 7.25999100837e-008, 4.54277930828e-008, 2.28178897999e-008, 3.4773945945e-009, 8.83873946256e-011, 2.55289435425e-011, 1.06286758908e-011, 1.1736304711e-014, 8.35931190817e-018]
        dvar2: [2.13537734451e-014, 3.39399406357e-008, 5.95297215966e-008, 6.31410159713e-007, 4.49557455795e-006, 8.61369002791e-008, 7.40907708519e-008, 7.06127281092e-008, 1.95354488142e-007, 1.05085028679e-007, 6.2007970314e-008, 7.58900000619e-008, 4.28907469541e-008, 3.52120608227e-008, 4.82512270139e-008, 4.60626488064e-008, 4.66671501442e-008, 5.91930415794e-008, 1.86424429671e-007, 1.15210987417e-007, 6.03114642672e-008, 8.63891536085e-009, 2.23270624211e-010, 5.87670398455e-011, 2.45274200256e-011, 2.60870782577e-014, 2.35017778089e-017]
        max: [3.37228857461e-006, 0.00124324741773, 0.00245241844095, 0.00589540507644, 0.0118159586564, 0.0036785628181, 0.00308380811475, 0.00436367886141, 0.00469674682245, 0.00417705252767, 0.00278302654624, 0.0038379393518, 0.00350696220994, 0.0022473167628, 0.00253467564471, 0.00249342666939, 0.00247568078339, 0.00398541986942, 0.00775384902954, 0.00428897980601, 0.00261715170927, 0.00152846833225, 0.000228665070608, 0.000133228924824, 0.000106542975118, 2.72567990578e-006, 4.97754868434e-008]
        mean: [5.96842468781e-008, 0.000129305553855, 0.000141565746162, 0.00027285865508, 0.000526938296389, 0.000191067243577, 0.0001275750692, 0.000137562834425, 0.00028869882226, 0.000206735829124, 0.00016894354485, 0.000182056071935, 0.000141061507748, 0.000140924297739, 0.000179483220563, 0.000227957920288, 0.000234951221501, 0.00022640361567, 0.000485976604978, 0.000354079849785, 0.000183933239896, 5.84220397286e-005, 7.27562110114e-006, 3.41708118867e-006, 1.51360904965e-006, 5.70649234533e-008, 7.60111862341e-010]
        median: [2.30289991521e-008, 7.07680446794e-005, 7.95567029854e-005, 7.04725825926e-005, 0.000172305386513, 0.0001086959237, 5.82306529395e-005, 6.68121065246e-005, 0.000143346493132, 0.000110360633698, 9.52578775468e-005, 0.000104989921965, 8.823745884e-005, 8.92821481102e-005, 0.000132947403472, 0.000189999118447, 0.000204372350709, 0.000195066386368, 0.000435576337622, 0.000307376059936, 0.000144410965731, 3.9547416236e-005, 3.59086016033e-006, 1.80429378815e-006, 5.99735528795e-007, 2.58438603851e-008, 2.89138740728e-010]
        min: [1.94005903485e-024, 7.08163511174e-024, 7.93642033395e-024, 1.83640823393e-023, 5.13048406148e-023, 2.52154718297e-023, 6.15096809688e-023, 3.77123917201e-023, 5.40141392176e-023, 5.319026551e-023, 4.89128376454e-023, 4.3857463555e-023, 1.06777889724e-022, 5.48225449406e-023, 1.14008046045e-022, 1.13284641662e-022, 1.31939813676e-022, 1.43514574101e-022, 3.12843150888e-022, 3.21386350408e-022, 2.94954183694e-022, 4.57604099975e-022, 5.53753496329e-022, 9.66162505488e-022, 1.142946613e-021, 1.60762440978e-021, 2.04272999479e-021]
        var: [1.64595289845e-014, 2.42641426951e-008, 3.24719238165e-008, 3.38041843406e-007, 1.4386962448e-006, 6.12174915204e-008, 4.20886969721e-008, 5.03187749246e-008, 1.48402989453e-007, 7.81882647516e-008, 4.55861197679e-008, 5.38337054934e-008, 2.87744459371e-008, 2.54891343587e-008, 3.21643476298e-008, 3.55782887596e-008, 3.26241469395e-008, 3.93480696914e-008, 1.37594170724e-007, 8.08438471722e-008, 3.01032976324e-008, 5.20216092426e-009, 1.25119234418e-010, 3.76924776113e-011, 1.41719951746e-011, 1.82091568522e-014, 5.44600081591e-018]
    frequency_bands:
        dmean: [4.89558544814e-008, 8.03221628303e-005, 0.000103026184661, 0.000226898759138, 0.000468745914986, 0.000113177498861, 8.9390166977e-005, 9.00827435544e-005, 0.000166211655596, 0.000117146613775, 9.97906754492e-005, 0.000104713864857, 8.06993193692e-005, 7.77251188993e-005, 9.2346483143e-005, 0.000108611915493, 0.000109756234451, 0.000105839542812, 0.000203338277061, 0.000159857911058, 9.95807495201e-005, 3.40352780768e-005, 4.7723328862e-006, 2.04567231776e-006, 9.39188055327e-007, 3.49327180516e-008, 7.44301176248e-010, 5.48919347476e-011]
        dmean2: [8.23593708787e-008, 0.00012986913498, 0.000165910387295, 0.00036422649282, 0.00078616978135, 0.000187184487004, 0.000147490965901, 0.000149683415657, 0.000274989492027, 0.000192660954781, 0.000163872158737, 0.000173060048837, 0.000132515531732, 0.000127161110868, 0.000152881373651, 0.000179024471436, 0.000183584037586, 0.000173363558133, 0.00033564446494, 0.000265977170784, 0.000170173050719, 5.82548127568e-005, 8.16677402327e-006, 3.3354858715e-006, 1.47161301811e-006, 5.51189316411e-008, 1.30655153363e-009, 1.02154035231e-010]
        dvar: [8.01359236672e-015, 1.31503128387e-008, 2.37100792333e-008, 2.5069084586e-007, 1.67487121416e-006, 3.42023618316e-008, 2.87370589547e-008, 2.76060330151e-008, 7.27078983687e-008, 3.86099827665e-008, 2.34142270017e-008, 2.87959167622e-008, 1.6552508697e-008, 1.36023832198e-008, 1.84306898632e-008, 1.75187153673e-008, 1.77196053386e-008, 2.39392772272e-008, 7.25999100837e-008, 4.54277930828e-008, 2.28178897999e-008, 3.4773945945e-009, 8.83873946256e-011, 2.55289435425e-011, 1.06286758908e-011, 1.1736304711e-014, 8.35931190817e-018, 5.83946739793e-021]
        dvar2: [2.13537734451e-014, 3.39399406357e-008, 5.95297215966e-008, 6.31410159713e-007, 4.49557455795e-006, 8.61369002791e-008, 7.40907708519e-008, 7.06127281092e-008, 1.95354488142e-007, 1.05085028679e-007, 6.2007970314e-008, 7.58900000619e-008, 4.28907469541e-008, 3.52120608227e-008, 4.82512270139e-008, 4.60626488064e-008, 4.66671501442e-008, 5.91930415794e-008, 1.86424429671e-007, 1.15210987417e-007, 6.03114642672e-008, 8.63891536085e-009, 2.23270624211e-010, 5.87670398455e-011, 2.45274200256e-011, 2.60870782577e-014, 2.35017778089e-017, 1.86266097454e-020]
        max: [3.37228857461e-006, 0.00124324741773, 0.00245241844095, 0.00589540507644, 0.0118159586564, 0.0036785628181, 0.00308380811475, 0.00436367886141, 0.00469674682245, 0.00417705252767, 0.00278302654624, 0.0038379393518, 0.00350696220994, 0.0022473167628, 0.00253467564471, 0.00249342666939, 0.00247568078339, 0.00398541986942, 0.00775384902954, 0.00428897980601, 0.00261715170927, 0.00152846833225, 0.000228665070608, 0.000133228924824, 0.000106542975118, 2.72567990578e-006, 4.97754868434e-008, 8.08120292906e-010]
        mean: [5.96842468781e-008, 0.000129305553855, 0.000141565746162, 0.00027285865508, 0.000526938296389, 0.000191067243577, 0.0001275750692, 0.000137562834425, 0.00028869882226, 0.000206735829124, 0.00016894354485, 0.000182056071935, 0.000141061507748, 0.000140924297739, 0.000179483220563, 0.000227957920288, 0.000234951221501, 0.00022640361567, 0.000485976604978, 0.000354079849785, 0.000183933239896, 5.84220397286e-005, 7.27562110114e-006, 3.41708118867e-006, 1.51360904965e-006, 5.70649234533e-008, 7.60111862341e-010, 4.25798736547e-011]
        median: [2.30289991521e-008, 7.07680446794e-005, 7.95567029854e-005, 7.04725825926e-005, 0.000172305386513, 0.0001086959237, 5.82306529395e-005, 6.68121065246e-005, 0.000143346493132, 0.000110360633698, 9.52578775468e-005, 0.000104989921965, 8.823745884e-005, 8.92821481102e-005, 0.000132947403472, 0.000189999118447, 0.000204372350709, 0.000195066386368, 0.000435576337622, 0.000307376059936, 0.000144410965731, 3.9547416236e-005, 3.59086016033e-006, 1.80429378815e-006, 5.99735528795e-007, 2.58438603851e-008, 2.89138740728e-010, 1.59903444652e-011]
        min: [1.94005903485e-024, 7.08163511174e-024, 7.93642033395e-024, 1.83640823393e-023, 5.13048406148e-023, 2.52154718297e-023, 6.15096809688e-023, 3.77123917201e-023, 5.40141392176e-023, 5.319026551e-023, 4.89128376454e-023, 4.3857463555e-023, 1.06777889724e-022, 5.48225449406e-023, 1.14008046045e-022, 1.13284641662e-022, 1.31939813676e-022, 1.43514574101e-022, 3.12843150888e-022, 3.21386350408e-022, 2.94954183694e-022, 4.57604099975e-022, 5.53753496329e-022, 9.66162505488e-022, 1.142946613e-021, 1.60762440978e-021, 2.04272999479e-021, 5.70436604432e-022]
        var: [1.64595289845e-014, 2.42641426951e-008, 3.24719238165e-008, 3.38041843406e-007, 1.4386962448e-006, 6.12174915204e-008, 4.20886969721e-008, 5.03187749246e-008, 1.48402989453e-007, 7.81882647516e-008, 4.55861197679e-008, 5.38337054934e-008, 2.87744459371e-008, 2.54891343587e-008, 3.21643476298e-008, 3.55782887596e-008, 3.26241469395e-008, 3.93480696914e-008, 1.37594170724e-007, 8.08438471722e-008, 3.01032976324e-008, 5.20216092426e-009, 1.25119234418e-010, 3.76924776113e-011, 1.41719951746e-011, 1.82091568522e-014, 5.44600081591e-018, 4.66789328774e-021]
    mfcc:
        mean: [-702.70715332, 103.725631714, -59.994430542, 48.5997543335, -20.5921764374, 1.18215501308, 4.59024477005, -3.17720770836, 2.42965126038, -3.42942595482, -5.32679891586, -6.29219818115, -3.10972070694]
        cov: [[6078.99658203, 688.858703613, -176.226608276, 498.117370605, -42.8845748901, 259.005157471, 30.9369316101, 77.3567352295, 64.7080459595, 51.5288581848, -57.715713501, -40.2151412964, -49.2924041748], [688.858703613, 560.693908691, -190.936431885, 154.286453247, -59.6320838928, 17.9263706207, 12.3207092285, -13.909538269, 44.2198600769, -6.49491786957, -4.9217376709, -7.57457876205, 6.82132053375], [-176.226608276, -190.936431885, 394.930511475, 9.1631155014, 148.843933105, 50.8432617188, 0.862705945969, 25.85795784, -17.7600822449, -2.63207650185, -19.9353752136, 5.86753129959, -12.1918487549], [498.117370605, 154.286453247, 9.1631155014, 281.200408936, 92.1776123047, 88.0003738403, 7.31401777267, -13.779756546, 37.3238487244, 9.85904693604, -0.503268420696, 1.74099326134, 16.6478672028], [-42.8845748901, -59.6320838928, 148.843933105, 92.1776123047, 209.086090088, 92.48462677, 28.0096683502, -14.0283098221, 11.7282056808, 20.1100845337, -7.15222072601, 3.72966718674, -6.61035060883], [259.005157471, 17.9263706207, 50.8432617188, 88.0003738403, 92.48462677, 141.928634644, 53.4510574341, 24.7457046509, 22.1164321899, 24.1409244537, 3.38593530655, 6.57294082642, -4.54088449478], [30.9369316101, 12.3207092285, 0.862705945969, 7.31401777267, 28.0096683502, 53.4510574341, 102.491127014, 55.2595024109, 29.7290744781, 18.7790603638, 1.14102220535, 10.4019365311, -1.13303804398], [77.3567352295, -13.909538269, 25.85795784, -13.779756546, -14.0283098221, 24.7457046509, 55.2595024109, 112.542877197, 50.8155059814, 34.579574585, 9.2898645401, 15.6294660568, 7.46224927902], [64.7080459595, 44.2198600769, -17.7600822449, 37.3238487244, 11.7282056808, 22.1164321899, 29.7290744781, 50.8155059814, 94.214553833, 53.2137985229, 18.5956172943, 14.9829473495, 13.0142478943], [51.5288581848, -6.49491786957, -2.63207650185, 9.85904693604, 20.1100845337, 24.1409244537, 18.7790603638, 34.579574585, 53.2137985229, 86.3843765259, 36.9971046448, 22.8462314606, 10.0084552765], [-57.715713501, -4.9217376709, -19.9353752136, -0.503268420696, -7.15222072601, 3.38593530655, 1.14102220535, 9.2898645401, 18.5956172943, 36.9971046448, 64.2699508667, 31.2150382996, 19.5329055786], [-40.2151412964, -7.57457876205, 5.86753129959, 1.74099326134, 3.72966718674, 6.57294082642, 10.4019365311, 15.6294660568, 14.9829473495, 22.8462314606, 31.2150382996, 61.0039825439, 32.2504653931], [-49.2924041748, 6.82132053375, -12.1918487549, 16.6478672028, -6.61035060883, -4.54088449478, -1.13303804398, 7.46224927902, 13.0142478943, 10.0084552765, 19.5329055786, 32.2504653931, 57.9358177185]]
        icov: [[0.000245886098128, -0.000189015234355, 2.22020807996e-005, -0.0003686354612, 0.000327482266584, -0.000445431680419, 0.000263854133664, -0.000302849570289, 0.000327751156874, -0.000385945051676, 0.000386839528801, -8.38495470816e-005, 0.000297979917377], [-0.000189015234355, 0.00299632572569, 0.000940089696087, -0.00147233135067, 0.00090520986123, 0.000167247402715, -0.000751934654545, 0.000942949031014, -0.00151187949814, 0.000921652885154, 0.000241313202423, -0.000260232627625, 0.000331438117428], [2.22020807996e-005, 0.000940089696087, 0.00482231006026, 4.14737078245e-005, -0.00379593111575, -1.42207909448e-005, 0.00231423927471, -0.00349849229679, 0.0014513656497, 0.000870782067068, 0.00107299955562, -0.00127678387798, 0.000845251895953], [-0.0003686354612, -0.00147233135067, 4.14737078245e-005, 0.00726580433547, -0.00288000027649, -0.00262081064284, 0.00162719201762, 0.00113620900083, -0.0028149925638, 0.00195688195527, -0.000716411101166, 0.00114879594184, -0.00297159468755], [0.000327482266584, 0.00090520986123, -0.00379593111575, -0.00288000027649, 0.0125671206042, -0.00487471558154, -0.00304527510889, 0.00609530741349, -0.00166676787194, -0.00317040318623, 0.00230325083248, -0.000544688955415, 0.000856748200022], [-0.000445431680419, 0.000167247402715, -1.42207909448e-005, -0.00262081064284, -0.00487471558154, 0.0150543218479, -0.00564923603088, -0.00150454905815, 0.00172411336098, -0.00116054958198, -0.00166694482323, -9.32055918383e-005, 0.0014855513582], [0.000263854133664, -0.000751934654545, 0.00231423927471, 0.00162719201762, -0.00304527510889, -0.00564923603088, 0.0183099135756, -0.00896572321653, -0.000266244867817, 0.00142470479477, 0.00180004397407, -0.00247449660674, 0.00163935997989], [-0.000302849570289, 0.000942949031014, -0.00349849229679, 0.00113620900083, 0.00609530741349, -0.00150454905815, -0.00896572321653, 0.0202410947531, -0.00867273006588, -0.00192106526811, 0.00104022969026, -0.000604311411735, -0.0013705646852], [0.000327751156874, -0.00151187949814, 0.0014513656497, -0.0028149925638, -0.00166676787194, 0.00172411336098, -0.000266244867817, -0.00867273006588, 0.0234035588801, -0.0116421235725, 0.00162758375518, 0.000777322857175, -0.00159945804626], [-0.000385945051676, 0.000921652885154, 0.000870782067068, 0.00195688195527, -0.00317040318623, -0.00116054958198, 0.00142470479477, -0.00192106526811, -0.0116421235725, 0.0253060739487, -0.0109714781865, -0.00172468333039, 0.00190927251242], [0.000386839528801, 0.000241313202423, 0.00107299955562, -0.000716411101166, 0.00230325083248, -0.00166694482323, 0.00180004397407, 0.00104022969026, 0.00162758375518, -0.0109714781865, 0.0275290645659, -0.00994231551886, -0.00145141384564], [-8.38495470816e-005, -0.000260232627625, -0.00127678387798, 0.00114879594184, -0.000544688955415, -9.32055918383e-005, -0.00247449660674, -0.000604311411735, 0.000777322857175, -0.00172468333039, -0.00994231551886, 0.0298692397773, -0.0138311125338], [0.000297979917377, 0.000331438117428, 0.000845251895953, -0.00297159468755, 0.000856748200022, 0.0014855513582, 0.00163935997989, -0.0013705646852, -0.00159945804626, 0.00190927251242, -0.00145141384564, -0.0138311125338, 0.0271475296468]]
    sccoeffs:
        dmean: [0.0552661940455, 0.0454143732786, 0.0383192934096, 0.0284188166261, 0.0191939156502, 0.0187303666025]
        dmean2: [0.090651601553, 0.0760697498918, 0.0637944564223, 0.0473481416702, 0.0318919792771, 0.0290555693209]
        dvar: [0.0023974115029, 0.00129006349016, 0.000905122142285, 0.000495820189826, 0.000231796424487, 0.000298063503578]
        dvar2: [0.00626732083037, 0.00358909671195, 0.00246904441155, 0.00135174056049, 0.000612978590652, 0.00067262921948]
        max: [-0.235327452421, -0.484565407038, -0.545110404491, -0.596681475639, -0.661649286747, -0.48169451952]
        mean: [-0.657770216465, -0.766474425793, -0.780099034309, -0.79140907526, -0.798988282681, -0.728062808514]
        median: [-0.664865136147, -0.771063089371, -0.782021284103, -0.793592512608, -0.799390971661, -0.728531837463]
        min: [-0.972014844418, -0.977260172367, -0.976188600063, -0.972706377506, -0.964834928513, -0.963181257248]
        var: [0.0064214784652, 0.00364377954975, 0.00268179550767, 0.00152054219507, 0.000838768261019, 0.0015712789027]
    scvalleys:
        dmean: [0.380507230759, 0.335773676634, 0.278249591589, 0.243637025356, 0.214441984892, 0.270927011967]
        dmean2: [0.634431898594, 0.559219837189, 0.454326212406, 0.38443416357, 0.330866456032, 0.412536293268]
        dvar: [0.104854509234, 0.08862336725, 0.059565525502, 0.0507868975401, 0.0501842722297, 0.104541286826]
        dvar2: [0.263006925583, 0.213039502501, 0.134590655565, 0.101364344358, 0.0985885411501, 0.223391056061]
        max: [-5.31995010376, -4.72720050812, -4.95672369003, -5.61600255966, -5.63750934601, -7.66830968857]
        mean: [-7.13183259964, -6.69731616974, -6.68777370453, -6.9792675972, -6.90912628174, -9.85755729675]
        median: [-6.81750106812, -6.49362373352, -6.49130964279, -6.75504922867, -6.67026805878, -9.6368227005]
        min: [-27.6051044464, -27.3004341125, -27.45378685, -27.4846515656, -27.438123703, -27.3096485138]
        var: [1.70667886734, 1.34566318989, 1.43738532066, 1.30548894405, 1.19612979889, 1.46446704865]

rhythm:
    beats_loudness:
        dmean: 0.00218647858128
        dmean2: 0.00409484701231
        dvar: 2.91706737698e-006
        dvar2: 9.80413915386e-006
        max: 0.0114966733381
        mean: 0.00541908433661
        median: 0.00535262282938
        min: 1.37450033993e-011
        var: 6.6759243964e-006
    bpm: 161.581832886
    bpm_confidence: 0
    first_peak_bpm: 161
    first_peak_spread: 0.324550896883
    first_peak_weight: 0.638731598854
    onset_rate: 3.05144762993
    second_peak_bpm: 152
    second_peak_spread: 0.230769217014
    second_peak_weight: 0.0339750833809
    beats_loudness_band_ratio:
        dmean: [0.130698606372, 0.163840398192, 0.0776506066322, 0.0859826356173, 0.085675753653, 0.0845103114843]
        dmean2: [0.242559581995, 0.308444648981, 0.138595327735, 0.150914698839, 0.152631491423, 0.151568308473]
        dvar: [0.00881917122751, 0.0164451859891, 0.00538570107892, 0.00609893444926, 0.00504447799176, 0.00599167915061]
        dvar2: [0.0255598817021, 0.0545631982386, 0.0156684089452, 0.0172297693789, 0.0149918608367, 0.0179720502347]
        max: [0.623469233513, 0.550943553448, 0.841136872768, 0.689575791359, 0.630194365978, 0.617143034935]
        mean: [0.200286865234, 0.159542486072, 0.132135912776, 0.158657327294, 0.208235606551, 0.202146977186]
        median: [0.198343813419, 0.102577865124, 0.104527428746, 0.137263834476, 0.196578755975, 0.18766219914]
        min: [0, 0, 0, 0, 0, 0]
        var: [0.0160390604287, 0.0181302111596, 0.0100051453337, 0.008634544909, 0.00759555306286, 0.00744627928361]
