
metadata:
    version:
        essentia: "2.1-beta2"
    audio_properties:
        analysis_sample_rate: 44100
        bitrate: 320
        channels: 2
        equal_loudness: 1
        length: 204.643264771
        replay_gain: -15.5192584991
        downmix: "mix"
    tags:
        album: "Ire"
        artist: "Parkway Drive"
        comment: ""
        date: "2015"
        genre: "Alternative"
        title: "The Sound Of Violence"
        tracknumber: "08/11"

configuration:
    average_loudness:
        compute: 1
        frameSize: 88200
        hopSize: 44100
        silentFrames: "noise"
        windowType: "hann"
    general:
        analysisSampleRate: 44100
        endTime: 2000
        equalLoudness: 1
        nequalLoudness: 0
        shortSound: 0
        startTime: 0
    lowlevel:
        compute: 1
        frameSize: 2048
        hopSize: 1024
        zeroPadding: 0
        silentFrames: "noise"
        windowType: "blackmanharris62"
        mfccStats: ["mean", "cov", "icov"]
        stats: ["mean", "var", "median", "min", "max", "dmean", "dmean2", "dvar", "dvar2"]
    panning:
        compute: 0
        frameSize: 8192
        hopSize: 2048
        zeroPadding: 8192
        silentFrames: "noise"
        windowType: "hann"
        stats: ["copy"]
    rhythm:
        compute: 1
        maxTempo: 208
        minTempo: 40
        method: "degara"
        stats: ["mean", "var", "median", "min", "max", "dmean", "dmean2", "dvar", "dvar2"]
    segmentation:
        compute: 0
        cpw: 5
        inc1: 300
        inc2: 50
        minimumSegmentsLength: 10
        size1: 1000
        size2: 600
    sfx:
        compute: 1
        stats: ["mean", "var", "median", "min", "max", "dmean", "dmean2", "dvar", "dvar2"]
    svm:
        compute: 0
    tonal:
        compute: 1
        frameSize: 4096
        hopSize: 2048
        zeroPadding: 0
        silentFrames: "noise"
        windowType: "blackmanharris62"
        stats: ["mean", "var", "median", "min", "max", "dmean", "dmean2", "dvar", "dvar2"]

lowlevel:
    average_loudness: 0.938857078552
    barkbands_kurtosis:
        dmean: 0.869779765606
        dmean2: 1.49547421932
        dvar: 2.02340459824
        dvar2: 5.38465261459
        max: 26.2164440155
        mean: -0.580581843853
        median: -0.96982562542
        min: -1.89065134525
        var: 2.17794132233
    barkbands_skewness:
        dmean: 0.517724633217
        dmean2: 0.817635536194
        dvar: 0.270178198814
        dvar2: 0.66206151247
        max: 5.09740114212
        mean: 0.051512427628
        median: 0.029375674203
        min: -3.9000749588
        var: 0.622100830078
    barkbands_spread:
        dmean: 6.84713792801
        dmean2: 11.0794763565
        dvar: 39.798789978
        dvar2: 103.420005798
        max: 74.9782562256
        mean: 34.7017402649
        median: 33.3935012817
        min: 4.4571313858
        var: 127.325584412
    dissonance:
        dmean: 0.0103115616366
        dmean2: 0.0179354567081
        dvar: 0.000116914125101
        dvar2: 0.000319230515743
        max: 0.500000178814
        mean: 0.485445678234
        median: 0.488715261221
        min: 0.305175244808
        var: 0.000167941529071
    hfc:
        dmean: 2.52323937416
        dmean2: 4.13794517517
        dvar: 11.2651863098
        dvar2: 28.0030059814
        max: 49.9295387268
        mean: 6.65176439285
        median: 5.94624614716
        min: 1.12754418665e-016
        var: 17.4189586639
    pitch:
        dmean: 850.168762207
        dmean2: 1604.53564453
        dvar: 1605357.125
        dvar2: 3959177
        max: 5059.7734375
        mean: 1158.85058594
        median: 385.854156494
        min: 63.1688995361
        var: 1980115.625
    pitch_instantaneous_confidence:
        dmean: 0.0790830329061
        dmean2: 0.133108764887
        dvar: 0.00457895733416
        dvar2: 0.0118709476665
        max: 0.861105084419
        mean: 0.285548508167
        median: 0.262948811054
        min: 0.108189582825
        var: 0.0105327162892
    pitch_salience:
        dmean: 0.0728185251355
        dmean2: 0.120256282389
        dvar: 0.00472268788144
        dvar2: 0.0126264421269
        max: 0.850464701653
        mean: 0.674745380878
        median: 0.692690610886
        min: 0.16347771883
        var: 0.00762976519763
    silence_rate_20dB:
        dmean: 0
        dmean2: 0
        dvar: 0
        dvar2: 0
        max: 1
        mean: 1
        median: 1
        min: 1
        var: 0
    silence_rate_30dB:
        dmean: 0
        dmean2: 0
        dvar: 0
        dvar2: 0
        max: 1
        mean: 1
        median: 1
        min: 1
        var: 0
    silence_rate_60dB:
        dmean: 0.137281596661
        dmean2: 0.274594336748
        dvar: 0.118440441787
        dvar2: 0.240058407187
        max: 1
        mean: 0.381962567568
        median: 0
        min: 0
        var: 0.23605518043
    spectral_centroid:
        dmean: 398.536773682
        dmean2: 626.460021973
        dvar: 157585.171875
        dvar2: 357109.875
        max: 11479.4560547
        mean: 1735.65429688
        median: 1653.3503418
        min: 209.301895142
        var: 497755.25
    spectral_complexity:
        dmean: 4.50056743622
        dmean2: 7.20776128769
        dvar: 18.7986125946
        dvar2: 44.4661521912
        max: 43
        mean: 13.7195692062
        median: 13
        min: 0
        var: 63.960975647
    spectral_crest:
        dmean: 2.32253289223
        dmean2: 3.86502194405
        dvar: 5.45797395706
        dvar2: 14.1155147552
        max: 22.0907936096
        mean: 6.36508321762
        median: 5.47024106979
        min: 2.15962266922
        var: 8.88649368286
    spectral_decrease:
        dmean: 3.6223657407e-010
        dmean2: 5.8181021112e-010
        dvar: 3.42950374434e-019
        dvar2: 8.92700968488e-019
        max: 7.97129704881e-029
        mean: -9.49459511013e-010
        median: -8.36623104128e-010
        min: -5.28872279304e-009
        var: 4.58054366129e-019
    spectral_energy:
        dmean: 0.00156087917276
        dmean2: 0.00250112288631
        dvar: 5.35234039489e-006
        dvar2: 1.38580535349e-005
        max: 0.0209895260632
        mean: 0.00418680347502
        median: 0.00374205503613
        min: 1.00047276984e-020
        var: 7.73976717028e-006
    spectral_energyband_high:
        dmean: 0.000246230803896
        dmean2: 0.000423151272116
        dvar: 1.35515776378e-007
        dvar2: 3.51188020886e-007
        max: 0.00475245621055
        mean: 0.000421314121922
        median: 0.00031761045102
        min: 7.20710189255e-021
        var: 1.46000601831e-007
    spectral_energyband_low:
        dmean: 0.000255448336247
        dmean2: 0.000414737907704
        dvar: 7.74593900132e-008
        dvar2: 1.92445966718e-007
        max: 0.00297362543643
        mean: 0.000436654110672
        median: 0.000341247417964
        min: 2.12011921859e-023
        var: 1.44619406228e-007
    spectral_energyband_middle_high:
        dmean: 0.000573596626054
        dmean2: 0.000911413226277
        dvar: 3.89821451563e-007
        dvar2: 9.36888966407e-007
        max: 0.00893210247159
        mean: 0.00182098289952
        median: 0.00165117823053
        min: 1.3236035858e-021
        var: 1.16385353977e-006
    spectral_energyband_middle_low:
        dmean: 0.00107138813473
        dmean2: 0.00177128089126
        dvar: 5.0648850447e-006
        dvar2: 1.33256908157e-005
        max: 0.018705919385
        mean: 0.0016228845343
        median: 0.000988775747828
        min: 2.04690434378e-022
        var: 5.1257220548e-006
    spectral_flatness_db:
        dmean: 0.0154408365488
        dmean2: 0.0250043272972
        dvar: 0.000244898546953
        dvar2: 0.000655901792925
        max: 0.28697603941
        mean: 0.128746256232
        median: 0.125814467669
        min: 0.0573407150805
        var: 0.000552394427359
    spectral_flux:
        dmean: 0.00935403350741
        dmean2: 0.0146711254492
        dvar: 0.000144280274981
        dvar2: 0.000343182182405
        max: 0.132617950439
        mean: 0.0413701273501
        median: 0.0401160269976
        min: 6.37689623328e-011
        var: 0.000277103797998
    spectral_kurtosis:
        dmean: 0.776514172554
        dmean2: 1.28681838512
        dvar: 0.513694107533
        dvar2: 1.4247418642
        max: 10.8398666382
        mean: 2.76609277725
        median: 2.66938447952
        min: -1.23255574703
        var: 1.36221241951
    spectral_rms:
        dmean: 0.000340696133208
        dmean2: 0.000526816875208
        dvar: 1.65209044667e-007
        dvar2: 4.07515130973e-007
        max: 0.00452521676198
        mean: 0.00191059405915
        median: 0.00191070290748
        min: 3.12421356147e-012
        var: 4.34307196429e-007
    spectral_rolloff:
        dmean: 597.411621094
        dmean2: 946.349975586
        dvar: 413346.59375
        dvar2: 976749.5
        max: 19250.6835938
        mean: 3345.19067383
        median: 3466.84570313
        min: 129.19921875
        var: 1203315.125
    spectral_skewness:
        dmean: 0.169190496206
        dmean2: 0.270111054182
        dvar: 0.0242478810251
        dvar2: 0.0603354237974
        max: 2.74865174294
        mean: 1.25637602806
        median: 1.27242326736
        min: -0.0313874557614
        var: 0.0781981796026
    spectral_spread:
        dmean: 439038.3125
        dmean2: 663340.875
        dvar: 455349207040
        dvar2: 809374449664
        max: 41931208
        mean: 5046033
        median: 4836908
        min: 2870479.25
        var: 2.75655688192e+012
    spectral_strongpeak:
        dmean: 0.24821780622
        dmean2: 0.437878489494
        dvar: 0.146983519197
        dvar2: 0.402096807957
        max: 4.4409866333
        mean: 0.31810849905
        median: 0.177371948957
        min: 4.40426528581e-010
        var: 0.151552915573
    zerocrossingrate:
        dmean: 0.0113841434941
        dmean2: 0.0139081208035
        dvar: 0.000117223942652
        dvar2: 0.000155556990649
        max: 0.517578125
        mean: 0.0999200120568
        median: 0.0986328125
        min: 0.02587890625
        var: 0.000821617024485
    barkbands:
        dmean: [6.78531506537e-008, 9.73750065896e-005, 0.000141375800013, 0.000254639133345, 0.00068388634827, 0.00011500412802, 8.8432985649e-005, 8.07479736977e-005, 0.000160381168826, 9.66210645856e-005, 8.63877794473e-005, 0.000104600250779, 7.6278411143e-005, 6.84844708303e-005, 6.87529318384e-005, 9.11482784431e-005, 9.98984251055e-005, 9.24221749301e-005, 0.000176814501174, 0.00016209363821, 0.000124356316519, 4.85290365759e-005, 7.33351407689e-006, 3.13132318297e-006, 1.31207445975e-006, 4.09795255507e-008, 3.33294419841e-010]
        dmean2: [1.08250873154e-007, 0.000154264023877, 0.000231760335737, 0.000435080379248, 0.00115897716023, 0.000189154830878, 0.000150387248141, 0.000135284411954, 0.000270358839771, 0.000160552226589, 0.000144530844409, 0.000173847176484, 0.000125617312733, 0.000111778717837, 0.000112103960419, 0.000148992985487, 0.000164580211276, 0.000151757136337, 0.000295763107715, 0.000273576413747, 0.000217028675252, 8.30160934129e-005, 1.23412037283e-005, 5.08701896251e-006, 2.09780864679e-006, 6.60080274884e-008, 5.72680403099e-010]
        dvar: [1.32799561888e-014, 1.67448330757e-008, 3.21995798913e-008, 3.20157653277e-007, 2.80802441921e-006, 4.59908093831e-008, 3.59954768214e-008, 1.9301172216e-008, 6.28926173363e-008, 2.66416808614e-008, 2.22133440531e-008, 3.28269074146e-008, 1.42397684755e-008, 1.14849632027e-008, 1.28695898383e-008, 1.57687640723e-008, 1.90471709516e-008, 2.00470271494e-008, 6.81209115783e-008, 5.4212158318e-008, 3.81565001817e-008, 5.88233639576e-009, 1.70781680464e-010, 4.74728902022e-011, 1.30747730351e-011, 1.29129537534e-014, 5.05853411415e-019]
        dvar2: [3.7483342439e-014, 3.96119190782e-008, 8.24438686209e-008, 8.52124742323e-007, 7.56952294978e-006, 1.10430278255e-007, 9.42534938986e-008, 4.81803432706e-008, 1.72913303231e-007, 6.84485286229e-008, 6.00351981461e-008, 8.91769929012e-008, 3.67810493174e-008, 2.93110939964e-008, 3.18216351047e-008, 4.05030711192e-008, 4.71245158451e-008, 5.02952381964e-008, 1.69900914671e-007, 1.37690435054e-007, 1.00562438377e-007, 1.50261012521e-008, 4.09094896847e-010, 1.11698844618e-010, 3.13810782915e-011, 3.06964130221e-014, 1.32836531319e-018]
        max: [4.24844574809e-006, 0.00126157002524, 0.00219772709534, 0.00469464296475, 0.0137423928827, 0.00479844026268, 0.00296023418196, 0.00201439904049, 0.00367775349878, 0.00299138878472, 0.00246391631663, 0.00355976354331, 0.00176844617818, 0.00143640313763, 0.00292606768198, 0.00318292621523, 0.00335517642088, 0.00372028839774, 0.00569910369813, 0.00434044050053, 0.002807862591, 0.00142477976624, 0.000244523049332, 0.000119753291074, 9.1062473075e-005, 3.37611663781e-006, 3.45676802738e-008]
        mean: [1.05392970795e-007, 0.000157478149049, 0.000199580812478, 0.000246782990871, 0.000697489769664, 0.000154798966832, 9.70097971731e-005, 0.000105176142824, 0.000263875612291, 0.000154733221279, 0.000137146227644, 0.00018480142171, 0.000130045198603, 0.000117804338515, 0.000126542407088, 0.000172654152266, 0.00019124566461, 0.000180098839337, 0.000309043447487, 0.000279798055999, 0.000186791236047, 7.54309148761e-005, 1.08311032818e-005, 5.35552635483e-006, 2.12234908759e-006, 6.84437537757e-008, 5.02755337362e-010]
        median: [5.01603594216e-008, 9.17393626878e-005, 0.000134309826535, 6.72675887472e-005, 0.000179575494258, 6.75214978401e-005, 3.57871613232e-005, 5.13574559591e-005, 0.000113245376269, 6.70504159643e-005, 5.96741410845e-005, 8.34794482216e-005, 7.73267674958e-005, 6.97215946275e-005, 7.72597122705e-005, 0.00013587824651, 0.000158225913765, 0.000149080864503, 0.000240743276663, 0.000207685123314, 0.00013317221601, 5.12131446158e-005, 6.16100169282e-006, 3.27582370119e-006, 1.09004395199e-006, 3.7846255907e-008, 3.02290220633e-010]
        min: [2.1244818955e-024, 5.52627119708e-024, 3.69608747013e-024, 9.74081698678e-025, 1.02519487607e-023, 9.53992211878e-024, 7.74096268975e-024, 1.54495126626e-023, 1.82900603651e-023, 1.99119473422e-023, 5.25865155493e-023, 3.81295161232e-023, 3.74287678257e-023, 7.44100053935e-023, 6.66055141573e-023, 8.95782165682e-023, 7.0562042872e-023, 1.06739797209e-022, 1.75765555556e-022, 2.20789949494e-022, 3.33132350447e-022, 3.70505172258e-022, 4.5098463559e-022, 8.03523671126e-022, 8.95718968457e-022, 1.39239195381e-021, 2.14088398137e-021]
        var: [6.42048602327e-014, 3.38100072383e-008, 4.65035121522e-008, 2.88354101485e-007, 2.42181044996e-006, 6.04493948231e-008, 3.55227598448e-008, 2.50306122496e-008, 1.24610394892e-007, 5.08229263119e-008, 3.96072223907e-008, 7.16792314392e-008, 2.71469602353e-008, 2.14861088921e-008, 2.49610607739e-008, 2.50497311782e-008, 2.88954851158e-008, 2.63927546484e-008, 8.57851958358e-008, 6.93757087333e-008, 3.60393634935e-008, 6.85199319506e-009, 2.28125601742e-010, 6.48850834173e-011, 1.49092804075e-011, 1.5033992863e-014, 5.6967437648e-019]
    frequency_bands:
        dmean: [6.78531506537e-008, 9.73750065896e-005, 0.000141375800013, 0.000254639133345, 0.00068388634827, 0.00011500412802, 8.8432985649e-005, 8.07479736977e-005, 0.000160381168826, 9.66210645856e-005, 8.63877794473e-005, 0.000104600250779, 7.6278411143e-005, 6.84844708303e-005, 6.87529318384e-005, 9.11482784431e-005, 9.98984251055e-005, 9.24221749301e-005, 0.000176814501174, 0.00016209363821, 0.000124356316519, 4.85290365759e-005, 7.33351407689e-006, 3.13132318297e-006, 1.31207445975e-006, 4.09795255507e-008, 3.33294419841e-010, 4.90374303663e-011]
        dmean2: [1.08250873154e-007, 0.000154264023877, 0.000231760335737, 0.000435080379248, 0.00115897716023, 0.000189154830878, 0.000150387248141, 0.000135284411954, 0.000270358839771, 0.000160552226589, 0.000144530844409, 0.000173847176484, 0.000125617312733, 0.000111778717837, 0.000112103960419, 0.000148992985487, 0.000164580211276, 0.000151757136337, 0.000295763107715, 0.000273576413747, 0.000217028675252, 8.30160934129e-005, 1.23412037283e-005, 5.08701896251e-006, 2.09780864679e-006, 6.60080274884e-008, 5.72680403099e-010, 9.12090333816e-011]
        dvar: [1.32799561888e-014, 1.67448330757e-008, 3.21995798913e-008, 3.20157653277e-007, 2.80802441921e-006, 4.59908093831e-008, 3.59954768214e-008, 1.9301172216e-008, 6.28926173363e-008, 2.66416808614e-008, 2.22133440531e-008, 3.28269074146e-008, 1.42397684755e-008, 1.14849632027e-008, 1.28695898383e-008, 1.57687640723e-008, 1.90471709516e-008, 2.00470271494e-008, 6.81209115783e-008, 5.4212158318e-008, 3.81565001817e-008, 5.88233639576e-009, 1.70781680464e-010, 4.74728902022e-011, 1.30747730351e-011, 1.29129537534e-014, 5.05853411415e-019, 5.11561085273e-021]
        dvar2: [3.7483342439e-014, 3.96119190782e-008, 8.24438686209e-008, 8.52124742323e-007, 7.56952294978e-006, 1.10430278255e-007, 9.42534938986e-008, 4.81803432706e-008, 1.72913303231e-007, 6.84485286229e-008, 6.00351981461e-008, 8.91769929012e-008, 3.67810493174e-008, 2.93110939964e-008, 3.18216351047e-008, 4.05030711192e-008, 4.71245158451e-008, 5.02952381964e-008, 1.69900914671e-007, 1.37690435054e-007, 1.00562438377e-007, 1.50261012521e-008, 4.09094896847e-010, 1.11698844618e-010, 3.13810782915e-011, 3.06964130221e-014, 1.32836531319e-018, 1.62459758646e-020]
        max: [4.24844574809e-006, 0.00126157002524, 0.00219772709534, 0.00469464296475, 0.0137423928827, 0.00479844026268, 0.00296023418196, 0.00201439904049, 0.00367775349878, 0.00299138878472, 0.00246391631663, 0.00355976354331, 0.00176844617818, 0.00143640313763, 0.00292606768198, 0.00318292621523, 0.00335517642088, 0.00372028839774, 0.00569910369813, 0.00434044050053, 0.002807862591, 0.00142477976624, 0.000244523049332, 0.000119753291074, 9.1062473075e-005, 3.37611663781e-006, 3.45676802738e-008, 9.43758848848e-010]
        mean: [1.05392970795e-007, 0.000157478149049, 0.000199580812478, 0.000246782990871, 0.000697489769664, 0.000154798966832, 9.70097971731e-005, 0.000105176142824, 0.000263875612291, 0.000154733221279, 0.000137146227644, 0.00018480142171, 0.000130045198603, 0.000117804338515, 0.000126542407088, 0.000172654152266, 0.00019124566461, 0.000180098839337, 0.000309043447487, 0.000279798055999, 0.000186791236047, 7.54309148761e-005, 1.08311032818e-005, 5.35552635483e-006, 2.12234908759e-006, 6.84437537757e-008, 5.02755337362e-010, 3.76484191045e-011]
        median: [5.01603594216e-008, 9.17393626878e-005, 0.000134309826535, 6.72675887472e-005, 0.000179575494258, 6.75214978401e-005, 3.57871613232e-005, 5.13574559591e-005, 0.000113245376269, 6.70504159643e-005, 5.96741410845e-005, 8.34794482216e-005, 7.73267674958e-005, 6.97215946275e-005, 7.72597122705e-005, 0.00013587824651, 0.000158225913765, 0.000149080864503, 0.000240743276663, 0.000207685123314, 0.00013317221601, 5.12131446158e-005, 6.16100169282e-006, 3.27582370119e-006, 1.09004395199e-006, 3.7846255907e-008, 3.02290220633e-010, 1.3955610105e-011]
        min: [2.1244818955e-024, 5.52627119708e-024, 3.69608747013e-024, 9.74081698678e-025, 1.02519487607e-023, 9.53992211878e-024, 7.74096268975e-024, 1.54495126626e-023, 1.82900603651e-023, 1.99119473422e-023, 5.25865155493e-023, 3.81295161232e-023, 3.74287678257e-023, 7.44100053935e-023, 6.66055141573e-023, 8.95782165682e-023, 7.0562042872e-023, 1.06739797209e-022, 1.75765555556e-022, 2.20789949494e-022, 3.33132350447e-022, 3.70505172258e-022, 4.5098463559e-022, 8.03523671126e-022, 8.95718968457e-022, 1.39239195381e-021, 2.14088398137e-021, 5.45863776561e-022]
        var: [6.42048602327e-014, 3.38100072383e-008, 4.65035121522e-008, 2.88354101485e-007, 2.42181044996e-006, 6.04493948231e-008, 3.55227598448e-008, 2.50306122496e-008, 1.24610394892e-007, 5.08229263119e-008, 3.96072223907e-008, 7.16792314392e-008, 2.71469602353e-008, 2.14861088921e-008, 2.49610607739e-008, 2.50497311782e-008, 2.88954851158e-008, 2.63927546484e-008, 8.57851958358e-008, 6.93757087333e-008, 3.60393634935e-008, 6.85199319506e-009, 2.28125601742e-010, 6.48850834173e-011, 1.49092804075e-011, 1.5033992863e-014, 5.6967437648e-019, 3.94536677465e-021]
    mfcc:
        mean: [-703.321716309, 92.3207473755, -44.7007102966, 46.0329246521, -15.4390478134, 6.90247249603, 4.12118148804, -0.35970389843, 3.4102461338, -4.00773429871, -4.03049564362, -3.86321115494, -6.37338733673]
        cov: [[6076.08007813, 1043.44543457, -578.967102051, 403.340026855, -234.196456909, 77.5913848877, -7.24976587296, -69.8037109375, -58.3144416809, -95.1145629883, -85.4693756104, -107.880882263, -98.5217666626], [1043.44543457, 759.81652832, -211.418487549, 20.4389152527, -103.618209839, 33.8671989441, 36.3765411377, 28.6285114288, 52.1459312439, -23.1886882782, -19.801322937, -3.0505027771, -25.4735412598], [-578.967102051, -211.418487549, 338.325317383, 13.2645759583, 86.8756866455, -4.68966913223, -28.1914978027, -6.38832521439, -31.6537895203, -7.27980518341, -0.916566252708, 3.65319228172, 3.63249063492], [403.340026855, 20.4389152527, 13.2645759583, 326.38394165, 131.116790771, 55.9072761536, 0.428038567305, -20.8629493713, 5.17515277863, 11.3309621811, 33.3740386963, 10.0065059662, 16.4580421448], [-234.196456909, -103.618209839, 86.8756866455, 131.116790771, 212.373123169, 58.8631591797, -11.7607288361, -31.9626064301, -12.3051681519, 18.0325546265, 35.9904098511, 4.2414150238, 11.5521039963], [77.5913848877, 33.8671989441, -4.68966913223, 55.9072761536, 58.8631591797, 94.7842102051, 40.4490814209, 21.0636081696, 11.5609931946, 16.0010738373, 22.0105514526, 11.7971544266, 5.65606737137], [-7.24976587296, 36.3765411377, -28.1914978027, 0.428038567305, -11.7607288361, 40.4490814209, 140.811782837, 94.8787765503, 48.9553604126, 23.8713092804, 7.02369642258, 16.3103694916, 5.51967859268], [-69.8037109375, 28.6285114288, -6.38832521439, -20.8629493713, -31.9626064301, 21.0636081696, 94.8787765503, 137.766494751, 77.6553497314, 40.6432952881, 10.7835178375, 25.939863205, 10.1152801514], [-58.3144416809, 52.1459312439, -31.6537895203, 5.17515277863, -12.3051681519, 11.5609931946, 48.9553604126, 77.6553497314, 107.504241943, 59.199131012, 27.1257743835, 30.5090084076, 15.2187852859], [-95.1145629883, -23.1886882782, -7.27980518341, 11.3309621811, 18.0325546265, 16.0010738373, 23.8713092804, 40.6432952881, 59.199131012, 88.0725784302, 47.2898483276, 32.8405647278, 14.6543464661], [-85.4693756104, -19.801322937, -0.916566252708, 33.3740386963, 35.9904098511, 22.0105514526, 7.02369642258, 10.7835178375, 27.1257743835, 47.2898483276, 72.0822067261, 36.5468101501, 19.8133354187], [-107.880882263, -3.0505027771, 3.65319228172, 10.0065059662, 4.2414150238, 11.7971544266, 16.3103694916, 25.939863205, 30.5090084076, 32.8405647278, 36.5468101501, 66.0326843262, 33.3872451782], [-98.5217666626, -25.4735412598, 3.63249063492, 16.4580421448, 11.5521039963, 5.65606737137, 5.51967859268, 10.1152801514, 15.2187852859, 14.6543464661, 19.8133354187, 33.3872451782, 55.2121925354]]
        icov: [[0.000315093289828, -0.000284971931251, 0.000290381052764, -0.000590465206187, 0.000531554163899, -0.000273401354207, 0.000147360115079, -7.5633652159e-005, 0.000491965154652, -0.000264304078883, 0.000173726482899, 0.000289563991828, 0.000200700742425], [-0.000284971931251, 0.00217718235217, 0.000597685924731, 0.000157160364324, 0.000445348210633, -0.00100501091219, 8.71165975695e-005, 0.000388597371057, -0.00203819968738, 0.00168930634391, 3.92531655962e-005, -0.000845898583066, 0.000950564921368], [0.000290381052764, 0.000597685924731, 0.00446786591783, -0.000333343283273, -0.0014886201825, 0.000370213994756, 0.00137759011704, -0.00214001117274, 0.00164754781872, 0.000355355121428, 0.000998459057882, -0.00110450445209, 0.000888369162567], [-0.000590465206187, 0.000157160364324, -0.000333343283273, 0.00550790084526, -0.00362877757289, -0.000222600327106, -0.000398561795009, 0.000761452887673, -0.00165802310221, 0.0012339319801, -0.00109088222962, -0.000343739258824, -0.00118978798855], [0.000531554163899, 0.000445348210633, -0.0014886201825, -0.00362877757289, 0.0107774762437, -0.00555109558627, 0.000267255556537, 0.00275815208443, 0.000121931101603, -0.00140188168734, -0.00207771477289, 0.00267285853624, -0.00041694578249], [-0.000273401354207, -0.00100501091219, 0.000370213994756, -0.000222600327106, -0.00555109558627, 0.0175424702466, -0.00466513819993, -0.00146746472456, 0.0022623015102, -0.000424677011324, -0.00247810967267, -0.00111326924525, 0.000241674977588], [0.000147360115079, 8.71165975695e-005, 0.00137759011704, -0.000398561795009, 0.000267255556537, -0.00466513819993, 0.0153406420723, -0.0105925053358, 0.00104065134656, 0.000659395649564, 0.000890651543159, -0.000109616441478, 0.000445102428785], [-7.5633652159e-005, 0.000388597371057, -0.00214001117274, 0.000761452887673, 0.00275815208443, -0.00146746472456, -0.0105925053358, 0.0219200085849, -0.0110032921657, -0.000864229921717, 0.00197277963161, -0.00165625778027, 0.000130383428768], [0.000491965154652, -0.00203819968738, 0.00164754781872, -0.00165802310221, 0.000121931101603, 0.0022623015102, 0.00104065134656, -0.0110032921657, 0.0253436844796, -0.0122907478362, 0.000980661134236, -0.000800778565463, -0.00161334557924], [-0.000264304078883, 0.00168930634391, 0.000355355121428, 0.0012339319801, -0.00140188168734, -0.000424677011324, 0.000659395649564, -0.000864229921717, -0.0122907478362, 0.02733948268, -0.0121664740145, -0.0026342261117, 0.00243621761911], [0.000173726482899, 3.92531655962e-005, 0.000998459057882, -0.00109088222962, -0.00207771477289, -0.00247810967267, 0.000890651543159, 0.00197277963161, 0.000980661134236, -0.0121664740145, 0.0289327669889, -0.0102304331958, -0.000411716056988], [0.000289563991828, -0.000845898583066, -0.00110450445209, -0.000343739258824, 0.00267285853624, -0.00111326924525, -0.000109616441478, -0.00165625778027, -0.000800778565463, -0.0026342261117, -0.0102304331958, 0.0307248197496, -0.0138176092878], [0.000200700742425, 0.000950564921368, 0.000888369162567, -0.00118978798855, -0.00041694578249, 0.000241674977588, 0.000445102428785, 0.000130383428768, -0.00161334557924, 0.00243621761911, -0.000411716056988, -0.0138176092878, 0.027500404045]]
    sccoeffs:
        dmean: [0.0624383427203, 0.0502484813333, 0.0375635996461, 0.0279928129166, 0.0179881136864, 0.0198026113212]
        dmean2: [0.102160200477, 0.0846912562847, 0.0632905587554, 0.047341812402, 0.0303179267794, 0.0314776599407]
        dvar: [0.00297527760267, 0.00166326481849, 0.00093471002765, 0.000480602291645, 0.000204835756449, 0.000299873005133]
        dvar2: [0.00763307046145, 0.00451119942591, 0.00264114467427, 0.00134037865791, 0.000574961130042, 0.000724726531189]
        max: [-0.23110948503, -0.463389277458, -0.469365626574, -0.645249307156, -0.668044269085, -0.612473249435]
        mean: [-0.644750356674, -0.779814302921, -0.806974887848, -0.810316324234, -0.820226609707, -0.744991540909]
        median: [-0.651548743248, -0.786274373531, -0.811097323895, -0.812394320965, -0.820840954781, -0.743960559368]
        min: [-0.978412628174, -0.97550624609, -0.974047362804, -0.967648148537, -0.964722931385, -0.962782740593]
        var: [0.00765681266785, 0.00376971717924, 0.00249135564081, 0.00134015467484, 0.00060524296714, 0.00125681469217]
    scvalleys:
        dmean: [0.421287000179, 0.392271727324, 0.307597696781, 0.258691370487, 0.253851026297, 0.273451775312]
        dmean2: [0.699127018452, 0.644590258598, 0.494059622288, 0.404459863901, 0.384822905064, 0.424190104008]
        dvar: [0.135335668921, 0.132880941033, 0.0862404480577, 0.0685925409198, 0.0804741084576, 0.105114020407]
        dvar2: [0.322244167328, 0.301917940378, 0.171541720629, 0.120615497231, 0.152091652155, 0.207569345832]
        max: [-5.20247268677, -4.85894489288, -5.0340013504, -5.66827821732, -5.54871559143, -7.65881538391]
        mean: [-7.10172891617, -6.82688140869, -6.771484375, -7.00304603577, -6.97075414658, -9.4903087616]
        median: [-6.8083729744, -6.62727355957, -6.56033039093, -6.76878261566, -6.73780822754, -9.3238286972]
        min: [-27.7864990234, -27.6108379364, -27.5335712433, -27.5182342529, -27.3966903687, -27.3192329407]
        var: [2.25742459297, 2.08158922195, 2.40192341805, 2.03833317757, 1.8937599659, 1.77919590473]

rhythm:
    beats_loudness:
        dmean: 0.00268345256336
        dmean2: 0.00501337926835
        dvar: 4.30500404036e-006
        dvar2: 1.40570336953e-005
        max: 0.0112317716703
        mean: 0.00511828949675
        median: 0.00474638398737
        min: 1.86273045599e-011
        var: 6.36693948763e-006
    bpm: 129.881698608
    bpm_confidence: 0
    first_peak_bpm: 129
    first_peak_spread: 0.291262179613
    first_peak_weight: 0.380208343267
    onset_rate: 3.74798583984
    second_peak_bpm: 98
    second_peak_spread: 0.101796425879
    second_peak_weight: 0.390625
    beats_loudness_band_ratio:
        dmean: [0.143052190542, 0.20554818213, 0.09045419842, 0.108065694571, 0.0917519330978, 0.0985420122743]
        dmean2: [0.261938244104, 0.384575158358, 0.162248834968, 0.191036611795, 0.162491679192, 0.181982666254]
        dvar: [0.0119307013229, 0.0213097687811, 0.00948874931782, 0.0141706690192, 0.00738745601848, 0.012653102167]
        dvar2: [0.0349264889956, 0.0689258128405, 0.0285853035748, 0.0431879647076, 0.0206488221884, 0.0370210111141]
        max: [0.752941429615, 0.656270503998, 0.690330862999, 0.771409392357, 0.682879984379, 0.847638607025]
        mean: [0.255470573902, 0.182892084122, 0.120493166149, 0.148892313242, 0.191484093666, 0.172923475504]
        median: [0.262331962585, 0.117539726198, 0.0935450717807, 0.109823033214, 0.164380028844, 0.150036141276]
        min: [0, 0, 0, 0, 0, 0]
        var: [0.0193982701749, 0.0254449378699, 0.0106058679521, 0.0137915210798, 0.00987369939685, 0.0108990967274]
    beats_position: [0.476009070873, 0.96362811327, 1.43963718414, 1.90403628349, 2.38004541397, 2.83283448219, 3.29723358154, 3.76163268089, 4.22603178024, 4.69043064117, 5.15482997894, 5.61922883987, 6.08362817764, 6.53641700745, 6.98920631409, 7.45360517502, 7.91800451279, 8.38240337372, 8.84680271149, 9.29959201813, 9.76399040222, 10.22838974, 10.6811790466, 11.1455783844, 11.6099767685, 12.0743761063, 12.538775444, 13.0031747818, 13.4675731659, 13.9203624725, 14.3731517792, 14.8375511169, 15.301949501, 15.7663488388, 16.2307472229, 16.6951465607, 17.1595458984, 17.6239452362, 18.0767345428, 18.5295238495, 18.9939231873, 19.458322525, 19.9227199554, 20.3755092621, 20.8399085999, 21.2926979065, 21.7570972443, 22.221496582, 22.6858959198, 23.1502952576, 23.614692688, 24.0790920258, 24.5434913635, 25.0078907013, 25.4722900391, 25.9366893768, 26.3894786835, 26.8422679901, 27.3066654205, 27.7710647583, 28.2354640961, 28.6998634338, 29.1642627716, 29.6170520782, 30.0698413849, 30.5342407227, 30.9986381531, 31.4630374908, 31.9158267975, 32.3686180115, 32.8330154419, 33.2974128723, 33.7618141174, 34.2262115479, 34.690612793, 35.1550102234, 35.6194114685, 36.0722007751, 36.5365982056, 36.9893875122, 37.4537849426, 37.9181861877, 38.3825836182, 38.8469848633, 39.3113822937, 39.7757797241, 40.2401809692, 40.6929702759, 41.1573677063, 41.6101570129, 42.0629463196, 42.5157356262, 42.9801368713, 43.4445343018, 43.9089317322, 44.3617210388, 44.8261222839, 45.2905197144, 45.7549209595, 46.2193183899, 46.683719635, 47.1365089417, 47.6009063721, 48.0653038025, 48.5297050476, 48.994102478, 49.4585037231, 49.9229011536, 50.3873023987, 50.8516998291, 51.3044891357, 51.7572784424, 52.2216758728, 52.6860771179, 53.1504745483, 53.6148757935, 54.0792732239, 54.5436706543, 54.9964599609, 55.4492492676, 55.9136505127, 56.3780479431, 56.8424491882, 57.3068466187, 57.7712478638, 58.2356452942, 58.7000427246, 59.1528320313, 59.6056213379, 60.070022583, 60.5344200134, 60.9988212585, 61.463218689, 61.9160079956, 62.380405426, 62.8331947327, 63.2975959778, 63.7619934082, 64.2263946533, 64.6907958984, 65.1551895142, 65.6195907593, 66.0723800659, 66.5251693726, 66.9895706177, 67.4539642334, 67.9183654785, 68.3827667236, 68.8471679688, 69.3115615845, 69.7759628296, 70.2403640747, 70.7047576904, 71.1691589355, 71.6219482422, 72.0747375488, 72.5391387939, 73.0035324097, 73.4563217163, 73.9091110229, 74.3735122681, 74.8379135132, 75.3139190674, 75.8015441895, 76.3007659912, 76.7883911133, 77.276008606, 77.7636260986, 78.2396392822, 78.6924285889, 79.1452102661, 79.5979995728, 80.2481613159, 80.8518829346, 81.4555969238, 82.0593185425, 82.6862564087, 83.3015823364, 83.9169158936, 84.5438537598, 85.1591796875, 85.7745132446, 86.3782272339, 86.993560791, 87.6088867188, 88.235824585, 88.8511581421, 89.4664840698, 90.0818099976, 90.6971435547, 91.3124694824, 91.9277954102, 92.5431289673, 93.158454895, 93.7737884521, 94.3891143799, 95.0044403076, 95.6197738647, 96.223487854, 96.8504257202, 97.4657592773, 98.0810852051, 98.6848068237, 99.3117446899, 99.9270706177, 100.542404175, 101.157730103, 101.77305603, 102.388389587, 103.003715515, 103.607437134, 104.234375, 104.849700928, 105.465034485, 106.080360413, 106.69568634, 107.311019897, 107.926345825, 108.530067444, 109.145393372, 109.74911499, 110.364440918, 110.979774475, 111.595100403, 112.222038269, 112.837364197, 113.452697754, 114.068023682, 114.683357239, 115.298683167, 115.914009094, 116.529342651, 117.144668579, 117.759994507, 118.375328064, 118.990653992, 119.605987549, 120.221313477, 120.836639404, 121.451972961, 122.067298889, 122.682624817, 123.297958374, 123.913284302, 124.528617859, 125.155555725, 125.770881653, 126.386207581, 127.001541138, 127.616867065, 128.232192993, 128.847518921, 129.462860107, 130.078186035, 130.693511963, 131.308837891, 131.924163818, 132.539505005, 133.143218994, 133.758544922, 134.37387085, 134.989196777, 135.604537964, 136.219863892, 136.835189819, 137.450515747, 138.065841675, 138.681182861, 139.296508789, 139.923446655, 140.538772583, 141.154098511, 141.769424438, 142.384765625, 143.000091553, 143.61541748, 144.230743408, 144.846069336, 145.461410522, 146.07673645, 146.680450439, 147.307388306, 147.922714233, 148.538040161, 149.153381348, 149.768707275, 150.384033203, 150.999359131, 151.614685059, 152.230026245, 152.845352173, 153.460678101, 154.076004028, 154.691329956, 155.306671143, 155.92199707, 156.537322998, 157.152648926, 157.605438232, 158.069839478, 158.522628784, 158.987030029, 159.451431274, 159.915817261, 160.380218506, 160.844619751, 161.297409058, 161.750198364, 162.214599609, 162.679000854, 163.1434021, 163.607803345, 164.072189331, 164.536590576, 165.000991821, 165.465393066, 165.918182373, 166.382583618, 166.858596802, 167.346206665, 167.833831787, 168.32144165, 168.809066772, 169.285079956, 169.749481201, 170.225479126, 170.689880371, 171.142669678, 171.595458984, 172.048248291, 172.512649536, 172.977050781, 173.453063965, 173.917449951, 174.381851196, 174.846252441, 175.310653687, 175.775054932, 176.239456177, 176.692245483, 177.168243408, 177.632644653, 178.097045898, 178.700775146, 179.327713013, 179.931427002, 180.535140991, 181.138870239, 181.765808105, 182.381134033, 182.996459961, 183.611785889, 184.227111816, 184.842453003, 185.457778931, 186.073104858, 186.688430786, 187.292144775, 187.919082642, 188.534423828, 189.149749756, 189.765075684, 190.380401611, 190.995727539, 191.611068726, 192.226394653, 192.841720581, 193.457046509, 194.060760498, 194.676101685, 195.303039551, 195.929977417, 196.545303345, 197.160629272, 197.7759552, 198.391296387, 198.995010376, 199.610336304, 200.225662231, 200.840988159, 201.456329346, 202.071655273, 202.686981201, 203.313919067, 203.940856934]
    bpm_estimates: [126.048019409, 129.19921875, 126.04800415, 132.512039185, 129.19921875, 129.19921875, 129.19921875, 129.199279785, 129.199157715, 129.199279785, 129.199157715, 132.51210022, 132.511962891, 129.199279785, 129.199157715, 129.199279785, 129.199157715, 132.511962891, 129.199417114, 129.199157715, 132.511962891, 129.199157715, 129.199417114, 129.199157715, 129.199157715, 129.199157715, 129.199417114, 132.511962891, 132.511962891, 129.199157715, 129.199417114, 129.199157715, 129.199417114, 129.199157715, 129.199157715, 129.199157715, 132.511962891, 132.511962891, 129.199157715, 129.199157715, 129.199676514, 132.511962891, 129.199157715, 132.511962891, 129.199157715, 129.199157715, 129.199157715, 129.199157715, 129.199676514, 129.199157715, 129.199157715, 129.199157715, 129.199157715, 129.199157715, 132.511962891, 132.511962891, 129.199676514, 129.199157715, 129.199157715, 129.199157715, 129.199157715, 132.511962891, 132.511962891, 129.199157715, 129.199676514, 129.199157715, 132.511962891, 132.511398315, 129.199676514, 129.199676514, 129.198623657, 129.199676514, 129.198623657, 129.199676514, 129.198623657, 132.511962891, 129.199676514, 132.511962891, 129.199676514, 129.198623657, 129.199676514, 129.198623657, 129.199676514, 129.199676514, 129.198623657, 132.511962891, 129.199676514, 132.511962891, 132.511962891, 132.511962891, 129.198623657, 129.199676514, 129.199676514, 132.511962891, 129.198623657, 129.199676514, 129.198623657, 129.199676514, 129.198623657, 132.511962891, 129.199676514, 129.199676514, 129.198623657, 129.199676514, 129.198623657, 129.199676514, 129.198623657, 129.199676514, 132.511962891, 132.511962891, 129.199676514, 129.198623657, 129.199676514, 129.198623657, 129.199676514, 129.199676514, 132.511962891, 132.511962891, 129.198623657, 129.199676514, 129.198623657, 129.199676514, 129.198623657, 129.199676514, 129.199676514, 132.511962891, 132.511962891, 129.198623657, 129.199676514, 129.198623657, 129.199676514, 132.511962891, 129.199676514, 132.511962891, 129.198623657, 129.199676514, 129.198623657, 129.198623657, 129.200744629, 129.198623657, 132.511962891, 132.511962891, 129.198623657, 129.200744629, 129.198623657, 129.198623657, 129.198623657, 129.200744629, 129.198623657, 129.198623657, 129.200744629, 129.198623657, 132.511962891, 132.511962891, 129.198623657, 129.200744629, 132.511962891, 132.511962891, 129.198623657, 129.198623657, 126.048950195, 126.046928406, 132.511962891, 132.514190674, 132.511962891, 132.511962891, 129.198623657, 132.511962891, 129.198623657, 129.198623657, 129.202865601, 129.198623657, 129.198623657, 132.511962891, 132.511962891, 129.198623657, 129.198623657, 129.198623657, 129.198623657, 129.202865601, 129.198623657, 129.198623657, 129.198623657, 132.511962891, 129.198623657, 126.046928406, 126.046928406, 129.198623657, 126.050971985, 129.198623657, 132.511962891, 132.511962891, 132.511962891, 129.198623657, 129.198623657, 126.046928406, 129.202865601, 129.198623657, 129.198623657, 129.198623657, 129.198623657, 129.198623657, 132.511962891, 126.050971985, 129.198623657, 129.198623657]
