
metadata:
    version:
        essentia: "2.1-beta2"
    audio_properties:
        analysis_sample_rate: 44100
        bitrate: 320
        channels: 2
        equal_loudness: 1
        length: 202.553466797
        replay_gain: -15.6027622223
        downmix: "mix"
    tags:
        album: "Ire"
        artist: "Parkway Drive"
        comment: ""
        date: "2015"
        genre: "Alternative"
        title: "Dedicated"
        tracknumber: "10/11"

configuration:
    average_loudness:
        compute: 1
        frameSize: 88200
        hopSize: 44100
        silentFrames: "noise"
        windowType: "hann"
    general:
        analysisSampleRate: 44100
        endTime: 2000
        equalLoudness: 1
        nequalLoudness: 0
        shortSound: 0
        startTime: 0
    lowlevel:
        compute: 1
        frameSize: 2048
        hopSize: 1024
        zeroPadding: 0
        silentFrames: "noise"
        windowType: "blackmanharris62"
        mfccStats: ["mean", "cov", "icov"]
        stats: ["mean", "var", "median", "min", "max", "dmean", "dmean2", "dvar", "dvar2"]
    panning:
        compute: 0
        frameSize: 8192
        hopSize: 2048
        zeroPadding: 8192
        silentFrames: "noise"
        windowType: "hann"
        stats: ["copy"]
    rhythm:
        compute: 1
        maxTempo: 208
        minTempo: 40
        method: "degara"
        stats: ["mean", "var", "median", "min", "max", "dmean", "dmean2", "dvar", "dvar2"]
    segmentation:
        compute: 0
        cpw: 5
        inc1: 300
        inc2: 50
        minimumSegmentsLength: 10
        size1: 1000
        size2: 600
    sfx:
        compute: 1
        stats: ["mean", "var", "median", "min", "max", "dmean", "dmean2", "dvar", "dvar2"]
    svm:
        compute: 0
    tonal:
        compute: 1
        frameSize: 4096
        hopSize: 2048
        zeroPadding: 0
        silentFrames: "noise"
        windowType: "blackmanharris62"
        stats: ["mean", "var", "median", "min", "max", "dmean", "dmean2", "dvar", "dvar2"]

lowlevel:
    average_loudness: 0.900572776794
    barkbands_kurtosis:
        dmean: 0.92010062933
        dmean2: 1.57189691067
        dvar: 3.47589612007
        dvar2: 8.71915435791
        max: 55.5538482666
        mean: -0.579429507256
        median: -1.03840398788
        min: -1.90349006653
        var: 4.04638290405
    barkbands_skewness:
        dmean: 0.542326331139
        dmean2: 0.844151854515
        dvar: 0.288160502911
        dvar2: 0.691602230072
        max: 6.90354204178
        mean: 0.0613487325609
        median: 0.037602648139
        min: -4.39886665344
        var: 0.695192635059
    barkbands_spread:
        dmean: 7.0591840744
        dmean2: 11.3913402557
        dvar: 40.9670944214
        dvar2: 104.811248779
        max: 73.6709518433
        mean: 36.5495529175
        median: 36.4062767029
        min: 1.95586490631
        var: 131.256896973
    dissonance:
        dmean: 0.00996123999357
        dmean2: 0.0172587204725
        dvar: 0.000106927982415
        dvar2: 0.000304374290863
        max: 0.500000119209
        mean: 0.485886693001
        median: 0.48903721571
        min: 0.364745408297
        var: 0.000139591807965
    hfc:
        dmean: 2.68492269516
        dmean2: 4.40432214737
        dvar: 11.4185066223
        dvar2: 28.8195819855
        max: 34.4297370911
        mean: 6.23533535004
        median: 5.41811132431
        min: 1.09389692779e-016
        var: 17.757183075
    pitch:
        dmean: 959.665893555
        dmean2: 1807.4654541
        dvar: 1802073.5
        dvar2: 4326125
        max: 4978.68652344
        mean: 1285.27111816
        median: 494.481842041
        min: 62.4277381897
        var: 2169921.25
    pitch_instantaneous_confidence:
        dmean: 0.0846757516265
        dmean2: 0.140744924545
        dvar: 0.00555384717882
        dvar2: 0.0139726120979
        max: 0.902972340584
        mean: 0.29876974225
        median: 0.270911157131
        min: 0.0984888672829
        var: 0.0132036944851
    pitch_salience:
        dmean: 0.0720421597362
        dmean2: 0.117593578994
        dvar: 0.00418899580836
        dvar2: 0.0112762274221
        max: 0.860443592072
        mean: 0.659672617912
        median: 0.673479020596
        min: 0.159558176994
        var: 0.00728861102834
    silence_rate_20dB:
        dmean: 0
        dmean2: 0
        dvar: 0
        dvar2: 0
        max: 1
        mean: 1
        median: 1
        min: 1
        var: 0
    silence_rate_30dB:
        dmean: 0
        dmean2: 0
        dvar: 0
        dvar2: 0
        max: 1
        mean: 1
        median: 1
        min: 1
        var: 0
    silence_rate_60dB:
        dmean: 0.154057770967
        dmean2: 0.308150857687
        dvar: 0.1303255409
        dvar2: 0.269374936819
        max: 1
        mean: 0.441833823919
        median: 0
        min: 0
        var: 0.246597900987
    spectral_centroid:
        dmean: 422.326873779
        dmean2: 664.610534668
        dvar: 174324.96875
        dvar2: 400870.59375
        max: 11455.2373047
        mean: 1708.62060547
        median: 1610.05859375
        min: 136.871765137
        var: 591064.625
    spectral_complexity:
        dmean: 4.66460323334
        dmean2: 7.50727939606
        dvar: 21.837682724
        dvar2: 52.1223754883
        max: 46
        mean: 12.2534093857
        median: 11
        min: 0
        var: 60.8030509949
    spectral_crest:
        dmean: 2.22744464874
        dmean2: 3.71827363968
        dvar: 4.74784612656
        dvar2: 12.3574495316
        max: 23.7371635437
        mean: 6.44515895844
        median: 5.67648696899
        min: 2.12683939934
        var: 7.98149013519
    spectral_decrease:
        dmean: 3.14681114499e-010
        dmean2: 5.00251506885e-010
        dvar: 3.36018859395e-019
        dvar2: 8.77870757478e-019
        max: 1.41501443392e-028
        mean: -8.73709327109e-010
        median: -7.57352403014e-010
        min: -6.19727114071e-009
        var: 4.6925832073e-019
    spectral_energy:
        dmean: 0.00139305682387
        dmean2: 0.0022139577195
        dvar: 5.27158181285e-006
        dvar2: 1.37129827635e-005
        max: 0.0242968015373
        mean: 0.00386313674971
        median: 0.00338060106151
        min: 1.00603838674e-020
        var: 7.98309611127e-006
    spectral_energyband_high:
        dmean: 0.000254664599197
        dmean2: 0.000437648617662
        dvar: 1.30558163391e-007
        dvar2: 3.38708872505e-007
        max: 0.00388491922058
        mean: 0.000389199703932
        median: 0.000277956074569
        min: 7.15977649864e-021
        var: 1.39957236911e-007
    spectral_energyband_low:
        dmean: 0.000301157619106
        dmean2: 0.00048521196004
        dvar: 1.07864508436e-007
        dvar2: 2.67520306352e-007
        max: 0.00508381472901
        mean: 0.000545307935681
        median: 0.000418654846726
        min: 1.70770825937e-023
        var: 2.33184195508e-007
    spectral_energyband_middle_high:
        dmean: 0.000606721732765
        dmean2: 0.000960383797064
        dvar: 4.25310020091e-007
        dvar2: 1.04149626168e-006
        max: 0.00850328523666
        mean: 0.00171159836464
        median: 0.00156478502322
        min: 1.23774300562e-021
        var: 1.20240815704e-006
    spectral_energyband_middle_low:
        dmean: 0.000840416993015
        dmean2: 0.0013791504316
        dvar: 4.97245582665e-006
        dvar2: 1.31694687298e-005
        max: 0.0224957950413
        mean: 0.00133277534042
        median: 0.000734894536436
        min: 2.26009608601e-022
        var: 5.08422454004e-006
    spectral_flatness_db:
        dmean: 0.0156459361315
        dmean2: 0.0252114422619
        dvar: 0.000238080814597
        dvar2: 0.000635656586383
        max: 0.342566132545
        mean: 0.138825640082
        median: 0.133963316679
        min: 0.0600671693683
        var: 0.00071302667493
    spectral_flux:
        dmean: 0.00862419977784
        dmean2: 0.013308564201
        dvar: 0.000120962518849
        dvar2: 0.000273902754998
        max: 0.137416169047
        mean: 0.0394634157419
        median: 0.038556329906
        min: 6.43793907074e-011
        var: 0.0002767444239
    spectral_kurtosis:
        dmean: 0.939307928085
        dmean2: 1.60955953598
        dvar: 0.825980246067
        dvar2: 2.47314167023
        max: 14.9226808548
        mean: 2.68747091293
        median: 2.50857162476
        min: -1.24627363682
        var: 1.48617243767
    spectral_rms:
        dmean: 0.000310895615257
        dmean2: 0.00047586960136
        dvar: 1.42561503935e-007
        dvar2: 3.47461053707e-007
        max: 0.00486869551241
        mean: 0.00182993535418
        median: 0.00181608030107
        min: 3.13289151566e-012
        var: 4.2023827973e-007
    spectral_rolloff:
        dmean: 602.140136719
        dmean2: 953.958068848
        dvar: 419793.59375
        dvar2: 993422.875
        max: 19272.2167969
        mean: 3340.1887207
        median: 3423.77929688
        min: 107.666015625
        var: 1382773
    spectral_skewness:
        dmean: 0.188347563148
        dmean2: 0.307386279106
        dvar: 0.0274670850486
        dvar2: 0.0710778310895
        max: 2.73671388626
        mean: 1.17772567272
        median: 1.18776500225
        min: -0.0545382387936
        var: 0.0712499693036
    spectral_spread:
        dmean: 427081.3125
        dmean2: 631934.875
        dvar: 430598717440
        dvar2: 739566813184
        max: 41453616
        mean: 4671719.5
        median: 4559011.5
        min: 2192495.25
        var: 4.2025198551e+012
    spectral_strongpeak:
        dmean: 0.244183689356
        dmean2: 0.426075935364
        dvar: 0.165999904275
        dvar2: 0.440091401339
        max: 6.15462684631
        mean: 0.323211014271
        median: 0.143820628524
        min: 2.9839544724e-010
        var: 0.195303186774
    zerocrossingrate:
        dmean: 0.0117716416717
        dmean2: 0.0145965479314
        dvar: 0.000115680057206
        dvar2: 0.000162382828421
        max: 0.5224609375
        mean: 0.0984494239092
        median: 0.0966796875
        min: 0.013671875
        var: 0.00096337281866
    barkbands:
        dmean: [8.8965300904e-008, 0.000128945030156, 0.000182365125511, 0.000214347601286, 0.000528935284819, 9.63158090599e-005, 7.23074190319e-005, 7.78110552346e-005, 0.000115599956189, 8.34176244098e-005, 9.08000511117e-005, 9.25069398363e-005, 6.79557051626e-005, 5.92254255025e-005, 5.57209641556e-005, 9.08008078113e-005, 0.000109106695163, 0.000108078311314, 0.000197209199541, 0.000172269341419, 0.000133240173454, 4.46016711066e-005, 6.0839715843e-006, 2.5025906325e-006, 9.94034166979e-007, 2.35135839688e-008, 1.9544871277e-010]
        dmean2: [1.45845163502e-007, 0.000208717101486, 0.000300917541608, 0.000362398597645, 0.000885832763743, 0.000158142269356, 0.000122524346807, 0.000128975967527, 0.000193330852198, 0.000137458293466, 0.000148998966324, 0.000152016364154, 0.000114216774818, 9.6679199487e-005, 9.11368333618e-005, 0.000147258426296, 0.000179826995009, 0.000176611327333, 0.000332027266268, 0.000290904776193, 0.000231362559134, 7.64736614656e-005, 1.04389418993e-005, 4.08958067055e-006, 1.58544639817e-006, 3.8178061601e-008, 3.48822221108e-010]
        dvar: [2.20077574193e-014, 2.55430254725e-008, 4.81139679209e-008, 3.25413680002e-007, 2.66845472652e-006, 3.91245578157e-008, 2.50265905777e-008, 2.01797565325e-008, 4.51633503928e-008, 2.61964405723e-008, 2.93744495394e-008, 2.81240719602e-008, 1.48668997113e-008, 1.05646291715e-008, 1.04643618215e-008, 1.38254607762e-008, 2.206587979e-008, 3.63595837882e-008, 7.73626922523e-008, 5.61486359629e-008, 3.89064993556e-008, 4.35137303967e-009, 1.14508229287e-010, 3.63332072761e-011, 8.97406194494e-012, 4.9024594097e-015, 7.00743535608e-020]
        dvar2: [6.0535560939e-014, 6.48011990734e-008, 1.22660409829e-007, 8.54794336647e-007, 7.26730559109e-006, 9.70568621028e-008, 6.65990995685e-008, 5.09173716523e-008, 1.24160351334e-007, 6.91419899113e-008, 7.56656390877e-008, 7.1279146141e-008, 3.90818684082e-008, 2.62793218297e-008, 2.63789363686e-008, 3.48367947822e-008, 5.50286500811e-008, 8.97606611261e-008, 2.00555959395e-007, 1.44542980252e-007, 1.02290925952e-007, 1.1240429032e-008, 2.82400186569e-010, 8.59885149196e-011, 2.25312459662e-011, 1.24584968603e-014, 2.06631448925e-019]
        max: [3.83862698072e-006, 0.00206349045038, 0.00303805619478, 0.0062747746706, 0.0166449416429, 0.00268867611885, 0.00257067475468, 0.00265857717022, 0.00331394001842, 0.00278673321009, 0.00258879340254, 0.00355129223317, 0.00177508546039, 0.00187831325457, 0.00203128764406, 0.00202815257944, 0.00326592847705, 0.00475403247401, 0.00497245881706, 0.00331720965914, 0.00253660208546, 0.000947584107053, 0.000213912804611, 0.000133247318445, 7.64525102568e-005, 1.72097418272e-006, 3.15629677949e-009]
        mean: [1.32337135028e-007, 0.000206209428143, 0.0002508017933, 0.000221805181354, 0.000566194183193, 0.000127710722154, 8.51880176924e-005, 0.000109778986371, 0.000179584472789, 0.000126962433569, 0.000143578217831, 0.000154607638251, 0.000110819179099, 9.69646062003e-005, 9.30676033022e-005, 0.000168083468452, 0.000195468121092, 0.000190342136193, 0.000315079902066, 0.000264209636953, 0.000179719208973, 6.32831943221e-005, 8.14810209704e-006, 3.88927355743e-006, 1.47280650253e-006, 3.59374645598e-008, 2.30356511643e-010]
        median: [5.70598857053e-008, 0.000133582085255, 0.000166997604538, 6.36127588223e-005, 0.000166966085089, 5.07875956828e-005, 2.35875795624e-005, 4.40334843006e-005, 6.68713182677e-005, 4.27125742135e-005, 4.21073636971e-005, 5.91541247559e-005, 5.19338864251e-005, 5.3122141253e-005, 5.76134043513e-005, 0.000129594060127, 0.000159140894539, 0.000144468955114, 0.000231669051573, 0.000186546996702, 0.000118927120639, 4.08532505389e-005, 3.86823512599e-006, 2.19258822654e-006, 6.83903749632e-007, 1.79689525481e-008, 1.39055558734e-010]
        min: [7.95061598455e-025, 6.88863950242e-024, 1.58634977938e-024, 1.53936423779e-024, 1.75904922034e-023, 7.65774023083e-024, 1.4680600472e-023, 1.66883477168e-023, 1.851406373e-023, 2.01937410793e-023, 1.54260771828e-023, 3.14907530457e-023, 4.50832650493e-023, 6.32666445987e-023, 3.77363857134e-023, 8.00412984317e-023, 7.51672992407e-023, 9.6110622263e-023, 1.25274544872e-022, 1.52002805793e-022, 2.09489447607e-022, 3.58914596749e-022, 4.05770637357e-022, 6.21059108763e-022, 9.234173011e-022, 1.32047853541e-021, 1.98460702622e-021]
        var: [6.72293573893e-014, 4.94134653195e-008, 6.89144243893e-008, 3.22819687426e-007, 2.29248939831e-006, 5.04586630257e-008, 3.00439708667e-008, 3.26922418026e-008, 8.18054957108e-008, 4.75744954542e-008, 6.31144985164e-008, 6.11470056811e-008, 2.5336927223e-008, 1.7036233757e-008, 1.5918168117e-008, 2.29711325517e-008, 3.14600256957e-008, 4.64446330284e-008, 9.42996862818e-008, 6.79950176163e-008, 3.77280855446e-008, 4.85609907841e-009, 1.4308318419e-010, 4.6047110569e-011, 9.83894909989e-012, 5.00890180502e-015, 7.93518626772e-020]
    frequency_bands:
        dmean: [8.8965300904e-008, 0.000128945030156, 0.000182365125511, 0.000214347601286, 0.000528935284819, 9.63158090599e-005, 7.23074190319e-005, 7.78110552346e-005, 0.000115599956189, 8.34176244098e-005, 9.08000511117e-005, 9.25069398363e-005, 6.79557051626e-005, 5.92254255025e-005, 5.57209641556e-005, 9.08008078113e-005, 0.000109106695163, 0.000108078311314, 0.000197209199541, 0.000172269341419, 0.000133240173454, 4.46016711066e-005, 6.0839715843e-006, 2.5025906325e-006, 9.94034166979e-007, 2.35135839688e-008, 1.9544871277e-010, 4.66893745887e-011]
        dmean2: [1.45845163502e-007, 0.000208717101486, 0.000300917541608, 0.000362398597645, 0.000885832763743, 0.000158142269356, 0.000122524346807, 0.000128975967527, 0.000193330852198, 0.000137458293466, 0.000148998966324, 0.000152016364154, 0.000114216774818, 9.6679199487e-005, 9.11368333618e-005, 0.000147258426296, 0.000179826995009, 0.000176611327333, 0.000332027266268, 0.000290904776193, 0.000231362559134, 7.64736614656e-005, 1.04389418993e-005, 4.08958067055e-006, 1.58544639817e-006, 3.8178061601e-008, 3.48822221108e-010, 8.68394453568e-011]
        dvar: [2.20077574193e-014, 2.55430254725e-008, 4.81139679209e-008, 3.25413680002e-007, 2.66845472652e-006, 3.91245578157e-008, 2.50265905777e-008, 2.01797565325e-008, 4.51633503928e-008, 2.61964405723e-008, 2.93744495394e-008, 2.81240719602e-008, 1.48668997113e-008, 1.05646291715e-008, 1.04643618215e-008, 1.38254607762e-008, 2.206587979e-008, 3.63595837882e-008, 7.73626922523e-008, 5.61486359629e-008, 3.89064993556e-008, 4.35137303967e-009, 1.14508229287e-010, 3.63332072761e-011, 8.97406194494e-012, 4.9024594097e-015, 7.00743535608e-020, 4.59758172398e-021]
        dvar2: [6.0535560939e-014, 6.48011990734e-008, 1.22660409829e-007, 8.54794336647e-007, 7.26730559109e-006, 9.70568621028e-008, 6.65990995685e-008, 5.09173716523e-008, 1.24160351334e-007, 6.91419899113e-008, 7.56656390877e-008, 7.1279146141e-008, 3.90818684082e-008, 2.62793218297e-008, 2.63789363686e-008, 3.48367947822e-008, 5.50286500811e-008, 8.97606611261e-008, 2.00555959395e-007, 1.44542980252e-007, 1.02290925952e-007, 1.1240429032e-008, 2.82400186569e-010, 8.59885149196e-011, 2.25312459662e-011, 1.24584968603e-014, 2.06631448925e-019, 1.45705489988e-020]
        max: [3.83862698072e-006, 0.00206349045038, 0.00303805619478, 0.0062747746706, 0.0166449416429, 0.00268867611885, 0.00257067475468, 0.00265857717022, 0.00331394001842, 0.00278673321009, 0.00258879340254, 0.00355129223317, 0.00177508546039, 0.00187831325457, 0.00203128764406, 0.00202815257944, 0.00326592847705, 0.00475403247401, 0.00497245881706, 0.00331720965914, 0.00253660208546, 0.000947584107053, 0.000213912804611, 0.000133247318445, 7.64525102568e-005, 1.72097418272e-006, 3.15629677949e-009, 8.06009703425e-010]
        mean: [1.32337135028e-007, 0.000206209428143, 0.0002508017933, 0.000221805181354, 0.000566194183193, 0.000127710722154, 8.51880176924e-005, 0.000109778986371, 0.000179584472789, 0.000126962433569, 0.000143578217831, 0.000154607638251, 0.000110819179099, 9.69646062003e-005, 9.30676033022e-005, 0.000168083468452, 0.000195468121092, 0.000190342136193, 0.000315079902066, 0.000264209636953, 0.000179719208973, 6.32831943221e-005, 8.14810209704e-006, 3.88927355743e-006, 1.47280650253e-006, 3.59374645598e-008, 2.30356511643e-010, 3.5744726623e-011]
        median: [5.70598857053e-008, 0.000133582085255, 0.000166997604538, 6.36127588223e-005, 0.000166966085089, 5.07875956828e-005, 2.35875795624e-005, 4.40334843006e-005, 6.68713182677e-005, 4.27125742135e-005, 4.21073636971e-005, 5.91541247559e-005, 5.19338864251e-005, 5.3122141253e-005, 5.76134043513e-005, 0.000129594060127, 0.000159140894539, 0.000144468955114, 0.000231669051573, 0.000186546996702, 0.000118927120639, 4.08532505389e-005, 3.86823512599e-006, 2.19258822654e-006, 6.83903749632e-007, 1.79689525481e-008, 1.39055558734e-010, 1.25784634444e-011]
        min: [7.95061598455e-025, 6.88863950242e-024, 1.58634977938e-024, 1.53936423779e-024, 1.75904922034e-023, 7.65774023083e-024, 1.4680600472e-023, 1.66883477168e-023, 1.851406373e-023, 2.01937410793e-023, 1.54260771828e-023, 3.14907530457e-023, 4.50832650493e-023, 6.32666445987e-023, 3.77363857134e-023, 8.00412984317e-023, 7.51672992407e-023, 9.6110622263e-023, 1.25274544872e-022, 1.52002805793e-022, 2.09489447607e-022, 3.58914596749e-022, 4.05770637357e-022, 6.21059108763e-022, 9.234173011e-022, 1.32047853541e-021, 1.98460702622e-021, 5.44515114714e-022]
        var: [6.72293573893e-014, 4.94134653195e-008, 6.89144243893e-008, 3.22819687426e-007, 2.29248939831e-006, 5.04586630257e-008, 3.00439708667e-008, 3.26922418026e-008, 8.18054957108e-008, 4.75744954542e-008, 6.31144985164e-008, 6.11470056811e-008, 2.5336927223e-008, 1.7036233757e-008, 1.5918168117e-008, 2.29711325517e-008, 3.14600256957e-008, 4.64446330284e-008, 9.42996862818e-008, 6.79950176163e-008, 3.77280855446e-008, 4.85609907841e-009, 1.4308318419e-010, 4.6047110569e-011, 9.83894909989e-012, 5.00890180502e-015, 7.93518626772e-020, 3.79646982152e-021]
    mfcc:
        mean: [-711.889526367, 97.9364624023, -48.1662483215, 53.9663543701, -13.145070076, 8.11833286285, 5.81344747543, 0.87998008728, 4.91814279556, -4.69812059402, -3.5015668869, -2.57646131516, -4.9839682579]
        cov: [[4691.35498047, 509.205993652, -324.089385986, 276.80569458, -205.568618774, 116.750602722, 65.9029998779, 91.4379806519, 1.14550542831, 19.6412773132, 18.2423610687, 9.1943731308, -28.3760261536], [509.205993652, 768.642150879, -227.596130371, 30.2501907349, -104.033790588, 9.76989746094, 11.7100162506, -7.33388519287, 34.5316543579, -48.402381897, -5.66445446014, -13.5047645569, -12.3834218979], [-324.089385986, -227.596130371, 396.597717285, 33.1902427673, 138.291061401, 3.75588083267, -5.65278053284, 4.8302359581, -26.4004878998, 14.3891487122, -17.5481395721, -6.70225763321, -11.987865448], [276.80569458, 30.2501907349, 33.1902427673, 337.1434021, 143.361099243, 54.8080596924, 29.6461257935, 2.99703216553, 20.1164913177, 21.8257064819, 18.9766349792, -6.87255859375, 13.6104335785], [-205.568618774, -104.033790588, 138.291061401, 143.361099243, 240.310546875, 56.8319015503, 26.7665348053, -6.67607927322, -2.42120337486, 25.2863426208, 10.2030639648, -8.38711357117, 1.12126421928], [116.750602722, 9.76989746094, 3.75588083267, 54.8080596924, 56.8319015503, 104.812553406, 59.6383934021, 35.9374656677, 10.9461288452, 19.6399364471, 13.9016304016, 7.90314054489, 3.85268378258], [65.9029998779, 11.7100162506, -5.65278053284, 29.6461257935, 26.7665348053, 59.6383934021, 158.511871338, 93.5609741211, 40.6231575012, 27.0553340912, 13.5037727356, 14.5577363968, 5.92581176758], [91.4379806519, -7.33388519287, 4.8302359581, 2.99703216553, -6.67607927322, 35.9374656677, 93.5609741211, 141.629150391, 65.8982391357, 41.3898277283, 12.6102609634, 17.0969295502, 5.76330518723], [1.14550542831, 34.5316543579, -26.4004878998, 20.1164913177, -2.42120337486, 10.9461288452, 40.6231575012, 65.8982391357, 101.7003479, 49.4888496399, 24.8791065216, 19.9516429901, 12.4105882645], [19.6412773132, -48.402381897, 14.3891487122, 21.8257064819, 25.2863426208, 19.6399364471, 27.0553340912, 41.3898277283, 49.4888496399, 90.3118362427, 42.66979599, 27.2485103607, 12.0490570068], [18.2423610687, -5.66445446014, -17.5481395721, 18.9766349792, 10.2030639648, 13.9016304016, 13.5037727356, 12.6102609634, 24.8791065216, 42.66979599, 67.7686157227, 35.1295585632, 20.2502002716], [9.1943731308, -13.5047645569, -6.70225763321, -6.87255859375, -8.38711357117, 7.90314054489, 14.5577363968, 17.0969295502, 19.9516429901, 27.2485103607, 35.1295585632, 65.1810302734, 31.5532188416], [-28.3760261536, -12.3834218979, -11.987865448, 13.6104335785, 1.12126421928, 3.85268378258, 5.92581176758, 5.76330518723, 12.4105882645, 12.0490570068, 20.2502002716, 31.5532188416, 59.1919822693]]
        icov: [[0.000293660414172, -0.000119925251056, 9.8272546893e-005, -0.000424496654887, 0.000477256427985, -0.000325138360495, 0.000107635591121, -0.000280710286461, 0.000444857490947, -0.000287335074972, 9.43124978221e-005, -0.000150542080519, 0.000275078171398], [-0.000119925251056, 0.00182712543756, 0.000675682094879, -0.000253208738286, 0.000421161734266, -0.000374147784896, -0.000207321092603, 0.000610453891568, -0.00140514003579, 0.00149735424202, -0.000274547055596, 0.000127685183543, 0.000513186794706], [9.8272546893e-005, 0.000675682094879, 0.00399187160656, 8.43751840875e-005, -0.00229405914433, 0.000825450464617, 0.00062232487835, -0.00136175693478, 0.00132323836442, -0.000684412079863, 0.00155054323841, -0.00103077758104, 0.00091843289556], [-0.000424496654887, -0.000253208738286, 8.43751840875e-005, 0.00502310879529, -0.00336457509547, -0.000312719785143, -0.000170604907908, 0.000665555009618, -0.00137393455952, 0.000401943485485, -0.000856567814481, 0.00154202489648, -0.00168072851375], [0.000477256427985, 0.000421161734266, -0.00229405914433, -0.00336457509547, 0.00937287509441, -0.00377310463227, -0.000997532042675, 0.00217900658026, 5.7232715335e-005, -0.00146645901259, -0.00054530572379, 0.00151344854385, 0.000247973919613], [-0.000325138360495, -0.000374147784896, 0.000825450464617, -0.000312719785143, -0.00377310463227, 0.0151458540931, -0.00402075704187, -0.00180534040555, 0.00231631612405, -0.00102368660737, -0.000870938121807, -0.000797266315203, 0.000114581642265], [0.000107635591121, -0.000207321092603, 0.00062232487835, -0.000170604907908, -0.000997532042675, -0.00402075704187, 0.0123431878164, -0.00762649253011, 0.000476746208733, 0.000837222090922, -0.000204864976695, -0.000915120181162, 0.000248479394941], [-0.000280710286461, 0.000610453891568, -0.00136175693478, 0.000665555009618, 0.00217900658026, -0.00180534040555, -0.00762649253011, 0.0170037187636, -0.00801485963166, -0.00187549379189, 0.00214157509618, -0.00015615351731, 0.000161265008501], [0.000444857490947, -0.00140514003579, 0.00132323836442, -0.00137393455952, 5.7232715335e-005, 0.00231631612405, 0.000476746208733, -0.00801485963166, 0.019992172718, -0.00829812511802, 6.17584464635e-006, -0.000817458669189, -0.000984886428341], [-0.000287335074972, 0.00149735424202, -0.000684412079863, 0.000401943485485, -0.00146645901259, -0.00102368660737, 0.000837222090922, -0.00187549379189, -0.00829812511802, 0.0229983981699, -0.0105656459928, -0.00162972218823, 0.00167936214712], [9.43124978221e-005, -0.000274547055596, 0.00155054323841, -0.000856567814481, -0.00054530572379, -0.000870938121807, -0.000204864976695, 0.00214157509618, 6.17584464635e-006, -0.0105656459928, 0.0276616886258, -0.0102665582672, -0.00146340217907], [-0.000150542080519, 0.000127685183543, -0.00103077758104, 0.00154202489648, 0.00151344854385, -0.000797266315203, -0.000915120181162, -0.00015615351731, -0.000817458669189, -0.00162972218823, -0.0102665582672, 0.02794739604, -0.0113611044362], [0.000275078171398, 0.000513186794706, 0.00091843289556, -0.00168072851375, 0.000247973919613, 0.000114581642265, 0.000248479394941, 0.000161265008501, -0.000984886428341, 0.00167936214712, -0.00146340217907, -0.0113611044362, 0.0240746568888]]
    sccoeffs:
        dmean: [0.0582236908376, 0.0488529056311, 0.0376563817263, 0.0284079574049, 0.0187221560627, 0.0220627039671]
        dmean2: [0.0970161631703, 0.0819747075438, 0.0634258985519, 0.0476760491729, 0.0314098000526, 0.0340915769339]
        dvar: [0.00242685689591, 0.00152382533997, 0.000940662168432, 0.000512537430041, 0.000230780497077, 0.000363821804058]
        dvar2: [0.00646252045408, 0.00417686020955, 0.00255450839177, 0.00143365026452, 0.000612954492681, 0.000847017683554]
        max: [-0.296478271484, -0.49346113205, -0.559924304485, -0.638698935509, -0.634820044041, -0.589113891125]
        mean: [-0.649388194084, -0.782317399979, -0.809863626957, -0.810419857502, -0.81635671854, -0.729807257652]
        median: [-0.6540184021, -0.788504362106, -0.818068981171, -0.813408613205, -0.817560017109, -0.731944978237]
        min: [-0.978047370911, -0.979968905449, -0.973528623581, -0.969058692455, -0.967330396175, -0.962899208069]
        var: [0.00608356064186, 0.00358897843398, 0.00288445688784, 0.00139674416278, 0.000659516721498, 0.001738654566]
    scvalleys:
        dmean: [0.415537446737, 0.387590259314, 0.32099416852, 0.268528312445, 0.282726258039, 0.30941811204]
        dmean2: [0.688354730606, 0.628639101982, 0.502790927887, 0.411498963833, 0.422809630632, 0.463668137789]
        dvar: [0.134548291564, 0.129916891456, 0.0963629186153, 0.0751735642552, 0.0936474427581, 0.137889310718]
        dvar2: [0.314326882362, 0.282324254513, 0.184846252203, 0.129980623722, 0.174584463239, 0.268563389778]
        max: [-5.11754703522, -4.81807374954, -5.00280189514, -5.71751642227, -5.6874499321, -7.74485874176]
        mean: [-6.99962997437, -6.90529203415, -6.87916851044, -7.0718460083, -6.99920701981, -9.79752349854]
        median: [-6.72981548309, -6.77984571457, -6.75214004517, -6.89610767365, -6.79643440247, -9.58089828491]
        min: [-27.9877281189, -27.9669322968, -27.5715961456, -27.4895362854, -27.3913097382, -27.3448486328]
        var: [2.33702993393, 2.12257218361, 2.23785185814, 2.0487575531, 2.00475811958, 1.97622132301]

rhythm:
    beats_loudness:
        dmean: 0.00339016295038
        dmean2: 0.00652874354273
        dvar: 4.79033542433e-006
        dvar2: 1.53367491293e-005
        max: 0.0115800881758
        mean: 0.005584792234
        median: 0.00485761277378
        min: 1.1668408427e-011
        var: 7.8351031334e-006
    bpm: 89.8484344482
    bpm_confidence: 0
    first_peak_bpm: 91
    first_peak_spread: 0.467289716005
    first_peak_weight: 0.345454543829
    onset_rate: 3.86070942879
    second_peak_bpm: 126
    second_peak_spread: 0.0729166939855
    second_peak_weight: 0.269696980715
    beats_loudness_band_ratio:
        dmean: [0.144368216395, 0.253438323736, 0.071374848485, 0.0837279781699, 0.104992456734, 0.115588620305]
        dmean2: [0.264512628317, 0.489723354578, 0.126043081284, 0.150004297495, 0.196161851287, 0.21768142283]
        dvar: [0.0132449902594, 0.0263607222587, 0.0053344219923, 0.00840086489916, 0.00627143029124, 0.0103056766093]
        dvar2: [0.0434169769287, 0.0922051295638, 0.0153022091836, 0.0243515018374, 0.0199220832437, 0.0324546284974]
        max: [0.658324062824, 0.631560981274, 0.541923284531, 0.476335823536, 0.548419177532, 0.720596194267]
        mean: [0.306807041168, 0.203940808773, 0.095074057579, 0.117665469646, 0.181392014027, 0.168253302574]
        median: [0.319240450859, 0.114686869085, 0.069054454565, 0.0839484855533, 0.163360416889, 0.144069969654]
        min: [0, 0, 0, 0, 0, 0]
        var: [0.0219294689596, 0.0326088815928, 0.00695899082348, 0.00874791666865, 0.0081017576158, 0.0100062452257]
    beats_position: [0.708208620548, 1.42802715302, 2.14784574509, 2.86766433716, 3.55265307426, 4.23764181137, 4.92263031006, 5.60761880875, 6.25777769089, 6.90793657303, 7.56970500946, 8.23147392273, 8.91646194458, 9.58984088898, 10.2748298645, 10.9714279175, 11.6680269241, 12.3646259308, 13.0496139526, 13.7346029282, 14.4195919037, 15.0813598633, 15.7431287766, 16.4165077209, 17.0898857117, 17.7516555786, 18.4134235382, 19.0751914978, 19.7369613647, 20.4103393555, 21.0837192535, 21.7454872131, 22.4072551727, 23.0806350708, 23.7540130615, 24.40417099, 25.0543308258, 25.7277088165, 26.4010887146, 27.0744667053, 27.747844696, 28.409614563, 29.0713825226, 29.7331504822, 30.3949203491, 31.0682983398, 31.7416782379, 32.4150543213, 33.0768241882, 33.7385940552, 34.4119720459, 35.0853500366, 35.7471199036, 36.4088897705, 37.0822677612, 37.755645752, 38.4174156189, 39.0791816711, 39.7525634766, 40.4143295288, 41.0760993958, 41.7494773865, 42.4228553772, 43.0962333679, 43.7696151733, 44.4197731018, 45.0815429688, 45.743309021, 46.4166870117, 47.0784568787, 47.7402267456, 48.4136047363, 49.0869827271, 49.748752594, 50.4105224609, 51.0839004517, 51.7572784424, 52.4190483093, 53.0808143616, 53.7425842285, 54.4043540955, 55.0545120239, 55.7278900146, 56.4012680054, 57.0746459961, 57.7480278015, 58.4097938538, 59.0715637207, 59.7449417114, 60.4067115784, 61.0684814453, 61.741859436, 62.4152374268, 63.0770072937, 63.7387733459, 64.4121551514, 65.0855331421, 65.7472991943, 66.409072876, 67.0824508667, 67.7558288574, 68.4175949097, 69.0793609619, 69.7527389526, 70.4145126343, 71.0762786865, 71.7380523682, 72.3998184204, 73.0731964111, 73.7465744019, 74.4199523926, 75.0817184448, 75.7434921265, 76.3936462402, 77.0670318604, 77.7404098511, 78.4137878418, 79.0871658325, 79.7489318848, 80.410697937, 81.0840835571, 81.7458496094, 82.4192276001, 83.0809936523, 83.7543716431, 84.4161453247, 85.077911377, 85.7512893677, 86.4130630493, 87.0748291016, 87.7482070923, 88.4099731445, 89.0717468262, 89.7451248169, 90.4185028076, 91.0802688599, 91.7420425415, 92.4154205322, 93.0887985229, 93.7505645752, 94.4123306274, 95.0741043091, 95.7358703613, 96.4092483521, 97.0826263428, 97.7444000244, 98.4061660767, 99.0679321289, 99.7413101196, 100.41469574, 101.076461792, 101.738227844, 102.400001526, 103.073379517, 103.746757507, 104.40852356, 105.070289612, 105.732063293, 106.393829346, 107.067207336, 107.740585327, 108.413963318, 109.087341309, 109.74911499, 110.410881042, 111.072654724, 111.734420776, 112.407798767, 113.081176758, 113.74294281, 114.404716492, 115.078094482, 115.751472473, 116.413238525, 117.075012207, 117.748390198, 118.421768188, 119.083534241, 119.756912231, 120.418685913, 121.080451965, 121.742218018, 122.415596008, 123.07736969, 123.750747681, 124.412513733, 125.074279785, 125.736053467, 126.409431458, 127.082809448, 127.756187439, 128.417953491, 129.079727173, 129.741500854, 130.414871216, 131.076644897, 131.750015259, 132.41178894, 133.073562622, 133.746932983, 134.420318604, 135.082077026, 135.743850708, 136.417236328, 137.090606689, 137.752380371, 138.414154053, 139.075912476, 139.737686157, 140.411056519, 141.084442139, 141.757827759, 142.442810059, 143.174240112, 143.905670166, 144.602264404, 145.275650024, 145.937408447, 146.599182129, 147.260955811, 147.922714233, 148.584487915, 149.257858276, 149.931243896, 150.523345947, 151.115463257, 151.719177246, 152.334503174, 152.938232422, 153.414230347, 153.901855469, 154.377868652, 154.853881836, 155.329879761, 155.805892944, 156.281906128, 156.757904053, 157.233917236, 157.70993042, 158.185943604, 158.661941528, 159.14956665, 159.625579834, 160.101577759, 160.577590942, 161.053604126, 161.518005371, 161.994003296, 162.470016479, 162.946029663, 163.422042847, 163.898040771, 164.374053955, 164.850067139, 165.326080322, 165.802078247, 166.278091431, 166.765716553, 167.241714478, 167.717727661, 168.193740845, 168.669754028, 169.145751953, 169.621765137, 170.09777832, 170.573776245, 171.049789429, 171.525802612, 172.001815796, 172.477813721, 172.953826904, 173.429840088, 173.905853271, 174.381851196, 174.85786438, 175.333877563, 175.809890747, 176.285888672, 176.761901855, 177.237915039, 177.713912964, 178.189926147, 178.665939331, 179.141952515, 179.617950439, 180.093963623, 180.569976807, 181.04598999, 181.521987915, 181.998001099, 182.474014282, 182.950012207, 183.426025391, 183.902038574, 184.378051758, 184.854049683, 185.330062866, 185.80607605, 186.282089233, 186.758087158, 187.24571228, 187.721725464, 188.197723389, 188.673736572, 189.149749756, 189.625762939, 190.101760864, 190.577774048, 191.053787231, 191.529785156, 192.00579834, 192.481811523, 192.957824707, 193.433822632, 193.909835815, 194.385848999, 194.861862183, 195.337860107, 195.813873291, 196.289886475, 196.765899658, 197.241897583, 197.717910767, 198.205535889, 198.669921875, 199.169158936, 199.679992676, 200.190841675, 200.713287354, 201.224121094, 201.746566772]
    bpm_estimates: [87.5926818848, 87.5926818848, 87.5927124023, 87.5927124023, 92.2851333618, 92.2851333618, 90.6661529541, 90.6660919189, 87.5927734375, 89.1028747559, 87.5926513672, 86.1328887939, 86.1327667236, 86.1327667236, 87.5927734375, 87.5926513672, 87.5926513672, 90.6662216187, 90.6660919189, 89.1028747559, 89.1030044556, 90.6659622192, 90.6662216187, 90.6662216187, 90.6659622192, 89.1030044556, 89.1027526855, 90.6662216187, 90.6662216187, 89.1027526855, 89.1030044556, 92.2852706909, 92.2849960327, 89.1030044556, 89.1027526855, 89.1030044556, 89.1030044556, 90.6659622192, 90.6662216187, 90.6662216187, 90.6659622192, 89.1030044556, 89.1027526855, 89.1032562256, 90.6659622192, 90.6659622192, 89.1030044556, 89.1030044556, 90.6659622192, 90.6659622192, 89.1030044556, 89.1030044556, 90.6659622192, 90.6664810181, 89.1024932861, 90.6664810181, 90.6659622192, 89.1030044556, 89.1030044556, 89.1030044556, 89.1024932861, 92.2852706909, 90.6659622192, 90.6664810181, 89.1030044556, 90.6659622192, 90.6659622192, 89.1030044556, 89.1030044556, 90.6659622192, 90.6659622192, 89.1030044556, 89.1030044556, 90.6659622192, 90.6664810181, 90.6659622192, 90.6659622192, 92.2852706909, 89.1030044556, 89.1030044556, 89.1030044556, 89.1024932861, 90.6664810181, 90.6659622192, 89.1030044556, 90.6659622192, 90.6659622192, 89.1030044556, 89.1030044556, 90.6659622192, 90.6664810181, 89.1024932861, 89.1030044556, 90.6664810181, 90.665435791, 89.1030044556, 89.1030044556, 90.6664810181, 90.6664810181, 89.1030044556, 90.665435791, 90.6664810181, 90.665435791, 90.6664810181, 89.1030044556, 89.1030044556, 89.1030044556, 90.6664810181, 90.665435791, 92.2858123779, 89.1019897461, 89.1030044556, 89.1030044556, 89.1030044556, 90.6664810181, 90.6664810181, 89.1019897461, 90.6664810181, 89.1030044556, 90.6664810181, 89.1030044556, 90.665435791, 90.6664810181, 89.1030044556, 90.665435791, 90.6664810181, 89.1030044556, 90.6664810181, 90.665435791, 89.1030044556, 89.1030044556, 90.6664810181, 90.665435791, 89.1030044556, 89.1030044556, 90.6664810181, 90.6664810181, 90.665435791, 90.6664810181, 89.1030044556, 89.1030044556, 90.665435791, 90.6664810181, 90.6664810181, 89.1030044556, 89.1019897461, 90.6664810181, 90.6664810181, 90.665435791, 89.1030044556, 89.1030044556, 90.6664810181, 90.6664810181, 90.665435791, 90.6664810181, 89.1030044556, 89.1030044556, 89.1030044556, 89.1030044556, 90.665435791, 90.6664810181, 90.665435791, 90.6664810181, 89.1030044556, 89.1030044556, 90.6664810181, 90.665435791, 89.1030044556, 89.1030044556, 90.6664810181, 90.665435791, 89.1030044556, 89.1030044556, 90.6664810181, 89.1030044556, 90.665435791, 90.6664810181, 90.6664810181, 89.1030044556, 90.665435791, 89.1030044556, 90.6664810181, 90.6664810181, 90.665435791, 89.1030044556, 89.1030044556, 89.1030044556, 90.6664810181, 90.665435791, 90.665435791, 89.1040115356, 90.665435791, 89.1040115356, 90.665435791, 90.665435791, 89.1040115356, 89.1019897461, 90.6675262451, 90.665435791, 89.1019897461, 89.1040115356, 90.665435791, 90.665435791, 90.6675262451, 90.665435791, 89.1040115356, 89.1019897461, 89.1019897461, 87.5935058594, 86.133354187, 89.1019897461, 90.6675262451, 90.665435791, 90.665435791, 90.6675262451, 90.665435791, 89.1040115356, 89.1019897461]
