
metadata:
    version:
        essentia: "2.1-beta2"
    audio_properties:
        analysis_sample_rate: 44100
        bitrate: 320
        channels: 2
        equal_loudness: 1
        length: 354.272644043
        replay_gain: -15.0829353333
        downmix: "mix"
    tags:
        album: "Ire"
        artist: "Parkway Drive"
        comment: ""
        date: "2015"
        genre: "Alternative"
        title: "A Deathless Song"
        tracknumber: "11/11"

configuration:
    average_loudness:
        compute: 1
        frameSize: 88200
        hopSize: 44100
        silentFrames: "noise"
        windowType: "hann"
    general:
        analysisSampleRate: 44100
        endTime: 2000
        equalLoudness: 1
        nequalLoudness: 0
        shortSound: 0
        startTime: 0
    lowlevel:
        compute: 1
        frameSize: 2048
        hopSize: 1024
        zeroPadding: 0
        silentFrames: "noise"
        windowType: "blackmanharris62"
        mfccStats: ["mean", "cov", "icov"]
        stats: ["mean", "var", "median", "min", "max", "dmean", "dmean2", "dvar", "dvar2"]
    panning:
        compute: 0
        frameSize: 8192
        hopSize: 2048
        zeroPadding: 8192
        silentFrames: "noise"
        windowType: "hann"
        stats: ["copy"]
    rhythm:
        compute: 1
        maxTempo: 208
        minTempo: 40
        method: "degara"
        stats: ["mean", "var", "median", "min", "max", "dmean", "dmean2", "dvar", "dvar2"]
    segmentation:
        compute: 0
        cpw: 5
        inc1: 300
        inc2: 50
        minimumSegmentsLength: 10
        size1: 1000
        size2: 600
    sfx:
        compute: 1
        stats: ["mean", "var", "median", "min", "max", "dmean", "dmean2", "dvar", "dvar2"]
    svm:
        compute: 0
    tonal:
        compute: 1
        frameSize: 4096
        hopSize: 2048
        zeroPadding: 0
        silentFrames: "noise"
        windowType: "blackmanharris62"
        stats: ["mean", "var", "median", "min", "max", "dmean", "dmean2", "dvar", "dvar2"]

lowlevel:
    average_loudness: 0.784061551094
    barkbands_kurtosis:
        dmean: 1.69029605389
        dmean2: 2.76496434212
        dvar: 20.0704212189
        dvar2: 51.0956230164
        max: 143.124252319
        mean: 2.45841288567
        median: -0.882032454014
        min: -1.84993302822
        var: 87.6186752319
    barkbands_skewness:
        dmean: 0.416351616383
        dmean2: 0.662693142891
        dvar: 0.238689303398
        dvar2: 0.606880247593
        max: 10.2853593826
        mean: 0.557302594185
        median: 0.0619087181985
        min: -3.72218847275
        var: 2.06487107277
    barkbands_spread:
        dmean: 4.339179039
        dmean2: 7.00974798203
        dvar: 23.3882102966
        dvar2: 60.1256752014
        max: 111.853355408
        mean: 27.5252170563
        median: 29.2960968018
        min: 0.458432346582
        var: 161.176223755
    dissonance:
        dmean: 0.0151711655781
        dmean2: 0.0256106276065
        dvar: 0.000295615085633
        dvar2: 0.000821357942186
        max: 0.500000119209
        mean: 0.466348171234
        median: 0.479838997126
        min: 0.228624328971
        var: 0.00150498747826
    hfc:
        dmean: 1.55640125275
        dmean2: 2.55543994904
        dvar: 5.83770275116
        dvar2: 15.2102966309
        max: 38.8482017517
        mean: 7.22744750977
        median: 7.40414142609
        min: 1.08434524164e-016
        var: 32.1956138611
    pitch:
        dmean: 443.560791016
        dmean2: 848.668457031
        dvar: 962163.5625
        dvar2: 2533233.25
        max: 5083.90234375
        mean: 594.320922852
        median: 221.3384552
        min: 54.0820884705
        var: 930376.0625
    pitch_instantaneous_confidence:
        dmean: 0.078868187964
        dmean2: 0.127198472619
        dvar: 0.00453212158754
        dvar2: 0.0111445775256
        max: 0.911572396755
        mean: 0.397662848234
        median: 0.371845901012
        min: 0.0857746005058
        var: 0.0227118767798
    pitch_salience:
        dmean: 0.0589640587568
        dmean2: 0.0956288054585
        dvar: 0.00315901800059
        dvar2: 0.0083462568
        max: 0.894690692425
        mean: 0.625789403915
        median: 0.644599378109
        min: 0.14728718996
        var: 0.0101057458669
    silence_rate_20dB:
        dmean: 0
        dmean2: 0
        dvar: 0
        dvar2: 0
        max: 1
        mean: 1
        median: 1
        min: 1
        var: 0
    silence_rate_30dB:
        dmean: 0
        dmean2: 0
        dvar: 0
        dvar2: 0
        max: 1
        mean: 1
        median: 1
        min: 1
        var: 0
    silence_rate_60dB:
        dmean: 0.0386682413518
        dmean2: 0.0773415490985
        dvar: 0.0371673293412
        dvar2: 0.0827648341656
        max: 1
        mean: 0.363129943609
        median: 0
        min: 0
        var: 0.231236815453
    spectral_centroid:
        dmean: 218.086608887
        dmean2: 344.830169678
        dvar: 69920.9609375
        dvar2: 163759.890625
        max: 11763.1171875
        mean: 1486.10241699
        median: 1582.66906738
        min: 157.51776123
        var: 1048882.125
    spectral_complexity:
        dmean: 3.04142093658
        dmean2: 4.87081336975
        dvar: 11.7340869904
        dvar2: 28.073141098
        max: 50
        mean: 16.3727626801
        median: 17
        min: 0
        var: 126.109107971
    spectral_crest:
        dmean: 1.91821885109
        dmean2: 3.20392751694
        dvar: 4.21132230759
        dvar2: 11.1296777725
        max: 25.7258396149
        mean: 7.29607391357
        median: 5.69269371033
        min: 2.13241004944
        var: 17.9418640137
    spectral_decrease:
        dmean: 2.45865439119e-010
        dmean2: 3.98774763211e-010
        dvar: 2.57994737923e-019
        dvar2: 6.82389832457e-019
        max: 2.01951545447e-028
        mean: -1.01070718461e-009
        median: -1.00536623471e-009
        min: -6.45439790503e-009
        var: 5.86440035027e-019
    spectral_energy:
        dmean: 0.00103381788358
        dmean2: 0.00167665816844
        dvar: 3.94944618165e-006
        dvar2: 1.03880629467e-005
        max: 0.0254772566259
        mean: 0.00447018351406
        median: 0.00449784519151
        min: 9.84300984968e-021
        var: 1.09012316898e-005
    spectral_energyband_high:
        dmean: 0.000140536154504
        dmean2: 0.000239010652876
        dvar: 6.05422414424e-008
        dvar2: 1.65114798278e-007
        max: 0.00354693178087
        mean: 0.000340994942235
        median: 0.000291415170068
        min: 7.06646745593e-021
        var: 1.15350431429e-007
    spectral_energyband_low:
        dmean: 0.000199591420824
        dmean2: 0.000318329606671
        dvar: 9.32221624339e-008
        dvar2: 2.32150426882e-007
        max: 0.00424215150997
        mean: 0.000461682386231
        median: 0.000342151499353
        min: 1.58338804055e-023
        var: 2.28059704455e-007
    spectral_energyband_middle_high:
        dmean: 0.000472975138109
        dmean2: 0.000756796856876
        dvar: 3.65423431958e-007
        dvar2: 9.35986918194e-007
        max: 0.00914162583649
        mean: 0.0022620530799
        median: 0.00232065632008
        min: 1.27275964505e-021
        var: 3.34190372087e-006
    spectral_energyband_middle_low:
        dmean: 0.000776043685619
        dmean2: 0.00128165539354
        dvar: 3.96608675146e-006
        dvar2: 1.06477164081e-005
        max: 0.0226901508868
        mean: 0.00153121212497
        median: 0.00107262609527
        min: 1.1965069868e-022
        var: 4.16732336816e-006
    spectral_flatness_db:
        dmean: 0.0157904028893
        dmean2: 0.0253058485687
        dvar: 0.000354052375769
        dvar2: 0.000890353752766
        max: 0.507449030876
        mean: 0.176023513079
        median: 0.147343799472
        min: 0.0397728234529
        var: 0.00588579941541
    spectral_flux:
        dmean: 0.00694712856784
        dmean2: 0.0108343381435
        dvar: 9.11319802981e-005
        dvar2: 0.000202833354706
        max: 0.141395822167
        mean: 0.0353197753429
        median: 0.0371404215693
        min: 6.30068774932e-011
        var: 0.000403717480367
    spectral_kurtosis:
        dmean: 3.98746371269
        dmean2: 6.39815807343
        dvar: 118.826667786
        dvar2: 292.212615967
        max: 214.176208496
        mean: 9.87441730499
        median: 3.6013944149
        min: -1.29943835735
        var: 447.017425537
    spectral_rms:
        dmean: 0.000212443963392
        dmean2: 0.000336419063387
        dvar: 9.33917192469e-008
        dvar2: 2.32904184827e-007
        max: 0.00498556531966
        mean: 0.00190657062922
        median: 0.00209478917532
        min: 3.09886057787e-012
        var: 7.26144037344e-007
    spectral_rolloff:
        dmean: 339.302398682
        dmean2: 567.396728516
        dvar: 262067.765625
        dvar2: 647135.5625
        max: 19638.28125
        mean: 2837.78540039
        median: 3337.64648438
        min: 129.19921875
        var: 3340270
    spectral_skewness:
        dmean: 0.309949427843
        dmean2: 0.499540448189
        dvar: 0.347250729799
        dvar2: 0.852960526943
        max: 11.8007555008
        mean: 1.81737577915
        median: 1.31918203831
        min: -0.0707906335592
        var: 2.45091772079
    spectral_spread:
        dmean: 354085.53125
        dmean2: 551325.5
        dvar: 335019900928
        dvar2: 727864836096
        max: 48198040
        mean: 3919292.75
        median: 3649511.75
        min: 515216.1875
        var: 1.03578389709e+013
    spectral_strongpeak:
        dmean: 0.335257053375
        dmean2: 0.586849153042
        dvar: 0.316961824894
        dvar2: 0.833015322685
        max: 7.7589969635
        mean: 0.477590322495
        median: 0.221097260714
        min: 0
        var: 0.432230353355
    zerocrossingrate:
        dmean: 0.00694995932281
        dmean2: 0.00872115045786
        dvar: 5.79987754463e-005
        dvar2: 7.92321370682e-005
        max: 0.537109375
        mean: 0.0853497311473
        median: 0.09326171875
        min: 0.0048828125
        var: 0.00231659901328
    barkbands:
        dmean: [3.98944948188e-008, 7.50593826524e-005, 0.000102355967101, 0.000227063981583, 0.000491530518048, 9.18707519304e-005, 8.57208142406e-005, 5.82184511586e-005, 0.000103930578916, 0.000126209604787, 8.91488525667e-005, 7.17317670933e-005, 7.74181098677e-005, 6.70403678669e-005, 7.76497181505e-005, 0.000117100360512, 0.00010375862621, 9.60784382187e-005, 0.000170884872205, 0.000124152400531, 7.42190895835e-005, 2.08027940971e-005, 2.69237352768e-006, 9.66702145888e-007, 3.63216997812e-007, 1.08633537721e-008, 1.96470201219e-010]
        dmean2: [6.74574067716e-008, 0.000119758646179, 0.000163951335708, 0.000377345801098, 0.000836404738948, 0.000145798185258, 0.000143235156429, 9.52453701757e-005, 0.000166558136698, 0.000196942448383, 0.000146601771121, 0.000117893679999, 0.000128624975332, 0.000111208988528, 0.000129464446218, 0.00019246636657, 0.000173844222445, 0.000158543640282, 0.000284958514385, 0.00020975235384, 0.000127468403662, 3.5542761907e-005, 4.61358467874e-006, 1.55068732965e-006, 5.76954676035e-007, 1.72466343429e-008, 3.55781848427e-010]
        dvar: [5.73664921989e-015, 1.71892562406e-008, 3.15657295857e-008, 3.46523222561e-007, 2.1690984795e-006, 2.87341048733e-008, 2.02232488533e-008, 1.12398534924e-008, 4.18404546565e-008, 5.27221288849e-008, 2.86307066943e-008, 2.09340207391e-008, 1.87051387712e-008, 1.33620465803e-008, 1.68845950554e-008, 2.84098007342e-008, 2.02431813534e-008, 2.08437640481e-008, 5.92424704848e-008, 3.46387629691e-008, 1.75830390248e-008, 1.76217784809e-009, 3.54347141907e-011, 6.21905912185e-012, 1.80975753047e-012, 1.37026859806e-015, 9.72219495134e-020]
        dvar2: [1.53643086074e-014, 4.15726582048e-008, 8.10508780091e-008, 9.17714373827e-007, 5.97233656663e-006, 6.77873757127e-008, 5.28981196624e-008, 2.8620355863e-008, 1.04007504831e-007, 1.23401903807e-007, 7.33552099064e-008, 5.82818877604e-008, 4.80607269537e-008, 3.54861349194e-008, 4.44905872143e-008, 7.47984643112e-008, 5.57178054805e-008, 5.37964446323e-008, 1.58994254207e-007, 9.4192763811e-008, 4.86234021935e-008, 4.55154802737e-009, 9.01466470915e-011, 1.36874253251e-011, 4.14591408079e-012, 3.07964429545e-015, 2.92424760903e-019]
        max: [1.17001604849e-006, 0.00184358167462, 0.00240949587896, 0.00774572975934, 0.0162368956953, 0.00429847184569, 0.00267918407917, 0.0021392845083, 0.006945672445, 0.00427269563079, 0.00481334840879, 0.00447021098807, 0.00257536559366, 0.00223346147686, 0.00341117754579, 0.0036616884172, 0.00248964782804, 0.00424534734339, 0.00423739245161, 0.00252108904533, 0.00187008990906, 0.00113651552238, 0.000192641673493, 9.34126001084e-005, 4.91669889016e-005, 1.77521656042e-006, 1.14921707706e-008]
        mean: [4.67263490123e-008, 0.000175094304723, 0.000184472606634, 0.000274991849437, 0.000591208110563, 0.00018873209774, 0.00014400370128, 0.000100578115962, 0.000201857896172, 0.000244924827712, 0.000163443910424, 0.000132063636556, 0.000141030744999, 0.000123800549773, 0.000156338544912, 0.00025270570768, 0.000228623684961, 0.000223819748498, 0.000438636052422, 0.000306992471451, 0.000150889332872, 3.908978033e-005, 4.26744236393e-006, 1.90542800738e-006, 6.45492775675e-007, 1.96928748863e-008, 2.08397007984e-010]
        median: [1.73821703697e-008, 0.000103597063571, 0.000109592787339, 7.84369913163e-005, 0.000238217908191, 0.000102376783616, 7.26134821889e-005, 5.41334520676e-005, 0.000109260938189, 9.19256926863e-005, 7.16110080248e-005, 6.93966867402e-005, 7.88941397332e-005, 6.89775843057e-005, 9.49339009821e-005, 0.000189235244761, 0.000183455151273, 0.000176894871402, 0.000379305914976, 0.00024563234183, 0.000125205202494, 2.96637772408e-005, 2.14422584577e-006, 9.43152542732e-007, 2.96862168625e-007, 9.74761782402e-009, 1.01294098109e-010]
        min: [3.88154004078e-025, 8.7516731724e-025, 9.10842072565e-025, 1.46631374581e-024, 4.83892880175e-024, 8.17737237543e-024, 4.6346086997e-024, 3.80394684397e-024, 1.32175332832e-023, 8.50800054688e-024, 3.74081746117e-024, 1.41566579914e-023, 2.5154032187e-023, 2.2882713892e-023, 4.3286949882e-023, 3.1676971551e-023, 8.41479631539e-023, 9.47973897369e-023, 1.23882565095e-022, 1.58684659609e-022, 2.19586917681e-022, 2.82418313008e-022, 3.49733694695e-022, 6.22516570306e-022, 8.87540967359e-022, 1.22463291992e-021, 1.88547338799e-021]
        var: [6.32188122381e-015, 3.97215700332e-008, 5.6979185814e-008, 3.82118656717e-007, 1.81853704362e-006, 6.72304878435e-008, 3.70865684829e-008, 2.17173905526e-008, 9.60548476314e-008, 1.4989134911e-007, 6.52357101671e-008, 4.15949301669e-008, 4.09896863118e-008, 2.86219972168e-008, 4.71730920992e-008, 8.07612892118e-008, 5.33831361338e-008, 5.39869482452e-008, 1.83291803069e-007, 9.34196577873e-008, 2.63823487501e-008, 2.47044518176e-009, 5.38040063891e-011, 1.38032762304e-011, 2.64676605286e-012, 1.96435961369e-015, 9.98229284767e-020]
    frequency_bands:
        dmean: [3.98944948188e-008, 7.50593826524e-005, 0.000102355967101, 0.000227063981583, 0.000491530518048, 9.18707519304e-005, 8.57208142406e-005, 5.82184511586e-005, 0.000103930578916, 0.000126209604787, 8.91488525667e-005, 7.17317670933e-005, 7.74181098677e-005, 6.70403678669e-005, 7.76497181505e-005, 0.000117100360512, 0.00010375862621, 9.60784382187e-005, 0.000170884872205, 0.000124152400531, 7.42190895835e-005, 2.08027940971e-005, 2.69237352768e-006, 9.66702145888e-007, 3.63216997812e-007, 1.08633537721e-008, 1.96470201219e-010, 5.04252924138e-011]
        dmean2: [6.74574067716e-008, 0.000119758646179, 0.000163951335708, 0.000377345801098, 0.000836404738948, 0.000145798185258, 0.000143235156429, 9.52453701757e-005, 0.000166558136698, 0.000196942448383, 0.000146601771121, 0.000117893679999, 0.000128624975332, 0.000111208988528, 0.000129464446218, 0.00019246636657, 0.000173844222445, 0.000158543640282, 0.000284958514385, 0.00020975235384, 0.000127468403662, 3.5542761907e-005, 4.61358467874e-006, 1.55068732965e-006, 5.76954676035e-007, 1.72466343429e-008, 3.55781848427e-010, 9.34738605962e-011]
        dvar: [5.73664921989e-015, 1.71892562406e-008, 3.15657295857e-008, 3.46523222561e-007, 2.1690984795e-006, 2.87341048733e-008, 2.02232488533e-008, 1.12398534924e-008, 4.18404546565e-008, 5.27221288849e-008, 2.86307066943e-008, 2.09340207391e-008, 1.87051387712e-008, 1.33620465803e-008, 1.68845950554e-008, 2.84098007342e-008, 2.02431813534e-008, 2.08437640481e-008, 5.92424704848e-008, 3.46387629691e-008, 1.75830390248e-008, 1.76217784809e-009, 3.54347141907e-011, 6.21905912185e-012, 1.80975753047e-012, 1.37026859806e-015, 9.72219495134e-020, 6.24364690915e-021]
        dvar2: [1.53643086074e-014, 4.15726582048e-008, 8.10508780091e-008, 9.17714373827e-007, 5.97233656663e-006, 6.77873757127e-008, 5.28981196624e-008, 2.8620355863e-008, 1.04007504831e-007, 1.23401903807e-007, 7.33552099064e-008, 5.82818877604e-008, 4.80607269537e-008, 3.54861349194e-008, 4.44905872143e-008, 7.47984643112e-008, 5.57178054805e-008, 5.37964446323e-008, 1.58994254207e-007, 9.4192763811e-008, 4.86234021935e-008, 4.55154802737e-009, 9.01466470915e-011, 1.36874253251e-011, 4.14591408079e-012, 3.07964429545e-015, 2.92424760903e-019, 1.98444732543e-020]
        max: [1.17001604849e-006, 0.00184358167462, 0.00240949587896, 0.00774572975934, 0.0162368956953, 0.00429847184569, 0.00267918407917, 0.0021392845083, 0.006945672445, 0.00427269563079, 0.00481334840879, 0.00447021098807, 0.00257536559366, 0.00223346147686, 0.00341117754579, 0.0036616884172, 0.00248964782804, 0.00424534734339, 0.00423739245161, 0.00252108904533, 0.00187008990906, 0.00113651552238, 0.000192641673493, 9.34126001084e-005, 4.91669889016e-005, 1.77521656042e-006, 1.14921707706e-008, 1.07158559803e-009]
        mean: [4.67263490123e-008, 0.000175094304723, 0.000184472606634, 0.000274991849437, 0.000591208110563, 0.00018873209774, 0.00014400370128, 0.000100578115962, 0.000201857896172, 0.000244924827712, 0.000163443910424, 0.000132063636556, 0.000141030744999, 0.000123800549773, 0.000156338544912, 0.00025270570768, 0.000228623684961, 0.000223819748498, 0.000438636052422, 0.000306992471451, 0.000150889332872, 3.908978033e-005, 4.26744236393e-006, 1.90542800738e-006, 6.45492775675e-007, 1.96928748863e-008, 2.08397007984e-010, 3.94655488845e-011]
        median: [1.73821703697e-008, 0.000103597063571, 0.000109592787339, 7.84369913163e-005, 0.000238217908191, 0.000102376783616, 7.26134821889e-005, 5.41334520676e-005, 0.000109260938189, 9.19256926863e-005, 7.16110080248e-005, 6.93966867402e-005, 7.88941397332e-005, 6.89775843057e-005, 9.49339009821e-005, 0.000189235244761, 0.000183455151273, 0.000176894871402, 0.000379305914976, 0.00024563234183, 0.000125205202494, 2.96637772408e-005, 2.14422584577e-006, 9.43152542732e-007, 2.96862168625e-007, 9.74761782402e-009, 1.01294098109e-010, 1.1986032826e-011]
        min: [3.88154004078e-025, 8.7516731724e-025, 9.10842072565e-025, 1.46631374581e-024, 4.83892880175e-024, 8.17737237543e-024, 4.6346086997e-024, 3.80394684397e-024, 1.32175332832e-023, 8.50800054688e-024, 3.74081746117e-024, 1.41566579914e-023, 2.5154032187e-023, 2.2882713892e-023, 4.3286949882e-023, 3.1676971551e-023, 8.41479631539e-023, 9.47973897369e-023, 1.23882565095e-022, 1.58684659609e-022, 2.19586917681e-022, 2.82418313008e-022, 3.49733694695e-022, 6.22516570306e-022, 8.87540967359e-022, 1.22463291992e-021, 1.88547338799e-021, 5.19441202396e-022]
        var: [6.32188122381e-015, 3.97215700332e-008, 5.6979185814e-008, 3.82118656717e-007, 1.81853704362e-006, 6.72304878435e-008, 3.70865684829e-008, 2.17173905526e-008, 9.60548476314e-008, 1.4989134911e-007, 6.52357101671e-008, 4.15949301669e-008, 4.09896863118e-008, 2.86219972168e-008, 4.71730920992e-008, 8.07612892118e-008, 5.33831361338e-008, 5.39869482452e-008, 1.83291803069e-007, 9.34196577873e-008, 2.63823487501e-008, 2.47044518176e-009, 5.38040063891e-011, 1.38032762304e-011, 2.64676605286e-012, 1.96435961369e-015, 9.98229284767e-020, 4.94230358971e-021]
    mfcc:
        mean: [-740.69329834, 119.95941925, -46.3737411499, 46.9949951172, -15.9025678635, -1.1192471981, 1.28936421871, -4.66456079483, -1.15340220928, -5.76408863068, -7.78431367874, -7.11640262604, -3.60264730453]
        cov: [[13103.0478516, -418.533874512, -3138.77075195, 1903.35095215, -490.659545898, 933.036621094, 897.866943359, 787.459350586, 961.687744141, 522.979614258, 325.565765381, 299.585418701, 155.698471069], [-418.533874512, 793.828308105, 276.600982666, -21.673948288, 59.9853858948, -70.8428268433, -82.8395690918, -109.503669739, -108.504814148, -80.1287307739, -34.6706695557, -55.8642845154, -31.6909141541], [-3138.77075195, 276.600982666, 1258.78173828, -446.694824219, 233.879730225, -167.360107422, -271.241607666, -241.457077026, -330.047821045, -183.660797119, -90.0604248047, -82.7523498535, -75.6901473999], [1903.35095215, -21.673948288, -446.694824219, 552.85736084, 10.3612480164, 192.093185425, 152.510879517, 114.424095154, 181.279937744, 84.1184616089, 78.9274215698, 67.5939788818, 56.0754966736], [-490.659545898, 59.9853858948, 233.879730225, 10.3612480164, 170.024032593, 21.4658565521, -43.4677391052, -53.3102264404, -48.4712867737, -17.3685874939, 0.816033124924, -4.04321813583, -7.0983581543], [933.036621094, -70.8428268433, -167.360107422, 192.093185425, 21.4658565521, 204.463150024, 116.394317627, 86.2967834473, 95.3863525391, 50.6855888367, 57.4002571106, 46.2065925598, 19.9467449188], [897.866943359, -82.8395690918, -271.241607666, 152.510879517, -43.4677391052, 116.394317627, 188.714279175, 130.159255981, 115.424255371, 61.951713562, 42.6715049744, 44.8309745789, 26.7168903351], [787.459350586, -109.503669739, -241.457077026, 114.424095154, -53.3102264404, 86.2967834473, 130.159255981, 182.657287598, 139.132415771, 63.9394645691, 44.4241981506, 45.0764389038, 26.5301322937], [961.687744141, -108.504814148, -330.047821045, 181.279937744, -48.4712867737, 95.3863525391, 115.424255371, 139.132415771, 196.088516235, 99.9744873047, 54.8729438782, 50.7677230835, 38.4822616577], [522.979614258, -80.1287307739, -183.660797119, 84.1184616089, -17.3685874939, 50.6855888367, 61.951713562, 63.9394645691, 99.9744873047, 109.993988037, 55.8011779785, 35.4993743896, 22.0234565735], [325.565765381, -34.6706695557, -90.0604248047, 78.9274215698, 0.816033124924, 57.4002571106, 42.6715049744, 44.4241981506, 54.8729438782, 55.8011779785, 89.9691696167, 51.9477119446, 22.2984199524], [299.585418701, -55.8642845154, -82.7523498535, 67.5939788818, -4.04321813583, 46.2065925598, 44.8309745789, 45.0764389038, 50.7677230835, 35.4993743896, 51.9477119446, 83.8480148315, 43.0336036682], [155.698471069, -31.6909141541, -75.6901473999, 56.0754966736, -7.0983581543, 19.9467449188, 26.7168903351, 26.5301322937, 38.4822616577, 22.0234565735, 22.2984199524, 43.0336036682, 68.7024917603]]
        icov: [[0.00037452991819, -0.000141138254548, 0.000598271843046, -0.000682271667756, 0.000501624308527, -0.000875942409039, 0.000273658923106, -0.000458453054307, 0.000538563821465, -0.000508081924636, 0.000528029748239, -0.000459885312011, 0.000656755582895], [-0.000141138254548, 0.0015927257482, -0.000550118042156, -0.000252726138569, -0.000163065968081, 0.000882083375473, -0.000442804506747, 0.000746709178202, -0.000303119159071, 0.000902390514966, -0.000812934536953, 0.000976109819021, -0.000201395436306], [0.000598271843046, -0.000550118042156, 0.00340724806301, 0.000227502547204, -0.00184718728997, -0.00170501903631, 0.00161297176965, -0.00147028267384, 0.00251854280941, 0.000259088235907, 0.000574178877287, -0.00118647748604, 0.00126625248231], [-0.000682271667756, -0.000252726138569, 0.000227502547204, 0.00551327876747, -0.00287575204857, -0.000440162111772, -0.000961021927651, 0.00193513417616, -0.00340339308605, 0.00262820068747, -0.00197894545272, 0.000959271332249, -0.00225731427781], [0.000501624308527, -0.000163065968081, -0.00184718728997, -0.00287575204857, 0.0112898889929, -0.00363053567708, 0.00136191910133, 0.00099607242737, 0.0012617893517, -0.00292181037366, 0.00116487662308, -0.000744848104659, 0.000724730838556], [-0.000875942409039, 0.000882083375473, -0.00170501903631, -0.000440162111772, -0.00363053567708, 0.0129566304386, -0.00551764341071, 0.00115272914991, -0.00280317710713, 0.0027249942068, -0.00433167535812, 0.000523675989825, 0.000211018967093], [0.000273658923106, -0.000442804506747, 0.00161297176965, -0.000961021927651, 0.00136191910133, -0.00551764341071, 0.0149610899389, -0.00777745945379, 0.00281848851591, -0.00260532367975, 0.00247449963354, -0.0019188442966, 0.000320193736115], [-0.000458453054307, 0.000746709178202, -0.00147028267384, 0.00193513417616, 0.00099607242737, 0.00115272914991, -0.00777745945379, 0.017956007272, -0.0113984355703, 0.00410623289645, -0.00264430581592, -0.000207204255275, 9.92849454633e-005], [0.000538563821465, -0.000303119159071, 0.00251854280941, -0.00340339308605, 0.0012617893517, -0.00280317710713, 0.00281848851591, -0.0113984355703, 0.023428466171, -0.0119423065335, 0.00382870156318, -0.00161585141905, -0.00108321849257], [-0.000508081924636, 0.000902390514966, 0.000259088235907, 0.00262820068747, -0.00292181037366, 0.0027249942068, -0.00260532367975, 0.00410623289645, -0.0119423065335, 0.0237833969295, -0.0111136287451, 0.00261814263649, -0.00092525081709], [0.000528029748239, -0.000812934536953, 0.000574178877287, -0.00197894545272, 0.00116487662308, -0.00433167535812, 0.00247449963354, -0.00264430581592, 0.00382870156318, -0.0111136287451, 0.0250824950635, -0.0125437406823, 0.00324724987149], [-0.000459885312011, 0.000976109819021, -0.00118647748604, 0.000959271332249, -0.000744848104659, 0.000523675989825, -0.0019188442966, -0.000207204255275, -0.00161585141905, 0.00261814263649, -0.0125437406823, 0.0274222698063, -0.013040015474], [0.000656755582895, -0.000201395436306, 0.00126625248231, -0.00225731427781, 0.000724730838556, 0.000211018967093, 0.000320193736115, 9.92849454633e-005, -0.00108321849257, -0.00092525081709, 0.00324724987149, -0.013040015474, 0.0240798182786]]
    sccoeffs:
        dmean: [0.0526736415923, 0.0434517301619, 0.0344530902803, 0.0276935100555, 0.0199312157929, 0.0173205975443]
        dmean2: [0.087113879621, 0.0726960971951, 0.056881532073, 0.045886144042, 0.0324620008469, 0.0272633787245]
        dvar: [0.00214098230936, 0.00125248625409, 0.000771063845605, 0.000490114733111, 0.000267136027105, 0.000249150005402]
        dvar2: [0.00562772806734, 0.00344447395764, 0.00206515286118, 0.00131410500035, 0.000659979996271, 0.000571793818381]
        max: [-0.258788049221, -0.473744899035, -0.564743638039, -0.618085861206, -0.625652730465, -0.579785108566]
        mean: [-0.617711782455, -0.746175527573, -0.777762651443, -0.789716780186, -0.796053767204, -0.741548538208]
        median: [-0.631178915501, -0.752325117588, -0.779189586639, -0.790094912052, -0.795061886311, -0.729025244713]
        min: [-0.978474855423, -0.980248451233, -0.980267643929, -0.975679814816, -0.969967603683, -0.964853167534]
        var: [0.00878222286701, 0.00472843879834, 0.00280993315391, 0.00159545964561, 0.00124165578745, 0.00304507347755]
    scvalleys:
        dmean: [0.387036561966, 0.323045253754, 0.277986466885, 0.253565758467, 0.235377013683, 0.273385614157]
        dmean2: [0.647334218025, 0.536252617836, 0.454111605883, 0.406778663397, 0.358961611986, 0.411374688148]
        dvar: [0.10673430562, 0.0821463093162, 0.0642260909081, 0.0670310407877, 0.0856906697154, 0.135220065713]
        dvar2: [0.274868518114, 0.200492545962, 0.145523011684, 0.147479206324, 0.182443261147, 0.294278621674]
        max: [-5.27066755295, -4.86214923859, -4.943608284, -5.51793289185, -5.50819063187, -7.59544372559]
        mean: [-7.47122240067, -6.96729755402, -7.18932056427, -7.57476329803, -7.67861604691, -10.6271543503]
        median: [-6.83523845673, -6.60869073868, -6.61774778366, -6.83382225037, -6.75213384628, -10.0022325516]
        min: [-27.923204422, -28.0181789398, -27.7693443298, -27.7445659637, -27.5248661041, -27.3856563568]
        var: [4.82286643982, 3.72261166573, 4.39534091949, 4.85759592056, 5.58845233917, 4.31158065796]

rhythm:
    beats_loudness:
        dmean: 0.00222098594531
        dmean2: 0.00400804402307
        dvar: 4.54642986369e-006
        dvar2: 1.32565564854e-005
        max: 0.0138908009976
        mean: 0.00545928347856
        median: 0.00562554690987
        min: 0
        var: 1.31192309709e-005
    bpm: 103.209815979
    bpm_confidence: 0
    first_peak_bpm: 103
    first_peak_spread: 0.183391019702
    first_peak_weight: 0.767479658127
    onset_rate: 2.91865611076
    second_peak_bpm: 157
    second_peak_spread: 0.230769202113
    second_peak_weight: 0.0162601619959
    beats_loudness_band_ratio:
        dmean: [0.142306342721, 0.153295636177, 0.0733950510621, 0.0687277391553, 0.0740602910519, 0.0640432685614]
        dmean2: [0.255314171314, 0.272940903902, 0.129046589136, 0.115869104862, 0.130142599344, 0.111338637769]
        dvar: [0.0158625673503, 0.0161308441311, 0.00644456734881, 0.0040101413615, 0.0052726068534, 0.00515573052689]
        dvar2: [0.050726544112, 0.0442671962082, 0.0179758500308, 0.0115678478032, 0.0150849223137, 0.0137511836365]
        max: [0.785760939121, 0.924770176411, 0.598343253136, 0.445625007153, 0.56971591711, 0.692399442196]
        mean: [0.255589485168, 0.22753277421, 0.11613728106, 0.128324344754, 0.179289087653, 0.154804080725]
        median: [0.235544830561, 0.144745260477, 0.0825074166059, 0.114601537585, 0.182486593723, 0.159236937761]
        min: [0, 0, 0, 0, 0, 0]
        var: [0.0237128008157, 0.0475527644157, 0.0101124541834, 0.00806652288884, 0.0122120063752, 0.0104309478775]
    beats_position: [0.580498874187, 1.18421769142, 1.78793644905, 2.40326523781, 2.99537420273, 3.5758728981, 4.15637159348, 4.74848079681, 5.34058952332, 5.92108821869, 6.5015873909, 7.08208608627, 7.66258478165, 8.24308395386, 8.82358264923, 9.4040813446, 9.98458003998, 10.5650787354, 11.1455783844, 11.7260770798, 12.3065757751, 12.8870744705, 13.4675731659, 14.0596818924, 14.6401815414, 15.2206802368, 15.7895689011, 16.3700675964, 16.9505672455, 17.5310649872, 18.1115646362, 18.6920623779, 19.272562027, 19.853061676, 20.4335594177, 21.0140590668, 21.5829467773, 22.1750564575, 22.7555541992, 23.3360538483, 23.9165534973, 24.497051239, 25.0775508881, 25.6580486298, 26.2385482788, 26.8190479279, 27.3995456696, 27.9800453186, 28.5605430603, 29.1410427094, 29.7215423584, 30.3020401001, 30.8825397491, 31.4630374908, 32.0551452637, 32.6356468201, 33.2161445618, 33.7966423035, 34.3655319214, 34.9460296631, 35.5265312195, 36.1070289612, 36.6875267029, 37.2680282593, 37.848526001, 38.4406356812, 39.0095214844, 39.5900230408, 40.1705207825, 40.7510185242, 41.3315200806, 41.9120178223, 42.492515564, 43.0730133057, 43.6535148621, 44.2340126038, 44.8145103455, 45.3950119019, 45.9755096436, 46.5560073853, 47.1365089417, 47.7170066833, 48.297504425, 48.8780021667, 49.4585037231, 50.0390014648, 50.6194992065, 51.2000007629, 51.7804985046, 52.3609962463, 52.941493988, 53.5219955444, 54.1024932861, 54.6829910278, 55.2634925842, 55.8439903259, 56.4244880676, 57.0282058716, 57.608707428, 58.1892051697, 58.7697029114, 59.3502044678, 59.919090271, 60.4995918274, 61.0800895691, 61.6721992493, 62.252696991, 62.8331947327, 63.4136962891, 63.9941940308, 64.5746917725, 65.1551895142, 65.7356872559, 66.316192627, 66.8966903687, 67.4771881104, 68.0576858521, 68.6381835938, 69.2186813354, 69.7991790771, 70.3796844482, 70.9601821899, 71.5406799316, 72.1211776733, 72.701675415, 73.2821731567, 73.8510665894, 74.4199523926, 74.9772338867, 75.5345077515, 76.1266174316, 76.7187271118, 77.310836792, 77.9029464722, 78.4834442139, 79.075553894, 79.6676635742, 80.2481613159, 80.8286590576, 81.4091567993, 81.9896621704, 82.5701599121, 83.1506576538, 83.7311553955, 84.3116531372, 84.8921508789, 85.4610443115, 86.0299301147, 86.6220397949, 87.2141494751, 87.7946472168, 88.3751449585, 88.9556427002, 89.5361404419, 90.116645813, 90.6855316162, 91.2660293579, 91.8581390381, 92.4386367798, 93.0191345215, 93.5996322632, 94.1801376343, 94.760635376, 95.3411331177, 95.9216308594, 96.5021286011, 97.0826263428, 97.6631240845, 98.2436294556, 98.8241271973, 99.404624939, 99.9851226807, 100.565620422, 101.146118164, 101.726615906, 102.307121277, 102.887619019, 103.46811676, 104.048614502, 104.629112244, 105.209609985, 105.790107727, 106.370613098, 106.95111084, 107.531608582, 108.112106323, 108.692604065, 109.273101807, 109.853607178, 110.434104919, 111.014602661, 111.595100403, 112.175598145, 112.756095886, 113.336593628, 113.917098999, 114.497596741, 115.078094482, 115.658592224, 116.239089966, 116.819587708, 117.400085449, 117.98059082, 118.561088562, 119.141586304, 119.722084045, 120.302581787, 120.883079529, 121.463577271, 122.044082642, 122.624580383, 123.205078125, 123.785575867, 124.366073608, 124.94657135, 125.527069092, 126.107574463, 126.688072205, 127.268569946, 127.849067688, 128.42956543, 129.010070801, 129.590560913, 130.171066284, 130.751556396, 131.332061768, 131.912567139, 132.493057251, 133.073562622, 133.654052734, 134.234558105, 134.815048218, 135.395553589, 135.97605896, 136.556549072, 137.137054443, 137.717544556, 138.298049927, 138.878540039, 139.45904541, 140.039550781, 140.620040894, 141.200546265, 141.781036377, 142.361541748, 142.94203186, 143.522537231, 144.103042603, 144.683532715, 145.264038086, 145.844528198, 146.425033569, 147.005523682, 147.597640991, 148.189743042, 148.770248413, 149.350738525, 149.942855835, 150.523345947, 151.09223938, 151.672744751, 152.253234863, 152.833740234, 153.402633667, 153.983123779, 154.56362915, 155.144119263, 155.724624634, 156.305114746, 156.885620117, 157.466125488, 158.035003662, 158.615509033, 159.195999146, 159.764892578, 160.345397949, 160.9375, 161.541213989, 162.12171936, 162.702224731, 163.282714844, 163.863220215, 164.443710327, 165.024215698, 165.604721069, 166.185211182, 166.765716553, 167.346206665, 167.926712036, 168.507202148, 169.076095581, 169.644989014, 170.225479126, 170.805984497, 171.386474609, 171.96697998, 172.547485352, 173.127975464, 173.708480835, 174.300582886, 174.892700195, 175.473190308, 176.053695679, 176.634185791, 177.214691162, 177.795196533, 178.375686646, 178.956192017, 179.536682129, 180.1171875, 180.697677612, 181.278182983, 181.858688354, 182.439178467, 183.019683838, 183.60017395, 184.180679321, 184.761169434, 185.341674805, 185.922180176, 186.502670288, 187.083175659, 187.663665771, 188.244171143, 188.824661255, 189.405166626, 189.985671997, 190.566162109, 191.14666748, 191.727157593, 192.307662964, 192.876556396, 193.44543457, 194.025939941, 194.606430054, 195.198547363, 195.790649414, 196.359542847, 196.940048218, 197.532150269, 198.11265564, 198.693145752, 199.273651123, 199.854141235, 200.434646606, 201.015136719, 201.59564209, 202.176147461, 202.756637573, 203.337142944, 203.917633057, 204.498138428, 205.07862854, 205.659133911, 206.239639282, 206.820129395, 207.400634766, 207.981124878, 208.561630249, 209.142120361, 209.722625732, 210.303131104, 210.872009277, 211.452514648, 212.044616699, 212.62512207, 213.205612183, 213.786117554, 214.366622925, 214.947113037, 215.527618408, 216.108108521, 216.688613892, 217.269119263, 217.837997437, 218.418502808, 218.987380981, 219.567886353, 220.148391724, 220.728881836, 221.309387207, 221.889877319, 222.47038269, 223.050872803, 223.631378174, 224.211883545, 224.792373657, 225.384490967, 225.976593018, 226.557098389, 227.137588501, 227.718093872, 228.286987305, 228.879089355, 229.459594727, 230.040084839, 230.62059021, 231.201080322, 231.781585693, 232.362075806, 232.942581177, 233.523086548, 234.115188599, 234.707290649, 235.287796021, 235.868301392, 236.448791504, 237.017684937, 237.598175049, 238.17868042, 238.759185791, 239.339675903, 239.931793213, 240.512283325, 241.081176758, 241.66166687, 242.242172241, 242.822677612, 243.403167725, 243.972061157, 244.55255127, 245.133056641, 245.713562012, 246.294052124, 246.874557495, 247.478271484, 248.058776855, 248.627655029, 249.2081604, 249.800262451, 250.380767822, 250.949661255, 251.530151367, 252.110656738, 252.679534912, 253.260040283, 253.840545654, 254.421035767, 255.013153076, 255.593643188, 256.185760498, 256.766265869, 257.346740723, 257.927246094, 258.507751465, 259.088256836, 259.668762207, 260.237640381, 260.829742432, 261.410247803, 261.990753174, 262.571228027, 263.151733398, 263.73223877, 264.312744141, 264.893249512, 265.473724365, 266.054229736, 266.623138428, 267.192016602, 267.772521973, 268.352996826, 268.945129395, 269.537231445, 270.117736816, 270.69821167, 271.278717041, 271.859222412, 272.439727783, 273.020233154, 273.600708008, 274.181213379, 274.76171875, 275.342224121, 275.922729492, 276.572875977, 277.234649658, 277.919647217, 278.604614258, 279.301208496, 279.893341064, 280.497039795, 281.089141846, 281.681274414, 282.284973145, 282.865478516, 283.445983887, 284.026489258, 284.606964111, 285.19909668, 285.79119873, 286.371704102, 286.952209473, 287.532684326, 288.113189697, 288.693695068, 289.274200439, 289.854675293, 290.435180664, 291.015686035, 291.596191406, 292.176696777, 292.757171631, 293.337677002, 293.918182373, 294.498687744, 295.079193115, 295.659667969, 296.24017334, 296.820678711, 297.401184082, 297.981658936, 298.562164307, 299.131072998, 299.711547852, 300.292053223, 300.884155273, 301.464660645, 302.045166016, 302.625671387, 303.206176758, 303.786651611, 304.367156982, 304.947662354, 305.528167725, 306.108642578, 306.689147949, 307.26965332, 307.850158691, 308.430664063, 309.011138916, 309.591644287, 310.172149658, 310.752655029, 311.3331604, 311.913635254, 312.494140625, 313.074645996, 313.655151367, 314.235626221, 314.816131592, 315.396636963, 315.977142334, 316.557647705, 317.138122559, 317.71862793, 318.299133301, 318.879638672, 319.460144043, 320.040618896, 320.621124268, 321.201629639, 321.793731689, 322.374237061, 322.943115234, 323.523620605, 324.104125977, 324.684631348, 325.265106201, 325.845611572, 326.426116943, 327.006622314, 327.598724365, 328.190826416, 328.771331787, 329.363433838, 329.943939209, 330.52444458, 331.093322754, 331.673828125, 332.254333496, 332.834838867, 333.426940918, 334.019042969, 334.61114502, 335.20324707, 335.806976318, 336.399078369, 337.002807617, 337.606536865, 338.210235596, 338.813964844, 339.406066895, 339.998168945, 340.590301514, 341.194000244, 341.786102295, 342.296966553, 342.819396973, 343.283813477, 343.748199463, 344.20098877, 344.653778076, 345.036895752, 345.420043945, 345.803161621, 346.186309814, 346.58102417, 346.975769043, 347.370513916, 347.753631592, 348.136779785, 348.531524658, 348.926239014, 349.309387207, 349.692504883, 350.075653076, 350.458770752, 350.830291748, 351.190185547, 351.561706543, 351.933227539, 352.327972412, 352.722717285, 353.117462158, 353.512207031]
