
metadata:
    version:
        essentia: "2.1-beta2"
    audio_properties:
        analysis_sample_rate: 44100
        bitrate: 128
        channels: 2
        equal_loudness: 1
        length: 359.74798584
        replay_gain: -7.0531539917
        downmix: "mix"
    tags:
        album: "Far Beyond Driven"
        artist: "Pantera"
        comment: ""
        date: "1994"
        genre: "Metal"
        title: "5 Minutes Alone"
        tracknumber: "3"

configuration:
    average_loudness:
        compute: 1
        frameSize: 88200
        hopSize: 44100
        silentFrames: "noise"
        windowType: "hann"
    general:
        analysisSampleRate: 44100
        endTime: 2000
        equalLoudness: 1
        nequalLoudness: 0
        shortSound: 0
        startTime: 0
    lowlevel:
        compute: 1
        frameSize: 2048
        hopSize: 1024
        zeroPadding: 0
        silentFrames: "noise"
        windowType: "blackmanharris62"
        mfccStats: ["mean", "cov", "icov"]
        stats: ["mean", "var", "median", "min", "max", "dmean", "dmean2", "dvar", "dvar2"]
    panning:
        compute: 0
        frameSize: 8192
        hopSize: 2048
        zeroPadding: 8192
        silentFrames: "noise"
        windowType: "hann"
        stats: ["copy"]
    rhythm:
        compute: 1
        maxTempo: 208
        minTempo: 40
        method: "degara"
        stats: ["mean", "var", "median", "min", "max", "dmean", "dmean2", "dvar", "dvar2"]
    segmentation:
        compute: 0
        cpw: 5
        inc1: 300
        inc2: 50
        minimumSegmentsLength: 10
        size1: 1000
        size2: 600
    sfx:
        compute: 1
        stats: ["mean", "var", "median", "min", "max", "dmean", "dmean2", "dvar", "dvar2"]
    svm:
        compute: 0
    tonal:
        compute: 1
        frameSize: 4096
        hopSize: 2048
        zeroPadding: 0
        silentFrames: "noise"
        windowType: "blackmanharris62"
        stats: ["mean", "var", "median", "min", "max", "dmean", "dmean2", "dvar", "dvar2"]

lowlevel:
    average_loudness: 0.848780930042
    barkbands_kurtosis:
        dmean: 1.23427355289
        dmean2: 1.99934077263
        dvar: 9.19208145142
        dvar2: 22.894651413
        max: 86.3835525513
        mean: -0.0851740986109
        median: -1.178170681
        min: -1.94015741348
        var: 16.0098381042
    barkbands_skewness:
        dmean: 0.477010905743
        dmean2: 0.720577001572
        dvar: 0.243930742145
        dvar2: 0.519602775574
        max: 8.32371425629
        mean: -0.531275451183
        median: -0.58414208889
        min: -4.94968795776
        var: 1.06507909298
    barkbands_spread:
        dmean: 6.96632671356
        dmean2: 11.0419082642
        dvar: 45.3574943542
        dvar2: 105.842964172
        max: 77.5475006104
        mean: 40.449634552
        median: 41.8489456177
        min: 0.802079498768
        var: 141.332870483
    dissonance:
        dmean: 0.00714341830462
        dmean2: 0.0121335480362
        dvar: 7.52636551624e-005
        dvar2: 0.000209714286029
        max: 0.500000119209
        mean: 0.48781439662
        median: 0.490896642208
        min: 0.301878064871
        var: 0.000139640804264
    hfc:
        dmean: 3.38186955452
        dmean2: 5.49389839172
        dvar: 26.0163078308
        dvar2: 69.147895813
        max: 67.1164703369
        mean: 11.4817056656
        median: 10.9921617508
        min: 1.09825537552e-016
        var: 55.2674179077
    pitch:
        dmean: 456.89743042
        dmean2: 847.076782227
        dvar: 870975.4375
        dvar2: 2209771.25
        max: 4799.87011719
        mean: 3249.6875
        median: 3675.19189453
        min: 61.4615745544
        var: 1314920.25
    pitch_instantaneous_confidence:
        dmean: 0.0764602571726
        dmean2: 0.127319216728
        dvar: 0.00405886443332
        dvar2: 0.0110402461141
        max: 0.931285917759
        mean: 0.460706889629
        median: 0.472924590111
        min: 0.0876377224922
        var: 0.013251346536
    pitch_salience:
        dmean: 0.0561511516571
        dmean2: 0.0906430631876
        dvar: 0.00274499086663
        dvar2: 0.00663864286616
        max: 0.994819879532
        mean: 0.67248827219
        median: 0.69000518322
        min: 0.0932195335627
        var: 0.00758319394663
    silence_rate_20dB:
        dmean: 0
        dmean2: 0
        dvar: 0
        dvar2: 0
        max: 1
        mean: 1
        median: 1
        min: 1
        var: 0
    silence_rate_30dB:
        dmean: 0
        dmean2: 0
        dvar: 0
        dvar2: 0
        max: 1
        mean: 1
        median: 1
        min: 1
        var: 0
    silence_rate_60dB:
        dmean: 0.0542145334184
        dmean2: 0.108436070383
        dvar: 0.0512691810727
        dvar2: 0.111117623746
        max: 1
        mean: 0.200064539909
        median: 0
        min: 0
        var: 0.160048380494
    spectral_centroid:
        dmean: 316.321746826
        dmean2: 479.804901123
        dvar: 96329.125
        dvar2: 197570.5
        max: 11936.390625
        mean: 2318.37231445
        median: 2362.85791016
        min: 161.239227295
        var: 669946.875
    spectral_complexity:
        dmean: 3.92810130119
        dmean2: 6.15206861496
        dvar: 18.2026367188
        dvar2: 40.3526153564
        max: 51
        mean: 18.4833164215
        median: 20
        min: 0
        var: 91.731262207
    spectral_crest:
        dmean: 1.73509454727
        dmean2: 2.9191493988
        dvar: 2.77537059784
        dvar2: 7.48106002808
        max: 23.3463497162
        mean: 6.77189826965
        median: 6.24927091599
        min: 2.64363646507
        var: 5.63585519791
    spectral_decrease:
        dmean: 2.7145624637e-010
        dmean2: 4.40250613742e-010
        dvar: 1.57087983124e-019
        dvar2: 4.12926002696e-019
        max: 1.74258971925e-028
        mean: -1.03409725227e-009
        median: -1.0146999907e-009
        min: -5.1351842778e-009
        var: 3.50385177177e-019
    spectral_energy:
        dmean: 0.00128191697877
        dmean2: 0.00208778190427
        dvar: 3.66724862033e-006
        dvar2: 9.69600023382e-006
        max: 0.0252454001456
        mean: 0.00494432589039
        median: 0.00487621873617
        min: 9.98696108669e-021
        var: 8.00771704235e-006
    spectral_energyband_high:
        dmean: 0.000322126317769
        dmean2: 0.00053297157865
        dvar: 2.6701383149e-007
        dvar2: 7.23457105778e-007
        max: 0.00646115001291
        mean: 0.000797654443886
        median: 0.000697911484167
        min: 7.24326600275e-021
        var: 4.06826131893e-007
    spectral_energyband_low:
        dmean: 0.000339476158842
        dmean2: 0.000522869930137
        dvar: 2.07701262411e-007
        dvar2: 4.56402716509e-007
        max: 0.00844288617373
        mean: 0.000643218925688
        median: 0.000498881272506
        min: 1.51006420827e-023
        var: 4.52206194268e-007
    spectral_energyband_middle_high:
        dmean: 0.000748524384107
        dmean2: 0.00122033373918
        dvar: 1.01870921299e-006
        dvar2: 2.69023598776e-006
        max: 0.015889134258
        mean: 0.00248286663555
        median: 0.00235301512294
        min: 1.02302087323e-021
        var: 2.67875452664e-006
    spectral_energyband_middle_low:
        dmean: 0.000538388325367
        dmean2: 0.000862476299517
        dvar: 5.85225222949e-007
        dvar2: 1.49107768266e-006
        max: 0.0106233730912
        mean: 0.00129743642174
        median: 0.00105844473001
        min: 1.72799463796e-022
        var: 1.15581985938e-006
    spectral_flatness_db:
        dmean: 0.0146708870307
        dmean2: 0.0235736593604
        dvar: 0.000196489709197
        dvar2: 0.000480472983327
        max: 0.415133416653
        mean: 0.164326801896
        median: 0.160659790039
        min: 0.0590207092464
        var: 0.00103335536551
    spectral_flux:
        dmean: 0.00667579611763
        dmean2: 0.0103541491553
        dvar: 7.65694567235e-005
        dvar2: 0.000160323223099
        max: 0.137271076441
        mean: 0.042137850076
        median: 0.0426964834332
        min: 6.43321576566e-011
        var: 0.000281277636532
    spectral_kurtosis:
        dmean: 0.996196568012
        dmean2: 1.70442831516
        dvar: 3.43220186234
        dvar2: 10.0431909561
        max: 72.8431854248
        mean: 2.50568127632
        median: 2.01782441139
        min: -1.2481880188
        var: 12.4846067429
    spectral_rms:
        dmean: 0.000266486400506
        dmean2: 0.000421098753577
        dvar: 1.12960101717e-007
        dvar2: 2.78093438055e-007
        max: 0.00496282754466
        mean: 0.00206566788256
        median: 0.00218112044968
        min: 3.12143822075e-012
        var: 5.56849045097e-007
    spectral_rolloff:
        dmean: 306.495849609
        dmean2: 500.548431396
        dvar: 223677.1875
        dvar2: 478252.9375
        max: 19487.5488281
        mean: 3950.33422852
        median: 4026.70898438
        min: 129.19921875
        var: 1312115.375
    spectral_skewness:
        dmean: 0.153849810362
        dmean2: 0.24972474575
        dvar: 0.0295353792608
        dvar2: 0.076896391809
        max: 6.61836338043
        mean: 0.85292828083
        median: 0.806066572666
        min: -0.119811162353
        var: 0.195220202208
    spectral_spread:
        dmean: 388638.46875
        dmean2: 573432
        dvar: 309443231744
        dvar2: 601116901376
        max: 42506920
        mean: 4456856.5
        median: 4204933.5
        min: 953766.9375
        var: 5.54516611072e+012
    spectral_strongpeak:
        dmean: 0.51076155901
        dmean2: 0.911958515644
        dvar: 0.732880413532
        dvar2: 1.97127020359
        max: 13.4252099991
        mean: 0.566103935242
        median: 0.157045826316
        min: 8.88061638116e-011
        var: 0.863632559776
    zerocrossingrate:
        dmean: 0.00876687653363
        dmean2: 0.0102829011157
        dvar: 8.00945417723e-005
        dvar2: 8.99095466593e-005
        max: 0.52587890625
        mean: 0.126469284296
        median: 0.12939453125
        min: 0.01025390625
        var: 0.00114901049528
    barkbands:
        dmean: [2.6084060778e-007, 3.96604118578e-005, 0.000204828596907, 0.000245584029472, 0.00027167488588, 0.000122144279885, 6.0632104578e-005, 4.63417491119e-005, 7.66804005252e-005, 2.54018523265e-005, 2.61199165834e-005, 3.75718009309e-005, 3.4452717955e-005, 3.24047250615e-005, 5.70152042201e-005, 8.36518738652e-005, 0.00011822853412, 0.000271555210929, 0.000360750418622, 0.000282129156403, 0.000183170719538, 4.84061019961e-005, 1.38203040478e-005, 2.04341017707e-006, 8.45870033572e-007, 1.24963897008e-008, 1.96425445353e-010]
        dmean2: [3.6748929233e-007, 6.41503211227e-005, 0.000325256667566, 0.000389239488868, 0.00045056687668, 0.00019948555564, 0.000101184428786, 7.62101335567e-005, 0.000124440426589, 4.16550901718e-005, 4.28720486525e-005, 6.22674851911e-005, 5.72311837459e-005, 5.38402346137e-005, 9.39183228184e-005, 0.000140750344144, 0.000201392263989, 0.000453870248748, 0.000595488992985, 0.000471762323286, 0.000306897592964, 8.21172216092e-005, 2.36181676883e-005, 3.17138733408e-006, 1.25449298594e-006, 1.8910217392e-008, 3.64216878879e-010]
        dvar: [2.96623050558e-013, 5.05325514766e-009, 7.24577233768e-008, 1.22121278423e-007, 2.62594738842e-007, 4.83856155142e-008, 2.03481516081e-008, 1.34269990681e-008, 3.08748759892e-008, 4.34772884361e-009, 3.80423337276e-009, 5.08213160444e-009, 4.8965813626e-009, 4.26994528624e-009, 3.37957466456e-008, 6.09888672898e-008, 9.2833587928e-008, 1.45848943589e-007, 1.72430105749e-007, 1.43319141443e-007, 7.53290620992e-008, 1.03120596506e-008, 1.28311627989e-009, 1.37526674077e-011, 1.77456541215e-012, 4.85705420856e-016, 8.14763791453e-020]
        dvar2: [5.70268008163e-013, 1.32581714496e-008, 1.72717605551e-007, 2.78932759556e-007, 6.92815547154e-007, 1.2250463044e-007, 5.36102575666e-008, 3.28619407242e-008, 8.08679203601e-008, 1.10808953124e-008, 9.73963576456e-009, 1.333171884e-008, 1.24280283842e-008, 1.1101631614e-008, 8.67547456096e-008, 1.72262915044e-007, 2.55842650176e-007, 4.03065399723e-007, 4.62853876115e-007, 3.88864947354e-007, 2.05776800044e-007, 2.78470295711e-008, 3.50929418858e-009, 2.98070075566e-011, 3.55855557695e-012, 1.01042369696e-015, 2.58598941662e-019]
        max: [8.2861752162e-006, 0.000924673047848, 0.00454615149647, 0.0071330438368, 0.00767915090546, 0.00567959388718, 0.0042744865641, 0.0032779823523, 0.00470507983118, 0.00220623449422, 0.00138544279616, 0.00143799965736, 0.00229878956452, 0.00143608474173, 0.00609767297283, 0.0144233880565, 0.0106132654473, 0.0139199541882, 0.0105671193451, 0.00536719011143, 0.0039081107825, 0.00118092878256, 0.000429155537859, 0.000104596787423, 3.56488926627e-005, 4.93874267704e-007, 4.39514780126e-009]
        mean: [3.77638343707e-007, 5.55243932467e-005, 0.00033619243186, 0.000398619275074, 0.000395517476136, 0.000185255950782, 8.48490017233e-005, 6.38456185698e-005, 0.000156309484737, 3.90448622056e-005, 3.82938014809e-005, 6.0250840761e-005, 5.18408342032e-005, 5.14176244906e-005, 9.05270062503e-005, 0.000139564363053, 0.000190680366359, 0.000574362289626, 0.000873175507877, 0.000656753487419, 0.000400290387915, 7.72691200837e-005, 1.76524845301e-005, 4.60766750621e-006, 2.09209792956e-006, 2.4355070849e-008, 1.5328328884e-010]
        median: [1.2159117091e-007, 3.32393283315e-005, 0.000245475181146, 0.000265325303189, 0.000247994175879, 0.000112490743049, 4.65147095383e-005, 1.64847588167e-005, 3.31098963215e-005, 1.14646036309e-005, 8.47353294375e-006, 2.09992249438e-005, 1.86159304576e-005, 1.99912392418e-005, 2.98225077131e-005, 8.42541048769e-005, 0.000111879497126, 0.000507176446263, 0.000826328468975, 0.000594480952714, 0.000342445448041, 3.97865987907e-005, 6.5100075517e-006, 2.47618072535e-006, 1.36728499456e-006, 1.33557618298e-008, 5.51028181417e-011]
        min: [8.16669386118e-025, 2.15293709442e-024, 1.46236904685e-024, 1.52578192654e-024, 1.60779192597e-023, 7.02337931162e-024, 1.32553023656e-023, 1.09849504252e-023, 2.27526480836e-023, 1.88009109101e-023, 2.53011326577e-023, 3.03789387968e-023, 3.74238674217e-023, 3.57181103309e-023, 4.683842061e-023, 7.27235974829e-023, 9.28794479952e-023, 8.45624811606e-023, 1.36793895707e-022, 1.51893564335e-022, 2.28004252866e-022, 3.19909552306e-022, 3.34738319789e-022, 6.63152322768e-022, 8.60807443158e-022, 1.33143645709e-021, 2.03770410517e-021]
        var: [4.87987471612e-013, 5.47781109361e-009, 1.27840195319e-007, 2.41754463559e-007, 2.82482545799e-007, 6.6953631972e-008, 2.22807692296e-008, 2.82792331774e-008, 1.18875007615e-007, 9.02808938719e-009, 6.86640699854e-009, 1.05917106197e-008, 8.937214524e-009, 8.26221668859e-009, 6.07746173387e-008, 5.99293912273e-008, 1.37436842351e-007, 2.3989215947e-007, 3.98149325065e-007, 2.50298825222e-007, 1.13674566649e-007, 1.07997433219e-008, 1.01913777417e-009, 3.59073257239e-011, 5.41936070672e-012, 1.10295823479e-015, 6.48396315272e-020]
    frequency_bands:
        dmean: [2.6084060778e-007, 3.96604118578e-005, 0.000204828596907, 0.000245584029472, 0.00027167488588, 0.000122144279885, 6.0632104578e-005, 4.63417491119e-005, 7.66804005252e-005, 2.54018523265e-005, 2.61199165834e-005, 3.75718009309e-005, 3.4452717955e-005, 3.24047250615e-005, 5.70152042201e-005, 8.36518738652e-005, 0.00011822853412, 0.000271555210929, 0.000360750418622, 0.000282129156403, 0.000183170719538, 4.84061019961e-005, 1.38203040478e-005, 2.04341017707e-006, 8.45870033572e-007, 1.24963897008e-008, 1.96425445353e-010, 5.56712106969e-011]
        dmean2: [3.6748929233e-007, 6.41503211227e-005, 0.000325256667566, 0.000389239488868, 0.00045056687668, 0.00019948555564, 0.000101184428786, 7.62101335567e-005, 0.000124440426589, 4.16550901718e-005, 4.28720486525e-005, 6.22674851911e-005, 5.72311837459e-005, 5.38402346137e-005, 9.39183228184e-005, 0.000140750344144, 0.000201392263989, 0.000453870248748, 0.000595488992985, 0.000471762323286, 0.000306897592964, 8.21172216092e-005, 2.36181676883e-005, 3.17138733408e-006, 1.25449298594e-006, 1.8910217392e-008, 3.64216878879e-010, 1.0321862115e-010]
        dvar: [2.96623050558e-013, 5.05325514766e-009, 7.24577233768e-008, 1.22121278423e-007, 2.62594738842e-007, 4.83856155142e-008, 2.03481516081e-008, 1.34269990681e-008, 3.08748759892e-008, 4.34772884361e-009, 3.80423337276e-009, 5.08213160444e-009, 4.8965813626e-009, 4.26994528624e-009, 3.37957466456e-008, 6.09888672898e-008, 9.2833587928e-008, 1.45848943589e-007, 1.72430105749e-007, 1.43319141443e-007, 7.53290620992e-008, 1.03120596506e-008, 1.28311627989e-009, 1.37526674077e-011, 1.77456541215e-012, 4.85705420856e-016, 8.14763791453e-020, 6.54505488382e-021]
        dvar2: [5.70268008163e-013, 1.32581714496e-008, 1.72717605551e-007, 2.78932759556e-007, 6.92815547154e-007, 1.2250463044e-007, 5.36102575666e-008, 3.28619407242e-008, 8.08679203601e-008, 1.10808953124e-008, 9.73963576456e-009, 1.333171884e-008, 1.24280283842e-008, 1.1101631614e-008, 8.67547456096e-008, 1.72262915044e-007, 2.55842650176e-007, 4.03065399723e-007, 4.62853876115e-007, 3.88864947354e-007, 2.05776800044e-007, 2.78470295711e-008, 3.50929418858e-009, 2.98070075566e-011, 3.55855557695e-012, 1.01042369696e-015, 2.58598941662e-019, 2.07758656993e-020]
        max: [8.2861752162e-006, 0.000924673047848, 0.00454615149647, 0.0071330438368, 0.00767915090546, 0.00567959388718, 0.0042744865641, 0.0032779823523, 0.00470507983118, 0.00220623449422, 0.00138544279616, 0.00143799965736, 0.00229878956452, 0.00143608474173, 0.00609767297283, 0.0144233880565, 0.0106132654473, 0.0139199541882, 0.0105671193451, 0.00536719011143, 0.0039081107825, 0.00118092878256, 0.000429155537859, 0.000104596787423, 3.56488926627e-005, 4.93874267704e-007, 4.39514780126e-009, 1.24461962958e-009]
        mean: [3.77638343707e-007, 5.55243932467e-005, 0.00033619243186, 0.000398619275074, 0.000395517476136, 0.000185255950782, 8.48490017233e-005, 6.38456185698e-005, 0.000156309484737, 3.90448622056e-005, 3.82938014809e-005, 6.0250840761e-005, 5.18408342032e-005, 5.14176244906e-005, 9.05270062503e-005, 0.000139564363053, 0.000190680366359, 0.000574362289626, 0.000873175507877, 0.000656753487419, 0.000400290387915, 7.72691200837e-005, 1.76524845301e-005, 4.60766750621e-006, 2.09209792956e-006, 2.4355070849e-008, 1.5328328884e-010, 4.32260720273e-011]
        median: [1.2159117091e-007, 3.32393283315e-005, 0.000245475181146, 0.000265325303189, 0.000247994175879, 0.000112490743049, 4.65147095383e-005, 1.64847588167e-005, 3.31098963215e-005, 1.14646036309e-005, 8.47353294375e-006, 2.09992249438e-005, 1.86159304576e-005, 1.99912392418e-005, 2.98225077131e-005, 8.42541048769e-005, 0.000111879497126, 0.000507176446263, 0.000826328468975, 0.000594480952714, 0.000342445448041, 3.97865987907e-005, 6.5100075517e-006, 2.47618072535e-006, 1.36728499456e-006, 1.33557618298e-008, 5.51028181417e-011, 1.54054859147e-011]
        min: [8.16669386118e-025, 2.15293709442e-024, 1.46236904685e-024, 1.52578192654e-024, 1.60779192597e-023, 7.02337931162e-024, 1.32553023656e-023, 1.09849504252e-023, 2.27526480836e-023, 1.88009109101e-023, 2.53011326577e-023, 3.03789387968e-023, 3.74238674217e-023, 3.57181103309e-023, 4.683842061e-023, 7.27235974829e-023, 9.28794479952e-023, 8.45624811606e-023, 1.36793895707e-022, 1.51893564335e-022, 2.28004252866e-022, 3.19909552306e-022, 3.34738319789e-022, 6.63152322768e-022, 8.60807443158e-022, 1.33143645709e-021, 2.03770410517e-021, 5.11422185169e-022]
        var: [4.87987471612e-013, 5.47781109361e-009, 1.27840195319e-007, 2.41754463559e-007, 2.82482545799e-007, 6.6953631972e-008, 2.22807692296e-008, 2.82792331774e-008, 1.18875007615e-007, 9.02808938719e-009, 6.86640699854e-009, 1.05917106197e-008, 8.937214524e-009, 8.26221668859e-009, 6.07746173387e-008, 5.99293912273e-008, 1.37436842351e-007, 2.3989215947e-007, 3.98149325065e-007, 2.50298825222e-007, 1.13674566649e-007, 1.07997433219e-008, 1.01913777417e-009, 3.59073257239e-011, 5.41936070672e-012, 1.10295823479e-015, 6.48396315272e-020, 5.20433405136e-021]
    mfcc:
        mean: [-721.94708252, 75.7299880981, -38.2864379883, 80.1544265747, -11.4448328018, -3.978110075, 4.73947668076, -6.68120670319, -5.84230995178, -7.09398841858, -4.69302940369, -6.13996505737, -6.93545198441]
        cov: [[8904.62597656, 874.467651367, -925.551391602, 820.130187988, -453.248626709, 23.7302379608, -37.2627296448, -11.2586984634, -95.7790603638, -49.6523590088, -2.39451861382, -20.6241664886, -66.7018127441], [874.467651367, 920.770568848, -239.00730896, 98.6691360474, -113.454856873, -74.4412384033, 32.5259399414, -37.4267082214, 38.5072250366, -30.7567691803, -21.6789093018, -15.1803474426, -21.6563930511], [-925.551391602, -239.00730896, 485.788879395, -64.3775787354, 111.888885498, -16.2222938538, -30.5350341797, 12.7187995911, -10.9501590729, 23.1493091583, 0.718318521976, 4.93087053299, 18.6716499329], [820.130187988, 98.6691360474, -64.3775787354, 495.530487061, 29.4369697571, 2.13412809372, -14.8483858109, -46.8456916809, -14.9923639297, -4.89129066467, 8.44229221344, 9.80028915405, 6.23795747757], [-453.248626709, -113.454856873, 111.888885498, 29.4369697571, 223.799682617, 68.9786224365, -13.6006278992, -44.10521698, -4.5892868042, 6.7470202446, -9.47123336792, -6.72116947174, 6.24047374725], [23.7302379608, -74.4412384033, -16.2222938538, 2.13412809372, 68.9786224365, 132.573974609, 8.48422241211, -0.719553112984, -20.2606201172, 11.5688028336, 7.74790716171, -3.06158900261, 7.95311260223], [-37.2627296448, 32.5259399414, -30.5350341797, -14.8483858109, -13.6006278992, 8.48422241211, 117.699531555, 56.566318512, 23.4909725189, -10.300078392, -3.81468558311, 7.04505872726, -9.00845241547], [-11.2586984634, -37.4267082214, 12.7187995911, -46.8456916809, -44.10521698, -0.719553112984, 56.566318512, 130.021987915, 47.1283531189, 2.06921219826, -6.82372570038, 1.7088354826, 0.735138893127], [-95.7790603638, 38.5072250366, -10.9501590729, -14.9923639297, -4.5892868042, -20.2606201172, 23.4909725189, 47.1283531189, 93.2971420288, 24.3140163422, -1.3586088419, -3.84607958794, -5.29722976685], [-49.6523590088, -30.7567691803, 23.1493091583, -4.89129066467, 6.7470202446, 11.5688028336, -10.300078392, 2.06921219826, 24.3140163422, 75.5324554443, 30.3406562805, 4.85562038422, -0.911767780781], [-2.39451861382, -21.6789093018, 0.718318521976, 8.44229221344, -9.47123336792, 7.74790716171, -3.81468558311, -6.82372570038, -1.3586088419, 30.3406562805, 57.4486465454, 23.4876194, 3.36576914787], [-20.6241664886, -15.1803474426, 4.93087053299, 9.80028915405, -6.72116947174, -3.06158900261, 7.04505872726, 1.7088354826, -3.84607958794, 4.85562038422, 23.4876194, 48.9926834106, 20.9632949829], [-66.7018127441, -21.6563930511, 18.6716499329, 6.23795747757, 6.24047374725, 7.95311260223, -9.00845241547, 0.735138893127, -5.29722976685, -0.911767780781, 3.36576914787, 20.9632949829, 48.9730110168]]
        icov: [[0.000194801657926, -9.68385575106e-005, 0.00022866713698, -0.000303259846987, 0.000307886803057, -0.000204307449167, 0.000234597202507, -0.000238657492446, 0.000292534416076, -0.000106180617877, 0.000148951148731, -5.43083260709e-005, 0.000257302133832], [-9.68385575106e-005, 0.00151749351062, 0.000352963921614, -6.83251491864e-005, 0.000431906169979, 0.000542174442671, -0.000722383556422, 0.00123376224656, -0.00109043659177, 0.000393805035856, 0.000297011662042, 0.00036697339965, -0.0001693131926], [0.00022866713698, 0.000352963921614, 0.00338228372857, -1.149153195e-005, -0.00183701480273, 0.00189948559273, 0.000840587774292, -0.00183353351895, 0.00184995739255, -0.00136444962118, 0.000113049332867, 0.000167845049873, -0.000617704936303], [-0.000303259846987, -6.83251491864e-005, -1.149153195e-005, 0.00267233652994, -0.00106976367533, 0.00056785804918, -0.000244682509219, 0.00070689705899, -0.000191661834833, 0.000212523067603, -0.000590403331444, -0.000254470913205, -0.000658058270346], [0.000307886803057, 0.000431906169979, -0.00183701480273, -0.00106976367533, 0.00885289628059, -0.00533500593156, -0.000481010181829, 0.00442483602092, -0.00320254685357, 0.000676755327731, 0.00275220372714, -0.000485747412313, 0.000715353002306], [-0.000204307449167, 0.000542174442671, 0.00189948559273, 0.00056785804918, -0.00533500593156, 0.012346114032, -0.00155651231762, -0.00272756302729, 0.00471482472494, -0.00278649758548, -0.00247883913107, 0.00334322988056, -0.00320820952766], [0.000234597202507, -0.000722383556422, 0.000840587774292, -0.000244682509219, -0.000481010181829, -0.00155651231762, 0.0126883555204, -0.00586300063878, -0.000463437085273, 0.00206796708517, 0.000394938455429, -0.00416862173006, 0.00419246777892], [-0.000238657492446, 0.00123376224656, -0.00183353351895, 0.00070689705899, 0.00442483602092, -0.00272756302729, -0.00586300063878, 0.0155014535412, -0.00803629402071, 0.0015004175948, 0.00204222626053, -2.0629771825e-005, -0.00157536857296], [0.000292534416076, -0.00109043659177, 0.00184995739255, -0.000191661834833, -0.00320254685357, 0.00471482472494, -0.000463437085273, -0.00803629402071, 0.018829965964, -0.00785988476127, 0.00150693848263, 0.00131591549143, 0.000136700255098], [-0.000106180617877, 0.000393805035856, -0.00136444962118, 0.000212523067603, 0.000676755327731, -0.00278649758548, 0.00206796708517, 0.0015004175948, -0.00785988476127, 0.021382831037, -0.0115041425452, 0.0022546928376, 0.000620261067525], [0.000148951148731, 0.000297011662042, 0.000113049332867, -0.000590403331444, 0.00275220372714, -0.00247883913107, 0.000394938455429, 0.00204222626053, 0.00150693848263, -0.0115041425452, 0.0306906141341, -0.0151453418657, 0.00478279218078], [-5.43083260709e-005, 0.00036697339965, 0.000167845049873, -0.000254470913205, -0.000485747412313, 0.00334322988056, -0.00416862173006, -2.0629771825e-005, 0.00131591549143, 0.0022546928376, -0.0151453418657, 0.0347736105323, -0.0148507189006], [0.000257302133832, -0.0001693131926, -0.000617704936303, -0.000658058270346, 0.000715353002306, -0.00320820952766, 0.00419246777892, -0.00157536857296, 0.000136700255098, 0.000620261067525, 0.00478279218078, -0.0148507189006, 0.0282936058939]]
    sccoeffs:
        dmean: [0.0534391328692, 0.0490196160972, 0.0359278842807, 0.0286800544709, 0.0204067807645, 0.0228771548718]
        dmean2: [0.0865095257759, 0.0811157897115, 0.0603352338076, 0.0479274727404, 0.0342683717608, 0.035394795239]
        dvar: [0.00189713994041, 0.00156999460887, 0.000817477470264, 0.000531136698555, 0.0002689709072, 0.00041491977754]
        dvar2: [0.00485465303063, 0.00428280280903, 0.00224520079792, 0.00146456202492, 0.000752417079639, 0.000941658450756]
        max: [-0.342236250639, -0.452628165483, -0.570244312286, -0.532283365726, -0.567451894283, -0.469133526087]
        mean: [-0.631633460522, -0.767474234104, -0.81044369936, -0.811372160912, -0.790133774281, -0.703727304935]
        median: [-0.626368761063, -0.770190179348, -0.818078935146, -0.814655900002, -0.787948668003, -0.702212691307]
        min: [-0.97878074646, -0.995770037174, -0.995009124279, -0.985709130764, -0.987822294235, -0.964791893959]
        var: [0.00638505071402, 0.00425848830491, 0.00310501456261, 0.00174451968633, 0.00110730179586, 0.00297481310554]
    scvalleys:
        dmean: [0.397253215313, 0.395037740469, 0.336719512939, 0.29427292943, 0.217322960496, 0.281191885471]
        dmean2: [0.639545023441, 0.644479334354, 0.532885372639, 0.459422379732, 0.32978540659, 0.391114324331]
        dvar: [0.125483512878, 0.147140711546, 0.111802048981, 0.10564237088, 0.07436850667, 0.116383500397]
        dvar2: [0.286627322435, 0.338470995426, 0.231868132949, 0.220860660076, 0.139133483171, 0.206406027079]
        max: [-5.23470306396, -4.8675737381, -5.27392292023, -5.55218362808, -5.29376935959, -7.85219526291]
        mean: [-7.12164974213, -7.10555076599, -7.65782022476, -7.59780263901, -6.81168651581, -9.90820026398]
        median: [-6.80451440811, -6.81843757629, -7.46225976944, -7.3399682045, -6.40937042236, -9.58977031708]
        min: [-28.0307254791, -27.7197628021, -27.7746505737, -27.5062236786, -27.5031108856, -27.340171814]
        var: [2.52671289444, 2.74695444107, 2.72882270813, 2.62300038338, 2.80007386208, 2.55536699295]

rhythm:
    beats_loudness:
        dmean: 0.00215946766548
        dmean2: 0.00404291693121
        dvar: 2.72289207714e-006
        dvar2: 8.68789993547e-006
        max: 0.0138542279601
        mean: 0.00624398840591
        median: 0.00638904422522
        min: 1.46590638933e-011
        var: 6.73951535646e-006
    bpm: 95.2723007202
    bpm_confidence: 0
    first_peak_bpm: 96
    first_peak_spread: 0.562613427639
    first_peak_weight: 0.424295783043
    onset_rate: 2.8492166996
    second_peak_bpm: 91
    second_peak_spread: 0.437500029802
    second_peak_weight: 0.0158450696617
    beats_loudness_band_ratio:
        dmean: [0.106123015285, 0.140623837709, 0.0399377532303, 0.0233612135053, 0.0685716792941, 0.114172331989]
        dmean2: [0.185045093298, 0.270568579435, 0.0683480575681, 0.0398189947009, 0.119749508798, 0.19762763381]
        dvar: [0.00954799447209, 0.00874323304743, 0.00251829787157, 0.000837860920001, 0.00338651007041, 0.00806143507361]
        dvar2: [0.0265675615519, 0.0277258623391, 0.00675837835297, 0.00216752151027, 0.00970512628555, 0.0235457252711]
        max: [0.73391276598, 0.84036898613, 0.34102538228, 0.23203420639, 0.725884616375, 0.758393704891]
        mean: [0.16628395021, 0.152424275875, 0.0564485341311, 0.0373512916267, 0.208390668035, 0.414634555578]
        median: [0.139705628157, 0.118170529604, 0.0325863659382, 0.0236302949488, 0.199701800942, 0.413979977369]
        min: [0, 0, 0, 0, 0, 0]
        var: [0.0127292759717, 0.0134690608829, 0.00332588911988, 0.00127156695817, 0.00633006403223, 0.0159052181989]
    beats_position: [0.626938760281, 1.26548755169, 1.91564619541, 2.55419492722, 3.20435357094, 3.86612248421, 4.53950119019, 5.20126962662, 5.86303853989, 6.52480697632, 7.16335582733, 7.81351470947, 8.45206356049, 9.07900238037, 9.70594120026, 10.3328800201, 10.95981884, 11.5867567062, 12.2136955261, 12.840634346, 13.479183197, 14.1061220169, 14.7330608368, 15.3716096878, 16.0101585388, 16.6487064362, 17.2756462097, 17.9025840759, 18.5295238495, 19.1564617157, 19.7834014893, 20.4103393555, 21.0604991913, 21.6990470886, 22.3375968933, 22.9761447906, 23.614692688, 24.2416324615, 24.8685703278, 25.4955101013, 26.1224479675, 26.7609977722, 27.3995456696, 28.0380954742, 28.6650333405, 29.3035831451, 29.9305210114, 30.5574588776, 31.1843986511, 31.7881164551, 32.391834259, 32.9955558777, 33.6108856201, 34.2262115479, 34.8415412903, 35.4452590942, 36.0605888367, 36.6759185791, 37.2912483215, 37.8949661255, 38.5102958679, 39.1256217957, 39.7525634766, 40.3678894043, 40.9948310852, 41.6101570129, 42.2138786316, 42.8175964355, 43.4213142395, 44.0250320435, 44.6519737244, 45.2672996521, 45.8826293945, 46.497959137, 47.1132888794, 47.7402267456, 48.3671646118, 48.9824943542, 49.5978240967, 50.2247619629, 50.8516998291, 51.4786376953, 52.1055755615, 52.7325172424, 53.3826751709, 54.0096130371, 54.6365509033, 55.275100708, 55.9136505127, 56.5522003174, 57.1907463074, 57.8176841736, 58.4446258545, 59.0715637207, 59.6985015869, 60.3254394531, 60.9639892578, 61.590927124, 62.2062568665, 62.8331947327, 63.4601364136, 64.0870742798, 64.7024002075, 65.3293380737, 65.9678878784, 66.5948257446, 67.2217712402, 67.8487091064, 68.4756469727, 69.1025848389, 69.7179107666, 70.3448486328, 70.9833984375, 71.6219482422, 72.2604980469, 72.8990478516, 73.5375976563, 74.1761474609, 74.7914733887, 75.4184112549, 76.0453491211, 76.6722869873, 77.2992248535, 77.9377746582, 78.5763244629, 79.1916503906, 79.8069839478, 80.4455337524, 81.0840835571, 81.7226257324, 82.3611755371, 82.9881134033, 83.6150588989, 84.2303848267, 84.8457107544, 85.4726486206, 86.0995864868, 86.7149200439, 87.3302459717, 87.9571838379, 88.5957336426, 89.2226715088, 89.8380050659, 90.4533309937, 91.0918807983, 91.7188186646, 92.3573684692, 92.9959182739, 93.6228561401, 94.2497940063, 94.8767318726, 95.5036697388, 96.130607605, 96.7575454712, 97.3844909668, 98.0230331421, 98.6615829468, 99.288520813, 99.9154663086, 100.542404175, 101.169342041, 101.796279907, 102.423217773, 103.05015564, 103.677093506, 104.304031372, 104.930976868, 105.557914734, 106.1848526, 106.800178528, 107.415504456, 108.042449951, 108.669387817, 109.284713745, 109.900039673, 110.51537323, 111.130699158, 111.757637024, 112.38457489, 112.999908447, 113.626846313, 114.242172241, 114.857505798, 115.484443665, 116.099769592, 116.715103149, 117.330429077, 117.934150696, 118.549476624, 119.164802551, 119.76852417, 120.372245789, 120.975959778, 121.591293335, 122.195007324, 122.798728943, 123.425666809, 124.040992737, 124.656326294, 125.28326416, 125.921813965, 126.537139893, 127.15246582, 127.779411316, 128.406341553, 129.033279419, 129.660217285, 130.28717041, 130.914108276, 131.541046143, 132.167984009, 132.783309937, 133.410247803, 134.02557373, 134.652511597, 135.291061401, 135.929611206, 136.556549072, 137.171875, 137.787200928, 138.414154053, 139.02947998, 139.644805908, 140.271743774, 140.887069702, 141.50239563, 142.129333496, 142.767883301, 143.406433105, 144.033370972, 144.648712158, 145.275650024, 145.914199829, 146.552734375, 147.19128418, 147.829833984, 148.468383789, 149.095321655, 149.722259521, 150.360809326, 150.999359131, 151.637908936, 152.27645874, 152.915008545, 153.55355835, 154.180496216, 154.807434082, 155.445983887, 156.084533691, 156.723083496, 157.361633301, 157.988571167, 158.615509033, 159.230834961, 159.846160889, 160.473098755, 161.100036621, 161.726974487, 162.353912354, 162.980865479, 163.619400024, 164.246353149, 164.861679077, 165.500228882, 166.138778687, 166.765716553, 167.392654419, 168.019592285, 168.65814209, 169.285079956, 169.900405884, 170.52734375, 171.154281616, 171.781219482, 172.408157349, 173.035095215, 173.662033081, 174.288970947, 174.915908813, 175.554458618, 176.193008423, 176.819946289, 177.435287476, 178.050613403, 178.67755127, 179.304489136, 179.94303894, 180.581588745, 181.208526611, 181.835464478, 182.462402344, 183.100952148, 183.739501953, 184.389663696, 185.039810181, 185.689971924, 186.340133667, 186.99029541, 187.640457153, 188.290603638, 188.940765381, 189.590927124, 190.229476929, 190.868026733, 191.4949646, 192.133514404, 192.772064209, 193.422225952, 194.072372437, 194.710922241, 195.349472046, 195.988021851, 196.626571655, 197.253509521, 197.892059326, 198.530609131, 199.169158936, 199.80770874, 200.434646606, 201.061584473, 201.688522339, 202.327072144, 202.977233887, 203.615783691, 204.265930176, 204.916091919, 205.554641724, 206.18157959, 206.796905518, 207.435455322, 208.074005127, 208.712554932, 209.351104736, 209.989654541, 210.628204346, 211.255142212, 211.893692017, 212.532241821, 213.170791626, 213.809341431, 214.447891235, 215.08644104, 215.724990845, 216.375137329, 217.013687134, 217.640625, 218.267562866, 218.882904053, 219.49822998, 220.125167847, 220.752105713, 221.390655518, 222.052429199, 222.714187622, 223.375961304, 224.026123047, 224.664672852, 225.303222656, 225.930160522, 226.568710327, 227.207244873, 227.845794678, 228.484344482, 229.111282349, 229.738220215, 230.353561401, 230.957275391, 231.549377441, 232.164718628, 232.780044556, 233.406982422, 234.057144165, 234.684082031, 235.311019897, 235.937957764, 236.56489563, 237.191833496, 237.818771362, 238.445709229, 239.061035156, 239.711196899, 240.361358643, 240.999908447, 241.638458252, 242.277008057, 242.927154541, 243.577316284, 244.227478027, 244.877639771, 245.527801514, 246.166351318, 246.804885864, 247.455047607, 248.105209351, 248.755371094, 249.405532837, 250.05569458, 250.694229126, 251.321166992, 251.959716797, 252.60987854, 253.260040283, 253.910202026, 254.548751831, 255.187301636, 255.83744812, 256.476013184, 257.114562988, 257.764709473, 258.414855957, 259.065032959, 259.715179443, 260.353729248, 260.992279053, 261.630828857, 262.269378662, 262.896331787, 263.523254395, 264.15020752, 264.788757324, 265.438903809, 266.089050293, 266.750823975, 267.401000977, 268.051147461, 268.678100586, 269.32824707, 269.978393555, 270.628570557, 271.267120361, 271.917266846, 272.567443848, 273.205993652, 273.856140137, 274.506286621, 275.156463623, 275.806610107, 276.445159912, 277.083709717, 277.710662842, 278.337585449, 278.964538574, 279.591461182, 280.206787109, 280.822113037, 281.460662842, 282.099212646, 282.726165771, 283.353088379, 283.980041504, 284.606964111, 285.233917236, 285.860870361, 286.476196289, 287.114746094, 287.753295898, 288.380218506, 288.995544434, 289.622497559, 290.261047363, 290.899597168, 291.526519775, 292.1534729, 292.768798828, 293.384124756, 293.987854004, 294.614776611, 295.230102539, 295.845428467, 296.472381592, 297.099304199, 297.726257324, 298.353179932, 298.980133057, 299.607055664, 300.234008789, 300.860961914, 301.476287842, 302.09161377, 302.718536377, 303.345489502, 303.96081543, 304.576141357, 305.203063965, 305.81842041, 306.433746338, 307.060668945, 307.675994873, 308.291320801, 308.918273926, 309.545196533, 310.172149658, 310.799072266, 311.449249268, 312.076171875, 312.703125, 313.330047607, 313.957000732, 314.583953857, 315.210876465, 315.83782959, 316.464752197, 317.091705322, 317.71862793, 318.345581055, 318.972503662, 319.599456787, 320.226379395, 320.85333252, 321.480255127, 322.107208252, 322.734130859, 323.337860107, 323.964813232, 324.59173584, 325.218688965, 325.845611572, 326.472564697, 327.099487305, 327.72644043, 328.353363037, 328.968688965, 329.58404541, 330.210968018, 330.837921143, 331.46484375, 332.103393555, 332.741943359, 333.368896484, 333.995819092, 334.622772217, 335.249694824, 335.876647949, 336.515197754, 337.153747559, 337.780670166, 338.407623291, 339.034545898, 339.661499023, 340.288421631, 340.915374756, 341.542297363, 342.180847168, 342.819396973, 343.446350098, 344.073272705, 344.71182251, 345.350372314, 345.977325439, 346.604248047, 347.231201172, 347.858123779, 348.485076904, 349.123626709, 349.762176514, 350.400726318, 351.050872803, 351.701049805, 352.362792969, 353.012969971, 353.663116455, 354.313293457, 354.963439941, 355.636810303, 356.310211182, 356.983581543, 357.656951904, 358.330322266, 359.003723145]
