
metadata:
    version:
        essentia: "2.1-beta2"
    audio_properties:
        analysis_sample_rate: 44100
        bitrate: 128
        channels: 2
        equal_loudness: 1
        length: 269.56652832
        replay_gain: -8.43858528137
        downmix: "mix"
    tags:
        album: "The Best of Pantera: Far Beyond the Great Southern Cowboys' Vulgar Hits! [Bonus DVD] Disc 2"
        artist: "Pantera"
        comment: ""
        date: "2003"
        genre: "Metal"
        title: "I'm Broken"
        tracknumber: "8"

configuration:
    average_loudness:
        compute: 1
        frameSize: 88200
        hopSize: 44100
        silentFrames: "noise"
        windowType: "hann"
    general:
        analysisSampleRate: 44100
        endTime: 2000
        equalLoudness: 1
        nequalLoudness: 0
        shortSound: 0
        startTime: 0
    lowlevel:
        compute: 1
        frameSize: 2048
        hopSize: 1024
        zeroPadding: 0
        silentFrames: "noise"
        windowType: "blackmanharris62"
        mfccStats: ["mean", "cov", "icov"]
        stats: ["mean", "var", "median", "min", "max", "dmean", "dmean2", "dvar", "dvar2"]
    panning:
        compute: 0
        frameSize: 8192
        hopSize: 2048
        zeroPadding: 8192
        silentFrames: "noise"
        windowType: "hann"
        stats: ["copy"]
    rhythm:
        compute: 1
        maxTempo: 208
        minTempo: 40
        method: "degara"
        stats: ["mean", "var", "median", "min", "max", "dmean", "dmean2", "dvar", "dvar2"]
    segmentation:
        compute: 0
        cpw: 5
        inc1: 300
        inc2: 50
        minimumSegmentsLength: 10
        size1: 1000
        size2: 600
    sfx:
        compute: 1
        stats: ["mean", "var", "median", "min", "max", "dmean", "dmean2", "dvar", "dvar2"]
    svm:
        compute: 0
    tonal:
        compute: 1
        frameSize: 4096
        hopSize: 2048
        zeroPadding: 0
        silentFrames: "noise"
        windowType: "blackmanharris62"
        stats: ["mean", "var", "median", "min", "max", "dmean", "dmean2", "dvar", "dvar2"]

lowlevel:
    average_loudness: 0.864290595055
    barkbands_kurtosis:
        dmean: 1.16480338573
        dmean2: 1.89534509182
        dvar: 2.75361394882
        dvar2: 6.53746747971
        max: 44.7216796875
        mean: -0.0700113847852
        median: -0.732766032219
        min: -1.91656076908
        var: 5.21202516556
    barkbands_skewness:
        dmean: 0.465917348862
        dmean2: 0.715683698654
        dvar: 0.182006821036
        dvar2: 0.402717918158
        max: 6.61074972153
        mean: -0.780987739563
        median: -0.881044745445
        min: -3.80626368523
        var: 0.852912425995
    barkbands_spread:
        dmean: 7.44413709641
        dmean2: 11.9736261368
        dvar: 45.4461097717
        dvar2: 114.939064026
        max: 85.9244995117
        mean: 38.5995445251
        median: 39.3313407898
        min: 3.07606434822
        var: 134.454940796
    dissonance:
        dmean: 0.00595614593476
        dmean2: 0.0101036950946
        dvar: 4.65423509013e-005
        dvar2: 0.000130788175738
        max: 0.500000178814
        mean: 0.489239215851
        median: 0.49097853899
        min: 0.342213094234
        var: 7.61341361795e-005
    hfc:
        dmean: 3.31790661812
        dmean2: 5.47267723083
        dvar: 20.4241962433
        dvar2: 54.1910362244
        max: 56.2572097778
        mean: 12.8776388168
        median: 12.7839775085
        min: 1.0596846053e-016
        var: 67.6575469971
    pitch:
        dmean: 428.989624023
        dmean2: 795.904663086
        dvar: 829265.625
        dvar2: 2143454.75
        max: 4647.66308594
        mean: 3210.60717773
        median: 3591.91796875
        min: 74.2382049561
        var: 1195756.125
    pitch_instantaneous_confidence:
        dmean: 0.077731795609
        dmean2: 0.129151895642
        dvar: 0.00444198679179
        dvar2: 0.0112534519285
        max: 0.970734119415
        mean: 0.485013186932
        median: 0.495754480362
        min: 0.0981209278107
        var: 0.0129450447857
    pitch_salience:
        dmean: 0.0561987571418
        dmean2: 0.0909678712487
        dvar: 0.00264710816555
        dvar2: 0.00640910724178
        max: 0.91935223341
        mean: 0.682375073433
        median: 0.699344694614
        min: 0.099363528192
        var: 0.00713962689042
    silence_rate_20dB:
        dmean: 0
        dmean2: 0
        dvar: 0
        dvar2: 0
        max: 1
        mean: 1
        median: 1
        min: 1
        var: 0
    silence_rate_30dB:
        dmean: 0
        dmean2: 0
        dvar: 0
        dvar2: 0
        max: 1
        mean: 1
        median: 1
        min: 1
        var: 0
    silence_rate_60dB:
        dmean: 0.0310077518225
        dmean2: 0.0620208457112
        dvar: 0.0300489291549
        dvar2: 0.0660979524255
        max: 1
        mean: 0.206614419818
        median: 0
        min: 0
        var: 0.163920775056
    spectral_centroid:
        dmean: 298.129333496
        dmean2: 459.732849121
        dvar: 84793.53125
        dvar2: 181932.0625
        max: 11659.1894531
        mean: 2475.38598633
        median: 2553.56958008
        min: 190.84475708
        var: 696328.4375
    spectral_complexity:
        dmean: 3.60413432121
        dmean2: 5.79171323776
        dvar: 15.0940904617
        dvar2: 35.1373519897
        max: 51
        mean: 18.8929462433
        median: 20
        min: 0
        var: 107.633529663
    spectral_crest:
        dmean: 1.77364480495
        dmean2: 2.98780822754
        dvar: 2.49435162544
        dvar2: 6.79913806915
        max: 23.7920627594
        mean: 7.15099239349
        median: 6.72316837311
        min: 3.09206819534
        var: 4.8951792717
    spectral_decrease:
        dmean: 2.45454184755e-010
        dmean2: 4.02206018491e-010
        dvar: 1.22211722053e-019
        dvar2: 3.23935172362e-019
        max: 1.66960792809e-028
        mean: -1.02875807872e-009
        median: -1.04972364134e-009
        min: -4.57251081443e-009
        var: 3.49984795912e-019
    spectral_energy:
        dmean: 0.00118776690215
        dmean2: 0.00195408426225
        dvar: 2.80953236143e-006
        dvar2: 7.45014494896e-006
        max: 0.0206590555608
        mean: 0.00505080353469
        median: 0.00514276558533
        min: 1.00172937351e-020
        var: 8.51613458508e-006
    spectral_energyband_high:
        dmean: 0.000320269435178
        dmean2: 0.000531106838025
        dvar: 2.19023462478e-007
        dvar2: 5.84850965879e-007
        max: 0.00736552197486
        mean: 0.000872587261256
        median: 0.000792263715994
        min: 7.00554124173e-021
        var: 4.60896217191e-007
    spectral_energyband_low:
        dmean: 0.000281348184217
        dmean2: 0.000438278686488
        dvar: 1.42328261177e-007
        dvar2: 3.2803046679e-007
        max: 0.00798639003187
        mean: 0.000543968577404
        median: 0.000402682868298
        min: 2.32552140114e-023
        var: 3.52451422714e-007
    spectral_energyband_middle_high:
        dmean: 0.000748641323298
        dmean2: 0.00123438378796
        dvar: 7.96979918505e-007
        dvar2: 2.10771599995e-006
        max: 0.0114922896028
        mean: 0.00282521545887
        median: 0.00275745242834
        min: 1.08384894051e-021
        var: 3.32082049681e-006
    spectral_energyband_middle_low:
        dmean: 0.000456294888863
        dmean2: 0.000740389863495
        dvar: 5.65476227621e-007
        dvar2: 1.49749757838e-006
        max: 0.0110808871686
        mean: 0.00103446119465
        median: 0.000857726612594
        min: 2.07531469596e-022
        var: 8.65712877385e-007
    spectral_flatness_db:
        dmean: 0.0145563445985
        dmean2: 0.023128664121
        dvar: 0.000164341327036
        dvar2: 0.000394980655983
        max: 0.323437154293
        mean: 0.167643204331
        median: 0.166940689087
        min: 0.0405599474907
        var: 0.000689158448949
    spectral_flux:
        dmean: 0.0062958644703
        dmean2: 0.00979303568602
        dvar: 6.48680579616e-005
        dvar2: 0.000132271248731
        max: 0.122547894716
        mean: 0.0422675795853
        median: 0.0445153079927
        min: 6.50541426284e-011
        var: 0.000335445831297
    spectral_kurtosis:
        dmean: 0.900446474552
        dmean2: 1.53352868557
        dvar: 1.05493736267
        dvar2: 3.1414103508
        max: 30.7321453094
        mean: 2.47826504707
        median: 2.29085206985
        min: -1.27346813679
        var: 2.47938585281
    spectral_rms:
        dmean: 0.000245275732595
        dmean2: 0.000392745278077
        dvar: 9.39793949328e-008
        dvar2: 2.30446062233e-007
        max: 0.0044894516468
        mean: 0.00205892766826
        median: 0.00223994022235
        min: 3.1261748832e-012
        var: 6.88439001806e-007
    spectral_rolloff:
        dmean: 283.535888672
        dmean2: 469.209869385
        dvar: 182092.71875
        dvar2: 383374.53125
        max: 19250.6835938
        mean: 4022.95922852
        median: 4026.70898438
        min: 129.19921875
        var: 1387320.375
    spectral_skewness:
        dmean: 0.143641591072
        dmean2: 0.23485955596
        dvar: 0.0189048592001
        dvar2: 0.0495271682739
        max: 4.00300741196
        mean: 0.854395627975
        median: 0.827637016773
        min: -0.0707568973303
        var: 0.0782963261008
    spectral_spread:
        dmean: 364451.1875
        dmean2: 531556.0625
        dvar: 371446775808
        dvar2: 723787251712
        max: 44597484
        mean: 4454999
        median: 4109097.5
        min: 1503929.625
        var: 7.19272647066e+012
    spectral_strongpeak:
        dmean: 0.735205709934
        dmean2: 1.3085103035
        dvar: 1.00058424473
        dvar2: 2.69754481316
        max: 12.0749979019
        mean: 0.81895428896
        median: 0.211133673787
        min: 0
        var: 1.33526837826
    zerocrossingrate:
        dmean: 0.00782040692866
        dmean2: 0.00932760629803
        dvar: 6.82125828462e-005
        dvar2: 8.00605412223e-005
        max: 0.51904296875
        mean: 0.131743252277
        median: 0.134765625
        min: 0.017578125
        var: 0.00114969571587
    barkbands:
        dmean: [2.2261414756e-007, 3.70222696802e-005, 0.000181238778168, 0.000178829068318, 0.000247019110247, 0.000110816021333, 6.21828658041e-005, 3.66664826288e-005, 4.78435176774e-005, 2.89504023385e-005, 1.8577233277e-005, 3.0278621125e-005, 3.22582709487e-005, 2.6381248972e-005, 3.77363103325e-005, 6.99337106198e-005, 0.000134243193315, 0.000312153919367, 0.000409305270296, 0.000272241042694, 0.000193198444322, 4.98621084262e-005, 1.33220355565e-005, 2.50955713454e-006, 8.28653924145e-007, 1.52638506279e-008, 2.04514016833e-010]
        dmean2: [3.17007959438e-007, 6.05884051765e-005, 0.000289028976113, 0.000283834378934, 0.000416338734794, 0.000180121816811, 0.000101035235275, 6.31361617707e-005, 7.81252820161e-005, 4.85884302179e-005, 3.09169081447e-005, 4.9989506806e-005, 5.47482122784e-005, 4.44794968644e-005, 6.35554097244e-005, 0.000115937429655, 0.000226117583225, 0.000525034614839, 0.000685834500473, 0.00045339812641, 0.000324615044519, 8.54976897244e-005, 2.29962570302e-005, 4.00467251893e-006, 1.17893580409e-006, 2.24055192177e-008, 3.80470266403e-010]
        dvar: [2.27044186403e-013, 4.78929207404e-009, 6.0752725517e-008, 6.32292156411e-008, 2.98036297863e-007, 3.28801803562e-008, 2.02294536678e-008, 8.46162073742e-009, 9.58614254642e-009, 4.88533391518e-009, 1.81538373223e-009, 4.45967307527e-009, 4.15781364893e-009, 2.95313573595e-009, 6.1324576528e-009, 1.7227524296e-008, 5.18540765881e-008, 1.23804397845e-007, 2.16655635654e-007, 1.22055311635e-007, 6.89560550882e-008, 9.95332793963e-009, 9.14434972188e-010, 3.09478623284e-011, 2.29639332723e-012, 7.7744167322e-016, 9.30216426851e-020]
        dvar2: [4.45358539544e-013, 1.28323209836e-008, 1.50194964021e-007, 1.4234676371e-007, 8.12134885564e-007, 8.14517804315e-008, 4.87785563053e-008, 2.29147651964e-008, 2.43281039758e-008, 1.29752137923e-008, 4.68990712932e-009, 1.16912186598e-008, 1.14196536671e-008, 7.93526844234e-009, 1.65256803797e-008, 4.45744916533e-008, 1.43528353647e-007, 3.37613386137e-007, 5.971801329e-007, 3.29129250076e-007, 1.85552210041e-007, 2.74433222813e-008, 2.49071585579e-009, 7.15628251102e-011, 4.41804795873e-012, 1.54733564761e-015, 2.95979181844e-019]
        max: [8.45662179927e-006, 0.000860949221533, 0.00390507373959, 0.00465597165748, 0.00820841174573, 0.00318164983764, 0.00474107731134, 0.00144270504825, 0.00188811356202, 0.00150483404286, 0.00121241260786, 0.0016036957968, 0.00168494845275, 0.00113805301953, 0.00194120430388, 0.00339698954485, 0.00518394587561, 0.00477539049461, 0.00723063759506, 0.00770506216213, 0.00460921414196, 0.00145338405855, 0.000304721994326, 0.000165263860254, 4.81569004478e-005, 6.98368751273e-007, 5.25282928265e-009]
        mean: [2.98992716807e-007, 5.04072086187e-005, 0.000301247782772, 0.000294692988973, 0.000337206874974, 0.000177417779923, 8.73634999152e-005, 4.48866921943e-005, 7.89023397374e-005, 4.44992110715e-005, 2.83012159343e-005, 5.100539056e-005, 5.3720028518e-005, 4.31898552051e-005, 6.32410519756e-005, 0.000130852451548, 0.000247329939157, 0.000717429211363, 0.00104553147685, 0.00067497784039, 0.000471442210255, 8.05043018772e-005, 1.90869250218e-005, 5.15074134455e-006, 2.09059089684e-006, 2.94773521148e-008, 1.60411878225e-010]
        median: [6.95784265758e-008, 2.92641416308e-005, 0.000209338526474, 0.00018368428573, 0.000183484939043, 0.000100203229522, 4.16191251134e-005, 1.48048075062e-005, 2.14845276787e-005, 8.30494354886e-006, 7.51875268179e-006, 1.48565177369e-005, 2.24448958761e-005, 1.59562532644e-005, 2.7597980079e-005, 7.22109471099e-005, 0.000150521504111, 0.000661769416183, 0.000989324296825, 0.000593237229623, 0.000423637218773, 4.290646757e-005, 9.08791935217e-006, 2.89672379949e-006, 1.37876088502e-006, 1.64668758629e-008, 5.36095577652e-011]
        min: [1.55437756736e-025, 2.46437582993e-024, 8.65841600834e-025, 1.82994509653e-024, 1.07726797885e-023, 8.67828327302e-024, 1.07014393379e-023, 9.00123346129e-024, 1.67196102745e-023, 1.7597890141e-023, 1.44688386506e-023, 3.68173532925e-023, 3.33798824316e-023, 2.92878431906e-023, 5.6722197731e-023, 6.14060498894e-023, 7.39009250523e-023, 9.21943633198e-023, 1.6392085324e-022, 1.82134591313e-022, 2.48273888675e-022, 3.21787546132e-022, 3.73142264844e-022, 5.89631496144e-022, 7.98192889916e-022, 1.36110853234e-021, 1.93718086006e-021]
        var: [3.54757862626e-013, 4.99497065931e-009, 1.1630795882e-007, 1.47854294141e-007, 2.86337296984e-007, 5.55204628938e-008, 2.56469263604e-008, 9.76223635263e-009, 2.19938129931e-008, 9.28192989136e-009, 3.20837556522e-009, 9.61933022126e-009, 7.66798446961e-009, 5.81349901552e-009, 1.2051558862e-008, 4.10423979247e-008, 1.00291053684e-007, 2.89948530963e-007, 6.09795165474e-007, 2.96325623594e-007, 1.44650911693e-007, 1.11113651613e-008, 8.64495364183e-010, 5.97193475227e-011, 6.65705468181e-012, 1.73256089498e-015, 7.34226708205e-020]
    frequency_bands:
        dmean: [2.2261414756e-007, 3.70222696802e-005, 0.000181238778168, 0.000178829068318, 0.000247019110247, 0.000110816021333, 6.21828658041e-005, 3.66664826288e-005, 4.78435176774e-005, 2.89504023385e-005, 1.8577233277e-005, 3.0278621125e-005, 3.22582709487e-005, 2.6381248972e-005, 3.77363103325e-005, 6.99337106198e-005, 0.000134243193315, 0.000312153919367, 0.000409305270296, 0.000272241042694, 0.000193198444322, 4.98621084262e-005, 1.33220355565e-005, 2.50955713454e-006, 8.28653924145e-007, 1.52638506279e-008, 2.04514016833e-010, 5.7914562035e-011]
        dmean2: [3.17007959438e-007, 6.05884051765e-005, 0.000289028976113, 0.000283834378934, 0.000416338734794, 0.000180121816811, 0.000101035235275, 6.31361617707e-005, 7.81252820161e-005, 4.85884302179e-005, 3.09169081447e-005, 4.9989506806e-005, 5.47482122784e-005, 4.44794968644e-005, 6.35554097244e-005, 0.000115937429655, 0.000226117583225, 0.000525034614839, 0.000685834500473, 0.00045339812641, 0.000324615044519, 8.54976897244e-005, 2.29962570302e-005, 4.00467251893e-006, 1.17893580409e-006, 2.24055192177e-008, 3.80470266403e-010, 1.07736368438e-010]
        dvar: [2.27044186403e-013, 4.78929207404e-009, 6.0752725517e-008, 6.32292156411e-008, 2.98036297863e-007, 3.28801803562e-008, 2.02294536678e-008, 8.46162073742e-009, 9.58614254642e-009, 4.88533391518e-009, 1.81538373223e-009, 4.45967307527e-009, 4.15781364893e-009, 2.95313573595e-009, 6.1324576528e-009, 1.7227524296e-008, 5.18540765881e-008, 1.23804397845e-007, 2.16655635654e-007, 1.22055311635e-007, 6.89560550882e-008, 9.95332793963e-009, 9.14434972188e-010, 3.09478623284e-011, 2.29639332723e-012, 7.7744167322e-016, 9.30216426851e-020, 7.45990250492e-021]
        dvar2: [4.45358539544e-013, 1.28323209836e-008, 1.50194964021e-007, 1.4234676371e-007, 8.12134885564e-007, 8.14517804315e-008, 4.87785563053e-008, 2.29147651964e-008, 2.43281039758e-008, 1.29752137923e-008, 4.68990712932e-009, 1.16912186598e-008, 1.14196536671e-008, 7.93526844234e-009, 1.65256803797e-008, 4.45744916533e-008, 1.43528353647e-007, 3.37613386137e-007, 5.971801329e-007, 3.29129250076e-007, 1.85552210041e-007, 2.74433222813e-008, 2.49071585579e-009, 7.15628251102e-011, 4.41804795873e-012, 1.54733564761e-015, 2.95979181844e-019, 2.37326276456e-020]
        max: [8.45662179927e-006, 0.000860949221533, 0.00390507373959, 0.00465597165748, 0.00820841174573, 0.00318164983764, 0.00474107731134, 0.00144270504825, 0.00188811356202, 0.00150483404286, 0.00121241260786, 0.0016036957968, 0.00168494845275, 0.00113805301953, 0.00194120430388, 0.00339698954485, 0.00518394587561, 0.00477539049461, 0.00723063759506, 0.00770506216213, 0.00460921414196, 0.00145338405855, 0.000304721994326, 0.000165263860254, 4.81569004478e-005, 6.98368751273e-007, 5.25282928265e-009, 1.48971024405e-009]
        mean: [2.98992716807e-007, 5.04072086187e-005, 0.000301247782772, 0.000294692988973, 0.000337206874974, 0.000177417779923, 8.73634999152e-005, 4.48866921943e-005, 7.89023397374e-005, 4.44992110715e-005, 2.83012159343e-005, 5.100539056e-005, 5.3720028518e-005, 4.31898552051e-005, 6.32410519756e-005, 0.000130852451548, 0.000247329939157, 0.000717429211363, 0.00104553147685, 0.00067497784039, 0.000471442210255, 8.05043018772e-005, 1.90869250218e-005, 5.15074134455e-006, 2.09059089684e-006, 2.94773521148e-008, 1.60411878225e-010, 4.51791069833e-011]
        median: [6.95784265758e-008, 2.92641416308e-005, 0.000209338526474, 0.00018368428573, 0.000183484939043, 0.000100203229522, 4.16191251134e-005, 1.48048075062e-005, 2.14845276787e-005, 8.30494354886e-006, 7.51875268179e-006, 1.48565177369e-005, 2.24448958761e-005, 1.59562532644e-005, 2.7597980079e-005, 7.22109471099e-005, 0.000150521504111, 0.000661769416183, 0.000989324296825, 0.000593237229623, 0.000423637218773, 4.290646757e-005, 9.08791935217e-006, 2.89672379949e-006, 1.37876088502e-006, 1.64668758629e-008, 5.36095577652e-011, 1.49147950934e-011]
        min: [1.55437756736e-025, 2.46437582993e-024, 8.65841600834e-025, 1.82994509653e-024, 1.07726797885e-023, 8.67828327302e-024, 1.07014393379e-023, 9.00123346129e-024, 1.67196102745e-023, 1.7597890141e-023, 1.44688386506e-023, 3.68173532925e-023, 3.33798824316e-023, 2.92878431906e-023, 5.6722197731e-023, 6.14060498894e-023, 7.39009250523e-023, 9.21943633198e-023, 1.6392085324e-022, 1.82134591313e-022, 2.48273888675e-022, 3.21787546132e-022, 3.73142264844e-022, 5.89631496144e-022, 7.98192889916e-022, 1.36110853234e-021, 1.93718086006e-021, 4.51424327726e-022]
        var: [3.54757862626e-013, 4.99497065931e-009, 1.1630795882e-007, 1.47854294141e-007, 2.86337296984e-007, 5.55204628938e-008, 2.56469263604e-008, 9.76223635263e-009, 2.19938129931e-008, 9.28192989136e-009, 3.20837556522e-009, 9.61933022126e-009, 7.66798446961e-009, 5.81349901552e-009, 1.2051558862e-008, 4.10423979247e-008, 1.00291053684e-007, 2.89948530963e-007, 6.09795165474e-007, 2.96325623594e-007, 1.44650911693e-007, 1.11113651613e-008, 8.64495364183e-010, 5.97193475227e-011, 6.65705468181e-012, 1.73256089498e-015, 7.34226708205e-020, 5.88320497672e-021]
    mfcc:
        mean: [-730.282653809, 67.9876251221, -38.0765075684, 82.3144607544, -9.33009147644, -5.72609710693, 4.46025705338, -6.12387752533, -8.31823158264, -8.73666381836, -3.50019860268, -3.75492620468, -6.97474718094]
        cov: [[11652.5048828, 878.127807617, -1272.89929199, 914.104797363, -669.345031738, 130.590881348, -83.4223327637, 84.2183761597, -67.5430145264, -65.1821365356, -34.839969635, -59.3621864319, -96.0851211548], [878.127807617, 614.45135498, -219.043762207, 122.589958191, -74.5157699585, -38.1704101563, 43.8477401733, -6.42999315262, 38.0714836121, -54.0155792236, -18.0138339996, -12.4379682541, -7.21920204163], [-1272.89929199, -219.043762207, 470.353027344, -13.0528583527, 103.838310242, -51.9048919678, -19.7164344788, -3.15674257278, -5.77131462097, 35.4353752136, 21.2330818176, 13.2561531067, 16.9281272888], [914.104797363, 122.589958191, -13.0528583527, 515.468688965, 88.7968597412, 8.41749572754, -0.222082316875, -56.7494850159, -14.0756120682, -24.274887085, 11.8024349213, 20.8527603149, 17.5312194824], [-669.345031738, -74.5157699585, 103.838310242, 88.7968597412, 222.89151001, 52.1455192566, 0.659798920155, -46.8215637207, 6.63438796997, 1.16725218296, 2.32053422928, 13.1012153625, 19.5260772705], [130.590881348, -38.1704101563, -51.9048919678, 8.41749572754, 52.1455192566, 167.048400879, 24.8814926147, 33.7478408813, 12.5498371124, -1.93979692459, -0.258408308029, -2.16832327843, 15.9369087219], [-83.4223327637, 43.8477401733, -19.7164344788, -0.222082316875, 0.659798920155, 24.8814926147, 121.5807724, 50.6244888306, 11.2238941193, -21.8592796326, -5.30256509781, 4.45809793472, 2.9254989624], [84.2183761597, -6.42999315262, -3.15674257278, -56.7494850159, -46.8215637207, 33.7478408813, 50.6244888306, 129.96736145, 41.7236557007, 5.7772974968, -11.462387085, -5.34768915176, 3.12531113625], [-67.5430145264, 38.0714836121, -5.77131462097, -14.0756120682, 6.63438796997, 12.5498371124, 11.2238941193, 41.7236557007, 92.7612762451, 21.3433856964, -2.49863791466, -7.47034358978, 3.46537566185], [-65.1821365356, -54.0155792236, 35.4353752136, -24.274887085, 1.16725218296, -1.93979692459, -21.8592796326, 5.7772974968, 21.3433856964, 68.9083099365, 26.5567874908, 2.04487705231, -4.34174633026], [-34.839969635, -18.0138339996, 21.2330818176, 11.8024349213, 2.32053422928, -0.258408308029, -5.30256509781, -11.462387085, -2.49863791466, 26.5567874908, 56.917678833, 24.08984375, 8.18424415588], [-59.3621864319, -12.4379682541, 13.2561531067, 20.8527603149, 13.1012153625, -2.16832327843, 4.45809793472, -5.34768915176, -7.47034358978, 2.04487705231, 24.08984375, 54.0822410583, 25.3768920898], [-96.0851211548, -7.21920204163, 16.9281272888, 17.5312194824, 19.5260772705, 15.9369087219, 2.9254989624, 3.12531113625, 3.46537566185, -4.34174633026, 8.18424415588, 25.3768920898, 55.0318908691]]
        icov: [[0.000222148039029, -6.59949946566e-005, 0.000401095778216, -0.000516818428878, 0.000650065892842, -0.00028207883588, 0.000334982207278, -0.000250615703408, 0.000246210984187, -0.000226966993068, 0.000111332388769, -1.06858658455e-006, 0.000218457615119], [-6.59949946566e-005, 0.00255777523853, 0.000842430745251, -0.000446363730589, 0.000414866721258, 0.000965018582065, -0.000889313407242, 0.000744788092561, -0.00186508451588, 0.00177254306618, -0.00052180851344, 0.00059540651273, -0.000257986132056], [0.000401095778216, 0.000842430745251, 0.00410136440769, -0.000901153776795, -0.000861620123032, 0.00172625936102, 0.000740258896258, -0.00183716765605, 0.000923986372072, -0.00095173594309, -0.000884161796421, 0.000902416242752, -0.000710835854989], [-0.000516818428878, -0.000446363730589, -0.000901153776795, 0.00357767660171, -0.00254740053788, 0.000627453962807, -0.00065957813058, 0.000987124163657, -0.000233499304159, 0.00101246067788, -0.000830391538329, -0.000396427989472, -0.000721405318473], [0.000650065892842, 0.000414866721258, -0.000861620123032, -0.00254740053788, 0.0100267957896, -0.00435526436195, -0.000547918723896, 0.00426620524377, -0.00203403481282, -0.000670514651574, 0.00265971105546, -0.00167161924765, 0.000206912169233], [-0.00028207883588, 0.000965018582065, 0.00172625936102, 0.000627453962807, -0.00435526436195, 0.00937809422612, -0.000835664919578, -0.00328101566993, 0.000353117473423, 0.00064254400786, -0.00221451977268, 0.00283476244658, -0.00298598082736], [0.000334982207278, -0.000889313407242, 0.000740258896258, -0.00065957813058, -0.000547918723896, -0.000835664919578, 0.0120778623968, -0.00588752655312, 0.000784691306762, 0.00388551154174, -0.00172651256435, -0.00130798004102, 0.00169638369698], [-0.000250615703408, 0.000744788092561, -0.00183716765605, 0.000987124163657, 0.00426620524377, -0.00328101566993, -0.00588752655312, 0.015310510993, -0.00615566596389, -0.00130625872407, 0.00394284259528, -0.00133735872805, -0.000894380267709], [0.000246210984187, -0.00186508451588, 0.000923986372072, -0.000233499304159, -0.00203403481282, 0.000353117473423, 0.000784691306762, -0.00615566596389, 0.0163732618093, -0.00675286212936, 0.00132411206141, 0.00238400511444, -0.00195736275055], [-0.000226966993068, 0.00177254306618, -0.00095173594309, 0.00101246067788, -0.000670514651574, 0.00064254400786, 0.00388551154174, -0.00130625872407, -0.00675286212936, 0.0249611157924, -0.0125386593863, 0.00201465678401, 0.00305617600679], [0.000111332388769, -0.00052180851344, -0.000884161796421, -0.000830391538329, 0.00265971105546, -0.00221451977268, -0.00172651256435, 0.00394284259528, 0.00132411206141, -0.0125386593863, 0.0295785441995, -0.012403328903, 0.000475981854834], [-1.06858658455e-006, 0.00059540651273, 0.000902416242752, -0.000396427989472, -0.00167161924765, 0.00283476244658, -0.00130798004102, -0.00133735872805, 0.00238400511444, 0.00201465678401, -0.012403328903, 0.0306703839451, -0.0124470228329], [0.000218457615119, -0.000257986132056, -0.000710835854989, -0.000721405318473, 0.000206912169233, -0.00298598082736, 0.00169638369698, -0.000894380267709, -0.00195736275055, 0.00305617600679, 0.000475981854834, -0.0124470228329, 0.0257525444031]]
    sccoeffs:
        dmean: [0.0529591180384, 0.0496406927705, 0.035355553031, 0.0275815241039, 0.0213118381798, 0.0219043251127]
        dmean2: [0.0859182327986, 0.081570379436, 0.059234932065, 0.0465545020998, 0.0353248417377, 0.0345047004521]
        dvar: [0.00183883041609, 0.00151519139763, 0.000805243093055, 0.000483549811179, 0.000297255377518, 0.000357648619683]
        dvar2: [0.00478886533529, 0.0040241018869, 0.00223315716721, 0.00135440484155, 0.000781055015977, 0.00085621298058]
        max: [-0.337562680244, -0.474688321352, -0.587993085384, -0.560720562935, -0.569144546986, -0.539726257324]
        mean: [-0.641001582146, -0.759327173233, -0.81584072113, -0.813739955425, -0.785099387169, -0.704826414585]
        median: [-0.637442469597, -0.761481523514, -0.820141136646, -0.814922332764, -0.781132102013, -0.699586749077]
        min: [-0.976221323013, -0.979090332985, -0.974757134914, -0.971438109875, -0.969006538391, -0.96459454298]
        var: [0.00657382560894, 0.00477268313989, 0.00278711947612, 0.00170679378789, 0.0015004783636, 0.00258881901391]
    scvalleys:
        dmean: [0.399096995592, 0.397123545408, 0.332849532366, 0.281867682934, 0.213685914874, 0.269975990057]
        dmean2: [0.642282962799, 0.645130097866, 0.531730890274, 0.446484476328, 0.323288083076, 0.365081697702]
        dvar: [0.119677491486, 0.145901575685, 0.104984566569, 0.0928077846766, 0.0798655152321, 0.105326607823]
        dvar2: [0.276656419039, 0.349913835526, 0.222231402993, 0.190884128213, 0.142749339342, 0.180857941508]
        max: [-5.28285312653, -4.5396194458, -5.34445476532, -5.6611032486, -5.35248565674, -7.73668718338]
        mean: [-7.30425739288, -7.32670545578, -7.89423704147, -7.76114845276, -6.86223459244, -9.92202472687]
        median: [-6.90597391129, -6.98191642761, -7.6246919632, -7.39259195328, -6.36551523209, -9.55114173889]
        min: [-28.17786026, -27.825252533, -27.911737442, -27.4871273041, -27.4576625824, -27.3565177917]
        var: [3.22062277794, 3.39238643646, 3.5442211628, 3.40829181671, 3.56764054298, 2.96529889107]

rhythm:
    beats_loudness:
        dmean: 0.00168786500581
        dmean2: 0.002922718646
        dvar: 2.51106416727e-006
        dvar2: 7.4624035733e-006
        max: 0.0139550212771
        mean: 0.00548809627071
        median: 0.00562608335167
        min: 2.25014902207e-040
        var: 7.45070792618e-006
    bpm: 148.983398438
    bpm_confidence: 0
    first_peak_bpm: 148
    first_peak_spread: 0.462921351194
    first_peak_weight: 0.398998320103
    onset_rate: 2.71547079086
    second_peak_bpm: 98
    second_peak_spread: 0.344000011683
    second_peak_weight: 0.136894822121
    beats_loudness_band_ratio:
        dmean: [0.0921896770597, 0.105386644602, 0.0341166630387, 0.0230283811688, 0.0835975781083, 0.106189414859]
        dmean2: [0.156376972795, 0.182484954596, 0.0592580512166, 0.0400238446891, 0.143895506859, 0.179214581847]
        dvar: [0.00822127331048, 0.00878254324198, 0.00222349911928, 0.00137321755756, 0.00437892880291, 0.00706333853304]
        dvar2: [0.0224471930414, 0.0227683279663, 0.00589272845536, 0.00406521977857, 0.0129855256528, 0.0198706928641]
        max: [0.824678778648, 0.574647068977, 0.601544618607, 0.435934454203, 0.676620721817, 0.73092854023]
        mean: [0.162681922317, 0.128585502505, 0.0469025336206, 0.032062381506, 0.243959531188, 0.418730646372]
        median: [0.136313602328, 0.0931929051876, 0.0277378484607, 0.019482165575, 0.237705171108, 0.426709353924]
        min: [0, 0, 0, 0, 0, 0]
        var: [0.0112484684214, 0.0106311757118, 0.00343147246167, 0.00129778659903, 0.00744590675458, 0.0121393771842]
    beats_position: [0.46439909935, 0.940408170223, 1.369977355, 1.78793644905, 2.21750569344, 2.63546490669, 3.05342388153, 3.48299312592, 3.90095233917, 4.31891155243, 4.72526073456, 5.13160991669, 5.53795909882, 5.94430828094, 6.33904743195, 6.7570066452, 7.16335582733, 7.56970500946, 7.97605419159, 8.38240337372, 8.78875255585, 9.19510173798, 9.61306095123, 10.0194101334, 10.4257593155, 10.8321084976, 11.2384576797, 11.6448068619, 12.051156044, 12.445895195, 12.8638544083, 13.2818136215, 13.6881628036, 14.0945119858, 14.4892511368, 14.8956003189, 15.301949501, 15.7082986832, 16.114648819, 16.5209980011, 16.9273471832, 17.3220863342, 17.7284355164, 18.1231746674, 18.5295238495, 18.9242630005, 19.3073921204, 19.8182315826, 20.3290691376, 20.9327888489, 21.5248966217, 22.1170063019, 22.7091159821, 23.3012237549, 23.9165534973, 24.5202713013, 25.1356010437, 25.7509288788, 26.3662586212, 26.9815864563, 27.5853061676, 28.1890239716, 28.804353714, 29.4196815491, 30.0234012604, 30.6271190643, 31.2424488068, 31.8577766418, 32.4847145081, 33.1000442505, 33.7269821167, 34.3423118591, 34.9576416016, 35.5845794678, 36.211517334, 36.8384590149, 37.4653968811, 38.0923347473, 38.7076644897, 39.3113822937, 39.9151000977, 40.5304298401, 41.1457595825, 41.761089325, 42.3764152527, 43.0033569336, 43.6186828613, 44.2456245422, 44.86095047, 45.4762802124, 46.1032180786, 46.7417678833, 47.3570976257, 47.9840354919, 48.6109733582, 49.2263031006, 49.8300209045, 50.445350647, 51.0606803894, 51.6643981934, 52.2797279358, 52.8950538635, 53.4987754822, 54.1024932861, 54.7062110901, 55.3099327087, 55.9136505127, 56.5173683167, 57.1210861206, 57.7248077393, 58.3285255432, 58.9322433472, 59.5359611511, 60.1396827698, 60.7550086975, 61.3703384399, 61.9740562439, 62.5893859863, 63.2047157288, 63.8084335327, 64.4005432129, 64.9926528931, 65.5847625732, 66.1768722534, 66.7689819336, 67.3494796753, 67.929977417, 68.5220870972, 69.1141967773, 69.7062988281, 70.3100204468, 70.8905181885, 71.4826278687, 72.0747375488, 72.6552352905, 73.2589569092, 73.8626708984, 74.4663925171, 75.0701141357, 75.697052002, 76.3123779297, 76.9393157959, 77.5778656006, 78.2048034668, 78.831741333, 79.4470748901, 80.0624008179, 80.677734375, 81.3046722412, 81.9316101074, 82.5585479736, 83.1854858398, 83.8008117676, 84.4045333862, 85.019859314, 85.6468048096, 86.2621307373, 86.865852356, 87.4811782837, 88.0965042114, 88.7234420776, 89.3503875732, 89.9773254395, 90.6042633057, 91.2195892334, 91.8465270996, 92.4618606567, 93.065574646, 93.6809082031, 94.2962341309, 94.8999557495, 95.5152816772, 96.130607605, 96.7343292236, 97.3496551514, 97.95337677, 98.5454864502, 99.1492080688, 99.5671615601, 99.9619064331, 100.368255615, 100.774604797, 101.180953979, 101.587303162, 101.982040405, 102.376777649, 102.771514893, 103.166259766, 103.572608948, 103.967346191, 104.373695374, 104.768432617, 105.174781799, 105.581130981, 105.975868225, 106.382217407, 106.788566589, 107.183311462, 107.589660645, 107.996009827, 108.39074707, 108.785484314, 109.180221558, 109.58657074, 109.992919922, 110.399269104, 110.805618286, 111.200363159, 111.595100403, 111.989837646, 112.38457489, 112.790924072, 113.197273254, 113.592018127, 113.986755371, 114.381492615, 114.776237488, 115.159362793, 115.542495728, 115.937232971, 116.343582153, 116.749931335, 117.144668579, 117.539405823, 117.934150696, 118.328887939, 118.735237122, 119.141586304, 119.536323547, 119.931060791, 120.337409973, 120.743759155, 121.150108337, 121.55645752, 121.962806702, 122.369155884, 122.775505066, 123.181854248, 123.58820343, 123.994552612, 124.400901794, 124.818862915, 125.225212097, 125.631561279, 126.037910461, 126.444259644, 126.850608826, 127.256958008, 127.66330719, 128.069656372, 128.476013184, 128.870742798, 129.265487671, 129.671829224, 130.078186035, 130.484527588, 130.890884399, 131.297225952, 131.703582764, 132.109924316, 132.516281128, 132.922622681, 133.328979492, 133.735321045, 134.141677856, 134.548019409, 134.942764282, 135.349105835, 135.743850708, 136.15020752, 136.556549072, 136.951293945, 137.357635498, 137.76399231, 138.158721924, 138.565078735, 138.971420288, 139.366165161, 139.760910034, 140.178863525, 140.585220337, 140.99156189, 141.386306763, 141.781036377, 142.17578125, 142.582122803, 142.988479614, 143.383224487, 143.777954102, 144.172698975, 144.579040527, 144.985397339, 145.380126953, 145.774871826, 146.181228638, 146.599182129, 147.028747559, 147.458312988, 147.876281738, 148.305847168, 148.723800659, 149.141769409, 149.5597229, 149.966079712, 150.372421265, 150.778778076, 151.185119629, 151.579864502, 151.974594116, 152.369338989, 152.764083862, 153.170425415, 153.576782227, 153.983123779, 154.389480591, 154.784210205, 155.178955078, 155.562088013, 155.945205688, 156.3515625, 156.757904053, 157.152648926, 157.547393799, 157.942123413, 158.325256348, 158.708389282, 159.103118896, 159.509475708, 159.915817261, 160.310562134, 160.705307007, 161.100036621, 161.494781494, 161.889526367, 162.284255981, 162.679000854, 163.073745728, 163.468475342, 163.863220215, 164.257949829, 164.652694702, 165.047439575, 165.442169189, 165.836914063, 166.231658936, 166.62638855, 167.021133423, 167.439086914, 167.857055664, 168.286621094, 168.716186523, 169.134140015, 169.552108765, 169.970062256, 170.376419067, 170.78276062, 171.177505493, 171.583847046, 171.990203857, 172.384933472, 172.779678345, 173.186035156, 173.580764771, 173.987121582, 174.381851196, 174.776596069, 175.171340942, 175.566070557, 175.972427368, 176.367156982, 176.773513794, 177.168243408, 177.57460022, 177.980941772, 178.387298584, 178.793640137, 179.18838501, 179.606338501, 180.001083374, 180.407440186, 180.825393677, 181.231735229, 181.649703979, 182.044433594, 182.450790405, 182.845535278, 183.228652954, 183.623397827, 184.0181427, 184.412872314, 184.807617188, 185.202362061, 185.597091675, 185.991836548, 186.398178101, 186.781311035, 187.176055908, 187.570785522, 187.965530396, 188.360275269, 188.755004883, 189.149749756, 189.54447937, 189.939224243, 190.333969116, 190.740310669, 191.14666748, 191.553009033, 191.959365845, 192.365707397, 192.772064209, 193.178405762, 193.584762573, 193.991104126, 194.397460938, 194.792190552, 195.186935425, 195.581680298, 195.988021851, 196.394378662, 196.812332153, 197.207077026, 197.613418579, 198.019775391, 198.414505005, 198.809249878, 199.203994751, 199.598724365, 200.005081177, 200.399810791, 200.806167603, 201.200897217, 201.59564209, 202.001998901, 202.408340454, 202.803085327, 203.197814941, 203.580947876, 203.975692749, 204.382034302, 204.800003052, 205.206344604, 205.612701416, 206.00743103, 206.402175903, 206.796905518, 207.180038452, 207.586395264, 207.992736816, 208.399093628, 208.793823242, 209.188568115, 209.583312988, 209.966430664, 210.349563599, 210.732696533, 211.139038086, 211.533782959, 211.940139771, 212.334869385, 212.741226196, 213.135955811, 213.530700684, 213.937042236, 214.331787109, 214.738143921, 215.144485474, 215.539230347, 215.945571899, 216.340316772, 216.735046387, 217.12979126, 217.524536133, 217.930877686, 218.337234497, 218.731964111, 219.138320923, 219.556274414, 219.962631226, 220.35736084, 220.77532959, 221.181671143, 221.588027954, 221.994369507, 222.38911438, 222.795455933, 223.201812744, 223.608154297, 224.00289917, 224.409240723, 224.803985596, 225.210342407, 225.61668396, 226.023040771, 226.429382324, 226.835739136, 227.23046875, 227.636825562, 228.043167114, 228.449523926, 228.855865479, 229.26222229, 229.668563843, 230.074920654, 230.481262207, 230.87600708, 231.270736694, 231.688705444, 232.095046997, 232.501403809, 232.907745361, 233.314102173, 233.708831787, 234.10357666, 234.498321533, 234.904663086, 235.311019897, 235.71736145, 236.123718262, 236.541671753, 236.936416626, 237.342758179, 237.74911499, 238.155456543, 238.550201416, 238.956542969, 239.36289978, 239.769241333, 240.175598145, 240.581939697, 240.97668457, 241.383041382, 241.789382935, 242.195739746, 242.602081299, 243.00843811, 243.403167725, 243.809524536, 244.20425415, 244.610610962, 245.016952515, 245.423309326, 245.829650879, 246.23600769, 246.642349243, 247.048706055, 247.455047607, 247.861404419, 248.256134033, 248.662490845, 249.057235718, 249.463577271, 249.869934082, 250.264663696, 250.659408569, 251.065750122, 251.472106934, 251.878448486, 252.284805298, 252.691146851, 253.097503662, 253.492233276, 253.886978149, 254.293334961, 254.699676514, 255.106033325, 255.512374878, 255.907119751, 256.301849365, 256.708190918, 257.114562988, 257.509277344, 257.915649414, 258.321990967, 258.72833252, 259.134674072, 259.529418945, 259.924163818, 260.318908691, 260.725250244, 261.131591797, 261.537963867, 261.93270874, 262.339050293, 262.745391846, 263.140136719, 263.534881592, 263.929595947, 264.32434082, 264.730712891, 265.137054443, 265.543395996, 265.961364746, 266.379302979, 266.785675049, 267.192016602, 267.609985352, 268.027923584, 268.434295654, 268.852233887]
