
metadata:
    version:
        essentia: "2.1-beta2"
    audio_properties:
        analysis_sample_rate: 44100
        bitrate: 128
        channels: 2
        equal_loudness: 1
        length: 316.475982666
        replay_gain: -5.79254722595
        downmix: "mix"
    tags:
        album: "Vulgar Display of Power"
        artist: "Pantera"
        comment: ""
        date: "1992"
        genre: "Metal"
        title: "Walk"
        tracknumber: "3"

configuration:
    average_loudness:
        compute: 1
        frameSize: 88200
        hopSize: 44100
        silentFrames: "noise"
        windowType: "hann"
    general:
        analysisSampleRate: 44100
        endTime: 2000
        equalLoudness: 1
        nequalLoudness: 0
        shortSound: 0
        startTime: 0
    lowlevel:
        compute: 1
        frameSize: 2048
        hopSize: 1024
        zeroPadding: 0
        silentFrames: "noise"
        windowType: "blackmanharris62"
        mfccStats: ["mean", "cov", "icov"]
        stats: ["mean", "var", "median", "min", "max", "dmean", "dmean2", "dvar", "dvar2"]
    panning:
        compute: 0
        frameSize: 8192
        hopSize: 2048
        zeroPadding: 8192
        silentFrames: "noise"
        windowType: "hann"
        stats: ["copy"]
    rhythm:
        compute: 1
        maxTempo: 208
        minTempo: 40
        method: "degara"
        stats: ["mean", "var", "median", "min", "max", "dmean", "dmean2", "dvar", "dvar2"]
    segmentation:
        compute: 0
        cpw: 5
        inc1: 300
        inc2: 50
        minimumSegmentsLength: 10
        size1: 1000
        size2: 600
    sfx:
        compute: 1
        stats: ["mean", "var", "median", "min", "max", "dmean", "dmean2", "dvar", "dvar2"]
    svm:
        compute: 0
    tonal:
        compute: 1
        frameSize: 4096
        hopSize: 2048
        zeroPadding: 0
        silentFrames: "noise"
        windowType: "blackmanharris62"
        stats: ["mean", "var", "median", "min", "max", "dmean", "dmean2", "dvar", "dvar2"]

lowlevel:
    average_loudness: 0.727699577808
    barkbands_kurtosis:
        dmean: 1.76850056648
        dmean2: 2.88239765167
        dvar: 17.4977741241
        dvar2: 35.2181625366
        max: 217.864120483
        mean: 0.751280784607
        median: -0.454834938049
        min: -1.94102156162
        var: 30.2978820801
    barkbands_skewness:
        dmean: 0.584064364433
        dmean2: 0.846856176853
        dvar: 0.342468112707
        dvar2: 0.643977642059
        max: 12.1138124466
        mean: -0.842477381229
        median: -0.947059035301
        min: -6.36380290985
        var: 1.39922404289
    barkbands_spread:
        dmean: 8.40217494965
        dmean2: 13.4431724548
        dvar: 59.5703277588
        dvar2: 143.257919312
        max: 80.4446563721
        mean: 36.1218566895
        median: 35.9609413147
        min: 0.608914554119
        var: 164.207611084
    dissonance:
        dmean: 0.00556564237922
        dmean2: 0.00928509328514
        dvar: 5.94096854911e-005
        dvar2: 0.000156744019478
        max: 0.500000119209
        mean: 0.490023881197
        median: 0.492753833532
        min: 0.285784542561
        var: 0.000105759281723
    hfc:
        dmean: 3.49385023117
        dmean2: 5.38372564316
        dvar: 29.3285427094
        dvar2: 71.5857696533
        max: 70.4921188354
        mean: 10.7600069046
        median: 9.19690608978
        min: 1.06274523974e-016
        var: 77.3286972046
    pitch:
        dmean: 586.681640625
        dmean2: 1100.7097168
        dvar: 1195360
        dvar2: 2998450.25
        max: 4795.41113281
        mean: 3168.01611328
        median: 3691.29858398
        min: 61.0320854187
        var: 1666792
    pitch_instantaneous_confidence:
        dmean: 0.0767250061035
        dmean2: 0.12703666091
        dvar: 0.00424655620009
        dvar2: 0.0107054729015
        max: 0.980564236641
        mean: 0.442948251963
        median: 0.436584293842
        min: 0.0933592915535
        var: 0.0143126510084
    pitch_salience:
        dmean: 0.0564559660852
        dmean2: 0.090517424047
        dvar: 0.00283867120743
        dvar2: 0.00640488555655
        max: 0.950595855713
        mean: 0.683434188366
        median: 0.704620540142
        min: 0.168955266476
        var: 0.00829009991139
    silence_rate_20dB:
        dmean: 0
        dmean2: 0
        dvar: 0
        dvar2: 0
        max: 1
        mean: 1
        median: 1
        min: 1
        var: 0
    silence_rate_30dB:
        dmean: 0
        dmean2: 0
        dvar: 0
        dvar2: 0
        max: 1
        mean: 1
        median: 1
        min: 1
        var: 0
    silence_rate_60dB:
        dmean: 0.098312549293
        dmean2: 0.19663952291
        dvar: 0.0886352360249
        dvar2: 0.188202261925
        max: 1
        mean: 0.360061615705
        median: 0
        min: 0
        var: 0.230402082205
    spectral_centroid:
        dmean: 373.902069092
        dmean2: 546.343811035
        dvar: 146904.046875
        dvar2: 276489.625
        max: 11680.8955078
        mean: 2509.92236328
        median: 2607.10449219
        min: 151.054885864
        var: 826611.5
    spectral_complexity:
        dmean: 3.9914894104
        dmean2: 6.01922369003
        dvar: 19.4660186768
        dvar2: 38.6248092651
        max: 49
        mean: 16.3313770294
        median: 17
        min: 0
        var: 104.137588501
    spectral_crest:
        dmean: 1.85153353214
        dmean2: 2.99733829498
        dvar: 3.62969470024
        dvar2: 7.75023078918
        max: 25.3629779816
        mean: 7.40972518921
        median: 6.58636903763
        min: 2.731808424
        var: 9.41148853302
    spectral_decrease:
        dmean: 2.24951474115e-010
        dmean2: 3.49174494874e-010
        dvar: 1.15440266463e-019
        dvar2: 2.86860601265e-019
        max: 1.79660904493e-028
        mean: -8.43521863469e-010
        median: -7.85731313346e-010
        min: -4.51160531156e-009
        var: 3.37586521752e-019
    spectral_energy:
        dmean: 0.00112603604794
        dmean2: 0.00174355390482
        dvar: 3.00143119603e-006
        dvar2: 7.43043619877e-006
        max: 0.0221300926059
        mean: 0.00415962282568
        median: 0.00382688432001
        min: 9.80525600174e-021
        var: 8.63282093633e-006
    spectral_energyband_high:
        dmean: 0.000393997499486
        dmean2: 0.000631080009043
        dvar: 3.725691613e-007
        dvar2: 9.03038426259e-007
        max: 0.00735999504104
        mean: 0.000819778826553
        median: 0.000611298077274
        min: 7.05314532442e-021
        var: 6.52664766676e-007
    spectral_energyband_low:
        dmean: 0.00016845331993
        dmean2: 0.000264818605501
        dvar: 5.49366134805e-008
        dvar2: 1.29181216835e-007
        max: 0.0040900898166
        mean: 0.000314642064041
        median: 0.000244082664722
        min: 2.27536736028e-023
        var: 1.01884559456e-007
    spectral_energyband_middle_high:
        dmean: 0.000697408919223
        dmean2: 0.00107960926834
        dvar: 1.11257111257e-006
        dvar2: 2.81545680991e-006
        max: 0.0160809345543
        mean: 0.00230909395032
        median: 0.00195520604029
        min: 1.13749158304e-021
        var: 3.76531284019e-006
    spectral_energyband_middle_low:
        dmean: 0.000411903340137
        dmean2: 0.000646471162327
        dvar: 3.71154499135e-007
        dvar2: 8.83207576408e-007
        max: 0.00957276206464
        mean: 0.000857042148709
        median: 0.000612339528743
        min: 1.284855243e-022
        var: 7.61933051763e-007
    spectral_flatness_db:
        dmean: 0.0170144159347
        dmean2: 0.0264338683337
        dvar: 0.000264007423539
        dvar2: 0.00056085473625
        max: 0.473192542791
        mean: 0.188170224428
        median: 0.184248015285
        min: 0.0573905929923
        var: 0.00126426434144
    spectral_flux:
        dmean: 0.00732954312116
        dmean2: 0.011045130901
        dvar: 8.63990062498e-005
        dvar2: 0.000178127142135
        max: 0.116217002273
        mean: 0.0386063866317
        median: 0.0386123917997
        min: 6.49054768265e-011
        var: 0.00035145127913
    spectral_kurtosis:
        dmean: 1.15235233307
        dmean2: 1.96551632881
        dvar: 1.92308819294
        dvar2: 5.27820968628
        max: 39.2192115784
        mean: 2.39077305794
        median: 1.99814617634
        min: -1.27013385296
        var: 3.58181595802
    spectral_rms:
        dmean: 0.000250962912105
        dmean2: 0.000372875598259
        dvar: 9.73329008502e-008
        dvar2: 2.19103242216e-007
        max: 0.00464654015377
        mean: 0.00184618402272
        median: 0.00193223857787
        min: 3.09291177739e-012
        var: 6.49771209282e-007
    spectral_rolloff:
        dmean: 351.041900635
        dmean2: 556.26373291
        dvar: 335121.46875
        dvar2: 694683.4375
        max: 19509.0820313
        mean: 4085.65087891
        median: 4112.84179688
        min: 129.19921875
        var: 1620366.25
    spectral_skewness:
        dmean: 0.17146268487
        dmean2: 0.281788527966
        dvar: 0.0297473706305
        dvar2: 0.0757892876863
        max: 4.8548989296
        mean: 0.728568434715
        median: 0.689151465893
        min: -0.232381030917
        var: 0.0887352377176
    spectral_spread:
        dmean: 455561.78125
        dmean2: 641065.6875
        dvar: 405553086464
        dvar2: 720844357632
        max: 42432964
        mean: 4225120.5
        median: 3815961
        min: 1697193.5
        var: 8.00383198822e+012
    spectral_strongpeak:
        dmean: 0.617863357067
        dmean2: 1.0823340416
        dvar: 0.786500751972
        dvar2: 2.06222987175
        max: 16.2361755371
        mean: 0.805938184261
        median: 0.236517205834
        min: 0
        var: 1.76777946949
    zerocrossingrate:
        dmean: 0.01098202914
        dmean2: 0.0121617820114
        dvar: 0.000126256534713
        dvar2: 0.000138202303788
        max: 0.52587890625
        mean: 0.131334334612
        median: 0.13427734375
        min: 0.0087890625
        var: 0.0013561565429
    barkbands:
        dmean: [1.5787949792e-007, 4.30785548815e-005, 9.62705380516e-005, 0.000121760116599, 0.000268305768259, 8.92151292646e-005, 4.53000029665e-005, 1.81891246029e-005, 3.56184864359e-005, 3.70280286006e-005, 2.24060004257e-005, 2.16451117012e-005, 2.84129691863e-005, 2.61662917183e-005, 5.02072980453e-005, 0.000126298284158, 0.000122742902022, 0.000216737185838, 0.000288660550723, 0.000320789491525, 0.000189672093256, 7.02489269315e-005, 1.07517498691e-005, 2.87859757009e-006, 1.05653316496e-006, 1.27650743309e-008, 1.68185285143e-010]
        dmean2: [1.95406613557e-007, 7.20554453437e-005, 0.000155211018864, 0.000193022831809, 0.000427569117164, 0.00014629434736, 7.54188076826e-005, 2.93596785923e-005, 5.55747246835e-005, 5.79199950153e-005, 3.57768258255e-005, 3.51215203409e-005, 4.62209063699e-005, 4.22607881774e-005, 8.23871887405e-005, 0.000205481002922, 0.00020321032207, 0.000355863303412, 0.000465744204121, 0.000515968829859, 0.000312983465847, 0.000115719689347, 1.72907784872e-005, 4.2823548938e-006, 1.604593308e-006, 1.9651107408e-008, 3.12970344085e-010]
        dvar: [1.04357942101e-013, 5.55003198954e-009, 1.75427175009e-008, 4.26696047384e-008, 2.18898350113e-007, 4.14679668381e-008, 3.76738142904e-008, 3.97761423798e-009, 1.28785968556e-008, 2.97201907529e-008, 7.41621430933e-009, 7.909221722e-009, 1.31787256663e-008, 6.20016216146e-009, 9.61256496623e-009, 4.67795366887e-008, 3.75321533852e-008, 1.21416306342e-007, 1.7923514406e-007, 1.90312903214e-007, 1.03545716001e-007, 2.05847712209e-008, 4.23154900009e-010, 4.23835411212e-011, 7.31826058087e-012, 1.16818697151e-015, 6.89700222066e-020]
        dvar2: [1.57679953621e-013, 1.50690340206e-008, 4.39058389645e-008, 9.6554813922e-008, 5.10868744641e-007, 1.05494123659e-007, 9.64001145576e-008, 9.67501634364e-009, 2.95227007285e-008, 7.18823329748e-008, 1.79261192557e-008, 2.01002610112e-008, 3.06016616491e-008, 1.43956846443e-008, 2.28516192635e-008, 1.1547140133e-007, 9.78398162488e-008, 3.16395954769e-007, 4.49023247029e-007, 4.78697131712e-007, 2.60651290773e-007, 5.21998302361e-008, 1.02646635636e-009, 8.28336219061e-011, 1.69563460495e-011, 2.57432243857e-015, 2.21879773885e-019]
        max: [3.71188457393e-006, 0.00100659369491, 0.00207166140899, 0.00456642685458, 0.0079070366919, 0.00542024010792, 0.00621168222278, 0.00217921845615, 0.00319821247831, 0.00446424586698, 0.00197979970835, 0.00429270695895, 0.00415012426674, 0.00287228729576, 0.00282639171928, 0.00618278654292, 0.0065839542076, 0.00812330748886, 0.0143278380856, 0.00665782904252, 0.0048291166313, 0.00148376915604, 0.000306274858303, 0.000257896695985, 0.000116818962852, 1.29843192553e-006, 3.3321496673e-009]
        mean: [2.25017501521e-007, 5.69047078898e-005, 0.000150929598021, 0.000178412388777, 0.00038762926124, 0.000132379529532, 5.98747828917e-005, 2.30196492339e-005, 5.90373274463e-005, 5.12334700034e-005, 3.21386469295e-005, 2.86445501843e-005, 3.6255671148e-005, 3.64352454199e-005, 8.15001694718e-005, 0.000258036394371, 0.000235455008806, 0.000461596006062, 0.000686429557391, 0.000763924035709, 0.000322382838931, 9.44473067648e-005, 1.6419642634e-005, 4.71746625408e-006, 1.58338798428e-006, 1.72011276334e-008, 1.29731170251e-010]
        median: [1.66321392214e-008, 3.21380975947e-005, 0.000108717431431, 0.00010653854406, 0.000189012367628, 6.55384501442e-005, 2.215481436e-005, 4.91218361276e-006, 9.39903657127e-006, 2.55690588347e-006, 1.49804259308e-006, 4.97209930472e-006, 6.87628789819e-006, 9.52715618041e-006, 4.42996024503e-005, 0.000179236245458, 0.000182414136361, 0.000361138110748, 0.000536603096407, 0.000649332650937, 0.000204417141504, 3.23634812958e-005, 6.5472231654e-006, 1.60016656992e-006, 5.10592997216e-007, 3.45731310247e-009, 4.05472565246e-011]
        min: [6.9436552536e-025, 3.56187067571e-024, 3.03126626478e-024, 2.54695280341e-024, 1.2479992513e-023, 1.02330279319e-023, 6.02174210987e-024, 8.70854476621e-024, 1.40234540944e-023, 1.47012575836e-023, 1.28077768409e-023, 1.8980842194e-023, 2.88912165493e-023, 4.08803056542e-023, 6.19443875038e-023, 5.78875598582e-023, 5.84154971304e-023, 9.70618938514e-023, 9.60122039765e-023, 1.68045194758e-022, 2.36585696363e-022, 2.50917191175e-022, 4.22967047784e-022, 6.37416726545e-022, 8.41647892414e-022, 1.1468894534e-021, 1.86216309098e-021]
        var: [2.39760251583e-013, 6.73619915403e-009, 2.69654005791e-008, 6.32228775999e-008, 3.71002670363e-007, 5.96795430852e-008, 4.3923105153e-008, 5.9236890948e-009, 3.44743753544e-008, 5.74373082429e-008, 1.52895172079e-008, 9.4410532725e-009, 2.04654497793e-008, 1.02147570402e-008, 1.80571912978e-008, 1.2219454959e-007, 6.53259419892e-008, 2.61451361894e-007, 6.39199129182e-007, 4.42204168394e-007, 1.42474021914e-007, 2.37990533947e-008, 6.08851635775e-010, 9.46868972118e-011, 1.11710050932e-011, 1.85201466928e-015, 5.317660461e-020]
    frequency_bands:
        dmean: [1.5787949792e-007, 4.30785548815e-005, 9.62705380516e-005, 0.000121760116599, 0.000268305768259, 8.92151292646e-005, 4.53000029665e-005, 1.81891246029e-005, 3.56184864359e-005, 3.70280286006e-005, 2.24060004257e-005, 2.16451117012e-005, 2.84129691863e-005, 2.61662917183e-005, 5.02072980453e-005, 0.000126298284158, 0.000122742902022, 0.000216737185838, 0.000288660550723, 0.000320789491525, 0.000189672093256, 7.02489269315e-005, 1.07517498691e-005, 2.87859757009e-006, 1.05653316496e-006, 1.27650743309e-008, 1.68185285143e-010, 4.76021028151e-011]
        dmean2: [1.95406613557e-007, 7.20554453437e-005, 0.000155211018864, 0.000193022831809, 0.000427569117164, 0.00014629434736, 7.54188076826e-005, 2.93596785923e-005, 5.55747246835e-005, 5.79199950153e-005, 3.57768258255e-005, 3.51215203409e-005, 4.62209063699e-005, 4.22607881774e-005, 8.23871887405e-005, 0.000205481002922, 0.00020321032207, 0.000355863303412, 0.000465744204121, 0.000515968829859, 0.000312983465847, 0.000115719689347, 1.72907784872e-005, 4.2823548938e-006, 1.604593308e-006, 1.9651107408e-008, 3.12970344085e-010, 8.85854792299e-011]
        dvar: [1.04357942101e-013, 5.55003198954e-009, 1.75427175009e-008, 4.26696047384e-008, 2.18898350113e-007, 4.14679668381e-008, 3.76738142904e-008, 3.97761423798e-009, 1.28785968556e-008, 2.97201907529e-008, 7.41621430933e-009, 7.909221722e-009, 1.31787256663e-008, 6.20016216146e-009, 9.61256496623e-009, 4.67795366887e-008, 3.75321533852e-008, 1.21416306342e-007, 1.7923514406e-007, 1.90312903214e-007, 1.03545716001e-007, 2.05847712209e-008, 4.23154900009e-010, 4.23835411212e-011, 7.31826058087e-012, 1.16818697151e-015, 6.89700222066e-020, 5.52022818807e-021]
        dvar2: [1.57679953621e-013, 1.50690340206e-008, 4.39058389645e-008, 9.6554813922e-008, 5.10868744641e-007, 1.05494123659e-007, 9.64001145576e-008, 9.67501634364e-009, 2.95227007285e-008, 7.18823329748e-008, 1.79261192557e-008, 2.01002610112e-008, 3.06016616491e-008, 1.43956846443e-008, 2.28516192635e-008, 1.1547140133e-007, 9.78398162488e-008, 3.16395954769e-007, 4.49023247029e-007, 4.78697131712e-007, 2.60651290773e-007, 5.21998302361e-008, 1.02646635636e-009, 8.28336219061e-011, 1.69563460495e-011, 2.57432243857e-015, 2.21879773885e-019, 1.77581088763e-020]
        max: [3.71188457393e-006, 0.00100659369491, 0.00207166140899, 0.00456642685458, 0.0079070366919, 0.00542024010792, 0.00621168222278, 0.00217921845615, 0.00319821247831, 0.00446424586698, 0.00197979970835, 0.00429270695895, 0.00415012426674, 0.00287228729576, 0.00282639171928, 0.00618278654292, 0.0065839542076, 0.00812330748886, 0.0143278380856, 0.00665782904252, 0.0048291166313, 0.00148376915604, 0.000306274858303, 0.000257896695985, 0.000116818962852, 1.29843192553e-006, 3.3321496673e-009, 9.40682642891e-010]
        mean: [2.25017501521e-007, 5.69047078898e-005, 0.000150929598021, 0.000178412388777, 0.00038762926124, 0.000132379529532, 5.98747828917e-005, 2.30196492339e-005, 5.90373274463e-005, 5.12334700034e-005, 3.21386469295e-005, 2.86445501843e-005, 3.6255671148e-005, 3.64352454199e-005, 8.15001694718e-005, 0.000258036394371, 0.000235455008806, 0.000461596006062, 0.000686429557391, 0.000763924035709, 0.000322382838931, 9.44473067648e-005, 1.6419642634e-005, 4.71746625408e-006, 1.58338798428e-006, 1.72011276334e-008, 1.29731170251e-010, 3.65242384948e-011]
        median: [1.66321392214e-008, 3.21380975947e-005, 0.000108717431431, 0.00010653854406, 0.000189012367628, 6.55384501442e-005, 2.215481436e-005, 4.91218361276e-006, 9.39903657127e-006, 2.55690588347e-006, 1.49804259308e-006, 4.97209930472e-006, 6.87628789819e-006, 9.52715618041e-006, 4.42996024503e-005, 0.000179236245458, 0.000182414136361, 0.000361138110748, 0.000536603096407, 0.000649332650937, 0.000204417141504, 3.23634812958e-005, 6.5472231654e-006, 1.60016656992e-006, 5.10592997216e-007, 3.45731310247e-009, 4.05472565246e-011, 1.12442728739e-011]
        min: [6.9436552536e-025, 3.56187067571e-024, 3.03126626478e-024, 2.54695280341e-024, 1.2479992513e-023, 1.02330279319e-023, 6.02174210987e-024, 8.70854476621e-024, 1.40234540944e-023, 1.47012575836e-023, 1.28077768409e-023, 1.8980842194e-023, 2.88912165493e-023, 4.08803056542e-023, 6.19443875038e-023, 5.78875598582e-023, 5.84154971304e-023, 9.70618938514e-023, 9.60122039765e-023, 1.68045194758e-022, 2.36585696363e-022, 2.50917191175e-022, 4.22967047784e-022, 6.37416726545e-022, 8.41647892414e-022, 1.1468894534e-021, 1.86216309098e-021, 5.26518534271e-022]
        var: [2.39760251583e-013, 6.73619915403e-009, 2.69654005791e-008, 6.32228775999e-008, 3.71002670363e-007, 5.96795430852e-008, 4.3923105153e-008, 5.9236890948e-009, 3.44743753544e-008, 5.74373082429e-008, 1.52895172079e-008, 9.4410532725e-009, 2.04654497793e-008, 1.02147570402e-008, 1.80571912978e-008, 1.2219454959e-007, 6.53259419892e-008, 2.61451361894e-007, 6.39199129182e-007, 4.42204168394e-007, 1.42474021914e-007, 2.37990533947e-008, 6.08851635775e-010, 9.46868972118e-011, 1.11710050932e-011, 1.85201466928e-015, 5.317660461e-020, 4.25171400308e-021]
    mfcc:
        mean: [-750.468200684, 62.6303596497, -40.7588615417, 94.8940582275, 1.93948626518, -1.1044614315, -4.50931692123, -7.89788770676, -3.3987865448, -3.43154096603, -9.97060203552, -5.86739349365, -2.42222213745]
        cov: [[9689.66601563, 643.629577637, -1192.57055664, 401.999481201, -623.669433594, 98.7522201538, -413.84677124, 20.2388553619, -86.105758667, -58.2596817017, -67.1242828369, -59.7104530334, 26.6674156189], [643.629577637, 790.47644043, -367.73147583, 124.040481567, -90.3786315918, -88.372428894, -9.39640712738, -20.8229084015, -7.08738088608, 11.5917282104, -61.5622787476, -25.2643623352, -6.87995958328], [-1192.57055664, -367.73147583, 663.068969727, -75.712387085, 101.500419617, 88.1415481567, 70.3570022583, 33.8956947327, 14.3638439178, -44.7858734131, 23.0824890137, 1.08291757107, -26.84258461], [401.999481201, 124.040481567, -75.712387085, 620.011230469, 228.440383911, -15.1159515381, -95.451171875, -104.072441101, -18.5552005768, 34.0517234802, -20.245475769, 2.90298366547, 44.2834510803], [-623.669433594, -90.3786315918, 101.500419617, 228.440383911, 294.08203125, 16.8467941284, -12.6984958649, -74.6222229004, -9.82729053497, 33.2347984314, 7.91969633102, 15.0529556274, 20.0716667175], [98.7522201538, -88.372428894, 88.1415481567, -15.1159515381, 16.8467941284, 136.595916748, 42.2582397461, 29.3491020203, -10.214548111, -24.217414856, 19.3923816681, 0.0877809226513, -4.57686233521], [-413.84677124, -9.39640712738, 70.3570022583, -95.451171875, -12.6984958649, 42.2582397461, 170.031661987, 95.1424255371, 22.624332428, -13.2602071762, 4.52523231506, 2.73766040802, -5.31851053238], [20.2388553619, -20.8229084015, 33.8956947327, -104.072441101, -74.6222229004, 29.3491020203, 95.1424255371, 141.695129395, 51.3141326904, -5.62226200104, -2.39992070198, -12.3848114014, -3.55158352852], [-86.105758667, -7.08738088608, 14.3638439178, -18.5552005768, -9.82729053497, -10.214548111, 22.624332428, 51.3141326904, 87.7587890625, 34.772644043, 6.26734495163, -6.40940332413, -3.71163368225], [-58.2596817017, 11.5917282104, -44.7858734131, 34.0517234802, 33.2347984314, -24.217414856, -13.2602071762, -5.62226200104, 34.772644043, 85.6694030762, 32.3172683716, 8.69062995911, 1.41211855412], [-67.1242828369, -61.5622787476, 23.0824890137, -20.245475769, 7.91969633102, 19.3923816681, 4.52523231506, -2.39992070198, 6.26734495163, 32.3172683716, 75.0369186401, 35.3292198181, 10.1909475327], [-59.7104530334, -25.2643623352, 1.08291757107, 2.90298366547, 15.0529556274, 0.0877809226513, 2.73766040802, -12.3848114014, -6.40940332413, 8.69062995911, 35.3292198181, 63.3443603516, 34.1534881592], [26.6674156189, -6.87995958328, -26.84258461, 44.2834510803, 20.0716667175, -4.57686233521, -5.31851053238, -3.55158352852, -3.71163368225, 1.41211855412, 10.1909475327, 34.1534881592, 68.8722839355]]
        icov: [[0.000225852214498, 1.58333677973e-005, 0.000327056244714, -0.00030249307747, 0.000554300379008, -0.000557929452043, 0.000644833955448, -0.000408201362006, 0.00013934794697, 7.41490948712e-005, 5.38378553756e-005, -9.81210614555e-005, 0.000112905006972], [1.58333677973e-005, 0.00206116144545, 0.000922076753341, -0.00068452488631, 0.000962915015407, 0.000505074975081, -0.00112212565728, 0.00076582870679, -5.95952587901e-005, -0.000298480386846, 0.00121799088083, -0.000146897582454, 0.000600584316999], [0.000327056244714, 0.000922076753341, 0.00299613690004, -0.000264712114586, -0.000265023729298, -0.00110820273403, 0.000399312702939, -0.000616485602222, -0.000814457656816, 0.00214057881385, -0.000606061890721, -0.00024512046366, 0.00142949377187], [-0.00030249307747, -0.00068452488631, -0.000264712114586, 0.00340814958327, -0.00318137207069, 0.000231101599638, 0.000609081878792, 0.000516164815053, -0.000315275246976, -0.000260079745203, 0.000410950393416, 0.000815007078927, -0.0017062514089], [0.000554300379008, 0.000962915015407, -0.000265023729298, -0.00318137207069, 0.00889212917536, -0.00238974601962, -0.0014873824548, 0.00377004081383, 5.34073296876e-005, -0.00355928367935, 0.00232911133207, -0.000621434766799, -0.000807501666714], [-0.000557929452043, 0.000505074975081, -0.00110820273403, 0.000231101599638, -0.00238974601962, 0.0118240257725, -0.00281228288077, -0.00150215579197, 0.00152590079233, 0.00374514260329, -0.00530099868774, 0.00240709306672, 0.000469709077151], [0.000644833955448, -0.00112212565728, 0.000399312702939, 0.000609081878792, -0.0014873824548, -0.00281228288077, 0.0138547345996, -0.0102381389588, 0.00183953344822, 0.00140526669566, -0.000179166425369, -0.00297476816922, 0.00176276592538], [-0.000408201362006, 0.00076582870679, -0.000616485602222, 0.000516164815053, 0.00377004081383, -0.00150215579197, -0.0102381389588, 0.0204900540411, -0.0091293733567, -0.000187833182281, 0.0013994879555, 0.00388121441938, -0.00389003381133], [0.00013934794697, -5.95952587901e-005, -0.000814457656816, -0.000315275246976, 5.34073296876e-005, 0.00152590079233, 0.00183953344822, -0.0091293733567, 0.0200956594199, -0.00877824705094, 0.00119123642799, 0.000640445156023, 0.000351598107954], [7.41490948712e-005, -0.000298480386846, 0.00214057881385, -0.000260079745203, -0.00355928367935, 0.00374514260329, 0.00140526669566, -0.000187833182281, -0.00877824705094, 0.0236029773951, -0.0124149816111, 0.00237154774368, 0.00203195726499], [5.38378553756e-005, 0.00121799088083, -0.000606061890721, 0.000410950393416, 0.00232911133207, -0.00530099868774, -0.000179166425369, 0.0013994879555, 0.00119123642799, -0.0124149816111, 0.0275986362249, -0.0143806375563, 0.00199397164397], [-9.81210614555e-005, -0.000146897582454, -0.00024512046366, 0.000815007078927, -0.000621434766799, 0.00240709306672, -0.00297476816922, 0.00388121441938, 0.000640445156023, 0.00237154774368, -0.0143806375563, 0.0319508574903, -0.0140152806416], [0.000112905006972, 0.000600584316999, 0.00142949377187, -0.0017062514089, -0.000807501666714, 0.000469709077151, 0.00176276592538, -0.00389003381133, 0.000351598107954, 0.00203195726499, 0.00199397164397, -0.0140152806416, 0.0230245627463]]
    sccoeffs:
        dmean: [0.0546573363245, 0.0493391826749, 0.0361674167216, 0.0340201258659, 0.0201350003481, 0.0221414435655]
        dmean2: [0.0887478142977, 0.0812234729528, 0.0589980445802, 0.0562540851533, 0.0333946980536, 0.0342714861035]
        dvar: [0.001904576784, 0.00156715710182, 0.00089309347095, 0.000762927229516, 0.000284165027551, 0.00039292674046]
        dvar2: [0.00493128970265, 0.00414448836818, 0.00230317073874, 0.00196693488397, 0.000727239937987, 0.000873958342709]
        max: [-0.355484813452, -0.475583434105, -0.47262224555, -0.534175634384, -0.576155304909, -0.550308465958]
        mean: [-0.65943723917, -0.754344940186, -0.81680983305, -0.770989060402, -0.800957202911, -0.705787301064]
        median: [-0.658850908279, -0.75794261694, -0.828024685383, -0.771672487259, -0.803883314133, -0.695438444614]
        min: [-0.98321634531, -0.980874300003, -0.97649949789, -0.974681377411, -0.968283832073, -0.965830147266]
        var: [0.00581911299378, 0.00509485835209, 0.00358308618888, 0.00285256863572, 0.0014171868097, 0.00258895056322]
    scvalleys:
        dmean: [0.400817245245, 0.407749980688, 0.402757793665, 0.327748030424, 0.252427965403, 0.408457845449]
        dmean2: [0.643826782703, 0.637446582317, 0.604076981544, 0.490055888891, 0.354491353035, 0.515256762505]
        dvar: [0.121096417308, 0.137242674828, 0.146668121219, 0.12251856178, 0.109169073403, 0.221088320017]
        dvar2: [0.272269934416, 0.280282527208, 0.291617482901, 0.218982681632, 0.156953245401, 0.37488296628]
        max: [-5.52417039871, -5.23912858963, -5.22549438477, -5.77023839951, -5.24345064163, -7.57750034332]
        mean: [-7.27639627457, -7.68214464188, -8.42206573486, -7.95041465759, -6.85765552521, -10.1511468887]
        median: [-6.91935825348, -7.37451219559, -8.25457763672, -7.6259098053, -6.39347076416, -9.86848068237]
        min: [-28.0427341461, -28.0964488983, -27.6504306793, -27.7448406219, -27.4886264801, -27.3831768036]
        var: [2.90074419975, 2.95592784882, 3.0685544014, 2.96404671669, 3.1446685791, 2.93020367622]

rhythm:
    beats_loudness:
        dmean: 0.00374437798746
        dmean2: 0.00732231372967
        dvar: 8.00686120783e-006
        dvar2: 2.76726968877e-005
        max: 0.0164843127131
        mean: 0.00595772312954
        median: 0.00562815787271
        min: 0
        var: 1.14076747195e-005
    bpm: 117.556838989
    bpm_confidence: 0
    first_peak_bpm: 117
    first_peak_spread: 0.572992742062
    first_peak_weight: 0.184834122658
    onset_rate: 3.88023138046
    second_peak_bpm: 123
    second_peak_spread: 0.354651153088
    second_peak_weight: 0.175355449319
    beats_loudness_band_ratio:
        dmean: [0.145722135901, 0.0872492864728, 0.0425764769316, 0.0364995077252, 0.0954431071877, 0.144023045897]
        dmean2: [0.282457321882, 0.16265194118, 0.0781611576676, 0.0677096545696, 0.165422469378, 0.264813452959]
        dvar: [0.0266648475081, 0.00572315696627, 0.00502843596041, 0.00441509950906, 0.00523351924494, 0.0117989778519]
        dvar2: [0.084737367928, 0.0175484977663, 0.0137782143429, 0.0124951358885, 0.0150527609512, 0.0362860299647]
        max: [0.831484675407, 0.644181609154, 0.482085585594, 0.369947075844, 0.683999955654, 0.868041753769]
        mean: [0.138957500458, 0.109107233584, 0.0379642769694, 0.0299325641245, 0.248993456364, 0.469688594341]
        median: [0.0899077802896, 0.0930138081312, 0.015849865973, 0.0090845823288, 0.238115519285, 0.478451371193]
        min: [0, 0, 0, 0, 0, 0]
        var: [0.0194832291454, 0.00582544226199, 0.00368364038877, 0.0031003409531, 0.0109547739848, 0.0149503191933]
    beats_position: [0.557278871536, 1.09133780003, 1.62539684772, 2.15945577621, 2.69351458549, 3.20435357094, 3.7151927948, 4.22603178024, 4.73687076569, 5.24770975113, 5.73532867432, 6.24616765976, 6.7570066452, 7.27945566177, 7.8251247406, 8.37079334259, 8.90485286713, 9.45052146912, 9.97297000885, 10.5070295334, 11.0294780731, 11.5635375977, 12.0975961685, 12.6316547394, 13.1657142639, 13.6997728348, 14.2338323593, 14.7678909302, 15.2903394699, 15.8127889633, 16.3236274719, 16.8460769653, 17.3685264587, 17.9025840759, 18.4250335693, 18.9474830627, 19.4815406799, 20.0039901733, 20.5264396667, 21.037279129, 21.5713367462, 22.1053962708, 22.6278457642, 23.1502952576, 23.6611328125, 24.1487522125, 24.6479816437, 25.1356010437, 25.6348285675, 26.1456680298, 26.6448974609, 27.1673469543, 27.6781845093, 28.2006340027, 28.711473465, 29.2339229584, 29.7447605133, 30.2788200378, 30.8128795624, 31.3121089935, 31.8113365173, 32.2989578247, 32.7749671936, 33.2509727478, 33.7153739929, 34.1681632996, 34.6790008545, 35.1782302856, 35.6774597168, 36.1999092102, 36.7339668274, 37.2680282593, 37.8020858765, 38.3361434937, 38.8585929871, 39.3810424805, 39.9151000977, 40.4491615295, 40.9832191467, 41.5172767639, 42.0513381958, 42.5737876892, 43.0846252441, 43.6070747375, 44.1179122925, 44.6519737244, 45.1860313416, 45.7200889587, 46.2657585144, 46.8114280701, 47.3454856873, 47.8795471191, 48.4136047363, 48.9476623535, 49.4817237854, 50.0157814026, 50.538230896, 51.0606803894, 51.5715179443, 52.0591392517, 52.5467567444, 53.0343742371, 53.5452156067, 54.0560531616, 54.5552825928, 55.0545120239, 55.5421295166, 56.0181388855, 56.4941482544, 56.9817695618, 57.4693870544, 57.9802246094, 58.4678459167, 58.9786834717, 59.4779129028, 60.0003623962, 60.4995918274, 60.9988212585, 61.5096588135, 62.0204963684, 62.5081176758, 62.9957351685, 63.5065765381, 64.0058059692, 64.5050354004, 65.0042648315, 65.5034942627, 66.0259399414, 66.536781311, 67.0592269897, 67.5700683594, 68.0925140381, 68.6033554077, 69.1141967773, 69.6366424561, 70.1474838257, 70.6467132568, 71.145942688, 71.6335601807, 72.1211776733, 72.608795166, 73.0731964111, 73.5608139038, 74.0484313965, 74.5824966431, 75.1281585693, 75.673828125, 76.2311096191, 76.7651672363, 77.276008606, 77.7868499756, 78.3092956543, 78.831741333, 79.3425827026, 79.8534240723, 80.375869751, 80.8983230591, 81.4091567993, 81.9199981689, 82.4192276001, 82.9184570313, 83.4060745239, 83.8936920166, 84.3929214478, 84.9153747559, 85.4029922485, 85.9138336182, 86.4362792969, 86.9587249756, 87.4811782837, 88.0036239624, 88.514465332, 89.0253067017, 89.5361404419, 90.0469818115, 90.5462112427, 91.0338287354, 91.5098419189, 91.9974594116, 92.4734649658, 92.9494781494, 93.4138793945, 93.9131011963, 94.4239425659, 94.9231719971, 95.4340133667, 95.9564590454, 96.4789123535, 97.0129699707, 97.5470275879, 98.0810852051, 98.6151428223, 99.1492080688, 99.6716537476, 100.194099426, 100.728164673, 101.26222229, 101.77305603, 102.2838974, 102.806350708, 103.328796387, 103.862854004, 104.396911621, 104.919364929, 105.453422546, 105.975868225, 106.509933472, 107.043991089, 107.578048706, 108.123718262, 108.669387817, 109.203445435, 109.737503052, 110.248344421, 110.747573853, 111.246803284, 111.804077148, 112.338134766, 112.860588074, 113.394645691, 113.928703308, 114.451156616, 114.985214233, 115.519271851, 116.053329468, 116.587387085, 117.121452332, 117.64389801, 118.166343689, 118.700408936, 119.17641449, 119.652427673, 120.140045166, 120.639274597, 121.138504028, 121.637733459, 122.136962891, 122.624580383, 123.112197876, 123.599815369, 124.0990448, 124.586662292, 125.097503662, 125.596733093, 126.107574463, 126.595191956, 127.106025696, 127.616867065, 128.127700806, 128.626937866, 129.126159668, 129.637008667, 130.147842407, 130.635467529, 131.134689331, 131.633926392, 132.133148193, 132.643981934, 133.166442871, 133.677276611, 134.188110352, 134.698959351, 135.209793091, 135.720626831, 136.23147583, 136.74230957, 137.253143311, 137.752380371, 138.251602173, 138.750839233, 139.261672974, 139.749298096, 140.236907959, 140.73614502, 141.270202637, 141.792648315, 142.338317871, 142.883987427, 143.429656982, 143.9637146, 144.486160278, 145.008621216, 145.531066895, 146.053512573, 146.564346313, 147.075195313, 147.597640991, 148.12008667, 148.63092041, 149.141769409, 149.640991211, 150.140228271, 150.627838135, 151.127075195, 151.626296997, 152.137145996, 152.636367798, 153.158813477, 153.681274414, 154.203720093, 154.714553833, 155.236999512, 155.747848511, 156.247070313, 156.757904053, 157.268753052, 157.756362915, 158.243988037, 158.731613159, 159.219223022, 159.706848145, 160.194458008, 160.693695068, 161.19291687, 161.703765869, 162.214599609, 162.71383667, 163.213058472, 163.73550415, 164.234741211, 164.745574951, 165.244796753, 165.744033813, 166.231658936, 166.719268799, 167.206893921, 167.682891846, 168.182128906, 168.692962646, 169.203811646, 169.703033447, 170.202270508, 170.713104248, 171.21232605, 171.71156311, 172.199172974, 172.710021973, 173.220855713, 173.708480835, 174.196090698, 174.68371582, 175.171340942, 175.647338867, 176.123352051, 176.587753296, 177.075378418, 177.539764404, 178.004165649, 178.480178833, 178.944580078, 179.408981323, 179.884979248, 180.349380493, 180.813781738, 181.278182983, 181.742584229, 182.230194092, 182.717819214, 183.205444336, 183.693054199, 184.180679321, 184.703125, 185.225570679, 185.736419678, 186.224029541, 186.711654663, 187.199264526, 187.686889648, 188.174514771, 188.662124634, 189.138137817, 189.637359619, 190.124984741, 190.612609863, 191.100219727, 191.587844849, 192.075454712, 192.597915649, 193.10874939, 193.607971191, 194.095596313, 194.583221436, 195.05921936, 195.546844482, 196.034469604, 196.510467529, 196.998092651, 197.485717773, 197.973327637, 198.460952759, 198.960174561, 199.459411621, 199.970245361, 200.49269104, 201.003540039, 201.502761841, 201.990386963, 202.477996826, 202.965621948, 203.453231812, 203.929244995, 204.405258179, 204.881271362, 205.357269287, 205.844894409, 206.332519531, 206.820129395, 207.307754517, 207.79536438, 208.29460144, 208.805435181, 209.304672241, 209.792282104, 210.279907227, 210.76751709, 211.243530273, 211.719543457, 212.195556641, 212.671554565, 213.159179688, 213.64680481, 214.15763855, 214.680084229, 215.202529907, 215.713378906, 216.235824585, 216.758270264, 217.269119263, 217.779953003, 218.290786743, 218.801635742, 219.312469482, 219.823303223, 220.322540283, 220.821762085, 221.309387207, 221.79699707, 222.284622192, 222.783843994, 223.306304932, 223.817138672, 224.327972412, 224.838821411, 225.349655151, 225.860488892, 226.371337891, 226.882171631, 227.393005371, 227.90385437, 228.41468811, 228.902313232, 229.389923096, 229.865936279, 230.353561401, 230.852783203, 231.363616943, 231.874465942, 232.385299683, 232.896133423, 233.406982422, 233.917816162, 234.440261841, 234.962722778, 235.485168457, 236.007614136, 236.506851196, 237.006072998, 237.49369812, 237.981307983, 238.468933105, 238.956542969, 239.444168091, 239.931793213, 240.431015015, 240.930252075, 241.429473877, 241.940307617, 242.439544678, 242.938766479, 243.43800354, 243.94883728, 244.448074341, 244.947296143, 245.434921265, 245.922531128, 246.41015625, 246.897766113, 247.385391235, 247.873016357, 248.372238159, 248.87147522, 249.359085083, 249.869934082, 250.380767822, 250.891601563, 251.402450562, 251.913284302, 252.424118042, 252.911743164, 253.399353027, 253.886978149, 254.362991333, 254.839004517, 255.315002441, 255.791015625, 256.255401611, 256.731414795, 257.207427979, 257.671844482, 258.136230469, 258.600616455, 259.065032959, 259.529418945, 259.993835449, 260.458221436, 260.922637939, 261.387023926, 261.851409912, 262.315826416, 262.780212402, 263.244628906, 263.709014893, 264.173431396, 264.637817383, 265.102203369, 265.566619873, 266.031005859, 266.495422363, 266.95980835, 267.424224854, 267.88861084, 268.352996826, 268.81741333, 269.270202637, 269.722991943, 270.18737793, 270.651794434, 271.10458374, 271.557373047, 272.021759033, 272.486175537, 272.950561523, 273.41494751, 273.879364014, 274.34375, 274.819763184, 275.295776367, 275.771789551, 276.247802734, 276.723815918, 277.199798584, 277.664215088, 278.128601074, 278.593017578, 279.057403564, 279.533416748, 280.009429932, 280.485443115, 280.961456299, 281.425842285, 281.890258789, 282.354644775, 282.819030762, 283.295043945, 283.771057129, 284.247070313, 284.723083496, 285.187469482, 285.651885986, 286.116271973, 286.580688477, 287.033477783, 287.48626709, 287.950653076, 288.403442383, 288.867828369, 289.320617676, 289.773406982, 290.226196289, 290.690612793, 291.154998779, 291.619415283, 292.08380127, 292.548217773, 293.01260376, 293.476989746, 293.94140625, 294.405792236, 294.87020874, 295.334594727, 295.79901123, 296.263397217, 296.727783203, 297.192199707, 297.656585693, 298.121002197, 298.573791504, 299.026580811, 299.479370117, 299.932159424, 300.38494873, 300.837738037, 301.290527344, 301.74331665, 302.18447876, 302.637268066, 303.090057373, 303.54284668, 303.995635986, 304.46005249, 304.912841797, 305.377227783, 305.84161377, 306.317626953, 306.782043457, 307.258056641, 307.734039307, 308.21005249, 308.686065674, 309.150482178, 309.626464844, 310.102478027, 310.578491211, 311.066131592, 311.553741455, 312.041351318, 312.517364502, 312.981750488, 313.457763672, 313.933776855, 314.409790039, 314.885803223, 315.361816406, 315.83782959]
