
metadata:
    version:
        essentia: "2.1-beta2"
    audio_properties:
        analysis_sample_rate: 44100
        bitrate: 320
        channels: 2
        equal_loudness: 1
        length: 277.159179688
        replay_gain: -14.9680900574
        downmix: "mix"
    tags:
        album: "Alive In The Night (Live)"
        artist: "Powerwolf"
        comment: ""
        date: "2012"
        genre: "Power Metal"
        title: "Prayer In The Dark"
        tracknumber: "03"

configuration:
    average_loudness:
        compute: 1
        frameSize: 88200
        hopSize: 44100
        silentFrames: "noise"
        windowType: "hann"
    general:
        analysisSampleRate: 44100
        endTime: 2000
        equalLoudness: 1
        nequalLoudness: 0
        shortSound: 0
        startTime: 0
    lowlevel:
        compute: 1
        frameSize: 2048
        hopSize: 1024
        zeroPadding: 0
        silentFrames: "noise"
        windowType: "blackmanharris62"
        mfccStats: ["mean", "cov", "icov"]
        stats: ["mean", "var", "median", "min", "max", "dmean", "dmean2", "dvar", "dvar2"]
    panning:
        compute: 0
        frameSize: 8192
        hopSize: 2048
        zeroPadding: 8192
        silentFrames: "noise"
        windowType: "hann"
        stats: ["copy"]
    rhythm:
        compute: 1
        maxTempo: 208
        minTempo: 40
        method: "degara"
        stats: ["mean", "var", "median", "min", "max", "dmean", "dmean2", "dvar", "dvar2"]
    segmentation:
        compute: 0
        cpw: 5
        inc1: 300
        inc2: 50
        minimumSegmentsLength: 10
        size1: 1000
        size2: 600
    sfx:
        compute: 1
        stats: ["mean", "var", "median", "min", "max", "dmean", "dmean2", "dvar", "dvar2"]
    svm:
        compute: 0
    tonal:
        compute: 1
        frameSize: 4096
        hopSize: 2048
        zeroPadding: 0
        silentFrames: "noise"
        windowType: "blackmanharris62"
        stats: ["mean", "var", "median", "min", "max", "dmean", "dmean2", "dvar", "dvar2"]

lowlevel:
    average_loudness: 0.970434069633
    barkbands_kurtosis:
        dmean: 0.6463149786
        dmean2: 1.05376553535
        dvar: 0.601190924644
        dvar2: 1.48920190334
        max: 15.5529985428
        mean: -0.41947478056
        median: -0.805319190025
        min: -1.86481106281
        var: 1.58577811718
    barkbands_skewness:
        dmean: 0.330333799124
        dmean2: 0.517438709736
        dvar: 0.08432572335
        dvar2: 0.196365341544
        max: 3.81754732132
        mean: -0.430128693581
        median: -0.527159571648
        min: -2.87329721451
        var: 0.640991866589
    barkbands_spread:
        dmean: 4.40894365311
        dmean2: 7.12937498093
        dvar: 16.347114563
        dvar2: 41.8635101318
        max: 57.1296920776
        mean: 27.8550930023
        median: 27.1549072266
        min: 4.4885187149
        var: 64.69556427
    dissonance:
        dmean: 0.0117794051766
        dmean2: 0.0201326888055
        dvar: 0.000151577187353
        dvar2: 0.000423604389653
        max: 0.500000059605
        mean: 0.480081915855
        median: 0.48462074995
        min: 0.348168760538
        var: 0.00026144401636
    hfc:
        dmean: 2.74773454666
        dmean2: 4.38266277313
        dvar: 8.33138084412
        dvar2: 20.9848995209
        max: 42.7396507263
        mean: 13.6761236191
        median: 13.9136104584
        min: 1.19798543178e-016
        var: 38.8979187012
    pitch:
        dmean: 832.02154541
        dmean2: 1606.16271973
        dvar: 1736127.375
        dvar2: 4227538.5
        max: 4293.48046875
        mean: 1426.0748291
        median: 413.414672852
        min: 69.1418228149
        var: 2404948
    pitch_instantaneous_confidence:
        dmean: 0.0748365446925
        dmean2: 0.121539637446
        dvar: 0.0036504867021
        dvar2: 0.00938177295029
        max: 0.868804812431
        mean: 0.410377204418
        median: 0.390005111694
        min: 0.130166590214
        var: 0.0140801593661
    pitch_salience:
        dmean: 0.0516036711633
        dmean2: 0.0829066485167
        dvar: 0.00197332073003
        dvar2: 0.00493309088051
        max: 0.925190746784
        mean: 0.651468932629
        median: 0.666380524635
        min: 0.227645277977
        var: 0.00802595540881
    silence_rate_20dB:
        dmean: 0
        dmean2: 0
        dvar: 0
        dvar2: 0
        max: 1
        mean: 1
        median: 1
        min: 1
        var: 0
    silence_rate_30dB:
        dmean: 0
        dmean2: 0
        dvar: 0
        dvar2: 0
        max: 1
        mean: 1
        median: 1
        min: 1
        var: 0
    silence_rate_60dB:
        dmean: 0.0197704620659
        dmean2: 0.0395442359149
        dvar: 0.0193807203323
        dvar2: 0.0440071336925
        max: 1
        mean: 0.0794940516353
        median: 0
        min: 0
        var: 0.0731825456023
    spectral_centroid:
        dmean: 219.40145874
        dmean2: 345.268218994
        dvar: 49181.5195313
        dvar2: 106233.375
        max: 11095.6904297
        mean: 2121.46533203
        median: 2235.34912109
        min: 378.161804199
        var: 298712.625
    spectral_complexity:
        dmean: 3.85792064667
        dmean2: 6.11494636536
        dvar: 12.3528118134
        dvar2: 27.5761852264
        max: 46
        mean: 23.6159324646
        median: 25
        min: 0
        var: 75.6290664673
    spectral_crest:
        dmean: 1.84086918831
        dmean2: 3.02362632751
        dvar: 3.07640695572
        dvar2: 7.64990377426
        max: 23.5700645447
        mean: 7.16184854507
        median: 6.33608198166
        min: 2.49960613251
        var: 8.28655147552
    spectral_decrease:
        dmean: 2.40765130055e-010
        dmean2: 3.86400633712e-010
        dvar: 5.4943992311e-020
        dvar2: 1.39237916644e-019
        max: 2.99044920255e-029
        mean: -1.33172406436e-009
        median: -1.33875455166e-009
        min: -3.61448959652e-009
        var: 1.98181320754e-019
    spectral_energy:
        dmean: 0.00111776031554
        dmean2: 0.00179099477828
        dvar: 1.16762214475e-006
        dvar2: 2.94600249617e-006
        max: 0.0171765089035
        mean: 0.00626671221107
        median: 0.00636413972825
        min: 1.07532106383e-020
        var: 4.57288888356e-006
    spectral_energyband_high:
        dmean: 0.000247306161327
        dmean2: 0.000413564033806
        dvar: 9.84804273685e-008
        dvar2: 2.713395304e-007
        max: 0.00400992156938
        mean: 0.00074162252713
        median: 0.000718183349818
        min: 7.65141178039e-021
        var: 2.01282503554e-007
    spectral_energyband_low:
        dmean: 0.00010888576071
        dmean2: 0.000177027075551
        dvar: 2.90512396361e-008
        dvar2: 7.29263049948e-008
        max: 0.00355591485277
        mean: 0.000215535241296
        median: 0.000143768935231
        min: 8.4034455536e-023
        var: 5.84022998851e-008
    spectral_energyband_middle_high:
        dmean: 0.000824452843517
        dmean2: 0.00129940151237
        dvar: 6.2917752075e-007
        dvar2: 1.58875434408e-006
        max: 0.0138921011239
        mean: 0.00384752452374
        median: 0.0038138218224
        min: 1.47762750372e-021
        var: 3.30473744725e-006
    spectral_energyband_middle_low:
        dmean: 0.000552589655854
        dmean2: 0.000894486904144
        dvar: 4.69089542321e-007
        dvar2: 1.17604849947e-006
        max: 0.0115051632747
        mean: 0.00164716586005
        median: 0.00128343387041
        min: 2.9945606773e-022
        var: 1.38919892834e-006
    spectral_flatness_db:
        dmean: 0.0117800906301
        dmean2: 0.0188939534128
        dvar: 0.000103878555819
        dvar2: 0.000256953178905
        max: 0.319760262966
        mean: 0.155490770936
        median: 0.152072429657
        min: 0.0703682601452
        var: 0.000533421116415
    spectral_flux:
        dmean: 0.00643320288509
        dmean2: 0.00994977355003
        dvar: 3.53869218088e-005
        dvar2: 7.7765158494e-005
        max: 0.102186895907
        mean: 0.0454275794327
        median: 0.0456701554358
        min: 1.03697689324e-010
        var: 0.000146585603943
    spectral_kurtosis:
        dmean: 0.972650170326
        dmean2: 1.69412839413
        dvar: 0.748896300793
        dvar2: 2.309268713
        max: 11.9460544586
        mean: 3.43161678314
        median: 3.32008457184
        min: -1.21335339546
        var: 1.44687199593
    spectral_rms:
        dmean: 0.000218179338844
        dmean2: 0.00034633371979
        dvar: 3.85321996532e-008
        dvar2: 9.37544299973e-008
        max: 0.00409360090271
        mean: 0.0024278818164
        median: 0.00249176984653
        min: 3.23897159094e-012
        var: 2.19252683564e-007
    spectral_rolloff:
        dmean: 254.966262817
        dmean2: 422.654663086
        dvar: 106678.28125
        dvar2: 226131.34375
        max: 19186.0839844
        mean: 3616.18286133
        median: 3811.37695313
        min: 322.998046875
        var: 447141.25
    spectral_skewness:
        dmean: 0.142893835902
        dmean2: 0.239454597235
        dvar: 0.0154880452901
        dvar2: 0.0424369387329
        max: 2.59446358681
        mean: 1.15030109882
        median: 1.11887955666
        min: -0.0394497066736
        var: 0.0840362906456
    spectral_spread:
        dmean: 301269.21875
        dmean2: 466980.46875
        dvar: 219013939200
        dvar2: 355977134080
        max: 40961360
        mean: 3888658
        median: 3773883.25
        min: 2086369.75
        var: 663721607168
    spectral_strongpeak:
        dmean: 0.744010448456
        dmean2: 1.26615393162
        dvar: 0.824918687344
        dvar2: 2.16326951981
        max: 9.87563037872
        mean: 1.33107101917
        median: 1.04338932037
        min: 8.06727928904e-009
        var: 1.49275863171
    zerocrossingrate:
        dmean: 0.00672663981095
        dmean2: 0.00825582258403
        dvar: 4.66902165499e-005
        dvar2: 6.13895099377e-005
        max: 0.48046875
        mean: 0.112078174949
        median: 0.1181640625
        min: 0.017578125
        var: 0.000555440259632
    barkbands:
        dmean: [1.59893488672e-007, 2.67006762442e-005, 6.00587663939e-005, 9.99523181235e-005, 0.000213276172872, 0.000126232436742, 8.85088302311e-005, 7.10483873263e-005, 0.000228562144912, 0.00027193481219, 7.82061033533e-005, 7.26839643903e-005, 5.47943345737e-005, 7.77510140324e-005, 6.05030618317e-005, 0.000132745641167, 0.000261410430539, 0.000188750054804, 0.000383806123864, 0.00026362776407, 0.000130496875499, 2.90478074021e-005, 5.6915132518e-006, 9.54150095822e-007, 5.42374436918e-007, 2.0925652322e-008, 3.04887726177e-010]
        dmean2: [2.12172380998e-007, 4.55192166555e-005, 0.000101041317976, 0.000156462410814, 0.000355739815859, 0.000205687785638, 0.000146529579069, 0.000117905365187, 0.000363647617633, 0.000425480073318, 0.000126540719066, 0.000117471223348, 8.94902623259e-005, 0.000127383667859, 9.92726854747e-005, 0.000221339665586, 0.000434231391409, 0.000310374249239, 0.000631019880529, 0.000435919617303, 0.000221602851525, 5.03339288116e-005, 9.63124057307e-006, 1.59164801516e-006, 8.57432951307e-007, 3.33074972048e-008, 5.46556466752e-010]
        dvar: [9.30699202602e-014, 1.99675453949e-009, 9.78044312205e-009, 3.56612588348e-008, 1.37829829328e-007, 4.05965749906e-008, 2.66710600272e-008, 3.54141036496e-008, 2.40248908767e-007, 2.75494585367e-007, 2.24071357025e-008, 1.20731069586e-008, 8.79142092458e-009, 1.56066874979e-008, 6.50410925118e-009, 2.57909000823e-008, 9.89815376329e-008, 4.78935149317e-008, 1.71772171598e-007, 8.11973492887e-008, 3.18698027968e-008, 2.92659252388e-009, 1.47598558375e-010, 4.48214642484e-012, 1.74765085216e-012, 4.26703773904e-015, 1.93265683642e-019]
        dvar2: [1.48380046856e-013, 5.66703706184e-009, 2.66702251395e-008, 7.60242002684e-008, 3.72302878304e-007, 1.04806005652e-007, 6.98900706197e-008, 8.39534592956e-008, 5.78841479637e-007, 6.78590424741e-007, 5.63985267377e-008, 3.03324760864e-008, 2.23925589182e-008, 3.95228454408e-008, 1.68321268035e-008, 6.95195581102e-008, 2.61953971403e-007, 1.24046664496e-007, 4.53901378705e-007, 2.21033246817e-007, 8.8864496206e-008, 8.06035060918e-009, 3.95093652239e-010, 1.15140952328e-011, 3.98550420097e-012, 9.64465086842e-015, 5.55764093709e-019]
        max: [2.9751195143e-006, 0.000543205067515, 0.00181773351505, 0.00452629104257, 0.00459285406396, 0.00525741977617, 0.00505527621135, 0.00443299440667, 0.0107136061415, 0.00757402135059, 0.00380887812935, 0.00358416768722, 0.00243235751987, 0.00278985360637, 0.00165883405134, 0.00316984462552, 0.00693009980023, 0.00461761886254, 0.00699680065736, 0.00450703967363, 0.00235304818489, 0.000900947197806, 0.000298879633192, 6.5964719397e-005, 3.84495979233e-005, 2.08462074625e-006, 1.50864707393e-008]
        mean: [2.06632378763e-007, 4.33561181126e-005, 9.2659938673e-005, 0.000171271458385, 0.000354422052624, 0.000244325725362, 0.000163382952451, 0.000106140483695, 0.000441305164713, 0.000548603129573, 0.000148697567056, 0.000131872788188, 9.72895577434e-005, 0.000143023600685, 0.000120472512208, 0.000278648978565, 0.00058176490711, 0.000444955454441, 0.00101043411996, 0.000743718119338, 0.000328520254698, 5.67453425901e-005, 1.14082295113e-005, 2.25539952226e-006, 1.19248818464e-006, 4.47491927957e-008, 3.58379131926e-010]
        median: [3.52507285584e-008, 2.83929148281e-005, 5.04239724251e-005, 6.92851244821e-005, 0.00021600961918, 0.000150402483996, 0.000100094955997, 5.00522619404e-005, 0.00016231565678, 0.000166053621797, 7.35207140679e-005, 8.76906560734e-005, 6.15550379734e-005, 8.98736470845e-005, 8.76641861396e-005, 0.000225766649237, 0.000488251971547, 0.000371181376977, 0.000930305744987, 0.000701662909705, 0.000303307140712, 4.25024554715e-005, 7.59905924497e-006, 1.79242317699e-006, 7.16905901754e-007, 2.51345788627e-008, 2.16465873004e-010]
        min: [4.07511596576e-023, 4.34902551145e-023, 6.22351103575e-024, 3.11828038364e-023, 1.14299154652e-022, 2.77638459633e-023, 3.62433496988e-023, 4.61062598712e-023, 2.96883068514e-023, 1.08990827579e-022, 2.89774422016e-023, 6.59295360922e-023, 1.83047360178e-022, 2.24371680926e-022, 8.13987197903e-023, 2.2053862472e-022, 1.53081929646e-022, 1.16716375927e-022, 1.9291144102e-022, 3.22982272817e-022, 3.66260318037e-022, 7.2305173037e-022, 6.39009796433e-022, 1.03780753448e-021, 8.73178296765e-022, 1.72264886208e-021, 2.40799970548e-021]
        var: [1.70036212757e-013, 2.42776110326e-009, 1.57158055458e-008, 9.42565350215e-008, 1.87257626294e-007, 7.96939545467e-008, 4.31227213937e-008, 5.34498738602e-008, 6.79314382523e-007, 8.98815926575e-007, 7.58917622079e-008, 2.50607303798e-008, 1.52286308008e-008, 2.96710549463e-008, 1.37533175959e-008, 5.20006224747e-008, 2.14884153138e-007, 1.07794583926e-007, 4.58366429257e-007, 2.34899459883e-007, 5.1235470977e-008, 2.96335622707e-009, 1.87174109545e-010, 5.90719400478e-012, 2.97316815265e-012, 6.63245771238e-015, 2.14273227767e-019]
    frequency_bands:
        dmean: [1.59893488672e-007, 2.67006762442e-005, 6.00587663939e-005, 9.99523181235e-005, 0.000213276172872, 0.000126232436742, 8.85088302311e-005, 7.10483873263e-005, 0.000228562144912, 0.00027193481219, 7.82061033533e-005, 7.26839643903e-005, 5.47943345737e-005, 7.77510140324e-005, 6.05030618317e-005, 0.000132745641167, 0.000261410430539, 0.000188750054804, 0.000383806123864, 0.00026362776407, 0.000130496875499, 2.90478074021e-005, 5.6915132518e-006, 9.54150095822e-007, 5.42374436918e-007, 2.0925652322e-008, 3.04887726177e-010, 7.27123916633e-011]
        dmean2: [2.12172380998e-007, 4.55192166555e-005, 0.000101041317976, 0.000156462410814, 0.000355739815859, 0.000205687785638, 0.000146529579069, 0.000117905365187, 0.000363647617633, 0.000425480073318, 0.000126540719066, 0.000117471223348, 8.94902623259e-005, 0.000127383667859, 9.92726854747e-005, 0.000221339665586, 0.000434231391409, 0.000310374249239, 0.000631019880529, 0.000435919617303, 0.000221602851525, 5.03339288116e-005, 9.63124057307e-006, 1.59164801516e-006, 8.57432951307e-007, 3.33074972048e-008, 5.46556466752e-010, 1.34796618312e-010]
        dvar: [9.30699202602e-014, 1.99675453949e-009, 9.78044312205e-009, 3.56612588348e-008, 1.37829829328e-007, 4.05965749906e-008, 2.66710600272e-008, 3.54141036496e-008, 2.40248908767e-007, 2.75494585367e-007, 2.24071357025e-008, 1.20731069586e-008, 8.79142092458e-009, 1.56066874979e-008, 6.50410925118e-009, 2.57909000823e-008, 9.89815376329e-008, 4.78935149317e-008, 1.71772171598e-007, 8.11973492887e-008, 3.18698027968e-008, 2.92659252388e-009, 1.47598558375e-010, 4.48214642484e-012, 1.74765085216e-012, 4.26703773904e-015, 1.93265683642e-019, 9.21219658311e-021]
        dvar2: [1.48380046856e-013, 5.66703706184e-009, 2.66702251395e-008, 7.60242002684e-008, 3.72302878304e-007, 1.04806005652e-007, 6.98900706197e-008, 8.39534592956e-008, 5.78841479637e-007, 6.78590424741e-007, 5.63985267377e-008, 3.03324760864e-008, 2.23925589182e-008, 3.95228454408e-008, 1.68321268035e-008, 6.95195581102e-008, 2.61953971403e-007, 1.24046664496e-007, 4.53901378705e-007, 2.21033246817e-007, 8.8864496206e-008, 8.06035060918e-009, 3.95093652239e-010, 1.15140952328e-011, 3.98550420097e-012, 9.64465086842e-015, 5.55764093709e-019, 2.90288470036e-020]
        max: [2.9751195143e-006, 0.000543205067515, 0.00181773351505, 0.00452629104257, 0.00459285406396, 0.00525741977617, 0.00505527621135, 0.00443299440667, 0.0107136061415, 0.00757402135059, 0.00380887812935, 0.00358416768722, 0.00243235751987, 0.00278985360637, 0.00165883405134, 0.00316984462552, 0.00693009980023, 0.00461761886254, 0.00699680065736, 0.00450703967363, 0.00235304818489, 0.000900947197806, 0.000298879633192, 6.5964719397e-005, 3.84495979233e-005, 2.08462074625e-006, 1.50864707393e-008, 1.07415143447e-009]
        mean: [2.06632378763e-007, 4.33561181126e-005, 9.2659938673e-005, 0.000171271458385, 0.000354422052624, 0.000244325725362, 0.000163382952451, 0.000106140483695, 0.000441305164713, 0.000548603129573, 0.000148697567056, 0.000131872788188, 9.72895577434e-005, 0.000143023600685, 0.000120472512208, 0.000278648978565, 0.00058176490711, 0.000444955454441, 0.00101043411996, 0.000743718119338, 0.000328520254698, 5.67453425901e-005, 1.14082295113e-005, 2.25539952226e-006, 1.19248818464e-006, 4.47491927957e-008, 3.58379131926e-010, 5.70723746041e-011]
        median: [3.52507285584e-008, 2.83929148281e-005, 5.04239724251e-005, 6.92851244821e-005, 0.00021600961918, 0.000150402483996, 0.000100094955997, 5.00522619404e-005, 0.00016231565678, 0.000166053621797, 7.35207140679e-005, 8.76906560734e-005, 6.15550379734e-005, 8.98736470845e-005, 8.76641861396e-005, 0.000225766649237, 0.000488251971547, 0.000371181376977, 0.000930305744987, 0.000701662909705, 0.000303307140712, 4.25024554715e-005, 7.59905924497e-006, 1.79242317699e-006, 7.16905901754e-007, 2.51345788627e-008, 2.16465873004e-010, 2.49066774149e-011]
        min: [4.07511596576e-023, 4.34902551145e-023, 6.22351103575e-024, 3.11828038364e-023, 1.14299154652e-022, 2.77638459633e-023, 3.62433496988e-023, 4.61062598712e-023, 2.96883068514e-023, 1.08990827579e-022, 2.89774422016e-023, 6.59295360922e-023, 1.83047360178e-022, 2.24371680926e-022, 8.13987197903e-023, 2.2053862472e-022, 1.53081929646e-022, 1.16716375927e-022, 1.9291144102e-022, 3.22982272817e-022, 3.66260318037e-022, 7.2305173037e-022, 6.39009796433e-022, 1.03780753448e-021, 8.73178296765e-022, 1.72264886208e-021, 2.40799970548e-021, 9.08566016371e-022]
        var: [1.70036212757e-013, 2.42776110326e-009, 1.57158055458e-008, 9.42565350215e-008, 1.87257626294e-007, 7.96939545467e-008, 4.31227213937e-008, 5.34498738602e-008, 6.79314382523e-007, 8.98815926575e-007, 7.58917622079e-008, 2.50607303798e-008, 1.52286308008e-008, 2.96710549463e-008, 1.37533175959e-008, 5.20006224747e-008, 2.14884153138e-007, 1.07794583926e-007, 4.58366429257e-007, 2.34899459883e-007, 5.1235470977e-008, 2.96335622707e-009, 1.87174109545e-010, 5.90719400478e-012, 2.97316815265e-012, 6.63245771238e-015, 2.14273227767e-019, 7.45766330115e-021]
    mfcc:
        mean: [-680.622497559, 96.0617218018, -68.4273834229, 56.6883430481, -28.120759964, -8.40720081329, -1.60960376263, -1.27716290951, -0.584328114986, -6.6604590416, -10.1970491409, -8.8389415741, -6.38725662231]
        cov: [[1019.58111572, -94.852935791, 109.954017639, 325.918884277, 115.137809753, 94.7248077393, 133.871810913, 44.4143562317, 49.097026825, 40.323299408, -22.4327545166, 74.5550460815, 87.3764801025], [-94.852935791, 339.452362061, 45.0977020264, 105.618255615, 2.89225172997, 25.8680763245, 0.502074539661, -8.32898330688, -16.1827316284, 9.8264131546, 6.40375757217, -5.60377931595, -17.9376316071], [109.954017639, 45.0977020264, 284.403533936, 56.3882408142, 77.3543167114, 32.7219848633, 27.7857894897, 12.9128990173, -12.9226865768, 4.0623998642, -13.5128669739, -18.497341156, -1.73371720314], [325.918884277, 105.618255615, 56.3882408142, 403.983886719, 143.881607056, 85.783454895, 98.1723709106, -5.06711387634, 42.7644577026, 19.0827693939, -24.6604671478, 53.5647354126, 66.7865066528], [115.137809753, 2.89225172997, 77.3543167114, 143.881607056, 153.734191895, 44.711643219, 60.2297897339, -31.1874313354, 11.5515241623, 0.398436874151, -13.6396083832, 21.3611564636, 24.5928993225], [94.7248077393, 25.8680763245, 32.7219848633, 85.783454895, 44.711643219, 110.234596252, 44.8091506958, 29.5684452057, -0.326721459627, 1.21326398849, -9.03816795349, -8.89205741882, 14.8512573242], [133.871810913, 0.502074539661, 27.7857894897, 98.1723709106, 60.2297897339, 44.8091506958, 123.257194519, 33.7316894531, 36.4114074707, 4.01002216339, -19.2349853516, 21.863910675, 23.0366592407], [44.4143562317, -8.32898330688, 12.9128990173, -5.06711387634, -31.1874313354, 29.5684452057, 33.7316894531, 110.962844849, 32.3220443726, 20.2045688629, -2.08645510674, -9.2247133255, 0.272478342056], [49.097026825, -16.1827316284, -12.9226865768, 42.7644577026, 11.5515241623, -0.326721459627, 36.4114074707, 32.3220443726, 77.3312683105, 32.1205978394, 2.58999586105, 14.2006511688, 10.5231084824], [40.323299408, 9.8264131546, 4.0623998642, 19.0827693939, 0.398436874151, 1.21326398849, 4.01002216339, 20.2045688629, 32.1205978394, 67.1594543457, 27.1419086456, 16.7260818481, -2.53954267502], [-22.4327545166, 6.40375757217, -13.5128669739, -24.6604671478, -13.6396083832, -9.03816795349, -19.2349853516, -2.08645510674, 2.58999586105, 27.1419086456, 63.3504562378, 19.6859970093, -2.523676157], [74.5550460815, -5.60377931595, -18.497341156, 53.5647354126, 21.3611564636, -8.89205741882, 21.863910675, -9.2247133255, 14.2006511688, 16.7260818481, 19.6859970093, 76.994354248, 31.9430179596], [87.3764801025, -17.9376316071, -1.73371720314, 66.7865066528, 24.5928993225, 14.8512573242, 23.0366592407, 0.272478342056, 10.5231084824, -2.53954267502, -2.523676157, 31.9430179596, 65.0685806274]]
        icov: [[0.00178837031126, 0.00114303408191, -0.000696509378031, -0.00160580745433, 0.00102753983811, -0.000409615167882, -0.000809286721051, -5.33523707418e-005, 0.000661740778014, -0.00092784804292, 0.000229199751629, -0.000675786985084, -0.000267461116891], [0.00114303408191, 0.00463590957224, -0.00111273257062, -0.00308222766034, 0.0025984859094, -0.000628475740086, -0.000683553982526, 0.000660487625282, 0.00157448952086, -0.000913739844691, -0.000761233852245, -0.000153460641741, 0.00203313282691], [-0.000696509378031, -0.00111273257062, 0.00506509840488, 0.000929552828893, -0.00400541583076, 0.000923341372982, 0.000270274031209, -0.00202912790701, 0.00191436440218, -0.000915419426747, 0.000293036777293, 0.00194099510554, -0.000261481443886], [-0.00160580745433, -0.00308222766034, 0.000929552828893, 0.00759824551642, -0.00466505018994, -0.00196215859614, 0.000326719804434, 0.000518762913998, -0.00258016888984, -0.000383500591852, 0.00230876496062, -0.00140083266888, -0.00319472327828], [0.00102753983811, 0.0025984859094, -0.00400541583076, -0.00466505018994, 0.0167584121227, -0.00374714843929, -0.00499757193029, 0.00758581282571, -0.00124996202067, -0.000433303794125, -3.78537479264e-005, -0.00142355228309, 0.0011595224496], [-0.000409615167882, -0.000628475740086, 0.000923341372982, -0.00196215859614, -0.00374714843929, 0.0156656298786, -0.00304012419656, -0.00533909769729, 0.00538047449663, -0.000910312752239, -0.00203494587913, 0.00575431995094, -0.00245471810922], [-0.000809286721051, -0.000683553982526, 0.000270274031209, 0.000326719804434, -0.00499757193029, -0.00304012419656, 0.0161701831967, -0.00456024659798, -0.00554883433506, 0.00338038010523, 0.00340695935301, -0.00444035418332, 0.000788420438766], [-5.33523707418e-005, 0.000660487625282, -0.00202912790701, 0.000518762913998, 0.00758581282571, -0.00533909769729, -0.00456024659798, 0.0164967142045, -0.00544704776257, -0.00274682766758, 0.000680707220454, 0.0013534334721, -0.000300185172819], [0.000661740778014, 0.00157448952086, 0.00191436440218, -0.00258016888984, -0.00124996202067, 0.00538047449663, -0.00554883433506, -0.00544704776257, 0.0238872505724, -0.0104949818924, 0.000953801965807, 0.00196570390835, -0.00172430917155], [-0.00092784804292, -0.000913739844691, -0.000915419426747, -0.000383500591852, -0.000433303794125, -0.000910312752239, 0.00338038010523, -0.00274682766758, -0.0104949818924, 0.0263023525476, -0.00935186166316, -0.00375442951918, 0.00475377123803], [0.000229199751629, -0.000761233852245, 0.000293036777293, 0.00230876496062, -3.78537479264e-005, -0.00203494587913, 0.00340695935301, 0.000680707220454, 0.000953801965807, -0.00935186166316, 0.0239334981889, -0.00735787535086, 0.000411273998907], [-0.000675786985084, -0.000153460641741, 0.00194099510554, -0.00140083266888, -0.00142355228309, 0.00575431995094, -0.00444035418332, 0.0013534334721, 0.00196570390835, -0.00375442951918, -0.00735787535086, 0.0237274356186, -0.00925216265023], [-0.000267461116891, 0.00203313282691, -0.000261481443886, -0.00319472327828, 0.0011595224496, -0.00245471810922, 0.000788420438766, -0.000300185172819, -0.00172430917155, 0.00475377123803, 0.000411273998907, -0.00925216265023, 0.02442663908]]
    sccoeffs:
        dmean: [0.0524151958525, 0.0460433475673, 0.0404522866011, 0.0284840706736, 0.0204661693424, 0.0188374742866]
        dmean2: [0.0855796262622, 0.076634272933, 0.0661436319351, 0.0476173684001, 0.0339910425246, 0.0303503405303]
        dvar: [0.00185299152508, 0.00134693167638, 0.00100735807791, 0.000474806176499, 0.000253666890785, 0.000313289987389]
        dvar2: [0.00486784754321, 0.0036561624147, 0.00261643668637, 0.00130803918, 0.000681767589413, 0.000766535813455]
        max: [-0.327998220921, -0.427952557802, -0.450666427612, -0.603079020977, -0.626283586025, -0.545362651348]
        mean: [-0.654037415981, -0.740887999535, -0.743398249149, -0.782976686954, -0.779776215553, -0.705332934856]
        median: [-0.65954720974, -0.74452650547, -0.754209637642, -0.785577058792, -0.785194158554, -0.703664302826]
        min: [-0.952625393867, -0.967570245266, -0.968695640564, -0.963303744793, -0.957780539989, -0.954996109009]
        var: [0.00608315179124, 0.00359283899888, 0.00486203981563, 0.00143710779957, 0.00111783272587, 0.00152464164421]
    scvalleys:
        dmean: [0.374001920223, 0.32881373167, 0.2718513906, 0.225350096822, 0.174424827099, 0.198657169938]
        dmean2: [0.620360434055, 0.550520181656, 0.44707274437, 0.370760351419, 0.276859164238, 0.314026892185]
        dvar: [0.114910267293, 0.105899266899, 0.0802667140961, 0.0638770088553, 0.0532065443695, 0.0911645889282]
        dvar2: [0.269834369421, 0.232871621847, 0.151943281293, 0.113878123462, 0.0788303092122, 0.184336915612]
        max: [-5.56741762161, -4.8106842041, -5.36394786835, -5.82345962524, -5.45503520966, -7.88145637512]
        mean: [-7.18273925781, -6.52903270721, -6.65952205658, -6.8854341507, -6.46453046799, -9.66549491882]
        median: [-6.94504547119, -6.50728321075, -6.64478302002, -6.86564445496, -6.33415651321, -9.58853054047]
        min: [-27.7677383423, -26.8682136536, -26.9044380188, -27.1933002472, -27.3128814697, -27.3762588501]
        var: [0.957444250584, 0.235592409968, 0.17618830502, 0.141727954149, 0.25950217247, 0.281185477972]

rhythm:
    beats_loudness:
        dmean: 0.00175483338535
        dmean2: 0.00318970391527
        dvar: 1.8416636749e-006
        dvar2: 5.58709052711e-006
        max: 0.0123545592651
        mean: 0.00662671402097
        median: 0.00689599197358
        min: 0.000309080933221
        var: 4.09307267546e-006
    bpm: 106.352798462
    bpm_confidence: 0
    first_peak_bpm: 108
    first_peak_spread: 0.263157963753
    first_peak_weight: 0.396761119366
    onset_rate: 2.06018805504
    second_peak_bpm: 103
    second_peak_spread: 0.430939227343
    second_peak_weight: 0.208502024412
    beats_loudness_band_ratio:
        dmean: [0.0538374297321, 0.0704310685396, 0.103251904249, 0.0870359167457, 0.0861392170191, 0.0829738229513]
        dmean2: [0.0943671762943, 0.126851916313, 0.180959627032, 0.151568755507, 0.146593019366, 0.13996347785]
        dvar: [0.00500394031405, 0.00394607707858, 0.0117837609723, 0.0106925880536, 0.00509027438238, 0.00447854399681]
        dvar2: [0.014020501636, 0.0119993407279, 0.0338245891035, 0.0303327236325, 0.0148279312998, 0.0120311714709]
        max: [0.700703978539, 0.407576978207, 0.797466516495, 0.859972417355, 0.667733728886, 0.572723984718]
        mean: [0.0752631500363, 0.102066881955, 0.158989861608, 0.138624772429, 0.262109845877, 0.31251847744]
        median: [0.0598207749426, 0.0888533443213, 0.0913417413831, 0.0934199690819, 0.261817663908, 0.326244205236]
        min: [2.96863563563e-005, 0.00226812576875, 0.0109022920951, 0.0162740182132, 0.0414510443807, 0.0209700409323]
        var: [0.00480458186939, 0.00511165708303, 0.0229006744921, 0.0134416092187, 0.00812588632107, 0.0138214817271]
    beats_position: [0.394739210606, 0.801088392735, 1.21904754639, 1.63700675964, 2.06657600403, 2.48453521729, 2.91410422325, 3.33206343651, 3.73841261864, 4.15637159348, 4.58594083786, 5.01551008224, 5.41024923325, 5.81659841537, 6.2229475975, 6.62929677963, 7.03564596176, 7.44199514389, 7.84834432602, 8.25469398499, 8.66104316711, 9.2067117691, 9.75238037109, 10.2980499268, 10.8437185287, 11.3893871307, 11.9350566864, 12.4923353195, 13.0496139526, 13.6533327103, 14.2454423904, 14.8491611481, 15.4412698746, 16.0217685699, 16.602268219, 17.1711559296, 17.7400455475, 18.3089332581, 18.877822876, 19.4815406799, 20.0852603912, 20.6773700714, 21.2578678131, 21.8383674622, 22.4072551727, 22.9877548218, 23.5566444397, 24.1255321503, 24.6944217682, 25.2633094788, 25.8205890656, 26.3778686523, 26.9467563629, 27.5156459808, 28.0961437225, 28.6882534027, 29.2803630829, 29.8608608246, 30.4413604736, 31.0218582153, 31.6023578644, 32.1828575134, 32.7633552551, 33.3438529968, 33.9127426147, 34.4816322327, 35.0621299744, 35.6194114685, 36.1766891479, 36.7339668274, 37.2796363831, 37.8253059387, 38.3709754944, 38.9398651123, 39.4971427917, 40.0544204712, 40.6116981506, 41.1689796448, 41.7262573242, 42.2951469421, 42.8640365601, 43.4213142395, 43.9785919189, 44.5358734131, 45.0931510925, 45.650428772, 46.2077102661, 46.7649879456, 47.322265625, 47.8795471191, 48.4368247986, 48.994102478, 49.5513839722, 50.1086616516, 50.6659393311, 51.234828949, 51.8037185669, 52.3609962463, 52.9182739258, 53.4755554199, 54.0328330994, 54.5901107788, 55.1473922729, 55.7046699524, 56.2619476318, 56.819229126, 57.3765068054, 57.9337844849, 58.491065979, 59.0483436584, 59.6056213379, 60.162902832, 60.7201805115, 61.2774581909, 61.8579597473, 62.4152374268, 62.9725151062, 63.5530128479, 64.1335144043, 64.714012146, 65.2945098877, 65.8866195679, 66.4555053711, 67.0360107422, 67.6281204224, 68.2202224731, 68.7891159058, 69.358001709, 69.9268951416, 70.4957809448, 71.053062439, 71.6103363037, 72.1908340454, 72.7481155396, 73.3053970337, 73.8394546509, 74.396736145, 74.9540100098, 75.5112915039, 76.068572998, 76.6258468628, 77.1715164185, 77.7404098511, 78.2976837158, 78.85496521, 79.4122467041, 79.9695205688, 80.526802063, 81.0840835571, 81.6413574219, 82.198638916, 82.7559204102, 83.3131942749, 83.870475769, 84.4509735107, 85.0082550049, 85.5655288696, 86.1228103638, 86.6800918579, 87.2373657227, 87.7946472168, 88.3519287109, 88.9092025757, 89.4664840698, 90.023765564, 90.5810394287, 91.1383209229, 91.695602417, 92.2528762817, 92.8101577759, 93.36743927, 93.9247131348, 94.4819946289, 95.0508804321, 95.5965499878, 96.1538314819, 96.7227172852, 97.2916107178, 97.8488845825, 98.3945541382, 98.9402236938, 99.497505188, 100.054779053, 100.612060547, 101.169342041, 101.726615906, 102.2838974, 102.841178894, 103.398452759, 103.955734253, 104.513015747, 105.08190155, 105.650794983, 106.208068848, 106.765350342, 107.322631836, 107.879905701, 108.437187195, 108.994468689, 109.551742554, 110.109024048, 110.666305542, 111.223579407, 111.780860901, 112.338134766, 112.89541626, 113.452697754, 114.021583557, 114.59047699, 115.147750854, 115.705032349, 116.262313843, 116.807983398, 117.353645325, 117.910926819, 118.468208313, 119.037094116, 119.605987549, 120.163261414, 120.720542908, 121.277824402, 121.835098267, 122.392379761, 122.949661255, 123.50693512, 124.064216614, 124.621498108, 125.190383911, 125.747665405, 126.316551208, 126.873832703, 127.431106567, 127.988388062, 128.545669556, 129.10295105, 129.660217285, 130.217498779, 130.774780273, 131.332061768, 131.877731323, 132.446624756, 133.003890991, 133.561172485, 134.118453979, 134.675735474, 135.233016968, 135.790298462, 136.347564697, 136.904846191, 137.462127686, 138.01940918, 138.576690674, 139.133972168, 139.691238403, 140.248519897, 140.805801392, 141.363082886, 141.92036438, 142.500854492, 143.058135986, 143.61541748, 144.172698975, 144.729980469, 145.287246704, 145.844528198, 146.401809692, 146.959091187, 147.516372681, 148.073654175, 148.63092041, 149.188201904, 149.745483398, 150.302764893, 150.860046387, 151.417327881, 151.974594116, 152.53187561, 153.089157104, 153.646438599, 154.203720093, 154.761001587, 155.318267822, 155.875549316, 156.432830811, 156.990112305, 157.547393799, 158.104675293, 158.661941528, 159.230834961, 159.799728394, 160.357009888, 160.914276123, 161.459945679, 162.005615234, 162.574508667, 163.120178223, 163.677459717, 164.234741211, 164.792022705, 165.34928894, 165.918182373, 166.475463867, 167.0443573, 167.601623535, 168.158905029, 168.716186523, 169.273468018, 169.830749512, 170.388031006, 170.945297241, 171.502578735, 172.059860229, 172.640365601, 173.197631836, 173.778137207, 174.370239258, 174.950744629, 175.53125, 176.123352051, 176.715454102, 177.307571411, 177.899673462, 178.491790771, 179.072280884, 179.664398193, 180.256500244, 180.848617554, 181.440719604, 182.032836914, 182.624938965, 183.205444336, 183.785934448, 184.354827881, 184.923721313, 185.504211426, 186.084716797, 186.665206909, 187.24571228, 187.826202393, 188.406707764, 188.987213135, 189.567703247, 190.148208618, 190.740310669, 191.332427979, 191.924530029, 192.516647339, 193.10874939, 193.689254761, 194.269744873, 194.861862183, 195.442352295, 196.022857666, 196.603347778, 197.183853149, 197.764343262, 198.356460571, 198.948562622, 199.540679932, 200.132781982, 200.724899292, 201.317001343, 201.909118652, 202.489608765, 203.070114136, 203.650604248, 204.231109619, 204.811599731, 205.392105103, 205.960998535, 206.553100586, 207.145217896, 207.725708008, 208.306213379, 208.886703491, 209.467208862, 210.047698975, 210.639816284, 211.231918335, 211.812423706, 212.392913818, 212.973419189, 213.553924561, 214.146026611, 214.738143921, 215.318634033, 215.899139404, 216.479629517, 217.060134888, 217.640625, 218.244354248, 218.848068237, 219.440170288, 220.009063721, 220.589569092, 221.170059204, 221.750564575, 222.331054688, 222.911560059, 223.49206543, 224.095779419, 224.68788147, 225.279998779, 225.860488892, 226.440994263, 227.021499634, 227.601989746, 228.194107056, 228.786209106, 229.366714478, 229.94720459, 230.527709961, 231.108200073, 231.688705444, 232.269195557, 232.861312866, 233.453414917, 234.033920288, 234.6144104, 235.20652771, 235.798629761, 236.379135132, 236.971237183, 237.551742554, 238.143844604, 238.735961914, 239.328063965, 239.908569336, 240.489059448, 241.069564819, 241.65007019, 242.242172241, 242.822677612, 243.414779663, 244.018493652, 244.610610962, 245.202713013, 245.783218384, 246.363708496, 246.944213867, 247.524719238, 248.105209351, 248.685714722, 249.266204834, 249.846710205, 250.427200317, 251.007705688, 251.599807739, 252.191925049, 252.772415161, 253.364532471, 253.956634521, 254.548751831, 255.140853882, 255.709747314, 256.278625488, 256.882354736, 257.497680664, 258.101409912, 258.739959717, 259.378509521, 260.017059326, 260.609161377, 261.201263428, 261.781768799, 262.37387085, 262.9659729, 263.558105469, 264.15020752, 264.672637939, 265.195098877, 265.717559814, 266.239990234, 266.774047852, 267.308105469, 267.830566406, 268.352996826, 268.875457764, 269.397918701, 269.931976318, 270.454406738, 270.942047119, 271.441253662, 271.928894043, 272.346832275, 272.764801025, 273.182769775, 273.589111328, 274.007080078, 274.413421631, 274.808166504, 275.214508057, 275.620849609, 276.027191162, 276.433563232]
