
metadata:
    version:
        essentia: "2.1-beta2"
    audio_properties:
        analysis_sample_rate: 44100
        bitrate: 320
        channels: 2
        equal_loudness: 1
        length: 272.404907227
        replay_gain: -14.7406234741
        downmix: "mix"
    tags:
        album: "Alive In The Night (Live)"
        artist: "Powerwolf"
        comment: ""
        date: "2012"
        genre: "Power Metal"
        title: "We Drink Your Blood"
        tracknumber: "05"

configuration:
    average_loudness:
        compute: 1
        frameSize: 88200
        hopSize: 44100
        silentFrames: "noise"
        windowType: "hann"
    general:
        analysisSampleRate: 44100
        endTime: 2000
        equalLoudness: 1
        nequalLoudness: 0
        shortSound: 0
        startTime: 0
    lowlevel:
        compute: 1
        frameSize: 2048
        hopSize: 1024
        zeroPadding: 0
        silentFrames: "noise"
        windowType: "blackmanharris62"
        mfccStats: ["mean", "cov", "icov"]
        stats: ["mean", "var", "median", "min", "max", "dmean", "dmean2", "dvar", "dvar2"]
    panning:
        compute: 0
        frameSize: 8192
        hopSize: 2048
        zeroPadding: 8192
        silentFrames: "noise"
        windowType: "hann"
        stats: ["copy"]
    rhythm:
        compute: 1
        maxTempo: 208
        minTempo: 40
        method: "degara"
        stats: ["mean", "var", "median", "min", "max", "dmean", "dmean2", "dvar", "dvar2"]
    segmentation:
        compute: 0
        cpw: 5
        inc1: 300
        inc2: 50
        minimumSegmentsLength: 10
        size1: 1000
        size2: 600
    sfx:
        compute: 1
        stats: ["mean", "var", "median", "min", "max", "dmean", "dmean2", "dvar", "dvar2"]
    svm:
        compute: 0
    tonal:
        compute: 1
        frameSize: 4096
        hopSize: 2048
        zeroPadding: 0
        silentFrames: "noise"
        windowType: "blackmanharris62"
        stats: ["mean", "var", "median", "min", "max", "dmean", "dmean2", "dvar", "dvar2"]

lowlevel:
    average_loudness: 0.92442214489
    barkbands_kurtosis:
        dmean: 0.828130304813
        dmean2: 1.34957575798
        dvar: 4.28813266754
        dvar2: 9.52458000183
        max: 155.059906006
        mean: -0.289885014296
        median: -0.8037353158
        min: -1.88123488426
        var: 7.88806390762
    barkbands_skewness:
        dmean: 0.395753353834
        dmean2: 0.613700270653
        dvar: 0.14996060729
        dvar2: 0.338939189911
        max: 11.4635152817
        mean: -0.272734642029
        median: -0.398063659668
        min: -2.73868227005
        var: 0.844937086105
    barkbands_spread:
        dmean: 4.31079959869
        dmean2: 6.92903470993
        dvar: 17.1893386841
        dvar2: 42.9096794128
        max: 64.3806381226
        mean: 25.8334350586
        median: 25.5566616058
        min: 0.722949385643
        var: 80.2847442627
    dissonance:
        dmean: 0.0126171093434
        dmean2: 0.021645123139
        dvar: 0.000196660374058
        dvar2: 0.000550688768271
        max: 0.5
        mean: 0.480877280235
        median: 0.486301481724
        min: 0.295565873384
        var: 0.000350332731614
    hfc:
        dmean: 2.3451564312
        dmean2: 3.64134335518
        dvar: 8.06367301941
        dvar2: 19.6428890228
        max: 40.6577644348
        mean: 10.9518899918
        median: 12.1103553772
        min: 1.1582234553e-016
        var: 52.5864601135
    pitch:
        dmean: 816.932495117
        dmean2: 1573.56616211
        dvar: 1680613.375
        dvar2: 4160178.5
        max: 5213.90380859
        mean: 1571.62597656
        median: 631.049743652
        min: 69.2363204956
        var: 2424755.25
    pitch_instantaneous_confidence:
        dmean: 0.0810590237379
        dmean2: 0.13230060041
        dvar: 0.0047514103353
        dvar2: 0.0114450724795
        max: 0.97206056118
        mean: 0.402282088995
        median: 0.376410782337
        min: 0.121268749237
        var: 0.0196783430874
    pitch_salience:
        dmean: 0.0572418160737
        dmean2: 0.0921072810888
        dvar: 0.0028044488281
        dvar2: 0.0066335988231
        max: 0.94727396965
        mean: 0.67016351223
        median: 0.699269890785
        min: 0.08662032336
        var: 0.0107202269137
    silence_rate_20dB:
        dmean: 0
        dmean2: 0
        dvar: 0
        dvar2: 0
        max: 1
        mean: 1
        median: 1
        min: 1
        var: 0
    silence_rate_30dB:
        dmean: 0
        dmean2: 0
        dvar: 0
        dvar2: 0
        max: 1
        mean: 1
        median: 1
        min: 1
        var: 0
    silence_rate_60dB:
        dmean: 0.0313672013581
        dmean2: 0.062739752233
        dvar: 0.0303790811449
        dvar2: 0.0659559592605
        max: 1
        mean: 0.278871566057
        median: 0
        min: 0
        var: 0.201093971729
    spectral_centroid:
        dmean: 249.99671936
        dmean2: 390.176696777
        dvar: 71428.546875
        dvar2: 147313.765625
        max: 10989.2392578
        mean: 2059.85058594
        median: 2145.54980469
        min: 300.283477783
        var: 346073.9375
    spectral_complexity:
        dmean: 3.44067502022
        dmean2: 5.39203834534
        dvar: 12.1862697601
        dvar2: 27.248878479
        max: 48
        mean: 19.7387714386
        median: 24
        min: 0
        var: 149.015014648
    spectral_crest:
        dmean: 2.01638269424
        dmean2: 3.35326600075
        dvar: 3.92718505859
        dvar2: 9.77707576752
        max: 26.3104991913
        mean: 7.19037532806
        median: 6.30739879608
        min: 2.26999354362
        var: 9.57872581482
    spectral_decrease:
        dmean: 2.28230295773e-010
        dmean2: 3.53786666629e-010
        dvar: 6.80695262499e-020
        dvar2: 1.58867726836e-019
        max: -1.39978454103e-028
        mean: -1.06166797575e-009
        median: -1.13155007586e-009
        min: -4.02656397114e-009
        var: 4.00182664975e-019
    spectral_energy:
        dmean: 0.00103603792377
        dmean2: 0.00160255772062
        dvar: 1.35132620471e-006
        dvar2: 3.15864349432e-006
        max: 0.0168938431889
        mean: 0.00500035425648
        median: 0.00541939865798
        min: 1.10337411882e-020
        var: 8.86847101356e-006
    spectral_energyband_high:
        dmean: 0.000199077345314
        dmean2: 0.000331803428708
        dvar: 9.4741054113e-008
        dvar2: 2.61438373172e-007
        max: 0.00436405558139
        mean: 0.00058145012008
        median: 0.000595731835347
        min: 8.28227836133e-021
        var: 2.35905346813e-007
    spectral_energyband_low:
        dmean: 9.00702216313e-005
        dmean2: 0.000142430289998
        dvar: 2.31531185335e-008
        dvar2: 5.36144568741e-008
        max: 0.0026654319372
        mean: 0.000167284044437
        median: 9.31060421863e-005
        min: 3.05817833345e-023
        var: 6.18270519226e-008
    spectral_energyband_middle_high:
        dmean: 0.000694983114954
        dmean2: 0.00107163982466
        dvar: 6.17951570803e-007
        dvar2: 1.42755789057e-006
        max: 0.0133277243003
        mean: 0.00303019583225
        median: 0.00318105262704
        min: 1.4611240792e-021
        var: 4.10899019698e-006
    spectral_energyband_middle_low:
        dmean: 0.000580138119403
        dmean2: 0.000924491265323
        dvar: 7.40060499993e-007
        dvar2: 1.77114281996e-006
        max: 0.0151150068268
        mean: 0.00132542103529
        median: 0.00100102974102
        min: 4.02651115306e-022
        var: 1.60733975463e-006
    spectral_flatness_db:
        dmean: 0.0137764289975
        dmean2: 0.0218639280647
        dvar: 0.000175013701664
        dvar2: 0.000395278970245
        max: 0.431745231152
        mean: 0.167259648442
        median: 0.152847990394
        min: 0.0607027858496
        var: 0.00181640440132
    spectral_flux:
        dmean: 0.00649076327682
        dmean2: 0.00971387326717
        dvar: 4.6007331548e-005
        dvar2: 9.51204492594e-005
        max: 0.107677385211
        mean: 0.0415746681392
        median: 0.0444949418306
        min: 1.05041614296e-010
        var: 0.000319250917528
    spectral_kurtosis:
        dmean: 1.10498523712
        dmean2: 1.89740753174
        dvar: 1.12659490108
        dvar2: 3.13343048096
        max: 21.9017829895
        mean: 3.83496308327
        median: 3.44739842415
        min: -1.23945450783
        var: 3.56510257721
    spectral_rms:
        dmean: 0.000222115151701
        dmean2: 0.000336373748723
        dvar: 4.82581334893e-008
        dvar2: 1.03931235174e-007
        max: 0.00405977806076
        mean: 0.00205380190164
        median: 0.00229939515702
        min: 3.28094886329e-012
        var: 6.6025944534e-007
    spectral_rolloff:
        dmean: 298.454528809
        dmean2: 489.173858643
        dvar: 181949.34375
        dvar2: 377541.84375
        max: 18238.6230469
        mean: 3480.40478516
        median: 3703.7109375
        min: 258.3984375
        var: 677878
    spectral_skewness:
        dmean: 0.158532425761
        dmean2: 0.261904835701
        dvar: 0.0221191514283
        dvar2: 0.0540020912886
        max: 3.37477183342
        mean: 1.26863503456
        median: 1.15937685966
        min: 0.00418968172744
        var: 0.155033484101
    spectral_spread:
        dmean: 333316.5625
        dmean2: 500140.34375
        dvar: 347476000768
        dvar2: 592266854400
        max: 41850016
        mean: 3869483.5
        median: 3717747.75
        min: 1623489.375
        var: 862428987392
    spectral_strongpeak:
        dmean: 0.638050973415
        dmean2: 1.09148406982
        dvar: 0.659793913364
        dvar2: 1.74357020855
        max: 8.74414634705
        mean: 0.983254849911
        median: 0.612081170082
        min: 1.11154374594e-009
        var: 1.03025519848
    zerocrossingrate:
        dmean: 0.00772780412808
        dmean2: 0.00923755206168
        dvar: 7.73250940256e-005
        dvar2: 9.0859917691e-005
        max: 0.4794921875
        mean: 0.109212905169
        median: 0.11474609375
        min: 0.01904296875
        var: 0.00069120596163
    barkbands:
        dmean: [1.20932782011e-007, 1.93877785932e-005, 5.57554303668e-005, 6.47388587822e-005, 0.000160872557899, 0.000145056488691, 0.000134509522468, 0.000117673233035, 0.000236874548136, 0.000186338278581, 7.0265836257e-005, 6.36375334579e-005, 5.51068987988e-005, 7.75137596065e-005, 5.6661418057e-005, 0.000101121433545, 0.00018894916866, 0.000174741566298, 0.000321492407238, 0.00018931820523, 0.000108316678961, 2.66559727606e-005, 6.29571968602e-006, 9.54015945354e-007, 6.07096694694e-007, 2.498867957e-008, 2.5346261201e-010]
        dmean2: [1.57225571229e-007, 3.27054149238e-005, 9.01268649613e-005, 0.000101514306152, 0.000268830335699, 0.000241972244112, 0.000217820721446, 0.000190445047338, 0.000378641474526, 0.000299169623759, 0.000113094843982, 0.000103625265183, 9.17241850402e-005, 0.000128177518491, 9.42514525377e-005, 0.000167992184288, 0.000314608594636, 0.000283873989247, 0.000520307861734, 0.000312560179736, 0.000183612428373, 4.53744796687e-005, 1.02074855022e-005, 1.55547400027e-006, 9.6544522421e-007, 4.00511872556e-008, 4.55205428906e-010]
        dvar: [6.75283261383e-014, 1.45664680318e-009, 9.81754233464e-009, 1.52336561143e-008, 1.18890923773e-007, 1.57892259267e-007, 1.18087470469e-007, 1.07062362531e-007, 3.51186002945e-007, 2.45992112013e-007, 3.24870299551e-008, 1.20688588012e-008, 1.43614524717e-008, 2.58109178475e-008, 1.00293977567e-008, 1.68159850489e-008, 5.15234290788e-008, 5.31077866128e-008, 1.76699472831e-007, 5.84076431664e-008, 3.02956237874e-008, 2.86849366482e-009, 2.07529562979e-010, 8.42566988402e-012, 5.89101684101e-012, 1.72786945477e-014, 1.37118137077e-019]
        dvar2: [1.04824237127e-013, 4.17224121918e-009, 2.3679751493e-008, 3.10542773718e-008, 3.18182713954e-007, 3.97826937615e-007, 2.75975651221e-007, 2.53824964602e-007, 7.99642009497e-007, 5.65483503578e-007, 7.51322986048e-008, 2.90305113282e-008, 3.51560487388e-008, 6.50185540962e-008, 2.57746766152e-008, 4.46571846169e-008, 1.42162463135e-007, 1.35265182166e-007, 4.55216479622e-007, 1.60615925893e-007, 8.47428509587e-008, 7.76939046432e-009, 5.0553944364e-010, 2.10936771522e-011, 1.32684098084e-011, 4.26137261329e-014, 4.14675954981e-019]
        max: [2.61949799096e-006, 0.000680876139086, 0.00162612367421, 0.00357231497765, 0.00701074767858, 0.00972147937864, 0.00859775859863, 0.00783593859524, 0.014967314899, 0.0115675330162, 0.00577682117, 0.00357879465446, 0.00386953400448, 0.00385729712434, 0.00251737958752, 0.0025671501644, 0.0032702209428, 0.00435919640586, 0.00836995616555, 0.00367245543748, 0.00261009763926, 0.000748798076529, 0.000395248702262, 9.75551593001e-005, 0.000122155397548, 6.87953070155e-006, 9.00928220915e-009]
        mean: [1.52593685243e-007, 2.79756968666e-005, 8.7131447799e-005, 9.63014463196e-005, 0.000236973821302, 0.000198056121008, 0.000203322051675, 0.000171298408532, 0.000351370836142, 0.000313859869493, 0.000118274358101, 0.000111718632979, 9.23330590012e-005, 0.000128338957438, 0.000108370986709, 0.000216143482248, 0.000434450106695, 0.00041195738595, 0.00082060956629, 0.000543307687622, 0.000263117515715, 5.03504816152e-005, 1.17245090223e-005, 2.05621654459e-006, 1.11405540792e-006, 4.10091018921e-008, 2.83777779053e-010]
        median: [2.08364934196e-008, 1.28094034153e-005, 3.81867284887e-005, 3.95670358557e-005, 0.000133877954795, 9.73850401351e-005, 8.04651863291e-005, 4.74919906992e-005, 0.000128429106553, 8.98711223272e-005, 5.06196593051e-005, 7.55282817408e-005, 5.57815765205e-005, 7.82369170338e-005, 8.05396921351e-005, 0.00018613008433, 0.000402107281843, 0.00034261032124, 0.000789760379121, 0.000546901428606, 0.000253884267295, 3.85986713809e-005, 6.91873674441e-006, 1.4670292785e-006, 6.11331643086e-007, 1.78254122574e-008, 1.51297890882e-010]
        min: [4.69487451742e-024, 1.07226691626e-023, 3.03203599581e-024, 1.77834176041e-023, 4.94941965781e-023, 6.38500798133e-023, 2.35003935585e-023, 8.92638902073e-023, 1.41539897483e-022, 3.99000450052e-023, 4.81450203936e-023, 9.83562757573e-023, 7.97624013918e-023, 1.19900407867e-022, 1.33820331856e-022, 1.8550211861e-022, 1.95989500542e-022, 1.94141723244e-022, 2.40073269358e-022, 2.87173288866e-022, 5.90525572161e-022, 8.12304841582e-022, 6.9994772364e-022, 1.38046013601e-021, 9.73332885085e-022, 1.73089885778e-021, 2.10727330663e-021]
        var: [1.197246512e-013, 1.93142701832e-009, 2.12099795505e-008, 3.70960400176e-008, 1.33164675731e-007, 1.64680912462e-007, 2.08359963949e-007, 2.08031366355e-007, 5.76537388497e-007, 6.14689895428e-007, 8.73502870036e-008, 2.03186587555e-008, 2.12399644539e-008, 3.72241011348e-008, 1.71315885922e-008, 3.91299188607e-008, 1.31970580242e-007, 1.45546806607e-007, 5.09725623488e-007, 2.11564042729e-007, 5.62700002149e-008, 3.42604855597e-009, 3.09543418675e-010, 1.01465589403e-011, 8.71125914459e-012, 2.00986671289e-014, 1.45176259186e-019]
    frequency_bands:
        dmean: [1.20932782011e-007, 1.93877785932e-005, 5.57554303668e-005, 6.47388587822e-005, 0.000160872557899, 0.000145056488691, 0.000134509522468, 0.000117673233035, 0.000236874548136, 0.000186338278581, 7.0265836257e-005, 6.36375334579e-005, 5.51068987988e-005, 7.75137596065e-005, 5.6661418057e-005, 0.000101121433545, 0.00018894916866, 0.000174741566298, 0.000321492407238, 0.00018931820523, 0.000108316678961, 2.66559727606e-005, 6.29571968602e-006, 9.54015945354e-007, 6.07096694694e-007, 2.498867957e-008, 2.5346261201e-010, 5.9510368855e-011]
        dmean2: [1.57225571229e-007, 3.27054149238e-005, 9.01268649613e-005, 0.000101514306152, 0.000268830335699, 0.000241972244112, 0.000217820721446, 0.000190445047338, 0.000378641474526, 0.000299169623759, 0.000113094843982, 0.000103625265183, 9.17241850402e-005, 0.000128177518491, 9.42514525377e-005, 0.000167992184288, 0.000314608594636, 0.000283873989247, 0.000520307861734, 0.000312560179736, 0.000183612428373, 4.53744796687e-005, 1.02074855022e-005, 1.55547400027e-006, 9.6544522421e-007, 4.00511872556e-008, 4.55205428906e-010, 1.10099047934e-010]
        dvar: [6.75283261383e-014, 1.45664680318e-009, 9.81754233464e-009, 1.52336561143e-008, 1.18890923773e-007, 1.57892259267e-007, 1.18087470469e-007, 1.07062362531e-007, 3.51186002945e-007, 2.45992112013e-007, 3.24870299551e-008, 1.20688588012e-008, 1.43614524717e-008, 2.58109178475e-008, 1.00293977567e-008, 1.68159850489e-008, 5.15234290788e-008, 5.31077866128e-008, 1.76699472831e-007, 5.84076431664e-008, 3.02956237874e-008, 2.86849366482e-009, 2.07529562979e-010, 8.42566988402e-012, 5.89101684101e-012, 1.72786945477e-014, 1.37118137077e-019, 7.69179580418e-021]
        dvar2: [1.04824237127e-013, 4.17224121918e-009, 2.3679751493e-008, 3.10542773718e-008, 3.18182713954e-007, 3.97826937615e-007, 2.75975651221e-007, 2.53824964602e-007, 7.99642009497e-007, 5.65483503578e-007, 7.51322986048e-008, 2.90305113282e-008, 3.51560487388e-008, 6.50185540962e-008, 2.57746766152e-008, 4.46571846169e-008, 1.42162463135e-007, 1.35265182166e-007, 4.55216479622e-007, 1.60615925893e-007, 8.47428509587e-008, 7.76939046432e-009, 5.0553944364e-010, 2.10936771522e-011, 1.32684098084e-011, 4.26137261329e-014, 4.14675954981e-019, 2.45250828283e-020]
        max: [2.61949799096e-006, 0.000680876139086, 0.00162612367421, 0.00357231497765, 0.00701074767858, 0.00972147937864, 0.00859775859863, 0.00783593859524, 0.014967314899, 0.0115675330162, 0.00577682117, 0.00357879465446, 0.00386953400448, 0.00385729712434, 0.00251737958752, 0.0025671501644, 0.0032702209428, 0.00435919640586, 0.00836995616555, 0.00367245543748, 0.00261009763926, 0.000748798076529, 0.000395248702262, 9.75551593001e-005, 0.000122155397548, 6.87953070155e-006, 9.00928220915e-009, 9.56262624641e-010]
        mean: [1.52593685243e-007, 2.79756968666e-005, 8.7131447799e-005, 9.63014463196e-005, 0.000236973821302, 0.000198056121008, 0.000203322051675, 0.000171298408532, 0.000351370836142, 0.000313859869493, 0.000118274358101, 0.000111718632979, 9.23330590012e-005, 0.000128338957438, 0.000108370986709, 0.000216143482248, 0.000434450106695, 0.00041195738595, 0.00082060956629, 0.000543307687622, 0.000263117515715, 5.03504816152e-005, 1.17245090223e-005, 2.05621654459e-006, 1.11405540792e-006, 4.10091018921e-008, 2.83777779053e-010, 4.63211621837e-011]
        median: [2.08364934196e-008, 1.28094034153e-005, 3.81867284887e-005, 3.95670358557e-005, 0.000133877954795, 9.73850401351e-005, 8.04651863291e-005, 4.74919906992e-005, 0.000128429106553, 8.98711223272e-005, 5.06196593051e-005, 7.55282817408e-005, 5.57815765205e-005, 7.82369170338e-005, 8.05396921351e-005, 0.00018613008433, 0.000402107281843, 0.00034261032124, 0.000789760379121, 0.000546901428606, 0.000253884267295, 3.85986713809e-005, 6.91873674441e-006, 1.4670292785e-006, 6.11331643086e-007, 1.78254122574e-008, 1.51297890882e-010, 1.44822088349e-011]
        min: [4.69487451742e-024, 1.07226691626e-023, 3.03203599581e-024, 1.77834176041e-023, 4.94941965781e-023, 6.38500798133e-023, 2.35003935585e-023, 8.92638902073e-023, 1.41539897483e-022, 3.99000450052e-023, 4.81450203936e-023, 9.83562757573e-023, 7.97624013918e-023, 1.19900407867e-022, 1.33820331856e-022, 1.8550211861e-022, 1.95989500542e-022, 1.94141723244e-022, 2.40073269358e-022, 2.87173288866e-022, 5.90525572161e-022, 8.12304841582e-022, 6.9994772364e-022, 1.38046013601e-021, 9.73332885085e-022, 1.73089885778e-021, 2.10727330663e-021, 7.12351999705e-022]
        var: [1.197246512e-013, 1.93142701832e-009, 2.12099795505e-008, 3.70960400176e-008, 1.33164675731e-007, 1.64680912462e-007, 2.08359963949e-007, 2.08031366355e-007, 5.76537388497e-007, 6.14689895428e-007, 8.73502870036e-008, 2.03186587555e-008, 2.12399644539e-008, 3.72241011348e-008, 1.71315885922e-008, 3.91299188607e-008, 1.31970580242e-007, 1.45546806607e-007, 5.09725623488e-007, 2.11564042729e-007, 5.62700002149e-008, 3.42604855597e-009, 3.09543418675e-010, 1.01465589403e-011, 8.71125914459e-012, 2.00986671289e-014, 1.45176259186e-019, 6.18354100932e-021]
    mfcc:
        mean: [-716.213684082, 89.5205688477, -73.9086532593, 42.3204917908, -32.8781661987, -13.8298091888, -7.5706615448, -4.13125944138, -4.05571079254, -7.17512559891, -5.57199716568, -6.94787597656, -6.33032655716]
        cov: [[6127.12646484, 191.325393677, 681.119445801, 1977.9831543, 626.77166748, 690.498413086, 418.134277344, 331.857055664, 187.798812866, 282.403411865, -170.112716675, 45.5582275391, 213.104415894], [191.325393677, 506.061157227, 201.501251221, 230.486175537, 119.321868896, 50.4084434509, 43.1526260376, 41.8188056946, -36.8587799072, 7.33933782578, -8.48834037781, -34.8855628967, 3.99065947533], [681.119445801, 201.501251221, 576.60559082, 446.123779297, 255.146499634, 138.773040771, 105.273963928, 44.4069213867, 13.5105867386, 28.0827541351, -62.3177223206, -18.5456619263, 30.2299404144], [1977.9831543, 230.486175537, 446.123779297, 966.096984863, 369.22354126, 284.14654541, 200.127990723, 104.828414917, 94.6192703247, 114.017349243, -75.1008911133, 26.8101844788, 78.5953445435], [626.77166748, 119.321868896, 255.146499634, 369.22354126, 267.641296387, 124.932281494, 87.8715667725, 25.3722267151, 28.4893035889, 46.1104660034, -37.0202980042, -3.4899084568, 22.1840686798], [690.498413086, 50.4084434509, 138.773040771, 284.14654541, 124.932281494, 206.69732666, 106.290107727, 66.9468383789, 37.1354866028, 48.7667427063, -23.4067935944, -14.1372785568, 8.73676109314], [418.134277344, 43.1526260376, 105.273963928, 200.127990723, 87.8715667725, 106.290107727, 189.068893433, 64.2890625, 68.7490768433, 49.9186248779, -17.8179626465, 22.436416626, 4.71171474457], [331.857055664, 41.8188056946, 44.4069213867, 104.828414917, 25.3722267151, 66.9468383789, 64.2890625, 132.648605347, 40.0055923462, 28.870721817, 12.5409860611, -14.1533670425, 4.61671686172], [187.798812866, -36.8587799072, 13.5105867386, 94.6192703247, 28.4893035889, 37.1354866028, 68.7490768433, 40.0055923462, 118.549545288, 57.2447891235, 12.4251060486, 30.3012390137, -4.2638053894], [282.403411865, 7.33933782578, 28.0827541351, 114.017349243, 46.1104660034, 48.7667427063, 49.9186248779, 28.870721817, 57.2447891235, 109.616996765, 27.0514755249, 16.353269577, 0.224880173802], [-170.112716675, -8.48834037781, -62.3177223206, -75.1008911133, -37.0202980042, -23.4067935944, -17.8179626465, 12.5409860611, 12.4251060486, 27.0514755249, 90.5151901245, 25.6312942505, -7.54646635056], [45.5582275391, -34.8855628967, -18.5456619263, 26.8101844788, -3.4899084568, -14.1372785568, 22.436416626, -14.1533670425, 30.3012390137, 16.353269577, 25.6312942505, 100.562858582, 32.2391662598], [213.104415894, 3.99065947533, 30.2299404144, 78.5953445435, 22.1840686798, 8.73676109314, 4.71171474457, 4.61671686172, -4.2638053894, 0.224880173802, -7.54646635056, 32.2391662598, 76.6380157471]]
        icov: [[0.000688003259711, 0.000384081125958, 0.000270372809609, -0.00152358133346, 0.000447206344688, -0.000492591643706, 0.000149560000864, -0.000733902386855, 0.000633299001493, -0.00057697534794, 0.000485623138957, 5.25735777046e-006, -0.000433004810475], [0.000384081125958, 0.00294750230387, -0.000336734345183, -0.00154576229397, -8.55447797221e-005, 0.000653017545119, -0.000530715857167, -0.00103082659189, 0.00205144751817, -0.000237241532886, -0.000759216549341, 0.000795393600129, 0.000247103249421], [0.000270372809609, -0.000336734345183, 0.00355389970355, -0.00126338424161, -0.00193950836547, -1.45130243254e-005, -0.000332899508066, -0.000486237637233, 0.000579759769607, 0.000280789856333, 0.000794649240561, 0.000351778784534, -0.000265938520897], [-0.00152358133346, -0.00154576229397, -0.00126338424161, 0.00704480148852, -0.00338501902297, -0.00115575653035, 2.36017058342e-005, 0.000944711791817, -0.00249160663225, 2.60483989223e-006, 0.000787051918451, -0.0012776235817, -0.000879758852534], [0.000447206344688, -8.55447797221e-005, -0.00193950836547, -0.00338501902297, 0.0102806435898, -0.00162119755987, -0.000624044332653, 0.00163399742451, 0.000382016180083, -0.00125661096536, 0.000170833125594, 0.00092004815815, -0.000198976529646], [-0.000492591643706, 0.000653017545119, -1.45130243254e-005, -0.00115575653035, -0.00162119755987, 0.0112065179273, -0.0034005085472, -0.00167689600494, 0.00115232157987, -0.000699694966897, -0.000570875650737, 0.00237596803345, 0.00103899696842], [0.000149560000864, -0.000530715857167, -0.000332899508066, 2.36017058342e-005, -0.000624044332653, -0.0034005085472, 0.0106588127092, -0.00306550553069, -0.00300563895144, -0.00125931040384, 0.00344701460563, -0.00392361683771, 0.00164296745788], [-0.000733902386855, -0.00103082659189, -0.000486237637233, 0.000944711791817, 0.00163399742451, -0.00167689600494, -0.00306550553069, 0.0130070224404, -0.00394698418677, 0.00163734378293, -0.00469939876348, 0.00481861410663, -0.00227371300571], [0.000633299001493, 0.00205144751817, 0.000579759769607, -0.00249160663225, 0.000382016180083, 0.00115232157987, -0.00300563895144, -0.00394698418677, 0.0164270736277, -0.00584686733782, 0.000966515624896, -0.00380632211454, 0.00326680997387], [-0.00057697534794, -0.000237241532886, 0.000280789856333, 2.60483989223e-006, -0.00125661096536, -0.000699694966897, -0.00125931040384, 0.00163734378293, -0.00584686733782, 0.015970049426, -0.00637575052679, 0.00126298097894, 0.000394332251744], [0.000485623138957, -0.000759216549341, 0.000794649240561, 0.000787051918451, 0.000170833125594, -0.000570875650737, 0.00344701460563, -0.00469939876348, 0.000966515624896, -0.00637575052679, 0.0182048231363, -0.00669504469261, 0.00233686086722], [5.25735777046e-006, 0.000795393600129, 0.000351778784534, -0.0012776235817, 0.00092004815815, 0.00237596803345, -0.00392361683771, 0.00481861410663, -0.00380632211454, 0.00126298097894, -0.00669504469261, 0.0176865067333, -0.00778565276414], [-0.000433004810475, 0.000247103249421, -0.000265938520897, -0.000879758852534, -0.000198976529646, 0.00103899696842, 0.00164296745788, -0.00227371300571, 0.00326680997387, 0.000394332251744, 0.00233686086722, -0.00778565276414, 0.0189076438546]]
    sccoeffs:
        dmean: [0.0544920600951, 0.0507819056511, 0.0403132811189, 0.0287098698318, 0.0201199278235, 0.0185785591602]
        dmean2: [0.0885709896684, 0.0838766396046, 0.0665529072285, 0.0483155362308, 0.0331833921373, 0.0290341358632]
        dvar: [0.00191299023572, 0.00168510037474, 0.00107949576341, 0.00052968255477, 0.000297228718409, 0.000300981395412]
        dvar2: [0.00490046292543, 0.00447220960632, 0.00274273287505, 0.0014485536376, 0.000692898349371, 0.000676664756611]
        max: [-0.218281432986, -0.391646504402, -0.451649695635, -0.588267803192, -0.534265816212, -0.583098232746]
        mean: [-0.65682297945, -0.749159753323, -0.773942828178, -0.79722481966, -0.791370749474, -0.716713786125]
        median: [-0.664951324463, -0.758477270603, -0.786528527737, -0.800406455994, -0.793135523796, -0.71025198698]
        min: [-0.973164558411, -0.987582921982, -0.960949897766, -0.967002928257, -0.962394416332, -0.959980487823]
        var: [0.0066415858455, 0.00537239294499, 0.00409026257694, 0.00142546987627, 0.00125739187934, 0.00204619090073]
    scvalleys:
        dmean: [0.417809724808, 0.337730437517, 0.275133222342, 0.227947801352, 0.182312473655, 0.194489613175]
        dmean2: [0.689468383789, 0.563902139664, 0.45588311553, 0.373084545135, 0.278730452061, 0.28743454814]
        dvar: [0.13641731441, 0.106623873115, 0.0873671546578, 0.0660761594772, 0.0590907409787, 0.0770172476768]
        dvar2: [0.318351119757, 0.225710451603, 0.159796118736, 0.111127696931, 0.082681812346, 0.131194218993]
        max: [-5.35085487366, -4.69807767868, -5.44170093536, -5.74566221237, -5.490193367, -7.54126548767]
        mean: [-8.07602977753, -6.68844795227, -6.79089546204, -7.03803491592, -6.8034157753, -9.93806552887]
        median: [-7.21635723114, -6.51032161713, -6.66799974442, -6.84681749344, -6.31866502762, -9.68496990204]
        min: [-27.270111084, -26.7905483246, -27.2038173676, -27.0731067657, -27.2361774445, -27.2626056671]
        var: [3.68514513969, 0.56866645813, 0.372906297445, 0.452385187149, 0.952832520008, 0.73018270731]

rhythm:
    beats_loudness:
        dmean: 0.00185418874025
        dmean2: 0.0032611079514
        dvar: 2.94618212138e-006
        dvar2: 8.61213356984e-006
        max: 0.0130370464176
        mean: 0.00582210253924
        median: 0.00632187724113
        min: 3.73579168809e-005
        var: 9.33462797548e-006
    bpm: 112.686027527
    bpm_confidence: 0
    first_peak_bpm: 112
    first_peak_spread: 0.491525411606
    first_peak_weight: 0.287907868624
    onset_rate: 2.32741785049
    second_peak_bpm: 117
    second_peak_spread: 0.19083969295
    second_peak_weight: 0.203454896808
    beats_loudness_band_ratio:
        dmean: [0.045009560883, 0.081747636199, 0.131120696664, 0.10766594857, 0.100089944899, 0.0941457375884]
        dmean2: [0.0781490728259, 0.148059025407, 0.227290540934, 0.183978453279, 0.174232438207, 0.164630398154]
        dvar: [0.00328519218601, 0.0106244739145, 0.0169291589409, 0.015835897997, 0.00970288738608, 0.00636678608134]
        dvar2: [0.00957954209298, 0.0276581179351, 0.0450690425932, 0.0429832488298, 0.0264188908041, 0.0187181588262]
        max: [0.488069921732, 0.791416108608, 0.853492677212, 0.845739722252, 0.824933230877, 0.666738271713]
        mean: [0.0612579509616, 0.0890982747078, 0.193800285459, 0.159069299698, 0.261861056089, 0.277862638235]
        median: [0.0502904057503, 0.0595082901418, 0.135074138641, 0.091865465045, 0.263515412807, 0.292282521725]
        min: [2.52695895142e-006, 0.00012925255578, 0.0115343509242, 0.00845380779356, 0.0182618424296, 0.00908696372062]
        var: [0.00371043104678, 0.0114730177447, 0.0283819045871, 0.0229383409023, 0.0122842658311, 0.0182084459811]
    beats_position: [0.476009070873, 0.952018141747, 1.4164172411, 1.88081634045, 2.35682535172, 2.83283448219, 3.30884337425, 3.7732424736, 4.23764181137, 4.71365070343, 5.16644001007, 5.630838871, 6.17650794983, 6.73378658295, 7.2910656929, 7.84834432602, 8.40562343597, 8.95129203796, 9.49696159363, 10.0310201645, 10.5766887665, 11.1223583221, 11.656416893, 12.1904764175, 12.7245349884, 13.2585935593, 13.7926530838, 14.3267116547, 14.8607711792, 15.3948297501, 15.9288883209, 16.4629478455, 16.99700737, 17.5310649872, 18.0767345428, 18.6224040985, 19.1564617157, 19.6905212402, 20.2245807648, 20.758638382, 21.2926979065, 21.826757431, 22.3608150482, 22.8948745728, 23.4289340973, 23.9629936218, 24.497051239, 25.0311107635, 25.5651702881, 26.0992279053, 26.6332874298, 27.1673469543, 27.7014045715, 28.2354640961, 28.7695236206, 29.3151912689, 29.8608608246, 30.3949203491, 30.9289798737, 31.4630374908, 31.9970970154, 32.5311546326, 33.0652160645, 33.5992736816, 34.1333312988, 34.6673927307, 35.2014503479, 35.7355079651, 36.269569397, 36.8036270142, 37.3144645691, 37.8253059387, 38.3593635559, 38.8934249878, 39.4042625427, 39.9151000977, 40.4259414673, 40.9483909607, 41.4708366394, 41.981678009, 42.492515564, 43.0033569336, 43.5141944885, 44.0366439819, 44.5474815369, 45.0699310303, 45.5807685852, 46.1032180786, 46.625667572, 47.1481170654, 47.6705665588, 48.1814041138, 48.7038536072, 49.2263031006, 49.748752594, 50.2712020874, 50.7820396423, 51.2928771973, 51.8037185669, 52.3261680603, 52.8370056152, 53.3594551086, 53.8702926636, 54.3811340332, 54.9035835266, 55.4260292053, 55.936870575, 56.4477081299, 56.9585494995, 57.4809951782, 58.0034446716, 58.525894165, 59.0483436584, 59.5591812134, 60.070022583, 60.5924720764, 61.1033096313, 61.6257591248, 62.1365966797, 62.6474380493, 63.169883728, 63.7039451599, 64.2263946533, 64.7372360229, 65.2480697632, 65.7589111328, 66.2813568115, 66.8038101196, 67.3146438599, 67.837097168, 68.3595428467, 68.8819961548, 69.4044418335, 69.9152832031, 70.4261245728, 70.936958313, 71.4477996826, 71.9586410522, 72.4694747925, 72.9919281006, 73.5143737793, 74.0484313965, 74.5708847046, 75.0933303833, 75.6157836914, 76.1266174316, 76.6374588013, 77.1483001709, 77.6707458496, 78.2048034668, 78.7272567749, 79.2497024536, 79.7837600708, 80.3294296265, 80.8867111206, 81.4323806763, 81.9664382935, 82.5004959106, 83.0345535278, 83.5686187744, 84.1026763916, 84.6367340088, 85.1475753784, 85.6816329956, 86.2156906128, 86.74974823, 87.2838058472, 87.8178634644, 88.36353302, 88.8975982666, 89.4432601929, 89.9773254395, 90.5113830566, 91.0454406738, 91.579498291, 92.1135559082, 92.6360092163, 93.181678772, 93.7157363892, 94.2497940063, 94.7838516235, 95.3179092407, 95.8519744873, 96.3860321045, 96.9200897217, 97.4657592773, 97.9998168945, 98.5222625732, 99.0331039429, 99.5439453125, 100.054779053, 100.577232361, 101.09967804, 101.610519409, 102.121360779, 102.643806458, 103.166259766, 103.700317383, 104.211151123, 104.721992493, 105.232833862, 105.743675232, 106.254508972, 106.765350342, 107.276191711, 107.810249329, 108.321083069, 108.831924438, 109.354377747, 109.876823425, 110.387664795, 110.910110474, 111.432563782, 111.943397522, 112.454238892, 112.97668457, 113.499137878, 114.009971619, 114.520812988, 115.031654358, 115.542495728, 116.076553345, 116.587387085, 117.109840393, 117.632286072, 118.15473938, 118.677185059, 119.188026428, 119.698867798, 120.209701538, 120.720542908, 121.242988586, 121.765441895, 122.287887573, 122.810340881, 123.321174622, 123.832015991, 124.366073608, 124.876914978, 125.387756348, 125.910202026, 126.432647705, 126.943489075, 127.454330444, 127.976776123, 128.499221802, 129.010070801, 129.532516479, 130.054962158, 130.589019775, 131.088256836, 131.599090576, 132.121536255, 132.632385254, 133.143218994, 133.665664673, 134.188110352, 134.710571289, 135.233016968, 135.743850708, 136.266296387, 136.788757324, 137.299591064, 137.810424805, 138.344482422, 138.878540039, 139.401000977, 139.923446655, 140.457504272, 140.99156189, 141.525619507, 142.071289063, 142.616958618, 143.151016235, 143.685073853, 144.21913147, 144.753189087, 145.287246704, 145.83291626, 146.378585815, 146.901046753, 147.423492432, 147.957550049, 148.491607666, 149.025665283, 149.5597229, 150.093780518, 150.639450073, 151.17350769, 151.719177246, 152.253234863, 152.78729248, 153.321365356, 153.855422974, 154.389480591, 154.923538208, 155.457595825, 155.991653442, 156.548934937, 157.082992554, 157.605438232, 158.13949585, 158.661941528, 159.172790527, 159.683624268, 160.194458008, 160.705307007, 161.227752686, 161.750198364, 162.272644043, 162.79510498, 163.305938721, 163.816772461, 164.350830078, 164.861679077, 165.372512817, 165.883346558, 166.394195557, 166.916641235, 167.439086914, 167.961532593, 168.48399353, 168.994827271, 169.517272949, 170.039718628, 170.550567627, 171.061401367, 171.583847046, 172.094696045, 172.605529785, 173.127975464, 173.638824463, 174.161270142, 174.68371582, 175.194549561, 175.70539856, 176.227844238, 176.750289917, 177.261123657, 177.760360718, 178.25958252, 178.747207642, 179.258041382, 179.757278442, 180.256500244, 180.744125366, 181.243347168, 181.742584229, 182.24180603, 182.741043091, 183.240264893, 183.739501953, 184.238723755, 184.737960815, 185.248794556, 185.748016357, 186.247253418, 186.74647522, 187.24571228, 187.744934082, 188.244171143, 188.743392944, 189.242630005, 189.741851807, 190.241088867, 190.740310669, 191.239547729, 191.75038147, 192.26121521, 192.772064209, 193.282897949, 193.793731689, 194.304580688, 194.850250244, 195.3959198, 195.929977417, 196.464035034, 196.998092651, 197.532150269, 198.066207886, 198.600265503, 199.13432312, 199.668380737, 200.202438354, 200.724899292, 201.270568848, 201.804626465, 202.338684082, 202.872741699, 203.406799316, 203.940856934, 204.474914551, 205.020584106, 205.566253662, 206.100311279, 206.634368896, 207.168426514, 207.702484131, 208.236557007, 208.759002686, 209.281448364, 209.838729858, 210.372787476, 210.906845093, 211.452514648, 211.998184204, 212.532241821, 213.066299438, 213.600357056, 214.134414673, 214.66847229, 215.202529907, 215.736587524, 216.2706604, 216.804718018, 217.338775635, 217.872833252, 218.395278931, 218.929336548, 219.475006104, 220.009063721, 220.543121338, 221.088790894, 221.634460449, 222.168518066, 222.702575684, 223.236633301, 223.770706177, 224.304763794, 224.838821411, 225.384490967, 225.930160522, 226.475830078, 227.021499634, 227.578765869, 228.136047363, 228.693328857, 229.297042847, 229.900772095, 230.504486084, 231.108200073, 231.711929321, 232.327255249, 232.942581177, 233.569519043, 234.196456909, 234.823394775, 235.450332642, 236.088882446, 236.808700562, 237.516906738, 238.213516235, 238.910110474, 239.676361084, 240.442626953, 241.162445068, 241.882263184, 242.544036865, 243.205795288, 243.855957031, 244.517730713, 245.179489136, 245.841262817, 246.503036499, 247.060317993, 247.605987549, 248.163253784, 248.604446411, 249.034011841, 249.475189209, 249.916366577, 250.357543945, 250.798721313, 251.239898682, 251.692687988, 252.145477295, 252.598266602, 253.02784729, 253.469024658, 253.910202026, 254.339767456, 254.769332886, 255.210510254, 255.640090942, 256.069641113, 256.499237061, 256.94039917, 257.335144043, 257.741485596, 258.136230469, 258.530975342, 258.925720215, 259.32043457, 259.715179443, 260.109924316, 260.504669189, 260.899414063, 261.294158936, 261.735321045, 262.176513672, 262.617675781, 263.058868408, 263.488433838, 263.929595947, 264.359191895, 264.811981201, 265.253143311, 265.705932617, 266.123901367, 266.5418396, 266.95980835, 267.3777771, 267.79574585, 268.213684082, 268.643249512, 269.061218262, 269.490783691, 269.908752441, 270.326721191, 270.744659424, 271.162628174, 271.580596924]
