
metadata:
    version:
        essentia: "2.1-beta2"
    audio_properties:
        analysis_sample_rate: 44100
        bitrate: 320
        channels: 2
        equal_loudness: 1
        length: 243.722442627
        replay_gain: -15.7754383087
        downmix: "mix"
    tags:
        album: "Alive In The Night (Live)"
        artist: "Powerwolf"
        comment: ""
        date: "2012"
        genre: "Power Metal"
        title: "Dead Boys Don't Cry"
        tracknumber: "7"

configuration:
    average_loudness:
        compute: 1
        frameSize: 88200
        hopSize: 44100
        silentFrames: "noise"
        windowType: "hann"
    general:
        analysisSampleRate: 44100
        endTime: 2000
        equalLoudness: 1
        nequalLoudness: 0
        shortSound: 0
        startTime: 0
    lowlevel:
        compute: 1
        frameSize: 2048
        hopSize: 1024
        zeroPadding: 0
        silentFrames: "noise"
        windowType: "blackmanharris62"
        mfccStats: ["mean", "cov", "icov"]
        stats: ["mean", "var", "median", "min", "max", "dmean", "dmean2", "dvar", "dvar2"]
    panning:
        compute: 0
        frameSize: 8192
        hopSize: 2048
        zeroPadding: 8192
        silentFrames: "noise"
        windowType: "hann"
        stats: ["copy"]
    rhythm:
        compute: 1
        maxTempo: 208
        minTempo: 40
        method: "degara"
        stats: ["mean", "var", "median", "min", "max", "dmean", "dmean2", "dvar", "dvar2"]
    segmentation:
        compute: 0
        cpw: 5
        inc1: 300
        inc2: 50
        minimumSegmentsLength: 10
        size1: 1000
        size2: 600
    sfx:
        compute: 1
        stats: ["mean", "var", "median", "min", "max", "dmean", "dmean2", "dvar", "dvar2"]
    svm:
        compute: 0
    tonal:
        compute: 1
        frameSize: 4096
        hopSize: 2048
        zeroPadding: 0
        silentFrames: "noise"
        windowType: "blackmanharris62"
        stats: ["mean", "var", "median", "min", "max", "dmean", "dmean2", "dvar", "dvar2"]

lowlevel:
    average_loudness: 0.943101763725
    barkbands_kurtosis:
        dmean: 0.814622998238
        dmean2: 1.33971858025
        dvar: 1.30840206146
        dvar2: 3.1155025959
        max: 32.3977661133
        mean: -0.26963531971
        median: -0.734586119652
        min: -1.87316393852
        var: 2.58420324326
    barkbands_skewness:
        dmean: 0.395555496216
        dmean2: 0.633969962597
        dvar: 0.123686522245
        dvar2: 0.297049075365
        max: 5.43597555161
        mean: -0.552423000336
        median: -0.605745196342
        min: -2.95506954193
        var: 0.621285557747
    barkbands_spread:
        dmean: 4.89746761322
        dmean2: 7.96919441223
        dvar: 21.9147949219
        dvar2: 56.7498435974
        max: 61.6993865967
        mean: 26.4135608673
        median: 25.4616088867
        min: 1.59528768063
        var: 89.2010192871
    dissonance:
        dmean: 0.0104374960065
        dmean2: 0.0178767479956
        dvar: 0.000145660189446
        dvar2: 0.000398689560825
        max: 0.500000119209
        mean: 0.484138578176
        median: 0.488236606121
        min: 0.204663693905
        var: 0.000219996800297
    hfc:
        dmean: 2.88380646706
        dmean2: 4.69459629059
        dvar: 9.13415718079
        dvar2: 23.5719032288
        max: 46.9964790344
        mean: 13.0653915405
        median: 14.0655841827
        min: 1.17898198291e-016
        var: 53.1522712708
    pitch:
        dmean: 856.024108887
        dmean2: 1638.05322266
        dvar: 1675569.875
        dvar2: 4034295.5
        max: 5263.37792969
        mean: 1689.35778809
        median: 739.064819336
        min: 61.7164001465
        var: 2513598
    pitch_instantaneous_confidence:
        dmean: 0.0812308639288
        dmean2: 0.133219182491
        dvar: 0.00428044423461
        dvar2: 0.0109950322658
        max: 0.935308218002
        mean: 0.390927314758
        median: 0.377661764622
        min: 0.108906984329
        var: 0.0138757536188
    pitch_salience:
        dmean: 0.0545831508934
        dmean2: 0.0901458188891
        dvar: 0.00235156482086
        dvar2: 0.00597227877006
        max: 0.929927527905
        mean: 0.694435238838
        median: 0.707652449608
        min: 0.140849590302
        var: 0.006113788113
    silence_rate_20dB:
        dmean: 0
        dmean2: 0
        dvar: 0
        dvar2: 0
        max: 1
        mean: 1
        median: 1
        min: 1
        var: 0
    silence_rate_30dB:
        dmean: 0
        dmean2: 0
        dvar: 0
        dvar2: 0
        max: 1
        mean: 1
        median: 1
        min: 1
        var: 0
    silence_rate_60dB:
        dmean: 0.0177193488926
        dmean2: 0.0354420728981
        dvar: 0.0174077954143
        dvar2: 0.0406610183418
        max: 1
        mean: 0.191560298204
        median: 0
        min: 0
        var: 0.154852896929
    spectral_centroid:
        dmean: 260.180755615
        dmean2: 422.056732178
        dvar: 66499.59375
        dvar2: 154647.4375
        max: 10452.6230469
        mean: 2224.45263672
        median: 2287.61962891
        min: 339.981109619
        var: 254032.375
    spectral_complexity:
        dmean: 3.82280659676
        dmean2: 6.18921470642
        dvar: 12.7359294891
        dvar2: 31.9011650085
        max: 48
        mean: 22.1344070435
        median: 25
        min: 0
        var: 122.112449646
    spectral_crest:
        dmean: 1.91057395935
        dmean2: 3.21194505692
        dvar: 3.28557181358
        dvar2: 8.2006855011
        max: 25.171257019
        mean: 6.86700201035
        median: 6.23343515396
        min: 2.45697402954
        var: 6.86647367477
    spectral_decrease:
        dmean: 2.32632357822e-010
        dmean2: 3.74059838659e-010
        dvar: 5.46770779295e-020
        dvar2: 1.34856017822e-019
        max: 3.08928762637e-029
        mean: -1.18428655771e-009
        median: -1.27230781466e-009
        min: -3.24055071665e-009
        var: 3.46747159295e-019
    spectral_energy:
        dmean: 0.00109656399582
        dmean2: 0.00176316185389
        dvar: 1.16513274406e-006
        dvar2: 2.89284707833e-006
        max: 0.0164932906628
        mean: 0.00565483467653
        median: 0.00611691083759
        min: 1.0577126181e-020
        var: 7.96897984401e-006
    spectral_energyband_high:
        dmean: 0.000256454048213
        dmean2: 0.000434269488323
        dvar: 1.10271329845e-007
        dvar2: 3.01907761013e-007
        max: 0.00393309723586
        mean: 0.000687126128469
        median: 0.000674598966725
        min: 7.64461338973e-021
        var: 2.29403923413e-007
    spectral_energyband_low:
        dmean: 9.65276776697e-005
        dmean2: 0.000167263235198
        dvar: 1.87914892535e-008
        dvar2: 5.35433279936e-008
        max: 0.00183814484626
        mean: 0.000155686313519
        median: 0.000118433366879
        min: 4.59590300273e-023
        var: 2.68543658422e-008
    spectral_energyband_middle_high:
        dmean: 0.000824333459605
        dmean2: 0.00131370034069
        dvar: 7.03166620042e-007
        dvar2: 1.75138598024e-006
        max: 0.0147086223587
        mean: 0.0036519926507
        median: 0.00378525676206
        min: 1.65883650244e-021
        var: 4.54061500932e-006
    spectral_energyband_middle_low:
        dmean: 0.00053898448823
        dmean2: 0.000875228899531
        dvar: 5.10553547883e-007
        dvar2: 1.25854865018e-006
        max: 0.0123456837609
        mean: 0.00124872196466
        median: 0.00099661340937
        min: 2.6318098689e-022
        var: 1.10754388061e-006
    spectral_flatness_db:
        dmean: 0.0126958359033
        dmean2: 0.0202718358487
        dvar: 0.00013252827921
        dvar2: 0.000318977778079
        max: 0.381263256073
        mean: 0.159457936883
        median: 0.150799185038
        min: 0.0710129067302
        var: 0.00113715592306
    spectral_flux:
        dmean: 0.00658888649195
        dmean2: 0.0102714058012
        dvar: 3.85782732337e-005
        dvar2: 8.88617432793e-005
        max: 0.10270845145
        mean: 0.0452919974923
        median: 0.0481812059879
        min: 4.24778590968e-006
        var: 0.000258790707448
    spectral_kurtosis:
        dmean: 1.0448076725
        dmean2: 1.78259313107
        dvar: 0.814652383327
        dvar2: 2.36173343658
        max: 15.0835609436
        mean: 3.66924953461
        median: 3.53612732887
        min: -1.21291768551
        var: 2.12305402756
    spectral_rms:
        dmean: 0.000225840107305
        dmean2: 0.000360114820069
        dvar: 4.17178469547e-008
        dvar2: 9.98652112116e-008
        max: 0.00401136092842
        mean: 0.00222761882469
        median: 0.00244289124385
        min: 3.2123431519e-012
        var: 5.54602763714e-007
    spectral_rolloff:
        dmean: 274.033233643
        dmean2: 453.654785156
        dvar: 126375.664063
        dvar2: 265920.65625
        max: 18970.7519531
        mean: 3640.53198242
        median: 3768.31054688
        min: 279.931640625
        var: 409184.875
    spectral_skewness:
        dmean: 0.163038730621
        dmean2: 0.267501264811
        dvar: 0.0198354888707
        dvar2: 0.0521868392825
        max: 3.1986014843
        mean: 1.2036164999
        median: 1.15757083893
        min: 0.0278073493391
        var: 0.107982695103
    spectral_spread:
        dmean: 338381.4375
        dmean2: 520642.09375
        dvar: 217349636096
        dvar2: 306630819840
        max: 41296192
        mean: 3864111.75
        median: 3758688.25
        min: 2002675.375
        var: 770916745216
    spectral_strongpeak:
        dmean: 0.752867698669
        dmean2: 1.28672850132
        dvar: 0.852051079273
        dvar2: 2.30348825455
        max: 9.50339126587
        mean: 1.21980726719
        median: 0.822482585907
        min: 0
        var: 1.58482980728
    zerocrossingrate:
        dmean: 0.00697553297505
        dmean2: 0.00888084806502
        dvar: 6.47624037811e-005
        dvar2: 8.6480169557e-005
        max: 0.5048828125
        mean: 0.116114377975
        median: 0.119140625
        min: 0.0068359375
        var: 0.00046096573351
    barkbands:
        dmean: [2.24431147444e-007, 2.91981104965e-005, 5.95309938944e-005, 7.45326033211e-005, 0.000241523637669, 0.000111083470983, 9.46514046518e-005, 0.000114433118142, 0.000173624313902, 0.000208636018215, 5.51368611923e-005, 8.7198917754e-005, 5.84720728511e-005, 7.24981509848e-005, 7.3097544373e-005, 0.000132399945869, 0.000250577228144, 0.000201809089049, 0.00041863459046, 0.000241639238084, 0.000138949646498, 3.61098063877e-005, 6.64462913846e-006, 1.03837987808e-006, 5.41250983588e-007, 2.48135201275e-008, 3.1644836751e-010]
        dmean2: [3.12923162937e-007, 5.08013290528e-005, 0.000104465871118, 0.000124633646919, 0.000410829467, 0.000184802629519, 0.000157366404892, 0.000184356671525, 0.000281768647255, 0.000329287606291, 9.01463572518e-005, 0.000142205011798, 9.50087414822e-005, 0.000119156473374, 0.000120952441648, 0.000221176931518, 0.000416188879171, 0.000331167888362, 0.0006986768567, 0.000405269704061, 0.000239128785324, 6.36079494143e-005, 1.1135857676e-005, 1.67877385593e-006, 8.3017249608e-007, 3.8482731668e-008, 5.59536583733e-010]
        dvar: [1.19132731024e-013, 2.37972752615e-009, 7.91508192322e-009, 1.6644124301e-008, 1.72798110043e-007, 4.63982274823e-008, 4.11900842323e-008, 1.07741229272e-007, 1.98287239073e-007, 2.39195912854e-007, 1.41005074283e-008, 2.20904059489e-008, 1.45445095967e-008, 2.53747032275e-008, 1.46755159136e-008, 2.89750961002e-008, 9.12358473215e-008, 5.99769762744e-008, 2.49161985266e-007, 7.43658929991e-008, 3.44787203232e-008, 4.35616076544e-009, 1.87188334277e-010, 7.74172653067e-012, 3.83801671e-012, 6.90797338968e-015, 3.23848861235e-019]
        dvar2: [2.21228539502e-013, 6.73149269659e-009, 2.24418563732e-008, 4.21053485411e-008, 4.72634980042e-007, 1.09171452323e-007, 1.03808361018e-007, 2.47368348028e-007, 4.72471896273e-007, 5.70003805933e-007, 3.39878845068e-008, 5.64850388685e-008, 3.45899948684e-008, 6.54217870988e-008, 3.61725973619e-008, 7.64529204389e-008, 2.38009135956e-007, 1.54386725626e-007, 6.65088236929e-007, 2.02155050033e-007, 9.60399475503e-008, 1.21484839966e-008, 4.94637053539e-010, 1.81701112489e-011, 9.04164243476e-012, 1.68991204494e-014, 9.18739683593e-019]
        max: [3.08854282594e-006, 0.00054368347628, 0.00133027601987, 0.00188422377687, 0.00503541715443, 0.00950100552291, 0.00629460252821, 0.00751489400864, 0.0120954811573, 0.00849793013185, 0.00303694675677, 0.00295679015107, 0.00396590307355, 0.00369221717119, 0.00249095261097, 0.00299405911937, 0.00659864069894, 0.00420985696837, 0.00938788428903, 0.0042585269548, 0.00257251458243, 0.000845219707116, 0.000310183648253, 0.000146389953443, 8.00573106972e-005, 2.23847177949e-006, 1.41556464328e-008]
        mean: [2.95948922258e-007, 3.87593136111e-005, 7.47194135329e-005, 9.776152001e-005, 0.00034717732342, 0.000172661617398, 0.0001404118957, 0.000164237731951, 0.00027620914625, 0.000359691883205, 9.39294623095e-005, 0.000156806825544, 9.86628001556e-005, 0.000117394803965, 0.000134620611789, 0.000271302240435, 0.0005652695545, 0.000473422085634, 0.00104306719732, 0.000638342229649, 0.000315821002005, 5.81313361181e-005, 1.26068780446e-005, 2.32092975239e-006, 1.17349600259e-006, 4.83958935149e-008, 4.02877092798e-010]
        median: [5.22827505733e-008, 2.25481344387e-005, 4.51690575574e-005, 5.32858321094e-005, 0.000192873514607, 0.00010352791287, 7.69320249674e-005, 4.21016156906e-005, 0.000113394649816, 0.00011196291598, 4.91241953569e-005, 8.85101835593e-005, 5.66336602787e-005, 6.6543900175e-005, 9.16973658605e-005, 0.000217097069253, 0.000486567325424, 0.000390277069528, 0.00097452220507, 0.000623797182925, 0.000293024029816, 4.27494451287e-005, 7.20730622561e-006, 1.63004619935e-006, 6.7786299951e-007, 2.34059562843e-008, 2.28959171067e-010]
        min: [2.54939618174e-023, 1.01731565446e-023, 2.74294541364e-023, 1.67673552919e-023, 3.73044496579e-023, 2.32395204126e-023, 4.61706435428e-023, 2.22098234284e-023, 6.88633792184e-023, 1.78329000088e-022, 9.36487577718e-023, 1.19629393125e-022, 1.40658405374e-022, 1.51662598484e-022, 1.03407673989e-022, 9.33664086766e-023, 2.14142641475e-022, 1.87839380944e-022, 2.23053336581e-022, 3.81125385744e-022, 3.04634958506e-022, 4.57501863602e-022, 5.52854472576e-022, 9.97794186957e-022, 1.3178149371e-021, 1.50289478162e-021, 2.4829930388e-021]
        var: [2.31324697895e-013, 2.59404719927e-009, 9.23869603042e-009, 2.30779750865e-008, 2.14298523815e-007, 6.79460825381e-008, 5.67517588479e-008, 1.91396765103e-007, 3.62691110922e-007, 5.69622216062e-007, 3.30702896179e-008, 4.5494235934e-008, 2.38056916402e-008, 3.4942900129e-008, 2.80170748823e-008, 6.33243359971e-008, 2.18124924345e-007, 1.55871106244e-007, 6.32304534065e-007, 2.05206717396e-007, 5.88831774451e-008, 4.05703559636e-009, 3.08750996991e-010, 1.21862953756e-011, 5.48708344386e-012, 9.50851658017e-015, 3.21455698476e-019]
    frequency_bands:
        dmean: [2.24431147444e-007, 2.91981104965e-005, 5.95309938944e-005, 7.45326033211e-005, 0.000241523637669, 0.000111083470983, 9.46514046518e-005, 0.000114433118142, 0.000173624313902, 0.000208636018215, 5.51368611923e-005, 8.7198917754e-005, 5.84720728511e-005, 7.24981509848e-005, 7.3097544373e-005, 0.000132399945869, 0.000250577228144, 0.000201809089049, 0.00041863459046, 0.000241639238084, 0.000138949646498, 3.61098063877e-005, 6.64462913846e-006, 1.03837987808e-006, 5.41250983588e-007, 2.48135201275e-008, 3.1644836751e-010, 6.53394144345e-011]
        dmean2: [3.12923162937e-007, 5.08013290528e-005, 0.000104465871118, 0.000124633646919, 0.000410829467, 0.000184802629519, 0.000157366404892, 0.000184356671525, 0.000281768647255, 0.000329287606291, 9.01463572518e-005, 0.000142205011798, 9.50087414822e-005, 0.000119156473374, 0.000120952441648, 0.000221176931518, 0.000416188879171, 0.000331167888362, 0.0006986768567, 0.000405269704061, 0.000239128785324, 6.36079494143e-005, 1.1135857676e-005, 1.67877385593e-006, 8.3017249608e-007, 3.8482731668e-008, 5.59536583733e-010, 1.21367152439e-010]
        dvar: [1.19132731024e-013, 2.37972752615e-009, 7.91508192322e-009, 1.6644124301e-008, 1.72798110043e-007, 4.63982274823e-008, 4.11900842323e-008, 1.07741229272e-007, 1.98287239073e-007, 2.39195912854e-007, 1.41005074283e-008, 2.20904059489e-008, 1.45445095967e-008, 2.53747032275e-008, 1.46755159136e-008, 2.89750961002e-008, 9.12358473215e-008, 5.99769762744e-008, 2.49161985266e-007, 7.43658929991e-008, 3.44787203232e-008, 4.35616076544e-009, 1.87188334277e-010, 7.74172653067e-012, 3.83801671e-012, 6.90797338968e-015, 3.23848861235e-019, 9.24670794767e-021]
        dvar2: [2.21228539502e-013, 6.73149269659e-009, 2.24418563732e-008, 4.21053485411e-008, 4.72634980042e-007, 1.09171452323e-007, 1.03808361018e-007, 2.47368348028e-007, 4.72471896273e-007, 5.70003805933e-007, 3.39878845068e-008, 5.64850388685e-008, 3.45899948684e-008, 6.54217870988e-008, 3.61725973619e-008, 7.64529204389e-008, 2.38009135956e-007, 1.54386725626e-007, 6.65088236929e-007, 2.02155050033e-007, 9.60399475503e-008, 1.21484839966e-008, 4.94637053539e-010, 1.81701112489e-011, 9.04164243476e-012, 1.68991204494e-014, 9.18739683593e-019, 2.94102580453e-020]
        max: [3.08854282594e-006, 0.00054368347628, 0.00133027601987, 0.00188422377687, 0.00503541715443, 0.00950100552291, 0.00629460252821, 0.00751489400864, 0.0120954811573, 0.00849793013185, 0.00303694675677, 0.00295679015107, 0.00396590307355, 0.00369221717119, 0.00249095261097, 0.00299405911937, 0.00659864069894, 0.00420985696837, 0.00938788428903, 0.0042585269548, 0.00257251458243, 0.000845219707116, 0.000310183648253, 0.000146389953443, 8.00573106972e-005, 2.23847177949e-006, 1.41556464328e-008, 1.33017863391e-009]
        mean: [2.95948922258e-007, 3.87593136111e-005, 7.47194135329e-005, 9.776152001e-005, 0.00034717732342, 0.000172661617398, 0.0001404118957, 0.000164237731951, 0.00027620914625, 0.000359691883205, 9.39294623095e-005, 0.000156806825544, 9.86628001556e-005, 0.000117394803965, 0.000134620611789, 0.000271302240435, 0.0005652695545, 0.000473422085634, 0.00104306719732, 0.000638342229649, 0.000315821002005, 5.81313361181e-005, 1.26068780446e-005, 2.32092975239e-006, 1.17349600259e-006, 4.83958935149e-008, 4.02877092798e-010, 5.09679971838e-011]
        median: [5.22827505733e-008, 2.25481344387e-005, 4.51690575574e-005, 5.32858321094e-005, 0.000192873514607, 0.00010352791287, 7.69320249674e-005, 4.21016156906e-005, 0.000113394649816, 0.00011196291598, 4.91241953569e-005, 8.85101835593e-005, 5.66336602787e-005, 6.6543900175e-005, 9.16973658605e-005, 0.000217097069253, 0.000486567325424, 0.000390277069528, 0.00097452220507, 0.000623797182925, 0.000293024029816, 4.27494451287e-005, 7.20730622561e-006, 1.63004619935e-006, 6.7786299951e-007, 2.34059562843e-008, 2.28959171067e-010, 1.773649283e-011]
        min: [2.54939618174e-023, 1.01731565446e-023, 2.74294541364e-023, 1.67673552919e-023, 3.73044496579e-023, 2.32395204126e-023, 4.61706435428e-023, 2.22098234284e-023, 6.88633792184e-023, 1.78329000088e-022, 9.36487577718e-023, 1.19629393125e-022, 1.40658405374e-022, 1.51662598484e-022, 1.03407673989e-022, 9.33664086766e-023, 2.14142641475e-022, 1.87839380944e-022, 2.23053336581e-022, 3.81125385744e-022, 3.04634958506e-022, 4.57501863602e-022, 5.52854472576e-022, 9.97794186957e-022, 1.3178149371e-021, 1.50289478162e-021, 2.4829930388e-021, 7.9611701191e-022]
        var: [2.31324697895e-013, 2.59404719927e-009, 9.23869603042e-009, 2.30779750865e-008, 2.14298523815e-007, 6.79460825381e-008, 5.67517588479e-008, 1.91396765103e-007, 3.62691110922e-007, 5.69622216062e-007, 3.30702896179e-008, 4.5494235934e-008, 2.38056916402e-008, 3.4942900129e-008, 2.80170748823e-008, 6.33243359971e-008, 2.18124924345e-007, 1.55871106244e-007, 6.32304534065e-007, 2.05206717396e-007, 5.88831774451e-008, 4.05703559636e-009, 3.08750996991e-010, 1.21862953756e-011, 5.48708344386e-012, 9.50851658017e-015, 3.21455698476e-019, 7.17315759908e-021]
    mfcc:
        mean: [-698.716796875, 86.8627319336, -74.7804489136, 49.4388275146, -29.7490921021, -10.5096883774, -4.2859582901, -1.76053571701, -2.79558634758, -6.90968751907, -8.95638179779, -7.03691530228, -5.34811210632]
        cov: [[4110.9921875, 502.348999023, 771.253417969, 1540.33276367, 484.800598145, 461.542449951, 478.656524658, 316.460449219, 120.039093018, 58.5397377014, -124.29259491, 115.672653198, 174.222915649], [502.348999023, 545.255126953, 244.777633667, 352.848327637, 79.693939209, 45.5122070313, 91.4378814697, 30.9832572937, -21.0153160095, -17.3824291229, -38.6422653198, 0.337901562452, 1.88020920753], [771.253417969, 244.777633667, 558.556091309, 442.997955322, 217.710586548, 120.413131714, 120.267173767, 21.4820804596, -4.57392168045, -24.1039295197, -65.4930114746, -4.62405061722, 29.3512611389], [1540.33276367, 352.848327637, 442.997955322, 869.065734863, 305.456512451, 206.913101196, 220.54069519, 87.8519287109, 61.7692451477, 5.42532968521, -71.0176467896, 56.2086601257, 85.9114990234], [484.800598145, 79.693939209, 217.710586548, 305.456512451, 219.225296021, 92.113899231, 96.5655670166, 6.15268516541, 27.5252685547, 1.26859509945, -29.7004566193, 18.1799583435, 31.3640766144], [461.542449951, 45.5122070313, 120.413131714, 206.913101196, 92.113899231, 145.94682312, 89.1376266479, 58.6394577026, 16.5596580505, 8.98766708374, -25.2742862701, 8.29896259308, 19.7674179077], [478.656524658, 91.4378814697, 120.267173767, 220.54069519, 96.5655670166, 89.1376266479, 171.63444519, 77.2613983154, 50.6951026917, 8.30094814301, -25.2427768707, 25.1575870514, 22.2975215912], [316.460449219, 30.9832572937, 21.4820804596, 87.8519287109, 6.15268516541, 58.6394577026, 77.2613983154, 132.515701294, 38.4778060913, 22.8667888641, -3.38330364227, 9.45646858215, 7.91848039627], [120.039093018, -21.0153160095, -4.57392168045, 61.7692451477, 27.5252685547, 16.5596580505, 50.6951026917, 38.4778060913, 87.1981048584, 29.3269824982, 3.55758261681, 18.3317985535, 11.6870803833], [58.5397377014, -17.3824291229, -24.1039295197, 5.42532968521, 1.26859509945, 8.98766708374, 8.30094814301, 22.8667888641, 29.3269824982, 68.5972290039, 29.1487770081, 14.3216381073, 0.955257475376], [-124.29259491, -38.6422653198, -65.4930114746, -71.0176467896, -29.7004566193, -25.2742862701, -25.2427768707, -3.38330364227, 3.55758261681, 29.1487770081, 64.1814575195, 20.0707588196, 0.68349313736], [115.672653198, 0.337901562452, -4.62405061722, 56.2086601257, 18.1799583435, 8.29896259308, 25.1575870514, 9.45646858215, 18.3317985535, 14.3216381073, 20.0707588196, 72.1018829346, 33.44348526], [174.222915649, 1.88020920753, 29.3512611389, 85.9114990234, 31.3640766144, 19.7674179077, 22.2975215912, 7.91848039627, 11.6870803833, 0.955257475376, 0.68349313736, 33.44348526, 64.5973587036]]
        icov: [[0.00096501520602, 0.000389138353057, -0.000157418704475, -0.00172071682755, 0.000619783997536, -0.000290310155833, -0.000466672994662, -0.000941283535212, 0.000792744627688, -0.000682733079884, 0.000265154143563, -5.77509636059e-005, -0.000295882491628], [0.000389138353057, 0.00342086958699, -0.000757818459533, -0.00252886395901, 0.0017373728333, 0.00151298171841, -0.00150869775098, -0.00045859819511, 0.00221963180229, -0.000441598705947, 4.45752302767e-005, 0.000135481226607, 0.00136328861117], [-0.000157418704475, -0.000757818459533, 0.00395970186219, -0.000566635106225, -0.00249923579395, -0.000178372327355, -0.000137970186188, 0.000120678108942, 0.00111362268217, 0.00038086209679, 0.000803715549409, 0.00108796404675, -7.696042303e-005], [-0.00172071682755, -0.00252886395901, -0.000566635106225, 0.0075654592365, -0.00413469271734, -0.00163206784055, 0.000862607965246, 0.0010675144149, -0.00284308684058, 0.000976708135568, 0.000891434086952, -0.00121388514526, -0.00189246516675], [0.000619783997536, 0.0017373728333, -0.00249923579395, -0.00413469271734, 0.013267301023, -0.00242369156331, -0.00342199020088, 0.00412184791639, -0.00086298037786, -0.00104530667886, -0.00035941042006, 0.000191115919733, -3.52784190909e-005], [-0.000290310155833, 0.00151298171841, -0.000178372327355, -0.00163206784055, -0.00242369156331, 0.0148465158418, -0.00330200837925, -0.00385156087577, 0.00392927322537, -0.00231853337027, 0.00204019318335, 0.00121493905317, -9.11135866772e-005], [-0.000466672994662, -0.00150869775098, -0.000137970186188, 0.000862607965246, -0.00342199020088, -0.00330200837925, 0.0148247489706, -0.00469112629071, -0.00548977218568, 0.00235794624314, 0.00196408596821, -0.00332678249106, 0.00100775540341], [-0.000941283535212, -0.00045859819511, 0.000120678108942, 0.0010675144149, 0.00412184791639, -0.00385156087577, -0.00469112629071, 0.014605586417, -0.00356725766324, -0.00155320961494, -0.000965550774708, 0.00124197662808, 0.000119261094369], [0.000792744627688, 0.00221963180229, 0.00111362268217, -0.00284308684058, -0.00086298037786, 0.00392927322537, -0.00548977218568, -0.00356725766324, 0.0199151709676, -0.00740720983595, 0.00218789209612, -0.000831133977044, -0.000465084915049], [-0.000682733079884, -0.000441598705947, 0.00038086209679, 0.000976708135568, -0.00104530667886, -0.00231853337027, 0.00235794624314, -0.00155320961494, -0.00740720983595, 0.0234980508685, -0.0107579352334, -0.000636299315374, 0.00241160043515], [0.000265154143563, 4.45752302767e-005, 0.000803715549409, 0.000891434086952, -0.00035941042006, 0.00204019318335, 0.00196408596821, -0.000965550774708, 0.00218789209612, -0.0107579352334, 0.0264320615679, -0.00761946104467, 0.000151742220623], [-5.77509636059e-005, 0.000135481226607, 0.00108796404675, -0.00121388514526, 0.000191115919733, 0.00121493905317, -0.00332678249106, 0.00124197662808, -0.000831133977044, -0.000636299315374, -0.00761946104467, 0.0227645896375, -0.00974193960428], [-0.000295882491628, 0.00136328861117, -7.696042303e-005, -0.00189246516675, -3.52784190909e-005, -9.11135866772e-005, 0.00100775540341, 0.000119261094369, -0.000465084915049, 0.00241160043515, 0.000151742220623, -0.00974193960428, 0.0235637333244]]
    sccoeffs:
        dmean: [0.056137163192, 0.0494819395244, 0.0400544777513, 0.0281209610403, 0.0198839623481, 0.0204917062074]
        dmean2: [0.0929755941033, 0.082423850894, 0.0656257793307, 0.0472170785069, 0.033178139478, 0.0327925570309]
        dvar: [0.00207064417191, 0.00155227491632, 0.00101189617999, 0.000478080706671, 0.000238795473706, 0.000333238014719]
        dvar2: [0.00563222914934, 0.00422567501664, 0.00265523116104, 0.00130650715437, 0.000645469350275, 0.000836458406411]
        max: [-0.273466140032, -0.421220242977, -0.47295832634, -0.621723592281, -0.64443731308, -0.580537497997]
        mean: [-0.668548226357, -0.762799263, -0.772253751755, -0.796056270599, -0.789509117603, -0.711189210415]
        median: [-0.677039980888, -0.769839048386, -0.782769799232, -0.799368023872, -0.789100170135, -0.707683205605]
        min: [-0.976249277592, -0.971714198589, -0.960730016232, -0.963836014271, -0.951428472996, -0.961369097233]
        var: [0.00623344443738, 0.00371928466484, 0.00404977565631, 0.00154362025205, 0.000947147666011, 0.00199568667449]
    scvalleys:
        dmean: [0.392582625151, 0.347976386547, 0.282704919577, 0.228598579764, 0.178149655461, 0.204147264361]
        dmean2: [0.656894385815, 0.581773042679, 0.469927757978, 0.379693508148, 0.289748996496, 0.312362372875]
        dvar: [0.113360859454, 0.0953147411346, 0.0699931681156, 0.0533640123904, 0.0417251959443, 0.0588295757771]
        dvar2: [0.274386435747, 0.220391556621, 0.143358573318, 0.101106502116, 0.067430973053, 0.111186899245]
        max: [-5.51179027557, -4.96189975739, -5.29439401627, -5.62096691132, -5.5467414856, -7.58453321457]
        mean: [-7.66149139404, -6.6684012413, -6.67535877228, -6.9151558876, -6.5348200798, -9.7348279953]
        median: [-6.90816020966, -6.5380358696, -6.61672782898, -6.85060977936, -6.26949930191, -9.61769485474]
        min: [-26.7863826752, -26.725725174, -27.1080513, -27.2102622986, -27.4253406525, -27.182220459]
        var: [3.54235696793, 0.477247804403, 0.257524996996, 0.221170336008, 0.548253655434, 0.435186237097]

rhythm:
    beats_loudness:
        dmean: 0.00163821945898
        dmean2: 0.00288045033813
        dvar: 2.17225851884e-006
        dvar2: 6.56585825709e-006
        max: 0.0130239054561
        mean: 0.00605318835005
        median: 0.00650448910892
        min: 4.32574015576e-005
        var: 7.71353643358e-006
    bpm: 162.451721191
    bpm_confidence: 0
    first_peak_bpm: 161
    first_peak_spread: 0.254901915789
    first_peak_weight: 0.48025277257
    onset_rate: 2.16229581833
    second_peak_bpm: 152
    second_peak_spread: 0.142857193947
    second_peak_weight: 0.113744072616
    beats_loudness_band_ratio:
        dmean: [0.0468623042107, 0.0699998140335, 0.0923945903778, 0.0869017988443, 0.0972462669015, 0.0911201387644]
        dmean2: [0.0832138732076, 0.125297382474, 0.161219879985, 0.15488538146, 0.162293031812, 0.157338440418]
        dvar: [0.00350295123644, 0.00772765139118, 0.0123668313026, 0.0106020532548, 0.00595689704642, 0.00582447601482]
        dvar2: [0.00983019080013, 0.0228271503001, 0.0344938337803, 0.0309385377914, 0.0170711744577, 0.0176943652332]
        max: [0.498566806316, 0.863945543766, 0.896953642368, 0.718370437622, 0.73106688261, 0.63907456398]
        mean: [0.0617537200451, 0.0903664305806, 0.136162087321, 0.140943020582, 0.294435322285, 0.311829537153]
        median: [0.042966119945, 0.0568664371967, 0.0813547596335, 0.0950412303209, 0.278879493475, 0.315606862307]
        min: [1.07247597043e-005, 0.000481234397739, 0.0123702213168, 0.00863154046237, 0.0262241140008, 0.00844488665462]
        var: [0.00436617620289, 0.00955124013126, 0.0179344434291, 0.0144466813654, 0.0137535948306, 0.0162820462137]
    beats_position: [0.476009070873, 0.975238084793, 1.47446703911, 1.97369611263, 2.47292518616, 2.97215414047, 3.45977306366, 3.94739222527, 4.446621418, 4.94585037231, 5.44507932663, 5.93269824982, 6.32743740082, 6.72217655182, 7.11691617966, 7.50004529953, 7.8831744194, 8.26630401611, 8.66104316711, 9.11383247375, 9.56662082672, 10.0078001022, 10.4489793777, 10.8901586533, 11.3429479599, 11.8886165619, 12.4226751328, 12.9567346573, 13.479183197, 13.9900226593, 14.512471199, 15.0465307236, 15.5573692322, 16.0682086945, 16.5906581879, 17.1131057739, 17.6355552673, 18.0186843872, 18.4018135071, 18.784942627, 19.179681778, 19.5628108978, 19.9459400177, 20.3290691376, 20.7121982574, 21.1069393158, 21.5016784668, 21.8731975555, 22.2447166443, 22.6394557953, 23.0341949463, 23.4289340973, 23.8236732483, 24.2184123993, 24.6131515503, 25.0078907013, 25.4026298523, 25.7973690033, 26.1921081543, 26.5868473053, 26.9699764252, 27.3647155762, 27.747844696, 28.1309738159, 28.5024929047, 28.8856239319, 29.2803630829, 29.6751022339, 30.0698413849, 30.4645805359, 30.8593196869, 31.2540588379, 31.6487979889, 32.0435371399, 32.4382743835, 32.8330154419, 33.2277526855, 33.6108856201, 33.99401474, 34.3771438599, 34.7602729797, 35.1434020996, 35.5265312195, 35.9212684631, 36.3160095215, 36.7107467651, 37.1054878235, 37.4886169434, 37.8717460632, 38.2664833069, 38.6612243652, 39.0559616089, 39.4390907288, 39.8338317871, 40.216960907, 40.6000900269, 40.9832191467, 41.3779602051, 41.7726974487, 42.1558265686, 42.5389556885, 42.9336967468, 43.3284339905, 43.7231750488, 44.1179122925, 44.5126533508, 44.9073905945, 45.3021316528, 45.6968688965, 46.1032180786, 46.5095672607, 46.9159164429, 47.322265625, 47.7402267456, 48.16979599, 48.5877532959, 49.0057144165, 49.4236717224, 49.8532409668, 50.2712020874, 50.6659393311, 51.0490684509, 51.4321975708, 51.8153266907, 52.1984558105, 52.5699768066, 52.941493988, 53.3130149841, 53.6845359802, 54.0560531616, 54.4275741577, 54.7990913391, 55.1706123352, 55.5305213928, 55.8904304504, 56.2619476318, 56.6334686279, 57.0049858093, 57.3765068054, 57.7480278015, 58.1195449829, 58.491065979, 58.8625831604, 59.2341041565, 59.6056213379, 59.977142334, 60.3486595154, 60.7201805115, 61.0916976929, 61.463218689, 61.8347396851, 62.2062568665, 62.5777778625, 62.9492950439, 63.3092041016, 63.6691131592, 64.0406341553, 64.4121551514, 64.7836685181, 65.1551895142, 65.5267105103, 65.8982315063, 66.2697525024, 66.6412658691, 67.0127868652, 67.3843078613, 67.7558288574, 68.1273422241, 68.4988632202, 68.8703842163, 69.2419052124, 69.60181427, 69.9733352661, 70.3332443237, 70.7047576904, 71.0762786865, 71.4594116211, 71.8425369263, 72.2140579224, 72.5855789185, 72.9570999146, 73.3170089722, 73.6885223389, 74.060043335, 74.4431762695, 74.8146896362, 75.1862106323, 75.5577316284, 75.9524688721, 76.3472061157, 76.7419509888, 77.1366882324, 77.5430374146, 77.9261627197, 78.2976837158, 78.6692047119, 79.040725708, 79.4122467041, 79.7837600708, 80.1552810669, 80.526802063, 80.8983230591, 81.2698364258, 81.6413574219, 82.012878418, 82.3843994141, 82.7559204102, 83.1274337769, 83.4989547729, 83.870475769, 84.2419967651, 84.6135101318, 84.9734191895, 85.3333282471, 85.7048492432, 86.0763702393, 86.4478912354, 86.8310165405, 87.2141494751, 87.5856704712, 87.9571838379, 88.328704834, 88.6770019531, 89.0485229492, 89.4200439453, 89.7799530029, 90.151473999, 90.5113830566, 90.8712921143, 91.2312011719, 91.602722168, 91.9742355347, 92.3457565308, 92.7172775269, 93.0887985229, 93.460319519, 93.8434448242, 94.2265777588, 94.5980911255, 94.9696121216, 95.3411331177, 95.7126541138, 96.0841674805, 96.4556884766, 96.8388214111, 97.2103347778, 97.5702438354, 97.9417648315, 98.3132858276, 98.6848068237, 99.0563278198, 99.439453125, 99.7993621826, 100.170883179, 100.530792236, 100.902313232, 101.26222229, 101.633743286, 102.005256653, 102.36516571, 102.736686707, 103.119819641, 103.479728699, 103.839637756, 104.211151123, 104.582672119, 104.954193115, 105.325714111, 105.697235107, 106.068748474, 106.44026947, 106.811790466, 107.20652771, 107.578048706, 107.949569702, 108.321083069, 108.692604065, 109.064125061, 109.435646057, 109.807167053, 110.17868042, 110.550201416, 110.921722412, 111.293243408, 111.664756775, 112.024665833, 112.38457489, 112.756095886, 113.127616882, 113.48752594, 113.859046936, 114.218955994, 114.59047699, 114.961990356, 115.333511353, 115.69342041, 116.076553345, 116.448066711, 116.831199646, 117.214332581, 117.585845947, 117.957366943, 118.328887939, 118.688796997, 119.048706055, 119.420227051, 119.780136108, 120.151649475, 120.511566162, 120.883079529, 121.254600525, 121.614509583, 121.986030579, 122.357551575, 122.729064941, 123.100585938, 123.472106934, 123.84362793, 124.226753235, 124.609886169, 125.004623413, 125.387756348, 125.782493591, 126.154014587, 126.525527954, 126.885437012, 127.245346069, 127.605255127, 127.965164185, 128.325073242, 128.6849823, 129.056503296, 129.428024292, 129.799545288, 130.171066284, 130.54258728, 130.914108276, 131.285614014, 131.65713501, 132.028656006, 132.400177002, 132.771697998, 133.143218994, 133.503128052, 133.874649048, 134.234558105, 134.606079102, 134.977600098, 135.349105835, 135.720626831, 136.092147827, 136.452056885, 136.811965942, 137.171875, 137.543395996, 137.903305054, 138.27482605, 138.646347046, 139.006256104, 139.3777771, 139.749298096, 140.120819092, 140.492340088, 140.852249146, 141.235366821, 141.618499756, 141.990020752, 142.361541748, 142.733062744, 143.10458374, 143.476104736, 143.859222412, 144.230743408, 144.590652466, 144.962173462, 145.333694458, 145.705215454, 146.088348389, 146.471466064, 146.831375122, 147.19128418, 147.562805176, 147.934326172, 148.305847168, 148.677368164, 149.037277222, 149.397186279, 149.768707275, 150.128616333, 150.488525391, 150.860046387, 151.219955444, 151.603088379, 151.974594116, 152.346115112, 152.717636108, 153.089157104, 153.460678101, 153.832199097, 154.215332031, 154.598449707, 154.969970703, 155.353103638, 155.736236572, 156.107757568, 156.479278564, 156.850784302, 157.222305298, 157.593826294, 157.96534729, 158.336868286, 158.720001221, 159.091522217, 159.451431274, 159.799728394, 160.159637451, 160.519546509, 160.879455566, 161.239364624, 161.61088562, 161.982406616, 162.353912354, 162.72543335, 163.096954346, 163.456863403, 163.828384399, 164.199905396, 164.58303833, 164.954559326, 165.326080322, 165.69758606, 166.069107056, 166.45223999, 166.835372925, 167.206893921, 167.578414917, 167.949935913, 168.32144165, 168.692962646, 169.064483643, 169.447616577, 169.819137573, 170.202270508, 170.573776245, 170.945297241, 171.328430176, 171.71156311, 172.094696045, 172.489425659, 172.884170532, 173.278915405, 173.67364502, 174.068389893, 174.451522827, 174.846252441, 175.240997314, 175.635726929, 176.018859863, 176.401992798, 176.796737671, 177.191467285, 177.586212158, 177.980941772, 178.364074707, 178.747207642, 179.130340576, 179.52507019, 179.908203125, 180.279724121, 180.662857056, 181.04598999, 181.429107666, 181.812240601, 182.195373535, 182.57850647, 182.950012207, 183.321533203, 183.693054199, 184.052963257, 184.412872314, 184.784393311, 185.13269043, 185.504211426, 185.875732422, 186.247253418, 186.618774414, 186.99029541, 187.361816406, 187.733337402, 188.10484314, 188.476364136, 188.847885132, 189.207794189, 189.567703247, 189.939224243, 190.310745239, 190.682266235, 191.053787231, 191.425308228, 191.796829224, 192.168334961, 192.539855957, 192.911376953, 193.282897949, 193.666030884, 194.03755188, 194.409072876, 194.768981934, 195.140487671, 195.512008667, 195.871917725, 196.231826782, 196.603347778, 196.974868774, 197.346389771, 197.717910767, 198.089431763, 198.460952759, 198.832473755, 199.203994751, 199.575500488, 199.947021484, 200.31854248, 200.690063477, 201.061584473, 201.409881592, 201.781402588, 202.152923584, 202.52444458, 202.895965576, 203.267486572, 203.63899231, 204.010513306, 204.39364624, 204.776779175, 205.148300171, 205.519821167, 205.891326904, 206.2628479, 206.634368896, 207.005889893, 207.377410889, 207.725708008, 208.097229004, 208.46875, 208.840270996, 209.211791992, 209.57170105, 209.931610107, 210.303131104, 210.6746521, 211.046157837, 211.417678833, 211.789199829, 212.160720825, 212.532241821, 212.903762817, 213.275283813, 213.64680481, 214.018310547, 214.389831543, 214.761352539, 215.132873535, 215.504394531, 215.875915527, 216.247436523, 216.630569458, 217.002075195, 217.373596191, 217.745117188, 218.116638184, 218.476547241, 218.859680176, 219.24281311, 219.625930786, 220.009063721, 220.392196655, 220.77532959, 221.146850586, 221.599639893, 222.052429199, 222.505218506, 222.958007813, 223.410797119, 223.863571167, 224.316360474, 224.76914978, 225.221939087, 225.674728394, 226.081085205, 226.475830078, 226.882171631, 227.288528442, 227.613601685, 227.938674927, 228.263763428, 228.58883667, 228.925521851, 229.26222229, 229.598907471, 229.935592651, 230.272293091, 230.655410767, 231.038543701, 231.421676636, 231.80480957, 232.187927246, 232.571060181, 232.954193115, 233.33732605, 233.720443726, 234.10357666, 234.486709595, 234.881454468, 235.264572144, 235.647705078, 236.042449951, 236.448791504, 236.855148315, 237.273101807, 237.679458618, 238.097412109, 238.515365601, 238.921722412, 239.339675903, 239.757644653, 240.175598145, 240.605163574, 241.023132324, 241.441085815, 241.859039307, 242.277008057, 242.694961548, 243.112915039]
