
metadata:
    version:
        essentia: "2.1-beta2"
    audio_properties:
        analysis_sample_rate: 44100
        bitrate: 320
        channels: 2
        equal_loudness: 1
        length: 325.485717773
        replay_gain: -16.0749130249
        downmix: "mix"
    tags:
        album: "Alive In The Night (Live)"
        artist: "Powerwolf"
        comment: ""
        date: "2012"
        genre: "Power Metal"
        title: "Resurrection By Erection"
        tracknumber: "08"

configuration:
    average_loudness:
        compute: 1
        frameSize: 88200
        hopSize: 44100
        silentFrames: "noise"
        windowType: "hann"
    general:
        analysisSampleRate: 44100
        endTime: 2000
        equalLoudness: 1
        nequalLoudness: 0
        shortSound: 0
        startTime: 0
    lowlevel:
        compute: 1
        frameSize: 2048
        hopSize: 1024
        zeroPadding: 0
        silentFrames: "noise"
        windowType: "blackmanharris62"
        mfccStats: ["mean", "cov", "icov"]
        stats: ["mean", "var", "median", "min", "max", "dmean", "dmean2", "dvar", "dvar2"]
    panning:
        compute: 0
        frameSize: 8192
        hopSize: 2048
        zeroPadding: 8192
        silentFrames: "noise"
        windowType: "hann"
        stats: ["copy"]
    rhythm:
        compute: 1
        maxTempo: 208
        minTempo: 40
        method: "degara"
        stats: ["mean", "var", "median", "min", "max", "dmean", "dmean2", "dvar", "dvar2"]
    segmentation:
        compute: 0
        cpw: 5
        inc1: 300
        inc2: 50
        minimumSegmentsLength: 10
        size1: 1000
        size2: 600
    sfx:
        compute: 1
        stats: ["mean", "var", "median", "min", "max", "dmean", "dmean2", "dvar", "dvar2"]
    svm:
        compute: 0
    tonal:
        compute: 1
        frameSize: 4096
        hopSize: 2048
        zeroPadding: 0
        silentFrames: "noise"
        windowType: "blackmanharris62"
        stats: ["mean", "var", "median", "min", "max", "dmean", "dmean2", "dvar", "dvar2"]

lowlevel:
    average_loudness: 0.749168634415
    barkbands_kurtosis:
        dmean: 0.835494637489
        dmean2: 1.36793446541
        dvar: 1.55320358276
        dvar2: 3.93694543839
        max: 32.6932868958
        mean: -0.163772940636
        median: -0.771857142448
        min: -1.85313129425
        var: 3.54660439491
    barkbands_skewness:
        dmean: 0.397605329752
        dmean2: 0.627359926701
        dvar: 0.1319039464
        dvar2: 0.319472014904
        max: 5.06945133209
        mean: -0.132753670216
        median: -0.198972389102
        min: -3.08450675011
        var: 0.946944057941
    barkbands_spread:
        dmean: 4.23928022385
        dmean2: 6.78368377686
        dvar: 17.2870006561
        dvar2: 43.8140602112
        max: 63.9523048401
        mean: 25.1390190125
        median: 24.2672023773
        min: 2.61502742767
        var: 100.755561829
    dissonance:
        dmean: 0.0137955769897
        dmean2: 0.023553326726
        dvar: 0.000252180849202
        dvar2: 0.000697470037267
        max: 0.500000119209
        mean: 0.479671865702
        median: 0.485965400934
        min: 0.178962901235
        var: 0.000404653459555
    hfc:
        dmean: 2.1947042942
        dmean2: 3.50876021385
        dvar: 8.15955638885
        dvar2: 20.2714157104
        max: 53.5108337402
        mean: 9.93786525726
        median: 9.69366550446
        min: 1.16919200258e-016
        var: 65.2468032837
    pitch:
        dmean: 716.34954834
        dmean2: 1373.84802246
        dvar: 1469098.375
        dvar2: 3675303
        max: 5083.234375
        mean: 1356.44885254
        median: 457.159210205
        min: 67.4754638672
        var: 2203883.25
    pitch_instantaneous_confidence:
        dmean: 0.0836033374071
        dmean2: 0.136261463165
        dvar: 0.00496468739584
        dvar2: 0.0123488996178
        max: 0.951094090939
        mean: 0.413533389568
        median: 0.386088609695
        min: 0.118031442165
        var: 0.0199978780001
    pitch_salience:
        dmean: 0.0591106079519
        dmean2: 0.0965268984437
        dvar: 0.00287253363058
        dvar2: 0.00719228340313
        max: 0.967444419861
        mean: 0.660783469677
        median: 0.686623573303
        min: 0.15040127933
        var: 0.010788959451
    silence_rate_20dB:
        dmean: 0
        dmean2: 0
        dvar: 0
        dvar2: 0
        max: 1
        mean: 1
        median: 1
        min: 1
        var: 0
    silence_rate_30dB:
        dmean: 0
        dmean2: 0
        dvar: 0
        dvar2: 0
        max: 1
        mean: 1
        median: 1
        min: 1
        var: 0
    silence_rate_60dB:
        dmean: 0.0308175198734
        dmean2: 0.0616394393146
        dvar: 0.0298646260053
        dvar2: 0.069528542459
        max: 1
        mean: 0.365789294243
        median: 0
        min: 0
        var: 0.231991946697
    spectral_centroid:
        dmean: 245.559066772
        dmean2: 388.892852783
        dvar: 67093.2265625
        dvar2: 151288.90625
        max: 10952.7832031
        mean: 1946.48449707
        median: 1981.99829102
        min: 368.611816406
        var: 386120.15625
    spectral_complexity:
        dmean: 3.12241411209
        dmean2: 5.02775192261
        dvar: 10.7663707733
        dvar2: 25.9406070709
        max: 50
        mean: 16.8824443817
        median: 19
        min: 0
        var: 144.531738281
    spectral_crest:
        dmean: 2.18421578407
        dmean2: 3.60325670242
        dvar: 4.41439342499
        dvar2: 11.114522934
        max: 25.3232650757
        mean: 7.6729683876
        median: 6.70352983475
        min: 2.05034637451
        var: 11.6787776947
    spectral_decrease:
        dmean: 1.92803356613e-010
        dmean2: 3.01064867481e-010
        dvar: 4.80339871989e-020
        dvar2: 1.12497028596e-019
        max: -4.90992517514e-029
        mean: -9.59710422244e-010
        median: -1.01469743718e-009
        min: -3.49112272424e-009
        var: 4.31247975716e-019
    spectral_energy:
        dmean: 0.000893384742085
        dmean2: 0.00139893556479
        dvar: 1.02294779936e-006
        dvar2: 2.40657959694e-006
        max: 0.018029877916
        mean: 0.00452355574816
        median: 0.00477889040485
        min: 1.07902277785e-020
        var: 9.96264407149e-006
    spectral_energyband_high:
        dmean: 0.000198764377274
        dmean2: 0.000337317294907
        dvar: 1.07705936614e-007
        dvar2: 2.92624321219e-007
        max: 0.00409934809431
        mean: 0.000517312902957
        median: 0.000420777738327
        min: 7.75841453964e-021
        var: 2.793860574e-007
    spectral_energyband_low:
        dmean: 6.54714094708e-005
        dmean2: 0.000108986605483
        dvar: 1.35698456916e-008
        dvar2: 3.46932651496e-008
        max: 0.00207454711199
        mean: 0.000119408592582
        median: 6.77558928146e-005
        min: 9.84263013622e-023
        var: 2.94463404771e-008
    spectral_energyband_middle_high:
        dmean: 0.00064740673406
        dmean2: 0.00101120851468
        dvar: 6.37689879568e-007
        dvar2: 1.46490651787e-006
        max: 0.0157280620188
        mean: 0.00278335204348
        median: 0.00250911037438
        min: 1.63843103109e-021
        var: 5.26170651938e-006
    spectral_energyband_middle_low:
        dmean: 0.000460929615656
        dmean2: 0.000728997692931
        dvar: 4.80361336486e-007
        dvar2: 1.1711491652e-006
        max: 0.0108809843659
        mean: 0.00117629545275
        median: 0.000841426837724
        min: 4.2389219861e-022
        var: 1.42500061884e-006
    spectral_flatness_db:
        dmean: 0.0145154865459
        dmean2: 0.0227310918272
        dvar: 0.000187379861018
        dvar2: 0.000433542823885
        max: 0.441230297089
        mean: 0.171157956123
        median: 0.157771497965
        min: 0.0451071858406
        var: 0.00208072992973
    spectral_flux:
        dmean: 0.00625094072893
        dmean2: 0.00971107557416
        dvar: 4.59769944428e-005
        dvar2: 0.000103317928733
        max: 0.119368225336
        mean: 0.0382826142013
        median: 0.0407799519598
        min: 1.03876018898e-010
        var: 0.000351464259438
    spectral_kurtosis:
        dmean: 1.16635966301
        dmean2: 1.96959757805
        dvar: 1.24750614166
        dvar2: 3.60380458832
        max: 24.7060546875
        mean: 4.11893844604
        median: 3.76132035255
        min: -1.20391094685
        var: 4.52954959869
    spectral_rms:
        dmean: 0.000203896372113
        dmean2: 0.00031410009251
        dvar: 4.07515337031e-008
        dvar2: 8.92027571808e-008
        max: 0.00419405801222
        mean: 0.00191388919484
        median: 0.00215924344957
        min: 3.24454178802e-012
        var: 7.50282197259e-007
    spectral_rolloff:
        dmean: 331.10925293
        dmean2: 545.488647461
        dvar: 179666.546875
        dvar2: 395434.28125
        max: 18583.1542969
        mean: 3308.53076172
        median: 3574.51171875
        min: 301.46484375
        var: 844995.1875
    spectral_skewness:
        dmean: 0.171715885401
        dmean2: 0.280177801847
        dvar: 0.023651888594
        dvar2: 0.0597282573581
        max: 3.96124386787
        mean: 1.34119045734
        median: 1.25982260704
        min: 0.0416729860008
        var: 0.173023864627
    spectral_spread:
        dmean: 344971.75
        dmean2: 514592.21875
        dvar: 323166830592
        dvar2: 541845159936
        max: 40571872
        mean: 3921219.5
        median: 3768904.5
        min: 1528063.75
        var: 1.12195810099e+012
    spectral_strongpeak:
        dmean: 0.569296658039
        dmean2: 0.96435880661
        dvar: 0.669287145138
        dvar2: 1.76573646069
        max: 9.41496086121
        mean: 0.975463867188
        median: 0.498442828655
        min: 1.36945133011e-009
        var: 1.26299750805
    zerocrossingrate:
        dmean: 0.00763600412756
        dmean2: 0.00936268921942
        dvar: 6.59658326185e-005
        dvar2: 8.14953455119e-005
        max: 0.51025390625
        mean: 0.103430919349
        median: 0.10791015625
        min: 0.0166015625
        var: 0.000802393304184
    barkbands:
        dmean: [1.59857748372e-007, 2.16368334804e-005, 3.98381525883e-005, 4.62024909211e-005, 0.000152120948769, 0.000105597391666, 7.22599434084e-005, 7.20327807358e-005, 0.000223264287342, 0.000160230614711, 8.37885163492e-005, 5.43819005543e-005, 5.4573865782e-005, 6.16695615463e-005, 6.23999512754e-005, 9.34358176892e-005, 0.000170641316799, 0.000170861880179, 0.000295176520012, 0.000191437240574, 0.000107044943434, 2.88597348117e-005, 6.24262565907e-006, 9.27682606289e-007, 5.39776578989e-007, 2.43553426316e-008, 2.28160379478e-010]
        dmean2: [2.14219141981e-007, 3.7851586967e-005, 6.68154316372e-005, 7.58269743528e-005, 0.000251583638601, 0.000173298714799, 0.000118099487736, 0.000114735899842, 0.0003516136494, 0.000247074814979, 0.000125221791677, 8.83670290932e-005, 8.95168195711e-005, 0.000101220619399, 0.000102834470454, 0.000154619032401, 0.000282913330011, 0.000277812679997, 0.000482711475343, 0.000322601437801, 0.000182928197319, 4.97211767652e-005, 1.01791592897e-005, 1.50951564137e-006, 8.57469160565e-007, 3.83354574751e-008, 4.02456790116e-010]
        dvar: [8.73573471048e-014, 1.66553748571e-009, 5.92261795163e-009, 1.01232089378e-008, 1.00069044606e-007, 5.27992121135e-008, 4.21994457156e-008, 6.08728285556e-008, 2.97433757623e-007, 1.85532925912e-007, 5.58832020658e-008, 1.37097284636e-008, 1.5851268742e-008, 1.75488104048e-008, 1.3194708437e-008, 2.76849956293e-008, 8.17641350181e-008, 7.28056193111e-008, 1.9379274363e-007, 9.04221622022e-008, 3.38178054449e-008, 3.62208285587e-009, 2.56788562636e-010, 7.64931173958e-012, 4.7866398345e-012, 1.18535408472e-014, 1.93884569836e-019]
        dvar2: [1.52295968263e-013, 4.8951740439e-009, 1.51399195403e-008, 2.41952342606e-008, 2.70468234476e-007, 1.3687534306e-007, 1.078073808e-007, 1.40714334407e-007, 6.96872064054e-007, 4.01163731567e-007, 1.04949535285e-007, 3.34995995388e-008, 3.9279669295e-008, 4.35609415206e-008, 3.37962404728e-008, 7.11404837261e-008, 2.14561751477e-007, 1.77067533969e-007, 4.89619537802e-007, 2.47122727615e-007, 9.33105468448e-008, 9.83731851534e-009, 5.84483073052e-010, 1.93763772388e-011, 1.16267429712e-011, 2.79548960206e-014, 5.00904648304e-019]
        max: [2.99761290989e-006, 0.000499068934005, 0.00153553718701, 0.00227581732906, 0.0057186903432, 0.00492792809382, 0.00463835848495, 0.00727897090837, 0.0105370515957, 0.0093764429912, 0.00584626151249, 0.00369871640578, 0.00307679874822, 0.00368131394498, 0.00279720709659, 0.00571826193482, 0.00753848766908, 0.00814564805478, 0.00832559540868, 0.00704644061625, 0.00243418337777, 0.00101994839497, 0.000599295366555, 7.97365792096e-005, 7.82917268225e-005, 4.11377550336e-006, 2.97681381767e-008]
        mean: [2.1215595325e-007, 3.31420051225e-005, 5.61238666705e-005, 6.84617625666e-005, 0.00024981322349, 0.000192234612769, 0.000107674517494, 9.85114456853e-005, 0.000401766592404, 0.000271766359219, 0.000155286848894, 9.32056209422e-005, 8.6985026428e-005, 0.000103373247839, 0.000115377144539, 0.000194945037947, 0.000380271696486, 0.000392318557715, 0.000730143568944, 0.000499581743497, 0.000230676334468, 4.76729182992e-005, 1.09741968117e-005, 1.92251422959e-006, 1.08535971322e-006, 4.53795614419e-008, 3.03469416263e-010]
        median: [2.73642122295e-008, 1.20027871162e-005, 2.10004764085e-005, 2.68739349849e-005, 0.000121058947116, 9.45054343902e-005, 5.03855881107e-005, 3.17413214361e-005, 0.000107737454528, 6.6641405283e-005, 4.98339177284e-005, 5.2350183978e-005, 4.70816594316e-005, 5.83597466175e-005, 7.35521898605e-005, 0.00013210317411, 0.000274422112852, 0.000280366424704, 0.000584427965805, 0.000397334806621, 0.000175969427801, 3.17113845085e-005, 5.53916652279e-006, 1.0197429674e-006, 4.80208086628e-007, 1.75273235925e-008, 1.42193146146e-010]
        min: [7.51396165338e-024, 5.94902215062e-024, 5.11586646891e-023, 6.57248235318e-023, 8.98757307254e-023, 1.43951905965e-023, 1.86121080965e-023, 1.52071392516e-022, 7.42884955705e-023, 7.1366586332e-023, 1.65079241837e-022, 8.35371449995e-023, 4.46377195655e-023, 1.76451675217e-022, 1.02107246253e-022, 1.19094343483e-022, 1.5786710941e-022, 3.69833466663e-022, 2.46125915094e-022, 2.89745227852e-022, 5.42605389747e-022, 5.47312453349e-022, 5.4411626664e-022, 7.60264104183e-022, 1.11775971056e-021, 1.89687256691e-021, 2.4002877003e-021]
        var: [1.68069090546e-013, 2.28552909931e-009, 1.03569322008e-008, 1.99094696285e-008, 1.43444850664e-007, 8.65334470745e-008, 5.15108027344e-008, 9.69701616782e-008, 8.10595622625e-007, 4.7161989869e-007, 1.90565913272e-007, 2.23056062509e-008, 2.15669935244e-008, 2.65380091236e-008, 2.1777273318e-008, 6.58455192593e-008, 2.1325729449e-007, 2.01668854061e-007, 6.07658762419e-007, 2.99520394265e-007, 6.3834200148e-008, 4.16812317994e-009, 4.8607440295e-010, 1.05050265362e-011, 6.89298227871e-012, 1.68941924117e-014, 3.51779519347e-019]
    frequency_bands:
        dmean: [1.59857748372e-007, 2.16368334804e-005, 3.98381525883e-005, 4.62024909211e-005, 0.000152120948769, 0.000105597391666, 7.22599434084e-005, 7.20327807358e-005, 0.000223264287342, 0.000160230614711, 8.37885163492e-005, 5.43819005543e-005, 5.4573865782e-005, 6.16695615463e-005, 6.23999512754e-005, 9.34358176892e-005, 0.000170641316799, 0.000170861880179, 0.000295176520012, 0.000191437240574, 0.000107044943434, 2.88597348117e-005, 6.24262565907e-006, 9.27682606289e-007, 5.39776578989e-007, 2.43553426316e-008, 2.28160379478e-010, 4.97193779203e-011]
        dmean2: [2.14219141981e-007, 3.7851586967e-005, 6.68154316372e-005, 7.58269743528e-005, 0.000251583638601, 0.000173298714799, 0.000118099487736, 0.000114735899842, 0.0003516136494, 0.000247074814979, 0.000125221791677, 8.83670290932e-005, 8.95168195711e-005, 0.000101220619399, 0.000102834470454, 0.000154619032401, 0.000282913330011, 0.000277812679997, 0.000482711475343, 0.000322601437801, 0.000182928197319, 4.97211767652e-005, 1.01791592897e-005, 1.50951564137e-006, 8.57469160565e-007, 3.83354574751e-008, 4.02456790116e-010, 9.20612822086e-011]
        dvar: [8.73573471048e-014, 1.66553748571e-009, 5.92261795163e-009, 1.01232089378e-008, 1.00069044606e-007, 5.27992121135e-008, 4.21994457156e-008, 6.08728285556e-008, 2.97433757623e-007, 1.85532925912e-007, 5.58832020658e-008, 1.37097284636e-008, 1.5851268742e-008, 1.75488104048e-008, 1.3194708437e-008, 2.76849956293e-008, 8.17641350181e-008, 7.28056193111e-008, 1.9379274363e-007, 9.04221622022e-008, 3.38178054449e-008, 3.62208285587e-009, 2.56788562636e-010, 7.64931173958e-012, 4.7866398345e-012, 1.18535408472e-014, 1.93884569836e-019, 6.03396268232e-021]
        dvar2: [1.52295968263e-013, 4.8951740439e-009, 1.51399195403e-008, 2.41952342606e-008, 2.70468234476e-007, 1.3687534306e-007, 1.078073808e-007, 1.40714334407e-007, 6.96872064054e-007, 4.01163731567e-007, 1.04949535285e-007, 3.34995995388e-008, 3.9279669295e-008, 4.35609415206e-008, 3.37962404728e-008, 7.11404837261e-008, 2.14561751477e-007, 1.77067533969e-007, 4.89619537802e-007, 2.47122727615e-007, 9.33105468448e-008, 9.83731851534e-009, 5.84483073052e-010, 1.93763772388e-011, 1.16267429712e-011, 2.79548960206e-014, 5.00904648304e-019, 1.90121679993e-020]
        max: [2.99761290989e-006, 0.000499068934005, 0.00153553718701, 0.00227581732906, 0.0057186903432, 0.00492792809382, 0.00463835848495, 0.00727897090837, 0.0105370515957, 0.0093764429912, 0.00584626151249, 0.00369871640578, 0.00307679874822, 0.00368131394498, 0.00279720709659, 0.00571826193482, 0.00753848766908, 0.00814564805478, 0.00832559540868, 0.00704644061625, 0.00243418337777, 0.00101994839497, 0.000599295366555, 7.97365792096e-005, 7.82917268225e-005, 4.11377550336e-006, 2.97681381767e-008, 9.68536362222e-010]
        mean: [2.1215595325e-007, 3.31420051225e-005, 5.61238666705e-005, 6.84617625666e-005, 0.00024981322349, 0.000192234612769, 0.000107674517494, 9.85114456853e-005, 0.000401766592404, 0.000271766359219, 0.000155286848894, 9.32056209422e-005, 8.6985026428e-005, 0.000103373247839, 0.000115377144539, 0.000194945037947, 0.000380271696486, 0.000392318557715, 0.000730143568944, 0.000499581743497, 0.000230676334468, 4.76729182992e-005, 1.09741968117e-005, 1.92251422959e-006, 1.08535971322e-006, 4.53795614419e-008, 3.03469416263e-010, 3.92677453054e-011]
        median: [2.73642122295e-008, 1.20027871162e-005, 2.10004764085e-005, 2.68739349849e-005, 0.000121058947116, 9.45054343902e-005, 5.03855881107e-005, 3.17413214361e-005, 0.000107737454528, 6.6641405283e-005, 4.98339177284e-005, 5.2350183978e-005, 4.70816594316e-005, 5.83597466175e-005, 7.35521898605e-005, 0.00013210317411, 0.000274422112852, 0.000280366424704, 0.000584427965805, 0.000397334806621, 0.000175969427801, 3.17113845085e-005, 5.53916652279e-006, 1.0197429674e-006, 4.80208086628e-007, 1.75273235925e-008, 1.42193146146e-010, 1.08852839936e-011]
        min: [7.51396165338e-024, 5.94902215062e-024, 5.11586646891e-023, 6.57248235318e-023, 8.98757307254e-023, 1.43951905965e-023, 1.86121080965e-023, 1.52071392516e-022, 7.42884955705e-023, 7.1366586332e-023, 1.65079241837e-022, 8.35371449995e-023, 4.46377195655e-023, 1.76451675217e-022, 1.02107246253e-022, 1.19094343483e-022, 1.5786710941e-022, 3.69833466663e-022, 2.46125915094e-022, 2.89745227852e-022, 5.42605389747e-022, 5.47312453349e-022, 5.4411626664e-022, 7.60264104183e-022, 1.11775971056e-021, 1.89687256691e-021, 2.4002877003e-021, 6.75576591725e-022]
        var: [1.68069090546e-013, 2.28552909931e-009, 1.03569322008e-008, 1.99094696285e-008, 1.43444850664e-007, 8.65334470745e-008, 5.15108027344e-008, 9.69701616782e-008, 8.10595622625e-007, 4.7161989869e-007, 1.90565913272e-007, 2.23056062509e-008, 2.15669935244e-008, 2.65380091236e-008, 2.1777273318e-008, 6.58455192593e-008, 2.1325729449e-007, 2.01668854061e-007, 6.07658762419e-007, 2.99520394265e-007, 6.3834200148e-008, 4.16812317994e-009, 4.8607440295e-010, 1.05050265362e-011, 6.89298227871e-012, 1.68941924117e-014, 3.51779519347e-019, 5.00624004663e-021]
    mfcc:
        mean: [-729.291625977, 91.9151611328, -73.7378921509, 39.183719635, -32.4523620605, -14.0921106339, -8.36673355103, -5.29666996002, -5.6455540657, -8.94211578369, -7.18173933029, -11.0205249786, -7.77587509155]
        cov: [[6283.43310547, -207.742507935, 665.178100586, 2209.80249023, 798.320373535, 841.051452637, 623.280822754, 481.775299072, 374.037872314, 350.088684082, -31.5786437988, 244.841674805, 294.585388184], [-207.742507935, 469.046447754, 81.080947876, 84.4978561401, 53.2378807068, -15.2050533295, 10.9551267624, -29.4980621338, -41.5108375549, -11.578335762, 15.9481077194, -12.9934911728, -14.2796363831], [665.178100586, 81.080947876, 586.336791992, 439.671722412, 268.497131348, 148.945327759, 88.8491439819, 16.2719688416, 30.2913646698, 33.0163192749, -37.5424308777, 45.5673789978, 30.6869697571], [2209.80249023, 84.4978561401, 439.671722412, 1136.26831055, 455.618133545, 338.275970459, 270.356323242, 142.708892822, 164.979797363, 142.019378662, -22.440164566, 129.2837677, 123.085021973], [798.320373535, 53.2378807068, 268.497131348, 455.618133545, 311.173248291, 148.545043945, 126.968566895, 34.5933952332, 64.3004760742, 51.737361908, -21.6633911133, 62.6089401245, 46.7815170288], [841.051452637, -15.2050533295, 148.945327759, 338.275970459, 148.545043945, 244.700973511, 129.492828369, 101.493339539, 65.3176574707, 58.548034668, -4.02629852295, 41.3385429382, 48.1412773132], [623.280822754, 10.9551267624, 88.8491439819, 270.356323242, 126.968566895, 129.492828369, 208.924835205, 81.9887313843, 83.0684814453, 52.3881378174, -19.5623950958, 53.9511260986, 46.9479637146], [481.775299072, -29.4980621338, 16.2719688416, 142.708892822, 34.5933952332, 101.493339539, 81.9887313843, 167.665161133, 66.3545761108, 53.2611694336, 24.7523117065, 7.34570169449, 25.660369873], [374.037872314, -41.5108375549, 30.2913646698, 164.979797363, 64.3004760742, 65.3176574707, 83.0684814453, 66.3545761108, 125.167373657, 65.3126907349, 7.56953048706, 39.5640678406, 24.0159301758], [350.088684082, -11.578335762, 33.0163192749, 142.019378662, 51.737361908, 58.548034668, 52.3881378174, 53.2611694336, 65.3126907349, 118.813873291, 46.8499565125, 29.0865497589, 21.3652973175], [-31.5786437988, 15.9481077194, -37.5424308777, -22.440164566, -21.6633911133, -4.02629852295, -19.5623950958, 24.7523117065, 7.56953048706, 46.8499565125, 95.113319397, 14.0858697891, -1.29699718952], [244.841674805, -12.9934911728, 45.5673789978, 129.2837677, 62.6089401245, 41.3385429382, 53.9511260986, 7.34570169449, 39.5640678406, 29.0865497589, 14.0858697891, 94.2042388916, 45.1608772278], [294.585388184, -14.2796363831, 30.6869697571, 123.085021973, 46.7815170288, 48.1412773132, 46.9479637146, 25.660369873, 24.0159301758, 21.3652973175, -1.29699718952, 45.1608772278, 84.4840545654]]
        icov: [[0.000759217713494, 0.00050280947471, 0.000220016896492, -0.0014309072867, 0.000255771563388, -0.000572170305531, -0.000185332130059, -0.00059524277458, 0.0005099036498, -0.000372538605006, 0.000182455871254, 0.000170055252966, -0.000228182441788], [0.00050280947471, 0.00286933430471, -7.73015781306e-005, -0.00137294107117, -7.58421083447e-005, 0.000321595871355, -0.00104142015334, 3.68209657609e-005, 0.00145602971315, 0.000205616495805, -0.00124752614647, 0.000926004548091, 0.000206297641853], [0.000220016896492, -7.73015781306e-005, 0.00313473190181, -0.000816619314719, -0.00198397343047, -0.00079573597759, 0.000612605421338, -8.42955487315e-005, 0.000846551673021, -0.000402568897698, 0.000974258058704, -0.000290014839265, 0.000539217842743], [-0.0014309072867, -0.00137294107117, -0.000816619314719, 0.00576608255506, -0.00315233319998, -0.000298825936625, 0.000275417405646, 0.000639825011604, -0.00179840915371, -0.000283609784674, 0.000346425367752, -0.000818168802653, -0.000752600608394], [0.000255771563388, -7.58421083447e-005, -0.00198397343047, -0.00315233319998, 0.0101196514443, -0.00106936693192, -0.00161369435955, 0.00155158387497, -0.000287935312372, -0.000126817889395, 0.00032827956602, -0.0009570523398, 0.000470416387543], [-0.000572170305531, 0.000321595871355, -0.00079573597759, -0.000298825936625, -0.00106936693192, 0.00981892738491, -0.00215525529347, -0.00286048091948, 0.000988417654298, -0.00028952001594, -0.000107786618173, 7.33582564862e-005, -0.000411237968365], [-0.000185332130059, -0.00104142015334, 0.000612605421338, 0.000275417405646, -0.00161369435955, -0.00215525529347, 0.0107504604384, -0.00252987607382, -0.00268568005413, -0.00117715715896, 0.0040936069563, -0.00320682534948, -0.000399350101361], [-0.00059524277458, 3.68209657609e-005, -8.42955487315e-005, 0.000639825011604, 0.00155158387497, -0.00286048091948, -0.00252987607382, 0.0118914199993, -0.00412730826065, 0.000656421412714, -0.00413950253278, 0.00441008619964, -0.00166860152967], [0.0005099036498, 0.00145602971315, 0.000846551673021, -0.00179840915371, -0.000287935312372, 0.000988417654298, -0.00268568005413, -0.00412730826065, 0.0167906042188, -0.00654376065359, 0.00283197010867, -0.00393440295011, 0.00215145852417], [-0.000372538605006, 0.000205616495805, -0.000402568897698, -0.000283609784674, -0.000126817889395, -0.00028952001594, -0.00117715715896, 0.000656421412714, -0.00654376065359, 0.0173813272268, -0.00913206767291, 0.00162188021932, -0.000959453289397], [0.000182455871254, -0.00124752614647, 0.000974258058704, 0.000346425367752, 0.00032827956602, -0.000107786618173, 0.0040936069563, -0.00413950253278, 0.00283197010867, -0.00913206767291, 0.018417455256, -0.00591963343322, 0.00210793060251], [0.000170055252966, 0.000926004548091, -0.000290014839265, -0.000818168802653, -0.0009570523398, 7.33582564862e-005, -0.00320682534948, 0.00441008619964, -0.00393440295011, 0.00162188021932, -0.00591963343322, 0.0195532329381, -0.00804318580776], [-0.000228182441788, 0.000206297641853, 0.000539217842743, -0.000752600608394, 0.000470416387543, -0.000411237968365, -0.000399350101361, -0.00166860152967, 0.00215145852417, -0.000959453289397, 0.00210793060251, -0.00804318580776, 0.0182331372052]]
    sccoeffs:
        dmean: [0.0512120015919, 0.0480091720819, 0.0402076691389, 0.0280097797513, 0.0201203711331, 0.0194089002907]
        dmean2: [0.0841443166137, 0.0792309418321, 0.0657814741135, 0.0469012074172, 0.0330068990588, 0.0307055544108]
        dvar: [0.00178110518027, 0.00152550835628, 0.00105694599915, 0.000500943278894, 0.00027268670965, 0.000336832075845]
        dvar2: [0.00474030803889, 0.00403687683865, 0.00266027450562, 0.00136432715226, 0.000678104173858, 0.000790360674728]
        max: [-0.248815476894, -0.412752687931, -0.429599285126, -0.604046821594, -0.567416012287, -0.526331961155]
        mean: [-0.640913784504, -0.757875740528, -0.767694950104, -0.797260344028, -0.791820466518, -0.722293198109]
        median: [-0.659855306149, -0.767246961594, -0.782429397106, -0.800214886665, -0.793714642525, -0.719063639641]
        min: [-0.972504973412, -0.968860030174, -0.989762723446, -0.960568487644, -0.964682996273, -0.96078312397]
        var: [0.0105475969613, 0.00503839505836, 0.00496559077874, 0.00161049037706, 0.00145996839274, 0.00275152106769]
    scvalleys:
        dmean: [0.405640721321, 0.327433377504, 0.270873218775, 0.220849782228, 0.175624221563, 0.199878752232]
        dmean2: [0.677218616009, 0.549064874649, 0.449945300817, 0.365113049746, 0.279374212027, 0.293705046177]
        dvar: [0.134090006351, 0.0960241705179, 0.0743213891983, 0.0610956996679, 0.050683747977, 0.0707373544574]
        dvar2: [0.326074063778, 0.204469695687, 0.141524583101, 0.105272457004, 0.0772107169032, 0.120838716626]
        max: [-5.47582387924, -5.10692834854, -5.26937389374, -5.81734800339, -5.48377418518, -7.68490505219]
        mean: [-8.32338523865, -6.80631256104, -6.85986089706, -7.1418800354, -6.98968410492, -10.0810699463]
        median: [-7.24782514572, -6.71013450623, -6.78370571136, -6.97947025299, -6.52859735489, -9.91432189941]
        min: [-27.5213088989, -27.4099254608, -27.2857818604, -27.3409328461, -27.0822162628, -27.2145175934]
        var: [4.57750034332, 0.410189449787, 0.313111335039, 0.392151623964, 0.983971297741, 0.781737327576]

rhythm:
    beats_loudness:
        dmean: 0.00151990202721
        dmean2: 0.00258340872824
        dvar: 2.16262537833e-006
        dvar2: 5.77884839004e-006
        max: 0.0139813227579
        mean: 0.0049839890562
        median: 0.00553859723732
        min: 3.51482594851e-005
        var: 9.51368656388e-006
    bpm: 163.182418823
    bpm_confidence: 0
    first_peak_bpm: 161
    first_peak_spread: 0.405405402184
    first_peak_weight: 0.215686276555
    onset_rate: 2.17521071434
    second_peak_bpm: 152
    second_peak_spread: 0.389162540436
    second_peak_weight: 0.151960790157
    beats_loudness_band_ratio:
        dmean: [0.0493414774537, 0.0922099724412, 0.13111948967, 0.11363542825, 0.096989415586, 0.0897201374173]
        dmean2: [0.0873957499862, 0.163869380951, 0.22360034287, 0.198726519942, 0.166127249599, 0.155877798796]
        dvar: [0.00425487849861, 0.011481882073, 0.01895836927, 0.0174483172596, 0.00778801320121, 0.00724702328444]
        dvar2: [0.0122274141759, 0.0313644781709, 0.0513130240142, 0.0480882748961, 0.0221347268671, 0.0206803251058]
        max: [0.605432987213, 0.871304273605, 0.896663069725, 0.909339666367, 0.727316856384, 0.678718745708]
        mean: [0.0600529424846, 0.111892879009, 0.192942500114, 0.167848736048, 0.248560279608, 0.258507728577]
        median: [0.0371460318565, 0.074019998312, 0.113378092647, 0.0922181084752, 0.239404752851, 0.268745154142]
        min: [3.15111128657e-006, 0.000471885141451, 0.00670288316905, 0.00992139801383, 0.00725297117606, 0.00497583765537]
        var: [0.00501474132761, 0.0147769730538, 0.0351035147905, 0.0276407189667, 0.0135405967012, 0.0208587292582]
