
metadata:
    version:
        essentia: "2.1-beta2"
    audio_properties:
        analysis_sample_rate: 44100
        bitrate: 255
        channels: 2
        equal_loudness: 1
        length: 264.986114502
        replay_gain: -13.5495414734
        downmix: "mix"
    tags:
        album: "End of Silence"
        artist: ""
        comment: ""
        date: ""
        genre: ""
        title: "Already Over"
        tracknumber: "4"

configuration:
    average_loudness:
        compute: 1
        frameSize: 88200
        hopSize: 44100
        silentFrames: "noise"
        windowType: "hann"
    general:
        analysisSampleRate: 44100
        endTime: 2000
        equalLoudness: 1
        nequalLoudness: 0
        shortSound: 0
        startTime: 0
    lowlevel:
        compute: 1
        frameSize: 2048
        hopSize: 1024
        zeroPadding: 0
        silentFrames: "noise"
        windowType: "blackmanharris62"
        mfccStats: ["mean", "cov", "icov"]
        stats: ["mean", "var", "median", "min", "max", "dmean", "dmean2", "dvar", "dvar2"]
    panning:
        compute: 0
        frameSize: 8192
        hopSize: 2048
        zeroPadding: 8192
        silentFrames: "noise"
        windowType: "hann"
        stats: ["copy"]
    rhythm:
        compute: 1
        maxTempo: 208
        minTempo: 40
        method: "degara"
        stats: ["mean", "var", "median", "min", "max", "dmean", "dmean2", "dvar", "dvar2"]
    segmentation:
        compute: 0
        cpw: 5
        inc1: 300
        inc2: 50
        minimumSegmentsLength: 10
        size1: 1000
        size2: 600
    sfx:
        compute: 1
        stats: ["mean", "var", "median", "min", "max", "dmean", "dmean2", "dvar", "dvar2"]
    svm:
        compute: 0
    tonal:
        compute: 1
        frameSize: 4096
        hopSize: 2048
        zeroPadding: 0
        silentFrames: "noise"
        windowType: "blackmanharris62"
        stats: ["mean", "var", "median", "min", "max", "dmean", "dmean2", "dvar", "dvar2"]

lowlevel:
    average_loudness: 0.658747851849
    barkbands_kurtosis:
        dmean: 0.871900439262
        dmean2: 1.39572560787
        dvar: 2.27143716812
        dvar2: 5.78971767426
        max: 44.4310836792
        mean: 0.688507020473
        median: -0.572957754135
        min: -1.83109462261
        var: 12.0887546539
    barkbands_skewness:
        dmean: 0.300577670336
        dmean2: 0.475219339132
        dvar: 0.0859717577696
        dvar2: 0.206644311547
        max: 5.25715684891
        mean: 0.563255131245
        median: 0.379785388708
        min: -2.7689666748
        var: 1.05293059349
    barkbands_spread:
        dmean: 3.67896842957
        dmean2: 5.70613861084
        dvar: 16.3735389709
        dvar2: 37.6936302185
        max: 68.8460769653
        mean: 23.4329853058
        median: 22.7576751709
        min: 1.65297961235
        var: 99.7215042114
    dissonance:
        dmean: 0.0169651415199
        dmean2: 0.0284143947065
        dvar: 0.000273795041721
        dvar2: 0.000731079489924
        max: 0.5
        mean: 0.463872879744
        median: 0.470611721277
        min: 0.283350557089
        var: 0.00076383666601
    hfc:
        dmean: 1.40919709206
        dmean2: 2.34871959686
        dvar: 7.25382900238
        dvar2: 19.7097187042
        max: 73.6525650024
        mean: 6.61286973953
        median: 4.2047457695
        min: 1.16618146219e-016
        var: 43.4754104614
    pitch:
        dmean: 412.347412109
        dmean2: 793.024963379
        dvar: 837218
        dvar2: 2242265.75
        max: 4588.93896484
        mean: 600.522094727
        median: 235.23336792
        min: 49.479183197
        var: 931405.125
    pitch_instantaneous_confidence:
        dmean: 0.068870998919
        dmean2: 0.110806308687
        dvar: 0.00368687044829
        dvar2: 0.00913823954761
        max: 0.893396735191
        mean: 0.409954875708
        median: 0.382107079029
        min: 0.117583453655
        var: 0.0223404839635
    pitch_salience:
        dmean: 0.0497086159885
        dmean2: 0.0814248397946
        dvar: 0.00199810322374
        dvar2: 0.00555284507573
        max: 0.876626551151
        mean: 0.632628142834
        median: 0.643817007542
        min: 0.231020659208
        var: 0.00792348571122
    silence_rate_20dB:
        dmean: 0
        dmean2: 0
        dvar: 0
        dvar2: 0
        max: 1
        mean: 1
        median: 1
        min: 1
        var: 0
    silence_rate_30dB:
        dmean: 0
        dmean2: 0
        dvar: 0
        dvar2: 0
        max: 1
        mean: 1
        median: 1
        min: 1
        var: 0
    silence_rate_60dB:
        dmean: 0.0299684535712
        dmean2: 0.0599421598017
        dvar: 0.0290627814829
        dvar2: 0.0652937889099
        max: 1
        mean: 0.475598007441
        median: 0
        min: 0
        var: 0.249380141497
    spectral_centroid:
        dmean: 155.856079102
        dmean2: 247.725662231
        dvar: 35890.9023438
        dvar2: 74532.6015625
        max: 11488.1259766
        mean: 1321.65246582
        median: 1390.18481445
        min: 110.074455261
        var: 344103.53125
    spectral_complexity:
        dmean: 2.4113214016
        dmean2: 4.01647520065
        dvar: 9.73673152924
        dvar2: 25.1190471649
        max: 50
        mean: 13.9960575104
        median: 11
        min: 0
        var: 138.51348877
    spectral_crest:
        dmean: 1.67459130287
        dmean2: 2.67030906677
        dvar: 2.47068166733
        dvar2: 6.3572678566
        max: 22.4463863373
        mean: 7.67098426819
        median: 6.80345582962
        min: 2.39509391785
        var: 12.1280183792
    spectral_decrease:
        dmean: 1.69519315252e-010
        dmean2: 2.77496026158e-010
        dvar: 8.60574927858e-020
        dvar2: 2.2710827914e-019
        max: -2.77009332611e-029
        mean: -8.94559148978e-010
        median: -8.22679813162e-010
        min: -6.13040551656e-009
        var: 5.65683695314e-019
    spectral_energy:
        dmean: 0.000750290462747
        dmean2: 0.00123242335394
        dvar: 1.76138269126e-006
        dvar2: 4.67680274596e-006
        max: 0.0298180542886
        mean: 0.00397607544437
        median: 0.00353685859591
        min: 1.06821514616e-020
        var: 1.16347528092e-005
    spectral_energyband_high:
        dmean: 8.6818858108e-005
        dmean2: 0.000148403356434
        dvar: 4.69521665991e-008
        dvar2: 1.31525851543e-007
        max: 0.00579556496814
        mean: 0.00020126500749
        median: 0.00013059595949
        min: 7.7595131389e-021
        var: 6.99947690919e-008
    spectral_energyband_low:
        dmean: 9.273255273e-005
        dmean2: 0.000156464171596
        dvar: 5.20723340003e-008
        dvar2: 1.43037198086e-007
        max: 0.00264265039004
        mean: 0.000175256514922
        median: 0.000119027412438
        min: 2.70655115801e-023
        var: 5.46978284888e-008
    spectral_energyband_middle_high:
        dmean: 0.000463956734166
        dmean2: 0.000751506071538
        dvar: 5.37586061e-007
        dvar2: 1.38371240155e-006
        max: 0.0154500128701
        mean: 0.00231025437824
        median: 0.00122450559866
        min: 1.65708682158e-021
        var: 5.80417963647e-006
    spectral_energyband_middle_low:
        dmean: 0.000423826510087
        dmean2: 0.00067105103517
        dvar: 5.06981280068e-007
        dvar2: 1.30355113015e-006
        max: 0.0113106453791
        mean: 0.00146175455302
        median: 0.0012101380853
        min: 2.33452315604e-022
        var: 1.6620704173e-006
    spectral_flatness_db:
        dmean: 0.0121806012467
        dmean2: 0.0190034788102
        dvar: 0.000139641109854
        dvar2: 0.000329001719365
        max: 0.367293864489
        mean: 0.152452006936
        median: 0.134360328317
        min: 0.0440670624375
        var: 0.00280632008798
    spectral_flux:
        dmean: 0.00501866126433
        dmean2: 0.00780439050868
        dvar: 4.94788837386e-005
        dvar2: 0.000103327583929
        max: 0.124932661653
        mean: 0.0296337697655
        median: 0.030702829361
        min: 1.03354491632e-010
        var: 0.000399111479055
    spectral_kurtosis:
        dmean: 1.9179610014
        dmean2: 3.27820706367
        dvar: 8.11887264252
        dvar2: 24.5521831512
        max: 45.1923294067
        mean: 6.62757873535
        median: 5.25353717804
        min: -1.44641876221
        var: 25.1568145752
    spectral_rms:
        dmean: 0.000165152931004
        dmean2: 0.000266759103397
        dvar: 5.43079323734e-008
        dvar2: 1.40015458783e-007
        max: 0.00539358751848
        mean: 0.00171014084481
        median: 0.00185757735744
        min: 3.22825208406e-012
        var: 9.54540496423e-007
    spectral_rolloff:
        dmean: 311.641937256
        dmean2: 518.933776855
        dvar: 199130.734375
        dvar2: 430114.9375
        max: 18626.2207031
        mean: 2400.63598633
        median: 2842.3828125
        min: 129.19921875
        var: 1339206.875
    spectral_skewness:
        dmean: 0.206120580435
        dmean2: 0.342144697905
        dvar: 0.0559714958072
        dvar2: 0.156617432833
        max: 4.81305646896
        mean: 1.83423423767
        median: 1.77149033546
        min: -0.0326068587601
        var: 0.256695151329
    spectral_spread:
        dmean: 407112.625
        dmean2: 575420.625
        dvar: 405394423808
        dvar2: 641064960000
        max: 41774016
        mean: 4412341
        median: 4370136
        min: 1318389.875
        var: 3.94475654349e+012
    spectral_strongpeak:
        dmean: 0.289027988911
        dmean2: 0.487825751305
        dvar: 0.273779779673
        dvar2: 0.727550089359
        max: 7.71212768555
        mean: 0.670641243458
        median: 0.358357340097
        min: 1.18960385986e-009
        var: 0.624786496162
    zerocrossingrate:
        dmean: 0.00589651381597
        dmean2: 0.00712032243609
        dvar: 3.93932496081e-005
        dvar2: 4.63085816591e-005
        max: 0.47412109375
        mean: 0.0768665000796
        median: 0.08251953125
        min: 0.00439453125
        var: 0.00085754529573
    barkbands:
        dmean: [5.14840223786e-007, 4.63211144961e-005, 4.13097186538e-005, 6.61508165649e-005, 0.000164832847076, 0.000109672204417, 0.000117240633699, 9.19953381526e-005, 8.76123376656e-005, 0.000137303606607, 7.32510598027e-005, 5.44128088222e-005, 4.89188423671e-005, 7.32598564355e-005, 8.18838525447e-005, 0.000104279424704, 0.000147282757098, 0.000138814823003, 0.000133028588607, 9.61352416198e-005, 3.56862983608e-005, 1.44917739817e-005, 3.43353326571e-006, 1.87097714388e-006, 1.34264189455e-006, 7.70306698428e-008, 1.15909382092e-009]
        dmean2: [8.77788124853e-007, 7.98691544333e-005, 7.04506819602e-005, 0.000110733657493, 0.000270333053777, 0.000171915104147, 0.000191506740521, 0.000144439414726, 0.000132783170557, 0.000198625697521, 0.00011586616165, 8.56731494423e-005, 7.91617057985e-005, 0.000119304342661, 0.000133171444759, 0.000173343389179, 0.000244828261202, 0.000233095037402, 0.000225890689762, 0.000165402860148, 6.08319533058e-005, 2.48232008744e-005, 5.41003328181e-006, 2.84144903162e-006, 2.01406010092e-006, 1.14561380826e-007, 1.67037295107e-009]
        dvar: [1.47563439332e-012, 2.06009858061e-008, 9.96103910467e-009, 1.54908406103e-008, 1.62987220165e-007, 4.11738056982e-008, 3.78759388298e-008, 4.19229770898e-008, 4.1474407908e-008, 7.17465127309e-008, 2.08737489515e-008, 1.75844050432e-008, 1.27800943162e-008, 2.6047645818e-008, 2.86871006949e-008, 4.99080385907e-008, 9.67378781525e-008, 5.80463286326e-008, 5.7242971252e-008, 3.59955265594e-008, 8.23200529965e-009, 1.60482271916e-009, 8.51344827968e-011, 3.37515571047e-011, 1.57137115819e-011, 3.44085179728e-014, 7.00330314948e-018]
        dvar2: [4.36512414756e-012, 5.68002391788e-008, 2.87064967353e-008, 4.38927081348e-008, 4.28905593708e-007, 1.03789076888e-007, 1.01259161056e-007, 1.02973132243e-007, 9.00274841342e-008, 1.48377523601e-007, 5.10420754551e-008, 4.08194793522e-008, 3.18038466673e-008, 6.29416376796e-008, 7.08880776301e-008, 1.25872503531e-007, 2.51014114383e-007, 1.5963824751e-007, 1.59087534257e-007, 9.97515883228e-008, 2.30836221249e-008, 4.47713555118e-009, 1.9519182104e-010, 6.20202569857e-011, 3.31235455731e-011, 7.21510728225e-014, 1.41110676298e-017]
        max: [1.33034664032e-005, 0.00150972348638, 0.00154290208593, 0.0023073349148, 0.00758373038843, 0.00439015589654, 0.00314877415076, 0.00395502150059, 0.00391456624493, 0.00717562902719, 0.00261255563237, 0.0033436990343, 0.00269558397122, 0.00401470996439, 0.00573594262823, 0.00624600052834, 0.00767505215481, 0.00497632473707, 0.00615794025362, 0.00432064849883, 0.00229327217676, 0.00089502800256, 0.000249408127274, 0.000379634730052, 0.00013699545525, 4.90244565299e-006, 4.40815206559e-008]
        mean: [7.1550937264e-007, 6.03395310463e-005, 6.45359032205e-005, 0.000115355520393, 0.000285392568912, 0.000229091965593, 0.00021468003979, 0.000190472084796, 0.000175332053914, 0.000427394843427, 0.000162000447745, 0.00011192587408, 8.99924416444e-005, 0.000146773265442, 0.000174621789483, 0.000219003122766, 0.000333536154358, 0.000331307877786, 0.000322589534335, 0.000202314986382, 7.55409128033e-005, 2.75516431429e-005, 7.63846310292e-006, 4.73931368106e-006, 3.08123549075e-006, 1.58021109087e-007, 2.38148367693e-009]
        median: [2.47456938496e-007, 3.03260931105e-005, 3.42576095136e-005, 5.7977893448e-005, 0.000155529676704, 0.000131859211251, 0.000116262897791, 6.3479077653e-005, 6.36486074654e-005, 7.80381233199e-005, 3.89738379454e-005, 3.47355198755e-005, 3.71450223611e-005, 5.24854112882e-005, 7.9534111137e-005, 8.14321392681e-005, 0.000131706270622, 0.000132254877826, 0.00011326274398, 0.000126023296616, 4.79069094581e-005, 1.45652229548e-005, 3.5490022583e-006, 2.24895211431e-006, 1.09426878225e-006, 4.72060115442e-008, 6.6595468029e-010]
        min: [4.935040459e-024, 1.11311555388e-023, 9.12772730744e-024, 6.96497757222e-024, 8.57055721667e-024, 2.69809930227e-023, 8.95559328253e-023, 4.31461255887e-023, 5.57035069342e-023, 3.92462844186e-023, 4.74889374005e-023, 6.35494480778e-023, 2.11491791154e-022, 5.51887657272e-023, 1.16701343393e-022, 1.95388476884e-022, 2.05524481236e-022, 1.88976691177e-022, 3.05031105519e-022, 5.42407581297e-022, 5.27793484955e-022, 4.56033395871e-022, 7.6026329639e-022, 8.10689304935e-022, 1.27353017914e-021, 1.34415334927e-021, 2.44585937437e-021]
        var: [1.64267416943e-012, 1.61176156865e-008, 9.59030987957e-009, 2.57750318866e-008, 2.03881612038e-007, 9.04766466192e-008, 8.42099581178e-008, 1.44517542822e-007, 1.23590822909e-007, 5.73057661768e-007, 8.72424124054e-008, 5.08912734176e-008, 2.89300867706e-008, 6.74912712384e-008, 1.05611249523e-007, 1.01291767862e-007, 2.58247325746e-007, 1.93867023768e-007, 1.64810273873e-007, 6.61830839022e-008, 1.10793383357e-008, 2.02969308027e-009, 1.89294885322e-010, 1.18521359393e-010, 4.32209094903e-011, 8.4329888721e-014, 1.6413021939e-017]
    frequency_bands:
        dmean: [5.14840223786e-007, 4.63211144961e-005, 4.13097186538e-005, 6.61508165649e-005, 0.000164832847076, 0.000109672204417, 0.000117240633699, 9.19953381526e-005, 8.76123376656e-005, 0.000137303606607, 7.32510598027e-005, 5.44128088222e-005, 4.89188423671e-005, 7.32598564355e-005, 8.18838525447e-005, 0.000104279424704, 0.000147282757098, 0.000138814823003, 0.000133028588607, 9.61352416198e-005, 3.56862983608e-005, 1.44917739817e-005, 3.43353326571e-006, 1.87097714388e-006, 1.34264189455e-006, 7.70306698428e-008, 1.15909382092e-009, 4.64762950347e-011]
        dmean2: [8.77788124853e-007, 7.98691544333e-005, 7.04506819602e-005, 0.000110733657493, 0.000270333053777, 0.000171915104147, 0.000191506740521, 0.000144439414726, 0.000132783170557, 0.000198625697521, 0.00011586616165, 8.56731494423e-005, 7.91617057985e-005, 0.000119304342661, 0.000133171444759, 0.000173343389179, 0.000244828261202, 0.000233095037402, 0.000225890689762, 0.000165402860148, 6.08319533058e-005, 2.48232008744e-005, 5.41003328181e-006, 2.84144903162e-006, 2.01406010092e-006, 1.14561380826e-007, 1.67037295107e-009, 8.59491922078e-011]
        dvar: [1.47563439332e-012, 2.06009858061e-008, 9.96103910467e-009, 1.54908406103e-008, 1.62987220165e-007, 4.11738056982e-008, 3.78759388298e-008, 4.19229770898e-008, 4.1474407908e-008, 7.17465127309e-008, 2.08737489515e-008, 1.75844050432e-008, 1.27800943162e-008, 2.6047645818e-008, 2.86871006949e-008, 4.99080385907e-008, 9.67378781525e-008, 5.80463286326e-008, 5.7242971252e-008, 3.59955265594e-008, 8.23200529965e-009, 1.60482271916e-009, 8.51344827968e-011, 3.37515571047e-011, 1.57137115819e-011, 3.44085179728e-014, 7.00330314948e-018, 6.71160414586e-021]
        dvar2: [4.36512414756e-012, 5.68002391788e-008, 2.87064967353e-008, 4.38927081348e-008, 4.28905593708e-007, 1.03789076888e-007, 1.01259161056e-007, 1.02973132243e-007, 9.00274841342e-008, 1.48377523601e-007, 5.10420754551e-008, 4.08194793522e-008, 3.18038466673e-008, 6.29416376796e-008, 7.08880776301e-008, 1.25872503531e-007, 2.51014114383e-007, 1.5963824751e-007, 1.59087534257e-007, 9.97515883228e-008, 2.30836221249e-008, 4.47713555118e-009, 1.9519182104e-010, 6.20202569857e-011, 3.31235455731e-011, 7.21510728225e-014, 1.41110676298e-017, 2.1184383062e-020]
        max: [1.33034664032e-005, 0.00150972348638, 0.00154290208593, 0.0023073349148, 0.00758373038843, 0.00439015589654, 0.00314877415076, 0.00395502150059, 0.00391456624493, 0.00717562902719, 0.00261255563237, 0.0033436990343, 0.00269558397122, 0.00401470996439, 0.00573594262823, 0.00624600052834, 0.00767505215481, 0.00497632473707, 0.00615794025362, 0.00432064849883, 0.00229327217676, 0.00089502800256, 0.000249408127274, 0.000379634730052, 0.00013699545525, 4.90244565299e-006, 4.40815206559e-008, 1.23562315935e-009]
        mean: [7.1550937264e-007, 6.03395310463e-005, 6.45359032205e-005, 0.000115355520393, 0.000285392568912, 0.000229091965593, 0.00021468003979, 0.000190472084796, 0.000175332053914, 0.000427394843427, 0.000162000447745, 0.00011192587408, 8.99924416444e-005, 0.000146773265442, 0.000174621789483, 0.000219003122766, 0.000333536154358, 0.000331307877786, 0.000322589534335, 0.000202314986382, 7.55409128033e-005, 2.75516431429e-005, 7.63846310292e-006, 4.73931368106e-006, 3.08123549075e-006, 1.58021109087e-007, 2.38148367693e-009, 3.64351084026e-011]
        median: [2.47456938496e-007, 3.03260931105e-005, 3.42576095136e-005, 5.7977893448e-005, 0.000155529676704, 0.000131859211251, 0.000116262897791, 6.3479077653e-005, 6.36486074654e-005, 7.80381233199e-005, 3.89738379454e-005, 3.47355198755e-005, 3.71450223611e-005, 5.24854112882e-005, 7.9534111137e-005, 8.14321392681e-005, 0.000131706270622, 0.000132254877826, 0.00011326274398, 0.000126023296616, 4.79069094581e-005, 1.45652229548e-005, 3.5490022583e-006, 2.24895211431e-006, 1.09426878225e-006, 4.72060115442e-008, 6.6595468029e-010, 6.91527564378e-012]
        min: [4.935040459e-024, 1.11311555388e-023, 9.12772730744e-024, 6.96497757222e-024, 8.57055721667e-024, 2.69809930227e-023, 8.95559328253e-023, 4.31461255887e-023, 5.57035069342e-023, 3.92462844186e-023, 4.74889374005e-023, 6.35494480778e-023, 2.11491791154e-022, 5.51887657272e-023, 1.16701343393e-022, 1.95388476884e-022, 2.05524481236e-022, 1.88976691177e-022, 3.05031105519e-022, 5.42407581297e-022, 5.27793484955e-022, 4.56033395871e-022, 7.6026329639e-022, 8.10689304935e-022, 1.27353017914e-021, 1.34415334927e-021, 2.44585937437e-021, 8.36723734292e-022]
        var: [1.64267416943e-012, 1.61176156865e-008, 9.59030987957e-009, 2.57750318866e-008, 2.03881612038e-007, 9.04766466192e-008, 8.42099581178e-008, 1.44517542822e-007, 1.23590822909e-007, 5.73057661768e-007, 8.72424124054e-008, 5.08912734176e-008, 2.89300867706e-008, 6.74912712384e-008, 1.05611249523e-007, 1.01291767862e-007, 2.58247325746e-007, 1.93867023768e-007, 1.64810273873e-007, 6.61830839022e-008, 1.10793383357e-008, 2.02969308027e-009, 1.89294885322e-010, 1.18521359393e-010, 4.32209094903e-011, 8.4329888721e-014, 1.6413021939e-017, 5.45321767272e-021]
    mfcc:
        mean: [-753.718994141, 115.313873291, -41.2471466064, 33.8653793335, -6.2929983139, -16.3094100952, -3.20798611641, -5.51119279861, -4.41328477859, -3.20041322708, -5.61024618149, -6.72612524033, -4.17659044266]
        cov: [[14430.3935547, -828.97265625, -2031.29333496, 1097.77941895, -519.700744629, 561.668640137, 127.424751282, 402.988952637, 540.338989258, -106.082969666, 10.4705305099, -2.24730181694, 14.9296255112], [-828.97265625, 995.434692383, -61.4623222351, -23.9466304779, 62.6194152832, -204.620727539, 29.8202419281, -74.7874679565, -98.824760437, 56.2362976074, -27.0672245026, 8.99481391907, 1.93737792969], [-2031.29333496, -61.4623222351, 659.329711914, -138.545806885, 74.5730667114, -44.1412277222, -33.1891174316, -88.3077163696, -69.3257827759, 16.6921730042, 14.7415237427, 37.4309005737, 2.57331633568], [1097.77941895, -23.9466304779, -138.545806885, 329.1640625, -13.9378557205, 81.2458496094, -2.42597746849, -9.19287490845, 62.6218605042, -15.3942193985, 7.8969745636, 22.5125541687, 21.0297088623], [-519.700744629, 62.6194152832, 74.5730667114, -13.9378557205, 192.745330811, -28.8512611389, -10.8928937912, -24.4761600494, -41.6998748779, 20.9177627563, -7.63134908676, 18.494052887, 5.73650836945], [561.668640137, -204.620727539, -44.1412277222, 81.2458496094, -28.8512611389, 167.233734131, 31.6998329163, 45.9500961304, 45.0686187744, -17.2431678772, 15.6096725464, 2.22631001472, 4.35414028168], [127.424751282, 29.8202419281, -33.1891174316, -2.42597746849, -10.8928937912, 31.6998329163, 117.684303284, 40.5404663086, 21.6278343201, -0.665982782841, -4.15062999725, -7.67418479919, -7.10242319107], [402.988952637, -74.7874679565, -88.3077163696, -9.19287490845, -24.4761600494, 45.9500961304, 40.5404663086, 124.286949158, 43.490436554, 1.34437274933, -1.81555664539, -23.8026390076, -3.94923686981], [540.338989258, -98.824760437, -69.3257827759, 62.6218605042, -41.6998748779, 45.0686187744, 21.6278343201, 43.490436554, 113.227073669, 10.2992219925, 6.76456403732, -5.61777544022, -6.24665975571], [-106.082969666, 56.2362976074, 16.6921730042, -15.3942193985, 20.9177627563, -17.2431678772, -0.665982782841, 1.34437274933, 10.2992219925, 80.3585586548, 20.9272823334, 4.0269742012, -6.96514558792], [10.4705305099, -27.0672245026, 14.7415237427, 7.8969745636, -7.63134908676, 15.6096725464, -4.15062999725, -1.81555664539, 6.76456403732, 20.9272823334, 62.9545822144, 19.7590351105, 3.07896852493], [-2.24730181694, 8.99481391907, 37.4309005737, 22.5125541687, 18.494052887, 2.22631001472, -7.67418479919, -23.8026390076, -5.61777544022, 4.0269742012, 19.7590351105, 77.1641769409, 30.0100803375], [14.9296255112, 1.93737792969, 2.57331633568, 21.0297088623, 5.73650836945, 4.35414028168, -7.10242319107, -3.94923686981, -6.24665975571, -6.96514558792, 3.07896852493, 30.0100803375, 58.0801620483]]
        icov: [[0.000194205305888, 0.000138827002957, 0.00047932434245, -0.000385525112506, 0.000249748729402, -6.57923956169e-005, -1.30968771828e-006, -0.000177372756298, -0.000121481185488, -7.91004567873e-005, 0.000147629936691, -0.000358495191904, 0.000186703560757], [0.000138827002957, 0.00183123920579, 0.000691430526786, -0.000825641443953, 0.000207727382076, 0.00202900636941, -0.00131320301443, 0.000285680405796, 0.0012905660551, -0.00132783688605, 0.000594892655499, -0.000460909825051, 4.3936081056e-005], [0.00047932434245, 0.000691430526786, 0.00324866594747, -8.09210032457e-005, 0.000122413111967, -0.000190573889995, -0.000145763347973, 0.000993200577796, 0.00010920890054, -0.000571138167288, 0.000193086598301, -0.00157088600099, 0.000535689177923], [-0.000385525112506, -0.000825641443953, -8.09210032457e-005, 0.00553526822478, -0.00103248085361, -0.00253750919364, 0.000859707128257, 0.00242718984373, -0.00261622294784, 0.00114056654274, -0.00038947944995, 9.04641638044e-005, -0.00148230558261], [0.000249748729402, 0.000207727382076, 0.000122413111967, -0.00103248085361, 0.00662883464247, 0.00022357229318, -2.72136476269e-005, -0.000519152265042, 0.00221644784324, -0.00238382187672, 0.00201957463287, -0.00193211238366, 0.000430950312875], [-6.57923956169e-005, 0.00202900636941, -0.000190573889995, -0.00253750919364, 0.00022357229318, 0.0112637309358, -0.00294348737225, -0.00228744815104, 0.000434036395745, 0.00089723977726, -0.00204792362638, -0.000224037023145, -0.000126921513584], [-1.30968771828e-006, -0.00131320301443, -0.000145763347973, 0.000859707128257, -2.72136476269e-005, -0.00294348737225, 0.0109354872257, -0.00280513823964, -0.00162779504899, 0.000774950487539, 0.000760372029617, -0.000564132875297, 0.00127823452931], [-0.000177372756298, 0.000285680405796, 0.000993200577796, 0.00242718984373, -0.000519152265042, -0.00228744815104, -0.00280513823964, 0.0130815682933, -0.00329777901061, -0.000708277453668, -6.33107556496e-005, 0.00343755725771, -0.00233000633307], [-0.000121481185488, 0.0012905660551, 0.00010920890054, -0.00261622294784, 0.00221644784324, 0.000434036395745, -0.00162779504899, -0.00329777901061, 0.0146430907771, -0.0039061170537, 0.000711074913852, -0.000743261829484, 0.00170868856367], [-7.91004567873e-005, -0.00132783688605, -0.000571138167288, 0.00114056654274, -0.00238382187672, 0.00089723977726, 0.000774950487539, -0.000708277453668, -0.0039061170537, 0.0167232044041, -0.0063734636642, 0.000337700126693, 0.00164050899912], [0.000147629936691, 0.000594892655499, 0.000193086598301, -0.00038947944995, 0.00201957463287, -0.00204792362638, 0.000760372029617, -6.33107556496e-005, 0.000711074913852, -0.0063734636642, 0.0207382012159, -0.00587006332353, 0.00136325065978], [-0.000358495191904, -0.000460909825051, -0.00157088600099, 9.04641638044e-005, -0.00193211238366, -0.000224037023145, -0.000564132875297, 0.00343755725771, -0.000743261829484, 0.000337700126693, -0.00587006332353, 0.0204453282058, -0.00977562367916], [0.000186703560757, 4.3936081056e-005, 0.000535689177923, -0.00148230558261, 0.000430950312875, -0.000126921513584, 0.00127823452931, -0.00233000633307, 0.00170868856367, 0.00164050899912, 0.00136325065978, -0.00977562367916, 0.0230052489787]]
    sccoeffs:
        dmean: [0.0436337441206, 0.0421807952225, 0.0333844535053, 0.0269747097045, 0.019074106589, 0.0148642482236]
        dmean2: [0.0725017413497, 0.0692395716906, 0.0534184388816, 0.0446663349867, 0.0318109169602, 0.0242961142212]
        dvar: [0.00143357506022, 0.00118609296624, 0.000741952622775, 0.000466249854071, 0.000237844869844, 0.0002188179933]
        dvar2: [0.00385142141022, 0.00321420864202, 0.00186648650561, 0.00126366037875, 0.00064147944795, 0.000517450040206]
        max: [-0.404485821724, -0.482806265354, -0.475699543953, -0.584361076355, -0.618608951569, -0.534266233444]
        mean: [-0.701758921146, -0.73941218853, -0.745330572128, -0.788209736347, -0.789721786976, -0.781571567059]
        median: [-0.705346941948, -0.742522954941, -0.756216287613, -0.790743768215, -0.788587749004, -0.779806315899]
        min: [-0.952603399754, -0.952009797096, -0.945257484913, -0.965155959129, -0.963653624058, -0.963882803917]
        var: [0.00408846884966, 0.00388574530371, 0.00550045398995, 0.00196482054889, 0.00128295400646, 0.00128199718893]
    scvalleys:
        dmean: [0.306424915791, 0.309592843056, 0.273185580969, 0.222356766462, 0.190853506327, 0.180791959167]
        dmean2: [0.508819818497, 0.511183977127, 0.44725009799, 0.367031663656, 0.310574114323, 0.261580944061]
        dvar: [0.0748885422945, 0.0877705216408, 0.0698373243213, 0.0572645813227, 0.0582178793848, 0.0752208381891]
        dvar2: [0.193364232779, 0.221644744277, 0.164118647575, 0.130119308829, 0.120412357152, 0.131109759212]
        max: [-4.90916872025, -4.36130952835, -5.34823179245, -5.61309146881, -5.43774318695, -7.59208583832]
        mean: [-7.20726823807, -6.83298397064, -7.48556280136, -7.61140680313, -7.77697515488, -10.5480060577]
        median: [-6.74800729752, -6.52155065536, -7.09750652313, -7.2239985466, -7.27187585831, -9.57936286926]
        min: [-27.4092998505, -27.5035076141, -27.71509552, -27.1013412476, -27.1490650177, -27.2023773193]
        var: [1.65648257732, 1.37662732601, 1.69553136826, 2.15236496925, 2.56830763817, 4.24889707565]

rhythm:
    beats_loudness:
        dmean: 0.00185162900016
        dmean2: 0.00344505463727
        dvar: 3.34777814714e-006
        dvar2: 1.14158001452e-005
        max: 0.0131301460788
        mean: 0.00441361544654
        median: 0.00413651298732
        min: 3.47053124017e-008
        var: 1.31835395223e-005
    bpm: 103.480186462
    bpm_confidence: 0
    first_peak_bpm: 103
    first_peak_spread: 0.307065218687
    first_peak_weight: 0.548387110233
    onset_rate: 1.75480902195
    second_peak_bpm: 108
    second_peak_spread: 0.313725471497
    second_peak_weight: 0.0752688199282
    beats_loudness_band_ratio:
        dmean: [0.131246358156, 0.139233201742, 0.125425696373, 0.0839820280671, 0.0860758647323, 0.0596620328724]
        dmean2: [0.224777981639, 0.256218612194, 0.20225790143, 0.144236207008, 0.151952713728, 0.102752029896]
        dvar: [0.0119316158816, 0.0117205847055, 0.014237543568, 0.00933389738202, 0.00774700986221, 0.0054106907919]
        dvar2: [0.0307202152908, 0.0367180928588, 0.0347297415137, 0.0235825963318, 0.0230582542717, 0.0158325247467]
        max: [0.830678462982, 0.832730352879, 0.851031422615, 0.791948914528, 0.736136376858, 0.537890076637]
        mean: [0.179461240768, 0.226441249251, 0.244033932686, 0.136286705732, 0.193354427814, 0.126740977168]
        median: [0.147106915712, 0.197206735611, 0.191886365414, 0.0925871059299, 0.170438051224, 0.132490515709]
        min: [0.0116334315389, 0.0171365514398, 0.00855388771743, 0.00247106072493, 0.00157176249195, 0.00189905823208]
        var: [0.0206515341997, 0.0228352751583, 0.0312009248883, 0.0146652515978, 0.0182073563337, 0.00909116864204]
    beats_position: [0.406349211931, 0.824308395386, 1.24226760864, 1.66022670269, 2.07818579674, 2.50775504112, 2.92571425438, 3.32045340538, 3.7151927948, 4.1099319458, 4.5046710968, 4.8994102478, 5.2941493988, 5.6888885498, 6.15328788757, 6.62929677963, 7.10530614853, 7.69741487503, 8.3011341095, 8.90485286713, 9.47374153137, 10.0426301956, 10.623128891, 11.1920175552, 11.7609071732, 12.3297958374, 12.8986845016, 13.4675731659, 14.0480718613, 14.6285715103, 15.2090702057, 15.7895689011, 16.3700675964, 16.9505672455, 17.5310649872, 18.1231746674, 18.7268924713, 19.3306121826, 19.9343299866, 20.549659729, 21.153377533, 21.7570972443, 22.3492050171, 22.9413146973, 23.5218143463, 24.102312088, 24.6828117371, 25.2633094788, 25.8438091278, 26.4243087769, 27.0048065186, 27.5853061676, 28.1658039093, 28.7463035583, 29.3268013, 29.9073009491, 30.4878005981, 31.079908371, 31.6720180511, 32.2525177002, 32.8330154419, 33.4135131836, 33.99401474, 34.5745124817, 35.1550102234, 35.7355079651, 36.3276176453, 36.908115387, 37.4886169434, 38.0807266235, 38.6612243652, 39.2417221069, 39.8222198486, 40.402721405, 40.9832191467, 41.5637168884, 42.1442184448, 42.7247161865, 43.3168258667, 43.8973236084, 44.4778213501, 45.0699310303, 45.650428772, 46.2309303284, 46.8114280701, 47.3919258118, 47.9724235535, 48.5529251099, 49.1334228516, 49.7139205933, 50.2944221497, 50.8749198914, 51.4670295715, 52.0591392517, 52.6396369934, 53.2201347351, 53.8006324768, 54.3811340332, 54.9616317749, 55.5421295166, 56.122631073, 56.7031288147, 57.2952384949, 57.8757362366, 58.4446258545, 59.0251235962, 59.6172332764, 60.1977310181, 60.7782287598, 61.3703384399, 61.9508361816, 62.531337738, 63.1118354797, 63.7039451599, 64.2844467163, 64.864944458, 65.4454421997, 66.0375518799, 66.6180496216, 67.1985473633, 67.779045105, 68.3595428467, 68.9516525269, 69.543762207, 70.1242599487, 70.7047576904, 71.2852630615, 71.8657608032, 72.4462585449, 73.0267562866, 73.6072540283, 74.18775177, 74.7682495117, 75.3487548828, 75.9408569336, 76.5213623047, 77.1134643555, 77.6939697266, 78.2744674683, 78.85496521, 79.4354629517, 80.0159606934, 80.5964584351, 81.1769561768, 81.7574615479, 82.3379592896, 82.9184570313, 83.5105667114, 84.0910644531, 84.6715621948, 85.2520599365, 85.8325576782, 86.4130630493, 87.0051651001, 87.5856704712, 88.1661682129, 88.7466659546, 89.3271636963, 89.907661438, 90.4997711182, 91.0918807983, 91.67237854, 92.2528762817, 92.8333740234, 93.4138793945, 93.9943771362, 94.5748748779, 95.1553726196, 95.7474822998, 96.33959198, 96.9200897217, 97.5005874634, 98.0810852051, 98.6615829468, 99.2420806885, 99.8225860596, 100.403083801, 100.983581543, 101.564079285, 102.144577026, 102.725074768, 103.305580139, 103.886077881, 104.478187561, 105.070289612, 105.650794983, 106.231292725, 106.823402405, 107.392288208, 107.97278595, 108.553283691, 109.133781433, 109.714286804, 110.306388855, 110.886894226, 111.479003906, 112.059501648, 112.63999939, 113.220497131, 113.800994873, 114.381492615, 114.961990356, 115.542495728, 116.122993469, 116.703491211, 117.283988953, 117.864486694, 118.444984436, 119.037094116, 119.629203796, 120.209701538, 120.79019928, 121.370697021, 121.962806702, 122.543312073, 123.135414124, 123.715919495, 124.296417236, 124.876914978, 125.45741272, 126.037910461, 126.618408203, 127.198905945, 127.779411316, 128.359909058, 128.94039917, 129.520904541, 130.101409912, 130.693511963, 131.285614014, 131.877731323, 132.446624756, 133.027114868, 133.607620239, 134.176498413, 134.745391846, 135.30267334, 135.871566772, 136.440444946, 136.99772644, 137.555007935, 138.112289429, 138.669570923, 139.226852417, 139.784118652, 140.341400146, 140.910293579, 141.479187012, 142.036453247, 142.593734741, 143.151016235, 143.708297729, 144.265579224, 144.834457397, 145.391738892, 145.960632324, 146.517913818, 147.086807251, 147.644073486, 148.20135498, 148.758636475, 149.315917969, 149.861587524, 150.430480957, 150.999359131, 151.556640625, 152.125534058, 152.694412231, 153.251693726, 153.80897522, 154.366256714, 154.923538208, 155.480819702, 156.038085938, 156.595367432, 157.152648926, 157.640274048, 158.127883911, 158.615509033, 159.161178589, 159.706848145, 160.2525177, 160.705307007, 161.158096313, 161.61088562, 162.075286865, 162.539672852, 163.004074097, 163.468475342, 163.921264648, 164.374053955, 164.815231323, 165.279632568, 165.744033813, 166.208435059, 166.730880737, 167.253326416, 167.775772095, 168.298233032, 168.820678711, 169.34312439, 169.865570068, 170.388031006, 170.968521118, 171.549026489, 172.129516602, 172.710021973, 173.290512085, 173.871017456, 174.451522827, 175.032012939, 175.624130249, 176.2162323, 176.796737671, 177.377227783, 177.957733154, 178.538223267, 179.118728638, 179.69921875, 180.279724121, 180.860229492, 181.440719604, 182.021224976, 182.601715088, 183.182220459, 183.762710571, 184.343215942, 184.923721313, 185.504211426, 186.096328735, 186.676818848, 187.268936157, 187.84942627, 188.429931641, 189.010421753, 189.590927124, 190.171432495, 190.751922607, 191.332427979, 191.912918091, 192.493423462, 193.085525513, 193.677642822, 194.258132935, 194.838638306, 195.419128418, 195.988021851, 196.58013916, 197.160629272, 197.741134644, 198.321624756, 198.913742065, 199.505844116, 200.086349487, 200.6668396, 201.247344971, 201.827835083, 202.408340454, 202.988845825, 203.569335938, 204.149841309, 204.730331421, 205.32244873, 205.914550781, 206.495056152, 207.075546265, 207.644439697, 208.236557007, 208.817047119, 209.39755249, 209.978042603, 210.558547974, 211.150650024, 211.742767334, 212.323257446, 212.903762817, 213.48425293, 214.064758301, 214.645263672, 215.225753784, 215.806259155, 216.386749268, 216.967254639, 217.559356689, 218.151473999, 218.731964111, 219.312469482, 219.892959595, 220.473464966, 221.053970337, 221.634460449, 222.21496582, 222.795455933, 223.375961304, 223.956451416, 224.536956787, 225.129058838, 225.709564209, 226.278457642, 226.858947754, 227.451065063, 228.043167114, 228.635284424, 229.134506226, 229.645339966, 230.156188965, 230.701858521, 231.247528076, 231.793197632, 232.327255249, 232.872924805, 233.41859436, 233.964263916, 234.521530151, 235.102035522, 235.670928955, 236.239807129, 236.808700562, 237.377593994, 237.958084106, 238.538589478, 239.119094849, 239.653152466, 240.187210083, 240.7212677, 241.243713379, 241.766159058, 242.323440552, 242.880722046, 243.426391602, 243.972061157, 244.529342651, 245.086624146, 245.643890381, 246.201171875, 246.781677246, 247.362167358, 247.942672729, 248.511566162, 249.080444336, 249.649337769, 250.22984314, 250.798721313, 251.379226685, 251.959716797, 252.540222168, 253.132324219, 253.71282959, 254.304931641, 254.89704895, 255.489151001, 256.081268311, 256.661773682, 257.253875732, 257.834381104, 258.426483154, 259.006988525, 259.599090576, 260.179595947, 260.760070801, 261.340576172, 261.93270874, 262.524810791, 263.116912842, 263.709014893, 264.301116943]
