
metadata:
    version:
        essentia: "2.1-beta2"
    audio_properties:
        analysis_sample_rate: 44100
        bitrate: 255
        channels: 2
        equal_loudness: 1
        length: 358.426116943
        replay_gain: -10.5110034943
        downmix: "mix"
    tags:
        album: "End of Silence"
        artist: ""
        comment: ""
        date: ""
        genre: ""
        title: "Pieces"
        tracknumber: "6"

configuration:
    average_loudness:
        compute: 1
        frameSize: 88200
        hopSize: 44100
        silentFrames: "noise"
        windowType: "hann"
    general:
        analysisSampleRate: 44100
        endTime: 2000
        equalLoudness: 1
        nequalLoudness: 0
        shortSound: 0
        startTime: 0
    lowlevel:
        compute: 1
        frameSize: 2048
        hopSize: 1024
        zeroPadding: 0
        silentFrames: "noise"
        windowType: "blackmanharris62"
        mfccStats: ["mean", "cov", "icov"]
        stats: ["mean", "var", "median", "min", "max", "dmean", "dmean2", "dvar", "dvar2"]
    panning:
        compute: 0
        frameSize: 8192
        hopSize: 2048
        zeroPadding: 8192
        silentFrames: "noise"
        windowType: "hann"
        stats: ["copy"]
    rhythm:
        compute: 1
        maxTempo: 208
        minTempo: 40
        method: "degara"
        stats: ["mean", "var", "median", "min", "max", "dmean", "dmean2", "dvar", "dvar2"]
    segmentation:
        compute: 0
        cpw: 5
        inc1: 300
        inc2: 50
        minimumSegmentsLength: 10
        size1: 1000
        size2: 600
    sfx:
        compute: 1
        stats: ["mean", "var", "median", "min", "max", "dmean", "dmean2", "dvar", "dvar2"]
    svm:
        compute: 0
    tonal:
        compute: 1
        frameSize: 4096
        hopSize: 2048
        zeroPadding: 0
        silentFrames: "noise"
        windowType: "blackmanharris62"
        stats: ["mean", "var", "median", "min", "max", "dmean", "dmean2", "dvar", "dvar2"]

lowlevel:
    average_loudness: 0.260969758034
    barkbands_kurtosis:
        dmean: 1.27588796616
        dmean2: 2.03373742104
        dvar: 3.12207269669
        dvar2: 8.01558971405
        max: 37.2283058167
        mean: 2.67843294144
        median: 1.52164280415
        min: -1.85999047756
        var: 18.1283340454
    barkbands_skewness:
        dmean: 0.302850902081
        dmean2: 0.476992040873
        dvar: 0.0838509052992
        dvar2: 0.210353672504
        max: 5.13148880005
        mean: 1.31218183041
        median: 1.30117344856
        min: -2.1211977005
        var: 0.808905780315
    barkbands_spread:
        dmean: 2.82740020752
        dmean2: 4.38283157349
        dvar: 10.7467317581
        dvar2: 24.4970760345
        max: 65.5180130005
        mean: 17.6787567139
        median: 15.6971073151
        min: 0.588710546494
        var: 128.725814819
    dissonance:
        dmean: 0.0240673813969
        dmean2: 0.0404475703835
        dvar: 0.000559300358873
        dvar2: 0.00146319868509
        max: 0.500000178814
        mean: 0.43141952157
        median: 0.443984150887
        min: 0.0891364216805
        var: 0.00264718336985
    hfc:
        dmean: 0.635581672192
        dmean2: 1.02368164063
        dvar: 3.01471209526
        dvar2: 8.12308311462
        max: 65.1788635254
        mean: 3.3356654644
        median: 2.10267925262
        min: 1.20234791616e-016
        var: 19.9397220612
    pitch:
        dmean: 145.995513916
        dmean2: 282.065155029
        dvar: 326312.59375
        dvar2: 889218.25
        max: 4994.23144531
        mean: 359.767211914
        median: 235.307800293
        min: 60.2442054749
        var: 406848.78125
    pitch_instantaneous_confidence:
        dmean: 0.0600651837885
        dmean2: 0.094405002892
        dvar: 0.0032808012329
        dvar2: 0.0080707333982
        max: 0.92402869463
        mean: 0.536948263645
        median: 0.534318208694
        min: 0.112985670567
        var: 0.0247997958213
    pitch_salience:
        dmean: 0.0467009805143
        dmean2: 0.0746151134372
        dvar: 0.00171929073986
        dvar2: 0.00453035160899
        max: 0.943317592144
        mean: 0.572071671486
        median: 0.574970006943
        min: 0.237521246076
        var: 0.0080162640661
    silence_rate_20dB:
        dmean: 0
        dmean2: 0
        dvar: 0
        dvar2: 0
        max: 1
        mean: 1
        median: 1
        min: 1
        var: 0
    silence_rate_30dB:
        dmean: 0
        dmean2: 0
        dvar: 0
        dvar2: 0
        max: 1
        mean: 1
        median: 1
        min: 1
        var: 0
    silence_rate_60dB:
        dmean: 0.0475481003523
        dmean2: 0.0951023548841
        dvar: 0.0452857874334
        dvar2: 0.102377638221
        max: 1
        mean: 0.59347063303
        median: 1
        min: 0
        var: 0.2412853688
    spectral_centroid:
        dmean: 110.494934082
        dmean2: 175.347015381
        dvar: 25088.4492188
        dvar2: 50742.5390625
        max: 10809.640625
        mean: 846.129394531
        median: 757.921813965
        min: 214.096359253
        var: 231830.796875
    spectral_complexity:
        dmean: 1.47580492496
        dmean2: 2.47266125679
        dvar: 3.438986063
        dvar2: 8.46389484406
        max: 56
        mean: 8.55732631683
        median: 7
        min: 0
        var: 45.2609176636
    spectral_crest:
        dmean: 1.75566458702
        dmean2: 2.80695080757
        dvar: 2.76562380791
        dvar2: 7.44024133682
        max: 23.0140628815
        mean: 9.94677639008
        median: 9.50275039673
        min: 2.51561903954
        var: 13.1561412811
    spectral_decrease:
        dmean: 1.39750641615e-010
        dmean2: 2.22477286593e-010
        dvar: 4.83920336195e-020
        dvar2: 1.24053879127e-019
        max: -6.12416306745e-030
        mean: -7.95135901566e-010
        median: -6.26120655323e-010
        min: -5.84341863785e-009
        var: 4.65773253713e-019
    spectral_energy:
        dmean: 0.000570246600546
        dmean2: 0.000908256391995
        dvar: 8.75287184954e-007
        dvar2: 2.25282383326e-006
        max: 0.0279663074762
        mean: 0.00330357206985
        median: 0.00256041716784
        min: 1.10756794068e-020
        var: 8.60829004523e-006
    spectral_energyband_high:
        dmean: 3.86317951779e-005
        dmean2: 6.36239274172e-005
        dvar: 1.82132158244e-008
        dvar2: 4.97292518276e-008
        max: 0.00454481132329
        mean: 0.000103506950836
        median: 2.34972176258e-005
        min: 7.90281652547e-021
        var: 6.28465954833e-008
    spectral_energyband_low:
        dmean: 9.8121308838e-005
        dmean2: 0.000163696531672
        dvar: 6.94695714287e-008
        dvar2: 1.9510872562e-007
        max: 0.0102182840928
        mean: 0.000221489317482
        median: 0.000100778590422
        min: 7.36177366091e-023
        var: 1.50345528027e-007
    spectral_energyband_middle_high:
        dmean: 0.000210169469938
        dmean2: 0.000330465845764
        dvar: 2.18674202301e-007
        dvar2: 5.72782880681e-007
        max: 0.0163062922657
        mean: 0.000947015476413
        median: 0.000515652820468
        min: 1.45108007496e-021
        var: 1.90278569789e-006
    spectral_energyband_middle_low:
        dmean: 0.000467997335363
        dmean2: 0.000737044669222
        dvar: 4.57733108306e-007
        dvar2: 1.1680233456e-006
        max: 0.0157505813986
        mean: 0.0021305072587
        median: 0.00171767966822
        min: 1.93345932985e-022
        var: 2.96354141938e-006
    spectral_flatness_db:
        dmean: 0.0144111448899
        dmean2: 0.0226372852921
        dvar: 0.000197051165742
        dvar2: 0.000436998030636
        max: 0.538115143776
        mean: 0.209759667516
        median: 0.189273431897
        min: 0.0453500151634
        var: 0.00634284224361
    spectral_flux:
        dmean: 0.00434596370906
        dmean2: 0.00693834898993
        dvar: 2.90257612505e-005
        dvar2: 6.58638673485e-005
        max: 0.115082465112
        mean: 0.021546466276
        median: 0.0190816894174
        min: 1.05241051984e-010
        var: 0.000209069505217
    spectral_kurtosis:
        dmean: 5.91580820084
        dmean2: 10.258939743
        dvar: 214.522628784
        dvar2: 641.715454102
        max: 458.366119385
        mean: 23.287197113
        median: 6.69054412842
        min: -1.25431609154
        var: 2756.59790039
    spectral_rms:
        dmean: 0.000140910429764
        dmean2: 0.000221514346777
        dvar: 2.86454753251e-008
        dvar2: 7.03744902353e-008
        max: 0.00522342836484
        mean: 0.00161701312754
        median: 0.00158049608581
        min: 3.28717825529e-012
        var: 6.08259199453e-007
    spectral_rolloff:
        dmean: 286.350708008
        dmean2: 484.588043213
        dvar: 211481.296875
        dvar2: 471894.84375
        max: 19035.3515625
        mean: 1522.0456543
        median: 1098.19335938
        min: 172.265625
        var: 1249405.125
    spectral_skewness:
        dmean: 0.36837926507
        dmean2: 0.620685040951
        dvar: 0.304642826319
        dvar2: 0.89736533165
        max: 17.2830066681
        mean: 2.88730072975
        median: 2.08855390549
        min: 0.0309409089386
        var: 6.50562429428
    spectral_spread:
        dmean: 457122.90625
        dmean2: 662924.3125
        dvar: 597732884480
        dvar2: 1.00904638874e+012
        max: 41245528
        mean: 3747006.25
        median: 3565193.5
        min: 207618.640625
        var: 4.53467019674e+012
    spectral_strongpeak:
        dmean: 0.183785870671
        dmean2: 0.310935765505
        dvar: 0.154044389725
        dvar2: 0.407002806664
        max: 7.47737360001
        mean: 0.509991526604
        median: 0.325019180775
        min: 4.08314659861e-010
        var: 0.30914080143
    zerocrossingrate:
        dmean: 0.00515160895884
        dmean2: 0.00642031617463
        dvar: 3.6675712181e-005
        dvar2: 4.22294288001e-005
        max: 0.505859375
        mean: 0.0530956052244
        median: 0.04931640625
        min: 0.0068359375
        var: 0.000781904440373
    barkbands:
        dmean: [2.52946904311e-007, 2.31358717429e-005, 5.15664614795e-005, 0.000126501341583, 0.000259757449385, 9.46014042711e-005, 0.000141476717545, 7.91167840362e-005, 8.85222325451e-005, 3.69054614566e-005, 5.6908796978e-005, 3.87545915146e-005, 2.25579024118e-005, 3.18011043419e-005, 2.79107152892e-005, 4.08243831771e-005, 4.099725993e-005, 6.4023595769e-005, 4.71379062219e-005, 5.3716255934e-005, 2.02405244636e-005, 6.46604985377e-006, 1.42326132391e-006, 1.25490157643e-006, 9.1174587169e-007, 2.06622132737e-008, 3.64707458678e-010]
        dmean2: [4.14542739691e-007, 3.91339344787e-005, 8.96912097232e-005, 0.000204506533919, 0.00042998927529, 0.000137955415994, 0.000213192077354, 0.000109193264507, 0.000124728408991, 5.31143996341e-005, 8.20235800347e-005, 5.77978571528e-005, 3.47685163433e-005, 4.97494911542e-005, 4.56506677438e-005, 6.77160132909e-005, 6.87147767167e-005, 0.000107166611997, 7.76477318141e-005, 9.09088994376e-005, 3.38805075444e-005, 1.06339775812e-005, 2.3244554086e-006, 1.8702963871e-006, 1.37815231938e-006, 3.2298203223e-008, 6.00272664908e-010]
        dvar: [1.23892107511e-012, 9.38566557807e-009, 1.95601312925e-008, 9.64748281262e-008, 1.90988743043e-007, 2.8675591679e-008, 6.81107010791e-008, 3.40609709326e-008, 3.31226388539e-008, 1.32095889782e-008, 1.86585875639e-008, 7.02591806956e-009, 4.41904113302e-009, 6.90366119827e-009, 4.46634640383e-009, 1.37466953376e-008, 1.15794414057e-008, 2.92128152779e-008, 1.74000298614e-008, 2.53884131496e-008, 4.9263007007e-009, 9.83748082994e-010, 2.91112307871e-011, 2.6663338204e-011, 1.69067451011e-011, 1.11978001267e-014, 4.62722642634e-018]
        dvar2: [3.46344849501e-012, 2.69525646246e-008, 5.75695722205e-008, 2.51293897691e-007, 5.24507356658e-007, 7.14165508953e-008, 1.63041363521e-007, 6.22837674769e-008, 6.92788120205e-008, 2.47656792851e-008, 3.75876432201e-008, 1.46110217258e-008, 9.33590005303e-009, 1.58028861108e-008, 1.01064721036e-008, 3.76187010431e-008, 3.13591037582e-008, 7.97744021952e-008, 4.65891574208e-008, 7.01653775081e-008, 1.33757911414e-008, 2.58006860321e-009, 7.80635694975e-011, 5.55385563927e-011, 3.47007353407e-011, 2.77109573081e-014, 1.2024538449e-017]
        max: [1.91917715711e-005, 0.00239245616831, 0.00573996268213, 0.0099514760077, 0.0075348764658, 0.00413219304755, 0.00626851059496, 0.00558311631903, 0.00598903931677, 0.00766321457922, 0.00828902237117, 0.00256951479241, 0.00281004561111, 0.00316101266071, 0.0037767093163, 0.00351438228972, 0.00315656443126, 0.00471144588664, 0.00405744509771, 0.00509616266936, 0.00240625138395, 0.00115506723523, 0.000128238956677, 0.000213131541386, 0.000124398153275, 3.13019336318e-006, 1.0299361719e-007]
        mean: [3.50862762843e-007, 4.10161046602e-005, 8.85534391273e-005, 0.000238813765463, 0.000630079070106, 0.000280652311631, 0.000417384551838, 0.00028060132172, 0.000270463555353, 8.61150911078e-005, 0.000138008777867, 9.35079951887e-005, 4.52851199952e-005, 6.30059003015e-005, 5.17789449077e-005, 7.09998275852e-005, 7.79222464189e-005, 0.000131750013679, 0.000114954600576, 0.000115559792903, 4.5564451284e-005, 1.39775556818e-005, 3.06599963551e-006, 2.59056287177e-006, 1.54102883698e-006, 2.82463545886e-008, 4.05559585914e-010]
        median: [4.79108877016e-008, 1.39191943163e-005, 3.27214947902e-005, 8.19111737655e-005, 0.000375889590941, 0.000164376106113, 0.000192003761185, 6.26803666819e-005, 9.30835667532e-005, 2.3629716452e-005, 3.64175066352e-005, 3.10786235787e-005, 1.41454092955e-005, 2.22695234697e-005, 2.248749297e-005, 1.86154411494e-005, 2.24293507927e-005, 4.13573434344e-005, 3.04132772726e-005, 3.67022003047e-005, 7.92156333773e-006, 1.75116701939e-006, 3.78266776124e-007, 3.8908268607e-007, 1.56716083666e-007, 1.91756277523e-009, 6.41554726011e-011]
        min: [4.45537816097e-023, 3.11192563573e-023, 2.12043097642e-023, 1.23286195717e-023, 3.79553230136e-023, 3.45666826428e-023, 2.94746296758e-023, 2.54636080275e-023, 8.61400136444e-024, 3.10658567849e-023, 2.70804242067e-023, 5.55439045959e-023, 7.28347826944e-023, 1.23548050205e-022, 1.80424492332e-022, 9.00723527283e-023, 1.50502543813e-022, 8.8573706335e-023, 1.74792050712e-022, 3.75766205541e-022, 4.5851352407e-022, 6.15292674385e-022, 5.72555093548e-022, 6.5955077515e-022, 1.1801661055e-021, 1.46499280454e-021, 2.44900997123e-021]
        var: [1.48788988942e-012, 9.60359880509e-009, 3.21703019779e-008, 2.23600324034e-007, 5.85718680668e-007, 1.17082997519e-007, 3.50015994854e-007, 3.91425913904e-007, 2.37058273456e-007, 7.52909770085e-008, 1.25655546412e-007, 3.87502936405e-008, 1.41365363859e-008, 2.10361648101e-008, 1.13046700889e-008, 2.70889461973e-008, 2.58418513255e-008, 8.37110647467e-008, 6.44594919663e-008, 5.85315511614e-008, 1.45123149053e-008, 1.99374605714e-009, 6.40174024902e-011, 7.10827716133e-011, 3.94948553029e-011, 1.37633282457e-014, 4.2392125446e-018]
    frequency_bands:
        dmean: [2.52946904311e-007, 2.31358717429e-005, 5.15664614795e-005, 0.000126501341583, 0.000259757449385, 9.46014042711e-005, 0.000141476717545, 7.91167840362e-005, 8.85222325451e-005, 3.69054614566e-005, 5.6908796978e-005, 3.87545915146e-005, 2.25579024118e-005, 3.18011043419e-005, 2.79107152892e-005, 4.08243831771e-005, 4.099725993e-005, 6.4023595769e-005, 4.71379062219e-005, 5.3716255934e-005, 2.02405244636e-005, 6.46604985377e-006, 1.42326132391e-006, 1.25490157643e-006, 9.1174587169e-007, 2.06622132737e-008, 3.64707458678e-010, 3.91103746611e-011]
        dmean2: [4.14542739691e-007, 3.91339344787e-005, 8.96912097232e-005, 0.000204506533919, 0.00042998927529, 0.000137955415994, 0.000213192077354, 0.000109193264507, 0.000124728408991, 5.31143996341e-005, 8.20235800347e-005, 5.77978571528e-005, 3.47685163433e-005, 4.97494911542e-005, 4.56506677438e-005, 6.77160132909e-005, 6.87147767167e-005, 0.000107166611997, 7.76477318141e-005, 9.09088994376e-005, 3.38805075444e-005, 1.06339775812e-005, 2.3244554086e-006, 1.8702963871e-006, 1.37815231938e-006, 3.2298203223e-008, 6.00272664908e-010, 7.24881890624e-011]
        dvar: [1.23892107511e-012, 9.38566557807e-009, 1.95601312925e-008, 9.64748281262e-008, 1.90988743043e-007, 2.8675591679e-008, 6.81107010791e-008, 3.40609709326e-008, 3.31226388539e-008, 1.32095889782e-008, 1.86585875639e-008, 7.02591806956e-009, 4.41904113302e-009, 6.90366119827e-009, 4.46634640383e-009, 1.37466953376e-008, 1.15794414057e-008, 2.92128152779e-008, 1.74000298614e-008, 2.53884131496e-008, 4.9263007007e-009, 9.83748082994e-010, 2.91112307871e-011, 2.6663338204e-011, 1.69067451011e-011, 1.11978001267e-014, 4.62722642634e-018, 4.47501924503e-021]
        dvar2: [3.46344849501e-012, 2.69525646246e-008, 5.75695722205e-008, 2.51293897691e-007, 5.24507356658e-007, 7.14165508953e-008, 1.63041363521e-007, 6.22837674769e-008, 6.92788120205e-008, 2.47656792851e-008, 3.75876432201e-008, 1.46110217258e-008, 9.33590005303e-009, 1.58028861108e-008, 1.01064721036e-008, 3.76187010431e-008, 3.13591037582e-008, 7.97744021952e-008, 4.65891574208e-008, 7.01653775081e-008, 1.33757911414e-008, 2.58006860321e-009, 7.80635694975e-011, 5.55385563927e-011, 3.47007353407e-011, 2.77109573081e-014, 1.2024538449e-017, 1.43352726601e-020]
        max: [1.91917715711e-005, 0.00239245616831, 0.00573996268213, 0.0099514760077, 0.0075348764658, 0.00413219304755, 0.00626851059496, 0.00558311631903, 0.00598903931677, 0.00766321457922, 0.00828902237117, 0.00256951479241, 0.00281004561111, 0.00316101266071, 0.0037767093163, 0.00351438228972, 0.00315656443126, 0.00471144588664, 0.00405744509771, 0.00509616266936, 0.00240625138395, 0.00115506723523, 0.000128238956677, 0.000213131541386, 0.000124398153275, 3.13019336318e-006, 1.0299361719e-007, 8.3435741649e-010]
        mean: [3.50862762843e-007, 4.10161046602e-005, 8.85534391273e-005, 0.000238813765463, 0.000630079070106, 0.000280652311631, 0.000417384551838, 0.00028060132172, 0.000270463555353, 8.61150911078e-005, 0.000138008777867, 9.35079951887e-005, 4.52851199952e-005, 6.30059003015e-005, 5.17789449077e-005, 7.09998275852e-005, 7.79222464189e-005, 0.000131750013679, 0.000114954600576, 0.000115559792903, 4.5564451284e-005, 1.39775556818e-005, 3.06599963551e-006, 2.59056287177e-006, 1.54102883698e-006, 2.82463545886e-008, 4.05559585914e-010, 3.09166720003e-011]
        median: [4.79108877016e-008, 1.39191943163e-005, 3.27214947902e-005, 8.19111737655e-005, 0.000375889590941, 0.000164376106113, 0.000192003761185, 6.26803666819e-005, 9.30835667532e-005, 2.3629716452e-005, 3.64175066352e-005, 3.10786235787e-005, 1.41454092955e-005, 2.22695234697e-005, 2.248749297e-005, 1.86154411494e-005, 2.24293507927e-005, 4.13573434344e-005, 3.04132772726e-005, 3.67022003047e-005, 7.92156333773e-006, 1.75116701939e-006, 3.78266776124e-007, 3.8908268607e-007, 1.56716083666e-007, 1.91756277523e-009, 6.41554726011e-011, 9.03199043334e-012]
        min: [4.45537816097e-023, 3.11192563573e-023, 2.12043097642e-023, 1.23286195717e-023, 3.79553230136e-023, 3.45666826428e-023, 2.94746296758e-023, 2.54636080275e-023, 8.61400136444e-024, 3.10658567849e-023, 2.70804242067e-023, 5.55439045959e-023, 7.28347826944e-023, 1.23548050205e-022, 1.80424492332e-022, 9.00723527283e-023, 1.50502543813e-022, 8.8573706335e-023, 1.74792050712e-022, 3.75766205541e-022, 4.5851352407e-022, 6.15292674385e-022, 5.72555093548e-022, 6.5955077515e-022, 1.1801661055e-021, 1.46499280454e-021, 2.44900997123e-021, 7.13368506935e-022]
        var: [1.48788988942e-012, 9.60359880509e-009, 3.21703019779e-008, 2.23600324034e-007, 5.85718680668e-007, 1.17082997519e-007, 3.50015994854e-007, 3.91425913904e-007, 2.37058273456e-007, 7.52909770085e-008, 1.25655546412e-007, 3.87502936405e-008, 1.41365363859e-008, 2.10361648101e-008, 1.13046700889e-008, 2.70889461973e-008, 2.58418513255e-008, 8.37110647467e-008, 6.44594919663e-008, 5.85315511614e-008, 1.45123149053e-008, 1.99374605714e-009, 6.40174024902e-011, 7.10827716133e-011, 3.94948553029e-011, 1.37633282457e-014, 4.2392125446e-018, 3.63841531663e-021]
    mfcc:
        mean: [-786.672546387, 146.666931152, -23.6033420563, 29.8059883118, -12.0833063126, -20.5905685425, -3.3718316555, -10.5380916595, -9.20659446716, -7.53929138184, -8.97480964661, -8.79878139496, -5.44259309769]
        cov: [[10033.3056641, -893.33380127, -2304.04760742, 1229.81994629, -327.031341553, 60.4104881287, 281.368713379, 85.4123840332, 223.322067261, 195.747512817, 50.4478034973, 61.2509880066, 48.2738380432], [-893.33380127, 1232.79052734, 181.647277832, -214.150421143, 83.6772232056, -105.319778442, -0.962333977222, -14.4096860886, -62.2384376526, -2.23851633072, -1.79270458221, -11.4260997772, 37.0335998535], [-2304.04760742, 181.647277832, 1132.1829834, -363.60760498, 83.2294921875, 45.6517448425, -104.925598145, 20.0009288788, -39.7144126892, -71.6441802979, -29.0396518707, -4.58463859558, -17.578371048], [1229.81994629, -214.150421143, -363.60760498, 440.267150879, -1.78209507465, 58.2690124512, 41.7179679871, 11.7016010284, 44.8076591492, 9.92737102509, -2.850908041, -2.44148564339, 17.4012870789], [-327.031341553, 83.6772232056, 83.2294921875, -1.78209507465, 250.103240967, 13.5796737671, -25.6357288361, -3.86564254761, 6.76219749451, -4.12395429611, -10.8575696945, -8.9767370224, -12.3686542511], [60.4104881287, -105.319778442, 45.6517448425, 58.2690124512, 13.5796737671, 168.22694397, 25.1127681732, 39.4231376648, 15.0810155869, -23.9386749268, 7.56006765366, -17.7899246216, -15.3234329224], [281.368713379, -0.962333977222, -104.925598145, 41.7179679871, -25.6357288361, 25.1127681732, 160.242782593, 21.4589767456, 11.1600055695, 4.40848827362, 5.61686468124, 14.8917303085, 12.4350128174], [85.4123840332, -14.4096860886, 20.0009288788, 11.7016010284, -3.86564254761, 39.4231376648, 21.4589767456, 114.947822571, 20.9282054901, 1.78301477432, -3.85233283043, -1.30151212215, 4.0914349556], [223.322067261, -62.2384376526, -39.7144126892, 44.8076591492, 6.76219749451, 15.0810155869, 11.1600055695, 20.9282054901, 89.4364547729, 7.12339782715, 1.79505002499, 4.55833530426, 5.79923057556], [195.747512817, -2.23851633072, -71.6441802979, 9.92737102509, -4.12395429611, -23.9386749268, 4.40848827362, 1.78301477432, 7.12339782715, 102.885719299, 27.4304943085, 13.5807685852, 7.78333568573], [50.4478034973, -1.79270458221, -29.0396518707, -2.850908041, -10.8575696945, 7.56006765366, 5.61686468124, -3.85233283043, 1.79505002499, 27.4304943085, 73.6031646729, 20.0000247955, -1.34186065197], [61.2509880066, -11.4260997772, -4.58463859558, -2.44148564339, -8.9767370224, -17.7899246216, 14.8917303085, -1.30151212215, 4.55833530426, 13.5807685852, 20.0000247955, 73.3651199341, 23.8689918518], [48.2738380432, 37.0335998535, -17.578371048, 17.4012870789, -12.3686542511, -15.3234329224, 12.4350128174, 4.0914349556, 5.79923057556, 7.78333568573, -1.34186065197, 23.8689918518, 84.0238113403]]
        icov: [[0.000240184992435, 3.00444226013e-005, 0.000350362854078, -0.000332539930241, 0.000189436555956, -4.95706844958e-005, -2.43083486566e-005, -0.000134393791086, -0.000213358114706, -0.000179712893441, 0.000115413160529, -0.00019120820798, 0.000107453357487], [3.00444226013e-005, 0.00101649085991, -1.01603536677e-005, 0.000327484536683, -0.000398152973503, 0.000614397227764, -0.000303493259707, -0.000163927892572, 0.000478366215248, 9.17808429222e-005, -0.000299020990497, 0.000541943067219, -0.000629138608929], [0.000350362854078, -1.01603536677e-005, 0.00198354572058, 0.000736482732464, -5.82491484238e-005, -0.000978161697276, 0.000748299586121, -0.000444702338427, -0.00018993690901, 0.000324217253365, 0.000679555581883, -0.000785344571341, 6.60547175357e-006], [-0.000332539930241, 0.000327484536683, 0.000736482732464, 0.00422284938395, -0.00067217083415, -0.00137631851248, 0.000104791026388, 0.000308768067043, -0.00051113916561, 0.000329403352225, 0.000535848899744, 0.000271908415016, -0.00111816811841], [0.000189436555956, -0.000398152973503, -5.82491484238e-005, -0.00067217083415, 0.00457246415317, -0.000580599938985, 0.000590987852775, 0.000285568006802, -0.000843893969432, -0.000514073355589, 0.000825091148727, -0.000300813175272, 0.000863998488057], [-4.95706844958e-005, 0.000614397227764, -0.000978161697276, -0.00137631851248, -0.000580599938985, 0.00868677999824, -0.00156491424423, -0.0023800143972, -0.000143917655805, 0.0020338690374, -0.00279029575177, 0.00248863664456, 0.000754324253649], [-2.43083486566e-005, -0.000303493259707, 0.000748299586121, 0.000104791026388, 0.000590987852775, -0.00156491424423, 0.00740946503356, -0.0009337766096, -0.000253412552411, 9.05187771423e-005, 0.000385736319004, -0.00176401482895, -0.000450529681984], [-0.000134393791086, -0.000163927892572, -0.000444702338427, 0.000308768067043, 0.000285568006802, -0.0023800143972, -0.0009337766096, 0.0102538606152, -0.00195228774101, -0.000913383555599, 0.00118690938689, 3.87580148526e-005, -0.000533330370672], [-0.000213358114706, 0.000478366215248, -0.00018993690901, -0.00051113916561, -0.000843893969432, -0.000143917655805, -0.000253412552411, -0.00195228774101, 0.0129008544609, -0.00042315517203, -0.000220366098802, -0.000297102989862, -0.000810368277598], [-0.000179712893441, 9.17808429222e-005, 0.000324217253365, 0.000329403352225, -0.000514073355589, 0.0020338690374, 9.05187771423e-005, -0.000913383555599, -0.00042315517203, 0.0120304590091, -0.00452195154503, -0.000139508338179, -0.00072906119749], [0.000115413160529, -0.000299020990497, 0.000679555581883, 0.000535848899744, 0.000825091148727, -0.00279029575177, 0.000385736319004, 0.00118690938689, -0.000220366098802, -0.00452195154503, 0.0173589531332, -0.00517468666658, 0.00177569477819], [-0.00019120820798, 0.000541943067219, -0.000785344571341, 0.000271908415016, -0.000300813175272, 0.00248863664456, -0.00176401482895, 3.87580148526e-005, -0.000297102989862, -0.000139508338179, -0.00517468666658, 0.0177692770958, -0.00477787479758], [0.000107453357487, -0.000629138608929, 6.60547175357e-006, -0.00111816811841, 0.000863998488057, 0.000754324253649, -0.000450529681984, -0.000533330370672, -0.000810368277598, -0.00072906119749, 0.00177569477819, -0.00477787479758, 0.0142163913697]]
    sccoeffs:
        dmean: [0.0423519127071, 0.0345349274576, 0.0308568403125, 0.0257474072278, 0.0194921344519, 0.0150001784787]
        dmean2: [0.070885181427, 0.0546885542572, 0.0490126386285, 0.0419894941151, 0.03173192963, 0.0241278894246]
        dvar: [0.00129336770624, 0.00087138521485, 0.000648804474622, 0.000421074364567, 0.000261510052951, 0.000190237609786]
        dvar2: [0.00368821667507, 0.00223038904369, 0.00160731794313, 0.00111666938756, 0.000667523767333, 0.000433868495747]
        max: [-0.292516440153, -0.429424732924, -0.483184337616, -0.590144991875, -0.638066649437, -0.612618505955]
        mean: [-0.613360524178, -0.685443460941, -0.724527716637, -0.760266244411, -0.772623360157, -0.795451283455]
        median: [-0.615970373154, -0.688398122787, -0.729200780392, -0.761386215687, -0.767705857754, -0.796818137169]
        min: [-0.979844510555, -0.958495676517, -0.973829865456, -0.965552031994, -0.962037980556, -0.963102221489]
        var: [0.0052978945896, 0.00521931517869, 0.00432538054883, 0.00227323453873, 0.00259852479212, 0.00265432312153]
    scvalleys:
        dmean: [0.318372100592, 0.262587398291, 0.243397518992, 0.207313075662, 0.179901257157, 0.246042177081]
        dmean2: [0.527415573597, 0.425219804049, 0.395809173584, 0.338691592216, 0.278452396393, 0.347855448723]
        dvar: [0.0870973095298, 0.0662701502442, 0.0588327310979, 0.0465137474239, 0.0460266508162, 0.120395638049]
        dvar2: [0.215458750725, 0.144587606192, 0.122447349131, 0.0933635532856, 0.076678968966, 0.185315087438]
        max: [-4.91086626053, -4.7700920105, -5.25869226456, -5.53570795059, -5.30289793015, -7.41715717316]
        mean: [-7.45432376862, -6.90002393723, -7.7897977829, -8.42289924622, -8.77051353455, -11.2653617859]
        median: [-7.18170261383, -6.69422149658, -7.54568243027, -8.04843616486, -8.29267120361, -10.7732162476]
        min: [-27.2274570465, -27.4054508209, -27.720746994, -27.562625885, -27.1762962341, -27.2341957092]
        var: [1.9162312746, 1.48166584969, 1.47348916531, 1.96139395237, 3.02126669884, 3.3696975708]

rhythm:
    beats_loudness:
        dmean: 0.00128476135433
        dmean2: 0.00215028016828
        dvar: 2.26714792007e-006
        dvar2: 6.24168615104e-006
        max: 0.0237350333482
        mean: 0.00400677416474
        median: 0.00303773954511
        min: 1.22236569824e-011
        var: 1.20793520182e-005
    bpm: 92.7782592773
    bpm_confidence: 0
    first_peak_bpm: 92
    first_peak_spread: 0.4609375
    first_peak_weight: 0.34789916873
    onset_rate: 1.71583485603
    second_peak_bpm: 115
    second_peak_spread: 0.446808516979
    second_peak_weight: 0.0873949602246
    beats_loudness_band_ratio:
        dmean: [0.125749111176, 0.158504366875, 0.15511725843, 0.065055437386, 0.0558888614178, 0.0409402996302]
        dmean2: [0.222718670964, 0.271947264671, 0.261156916618, 0.11447853595, 0.0967523753643, 0.0721239522099]
        dvar: [0.0133217144758, 0.01612736471, 0.0194376129657, 0.00635406933725, 0.00654830690473, 0.00379630294628]
        dvar2: [0.0416062623262, 0.0485518723726, 0.0478060655296, 0.0173705816269, 0.0184732526541, 0.0102219497785]
        max: [0.769306898117, 0.832311213017, 0.887031972408, 0.603132605553, 0.682808876038, 0.464163154364]
        mean: [0.197610914707, 0.306950569153, 0.311021387577, 0.0957715809345, 0.0897729992867, 0.0630540698767]
        median: [0.159860000014, 0.282161951065, 0.274108171463, 0.0625972896814, 0.0573962852359, 0.0378837734461]
        min: [0, 0, 0, 0, 0, 0]
        var: [0.024031156674, 0.0310922507197, 0.0432817675173, 0.0092952568084, 0.00893665291369, 0.00559293013066]
    beats_position: [0.673378646374, 1.35836732388, 2.04335594177, 2.72834467888, 3.3785033226, 4.02866220474, 4.67882061005, 5.34058952332, 5.99074840546, 6.64090681076, 7.2910656929, 7.94122457504, 8.57977294922, 9.21832180023, 9.86848068237, 10.5070295334, 11.1455783844, 11.7957363129, 12.445895195, 13.0960540771, 13.7462129593, 14.3847618103, 15.0233106613, 15.6734695435, 16.3236274719, 16.9621772766, 17.6123352051, 18.2508831024, 18.9010429382, 19.5395908356, 20.1897506714, 20.8282985687, 21.4784584045, 22.128616333, 22.7671642303, 23.405714035, 24.0558719635, 24.7060317993, 25.3445796967, 25.9947395325, 26.6332874298, 27.2834453583, 27.9336051941, 28.5721530914, 29.2107028961, 29.8608608246, 30.5110206604, 31.1611785889, 31.7997264862, 32.4382743835, 33.0884361267, 33.7269821167, 34.3655319214, 35.0156898499, 35.6658477783, 36.3160095215, 36.96616745, 37.6163253784, 38.2664833069, 38.9050331116, 39.5435829163, 40.1937408447, 40.8438987732, 41.4824485779, 42.1209983826, 42.771156311, 43.4213142395, 44.0598640442, 44.6984100342, 45.3485717773, 45.9987297058, 46.6488876343, 47.287437439, 47.9375953674, 48.5761451721, 49.2263031006, 49.8648529053, 50.5033988953, 51.1535606384, 51.8037185669, 52.4538764954, 53.0924263, 53.7425842285, 54.3811340332, 55.0312919617, 55.6814498901, 56.3199996948, 56.9701576233, 57.608707428, 58.2588653564, 58.8974151611, 59.5359611511, 60.1861228943, 60.8362808228, 61.4864387512, 62.1249885559, 62.7635345459, 63.4136962891, 64.0638504028, 64.714012146, 65.3525619507, 65.9911117554, 66.6412658691, 67.2914276123, 67.9415893555, 68.5917434692, 69.2302932739, 69.8688430786, 70.5189971924, 71.1575469971, 71.7960968018, 72.4462585449, 73.0964126587, 73.7349624634, 74.3851242065, 75.0236740112, 75.673828125, 76.3123779297, 76.9625396729, 77.6010894775, 78.2396392822, 78.8781814575, 79.5283432007, 80.1785049438, 80.8286590576, 81.4672088623, 82.105758667, 82.7559204102, 83.3944625854, 84.0330123901, 84.6831741333, 85.3333282471, 85.9834899902, 86.6336517334, 87.2838058472, 87.9223556519, 88.5609054565, 89.1994552612, 89.8380050659, 90.4881591797, 91.1383209229, 91.7768707275, 92.4270248413, 93.065574646, 93.7157363892, 94.3658905029, 95.0160522461, 95.6662139893, 96.316368103, 96.9665298462, 97.61668396, 98.2552337646, 98.8937835693, 99.5439453125, 100.182495117, 100.821044922, 101.459587097, 102.098136902, 102.748298645, 103.398452759, 104.048614502, 104.687164307, 105.325714111, 105.964263916, 106.602806091, 107.252967834, 107.903129578, 108.553283691, 109.203445435, 109.841995239, 110.480545044, 111.130699158, 111.780860901, 112.431015015, 113.081176758, 113.719726563, 114.369888306, 115.008430481, 115.646980286, 116.28553009, 116.935691833, 117.585845947, 118.23600769, 118.874557495, 119.524711609, 120.163261414, 120.813423157, 121.463577271, 122.102127075, 122.752288818, 123.402442932, 124.040992737, 124.679542542, 125.318092346, 125.968254089, 126.618408203, 127.268569946, 127.907119751, 128.545669556, 129.195831299, 129.845977783, 130.496139526, 131.134689331, 131.773239136, 132.423400879, 133.073562622, 133.723709106, 134.37387085, 135.012420654, 135.662582397, 136.301132202, 136.951293945, 137.58984375, 138.228393555, 138.878540039, 139.517089844, 140.155639648, 140.805801392, 141.455963135, 142.106124878, 142.756271362, 143.406433105, 144.056594849, 144.695144653, 145.333694458, 145.972244263, 146.610794067, 147.249343872, 147.887893677, 148.538040161, 149.188201904, 149.838363647, 150.476913452, 151.115463257, 151.765625, 152.415786743, 153.065933228, 153.716094971, 154.354644775, 154.99319458, 155.643356323, 156.293518066, 156.943664551, 157.582214355, 158.232376099, 158.882537842, 159.532699585, 160.194458008, 160.844619751, 161.483169556, 162.12171936, 162.760269165, 163.387207031, 164.025756836, 164.664306641, 165.337677002, 166.011062622, 166.661224365, 167.311386108, 167.938323975, 168.576873779, 169.215423584, 169.85395813, 170.492507935, 171.131057739, 171.781219482, 172.431381226, 173.081542969, 173.731704712, 174.370239258, 175.008789063, 175.658950806, 176.309112549, 176.959274292, 177.597824097, 178.236373901, 178.874923706, 179.52507019, 180.175231934, 180.813781738, 181.463943481, 182.114105225, 182.752655029, 183.391204834, 184.029754639, 184.679901123, 185.318450928, 185.968612671, 186.618774414, 187.257324219, 187.907485962, 188.546035767, 189.196182251, 189.834732056, 190.484893799, 191.123443604, 191.773605347, 192.42376709, 193.073913574, 193.724075317, 194.374237061, 195.012786865, 195.65133667, 196.301498413, 196.951644897, 197.590194702, 198.228744507, 198.87890625, 199.529067993, 200.167617798, 200.817779541, 201.456329346, 202.10647583, 202.756637573, 203.395187378, 204.033737183, 204.683898926, 205.334060669, 205.984207153, 206.634368896, 207.28453064, 207.923080444, 208.561630249, 209.200180054, 209.850341797, 210.488891602, 211.139038086, 211.789199829, 212.439361572, 213.077911377, 213.716461182, 214.355010986, 215.005172729, 215.655319214, 216.293869019, 216.944030762, 217.594192505, 218.23274231, 218.871292114, 219.521453857, 220.171600342, 220.821762085, 221.46031189, 222.098861694, 222.749023438, 223.399185181, 224.037734985, 224.676269531, 225.326431274, 225.976593018, 226.626754761, 227.276916504, 227.915466309, 228.554016113, 229.192550659, 229.831100464, 230.481262207, 231.13142395, 231.781585693, 232.431747437, 233.081893921, 233.801712036, 234.521530151, 235.20652771, 235.89151001, 236.588119507, 237.273101807, 237.958084106, 238.643081665, 239.339675903, 240.024673462, 240.7212677, 241.40625, 242.091247559, 242.776229858, 243.461227417, 244.157821655, 244.854415894, 245.551010132, 246.23600769, 246.92098999, 247.617584229, 248.314193726, 249.010787964, 249.707382202, 250.415603638, 251.135421753, 251.855239868, 252.575057983, 253.120727539, 253.643173218, 254.165618896, 254.676452637, 255.198913574, 255.721359253, 256.232208252, 256.754638672, 257.277099609, 257.78793335, 258.29876709, 258.80960083, 259.332061768, 259.854522705, 260.376953125, 260.899414063, 261.410247803, 261.921081543, 262.44354248, 262.9659729, 263.476806641, 263.999267578, 264.521728516, 265.032562256, 265.543395996, 266.054229736, 266.576690674, 267.087524414, 267.609985352, 268.120819092, 268.643249512, 269.165710449, 269.676544189, 270.199005127, 270.721435547, 271.232299805, 271.743133545, 272.265563965, 272.788024902, 273.298858643, 273.82131958, 274.34375, 274.85458374, 275.365447998, 275.876281738, 276.387115479, 276.909576416, 277.432006836, 277.954467773, 278.476898193, 278.987762451, 279.510192871, 280.032653809, 280.543487549, 281.054321289, 281.576782227, 282.099212646, 282.610076904, 283.120910645, 283.643341064, 284.165802002, 284.676635742, 285.187469482, 285.70993042, 286.23236084, 286.754821777, 287.277282715, 287.788116455, 288.322174072, 288.856231689, 289.401885986, 289.947570801, 290.493225098, 291.050506592, 291.549743652, 292.037353516, 292.524993896, 293.024200439, 293.5234375, 294.022674561, 294.498687744, 294.974700928, 295.462310791, 295.915100098, 296.367889404, 296.820678711, 297.227020264, 297.633361816, 298.028106689, 298.422851563, 298.817596436, 299.223937988, 299.630279541, 300.025024414, 300.373321533, 300.721618652, 301.058319092, 301.395019531, 301.720092773, 302.045166016, 302.370239258, 302.6953125, 303.02041626, 303.345489502, 303.670562744, 303.995635986, 304.332336426, 304.669006348, 305.005706787, 305.342407227, 305.679077148, 306.131866455, 306.573059082, 307.025848389, 307.467010498, 307.989471436, 308.511932373, 309.034362793, 309.55682373, 310.07925415, 310.601715088, 311.135772705, 311.669830322, 312.215515137, 312.749572754, 313.295227051, 313.840911865, 314.374969482, 314.9090271, 315.443084717, 315.977142334, 316.499572754, 317.022033691, 317.544494629, 318.066925049, 318.589385986, 319.111816406, 319.622680664, 320.145111084, 320.667572021, 321.294494629, 321.921447754, 322.583221436, 323.244995117, 323.906738281, 324.568511963, 325.230285645, 325.892059326, 326.553833008, 327.262023926, 327.970245361, 328.6668396, 329.375061035, 330.083251953, 330.779846191, 331.476470947, 332.173065186, 332.869659424, 333.496582031, 334.111907959, 334.727264404, 335.342590332, 335.969512939, 336.596466064, 337.211791992, 337.711029053, 338.210235596, 338.709472656, 339.173858643, 339.638275146, 340.11428833, 340.590301514, 341.06628418, 341.530700684, 342.006713867, 342.49432373, 342.970336914, 343.539215088, 344.108123779, 344.677001953, 345.187835693, 345.698669434, 346.209503174, 346.685516357, 347.161529541, 347.637542725, 348.113555908, 348.589569092, 349.065582275, 349.541595459, 350.017578125, 350.493591309, 350.969604492, 351.457214355, 351.933227539, 352.409240723, 352.885253906, 353.36126709, 353.848876953, 354.336486816, 354.835723877, 355.300140381, 355.764526367, 356.228942871, 356.693328857, 357.157714844, 357.622131348]
