
metadata:
    version:
        essentia: "2.1-beta2"
    audio_properties:
        analysis_sample_rate: 44100
        bitrate: 256
        channels: 2
        equal_loudness: 1
        length: 298.736328125
        replay_gain: -14.2459201813
        downmix: "mix"
    tags:
        album: "Human Bomb"
        artist: "Black Bomb A"
        comment: ""
        date: "2001"
        genre: "Rock"
        title: "Police Stopped Da Way"
        tracknumber: "6"

configuration:
    average_loudness:
        compute: 1
        frameSize: 88200
        hopSize: 44100
        silentFrames: "noise"
        windowType: "hann"
    general:
        analysisSampleRate: 44100
        endTime: 2000
        equalLoudness: 1
        nequalLoudness: 0
        shortSound: 0
        startTime: 0
    lowlevel:
        compute: 1
        frameSize: 2048
        hopSize: 1024
        zeroPadding: 0
        silentFrames: "noise"
        windowType: "blackmanharris62"
        mfccStats: ["mean", "cov", "icov"]
        stats: ["mean", "var", "median", "min", "max", "dmean", "dmean2", "dvar", "dvar2"]
    panning:
        compute: 0
        frameSize: 8192
        hopSize: 2048
        zeroPadding: 8192
        silentFrames: "noise"
        windowType: "hann"
        stats: ["copy"]
    rhythm:
        compute: 1
        maxTempo: 208
        minTempo: 40
        method: "degara"
        stats: ["mean", "var", "median", "min", "max", "dmean", "dmean2", "dvar", "dvar2"]
    segmentation:
        compute: 0
        cpw: 5
        inc1: 300
        inc2: 50
        minimumSegmentsLength: 10
        size1: 1000
        size2: 600
    sfx:
        compute: 1
        stats: ["mean", "var", "median", "min", "max", "dmean", "dmean2", "dvar", "dvar2"]
    svm:
        compute: 0
    tonal:
        compute: 1
        frameSize: 4096
        hopSize: 2048
        zeroPadding: 0
        silentFrames: "noise"
        windowType: "blackmanharris62"
        stats: ["mean", "var", "median", "min", "max", "dmean", "dmean2", "dvar", "dvar2"]

lowlevel:
    average_loudness: 0.954367518425
    barkbands_kurtosis:
        dmean: 0.961322307587
        dmean2: 1.54855453968
        dvar: 1.38955724239
        dvar2: 3.32174015045
        max: 38.3938560486
        mean: 0.0897188559175
        median: -0.398099929094
        min: -1.94631445408
        var: 3.86244249344
    barkbands_skewness:
        dmean: 0.370843052864
        dmean2: 0.578109204769
        dvar: 0.116841219366
        dvar2: 0.271848857403
        max: 5.65224885941
        mean: -0.829703450203
        median: -0.874999761581
        min: -5.07738780975
        var: 0.472398817539
    barkbands_spread:
        dmean: 6.67278146744
        dmean2: 10.3896932602
        dvar: 34.1319541931
        dvar2: 80.9069900513
        max: 76.3436508179
        mean: 31.8508701324
        median: 31.3706588745
        min: 2.24604249001
        var: 129.407485962
    dissonance:
        dmean: 0.00723043596372
        dmean2: 0.0124275013804
        dvar: 6.45211694064e-005
        dvar2: 0.000173720211023
        max: 0.500000119209
        mean: 0.489971667528
        median: 0.492982387543
        min: 0.382357269526
        var: 9.24968844629e-005
    hfc:
        dmean: 4.1157989502
        dmean2: 7.05069589615
        dvar: 54.7932052612
        dvar2: 150.223403931
        max: 102.577056885
        mean: 11.1478185654
        median: 9.96922111511
        min: 1.14613682454e-016
        var: 58.8851966858
    pitch:
        dmean: 914.729431152
        dmean2: 1721.58666992
        dvar: 1400783
        dvar2: 3413431
        max: 4820.24804688
        mean: 2275.98022461
        median: 3180.52490234
        min: 58.1887397766
        var: 1895830.25
    pitch_instantaneous_confidence:
        dmean: 0.0798561647534
        dmean2: 0.134502798319
        dvar: 0.0042529348284
        dvar2: 0.0117481742054
        max: 0.919248342514
        mean: 0.354559540749
        median: 0.341288268566
        min: 0.117754399776
        var: 0.011439461261
    pitch_salience:
        dmean: 0.0483423247933
        dmean2: 0.0786073282361
        dvar: 0.00178117945325
        dvar2: 0.00445465231314
        max: 0.900866985321
        mean: 0.701741933823
        median: 0.715037405491
        min: 0.213642314076
        var: 0.00576131185517
    silence_rate_20dB:
        dmean: 0
        dmean2: 0
        dvar: 0
        dvar2: 0
        max: 1
        mean: 1
        median: 1
        min: 1
        var: 0
    silence_rate_30dB:
        dmean: 0
        dmean2: 0
        dvar: 0
        dvar2: 0
        max: 1
        mean: 1
        median: 1
        min: 1
        var: 0
    silence_rate_60dB:
        dmean: 0.0634229779243
        dmean2: 0.126855805516
        dvar: 0.0594055391848
        dvar2: 0.134247139096
        max: 1
        mean: 0.178518697619
        median: 0
        min: 0
        var: 0.146639719605
    spectral_centroid:
        dmean: 252.034194946
        dmean2: 391.914855957
        dvar: 58122.1914063
        dvar2: 133592.65625
        max: 10659.0693359
        mean: 2239.73242188
        median: 2272.22973633
        min: 158.824325562
        var: 231806.140625
    spectral_complexity:
        dmean: 4.52712583542
        dmean2: 7.20155477524
        dvar: 20.0689792633
        dvar2: 46.9053878784
        max: 50
        mean: 20.4202213287
        median: 21
        min: 0
        var: 83.4468994141
    spectral_crest:
        dmean: 1.57833719254
        dmean2: 2.66478204727
        dvar: 1.93620085716
        dvar2: 5.23498821259
        max: 24.0621566772
        mean: 6.20630550385
        median: 5.726998806
        min: 2.41800117493
        var: 4.61180734634
    spectral_decrease:
        dmean: 2.96018015655e-010
        dmean2: 4.91885809861e-010
        dvar: 2.03478960213e-019
        dvar2: 5.46524848159e-019
        max: -4.01672189943e-029
        mean: -1.01785746498e-009
        median: -9.5513907894e-010
        min: -6.21467899364e-009
        var: 2.90084434305e-019
    spectral_energy:
        dmean: 0.00146542862058
        dmean2: 0.00245626200922
        dvar: 5.57110888622e-006
        dvar2: 1.50762161866e-005
        max: 0.032759655267
        mean: 0.00485275452957
        median: 0.00450498936698
        min: 1.05473993777e-020
        var: 7.27211181584e-006
    spectral_energyband_high:
        dmean: 0.000220385714783
        dmean2: 0.000377954333089
        dvar: 1.25194333123e-007
        dvar2: 3.35783767014e-007
        max: 0.00359552982263
        mean: 0.000493053288665
        median: 0.000409159605624
        min: 7.64195898007e-021
        var: 1.5458731184e-007
    spectral_energyband_low:
        dmean: 0.000264895817963
        dmean2: 0.000405014434364
        dvar: 7.06633755954e-008
        dvar2: 1.72523130004e-007
        max: 0.00425817258656
        mean: 0.000523640483152
        median: 0.00043993757572
        min: 2.81349292885e-023
        var: 1.63685427879e-007
    spectral_energyband_middle_high:
        dmean: 0.00116655847523
        dmean2: 0.00197853334248
        dvar: 3.75968693334e-006
        dvar2: 1.02092953966e-005
        max: 0.0272707995027
        mean: 0.00334184709936
        median: 0.00298926839605
        min: 1.74270516466e-021
        var: 4.88979640068e-006
    spectral_energyband_middle_low:
        dmean: 0.000276486563962
        dmean2: 0.000438589107944
        dvar: 1.50272171595e-007
        dvar2: 3.6476905052e-007
        max: 0.00651014922187
        mean: 0.000642177823465
        median: 0.000530393852387
        min: 2.79118350069e-022
        var: 2.45436524438e-007
    spectral_flatness_db:
        dmean: 0.0119479307905
        dmean2: 0.0193929914385
        dvar: 0.000128513740492
        dvar2: 0.00031154093449
        max: 0.366589009762
        mean: 0.135695517063
        median: 0.128068357706
        min: 0.0739965587854
        var: 0.00107072130777
    spectral_flux:
        dmean: 0.0072566815652
        dmean2: 0.0113036502153
        dvar: 9.51526017161e-005
        dvar2: 0.000168837330421
        max: 0.138112649322
        mean: 0.0435340963304
        median: 0.0418229773641
        min: 1.02700535576e-010
        var: 0.000246407667873
    spectral_kurtosis:
        dmean: 0.955179989338
        dmean2: 1.62966990471
        dvar: 1.36595439911
        dvar2: 4.09182786942
        max: 49.7080192566
        mean: 4.12943887711
        median: 3.90366506577
        min: -1.252368927
        var: 3.64798760414
    spectral_rms:
        dmean: 0.000293806690024
        dmean2: 0.000477903551655
        dvar: 1.44486705267e-007
        dvar2: 3.77393348572e-007
        max: 0.00565337436274
        mean: 0.00209124875255
        median: 0.0020964522846
        min: 3.20782571513e-012
        var: 3.61060813248e-007
    spectral_rolloff:
        dmean: 231.699325562
        dmean2: 377.919281006
        dvar: 87118.359375
        dvar2: 194663.375
        max: 18023.2910156
        mean: 3632.54492188
        median: 3639.11132813
        min: 129.19921875
        var: 279664.96875
    spectral_skewness:
        dmean: 0.148572459817
        dmean2: 0.248824954033
        dvar: 0.023622982204
        dvar2: 0.0638728812337
        max: 4.85362577438
        mean: 1.33910131454
        median: 1.32115423679
        min: 0.0123137254268
        var: 0.0914690569043
    spectral_spread:
        dmean: 401444.375
        dmean2: 620638.5625
        dvar: 316997173248
        dvar2: 585126707200
        max: 42392604
        mean: 4229078
        median: 4111247.5
        min: 1262862
        var: 1.34013190144e+012
    spectral_strongpeak:
        dmean: 0.62719398737
        dmean2: 1.10477209091
        dvar: 0.597087681293
        dvar2: 1.57353007793
        max: 7.26279973984
        mean: 0.727506399155
        median: 0.400385320187
        min: 7.07117198129e-010
        var: 0.7579215765
    zerocrossingrate:
        dmean: 0.00641991570592
        dmean2: 0.00801657978445
        dvar: 4.48579994554e-005
        dvar2: 5.87505965086e-005
        max: 0.4951171875
        mean: 0.117422327399
        median: 0.119140625
        min: 0.0078125
        var: 0.000387746200431
    barkbands:
        dmean: [1.04000014289e-006, 8.5677660536e-005, 0.000167516845977, 0.000117731484352, 7.32591579435e-005, 2.45656156039e-005, 2.55100330833e-005, 4.58477661596e-005, 0.000108481530333, 9.84357611742e-005, 8.38016931084e-005, 9.76701267064e-005, 8.73640383361e-005, 8.91788367881e-005, 8.92240495887e-005, 0.000170359067852, 0.000223572249524, 0.00021198183822, 0.000512239756063, 0.000321183848428, 9.99299445539e-005, 2.49074637395e-005, 4.57991473013e-006, 1.88256751699e-006, 1.35548771141e-006, 5.03318631218e-008, 7.68229424519e-010]
        dmean2: [1.72246927832e-006, 0.000134964851895, 0.000259752967395, 0.000188257428817, 0.000119610638649, 3.96783143515e-005, 4.29021201853e-005, 7.84931980888e-005, 0.000179470167495, 0.000163684089785, 0.000136933958856, 0.000160663592396, 0.000145272671944, 0.000144579360494, 0.000148103805259, 0.000293102959404, 0.000379981589504, 0.000357023440301, 0.000893499352969, 0.000570576055907, 0.000168838319951, 4.12427507399e-005, 7.34292143534e-006, 2.98593181469e-006, 2.16532293962e-006, 8.00548960456e-008, 1.28709143343e-009]
        dvar: [2.42003400826e-012, 8.38120151059e-009, 3.24684847897e-008, 1.72731215997e-008, 1.2695143603e-008, 1.6434076322e-009, 2.77977441066e-009, 1.37190054872e-008, 6.9018334159e-008, 8.04238311503e-008, 2.03928696152e-008, 2.79429563932e-008, 2.05025383337e-008, 2.88936234938e-008, 2.09694146491e-008, 7.8295428807e-008, 1.02516800382e-007, 6.60205117242e-008, 7.48874356304e-007, 4.24667433663e-007, 2.83022867364e-008, 1.38280165096e-009, 8.02616237361e-011, 2.13491949813e-011, 1.12551305081e-011, 2.01277237471e-014, 2.79586075106e-018]
        dvar2: [6.21095189168e-012, 2.22965610419e-008, 7.69460157812e-008, 4.42445902138e-008, 3.45419586267e-008, 4.20807344526e-009, 7.4330568367e-009, 3.66863481815e-008, 1.71744062527e-007, 2.06068676789e-007, 5.21141316767e-008, 7.36082057529e-008, 5.54204646619e-008, 7.22475661519e-008, 5.4490907786e-008, 2.16903401906e-007, 2.74183236115e-007, 1.76896108428e-007, 2.09934387385e-006, 1.1832690916e-006, 7.5683168177e-008, 3.51380147201e-009, 1.94416080457e-010, 5.37385275168e-011, 2.74927736826e-011, 4.99754351671e-014, 6.82467225543e-018]
        max: [1.7495605789e-005, 0.00108381779864, 0.00333149079233, 0.00166113511659, 0.0044729905203, 0.000958805088885, 0.000981630757451, 0.00202121818438, 0.00532209407538, 0.00732697546482, 0.00280392821878, 0.00356621365063, 0.0024734325707, 0.00545054674149, 0.00303576001897, 0.00677864905447, 0.00854150205851, 0.00499732466415, 0.0126990480348, 0.00748394103721, 0.00246890354902, 0.000682246172801, 0.000182958581718, 0.000110149871034, 7.09671512595e-005, 4.21744380219e-006, 5.50831451562e-008]
        mean: [1.26090424146e-006, 0.000139601048431, 0.000267917872407, 0.000176391287823, 0.000138946532388, 4.85110904265e-005, 3.82045691367e-005, 5.90791823925e-005, 0.000137807437568, 0.000129855019622, 0.00013649527682, 0.000172239990206, 0.000147211772855, 0.000180711547728, 0.000166783196619, 0.000291499163723, 0.000453953543911, 0.000472573825391, 0.000930261914618, 0.000478317524539, 0.000214787738514, 5.4141284636e-005, 9.55300129135e-006, 3.94236076318e-006, 2.62222283709e-006, 9.15069691132e-008, 1.25811794316e-009]
        median: [6.61965884774e-007, 0.000117189971206, 0.000185233453522, 0.000127616367536, 0.000104696497147, 3.45265943906e-005, 2.22506459977e-005, 2.13762668864e-005, 5.59743966733e-005, 4.78494366689e-005, 5.6073997257e-005, 7.48741513235e-005, 7.04818812665e-005, 6.44083847874e-005, 0.000103374375612, 0.000226399468374, 0.000385573977837, 0.000403994781664, 0.000774200481828, 0.00035036978079, 0.000174619519385, 4.08946580137e-005, 6.73815293339e-006, 2.84226234726e-006, 1.58665397976e-006, 4.19422185871e-008, 5.48885603635e-010]
        min: [2.47808327424e-024, 3.40001337847e-024, 1.60501829103e-023, 1.97821181921e-023, 1.29419788048e-022, 4.09467656077e-023, 4.66789224013e-023, 1.47131362511e-023, 1.76519129135e-023, 3.54003224484e-023, 3.93458386649e-023, 6.74632899512e-023, 1.39404015561e-022, 2.29634986129e-022, 1.86461310362e-022, 2.65292660248e-022, 1.49090066274e-022, 2.01968927364e-022, 2.35446909382e-022, 4.10536846593e-022, 3.9230098255e-022, 5.14624026433e-022, 5.42336697412e-022, 9.05342516142e-022, 1.12595305973e-021, 1.72157591028e-021, 2.41080678812e-021]
        var: [2.89234131437e-012, 1.22616690135e-008, 7.52882627353e-008, 2.91344157688e-008, 1.81610868566e-008, 3.21797166691e-009, 3.45569839411e-009, 1.59286681622e-008, 7.13348313752e-008, 7.69501085074e-008, 4.19655385997e-008, 6.00677125817e-008, 4.01167525865e-008, 1.08671009968e-007, 3.89961698488e-008, 8.4754859131e-008, 1.44328765828e-007, 1.25445879462e-007, 6.91964999078e-007, 3.25998286144e-007, 3.53804416875e-008, 2.34835906276e-009, 1.29837376961e-010, 2.7634410385e-011, 1.52461151343e-011, 2.72059342421e-014, 4.2455524704e-018]
    frequency_bands:
        dmean: [1.04000014289e-006, 8.5677660536e-005, 0.000167516845977, 0.000117731484352, 7.32591579435e-005, 2.45656156039e-005, 2.55100330833e-005, 4.58477661596e-005, 0.000108481530333, 9.84357611742e-005, 8.38016931084e-005, 9.76701267064e-005, 8.73640383361e-005, 8.91788367881e-005, 8.92240495887e-005, 0.000170359067852, 0.000223572249524, 0.00021198183822, 0.000512239756063, 0.000321183848428, 9.99299445539e-005, 2.49074637395e-005, 4.57991473013e-006, 1.88256751699e-006, 1.35548771141e-006, 5.03318631218e-008, 7.68229424519e-010, 5.63936328191e-011]
        dmean2: [1.72246927832e-006, 0.000134964851895, 0.000259752967395, 0.000188257428817, 0.000119610638649, 3.96783143515e-005, 4.29021201853e-005, 7.84931980888e-005, 0.000179470167495, 0.000163684089785, 0.000136933958856, 0.000160663592396, 0.000145272671944, 0.000144579360494, 0.000148103805259, 0.000293102959404, 0.000379981589504, 0.000357023440301, 0.000893499352969, 0.000570576055907, 0.000168838319951, 4.12427507399e-005, 7.34292143534e-006, 2.98593181469e-006, 2.16532293962e-006, 8.00548960456e-008, 1.28709143343e-009, 1.04973064963e-010]
        dvar: [2.42003400826e-012, 8.38120151059e-009, 3.24684847897e-008, 1.72731215997e-008, 1.2695143603e-008, 1.6434076322e-009, 2.77977441066e-009, 1.37190054872e-008, 6.9018334159e-008, 8.04238311503e-008, 2.03928696152e-008, 2.79429563932e-008, 2.05025383337e-008, 2.88936234938e-008, 2.09694146491e-008, 7.8295428807e-008, 1.02516800382e-007, 6.60205117242e-008, 7.48874356304e-007, 4.24667433663e-007, 2.83022867364e-008, 1.38280165096e-009, 8.02616237361e-011, 2.13491949813e-011, 1.12551305081e-011, 2.01277237471e-014, 2.79586075106e-018, 6.73718171747e-021]
        dvar2: [6.21095189168e-012, 2.22965610419e-008, 7.69460157812e-008, 4.42445902138e-008, 3.45419586267e-008, 4.20807344526e-009, 7.4330568367e-009, 3.66863481815e-008, 1.71744062527e-007, 2.06068676789e-007, 5.21141316767e-008, 7.36082057529e-008, 5.54204646619e-008, 7.22475661519e-008, 5.4490907786e-008, 2.16903401906e-007, 2.74183236115e-007, 1.76896108428e-007, 2.09934387385e-006, 1.1832690916e-006, 7.5683168177e-008, 3.51380147201e-009, 1.94416080457e-010, 5.37385275168e-011, 2.74927736826e-011, 4.99754351671e-014, 6.82467225543e-018, 2.14604465135e-020]
        max: [1.7495605789e-005, 0.00108381779864, 0.00333149079233, 0.00166113511659, 0.0044729905203, 0.000958805088885, 0.000981630757451, 0.00202121818438, 0.00532209407538, 0.00732697546482, 0.00280392821878, 0.00356621365063, 0.0024734325707, 0.00545054674149, 0.00303576001897, 0.00677864905447, 0.00854150205851, 0.00499732466415, 0.0126990480348, 0.00748394103721, 0.00246890354902, 0.000682246172801, 0.000182958581718, 0.000110149871034, 7.09671512595e-005, 4.21744380219e-006, 5.50831451562e-008, 1.44681588932e-009]
        mean: [1.26090424146e-006, 0.000139601048431, 0.000267917872407, 0.000176391287823, 0.000138946532388, 4.85110904265e-005, 3.82045691367e-005, 5.90791823925e-005, 0.000137807437568, 0.000129855019622, 0.00013649527682, 0.000172239990206, 0.000147211772855, 0.000180711547728, 0.000166783196619, 0.000291499163723, 0.000453953543911, 0.000472573825391, 0.000930261914618, 0.000478317524539, 0.000214787738514, 5.4141284636e-005, 9.55300129135e-006, 3.94236076318e-006, 2.62222283709e-006, 9.15069691132e-008, 1.25811794316e-009, 4.31926612532e-011]
        median: [6.61965884774e-007, 0.000117189971206, 0.000185233453522, 0.000127616367536, 0.000104696497147, 3.45265943906e-005, 2.22506459977e-005, 2.13762668864e-005, 5.59743966733e-005, 4.78494366689e-005, 5.6073997257e-005, 7.48741513235e-005, 7.04818812665e-005, 6.44083847874e-005, 0.000103374375612, 0.000226399468374, 0.000385573977837, 0.000403994781664, 0.000774200481828, 0.00035036978079, 0.000174619519385, 4.08946580137e-005, 6.73815293339e-006, 2.84226234726e-006, 1.58665397976e-006, 4.19422185871e-008, 5.48885603635e-010, 1.64909561701e-011]
        min: [2.47808327424e-024, 3.40001337847e-024, 1.60501829103e-023, 1.97821181921e-023, 1.29419788048e-022, 4.09467656077e-023, 4.66789224013e-023, 1.47131362511e-023, 1.76519129135e-023, 3.54003224484e-023, 3.93458386649e-023, 6.74632899512e-023, 1.39404015561e-022, 2.29634986129e-022, 1.86461310362e-022, 2.65292660248e-022, 1.49090066274e-022, 2.01968927364e-022, 2.35446909382e-022, 4.10536846593e-022, 3.9230098255e-022, 5.14624026433e-022, 5.42336697412e-022, 9.05342516142e-022, 1.12595305973e-021, 1.72157591028e-021, 2.41080678812e-021, 6.83289859086e-022]
        var: [2.89234131437e-012, 1.22616690135e-008, 7.52882627353e-008, 2.91344157688e-008, 1.81610868566e-008, 3.21797166691e-009, 3.45569839411e-009, 1.59286681622e-008, 7.13348313752e-008, 7.69501085074e-008, 4.19655385997e-008, 6.00677125817e-008, 4.01167525865e-008, 1.08671009968e-007, 3.89961698488e-008, 8.4754859131e-008, 1.44328765828e-007, 1.25445879462e-007, 6.91964999078e-007, 3.25998286144e-007, 3.53804416875e-008, 2.34835906276e-009, 1.29837376961e-010, 2.7634410385e-011, 1.52461151343e-011, 2.72059342421e-014, 4.2455524704e-018, 5.25455215404e-021]
    mfcc:
        mean: [-698.315063477, 84.9674835205, -63.7696914673, 58.6341934204, -3.94080734253, 4.44447517395, 15.3990163803, 5.90434122086, 6.25949144363, -4.67712259293, -0.70949447155, -4.13113737106, -3.79127407074]
        cov: [[4181.92236328, 300.134552002, -125.595695496, 281.270996094, -41.5862770081, 70.3534240723, 19.2577266693, -24.356880188, 14.4175672531, 29.0615825653, -8.15186405182, -25.5389499664, -3.76139879227], [300.134552002, 515.643432617, -135.844528198, 75.9531860352, -12.3968887329, 5.76502561569, 68.1720504761, 28.9830970764, 39.4474411011, -28.9793357849, 7.09057378769, -6.54098939896, -17.8775577545], [-125.595695496, -135.844528198, 500.876312256, 53.1790771484, 62.4652900696, 25.1213111877, -30.6693687439, 17.8591365814, -3.62141895294, 25.8815402985, -8.21633911133, 12.1724834442, 35.4636383057], [281.270996094, 75.9531860352, 53.1790771484, 257.398925781, 45.812702179, 8.18628406525, -44.6812782288, -18.9918117523, 22.0003204346, -17.1504192352, -5.58586883545, -2.01322579384, 12.8167610168], [-41.5862770081, -12.3968887329, 62.4652900696, 45.812702179, 142.5287323, 51.2661437988, 9.06759262085, -31.7657871246, -14.3116827011, 5.5169172287, 10.9534902573, 6.93011474609, -3.48773956299], [70.3534240723, 5.76502561569, 25.1213111877, 8.18628406525, 51.2661437988, 154.050857544, 49.4272460938, 2.2341966629, -39.7943916321, -6.63680505753, 7.37360525131, -6.82480049133, 4.87790298462], [19.2577266693, 68.1720504761, -30.6693687439, -44.6812782288, 9.06759262085, 49.4272460938, 130.793869019, 52.6633224487, -4.31060600281, -17.9154548645, -8.84635162354, 6.41782617569, 4.40605640411], [-24.356880188, 28.9830970764, 17.8591365814, -18.9918117523, -31.7657871246, 2.2341966629, 52.6633224487, 95.6477661133, 24.7323055267, -11.3520727158, -21.6511878967, -5.73515033722, 7.67293119431], [14.4175672531, 39.4474411011, -3.62141895294, 22.0003204346, -14.3116827011, -39.7943916321, -4.31060600281, 24.7323055267, 75.0067138672, 23.386838913, -1.67924273014, -10.7639684677, -11.5001068115], [29.0615825653, -28.9793357849, 25.8815402985, -17.1504192352, 5.5169172287, -6.63680505753, -17.9154548645, -11.3520727158, 23.386838913, 83.2348861694, 29.3396472931, -4.51026391983, -19.9047966003], [-8.15186405182, 7.09057378769, -8.21633911133, -5.58586883545, 10.9534902573, 7.37360525131, -8.84635162354, -21.6511878967, -1.67924273014, 29.3396472931, 56.0961494446, 18.805978775, -4.99554014206], [-25.5389499664, -6.54098939896, 12.1724834442, -2.01322579384, 6.93011474609, -6.82480049133, 6.41782617569, -5.73515033722, -10.7639684677, -4.51026391983, 18.805978775, 58.2014274597, 26.1976509094], [-3.76139879227, -17.8775577545, 35.4636383057, 12.8167610168, -3.48773956299, 4.87790298462, 4.40605640411, 7.67293119431, -11.5001068115, -19.9047966003, -4.99554014206, 26.1976509094, 58.5519332886]]
        icov: [[0.000285463320324, -0.000110927161586, 6.88775035087e-005, -0.000391043518903, 0.000283690256765, -0.000144615536556, -0.000173067091964, 0.000177112582605, 0.000164195822435, -0.000430935906479, 0.00025492432178, 7.13083090886e-006, -4.85794444103e-005], [-0.000110927161586, 0.00275692553259, 0.000502896436956, -0.00101581332274, 0.000314209988574, 0.000126252794871, -0.00172572012525, 2.11607639358e-005, -0.00138797296677, 0.00139282550663, -0.0015117819421, 0.000248446536716, 0.000848430208862], [6.88775035087e-005, 0.000502896436956, 0.00271896435879, -0.000564726768062, -0.00127183855511, -0.000278989435174, 0.000985331018455, -0.00173092447221, 0.000500624708366, -0.00159847107716, 0.000879596802406, -0.000302340020426, -0.00149981782306], [-0.000391043518903, -0.00101581332274, -0.000564726768062, 0.00626627774909, -0.00221441173926, -0.00101935502607, 0.00331644178368, 0.000306179455947, -0.00312213902362, 0.00250544305891, 0.000272017525276, 4.34113462688e-005, -0.00145926780533], [0.000283690256765, 0.000314209988574, -0.00127183855511, -0.00221441173926, 0.0107984282076, -0.00289208488539, -0.00296019786038, 0.0049557313323, -0.000666223000735, -0.000410525302868, 0.000320892839227, -0.00179377803579, 0.00238625705242], [-0.000144615536556, 0.000126252794871, -0.000278989435174, -0.00101935502607, -0.00289208488539, 0.0110321622342, -0.00427972665057, -0.00113606662489, 0.00627621822059, -0.000735116831493, -0.00342188286595, 0.00495851738378, -0.00172677240334], [-0.000173067091964, -0.00172572012525, 0.000985331018455, 0.00331644178368, -0.00296019786038, -0.00427972665057, 0.0154959568754, -0.00817002635449, -3.86179599445e-005, 0.00121299352031, 0.00173911708407, -0.00369278248399, 0.000429395120591], [0.000177112582605, 2.11607639358e-005, -0.00173092447221, 0.000306179455947, 0.0049557313323, -0.00113606662489, -0.00817002635449, 0.020280495286, -0.00753138680011, 0.00144094112329, 0.00415160832927, 0.000734098779503, -0.00161744339857], [0.000164195822435, -0.00138797296677, 0.000500624708366, -0.00312213902362, -0.000666223000735, 0.00627621822059, -3.86179599445e-005, -0.00753138680011, 0.0238302070647, -0.00831635855138, 0.000520172761753, 0.00293487659656, 0.000978815136477], [-0.000430935906479, 0.00139282550663, -0.00159847107716, 0.00250544305891, -0.000410525302868, -0.000735116831493, 0.00121299352031, 0.00144094112329, -0.00831635855138, 0.0214998293668, -0.0111161032692, 0.00212004850619, 0.00435251370072], [0.00025492432178, -0.0015117819421, 0.000879596802406, 0.000272017525276, 0.000320892839227, -0.00342188286595, 0.00173911708407, 0.00415160832927, 0.000520172761753, -0.0111161032692, 0.0308157000691, -0.012611573562, 0.00318687851541], [7.13083090886e-006, 0.000248446536716, -0.000302340020426, 4.34113462688e-005, -0.00179377803579, 0.00495851738378, -0.00369278248399, 0.000734098779503, 0.00293487659656, 0.00212004850619, -0.012611573562, 0.0291438233107, -0.0129068698734], [-4.85794444103e-005, 0.000848430208862, -0.00149981782306, -0.00145926780533, 0.00238625705242, -0.00172677240334, 0.000429395120591, -0.00161744339857, 0.000978815136477, 0.00435251370072, 0.00318687851541, -0.0129068698734, 0.026746917516]]
    sccoeffs:
        dmean: [0.0508540272713, 0.0429788939655, 0.0389507338405, 0.0289350505918, 0.0202293563634, 0.0182370766997]
        dmean2: [0.0826363414526, 0.0720886513591, 0.0647387132049, 0.0486176349223, 0.0343159809709, 0.0298864077777]
        dvar: [0.00159271003213, 0.00127194146626, 0.00105901551433, 0.000543438014574, 0.000259121792624, 0.000296084734146]
        dvar2: [0.00423218635842, 0.00354735623114, 0.00281586661004, 0.0014921448892, 0.000727869279217, 0.00075372873107]
        max: [-0.412846088409, -0.533575236797, -0.547773718834, -0.582152307034, -0.604910552502, -0.580778479576]
        mean: [-0.697822630405, -0.792688250542, -0.796126723289, -0.79494279623, -0.789282679558, -0.736847341061]
        median: [-0.699789583683, -0.797994852066, -0.802727818489, -0.797061264515, -0.790053784847, -0.73666125536]
        min: [-0.975703537464, -0.957200944424, -0.969734013081, -0.96287971735, -0.962401211262, -0.959492206573]
        var: [0.00408708583564, 0.0029489507433, 0.00284940190613, 0.00135347561445, 0.000720508571249, 0.00135153415613]
    scvalleys:
        dmean: [0.338405191898, 0.349133163691, 0.301638036966, 0.247942849994, 0.21490702033, 0.22753341496]
        dmean2: [0.562765479088, 0.580236673355, 0.490481674671, 0.39717566967, 0.343714207411, 0.340382277966]
        dvar: [0.09381365031, 0.106612384319, 0.0829928591847, 0.066747173667, 0.0706494823098, 0.098153591156]
        dvar2: [0.220077618957, 0.246193632483, 0.16838952899, 0.125429108739, 0.131190881133, 0.190826132894]
        max: [-5.33994483948, -5.08660554886, -5.11903572083, -5.22905731201, -5.20118141174, -7.4887046814]
        mean: [-6.78351211548, -7.15076541901, -6.84397172928, -6.88121366501, -6.58766174316, -9.5379076004]
        median: [-6.49235534668, -6.99373340607, -6.73498868942, -6.76836061478, -6.40929031372, -9.36322212219]
        min: [-26.8060264587, -27.0952205658, -26.9939670563, -27.0110378265, -27.0221424103, -27.3687496185]
        var: [1.84266388416, 1.112372756, 1.12022149563, 1.07787919044, 0.972841978073, 0.97113853693]

rhythm:
    beats_loudness:
        dmean: 0.00203182105906
        dmean2: 0.00365157541819
        dvar: 2.12806389754e-006
        dvar2: 6.66891173751e-006
        max: 0.0118579026312
        mean: 0.0052530458197
        median: 0.00509730027989
        min: 8.99594201215e-012
        var: 4.44004035671e-006
    bpm: 129.923919678
    bpm_confidence: 0
    first_peak_bpm: 129
    first_peak_spread: 0.341625213623
    first_peak_weight: 0.618380069733
    onset_rate: 3.00264787674
    second_peak_bpm: 120
    second_peak_spread: 0.583333313465
    second_peak_weight: 0.0155763244256
    beats_loudness_band_ratio:
        dmean: [0.0856733247638, 0.0273822359741, 0.0533217303455, 0.0789716541767, 0.091343306005, 0.111964814365]
        dmean2: [0.150988683105, 0.0484349541366, 0.0952480435371, 0.139549687505, 0.156546160579, 0.202077284455]
        dvar: [0.00734007917345, 0.00111186888535, 0.00500234263018, 0.00631156610325, 0.00776113010943, 0.00697309570387]
        dvar2: [0.0212618615478, 0.00327660655603, 0.0142345223576, 0.0185539275408, 0.0245918519795, 0.0219128765166]
        max: [0.773003220558, 0.464984565973, 0.516278028488, 0.687471210957, 0.851521134377, 0.688298463821]
        mean: [0.133158713579, 0.040328450501, 0.063309751451, 0.131990820169, 0.327165931463, 0.327066957951]
        median: [0.109122574329, 0.034481793642, 0.0353001579642, 0.112019911408, 0.315333604813, 0.329963505268]
        min: [0, 0, 0, 0, 0, 0]
        var: [0.00925393681973, 0.000990574946627, 0.00509875454009, 0.00882471445948, 0.00963234435767, 0.0105565311387]
    beats_position: [0.441179126501, 0.882358253002, 1.3235373497, 1.77632653713, 2.22911548615, 2.68190479279, 3.13469386101, 3.58748292923, 4.05188179016, 4.51628112793, 4.96907043457, 5.4334692955, 5.89786815643, 6.3622674942, 6.81505680084, 7.27945566177, 7.74385452271, 8.20825386047, 8.66104316711, 9.12544155121, 9.58984088898, 10.0542402267, 10.5186395645, 10.9714279175, 11.4242172241, 11.8886165619, 12.3530158997, 12.8174142838, 13.2818136215, 13.7462129593, 14.2106122971, 14.6750106812, 15.1277999878, 15.5921993256, 16.0449886322, 16.4977779388, 16.9505672455, 17.4033565521, 17.9141941071, 18.4366436005, 18.9590930939, 19.4931507111, 20.0156002045, 20.549659729, 21.0256690979, 21.5016784668, 21.9776859283, 22.4536952972, 22.9297046661, 23.405714035, 23.8701133728, 24.3345127106, 24.7989120483, 25.2633094788, 25.7277088165, 26.1921081543, 26.6565074921, 27.1209068298, 27.5853061676, 28.0380954742, 28.4908847809, 28.9552822113, 29.4196815491, 29.8840808868, 30.3484802246, 30.8128795624, 31.2772789001, 31.7416782379, 32.2060775757, 32.6588668823, 33.111656189, 33.5760536194, 34.0404510498, 34.4932403564, 34.9460296631, 35.4104309082, 35.8864402771, 36.362449646, 36.8268470764, 37.2796363831, 37.7440338135, 38.1968231201, 38.6612243652, 39.1256217957, 39.5900230408, 40.0428123474, 40.4956016541, 40.9599990845, 41.4243965149, 41.88879776, 42.3531951904, 42.8175964355, 43.281993866, 43.7463951111, 44.2107925415, 44.6751937866, 45.139591217, 45.5923805237, 46.0567779541, 46.5211791992, 46.9739685059, 47.4267578125, 47.8911552429, 48.3439445496, 48.80834198, 49.2727432251, 49.7255325317, 50.1783218384, 50.6427192688, 51.1071205139, 51.5715179443, 52.0359191895, 52.5003166199, 52.9531059265, 53.4058952332, 53.8702926636, 54.3346939087, 54.7990913391, 55.2634925842, 55.7162818909, 56.1806793213, 56.6450767517, 57.1094779968, 57.5622673035, 58.0266647339, 58.491065979, 58.9554634094, 59.4082527161, 59.8610420227, 60.3254394531, 60.7898406982, 61.2542381287, 61.7186393738, 62.1830368042, 62.6474380493, 63.100227356, 63.5530128479, 64.0174102783, 64.4818115234, 64.9462127686, 65.4106140137, 65.8634033203, 66.327796936, 66.7805862427, 67.2449874878, 67.7093887329, 68.1737823486, 68.6381835938, 69.1025848389, 69.566986084, 70.0313796997, 70.4957809448, 70.9601821899, 71.4129714966, 71.8657608032, 72.3301544189, 72.7945556641, 73.2589569092, 73.7233581543, 74.18775177, 74.6289291382, 75.0817184448, 75.5345077515, 76.0105209351, 76.4865264893, 76.9509277344, 77.4153289795, 77.8797302246, 78.3441238403, 78.796913147, 79.2497024536, 79.7141036987, 80.1785049438, 80.6428985596, 81.0956878662, 81.5484771729, 82.012878418, 82.4772796631, 82.9416732788, 83.4060745239, 83.870475769, 84.3348770142, 84.7992706299, 85.263671875, 85.7280731201, 86.1808624268, 86.6336517334, 87.0980453491, 87.5624465942, 88.0268478394, 88.4912490845, 88.9556427002, 89.4200439453, 89.8844451904, 90.3488388062, 90.8132400513, 91.2776412964, 91.730430603, 92.1832199097, 92.6476211548, 93.1120147705, 93.5648040771, 94.0292053223, 94.4819946289, 94.946395874, 95.4107894897, 95.8751907349, 96.33959198, 96.8039855957, 97.2567749023, 97.709564209, 98.1739654541, 98.6383666992, 99.0911560059, 99.555557251, 100.031562805, 100.49596405, 100.960357666, 101.413146973, 101.865936279, 102.330337524, 102.79473877, 103.259140015, 103.72353363, 104.187934875, 104.640724182, 105.093513489, 105.546302795, 105.999092102, 106.463493347, 106.916282654, 107.38067627, 107.845077515, 108.30947876, 108.762268066, 109.226661682, 109.691062927, 110.143852234, 110.608253479, 111.072654724, 111.525436401, 111.989837646, 112.454238892, 112.918640137, 113.383033752, 113.847434998, 114.311836243, 114.776237488, 115.229019165, 115.69342041, 116.146209717, 116.610610962, 117.075012207, 117.539405823, 118.003807068, 118.468208313, 118.909385681, 119.373786926, 119.826576233, 120.27936554, 120.755371094, 121.231384277, 121.695777893, 122.1485672, 122.601356506, 123.054145813, 123.518547058, 123.982948303, 124.447341919, 124.911743164, 125.376144409, 125.852149963, 126.316551208, 126.780952454, 127.245346069, 127.709747314, 128.17414856, 128.626937866, 129.091339111, 129.555740356, 130.008529663, 130.472915649, 130.937316895, 131.40171814, 131.866119385, 132.33052063, 132.783309937, 133.236099243, 133.68888855, 134.141677856, 134.606079102, 135.070480347, 135.534866333, 135.999267578, 136.463668823, 136.928070068, 137.392471313, 137.856872559, 138.321273804, 138.78565979, 139.238449097, 139.702850342, 140.167251587, 140.631652832, 141.084442139, 141.548843384, 142.013244629, 142.466033936, 142.918823242, 143.383224487, 143.847610474, 144.312011719, 144.776412964, 145.240814209, 145.693603516, 146.146392822, 146.610794067, 147.075195313, 147.539596558, 148.003982544, 148.468383789, 148.921173096, 149.373962402, 149.838363647, 150.302764893, 150.767166138, 151.231567383, 151.695953369, 152.148742676, 152.601531982, 153.065933228, 153.530334473, 153.994735718, 154.459136963, 154.923538208, 155.387939453, 155.852325439, 156.316726685, 156.78112793, 157.245529175, 157.70993042, 158.174331665, 158.63873291, 159.103118896, 159.567520142, 160.020309448, 160.473098755, 160.9375, 161.401901245, 161.86630249, 162.319091797, 162.783493042, 163.236282349, 163.689071655, 164.1534729, 164.606262207, 165.09387207, 165.581497192, 166.080718994, 166.579956055, 167.079177856, 167.578414917, 168.089248657, 168.588470459, 169.099319458, 169.59854126, 170.09777832, 170.608612061, 171.084625244, 171.549026489, 172.013427734, 172.466217041, 172.919006348, 173.383392334, 173.847793579, 174.312194824, 174.764984131, 175.217773438, 175.682174683, 176.146575928, 176.610977173, 177.075378418, 177.539764404, 178.004165649, 178.468566895, 178.93296814, 179.397369385, 179.86177063, 180.326171875, 180.790557861, 181.243347168, 181.696136475, 182.16053772, 182.624938965, 183.08934021, 183.553741455, 184.0181427, 184.482528687, 184.935317993, 185.3881073, 185.852508545, 186.31690979, 186.781311035, 187.234100342, 187.686889648, 188.151290894, 188.615692139, 189.080093384, 189.54447937, 190.008880615, 190.47328186, 190.937683105, 191.402084351, 191.866485596, 192.319274902, 192.772064209, 193.236465454, 193.70085144, 194.165252686, 194.629653931, 195.094055176, 195.558456421, 196.022857666, 196.475646973, 196.928436279, 197.392837524, 197.845626831, 198.310012817, 198.774414063, 199.238815308, 199.691604614, 200.156005859, 200.620407104, 201.08480835, 201.549209595, 202.013595581, 202.477996826, 202.942398071, 203.395187378, 203.847976685, 204.31237793, 204.776779175, 205.229568481, 205.682357788, 206.146759033, 206.611160278, 207.063934326, 207.53994751, 208.004348755, 208.46875, 208.933151245, 209.385940552, 209.850341797, 210.314727783, 210.779129028, 211.231918335, 211.69631958, 212.160720825, 212.613510132, 213.077911377, 213.530700684, 213.995101929, 214.447891235, 214.91229248, 215.376678467, 215.85269165, 216.317092896, 216.781494141, 217.245895386, 217.710296631, 218.174682617, 218.650695801, 219.115097046, 219.579498291, 220.043899536, 220.496688843, 220.937866211, 221.390655518, 221.843444824, 222.296234131, 222.749023438, 223.213424683, 223.677825928, 224.130615234, 224.583404541, 225.047790527, 225.512191772, 225.976593018, 226.440994263, 226.905395508, 227.369796753, 227.834197998, 228.298583984, 228.762985229, 229.215774536, 229.680175781, 230.144577026, 230.608978271, 231.084991455, 231.537780762, 231.990570068, 232.443344116, 232.896133423, 233.360534668, 233.824935913, 234.289337158, 234.753738403, 235.218139648, 235.682540894, 236.14692688, 236.588119507, 237.064117432, 237.528518677, 237.992919922, 238.468933105, 238.921722412, 239.374511719, 239.838912964, 240.291702271, 240.744491577, 241.208877563, 241.673278809, 242.137680054, 242.602081299, 243.066482544, 243.530883789, 243.995285034, 244.459671021, 244.924072266, 245.400085449, 245.876098633, 246.340499878, 246.781677246, 247.234466553, 247.687255859, 248.140045166, 248.592834473, 249.057235718, 249.521621704, 249.986022949, 250.438812256, 250.903213501, 251.356002808, 251.820404053, 252.284805298, 252.749206543, 253.213607788, 253.677993774, 254.14239502, 254.606796265, 255.07119751, 255.535598755, 255.988388062, 256.441162109, 256.905578613, 257.3699646, 257.834381104, 258.29876709, 258.763183594, 259.22756958, 259.691955566, 260.16796875, 260.643981934, 261.108398438, 261.561187744, 262.02557373, 262.478363037, 262.942749023, 263.430389404, 263.906402588, 264.382385254, 264.835174561, 265.287963867, 265.740753174, 266.19354248, 266.669555664, 267.145568848, 267.609985352, 268.074371338, 268.527160645, 268.979949951, 269.444335938, 269.897125244, 270.349914551, 270.814331055, 271.267120361, 271.719909668, 272.184295654, 272.648712158, 273.124725342, 273.600708008, 274.065124512, 274.529510498, 275.005523682, 275.481536865, 275.945922852, 276.410339355, 276.851501465, 277.292694092, 277.745483398, 278.209869385, 278.674285889, 279.127075195, 279.579864502, 280.032653809, 280.485443115, 280.961456299, 281.425842285, 281.890258789, 282.354644775, 282.819030762, 283.283447266, 283.736236572, 284.200622559, 284.676635742, 285.141052246, 285.605438232, 286.058227539, 286.511016846, 286.975402832, 287.439819336, 287.904205322, 288.368621826, 288.833007813, 289.285797119, 289.750213623, 290.226196289, 290.702209473, 291.166625977, 291.631011963, 292.095428467, 292.571411133, 293.059051514, 293.546661377, 294.045898438, 294.54510498, 295.044342041, 295.555175781, 296.066040039, 296.576873779, 297.08770752, 297.610168457, 298.121002197]
