
metadata:
    version:
        essentia: "2.1-beta2"
    audio_properties:
        analysis_sample_rate: 44100
        bitrate: 255
        channels: 2
        equal_loudness: 1
        length: 268.90447998
        replay_gain: -14.3975524902
        downmix: "mix"
    tags:
        album: "End of Silence"
        artist: ""
        comment: ""
        date: ""
        genre: ""
        title: "Lost (Acoustic Version)"
        tracknumber: "12"

configuration:
    average_loudness:
        compute: 1
        frameSize: 88200
        hopSize: 44100
        silentFrames: "noise"
        windowType: "hann"
    general:
        analysisSampleRate: 44100
        endTime: 2000
        equalLoudness: 1
        nequalLoudness: 0
        shortSound: 0
        startTime: 0
    lowlevel:
        compute: 1
        frameSize: 2048
        hopSize: 1024
        zeroPadding: 0
        silentFrames: "noise"
        windowType: "blackmanharris62"
        mfccStats: ["mean", "cov", "icov"]
        stats: ["mean", "var", "median", "min", "max", "dmean", "dmean2", "dvar", "dvar2"]
    panning:
        compute: 0
        frameSize: 8192
        hopSize: 2048
        zeroPadding: 8192
        silentFrames: "noise"
        windowType: "hann"
        stats: ["copy"]
    rhythm:
        compute: 1
        maxTempo: 208
        minTempo: 40
        method: "degara"
        stats: ["mean", "var", "median", "min", "max", "dmean", "dmean2", "dvar", "dvar2"]
    segmentation:
        compute: 0
        cpw: 5
        inc1: 300
        inc2: 50
        minimumSegmentsLength: 10
        size1: 1000
        size2: 600
    sfx:
        compute: 1
        stats: ["mean", "var", "median", "min", "max", "dmean", "dmean2", "dvar", "dvar2"]
    svm:
        compute: 0
    tonal:
        compute: 1
        frameSize: 4096
        hopSize: 2048
        zeroPadding: 0
        silentFrames: "noise"
        windowType: "blackmanharris62"
        stats: ["mean", "var", "median", "min", "max", "dmean", "dmean2", "dvar", "dvar2"]

lowlevel:
    average_loudness: 0.751373112202
    barkbands_kurtosis:
        dmean: 0.824303090572
        dmean2: 1.29378902912
        dvar: 1.48926079273
        dvar2: 3.43916869164
        max: 35.8939056396
        mean: 0.467803359032
        median: -0.284342586994
        min: -1.85610997677
        var: 5.99061584473
    barkbands_skewness:
        dmean: 0.32442393899
        dmean2: 0.488284736872
        dvar: 0.0984459593892
        dvar2: 0.214463576674
        max: 4.99736595154
        mean: 0.424767643213
        median: 0.381288826466
        min: -2.94452953339
        var: 0.932800471783
    barkbands_spread:
        dmean: 3.56332373619
        dmean2: 5.49347686768
        dvar: 15.0642213821
        dvar2: 32.1849708557
        max: 105.867378235
        mean: 21.7351932526
        median: 21.0387573242
        min: 1.83100688457
        var: 87.8112945557
    dissonance:
        dmean: 0.0236018002033
        dmean2: 0.03951292485
        dvar: 0.00051702617202
        dvar2: 0.00139736349229
        max: 0.5
        mean: 0.446917325258
        median: 0.45524597168
        min: 0.138708457351
        var: 0.0013629400637
    hfc:
        dmean: 1.37473869324
        dmean2: 2.03658080101
        dvar: 4.7676820755
        dvar2: 10.1239013672
        max: 49.2246932983
        mean: 6.18582439423
        median: 4.14449691772
        min: 1.14804794263e-016
        var: 34.6757659912
    pitch:
        dmean: 137.645675659
        dmean2: 264.1171875
        dvar: 211095.0625
        dvar2: 563954.5625
        max: 5682.01074219
        mean: 411.859527588
        median: 329.54498291
        min: 65.2085342407
        var: 286571.375
    pitch_instantaneous_confidence:
        dmean: 0.0726472437382
        dmean2: 0.112778812647
        dvar: 0.00463753426448
        dvar2: 0.0108725074679
        max: 0.955620110035
        mean: 0.605421841145
        median: 0.62084209919
        min: 0.0905677080154
        var: 0.0261251069605
    pitch_salience:
        dmean: 0.0519186444581
        dmean2: 0.0824997872114
        dvar: 0.00198612874374
        dvar2: 0.00501036876813
        max: 0.858216106892
        mean: 0.547392368317
        median: 0.54656791687
        min: 0.200259611011
        var: 0.00891337171197
    silence_rate_20dB:
        dmean: 0
        dmean2: 0
        dvar: 0
        dvar2: 0
        max: 1
        mean: 1
        median: 1
        min: 1
        var: 0
    silence_rate_30dB:
        dmean: 0
        dmean2: 0
        dvar: 0
        dvar2: 0
        max: 1
        mean: 1
        median: 1
        min: 1
        var: 0
    silence_rate_60dB:
        dmean: 0.0652793347836
        dmean2: 0.130569949746
        dvar: 0.0610240362585
        dvar2: 0.134080335498
        max: 1
        mean: 0.438266277313
        median: 0
        min: 0
        var: 0.246175512671
    spectral_centroid:
        dmean: 170.670761108
        dmean2: 256.853515625
        dvar: 43441.0859375
        dvar2: 85549.921875
        max: 10695.3828125
        mean: 1342.95947266
        median: 1268.6550293
        min: 249.62336731
        var: 384469.28125
    spectral_complexity:
        dmean: 1.70710647106
        dmean2: 2.72556138039
        dvar: 2.85961103439
        dvar2: 6.39280462265
        max: 32
        mean: 10.5923843384
        median: 10
        min: 0
        var: 30.3743629456
    spectral_crest:
        dmean: 1.94881892204
        dmean2: 3.10001754761
        dvar: 3.28647875786
        dvar2: 8.2261505127
        max: 23.418346405
        mean: 8.7846326828
        median: 7.92461585999
        min: 2.79019165039
        var: 12.5061683655
    spectral_decrease:
        dmean: 1.71329131438e-010
        dmean2: 2.57139892712e-010
        dvar: 4.49830316759e-020
        dvar2: 9.70666140416e-020
        max: -6.29401669731e-029
        mean: -9.38655153604e-010
        median: -8.43811576168e-010
        min: -4.57179005764e-009
        var: 3.82951381291e-019
    spectral_energy:
        dmean: 0.000752497697249
        dmean2: 0.00112604140304
        dvar: 9.18578564324e-007
        dvar2: 1.95952156901e-006
        max: 0.0217197909951
        mean: 0.00410377513617
        median: 0.00359190464951
        min: 1.06506854788e-020
        var: 7.91155980551e-006
    spectral_energyband_high:
        dmean: 5.36964216735e-005
        dmean2: 8.22982256068e-005
        dvar: 1.22072263409e-008
        dvar2: 2.76678910893e-008
        max: 0.003543414874
        mean: 0.000150089908857
        median: 6.25170359854e-005
        min: 7.77992365895e-021
        var: 5.56107195848e-008
    spectral_energyband_low:
        dmean: 8.39246931719e-005
        dmean2: 0.000137480485137
        dvar: 1.30579902446e-008
        dvar2: 3.55353435566e-008
        max: 0.00173669378273
        mean: 0.000191555329366
        median: 0.000138219824294
        min: 8.70329915673e-023
        var: 3.43429711336e-008
    spectral_energyband_middle_high:
        dmean: 0.000539503118489
        dmean2: 0.000800746202003
        dvar: 6.73668466789e-007
        dvar2: 1.44777084188e-006
        max: 0.0177916735411
        mean: 0.0023499710951
        median: 0.00157415890135
        min: 1.45557241693e-021
        var: 5.37853065907e-006
    spectral_energyband_middle_low:
        dmean: 0.000413327943534
        dmean2: 0.000626970722806
        dvar: 2.97023234452e-007
        dvar2: 7.00759130723e-007
        max: 0.00931571796536
        mean: 0.00154915859457
        median: 0.00127794826403
        min: 3.03819692848e-022
        var: 1.2939140106e-006
    spectral_flatness_db:
        dmean: 0.0155977206305
        dmean2: 0.0238826274872
        dvar: 0.000201430928428
        dvar2: 0.000431167602073
        max: 0.452431559563
        mean: 0.195354297757
        median: 0.191345050931
        min: 0.0361819677055
        var: 0.00138269783929
    spectral_flux:
        dmean: 0.00682622613385
        dmean2: 0.0109163215384
        dvar: 5.63017783861e-005
        dvar2: 0.000133718422148
        max: 0.119958423078
        mean: 0.0298798978329
        median: 0.0270961672068
        min: 1.03202155155e-010
        var: 0.000277521990938
    spectral_kurtosis:
        dmean: 2.35517930984
        dmean2: 3.99905252457
        dvar: 20.2788448334
        dvar2: 44.3646583557
        max: 211.684951782
        mean: 6.63656616211
        median: 5.27477264404
        min: -1.38555514812
        var: 43.9327278137
    spectral_rms:
        dmean: 0.000177836991497
        dmean2: 0.000263093272224
        dvar: 3.63682488569e-008
        dvar2: 7.34182989959e-008
        max: 0.00460326392204
        mean: 0.00186188856605
        median: 0.0018719767686
        min: 3.2234939544e-012
        var: 5.37036441983e-007
    spectral_rolloff:
        dmean: 327.387969971
        dmean2: 543.513671875
        dvar: 245615.59375
        dvar2: 487771.3125
        max: 18217.0898438
        mean: 2339.55639648
        median: 2648.58398438
        min: 344.53125
        var: 1252565.375
    spectral_skewness:
        dmean: 0.245514646173
        dmean2: 0.40402457118
        dvar: 0.0805235877633
        dvar2: 0.174659401178
        max: 11.4261674881
        mean: 1.78725731373
        median: 1.64493358135
        min: -0.182079255581
        var: 0.42366245389
    spectral_spread:
        dmean: 491945.53125
        dmean2: 702964.625
        dvar: 705081114624
        dvar2: 1.03220451738e+012
        max: 48116296
        mean: 3743590.75
        median: 3420408
        min: 511687.21875
        var: 3.09320246886e+012
    spectral_strongpeak:
        dmean: 0.53043705225
        dmean2: 0.891394793987
        dvar: 0.688249886036
        dvar2: 1.7316826582
        max: 10.7330646515
        mean: 1.24860548973
        median: 0.783126473427
        min: 5.58351594127e-011
        var: 2.03040885925
    zerocrossingrate:
        dmean: 0.00663693156093
        dmean2: 0.00780845200643
        dvar: 5.74376572331e-005
        dvar2: 6.16600591457e-005
        max: 0.4892578125
        mean: 0.0755612924695
        median: 0.074462890625
        min: 0.01171875
        var: 0.00092579430202
    barkbands:
        dmean: [2.03327275017e-008, 9.91700289887e-006, 4.30300824519e-005, 0.000102873025753, 0.000109802196675, 0.000133415131131, 0.000150452178787, 7.1391412348e-005, 0.000117647614388, 0.000130556101794, 8.18648986751e-005, 6.19985294179e-005, 7.30541069061e-005, 6.93584952387e-005, 9.95746449917e-005, 6.56382762827e-005, 0.000182943243999, 0.000153241999215, 0.000124208832858, 7.70768601797e-005, 2.22651760851e-005, 1.36055696203e-005, 2.03277500077e-006, 1.26757413454e-006, 8.05010927252e-007, 1.14997309453e-008, 1.84381718227e-010]
        dmean2: [3.32072147557e-008, 1.48140707097e-005, 7.01037497493e-005, 0.000166999423527, 0.000168389713508, 0.000200287729967, 0.000234409322729, 0.00010665107402, 0.000176460307557, 0.000188171179616, 0.000116146649816, 9.2821137514e-005, 0.000109915657958, 0.000103776372271, 0.000155832138262, 0.000106562903966, 0.000295360252494, 0.000242882291786, 0.000200399997993, 0.00012120095198, 3.43705105479e-005, 2.03863746719e-005, 2.96035341307e-006, 1.86518639111e-006, 1.24702853554e-006, 1.79359851415e-008, 3.31957794586e-010]
        dvar: [2.43281110047e-014, 2.18794482532e-010, 3.8015897097e-009, 2.17428741678e-008, 2.7015245152e-008, 5.82011132622e-008, 1.16054202692e-007, 3.37680212681e-008, 7.57810383334e-008, 7.41406793736e-008, 5.28834220859e-008, 3.77069504509e-008, 2.87266122001e-008, 5.68151037328e-008, 6.34343138017e-008, 3.77012057129e-008, 1.98889182457e-007, 1.21932473007e-007, 7.3970547021e-008, 3.65834154081e-008, 2.32435160008e-009, 9.51703826857e-010, 7.31958729738e-011, 5.07991600174e-011, 2.46497475209e-011, 1.02191634586e-015, 8.40297435246e-020]
        dvar2: [5.9017820199e-014, 4.83938333851e-010, 1.07072262168e-008, 5.81845185366e-008, 6.41670965251e-008, 1.38566790042e-007, 2.83228018816e-007, 7.79675488616e-008, 1.73677619841e-007, 1.51622572275e-007, 1.04716484373e-007, 8.62167368609e-008, 6.20683024977e-008, 1.17770937891e-007, 1.38297949093e-007, 9.97445965822e-008, 4.863015306e-007, 2.99254111269e-007, 1.8752773201e-007, 8.4254239141e-008, 5.19164711221e-009, 2.00808480955e-009, 1.29247682001e-010, 9.48219003316e-011, 5.29204041699e-011, 2.19605022982e-015, 2.51666573593e-019]
        max: [4.27572467743e-006, 0.000388937944081, 0.000995022826828, 0.00230965390801, 0.00555917154998, 0.00837582349777, 0.0079225115478, 0.00606742501259, 0.0071131340228, 0.00798606779426, 0.0101533997804, 0.00726536754519, 0.00434293271974, 0.0068393535912, 0.00754879508168, 0.00464513525367, 0.0102604674175, 0.0111226458102, 0.00806690379977, 0.00511185871437, 0.00142444856465, 0.000856560596731, 0.000520945002791, 0.000276198465144, 0.000141913464176, 8.83198595147e-007, 5.16760767511e-009]
        mean: [2.67447219926e-008, 2.1695954274e-005, 8.53574820212e-005, 0.000185205848538, 0.000282543565845, 0.000303058128338, 0.000271867320407, 0.000146922990098, 0.000263361434918, 0.000404539954616, 0.000210140293348, 0.000137951574288, 0.000173626816832, 0.000125371225295, 0.00017881016538, 0.000116096198326, 0.00037845550105, 0.000321897765389, 0.000251298421063, 0.000148571038153, 5.47981835552e-005, 3.49366091541e-005, 4.12043300457e-006, 2.05582296076e-006, 1.05389085547e-006, 1.30552377797e-008, 1.90815710455e-010]
        median: [7.61782525949e-010, 8.64143476065e-006, 5.62019013159e-005, 0.000107380627014, 0.000178432732355, 0.000181392562808, 0.00011481794354, 5.42103080079e-005, 9.67434316408e-005, 8.75665427884e-005, 3.4179774957e-005, 2.86625727313e-005, 4.39147879661e-005, 2.03225808946e-005, 4.83674375573e-005, 4.0700811951e-005, 8.27575204312e-005, 0.00010519582429, 9.60493343882e-005, 4.65181146865e-005, 1.51098465722e-005, 9.62136073213e-006, 1.15890429697e-006, 4.34391580484e-007, 1.37877890438e-007, 2.32236141429e-009, 8.55050197313e-011]
        min: [1.15181139009e-023, 4.27677878985e-023, 3.39214985519e-023, 2.30248658382e-024, 3.80443633217e-023, 3.6554186139e-023, 5.20081195782e-023, 4.56971629166e-023, 1.09263495773e-022, 7.07968772971e-023, 5.74152151917e-023, 8.33141687315e-023, 7.7809711905e-023, 1.34795906671e-022, 1.19343106036e-022, 1.1480913745e-022, 1.53985762295e-022, 2.01098340469e-022, 1.82549241848e-022, 3.17995586424e-022, 4.22907170086e-022, 5.27448658076e-022, 4.40611657423e-022, 1.00295921902e-021, 1.33446325959e-021, 1.77516049264e-021, 2.00445047519e-021]
        var: [3.54022773553e-014, 1.18319720688e-009, 8.70906458061e-009, 5.03903301308e-008, 1.12787006401e-007, 1.62217716593e-007, 2.41078680574e-007, 8.95014835578e-008, 2.2558560886e-007, 6.0614195263e-007, 3.37144371088e-007, 1.17871337579e-007, 1.15293353531e-007, 1.29186005893e-007, 1.74789533958e-007, 7.28132718564e-008, 7.42250563235e-007, 2.93913700489e-007, 1.64846824191e-007, 8.01431241371e-008, 1.08742348459e-008, 4.05303390849e-009, 1.9071097479e-010, 9.62777635394e-011, 3.80194903338e-011, 1.70199454641e-015, 1.01849055688e-019]
    frequency_bands:
        dmean: [2.03327275017e-008, 9.91700289887e-006, 4.30300824519e-005, 0.000102873025753, 0.000109802196675, 0.000133415131131, 0.000150452178787, 7.1391412348e-005, 0.000117647614388, 0.000130556101794, 8.18648986751e-005, 6.19985294179e-005, 7.30541069061e-005, 6.93584952387e-005, 9.95746449917e-005, 6.56382762827e-005, 0.000182943243999, 0.000153241999215, 0.000124208832858, 7.70768601797e-005, 2.22651760851e-005, 1.36055696203e-005, 2.03277500077e-006, 1.26757413454e-006, 8.05010927252e-007, 1.14997309453e-008, 1.84381718227e-010, 4.82011132397e-011]
        dmean2: [3.32072147557e-008, 1.48140707097e-005, 7.01037497493e-005, 0.000166999423527, 0.000168389713508, 0.000200287729967, 0.000234409322729, 0.00010665107402, 0.000176460307557, 0.000188171179616, 0.000116146649816, 9.2821137514e-005, 0.000109915657958, 0.000103776372271, 0.000155832138262, 0.000106562903966, 0.000295360252494, 0.000242882291786, 0.000200399997993, 0.00012120095198, 3.43705105479e-005, 2.03863746719e-005, 2.96035341307e-006, 1.86518639111e-006, 1.24702853554e-006, 1.79359851415e-008, 3.31957794586e-010, 8.92411630704e-011]
        dvar: [2.43281110047e-014, 2.18794482532e-010, 3.8015897097e-009, 2.17428741678e-008, 2.7015245152e-008, 5.82011132622e-008, 1.16054202692e-007, 3.37680212681e-008, 7.57810383334e-008, 7.41406793736e-008, 5.28834220859e-008, 3.77069504509e-008, 2.87266122001e-008, 5.68151037328e-008, 6.34343138017e-008, 3.77012057129e-008, 1.98889182457e-007, 1.21932473007e-007, 7.3970547021e-008, 3.65834154081e-008, 2.32435160008e-009, 9.51703826857e-010, 7.31958729738e-011, 5.07991600174e-011, 2.46497475209e-011, 1.02191634586e-015, 8.40297435246e-020, 5.93763127998e-021]
        dvar2: [5.9017820199e-014, 4.83938333851e-010, 1.07072262168e-008, 5.81845185366e-008, 6.41670965251e-008, 1.38566790042e-007, 2.83228018816e-007, 7.79675488616e-008, 1.73677619841e-007, 1.51622572275e-007, 1.04716484373e-007, 8.62167368609e-008, 6.20683024977e-008, 1.17770937891e-007, 1.38297949093e-007, 9.97445965822e-008, 4.863015306e-007, 2.99254111269e-007, 1.8752773201e-007, 8.4254239141e-008, 5.19164711221e-009, 2.00808480955e-009, 1.29247682001e-010, 9.48219003316e-011, 5.29204041699e-011, 2.19605022982e-015, 2.51666573593e-019, 1.90565982611e-020]
        max: [4.27572467743e-006, 0.000388937944081, 0.000995022826828, 0.00230965390801, 0.00555917154998, 0.00837582349777, 0.0079225115478, 0.00606742501259, 0.0071131340228, 0.00798606779426, 0.0101533997804, 0.00726536754519, 0.00434293271974, 0.0068393535912, 0.00754879508168, 0.00464513525367, 0.0102604674175, 0.0111226458102, 0.00806690379977, 0.00511185871437, 0.00142444856465, 0.000856560596731, 0.000520945002791, 0.000276198465144, 0.000141913464176, 8.83198595147e-007, 5.16760767511e-009, 1.2317141751e-009]
        mean: [2.67447219926e-008, 2.1695954274e-005, 8.53574820212e-005, 0.000185205848538, 0.000282543565845, 0.000303058128338, 0.000271867320407, 0.000146922990098, 0.000263361434918, 0.000404539954616, 0.000210140293348, 0.000137951574288, 0.000173626816832, 0.000125371225295, 0.00017881016538, 0.000116096198326, 0.00037845550105, 0.000321897765389, 0.000251298421063, 0.000148571038153, 5.47981835552e-005, 3.49366091541e-005, 4.12043300457e-006, 2.05582296076e-006, 1.05389085547e-006, 1.30552377797e-008, 1.90815710455e-010, 3.81989821718e-011]
        median: [7.61782525949e-010, 8.64143476065e-006, 5.62019013159e-005, 0.000107380627014, 0.000178432732355, 0.000181392562808, 0.00011481794354, 5.42103080079e-005, 9.67434316408e-005, 8.75665427884e-005, 3.4179774957e-005, 2.86625727313e-005, 4.39147879661e-005, 2.03225808946e-005, 4.83674375573e-005, 4.0700811951e-005, 8.27575204312e-005, 0.00010519582429, 9.60493343882e-005, 4.65181146865e-005, 1.51098465722e-005, 9.62136073213e-006, 1.15890429697e-006, 4.34391580484e-007, 1.37877890438e-007, 2.32236141429e-009, 8.55050197313e-011, 1.28205007374e-011]
        min: [1.15181139009e-023, 4.27677878985e-023, 3.39214985519e-023, 2.30248658382e-024, 3.80443633217e-023, 3.6554186139e-023, 5.20081195782e-023, 4.56971629166e-023, 1.09263495773e-022, 7.07968772971e-023, 5.74152151917e-023, 8.33141687315e-023, 7.7809711905e-023, 1.34795906671e-022, 1.19343106036e-022, 1.1480913745e-022, 1.53985762295e-022, 2.01098340469e-022, 1.82549241848e-022, 3.17995586424e-022, 4.22907170086e-022, 5.27448658076e-022, 4.40611657423e-022, 1.00295921902e-021, 1.33446325959e-021, 1.77516049264e-021, 2.00445047519e-021, 7.49363687304e-022]
        var: [3.54022773553e-014, 1.18319720688e-009, 8.70906458061e-009, 5.03903301308e-008, 1.12787006401e-007, 1.62217716593e-007, 2.41078680574e-007, 8.95014835578e-008, 2.2558560886e-007, 6.0614195263e-007, 3.37144371088e-007, 1.17871337579e-007, 1.15293353531e-007, 1.29186005893e-007, 1.74789533958e-007, 7.28132718564e-008, 7.42250563235e-007, 2.93913700489e-007, 1.64846824191e-007, 8.01431241371e-008, 1.08742348459e-008, 4.05303390849e-009, 1.9071097479e-010, 9.62777635394e-011, 3.80194903338e-011, 1.70199454641e-015, 1.01849055688e-019, 4.74062298154e-021]
    mfcc:
        mean: [-751.05847168, 131.429229736, -55.4887504578, 37.6332740784, -18.8816318512, -13.5561904907, -7.14162015915, -4.59219169617, -8.8496389389, -10.3404693604, -4.96607732773, -10.3147583008, -6.23531389236]
        cov: [[6295.57910156, 82.0670089722, -896.536987305, 820.757446289, -359.879730225, 501.509338379, 13.2751865387, 423.007049561, 39.3555221558, -151.1378479, 183.991271973, -117.330451965, -243.502593994], [82.0670089722, 1273.63867188, -43.6556358337, -45.7207260132, 47.4966163635, -169.31137085, 73.8579483032, -108.5470047, -32.794670105, 35.3870849609, -14.1643009186, -9.98549461365, 24.9721775055], [-896.536987305, -43.6556358337, 608.114440918, -186.246551514, 96.1271286011, -26.2494659424, -13.4009857178, -60.7746200562, 4.99434089661, 28.1534347534, -33.2693634033, -5.71385383606, 21.3581809998], [820.757446289, -45.7207260132, -186.246551514, 430.554016113, 20.3338794708, 83.0902404785, -5.04241514206, 57.7876434326, 62.5678100586, -12.3442516327, 30.3845500946, -2.74696111679, -9.95031356812], [-359.879730225, 47.4966163635, 96.1271286011, 20.3338794708, 242.650802612, -51.4840049744, -24.096736908, -51.7776489258, 22.4474430084, 53.9614295959, -27.5339050293, 17.9627571106, 29.9989395142], [501.509338379, -169.31137085, -26.2494659424, 83.0902404785, -51.4840049744, 281.557769775, 56.3091278076, 117.481880188, 31.7679328918, -43.5078811646, 75.3347854614, -9.54956626892, -44.409122467], [13.2751865387, 73.8579483032, -13.4009857178, -5.04241514206, -24.096736908, 56.3091278076, 181.959701538, 34.6296043396, 17.3065509796, -4.37392282486, 22.4989433289, 27.164056778, 3.48135590553], [423.007049561, -108.5470047, -60.7746200562, 57.7876434326, -51.7776489258, 117.481880188, 34.6296043396, 178.604187012, 30.7236118317, -19.8628940582, 38.6874809265, -16.9412994385, -23.1963996887], [39.3555221558, -32.794670105, 4.99434089661, 62.5678100586, 22.4474430084, 31.7679328918, 17.3065509796, 30.7236118317, 113.426246643, 13.8666877747, -0.391679406166, 4.8905620575, 1.508066535], [-151.1378479, 35.3870849609, 28.1534347534, -12.3442516327, 53.9614295959, -43.5078811646, -4.37392282486, -19.8628940582, 13.8666877747, 117.253608704, 0.700144231319, 1.3461098671, 9.55449867249], [183.991271973, -14.1643009186, -33.2693634033, 30.3845500946, -27.5339050293, 75.3347854614, 22.4989433289, 38.6874809265, -0.391679406166, 0.700144231319, 123.876487732, 16.2937355042, -22.3585567474], [-117.330451965, -9.98549461365, -5.71385383606, -2.74696111679, 17.9627571106, -9.54956626892, 27.164056778, -16.9412994385, 4.8905620575, 1.3461098671, 16.2937355042, 97.4243164063, 34.6871681213], [-243.502593994, 24.9721775055, 21.3581809998, -9.95031356812, 29.9989395142, -44.409122467, 3.48135590553, -23.1963996887, 1.508066535, 9.55449867249, -22.3585567474, 34.6871681213, 103.856422424]]
        icov: [[0.000335896475008, -0.000130325497594, 0.000237298911088, -0.000473282794701, 0.000276230741292, -0.000320921099046, 0.000203135990887, -0.000384291284718, 0.000198510664632, 2.96583630188e-006, 8.18242478999e-005, 1.05175913632e-005, 0.000426027690992], [-0.000130325497594, 0.00101105263457, 4.33869608969e-005, 0.000180813163752, -0.000286133988993, 0.00074757396942, -0.000800750800408, 0.00056183669949, 2.83199115074e-005, 2.35459010582e-005, -0.000391797773773, 0.000557184335776, -0.000258646032307], [0.000237298911088, 4.33869608969e-005, 0.00235800957307, 0.000740863149986, -0.000688706408255, -0.000673773989547, 0.000154977242346, 0.000315350102028, -0.000384533195756, -2.87756211037e-005, 0.000159836141393, 0.000523550901562, -2.41611196543e-005], [-0.000473282794701, 0.000180813163752, 0.000740863149986, 0.00392158469185, -0.00120152684394, -0.000286747934297, 0.00019785448967, 0.000399818731239, -0.00184838625137, 0.000377719872631, -0.000485889439005, 0.000273457029834, -0.000826508214232], [0.000276230741292, -0.000286133988993, -0.000688706408255, -0.00120152684394, 0.00582401361316, -0.000291092961561, 0.00080485077342, 0.000586606678553, -0.000532925361767, -0.00209004222415, 0.000911475974135, -0.00101222842932, -0.000225410825806], [-0.000320921099046, 0.00074757396942, -0.000673773989547, -0.000286747934297, -0.000291092961561, 0.00713489018381, -0.00180765823461, -0.00219114194624, -0.000837074476294, 0.00187267700676, -0.00288994191214, 0.000709796033334, 0.000865723995958], [0.000203135990887, -0.000800750800408, 0.000154977242346, 0.00019785448967, 0.00080485077342, -0.00180765823461, 0.00707558030263, -0.0011216745479, -0.000699852942489, -0.000375541247195, 0.000257856037933, -0.00233418890275, 4.25772850576e-005], [-0.000384291284718, 0.00056183669949, 0.000315350102028, 0.000399818731239, 0.000586606678553, -0.00219114194624, -0.0011216745479, 0.00925138406456, -0.00184698135126, 1.69757022377e-005, -0.000995117006823, 0.00178470637184, -0.000850176787935], [0.000198510664632, 2.83199115074e-005, -0.000384533195756, -0.00184838625137, -0.000532925361767, -0.000837074476294, -0.000699852942489, -0.00184698135126, 0.0109679047018, -0.00158106768504, 0.00136084563565, -0.000812043144833, 0.000317920930684], [2.96583630188e-006, 2.35459010582e-005, -2.87756211037e-005, 0.000377719872631, -0.00209004222415, 0.00187267700676, -0.000375541247195, 1.69757022377e-005, -0.00158106768504, 0.0104216486216, -0.00187945377547, 0.00101821892895, -0.000216249391087], [8.18242478999e-005, -0.000391797773773, 0.000159836141393, -0.000485889439005, 0.000911475974135, -0.00288994191214, 0.000257856037933, -0.000995117006823, 0.00136084563565, -0.00187945377547, 0.0111258896068, -0.00330305076204, 0.00212825834751], [1.05175913632e-005, 0.000557184335776, 0.000523550901562, 0.000273457029834, -0.00101222842932, 0.000709796033334, -0.00233418890275, 0.00178470637184, -0.000812043144833, 0.00101821892895, -0.00330305076204, 0.0137754855677, -0.00451190257445], [0.000426027690992, -0.000258646032307, -2.41611196543e-005, -0.000826508214232, -0.000225410825806, 0.000865723995958, 4.25772850576e-005, -0.000850176787935, 0.000317920930684, -0.000216249391087, 0.00212825834751, -0.00451190257445, 0.0128398928791]]
    sccoeffs:
        dmean: [0.0456544533372, 0.0421995036304, 0.0356432311237, 0.0309020709246, 0.0245192423463, 0.0200131349266]
        dmean2: [0.0762478485703, 0.0678708702326, 0.0560501851141, 0.0494562759995, 0.0378300659359, 0.029711805284]
        dvar: [0.00131888617761, 0.00120603549294, 0.000864175439347, 0.000629100541119, 0.000433571141912, 0.0003432338126]
        dvar2: [0.00373069848865, 0.0031580189243, 0.00213348004036, 0.00156356056686, 0.0009624423692, 0.000664847204462]
        max: [-0.301561534405, -0.434095829725, -0.39189055562, -0.511088550091, -0.534517526627, -0.593279480934]
        mean: [-0.588081479073, -0.69600301981, -0.682226002216, -0.717130184174, -0.730075657368, -0.747507274151]
        median: [-0.587367534637, -0.697223961353, -0.68327409029, -0.719425797462, -0.732705950737, -0.747104048729]
        min: [-0.976033806801, -0.973002552986, -0.968182861805, -0.966617584229, -0.964223980904, -0.959623873234]
        var: [0.00664350949228, 0.00441028177738, 0.00654926477, 0.00458138016984, 0.00391235621646, 0.00298353820108]
    scvalleys:
        dmean: [0.399826228619, 0.299909323454, 0.275747269392, 0.242933228612, 0.233036115766, 0.331058472395]
        dmean2: [0.674598693848, 0.485699504614, 0.433382749557, 0.374532431364, 0.330329328775, 0.439524650574]
        dvar: [0.119489192963, 0.0742594227195, 0.0678817033768, 0.0578877478838, 0.0666207447648, 0.150745883584]
        dvar2: [0.317649841309, 0.166162282228, 0.139077559114, 0.107961788774, 0.0996034294367, 0.222931593657]
        max: [-5.94588375092, -4.93453407288, -4.94362545013, -6.11131381989, -6.09477901459, -7.42877435684]
        mean: [-8.01870918274, -6.95290184021, -7.63451862335, -8.07709598541, -8.22197723389, -10.8942470551]
        median: [-7.71744632721, -6.74562644958, -7.45348310471, -7.87055683136, -8.0414686203, -10.6970472336]
        min: [-26.5466918945, -27.7366905212, -27.3334064484, -27.1003131866, -27.2392120361, -27.3038349152]
        var: [2.42756938934, 1.82821786404, 1.63988566399, 1.56145191193, 1.58030951023, 1.84322249889]

rhythm:
    beats_loudness:
        dmean: 0.00158026593272
        dmean2: 0.00269484263845
        dvar: 2.68757412414e-006
        dvar2: 8.09868652141e-006
        max: 0.0157972518355
        mean: 0.00474347034469
        median: 0.00432174839079
        min: 6.97042250308e-012
        var: 8.89764396561e-006
    bpm: 162.511398315
    bpm_confidence: 0
    first_peak_bpm: 161
    first_peak_spread: 0.157495260239
    first_peak_weight: 0.622720897198
    onset_rate: 2.53993558884
    second_peak_bpm: 167
    second_peak_spread: 0
    second_peak_weight: 0.150070130825
    beats_loudness_band_ratio:
        dmean: [0.0796179175377, 0.112039573491, 0.127259150147, 0.128856927156, 0.107519611716, 0.0633259341121]
        dmean2: [0.136289328337, 0.195560544729, 0.221164762974, 0.216294765472, 0.182995527983, 0.110915772617]
        dvar: [0.00648820027709, 0.0137541061267, 0.0135408621281, 0.0146538158879, 0.0112633341923, 0.00706007983536]
        dvar2: [0.0183080937713, 0.0393105000257, 0.0349264517426, 0.0419063046575, 0.0292663592845, 0.0202234648168]
        max: [0.689334213734, 0.805836737156, 0.79391092062, 0.848675012589, 0.775799512863, 0.780495047569]
        mean: [0.110408380628, 0.173859298229, 0.223602250218, 0.201633766294, 0.227176979184, 0.106844037771]
        median: [0.0816130638123, 0.121406204998, 0.18252146244, 0.143325924873, 0.18672567606, 0.0832893177867]
        min: [0, 0, 0, 0, 0, 0]
        var: [0.00988692231476, 0.0230254214257, 0.0272426903248, 0.0275796465576, 0.028871839866, 0.00936219375581]
