
metadata:
    version:
        essentia: "2.1-beta2"
    audio_properties:
        analysis_sample_rate: 44100
        bitrate: 226
        channels: 2
        equal_loudness: 1
        length: 257.35836792
        replay_gain: -14.9157466888
        downmix: "mix"
    tags:
        album: "Innocence & Instinct"
        artist: "Red"
        comment: "."
        date: "2009"
        genre: "Hard Rock"
        title: "Death Of Me"
        tracknumber: "2"

configuration:
    average_loudness:
        compute: 1
        frameSize: 88200
        hopSize: 44100
        silentFrames: "noise"
        windowType: "hann"
    general:
        analysisSampleRate: 44100
        endTime: 2000
        equalLoudness: 1
        nequalLoudness: 0
        shortSound: 0
        startTime: 0
    lowlevel:
        compute: 1
        frameSize: 2048
        hopSize: 1024
        zeroPadding: 0
        silentFrames: "noise"
        windowType: "blackmanharris62"
        mfccStats: ["mean", "cov", "icov"]
        stats: ["mean", "var", "median", "min", "max", "dmean", "dmean2", "dvar", "dvar2"]
    panning:
        compute: 0
        frameSize: 8192
        hopSize: 2048
        zeroPadding: 8192
        silentFrames: "noise"
        windowType: "hann"
        stats: ["copy"]
    rhythm:
        compute: 1
        maxTempo: 208
        minTempo: 40
        method: "degara"
        stats: ["mean", "var", "median", "min", "max", "dmean", "dmean2", "dvar", "dvar2"]
    segmentation:
        compute: 0
        cpw: 5
        inc1: 300
        inc2: 50
        minimumSegmentsLength: 10
        size1: 1000
        size2: 600
    sfx:
        compute: 1
        stats: ["mean", "var", "median", "min", "max", "dmean", "dmean2", "dvar", "dvar2"]
    svm:
        compute: 0
    tonal:
        compute: 1
        frameSize: 4096
        hopSize: 2048
        zeroPadding: 0
        silentFrames: "noise"
        windowType: "blackmanharris62"
        stats: ["mean", "var", "median", "min", "max", "dmean", "dmean2", "dvar", "dvar2"]

lowlevel:
    average_loudness: 0.740158855915
    barkbands_kurtosis:
        dmean: 0.623224079609
        dmean2: 1.02191913128
        dvar: 0.853665232658
        dvar2: 2.15103316307
        max: 26.2568626404
        mean: -0.495635598898
        median: -0.873137950897
        min: -1.90266656876
        var: 2.26193594933
    barkbands_skewness:
        dmean: 0.342544972897
        dmean2: 0.544158220291
        dvar: 0.0931850969791
        dvar2: 0.231087327003
        max: 4.49705982208
        mean: -0.180797293782
        median: -0.273812294006
        min: -3.62573695183
        var: 0.581225395203
    barkbands_spread:
        dmean: 5.02214813232
        dmean2: 8.08399581909
        dvar: 22.3790225983
        dvar2: 57.4544792175
        max: 64.6796722412
        mean: 29.2844104767
        median: 28.5790481567
        min: 1.29817318916
        var: 104.238670349
    dissonance:
        dmean: 0.0130183873698
        dmean2: 0.0224364344031
        dvar: 0.000227005351917
        dvar2: 0.000622007704806
        max: 0.500000059605
        mean: 0.47798755765
        median: 0.484950870275
        min: 0.289432823658
        var: 0.000526642543264
    hfc:
        dmean: 1.83714175224
        dmean2: 3.05649161339
        dvar: 6.54376506805
        dvar2: 17.0572452545
        max: 41.3783035278
        mean: 8.02168369293
        median: 7.20534420013
        min: 1.16690038141e-016
        var: 46.4855957031
    pitch:
        dmean: 661.859741211
        dmean2: 1256.5345459
        dvar: 1222926.875
        dvar2: 3226889.75
        max: 5488.92236328
        mean: 991.160461426
        median: 348.333435059
        min: 70.599571228
        var: 1588788.125
    pitch_instantaneous_confidence:
        dmean: 0.0737768635154
        dmean2: 0.121904611588
        dvar: 0.00382029637694
        dvar2: 0.00961967557669
        max: 0.95535171032
        mean: 0.369960784912
        median: 0.327366232872
        min: 0.119262516499
        var: 0.0247117560357
    pitch_salience:
        dmean: 0.0526927933097
        dmean2: 0.0881623327732
        dvar: 0.00206435075961
        dvar2: 0.00565523467958
        max: 0.866460800171
        mean: 0.649847328663
        median: 0.674626767635
        min: 0.147383436561
        var: 0.0110545773059
    silence_rate_20dB:
        dmean: 0
        dmean2: 0
        dvar: 0
        dvar2: 0
        max: 1
        mean: 1
        median: 1
        min: 1
        var: 0
    silence_rate_30dB:
        dmean: 0
        dmean2: 0
        dvar: 0
        dvar2: 0
        max: 1
        mean: 1
        median: 1
        min: 1
        var: 0
    silence_rate_60dB:
        dmean: 0.0546734035015
        dmean2: 0.109356671572
        dvar: 0.051685448736
        dvar2: 0.115807764232
        max: 1
        mean: 0.437708616257
        median: 0
        min: 0
        var: 0.246102184057
    spectral_centroid:
        dmean: 224.985458374
        dmean2: 357.40145874
        dvar: 53293.9023438
        dvar2: 117888.671875
        max: 11192.7705078
        mean: 1799.88366699
        median: 1854.52038574
        min: 288.743713379
        var: 326887.28125
    spectral_complexity:
        dmean: 3.16257667542
        dmean2: 5.24713516235
        dvar: 13.0363941193
        dvar2: 33.8526992798
        max: 49
        mean: 15.6571941376
        median: 16
        min: 0
        var: 148.807907104
    spectral_crest:
        dmean: 1.77908325195
        dmean2: 2.98200130463
        dvar: 3.02389168739
        dvar2: 8.02278709412
        max: 25.3151302338
        mean: 6.40717697144
        median: 5.49259996414
        min: 2.13176846504
        var: 9.7346534729
    spectral_decrease:
        dmean: 2.13020295847e-010
        dmean2: 3.5950303845e-010
        dvar: 1.07731660474e-019
        dvar2: 2.93769937525e-019
        max: -5.94060313584e-029
        mean: -8.78001671367e-010
        median: -8.03382693704e-010
        min: -4.16961221106e-009
        var: 4.96127008183e-019
    spectral_energy:
        dmean: 0.000945816049352
        dmean2: 0.00159435893875
        dvar: 1.98924294637e-006
        dvar2: 5.39508937436e-006
        max: 0.017659753561
        mean: 0.00404137931764
        median: 0.00371913425624
        min: 1.08083587051e-020
        var: 1.04867385744e-005
    spectral_energyband_high:
        dmean: 0.000145937490743
        dmean2: 0.000248527328949
        dvar: 5.65374058681e-008
        dvar2: 1.51707553186e-007
        max: 0.00389461149462
        mean: 0.000399082025979
        median: 0.000342797109624
        min: 7.48216287224e-021
        var: 1.58732888167e-007
    spectral_energyband_low:
        dmean: 0.000177505251486
        dmean2: 0.000302487896988
        dvar: 1.11805228187e-007
        dvar2: 3.05998526073e-007
        max: 0.00639334274456
        mean: 0.000284209672827
        median: 0.000147555372678
        min: 1.25897631391e-022
        var: 1.65515146477e-007
    spectral_energyband_middle_high:
        dmean: 0.000559127714951
        dmean2: 0.000900909595657
        dvar: 5.15793942668e-007
        dvar2: 1.27595228605e-006
        max: 0.0132359713316
        mean: 0.00241560442373
        median: 0.00204372731969
        min: 1.58874960627e-021
        var: 4.48400396635e-006
    spectral_energyband_middle_low:
        dmean: 0.000486752775032
        dmean2: 0.000817054358777
        dvar: 1.03288039099e-006
        dvar2: 2.84134239337e-006
        max: 0.0123339286074
        mean: 0.00103353348095
        median: 0.000751355488319
        min: 5.10271836643e-022
        var: 1.42863189012e-006
    spectral_flatness_db:
        dmean: 0.0119528286159
        dmean2: 0.019335411489
        dvar: 0.000124834987218
        dvar2: 0.000304835790303
        max: 0.417255967855
        mean: 0.143886655569
        median: 0.127659395337
        min: 0.0589697510004
        var: 0.00218764878809
    spectral_flux:
        dmean: 0.00554061913863
        dmean2: 0.00883005559444
        dvar: 4.9303547712e-005
        dvar2: 0.000102371523099
        max: 0.09637901932
        mean: 0.0352653302252
        median: 0.0383051149547
        min: 1.03963254672e-010
        var: 0.000448202627013
    spectral_kurtosis:
        dmean: 1.38346195221
        dmean2: 2.35639166832
        dvar: 4.48412179947
        dvar2: 13.2510194778
        max: 39.9813537598
        mean: 4.43183231354
        median: 3.56842112541
        min: -1.16799616814
        var: 12.7299346924
    spectral_rms:
        dmean: 0.000204273805139
        dmean2: 0.000338480720529
        dvar: 6.9871269659e-008
        dvar2: 1.85005276876e-007
        max: 0.00415078643709
        mean: 0.00173752161209
        median: 0.00190484221093
        min: 3.24726660492e-012
        var: 9.23820834942e-007
    spectral_rolloff:
        dmean: 311.110595703
        dmean2: 517.660888672
        dvar: 133529.296875
        dvar2: 290601.84375
        max: 18949.21875
        mean: 3226.75073242
        median: 3423.77929688
        min: 193.798828125
        var: 834407.125
    spectral_skewness:
        dmean: 0.173831284046
        dmean2: 0.287147015333
        dvar: 0.0351429656148
        dvar2: 0.099237985909
        max: 4.34525156021
        mean: 1.41058516502
        median: 1.34033131599
        min: -0.438278824091
        var: 0.183856934309
    spectral_spread:
        dmean: 308051.5625
        dmean2: 452267.21875
        dvar: 221906681856
        dvar2: 307784187904
        max: 40371008
        mean: 4137110
        median: 4184495
        min: 1251701.125
        var: 1.53340136653e+012
    spectral_strongpeak:
        dmean: 0.442304104567
        dmean2: 0.761114895344
        dvar: 0.389780282974
        dvar2: 1.04538702965
        max: 6.48793554306
        mean: 0.643311858177
        median: 0.295958667994
        min: 1.77201953111e-009
        var: 0.632800281048
    zerocrossingrate:
        dmean: 0.00666655460373
        dmean2: 0.00820063985884
        dvar: 5.07843506057e-005
        dvar2: 6.16065663053e-005
        max: 0.50244140625
        mean: 0.100169673562
        median: 0.103515625
        min: 0.01708984375
        var: 0.000707448925823
    barkbands:
        dmean: [4.76277932648e-007, 6.07190413575e-005, 0.000109100910777, 8.57887644088e-005, 0.000213273204281, 0.000101806559542, 0.000103198442957, 0.000117603245599, 9.6563147963e-005, 8.09071498225e-005, 5.5943364714e-005, 0.000110242523078, 7.68526442698e-005, 8.12306825537e-005, 0.000100521705463, 0.000126180617372, 0.000157720773132, 0.000152117441758, 0.000170995685039, 0.000143020341056, 6.27364133834e-005, 2.81097800325e-005, 7.3551850619e-006, 2.30958835346e-006, 7.16020849723e-007, 2.90050632401e-008, 4.38331343444e-010]
        dmean2: [8.26735856663e-007, 0.000106592917291, 0.000186425924767, 0.000143766839756, 0.000365628337022, 0.000168017868418, 0.000176203844603, 0.000203970208531, 0.000158101072884, 0.000131304492243, 9.17669531191e-005, 0.00017931581533, 0.000123900084873, 0.000130905798869, 0.000161688352819, 0.000210739730392, 0.000263888592599, 0.000253294187132, 0.00028659417876, 0.000248962605838, 0.000106164770841, 4.60377596028e-005, 1.11389817903e-005, 3.41948612004e-006, 1.03917852812e-006, 4.40338183694e-008, 7.161014004e-010]
        dvar: [6.60274135714e-013, 1.87869062529e-008, 4.12769232128e-008, 2.54237395581e-008, 2.54708993452e-007, 4.90113691853e-008, 6.21723117433e-008, 8.05547060168e-008, 3.76351643183e-008, 3.5718706215e-008, 1.24495667109e-008, 5.18697156338e-008, 2.63187462934e-008, 2.40353106307e-008, 5.30131067933e-008, 5.59920003695e-008, 6.36547596855e-008, 5.9120942808e-008, 6.76936480204e-008, 4.99245231822e-008, 8.26615043081e-009, 3.1288573954e-009, 3.51164847201e-010, 4.07956723958e-011, 5.52858410094e-012, 4.97545459151e-015, 1.11185244222e-018]
        dvar2: [1.87616111882e-012, 5.20678788973e-008, 1.13733307217e-007, 6.74098359355e-008, 6.92487049037e-007, 1.20168735407e-007, 1.67448789057e-007, 2.24458219122e-007, 9.39949345025e-008, 9.06213699636e-008, 3.09663441556e-008, 1.2948191852e-007, 6.62366588244e-008, 5.82017776196e-008, 1.30164309553e-007, 1.44294475035e-007, 1.71024794327e-007, 1.56138199259e-007, 1.85118508966e-007, 1.40842672636e-007, 2.18499600635e-008, 7.53998996572e-009, 7.12352787868e-010, 8.20562159887e-011, 1.0310243978e-011, 9.91942496838e-015, 2.69836717611e-018]
        max: [1.04114551505e-005, 0.00121880508959, 0.00308000040241, 0.00430274289101, 0.00717957410961, 0.005123980809, 0.00327621633187, 0.00437369896099, 0.00459938962013, 0.00386685971171, 0.00238141557202, 0.00869231764227, 0.00411724718288, 0.0034816917032, 0.00410385429859, 0.00521505856887, 0.00600760197267, 0.00676268991083, 0.0039353966713, 0.00325023964979, 0.00132838473655, 0.00218408741057, 0.0005971880164, 0.000149884072016, 7.84465009929e-005, 2.52920358434e-006, 2.74166698233e-008]
        mean: [5.79055267735e-007, 6.51195150567e-005, 0.000153844172019, 0.000141807438922, 0.00028130057035, 0.000145424928633, 0.000128580752062, 0.000142722725286, 0.00016029975086, 0.000133796595037, 9.32215771172e-005, 0.000190951730474, 0.000136273753014, 0.000141841272125, 0.000184360556887, 0.000256828701822, 0.000350635964423, 0.000338896294124, 0.000431420630775, 0.000314737408189, 0.000165428573382, 6.04316519457e-005, 1.5981213437e-005, 5.16947284268e-006, 1.6570719481e-006, 6.54375114095e-008, 8.04171007562e-010]
        median: [1.60166266028e-007, 2.11268925341e-005, 6.17261393927e-005, 5.40591499885e-005, 0.000121236655104, 6.56301344861e-005, 5.53501704417e-005, 5.58953215659e-005, 7.59617978474e-005, 4.64890872536e-005, 4.04696220357e-005, 9.47760272538e-005, 5.90271047258e-005, 6.30924332654e-005, 8.29213895486e-005, 0.000159651070135, 0.000254874408711, 0.000228489589063, 0.000321458792314, 0.000246950192377, 0.000142466058605, 3.86562787753e-005, 7.82425649959e-006, 2.38610982706e-006, 7.99408667262e-007, 3.06470546718e-008, 3.66493946302e-010]
        min: [8.5012305426e-024, 5.16362789464e-023, 3.03062531529e-023, 7.6493506951e-023, 4.83977083188e-023, 7.26755590093e-023, 8.62963848085e-023, 1.0684407831e-022, 1.02176274737e-022, 2.79236281619e-023, 5.09585369883e-023, 8.43580273466e-023, 8.00371206244e-023, 8.49415509136e-023, 8.57072445518e-023, 2.04794109633e-022, 1.72028588919e-022, 3.35686189809e-022, 3.47622526208e-022, 2.39735586403e-022, 5.58280573427e-022, 6.26548167024e-022, 5.32764444618e-022, 9.08123244522e-022, 1.25350891461e-021, 1.39716005631e-021, 2.55554865309e-021]
        var: [8.5132297262e-013, 1.53748622722e-008, 5.89725992484e-008, 6.79608902487e-008, 2.73781097349e-007, 7.12620220611e-008, 6.11453003785e-008, 7.694134041e-008, 7.25858342321e-008, 7.57884279778e-008, 2.91312218792e-008, 1.0926576266e-007, 5.99958482894e-008, 5.32268984443e-008, 1.27715040321e-007, 1.45278733044e-007, 1.60761487678e-007, 1.7643725414e-007, 2.18886469838e-007, 1.09088929889e-007, 2.70423576865e-008, 8.07856270768e-009, 8.87283024831e-010, 1.03621729253e-010, 1.36849490073e-011, 1.47051323212e-014, 2.2462893967e-018]
    frequency_bands:
        dmean: [4.76277932648e-007, 6.07190413575e-005, 0.000109100910777, 8.57887644088e-005, 0.000213273204281, 0.000101806559542, 0.000103198442957, 0.000117603245599, 9.6563147963e-005, 8.09071498225e-005, 5.5943364714e-005, 0.000110242523078, 7.68526442698e-005, 8.12306825537e-005, 0.000100521705463, 0.000126180617372, 0.000157720773132, 0.000152117441758, 0.000170995685039, 0.000143020341056, 6.27364133834e-005, 2.81097800325e-005, 7.3551850619e-006, 2.30958835346e-006, 7.16020849723e-007, 2.90050632401e-008, 4.38331343444e-010, 4.95470088568e-011]
        dmean2: [8.26735856663e-007, 0.000106592917291, 0.000186425924767, 0.000143766839756, 0.000365628337022, 0.000168017868418, 0.000176203844603, 0.000203970208531, 0.000158101072884, 0.000131304492243, 9.17669531191e-005, 0.00017931581533, 0.000123900084873, 0.000130905798869, 0.000161688352819, 0.000210739730392, 0.000263888592599, 0.000253294187132, 0.00028659417876, 0.000248962605838, 0.000106164770841, 4.60377596028e-005, 1.11389817903e-005, 3.41948612004e-006, 1.03917852812e-006, 4.40338183694e-008, 7.161014004e-010, 9.20183790276e-011]
        dvar: [6.60274135714e-013, 1.87869062529e-008, 4.12769232128e-008, 2.54237395581e-008, 2.54708993452e-007, 4.90113691853e-008, 6.21723117433e-008, 8.05547060168e-008, 3.76351643183e-008, 3.5718706215e-008, 1.24495667109e-008, 5.18697156338e-008, 2.63187462934e-008, 2.40353106307e-008, 5.30131067933e-008, 5.59920003695e-008, 6.36547596855e-008, 5.9120942808e-008, 6.76936480204e-008, 4.99245231822e-008, 8.26615043081e-009, 3.1288573954e-009, 3.51164847201e-010, 4.07956723958e-011, 5.52858410094e-012, 4.97545459151e-015, 1.11185244222e-018, 8.06613138207e-021]
        dvar2: [1.87616111882e-012, 5.20678788973e-008, 1.13733307217e-007, 6.74098359355e-008, 6.92487049037e-007, 1.20168735407e-007, 1.67448789057e-007, 2.24458219122e-007, 9.39949345025e-008, 9.06213699636e-008, 3.09663441556e-008, 1.2948191852e-007, 6.62366588244e-008, 5.82017776196e-008, 1.30164309553e-007, 1.44294475035e-007, 1.71024794327e-007, 1.56138199259e-007, 1.85118508966e-007, 1.40842672636e-007, 2.18499600635e-008, 7.53998996572e-009, 7.12352787868e-010, 8.20562159887e-011, 1.0310243978e-011, 9.91942496838e-015, 2.69836717611e-018, 2.62571618725e-020]
        max: [1.04114551505e-005, 0.00121880508959, 0.00308000040241, 0.00430274289101, 0.00717957410961, 0.005123980809, 0.00327621633187, 0.00437369896099, 0.00459938962013, 0.00386685971171, 0.00238141557202, 0.00869231764227, 0.00411724718288, 0.0034816917032, 0.00410385429859, 0.00521505856887, 0.00600760197267, 0.00676268991083, 0.0039353966713, 0.00325023964979, 0.00132838473655, 0.00218408741057, 0.0005971880164, 0.000149884072016, 7.84465009929e-005, 2.52920358434e-006, 2.74166698233e-008, 1.41731415493e-009]
        mean: [5.79055267735e-007, 6.51195150567e-005, 0.000153844172019, 0.000141807438922, 0.00028130057035, 0.000145424928633, 0.000128580752062, 0.000142722725286, 0.00016029975086, 0.000133796595037, 9.32215771172e-005, 0.000190951730474, 0.000136273753014, 0.000141841272125, 0.000184360556887, 0.000256828701822, 0.000350635964423, 0.000338896294124, 0.000431420630775, 0.000314737408189, 0.000165428573382, 6.04316519457e-005, 1.5981213437e-005, 5.16947284268e-006, 1.6570719481e-006, 6.54375114095e-008, 8.04171007562e-010, 3.84622854399e-011]
        median: [1.60166266028e-007, 2.11268925341e-005, 6.17261393927e-005, 5.40591499885e-005, 0.000121236655104, 6.56301344861e-005, 5.53501704417e-005, 5.58953215659e-005, 7.59617978474e-005, 4.64890872536e-005, 4.04696220357e-005, 9.47760272538e-005, 5.90271047258e-005, 6.30924332654e-005, 8.29213895486e-005, 0.000159651070135, 0.000254874408711, 0.000228489589063, 0.000321458792314, 0.000246950192377, 0.000142466058605, 3.86562787753e-005, 7.82425649959e-006, 2.38610982706e-006, 7.99408667262e-007, 3.06470546718e-008, 3.66493946302e-010, 8.59669800624e-012]
        min: [8.5012305426e-024, 5.16362789464e-023, 3.03062531529e-023, 7.6493506951e-023, 4.83977083188e-023, 7.26755590093e-023, 8.62963848085e-023, 1.0684407831e-022, 1.02176274737e-022, 2.79236281619e-023, 5.09585369883e-023, 8.43580273466e-023, 8.00371206244e-023, 8.49415509136e-023, 8.57072445518e-023, 2.04794109633e-022, 1.72028588919e-022, 3.35686189809e-022, 3.47622526208e-022, 2.39735586403e-022, 5.58280573427e-022, 6.26548167024e-022, 5.32764444618e-022, 9.08123244522e-022, 1.25350891461e-021, 1.39716005631e-021, 2.55554865309e-021, 6.79292189697e-022]
        var: [8.5132297262e-013, 1.53748622722e-008, 5.89725992484e-008, 6.79608902487e-008, 2.73781097349e-007, 7.12620220611e-008, 6.11453003785e-008, 7.694134041e-008, 7.25858342321e-008, 7.57884279778e-008, 2.91312218792e-008, 1.0926576266e-007, 5.99958482894e-008, 5.32268984443e-008, 1.27715040321e-007, 1.45278733044e-007, 1.60761487678e-007, 1.7643725414e-007, 2.18886469838e-007, 1.09088929889e-007, 2.70423576865e-008, 8.07856270768e-009, 8.87283024831e-010, 1.03621729253e-010, 1.36849490073e-011, 1.47051323212e-014, 2.2462893967e-018, 5.97252715428e-021]
    mfcc:
        mean: [-744.535583496, 96.063079834, -53.0700874329, 40.8421821594, -13.0920448303, -4.45582866669, -1.90128481388, -2.85280013084, -5.2911567688, -5.71928787231, -5.49202299118, -2.57953810692, -2.53317165375]
        cov: [[16263.7675781, 279.076934814, -1561.1784668, 1634.49291992, -716.885620117, 746.026733398, -189.468948364, 525.776550293, 449.441772461, 335.545837402, 118.369644165, 15.8453960419, -73.3440933228], [279.076934814, 901.434570313, -321.679168701, -38.2040596008, -78.706703186, -148.033432007, 65.0979309082, -86.0282745361, -72.8641586304, -57.5354347229, 22.9787902832, 25.1419048309, 43.6405677795], [-1561.1784668, -321.679168701, 596.220336914, -37.4563293457, 190.201934814, 27.1268825531, 20.3689498901, 11.5823860168, 5.89528560638, 12.6803865433, -26.2942199707, 12.6102113724, -12.1023674011], [1634.49291992, -38.2040596008, -37.4563293457, 415.499816895, 14.3038406372, 125.04045105, -12.7721986771, 80.4903793335, 102.853370667, 68.5243835449, -2.54191279411, -2.67775511742, -10.5472869873], [-716.885620117, -78.706703186, 190.201934814, 14.3038406372, 196.36265564, 27.5676059723, 19.6029243469, 0.457373261452, 11.7046813965, 19.3364086151, -13.4057455063, 4.3662109375, -2.36565804482], [746.026733398, -148.033432007, 27.1268825531, 125.04045105, 27.5676059723, 192.009796143, 33.3034706116, 83.2436065674, 59.3540344238, 43.3027000427, 25.3367080688, 9.95352172852, -6.88558959961], [-189.468948364, 65.0979309082, 20.3689498901, -12.7721986771, 19.6029243469, 33.3034706116, 129.461074829, 42.4090957642, 7.32499217987, 4.03329181671, 13.3800582886, 22.5475616455, 8.29206848145], [525.776550293, -86.0282745361, 11.5823860168, 80.4903793335, 0.457373261452, 83.2436065674, 42.4090957642, 130.371841431, 61.1881713867, 37.0024490356, 11.9422073364, 5.92213249207, -3.05299758911], [449.441772461, -72.8641586304, 5.89528560638, 102.853370667, 11.7046813965, 59.3540344238, 7.32499217987, 61.1881713867, 123.994026184, 63.2401847839, 12.6610002518, -7.35130310059, -1.70401358604], [335.545837402, -57.5354347229, 12.6803865433, 68.5243835449, 19.3364086151, 43.3027000427, 4.03329181671, 37.0024490356, 63.2401847839, 97.3237075806, 29.2913265228, -1.23384594917, -10.1440811157], [118.369644165, 22.9787902832, -26.2942199707, -2.54191279411, -13.4057455063, 25.3367080688, 13.3800582886, 11.9422073364, 12.6610002518, 29.2913265228, 72.5749740601, 28.5572338104, 5.06466579437], [15.8453960419, 25.1419048309, 12.6102113724, -2.67775511742, 4.3662109375, 9.95352172852, 22.5475616455, 5.92213249207, -7.35130310059, -1.23384594917, 28.5572338104, 72.1187667847, 28.34283638], [-73.3440933228, 43.6405677795, -12.1023674011, -10.5472869873, -2.36565804482, -6.88558959961, 8.29206848145, -3.05299758911, -1.70401358604, -10.1440811157, 5.06466579437, 28.34283638, 69.6279907227]]
        icov: [[0.000246157404035, -0.000118877083878, 0.000402657227824, -0.000624994572718, 0.000613775919192, -0.000656365591567, 0.000537710206117, -0.000429137318861, 0.00010507292609, -0.0003723075788, 0.000356883450877, -0.000433050154243, 0.000280856882455], [-0.000118877083878, 0.00211913138628, 0.00089365709573, -0.000361399666872, -0.000695041380823, 0.002025031019, -0.00211607594974, 0.0011219275184, 0.000340966653312, 0.000767951656599, -0.00122492341325, 0.000290779251372, -0.00078403466614], [0.000402657227824, 0.00089365709573, 0.00380469998345, -0.000828462303616, -0.00160461931955, -0.000389502587495, 0.00014083457063, -0.000646999687888, 0.000265676528215, -0.000472643383546, 0.00106905645225, -0.00165249023121, 0.000794216059148], [-0.000624994572718, -0.000361399666872, -0.000828462303616, 0.0055977976881, -0.00169522769284, -0.000743515964132, 0.000312143587507, 0.000260896020336, -0.00213443092071, -0.000389989931136, 0.00143464794382, -6.13148440607e-005, -7.31859036023e-005], [0.000613775919192, -0.000695041380823, -0.00160461931955, -0.00169522769284, 0.00960416067392, -0.00296541163698, 0.000471167819342, 0.000503648421727, 0.000181322771823, -0.002868240932, 0.00285660126247, -0.00139012222644, 0.000490132078994], [-0.000656365591567, 0.002025031019, -0.000389502587495, -0.000743515964132, -0.00296541163698, 0.0120171969756, -0.00376261677593, -0.00190549739636, -0.000482085772092, 0.00181116606109, -0.00462935352698, 0.00141280819662, -0.000675059331115], [0.000537710206117, -0.00211607594974, 0.00014083457063, 0.000312143587507, 0.000471167819342, -0.00376261677593, 0.0126092601568, -0.00531784305349, 0.000244297232712, -0.00074742216384, 0.00129682093393, -0.00331231276505, 0.0010246259626], [-0.000429137318861, 0.0011219275184, -0.000646999687888, 0.000260896020336, 0.000503648421727, -0.00190549739636, -0.00531784305349, 0.0149117810652, -0.00414480268955, -2.2042890123e-005, 9.86327868304e-005, 0.000146116843098, -0.000283643137664], [0.00010507292609, 0.000340966653312, 0.000265676528215, -0.00213443092071, 0.000181322771823, -0.000482085772092, 0.000244297232712, -0.00414480268955, 0.0157823804766, -0.00742281973362, 2.73704645224e-005, 0.00243489211425, -0.0023208425846], [-0.0003723075788, 0.000767951656599, -0.000472643383546, -0.000389989931136, -0.002868240932, 0.00181116606109, -0.00074742216384, -2.2042890123e-005, -0.00742281973362, 0.0197420008481, -0.00857650861144, 0.00243633496575, 0.00148162501864], [0.000356883450877, -0.00122492341325, 0.00106905645225, 0.00143464794382, 0.00285660126247, -0.00462935352698, 0.00129682093393, 9.86327868304e-005, 2.73704645224e-005, -0.00857650861144, 0.0230974331498, -0.00985520891845, 0.00211869878694], [-0.000433050154243, 0.000290779251372, -0.00165249023121, -6.13148440607e-005, -0.00139012222644, 0.00141280819662, -0.00331231276505, 0.000146116843098, 0.00243489211425, 0.00243633496575, -0.00985520891845, 0.0225950665772, -0.00850774534047], [0.000280856882455, -0.00078403466614, 0.000794216059148, -7.31859036023e-005, 0.000490132078994, -0.000675059331115, 0.0010246259626, -0.000283643137664, -0.0023208425846, 0.00148162501864, 0.00211869878694, -0.00850774534047, 0.0185598079115]]
    sccoeffs:
        dmean: [0.0517064593732, 0.04445714131, 0.0358095802367, 0.0283513385803, 0.0191582739353, 0.0158721823245]
        dmean2: [0.0864717364311, 0.074342392385, 0.0594819672406, 0.0472445189953, 0.0319380909204, 0.0253701303154]
        dvar: [0.00191478186753, 0.00126419728622, 0.000813405145891, 0.000501682225149, 0.000224691844778, 0.00019025162328]
        dvar2: [0.00527693564072, 0.00351084768772, 0.00222210679203, 0.00134388078004, 0.000621167127974, 0.00046932787518]
        max: [-0.332625150681, -0.49933603406, -0.493853986263, -0.493808835745, -0.611509263515, -0.591782152653]
        mean: [-0.676857292652, -0.773426294327, -0.789181888103, -0.784955739975, -0.797930955887, -0.741795659065]
        median: [-0.686779260635, -0.779992759228, -0.794241011143, -0.792126655579, -0.799143016338, -0.739610254765]
        min: [-0.966648459435, -0.982488632202, -0.969945311546, -0.957534849644, -0.96050298214, -0.959931015968]
        var: [0.00726229930297, 0.00381916761398, 0.00301613472402, 0.00282907509245, 0.00101470563095, 0.00156670378055]
    scvalleys:
        dmean: [0.377560645342, 0.361518234015, 0.270696610212, 0.216186925769, 0.183189183474, 0.186992838979]
        dmean2: [0.637115061283, 0.606974720955, 0.449068903923, 0.355446010828, 0.297898024321, 0.273641973734]
        dvar: [0.111732594669, 0.130495026708, 0.0624620467424, 0.0487692058086, 0.0483243316412, 0.0546476654708]
        dvar2: [0.26968818903, 0.324473500252, 0.140268430114, 0.0944221094251, 0.0893278047442, 0.0906905010343]
        max: [-5.27899026871, -4.29865646362, -5.10818243027, -5.56674289703, -5.53382444382, -7.40572357178]
        mean: [-7.64695310593, -7.02804040909, -7.30945682526, -7.47366714478, -7.43955421448, -10.4144906998]
        median: [-6.91121482849, -6.56415462494, -6.77677106857, -6.84595346451, -6.63760185242, -9.49205589294]
        min: [-26.8704624176, -27.4574451447, -27.1835021973, -27.2736625671, -27.2521762848, -27.2818069458]
        var: [3.85516858101, 2.42619419098, 2.55968785286, 2.56352829933, 3.08860993385, 3.83708548546]

rhythm:
    beats_loudness:
        dmean: 0.00145327940118
        dmean2: 0.00259661767632
        dvar: 1.9991884983e-006
        dvar2: 5.65242908124e-006
        max: 0.0137560544536
        mean: 0.00401298888028
        median: 0.00380180426873
        min: 2.75346467848e-010
        var: 8.84307337401e-006
    bpm: 118.324432373
    bpm_confidence: 0
    first_peak_bpm: 117
    first_peak_spread: 0.466992646456
    first_peak_weight: 0.43951612711
    onset_rate: 1.78739082813
    second_peak_bpm: 112
    second_peak_spread: 0.259999960661
    second_peak_weight: 0.0745967775583
    beats_loudness_band_ratio:
        dmean: [0.0823696553707, 0.11408495903, 0.0831074640155, 0.105087794363, 0.106168247759, 0.0900328233838]
        dmean2: [0.13933929801, 0.20654129982, 0.147002965212, 0.18415774405, 0.188017725945, 0.157441809773]
        dvar: [0.00632275221869, 0.0111391749233, 0.00776649825275, 0.0121435532346, 0.0088061010465, 0.00759507389739]
        dvar2: [0.0173654574901, 0.0334792584181, 0.0215129461139, 0.0354824252427, 0.0257063675672, 0.0219929497689]
        max: [0.873927354813, 0.788435399532, 0.66710549593, 0.783544719219, 0.698936641216, 0.72131305933]
        mean: [0.143657982349, 0.147584199905, 0.130296707153, 0.162775874138, 0.265755861998, 0.200281322002]
        median: [0.115403115749, 0.115614883602, 0.0942019745708, 0.124255992472, 0.252483874559, 0.196840927005]
        min: [0.001199632301, 0.00672539696097, 0.0141999050975, 0.00769565813243, 0.0125379413366, 0.00547704147175]
        var: [0.0142353642732, 0.0161087568849, 0.0113926362246, 0.0194895360619, 0.016155667603, 0.0128536103293]
    beats_position: [0.49922901392, 1.01006805897, 1.52090704441, 2.03174591064, 2.54258489609, 3.13469386101, 3.72680258751, 4.31891155243, 4.91102027893, 5.50312900543, 6.07201814651, 6.64090681076, 7.20979595184, 7.77868461609, 8.33596324921, 8.90485286713, 9.52018165588, 10.1355104446, 10.7624483109, 11.3893871307, 12.0163259506, 12.6432647705, 13.2585935593, 13.8855323792, 14.512471199, 15.15102005, 15.7895689011, 16.3468475342, 16.9157371521, 17.4730148315, 18.0302944183, 18.575963974, 19.1216316223, 19.7021312714, 20.2942390442, 20.9095687866, 21.5365066528, 22.1634464264, 22.7671642303, 23.3708839417, 23.974603653, 24.589931488, 25.2052612305, 25.7625389099, 26.3082084656, 26.8422679901, 27.3879356384, 27.921995163, 28.4328346252, 28.9436721802, 29.4545116425, 29.9653511047, 30.476190567, 30.9754180908, 31.474647522, 31.9854869843, 32.4963264465, 33.0071640015, 33.5180053711, 34.0172348022, 34.5280723572, 35.0273017883, 35.5265312195, 36.0373687744, 36.5482063293, 37.059047699, 37.5582771301, 38.0575065613, 38.5683441162, 39.0791816711, 39.5900230408, 40.0892524719, 40.6000900269, 41.1109275818, 41.6101570129, 42.1093864441, 42.6086158752, 43.1194534302, 43.6302947998, 44.1411323547, 44.6403617859, 45.1511993408, 45.650428772, 46.1612701416, 46.6604995728, 47.1713371277, 47.6705665588, 48.1814041138, 48.6806335449, 49.1914749146, 49.690700531, 50.2015419006, 50.7123794556, 51.2232208252, 51.7224464417, 52.2216758728, 52.7325172424, 53.2433547974, 53.7425842285, 54.2418136597, 54.7526512146, 55.2634925842, 55.7627182007, 56.2619476318, 56.7727890015, 57.2720184326, 57.7828559875, 58.2820854187, 58.7929229736, 59.3037643433, 59.8146018982, 60.3138313293, 60.8246688843, 61.3238983154, 61.8347396851, 62.34557724, 62.8564147949, 63.3556442261, 63.8548736572, 64.3657150269, 64.8765487671, 65.3757781982, 65.8750076294, 66.385848999, 66.8966903687, 67.4075241089, 67.90675354, 68.4175949097, 68.9168243408, 69.416053772, 69.9152832031, 70.4261245728, 70.936958313, 71.4477996826, 71.9470291138, 72.4462585449, 72.9570999146, 73.4679336548, 73.9671630859, 74.4780044556, 74.9772338867, 75.488067627, 75.9989089966, 76.5097503662, 77.0205917358, 77.5314254761, 78.0306549072, 78.5414962769, 79.040725708, 79.5399551392, 80.0391845703, 80.5500183105, 81.0608596802, 81.5484771729, 82.047706604, 82.5469360352, 83.0577774048, 83.5686187744, 84.0794525146, 84.5786819458, 85.077911377, 85.5887527466, 86.0879821777, 86.5872116089, 87.0980453491, 87.6088867188, 88.1197280884, 88.6305618286, 89.1414031982, 89.6406326294, 90.1398620605, 90.6507034302, 91.1615371704, 91.67237854, 92.1832199097, 92.6824493408, 93.181678772, 93.6925125122, 94.2033538818, 94.702583313, 95.2018127441, 95.7126541138, 96.2118835449, 96.7111129761, 97.2219467163, 97.7327880859, 98.2320175171, 98.7428588867, 99.253692627, 99.7529220581, 100.263763428, 100.774604797, 101.273826599, 101.77305603, 102.2838974, 102.79473877, 103.293968201, 103.793197632, 104.304031372, 104.803260803, 105.314102173, 105.824943542, 106.324172974, 106.835006714, 107.334236145, 107.845077515, 108.344306946, 108.855148315, 109.365982056, 109.865211487, 110.364440918, 110.875282288, 111.386123657, 111.885353088, 112.38457489, 112.89541626, 113.406257629, 113.917098999, 114.404716492, 114.903945923, 115.403175354, 115.925621033, 116.436462402, 116.947296143, 117.458137512, 117.968978882, 118.468208313, 118.979042053, 119.489883423, 119.989112854, 120.488342285, 120.999183655, 121.498413086, 121.997642517, 122.508476257, 123.007705688, 123.50693512, 124.017776489, 124.51700592, 125.02784729, 125.53868103, 126.0495224, 126.548751831, 127.059593201, 127.570426941, 128.081268311, 128.592102051, 129.091339111, 129.590560913, 130.101409912, 130.600631714, 131.099868774, 131.599090576, 132.121536255, 132.620773315, 133.119995117, 133.630844116, 134.141677856, 134.652511597, 135.163360596, 135.662582397, 136.161804199, 136.672653198, 137.183486938, 137.682723999, 138.181945801, 138.681182861, 139.192016602, 139.691238403, 140.190475464, 140.689697266, 141.200546265, 141.711380005, 142.222213745, 142.733062744, 143.243896484, 143.754730225, 144.265579224, 144.776412964, 145.275650024, 145.774871826, 146.274108887, 146.773330688, 147.27255249, 147.783401489, 148.294235229, 148.79347229, 149.30430603, 149.815139771, 150.314376831, 150.813598633, 151.324447632, 151.835281372, 152.346115112, 152.856964111, 153.356185913, 153.855422974, 154.343032837, 154.853881836, 155.353103638, 155.852325439, 156.363174438, 156.874008179, 157.396453857, 157.895690918, 158.39491272, 158.905761719, 159.404983521, 159.915817261, 160.42666626, 160.9375, 161.448348999, 161.959182739, 162.470016479, 162.96925354, 163.48008728, 163.979324341, 164.478546143, 164.977767944, 165.488616943, 165.999450684, 166.510284424, 167.021133423, 167.520355225, 168.019592285, 168.518814087, 169.018051147, 169.528884888, 170.039718628, 170.550567627, 171.061401367, 171.572235107, 172.083084106, 172.593917847, 173.104751587, 173.603988647, 174.103210449, 174.60244751, 175.101669312, 175.612518311, 176.111740112, 176.610977173, 177.121810913, 177.632644653, 178.143493652, 178.654327393, 179.153549194, 179.652786255, 180.152008057, 180.651245117, 181.162078857, 181.661315918, 182.172149658, 182.671386719, 183.182220459, 183.693054199, 184.19229126, 184.703125, 185.21395874, 185.713195801, 186.224029541, 186.73487854, 187.234100342, 187.744934082, 188.244171143, 188.755004883, 189.254241943, 189.765075684, 190.264297485, 190.775146484, 191.274368286, 191.785217285, 192.284439087, 192.783676147, 193.282897949, 193.793731689, 194.304580688, 194.815414429, 195.314651489, 195.825485229, 196.324707031, 196.858764648, 197.369613647, 197.880447388, 198.379684448, 198.87890625, 199.378143311, 199.888977051, 200.388198853, 200.887435913, 201.386657715, 201.897506714, 202.408340454, 202.895965576, 203.395187378, 203.906021118, 204.405258179, 204.916091919, 205.426940918, 205.937774658, 206.43699646, 206.947845459, 207.447067261, 207.95791626, 208.46875, 208.97958374, 209.490432739, 209.978042603, 210.488891602, 210.988113403, 211.487350464, 211.998184204, 212.509017944, 213.019866943, 213.530700684, 214.041534424, 214.540771484, 215.039993286, 215.539230347, 216.050064087, 216.549285889, 217.060134888, 217.570968628, 218.093414307, 218.615875244, 219.126708984, 219.637542725, 220.159988403, 220.682449341, 221.216506958, 221.750564575, 222.284622192, 222.81867981, 223.341125488, 223.863571167, 224.374420166, 224.885253906, 225.407699585, 225.930160522, 226.46421814, 226.998275757, 227.532333374, 228.066390991, 228.600448608, 229.122894287, 229.656951904, 230.191009521, 230.713470459, 231.235916138, 231.758361816, 232.269195557, 232.780044556, 233.290878296, 233.824935913, 234.35899353, 234.893051147, 235.427108765, 235.961181641, 236.483627319, 237.006072998, 237.528518677, 238.050964355, 238.573425293, 239.095870972, 239.61831665, 240.140762329, 240.651611328, 241.174057007, 241.708114624, 242.242172241, 242.76461792, 243.287063599, 243.809524536, 244.331970215, 244.866027832, 245.388473511, 245.922531128, 246.456588745, 246.990646362, 247.524719238, 248.058776855, 248.581222534, 249.103668213, 249.63772583, 250.171783447, 250.705841064, 251.25151062, 251.797180176, 252.342849731, 252.888519287, 253.422576904, 253.956634521, 254.490692139, 255.024749756, 255.558822632, 256.09286499, 256.626922607]
