
metadata:
    version:
        essentia: "2.1-beta2"
    audio_properties:
        analysis_sample_rate: 44100
        bitrate: 219
        channels: 2
        equal_loudness: 1
        length: 225.515106201
        replay_gain: -15.6551179886
        downmix: "mix"
    tags:
        album: "Innocence & Instinct"
        artist: "Red"
        comment: "."
        date: "2009"
        genre: "Hard Rock"
        title: "Mystery Of You"
        tracknumber: "3"

configuration:
    average_loudness:
        compute: 1
        frameSize: 88200
        hopSize: 44100
        silentFrames: "noise"
        windowType: "hann"
    general:
        analysisSampleRate: 44100
        endTime: 2000
        equalLoudness: 1
        nequalLoudness: 0
        shortSound: 0
        startTime: 0
    lowlevel:
        compute: 1
        frameSize: 2048
        hopSize: 1024
        zeroPadding: 0
        silentFrames: "noise"
        windowType: "blackmanharris62"
        mfccStats: ["mean", "cov", "icov"]
        stats: ["mean", "var", "median", "min", "max", "dmean", "dmean2", "dvar", "dvar2"]
    panning:
        compute: 0
        frameSize: 8192
        hopSize: 2048
        zeroPadding: 8192
        silentFrames: "noise"
        windowType: "hann"
        stats: ["copy"]
    rhythm:
        compute: 1
        maxTempo: 208
        minTempo: 40
        method: "degara"
        stats: ["mean", "var", "median", "min", "max", "dmean", "dmean2", "dvar", "dvar2"]
    segmentation:
        compute: 0
        cpw: 5
        inc1: 300
        inc2: 50
        minimumSegmentsLength: 10
        size1: 1000
        size2: 600
    sfx:
        compute: 1
        stats: ["mean", "var", "median", "min", "max", "dmean", "dmean2", "dvar", "dvar2"]
    svm:
        compute: 0
    tonal:
        compute: 1
        frameSize: 4096
        hopSize: 2048
        zeroPadding: 0
        silentFrames: "noise"
        windowType: "blackmanharris62"
        stats: ["mean", "var", "median", "min", "max", "dmean", "dmean2", "dvar", "dvar2"]

lowlevel:
    average_loudness: 0.898330926895
    barkbands_kurtosis:
        dmean: 0.451442033052
        dmean2: 0.726187884808
        dvar: 0.479446053505
        dvar2: 1.06578636169
        max: 31.0768184662
        mean: -0.735910832882
        median: -1.06990790367
        min: -1.83590972424
        var: 1.49228525162
    barkbands_skewness:
        dmean: 0.292734265327
        dmean2: 0.466905921698
        dvar: 0.0716905742884
        dvar2: 0.172951683402
        max: 5.20889139175
        mean: -0.151061221957
        median: -0.208734035492
        min: -2.9967238903
        var: 0.424309074879
    barkbands_spread:
        dmean: 4.16020488739
        dmean2: 6.65599107742
        dvar: 15.5719022751
        dvar2: 39.3093643188
        max: 60.0325317383
        mean: 29.0122013092
        median: 28.8600730896
        min: 3.38977432251
        var: 80.2484283447
    dissonance:
        dmean: 0.0130793182179
        dmean2: 0.0223256163299
        dvar: 0.000193519183085
        dvar2: 0.000553451129235
        max: 0.500000178814
        mean: 0.4754165411
        median: 0.481077283621
        min: 0.292436361313
        var: 0.000447934085969
    hfc:
        dmean: 1.81215453148
        dmean2: 3.07375240326
        dvar: 5.54955291748
        dvar2: 15.0464019775
        max: 32.3236618042
        mean: 8.58263683319
        median: 8.79355049133
        min: 1.109367389e-016
        var: 30.962184906
    pitch:
        dmean: 504.358398438
        dmean2: 966.548583984
        dvar: 996493.8125
        dvar2: 2664745.75
        max: 5601.72705078
        mean: 876.082885742
        median: 332.390869141
        min: 70.2781600952
        var: 1434081.875
    pitch_instantaneous_confidence:
        dmean: 0.0769040212035
        dmean2: 0.125393554568
        dvar: 0.00454590655863
        dvar2: 0.0110431900248
        max: 0.943958282471
        mean: 0.415314942598
        median: 0.382978498936
        min: 0.135913908482
        var: 0.0238326508552
    pitch_salience:
        dmean: 0.0521088764071
        dmean2: 0.0859023928642
        dvar: 0.00198808917776
        dvar2: 0.00537485443056
        max: 0.981500685215
        mean: 0.636362373829
        median: 0.643239021301
        min: 0.259691059589
        var: 0.00648355064914
    silence_rate_20dB:
        dmean: 0
        dmean2: 0
        dvar: 0
        dvar2: 0
        max: 1
        mean: 1
        median: 1
        min: 1
        var: 0
    silence_rate_30dB:
        dmean: 0
        dmean2: 0
        dvar: 0
        dvar2: 0
        max: 1
        mean: 1
        median: 1
        min: 1
        var: 0
    silence_rate_60dB:
        dmean: 0.0380932763219
        dmean2: 0.0761943981051
        dvar: 0.0366493575275
        dvar2: 0.085621252656
        max: 1
        mean: 0.337965816259
        median: 0
        min: 0
        var: 0.223744675517
    spectral_centroid:
        dmean: 202.248809814
        dmean2: 324.667510986
        dvar: 49291.8085938
        dvar2: 102362.570313
        max: 11335.7724609
        mean: 1806.60778809
        median: 1833.60632324
        min: 172.519668579
        var: 228638.203125
    spectral_complexity:
        dmean: 3.17656755447
        dmean2: 5.34616947174
        dvar: 11.355837822
        dvar2: 30.4375896454
        max: 41
        mean: 16.5436477661
        median: 18
        min: 0
        var: 93.0956115723
    spectral_crest:
        dmean: 1.72044789791
        dmean2: 2.82747077942
        dvar: 2.63848543167
        dvar2: 6.80075073242
        max: 20.9811611176
        mean: 6.70709228516
        median: 5.86686372757
        min: 2.26943135262
        var: 8.38933086395
    spectral_decrease:
        dmean: 2.12723560988e-010
        dmean2: 3.54375778722e-010
        dvar: 9.21810979358e-020
        dvar2: 2.49452702231e-019
        max: -8.37304343972e-031
        mean: -1.04281383528e-009
        median: -1.01918340434e-009
        min: -4.17181267309e-009
        var: 4.35795194339e-019
    spectral_energy:
        dmean: 0.000942337908782
        dmean2: 0.00157696055248
        dvar: 1.72003183252e-006
        dvar2: 4.65558650831e-006
        max: 0.0181413944811
        mean: 0.00471428828314
        median: 0.00465213879943
        min: 1.03610551343e-020
        var: 8.7732259999e-006
    spectral_energyband_high:
        dmean: 0.000124567581224
        dmean2: 0.000219271867536
        dvar: 4.13857925707e-008
        dvar2: 1.17614106898e-007
        max: 0.00248858658597
        mean: 0.00033839372918
        median: 0.000325841392623
        min: 7.56880438685e-021
        var: 7.38320480309e-008
    spectral_energyband_low:
        dmean: 0.000134052868816
        dmean2: 0.000232142177993
        dvar: 5.0126455875e-008
        dvar2: 1.40531298598e-007
        max: 0.00268332683481
        mean: 0.000223428738536
        median: 0.000144265504787
        min: 4.23127098195e-023
        var: 7.01043774143e-008
    spectral_energyband_middle_high:
        dmean: 0.000582371430937
        dmean2: 0.000945224775933
        dvar: 4.44615238848e-007
        dvar2: 1.08969675239e-006
        max: 0.0116448439658
        mean: 0.00272436370142
        median: 0.00254015717655
        min: 1.46434677163e-021
        var: 3.56931218448e-006
    spectral_energyband_middle_low:
        dmean: 0.000516040890943
        dmean2: 0.000834743725136
        dvar: 8.51374750255e-007
        dvar2: 2.29048805522e-006
        max: 0.0117980558425
        mean: 0.00153567513917
        median: 0.00125610793475
        min: 3.14901408896e-022
        var: 1.80364793323e-006
    spectral_flatness_db:
        dmean: 0.0127979144454
        dmean2: 0.0200440157205
        dvar: 0.000166900572367
        dvar2: 0.000373819406377
        max: 0.319767087698
        mean: 0.145283356309
        median: 0.136365309358
        min: 0.0592961683869
        var: 0.00110941519961
    spectral_flux:
        dmean: 0.00605066027492
        dmean2: 0.00952388066798
        dvar: 4.43991302745e-005
        dvar2: 9.26108696149e-005
        max: 0.0993221104145
        mean: 0.0368337929249
        median: 0.0376476719975
        min: 1.02323809148e-010
        var: 0.000269721669611
    spectral_kurtosis:
        dmean: 1.07425379753
        dmean2: 1.84661471844
        dvar: 2.21470379829
        dvar2: 6.52910137177
        max: 29.0123023987
        mean: 3.82664108276
        median: 3.29306387901
        min: -1.2256475687
        var: 5.22925758362
    spectral_rms:
        dmean: 0.000203578485525
        dmean2: 0.000334704003762
        dvar: 5.55280834647e-008
        dvar2: 1.44214226339e-007
        max: 0.00420700851828
        mean: 0.00199977797456
        median: 0.00213041575626
        min: 3.17936258917e-012
        var: 6.00182488597e-007
    spectral_rolloff:
        dmean: 262.280944824
        dmean2: 443.520385742
        dvar: 131067.664063
        dvar2: 257373.96875
        max: 19164.5507813
        mean: 3267.70117188
        median: 3359.1796875
        min: 150.732421875
        var: 529066.4375
    spectral_skewness:
        dmean: 0.141525924206
        dmean2: 0.235527530313
        dvar: 0.0227186083794
        dvar2: 0.0626860186458
        max: 3.8699400425
        mean: 1.35383021832
        median: 1.28566539288
        min: -0.0358077436686
        var: 0.123421043158
    spectral_spread:
        dmean: 346405.21875
        dmean2: 538100.4375
        dvar: 447798444032
        dvar2: 745157033984
        max: 41335672
        mean: 4152289.75
        median: 4091161.5
        min: 1819372.125
        var: 1.11477011251e+012
    spectral_strongpeak:
        dmean: 0.448504149914
        dmean2: 0.765557348728
        dvar: 0.363524198532
        dvar2: 0.931741893291
        max: 7.68368053436
        mean: 0.890668809414
        median: 0.673423290253
        min: 1.2640728464e-009
        var: 0.725598633289
    zerocrossingrate:
        dmean: 0.00623374246061
        dmean2: 0.00786403287202
        dvar: 4.84808588226e-005
        dvar2: 5.82576103625e-005
        max: 0.51025390625
        mean: 0.100287511945
        median: 0.1025390625
        min: 0.009765625
        var: 0.000490297039505
    barkbands:
        dmean: [4.77164860513e-007, 4.80105409224e-005, 6.9365996751e-005, 8.49253337947e-005, 0.000240043373196, 0.000124368831166, 6.36180920992e-005, 0.000103431237221, 0.000172550484422, 9.44788262132e-005, 6.26409746474e-005, 8.4185085143e-005, 9.69308821368e-005, 9.20270540519e-005, 9.65843646554e-005, 0.000129856183776, 0.000156983354827, 0.000160036754096, 0.000200447626412, 0.000136007569381, 5.15433384862e-005, 2.16564621951e-005, 4.5023716666e-006, 1.5398263713e-006, 5.84922361213e-007, 2.17755271592e-008, 3.43963246774e-010]
        dmean2: [8.22491131203e-007, 8.61723747221e-005, 0.000122214303701, 0.000141026743222, 0.000405628787121, 0.000202250928851, 0.000105377206637, 0.000167693462572, 0.000257283070823, 0.000142489283462, 9.88011597656e-005, 0.000135525726364, 0.000153559303726, 0.000148102990352, 0.000150040286826, 0.000213119332329, 0.00026139075635, 0.000269036449026, 0.000339614023687, 0.000237547094002, 8.88295835466e-005, 3.72886352125e-005, 7.14514362699e-006, 2.37061613007e-006, 8.7312719188e-007, 3.25737161688e-008, 5.67939750784e-010]
        dvar: [7.34024061151e-013, 1.42729570385e-008, 1.39955345091e-008, 1.45417802244e-008, 3.35588936196e-007, 5.8548096149e-008, 2.29981296229e-008, 4.31304947313e-008, 9.3742819729e-008, 5.52542083199e-008, 1.30264918852e-008, 2.97201321331e-008, 3.48392035221e-008, 3.36682042246e-008, 4.09904501453e-008, 5.11079605303e-008, 4.59228530758e-008, 4.12885086121e-008, 5.66969156068e-008, 3.86599232627e-008, 4.93850604855e-009, 1.31019584071e-009, 8.41955949404e-011, 1.66268439988e-011, 5.45786115955e-012, 6.610184134e-015, 6.48086083768e-019]
        dvar2: [2.12090609832e-012, 3.98256503331e-008, 4.04910913687e-008, 4.00721589244e-008, 9.24469418351e-007, 1.48722875792e-007, 6.10926988998e-008, 1.12797266638e-007, 1.99991163186e-007, 1.18898988433e-007, 3.17827506535e-008, 7.04509091065e-008, 8.56250181869e-008, 8.03628807944e-008, 8.84786004463e-008, 1.17080631412e-007, 1.20762337019e-007, 1.1434173075e-007, 1.58757913482e-007, 1.07908036284e-007, 1.41245468654e-008, 3.57673357598e-009, 1.78447465138e-010, 3.53172421863e-011, 9.96457256985e-012, 1.13293883891e-014, 1.24308402601e-018]
        max: [6.11465202383e-006, 0.00110267661512, 0.00164317991585, 0.00181741546839, 0.00763889355585, 0.00597222801298, 0.00240357313305, 0.00342537276447, 0.00892593991011, 0.0063755447045, 0.00268012215383, 0.00466843508184, 0.003355902154, 0.00405460176989, 0.00436494592577, 0.00719096884131, 0.00390549167059, 0.00364732719027, 0.00403113896027, 0.00234872661531, 0.00105011777487, 0.000489131896757, 0.000348589557689, 0.000117255185614, 9.03859763639e-005, 3.39704070029e-006, 3.18244062214e-008]
        mean: [4.65500903601e-007, 4.67088320875e-005, 9.48378947214e-005, 0.000169012331753, 0.000397612573579, 0.000203070463613, 9.79605683824e-005, 0.000184813674423, 0.000444803066785, 0.000221777896513, 0.000123325633467, 0.000160845243954, 0.000187203506357, 0.000171181076439, 0.000190041828318, 0.000273347861366, 0.000361830549082, 0.000363447878044, 0.000519233988598, 0.000297991064144, 0.000138005445478, 5.03936498717e-005, 1.13405258162e-005, 3.65054279428e-006, 1.34953370434e-006, 4.12628473612e-008, 4.96365226699e-010]
        median: [8.37335463189e-008, 1.683334267e-005, 5.1171904488e-005, 0.000107697022031, 0.0002420230594, 0.000112737965537, 4.42551499873e-005, 7.69213656895e-005, 0.000140918447869, 5.70207339479e-005, 5.37387822988e-005, 7.98324035713e-005, 6.70330700814e-005, 6.96727365721e-005, 9.06093555386e-005, 0.000179515307536, 0.000295087898849, 0.000312249758281, 0.000487771641929, 0.000253462261753, 0.000135965805384, 4.03008962166e-005, 7.63041862228e-006, 2.19273579205e-006, 6.84968540554e-007, 1.94406091225e-008, 2.39223751919e-010]
        min: [2.55919533302e-024, 1.26190174147e-023, 1.95411574732e-023, 2.09811820349e-023, 5.24198166183e-023, 2.19991044811e-023, 7.576015661e-023, 5.22668312452e-023, 5.91843903884e-023, 5.66339841492e-023, 4.98627366158e-023, 5.58211481833e-023, 9.97863922261e-023, 5.07523445249e-023, 1.08649408579e-022, 1.52838796404e-022, 1.78716867218e-022, 5.74425602661e-023, 3.21886273652e-022, 2.92501192311e-022, 3.39804876772e-022, 4.07211715836e-022, 7.55820785181e-022, 7.54373875442e-022, 1.00788019646e-021, 1.65456842416e-021, 2.20690777687e-021]
        var: [7.81709495312e-013, 1.02952810721e-008, 1.68293379232e-008, 3.71887267647e-008, 3.41013532079e-007, 8.6417053069e-008, 2.75627023427e-008, 9.26932486323e-008, 5.89302601384e-007, 3.2678482853e-007, 3.94799499759e-008, 7.11676690912e-008, 9.98693536758e-008, 7.62756044992e-008, 1.14032559395e-007, 1.67067724988e-007, 1.23499859228e-007, 9.93349402734e-008, 1.70805918742e-007, 6.88897756618e-008, 1.18939391669e-008, 2.56954990618e-009, 2.26255347791e-010, 4.1538557316e-011, 1.47656661204e-011, 1.80094756111e-014, 1.68725768108e-018]
    frequency_bands:
        dmean: [4.77164860513e-007, 4.80105409224e-005, 6.9365996751e-005, 8.49253337947e-005, 0.000240043373196, 0.000124368831166, 6.36180920992e-005, 0.000103431237221, 0.000172550484422, 9.44788262132e-005, 6.26409746474e-005, 8.4185085143e-005, 9.69308821368e-005, 9.20270540519e-005, 9.65843646554e-005, 0.000129856183776, 0.000156983354827, 0.000160036754096, 0.000200447626412, 0.000136007569381, 5.15433384862e-005, 2.16564621951e-005, 4.5023716666e-006, 1.5398263713e-006, 5.84922361213e-007, 2.17755271592e-008, 3.43963246774e-010, 5.44839277861e-011]
        dmean2: [8.22491131203e-007, 8.61723747221e-005, 0.000122214303701, 0.000141026743222, 0.000405628787121, 0.000202250928851, 0.000105377206637, 0.000167693462572, 0.000257283070823, 0.000142489283462, 9.88011597656e-005, 0.000135525726364, 0.000153559303726, 0.000148102990352, 0.000150040286826, 0.000213119332329, 0.00026139075635, 0.000269036449026, 0.000339614023687, 0.000237547094002, 8.88295835466e-005, 3.72886352125e-005, 7.14514362699e-006, 2.37061613007e-006, 8.7312719188e-007, 3.25737161688e-008, 5.67939750784e-010, 1.00727752528e-010]
        dvar: [7.34024061151e-013, 1.42729570385e-008, 1.39955345091e-008, 1.45417802244e-008, 3.35588936196e-007, 5.8548096149e-008, 2.29981296229e-008, 4.31304947313e-008, 9.3742819729e-008, 5.52542083199e-008, 1.30264918852e-008, 2.97201321331e-008, 3.48392035221e-008, 3.36682042246e-008, 4.09904501453e-008, 5.11079605303e-008, 4.59228530758e-008, 4.12885086121e-008, 5.66969156068e-008, 3.86599232627e-008, 4.93850604855e-009, 1.31019584071e-009, 8.41955949404e-011, 1.66268439988e-011, 5.45786115955e-012, 6.610184134e-015, 6.48086083768e-019, 7.19461501959e-021]
        dvar2: [2.12090609832e-012, 3.98256503331e-008, 4.04910913687e-008, 4.00721589244e-008, 9.24469418351e-007, 1.48722875792e-007, 6.10926988998e-008, 1.12797266638e-007, 1.99991163186e-007, 1.18898988433e-007, 3.17827506535e-008, 7.04509091065e-008, 8.56250181869e-008, 8.03628807944e-008, 8.84786004463e-008, 1.17080631412e-007, 1.20762337019e-007, 1.1434173075e-007, 1.58757913482e-007, 1.07908036284e-007, 1.41245468654e-008, 3.57673357598e-009, 1.78447465138e-010, 3.53172421863e-011, 9.96457256985e-012, 1.13293883891e-014, 1.24308402601e-018, 2.31419576804e-020]
        max: [6.11465202383e-006, 0.00110267661512, 0.00164317991585, 0.00181741546839, 0.00763889355585, 0.00597222801298, 0.00240357313305, 0.00342537276447, 0.00892593991011, 0.0063755447045, 0.00268012215383, 0.00466843508184, 0.003355902154, 0.00405460176989, 0.00436494592577, 0.00719096884131, 0.00390549167059, 0.00364732719027, 0.00403113896027, 0.00234872661531, 0.00105011777487, 0.000489131896757, 0.000348589557689, 0.000117255185614, 9.03859763639e-005, 3.39704070029e-006, 3.18244062214e-008, 1.18023557594e-009]
        mean: [4.65500903601e-007, 4.67088320875e-005, 9.48378947214e-005, 0.000169012331753, 0.000397612573579, 0.000203070463613, 9.79605683824e-005, 0.000184813674423, 0.000444803066785, 0.000221777896513, 0.000123325633467, 0.000160845243954, 0.000187203506357, 0.000171181076439, 0.000190041828318, 0.000273347861366, 0.000361830549082, 0.000363447878044, 0.000519233988598, 0.000297991064144, 0.000138005445478, 5.03936498717e-005, 1.13405258162e-005, 3.65054279428e-006, 1.34953370434e-006, 4.12628473612e-008, 4.96365226699e-010, 4.25895881062e-011]
        median: [8.37335463189e-008, 1.683334267e-005, 5.1171904488e-005, 0.000107697022031, 0.0002420230594, 0.000112737965537, 4.42551499873e-005, 7.69213656895e-005, 0.000140918447869, 5.70207339479e-005, 5.37387822988e-005, 7.98324035713e-005, 6.70330700814e-005, 6.96727365721e-005, 9.06093555386e-005, 0.000179515307536, 0.000295087898849, 0.000312249758281, 0.000487771641929, 0.000253462261753, 0.000135965805384, 4.03008962166e-005, 7.63041862228e-006, 2.19273579205e-006, 6.84968540554e-007, 1.94406091225e-008, 2.39223751919e-010, 1.322980267e-011]
        min: [2.55919533302e-024, 1.26190174147e-023, 1.95411574732e-023, 2.09811820349e-023, 5.24198166183e-023, 2.19991044811e-023, 7.576015661e-023, 5.22668312452e-023, 5.91843903884e-023, 5.66339841492e-023, 4.98627366158e-023, 5.58211481833e-023, 9.97863922261e-023, 5.07523445249e-023, 1.08649408579e-022, 1.52838796404e-022, 1.78716867218e-022, 5.74425602661e-023, 3.21886273652e-022, 2.92501192311e-022, 3.39804876772e-022, 4.07211715836e-022, 7.55820785181e-022, 7.54373875442e-022, 1.00788019646e-021, 1.65456842416e-021, 2.20690777687e-021, 6.27813676621e-022]
        var: [7.81709495312e-013, 1.02952810721e-008, 1.68293379232e-008, 3.71887267647e-008, 3.41013532079e-007, 8.6417053069e-008, 2.75627023427e-008, 9.26932486323e-008, 5.89302601384e-007, 3.2678482853e-007, 3.94799499759e-008, 7.11676690912e-008, 9.98693536758e-008, 7.62756044992e-008, 1.14032559395e-007, 1.67067724988e-007, 1.23499859228e-007, 9.93349402734e-008, 1.70805918742e-007, 6.88897756618e-008, 1.18939391669e-008, 2.56954990618e-009, 2.26255347791e-010, 4.1538557316e-011, 1.47656661204e-011, 1.80094756111e-014, 1.68725768108e-018, 5.63162978719e-021]
    mfcc:
        mean: [-708.149291992, 101.149932861, -61.4619369507, 45.6076850891, -19.2938919067, -5.77356863022, -5.29666805267, -1.43792307377, -6.24885416031, -5.26576471329, -6.12906932831, -8.70614433289, -7.75884056091]
        cov: [[4969.76904297, -295.300720215, -71.6738739014, 428.388580322, -68.6766204834, 260.461212158, -58.6672439575, 265.572906494, 152.292770386, 104.651657104, -30.0636425018, 17.097743988, -168.138900757], [-295.300720215, 509.287597656, -34.2145195007, -53.7206726074, -29.3573055267, -59.5818862915, 57.7503738403, -0.111880399287, -20.0727615356, -15.9757041931, 22.4725551605, 28.4304828644, 43.4280395508], [-71.6738739014, -34.2145195007, 303.766387939, 53.2473220825, 98.8479614258, 30.671705246, 47.0495796204, 25.3084392548, 19.7456493378, 16.1441001892, 20.3231544495, 29.6400966644, 2.56413936615], [428.388580322, -53.7206726074, 53.2473220825, 311.530914307, 99.5741729736, 80.8529663086, 9.68598175049, 18.6707706451, 73.3244400024, 9.15284442902, -2.23274087906, 3.73004889488, -10.5788974762], [-68.6766204834, -29.3573055267, 98.8479614258, 99.5741729736, 183.976119995, 51.3164825439, 12.236448288, 8.5289812088, 34.7411651611, 31.9889011383, 6.06178760529, -1.39314651489, 4.00039958954], [260.461212158, -59.5818862915, 30.671705246, 80.8529663086, 51.3164825439, 122.529884338, 44.0338439941, 44.1631965637, 30.2670993805, 20.7408008575, 20.7309188843, 8.46670722961, -14.7255430222], [-58.6672439575, 57.7503738403, 47.0495796204, 9.68598175049, 12.236448288, 44.0338439941, 125.618743896, 57.7185592651, 21.0507202148, 5.76517152786, 21.8810634613, 25.9653339386, 9.51383495331], [265.572906494, -0.111880399287, 25.3084392548, 18.6707706451, 8.5289812088, 44.1631965637, 57.7185592651, 116.00050354, 51.3185005188, 32.5874900818, 13.659201622, 13.9925088882, -11.9182729721], [152.292770386, -20.0727615356, 19.7456493378, 73.3244400024, 34.7411651611, 30.2670993805, 21.0507202148, 51.3185005188, 99.4123458862, 42.7402153015, 9.81872749329, 0.763197779655, -6.08221006393], [104.651657104, -15.9757041931, 16.1441001892, 9.15284442902, 31.9889011383, 20.7408008575, 5.76517152786, 32.5874900818, 42.7402153015, 86.3148651123, 32.8031311035, 3.15433716774, -17.3103199005], [-30.0636425018, 22.4725551605, 20.3231544495, -2.23274087906, 6.06178760529, 20.7309188843, 21.8810634613, 13.659201622, 9.81872749329, 32.8031311035, 70.7230987549, 26.1978340149, -4.4568400383], [17.097743988, 28.4304828644, 29.6400966644, 3.73004889488, -1.39314651489, 8.46670722961, 25.9653339386, 13.9925088882, 0.763197779655, 3.15433716774, 26.1978340149, 75.1168060303, 30.9498844147], [-168.138900757, 43.4280395508, 2.56413936615, -10.5788974762, 4.00039958954, -14.7255430222, 9.51383495331, -11.9182729721, -6.08221006393, -17.3103199005, -4.4568400383, 30.9498844147, 78.385093689]]
        icov: [[0.000361357087968, -3.62327182302e-006, 3.04156874336e-005, -0.000513635633979, 0.000544517592061, -0.000603001913987, 0.000690361193847, -0.000872568227351, 0.000262240326265, -0.000389784952858, 0.000556406215765, -0.000448599836091, 0.000492315099109], [-3.62327182302e-006, 0.00254618003964, 0.000542597146705, -0.000142237826367, -0.000302911183098, 0.00196642125957, -0.00177140894812, -0.000136882634251, 0.000418072391767, 0.000270805699984, -0.0011778655462, -1.61461211974e-005, -0.000844679248985], [3.04156874336e-005, 0.000542597146705, 0.00455405330285, -0.000145952333696, -0.00261290022172, 0.00112145044841, -0.0015588371316, -0.00039751076838, 0.000281847285805, 0.000500808702782, -0.000595095858444, -0.0017308855895, 0.000850802753121], [-0.000513635633979, -0.000142237826367, -0.000145952333696, 0.00622669793665, -0.00266953464597, -0.00206222874112, -6.21382350801e-005, 0.00265931081958, -0.00485048023984, 0.00299262395129, -3.64057086699e-005, -0.000650682428386, 0.000522243208252], [0.000544517592061, -0.000302911183098, -0.00261290022172, -0.00266953464597, 0.0100105619058, -0.00365498685278, 0.00142760656308, 0.000176724555786, 0.000331787246978, -0.00425808271393, 0.00206037750468, 0.00134656613227, -0.00161203113385], [-0.000603001913987, 0.00196642125957, 0.00112145044841, -0.00206222874112, -0.00365498685278, 0.0159832015634, -0.00549488980323, -0.00191389932297, 0.00129188876599, 0.000818309024908, -0.00432173162699, 0.000629922549706, 0.00065366650233], [0.000690361193847, -0.00177140894812, -0.0015588371316, -6.21382350801e-005, 0.00142760656308, -0.00549488980323, 0.0151643725112, -0.00694665778428, -0.000286132388283, 0.00195628451183, -0.000785800104495, -0.00180255703162, -0.000420159922214], [-0.000872568227351, -0.000136882634251, -0.00039751076838, 0.00265931081958, 0.000176724555786, -0.00191389932297, -0.00694665778428, 0.0183731187135, -0.00731507083401, -0.00185628421605, 0.00157676136587, -0.00157492619473, 0.00157817290165], [0.000262240326265, 0.000418072391767, 0.000281847285805, -0.00485048023984, 0.000331787246978, 0.00129188876599, -0.000286132388283, -0.00731507083401, 0.0198465678841, -0.00814545992762, 0.00102456333116, 0.00189611199312, -0.00213396013714], [-0.000389784952858, 0.000270805699984, 0.000500808702782, 0.00299262395129, -0.00425808271393, 0.000818309024908, 0.00195628451183, -0.00185628421605, -0.00814545992762, 0.021779788658, -0.00939559284598, 0.000465814722702, 0.00271232309751], [0.000556406215765, -0.0011778655462, -0.000595095858444, -3.64057086699e-005, 0.00206037750468, -0.00432173162699, -0.000785800104495, 0.00157676136587, 0.00102456333116, -0.00939559284598, 0.023515118286, -0.00837630685419, 0.0039276923053], [-0.000448599836091, -1.61461211974e-005, -0.0017308855895, -0.000650682428386, 0.00134656613227, 0.000629922549706, -0.00180255703162, -0.00157492619473, 0.00189611199312, 0.000465814722702, -0.00837630685419, 0.0219463352114, -0.00984722469002], [0.000492315099109, -0.000844679248985, 0.000850802753121, 0.000522243208252, -0.00161203113385, 0.00065366650233, -0.000420159922214, 0.00157817290165, -0.00213396013714, 0.00271232309751, 0.0039276923053, -0.00984722469002, 0.0193650536239]]
    sccoeffs:
        dmean: [0.0520137995481, 0.0458820983768, 0.0366492643952, 0.0301554519683, 0.0208002049476, 0.0162038728595]
        dmean2: [0.0849019065499, 0.0753192678094, 0.0594176240265, 0.0493457093835, 0.0346000827849, 0.0261727906764]
        dvar: [0.00185042899102, 0.00137889548205, 0.00084978225641, 0.000560276850592, 0.000292404700303, 0.000213430917938]
        dvar2: [0.00493683665991, 0.0036162333563, 0.00216514687054, 0.00145019567572, 0.000747428741306, 0.000501699047163]
        max: [-0.368364214897, -0.440072953701, -0.497254282236, -0.535168647766, -0.624599099159, -0.541033983231]
        mean: [-0.664027690887, -0.749990820885, -0.749999761581, -0.763857126236, -0.785252153873, -0.732304990292]
        median: [-0.665981769562, -0.755907297134, -0.759629011154, -0.767620921135, -0.788455247879, -0.727465391159]
        min: [-0.964343369007, -0.964308738708, -0.95314180851, -0.964961767197, -0.963393747807, -0.959978342056]
        var: [0.00546731753275, 0.00459301192313, 0.00518494658172, 0.00237357360311, 0.00105088157579, 0.00133069383446]
    scvalleys:
        dmean: [0.401114135981, 0.353825986385, 0.294434279203, 0.246116295457, 0.207698687911, 0.24398586154]
        dmean2: [0.641733109951, 0.585181057453, 0.480924189091, 0.404954850674, 0.340153545141, 0.379643082619]
        dvar: [0.145740881562, 0.119965158403, 0.0902240201831, 0.0708775371313, 0.0695746839046, 0.120485156775]
        dvar2: [0.32619908452, 0.27674099803, 0.182616621256, 0.135609611869, 0.124167613685, 0.260899573565]
        max: [-5.25384092331, -4.30965995789, -5.29873991013, -5.74471712112, -5.65115880966, -7.52862071991]
        mean: [-7.21916913986, -6.72656106949, -6.98796415329, -7.15185642242, -7.00632476807, -9.91368961334]
        median: [-6.87611675262, -6.59661483765, -6.81603336334, -6.9097700119, -6.58954429626, -9.5948381424]
        min: [-27.1867389679, -27.5175514221, -27.7083873749, -27.3842372894, -27.2971839905, -27.2634735107]
        var: [1.45917510986, 0.802678763866, 0.743921935558, 0.766971588135, 1.05535161495, 1.12134826183]

rhythm:
    beats_loudness:
        dmean: 0.00142414157744
        dmean2: 0.00237051257864
        dvar: 1.64663867963e-006
        dvar2: 4.47181037089e-006
        max: 0.0125327985734
        mean: 0.00456277886406
        median: 0.00451221363619
        min: 0.00011615427502
        var: 6.57531654724e-006
    bpm: 150.027359009
    bpm_confidence: 0
    first_peak_bpm: 152
    first_peak_spread: 0.462715119123
    first_peak_weight: 0.498226940632
    onset_rate: 2.11959195137
    second_peak_bpm: 178
    second_peak_spread: 0
    second_peak_weight: 0.0283687934279
    beats_loudness_band_ratio:
        dmean: [0.0810583159328, 0.100117154419, 0.092754483223, 0.0975549668074, 0.0973012968898, 0.0619983188808]
        dmean2: [0.137624457479, 0.172699436545, 0.157723143697, 0.172313600779, 0.166651979089, 0.106764249504]
        dvar: [0.0059332465753, 0.00717814918607, 0.00904446560889, 0.00905565544963, 0.00802978686988, 0.0036764673423]
        dvar2: [0.0167976375669, 0.0194312836975, 0.0249003060162, 0.025102538988, 0.0240423623472, 0.0109353195876]
        max: [0.560652196407, 0.677037775517, 0.759338617325, 0.707116663456, 0.789800226688, 0.578411757946]
        mean: [0.120601892471, 0.144768446684, 0.165559947491, 0.160041436553, 0.268104255199, 0.18588578701]
        median: [0.101334087551, 0.112095549703, 0.11087410897, 0.12213215977, 0.260145753622, 0.179194226861]
        min: [3.41762824974e-005, 0.00436821347103, 0.0107452757657, 0.0175343155861, 0.010815939866, 0.00397061463445]
        var: [0.00991665944457, 0.0107355825603, 0.0197818651795, 0.0142127806321, 0.0142660290003, 0.00708479946479]
    beats_position: [0.406349211931, 0.812698423862, 1.20743763447, 1.6137868166, 2.02013611794, 2.42648530006, 2.83283448219, 3.22757363319, 3.62231278419, 4.01705217361, 4.41179132462, 4.81814050674, 5.22448968887, 5.61922883987, 6.025578022, 6.43192720413, 6.82666635513, 7.23301553726, 7.63936471939, 8.04571437836, 8.46367359161, 8.893242836, 9.32281208038, 9.75238037109, 10.1819496155, 10.6115188599, 11.017868042, 11.4242172241, 11.8305664063, 12.2369155884, 12.6316547394, 13.0263938904, 13.4211339951, 13.8158731461, 14.2222223282, 14.6285715103, 15.0233106613, 15.4180498123, 15.8127889633, 16.2075271606, 16.6138763428, 17.0202255249, 17.4149665833, 17.8213157654, 18.2160549164, 18.6224040985, 19.0171432495, 19.4234924316, 19.8298416138, 20.2245807648, 20.6193199158, 21.0256690979, 21.43201828, 21.826757431, 22.221496582, 22.6278457642, 23.0341949463, 23.4289340973, 23.8236732483, 24.2300224304, 24.6363716125, 25.0311107635, 25.4258499146, 25.8205890656, 26.2153282166, 26.6100673676, 27.0164165497, 27.4111557007, 27.8175048828, 28.2238540649, 28.6302032471, 29.0249423981, 29.4196815491, 29.8144207001, 30.2207698822, 30.6271190643, 31.0334682465, 31.4398174286, 31.8345565796, 32.2292976379, 32.6240348816, 33.0187759399, 33.4135131836, 33.8082542419, 34.2029914856, 34.6093406677, 35.0156898499, 35.422039032, 35.8283882141, 36.2231292725, 36.6178665161, 37.0126075745, 37.4189567566, 37.8253059387, 38.2316551208, 38.638004303, 39.0327415466, 39.4390907288, 39.8454399109, 40.2401809692, 40.6349182129, 41.0296592712, 41.4243965149, 41.8191375732, 42.2254867554, 42.6318359375, 43.0265769958, 43.4213142395, 43.8160552979, 44.22240448, 44.6287536621, 45.0234909058, 45.4182319641, 45.8245811462, 46.2309303284, 46.625667572, 47.0204086304, 47.415145874, 47.8214950562, 48.2278442383, 48.6225852966, 49.0173225403, 49.4236717224, 49.8300209045, 50.2247619629, 50.6194992065, 51.0142402649, 51.4089775085, 51.8153266907, 52.2216758728, 52.6280250549, 53.0111541748, 53.4058952332, 53.8122444153, 54.2185935974, 54.6133308411, 55.0080718994, 55.4144210815, 55.8207702637, 56.2155075073, 56.6218566895, 57.0282058716, 57.4229469299, 57.8176841736, 58.2240333557, 58.6303825378, 59.0251235962, 59.4198646545, 59.8146018982, 60.2093429565, 60.6156921387, 61.0220413208, 61.4283905029, 61.8347396851, 62.2294769287, 62.6242179871, 63.0189552307, 63.4136962891, 63.8200454712, 64.2147827148, 64.6095199585, 65.0158691406, 65.4106140137, 65.8053512573, 66.200088501, 66.6064376831, 67.0127868652, 67.4075241089, 67.813873291, 68.2202224731, 68.6149673462, 69.0097045898, 69.416053772, 69.8224029541, 70.2287521362, 70.6234893799, 71.0182266235, 71.4245758057, 71.8193206787, 72.2140579224, 72.608795166, 73.0035324097, 73.3982772827, 73.8046264648, 74.2225799561, 74.6289291382, 75.0236740112, 75.4300231934, 75.8363723755, 76.2311096191, 76.6258468628, 77.0205917358, 77.426940918, 77.8332901001, 78.2280273438, 78.6227645874, 79.0175018311, 79.4122467041, 79.8069839478, 80.2017211914, 80.6080703735, 81.0144195557, 81.4207687378, 81.8271179199, 82.2218551636, 82.6166000366, 83.0113372803, 83.4060745239, 83.8124237061, 84.2187728882, 84.6251220703, 85.0314712524, 85.4262084961, 85.8209533691, 86.2156906128, 86.6220397949, 87.0283889771, 87.4347381592, 87.8410873413, 88.235824585, 88.6305618286, 89.0253067017, 89.4200439453, 89.8263931274, 90.2327423096, 90.6390914917, 91.0454406738, 91.4401779175, 91.8349151611, 92.2412643433, 92.6476211548, 93.0423583984, 93.4370956421, 93.8318328857, 94.2265777588, 94.6213150024, 95.0160522461, 95.4224014282, 95.8287506104, 96.223487854, 96.6298370361, 97.0361862183, 97.4425354004, 97.8488845825, 98.2436294556, 98.6383666992, 99.0447158813, 99.4510650635, 99.8458023071, 100.240539551, 100.635284424, 101.030021667, 101.43637085, 101.842720032, 102.237457275, 102.632194519, 103.026939392, 103.421676636, 103.828025818, 104.222763062, 104.617500305, 105.023849487, 105.430198669, 105.836547852, 106.231292725, 106.626029968, 107.020767212, 107.415504456, 107.821853638, 108.22820282, 108.622947693, 109.017684937, 109.41242218, 109.818771362, 110.225120544, 110.619865417, 111.014602661, 111.409339905, 111.815689087, 112.222038269, 112.616775513, 113.023124695, 113.429473877, 113.82421875, 114.218955994, 114.613693237, 115.008430481, 115.403175354, 115.809524536, 116.215873718, 116.6222229, 117.016960144, 117.423309326, 117.81804657, 118.212783813, 118.607528687, 119.00226593, 119.397003174, 119.803352356, 120.209701538, 120.604438782, 121.022399902, 121.417137146, 121.811882019, 122.218231201, 122.624580383, 123.019317627, 123.414054871, 123.820404053, 124.226753235, 124.621498108, 125.016235352, 125.410972595, 125.805709839, 126.212059021, 126.606803894, 127.013153076, 127.40789032, 127.802627563, 128.197372437, 128.615325928, 129.021682739, 129.428024292, 129.822769165, 130.217498779, 130.635467529, 131.030197144, 131.424942017, 131.81968689, 132.214416504, 132.609161377, 133.003890991, 133.398635864, 133.804992676, 134.211334229, 134.606079102, 135.012420654, 135.418777466, 135.81350708, 136.208251953, 136.614593506, 137.020950317, 137.41569519, 137.822036743, 138.228393555, 138.623123169, 139.017868042, 139.401000977, 139.807342529, 140.213699341, 140.620040894, 141.014785767, 141.421127319, 141.827484131, 142.222213745, 142.616958618, 143.02331543, 143.429656982, 143.824401855, 144.21913147, 144.625488281, 145.031829834, 145.426574707, 145.82131958, 146.216049194, 146.610794067, 147.005523682, 147.411880493, 147.818222046, 148.224578857, 148.63092041, 149.037277222, 149.455230713, 149.873199463, 150.209884644, 150.546569824, 150.883255005, 151.219955444, 151.556640625, 151.893325806, 152.230026245, 152.566711426, 152.903396606, 153.240081787, 153.576782227, 153.913467407, 154.250152588, 154.586837769, 154.923538208, 155.271835327, 155.620132446, 155.956817627, 156.305114746, 156.653427124, 157.013336182, 157.361633301, 157.779586792, 158.197555542, 158.615509033, 159.021850586, 159.428207397, 159.83454895, 160.240905762, 160.635650635, 161.030380249, 161.425125122, 161.819854736, 162.226211548, 162.632553101, 163.027297974, 163.433654785, 163.839996338, 164.234741211, 164.629470825, 165.024215698, 165.430557251, 165.836914063, 166.231658936, 166.62638855, 167.032745361, 167.439086914, 167.833831787, 168.228561401, 168.634918213, 169.041259766, 169.436004639, 169.830749512, 170.237091064, 170.643447876, 171.03817749, 171.432922363, 171.827667236, 172.222396851, 172.617141724, 173.011871338, 173.406616211, 173.812973022, 174.207702637, 174.614059448, 175.020401001, 175.426757813, 175.821487427, 176.2162323, 176.622589111, 177.028930664, 177.423675537, 177.818405151, 178.213150024, 178.607894897, 179.002624512, 179.408981323, 179.815322876, 180.221679688, 180.62802124, 181.022766113, 181.417495728, 181.823852539, 182.230194092, 182.624938965, 183.019683838, 183.414413452, 183.820770264, 184.215499878, 184.610244751, 185.016601563, 185.411331177, 185.817687988, 186.212417603, 186.618774414, 187.013504028, 187.408248901, 187.814605713, 188.220947266, 188.627304077, 189.022033691, 189.405166626, 189.799911499, 190.21786499, 190.612609863, 191.007339478, 191.402084351, 191.808425903, 192.214782715, 192.621124268, 193.027481079, 193.433822632, 193.828567505, 194.234924316, 194.629653931, 195.024398804, 195.419128418, 195.813873291, 196.208618164, 196.603347778, 196.998092651, 197.404434204, 197.810791016, 198.217132568, 198.611877441, 199.018234253, 199.412963867, 199.819320679, 200.225662231, 200.620407104, 201.015136719, 201.409881592, 201.804626465, 202.210968018, 202.617324829, 203.012054443, 203.418411255, 203.824752808, 204.219497681, 204.614242554, 205.020584106, 205.426940918, 205.821670532, 206.216415405, 206.611160278, 207.017501831, 207.423858643, 207.818588257, 208.21333313, 208.608062744, 209.002807617, 209.39755249, 209.792282104, 210.198638916, 210.604980469, 211.01133728, 211.417678833, 211.824035645, 212.230377197, 212.62512207, 213.019866943, 213.426208496, 213.832565308, 214.227294922, 214.622039795, 215.028381348, 215.434738159, 215.829467773, 216.224212646, 216.630569458, 217.036911011, 217.431655884, 217.837997437, 218.23274231, 218.639083862, 219.033828735, 219.428573608, 219.834915161, 220.241271973, 220.636001587, 221.042358398, 221.437088013, 221.843444824, 222.238174438, 222.64453125, 223.039276123, 223.445617676, 223.840362549, 224.235092163, 224.641448975, 225.047790527]
