
metadata:
    version:
        essentia: "2.1-beta2"
    audio_properties:
        analysis_sample_rate: 44100
        bitrate: 207
        channels: 2
        equal_loudness: 1
        length: 265.613067627
        replay_gain: -16.0661468506
        downmix: "mix"
    tags:
        album: "Innocence & Instinct"
        artist: "Red"
        comment: "."
        date: "2009"
        genre: "Hard Rock"
        title: "Start Again"
        tracknumber: "4"

configuration:
    average_loudness:
        compute: 1
        frameSize: 88200
        hopSize: 44100
        silentFrames: "noise"
        windowType: "hann"
    general:
        analysisSampleRate: 44100
        endTime: 2000
        equalLoudness: 1
        nequalLoudness: 0
        shortSound: 0
        startTime: 0
    lowlevel:
        compute: 1
        frameSize: 2048
        hopSize: 1024
        zeroPadding: 0
        silentFrames: "noise"
        windowType: "blackmanharris62"
        mfccStats: ["mean", "cov", "icov"]
        stats: ["mean", "var", "median", "min", "max", "dmean", "dmean2", "dvar", "dvar2"]
    panning:
        compute: 0
        frameSize: 8192
        hopSize: 2048
        zeroPadding: 8192
        silentFrames: "noise"
        windowType: "hann"
        stats: ["copy"]
    rhythm:
        compute: 1
        maxTempo: 208
        minTempo: 40
        method: "degara"
        stats: ["mean", "var", "median", "min", "max", "dmean", "dmean2", "dvar", "dvar2"]
    segmentation:
        compute: 0
        cpw: 5
        inc1: 300
        inc2: 50
        minimumSegmentsLength: 10
        size1: 1000
        size2: 600
    sfx:
        compute: 1
        stats: ["mean", "var", "median", "min", "max", "dmean", "dmean2", "dvar", "dvar2"]
    svm:
        compute: 0
    tonal:
        compute: 1
        frameSize: 4096
        hopSize: 2048
        zeroPadding: 0
        silentFrames: "noise"
        windowType: "blackmanharris62"
        stats: ["mean", "var", "median", "min", "max", "dmean", "dmean2", "dvar", "dvar2"]

lowlevel:
    average_loudness: 0.766944944859
    barkbands_kurtosis:
        dmean: 0.590070724487
        dmean2: 0.927220284939
        dvar: 1.30617153645
        dvar2: 2.47185444832
        max: 80.9070968628
        mean: -0.00887754000723
        median: -0.810350000858
        min: -1.78256118298
        var: 8.99216079712
    barkbands_skewness:
        dmean: 0.279795080423
        dmean2: 0.434813469648
        dvar: 0.0693288594484
        dvar2: 0.160195976496
        max: 5.60586690903
        mean: 0.172509327531
        median: 0.0519825853407
        min: -3.20395040512
        var: 0.67444729805
    barkbands_spread:
        dmean: 3.61595916748
        dmean2: 5.71155548096
        dvar: 15.239575386
        dvar2: 37.1276893616
        max: 60.328338623
        mean: 24.2127780914
        median: 24.7626552582
        min: 0.534377813339
        var: 118.170288086
    dissonance:
        dmean: 0.0171172786504
        dmean2: 0.0289939567447
        dvar: 0.000386031955713
        dvar2: 0.00107452727389
        max: 0.499999940395
        mean: 0.464784771204
        median: 0.476707398891
        min: 0.132766336203
        var: 0.00150562950876
    hfc:
        dmean: 1.3979061842
        dmean2: 2.33393383026
        dvar: 4.74852991104
        dvar2: 12.6215763092
        max: 38.4701194763
        mean: 7.11871671677
        median: 6.99557113647
        min: 1.20627113454e-016
        var: 39.7939186096
    pitch:
        dmean: 345.543151855
        dmean2: 659.712402344
        dvar: 655035.125
        dvar2: 1778082.75
        max: 4743.9453125
        mean: 515.11340332
        median: 262.253295898
        min: 65.482673645
        var: 680046.4375
    pitch_instantaneous_confidence:
        dmean: 0.071000777185
        dmean2: 0.115354992449
        dvar: 0.00413132319227
        dvar2: 0.0100355129689
        max: 0.966459751129
        mean: 0.411031991243
        median: 0.381176143885
        min: 0.0975428819656
        var: 0.0239055845886
    pitch_salience:
        dmean: 0.0492858290672
        dmean2: 0.0811091512442
        dvar: 0.00195661745965
        dvar2: 0.0052645704709
        max: 0.867748081684
        mean: 0.641998648643
        median: 0.6518419981
        min: 0.11111741513
        var: 0.00687259528786
    silence_rate_20dB:
        dmean: 0
        dmean2: 0
        dvar: 0
        dvar2: 0
        max: 1
        mean: 1
        median: 1
        min: 1
        var: 0
    silence_rate_30dB:
        dmean: 0
        dmean2: 0
        dvar: 0
        dvar2: 0
        max: 1
        mean: 1
        median: 1
        min: 1
        var: 0
    silence_rate_60dB:
        dmean: 0.0125885130838
        dmean2: 0.0251792278141
        dvar: 0.0124301034957
        dvar2: 0.0278710387647
        max: 1
        mean: 0.447290211916
        median: 0
        min: 0
        var: 0.24719914794
    spectral_centroid:
        dmean: 164.870193481
        dmean2: 260.172271729
        dvar: 39148.7070313
        dvar2: 83441.328125
        max: 11324.0146484
        mean: 1517.06958008
        median: 1557.88684082
        min: 238.889923096
        var: 313111.90625
    spectral_complexity:
        dmean: 2.58956193924
        dmean2: 4.34516525269
        dvar: 9.55242443085
        dvar2: 25.2147579193
        max: 47
        mean: 14.6439685822
        median: 16
        min: 0
        var: 123.846435547
    spectral_crest:
        dmean: 1.6484310627
        dmean2: 2.68512320518
        dvar: 2.52392172813
        dvar2: 6.44083118439
        max: 22.2444496155
        mean: 6.98780202866
        median: 6.16547584534
        min: 2.18695831299
        var: 9.92093658447
    spectral_decrease:
        dmean: 1.66974337135e-010
        dmean2: 2.70255012813e-010
        dvar: 6.72662692517e-020
        dvar2: 1.70984462319e-019
        max: 9.44896800235e-029
        mean: -9.09915087721e-010
        median: -8.79325168235e-010
        min: -3.721489783e-009
        var: 5.34416061364e-019
    spectral_energy:
        dmean: 0.000734755187295
        dmean2: 0.00119597150479
        dvar: 1.2756020169e-006
        dvar2: 3.25996256834e-006
        max: 0.0161513071507
        mean: 0.00407991465181
        median: 0.00402187649161
        min: 1.05846087728e-020
        var: 1.09047368824e-005
    spectral_energyband_high:
        dmean: 9.8074611742e-005
        dmean2: 0.00016895729641
        dvar: 3.29119131948e-008
        dvar2: 8.99511292118e-008
        max: 0.00307283340953
        mean: 0.000287129165372
        median: 0.000257125677308
        min: 7.87743726718e-021
        var: 9.34260455665e-008
    spectral_energyband_low:
        dmean: 0.000125138889416
        dmean2: 0.000208160097827
        dvar: 4.74833399267e-008
        dvar2: 1.3050077996e-007
        max: 0.00324073177762
        mean: 0.000235786661506
        median: 0.000133310968522
        min: 4.86996211644e-023
        var: 9.29896515345e-008
    spectral_energyband_middle_high:
        dmean: 0.000467422592919
        dmean2: 0.000752671563532
        dvar: 4.15007519905e-007
        dvar2: 1.04963839931e-006
        max: 0.0106033114716
        mean: 0.00232285936363
        median: 0.00208388920873
        min: 1.52028910147e-021
        var: 4.45103023594e-006
    spectral_energyband_middle_low:
        dmean: 0.000429832871305
        dmean2: 0.000681944191456
        dvar: 5.91093169078e-007
        dvar2: 1.49379854975e-006
        max: 0.0102140875533
        mean: 0.00137685518712
        median: 0.00108967395499
        min: 2.44191754372e-022
        var: 1.66268091562e-006
    spectral_flatness_db:
        dmean: 0.0115695782006
        dmean2: 0.0179186463356
        dvar: 0.000127967286971
        dvar2: 0.000274205580354
        max: 0.511678278446
        mean: 0.163618072867
        median: 0.138642460108
        min: 0.0533893182874
        var: 0.00485831918195
    spectral_flux:
        dmean: 0.00523391831666
        dmean2: 0.00822422560304
        dvar: 4.06559738622e-005
        dvar2: 9.08029105631e-005
        max: 0.0959283187985
        mean: 0.0317326970398
        median: 0.034626737237
        min: 1.02881529684e-010
        var: 0.000391603971366
    spectral_kurtosis:
        dmean: 3.42010688782
        dmean2: 5.92606592178
        dvar: 98.5266265869
        dvar2: 303.280090332
        max: 189.51008606
        mean: 11.6250314713
        median: 3.92640423775
        min: -1.19943106174
        var: 741.720092773
    spectral_rms:
        dmean: 0.000163217104273
        dmean2: 0.000259459542576
        dvar: 4.33431175395e-008
        dvar2: 1.06546281131e-007
        max: 0.00396955572069
        mean: 0.00176257721614
        median: 0.00198085373268
        min: 3.21347896209e-012
        var: 8.73715805483e-007
    spectral_rolloff:
        dmean: 275.625366211
        dmean2: 457.74710083
        dvar: 145667.71875
        dvar2: 316858.65625
        max: 19143.0175781
        mean: 2729.45532227
        median: 3100.78125
        min: 172.265625
        var: 1090603.375
    spectral_skewness:
        dmean: 0.270521968603
        dmean2: 0.456263661385
        dvar: 0.246869280934
        dvar2: 0.766392469406
        max: 11.386759758
        mean: 1.91317439079
        median: 1.39642691612
        min: -0.0709132999182
        var: 2.33649969101
    spectral_spread:
        dmean: 328886.125
        dmean2: 472214
        dvar: 267802607616
        dvar2: 377987170304
        max: 39414608
        mean: 3798614.75
        median: 3855289.75
        min: 401897.375
        var: 2.37199425536e+012
    spectral_strongpeak:
        dmean: 0.357330709696
        dmean2: 0.603754103184
        dvar: 0.328882545233
        dvar2: 0.853239536285
        max: 10.3746013641
        mean: 0.726893782616
        median: 0.346169054508
        min: 4.14480894051e-009
        var: 0.677648723125
    zerocrossingrate:
        dmean: 0.00572068942711
        dmean2: 0.00708041945472
        dvar: 4.11990113207e-005
        dvar2: 4.44988327217e-005
        max: 0.4990234375
        mean: 0.0847331434488
        median: 0.08984375
        min: 0.0107421875
        var: 0.000820299552288
    barkbands:
        dmean: [5.22566324435e-007, 4.15483700635e-005, 6.26911350992e-005, 0.000112481502583, 0.000173386506503, 0.000110807173769, 6.78004871588e-005, 8.9401655714e-005, 0.000138770570629, 9.88914907794e-005, 6.78801734466e-005, 5.66345042898e-005, 8.4133753262e-005, 7.06956925569e-005, 0.000117977971968, 0.000112152381917, 0.000155017798534, 0.000108380088932, 0.000155624788022, 0.000101166646346, 4.20624492108e-005, 1.60079071065e-005, 3.72101044377e-006, 1.29389547965e-006, 5.54303767331e-007, 1.24407879554e-008, 2.84939849493e-010]
        dmean2: [8.84627979758e-007, 7.02258330421e-005, 0.000103861508251, 0.000189622020116, 0.000289002346108, 0.00018046083278, 0.000112102527055, 0.000141246579005, 0.000209079124033, 0.000145133046317, 0.000106994724774, 9.12655377761e-005, 0.000128806073917, 0.000110575601866, 0.000187513171113, 0.000185612487257, 0.000259564229054, 0.000180962844752, 0.000264241563855, 0.000175580789801, 7.11095635779e-005, 2.70821710728e-005, 5.93098639001e-006, 1.94980520973e-006, 7.99859719791e-007, 1.88132212031e-008, 4.71885530651e-010]
        dvar: [1.46194818404e-012, 1.16024487795e-008, 1.38746001355e-008, 3.65011239012e-008, 2.23968299906e-007, 4.61286973064e-008, 2.46408209392e-008, 3.19228057322e-008, 6.4907951014e-008, 4.87208140498e-008, 2.08246451194e-008, 1.26458674643e-008, 3.20095487893e-008, 2.80931669039e-008, 6.52891358754e-008, 4.19578256583e-008, 5.52774785945e-008, 2.77648020131e-008, 6.02341785338e-008, 2.87133694599e-008, 5.3671902478e-009, 1.2149860007e-009, 1.03797248574e-010, 1.52182294544e-011, 6.13968164503e-012, 9.93882625803e-016, 2.11225648821e-019]
        dvar2: [4.14024934128e-012, 3.15448751564e-008, 3.80593974114e-008, 1.0422438379e-007, 5.9597539348e-007, 1.19308936064e-007, 6.50150937531e-008, 7.84183527003e-008, 1.4262309378e-007, 9.81572796377e-008, 4.87790217107e-008, 2.96706659242e-008, 7.24404571883e-008, 6.21312636895e-008, 1.57481579777e-007, 1.08160683965e-007, 1.48339211137e-007, 7.51894617679e-008, 1.66144729974e-007, 8.15424314737e-008, 1.4551764238e-008, 2.99194424791e-009, 2.29279817354e-010, 3.2069465139e-011, 1.16657005236e-011, 1.79681289683e-015, 5.32698679316e-019]
        max: [1.27387065731e-005, 0.00108108285349, 0.00213173776865, 0.00296786474064, 0.00609276071191, 0.00511945830658, 0.00301459804177, 0.00338745955378, 0.00583464233205, 0.006668290589, 0.00392068224028, 0.00377360987477, 0.00383501057513, 0.00336509966291, 0.00462820846587, 0.00537916412577, 0.00433482415974, 0.00282423524186, 0.00494334939867, 0.00252397358418, 0.0017426306149, 0.000854230485857, 0.000343970546965, 0.000119823365822, 9.12028554012e-005, 1.56070370849e-006, 8.9381444468e-009]
        mean: [7.20692810319e-007, 5.22648369952e-005, 9.73882561084e-005, 0.000189326063264, 0.000269126874628, 0.000201061309781, 0.000105662664282, 0.000170816027094, 0.000332499243086, 0.000261247711023, 0.000131998822326, 0.000109738473839, 0.000176364876097, 0.000124183905427, 0.000219437206397, 0.000239546687226, 0.000356359203579, 0.000250555574894, 0.000385425402783, 0.000237556872889, 0.000119088203064, 3.69936569768e-005, 8.48757463245e-006, 2.94650294563e-006, 1.09242091639e-006, 2.60076102876e-008, 3.94237559265e-010]
        median: [2.11540765349e-007, 2.13374805753e-005, 3.93048867409e-005, 8.0000347225e-005, 0.000143612967804, 0.000105489081761, 4.93296211062e-005, 7.44059507269e-005, 0.000137466719025, 7.22187687643e-005, 4.94061678182e-005, 5.64305591979e-005, 6.12499716226e-005, 4.50063453172e-005, 9.89382679109e-005, 0.000163830409292, 0.000267543713562, 0.000188147678273, 0.000305957219098, 0.000194586624275, 0.000104677834315, 2.44201692112e-005, 4.01907027481e-006, 1.2768475699e-006, 3.80202948236e-007, 1.19735599213e-008, 2.15919310209e-010]
        min: [1.62707736629e-023, 3.8735607423e-023, 1.64527157533e-024, 1.42929731558e-023, 8.75290146828e-023, 3.04402048901e-023, 2.47518835193e-023, 3.40976164822e-023, 2.96397287969e-023, 6.11028748664e-023, 9.92653716863e-023, 1.29251716499e-022, 9.8538136595e-023, 8.353515707e-023, 1.11768968495e-022, 1.71946055136e-022, 1.88527267653e-022, 1.82642074999e-022, 2.32162900366e-022, 2.909078195e-022, 5.8191671417e-022, 3.92124782579e-022, 5.24297455372e-022, 6.29956803441e-022, 1.40222774926e-021, 1.69356960634e-021, 2.68565047134e-021]
        var: [1.60958919804e-012, 1.0211570256e-008, 2.29486527559e-008, 7.86431755273e-008, 2.291268828e-007, 8.05118460789e-008, 3.394903203e-008, 9.27027699049e-008, 3.01677061998e-007, 3.88392322748e-007, 6.61537100655e-008, 4.01816002693e-008, 1.15710491855e-007, 6.13333668298e-008, 1.56229617687e-007, 1.10703219036e-007, 1.67653524841e-007, 7.74371642365e-008, 1.89823239793e-007, 6.69745787718e-008, 1.68348552876e-008, 2.58769650152e-009, 2.34897185036e-010, 3.5217297828e-011, 1.39332859486e-011, 2.64801070509e-015, 3.18448095618e-019]
    frequency_bands:
        dmean: [5.22566324435e-007, 4.15483700635e-005, 6.26911350992e-005, 0.000112481502583, 0.000173386506503, 0.000110807173769, 6.78004871588e-005, 8.9401655714e-005, 0.000138770570629, 9.88914907794e-005, 6.78801734466e-005, 5.66345042898e-005, 8.4133753262e-005, 7.06956925569e-005, 0.000117977971968, 0.000112152381917, 0.000155017798534, 0.000108380088932, 0.000155624788022, 0.000101166646346, 4.20624492108e-005, 1.60079071065e-005, 3.72101044377e-006, 1.29389547965e-006, 5.54303767331e-007, 1.24407879554e-008, 2.84939849493e-010, 4.67145003236e-011]
        dmean2: [8.84627979758e-007, 7.02258330421e-005, 0.000103861508251, 0.000189622020116, 0.000289002346108, 0.00018046083278, 0.000112102527055, 0.000141246579005, 0.000209079124033, 0.000145133046317, 0.000106994724774, 9.12655377761e-005, 0.000128806073917, 0.000110575601866, 0.000187513171113, 0.000185612487257, 0.000259564229054, 0.000180962844752, 0.000264241563855, 0.000175580789801, 7.11095635779e-005, 2.70821710728e-005, 5.93098639001e-006, 1.94980520973e-006, 7.99859719791e-007, 1.88132212031e-008, 4.71885530651e-010, 8.65812629924e-011]
        dvar: [1.46194818404e-012, 1.16024487795e-008, 1.38746001355e-008, 3.65011239012e-008, 2.23968299906e-007, 4.61286973064e-008, 2.46408209392e-008, 3.19228057322e-008, 6.4907951014e-008, 4.87208140498e-008, 2.08246451194e-008, 1.26458674643e-008, 3.20095487893e-008, 2.80931669039e-008, 6.52891358754e-008, 4.19578256583e-008, 5.52774785945e-008, 2.77648020131e-008, 6.02341785338e-008, 2.87133694599e-008, 5.3671902478e-009, 1.2149860007e-009, 1.03797248574e-010, 1.52182294544e-011, 6.13968164503e-012, 9.93882625803e-016, 2.11225648821e-019, 6.6333321804e-021]
        dvar2: [4.14024934128e-012, 3.15448751564e-008, 3.80593974114e-008, 1.0422438379e-007, 5.9597539348e-007, 1.19308936064e-007, 6.50150937531e-008, 7.84183527003e-008, 1.4262309378e-007, 9.81572796377e-008, 4.87790217107e-008, 2.96706659242e-008, 7.24404571883e-008, 6.21312636895e-008, 1.57481579777e-007, 1.08160683965e-007, 1.48339211137e-007, 7.51894617679e-008, 1.66144729974e-007, 8.15424314737e-008, 1.4551764238e-008, 2.99194424791e-009, 2.29279817354e-010, 3.2069465139e-011, 1.16657005236e-011, 1.79681289683e-015, 5.32698679316e-019, 2.12521407864e-020]
        max: [1.27387065731e-005, 0.00108108285349, 0.00213173776865, 0.00296786474064, 0.00609276071191, 0.00511945830658, 0.00301459804177, 0.00338745955378, 0.00583464233205, 0.006668290589, 0.00392068224028, 0.00377360987477, 0.00383501057513, 0.00336509966291, 0.00462820846587, 0.00537916412577, 0.00433482415974, 0.00282423524186, 0.00494334939867, 0.00252397358418, 0.0017426306149, 0.000854230485857, 0.000343970546965, 0.000119823365822, 9.12028554012e-005, 1.56070370849e-006, 8.9381444468e-009, 1.5002106224e-009]
        mean: [7.20692810319e-007, 5.22648369952e-005, 9.73882561084e-005, 0.000189326063264, 0.000269126874628, 0.000201061309781, 0.000105662664282, 0.000170816027094, 0.000332499243086, 0.000261247711023, 0.000131998822326, 0.000109738473839, 0.000176364876097, 0.000124183905427, 0.000219437206397, 0.000239546687226, 0.000356359203579, 0.000250555574894, 0.000385425402783, 0.000237556872889, 0.000119088203064, 3.69936569768e-005, 8.48757463245e-006, 2.94650294563e-006, 1.09242091639e-006, 2.60076102876e-008, 3.94237559265e-010, 3.61346647049e-011]
        median: [2.11540765349e-007, 2.13374805753e-005, 3.93048867409e-005, 8.0000347225e-005, 0.000143612967804, 0.000105489081761, 4.93296211062e-005, 7.44059507269e-005, 0.000137466719025, 7.22187687643e-005, 4.94061678182e-005, 5.64305591979e-005, 6.12499716226e-005, 4.50063453172e-005, 9.89382679109e-005, 0.000163830409292, 0.000267543713562, 0.000188147678273, 0.000305957219098, 0.000194586624275, 0.000104677834315, 2.44201692112e-005, 4.01907027481e-006, 1.2768475699e-006, 3.80202948236e-007, 1.19735599213e-008, 2.15919310209e-010, 8.21898452075e-012]
        min: [1.62707736629e-023, 3.8735607423e-023, 1.64527157533e-024, 1.42929731558e-023, 8.75290146828e-023, 3.04402048901e-023, 2.47518835193e-023, 3.40976164822e-023, 2.96397287969e-023, 6.11028748664e-023, 9.92653716863e-023, 1.29251716499e-022, 9.8538136595e-023, 8.353515707e-023, 1.11768968495e-022, 1.71946055136e-022, 1.88527267653e-022, 1.82642074999e-022, 2.32162900366e-022, 2.909078195e-022, 5.8191671417e-022, 3.92124782579e-022, 5.24297455372e-022, 6.29956803441e-022, 1.40222774926e-021, 1.69356960634e-021, 2.68565047134e-021, 7.47811915862e-022]
        var: [1.60958919804e-012, 1.0211570256e-008, 2.29486527559e-008, 7.86431755273e-008, 2.291268828e-007, 8.05118460789e-008, 3.394903203e-008, 9.27027699049e-008, 3.01677061998e-007, 3.88392322748e-007, 6.61537100655e-008, 4.01816002693e-008, 1.15710491855e-007, 6.13333668298e-008, 1.56229617687e-007, 1.10703219036e-007, 1.67653524841e-007, 7.74371642365e-008, 1.89823239793e-007, 6.69745787718e-008, 1.68348552876e-008, 2.58769650152e-009, 2.34897185036e-010, 3.5217297828e-011, 1.39332859486e-011, 2.64801070509e-015, 3.18448095618e-019, 5.14111128005e-021]
    mfcc:
        mean: [-745.036193848, 114.229492188, -57.5850944519, 30.2303657532, -17.946144104, -9.06968593597, -5.76192855835, -1.87701368332, -0.848217189312, -2.58028101921, -6.15814113617, -4.47456645966, -5.0184173584]
        cov: [[12180.6240234, -781.930053711, -873.478088379, 3076.93603516, 120.315803528, 848.676269531, 111.330833435, 286.389465332, 15.652346611, 0.746561944485, -122.635635376, -189.339889526, -244.709609985], [-781.930053711, 789.335083008, -28.0805606842, -107.188217163, 28.5362377167, -146.828475952, 43.7509231567, -35.7920532227, 16.4595661163, 11.6283655167, 15.31138134, 11.7719612122, 19.4917640686], [-873.478088379, -28.0805606842, 441.971069336, -76.1533050537, 74.2763977051, -21.2015285492, 4.73961544037, 1.60407972336, 36.1349906921, 27.461894989, 10.7415914536, 22.4446964264, 44.9319458008], [3076.93603516, -107.188217163, -76.1533050537, 1349.08618164, 183.317138672, 194.491241455, 76.6125717163, 83.0931777954, 58.6379547119, 18.0910453796, -31.83984375, -61.9886474609, -62.1783828735], [120.315803528, 28.5362377167, 74.2763977051, 183.317138672, 177.584625244, 32.6192703247, 19.3331642151, -3.04356455803, 18.184463501, 21.2227077484, -3.97388005257, 5.08907365799, 4.45447778702], [848.676269531, -146.828475952, -21.2015285492, 194.491241455, 32.6192703247, 225.063964844, 38.3185882568, 45.168056488, 14.7564582825, 5.32444906235, 8.97854137421, 4.19733905792, -2.67678761482], [111.330833435, 43.7509231567, 4.73961544037, 76.6125717163, 19.3331642151, 38.3185882568, 125.561988831, 49.4046554565, 10.767291069, 6.42223834991, 9.04474544525, 17.9317264557, -4.46358776093], [286.389465332, -35.7920532227, 1.60407972336, 83.0931777954, -3.04356455803, 45.168056488, 49.4046554565, 102.156959534, 39.0122947693, 24.2450084686, 11.8366556168, 6.32822275162, -5.34094047546], [15.652346611, 16.4595661163, 36.1349906921, 58.6379547119, 18.184463501, 14.7564582825, 10.767291069, 39.0122947693, 91.4956588745, 38.2009506226, 14.2147331238, 4.81032848358, 0.0690886452794], [0.746561944485, 11.6283655167, 27.461894989, 18.0910453796, 21.2227077484, 5.32444906235, 6.42223834991, 24.2450084686, 38.2009506226, 89.8515853882, 34.2724952698, 8.00067520142, 2.8820374012], [-122.635635376, 15.31138134, 10.7415914536, -31.83984375, -3.97388005257, 8.97854137421, 9.04474544525, 11.8366556168, 14.2147331238, 34.2724952698, 71.0602722168, 32.2173690796, 6.89060497284], [-189.339889526, 11.7719612122, 22.4446964264, -61.9886474609, 5.08907365799, 4.19733905792, 17.9317264557, 6.32822275162, 4.81032848358, 8.00067520142, 32.2173690796, 72.2239532471, 34.1123809814], [-244.709609985, 19.4917640686, 44.9319458008, -62.1783828735, 4.45447778702, -2.67678761482, -4.46358776093, -5.34094047546, 0.0690886452794, 2.8820374012, 6.89060497284, 34.1123809814, 69.0049438477]]
        icov: [[0.000375351926778, 6.85637278366e-005, 0.000447743397672, -0.000777344917879, 0.000443632510724, -0.000748575781472, 0.00040042080218, -0.000370619876776, 0.00047596814693, -0.000369904184481, 0.000523860682733, -0.000283650879283, 0.000362164893886], [6.85637278366e-005, 0.00170921708923, 0.000495949876495, -6.36403565295e-005, -0.00046400440624, 0.00112518377136, -0.00122419022955, 0.000781605136581, -0.000716387003195, 4.99024135934e-005, -0.000551949429791, 0.000554524885956, -0.000785403535701], [0.000447743397672, 0.000495949876495, 0.00343459192663, -0.000606232031714, -0.000991480657831, -0.000291944335913, 5.99325994699e-006, -0.000324158376316, -0.000606865738519, -0.000484362826683, 0.000282141147181, 0.000271364493528, -0.00144844525494], [-0.000777344917879, -6.36403565295e-005, -0.000606232031714, 0.00274092634209, -0.00211104983464, 0.000975900271442, -0.00111009203829, 0.000299704057397, -0.00142951880116, 0.000940321246162, -0.000950042274781, 0.00146635132842, -0.000416517781559], [0.000443632510724, -0.00046400440624, -0.000991480657831, -0.00211104983464, 0.00877522025257, -0.00187856820412, -0.000153809683979, 0.00186912948266, 0.000346956687281, -0.00265528028831, 0.00264072953723, -0.00222770939581, 0.000891191186383], [-0.000748575781472, 0.00112518377136, -0.000291944335913, 0.000975900271442, -0.00187856820412, 0.00800129584968, -0.00225753523409, -0.000536756357178, -0.00130146043375, 0.00152591732331, -0.00255198264495, 0.00105161906686, -0.001986408839], [0.00040042080218, -0.00122419022955, 5.99325994699e-006, -0.00111009203829, -0.000153809683979, -0.00225753523409, 0.0123022310436, -0.00630977610126, 0.00247163139284, 0.000105822946352, 0.00129452615511, -0.00420422758907, 0.00293355737813], [-0.000370619876776, 0.000781605136581, -0.000324158376316, 0.000299704057397, 0.00186912948266, -0.000536756357178, -0.00630977610126, 0.0170059241354, -0.00610079057515, -0.0018645451637, -0.000401555356802, 0.000135824520839, -0.000230410587392], [0.00047596814693, -0.000716387003195, -0.000606865738519, -0.00142951880116, 0.000346956687281, -0.00130146043375, 0.00247163139284, -0.00610079057515, 0.0167539138347, -0.00542100286111, 0.00104712264147, -0.00133447523694, 0.00137688836548], [-0.000369904184481, 4.99024135934e-005, -0.000484362826683, 0.000940321246162, -0.00265528028831, 0.00152591732331, 0.000105822946352, -0.0018645451637, -0.00542100286111, 0.0175965856761, -0.00897868629545, 0.00337419961579, -0.00157100777142], [0.000523860682733, -0.000551949429791, 0.000282141147181, -0.000950042274781, 0.00264072953723, -0.00255198264495, 0.00129452615511, -0.000401555356802, 0.00104712264147, -0.00897868629545, 0.0239687468857, -0.0116560533643, 0.00449972786009], [-0.000283650879283, 0.000554524885956, 0.000271364493528, 0.00146635132842, -0.00222770939581, 0.00105161906686, -0.00420422758907, 0.000135824520839, -0.00133447523694, 0.00337419961579, -0.0116560533643, 0.0258173830807, -0.0118331834674], [0.000362164893886, -0.000785403535701, -0.00144844525494, -0.000416517781559, 0.000891191186383, -0.001986408839, 0.00293355737813, -0.000230410587392, 0.00137688836548, -0.00157100777142, 0.00449972786009, -0.0118331834674, 0.0220676735044]]
    sccoeffs:
        dmean: [0.0455285198987, 0.0422519892454, 0.0349929891527, 0.0282153245062, 0.019309554249, 0.0152672277763]
        dmean2: [0.0752175152302, 0.0696727782488, 0.0568144097924, 0.0461540706456, 0.032122194767, 0.024564800784]
        dvar: [0.00154198938981, 0.00116697920021, 0.000808382988907, 0.000513130333275, 0.000238444714341, 0.000191365994397]
        dvar2: [0.00406543444842, 0.00320768589154, 0.00210948847234, 0.00133520213421, 0.000634443713352, 0.000461896328488]
        max: [-0.280272811651, -0.506777107716, -0.508928120136, -0.543102145195, -0.657432854176, -0.607741594315]
        mean: [-0.687412559986, -0.744153261185, -0.742055892944, -0.768216133118, -0.790548324585, -0.752112150192]
        median: [-0.691763043404, -0.747972846031, -0.748398303986, -0.771453738213, -0.790384054184, -0.735485076904]
        min: [-0.952945113182, -0.969180464745, -0.959962725639, -0.968153119087, -0.962537884712, -0.960210204124]
        var: [0.00596896838397, 0.00396444089711, 0.00453874282539, 0.00253115128726, 0.000986566301435, 0.00343360030092]
    scvalleys:
        dmean: [0.333383411169, 0.322909414768, 0.273218303919, 0.226422980428, 0.186201572418, 0.203327506781]
        dmean2: [0.550657808781, 0.535880923271, 0.449358314276, 0.373683065176, 0.300637453794, 0.290394186974]
        dvar: [0.0979065299034, 0.0826951116323, 0.0626572743058, 0.0490672178566, 0.0510217510164, 0.0660763010383]
        dvar2: [0.225378960371, 0.20397567749, 0.146135032177, 0.108963236213, 0.103834301233, 0.113111741841]
        max: [-5.25745296478, -4.44639396667, -5.4003443718, -5.67119073868, -5.49023151398, -7.69129419327]
        mean: [-7.57217407227, -6.91060304642, -7.16053056717, -7.49518203735, -7.6725153923, -10.6410932541]
        median: [-6.83720397949, -6.64161872864, -6.83364391327, -6.98681497574, -6.74130630493, -9.86497783661]
        min: [-27.5052223206, -27.0524368286, -27.5326919556, -27.1572685242, -27.2193069458, -27.2416172028]
        var: [3.75774288177, 1.53775930405, 1.49000477791, 1.83032262325, 3.30439925194, 3.6380572319]

rhythm:
    beats_loudness:
        dmean: 0.00209038797766
        dmean2: 0.00393642159179
        dvar: 3.21003949466e-006
        dvar2: 1.0435310287e-005
        max: 0.0118916099891
        mean: 0.00454904325306
        median: 0.00456518912688
        min: 1.67306151572e-011
        var: 1.10720602606e-005
    bpm: 84.9785995483
    bpm_confidence: 0
    first_peak_bpm: 85
    first_peak_spread: 0.0438356213272
    first_peak_weight: 0.930666685104
    onset_rate: 2.00667834282
    second_peak_bpm: 92
    second_peak_spread: 0.399999976158
    second_peak_weight: 0.01600000076
    beats_loudness_band_ratio:
        dmean: [0.14311671257, 0.140711173415, 0.120863549411, 0.0966711714864, 0.101402975619, 0.0511628687382]
        dmean2: [0.266407966614, 0.261851400137, 0.207486584783, 0.171042650938, 0.183955296874, 0.0917587354779]
        dvar: [0.0168966148049, 0.0116593334824, 0.0132198613137, 0.00849923677742, 0.010646850802, 0.00398259004578]
        dvar2: [0.0523667149246, 0.0367315560579, 0.0347344316542, 0.023120297119, 0.0345652140677, 0.0110054370016]
        max: [0.809925019741, 0.517438530922, 0.834048867226, 0.876459598541, 0.645751953125, 0.611328780651]
        mean: [0.183209463954, 0.15363535285, 0.225498706102, 0.168757423759, 0.217609480023, 0.12192388624]
        median: [0.153823465109, 0.118691071868, 0.161706089973, 0.106175251305, 0.216298878193, 0.127453029156]
        min: [0, 0, 0, 0, 0, 0]
        var: [0.023355461657, 0.0150797134265, 0.0301090050489, 0.0288045592606, 0.0170843023807, 0.00775473378599]
    beats_position: [0.626938760281, 1.26548755169, 1.90403628349, 2.54258489609, 3.19274377823, 3.84290242195, 4.48145103455, 5.13160991669, 5.78176879883, 6.43192720413, 7.08208608627, 7.81351470947, 8.54494285583, 9.26476192474, 9.98458003998, 10.7043991089, 11.412607193, 12.1208162308, 12.8290243149, 13.5372333527, 14.2454423904, 14.9536504745, 15.6502494812, 16.3584575653, 17.0666656494, 17.7632656097, 18.4714736938, 19.179681778, 19.8878898621, 20.5960998535, 21.3043079376, 22.0125160217, 22.7091159821, 23.405714035, 24.1139221191, 24.8221302032, 25.5303401947, 26.2385482788, 26.9467563629, 27.6549663544, 28.3515644073, 29.0597724915, 29.7679805756, 30.476190567, 31.1843986511, 31.8809967041, 32.5892066956, 33.2974128723, 34.0056228638, 34.7138328552, 35.4104309082, 36.118637085, 36.8152389526, 37.5234451294, 38.2316551208, 38.9398651123, 39.6480712891, 40.3562812805, 41.0644874573, 41.7726974487, 42.4692955017, 43.1658935547, 43.8741035461, 44.5823135376, 45.2905197144, 45.9987297058, 46.718547821, 47.4267578125, 48.1349639893, 48.8431739807, 49.5513839722, 50.2595901489, 50.9678001404, 51.6643981934, 52.3609962463, 53.0692062378, 53.7774124146, 54.485622406, 55.1938323975, 55.9020385742, 56.5986366272, 57.3068466187, 58.0150566101, 58.7232627869, 59.4198646545, 60.1164627075, 60.8130607605, 61.5328788757, 62.252696991, 62.9609069824, 63.6691131592, 64.3657150269, 65.0623092651, 65.7705230713, 66.478729248, 67.1869354248, 67.895149231, 68.5917434692, 69.299949646, 70.0081634521, 70.7047576904, 71.4129714966, 72.1211776733, 72.8293838501, 73.5375976563, 74.245803833, 74.9540100098, 75.6622238159, 76.3588180542, 77.0670318604, 77.7636260986, 78.4718322754, 79.1800460815, 79.8882522583, 80.5964584351, 81.3046722412, 82.012878418, 82.7210845947, 83.4176864624, 84.1258926392, 84.8224945068, 85.5307006836, 86.2389068604, 86.9471206665, 87.6553268433, 88.36353302, 89.0601348877, 89.7683410645, 90.4649429321, 91.1731491089, 91.8813552856, 92.5895690918, 93.2977752686, 93.9943771362, 94.702583313, 95.4107894897, 96.1190032959, 96.8272094727, 97.5354156494, 98.2436294556, 98.9402236938, 99.6484298706, 100.356643677, 101.064849854, 101.761451721, 102.469657898, 103.177864075, 103.886077881, 104.594284058, 105.302490234, 105.999092102, 106.707298279, 107.403900146, 108.112106323, 108.8203125, 109.528526306, 110.236732483, 110.94493866, 111.641540527, 112.361358643, 113.069564819, 113.800994873, 114.497596741, 115.194190979, 115.890792847, 116.587387085, 117.295600891, 118.003807068, 118.712013245, 119.420227051, 120.128433228, 120.825035095, 121.533241272, 122.22983551, 122.938049316, 123.646255493, 124.35446167, 125.062675476, 125.770881653, 126.47908783, 127.175689697, 127.883895874, 128.592102051, 129.300308228, 130.008529663, 130.705123901, 131.413330078, 132.121536255, 132.829742432, 133.537963867, 134.246170044, 134.954376221, 135.650970459, 136.347564697, 137.055786133, 137.76399231, 138.472198486, 139.180404663, 139.88861084, 140.596817017, 141.293426514, 141.990020752, 142.698226929, 143.406433105, 144.114639282, 144.822860718, 145.531066895, 146.239273071, 146.93586731, 147.644073486, 148.352294922, 149.072113037, 149.768707275, 150.465301514, 151.17350769, 151.881713867, 152.589935303, 153.298141479, 153.994735718, 154.702941895, 155.399536133, 156.107757568, 156.804351807, 157.524169922, 158.232376099, 158.940582275, 159.637191772, 160.345397949, 161.053604126, 161.761810303, 162.470016479, 163.178222656, 163.886444092, 164.594650269, 165.302856445, 166.011062622, 166.719268799, 167.439086914, 168.135681152, 168.832290649, 169.540496826, 170.248703003, 170.945297241, 171.653518677, 172.361724854, 173.06993103, 173.766525269, 174.474731445, 175.171340942, 175.879547119, 176.587753296, 177.295959473, 178.004165649, 178.712371826, 179.420593262, 180.1171875, 180.825393677, 181.533599854, 182.230194092, 182.938415527, 183.646621704, 184.354827881, 185.051422119, 185.759628296, 186.467849731, 187.176055908, 187.872650146, 188.580856323, 189.2890625, 189.997268677, 190.693878174, 191.402084351, 192.121902466, 192.830108643, 193.538314819, 194.234924316, 194.931518555, 195.639724731, 196.347930908, 197.056137085, 197.764343262, 198.472564697, 199.180770874, 199.888977051, 200.597183228, 201.305389404, 202.013595581, 202.710205078, 203.406799316, 204.115005493, 204.82321167, 205.519821167, 206.228027344, 206.936233521, 207.644439697, 208.352645874, 209.060852051, 209.769073486, 210.465667725, 211.173873901, 211.882080078, 212.578674316, 213.286895752, 213.995101929, 214.703308105, 215.411514282, 216.119720459, 216.827926636, 217.524536133, 218.221130371, 218.929336548, 219.637542725, 220.345748901, 221.053970337, 221.762176514, 222.47038269, 223.166976929, 223.875183105, 224.583404541, 225.291610718, 225.999816895, 226.696411133, 227.393005371, 228.112823486, 228.832641602, 229.529251099, 230.237457275, 230.945663452, 231.653869629, 232.362075806, 233.058685303, 233.766891479, 234.475097656, 235.171691895, 235.879898071, 236.588119507, 237.296325684, 238.00453186, 238.701126099, 239.409332275, 240.117553711, 240.814147949, 241.510742188, 242.218948364, 242.927154541, 243.635375977, 244.343582153, 245.05178833, 245.759994507, 246.468200684, 247.17640686, 247.884628296, 248.592834473, 249.289428711, 249.986022949, 250.694229126, 251.402450562, 252.110656738, 252.818862915, 253.527069092, 254.235275269, 254.943481445, 255.651702881, 256.359893799, 257.068115234, 257.764709473, 258.461303711, 259.169525146, 259.877716064, 260.5859375, 261.294158936, 261.990753174, 262.687347412, 263.39553833, 264.103759766, 264.811981201]
