
metadata:
    version:
        essentia: "2.1-beta2"
    audio_properties:
        analysis_sample_rate: 44100
        bitrate: 190
        channels: 2
        equal_loudness: 1
        length: 296.254699707
        replay_gain: -15.0097751617
        downmix: "mix"
    tags:
        album: "Innocence & Instinct"
        artist: "Red"
        comment: "."
        date: "2009"
        genre: "Hard Rock"
        title: "Ordinary World"
        tracknumber: "8"

configuration:
    average_loudness:
        compute: 1
        frameSize: 88200
        hopSize: 44100
        silentFrames: "noise"
        windowType: "hann"
    general:
        analysisSampleRate: 44100
        endTime: 2000
        equalLoudness: 1
        nequalLoudness: 0
        shortSound: 0
        startTime: 0
    lowlevel:
        compute: 1
        frameSize: 2048
        hopSize: 1024
        zeroPadding: 0
        silentFrames: "noise"
        windowType: "blackmanharris62"
        mfccStats: ["mean", "cov", "icov"]
        stats: ["mean", "var", "median", "min", "max", "dmean", "dmean2", "dvar", "dvar2"]
    panning:
        compute: 0
        frameSize: 8192
        hopSize: 2048
        zeroPadding: 8192
        silentFrames: "noise"
        windowType: "hann"
        stats: ["copy"]
    rhythm:
        compute: 1
        maxTempo: 208
        minTempo: 40
        method: "degara"
        stats: ["mean", "var", "median", "min", "max", "dmean", "dmean2", "dvar", "dvar2"]
    segmentation:
        compute: 0
        cpw: 5
        inc1: 300
        inc2: 50
        minimumSegmentsLength: 10
        size1: 1000
        size2: 600
    sfx:
        compute: 1
        stats: ["mean", "var", "median", "min", "max", "dmean", "dmean2", "dvar", "dvar2"]
    svm:
        compute: 0
    tonal:
        compute: 1
        frameSize: 4096
        hopSize: 2048
        zeroPadding: 0
        silentFrames: "noise"
        windowType: "blackmanharris62"
        stats: ["mean", "var", "median", "min", "max", "dmean", "dmean2", "dvar", "dvar2"]

lowlevel:
    average_loudness: 0.780000090599
    barkbands_kurtosis:
        dmean: 0.620067358017
        dmean2: 0.992724239826
        dvar: 1.02525520325
        dvar2: 2.56108593941
        max: 20.7487545013
        mean: -0.202457427979
        median: -0.885389447212
        min: -1.84601020813
        var: 3.79355931282
    barkbands_skewness:
        dmean: 0.294970959425
        dmean2: 0.462952286005
        dvar: 0.0790744274855
        dvar2: 0.197427377105
        max: 4.18665933609
        mean: 0.287381798029
        median: 0.150261282921
        min: -2.92923259735
        var: 0.648299276829
    barkbands_spread:
        dmean: 4.25478029251
        dmean2: 6.65591859818
        dvar: 21.5826263428
        dvar2: 51.5550880432
        max: 82.4581604004
        mean: 27.3562793732
        median: 27.6059417725
        min: 1.94102060795
        var: 120.781936646
    dissonance:
        dmean: 0.0167692266405
        dmean2: 0.0283598285168
        dvar: 0.000288160314085
        dvar2: 0.000802634749562
        max: 0.499999850988
        mean: 0.465839296579
        median: 0.474096238613
        min: 0.19528593123
        var: 0.000857283826917
    hfc:
        dmean: 1.31424796581
        dmean2: 2.14887404442
        dvar: 3.39307904243
        dvar2: 8.86298274994
        max: 36.2099914551
        mean: 6.76256608963
        median: 6.2681722641
        min: 1.15875099801e-016
        var: 30.6047344208
    pitch:
        dmean: 423.253967285
        dmean2: 817.072570801
        dvar: 952136.625
        dvar2: 2646447.5
        max: 5435.82275391
        mean: 556.364868164
        median: 275.909240723
        min: 59.9647216797
        var: 856302.5
    pitch_instantaneous_confidence:
        dmean: 0.0724018141627
        dmean2: 0.115367375314
        dvar: 0.00469748582691
        dvar2: 0.01078131143
        max: 0.942539572716
        mean: 0.450012296438
        median: 0.411579579115
        min: 0.129470705986
        var: 0.032086879015
    pitch_salience:
        dmean: 0.0521882362664
        dmean2: 0.0856200233102
        dvar: 0.00224775471725
        dvar2: 0.00613749213517
        max: 0.904390156269
        mean: 0.615294635296
        median: 0.625372052193
        min: 0.25571206212
        var: 0.007592885755
    silence_rate_20dB:
        dmean: 0
        dmean2: 0
        dvar: 0
        dvar2: 0
        max: 1
        mean: 1
        median: 1
        min: 1
        var: 0
    silence_rate_30dB:
        dmean: 0
        dmean2: 0
        dvar: 0
        dvar2: 0
        max: 1
        mean: 1
        median: 1
        min: 1
        var: 0
    silence_rate_60dB:
        dmean: 0.0443608425558
        dmean2: 0.0887286439538
        dvar: 0.0423824191093
        dvar2: 0.0960372760892
        max: 1
        mean: 0.454310357571
        median: 0
        min: 0
        var: 0.247883051634
    spectral_centroid:
        dmean: 186.355438232
        dmean2: 295.132049561
        dvar: 49327.6835938
        dvar2: 106410.476563
        max: 11313.8525391
        mean: 1514.93493652
        median: 1568.25805664
        min: 229.489746094
        var: 295259.59375
    spectral_complexity:
        dmean: 2.52370882034
        dmean2: 4.18263053894
        dvar: 8.16124343872
        dvar2: 21.6752071381
        max: 44
        mean: 13.7957677841
        median: 14
        min: 0
        var: 93.9617919922
    spectral_crest:
        dmean: 1.78794550896
        dmean2: 2.89113855362
        dvar: 3.05212950706
        dvar2: 7.75574684143
        max: 22.7125606537
        mean: 7.45424842834
        median: 6.52416563034
        min: 2.38957166672
        var: 12.4887237549
    spectral_decrease:
        dmean: 1.84488924138e-010
        dmean2: 2.96398794397e-010
        dvar: 7.26163377443e-020
        dvar2: 1.87822680115e-019
        max: 6.63400472151e-029
        mean: -9.43696454314e-010
        median: -8.04808109045e-010
        min: -4.39465308588e-009
        var: 4.83639941354e-019
    spectral_energy:
        dmean: 0.000793346436694
        dmean2: 0.0012734682532
        dvar: 1.29915360958e-006
        dvar2: 3.36476955454e-006
        max: 0.0184017624706
        mean: 0.00417511584237
        median: 0.00360998651013
        min: 1.08343720813e-020
        var: 9.55990344664e-006
    spectral_energyband_high:
        dmean: 9.30860187509e-005
        dmean2: 0.000160143856192
        dvar: 2.42703226405e-008
        dvar2: 6.75576217191e-008
        max: 0.00261777616106
        mean: 0.000271678785793
        median: 0.000249957956839
        min: 7.84906594152e-021
        var: 6.92074806352e-008
    spectral_energyband_low:
        dmean: 0.000168734914041
        dmean2: 0.000295829784591
        dvar: 1.10191088254e-007
        dvar2: 3.12632181476e-007
        max: 0.00447472650558
        mean: 0.000284003472188
        median: 0.000184540840564
        min: 2.68147390092e-023
        var: 1.23404532815e-007
    spectral_energyband_middle_high:
        dmean: 0.000432884698967
        dmean2: 0.000680000055581
        dvar: 3.22757358617e-007
        dvar2: 7.81680910222e-007
        max: 0.0100793680176
        mean: 0.00208548107184
        median: 0.00178718788084
        min: 1.44262580846e-021
        var: 3.23502058563e-006
    spectral_energyband_middle_low:
        dmean: 0.000493499683216
        dmean2: 0.000775757245719
        dvar: 6.94374818977e-007
        dvar2: 1.78214622792e-006
        max: 0.0122271999717
        mean: 0.00161390111316
        median: 0.00126569578424
        min: 2.70845887611e-022
        var: 2.16052035285e-006
    spectral_flatness_db:
        dmean: 0.0125520722941
        dmean2: 0.0189816076308
        dvar: 0.000157549235155
        dvar2: 0.000334212789312
        max: 0.383643835783
        mean: 0.147582575679
        median: 0.130938351154
        min: 0.0506566986442
        var: 0.00302015827037
    spectral_flux:
        dmean: 0.0056605967693
        dmean2: 0.00887254718691
        dvar: 4.66092897113e-005
        dvar2: 0.000100124620076
        max: 0.100279852748
        mean: 0.0315855816007
        median: 0.0331022143364
        min: 1.04088286601e-010
        var: 0.000303222099319
    spectral_kurtosis:
        dmean: 1.36614215374
        dmean2: 2.27463316917
        dvar: 5.09494018555
        dvar2: 14.9116678238
        max: 50.9320793152
        mean: 4.98470878601
        median: 3.84792089462
        min: -1.35010385513
        var: 17.5148906708
    spectral_rms:
        dmean: 0.000179763665074
        dmean2: 0.00028419951559
        dvar: 5.05526607242e-008
        dvar2: 1.26009524593e-007
        max: 0.00423709116876
        mean: 0.0018262732774
        median: 0.00187668274157
        min: 3.25117190114e-012
        var: 7.38008566259e-007
    spectral_rolloff:
        dmean: 362.234588623
        dmean2: 601.265380859
        dvar: 259780.375
        dvar2: 566488.125
        max: 19035.3515625
        mean: 2845.08691406
        median: 3165.38085938
        min: 193.798828125
        var: 1112093.5
    spectral_skewness:
        dmean: 0.176394194365
        dmean2: 0.28406637907
        dvar: 0.0450886711478
        dvar2: 0.116853348911
        max: 5.59437131882
        mean: 1.61396288872
        median: 1.50562500954
        min: -0.0399255082011
        var: 0.232442557812
    spectral_spread:
        dmean: 460148.40625
        dmean2: 625943.3125
        dvar: 616595062784
        dvar2: 827433615360
        max: 40792124
        mean: 4861860.5
        median: 4751405
        min: 1233941.375
        var: 3.41845763686e+012
    spectral_strongpeak:
        dmean: 0.362289190292
        dmean2: 0.613417625427
        dvar: 0.336105614901
        dvar2: 0.864188551903
        max: 7.20186185837
        mean: 0.764938652515
        median: 0.485023498535
        min: 7.2514702576e-011
        var: 0.664299726486
    zerocrossingrate:
        dmean: 0.00668664788827
        dmean2: 0.00801473204046
        dvar: 5.9386191424e-005
        dvar2: 6.78838478052e-005
        max: 0.4970703125
        mean: 0.0874324217439
        median: 0.09130859375
        min: 0.0126953125
        var: 0.000723806209862
    barkbands:
        dmean: [4.28462385571e-007, 5.62389359402e-005, 9.86093655229e-005, 9.37395816436e-005, 0.000229623401538, 9.83990103123e-005, 9.74848444457e-005, 8.97458885447e-005, 0.000173789565451, 6.40695288894e-005, 7.3638962931e-005, 8.68644929142e-005, 8.11439167592e-005, 8.79838626133e-005, 6.40112484689e-005, 7.58934038458e-005, 0.000134689471452, 0.00011283915228, 0.000123071877169, 0.00010945428221, 4.70697268611e-005, 1.65347883012e-005, 2.98352574646e-006, 1.82278552074e-006, 1.11440226647e-006, 4.37189449087e-008, 8.50472081648e-010]
        dmean2: [7.20887840089e-007, 9.8689335573e-005, 0.00017586251488, 0.000160250754561, 0.000387311796658, 0.000154086897965, 0.000153962988406, 0.000134995760163, 0.000248043128522, 9.4771363365e-005, 0.000113324240374, 0.000133929075673, 0.000127163904835, 0.000132414977998, 0.000103216480056, 0.000124674726976, 0.000222483446123, 0.000190685677808, 0.000207492790651, 0.000188176432857, 8.08421391412e-005, 2.79392188531e-005, 4.7480689318e-006, 2.70217037723e-006, 1.61720595315e-006, 6.71415492093e-008, 1.33565625227e-009]
        dvar: [1.13249058568e-012, 2.2138150868e-008, 3.8996180507e-008, 3.20012176758e-008, 3.19049263453e-007, 3.30267795334e-008, 3.45778907729e-008, 3.39923431625e-008, 1.11084567322e-007, 1.75651120315e-008, 2.88769346213e-008, 3.84381095841e-008, 4.13346015193e-008, 4.41207603785e-008, 1.75983512207e-008, 2.0718362137e-008, 5.59550272783e-008, 3.64243852857e-008, 3.47540520806e-008, 2.6633081518e-008, 5.34848565437e-009, 9.99228477738e-010, 4.10678158147e-011, 2.23115657894e-011, 2.03837658558e-011, 8.41469296044e-015, 3.77909953272e-018]
        dvar2: [3.15257086929e-012, 6.21151770019e-008, 1.15758481911e-007, 9.03987427137e-008, 8.74897352787e-007, 7.86975817846e-008, 8.26655650599e-008, 7.15916286254e-008, 2.12308165715e-007, 3.71636872387e-008, 6.20476399149e-008, 8.36318108099e-008, 9.92825661683e-008, 9.81357999308e-008, 3.97977508726e-008, 5.19245908492e-008, 1.47376738369e-007, 1.00970410699e-007, 9.56015355769e-008, 7.46585371303e-008, 1.50108441233e-008, 2.53457854704e-009, 9.07915478909e-011, 4.11708167558e-011, 3.79537339057e-011, 1.86473524068e-014, 8.73218507598e-018]
        max: [9.7012562037e-006, 0.0017630350776, 0.00286959018558, 0.00349073437974, 0.00749170314521, 0.00386298703961, 0.00450462242588, 0.00371385598555, 0.0109599046409, 0.00535899261013, 0.00551443453878, 0.00579857546836, 0.00431044679135, 0.00600968673825, 0.00418388703838, 0.00369412289001, 0.00590478861704, 0.00428137183189, 0.00402266113088, 0.00254003680311, 0.00149401696399, 0.00110520632006, 0.0003643357486, 0.00013971561566, 0.00012336661166, 1.97006943381e-006, 5.04214519026e-008]
        mean: [4.67022715611e-007, 8.56913538883e-005, 0.000135009700898, 0.000130861692014, 0.000362880207831, 0.00019917661848, 0.000194904074306, 0.000189109312487, 0.000515435007401, 0.000145781305037, 0.000139556257636, 0.00017704316997, 0.000148863749928, 0.000175073379069, 0.000126376340631, 0.000156361580594, 0.00029072992038, 0.000252122874372, 0.000317900266964, 0.000249308999628, 0.000127351813717, 4.02748592023e-005, 7.67270375945e-006, 4.66315304948e-006, 2.41485986407e-006, 9.00321310837e-008, 1.33964106475e-009]
        median: [3.53918352403e-008, 4.50045554317e-005, 6.31665316178e-005, 6.23318919679e-005, 0.00020067836158, 9.06537898118e-005, 8.12158541521e-005, 7.7963937656e-005, 0.000145825615618, 6.24618405709e-005, 4.59421571577e-005, 7.4951138231e-005, 4.72197352792e-005, 5.71639029658e-005, 7.66590965213e-005, 0.000111261368147, 0.00019604631234, 0.000171588559169, 0.000265616021352, 0.00019475116278, 0.000109327840619, 3.22182058881e-005, 4.85427244712e-006, 2.45103319685e-006, 1.31590127239e-006, 5.07925150828e-008, 5.34132849062e-010]
        min: [9.3182222277e-024, 1.08967431542e-023, 8.586650768e-024, 1.61943141086e-023, 4.37615191363e-023, 2.61897592239e-023, 3.76846743033e-023, 4.21454365977e-023, 3.87088145512e-023, 1.08327023215e-022, 3.45240336668e-023, 1.03700726349e-022, 1.27539383463e-022, 3.85709942402e-023, 6.99351824423e-023, 1.07158676039e-022, 2.02368873532e-022, 1.90455634981e-022, 2.02020891209e-022, 3.18527190321e-022, 2.77592503752e-022, 4.85536591778e-022, 5.82978255891e-022, 7.30860923217e-022, 1.16944991604e-021, 1.5593777273e-021, 2.39492839388e-021]
        var: [1.21015719147e-012, 1.8429165749e-008, 4.1024005526e-008, 4.15045953162e-008, 3.21326808717e-007, 1.02382045952e-007, 8.82249224787e-008, 1.03871535373e-007, 9.2575578492e-007, 8.80409842807e-008, 8.79015686905e-008, 1.11879167264e-007, 1.01436782529e-007, 1.35617995056e-007, 4.51417108138e-008, 4.90140834586e-008, 1.41892428474e-007, 9.57593826456e-008, 1.13018032266e-007, 6.39816732928e-008, 1.71061085297e-008, 2.3582495956e-009, 1.17272691558e-010, 5.97049978901e-011, 4.24195366333e-011, 1.72310404741e-014, 5.77485391306e-018]
    frequency_bands:
        dmean: [4.28462385571e-007, 5.62389359402e-005, 9.86093655229e-005, 9.37395816436e-005, 0.000229623401538, 9.83990103123e-005, 9.74848444457e-005, 8.97458885447e-005, 0.000173789565451, 6.40695288894e-005, 7.3638962931e-005, 8.68644929142e-005, 8.11439167592e-005, 8.79838626133e-005, 6.40112484689e-005, 7.58934038458e-005, 0.000134689471452, 0.00011283915228, 0.000123071877169, 0.00010945428221, 4.70697268611e-005, 1.65347883012e-005, 2.98352574646e-006, 1.82278552074e-006, 1.11440226647e-006, 4.37189449087e-008, 8.50472081648e-010, 5.03410681196e-011]
        dmean2: [7.20887840089e-007, 9.8689335573e-005, 0.00017586251488, 0.000160250754561, 0.000387311796658, 0.000154086897965, 0.000153962988406, 0.000134995760163, 0.000248043128522, 9.4771363365e-005, 0.000113324240374, 0.000133929075673, 0.000127163904835, 0.000132414977998, 0.000103216480056, 0.000124674726976, 0.000222483446123, 0.000190685677808, 0.000207492790651, 0.000188176432857, 8.08421391412e-005, 2.79392188531e-005, 4.7480689318e-006, 2.70217037723e-006, 1.61720595315e-006, 6.71415492093e-008, 1.33565625227e-009, 9.35242300271e-011]
        dvar: [1.13249058568e-012, 2.2138150868e-008, 3.8996180507e-008, 3.20012176758e-008, 3.19049263453e-007, 3.30267795334e-008, 3.45778907729e-008, 3.39923431625e-008, 1.11084567322e-007, 1.75651120315e-008, 2.88769346213e-008, 3.84381095841e-008, 4.13346015193e-008, 4.41207603785e-008, 1.75983512207e-008, 2.0718362137e-008, 5.59550272783e-008, 3.64243852857e-008, 3.47540520806e-008, 2.6633081518e-008, 5.34848565437e-009, 9.99228477738e-010, 4.10678158147e-011, 2.23115657894e-011, 2.03837658558e-011, 8.41469296044e-015, 3.77909953272e-018, 6.99257938615e-021]
        dvar2: [3.15257086929e-012, 6.21151770019e-008, 1.15758481911e-007, 9.03987427137e-008, 8.74897352787e-007, 7.86975817846e-008, 8.26655650599e-008, 7.15916286254e-008, 2.12308165715e-007, 3.71636872387e-008, 6.20476399149e-008, 8.36318108099e-008, 9.92825661683e-008, 9.81357999308e-008, 3.97977508726e-008, 5.19245908492e-008, 1.47376738369e-007, 1.00970410699e-007, 9.56015355769e-008, 7.46585371303e-008, 1.50108441233e-008, 2.53457854704e-009, 9.07915478909e-011, 4.11708167558e-011, 3.79537339057e-011, 1.86473524068e-014, 8.73218507598e-018, 2.26380398975e-020]
        max: [9.7012562037e-006, 0.0017630350776, 0.00286959018558, 0.00349073437974, 0.00749170314521, 0.00386298703961, 0.00450462242588, 0.00371385598555, 0.0109599046409, 0.00535899261013, 0.00551443453878, 0.00579857546836, 0.00431044679135, 0.00600968673825, 0.00418388703838, 0.00369412289001, 0.00590478861704, 0.00428137183189, 0.00402266113088, 0.00254003680311, 0.00149401696399, 0.00110520632006, 0.0003643357486, 0.00013971561566, 0.00012336661166, 1.97006943381e-006, 5.04214519026e-008, 9.91451476473e-010]
        mean: [4.67022715611e-007, 8.56913538883e-005, 0.000135009700898, 0.000130861692014, 0.000362880207831, 0.00019917661848, 0.000194904074306, 0.000189109312487, 0.000515435007401, 0.000145781305037, 0.000139556257636, 0.00017704316997, 0.000148863749928, 0.000175073379069, 0.000126376340631, 0.000156361580594, 0.00029072992038, 0.000252122874372, 0.000317900266964, 0.000249308999628, 0.000127351813717, 4.02748592023e-005, 7.67270375945e-006, 4.66315304948e-006, 2.41485986407e-006, 9.00321310837e-008, 1.33964106475e-009, 3.92060897636e-011]
        median: [3.53918352403e-008, 4.50045554317e-005, 6.31665316178e-005, 6.23318919679e-005, 0.00020067836158, 9.06537898118e-005, 8.12158541521e-005, 7.7963937656e-005, 0.000145825615618, 6.24618405709e-005, 4.59421571577e-005, 7.4951138231e-005, 4.72197352792e-005, 5.71639029658e-005, 7.66590965213e-005, 0.000111261368147, 0.00019604631234, 0.000171588559169, 0.000265616021352, 0.00019475116278, 0.000109327840619, 3.22182058881e-005, 4.85427244712e-006, 2.45103319685e-006, 1.31590127239e-006, 5.07925150828e-008, 5.34132849062e-010, 1.03387003819e-011]
        min: [9.3182222277e-024, 1.08967431542e-023, 8.586650768e-024, 1.61943141086e-023, 4.37615191363e-023, 2.61897592239e-023, 3.76846743033e-023, 4.21454365977e-023, 3.87088145512e-023, 1.08327023215e-022, 3.45240336668e-023, 1.03700726349e-022, 1.27539383463e-022, 3.85709942402e-023, 6.99351824423e-023, 1.07158676039e-022, 2.02368873532e-022, 1.90455634981e-022, 2.02020891209e-022, 3.18527190321e-022, 2.77592503752e-022, 4.85536591778e-022, 5.82978255891e-022, 7.30860923217e-022, 1.16944991604e-021, 1.5593777273e-021, 2.39492839388e-021, 6.7572123726e-022]
        var: [1.21015719147e-012, 1.8429165749e-008, 4.1024005526e-008, 4.15045953162e-008, 3.21326808717e-007, 1.02382045952e-007, 8.82249224787e-008, 1.03871535373e-007, 9.2575578492e-007, 8.80409842807e-008, 8.79015686905e-008, 1.11879167264e-007, 1.01436782529e-007, 1.35617995056e-007, 4.51417108138e-008, 4.90140834586e-008, 1.41892428474e-007, 9.57593826456e-008, 1.13018032266e-007, 6.39816732928e-008, 1.71061085297e-008, 2.3582495956e-009, 1.17272691558e-010, 5.97049978901e-011, 4.24195366333e-011, 1.72310404741e-014, 5.77485391306e-018, 5.53091893203e-021]
    mfcc:
        mean: [-729.895080566, 106.488616943, -47.1697387695, 37.2277488708, -15.227558136, -8.69273948669, 1.66746032238, -2.26973247528, -0.539003193378, -1.97767686844, -3.52460741997, -5.52006387711, -3.23697519302]
        cov: [[10080.1191406, 366.223052979, 104.502853394, 1248.95349121, -435.637817383, 428.5753479, -128.010253906, 209.510574341, 144.211380005, -223.053817749, 194.390640259, 192.155563354, -205.531112671], [366.223052979, 900.512451172, 142.644775391, 132.318832397, -55.9056167603, -9.91063690186, 6.4580540657, -67.4462203979, -60.7126083374, -32.0465621948, 20.7720432281, -2.82274580002, -3.50672650337], [104.502853394, 142.644775391, 741.297302246, 223.053039551, 29.7885417938, 98.3306503296, 3.12008190155, -11.6258487701, 9.71357250214, -71.7243423462, 4.2912273407, 15.1883506775, -21.0028438568], [1248.95349121, 132.318832397, 223.053039551, 452.260681152, 26.1163902283, 98.0337371826, -35.4543457031, 15.3633241653, 52.236000061, -67.6223526001, 9.34304332733, 19.9126262665, -25.5504226685], [-435.637817383, -55.9056167603, 29.7885417938, 26.1163902283, 164.359939575, 5.21922159195, -12.3800678253, -25.6380519867, 19.6859149933, 16.1931648254, -19.9038200378, -12.9280261993, 10.0724411011], [428.5753479, -9.91063690186, 98.3306503296, 98.0337371826, 5.21922159195, 135.005020142, 30.6132240295, 33.149433136, 19.9484615326, -18.4294261932, 23.0879230499, 16.939239502, -17.6028823853], [-128.010253906, 6.4580540657, 3.12008190155, -35.4543457031, -12.3800678253, 30.6132240295, 128.085601807, 66.658493042, 10.2500400543, 8.50984573364, 10.3392381668, 13.4248952866, 5.9765996933], [209.510574341, -67.4462203979, -11.6258487701, 15.3633241653, -25.6380519867, 33.149433136, 66.658493042, 124.768302917, 43.4551544189, 3.37523698807, 6.00795555115, 13.8254270554, -6.58230113983], [144.211380005, -60.7126083374, 9.71357250214, 52.236000061, 19.6859149933, 19.9484615326, 10.2500400543, 43.4551544189, 100.64768219, 16.7297000885, 4.04936265945, 3.24077653885, 5.11474514008], [-223.053817749, -32.0465621948, -71.7243423462, -67.6223526001, 16.1931648254, -18.4294261932, 8.50984573364, 3.37523698807, 16.7297000885, 95.6440124512, 23.0638122559, 0.221869677305, 3.72710871696], [194.390640259, 20.7720432281, 4.2912273407, 9.34304332733, -19.9038200378, 23.0879230499, 10.3392381668, 6.00795555115, 4.04936265945, 23.0638122559, 80.6617279053, 33.4029808044, -7.72451686859], [192.155563354, -2.82274580002, 15.1883506775, 19.9126262665, -12.9280261993, 16.939239502, 13.4248952866, 13.8254270554, 3.24077653885, 0.221869677305, 33.4029808044, 67.9913635254, 19.5417366028], [-205.531112671, -3.50672650337, -21.0028438568, -25.5504226685, 10.0724411011, -17.6028823853, 5.9765996933, -6.58230113983, 5.11474514008, 3.72710871696, -7.72451686859, 19.5417366028, 74.737663269]]
        icov: [[0.00025665704743, -2.22140679398e-005, 0.000220517889829, -0.000655565003399, 0.000677875766996, -0.000411170040024, 0.000366092222976, -0.00018206180539, -9.0729619842e-005, 9.45159772527e-005, -8.78725841176e-005, -0.000461650226498, 0.000422238197643], [-2.22140679398e-005, 0.00143078051042, -0.000190094375284, -0.000667463347781, 0.000573490338866, 0.000586201727856, -0.000963955477346, 0.00105082022492, 0.000711112341378, -0.000121040415252, -0.000479855225421, 0.000585513946135, -0.000290470343316], [0.000220517889829, -0.000190094375284, 0.00194167648442, -0.00107361783739, 0.000273321318673, -0.00112522940617, -5.60010312256e-006, 0.00035285067861, -0.000201491173357, 0.000884293753188, -1.18874538657e-006, -0.000668311375193, 0.000650104135275], [-0.000655565003399, -0.000667463347781, -0.00107361783739, 0.00568726845086, -0.00254361587577, -0.000893188931514, 0.0011495850049, -0.000361379206879, -0.00191973638721, 0.00192959688138, 0.000181591545697, 1.9104752937e-005, -0.00013395678252], [0.000677875766996, 0.000573490338866, 0.000273321318673, -0.00254361587577, 0.00947690289468, -0.00177357380744, 0.000160371942911, 0.0024242575746, -0.0016264753649, -0.00207104557194, 0.00200987909921, -0.000432077998994, 0.000139364463394], [-0.000411170040024, 0.000586201727856, -0.00112522940617, -0.000893188931514, -0.00177357380744, 0.0119805028662, -0.00331984460354, -0.000588316528592, -9.3852286227e-005, 0.00131213350687, -0.0027145370841, 0.000149675805005, 0.00117094512098], [0.000366092222976, -0.000963955477346, -5.60010312256e-006, 0.0011495850049, 0.000160371942911, -0.00331984460354, 0.0136124286801, -0.00792501494288, 0.00111795112025, -0.000276419974398, -0.000555124715902, -0.00110112514812, -0.00106927647721], [-0.00018206180539, 0.00105082022492, 0.00035285067861, -0.000361379206879, 0.0024242575746, -0.000588316528592, -0.00792501494288, 0.0160089284182, -0.00553855998442, -5.62539971725e-005, 0.00206144363619, -0.00187516619917, 0.00218784832396], [-9.0729619842e-005, 0.000711112341378, -0.000201491173357, -0.00191973638721, -0.0016264753649, -9.3852286227e-005, 0.00111795112025, -0.00553855998442, 0.0148021327332, -0.00346094975248, -0.000643606472295, 0.00191562727559, -0.00271696457639], [9.45159772527e-005, -0.000121040415252, 0.000884293753188, 0.00192959688138, -0.00207104557194, 0.00131213350687, -0.000276419974398, -5.62539971725e-005, -0.00346094975248, 0.0153430104256, -0.00604799948633, 0.00131926441099, 0.00026939593954], [-8.78725841176e-005, -0.000479855225421, -1.18874538657e-006, 0.000181591545697, 0.00200987909921, -0.0027145370841, -0.000555124715902, 0.00206144363619, -0.000643606472295, -0.00604799948633, 0.0202977061272, -0.0102119976655, 0.00422696955502], [-0.000461650226498, 0.000585513946135, -0.000668311375193, 1.9104752937e-005, -0.000432077998994, 0.000149675805005, -0.00110112514812, -0.00187516619917, 0.00191562727559, 0.00131926441099, -0.0102119976655, 0.024161150679, -0.00897676218301], [0.000422238197643, -0.000290470343316, 0.000650104135275, -0.00013395678252, 0.000139364463394, 0.00117094512098, -0.00106927647721, 0.00218784832396, -0.00271696457639, 0.00026939593954, 0.00422696955502, -0.00897676218301, 0.0181563235819]]
    sccoeffs:
        dmean: [0.0468245074153, 0.041951302439, 0.035347238183, 0.0293755736202, 0.0201734229922, 0.0149014806375]
        dmean2: [0.0783594399691, 0.0687340274453, 0.056886639446, 0.0476407818496, 0.0331414304674, 0.0244361553341]
        dvar: [0.00169521092903, 0.00119382608682, 0.000809710007161, 0.000551059667487, 0.00026810055715, 0.000186533390661]
        dvar2: [0.00456092786044, 0.00306067196652, 0.00204836484045, 0.00139029812999, 0.000679393764585, 0.000459783041151]
        max: [-0.361260533333, -0.477857977152, -0.477241575718, -0.493228375912, -0.614194452763, -0.640441000462]
        mean: [-0.682741701603, -0.735894322395, -0.738106131554, -0.764742851257, -0.78716892004, -0.765106320381]
        median: [-0.689475357533, -0.738617300987, -0.744854927063, -0.770331323147, -0.788812160492, -0.755407333374]
        min: [-0.973070561886, -0.970559895039, -0.961580634117, -0.954381108284, -0.961672306061, -0.961398005486]
        var: [0.00554616376758, 0.00462622847408, 0.00456817727536, 0.00291138072498, 0.00132120680064, 0.00163449707907]
    scvalleys:
        dmean: [0.347577869892, 0.321055054665, 0.28126308322, 0.239052057266, 0.214321702719, 0.219689801335]
        dmean2: [0.578674852848, 0.530912399292, 0.461970448494, 0.383104026318, 0.33203420043, 0.304793387651]
        dvar: [0.102540753782, 0.0928889364004, 0.0811617076397, 0.0726441890001, 0.0854140967131, 0.0972137376666]
        dvar2: [0.240783035755, 0.205442368984, 0.164306014776, 0.133408561349, 0.14997535944, 0.156966716051]
        max: [-5.04552221298, -4.73814058304, -5.41869354248, -5.91900587082, -5.72712469101, -7.50913953781]
        mean: [-7.27536249161, -6.87362384796, -7.27982568741, -7.54591751099, -7.48738288879, -10.0530281067]
        median: [-6.7481713295, -6.5629067421, -6.90625905991, -7.08161830902, -6.81115818024, -9.4677438736]
        min: [-27.2130680084, -27.3200759888, -27.426815033, -27.4831695557, -27.2680644989, -27.2145614624]
        var: [2.97141551971, 1.6330858469, 1.3362249136, 1.45895218849, 1.90055859089, 2.51592874527]

rhythm:
    beats_loudness:
        dmean: 0.00179046171252
        dmean2: 0.00301675219089
        dvar: 2.26420024774e-006
        dvar2: 6.0198144638e-006
        max: 0.0130600333214
        mean: 0.00442414358258
        median: 0.00402063969523
        min: 2.16781326223e-009
        var: 9.04417629499e-006
    bpm: 129.88142395
    bpm_confidence: 0
    first_peak_bpm: 129
    first_peak_spread: 0.300869584084
    first_peak_weight: 0.632075488567
    onset_rate: 2.02528429031
    second_peak_bpm: 123
    second_peak_spread: 0.470588237047
    second_peak_weight: 0.0141509436071
    beats_loudness_band_ratio:
        dmean: [0.143816709518, 0.108033582568, 0.123919695616, 0.101927928627, 0.0951821058989, 0.0617578364909]
        dmean2: [0.261055201292, 0.183123394847, 0.213986128569, 0.17780174315, 0.165304079652, 0.107568189502]
        dvar: [0.0136149078608, 0.00929120834917, 0.0168618578464, 0.0103718210012, 0.00989377405494, 0.00357604702003]
        dvar2: [0.0412442497909, 0.0243507716805, 0.0461561903358, 0.0295944325626, 0.0288313291967, 0.0105587597936]
        max: [0.737158894539, 0.778601527214, 0.803245067596, 0.847893476486, 0.815815806389, 0.575335264206]
        mean: [0.180741488934, 0.16544906795, 0.194092810154, 0.154436975718, 0.213455662131, 0.147219449282]
        median: [0.147674247622, 0.131035149097, 0.140375822783, 0.107878893614, 0.189757689834, 0.144280701876]
        min: [2.61399836745e-005, 0.000128728788695, 0.00378207163885, 0.0084255700931, 0.00223727477714, 0.000449429673608]
        var: [0.021580895409, 0.0176455453038, 0.0232689790428, 0.0155491223559, 0.020654860884, 0.00705882254988]
    beats_position: [0.371519267559, 0.743038535118, 1.11455774307, 1.48607707024, 1.8575963974, 2.24072551727, 2.61224484444, 2.99537420273, 3.39011335373, 3.78485250473, 4.17959165573, 4.57433080673, 4.96907043457, 5.35219955444, 5.73532867432, 6.17650794983, 6.60607719421, 7.03564596176, 7.47682523727, 7.92961454391, 8.37079334259, 8.82358264923, 9.29959201813, 9.77560043335, 10.2399997711, 10.71600914, 11.1920175552, 11.6680269241, 12.1324262619, 12.5968255997, 13.0612239838, 13.5140132904, 13.9784126282, 14.4428119659, 14.90721035, 15.3716096878, 15.8360090256, 16.2887973785, 16.7415866852, 17.2059860229, 17.6703853607, 18.1347846985, 18.5991840363, 19.0635814667, 19.5279808044, 19.9923801422, 20.4451694489, 20.8979587555, 21.3623580933, 21.826757431, 22.2911567688, 22.7555541992, 23.219953537, 23.6843528748, 24.1371421814, 24.589931488, 25.0543308258, 25.5187301636, 25.9831295013, 26.4475269318, 26.9119262695, 27.3763256073, 27.8291149139, 28.2819042206, 28.7463035583, 29.2107028961, 29.6751022339, 30.1394996643, 30.6038990021, 31.0682983398, 31.5210876465, 31.9738769531, 32.4382743835, 32.9026756287, 33.3670730591, 33.8314743042, 34.2958717346, 34.7602729797, 35.2130622864, 35.6658477783, 36.1302490234, 36.5946464539, 37.059047699, 37.5234451294, 37.9878463745, 38.4522438049, 38.9050331116, 39.3578224182, 39.8222198486, 40.2866210938, 40.7510185242, 41.2154197693, 41.6798171997, 42.1326065063, 42.585395813, 43.0497932434, 43.5141944885, 43.9785919189, 44.4429931641, 44.9073905945, 45.3717918396, 45.83618927, 46.3005905151, 46.7533760071, 47.2177772522, 47.6821746826, 48.1349639893, 48.5993652344, 49.0637626648, 49.5281639099, 49.9809532166, 50.4337387085, 50.8981399536, 51.362537384, 51.8269386292, 52.2913360596, 52.7557373047, 53.2201347351, 53.6845359802, 54.1373214722, 54.5901107788, 55.0545120239, 55.5189094543, 55.9833106995, 56.4477081299, 56.912109375, 57.3765068054, 57.8292961121, 58.2820854187, 58.7464828491, 59.2108840942, 59.6752815247, 60.1396827698, 60.6040802002, 61.0684814453, 61.5328788757, 61.9856681824, 62.4500656128, 62.9144668579, 63.3788642883, 63.831653595, 64.2960510254, 64.7604522705, 65.2132415771, 65.6660308838, 66.1304321289, 66.5948257446, 67.0476150513, 67.5004043579, 67.964805603, 68.4292068481, 68.8936004639, 69.358001709, 69.8224029541, 70.2868041992, 70.7511978149, 71.2155990601, 71.6800003052, 72.1444015503, 72.5971832275, 73.0499725342, 73.5143737793, 73.9787750244, 74.4431762695, 74.9075698853, 75.3603591919, 75.8131484985, 76.2775497437, 76.7419509888, 77.2063446045, 77.6707458496, 78.1351470947, 78.5995483398, 79.0639419556, 79.5167312622, 79.9811325073, 80.433921814, 80.8983230591, 81.3627166748, 81.8271179199, 82.291519165, 82.7559204102, 83.2087097168, 83.661491394, 84.1258926392, 84.5902938843, 85.0546951294, 85.5190887451, 85.9834899902, 86.4478912354, 86.9122848511, 87.3650741577, 87.8178634644, 88.2822647095, 88.7466659546, 89.2110671997, 89.6754608154, 90.1282501221, 90.5926513672, 91.0454406738, 91.5098419189, 91.9742355347, 92.4386367798, 92.9030380249, 93.36743927, 93.8318328857, 94.2962341309, 94.760635376, 95.2250289917, 95.6894302368, 96.1422195435, 96.6066207886, 97.0594100952, 97.5238113403, 97.976600647, 98.4293823242, 98.8937835693, 99.3581848145, 99.8225860596, 100.286979675, 100.75138092, 101.215782166, 101.680175781, 102.132965088, 102.585754395, 103.05015564, 103.514556885, 103.97895813, 104.443351746, 104.896141052, 105.348930359, 105.813331604, 106.277732849, 106.742126465, 107.20652771, 107.670928955, 108.1353302, 108.599723816, 109.052513123, 109.516914368, 109.981315613, 110.445709229, 110.898498535, 111.36289978, 111.827301025, 112.291702271, 112.756095886, 113.208885193, 113.673286438, 114.137687683, 114.59047699, 115.054870605, 115.519271851, 115.983673096, 116.448066711, 116.912467957, 117.376869202, 117.829658508, 118.282447815, 118.74684906, 119.211242676, 119.675643921, 120.140045166, 120.604438782, 121.068840027, 121.533241272, 121.997642517, 122.462036133, 122.914825439, 123.367614746, 123.832015991, 124.296417236, 124.760810852, 125.225212097, 125.678001404, 126.13079071, 126.595191956, 127.059593201, 127.523986816, 127.988388062, 128.452789307, 128.905578613, 129.35836792, 129.822769165, 130.28717041, 130.751556396, 131.215957642, 131.680358887, 132.144760132, 132.609161377, 133.073562622, 133.526351929, 133.979141235, 134.44354248, 134.907928467, 135.372329712, 135.836730957, 136.301132202, 136.753921509, 137.218322754, 137.671112061, 138.135513306, 138.599899292, 139.064300537, 139.528701782, 139.993103027, 140.445892334, 140.898681641, 141.363082886, 141.827484131, 142.291885376, 142.756271362, 143.220672607, 143.685073853, 144.137863159, 144.590652466, 145.055053711, 145.519454956, 145.983856201, 146.448257446, 146.912643433, 147.377044678, 147.841445923, 148.294235229, 148.747024536, 149.211425781, 149.675827026, 150.140228271, 150.604629517, 151.069015503, 151.533416748, 151.986206055, 152.438995361, 152.903396606, 153.367797852, 153.832199097, 154.296600342, 154.761001587, 155.225387573, 155.67817688, 156.130966187, 156.595367432, 157.059768677, 157.524169922, 157.988571167, 158.452972412, 158.917373657, 159.381759644, 159.83454895, 160.298950195, 160.751739502, 161.216140747, 161.680541992, 162.144943237, 162.609344482, 163.073745728, 163.526535034, 163.990921021, 164.443710327, 164.908111572, 165.372512817, 165.836914063, 166.301315308, 166.754104614, 167.206893921, 167.671295166, 168.135681152, 168.588470459, 169.041259766, 169.505661011, 169.970062256, 170.434463501, 170.898864746, 171.351654053, 171.816055298, 172.280456543, 172.744842529, 173.209243774, 173.662033081, 174.126434326, 174.590835571, 175.066848755, 175.519638062, 175.984039307, 176.448425293, 176.912826538, 177.365615845, 177.818405151, 178.282806396, 178.747207642, 179.211608887, 179.676010132, 180.140411377, 180.593200684, 181.04598999, 181.510375977, 181.974777222, 182.439178467, 182.903579712, 183.367980957, 183.832382202, 184.296783447, 184.749572754, 185.21395874, 185.666748047, 186.119537354, 186.57232666, 187.048339844, 187.524353027, 187.988754272, 188.441543579, 188.905944824, 189.358734131, 189.834732056, 190.287521362, 190.751922607, 191.216323853, 191.680725098, 192.133514404, 192.586303711, 193.039093018, 193.503494263, 193.979492188, 194.443893433, 194.908294678, 195.372695923, 195.825485229, 196.289886475, 196.742675781, 197.207077026, 197.671463013, 198.135864258, 198.600265503, 199.064666748, 199.517456055, 199.9818573, 200.446258545, 200.91065979, 201.363449097, 201.827835083, 202.292236328, 202.756637573, 203.221038818, 203.685440063, 204.13822937, 204.602630615, 205.055419922, 205.519821167, 205.984207153, 206.43699646, 206.889785767, 207.354187012, 207.818588257, 208.282989502, 208.747390747, 209.211791992, 209.676193237, 210.140579224, 210.59336853, 211.057769775, 211.510559082, 211.974960327, 212.439361572, 212.903762817, 213.379776001, 213.832565308, 214.285354614, 214.749740601, 215.214141846, 215.713378906, 216.212600708, 216.711837769, 217.21105957, 217.721893311, 218.23274231, 218.731964111, 219.231201172, 219.742034912, 220.229660034, 220.728881836, 221.20489502, 221.680908203, 222.145309448, 222.609695435, 223.097320557, 223.584945679, 224.08416748, 224.560180664, 225.036193848, 225.523803711, 225.999816895, 226.475830078, 226.951828003, 227.416229248, 227.880630493, 228.356643677, 228.832641602, 229.320266724, 229.807891846, 230.295501709, 230.829559326, 231.352020264, 231.828018188, 232.304031372, 232.756820679, 233.221221924, 233.685623169, 234.150024414, 234.602813721, 235.055603027, 235.519989014, 235.984390259, 236.437179565, 236.901580811, 237.354370117, 237.818771362, 238.283172607, 238.747573853, 239.211975098, 239.664764404, 240.117553711, 240.581939697, 241.046340942, 241.510742188, 241.975143433, 242.439544678, 242.903945923, 243.368347168, 243.821136475, 244.285522461, 244.738311768, 245.191101074, 245.643890381, 246.119903564, 246.595916748, 247.060317993, 247.524719238, 247.989105225, 248.465118408, 248.929519653, 249.370697021, 249.823486328, 250.287887573, 250.74067688, 251.193466187, 251.657867432, 252.122268677, 252.586654663, 253.051055908, 253.515457153, 253.979858398, 254.432647705, 254.885437012, 255.349838257, 255.814239502, 256.278625488, 256.743041992, 257.207427979, 257.671844482, 258.136230469, 258.589019775, 259.053405762, 259.517822266, 259.982208252, 260.434997559, 260.899414063, 261.363800049, 261.828216553, 262.281005859, 262.745391846, 263.198181152, 263.662567139, 264.126983643, 264.591369629, 265.055786133, 265.508575439, 265.961364746, 266.425750732, 266.890167236, 267.354553223, 267.818939209, 268.283355713, 268.747741699, 269.212158203, 269.66494751, 270.129333496, 270.59375, 271.058135986, 271.510925293, 271.975311279, 272.439727783, 272.90411377, 273.368530273, 273.83291626, 274.285705566, 274.75012207, 275.202911377, 275.667297363, 276.13168335, 276.584472656, 277.037261963, 277.501678467, 277.966064453, 278.430480957, 278.894866943, 279.359283447, 279.823669434, 280.28805542, 280.752471924, 281.21685791, 281.669647217, 282.134063721, 282.610076904, 283.074462891, 283.550476074, 284.026489258, 284.514099121, 285.001708984, 285.547393799, 286.081451416, 286.615509033, 287.16116333, 287.706848145, 288.264129639, 288.798187256, 289.343841553, 289.935943604, 290.539672852, 291.131774902, 291.65423584, 292.188293457, 292.757171631, 293.314453125, 293.883361816, 294.45223999, 295.021118164, 295.578399658]
