
metadata:
    version:
        essentia: "2.1-beta2"
    audio_properties:
        analysis_sample_rate: 44100
        bitrate: 188
        channels: 2
        equal_loudness: 1
        length: 338.860412598
        replay_gain: -15.8620328903
        downmix: "mix"
    tags:
        album: "Innocence & Instinct"
        artist: "Red"
        comment: "."
        date: "2009"
        genre: "Hard Rock"
        title: "Take It All Away"
        tracknumber: "10"

configuration:
    average_loudness:
        compute: 1
        frameSize: 88200
        hopSize: 44100
        silentFrames: "noise"
        windowType: "hann"
    general:
        analysisSampleRate: 44100
        endTime: 2000
        equalLoudness: 1
        nequalLoudness: 0
        shortSound: 0
        startTime: 0
    lowlevel:
        compute: 1
        frameSize: 2048
        hopSize: 1024
        zeroPadding: 0
        silentFrames: "noise"
        windowType: "blackmanharris62"
        mfccStats: ["mean", "cov", "icov"]
        stats: ["mean", "var", "median", "min", "max", "dmean", "dmean2", "dvar", "dvar2"]
    panning:
        compute: 0
        frameSize: 8192
        hopSize: 2048
        zeroPadding: 8192
        silentFrames: "noise"
        windowType: "hann"
        stats: ["copy"]
    rhythm:
        compute: 1
        maxTempo: 208
        minTempo: 40
        method: "degara"
        stats: ["mean", "var", "median", "min", "max", "dmean", "dmean2", "dvar", "dvar2"]
    segmentation:
        compute: 0
        cpw: 5
        inc1: 300
        inc2: 50
        minimumSegmentsLength: 10
        size1: 1000
        size2: 600
    sfx:
        compute: 1
        stats: ["mean", "var", "median", "min", "max", "dmean", "dmean2", "dvar", "dvar2"]
    svm:
        compute: 0
    tonal:
        compute: 1
        frameSize: 4096
        hopSize: 2048
        zeroPadding: 0
        silentFrames: "noise"
        windowType: "blackmanharris62"
        stats: ["mean", "var", "median", "min", "max", "dmean", "dmean2", "dvar", "dvar2"]

lowlevel:
    average_loudness: 0.0508720129728
    barkbands_kurtosis:
        dmean: 2.12876033783
        dmean2: 3.41298341751
        dvar: 9.92881679535
        dvar2: 24.6604213715
        max: 70.8125686646
        mean: 5.14598083496
        median: 3.39002132416
        min: -1.82641541958
        var: 46.7617759705
    barkbands_skewness:
        dmean: 0.374722421169
        dmean2: 0.598751842976
        dvar: 0.129649072886
        dvar2: 0.328476935625
        max: 7.1264629364
        mean: 1.4729372263
        median: 1.54748368263
        min: -2.30704307556
        var: 1.48828530312
    barkbands_spread:
        dmean: 2.74896216393
        dmean2: 4.4464840889
        dvar: 11.7469377518
        dvar2: 30.2156047821
        max: 76.5610122681
        mean: 15.3616056442
        median: 10.6524934769
        min: 0.459958612919
        var: 146.823516846
    dissonance:
        dmean: 0.0249449051917
        dmean2: 0.0420589521527
        dvar: 0.000653065391816
        dvar2: 0.00175985111855
        max: 0.500000119209
        mean: 0.439332991838
        median: 0.450474441051
        min: 0.144933864474
        var: 0.00216763862409
    hfc:
        dmean: 0.485596090555
        dmean2: 0.795528709888
        dvar: 1.73016035557
        dvar2: 4.54498195648
        max: 30.5660076141
        mean: 2.72143626213
        median: 0.22110247612
        min: 1.11741486374e-016
        var: 29.1573200226
    pitch:
        dmean: 189.61555481
        dmean2: 363.103363037
        dvar: 368904.875
        dvar2: 1029238.375
        max: 5365.20361328
        mean: 339.819915771
        median: 199.75743103
        min: 43.0879440308
        var: 371018.8125
    pitch_instantaneous_confidence:
        dmean: 0.073373824358
        dmean2: 0.118449807167
        dvar: 0.00415293313563
        dvar2: 0.0107487617061
        max: 0.976166307926
        mean: 0.45720154047
        median: 0.431349873543
        min: 0.118913829327
        var: 0.025795519352
    pitch_salience:
        dmean: 0.0562262870371
        dmean2: 0.0926911309361
        dvar: 0.00238249124959
        dvar2: 0.00648855371401
        max: 0.978816747665
        mean: 0.592889070511
        median: 0.605802953243
        min: 0.099795088172
        var: 0.010042375885
    silence_rate_20dB:
        dmean: 0
        dmean2: 0
        dvar: 0
        dvar2: 0
        max: 1
        mean: 1
        median: 1
        min: 1
        var: 0
    silence_rate_30dB:
        dmean: 0
        dmean2: 0
        dvar: 0
        dvar2: 0
        max: 1
        mean: 1
        median: 1
        min: 1
        var: 0
    silence_rate_60dB:
        dmean: 0.00342606543563
        dmean2: 0.00685260072351
        dvar: 0.00341416057199
        dvar2: 0.00927242729813
        max: 1
        mean: 0.824186384678
        median: 1
        min: 0
        var: 0.144917070866
    spectral_centroid:
        dmean: 97.3463439941
        dmean2: 157.82510376
        dvar: 25118.2089844
        dvar2: 49919.2578125
        max: 11227.8427734
        mean: 738.678466797
        median: 524.491027832
        min: 108.337509155
        var: 327455.65625
    spectral_complexity:
        dmean: 1.21049749851
        dmean2: 2.07976436615
        dvar: 3.5404946804
        dvar2: 9.71375179291
        max: 43
        mean: 6.64090442657
        median: 3
        min: 0
        var: 89.3808135986
    spectral_crest:
        dmean: 1.909958601
        dmean2: 3.1510386467
        dvar: 2.96230602264
        dvar2: 7.86990261078
        max: 25.254524231
        mean: 9.18377876282
        median: 8.65674686432
        min: 2.5132188797
        var: 14.0837965012
    spectral_decrease:
        dmean: 8.58284276983e-011
        dmean2: 1.39997277659e-010
        dvar: 2.82656501039e-020
        dvar2: 7.43691205377e-020
        max: 1.2137286343e-028
        mean: -4.50278314634e-010
        median: -1.39476555305e-010
        min: -4.28426272236e-009
        var: 4.66694215928e-019
    spectral_energy:
        dmean: 0.000357351440471
        dmean2: 0.000583310378715
        dvar: 5.1686953384e-007
        dvar2: 1.35634581966e-006
        max: 0.0182275529951
        mean: 0.00194629339967
        median: 0.000550581607968
        min: 9.95592000329e-021
        var: 9.33178034757e-006
    spectral_energyband_high:
        dmean: 2.79242231045e-005
        dmean2: 4.79483496747e-005
        dvar: 6.91097801209e-009
        dvar2: 1.95766265421e-008
        max: 0.001650192542
        mean: 8.84574474185e-005
        median: 1.80517713488e-006
        min: 7.21797560176e-021
        var: 3.81615770095e-008
    spectral_energyband_low:
        dmean: 0.000135643233079
        dmean2: 0.000231715050177
        dvar: 7.91798484556e-008
        dvar2: 2.21083425345e-007
        max: 0.00424048909917
        mean: 0.000228323609917
        median: 9.56961594056e-005
        min: 3.9052559113e-023
        var: 1.28592603232e-007
    spectral_energyband_middle_high:
        dmean: 0.000169125603861
        dmean2: 0.000271788798273
        dvar: 2.07840713529e-007
        dvar2: 5.32937121989e-007
        max: 0.0102738961577
        mean: 0.000859457300976
        median: 4.46978629043e-005
        min: 1.45889174167e-021
        var: 3.24626125803e-006
    spectral_energyband_middle_low:
        dmean: 0.000243458445766
        dmean2: 0.000391637469875
        dvar: 2.36471365156e-007
        dvar2: 6.15192277564e-007
        max: 0.0115722892806
        mean: 0.000845446891617
        median: 0.000378384022042
        min: 2.66442882557e-022
        var: 1.23637300931e-006
    spectral_flatness_db:
        dmean: 0.0157131869346
        dmean2: 0.0250206887722
        dvar: 0.00023015003535
        dvar2: 0.000574318226427
        max: 0.44024297595
        mean: 0.211565494537
        median: 0.203157901764
        min: 0.0419233515859
        var: 0.00477120373398
    spectral_flux:
        dmean: 0.00304451072589
        dmean2: 0.00484355399385
        dvar: 1.72889085661e-005
        dvar2: 3.89182278013e-005
        max: 0.099193200469
        mean: 0.0169093050063
        median: 0.0103950994089
        min: 1.05304036324e-010
        var: 0.000311969197355
    spectral_kurtosis:
        dmean: 4.39273691177
        dmean2: 7.46564102173
        dvar: 49.5399208069
        dvar2: 138.363143921
        max: 140.872772217
        mean: 15.7352199554
        median: 9.21063709259
        min: -1.23886501789
        var: 303.047607422
    spectral_rms:
        dmean: 0.000109965469164
        dmean2: 0.000177154666744
        dvar: 2.02155803208e-008
        dvar2: 5.18058129728e-008
        max: 0.00421698670834
        mean: 0.00103864748962
        median: 0.000732907094061
        min: 3.1165835971e-012
        var: 8.20035381821e-007
    spectral_rolloff:
        dmean: 195.54675293
        dmean2: 334.675842285
        dvar: 135348.296875
        dvar2: 296702.9375
        max: 19229.1503906
        mean: 1252.11206055
        median: 624.462890625
        min: 129.19921875
        var: 1366953.375
    spectral_skewness:
        dmean: 0.336922168732
        dmean2: 0.562259435654
        dvar: 0.17611335218
        dvar2: 0.482342988253
        max: 9.83451366425
        mean: 2.80214738846
        median: 2.46312117577
        min: -0.0392865948379
        var: 2.14413690567
    spectral_spread:
        dmean: 368002.1875
        dmean2: 551514.75
        dvar: 334479785984
        dvar2: 474248871936
        max: 41240776
        mean: 3456821.25
        median: 3255741
        min: 655123.75
        var: 3.29724094054e+012
    spectral_strongpeak:
        dmean: 0.159892469645
        dmean2: 0.275477707386
        dvar: 0.188236489892
        dvar2: 0.511003136635
        max: 6.52119684219
        mean: 0.284090787172
        median: 0.100808151066
        min: 0
        var: 0.302288204432
    zerocrossingrate:
        dmean: 0.0042636115104
        dmean2: 0.00558480247855
        dvar: 2.86785234493e-005
        dvar2: 3.42894090863e-005
        max: 0.52197265625
        mean: 0.0457391552627
        median: 0.0341796875
        min: 0.00634765625
        var: 0.000977739458904
    barkbands:
        dmean: [2.54357701124e-007, 4.7473833547e-005, 8.18957341835e-005, 7.68937097746e-005, 0.000126845261548, 7.59195245337e-005, 5.50184486201e-005, 5.12562364747e-005, 2.63052479568e-005, 4.6413835662e-005, 1.14384401968e-005, 1.57609938469e-005, 9.90972966974e-006, 1.64892317116e-005, 4.45883742941e-005, 5.58407009521e-005, 7.92108185124e-005, 3.71958158212e-005, 4.65873927169e-005, 3.26868139382e-005, 1.43118168126e-005, 4.34179946751e-006, 9.57972019933e-007, 3.4352197531e-007, 1.8918490241e-007, 5.57427748404e-009, 1.2242946934e-010]
        dmean2: [4.20352733954e-007, 8.10924975667e-005, 0.000142830598634, 0.00012519423035, 0.000208249752177, 0.000126572864247, 8.99731676327e-005, 7.81300695962e-005, 4.17662049585e-005, 7.18260780559e-005, 1.85436128959e-005, 2.58052059507e-005, 1.61501502589e-005, 2.69265219686e-005, 7.06018618075e-005, 9.46300715441e-005, 0.000133290945087, 6.23888554401e-005, 7.80861519161e-005, 5.64451620448e-005, 2.43343602051e-005, 7.3461719694e-006, 1.56953171881e-006, 5.55008568881e-007, 3.00836262568e-007, 8.90449580737e-009, 2.09894379655e-010]
        dvar: [3.24036966964e-013, 1.41288154509e-008, 2.94046742511e-008, 2.63372417209e-008, 7.99015822395e-008, 3.12814769643e-008, 1.82721109354e-008, 1.96510256956e-008, 6.20078921543e-009, 2.23430536295e-008, 1.25541488316e-009, 2.55804599725e-009, 7.60126628307e-010, 4.72375916161e-009, 2.3994477516e-008, 3.29055360737e-008, 5.30109218744e-008, 1.1232593522e-008, 2.05611154769e-008, 8.93307294803e-009, 1.7305614719e-009, 1.79276982148e-010, 9.10364145179e-012, 1.63018166674e-012, 6.81470830287e-013, 5.57176155122e-016, 1.18247924257e-019]
        dvar2: [8.83314038233e-013, 3.88608505375e-008, 8.39536937747e-008, 6.71236151106e-008, 2.14460285974e-007, 9.04253241174e-008, 4.71950194481e-008, 4.92902074711e-008, 1.60745301514e-008, 5.32583293023e-008, 2.72402278512e-009, 7.01433267025e-009, 2.01972594205e-009, 1.16411325024e-008, 5.52184253877e-008, 9.01565542222e-008, 1.45829488929e-007, 3.07283087864e-008, 5.55025714277e-008, 2.58522447893e-008, 4.88179496827e-009, 5.08353248385e-010, 2.41502668558e-011, 4.13190835713e-012, 1.60498036302e-012, 1.16604006063e-015, 3.10298634675e-019]
        max: [2.04142743314e-005, 0.00139088137075, 0.00289868470281, 0.00350177148357, 0.00737516209483, 0.00404858449474, 0.00365038146265, 0.00452750734985, 0.00299502769485, 0.00502636795864, 0.00191725115292, 0.00209226645529, 0.000873470911756, 0.00243118358776, 0.00513002229854, 0.00668581295758, 0.00509002665058, 0.00272855604999, 0.00478068459779, 0.00175853969995, 0.000744183780625, 0.000282414082903, 6.36196127743e-005, 3.67627799278e-005, 3.13990858558e-005, 1.00893839772e-006, 9.86228343436e-009]
        mean: [2.9458010431e-007, 6.20509890723e-005, 0.000110755041533, 0.000119447082398, 0.00024851562921, 0.000149388390128, 0.000103552782093, 0.000129731241032, 5.61676242796e-005, 0.000106627492642, 2.19588237087e-005, 2.98574468616e-005, 1.97254339582e-005, 3.14742792398e-005, 9.76592855295e-005, 0.000127372259158, 0.00018467681366, 9.00871964404e-005, 0.000121100594697, 8.11256759334e-005, 3.96163268306e-005, 1.12653842734e-005, 2.57414899352e-006, 8.46310342695e-007, 4.16567644379e-007, 1.14188942746e-008, 1.89977464315e-010]
        median: [5.60071526934e-008, 1.76661014848e-005, 4.1464692913e-005, 3.67833599739e-005, 0.000120360746223, 6.44960819045e-005, 2.39526434598e-005, 1.96745677385e-005, 9.732189028e-006, 7.154796549e-006, 3.56061036655e-006, 3.68234304915e-006, 2.89525587505e-006, 2.36610435422e-006, 2.52867903328e-006, 1.8874432044e-006, 3.36285802405e-006, 1.80251004167e-006, 2.31332865042e-006, 2.14775673157e-006, 5.32547517196e-007, 1.57373776233e-007, 4.50903847593e-008, 1.90189517468e-008, 8.33706703673e-009, 2.8790828055e-010, 1.37703693934e-011]
        min: [1.60541524584e-023, 1.70521877212e-023, 6.15535148139e-024, 3.87634613127e-024, 3.02982067717e-023, 1.60855806768e-023, 2.50970827405e-023, 5.92518285295e-023, 4.93433032641e-023, 1.04642588404e-022, 5.41615299891e-023, 4.48854565996e-023, 7.54372600642e-023, 6.14105306194e-023, 5.66700066935e-023, 1.24536903127e-022, 1.63187767957e-022, 1.55392623144e-022, 2.48942262121e-022, 1.5344450274e-022, 3.32981343537e-022, 5.18911239329e-022, 3.77090431633e-022, 7.07326968361e-022, 1.0884973886e-021, 1.87271913536e-021, 2.24548395866e-021]
        var: [3.92414643531e-013, 1.49569121533e-008, 3.81996585475e-008, 5.2180176624e-008, 1.52517102947e-007, 6.4918708631e-008, 4.86188262983e-008, 6.85360745933e-008, 1.96037106548e-008, 1.07016347783e-007, 2.84627055258e-009, 5.92000271027e-009, 1.79247083842e-009, 1.32742670189e-008, 8.98495429169e-008, 1.16562979713e-007, 1.94341595261e-007, 4.50815242914e-008, 8.33918889498e-008, 3.20603064097e-008, 8.27734414344e-009, 7.05895508712e-010, 3.94257508585e-011, 5.30064490564e-012, 2.0549837873e-012, 1.64871003304e-015, 3.74997884605e-019]
    frequency_bands:
        dmean: [2.54357701124e-007, 4.7473833547e-005, 8.18957341835e-005, 7.68937097746e-005, 0.000126845261548, 7.59195245337e-005, 5.50184486201e-005, 5.12562364747e-005, 2.63052479568e-005, 4.6413835662e-005, 1.14384401968e-005, 1.57609938469e-005, 9.90972966974e-006, 1.64892317116e-005, 4.45883742941e-005, 5.58407009521e-005, 7.92108185124e-005, 3.71958158212e-005, 4.65873927169e-005, 3.26868139382e-005, 1.43118168126e-005, 4.34179946751e-006, 9.57972019933e-007, 3.4352197531e-007, 1.8918490241e-007, 5.57427748404e-009, 1.2242946934e-010, 2.2575587233e-011]
        dmean2: [4.20352733954e-007, 8.10924975667e-005, 0.000142830598634, 0.00012519423035, 0.000208249752177, 0.000126572864247, 8.99731676327e-005, 7.81300695962e-005, 4.17662049585e-005, 7.18260780559e-005, 1.85436128959e-005, 2.58052059507e-005, 1.61501502589e-005, 2.69265219686e-005, 7.06018618075e-005, 9.46300715441e-005, 0.000133290945087, 6.23888554401e-005, 7.80861519161e-005, 5.64451620448e-005, 2.43343602051e-005, 7.3461719694e-006, 1.56953171881e-006, 5.55008568881e-007, 3.00836262568e-007, 8.90449580737e-009, 2.09894379655e-010, 4.17125049779e-011]
        dvar: [3.24036966964e-013, 1.41288154509e-008, 2.94046742511e-008, 2.63372417209e-008, 7.99015822395e-008, 3.12814769643e-008, 1.82721109354e-008, 1.96510256956e-008, 6.20078921543e-009, 2.23430536295e-008, 1.25541488316e-009, 2.55804599725e-009, 7.60126628307e-010, 4.72375916161e-009, 2.3994477516e-008, 3.29055360737e-008, 5.30109218744e-008, 1.1232593522e-008, 2.05611154769e-008, 8.93307294803e-009, 1.7305614719e-009, 1.79276982148e-010, 9.10364145179e-012, 1.63018166674e-012, 6.81470830287e-013, 5.57176155122e-016, 1.18247924257e-019, 3.51871767757e-021]
        dvar2: [8.83314038233e-013, 3.88608505375e-008, 8.39536937747e-008, 6.71236151106e-008, 2.14460285974e-007, 9.04253241174e-008, 4.71950194481e-008, 4.92902074711e-008, 1.60745301514e-008, 5.32583293023e-008, 2.72402278512e-009, 7.01433267025e-009, 2.01972594205e-009, 1.16411325024e-008, 5.52184253877e-008, 9.01565542222e-008, 1.45829488929e-007, 3.07283087864e-008, 5.55025714277e-008, 2.58522447893e-008, 4.88179496827e-009, 5.08353248385e-010, 2.41502668558e-011, 4.13190835713e-012, 1.60498036302e-012, 1.16604006063e-015, 3.10298634675e-019, 1.12467749311e-020]
        max: [2.04142743314e-005, 0.00139088137075, 0.00289868470281, 0.00350177148357, 0.00737516209483, 0.00404858449474, 0.00365038146265, 0.00452750734985, 0.00299502769485, 0.00502636795864, 0.00191725115292, 0.00209226645529, 0.000873470911756, 0.00243118358776, 0.00513002229854, 0.00668581295758, 0.00509002665058, 0.00272855604999, 0.00478068459779, 0.00175853969995, 0.000744183780625, 0.000282414082903, 6.36196127743e-005, 3.67627799278e-005, 3.13990858558e-005, 1.00893839772e-006, 9.86228343436e-009, 8.40393754586e-010]
        mean: [2.9458010431e-007, 6.20509890723e-005, 0.000110755041533, 0.000119447082398, 0.00024851562921, 0.000149388390128, 0.000103552782093, 0.000129731241032, 5.61676242796e-005, 0.000106627492642, 2.19588237087e-005, 2.98574468616e-005, 1.97254339582e-005, 3.14742792398e-005, 9.76592855295e-005, 0.000127372259158, 0.00018467681366, 9.00871964404e-005, 0.000121100594697, 8.11256759334e-005, 3.96163268306e-005, 1.12653842734e-005, 2.57414899352e-006, 8.46310342695e-007, 4.16567644379e-007, 1.14188942746e-008, 1.89977464315e-010, 1.77144115349e-011]
        median: [5.60071526934e-008, 1.76661014848e-005, 4.1464692913e-005, 3.67833599739e-005, 0.000120360746223, 6.44960819045e-005, 2.39526434598e-005, 1.96745677385e-005, 9.732189028e-006, 7.154796549e-006, 3.56061036655e-006, 3.68234304915e-006, 2.89525587505e-006, 2.36610435422e-006, 2.52867903328e-006, 1.8874432044e-006, 3.36285802405e-006, 1.80251004167e-006, 2.31332865042e-006, 2.14775673157e-006, 5.32547517196e-007, 1.57373776233e-007, 4.50903847593e-008, 1.90189517468e-008, 8.33706703673e-009, 2.8790828055e-010, 1.37703693934e-011, 2.0807743549e-012]
        min: [1.60541524584e-023, 1.70521877212e-023, 6.15535148139e-024, 3.87634613127e-024, 3.02982067717e-023, 1.60855806768e-023, 2.50970827405e-023, 5.92518285295e-023, 4.93433032641e-023, 1.04642588404e-022, 5.41615299891e-023, 4.48854565996e-023, 7.54372600642e-023, 6.14105306194e-023, 5.66700066935e-023, 1.24536903127e-022, 1.63187767957e-022, 1.55392623144e-022, 2.48942262121e-022, 1.5344450274e-022, 3.32981343537e-022, 5.18911239329e-022, 3.77090431633e-022, 7.07326968361e-022, 1.0884973886e-021, 1.87271913536e-021, 2.24548395866e-021, 6.80756719434e-022]
        var: [3.92414643531e-013, 1.49569121533e-008, 3.81996585475e-008, 5.2180176624e-008, 1.52517102947e-007, 6.4918708631e-008, 4.86188262983e-008, 6.85360745933e-008, 1.96037106548e-008, 1.07016347783e-007, 2.84627055258e-009, 5.92000271027e-009, 1.79247083842e-009, 1.32742670189e-008, 8.98495429169e-008, 1.16562979713e-007, 1.94341595261e-007, 4.50815242914e-008, 8.33918889498e-008, 3.20603064097e-008, 8.27734414344e-009, 7.05895508712e-010, 3.94257508585e-011, 5.30064490564e-012, 2.0549837873e-012, 1.64871003304e-015, 3.74997884605e-019, 2.70515908988e-021]
    mfcc:
        mean: [-861.977233887, 138.331710815, -7.66124486923, 32.0080795288, -1.91970562935, -11.142414093, -3.41186118126, -6.49306488037, -5.87569856644, -2.62432098389, -6.28784894943, -4.30873203278, -2.19128489494]
        cov: [[16840.7539063, 838.999267578, -3733.2956543, 2241.78417969, -354.96697998, 141.968963623, -118.097045898, 327.090270996, 546.531494141, 111.607948303, -282.92199707, -149.843826294, 76.2141265869], [838.999267578, 1674.7755127, 88.3402175903, 0.940548658371, 145.259552002, -90.688621521, 125.77696228, -31.4736270905, -101.528587341, 10.4743700027, -37.8105392456, -5.53778076172, 5.17055940628], [-3733.2956543, 88.3402175903, 1248.37329102, -497.870056152, 111.152114868, 31.8102149963, 51.1898269653, -50.8324165344, -130.196517944, -58.7497634888, 57.9077758789, 37.7383804321, -26.4125728607], [2241.78417969, 0.940548658371, -497.870056152, 526.819091797, 8.03258800507, 63.4630203247, 35.5375976563, 41.0167655945, 100.517120361, 15.2929782867, -44.267539978, -31.9241428375, 1.37318336964], [-354.96697998, 145.259552002, 111.152114868, 8.03258800507, 219.482849121, 65.3335952759, 35.6851043701, 16.3180217743, 6.4812874794, -2.04628229141, -15.6512460709, -13.0117578506, -8.40186500549], [141.968963623, -90.688621521, 31.8102149963, 63.4630203247, 65.3335952759, 143.670761108, 38.0925292969, 34.9406890869, 46.4594192505, -6.12514781952, 0.534197986126, -1.13575267792, -2.6277244091], [-118.097045898, 125.77696228, 51.1898269653, 35.5375976563, 35.6851043701, 38.0925292969, 124.459625244, 21.6052761078, -5.34085273743, 5.68822336197, 4.58357048035, 6.50651741028, -0.162111610174], [327.090270996, -31.4736270905, -50.8324165344, 41.0167655945, 16.3180217743, 34.9406890869, 21.6052761078, 94.2447891235, 52.4282684326, 4.55798768997, -1.09428739548, 5.30716562271, 12.0741281509], [546.531494141, -101.528587341, -130.196517944, 100.517120361, 6.4812874794, 46.4594192505, -5.34085273743, 52.4282684326, 111.697151184, 20.7062034607, -8.75368404388, 9.29309272766, 5.69795608521], [111.607948303, 10.4743700027, -58.7497634888, 15.2929782867, -2.04628229141, -6.12514781952, 5.68822336197, 4.55798768997, 20.7062034607, 80.3412628174, 35.6320495605, 8.89364147186, 6.50338411331], [-282.92199707, -37.8105392456, 57.9077758789, -44.267539978, -15.6512460709, 0.534197986126, 4.58357048035, -1.09428739548, -8.75368404388, 35.6320495605, 72.7861938477, 32.2299308777, 3.1884355545], [-149.843826294, -5.53778076172, 37.7383804321, -31.9241428375, -13.0117578506, -1.13575267792, 6.50651741028, 5.30716562271, 9.29309272766, 8.89364147186, 32.2299308777, 69.8939819336, 27.000869751], [76.2141265869, 5.17055940628, -26.4125728607, 1.37318336964, -8.40186500549, -2.6277244091, -0.162111610174, 12.0741281509, 5.69795608521, 6.50338411331, 3.1884355545, 27.000869751, 56.9151496887]]
        icov: [[0.000517719017807, -0.000549002492335, 0.000970761873759, -0.00116519932635, 0.000998666742817, -0.00113969424274, 0.0012367706513, -0.00110185821541, 0.000199525704375, -7.7355056419e-005, 0.000511709367856, -0.000190886101336, 0.000218053566641], [-0.000549002492335, 0.00140127399936, -0.00104282901157, 0.00110952882096, -0.00170342321508, 0.00205833697692, -0.00212992541492, 0.00115778890904, 0.000450384686701, -0.000353885145159, 0.00018429789634, -0.000175519060576, -0.000242677968345], [0.000970761873759, -0.00104282901157, 0.00351235549897, -0.000682791927829, 0.00120525236707, -0.00284807779826, 0.00154403457418, -0.00158329471014, 0.000744434888475, 0.00109218270518, -1.90675546037e-005, -0.00064598658355, 0.000936168187764], [-0.00116519932635, 0.00110952882096, -0.000682791927829, 0.00659770332277, -0.00239143171348, 0.00139752135146, -0.00438303360716, 0.00349275465123, -0.00267329113558, 0.000905567430891, -0.00106838112697, 0.00166675634682, -0.00062520155916], [0.000998666742817, -0.00170342321508, 0.00120525236707, -0.00239143171348, 0.00840571708977, -0.00545103382319, 0.0026216856204, -0.00288886390626, 0.000909954658709, -0.00176702812314, 0.00316357263364, -2.20693109441e-005, 0.00098803313449], [-0.00113969424274, 0.00205833697692, -0.00284807779826, 0.00139752135146, -0.00545103382319, 0.0148969106376, -0.00611965497956, 0.00217397767119, -0.00545639451593, 0.0035134612117, -0.00448713451624, 0.00239806110039, -0.00135329144541], [0.0012367706513, -0.00212992541492, 0.00154403457418, -0.00438303360716, 0.0026216856204, -0.00611965497956, 0.0145873939618, -0.00631160009652, 0.00466787489131, -0.00271434034221, 0.00256610871293, -0.00307518057525, 0.00200259545818], [-0.00110185821541, 0.00115778890904, -0.00158329471014, 0.00349275465123, -0.00288886390626, 0.00217397767119, -0.00631160009652, 0.0191108435392, -0.00959268957376, 0.00344470376149, -0.00443975999951, 0.00351300579496, -0.00469814054668], [0.000199525704375, 0.000450384686701, 0.000744434888475, -0.00267329113558, 0.000909954658709, -0.00545639451593, 0.00466787489131, -0.00959268957376, 0.0212544426322, -0.00818380434066, 0.00857943855226, -0.0081600472331, 0.00423040939495], [-7.7355056419e-005, -0.000353885145159, 0.00109218270518, 0.000905567430891, -0.00176702812314, 0.0035134612117, -0.00271434034221, 0.00344470376149, -0.00818380434066, 0.021987086162, -0.015330504626, 0.0062625464052, -0.0040215998888], [0.000511709367856, 0.00018429789634, -1.90675546037e-005, -0.00106838112697, 0.00316357263364, -0.00448713451624, 0.00256610871293, -0.00443975999951, 0.00857943855226, -0.015330504626, 0.0303299445659, -0.0144706554711, 0.00658264709637], [-0.000190886101336, -0.000175519060576, -0.00064598658355, 0.00166675634682, -2.20693109441e-005, 0.00239806110039, -0.00307518057525, 0.00351300579496, -0.0081600472331, 0.0062625464052, -0.0144706554711, 0.0268551930785, -0.0125432536006], [0.000218053566641, -0.000242677968345, 0.000936168187764, -0.00062520155916, 0.00098803313449, -0.00135329144541, 0.00200259545818, -0.00469814054668, 0.00423040939495, -0.0040215998888, 0.00658264709637, -0.0125432536006, 0.0244531854987]]
    sccoeffs:
        dmean: [0.043802831322, 0.037682261318, 0.0294430553913, 0.0242254883051, 0.0172027591616, 0.0128143308684]
        dmean2: [0.0736894160509, 0.062647126615, 0.0484507232904, 0.0400868840516, 0.028385642916, 0.0208033975214]
        dvar: [0.00126535503659, 0.000953474489506, 0.000562095548958, 0.000396797462599, 0.000206046286621, 0.000152602384333]
        dvar2: [0.00351957674138, 0.00260861800052, 0.00149499916006, 0.00106347387191, 0.000528672884684, 0.000373239920009]
        max: [-0.393473684788, -0.466298788786, -0.593782305717, -0.586523294449, -0.677441120148, -0.676535964012]
        mean: [-0.68659645319, -0.742301404476, -0.798013448715, -0.800258517265, -0.816046178341, -0.811018824577]
        median: [-0.689257740974, -0.743893563747, -0.800943672657, -0.80169147253, -0.810238540173, -0.814222037792]
        min: [-0.974568009377, -0.992492794991, -0.996390044689, -0.990941286087, -0.990636467934, -0.960176169872]
        var: [0.00474454509094, 0.00388089404441, 0.00281578628346, 0.00253684236668, 0.00225650123321, 0.00269320374355]
    scvalleys:
        dmean: [0.370596081018, 0.297021567822, 0.268659055233, 0.223648965359, 0.185597330332, 0.201091185212]
        dmean2: [0.611676037312, 0.493231892586, 0.441251695156, 0.365777552128, 0.287886172533, 0.287189900875]
        dvar: [0.103924617171, 0.0743552073836, 0.0651530697942, 0.0531433112919, 0.0527604147792, 0.0907683596015]
        dvar2: [0.244998410344, 0.172689154744, 0.136932462454, 0.102482587099, 0.0846106335521, 0.144448429346]
        max: [-4.888671875, -4.80764913559, -5.6741104126, -5.68352556229, -5.81994104385, -8.04752254486]
        mean: [-7.65712022781, -7.53165626526, -8.40249443054, -9.08910942078, -9.49357414246, -12.0020427704]
        median: [-7.16529941559, -7.33589601517, -8.22057247162, -8.95141792297, -9.44553184509, -11.9702377319]
        min: [-27.1701507568, -27.1538200378, -27.550951004, -27.4302043915, -27.2726516724, -27.2430973053]
        var: [3.24857473373, 2.37790560722, 2.78882288933, 3.54262661934, 4.45508623123, 3.59344291687]

rhythm:
    beats_loudness:
        dmean: 0.000630171212833
        dmean2: 0.0011032022303
        dvar: 1.53282655901e-006
        dvar2: 4.70286977361e-006
        max: 0.0145307537168
        mean: 0.00186991691589
        median: 0.000699035590515
        min: 1.84329426722e-011
        var: 7.73173451307e-006
    bpm: 132.988006592
    bpm_confidence: 0
    first_peak_bpm: 133
    first_peak_spread: 0.16153845191
    first_peak_weight: 0.496206372976
    onset_rate: 1.66735315323
    second_peak_bpm: 99
    second_peak_spread: 0.38610035181
    second_peak_weight: 0.241274654865
    beats_loudness_band_ratio:
        dmean: [0.158249825239, 0.15155556798, 0.112805694342, 0.0352657027543, 0.0310885757208, 0.0179661866277]
        dmean2: [0.273828536272, 0.265779465437, 0.187953472137, 0.0601317323744, 0.0537177212536, 0.0305726602674]
        dvar: [0.0172599162906, 0.0146108232439, 0.0144145442173, 0.00181444676127, 0.00236076069996, 0.000644240237307]
        dvar2: [0.0494620315731, 0.0418925881386, 0.0340889506042, 0.00478701060638, 0.00674341060221, 0.00168764719274]
        max: [0.949619948864, 0.921500742435, 0.936143100262, 0.439731091261, 0.597298562527, 0.273928135633]
        mean: [0.36821654439, 0.310622423887, 0.220436140895, 0.0561056062579, 0.0772049948573, 0.0390977077186]
        median: [0.352143734694, 0.290835767984, 0.156834244728, 0.0427408739924, 0.0264387652278, 0.0146479969844]
        min: [0, 0, 0, 0, 0, 0]
        var: [0.043397910893, 0.0307836122811, 0.0391915887594, 0.00249380734749, 0.0134844388813, 0.00296806613915]
    beats_position: [0.476009070873, 0.940408170223, 1.40480720997, 1.8575963974, 2.31038546562, 2.76317453384, 3.21596360207, 3.66875267029, 4.12154197693, 4.57433080673, 5.02712011337, 5.47990942001, 5.93269824982, 6.37387752533, 6.82666635513, 7.27945566177, 7.73224496841, 8.17342376709, 8.62621307373, 9.07900238037, 9.53179073334, 9.98458003998, 10.4373693466, 10.8901586533, 11.3429479599, 11.7957363129, 12.2485256195, 12.7013149261, 13.1424942017, 13.5836734772, 14.0364627838, 14.4892511368, 14.9420404434, 15.3948297501, 15.8476190567, 16.2887973785, 16.7415866852, 17.1827659607, 17.6355552673, 18.088344574, 18.5411338806, 18.9939231873, 19.4467124939, 19.8994998932, 20.3522891998, 20.8050785065, 21.2578678131, 21.7106571198, 22.1634464264, 22.616235733, 23.0690250397, 23.5218143463, 23.9629936218, 24.4157810211, 24.8685703278, 25.3213596344, 25.774148941, 26.2269382477, 26.6797275543, 27.1209068298, 27.5736961365, 28.0264854431, 28.4792747498, 28.932062149, 29.3848514557, 29.8376407623, 30.2788200378, 30.7316093445, 31.1843986511, 31.6371879578, 32.0899772644, 32.5311546326, 32.9839439392, 33.4367332458, 33.8895225525, 34.3423118591, 34.783493042, 35.2362823486, 35.6890678406, 36.1418571472, 36.5946464539, 37.0474357605, 37.5002250671, 37.9530143738, 38.4058036804, 38.8469848633, 39.2997741699, 39.7525634766, 40.2053489685, 40.6581382751, 41.1109275818, 41.5637168884, 42.0165061951, 42.4576873779, 42.9104766846, 43.3632659912, 43.8160552979, 44.2688446045, 44.7216300964, 45.1628112793, 45.6156005859, 46.0683898926, 46.5211791992, 46.9739685059, 47.4267578125, 47.8795471191, 48.3323364258, 48.7851219177, 49.2263031006, 49.6790924072, 50.1318817139, 50.5846710205, 51.0374603271, 51.4902496338, 51.9430389404, 52.3842163086, 52.8370056152, 53.2897949219, 53.7425842285, 54.1953735352, 54.6481628418, 55.08934021, 55.5421295166, 55.9949188232, 56.4477081299, 56.9004974365, 57.3532867432, 57.8060760498, 58.2588653564, 58.7116546631, 59.1644439697, 59.6056213379, 60.0584106445, 60.5111999512, 60.9639892578, 61.4167785645, 61.8695678711, 62.310749054, 62.7635345459, 63.2163238525, 63.6691131592, 64.1102905273, 64.563079834, 65.0158691406, 65.4686584473, 65.9214477539, 66.3626327515, 66.8154220581, 67.2682037354, 67.720993042, 68.1737823486, 68.6265716553, 69.0793609619, 69.5321502686, 69.9849395752, 70.4377288818, 70.8905181885, 71.3433074951, 71.7960968018, 72.2372741699, 72.6900634766, 73.1428527832, 73.5840377808, 74.0368270874, 74.489616394, 74.9424057007, 75.3951950073, 75.8479766846, 76.3007659912, 76.7535552979, 77.2063446045, 77.6475296021, 78.1003189087, 78.5531082153, 79.005897522, 79.4586868286, 79.8998641968, 80.3526535034, 80.8054428101, 81.2582321167, 81.7110214233, 82.16381073, 82.6166000366, 83.0577774048, 83.5105667114, 83.9633560181, 84.4161453247, 84.8689346313, 85.321723938, 85.7745132446, 86.2156906128, 86.6684799194, 87.1212692261, 87.5740585327, 88.0268478394, 88.479637146, 88.9324264526, 89.3852157593, 89.8380050659, 90.2791824341, 90.7319717407, 91.1847610474, 91.637550354, 92.0903396606, 92.5431289673, 92.9959182739, 93.4370956421, 93.8898849487, 94.3310623169, 94.7838516235, 95.2366409302, 95.6894302368, 96.1422195435, 96.5950088501, 97.0477981567, 97.5005874634, 97.95337677, 98.4061660767, 98.8589553833, 99.3117446899, 99.7529220581, 100.205711365, 100.658500671, 101.111289978, 101.564079285, 102.005256653, 102.458045959, 102.910835266, 103.363624573, 103.816413879, 104.269203186, 104.721992493, 105.174781799, 105.627571106, 106.080360413, 106.533149719, 106.974327087, 107.415504456, 107.868293762, 108.321083069, 108.773872375, 109.226661682, 109.679450989, 110.120635986, 110.573425293, 111.0262146, 111.479003906, 111.931785583, 112.38457489, 112.837364197, 113.290153503, 113.731338501, 114.184127808, 114.636917114, 115.089706421, 115.542495728, 115.995285034, 116.448066711, 116.900856018, 117.353645325, 117.806434631, 118.247619629, 118.700408936, 119.153198242, 119.605987549, 120.047164917, 120.499954224, 120.95274353, 121.405532837, 121.858322144, 122.31111145, 122.763900757, 123.216690063, 123.66947937, 124.122268677, 124.575057983, 125.02784729, 125.480628967, 125.933418274, 126.374603271, 126.827392578, 127.268569946, 127.721359253, 128.17414856, 128.626937866, 129.079727173, 129.532516479, 129.985305786, 130.426483154, 130.879272461, 131.332061768, 131.784851074, 132.237640381, 132.678817749, 133.131607056, 133.584396362, 134.037185669, 134.489974976, 134.942764282, 135.395553589, 135.848342896, 136.301132202, 136.753921509, 137.206710815, 137.647888184, 138.089065552, 138.541854858, 138.994644165, 139.447433472, 139.900222778, 140.353012085, 140.805801392, 141.258590698, 141.711380005, 142.164169312, 142.616958618, 143.058135986, 143.510925293, 143.9637146, 144.404891968, 144.857681274, 145.310470581, 145.763259888, 146.216049194, 146.668838501, 147.121627808, 147.574417114, 148.027206421, 148.479995728, 148.932785034, 149.373962402, 149.826751709, 150.279541016, 150.720718384, 151.17350769, 151.626296997, 152.079086304, 152.53187561, 152.984664917, 153.437454224, 153.89024353, 154.343032837, 154.795822144, 155.24861145, 155.689788818, 156.142578125, 156.595367432, 157.048156738, 157.500946045, 157.953735352, 158.406524658, 158.847702026, 159.300491333, 159.75328064, 160.194458008, 160.647247314, 161.088439941, 161.541213989, 161.994003296, 162.446792603, 162.899581909, 163.352371216, 163.805160522, 164.257949829, 164.710739136, 165.163528442, 165.616317749, 166.069107056, 166.521896362, 166.974685669, 167.427474976, 167.880264282, 168.32144165, 168.774230957, 169.227020264, 169.668212891, 170.121002197, 170.562179565, 171.026565552, 171.490966797, 171.932144165, 172.384933472, 172.837722778, 173.278915405, 173.731704712, 174.17288208, 174.625671387, 175.078460693, 175.54284668, 175.995635986, 176.448425293, 176.959274292, 177.458496094, 177.957733154, 178.561447144, 179.165161133, 179.768890381, 180.384216309, 180.999542236, 181.591659546, 182.183761597, 182.775863647, 183.414413452, 184.064575195, 184.645080566, 185.21395874, 185.817687988, 186.421401978, 187.025115967, 187.628845215, 188.232559204, 188.824661255, 189.428390503, 190.032104492, 190.635818481, 191.239547729, 191.843261719, 192.446975708, 193.050704956, 193.666030884, 194.281356812, 194.908294678, 195.535232544, 196.150558472, 196.765899658, 197.381225586, 197.984939575, 198.588653564, 199.169158936, 199.749649048, 200.330154419, 200.92225647, 201.502761841, 202.083267212, 202.675369263, 203.267486572, 203.859588623, 204.451690674, 205.043807983, 205.647521973, 206.239639282, 206.831741333, 207.423858643, 208.027572632, 208.631286621, 209.23500061, 209.838729858, 210.430831909, 211.022949219, 211.626663208, 212.230377197, 212.834106445, 213.426208496, 214.018310547, 214.622039795, 215.225753784, 215.829467773, 216.421585083, 217.025299072, 217.617416382, 218.221130371, 218.82484436, 219.41696167, 220.009063721, 220.61277771, 221.216506958, 221.820220947, 222.423934937, 223.027664185, 223.631378174, 224.235092163, 224.827209473, 225.419311523, 226.023040771, 226.626754761, 227.23046875, 227.834197998, 228.437911987, 229.041625977, 229.645339966, 230.237457275, 230.829559326, 231.433288574, 232.037002563, 232.640716553, 233.232833862, 233.824935913, 234.428665161, 235.03237915, 235.63609314, 236.239807129, 236.831924438, 237.424026489, 238.027755737, 238.631469727, 239.235183716, 239.838912964, 240.431015015, 241.034729004, 241.626846313, 242.230560303, 242.834274292, 243.43800354, 244.041717529, 244.633834839, 245.22593689, 245.829650879, 246.433380127, 247.025482178, 247.617584229, 248.221313477, 248.825027466, 249.428741455, 250.020858765, 250.612960815, 251.216690063, 251.820404053, 252.412506104, 253.016235352, 253.608337402, 254.212051392, 254.81578064, 255.419494629, 256.023223877, 256.626922607, 257.219055176, 257.811157227, 258.414855957, 259.018585205, 259.622314453, 260.226013184, 260.829742432, 261.43347168, 262.02557373, 262.629302979, 263.221405029, 263.825134277, 264.428833008, 265.020935059, 265.624664307, 266.216766357, 266.820495605, 267.424224854, 268.027923584, 268.631652832, 269.23538208, 269.827484131, 270.419586182, 271.02331543, 271.62701416, 272.219146729, 272.822845459, 273.426574707, 274.030303955, 274.622406006, 275.226104736, 275.829833984, 276.433563232, 277.025665283, 277.629394531, 278.233093262, 278.848419189, 279.440551758, 280.032653809, 280.636352539, 281.240081787, 281.832183838, 282.424316406, 283.028015137, 283.631744385, 284.223846436, 284.827575684, 285.419677734, 286.023406982, 286.627105713, 287.230834961, 287.834564209, 288.438262939, 289.03036499, 289.622497559, 290.214599609, 290.829925537, 291.422027588, 292.025756836, 292.617858887, 293.221588135, 293.813690186, 294.405792236, 295.009521484, 295.613250732, 296.205352783, 296.809051514, 297.401184082, 298.004882813, 298.608612061, 299.212341309, 299.816040039, 300.419769287, 301.023498535, 301.627197266, 302.230926514, 302.834655762, 303.426757813, 304.018859863, 304.610961914, 305.272735596, 305.92288208, 306.515014648, 307.107116699, 307.69921875, 308.302947998, 308.895050049, 309.4871521, 310.090881348, 310.694610596, 311.286712646, 311.890411377, 312.494140625, 313.097869873, 313.701568604, 314.293701172, 314.885803223, 315.489532471, 316.093231201, 316.696960449, 317.300689697, 317.892791748, 318.484893799, 319.088623047, 319.692321777, 320.284423828, 320.876556396, 321.480255127, 322.083984375, 322.687713623, 323.291412354, 323.883544922, 324.475646973, 325.079345703, 325.683074951, 326.286804199, 326.89050293, 327.494232178, 328.097961426, 328.713287354, 329.328613281, 329.943939209, 330.559265137, 331.186218262, 331.813140869, 332.440093994, 333.067016602, 333.693969727, 334.320892334, 334.947845459, 335.574768066, 336.201721191, 336.840270996, 337.478820801, 338.105743408]
