
metadata:
    version:
        essentia: "2.1-beta2"
    audio_properties:
        analysis_sample_rate: 44100
        bitrate: 256
        channels: 2
        equal_loudness: 1
        length: 216.764083862
        replay_gain: -14.510679245
        downmix: "mix"
    tags:
        album: "Mutter"
        artist: "Rammstein"
        comment: ""
        date: "2001"
        genre: "Folk"
        title: "Links 2 3 4"
        tracknumber: "2"

configuration:
    average_loudness:
        compute: 1
        frameSize: 88200
        hopSize: 44100
        silentFrames: "noise"
        windowType: "hann"
    general:
        analysisSampleRate: 44100
        endTime: 2000
        equalLoudness: 1
        nequalLoudness: 0
        shortSound: 0
        startTime: 0
    lowlevel:
        compute: 1
        frameSize: 2048
        hopSize: 1024
        zeroPadding: 0
        silentFrames: "noise"
        windowType: "blackmanharris62"
        mfccStats: ["mean", "cov", "icov"]
        stats: ["mean", "var", "median", "min", "max", "dmean", "dmean2", "dvar", "dvar2"]
    panning:
        compute: 0
        frameSize: 8192
        hopSize: 2048
        zeroPadding: 8192
        silentFrames: "noise"
        windowType: "hann"
        stats: ["copy"]
    rhythm:
        compute: 1
        maxTempo: 208
        minTempo: 40
        method: "degara"
        stats: ["mean", "var", "median", "min", "max", "dmean", "dmean2", "dvar", "dvar2"]
    segmentation:
        compute: 0
        cpw: 5
        inc1: 300
        inc2: 50
        minimumSegmentsLength: 10
        size1: 1000
        size2: 600
    sfx:
        compute: 1
        stats: ["mean", "var", "median", "min", "max", "dmean", "dmean2", "dvar", "dvar2"]
    svm:
        compute: 0
    tonal:
        compute: 1
        frameSize: 4096
        hopSize: 2048
        zeroPadding: 0
        silentFrames: "noise"
        windowType: "blackmanharris62"
        stats: ["mean", "var", "median", "min", "max", "dmean", "dmean2", "dvar", "dvar2"]

lowlevel:
    average_loudness: 0.829561769962
    barkbands_kurtosis:
        dmean: 0.628938138485
        dmean2: 1.01250493526
        dvar: 1.23796153069
        dvar2: 2.90645241737
        max: 27.6433029175
        mean: -0.797151744366
        median: -1.34522807598
        min: -1.91420674324
        var: 2.9020717144
    barkbands_skewness:
        dmean: 0.405854076147
        dmean2: 0.624289691448
        dvar: 0.154291719198
        dvar2: 0.338515520096
        max: 4.97492980957
        mean: 0.0684958472848
        median: 0.0328694730997
        min: -3.94422698021
        var: 0.722098112106
    barkbands_spread:
        dmean: 5.14670801163
        dmean2: 8.13928413391
        dvar: 24.1310024261
        dvar2: 55.6769447327
        max: 86.235710144
        mean: 39.5017318726
        median: 40.5174560547
        min: 4.70763969421
        var: 120.815208435
    dissonance:
        dmean: 0.00785995461047
        dmean2: 0.01355657354
        dvar: 5.51908742636e-005
        dvar2: 0.000155884728883
        max: 0.500000178814
        mean: 0.486275821924
        median: 0.488499075174
        min: 0.382575273514
        var: 0.000101405457826
    hfc:
        dmean: 2.36631679535
        dmean2: 3.79651093483
        dvar: 19.747423172
        dvar2: 52.2282791138
        max: 50.0714187622
        mean: 7.14070034027
        median: 5.54086923599
        min: 1.19417073949e-016
        var: 41.5168266296
    pitch:
        dmean: 1128.77844238
        dmean2: 2156.65625
        dvar: 2050272.25
        dvar2: 4865013.5
        max: 5509.50292969
        mean: 2074.33984375
        median: 2578.42822266
        min: 43.2547454834
        var: 2711406.25
    pitch_instantaneous_confidence:
        dmean: 0.074453048408
        dmean2: 0.125544324517
        dvar: 0.00412152847275
        dvar2: 0.0112855825573
        max: 0.932106018066
        mean: 0.310018181801
        median: 0.288165271282
        min: 0.108488202095
        var: 0.0114241251722
    pitch_salience:
        dmean: 0.0500092580914
        dmean2: 0.0813034400344
        dvar: 0.00185844604857
        dvar2: 0.00479930313304
        max: 0.867787480354
        mean: 0.693987190723
        median: 0.707527279854
        min: 0.294768810272
        var: 0.00535472203046
    silence_rate_20dB:
        dmean: 0
        dmean2: 0
        dvar: 0
        dvar2: 0
        max: 1
        mean: 1
        median: 1
        min: 1
        var: 0
    silence_rate_30dB:
        dmean: 0
        dmean2: 0
        dvar: 0
        dvar2: 0
        max: 1
        mean: 1
        median: 1
        min: 1
        var: 0
    silence_rate_60dB:
        dmean: 0.0884747207165
        dmean2: 0.17696839571
        dvar: 0.0806430950761
        dvar2: 0.172240406275
        max: 1
        mean: 0.450787186623
        median: 0
        min: 0
        var: 0.247576951981
    spectral_centroid:
        dmean: 294.22756958
        dmean2: 455.644500732
        dvar: 92476.09375
        dvar2: 193757.921875
        max: 10917.2255859
        mean: 1770.15002441
        median: 1752.41943359
        min: 242.377761841
        var: 376854.84375
    spectral_complexity:
        dmean: 3.75385594368
        dmean2: 5.82067489624
        dvar: 22.983045578
        dvar2: 48.5799827576
        max: 49
        mean: 13.3497915268
        median: 11
        min: 0
        var: 110.759567261
    spectral_crest:
        dmean: 1.64376568794
        dmean2: 2.68794751167
        dvar: 2.35536432266
        dvar2: 6.19692373276
        max: 22.6559104919
        mean: 6.35944890976
        median: 5.75445508957
        min: 2.23210072517
        var: 6.37068843842
    spectral_decrease:
        dmean: 2.46011377936e-010
        dmean2: 3.98766492049e-010
        dvar: 1.67231350009e-019
        dvar2: 4.43503587069e-019
        max: 6.95409909309e-029
        mean: -8.6858947812e-010
        median: -7.64752816629e-010
        min: -4.61567450927e-009
        var: 4.24514130994e-019
    spectral_energy:
        dmean: 0.00110742507968
        dmean2: 0.0017932781484
        dvar: 3.645784318e-006
        dvar2: 9.66301922745e-006
        max: 0.0213048458099
        mean: 0.00392594188452
        median: 0.0034327802714
        min: 1.0569014318e-020
        var: 8.91223498911e-006
    spectral_energyband_high:
        dmean: 0.000187413286767
        dmean2: 0.000302297965391
        dvar: 1.1228337371e-007
        dvar2: 2.90936498004e-007
        max: 0.00494445348158
        mean: 0.000479646958411
        median: 0.000327685149387
        min: 7.84650362033e-021
        var: 2.65274195499e-007
    spectral_energyband_low:
        dmean: 0.000248004304012
        dmean2: 0.000403442740208
        dvar: 1.04674221291e-007
        dvar2: 2.73320580391e-007
        max: 0.00376178044826
        mean: 0.000515128718689
        median: 0.000412316148868
        min: 2.01794106321e-023
        var: 2.1237907788e-007
    spectral_energyband_middle_high:
        dmean: 0.000599850143772
        dmean2: 0.000963412225246
        dvar: 1.09982579488e-006
        dvar2: 2.8439678772e-006
        max: 0.0160666909069
        mean: 0.00169997557532
        median: 0.00127370597329
        min: 1.48560830221e-021
        var: 2.71882981906e-006
    spectral_energyband_middle_low:
        dmean: 0.00053817225853
        dmean2: 0.000886948779225
        dvar: 7.26478219804e-007
        dvar2: 1.96154655896e-006
        max: 0.0104782320559
        mean: 0.00139222794678
        median: 0.00108734809328
        min: 2.97322583946e-022
        var: 1.54797248797e-006
    spectral_flatness_db:
        dmean: 0.0126810483634
        dmean2: 0.0187590606511
        dvar: 0.00013688323088
        dvar2: 0.0002868710435
        max: 0.370371341705
        mean: 0.126559302211
        median: 0.116601735353
        min: 0.0429207459092
        var: 0.00165116903372
    spectral_flux:
        dmean: 0.00639371667057
        dmean2: 0.00957977212965
        dvar: 8.31351426314e-005
        dvar2: 0.000157720263815
        max: 0.108647488058
        mean: 0.0347995236516
        median: 0.0334054194391
        min: 1.02805708391e-010
        var: 0.000324197928421
    spectral_kurtosis:
        dmean: 0.755701959133
        dmean2: 1.21338057518
        dvar: 0.871414959431
        dvar2: 2.47900176048
        max: 16.6408157349
        mean: 3.40880680084
        median: 3.31639051437
        min: -1.30185735226
        var: 2.76668286324
    spectral_rms:
        dmean: 0.000243181610131
        dmean2: 0.000381909194402
        dvar: 1.12226999249e-007
        dvar2: 2.84222437585e-007
        max: 0.00455908058211
        mean: 0.00180114048999
        median: 0.00183004210703
        min: 3.21111084771e-012
        var: 5.86068722441e-007
    spectral_rolloff:
        dmean: 371.192016602
        dmean2: 582.636657715
        dvar: 224001.484375
        dvar2: 435152.5625
        max: 19035.3515625
        mean: 3508.09179688
        median: 3574.51171875
        min: 193.798828125
        var: 749052.9375
    spectral_skewness:
        dmean: 0.1324390769
        dmean2: 0.208957538009
        dvar: 0.0189905129373
        dvar2: 0.0474558025599
        max: 2.75661253929
        mean: 1.31008338928
        median: 1.35725414753
        min: 0.00688511598855
        var: 0.0915582031012
    spectral_spread:
        dmean: 527692.3125
        dmean2: 721785.4375
        dvar: 616690221056
        dvar2: 924264890368
        max: 44165860
        mean: 5761060.5
        median: 5635798
        min: 1685324.125
        var: 3.7979595735e+012
    spectral_strongpeak:
        dmean: 0.24203325808
        dmean2: 0.430755466223
        dvar: 0.249168932438
        dvar2: 0.679683208466
        max: 6.4738650322
        mean: 0.294045567513
        median: 0.127184361219
        min: 2.80697215471e-010
        var: 0.26078286767
    zerocrossingrate:
        dmean: 0.0087235821411
        dmean2: 0.00998625345528
        dvar: 7.34151981305e-005
        dvar2: 7.62941781431e-005
        max: 0.5068359375
        mean: 0.106301918626
        median: 0.10546875
        min: 0.0068359375
        var: 0.000664231774863
    barkbands:
        dmean: [4.86274302602e-007, 4.57237110822e-005, 0.000179264694452, 0.000158629074576, 0.000309085036861, 0.00017902928812, 0.000100684970676, 4.80425551359e-005, 3.99558084609e-005, 3.97338808398e-005, 4.94562518725e-005, 2.84715897578e-005, 2.73779751296e-005, 5.33073798579e-005, 7.15422502253e-005, 9.25782442209e-005, 0.000145407597302, 0.000168447062606, 0.000205056974664, 0.000142275530379, 9.43381455727e-005, 3.36082594004e-005, 7.20192883819e-006, 5.06698233949e-006, 3.348168093e-006, 1.30224862005e-007, 2.76589084969e-009]
        dmean2: [6.04259128067e-007, 7.65633449191e-005, 0.000292985030683, 0.000251734425547, 0.00052173610311, 0.000300197541947, 0.000169622158865, 8.16166866571e-005, 6.753935304e-005, 6.68163702358e-005, 8.36689432617e-005, 4.7457513574e-005, 4.57154528704e-005, 8.65267429617e-005, 0.000116046277981, 0.00015000141866, 0.00023318795138, 0.000278283027001, 0.000357073382474, 0.000239088956732, 0.00015612730931, 5.45898474229e-005, 1.11789113362e-005, 6.78506057739e-006, 4.55310419056e-006, 1.75280277404e-007, 3.97432620147e-009]
        dvar: [7.50471408108e-013, 4.15833056877e-009, 5.90977293768e-008, 4.21566923592e-008, 3.3406303146e-007, 1.08838499102e-007, 6.32858387917e-008, 8.99094398932e-009, 5.07239672487e-009, 3.74015973748e-009, 9.2210408198e-009, 2.59785659651e-009, 3.05188385674e-009, 1.0020060337e-008, 2.83691203862e-008, 2.91159540922e-008, 7.68943309026e-008, 7.81895082014e-008, 1.64515384427e-007, 5.59921602417e-008, 2.86933161675e-008, 4.54830040297e-009, 1.67725749955e-010, 2.120937731e-010, 1.18119472536e-010, 5.09372139737e-014, 2.27162341596e-017]
        dvar2: [1.31304320715e-012, 1.15094751507e-008, 1.52320822622e-007, 1.00654290236e-007, 9.16736894396e-007, 3.00395640807e-007, 1.74877683889e-007, 2.51247662675e-008, 1.34999060819e-008, 1.02108685951e-008, 2.60266155294e-008, 6.56753362804e-009, 7.95874033344e-009, 2.52470755413e-008, 6.91837556133e-008, 7.28996383259e-008, 1.86509069522e-007, 1.96050166323e-007, 4.65412455242e-007, 1.50950910438e-007, 7.48983950416e-008, 1.1134098088e-008, 3.94187543717e-010, 3.71101815944e-010, 2.25233193207e-010, 9.38579116229e-014, 4.96600726248e-017]
        max: [9.26081247599e-006, 0.000940368918236, 0.00326867727563, 0.00342603726313, 0.00651477277279, 0.00683462340385, 0.00657676160336, 0.00132112135179, 0.00155242427718, 0.000806837691925, 0.0025568800047, 0.00128344504628, 0.00111421011388, 0.00184991501737, 0.00456197280437, 0.00337409274653, 0.00836069323123, 0.0060690199025, 0.00446021975949, 0.00314615177922, 0.00270791887306, 0.00126630323939, 0.000239530025283, 0.000374037859729, 0.000248936441494, 4.16660077462e-006, 5.33786455037e-008]
        mean: [8.7878049726e-007, 6.99462761986e-005, 0.000300105544738, 0.000313120894134, 0.000486544769956, 0.000299910519971, 0.000154464316438, 6.54609102639e-005, 5.88673792663e-005, 6.3797000621e-005, 7.82828356023e-005, 4.56462330476e-005, 4.33596724179e-005, 8.90060109668e-005, 0.000117092022265, 0.000171354899067, 0.000278269144474, 0.000322472304106, 0.000344399159076, 0.000320056686178, 0.000202155002626, 6.64531835355e-005, 1.56749356393e-005, 1.1138681657e-005, 7.18423734725e-006, 2.93217652825e-007, 4.87956874906e-009]
        median: [2.163353372e-007, 4.38387869508e-005, 0.000208900135476, 0.000227351265494, 0.000300481129671, 0.000129390682559, 5.41374247405e-005, 2.47701464104e-005, 2.96530706692e-005, 3.72956419596e-005, 3.6479676055e-005, 2.56038729276e-005, 1.92210573005e-005, 4.75878769066e-005, 4.73969957966e-005, 9.27530491026e-005, 0.000145909754792, 0.000226070493227, 0.000232771548326, 0.000227666110732, 0.000135204812977, 3.46422057191e-005, 7.93099752627e-006, 3.58770012099e-006, 2.57321448771e-006, 1.62031767559e-007, 2.52434673165e-009]
        min: [3.93618793625e-024, 1.3921053638e-023, 5.1289890123e-024, 3.28887431541e-024, 3.00562915311e-023, 1.00628334004e-022, 3.01335715008e-023, 3.49856845349e-023, 7.22768371533e-023, 7.35935911545e-023, 1.48849987501e-022, 7.61198456283e-023, 5.38615798294e-023, 9.13829283709e-023, 1.72264641346e-022, 1.78756688917e-022, 1.97641690822e-022, 1.66035997586e-022, 1.41426200538e-022, 2.96141286828e-022, 3.68852098453e-022, 7.09455958793e-022, 6.6666839573e-022, 7.56148900831e-022, 1.0112093157e-021, 1.95177062162e-021, 2.59513720217e-021]
        var: [2.0013229355e-012, 6.30096286258e-009, 1.07346970424e-007, 1.22668339486e-007, 3.97194128254e-007, 2.17763727051e-007, 1.10925526542e-007, 1.35227686826e-008, 7.59348139923e-009, 5.96498139771e-009, 1.57419428604e-008, 4.95160046299e-009, 5.5337068261e-009, 1.95343297094e-008, 5.91597739685e-008, 7.48635429204e-008, 1.95522360968e-007, 1.35227111286e-007, 1.68739532569e-007, 1.11297573824e-007, 5.18980662889e-008, 8.93344953568e-009, 4.70614602843e-010, 7.19665382842e-010, 3.15449943944e-010, 1.58876126773e-013, 4.0099112132e-017]
    frequency_bands:
        dmean: [4.86274302602e-007, 4.57237110822e-005, 0.000179264694452, 0.000158629074576, 0.000309085036861, 0.00017902928812, 0.000100684970676, 4.80425551359e-005, 3.99558084609e-005, 3.97338808398e-005, 4.94562518725e-005, 2.84715897578e-005, 2.73779751296e-005, 5.33073798579e-005, 7.15422502253e-005, 9.25782442209e-005, 0.000145407597302, 0.000168447062606, 0.000205056974664, 0.000142275530379, 9.43381455727e-005, 3.36082594004e-005, 7.20192883819e-006, 5.06698233949e-006, 3.348168093e-006, 1.30224862005e-007, 2.76589084969e-009, 4.92579380063e-011]
        dmean2: [6.04259128067e-007, 7.65633449191e-005, 0.000292985030683, 0.000251734425547, 0.00052173610311, 0.000300197541947, 0.000169622158865, 8.16166866571e-005, 6.753935304e-005, 6.68163702358e-005, 8.36689432617e-005, 4.7457513574e-005, 4.57154528704e-005, 8.65267429617e-005, 0.000116046277981, 0.00015000141866, 0.00023318795138, 0.000278283027001, 0.000357073382474, 0.000239088956732, 0.00015612730931, 5.45898474229e-005, 1.11789113362e-005, 6.78506057739e-006, 4.55310419056e-006, 1.75280277404e-007, 3.97432620147e-009, 9.06381983357e-011]
        dvar: [7.50471408108e-013, 4.15833056877e-009, 5.90977293768e-008, 4.21566923592e-008, 3.3406303146e-007, 1.08838499102e-007, 6.32858387917e-008, 8.99094398932e-009, 5.07239672487e-009, 3.74015973748e-009, 9.2210408198e-009, 2.59785659651e-009, 3.05188385674e-009, 1.0020060337e-008, 2.83691203862e-008, 2.91159540922e-008, 7.68943309026e-008, 7.81895082014e-008, 1.64515384427e-007, 5.59921602417e-008, 2.86933161675e-008, 4.54830040297e-009, 1.67725749955e-010, 2.120937731e-010, 1.18119472536e-010, 5.09372139737e-014, 2.27162341596e-017, 5.92008963878e-021]
        dvar2: [1.31304320715e-012, 1.15094751507e-008, 1.52320822622e-007, 1.00654290236e-007, 9.16736894396e-007, 3.00395640807e-007, 1.74877683889e-007, 2.51247662675e-008, 1.34999060819e-008, 1.02108685951e-008, 2.60266155294e-008, 6.56753362804e-009, 7.95874033344e-009, 2.52470755413e-008, 6.91837556133e-008, 7.28996383259e-008, 1.86509069522e-007, 1.96050166323e-007, 4.65412455242e-007, 1.50950910438e-007, 7.48983950416e-008, 1.1134098088e-008, 3.94187543717e-010, 3.71101815944e-010, 2.25233193207e-010, 9.38579116229e-014, 4.96600726248e-017, 1.88658184232e-020]
        max: [9.26081247599e-006, 0.000940368918236, 0.00326867727563, 0.00342603726313, 0.00651477277279, 0.00683462340385, 0.00657676160336, 0.00132112135179, 0.00155242427718, 0.000806837691925, 0.0025568800047, 0.00128344504628, 0.00111421011388, 0.00184991501737, 0.00456197280437, 0.00337409274653, 0.00836069323123, 0.0060690199025, 0.00446021975949, 0.00314615177922, 0.00270791887306, 0.00126630323939, 0.000239530025283, 0.000374037859729, 0.000248936441494, 4.16660077462e-006, 5.33786455037e-008, 1.03584085753e-009]
        mean: [8.7878049726e-007, 6.99462761986e-005, 0.000300105544738, 0.000313120894134, 0.000486544769956, 0.000299910519971, 0.000154464316438, 6.54609102639e-005, 5.88673792663e-005, 6.3797000621e-005, 7.82828356023e-005, 4.56462330476e-005, 4.33596724179e-005, 8.90060109668e-005, 0.000117092022265, 0.000171354899067, 0.000278269144474, 0.000322472304106, 0.000344399159076, 0.000320056686178, 0.000202155002626, 6.64531835355e-005, 1.56749356393e-005, 1.1138681657e-005, 7.18423734725e-006, 2.93217652825e-007, 4.87956874906e-009, 4.25806716275e-011]
        median: [2.163353372e-007, 4.38387869508e-005, 0.000208900135476, 0.000227351265494, 0.000300481129671, 0.000129390682559, 5.41374247405e-005, 2.47701464104e-005, 2.96530706692e-005, 3.72956419596e-005, 3.6479676055e-005, 2.56038729276e-005, 1.92210573005e-005, 4.75878769066e-005, 4.73969957966e-005, 9.27530491026e-005, 0.000145909754792, 0.000226070493227, 0.000232771548326, 0.000227666110732, 0.000135204812977, 3.46422057191e-005, 7.93099752627e-006, 3.58770012099e-006, 2.57321448771e-006, 1.62031767559e-007, 2.52434673165e-009, 1.7485070683e-011]
        min: [3.93618793625e-024, 1.3921053638e-023, 5.1289890123e-024, 3.28887431541e-024, 3.00562915311e-023, 1.00628334004e-022, 3.01335715008e-023, 3.49856845349e-023, 7.22768371533e-023, 7.35935911545e-023, 1.48849987501e-022, 7.61198456283e-023, 5.38615798294e-023, 9.13829283709e-023, 1.72264641346e-022, 1.78756688917e-022, 1.97641690822e-022, 1.66035997586e-022, 1.41426200538e-022, 2.96141286828e-022, 3.68852098453e-022, 7.09455958793e-022, 6.6666839573e-022, 7.56148900831e-022, 1.0112093157e-021, 1.95177062162e-021, 2.59513720217e-021, 6.19342900842e-022]
        var: [2.0013229355e-012, 6.30096286258e-009, 1.07346970424e-007, 1.22668339486e-007, 3.97194128254e-007, 2.17763727051e-007, 1.10925526542e-007, 1.35227686826e-008, 7.59348139923e-009, 5.96498139771e-009, 1.57419428604e-008, 4.95160046299e-009, 5.5337068261e-009, 1.95343297094e-008, 5.91597739685e-008, 7.48635429204e-008, 1.95522360968e-007, 1.35227111286e-007, 1.68739532569e-007, 1.11297573824e-007, 5.18980662889e-008, 8.93344953568e-009, 4.70614602843e-010, 7.19665382842e-010, 3.15449943944e-010, 1.58876126773e-013, 4.0099112132e-017, 4.81020833888e-021]
    mfcc:
        mean: [-717.773681641, 86.6594696045, -35.9009399414, 60.4259986877, -4.73689413071, -2.81342530251, 1.85483372211, -6.36258649826, -2.343927145, -11.0845394135, -9.58680057526, -8.55988407135, -6.88475656509]
        cov: [[6318.12890625, -42.6053657532, 450.065185547, 74.639503479, 56.7353935242, 200.87361145, -227.991973877, 84.5528106689, -47.1046905518, 43.4463653564, 119.393798828, 120.692611694, 164.639801025], [-42.6053657532, 637.283813477, -217.039001465, 31.2671985626, -23.3381023407, -29.1114730835, -14.4129247665, -28.3524227142, -4.3882651329, -3.08600759506, 26.2145290375, 9.54870033264, -16.7444877625], [450.065185547, -217.039001465, 634.368103027, 29.1149959564, 99.5419692993, 78.5537338257, 19.9410495758, 31.5080242157, -45.8623657227, -21.4379959106, -31.0950660706, 0.615033209324, 33.1054649353], [74.639503479, 31.2671985626, 29.1149959564, 219.220169067, 93.2415008545, 67.1088485718, 19.8008918762, 20.7244243622, 8.89070129395, -8.55925369263, -31.7126808167, -28.1540679932, 4.85535955429], [56.7353935242, -23.3381023407, 99.5419692993, 93.2415008545, 192.062866211, 80.6313781738, -0.138315573335, 4.76265239716, 12.5085163116, 17.0035533905, -18.4774475098, -19.3155937195, 4.59500837326], [200.87361145, -29.1114730835, 78.5537338257, 67.1088485718, 80.6313781738, 162.210952759, 48.5081100464, 29.661819458, -0.176048979163, 18.9825954437, 0.806953191757, -28.5398330688, -10.0312261581], [-227.991973877, -14.4129247665, 19.9410495758, 19.8008918762, -0.138315573335, 48.5081100464, 147.960281372, 56.7641868591, 13.910700798, -6.74238204956, -12.6214523315, -3.47108459473, -15.9093532562], [84.5528106689, -28.3524227142, 31.5080242157, 20.7244243622, 4.76265239716, 29.661819458, 56.7641868591, 93.0559005737, 32.3885574341, 7.54180574417, 4.68364143372, 0.19838654995, -2.06675386429], [-47.1046905518, -4.3882651329, -45.8623657227, 8.89070129395, 12.5085163116, -0.176048979163, 13.910700798, 32.3885574341, 71.3047485352, 31.3606262207, 4.71788597107, -3.30230951309, -4.10546922684], [43.4463653564, -3.08600759506, -21.4379959106, -8.55925369263, 17.0035533905, 18.9825954437, -6.74238204956, 7.54180574417, 31.3606262207, 71.6154708862, 31.0444316864, -3.16899061203, -8.7591342926], [119.393798828, 26.2145290375, -31.0950660706, -31.7126808167, -18.4774475098, 0.806953191757, -12.6214523315, 4.68364143372, 4.71788597107, 31.0444316864, 75.760055542, 23.4825057983, -4.34446525574], [120.692611694, 9.54870033264, 0.615033209324, -28.1540679932, -19.3155937195, -28.5398330688, -3.47108459473, 0.19838654995, -3.30230951309, -3.16899061203, 23.4825057983, 61.7169494629, 24.73503685], [164.639801025, -16.7444877625, 33.1054649353, 4.85535955429, 4.59500837326, -10.0312261581, -15.9093532562, -2.06675386429, -4.10546922684, -8.7591342926, -4.34446525574, 24.73503685, 53.824672699]]
        icov: [[0.000232687292737, -4.2502375436e-005, -0.000121822486108, -7.13667104719e-005, 0.000203274670639, -0.000506005657371, 0.000638331577647, -0.000442188058514, 0.000112681664177, -5.74525038246e-005, -0.000127693696413, -0.00039576884592, -0.000412750378018], [-4.2502375436e-005, 0.00188764324412, 0.000640856625978, -0.000558483588975, -0.000109072992927, 0.000282896653516, -0.000177285910468, 0.000445034209406, 0.000348441797541, 0.000306688860292, -0.00065490725683, -0.000332283554599, 0.000576499849558], [-0.000121822486108, 0.000640856625978, 0.00236991746351, 0.00036961742444, -0.00124148523901, -0.000205278294743, -0.00022735427774, -0.00109537062235, 0.00211240304634, -1.23449162857e-005, 0.000680742377881, -6.87835854478e-005, -0.000714850204531], [-7.13667104719e-005, -0.000558483588975, 0.00036961742444, 0.00688742380589, -0.00271120853722, -0.00137268775143, -0.000101788893517, -0.00121173355728, -0.000429252162576, 0.00154583854601, 0.00144751451444, 0.00197704485618, -0.00147794932127], [0.000203274670639, -0.000109072992927, -0.00124148523901, -0.00271120853722, 0.00904877856374, -0.00387519900687, 0.00183597928844, 0.00130756106228, -0.00229727919213, -0.00176644872408, 0.00177903054282, -0.00123615458142, -0.000300399464322], [-0.000506005657371, 0.000282896653516, -0.000205278294743, -0.00137268775143, -0.00387519900687, 0.0123123396188, -0.00483967829496, -0.000659176672343, 0.00329396524467, -0.00268996669911, -0.00260492460802, 0.00551103102043, 0.000126172977616], [0.000638331577647, -0.000177285910468, -0.00022735427774, -0.000101788893517, 0.00183597928844, -0.00483967829496, 0.0125307952985, -0.00684850430116, -0.000153824701556, 0.00120244896971, 0.00301704602316, -0.00450741499662, 0.0030223201029], [-0.000442188058514, 0.000445034209406, -0.00109537062235, -0.00121173355728, 0.00130756106228, -0.000659176672343, -0.00684850430116, 0.0194716323167, -0.00941008701921, 0.00246693566442, -0.00310963205993, 0.000782741233706, -0.000164022421814], [0.000112681664177, 0.000348441797541, 0.00211240304634, -0.000429252162576, -0.00229727919213, 0.00329396524467, -0.000153824701556, -0.00941008701921, 0.0249505788088, -0.0112846996635, 0.00332326395437, 0.000159242976224, -0.00083184579853], [-5.74525038246e-005, 0.000306688860292, -1.23449162857e-005, 0.00154583854601, -0.00176644872408, -0.00268996669911, 0.00120244896971, 0.00246693566442, -0.0112846996635, 0.0247546695173, -0.0100429514423, 0.00304133887403, 0.00119835219812], [-0.000127693696413, -0.00065490725683, 0.000680742377881, 0.00144751451444, 0.00177903054282, -0.00260492460802, 0.00301704602316, -0.00310963205993, 0.00332326395437, -0.0100429514423, 0.0231921747327, -0.0107026090845, 0.00518206693232], [-0.00039576884592, -0.000332283554599, -6.87835854478e-005, 0.00197704485618, -0.00123615458142, 0.00551103102043, -0.00450741499662, 0.000782741233706, 0.000159242976224, 0.00304133887403, -0.0107026090845, 0.0292896870524, -0.013015255332], [-0.000412750378018, 0.000576499849558, -0.000714850204531, -0.00147794932127, -0.000300399464322, 0.000126172977616, 0.0030223201029, -0.000164022421814, -0.00083184579853, 0.00119835219812, 0.00518206693232, -0.013015255332, 0.028060875833]]
    sccoeffs:
        dmean: [0.0471977181733, 0.0474975444376, 0.0347785912454, 0.0274010039866, 0.0189451072365, 0.0178822688758]
        dmean2: [0.0770288258791, 0.0793989524245, 0.0588220879436, 0.0460245758295, 0.031668651849, 0.0292151365429]
        dvar: [0.00156555662397, 0.00139068334829, 0.000708463776391, 0.00049997336464, 0.000233331826166, 0.000332505995175]
        dvar2: [0.0040646600537, 0.00395205290988, 0.00203456403688, 0.0013144260738, 0.000629028771073, 0.000854266050737]
        max: [-0.381937861443, -0.493900150061, -0.612976193428, -0.59178596735, -0.662268877029, -0.555925548077]
        mean: [-0.64833343029, -0.762880504131, -0.81262999773, -0.809653818607, -0.812532186508, -0.75505810976]
        median: [-0.648945569992, -0.765552818775, -0.81708085537, -0.816456317902, -0.814273238182, -0.761696875095]
        min: [-0.952276706696, -0.973298490047, -0.969488978386, -0.964587688446, -0.95635342598, -0.97391808033]
        var: [0.00411443086341, 0.00398727646098, 0.00201001483947, 0.00172035314608, 0.000778032816015, 0.00187411578372]
    scvalleys:
        dmean: [0.351030170918, 0.379678815603, 0.312541335821, 0.271155744791, 0.210513919592, 0.232057318091]
        dmean2: [0.579037606716, 0.613115131855, 0.500547945499, 0.424232780933, 0.318685323, 0.296536147594]
        dvar: [0.111659869552, 0.12267576158, 0.0927408635616, 0.0840680971742, 0.0725866854191, 0.0868651121855]
        dvar2: [0.263315349817, 0.266832560301, 0.185862928629, 0.15653552115, 0.126327797771, 0.131830826402]
        max: [-5.25497674942, -4.71769428253, -5.49826431274, -5.50669193268, -5.39230394363, -7.16515922546]
        mean: [-6.92851543427, -6.87107229233, -7.20005273819, -7.31928682327, -6.89966678619, -9.51888275146]
        median: [-6.56169033051, -6.72307062149, -7.01141548157, -7.16105794907, -6.71675777435, -9.17045879364]
        min: [-27.3295078278, -27.1958084106, -27.2527427673, -26.8338756561, -27.3487854004, -27.2449035645]
        var: [1.4381403923, 0.930042266846, 0.801572918892, 0.708245933056, 0.622402846813, 1.84495568275]

rhythm:
    beats_loudness:
        dmean: 0.00158808764536
        dmean2: 0.00278186611831
        dvar: 2.77149797512e-006
        dvar2: 7.81052949606e-006
        max: 0.0166567191482
        mean: 0.00539455469698
        median: 0.00566741544753
        min: 1.82849926205e-005
        var: 9.88437659544e-006
    bpm: 130.061019897
    bpm_confidence: 0
    first_peak_bpm: 129
    first_peak_spread: 0.300000041723
    first_peak_weight: 0.659528911114
    onset_rate: 3.06323814392
    second_peak_bpm: 108
    second_peak_spread: 0
    second_peak_weight: 0.0171306207776
    beats_loudness_band_ratio:
        dmean: [0.104516401887, 0.0932253450155, 0.0538477152586, 0.0406070128083, 0.121403321624, 0.0846549198031]
        dmean2: [0.182775363326, 0.16447737813, 0.0958269312978, 0.0690059810877, 0.221589684486, 0.146541729569]
        dvar: [0.0101736988872, 0.00736340973526, 0.00376772135496, 0.00222769752145, 0.0152823571116, 0.00512198451906]
        dvar2: [0.027237733826, 0.0222001988441, 0.010905476287, 0.00549052143469, 0.0453189909458, 0.0156915336847]
        max: [0.709870636463, 0.561750531197, 0.376923590899, 0.427416294813, 0.798447370529, 0.691281795502]
        mean: [0.173005148768, 0.195344939828, 0.0791566222906, 0.0736807659268, 0.262676239014, 0.251954823732]
        median: [0.141144424677, 0.186839535832, 0.0614269524813, 0.0613708868623, 0.242317527533, 0.243218302727]
        min: [0.00123628135771, 0.000670021749102, 0.000996956019662, 0.00826620217413, 0.025976287201, 0.0417200997472]
        var: [0.0172008648515, 0.0111814914271, 0.00373610248789, 0.00272137345746, 0.0147754307836, 0.00924198050052]
    beats_position: [0.406349211931, 0.824308395386, 1.25387752056, 1.69505667686, 2.14784574509, 2.60063481331, 3.05342388153, 3.50621318817, 3.97061228752, 4.42340135574, 4.87619018555, 5.32897949219, 5.78176879883, 6.23455762863, 6.67573690414, 7.12852573395, 7.59292507172, 8.04571437836, 8.498503685, 8.96290206909, 9.42730140686, 9.89170074463, 10.3560991287, 10.8088884354, 11.261677742, 11.7260770798, 12.1904764175, 12.6548748016, 13.1192741394, 13.5836734772, 14.0480718613, 14.5008611679, 14.9536504745, 15.4180498123, 15.8824491501, 16.3468475342, 16.8112468719, 17.2756462097, 17.7284355164, 18.181224823, 18.6456241608, 19.1100215912, 19.574420929, 20.0388202667, 20.5032196045, 20.9560089111, 21.4087982178, 21.8731975555, 22.3375968933, 22.8019943237, 23.2663936615, 23.7307929993, 24.1835823059, 24.6363716125, 25.1007709503, 25.5651702881, 26.0295696259, 26.4939670563, 26.958366394, 27.4227657318, 27.8755550385, 28.3283443451, 28.7927436829, 29.2571430206, 29.7215423584, 30.1859397888, 30.6387290955, 31.0915184021, 31.5559177399, 32.0203170776, 32.4847145081, 32.9491157532, 33.4135131836, 33.8779144287, 34.3423118591, 34.7951011658, 35.2478904724, 35.7122879028, 36.1766891479, 36.6410865784, 37.1054878235, 37.5698852539, 38.0226745605, 38.4754638672, 38.9398651123, 39.4042625427, 39.8686599731, 40.3330612183, 40.7974586487, 41.2502479553, 41.703037262, 42.1674385071, 42.6318359375, 43.0962333679, 43.560634613, 44.0250320435, 44.4894332886, 44.9422225952, 45.3950119019, 45.8594093323, 46.3238105774, 46.7882080078, 47.2526054382, 47.7170066833, 48.1581840515, 48.6225852966, 49.0869827271, 49.5513839722, 50.0157814026, 50.480178833, 50.9445800781, 51.4089775085, 51.8617668152, 52.3145561218, 52.7789573669, 53.2433547974, 53.696144104, 54.1489334106, 54.6133308411, 55.0777320862, 55.5421295166, 56.0065307617, 56.4709281921, 56.9353294373, 57.3881187439, 57.8409042358, 58.305305481, 58.7697029114, 59.2341041565, 59.6985015869, 60.162902832, 60.6156921387, 61.0684814453, 61.5328788757, 61.9972763062, 62.4616775513, 62.9260749817, 63.3904762268, 63.8548736572, 64.3076629639, 64.7604522705, 65.2248535156, 65.6892471313, 66.142036438, 66.5948257446, 67.0592269897, 67.5236282349, 67.98802948, 68.4524230957, 68.9168243408, 69.3812255859, 69.8456192017, 70.3100204468, 70.7744216919, 71.238822937, 71.6916122437, 72.1444015503, 72.608795166, 73.0731964111, 73.5375976563, 74.001991272, 74.4547805786, 74.9075698853, 75.3719711304, 75.8363723755, 76.3007659912, 76.7651672363, 77.2295684814, 77.6823577881, 78.1467590332, 78.5995483398, 79.0639419556, 79.5283432007, 79.9811325073, 80.433921814, 80.8983230591, 81.3627166748, 81.8271179199, 82.291519165, 82.7559204102, 83.2203140259, 83.684715271, 84.1375045776, 84.6019058228, 85.0546951294, 85.5190887451, 85.9834899902, 86.4478912354, 86.900680542, 87.3534698486, 87.8178634644, 88.2822647095, 88.7466659546, 89.2110671997, 89.6754608154, 90.1282501221, 90.5810394287, 91.0454406738, 91.5098419189, 91.9742355347, 92.4386367798, 92.9030380249, 93.36743927, 93.8202285767, 94.2730178833, 94.737411499, 95.2018127441, 95.6662139893, 96.130607605, 96.5950088501, 97.0477981567, 97.5005874634, 97.9649887085, 98.4293823242, 98.8937835693, 99.3581848145, 99.8225860596, 100.286979675, 100.75138092, 101.204170227, 101.656959534, 102.121360779, 102.585754395, 103.038543701, 103.491333008, 103.955734253, 104.420135498, 104.884536743, 105.348930359, 105.813331604, 106.277732849, 106.742126465, 107.20652771, 107.659317017, 108.112106323, 108.576507568, 109.040908813, 109.505302429, 109.969703674, 110.434104919, 110.886894226, 111.339683533, 111.804077148, 112.268478394, 112.732879639, 113.197273254, 113.6616745, 114.114463806, 114.567253113, 115.031654358, 115.496055603, 115.960449219, 116.424850464, 116.889251709, 117.353645325, 117.794830322, 118.259223938, 118.723625183, 119.199638367, 119.675643921, 120.140045166, 120.604438782, 121.057228088, 121.510017395, 121.97441864, 122.438819885, 122.90322113, 123.367614746, 123.832015991, 124.284805298, 124.749206543, 125.213600159, 125.678001404, 126.142402649, 126.606803894, 127.082809448, 127.570426941, 128.127700806, 128.6849823, 129.242263794, 129.799545288, 130.356826782, 130.914108276, 131.471374512, 132.028656006, 132.504669189, 132.992294312, 133.479904175, 133.955917358, 134.420318604, 134.884719849, 135.349105835, 135.801895142, 136.254684448, 136.707473755, 137.160263062, 137.624664307, 138.089065552, 138.553466797, 139.017868042, 139.482269287, 139.946670532, 140.399459839, 140.852249146, 141.316635132, 141.781036377, 142.245437622, 142.709838867, 143.162628174, 143.61541748, 144.079818726, 144.544219971, 145.008621216, 145.473007202, 145.937408447, 146.401809692, 146.854598999, 147.319000244, 147.771789551, 148.236190796, 148.700592041, 149.164993286, 149.629379272, 150.093780518, 150.546569824, 150.999359131, 151.463760376, 151.928161621, 152.392562866, 152.845352173, 153.298141479, 153.762542725, 154.226928711, 154.691329956, 155.155731201, 155.620132446, 156.084533691, 156.537322998, 156.990112305, 157.45451355, 157.918914795, 158.383300781, 158.847702026, 159.312103271, 159.764892578, 160.217681885, 160.68208313, 161.146484375, 161.61088562, 162.075286865, 162.528076172, 162.980865479, 163.445251465, 163.90965271, 164.374053955, 164.8384552, 165.302856445, 165.76725769, 166.231658936, 166.696044922, 167.148834229, 167.601623535, 168.06602478, 168.530426025, 168.994827271, 169.459228516, 169.912017822, 170.364807129, 170.829208374, 171.293609619, 171.757995605, 172.222396851, 172.675186157, 173.127975464, 173.592376709, 174.056777954, 174.521179199, 174.985580444, 175.449981689, 175.914367676, 176.378768921, 176.843170166, 177.295959473, 177.748748779, 178.213150024, 178.67755127, 179.141952515, 179.594741821, 180.047531128, 180.511917114, 180.976318359, 181.440719604, 181.90512085, 182.369522095, 182.822311401, 183.286712646, 183.739501953, 184.203903198, 184.668289185, 185.13269043, 185.597091675, 186.06149292, 186.514282227, 186.978683472, 187.431472778, 187.895874023, 188.360275269, 188.813064575, 189.265853882, 189.730239868, 190.194641113, 190.659042358, 191.123443604, 191.587844849, 192.052246094, 192.516647339, 192.981033325, 193.433822632, 193.886611938, 194.351013184, 194.815414429, 195.279815674, 195.73260498, 196.185394287, 196.649795532, 197.114196777, 197.578598022, 198.042984009, 198.507385254, 198.971786499, 199.436187744, 199.900588989, 200.341766357, 200.806167603, 201.270568848, 201.734954834, 202.199356079, 202.663757324, 203.116546631, 203.569335938, 204.033737183, 204.498138428, 204.962539673, 205.426940918, 205.891326904, 206.344116211, 206.796905518, 207.261306763, 207.725708008, 208.190109253, 208.64289856, 209.107299805, 209.560089111, 210.024490356, 210.488891602, 210.964889526, 211.44090271, 211.916915894, 212.392913818, 212.810882568, 213.22883606, 213.64680481, 214.053146362, 214.459503174, 214.877456665, 215.295410156, 215.713378906, 216.131332397]
