
metadata:
    version:
        essentia: "2.1-beta2"
    audio_properties:
        analysis_sample_rate: 44100
        bitrate: 256
        channels: 2
        equal_loudness: 1
        length: 273.005706787
        replay_gain: -14.1298885345
        downmix: "mix"
    tags:
        album: "Mutter"
        artist: "Rammstein"
        comment: ""
        date: "2001"
        genre: "Folk"
        title: "Sonne"
        tracknumber: "3"

configuration:
    average_loudness:
        compute: 1
        frameSize: 88200
        hopSize: 44100
        silentFrames: "noise"
        windowType: "hann"
    general:
        analysisSampleRate: 44100
        endTime: 2000
        equalLoudness: 1
        nequalLoudness: 0
        shortSound: 0
        startTime: 0
    lowlevel:
        compute: 1
        frameSize: 2048
        hopSize: 1024
        zeroPadding: 0
        silentFrames: "noise"
        windowType: "blackmanharris62"
        mfccStats: ["mean", "cov", "icov"]
        stats: ["mean", "var", "median", "min", "max", "dmean", "dmean2", "dvar", "dvar2"]
    panning:
        compute: 0
        frameSize: 8192
        hopSize: 2048
        zeroPadding: 8192
        silentFrames: "noise"
        windowType: "hann"
        stats: ["copy"]
    rhythm:
        compute: 1
        maxTempo: 208
        minTempo: 40
        method: "degara"
        stats: ["mean", "var", "median", "min", "max", "dmean", "dmean2", "dvar", "dvar2"]
    segmentation:
        compute: 0
        cpw: 5
        inc1: 300
        inc2: 50
        minimumSegmentsLength: 10
        size1: 1000
        size2: 600
    sfx:
        compute: 1
        stats: ["mean", "var", "median", "min", "max", "dmean", "dmean2", "dvar", "dvar2"]
    svm:
        compute: 0
    tonal:
        compute: 1
        frameSize: 4096
        hopSize: 2048
        zeroPadding: 0
        silentFrames: "noise"
        windowType: "blackmanharris62"
        stats: ["mean", "var", "median", "min", "max", "dmean", "dmean2", "dvar", "dvar2"]

lowlevel:
    average_loudness: 0.875907301903
    barkbands_kurtosis:
        dmean: 1.18964385986
        dmean2: 1.97636783123
        dvar: 50.3503684998
        dvar2: 148.099075317
        max: 408.060089111
        mean: 0.126453533769
        median: -1.16489493847
        min: -1.86970901489
        var: 71.8728942871
    barkbands_skewness:
        dmean: 0.413685917854
        dmean2: 0.652498185635
        dvar: 0.244795948267
        dvar2: 0.642531514168
        max: 14.3332738876
        mean: -0.0997663810849
        median: -0.14114280045
        min: -4.30691003799
        var: 0.981363773346
    barkbands_spread:
        dmean: 5.05063962936
        dmean2: 8.05851459503
        dvar: 24.6415290833
        dvar2: 58.9067955017
        max: 73.5045166016
        mean: 32.3196525574
        median: 33.6477928162
        min: 0.0825155600905
        var: 161.927536011
    dissonance:
        dmean: 0.0143143068999
        dmean2: 0.0244897995144
        dvar: 0.00044716685079
        dvar2: 0.00127015239559
        max: 0.500000059605
        mean: 0.475157916546
        median: 0.484951585531
        min: 0.147614955902
        var: 0.00114364176989
    hfc:
        dmean: 2.27744746208
        dmean2: 3.70414495468
        dvar: 14.3850860596
        dvar2: 36.8914680481
        max: 50.8411598206
        mean: 8.21939468384
        median: 7.44378328323
        min: 1.08678138781e-016
        var: 43.4303016663
    pitch:
        dmean: 752.119934082
        dmean2: 1434.12658691
        dvar: 1529094.625
        dvar2: 3812942
        max: 5202.45361328
        mean: 1544.48864746
        median: 532.582702637
        min: 51.2513809204
        var: 2532096
    pitch_instantaneous_confidence:
        dmean: 0.0758798569441
        dmean2: 0.1244250983
        dvar: 0.00438268948346
        dvar2: 0.0111799379811
        max: 0.982403099537
        mean: 0.386087834835
        median: 0.344474852085
        min: 0.0964443683624
        var: 0.0282619539648
    pitch_salience:
        dmean: 0.0547962673008
        dmean2: 0.0913026556373
        dvar: 0.00237803836353
        dvar2: 0.00640095956624
        max: 0.884911417961
        mean: 0.664528548717
        median: 0.687423348427
        min: 0.105092413723
        var: 0.0117975221947
    silence_rate_20dB:
        dmean: 0
        dmean2: 0
        dvar: 0
        dvar2: 0
        max: 1
        mean: 1
        median: 1
        min: 1
        var: 0
    silence_rate_30dB:
        dmean: 0
        dmean2: 0
        dvar: 0
        dvar2: 0
        max: 1
        mean: 1
        median: 1
        min: 1
        var: 0
    silence_rate_60dB:
        dmean: 0.0569824799895
        dmean2: 0.113974653184
        dvar: 0.0537283010781
        dvar2: 0.117981940508
        max: 1
        mean: 0.352580994368
        median: 0
        min: 0
        var: 0.22825679183
    spectral_centroid:
        dmean: 267.104064941
        dmean2: 416.770050049
        dvar: 97146.5546875
        dvar2: 208269.875
        max: 11897.1787109
        mean: 1835.84375
        median: 1821.79663086
        min: 160.947937012
        var: 655540.375
    spectral_complexity:
        dmean: 3.44174170494
        dmean2: 5.54495191574
        dvar: 15.8803625107
        dvar2: 36.2767982483
        max: 52
        mean: 15.7861213684
        median: 17
        min: 0
        var: 107.09337616
    spectral_crest:
        dmean: 1.79439020157
        dmean2: 2.9944922924
        dvar: 3.20238685608
        dvar2: 8.1780538559
        max: 26.3313121796
        mean: 6.68983602524
        median: 5.54116916656
        min: 2.23222136497
        var: 14.0733652115
    spectral_decrease:
        dmean: 2.44086112433e-010
        dmean2: 3.94806715098e-010
        dvar: 1.28002231911e-019
        dvar2: 3.33503739194e-019
        max: 2.00664229798e-028
        mean: -9.53750300958e-010
        median: -9.32183108482e-010
        min: -4.88854645653e-009
        var: 4.32966443439e-019
    spectral_energy:
        dmean: 0.00109468877781
        dmean2: 0.00177105434705
        dvar: 2.71420663012e-006
        dvar2: 7.0468049671e-006
        max: 0.0230619478971
        mean: 0.00434520281851
        median: 0.00423980876803
        min: 1.00029279343e-020
        var: 9.13743497222e-006
    spectral_energyband_high:
        dmean: 0.000169758437551
        dmean2: 0.00027611135738
        dvar: 8.60406359493e-008
        dvar2: 2.11919058302e-007
        max: 0.00504006631672
        mean: 0.000466788333142
        median: 0.00040227358113
        min: 7.13216045997e-021
        var: 2.25995037795e-007
    spectral_energyband_low:
        dmean: 0.000261676730588
        dmean2: 0.000429212901508
        dvar: 2.33516033177e-007
        dvar2: 6.50238234812e-007
        max: 0.0116388555616
        mean: 0.000459865143057
        median: 0.000281482905848
        min: 1.12437733216e-023
        var: 4.29018115256e-007
    spectral_energyband_middle_high:
        dmean: 0.000662717910018
        dmean2: 0.0010775050614
        dvar: 9.79642209131e-007
        dvar2: 2.48416654358e-006
        max: 0.0143025945872
        mean: 0.0022350163199
        median: 0.00184131599963
        min: 1.2840522962e-021
        var: 3.5082366594e-006
    spectral_energyband_middle_low:
        dmean: 0.000496062682942
        dmean2: 0.000815772044007
        dvar: 5.3696373925e-007
        dvar2: 1.41169311973e-006
        max: 0.0131200915202
        mean: 0.00131571979728
        median: 0.00115784851369
        min: 1.61188428391e-022
        var: 1.18108289371e-006
    spectral_flatness_db:
        dmean: 0.013569929637
        dmean2: 0.0207054559141
        dvar: 0.000201533475774
        dvar2: 0.000462111085653
        max: 0.56089502573
        mean: 0.136114269495
        median: 0.117504142225
        min: 0.045200753957
        var: 0.00395992072299
    spectral_flux:
        dmean: 0.00687073823065
        dmean2: 0.0107260905206
        dvar: 7.06044520484e-005
        dvar2: 0.000152715874719
        max: 0.122134000063
        mean: 0.0377121195197
        median: 0.0386007539928
        min: 6.25063542592e-011
        var: 0.00032008474227
    spectral_kurtosis:
        dmean: 1.31970977783
        dmean2: 2.12644171715
        dvar: 7.7657327652
        dvar2: 19.9672889709
        max: 215.651107788
        mean: 6.04884672165
        median: 4.30399560928
        min: -1.2566870451
        var: 82.019317627
    spectral_rms:
        dmean: 0.000243831818807
        dmean2: 0.000382892496418
        dvar: 9.11049085062e-008
        dvar2: 2.19832998027e-007
        max: 0.00474335998297
        mean: 0.00189398147631
        median: 0.00203381385654
        min: 3.12393253626e-012
        var: 6.52050175631e-007
    spectral_rolloff:
        dmean: 337.194152832
        dmean2: 542.921569824
        dvar: 258370.40625
        dvar2: 538269.75
        max: 19487.5488281
        mean: 3372.05175781
        median: 3552.97851563
        min: 129.19921875
        var: 1808478.875
    spectral_skewness:
        dmean: 0.175488546491
        dmean2: 0.277612030506
        dvar: 0.0516070611775
        dvar2: 0.127771288157
        max: 12.7933692932
        mean: 1.67119467258
        median: 1.52700948715
        min: -0.0994499623775
        var: 0.617681503296
    spectral_spread:
        dmean: 528035
        dmean2: 717105.4375
        dvar: 613715869696
        dvar2: 1.00060502426e+012
        max: 42543796
        mean: 5305622.5
        median: 5028218.5
        min: 496422.34375
        var: 6.98751857459e+012
    spectral_strongpeak:
        dmean: 0.466702222824
        dmean2: 0.809070289135
        dvar: 0.507636427879
        dvar2: 1.37132906914
        max: 7.15239620209
        mean: 0.643586337566
        median: 0.275779902935
        min: 2.17132735403e-011
        var: 0.758459806442
    zerocrossingrate:
        dmean: 0.00794347841293
        dmean2: 0.00941742863506
        dvar: 9.01227613213e-005
        dvar2: 0.000101289893792
        max: 0.5263671875
        mean: 0.103078581393
        median: 0.10498046875
        min: 0.00830078125
        var: 0.00141466828063
    barkbands:
        dmean: [6.33888589618e-007, 5.66913840885e-005, 0.000181487601367, 0.000126743558212, 0.00019255715597, 0.000164863609825, 0.000133570865728, 0.000101903926407, 9.23996412894e-005, 5.07228214701e-005, 6.00420316914e-005, 8.1184465671e-005, 7.12230539648e-005, 0.000117222371046, 7.59036920499e-005, 0.000100532364741, 0.000149259605678, 0.000183010677574, 0.000218028391828, 0.000151182379341, 8.41458022478e-005, 2.71363242064e-005, 5.2710665841e-006, 3.23404424307e-006, 1.9668434561e-006, 1.19011787092e-007, 2.80679368636e-009]
        dmean2: [8.23999641852e-007, 9.45576757658e-005, 0.000301411695546, 0.000210872705793, 0.000323096319335, 0.000272436620435, 0.000223048235057, 0.000171073843376, 0.000153195564053, 8.21361827548e-005, 9.98809264274e-005, 0.000135269598104, 0.000117163894174, 0.000191036087926, 0.000122317491332, 0.000163769538631, 0.000245915318374, 0.000304250308545, 0.00036918951082, 0.000248568394454, 0.000141145210364, 4.56271554867e-005, 8.60966065375e-006, 4.63499827674e-006, 2.73170780929e-006, 1.60472310995e-007, 3.7681782139e-009]
        dvar: [1.54637825982e-012, 8.86403217493e-009, 1.26048263382e-007, 7.82612019634e-008, 1.32254783125e-007, 5.89542707985e-008, 5.25796828299e-008, 3.91738446126e-008, 2.81223790921e-008, 8.51305870242e-009, 1.35975248838e-008, 3.11309733547e-008, 2.77896265999e-008, 9.49445535525e-008, 2.84232957171e-008, 3.56334020069e-008, 7.56652482892e-008, 9.17199685091e-008, 1.37081372031e-007, 5.6992934816e-008, 2.03402574783e-008, 3.9321474965e-009, 1.28491578488e-010, 8.92493370874e-011, 3.99483328362e-011, 5.39960329053e-014, 2.7255227298e-017]
        dvar2: [2.95838158658e-012, 2.49416949316e-008, 3.56453284667e-007, 1.89556914165e-007, 3.58109247145e-007, 1.60363086366e-007, 1.38377245662e-007, 1.07147357653e-007, 7.46931760887e-008, 2.15980175966e-008, 3.62921959152e-008, 8.23530683647e-008, 7.23140871628e-008, 2.20630496983e-007, 6.71929214491e-008, 8.49202663744e-008, 1.95618184762e-007, 2.38981812117e-007, 3.5960138689e-007, 1.45791062778e-007, 5.15547142754e-008, 1.00785451096e-008, 3.13174625122e-010, 1.62131766346e-010, 7.52657519643e-011, 1.07825179991e-013, 5.43392976923e-017]
        max: [1.55585366883e-005, 0.00136438792106, 0.00807076320052, 0.00971625559032, 0.0055203801021, 0.00415127770975, 0.00556034874171, 0.00378387584351, 0.00294494209811, 0.00186866451986, 0.00285119516775, 0.00320153753273, 0.00305217131972, 0.00517416885123, 0.00456047477201, 0.00533540779725, 0.00915822666138, 0.00768512301147, 0.00544288801029, 0.0044857240282, 0.00350790238008, 0.00155850162264, 0.00023974708165, 0.000335451390129, 0.000162198761245, 6.98417397871e-006, 1.83898038131e-007]
        mean: [1.04408240986e-006, 7.96112435637e-005, 0.000271694356343, 0.000185321099707, 0.000297159771435, 0.000291151751298, 0.000208240671782, 0.000158824390383, 0.000143982411828, 8.00938141765e-005, 9.72849957179e-005, 0.000138151823194, 0.000112681256724, 0.000180542629096, 0.000135967653478, 0.000196261258679, 0.000300703861285, 0.000380734592909, 0.000439574883785, 0.000372716254788, 0.000203880510526, 4.85609671159e-005, 9.9948283605e-006, 6.63104628984e-006, 4.12089457313e-006, 2.61808253299e-007, 5.40610223254e-009]
        median: [1.80585928433e-007, 4.45747609774e-005, 0.000128003768623, 9.43020131672e-005, 0.000181157753104, 0.000187808123883, 0.000108001651824, 6.13172960584e-005, 6.11009891145e-005, 3.97775802412e-005, 5.18690976605e-005, 4.93778716191e-005, 3.40576589224e-005, 6.50602305541e-005, 4.87709112349e-005, 0.00010297105473, 0.000186702454812, 0.000298641389236, 0.000319569924613, 0.000299167149933, 0.000175624853, 2.27202363021e-005, 4.00561839342e-006, 2.53055577559e-006, 1.63587219504e-006, 1.32771063477e-007, 2.66957611572e-009]
        min: [2.60385950348e-025, 2.33749859738e-024, 1.6418881509e-024, 2.78855545792e-024, 1.33402374416e-023, 8.69798112983e-024, 1.67796283899e-023, 1.82156250278e-023, 1.24647059664e-023, 1.38347948534e-023, 2.84155744442e-023, 1.93106538944e-023, 3.70745976782e-023, 4.87158401447e-023, 5.01427128174e-023, 6.39608295735e-023, 1.07580104467e-022, 9.42179051377e-023, 1.56446415096e-022, 2.29214024707e-022, 2.74723725873e-022, 3.56452189522e-022, 4.23306396813e-022, 6.96248584461e-022, 8.6711954209e-022, 1.37477488488e-021, 2.10992711045e-021]
        var: [3.68209976398e-012, 1.14238787319e-008, 2.20124348971e-007, 1.39329344506e-007, 1.59132440558e-007, 1.13879977448e-007, 8.59653255247e-008, 7.47670725332e-008, 5.14410345431e-008, 1.62942654924e-008, 2.20039169108e-008, 6.64376855752e-008, 5.45679803565e-008, 1.59482510753e-007, 8.24532335741e-008, 8.84972735093e-008, 1.72171326085e-007, 1.88414517766e-007, 2.66304908791e-007, 1.55130081225e-007, 4.6947949528e-008, 6.21670848133e-009, 2.42595249444e-010, 2.13124851101e-010, 9.19406287214e-011, 1.38090073772e-013, 5.95917787768e-017]
    frequency_bands:
        dmean: [6.33888589618e-007, 5.66913840885e-005, 0.000181487601367, 0.000126743558212, 0.00019255715597, 0.000164863609825, 0.000133570865728, 0.000101903926407, 9.23996412894e-005, 5.07228214701e-005, 6.00420316914e-005, 8.1184465671e-005, 7.12230539648e-005, 0.000117222371046, 7.59036920499e-005, 0.000100532364741, 0.000149259605678, 0.000183010677574, 0.000218028391828, 0.000151182379341, 8.41458022478e-005, 2.71363242064e-005, 5.2710665841e-006, 3.23404424307e-006, 1.9668434561e-006, 1.19011787092e-007, 2.80679368636e-009, 5.5394230869e-011]
        dmean2: [8.23999641852e-007, 9.45576757658e-005, 0.000301411695546, 0.000210872705793, 0.000323096319335, 0.000272436620435, 0.000223048235057, 0.000171073843376, 0.000153195564053, 8.21361827548e-005, 9.98809264274e-005, 0.000135269598104, 0.000117163894174, 0.000191036087926, 0.000122317491332, 0.000163769538631, 0.000245915318374, 0.000304250308545, 0.00036918951082, 0.000248568394454, 0.000141145210364, 4.56271554867e-005, 8.60966065375e-006, 4.63499827674e-006, 2.73170780929e-006, 1.60472310995e-007, 3.7681782139e-009, 1.0109485471e-010]
        dvar: [1.54637825982e-012, 8.86403217493e-009, 1.26048263382e-007, 7.82612019634e-008, 1.32254783125e-007, 5.89542707985e-008, 5.25796828299e-008, 3.91738446126e-008, 2.81223790921e-008, 8.51305870242e-009, 1.35975248838e-008, 3.11309733547e-008, 2.77896265999e-008, 9.49445535525e-008, 2.84232957171e-008, 3.56334020069e-008, 7.56652482892e-008, 9.17199685091e-008, 1.37081372031e-007, 5.6992934816e-008, 2.03402574783e-008, 3.9321474965e-009, 1.28491578488e-010, 8.92493370874e-011, 3.99483328362e-011, 5.39960329053e-014, 2.7255227298e-017, 7.27644046896e-021]
        dvar2: [2.95838158658e-012, 2.49416949316e-008, 3.56453284667e-007, 1.89556914165e-007, 3.58109247145e-007, 1.60363086366e-007, 1.38377245662e-007, 1.07147357653e-007, 7.46931760887e-008, 2.15980175966e-008, 3.62921959152e-008, 8.23530683647e-008, 7.23140871628e-008, 2.20630496983e-007, 6.71929214491e-008, 8.49202663744e-008, 1.95618184762e-007, 2.38981812117e-007, 3.5960138689e-007, 1.45791062778e-007, 5.15547142754e-008, 1.00785451096e-008, 3.13174625122e-010, 1.62131766346e-010, 7.52657519643e-011, 1.07825179991e-013, 5.43392976923e-017, 2.29332399786e-020]
        max: [1.55585366883e-005, 0.00136438792106, 0.00807076320052, 0.00971625559032, 0.0055203801021, 0.00415127770975, 0.00556034874171, 0.00378387584351, 0.00294494209811, 0.00186866451986, 0.00285119516775, 0.00320153753273, 0.00305217131972, 0.00517416885123, 0.00456047477201, 0.00533540779725, 0.00915822666138, 0.00768512301147, 0.00544288801029, 0.0044857240282, 0.00350790238008, 0.00155850162264, 0.00023974708165, 0.000335451390129, 0.000162198761245, 6.98417397871e-006, 1.83898038131e-007, 1.12824427578e-009]
        mean: [1.04408240986e-006, 7.96112435637e-005, 0.000271694356343, 0.000185321099707, 0.000297159771435, 0.000291151751298, 0.000208240671782, 0.000158824390383, 0.000143982411828, 8.00938141765e-005, 9.72849957179e-005, 0.000138151823194, 0.000112681256724, 0.000180542629096, 0.000135967653478, 0.000196261258679, 0.000300703861285, 0.000380734592909, 0.000439574883785, 0.000372716254788, 0.000203880510526, 4.85609671159e-005, 9.9948283605e-006, 6.63104628984e-006, 4.12089457313e-006, 2.61808253299e-007, 5.40610223254e-009, 5.09855317687e-011]
        median: [1.80585928433e-007, 4.45747609774e-005, 0.000128003768623, 9.43020131672e-005, 0.000181157753104, 0.000187808123883, 0.000108001651824, 6.13172960584e-005, 6.11009891145e-005, 3.97775802412e-005, 5.18690976605e-005, 4.93778716191e-005, 3.40576589224e-005, 6.50602305541e-005, 4.87709112349e-005, 0.00010297105473, 0.000186702454812, 0.000298641389236, 0.000319569924613, 0.000299167149933, 0.000175624853, 2.27202363021e-005, 4.00561839342e-006, 2.53055577559e-006, 1.63587219504e-006, 1.32771063477e-007, 2.66957611572e-009, 2.2569401209e-011]
        min: [2.60385950348e-025, 2.33749859738e-024, 1.6418881509e-024, 2.78855545792e-024, 1.33402374416e-023, 8.69798112983e-024, 1.67796283899e-023, 1.82156250278e-023, 1.24647059664e-023, 1.38347948534e-023, 2.84155744442e-023, 1.93106538944e-023, 3.70745976782e-023, 4.87158401447e-023, 5.01427128174e-023, 6.39608295735e-023, 1.07580104467e-022, 9.42179051377e-023, 1.56446415096e-022, 2.29214024707e-022, 2.74723725873e-022, 3.56452189522e-022, 4.23306396813e-022, 6.96248584461e-022, 8.6711954209e-022, 1.37477488488e-021, 2.10992711045e-021, 5.29707955709e-022]
        var: [3.68209976398e-012, 1.14238787319e-008, 2.20124348971e-007, 1.39329344506e-007, 1.59132440558e-007, 1.13879977448e-007, 8.59653255247e-008, 7.47670725332e-008, 5.14410345431e-008, 1.62942654924e-008, 2.20039169108e-008, 6.64376855752e-008, 5.45679803565e-008, 1.59482510753e-007, 8.24532335741e-008, 8.84972735093e-008, 1.72171326085e-007, 1.88414517766e-007, 2.66304908791e-007, 1.55130081225e-007, 4.6947949528e-008, 6.21670848133e-009, 2.42595249444e-010, 2.13124851101e-010, 9.19406287214e-011, 1.38090073772e-013, 5.95917787768e-017, 6.24515627143e-021]
    mfcc:
        mean: [-721.302246094, 99.1299667358, -43.0166778564, 46.8344612122, -13.4605302811, -8.28923416138, 2.57379293442, -9.92653274536, -2.50322365761, -6.78970432281, -2.94511222839, -0.564746201038, -4.08070373535]
        cov: [[8416.1484375, -235.699462891, -427.542358398, 1451.73498535, 208.43572998, 92.4539642334, -37.8230552673, 242.5990448, 2.103266716, -279.083831787, -119.692008972, -66.2903213501, 118.391647339], [-235.699462891, 1257.6496582, -68.2519378662, -159.117004395, -54.0432052612, 72.9749298096, 131.851303101, -161.101470947, -50.5653419495, 0.0288493651897, -6.14410543442, 67.172996521, -19.5310249329], [-427.542358398, -68.2519378662, 472.723419189, -91.0762634277, 38.0904769897, 41.8896751404, -8.80946731567, 25.8610954285, -7.89956092834, 5.04740047455, -14.1463708878, -15.4893341064, 3.59230113029], [1451.73498535, -159.117004395, -91.0762634277, 578.057922363, 130.055938721, 13.634469986, -9.95675849915, 107.979187012, 21.2745265961, -79.9201660156, -43.6078796387, -31.5153865814, 45.3671913147], [208.43572998, -54.0432052612, 38.0904769897, 130.055938721, 226.203399658, 18.6742610931, -68.5320968628, 25.815328598, -0.443040728569, -22.7817707062, -17.5540847778, -37.8173141479, 13.2500934601], [92.4539642334, 72.9749298096, 41.8896751404, 13.634469986, 18.6742610931, 139.014175415, 38.6458244324, -23.7226333618, -13.7170171738, 1.64814519882, 5.86196565628, 9.07861328125, -4.6918964386], [-37.8230552673, 131.851303101, -8.80946731567, -9.95675849915, -68.5320968628, 38.6458244324, 155.915283203, 0.94417154789, -1.49085974693, 5.93540430069, 10.200006485, 41.16979599, -4.02085590363], [242.5990448, -161.101470947, 25.8610954285, 107.979187012, 25.815328598, -23.7226333618, 0.94417154789, 142.562835693, 35.7801208496, -22.3043060303, -9.63814544678, -11.7122135162, 17.2901287079], [2.103266716, -50.5653419495, -7.89956092834, 21.2745265961, -0.443040728569, -13.7170171738, -1.49085974693, 35.7801208496, 74.9220504761, 18.1111125946, -2.20616364479, -2.10419130325, 4.74449157715], [-279.083831787, 0.0288493651897, 5.04740047455, -79.9201660156, -22.7817707062, 1.64814519882, 5.93540430069, -22.3043060303, 18.1111125946, 90.9004745483, 39.7484283447, 14.8900747299, 1.39073252678], [-119.692008972, -6.14410543442, -14.1463708878, -43.6078796387, -17.5540847778, 5.86196565628, 10.200006485, -9.63814544678, -2.20616364479, 39.7484283447, 83.8155212402, 43.4892730713, 7.24367713928], [-66.2903213501, 67.172996521, -15.4893341064, -31.5153865814, -37.8173141479, 9.07861328125, 41.16979599, -11.7122135162, -2.10419130325, 14.8900747299, 43.4892730713, 91.9237823486, 41.8555488586], [118.391647339, -19.5310249329, 3.59230113029, 45.3671913147, 13.2500934601, -4.6918964386, -4.02085590363, 17.2901287079, 4.74449157715, 1.39073252678, 7.24367713928, 41.8555488586, 89.349105835]]
        icov: [[0.000226412856136, -2.75900092674e-005, 0.000103133759694, -0.000549825432245, 0.000187053083209, -0.000190785547602, 0.000158249822562, -6.24559106654e-005, 9.18662772165e-005, 0.000225138603128, -4.61232666567e-005, 5.26386975253e-005, -7.88618635852e-005], [-2.75900092674e-005, 0.00110561936162, 0.000142658027471, 0.000277760496829, -0.000341341394233, -0.000122110024677, -0.000893578748219, 0.0010858012829, 5.46701048734e-005, 0.000218537592446, 0.000639611273073, -0.000730456318706, 0.000209370962693], [0.000103133759694, 0.000142658027471, 0.00258802552707, 0.000593989272602, -0.000494853011332, -0.00111068040133, 2.48945561907e-005, -0.00106725958176, 0.00060078658862, -0.000152072971105, 0.000730491010472, 0.000296639598673, -0.00051613379037], [-0.000549825432245, 0.000277760496829, 0.000593989272602, 0.00426520127803, -0.00179215171374, -0.000215702137211, -0.00113857816905, -0.00116986653302, -0.000646116735879, 0.00127379817422, 0.000219850160647, 0.000923058832996, -0.00140644691419], [0.000187053083209, -0.000341341394233, -0.000494853011332, -0.00179215171374, 0.00678156502545, -0.00157848652452, 0.00302929989994, -0.000518239336088, 0.000287248869427, 0.000416412804043, -0.000838934036437, 0.00207942607813, -0.0011723889038], [-0.000190785547602, -0.000122110024677, -0.00111068040133, -0.000215702137211, -0.00157848652452, 0.00922491308302, -0.00286432029679, 0.00205113017, 0.000518028449733, -0.00033947135671, -0.00073579052696, -0.000239888162469, 0.00072277279105], [0.000158249822562, -0.000893578748219, 2.48945561907e-005, -0.00113857816905, 0.00302929989994, -0.00286432029679, 0.0105047263205, -0.00245371903293, 0.000598556012847, -0.00109367887489, 0.0017184803728, -0.004952410236, 0.00268588145263], [-6.24559106654e-005, 0.0010858012829, -0.00106725958176, -0.00116986653302, -0.000518239336088, 0.00205113017, -0.00245371903293, 0.0119165331125, -0.00511090131477, 0.00332754780538, -0.0018848181935, 0.001816057018, -0.00175316398963], [9.18662772165e-005, 5.46701048734e-005, 0.00060078658862, -0.000646116735879, 0.000287248869427, 0.000518028449733, 0.000598556012847, -0.00511090131477, 0.0177255999297, -0.00635961862281, 0.00345681607723, -0.00149820058141, 0.000774027837906], [0.000225138603128, 0.000218537592446, -0.000152072971105, 0.00127379817422, 0.000416412804043, -0.00033947135671, -0.00109367887489, 0.00332754780538, -0.00635961862281, 0.018480123952, -0.00915206968784, 0.00396618340164, -0.00272985431366], [-4.61232666567e-005, 0.000639611273073, 0.000730491010472, 0.000219850160647, -0.000838934036437, -0.00073579052696, 0.0017184803728, -0.0018848181935, 0.00345681607723, -0.00915206968784, 0.0221899393946, -0.01264868211, 0.00467296224087], [5.26386975253e-005, -0.000730456318706, 0.000296639598673, 0.000923058832996, 0.00207942607813, -0.000239888162469, -0.004952410236, 0.001816057018, -0.00149820058141, 0.00396618340164, -0.01264868211, 0.0263233482838, -0.0128931850195], [-7.88618635852e-005, 0.000209370962693, -0.00051613379037, -0.00140644691419, -0.0011723889038, 0.00072277279105, 0.00268588145263, -0.00175316398963, 0.000774027837906, -0.00272985431366, 0.00467296224087, -0.0128931850195, 0.0184114873409]]
    sccoeffs:
        dmean: [0.0493021048605, 0.0468681417406, 0.0366417914629, 0.0299257859588, 0.0197017528117, 0.0171383023262]
        dmean2: [0.0822030827403, 0.0787793546915, 0.0610743202269, 0.0492549799383, 0.0324695557356, 0.0276030786335]
        dvar: [0.0016376368003, 0.00135488831438, 0.000811750651337, 0.000602490094025, 0.000285122339847, 0.000264716742095]
        dvar2: [0.00438719987869, 0.0037906456273, 0.00224990816787, 0.00153504905757, 0.000708966865204, 0.000650828587823]
        max: [-0.340214937925, -0.349520355463, -0.490469008684, -0.470543891191, -0.580028414726, -0.587009429932]
        mean: [-0.676902413368, -0.746861100197, -0.784452140331, -0.780988812447, -0.803929448128, -0.759364902973]
        median: [-0.679217875004, -0.752332806587, -0.793366074562, -0.795078575611, -0.807944417, -0.755599558353]
        min: [-0.977084517479, -0.972438514233, -0.973515510559, -0.966665804386, -0.966839551926, -0.965995430946]
        var: [0.00537220016122, 0.00508370017633, 0.00409830547869, 0.00423744646832, 0.00140416319482, 0.00162791449111]
    scvalleys:
        dmean: [0.383745789528, 0.341813594103, 0.284597873688, 0.262169897556, 0.210861250758, 0.229417100549]
        dmean2: [0.629856824875, 0.566393196583, 0.464892745018, 0.420653820038, 0.330864965916, 0.316086053848]
        dvar: [0.137847706676, 0.118312649429, 0.0887702330947, 0.0948600545526, 0.0995555147529, 0.108432658017]
        dvar2: [0.29901266098, 0.259108990431, 0.172573372722, 0.17686419189, 0.17277443409, 0.187341868877]
        max: [-5.15369462967, -4.43120670319, -5.13426208496, -5.45320320129, -5.43610095978, -7.25024318695]
        mean: [-7.18565320969, -6.72580432892, -7.16268539429, -7.4618396759, -7.1624751091, -9.80766677856]
        median: [-6.68220758438, -6.41501808167, -6.88509607315, -7.11831092834, -6.5643901825, -9.41503810883]
        min: [-28.0934734344, -27.9797439575, -27.6612529755, -27.6248817444, -27.5952529907, -27.4032001495]
        var: [2.94635748863, 2.3303565979, 2.14493608475, 2.21390604973, 2.83195781708, 2.86671853065]

rhythm:
    beats_loudness:
        dmean: 0.00203453050926
        dmean2: 0.00359687046148
        dvar: 3.4271952245e-006
        dvar2: 1.01353116406e-005
        max: 0.0180466677994
        mean: 0.00527712143958
        median: 0.00539282616228
        min: 0
        var: 9.30305122893e-006
    bpm: 150.244766235
    bpm_confidence: 0
    first_peak_bpm: 152
    first_peak_spread: 0.418451428413
    first_peak_weight: 0.520648956299
    onset_rate: 2.47980165482
    second_peak_bpm: 144
    second_peak_spread: 0.322033911943
    second_peak_weight: 0.0589970499277
    beats_loudness_band_ratio:
        dmean: [0.125443443656, 0.0825742334127, 0.0878366231918, 0.0874373167753, 0.123548850417, 0.106894604862]
        dmean2: [0.215947002172, 0.143748357892, 0.151410400867, 0.150641545653, 0.21529109776, 0.180531144142]
        dvar: [0.0182039942592, 0.00668907584623, 0.00900272652507, 0.00761566450819, 0.0174534767866, 0.0104619562626]
        dvar2: [0.0479074753821, 0.0190054289997, 0.0233686752617, 0.0218912046403, 0.0541470125318, 0.0307237710804]
        max: [0.836661875248, 0.73548489809, 0.994549512863, 0.914615631104, 0.915959358215, 0.772230744362]
        mean: [0.145102292299, 0.127801924944, 0.157207682729, 0.135769024491, 0.23967422545, 0.224203258753]
        median: [0.104246564209, 0.109829552472, 0.118887245655, 0.0955225080252, 0.210633039474, 0.216382205486]
        min: [0, 0, 0, 0, 0, 0]
        var: [0.019720736891, 0.00851331464946, 0.0217167623341, 0.0159566160291, 0.0235335659236, 0.0184284858406]
