
metadata:
    version:
        essentia: "2.1-beta2"
    audio_properties:
        analysis_sample_rate: 44100
        bitrate: 256
        channels: 2
        equal_loudness: 1
        length: 272.640014648
        replay_gain: -13.5053634644
        downmix: "mix"
    tags:
        album: "Mutter"
        artist: "Rammstein"
        comment: ""
        date: "2001"
        genre: "Folk"
        title: "Mutter"
        tracknumber: "6"

configuration:
    average_loudness:
        compute: 1
        frameSize: 88200
        hopSize: 44100
        silentFrames: "noise"
        windowType: "hann"
    general:
        analysisSampleRate: 44100
        endTime: 2000
        equalLoudness: 1
        nequalLoudness: 0
        shortSound: 0
        startTime: 0
    lowlevel:
        compute: 1
        frameSize: 2048
        hopSize: 1024
        zeroPadding: 0
        silentFrames: "noise"
        windowType: "blackmanharris62"
        mfccStats: ["mean", "cov", "icov"]
        stats: ["mean", "var", "median", "min", "max", "dmean", "dmean2", "dvar", "dvar2"]
    panning:
        compute: 0
        frameSize: 8192
        hopSize: 2048
        zeroPadding: 8192
        silentFrames: "noise"
        windowType: "hann"
        stats: ["copy"]
    rhythm:
        compute: 1
        maxTempo: 208
        minTempo: 40
        method: "degara"
        stats: ["mean", "var", "median", "min", "max", "dmean", "dmean2", "dvar", "dvar2"]
    segmentation:
        compute: 0
        cpw: 5
        inc1: 300
        inc2: 50
        minimumSegmentsLength: 10
        size1: 1000
        size2: 600
    sfx:
        compute: 1
        stats: ["mean", "var", "median", "min", "max", "dmean", "dmean2", "dvar", "dvar2"]
    svm:
        compute: 0
    tonal:
        compute: 1
        frameSize: 4096
        hopSize: 2048
        zeroPadding: 0
        silentFrames: "noise"
        windowType: "blackmanharris62"
        stats: ["mean", "var", "median", "min", "max", "dmean", "dmean2", "dvar", "dvar2"]

lowlevel:
    average_loudness: 0.796290516853
    barkbands_kurtosis:
        dmean: 1.25348031521
        dmean2: 1.90656411648
        dvar: 25.4936447144
        dvar2: 53.1092529297
        max: 244.025131226
        mean: 1.02080333233
        median: -1.09139728546
        min: -1.89680933952
        var: 66.814125061
    barkbands_skewness:
        dmean: 0.360687762499
        dmean2: 0.549753308296
        dvar: 0.201877877116
        dvar2: 0.417513668537
        max: 14.979060173
        mean: 0.308016449213
        median: -0.0857644975185
        min: -2.26608157158
        var: 1.88275682926
    barkbands_spread:
        dmean: 4.21825933456
        dmean2: 6.60112857819
        dvar: 18.5479240417
        dvar2: 42.2265472412
        max: 76.193321228
        mean: 31.143081665
        median: 33.2597618103
        min: 0.468337744474
        var: 160.930358887
    dissonance:
        dmean: 0.0141119332984
        dmean2: 0.023675236851
        dvar: 0.000295494130114
        dvar2: 0.000817550870124
        max: 0.500000059605
        mean: 0.468115925789
        median: 0.480359524488
        min: 0.232673674822
        var: 0.0011231766548
    hfc:
        dmean: 1.79402387142
        dmean2: 2.92184042931
        dvar: 9.16748428345
        dvar2: 23.7471141815
        max: 51.1706581116
        mean: 8.85598564148
        median: 9.49120616913
        min: 1.0790782849e-016
        var: 54.5191192627
    pitch:
        dmean: 742.385559082
        dmean2: 1436.86584473
        dvar: 1755236.625
        dvar2: 4387206.5
        max: 6417.76269531
        mean: 1166.61767578
        median: 248.26083374
        min: 61.6229362488
        var: 2362223.25
    pitch_instantaneous_confidence:
        dmean: 0.0733621120453
        dmean2: 0.119806744158
        dvar: 0.00424188701436
        dvar2: 0.010579450056
        max: 0.950698673725
        mean: 0.435543298721
        median: 0.404511332512
        min: 0.0979126691818
        var: 0.0252573881298
    pitch_salience:
        dmean: 0.0489313676953
        dmean2: 0.079471334815
        dvar: 0.00182384368964
        dvar2: 0.00468728411943
        max: 0.871669888496
        mean: 0.635378539562
        median: 0.655321776867
        min: 0.0409754253924
        var: 0.011952730827
    silence_rate_20dB:
        dmean: 0
        dmean2: 0
        dvar: 0
        dvar2: 0
        max: 1
        mean: 1
        median: 1
        min: 1
        var: 0
    silence_rate_30dB:
        dmean: 0
        dmean2: 0
        dvar: 0
        dvar2: 0
        max: 1
        mean: 1
        median: 1
        min: 1
        var: 0
    silence_rate_60dB:
        dmean: 0.0204394478351
        dmean2: 0.0408823788166
        dvar: 0.0200179070234
        dvar2: 0.0433043278754
        max: 1
        mean: 0.358426302671
        median: 0
        min: 0
        var: 0.22992670536
    spectral_centroid:
        dmean: 207.379089355
        dmean2: 326.290252686
        dvar: 56272.1015625
        dvar2: 120089.6875
        max: 11778.5253906
        mean: 1786.17675781
        median: 1828.83447266
        min: 188.659210205
        var: 1893594.5
    spectral_complexity:
        dmean: 2.75949573517
        dmean2: 4.52108001709
        dvar: 9.7235584259
        dvar2: 23.5468177795
        max: 53
        mean: 17.0562038422
        median: 19
        min: 0
        var: 139.892547607
    spectral_crest:
        dmean: 1.51556622982
        dmean2: 2.48231840134
        dvar: 2.32723999023
        dvar2: 5.88681030273
        max: 26.7490882874
        mean: 7.1201581955
        median: 5.89720106125
        min: 2.3773856163
        var: 15.4104385376
    spectral_decrease:
        dmean: 1.83370554852e-010
        dmean2: 2.96909413722e-010
        dvar: 9.14963022485e-020
        dvar2: 2.32965493358e-019
        max: 2.19214859245e-028
        mean: -9.70414637536e-010
        median: -1.06697017888e-009
        min: -5.54990231549e-009
        var: 4.87876295163e-019
    spectral_energy:
        dmean: 0.000821161316708
        dmean2: 0.00133389222901
        dvar: 1.90034347725e-006
        dvar2: 4.83303938381e-006
        max: 0.0254107676446
        mean: 0.00446581747383
        median: 0.00493200449273
        min: 1.00664019294e-020
        var: 1.0686528185e-005
    spectral_energyband_high:
        dmean: 0.000172021304024
        dmean2: 0.000287625822239
        dvar: 8.21861760869e-008
        dvar2: 2.24289834705e-007
        max: 0.00579132372513
        mean: 0.000566314731259
        median: 0.000554194208235
        min: 7.11425329217e-021
        var: 3.18723692772e-007
    spectral_energyband_low:
        dmean: 0.000189218175365
        dmean2: 0.000306150002871
        dvar: 1.0774544279e-007
        dvar2: 2.84981354071e-007
        max: 0.00964409019798
        mean: 0.00036805291893
        median: 0.000245574803557
        min: 1.29781747408e-023
        var: 1.90003660805e-007
    spectral_energyband_middle_high:
        dmean: 0.000501480768435
        dmean2: 0.000817654305138
        dvar: 5.68256439237e-007
        dvar2: 1.42684120874e-006
        max: 0.0133085697889
        mean: 0.00223093363456
        median: 0.00223579839803
        min: 1.05157526511e-021
        var: 3.60370904673e-006
    spectral_energyband_middle_low:
        dmean: 0.000441540614702
        dmean2: 0.000710340274964
        dvar: 5.0113777661e-007
        dvar2: 1.32934417252e-006
        max: 0.0101873772219
        mean: 0.00143055489752
        median: 0.00129425968044
        min: 1.58830706161e-022
        var: 1.28606586713e-006
    spectral_flatness_db:
        dmean: 0.0128900632262
        dmean2: 0.0190762002021
        dvar: 0.000218109300476
        dvar2: 0.000449035520433
        max: 0.496890217066
        mean: 0.152663439512
        median: 0.139301106334
        min: 0.0451233126223
        var: 0.00280995015055
    spectral_flux:
        dmean: 0.00535542936996
        dmean2: 0.00870084948838
        dvar: 4.50654151791e-005
        dvar2: 0.000101142853964
        max: 0.108049310744
        mean: 0.0341378673911
        median: 0.03846636042
        min: 6.30924479328e-011
        var: 0.000399605021812
    spectral_kurtosis:
        dmean: 1.36694359779
        dmean2: 2.20600700378
        dvar: 6.10294294357
        dvar2: 17.2719249725
        max: 65.9104385376
        mean: 6.04177951813
        median: 4.44501876831
        min: -1.27678787708
        var: 34.9811592102
    spectral_rms:
        dmean: 0.000173156848177
        dmean2: 0.000274881458608
        dvar: 5.18278362449e-008
        dvar2: 1.24770878074e-007
        max: 0.00497905537486
        mean: 0.00187373999506
        median: 0.00219356152229
        min: 3.13382826633e-012
        var: 8.46002706112e-007
    spectral_rolloff:
        dmean: 284.759643555
        dmean2: 475.640136719
        dvar: 226455.828125
        dvar2: 475919.6875
        max: 19853.6132813
        mean: 3298.95947266
        median: 3639.11132813
        min: 172.265625
        var: 5558169.5
    spectral_skewness:
        dmean: 0.178681895137
        dmean2: 0.273613631725
        dvar: 0.0500930994749
        dvar2: 0.118437625468
        max: 6.59961700439
        mean: 1.63791823387
        median: 1.43340194225
        min: -0.0833853781223
        var: 0.608076691628
    spectral_spread:
        dmean: 520170.8125
        dmean2: 708602
        dvar: 760791760896
        dvar2: 1.39701950874e+012
        max: 42819860
        mean: 5239000.5
        median: 4316304.5
        min: 1229154.875
        var: 2.33558413148e+013
    spectral_strongpeak:
        dmean: 0.493056476116
        dmean2: 0.865532398224
        dvar: 0.715876042843
        dvar2: 1.91842067242
        max: 7.62212228775
        mean: 0.659951984882
        median: 0.25924757123
        min: 0
        var: 0.904964387417
    zerocrossingrate:
        dmean: 0.00672524049878
        dmean2: 0.00829358678311
        dvar: 5.97488033236e-005
        dvar2: 7.44571370888e-005
        max: 0.53271484375
        mean: 0.0999040603638
        median: 0.1064453125
        min: 0.0078125
        var: 0.00388449965976
    barkbands:
        dmean: [1.70283598777e-007, 3.21293809975e-005, 0.000133302004542, 0.000114867732918, 0.000188937017811, 0.000135497262818, 0.000137966155307, 9.91621418507e-005, 7.04630656401e-005, 4.99209054396e-005, 5.01273279951e-005, 5.64667752769e-005, 4.54324763268e-005, 6.23567248113e-005, 5.40151741006e-005, 0.00012661992514, 0.000131128996145, 0.000161106800078, 0.00020395424508, 0.000177566718776, 9.6029296401e-005, 1.86182278412e-005, 3.22016330756e-006, 1.2428579339e-006, 8.66970196967e-007, 6.32532817235e-008, 2.32123031907e-009]
        dmean2: [2.26993336128e-007, 5.17418484378e-005, 0.000216173561057, 0.000188092482858, 0.000313138007186, 0.000212972445297, 0.00022287988395, 0.000156645910465, 0.000113914938993, 7.95737869339e-005, 8.09738703538e-005, 9.11426323e-005, 7.25943318685e-005, 0.000101932753751, 8.83285101736e-005, 0.000211173915886, 0.000215318374103, 0.000270478136372, 0.000341212900821, 0.000297082588077, 0.000161990043125, 3.0732848245e-005, 5.05627303937e-006, 1.8692227286e-006, 1.26805696254e-006, 8.5074169931e-008, 3.25997229211e-009]
        dvar: [3.55231875816e-013, 2.55422305528e-009, 5.6711865426e-008, 4.02449273906e-008, 1.74300026856e-007, 3.98531163626e-008, 6.87711647629e-008, 5.0547786401e-008, 2.68996647179e-008, 9.03665320351e-009, 1.20531558068e-008, 1.7145884712e-008, 1.40081848343e-008, 1.43769467442e-008, 9.94537519006e-009, 4.25200070708e-008, 4.44547794132e-008, 6.62544508145e-008, 1.14622501712e-007, 6.77477061117e-008, 2.83402012968e-008, 1.77959713632e-009, 4.89776622037e-011, 9.72457357695e-012, 5.09873393506e-012, 2.05928803605e-014, 2.87812431792e-017]
        dvar2: [6.84416390749e-013, 6.67964572543e-009, 1.49920779791e-007, 1.07726513932e-007, 4.68504026685e-007, 9.95662929881e-008, 1.79806193046e-007, 1.27622797663e-007, 6.89783661301e-008, 2.19780105226e-008, 3.07851237835e-008, 4.35643805474e-008, 3.34447740613e-008, 3.48912649883e-008, 2.48302249872e-008, 1.13835923798e-007, 1.1516248577e-007, 1.77368860932e-007, 3.05407837686e-007, 1.83380379326e-007, 7.97389461127e-008, 4.58979698692e-009, 1.145641082e-010, 2.02239162916e-011, 1.10841813158e-011, 3.9435895684e-014, 6.15876398634e-017]
        max: [9.90935495793e-006, 0.000937098811846, 0.00664678309113, 0.00597732421011, 0.00651284120977, 0.00454293144867, 0.005485243164, 0.00625771284103, 0.00385315087624, 0.00226810784079, 0.00325030856766, 0.00339467637241, 0.00253846985288, 0.0023477836512, 0.00240040407516, 0.00367500726134, 0.00438716076314, 0.00497371470556, 0.0071261827834, 0.0046023381874, 0.00392744038254, 0.000905777618755, 0.000124233178212, 9.20041129575e-005, 6.78425640217e-005, 3.56968575943e-006, 8.63446700805e-008]
        mean: [3.01610157294e-007, 5.12257429364e-005, 0.000214721629163, 0.000203036921448, 0.00035048139398, 0.000301801541355, 0.000248591910349, 0.000174552333192, 0.000126426588395, 8.95310513442e-005, 9.60197867244e-005, 9.8079086456e-005, 8.35040336824e-005, 0.000114700917038, 0.000105880273622, 0.000242978931055, 0.000300759944366, 0.000374489463866, 0.00048472371418, 0.000499738671351, 0.000246848125244, 4.48214050266e-005, 7.59252543503e-006, 2.97922861137e-006, 1.91908611669e-006, 1.20516702395e-007, 3.55062668156e-009]
        median: [5.77057051032e-008, 2.93288921966e-005, 0.00010950613796, 0.000121426084661, 0.000229744866374, 0.000189134982065, 0.000112264344352, 6.38691490167e-005, 4.99474881508e-005, 3.91151661461e-005, 4.10696411564e-005, 3.8093450712e-005, 2.88453920803e-005, 6.50186848361e-005, 6.88698346494e-005, 0.000174383836566, 0.000184826232726, 0.000283730129013, 0.000408655410865, 0.000467626814498, 0.000213072955376, 2.59202861344e-005, 3.14685780722e-006, 8.76250965121e-007, 6.14144880728e-007, 3.81789568848e-008, 1.05030739661e-009]
        min: [8.25803384672e-026, 1.42488355993e-024, 2.72837207617e-025, 1.6150510043e-024, 7.81550294554e-024, 4.07353926947e-024, 9.13871535099e-024, 7.99375237796e-024, 8.20762440228e-024, 1.24420183268e-023, 9.06556112381e-024, 1.78039579644e-023, 1.68461419859e-023, 2.93699951653e-023, 3.32383607852e-023, 2.40780763994e-023, 6.45157269561e-023, 7.61601532651e-023, 1.03402795673e-022, 1.58264392384e-022, 2.48155673135e-022, 3.19850154236e-022, 3.49546766215e-022, 5.19191038825e-022, 8.31895653116e-022, 1.24448000397e-021, 1.91479447693e-021]
        var: [8.13686303665e-013, 4.61792826201e-009, 9.44016633753e-008, 6.83636258714e-008, 2.12071796568e-007, 1.27346496015e-007, 1.4895128686e-007, 1.13566009929e-007, 5.97225096044e-008, 2.12958148893e-008, 3.72237280999e-008, 3.55917357808e-008, 3.49998110494e-008, 3.14267900592e-008, 2.21223217522e-008, 8.47525285508e-008, 1.52954271471e-007, 1.88080846897e-007, 2.76467488902e-007, 2.4811225785e-007, 7.19674773109e-008, 4.10210398982e-009, 1.33480532183e-010, 3.21902192402e-011, 1.29896119902e-011, 4.85519590298e-014, 4.78631947975e-017]
    frequency_bands:
        dmean: [1.70283598777e-007, 3.21293809975e-005, 0.000133302004542, 0.000114867732918, 0.000188937017811, 0.000135497262818, 0.000137966155307, 9.91621418507e-005, 7.04630656401e-005, 4.99209054396e-005, 5.01273279951e-005, 5.64667752769e-005, 4.54324763268e-005, 6.23567248113e-005, 5.40151741006e-005, 0.00012661992514, 0.000131128996145, 0.000161106800078, 0.00020395424508, 0.000177566718776, 9.6029296401e-005, 1.86182278412e-005, 3.22016330756e-006, 1.2428579339e-006, 8.66970196967e-007, 6.32532817235e-008, 2.32123031907e-009, 5.53423869232e-011]
        dmean2: [2.26993336128e-007, 5.17418484378e-005, 0.000216173561057, 0.000188092482858, 0.000313138007186, 0.000212972445297, 0.00022287988395, 0.000156645910465, 0.000113914938993, 7.95737869339e-005, 8.09738703538e-005, 9.11426323e-005, 7.25943318685e-005, 0.000101932753751, 8.83285101736e-005, 0.000211173915886, 0.000215318374103, 0.000270478136372, 0.000341212900821, 0.000297082588077, 0.000161990043125, 3.0732848245e-005, 5.05627303937e-006, 1.8692227286e-006, 1.26805696254e-006, 8.5074169931e-008, 3.25997229211e-009, 1.01309828582e-010]
        dvar: [3.55231875816e-013, 2.55422305528e-009, 5.6711865426e-008, 4.02449273906e-008, 1.74300026856e-007, 3.98531163626e-008, 6.87711647629e-008, 5.0547786401e-008, 2.68996647179e-008, 9.03665320351e-009, 1.20531558068e-008, 1.7145884712e-008, 1.40081848343e-008, 1.43769467442e-008, 9.94537519006e-009, 4.25200070708e-008, 4.44547794132e-008, 6.62544508145e-008, 1.14622501712e-007, 6.77477061117e-008, 2.83402012968e-008, 1.77959713632e-009, 4.89776622037e-011, 9.72457357695e-012, 5.09873393506e-012, 2.05928803605e-014, 2.87812431792e-017, 8.26530338732e-021]
        dvar2: [6.84416390749e-013, 6.67964572543e-009, 1.49920779791e-007, 1.07726513932e-007, 4.68504026685e-007, 9.95662929881e-008, 1.79806193046e-007, 1.27622797663e-007, 6.89783661301e-008, 2.19780105226e-008, 3.07851237835e-008, 4.35643805474e-008, 3.34447740613e-008, 3.48912649883e-008, 2.48302249872e-008, 1.13835923798e-007, 1.1516248577e-007, 1.77368860932e-007, 3.05407837686e-007, 1.83380379326e-007, 7.97389461127e-008, 4.58979698692e-009, 1.145641082e-010, 2.02239162916e-011, 1.10841813158e-011, 3.9435895684e-014, 6.15876398634e-017, 2.62913040754e-020]
        max: [9.90935495793e-006, 0.000937098811846, 0.00664678309113, 0.00597732421011, 0.00651284120977, 0.00454293144867, 0.005485243164, 0.00625771284103, 0.00385315087624, 0.00226810784079, 0.00325030856766, 0.00339467637241, 0.00253846985288, 0.0023477836512, 0.00240040407516, 0.00367500726134, 0.00438716076314, 0.00497371470556, 0.0071261827834, 0.0046023381874, 0.00392744038254, 0.000905777618755, 0.000124233178212, 9.20041129575e-005, 6.78425640217e-005, 3.56968575943e-006, 8.63446700805e-008, 1.38716227394e-009]
        mean: [3.01610157294e-007, 5.12257429364e-005, 0.000214721629163, 0.000203036921448, 0.00035048139398, 0.000301801541355, 0.000248591910349, 0.000174552333192, 0.000126426588395, 8.95310513442e-005, 9.60197867244e-005, 9.8079086456e-005, 8.35040336824e-005, 0.000114700917038, 0.000105880273622, 0.000242978931055, 0.000300759944366, 0.000374489463866, 0.00048472371418, 0.000499738671351, 0.000246848125244, 4.48214050266e-005, 7.59252543503e-006, 2.97922861137e-006, 1.91908611669e-006, 1.20516702395e-007, 3.55062668156e-009, 4.8116163831e-011]
        median: [5.77057051032e-008, 2.93288921966e-005, 0.00010950613796, 0.000121426084661, 0.000229744866374, 0.000189134982065, 0.000112264344352, 6.38691490167e-005, 4.99474881508e-005, 3.91151661461e-005, 4.10696411564e-005, 3.8093450712e-005, 2.88453920803e-005, 6.50186848361e-005, 6.88698346494e-005, 0.000174383836566, 0.000184826232726, 0.000283730129013, 0.000408655410865, 0.000467626814498, 0.000213072955376, 2.59202861344e-005, 3.14685780722e-006, 8.76250965121e-007, 6.14144880728e-007, 3.81789568848e-008, 1.05030739661e-009, 1.66326171586e-011]
        min: [8.25803384672e-026, 1.42488355993e-024, 2.72837207617e-025, 1.6150510043e-024, 7.81550294554e-024, 4.07353926947e-024, 9.13871535099e-024, 7.99375237796e-024, 8.20762440228e-024, 1.24420183268e-023, 9.06556112381e-024, 1.78039579644e-023, 1.68461419859e-023, 2.93699951653e-023, 3.32383607852e-023, 2.40780763994e-023, 6.45157269561e-023, 7.61601532651e-023, 1.03402795673e-022, 1.58264392384e-022, 2.48155673135e-022, 3.19850154236e-022, 3.49546766215e-022, 5.19191038825e-022, 8.31895653116e-022, 1.24448000397e-021, 1.91479447693e-021, 4.71610432632e-022]
        var: [8.13686303665e-013, 4.61792826201e-009, 9.44016633753e-008, 6.83636258714e-008, 2.12071796568e-007, 1.27346496015e-007, 1.4895128686e-007, 1.13566009929e-007, 5.97225096044e-008, 2.12958148893e-008, 3.72237280999e-008, 3.55917357808e-008, 3.49998110494e-008, 3.14267900592e-008, 2.21223217522e-008, 8.47525285508e-008, 1.52954271471e-007, 1.88080846897e-007, 2.76467488902e-007, 2.4811225785e-007, 7.19674773109e-008, 4.10210398982e-009, 1.33480532183e-010, 3.21902192402e-011, 1.29896119902e-011, 4.85519590298e-014, 4.78631947975e-017, 6.83889989122e-021]
    mfcc:
        mean: [-742.967041016, 108.517448425, -43.4561882019, 53.3167114258, -12.6683530807, -11.2865638733, -4.17119646072, -11.2981433868, -5.3832783699, -9.44509220123, -7.99399900436, -5.92002344131, -1.56954288483]
        cov: [[14224.46875, 17.1540622711, -2112.00317383, 1964.31237793, -694.061035156, 506.561584473, 423.427093506, 120.24495697, 582.652160645, 319.350372314, 323.613586426, 283.806732178, 116.750236511], [17.1540622711, 1141.8515625, -101.969543457, -28.1207523346, 29.8553237915, -148.105651855, -17.8124580383, -18.2824115753, -25.4532470703, -25.9972724915, -60.659828186, -35.5325546265, -12.0586891174], [-2112.00317383, -101.969543457, 691.249267578, -326.860595703, 135.607696533, -62.9831008911, -90.3567352295, -5.17999839783, -94.3531112671, -62.2905807495, -56.6662254333, -38.580745697, -38.1338386536], [1964.31237793, -28.1207523346, -326.860595703, 583.795959473, -34.7747344971, 118.556015015, 62.6951789856, -24.5093784332, 124.202346802, 58.8801956177, 45.7286186218, 18.7414913177, 16.8493328094], [-694.061035156, 29.8553237915, 135.607696533, -34.7747344971, 201.652770996, -2.49526381493, -37.4132614136, -15.8105745316, -30.4587039948, 13.2383136749, 0.361803561449, -18.0404014587, 0.247547134757], [506.561584473, -148.105651855, -62.9831008911, 118.556015015, -2.49526381493, 157.627975464, 67.8004837036, 7.69862508774, 56.693321228, 32.4703330994, 38.651676178, 31.3428821564, 10.6319141388], [423.427093506, -17.8124580383, -90.3567352295, 62.6951789856, -37.4132614136, 67.8004837036, 129.371734619, 39.8037185669, 46.7004508972, 19.470823288, 13.398103714, 29.7437858582, 9.83529663086], [120.24495697, -18.2824115753, -5.17999839783, -24.5093784332, -15.8105745316, 7.69862508774, 39.8037185669, 104.011962891, 44.2733154297, 6.32143306732, 7.43560791016, 13.3178710938, 12.4304685593], [582.652160645, -25.4532470703, -94.3531112671, 124.202346802, -30.4587039948, 56.693321228, 46.7004508972, 44.2733154297, 126.629150391, 50.5394897461, 22.045425415, 22.6143341064, 10.4933128357], [319.350372314, -25.9972724915, -62.2905807495, 58.8801956177, 13.2383136749, 32.4703330994, 19.470823288, 6.32143306732, 50.5394897461, 98.9777069092, 41.5950088501, 10.1918783188, 8.19400978088], [323.613586426, -60.659828186, -56.6662254333, 45.7286186218, 0.361803561449, 38.651676178, 13.398103714, 7.43560791016, 22.045425415, 41.5950088501, 84.5445098877, 32.0753440857, 6.10775899887], [283.806732178, -35.5325546265, -38.580745697, 18.7414913177, -18.0404014587, 31.3428821564, 29.7437858582, 13.3178710938, 22.6143341064, 10.1918783188, 32.0753440857, 74.4281158447, 18.7444934845], [116.750236511, -12.0586891174, -38.1338386536, 16.8493328094, 0.247547134757, 10.6319141388, 9.83529663086, 12.4304685593, 10.4933128357, 8.19400978088, 6.10775899887, 18.7444934845, 61.3558273315]]
        icov: [[0.000234282953897, -5.07623080921e-005, 0.000316401215969, -0.000570669595618, 0.000508125289343, -0.000205415315577, 0.0001660509879, -0.000385131075745, 0.000177455731318, -0.000262636254774, -8.33549420349e-005, -0.000410133623518, 0.000120859804156], [-5.07623080921e-005, 0.00112489506137, 0.000287316186586, 0.000163548334967, -0.000630074879155, 0.00137124175671, -0.000563453300856, 0.00041583107668, -0.000401784927817, 0.000245034665568, 0.000467001955258, 0.000100597375422, 0.000181109455298], [0.000316401215969, 0.000287316186586, 0.00308901490644, 0.000452861044323, -0.000899708538782, -0.000592369469814, 0.00110002106521, -0.000758514041081, 4.49304679933e-005, 0.000419047981268, 0.000924962107092, -0.00067266455153, 0.00138332229108], [-0.000570669595618, 0.000163548334967, 0.000452861044323, 0.0046444660984, -0.00180051545613, -0.000630490714684, -0.000513498845976, 0.00296116666868, -0.00339112314396, 0.00147263426334, -0.000319796934491, 0.00190189632121, -0.000442950229626], [0.000508125289343, -0.000630074879155, -0.000899708538782, -0.00180051545613, 0.00790016073734, -0.00195953482762, 0.0018482481828, -0.00128914881498, 0.00252913450822, -0.00302005745471, -0.000473305408377, 5.16708932992e-005, -0.000880751060322], [-0.000205415315577, 0.00137124175671, -0.000592369469814, -0.000630490714684, -0.00195953482762, 0.0127455471084, -0.00590056134388, 0.00307217100635, -0.00351638533175, 0.00117085920647, -0.002886577975, -0.00045625976054, -0.000540130771697], [0.0001660509879, -0.000563453300856, 0.00110002106521, -0.000513498845976, 0.0018482481828, -0.00590056134388, 0.0136093357578, -0.00507243070751, 0.00102034898009, -0.00176981848199, 0.00274067581631, -0.00331704481505, 0.00106149190105], [-0.000385131075745, 0.00041583107668, -0.000758514041081, 0.00296116666868, -0.00128914881498, 0.00307217100635, -0.00507243070751, 0.0157687887549, -0.00797162670642, 0.00338953873143, -0.00239790347405, 0.00182043807581, -0.0027855746448], [0.000177455731318, -0.000401784927817, 4.49304679933e-005, -0.00339112314396, 0.00252913450822, -0.00351638533175, 0.00102034898009, -0.00797162670642, 0.0179419331253, -0.00782223511487, 0.00323657109402, -0.00294261891395, 0.00114608253352], [-0.000262636254774, 0.000245034665568, 0.000419047981268, 0.00147263426334, -0.00302005745471, 0.00117085920647, -0.00176981848199, 0.00338953873143, -0.00782223511487, 0.0175420306623, -0.0076870075427, 0.00350578757934, -0.00150051468518], [-8.33549420349e-005, 0.000467001955258, 0.000924962107092, -0.000319796934491, -0.000473305408377, -0.002886577975, 0.00274067581631, -0.00239790347405, 0.00323657109402, -0.0076870075427, 0.0200302638113, -0.00759711954743, 0.0022617536597], [-0.000410133623518, 0.000100597375422, -0.00067266455153, 0.00190189632121, 5.16708932992e-005, -0.00045625976054, -0.00331704481505, 0.00182043807581, -0.00294261891395, 0.00350578757934, -0.00759711954743, 0.0204621851444, -0.0053583807312], [0.000120859804156, 0.000181109455298, 0.00138332229108, -0.000442950229626, -0.000880751060322, -0.000540130771697, 0.00106149190105, -0.0027855746448, 0.00114608253352, -0.00150051468518, 0.0022617536597, -0.0053583807312, 0.0189929772168]]
    sccoeffs:
        dmean: [0.0427837334573, 0.043617900461, 0.0343009866774, 0.0276285521686, 0.0200191996992, 0.0153773520142]
        dmean2: [0.0708811804652, 0.0722371339798, 0.0558529756963, 0.0454704836011, 0.0328897684813, 0.0245455317199]
        dvar: [0.0014203384053, 0.00126256106887, 0.000791073660366, 0.000535507686436, 0.000295463774819, 0.000192397026694]
        dvar2: [0.00385495414957, 0.00345282536, 0.00203536078334, 0.00136999646202, 0.000715648871846, 0.000453998160083]
        max: [-0.274298548698, -0.45342451334, -0.45175459981, -0.545735836029, -0.592578530312, -0.626830041409]
        mean: [-0.637254714966, -0.718397796154, -0.774592518806, -0.786705374718, -0.783770620823, -0.757924795151]
        median: [-0.642104923725, -0.71860742569, -0.781966924667, -0.791093885899, -0.787575960159, -0.743223428726]
        min: [-0.982980012894, -0.977199971676, -0.977477133274, -0.975070059299, -0.967785954475, -0.966925799847]
        var: [0.00805912073702, 0.00522688077763, 0.00480657303706, 0.0030119495932, 0.00214915024117, 0.00358943035826]
    scvalleys:
        dmean: [0.332990050316, 0.311490386724, 0.282775491476, 0.238708689809, 0.19168651104, 0.215758949518]
        dmean2: [0.55122333765, 0.515743792057, 0.464678436518, 0.386650800705, 0.302090227604, 0.293237119913]
        dvar: [0.10199432075, 0.0816278234124, 0.068768709898, 0.0587352402508, 0.0557226426899, 0.0951130241156]
        dvar2: [0.245255529881, 0.199746981263, 0.156788691878, 0.127173170447, 0.106920339167, 0.161525905132]
        max: [-5.12812662125, -4.53917741776, -5.09744215012, -5.68427801132, -5.42386007309, -7.72147369385]
        mean: [-7.71700763702, -7.14042663574, -7.7820224762, -7.9466714859, -7.73728513718, -10.4563074112]
        median: [-6.80649852753, -6.50082206726, -7.12034606934, -7.11503839493, -6.52289867401, -9.82398509979]
        min: [-28.3208389282, -28.1085357666, -27.7410621643, -27.8329658508, -27.5213623047, -27.4103889465]
        var: [8.63479423523, 7.94745492935, 7.69845151901, 7.76639127731, 8.89967632294, 6.73095941544]

rhythm:
    beats_loudness:
        dmean: 0.00181515223812
        dmean2: 0.00316947698593
        dvar: 3.69264716937e-006
        dvar2: 1.0780946468e-005
        max: 0.0167263131589
        mean: 0.00527465296909
        median: 0.00576101662591
        min: 0
        var: 1.34793344841e-005
    bpm: 116.262672424
    bpm_confidence: 0
    first_peak_bpm: 117
    first_peak_spread: 0.487858742476
    first_peak_weight: 0.441064625978
    onset_rate: 1.94395542145
    second_peak_bpm: 110
    second_peak_spread: 0.571428537369
    second_peak_weight: 0.0285171102732
    beats_loudness_band_ratio:
        dmean: [0.115505829453, 0.1005147174, 0.0950047746301, 0.0631965845823, 0.0780870616436, 0.0772786140442]
        dmean2: [0.194724842906, 0.168193265796, 0.17053411901, 0.105727232993, 0.135215222836, 0.128608778119]
        dvar: [0.012327671051, 0.00951653625816, 0.00959188677371, 0.0046816249378, 0.00542114162818, 0.00519198318943]
        dvar2: [0.032743960619, 0.0261165760458, 0.0272892229259, 0.0131247369573, 0.0147908255458, 0.0138319404796]
        max: [0.917494416237, 0.977058947086, 0.673549115658, 0.579891443253, 0.561610281467, 0.542439579964]
        mean: [0.157007232308, 0.207645714283, 0.148323506117, 0.100276455283, 0.199641495943, 0.216335594654]
        median: [0.112792514265, 0.151930734515, 0.117439232767, 0.0750073045492, 0.208666220307, 0.245509579778]
        min: [0, 0, 0, 0, 0, 0]
        var: [0.0209784340113, 0.0318729579449, 0.0133330691606, 0.00708607817069, 0.0128462510183, 0.0189614407718]
    beats_position: [0.592108845711, 1.19582760334, 1.78793644905, 2.36843538284, 2.96054410934, 3.50621318817, 4.06349182129, 4.60916090012, 5.16644001007, 5.72371864319, 6.26938772202, 6.81505680084, 7.3491153717, 7.87156438828, 8.38240337372, 8.90485286713, 9.42730140686, 9.93814086914, 10.4489793777, 10.95981884, 11.4822673798, 11.9931058884, 12.5155553818, 13.0380039215, 13.5604534149, 14.0712919235, 14.5821313858, 15.1045799255, 15.6270294189, 16.1378688812, 16.6603164673, 17.1827659607, 17.693605423, 18.2044448853, 18.7152824402, 19.2377319336, 19.760181427, 20.2710208893, 20.7934684753, 21.3159179688, 21.826757431, 22.3375968933, 22.8484344482, 23.3592739105, 23.8701133728, 24.3925609589, 24.9150104523, 25.4374599457, 25.9599094391, 26.4823570251, 26.9931964874, 27.5156459808, 28.0380954742, 28.5489330292, 29.0597724915, 29.5822219849, 30.1046714783, 30.6155090332, 31.1379585266, 31.6487979889, 32.1596374512, 32.6704750061, 33.1929244995, 33.7153739929, 34.2262115479, 34.7370529175, 35.2478904724, 35.7587280273, 36.269569397, 36.7804069519, 37.3028564453, 37.8253059387, 38.3477554321, 38.8702049255, 39.3926506042, 39.9267120361, 40.4839897156, 41.0296592712, 41.5869369507, 42.1442184448, 42.7014961243, 43.2355537415, 43.7812232971, 44.3268928528, 44.86095047, 45.3950119019, 45.929069519, 46.4050788879, 46.8810882568, 47.3570976257, 47.8214950562, 48.2858963013, 48.7619056702, 49.2727432251, 49.7719726563, 50.2712020874, 50.7704315186, 51.269657135, 51.7688865662, 52.2913360596, 52.813785553, 53.3246231079, 53.8354644775, 54.3463020325, 54.8687515259, 55.3795890808, 55.8904304504, 56.4012680054, 56.912109375, 57.4229469299, 57.9453964233, 58.4678459167, 58.9786834717, 59.4895210266, 60.0003623962, 60.5228118896, 61.0452613831, 61.556098938, 62.0785484314, 62.6009979248, 63.1118354797, 63.6226730347, 64.1451263428, 64.6675720215, 65.1784133911, 65.6892471313, 66.2117004395, 66.7341461182, 67.2565994263, 67.779045105, 68.2898864746, 68.8007278442, 69.3115615845, 69.8224029541, 70.3448486328, 70.8673019409, 71.3781356812, 71.8889770508, 72.4114303589, 72.9222640991, 73.4331054688, 73.9555511475, 74.4780044556, 75.0004501343, 75.5229034424, 76.0221328735, 76.5445785522, 77.0670318604, 77.5778656006, 78.0887069702, 78.5995483398, 79.1219940186, 79.6444396973, 80.1552810669, 80.677734375, 81.2001800537, 81.7226257324, 82.2334671021, 82.7559204102, 83.2667541504, 83.77759552, 84.2884368896, 84.8108825684, 85.3333282471, 85.8557815552, 86.3666229248, 86.8890686035, 87.3999099731, 87.9107437134, 88.421585083, 88.9440383911, 89.4548721313, 89.9773254395, 90.4881591797, 90.9990005493, 91.521446228, 92.0438995361, 92.5547409058, 93.0771865845, 93.5996322632, 94.1104736328, 94.6213150024, 95.1321487427, 95.6546020508, 96.1770477295, 96.6878890991, 97.2103347778, 97.7327880859, 98.2552337646, 98.7660751343, 99.288520813, 99.7993621826, 100.310203552, 100.821044922, 101.343490601, 101.865936279, 102.376777649, 102.887619019, 103.410064697, 103.932518005, 104.443351746, 104.954193115, 105.465034485, 105.987480164, 106.509933472, 107.020767212, 107.54322052, 108.065666199, 108.576507568, 109.087341309, 109.609794617, 110.132240295, 110.643081665, 111.153923035, 111.664756775, 112.187210083, 112.709655762, 113.220497131, 113.74294281, 114.265396118, 114.776237488, 115.287071228, 115.809524536, 116.331970215, 116.842811584, 117.353645325, 117.876098633, 118.398544312, 118.909385681, 119.420227051, 119.942672729, 120.465126038, 120.975959778, 121.486801147, 122.009246826, 122.520088196, 123.042533875, 123.553375244, 124.075828552, 124.598274231, 125.109115601, 125.619949341, 126.142402649, 126.653244019, 127.175689697, 127.686531067, 128.208984375, 128.719818115, 129.242263794, 129.753097534, 130.275558472, 130.786392212, 131.297225952, 131.81968689, 132.33052063, 132.84135437, 133.363800049, 133.886260986, 134.408706665, 134.919540405, 135.441986084, 135.952835083, 136.475280762, 136.99772644, 137.508575439, 138.01940918, 138.53024292, 139.041091919, 139.563537598, 140.085983276, 140.608428955, 141.119277954, 141.641723633, 142.152557373, 142.663391113, 143.174240112, 143.696685791, 144.21913147, 144.729980469, 145.240814209, 145.751647949, 146.274108887, 146.796554565, 147.307388306, 147.818222046, 148.329071045, 148.851516724, 149.362350464, 149.884811401, 150.40725708, 150.929702759, 151.440536499, 151.951385498, 152.462219238, 152.996276855, 153.530334473, 154.041183472, 154.552017212, 155.062850952, 155.585296631, 156.107757568, 156.630203247, 157.164260864, 157.582214355, 158.000183105, 158.406524658, 158.81288147, 159.230834961, 159.648788452, 160.066757202, 160.50793457, 160.949111938, 161.378677368, 161.808258057, 162.249435425, 162.690612793, 163.120178223, 163.572967529, 164.025756836, 164.478546143, 164.931335449, 165.326080322, 165.720809937, 166.11555481, 166.62638855, 167.137237549, 167.648071289, 168.158905029, 168.669754028, 169.180587769, 169.691421509, 170.202270508, 170.713104248, 171.223937988, 171.734786987, 172.245620728, 172.756454468, 173.278915405, 173.801361084, 174.312194824, 174.823028564, 175.333877563, 175.844711304, 176.367156982, 176.88961792, 177.40045166, 177.922897339, 178.433731079, 178.956192017, 179.467025757, 179.977859497, 180.500320435, 181.022766113, 181.533599854, 182.044433594, 182.566894531, 183.08934021, 183.60017395, 184.122619629, 184.645080566, 185.155914307, 185.666748047, 186.177597046, 186.688430786, 187.210876465, 187.733337402, 188.244171143, 188.766616821, 189.2890625, 189.799911499, 190.322357178, 190.833190918, 191.355636597, 191.866485596, 192.388931274, 192.911376953, 193.433822632, 193.956283569, 194.46711731, 194.97795105, 195.488800049, 195.999633789, 196.522079468, 197.044525146, 197.555374146, 198.066207886, 198.588653564, 199.099502563, 199.621948242, 200.132781982, 200.655227661, 201.16607666, 201.6769104, 202.199356079, 202.721817017, 203.244262695, 203.766708374, 204.289154053, 204.800003052, 205.310836792, 205.821670532, 206.332519531, 206.85496521, 207.377410889, 207.888244629, 208.399093628, 208.909927368, 209.432373047, 209.954818726, 210.465667725, 210.988113403, 211.510559082, 212.033004761, 212.532241821, 213.0546875, 213.577133179, 214.099594116, 214.622039795, 215.132873535, 215.643707275, 216.154556274, 216.665390015, 217.187835693, 217.710296631, 218.23274231, 218.755187988, 219.266021729, 219.776870728, 220.287704468, 220.810150146, 221.332611084, 221.843444824, 222.354278564, 222.865127563, 223.387573242, 223.910018921, 224.4324646, 224.943313599, 225.465759277, 225.976593018, 226.487426758, 226.998275757, 227.520721436, 228.043167114, 228.554016113, 229.064849854, 229.587295532, 230.109741211, 230.632202148, 231.143035889, 231.665481567, 232.176315308, 232.687164307, 233.209609985, 233.732055664, 234.242904663, 234.753738403, 235.276184082, 235.798629761, 236.30947876, 236.8203125, 237.33114624, 237.853607178, 238.376052856, 238.898498535, 239.420944214, 239.931793213, 240.442626953, 240.953460693, 241.475906372, 241.99836731, 242.50920105, 243.02003479, 243.530883789, 244.053329468, 244.575775146, 245.098220825, 245.620681763, 246.131515503, 246.653961182, 247.17640686, 247.687255859, 248.1980896, 248.70892334, 249.219772339, 249.730606079, 250.241439819, 250.752288818, 251.274734497, 251.797180176, 252.319625854, 252.842086792, 253.364532471, 253.886978149, 254.39781189, 254.908660889, 255.431106567, 255.953552246, 256.464385986, 256.975219727, 257.486083984, 257.996917725, 258.507751465, 259.018585205, 259.529418945, 260.040252686, 260.562713623, 261.085174561, 261.630828857, 262.176513672, 262.722167969, 263.267852783, 263.8019104, 264.347564697, 264.893249512, 265.438903809, 265.984588623, 266.553466797, 267.122344971, 267.656402588, 268.190460205, 268.724517822, 269.363067627, 270.001617432, 270.640167236, 271.278717041, 271.917266846]
