
metadata:
    version:
        essentia: "2.1-beta2"
    audio_properties:
        analysis_sample_rate: 44100
        bitrate: 256
        channels: 2
        equal_loudness: 1
        length: 257.515106201
        replay_gain: -15.6082210541
        downmix: "mix"
    tags:
        album: "Mutter"
        artist: "Rammstein"
        comment: ""
        date: "2001"
        genre: "Folk"
        title: "Zwitter"
        tracknumber: "8"

configuration:
    average_loudness:
        compute: 1
        frameSize: 88200
        hopSize: 44100
        silentFrames: "noise"
        windowType: "hann"
    general:
        analysisSampleRate: 44100
        endTime: 2000
        equalLoudness: 1
        nequalLoudness: 0
        shortSound: 0
        startTime: 0
    lowlevel:
        compute: 1
        frameSize: 2048
        hopSize: 1024
        zeroPadding: 0
        silentFrames: "noise"
        windowType: "blackmanharris62"
        mfccStats: ["mean", "cov", "icov"]
        stats: ["mean", "var", "median", "min", "max", "dmean", "dmean2", "dvar", "dvar2"]
    panning:
        compute: 0
        frameSize: 8192
        hopSize: 2048
        zeroPadding: 8192
        silentFrames: "noise"
        windowType: "hann"
        stats: ["copy"]
    rhythm:
        compute: 1
        maxTempo: 208
        minTempo: 40
        method: "degara"
        stats: ["mean", "var", "median", "min", "max", "dmean", "dmean2", "dvar", "dvar2"]
    segmentation:
        compute: 0
        cpw: 5
        inc1: 300
        inc2: 50
        minimumSegmentsLength: 10
        size1: 1000
        size2: 600
    sfx:
        compute: 1
        stats: ["mean", "var", "median", "min", "max", "dmean", "dmean2", "dvar", "dvar2"]
    svm:
        compute: 0
    tonal:
        compute: 1
        frameSize: 4096
        hopSize: 2048
        zeroPadding: 0
        silentFrames: "noise"
        windowType: "blackmanharris62"
        stats: ["mean", "var", "median", "min", "max", "dmean", "dmean2", "dvar", "dvar2"]

lowlevel:
    average_loudness: 0.830948174
    barkbands_kurtosis:
        dmean: 1.17486190796
        dmean2: 1.84783625603
        dvar: 6.25050735474
        dvar2: 13.6216640472
        max: 73.4981689453
        mean: 0.264514833689
        median: -0.711257576942
        min: -1.91885435581
        var: 17.0732002258
    barkbands_skewness:
        dmean: 0.441619634628
        dmean2: 0.658459603786
        dvar: 0.183950930834
        dvar2: 0.39275225997
        max: 6.37045383453
        mean: -0.642305552959
        median: -0.775271832943
        min: -5.00245141983
        var: 1.02681875229
    barkbands_spread:
        dmean: 7.19049501419
        dmean2: 11.3304777145
        dvar: 43.9830818176
        dvar2: 103.920539856
        max: 87.7690658569
        mean: 36.731880188
        median: 37.421546936
        min: 0.824404716492
        var: 166.957809448
    dissonance:
        dmean: 0.00595651334152
        dmean2: 0.0101278265938
        dvar: 5.4890751926e-005
        dvar2: 0.000140071395435
        max: 0.500000119209
        mean: 0.490523457527
        median: 0.492916882038
        min: 0.320309013128
        var: 9.45155479712e-005
    hfc:
        dmean: 2.84728908539
        dmean2: 4.61748790741
        dvar: 18.7554798126
        dvar2: 48.9420928955
        max: 59.6517791748
        mean: 9.89465427399
        median: 8.24019622803
        min: 1.17094403729e-016
        var: 65.5468673706
    pitch:
        dmean: 870.290405273
        dmean2: 1627.88012695
        dvar: 1578884.625
        dvar2: 3882120.75
        max: 5696.97070313
        mean: 2784.02514648
        median: 3631.08203125
        min: 48.6640205383
        var: 2240828
    pitch_instantaneous_confidence:
        dmean: 0.0765431895852
        dmean2: 0.12893691659
        dvar: 0.00402655545622
        dvar2: 0.0105766635388
        max: 0.833596765995
        mean: 0.345747351646
        median: 0.33269110322
        min: 0.0968809723854
        var: 0.0101529629901
    pitch_salience:
        dmean: 0.0506120957434
        dmean2: 0.0819921717048
        dvar: 0.00210803095251
        dvar2: 0.00503665115684
        max: 0.863541185856
        mean: 0.700598180294
        median: 0.714745163918
        min: 0.266424655914
        var: 0.00520408479497
    silence_rate_20dB:
        dmean: 0
        dmean2: 0
        dvar: 0
        dvar2: 0
        max: 1
        mean: 1
        median: 1
        min: 1
        var: 0
    silence_rate_30dB:
        dmean: 0
        dmean2: 0
        dvar: 0
        dvar2: 0
        max: 1
        mean: 1
        median: 1
        min: 1
        var: 0
    silence_rate_60dB:
        dmean: 0.0719502270222
        dmean2: 0.143913432956
        dvar: 0.0667805969715
        dvar2: 0.145938575268
        max: 1
        mean: 0.409574478865
        median: 0
        min: 0
        var: 0.241813674569
    spectral_centroid:
        dmean: 304.915435791
        dmean2: 454.659545898
        dvar: 102075.820313
        dvar2: 197879.09375
        max: 10662.0703125
        mean: 2304.08666992
        median: 2385.24926758
        min: 148.130981445
        var: 470654.53125
    spectral_complexity:
        dmean: 3.84888648987
        dmean2: 6.12912511826
        dvar: 19.216758728
        dvar2: 42.9083595276
        max: 53
        mean: 16.4884605408
        median: 16
        min: 0
        var: 140.043334961
    spectral_crest:
        dmean: 1.51696074009
        dmean2: 2.5254650116
        dvar: 2.01046180725
        dvar2: 5.18835401535
        max: 21.4614772797
        mean: 6.12862157822
        median: 5.66702079773
        min: 2.63727140427
        var: 4.18585968018
    spectral_decrease:
        dmean: 2.27351498738e-010
        dmean2: 3.7695710442e-010
        dvar: 1.3493927872e-019
        dvar2: 3.64016570835e-019
        max: -7.60003026722e-030
        mean: -8.38776881285e-010
        median: -7.77665376539e-010
        min: -4.42166037118e-009
        var: 3.56785513016e-019
    spectral_energy:
        dmean: 0.00108559406362
        dmean2: 0.00179714639671
        dvar: 3.05387879962e-006
        dvar2: 8.20660807221e-006
        max: 0.0218948777765
        mean: 0.00406321045011
        median: 0.00372710032389
        min: 1.06494980222e-020
        var: 8.65517904458e-006
    spectral_energyband_high:
        dmean: 0.000282039894955
        dmean2: 0.000465941411676
        dvar: 1.62891794275e-007
        dvar2: 4.23759360046e-007
        max: 0.00528297899291
        mean: 0.00078309053788
        median: 0.000602028565481
        min: 8.01991912769e-021
        var: 4.9593205631e-007
    spectral_energyband_low:
        dmean: 0.000258126470726
        dmean2: 0.00040927354712
        dvar: 1.19954819411e-007
        dvar2: 2.9181879313e-007
        max: 0.00553712481633
        mean: 0.000475452165119
        median: 0.000317525467835
        min: 4.28084079243e-023
        var: 2.73402150697e-007
    spectral_energyband_middle_high:
        dmean: 0.000668911496177
        dmean2: 0.00108372385148
        dvar: 1.00811598713e-006
        dvar2: 2.5845511118e-006
        max: 0.0143192056566
        mean: 0.00223420793191
        median: 0.00183478882536
        min: 1.46062001601e-021
        var: 3.74127785108e-006
    spectral_energyband_middle_low:
        dmean: 0.000366207415937
        dmean2: 0.000603416294325
        dvar: 4.20710335902e-007
        dvar2: 1.1435589613e-006
        max: 0.00756376935169
        mean: 0.000766403507441
        median: 0.000595983117819
        min: 2.94528249293e-022
        var: 5.28124871835e-007
    spectral_flatness_db:
        dmean: 0.0134217087179
        dmean2: 0.0203312989324
        dvar: 0.000225536045036
        dvar2: 0.000456469511846
        max: 0.473082721233
        mean: 0.132569551468
        median: 0.125178739429
        min: 0.0563404671848
        var: 0.0013218363747
    spectral_flux:
        dmean: 0.00612373324111
        dmean2: 0.00947782956064
        dvar: 6.73830509186e-005
        dvar2: 0.000128285930259
        max: 0.109456889331
        mean: 0.0377502627671
        median: 0.0382466390729
        min: 1.03196402812e-010
        var: 0.000314886856358
    spectral_kurtosis:
        dmean: 0.984450042248
        dmean2: 1.5126093626
        dvar: 11.2102794647
        dvar2: 16.4439468384
        max: 181.142562866
        mean: 3.9169614315
        median: 3.6233496666
        min: -1.30427336693
        var: 31.1659030914
    spectral_rms:
        dmean: 0.000241817033384
        dmean2: 0.000390438130125
        dvar: 9.7093675322e-008
        dvar2: 2.51732302559e-007
        max: 0.00462178047746
        mean: 0.00183271151036
        median: 0.00190688110888
        min: 3.22331419368e-012
        var: 6.05273839938e-007
    spectral_rolloff:
        dmean: 287.809814453
        dmean2: 452.631195068
        dvar: 205037.921875
        dvar2: 398992.375
        max: 18453.9550781
        mean: 3939.12597656
        median: 4091.30859375
        min: 172.265625
        var: 650567.1875
    spectral_skewness:
        dmean: 0.157061249018
        dmean2: 0.240331858397
        dvar: 0.0609947964549
        dvar2: 0.110653378069
        max: 11.178776741
        mean: 1.25581896305
        median: 1.25501191616
        min: -0.0802939087152
        var: 0.243166178465
    spectral_spread:
        dmean: 503219.1875
        dmean2: 725196.125
        dvar: 534727393280
        dvar2: 925234233344
        max: 41822232
        mean: 5029703
        median: 4809632
        min: 670485.1875
        var: 2.20382835507e+012
    spectral_strongpeak:
        dmean: 0.498072981834
        dmean2: 0.873136937618
        dvar: 0.566807031631
        dvar2: 1.49003064632
        max: 8.10719013214
        mean: 0.594182431698
        median: 0.150165230036
        min: 0
        var: 0.816873133183
    zerocrossingrate:
        dmean: 0.00873979832977
        dmean2: 0.00994557142258
        dvar: 9.33485134738e-005
        dvar2: 9.24968408071e-005
        max: 0.49560546875
        mean: 0.125352919102
        median: 0.12744140625
        min: 0.00634765625
        var: 0.00075455888873
    barkbands:
        dmean: [5.07771574121e-007, 5.39590291737e-005, 0.000163967721164, 0.000150522013428, 0.000196446446353, 6.56485863146e-005, 4.51102241641e-005, 3.93188929593e-005, 3.47854365828e-005, 2.94383189612e-005, 3.03140404867e-005, 3.29020622303e-005, 3.39555299433e-005, 7.33863416826e-005, 8.07652759249e-005, 0.000109308246465, 0.000164512966876, 0.000196041408344, 0.000279574567685, 0.00023210280051, 0.000137960581924, 4.02008590754e-005, 8.96868641576e-006, 3.64202219316e-006, 2.30604246099e-006, 1.01836434396e-007, 2.07610284519e-009]
        dmean2: [6.61853789552e-007, 9.29205634748e-005, 0.000271566299489, 0.000231555735809, 0.000339228601661, 0.000111093278974, 7.688007463e-005, 6.5884552896e-005, 5.75142039452e-005, 4.83303338115e-005, 5.05486896145e-005, 5.55005462957e-005, 5.67230054003e-005, 0.000121201410366, 0.000131035383674, 0.000182905016118, 0.000267317547696, 0.000328283174895, 0.000476908957353, 0.000388050713809, 0.000230767705943, 6.51346854283e-005, 1.43175730045e-005, 5.32228750671e-006, 3.3991161672e-006, 1.50371221252e-007, 2.97971847196e-009]
        dvar: [8.31657063095e-013, 8.44142977741e-009, 5.38967341868e-008, 5.1156678893e-008, 2.01978892278e-007, 1.70095777463e-008, 9.46954781256e-009, 7.46639106097e-009, 6.32584251647e-009, 2.96990476656e-009, 3.93136190269e-009, 5.00803265524e-009, 5.85563908473e-009, 1.67880997992e-008, 2.58371954942e-008, 3.02618765602e-008, 9.47731777501e-008, 7.53543076826e-008, 1.95887693621e-007, 1.04201191675e-007, 4.22193231486e-008, 5.53077672549e-009, 2.87957074852e-010, 9.0086577087e-011, 5.65529290064e-011, 6.97504459247e-014, 1.94649974533e-017]
        dvar2: [1.34796535912e-012, 2.34006503064e-008, 1.4435075002e-007, 1.08101936291e-007, 5.69881535739e-007, 4.38094360788e-008, 2.54904133357e-008, 1.93652667235e-008, 1.67664424566e-008, 7.56611928665e-009, 1.03667234796e-008, 1.37169475778e-008, 1.51049608377e-008, 4.34182538811e-008, 6.33296437513e-008, 8.15019660649e-008, 2.26064912567e-007, 2.00161380803e-007, 5.38017104645e-007, 2.86061435872e-007, 1.09993059993e-007, 1.28906325614e-008, 6.70338340392e-010, 1.67934235962e-010, 1.15029437364e-010, 1.47384884787e-013, 3.69420383579e-017]
        max: [1.26865115817e-005, 0.00107272877358, 0.00471065752208, 0.00462152156979, 0.00515273911878, 0.00299711432308, 0.00207275990397, 0.00211197929457, 0.00210463954136, 0.00138928380329, 0.00157218775712, 0.00135046406649, 0.00155286653899, 0.00254576187581, 0.00374009856023, 0.00281264353544, 0.00677544670179, 0.00458159996197, 0.00739148026332, 0.00486914347857, 0.00290437228978, 0.00158221228048, 0.000296305748634, 0.000238743348746, 0.000208776051295, 8.33273043099e-006, 7.63039480489e-008]
        mean: [7.95579012447e-007, 6.59954821458e-005, 0.000240018081968, 0.000249635340879, 0.000250833079917, 8.95727716852e-005, 5.81800668442e-005, 5.39729298907e-005, 5.1438153605e-005, 4.71128951176e-005, 4.74107328046e-005, 4.80328380945e-005, 5.15704523423e-005, 0.000123795340187, 0.000150411389768, 0.00022329382773, 0.00032246101182, 0.000406569190091, 0.000566861359403, 0.000590242096223, 0.000316734862281, 8.04025039542e-005, 1.64280645549e-005, 7.08822108209e-006, 4.16730654251e-006, 1.90891796592e-007, 4.1205678869e-009]
        median: [1.90048950799e-007, 3.90767636418e-005, 0.000144239034853, 0.000135550668347, 0.000152882334078, 4.96327775181e-005, 2.7254151064e-005, 2.2037398594e-005, 2.15959516936e-005, 2.67042742053e-005, 2.09135432669e-005, 2.00476933969e-005, 2.1142874175e-005, 7.87396420492e-005, 6.60160294501e-005, 0.000140743533848, 0.000194878317416, 0.000315567303915, 0.000413335976191, 0.000435647147242, 0.00024465523893, 4.39871510025e-005, 8.17397994979e-006, 3.31523165187e-006, 1.88673311641e-006, 9.72275984168e-008, 1.74986936052e-009]
        min: [8.37998262146e-024, 1.36374139663e-023, 1.07263310549e-023, 1.93831864992e-023, 1.0527738793e-022, 2.62671764554e-023, 4.04623103486e-023, 2.79352843706e-023, 7.08883536077e-023, 4.8423664998e-023, 8.28398235137e-023, 4.29299461462e-023, 6.68640017878e-023, 8.33621882725e-023, 6.73336706381e-023, 1.72194211844e-022, 1.8085531136e-022, 3.57751323526e-022, 2.49717996381e-022, 3.85299356078e-022, 5.034933379e-022, 5.02308759121e-022, 7.22329815357e-022, 8.20105199187e-022, 1.19717803607e-021, 1.92607046734e-021, 2.26209704116e-021]
        var: [2.0796170775e-012, 8.2181248473e-009, 8.31491391295e-008, 1.28373230268e-007, 1.52166890643e-007, 2.1572153841e-008, 1.16059819533e-008, 1.35972983983e-008, 8.65208527046e-009, 5.15895903774e-009, 6.78370071228e-009, 7.30235827362e-009, 9.74416014543e-009, 2.75289835372e-008, 7.23627522348e-008, 7.61087264323e-008, 2.3305820207e-007, 1.6196628394e-007, 3.75057624069e-007, 3.13244811423e-007, 8.91615243859e-008, 1.19644569807e-008, 6.18643858363e-010, 2.29736618618e-010, 1.14694642672e-010, 1.18031290037e-013, 4.77703321933e-017]
    frequency_bands:
        dmean: [5.07771574121e-007, 5.39590291737e-005, 0.000163967721164, 0.000150522013428, 0.000196446446353, 6.56485863146e-005, 4.51102241641e-005, 3.93188929593e-005, 3.47854365828e-005, 2.94383189612e-005, 3.03140404867e-005, 3.29020622303e-005, 3.39555299433e-005, 7.33863416826e-005, 8.07652759249e-005, 0.000109308246465, 0.000164512966876, 0.000196041408344, 0.000279574567685, 0.00023210280051, 0.000137960581924, 4.02008590754e-005, 8.96868641576e-006, 3.64202219316e-006, 2.30604246099e-006, 1.01836434396e-007, 2.07610284519e-009, 5.00417103588e-011]
        dmean2: [6.61853789552e-007, 9.29205634748e-005, 0.000271566299489, 0.000231555735809, 0.000339228601661, 0.000111093278974, 7.688007463e-005, 6.5884552896e-005, 5.75142039452e-005, 4.83303338115e-005, 5.05486896145e-005, 5.55005462957e-005, 5.67230054003e-005, 0.000121201410366, 0.000131035383674, 0.000182905016118, 0.000267317547696, 0.000328283174895, 0.000476908957353, 0.000388050713809, 0.000230767705943, 6.51346854283e-005, 1.43175730045e-005, 5.32228750671e-006, 3.3991161672e-006, 1.50371221252e-007, 2.97971847196e-009, 9.1909001243e-011]
        dvar: [8.31657063095e-013, 8.44142977741e-009, 5.38967341868e-008, 5.1156678893e-008, 2.01978892278e-007, 1.70095777463e-008, 9.46954781256e-009, 7.46639106097e-009, 6.32584251647e-009, 2.96990476656e-009, 3.93136190269e-009, 5.00803265524e-009, 5.85563908473e-009, 1.67880997992e-008, 2.58371954942e-008, 3.02618765602e-008, 9.47731777501e-008, 7.53543076826e-008, 1.95887693621e-007, 1.04201191675e-007, 4.22193231486e-008, 5.53077672549e-009, 2.87957074852e-010, 9.0086577087e-011, 5.65529290064e-011, 6.97504459247e-014, 1.94649974533e-017, 5.69477541422e-021]
        dvar2: [1.34796535912e-012, 2.34006503064e-008, 1.4435075002e-007, 1.08101936291e-007, 5.69881535739e-007, 4.38094360788e-008, 2.54904133357e-008, 1.93652667235e-008, 1.67664424566e-008, 7.56611928665e-009, 1.03667234796e-008, 1.37169475778e-008, 1.51049608377e-008, 4.34182538811e-008, 6.33296437513e-008, 8.15019660649e-008, 2.26064912567e-007, 2.00161380803e-007, 5.38017104645e-007, 2.86061435872e-007, 1.09993059993e-007, 1.28906325614e-008, 6.70338340392e-010, 1.67934235962e-010, 1.15029437364e-010, 1.47384884787e-013, 3.69420383579e-017, 1.81169210852e-020]
        max: [1.26865115817e-005, 0.00107272877358, 0.00471065752208, 0.00462152156979, 0.00515273911878, 0.00299711432308, 0.00207275990397, 0.00211197929457, 0.00210463954136, 0.00138928380329, 0.00157218775712, 0.00135046406649, 0.00155286653899, 0.00254576187581, 0.00374009856023, 0.00281264353544, 0.00677544670179, 0.00458159996197, 0.00739148026332, 0.00486914347857, 0.00290437228978, 0.00158221228048, 0.000296305748634, 0.000238743348746, 0.000208776051295, 8.33273043099e-006, 7.63039480489e-008, 7.86265497155e-010]
        mean: [7.95579012447e-007, 6.59954821458e-005, 0.000240018081968, 0.000249635340879, 0.000250833079917, 8.95727716852e-005, 5.81800668442e-005, 5.39729298907e-005, 5.1438153605e-005, 4.71128951176e-005, 4.74107328046e-005, 4.80328380945e-005, 5.15704523423e-005, 0.000123795340187, 0.000150411389768, 0.00022329382773, 0.00032246101182, 0.000406569190091, 0.000566861359403, 0.000590242096223, 0.000316734862281, 8.04025039542e-005, 1.64280645549e-005, 7.08822108209e-006, 4.16730654251e-006, 1.90891796592e-007, 4.1205678869e-009, 4.60051788331e-011]
        median: [1.90048950799e-007, 3.90767636418e-005, 0.000144239034853, 0.000135550668347, 0.000152882334078, 4.96327775181e-005, 2.7254151064e-005, 2.2037398594e-005, 2.15959516936e-005, 2.67042742053e-005, 2.09135432669e-005, 2.00476933969e-005, 2.1142874175e-005, 7.87396420492e-005, 6.60160294501e-005, 0.000140743533848, 0.000194878317416, 0.000315567303915, 0.000413335976191, 0.000435647147242, 0.00024465523893, 4.39871510025e-005, 8.17397994979e-006, 3.31523165187e-006, 1.88673311641e-006, 9.72275984168e-008, 1.74986936052e-009, 2.02081788803e-011]
        min: [8.37998262146e-024, 1.36374139663e-023, 1.07263310549e-023, 1.93831864992e-023, 1.0527738793e-022, 2.62671764554e-023, 4.04623103486e-023, 2.79352843706e-023, 7.08883536077e-023, 4.8423664998e-023, 8.28398235137e-023, 4.29299461462e-023, 6.68640017878e-023, 8.33621882725e-023, 6.73336706381e-023, 1.72194211844e-022, 1.8085531136e-022, 3.57751323526e-022, 2.49717996381e-022, 3.85299356078e-022, 5.034933379e-022, 5.02308759121e-022, 7.22329815357e-022, 8.20105199187e-022, 1.19717803607e-021, 1.92607046734e-021, 2.26209704116e-021, 6.55382206935e-022]
        var: [2.0796170775e-012, 8.2181248473e-009, 8.31491391295e-008, 1.28373230268e-007, 1.52166890643e-007, 2.1572153841e-008, 1.16059819533e-008, 1.35972983983e-008, 8.65208527046e-009, 5.15895903774e-009, 6.78370071228e-009, 7.30235827362e-009, 9.74416014543e-009, 2.75289835372e-008, 7.23627522348e-008, 7.61087264323e-008, 2.3305820207e-007, 1.6196628394e-007, 3.75057624069e-007, 3.13244811423e-007, 8.91615243859e-008, 1.19644569807e-008, 6.18643858363e-010, 2.29736618618e-010, 1.14694642672e-010, 1.18031290037e-013, 4.77703321933e-017, 4.89457349122e-021]
    mfcc:
        mean: [-721.651733398, 73.6948623657, -44.8889312744, 67.5592575073, -3.80997753143, 2.53805041313, 4.40873193741, -5.62813043594, 1.42483830452, -4.20391702652, -5.34288406372, -6.17293214798, -7.64003562927]
        cov: [[8037.99462891, 76.220489502, -879.415283203, 243.719284058, -348.971313477, 116.221405029, -197.330429077, -26.6955528259, 9.17181682587, 49.3140907288, 22.2354202271, 20.0943050385, 78.8835601807], [76.220489502, 679.383605957, -157.694274902, 57.0538673401, 4.94835281372, -12.3215036392, 43.3536605835, -13.5826177597, 15.0322008133, -15.607462883, -9.27680969238, -0.863432347775, -20.6805286407], [-879.415283203, -157.694274902, 670.916564941, 17.0754070282, 154.385971069, 20.8022994995, 22.6240520477, 65.459197998, -46.3324394226, -25.9180812836, 6.32664585114, -17.3926715851, -27.7536315918], [243.719284058, 57.0538673401, 17.0754070282, 277.022644043, 57.2057533264, 28.8807544708, 10.0098495483, 14.2482013702, 4.73784637451, -13.9344940186, -15.7291173935, -15.9819450378, -13.0324611664], [-348.971313477, 4.94835281372, 154.385971069, 57.2057533264, 162.446350098, 32.5325393677, 6.53570556641, 11.9123020172, -11.2723722458, -8.79979896545, -6.79520082474, -9.48910236359, -10.7626342773], [116.221405029, -12.3215036392, 20.8022994995, 28.8807544708, 32.5325393677, 104.941261292, 35.3333778381, 19.8588237762, -3.56234574318, 0.661342978477, -1.20844519138, -5.77659416199, -4.0904173851], [-197.330429077, 43.3536605835, 22.6240520477, 10.0098495483, 6.53570556641, 35.3333778381, 104.833595276, 30.4232521057, 11.9329090118, -5.22678852081, 0.524515807629, -1.57919800282, -19.0748081207], [-26.6955528259, -13.5826177597, 65.459197998, 14.2482013702, 11.9123020172, 19.8588237762, 30.4232521057, 85.3475418091, 17.5556106567, -1.62380158901, -6.1984667778, 0.437754243612, -2.40615558624], [9.17181682587, 15.0322008133, -46.3324394226, 4.73784637451, -11.2723722458, -3.56234574318, 11.9329090118, 17.5556106567, 67.5172195435, 24.6590709686, 1.69049048424, 1.88411843777, 2.61707139015], [49.3140907288, -15.607462883, -25.9180812836, -13.9344940186, -8.79979896545, 0.661342978477, -5.22678852081, -1.62380158901, 24.6590709686, 65.5214920044, 20.8792705536, 5.70881080627, 10.1941843033], [22.2354202271, -9.27680969238, 6.32664585114, -15.7291173935, -6.79520082474, -1.20844519138, 0.524515807629, -6.1984667778, 1.69049048424, 20.8792705536, 57.6238517761, 22.8844852448, 3.821215868], [20.0943050385, -0.863432347775, -17.3926715851, -15.9819450378, -9.48910236359, -5.77659416199, -1.57919800282, 0.437754243612, 1.88411843777, 5.70881080627, 22.8844852448, 50.2963256836, 19.0586185455], [78.8835601807, -20.6805286407, -27.7536315918, -13.0324611664, -10.7626342773, -4.0904173851, -19.0748081207, -2.40615558624, 2.61707139015, 10.1941843033, 3.821215868, 19.0586185455, 52.7202072144]]
        icov: [[0.000187187048141, -1.23707432067e-005, 0.000187737910892, -0.000228290678933, 0.000388574087992, -0.000424564204877, 0.000500675698277, -0.000227332566283, 0.000151533342432, -3.3782722312e-005, -0.000155201953021, 3.95495917473e-005, -2.94147303066e-005], [-1.23707432067e-005, 0.00172980502248, 0.000544364738744, -0.000268459290965, -0.00056957884226, 0.000645343621727, -0.000954529037699, 0.00021246925462, -9.68489548541e-005, 0.000391052686609, 2.33712689806e-005, -0.000170100916876, 0.000504388299305], [0.000187737910892, 0.000544364738744, 0.00271152378991, 1.01200903373e-005, -0.00193873047829, 0.000425246020313, 0.000101215591712, -0.00225833919831, 0.00185987527948, 0.000295217847452, -0.00127728714142, 0.000842355366331, 0.00057197996648], [-0.000228290678933, -0.000268459290965, 1.01200903373e-005, 0.004444392398, -0.00190214673057, -0.000255845079664, -0.00025755999377, -0.000230755395023, -0.000780899310485, 0.000806228374131, 0.000435301393736, 0.000683799851686, 0.000432493485278], [0.000388574087992, -0.00056957884226, -0.00193873047829, -0.00190214673057, 0.0101173995063, -0.00350574287586, 0.00198983424343, 0.00060646206839, -3.79548582714e-005, -0.000317571335472, 0.000858142971992, -0.000374144263333, 0.000381738645956], [-0.000424564204877, 0.000645343621727, 0.000425246020313, -0.000255845079664, -0.00350574287586, 0.013395305723, -0.00546725327149, -0.00151393818669, 0.00214004609734, -0.0011744084768, -0.000278756022453, 0.00156098580919, -0.00109780975617], [0.000500675698277, -0.000954529037699, 0.000101215591712, -0.00025755999377, 0.00198983424343, -0.00546725327149, 0.0147781902924, -0.00383071321994, -0.00191021966748, 0.0012625149684, -0.00103631848469, -0.00129068328533, 0.00441256025806], [-0.000227332566283, 0.00021246925462, -0.00225833919831, -0.000230755395023, 0.00060646206839, -0.00151393818669, -0.00383071321994, 0.0164086557925, -0.00544415926561, 0.000941183941904, 0.00278667849489, -0.00192280905321, -0.000871786440257], [0.000151533342432, -9.68489548541e-005, 0.00185987527948, -0.000780899310485, -3.79548582714e-005, 0.00214004609734, -0.00191021966748, -0.00544415926561, 0.0209650807083, -0.0082229943946, 0.00131772912573, 3.91976827814e-005, 0.000179641283466], [-3.3782722312e-005, 0.000391052686609, 0.000295217847452, 0.000806228374131, -0.000317571335472, -0.0011744084768, 0.0012625149684, 0.000941183941904, -0.0082229943946, 0.0217912364751, -0.00839543621987, 0.00317385909148, -0.00344184110872], [-0.000155201953021, 2.33712689806e-005, -0.00127728714142, 0.000435301393736, 0.000858142971992, -0.000278756022453, -0.00103631848469, 0.00278667849489, 0.00131772912573, -0.00839543621987, 0.025764239952, -0.0124115506187, 0.0037597627379], [3.95495917473e-005, -0.000170100916876, 0.000842355366331, 0.000683799851686, -0.000374144263333, 0.00156098580919, -0.00129068328533, -0.00192280905321, 3.91976827814e-005, 0.00317385909148, -0.0124115506187, 0.0297140050679, -0.0104812476784], [-2.94147303066e-005, 0.000504388299305, 0.00057197996648, 0.000432493485278, 0.000381738645956, -0.00109780975617, 0.00441256025806, -0.000871786440257, 0.000179641283466, -0.00344184110872, 0.0037597627379, -0.0104812476784, 0.0253405552357]]
    sccoeffs:
        dmean: [0.0521902255714, 0.0429071560502, 0.0326111577451, 0.0286538898945, 0.0188389495015, 0.018855817616]
        dmean2: [0.0848555788398, 0.0720174685121, 0.0546102933586, 0.0481741689146, 0.0316824577749, 0.0306295081973]
        dvar: [0.0018361674156, 0.00116130895913, 0.000644198211376, 0.000510277866852, 0.000231402053032, 0.000307625974528]
        dvar2: [0.00491806305945, 0.00325278751552, 0.00179414777085, 0.00138520845212, 0.000620501872618, 0.000734086730517]
        max: [-0.319798141718, -0.524456322193, -0.645333588123, -0.612534403801, -0.666159391403, -0.596150457859]
        mean: [-0.679787933826, -0.798944175243, -0.825777769089, -0.796074688435, -0.809296131134, -0.739547491074]
        median: [-0.684444785118, -0.80428403616, -0.830223441124, -0.798333644867, -0.809002280235, -0.737200379372]
        min: [-0.959590017796, -0.957519590855, -0.968914151192, -0.955359637737, -0.959900021553, -0.958530545235]
        var: [0.00507268030196, 0.00290194083937, 0.00192266772501, 0.00176993629429, 0.00087146734586, 0.00165913812816]
    scvalleys:
        dmean: [0.379377752542, 0.399111419916, 0.303450584412, 0.2531696558, 0.203343987465, 0.265007376671]
        dmean2: [0.629581987858, 0.652717232704, 0.495571881533, 0.40542319417, 0.31865209341, 0.368256449699]
        dvar: [0.112068086863, 0.151876419783, 0.0819007232785, 0.0715807154775, 0.0654620528221, 0.139489382505]
        dvar2: [0.275438994169, 0.36004075408, 0.188839167356, 0.14689438045, 0.122316621244, 0.262740015984]
        max: [-5.21684122086, -4.5467247963, -5.24274349213, -5.5049238205, -5.35813379288, -7.34790658951]
        mean: [-6.9500207901, -7.09063100815, -7.41710233688, -7.34733009338, -6.75235939026, -9.5388879776]
        median: [-6.69366502762, -6.88206672668, -7.18671989441, -7.07085323334, -6.45341014862, -9.23878479004]
        min: [-26.9200305939, -27.4801864624, -27.0107746124, -27.155582428, -27.2493076324, -27.2927417755]
        var: [1.08667731285, 1.02564704418, 1.040984869, 1.16024589539, 1.10524106026, 1.50955736637]

rhythm:
    beats_loudness:
        dmean: 0.00167771684937
        dmean2: 0.00308398576453
        dvar: 2.84347197521e-006
        dvar2: 9.26855682337e-006
        max: 0.0163683202118
        mean: 0.00440014060587
        median: 0.00403734855354
        min: 1.8420319492e-008
        var: 7.63849311625e-006
    bpm: 161.546157837
    bpm_confidence: 0
    first_peak_bpm: 161
    first_peak_spread: 0.298107236624
    first_peak_weight: 0.654411792755
    onset_rate: 3.08331418037
    second_peak_bpm: 152
    second_peak_spread: 0.40000000596
    second_peak_weight: 0.0264705885202
    beats_loudness_band_ratio:
        dmean: [0.127282261848, 0.0586826652288, 0.0333154462278, 0.0342205427587, 0.108824446797, 0.111411429942]
        dmean2: [0.232800245285, 0.106684848666, 0.0582255236804, 0.0587599240243, 0.188690006733, 0.194904223084]
        dvar: [0.0114085040987, 0.00386966322549, 0.00135246862192, 0.00200836756267, 0.00743345497176, 0.0090216146782]
        dvar2: [0.0357050523162, 0.011522648856, 0.0037730615586, 0.00569998333231, 0.0208074618131, 0.0266316626221]
        max: [0.912693738937, 0.533797979355, 0.27007073164, 0.363707572222, 0.734572350979, 0.773021101952]
        mean: [0.172825396061, 0.0884253680706, 0.0482559502125, 0.0607417114079, 0.310878634453, 0.350968927145]
        median: [0.138446673751, 0.0679953694344, 0.0390055552125, 0.047724314034, 0.30972340703, 0.356700927019]
        min: [0.00309525453486, 0.00666925963014, 0.00191482517403, 0.00164760090411, 0.000385821331292, 0.000109567095933]
        var: [0.0212413873523, 0.00520514696836, 0.00140166701749, 0.00228089652956, 0.0137375062332, 0.0154553521425]
