
metadata:
    version:
        essentia: "2.1-beta2"
    audio_properties:
        analysis_sample_rate: 44100
        bitrate: 256
        channels: 2
        equal_loudness: 1
        length: 190.014694214
        replay_gain: -14.4102077484
        downmix: "mix"
    tags:
        album: "Mutter"
        artist: "Rammstein"
        comment: ""
        date: "2001"
        genre: "Folk"
        title: "Rein Raus"
        tracknumber: "9"

configuration:
    average_loudness:
        compute: 1
        frameSize: 88200
        hopSize: 44100
        silentFrames: "noise"
        windowType: "hann"
    general:
        analysisSampleRate: 44100
        endTime: 2000
        equalLoudness: 1
        nequalLoudness: 0
        shortSound: 0
        startTime: 0
    lowlevel:
        compute: 1
        frameSize: 2048
        hopSize: 1024
        zeroPadding: 0
        silentFrames: "noise"
        windowType: "blackmanharris62"
        mfccStats: ["mean", "cov", "icov"]
        stats: ["mean", "var", "median", "min", "max", "dmean", "dmean2", "dvar", "dvar2"]
    panning:
        compute: 0
        frameSize: 8192
        hopSize: 2048
        zeroPadding: 8192
        silentFrames: "noise"
        windowType: "hann"
        stats: ["copy"]
    rhythm:
        compute: 1
        maxTempo: 208
        minTempo: 40
        method: "degara"
        stats: ["mean", "var", "median", "min", "max", "dmean", "dmean2", "dvar", "dvar2"]
    segmentation:
        compute: 0
        cpw: 5
        inc1: 300
        inc2: 50
        minimumSegmentsLength: 10
        size1: 1000
        size2: 600
    sfx:
        compute: 1
        stats: ["mean", "var", "median", "min", "max", "dmean", "dmean2", "dvar", "dvar2"]
    svm:
        compute: 0
    tonal:
        compute: 1
        frameSize: 4096
        hopSize: 2048
        zeroPadding: 0
        silentFrames: "noise"
        windowType: "blackmanharris62"
        stats: ["mean", "var", "median", "min", "max", "dmean", "dmean2", "dvar", "dvar2"]

lowlevel:
    average_loudness: 0.894178390503
    barkbands_kurtosis:
        dmean: 0.9634308815
        dmean2: 1.53973543644
        dvar: 4.39154911041
        dvar2: 9.59678459167
        max: 63.2310829163
        mean: -0.287373274565
        median: -1.1641023159
        min: -1.93105018139
        var: 8.82542514801
    barkbands_skewness:
        dmean: 0.477512121201
        dmean2: 0.72621434927
        dvar: 0.227318793535
        dvar2: 0.485884606838
        max: 7.2820930481
        mean: -0.0703920572996
        median: -0.168018832803
        min: -5.39164972305
        var: 1.07328748703
    barkbands_spread:
        dmean: 6.80134820938
        dmean2: 10.8798189163
        dvar: 38.8521003723
        dvar2: 95.1555404663
        max: 84.360748291
        mean: 39.2471313477
        median: 40.9504699707
        min: 2.02682542801
        var: 186.009170532
    dissonance:
        dmean: 0.0091962153092
        dmean2: 0.0154285207391
        dvar: 0.000121640739962
        dvar2: 0.000311238196446
        max: 0.499999970198
        mean: 0.483176231384
        median: 0.488466590643
        min: 0.273789167404
        var: 0.000335754302796
    hfc:
        dmean: 3.10741281509
        dmean2: 4.9476556778
        dvar: 33.1573677063
        dvar2: 87.8992385864
        max: 59.2504386902
        mean: 8.6210899353
        median: 7.08352231979
        min: 1.179535466e-016
        var: 55.5629234314
    pitch:
        dmean: 755.502868652
        dmean2: 1425.2298584
        dvar: 1559852.875
        dvar2: 3804235
        max: 5277.50097656
        mean: 2500.74487305
        median: 3599.54858398
        min: 43.0243911743
        var: 2783925.75
    pitch_instantaneous_confidence:
        dmean: 0.07780713588
        dmean2: 0.127240002155
        dvar: 0.00407031551003
        dvar2: 0.0106442794204
        max: 0.874159514904
        mean: 0.382688164711
        median: 0.377336442471
        min: 0.117594718933
        var: 0.0124854007736
    pitch_salience:
        dmean: 0.0657703205943
        dmean2: 0.105899684131
        dvar: 0.00377611350268
        dvar2: 0.00883342605084
        max: 0.91320836544
        mean: 0.658056437969
        median: 0.6796002388
        min: 0.124482341111
        var: 0.00995777361095
    silence_rate_20dB:
        dmean: 0
        dmean2: 0
        dvar: 0
        dvar2: 0
        max: 1
        mean: 1
        median: 1
        min: 1
        var: 0
    silence_rate_30dB:
        dmean: 0
        dmean2: 0
        dvar: 0
        dvar2: 0
        max: 1
        mean: 1
        median: 1
        min: 1
        var: 0
    silence_rate_60dB:
        dmean: 0.0997067466378
        dmean2: 0.199437856674
        dvar: 0.0897713080049
        dvar2: 0.188759714365
        max: 1
        mean: 0.364935845137
        median: 0
        min: 0
        var: 0.231762066483
    spectral_centroid:
        dmean: 345.551605225
        dmean2: 531.041259766
        dvar: 122174.046875
        dvar2: 252415.765625
        max: 10190.390625
        mean: 1970.13269043
        median: 1981.98657227
        min: 167.675170898
        var: 589790.8125
    spectral_complexity:
        dmean: 4.13489723206
        dmean2: 6.23267745972
        dvar: 24.068271637
        dvar2: 49.0371856689
        max: 52
        mean: 14.7100791931
        median: 14
        min: 0
        var: 107.448371887
    spectral_crest:
        dmean: 1.9234828949
        dmean2: 3.15564751625
        dvar: 3.46944475174
        dvar2: 8.23762989044
        max: 24.7564964294
        mean: 6.85910797119
        median: 6.05741167068
        min: 2.36366844177
        var: 8.32269287109
    spectral_decrease:
        dmean: 2.91857094048e-010
        dmean2: 4.77226869133e-010
        dvar: 2.12333786499e-019
        dvar2: 5.65483517606e-019
        max: -2.2483116587e-029
        mean: -9.08396524668e-010
        median: -8.47770631474e-010
        min: -5.10877962157e-009
        var: 3.75082825714e-019
    spectral_energy:
        dmean: 0.00133497721981
        dmean2: 0.00217374879867
        dvar: 4.9513578233e-006
        dvar2: 1.31622382469e-005
        max: 0.0246558804065
        mean: 0.00421045534313
        median: 0.00387251400389
        min: 1.07835788296e-020
        var: 8.52082575875e-006
    spectral_energyband_high:
        dmean: 0.000276114966255
        dmean2: 0.000438866234617
        dvar: 2.16199296688e-007
        dvar2: 5.56615589176e-007
        max: 0.00675364211202
        mean: 0.000671406334732
        median: 0.000498267356306
        min: 7.76963640788e-021
        var: 4.36575362528e-007
    spectral_energyband_low:
        dmean: 0.000418337556766
        dmean2: 0.00068569224095
        dvar: 2.77358338963e-007
        dvar2: 7.33081662929e-007
        max: 0.00662299338728
        mean: 0.000720485171769
        median: 0.000523779424839
        min: 1.74536156856e-022
        var: 5.48875959794e-007
    spectral_energyband_middle_high:
        dmean: 0.000696553674061
        dmean2: 0.00112419913057
        dvar: 1.42422857152e-006
        dvar2: 3.77017340725e-006
        max: 0.0137854712084
        mean: 0.00184721476398
        median: 0.00145401386544
        min: 1.54299173577e-021
        var: 2.72763668363e-006
    spectral_energyband_middle_low:
        dmean: 0.000570657139178
        dmean2: 0.000943814578932
        dvar: 7.390593737e-007
        dvar2: 1.99280862034e-006
        max: 0.0097862817347
        mean: 0.00117459741887
        median: 0.00094454723876
        min: 3.14717080502e-022
        var: 1.0084592077e-006
    spectral_flatness_db:
        dmean: 0.0143125141039
        dmean2: 0.0213025975972
        dvar: 0.000195850007003
        dvar2: 0.000390508328564
        max: 0.349226862192
        mean: 0.128944382071
        median: 0.119327537715
        min: 0.0530959777534
        var: 0.00144446128979
    spectral_flux:
        dmean: 0.00769841251895
        dmean2: 0.0117685971782
        dvar: 0.000109471089672
        dvar2: 0.000207676945138
        max: 0.127039641142
        mean: 0.0384094342589
        median: 0.0373419895768
        min: 1.0384400978e-010
        var: 0.000323023210512
    spectral_kurtosis:
        dmean: 0.634110927582
        dmean2: 1.00681352615
        dvar: 0.88985568285
        dvar2: 2.33839631081
        max: 23.960515976
        mean: 3.07025504112
        median: 2.87617111206
        min: -1.15939044952
        var: 3.19895601273
    spectral_rms:
        dmean: 0.000287398783257
        dmean2: 0.000452069391031
        dvar: 1.4270274562e-007
        dvar2: 3.61898258916e-007
        max: 0.00490454072133
        mean: 0.00189545797184
        median: 0.00194372388069
        min: 3.24354193677e-012
        var: 5.15010242452e-007
    spectral_rolloff:
        dmean: 411.942565918
        dmean2: 662.174743652
        dvar: 377588.90625
        dvar2: 781064.9375
        max: 18647.7539063
        mean: 3643.24560547
        median: 3940.57617188
        min: 129.19921875
        var: 1211454
    spectral_skewness:
        dmean: 0.119742423296
        dmean2: 0.184217467904
        dvar: 0.0192854870111
        dvar2: 0.0426952205598
        max: 3.84272122383
        mean: 1.28403866291
        median: 1.26958298683
        min: -0.031121911481
        var: 0.103921703994
    spectral_spread:
        dmean: 517673.75
        dmean2: 720367.25
        dvar: 425695707136
        dvar2: 695437885440
        max: 39345992
        mean: 6112469.5
        median: 5982723.5
        min: 2108650.25
        var: 2.94382285619e+012
    spectral_strongpeak:
        dmean: 0.359547257423
        dmean2: 0.628096163273
        dvar: 0.441585928202
        dvar2: 1.16385579109
        max: 5.96786022186
        mean: 0.43518871069
        median: 0.157586038113
        min: 4.52227544301e-009
        var: 0.521492779255
    zerocrossingrate:
        dmean: 0.0102383941412
        dmean2: 0.0118109406903
        dvar: 0.000125122489408
        dvar2: 0.000139328927617
        max: 0.49951171875
        mean: 0.112992458045
        median: 0.1162109375
        min: 0.02099609375
        var: 0.00107576290611
    barkbands:
        dmean: [9.73346459432e-007, 7.86283562775e-005, 0.000307000533212, 0.000215353560634, 0.000296145764878, 0.000122936718981, 8.40541324578e-005, 5.58177016501e-005, 6.69311993988e-005, 3.51578673872e-005, 3.48827634298e-005, 3.7733312638e-005, 4.59156944999e-005, 5.07529148308e-005, 5.53344616492e-005, 7.3069917562e-005, 0.000129900581669, 0.000189302969375, 0.0002814855834, 0.00023154966766, 0.000133261433803, 4.59867551399e-005, 9.40424706641e-006, 4.45477098765e-006, 2.7792336823e-006, 1.5859278335e-007, 2.04720396191e-009]
        dmean2: [1.21328878322e-006, 0.000131294611492, 0.000509860692546, 0.000346178218024, 0.000520636502188, 0.000207312448765, 0.000138010567753, 9.33533738134e-005, 0.000106159022835, 5.7951798226e-005, 5.62256063859e-005, 6.12659787294e-005, 7.61661867728e-005, 8.30868448247e-005, 9.07977373572e-005, 0.000118125230074, 0.000211809528992, 0.000310304545565, 0.000481091614347, 0.000384644255973, 0.000214200816117, 7.65905788285e-005, 1.49440156747e-005, 6.61620788378e-006, 3.96835912397e-006, 2.39085466092e-007, 2.99419666838e-009]
        dvar: [3.68907552076e-012, 1.15938973977e-008, 1.66491446407e-007, 9.03687720211e-008, 3.51735025106e-007, 3.98514465871e-008, 2.11894306545e-008, 1.35074325058e-008, 1.9975983534e-008, 5.03544317354e-009, 5.39112221531e-009, 6.46904663171e-009, 2.18111484429e-008, 9.5727017424e-009, 1.0208742296e-008, 1.49574219677e-008, 5.26516465982e-008, 9.80790346716e-008, 2.6458471325e-007, 1.414617401e-007, 4.75641641628e-008, 8.39829095156e-009, 2.69439137668e-010, 7.98767926802e-011, 4.16911158374e-011, 7.27452901519e-014, 1.07481797387e-017]
        dvar2: [6.89326980913e-012, 3.14765458143e-008, 4.41935412709e-007, 2.1494670932e-007, 9.98539235297e-007, 1.08088471507e-007, 5.33186472751e-008, 3.49150006684e-008, 4.73811354595e-008, 1.36080648971e-008, 1.33455566598e-008, 1.62717324059e-008, 5.8694499927e-008, 2.33101768998e-008, 2.60569414934e-008, 3.57980098897e-008, 1.2873572075e-007, 2.54267291666e-007, 7.30166107132e-007, 3.8675449332e-007, 1.19490110251e-007, 2.24479350663e-008, 6.51042941779e-010, 1.64645311274e-010, 8.16358231015e-011, 1.51812373436e-013, 2.26106048498e-017]
        max: [1.99009191419e-005, 0.00130315637216, 0.0060096103698, 0.00454331655055, 0.00583823490888, 0.00301049067639, 0.00375128118321, 0.00313818920404, 0.00439200084656, 0.00121542380657, 0.00292978063226, 0.00230332883075, 0.00563623197377, 0.00251364498399, 0.00191759062, 0.00296468194574, 0.00515342177823, 0.00571512337774, 0.00616702530533, 0.00419695302844, 0.00380971119739, 0.00145819829777, 0.000273676792858, 0.000199453745154, 0.00019013354904, 7.01493263477e-006, 5.29849124575e-008]
        mean: [1.64142693393e-006, 0.00010635626677, 0.000429948355304, 0.000335480086505, 0.000345999287674, 0.000171061474248, 0.000129186519189, 7.59865724831e-005, 0.00010336181731, 5.38764361409e-005, 5.4899497627e-005, 6.18142366875e-005, 7.27876904421e-005, 8.79054859979e-005, 8.65278489073e-005, 0.000133293389808, 0.000232590391533, 0.000348293164279, 0.000491037906613, 0.000476652639918, 0.000293571763905, 8.17460386315e-005, 1.8851547793e-005, 1.04173568616e-005, 6.78494825479e-006, 3.82255905151e-007, 4.8384309892e-009]
        median: [1.51113724201e-007, 5.92834803683e-005, 0.000249330129009, 0.000182423507795, 0.000202386407182, 0.00010185559222, 6.29417554592e-005, 3.19902683259e-005, 3.28271889884e-005, 1.99186924874e-005, 2.60337983491e-005, 2.35692368733e-005, 2.15262571146e-005, 4.28801577073e-005, 4.43498392997e-005, 8.02195427241e-005, 0.000127204766613, 0.000228149001487, 0.000351459835656, 0.000352900562575, 0.000209518606425, 5.01101421833e-005, 1.10234941531e-005, 5.3727590057e-006, 3.77816195396e-006, 2.78422589872e-007, 3.61400442905e-009]
        min: [8.968522555e-024, 1.51957884898e-022, 9.17964776564e-024, 8.96752859025e-024, 7.7289322454e-023, 9.16944148325e-023, 2.42238910268e-023, 6.69152146378e-023, 3.70211255306e-023, 3.74911225471e-023, 1.0425604025e-022, 5.97283510033e-023, 5.34640444203e-023, 9.55630013335e-023, 6.8060091625e-023, 1.76470847692e-022, 1.84105292072e-022, 2.22467156131e-022, 3.35241524694e-022, 3.68629854248e-022, 4.73285594542e-022, 5.33814374306e-022, 4.98247677938e-022, 8.0961599972e-022, 1.43639448889e-021, 1.7624019991e-021, 2.30599294748e-021]
        var: [8.79011273491e-012, 1.86090911569e-008, 2.73880317536e-007, 2.1958979346e-007, 2.76088712781e-007, 4.98671184346e-008, 4.28958628618e-008, 2.02988523768e-008, 4.68458871694e-008, 8.99011531885e-009, 8.97430840752e-009, 1.47836178854e-008, 3.74712953999e-008, 2.54192453752e-008, 1.72625309602e-008, 3.15474260049e-008, 1.18057315035e-007, 1.78346709845e-007, 3.03654985601e-007, 2.48849175932e-007, 9.16657540984e-008, 1.07225979207e-008, 5.28598553817e-010, 2.73938621786e-010, 1.38294223295e-010, 1.75748602954e-013, 2.43475187e-017]
    frequency_bands:
        dmean: [9.73346459432e-007, 7.86283562775e-005, 0.000307000533212, 0.000215353560634, 0.000296145764878, 0.000122936718981, 8.40541324578e-005, 5.58177016501e-005, 6.69311993988e-005, 3.51578673872e-005, 3.48827634298e-005, 3.7733312638e-005, 4.59156944999e-005, 5.07529148308e-005, 5.53344616492e-005, 7.3069917562e-005, 0.000129900581669, 0.000189302969375, 0.0002814855834, 0.00023154966766, 0.000133261433803, 4.59867551399e-005, 9.40424706641e-006, 4.45477098765e-006, 2.7792336823e-006, 1.5859278335e-007, 2.04720396191e-009, 4.79463621583e-011]
        dmean2: [1.21328878322e-006, 0.000131294611492, 0.000509860692546, 0.000346178218024, 0.000520636502188, 0.000207312448765, 0.000138010567753, 9.33533738134e-005, 0.000106159022835, 5.7951798226e-005, 5.62256063859e-005, 6.12659787294e-005, 7.61661867728e-005, 8.30868448247e-005, 9.07977373572e-005, 0.000118125230074, 0.000211809528992, 0.000310304545565, 0.000481091614347, 0.000384644255973, 0.000214200816117, 7.65905788285e-005, 1.49440156747e-005, 6.61620788378e-006, 3.96835912397e-006, 2.39085466092e-007, 2.99419666838e-009, 8.80794812086e-011]
        dvar: [3.68907552076e-012, 1.15938973977e-008, 1.66491446407e-007, 9.03687720211e-008, 3.51735025106e-007, 3.98514465871e-008, 2.11894306545e-008, 1.35074325058e-008, 1.9975983534e-008, 5.03544317354e-009, 5.39112221531e-009, 6.46904663171e-009, 2.18111484429e-008, 9.5727017424e-009, 1.0208742296e-008, 1.49574219677e-008, 5.26516465982e-008, 9.80790346716e-008, 2.6458471325e-007, 1.414617401e-007, 4.75641641628e-008, 8.39829095156e-009, 2.69439137668e-010, 7.98767926802e-011, 4.16911158374e-011, 7.27452901519e-014, 1.07481797387e-017, 5.02356519916e-021]
        dvar2: [6.89326980913e-012, 3.14765458143e-008, 4.41935412709e-007, 2.1494670932e-007, 9.98539235297e-007, 1.08088471507e-007, 5.33186472751e-008, 3.49150006684e-008, 4.73811354595e-008, 1.36080648971e-008, 1.33455566598e-008, 1.62717324059e-008, 5.8694499927e-008, 2.33101768998e-008, 2.60569414934e-008, 3.57980098897e-008, 1.2873572075e-007, 2.54267291666e-007, 7.30166107132e-007, 3.8675449332e-007, 1.19490110251e-007, 2.24479350663e-008, 6.51042941779e-010, 1.64645311274e-010, 8.16358231015e-011, 1.51812373436e-013, 2.26106048498e-017, 1.59711224878e-020]
        max: [1.99009191419e-005, 0.00130315637216, 0.0060096103698, 0.00454331655055, 0.00583823490888, 0.00301049067639, 0.00375128118321, 0.00313818920404, 0.00439200084656, 0.00121542380657, 0.00292978063226, 0.00230332883075, 0.00563623197377, 0.00251364498399, 0.00191759062, 0.00296468194574, 0.00515342177823, 0.00571512337774, 0.00616702530533, 0.00419695302844, 0.00380971119739, 0.00145819829777, 0.000273676792858, 0.000199453745154, 0.00019013354904, 7.01493263477e-006, 5.29849124575e-008, 9.90752480057e-010]
        mean: [1.64142693393e-006, 0.00010635626677, 0.000429948355304, 0.000335480086505, 0.000345999287674, 0.000171061474248, 0.000129186519189, 7.59865724831e-005, 0.00010336181731, 5.38764361409e-005, 5.4899497627e-005, 6.18142366875e-005, 7.27876904421e-005, 8.79054859979e-005, 8.65278489073e-005, 0.000133293389808, 0.000232590391533, 0.000348293164279, 0.000491037906613, 0.000476652639918, 0.000293571763905, 8.17460386315e-005, 1.8851547793e-005, 1.04173568616e-005, 6.78494825479e-006, 3.82255905151e-007, 4.8384309892e-009, 4.529367853e-011]
        median: [1.51113724201e-007, 5.92834803683e-005, 0.000249330129009, 0.000182423507795, 0.000202386407182, 0.00010185559222, 6.29417554592e-005, 3.19902683259e-005, 3.28271889884e-005, 1.99186924874e-005, 2.60337983491e-005, 2.35692368733e-005, 2.15262571146e-005, 4.28801577073e-005, 4.43498392997e-005, 8.02195427241e-005, 0.000127204766613, 0.000228149001487, 0.000351459835656, 0.000352900562575, 0.000209518606425, 5.01101421833e-005, 1.10234941531e-005, 5.3727590057e-006, 3.77816195396e-006, 2.78422589872e-007, 3.61400442905e-009, 2.36195160652e-011]
        min: [8.968522555e-024, 1.51957884898e-022, 9.17964776564e-024, 8.96752859025e-024, 7.7289322454e-023, 9.16944148325e-023, 2.42238910268e-023, 6.69152146378e-023, 3.70211255306e-023, 3.74911225471e-023, 1.0425604025e-022, 5.97283510033e-023, 5.34640444203e-023, 9.55630013335e-023, 6.8060091625e-023, 1.76470847692e-022, 1.84105292072e-022, 2.22467156131e-022, 3.35241524694e-022, 3.68629854248e-022, 4.73285594542e-022, 5.33814374306e-022, 4.98247677938e-022, 8.0961599972e-022, 1.43639448889e-021, 1.7624019991e-021, 2.30599294748e-021, 7.82140921025e-022]
        var: [8.79011273491e-012, 1.86090911569e-008, 2.73880317536e-007, 2.1958979346e-007, 2.76088712781e-007, 4.98671184346e-008, 4.28958628618e-008, 2.02988523768e-008, 4.68458871694e-008, 8.99011531885e-009, 8.97430840752e-009, 1.47836178854e-008, 3.74712953999e-008, 2.54192453752e-008, 1.72625309602e-008, 3.15474260049e-008, 1.18057315035e-007, 1.78346709845e-007, 3.03654985601e-007, 2.48849175932e-007, 9.16657540984e-008, 1.07225979207e-008, 5.28598553817e-010, 2.73938621786e-010, 1.38294223295e-010, 1.75748602954e-013, 2.43475187e-017, 4.24599563242e-021]
    mfcc:
        mean: [-710.649841309, 76.4172821045, -29.9781112671, 59.1357879639, -8.4790763855, -2.91222453117, 3.51489400864, -6.96178531647, -3.23988175392, -6.76511144638, -3.09685969353, -4.20515489578, -4.19437408447]
        cov: [[5966.25439453, 52.6252365112, -134.346908569, 722.547790527, 254.410064697, 222.664825439, -77.6946411133, -86.3518753052, 104.455413818, 73.6132278442, 38.0875167847, 79.6221313477, 66.0637741089], [52.6252365112, 814.216064453, -177.092025757, -143.616668701, -89.5271377563, -99.8651885986, 11.6934499741, 27.0712661743, -4.23268556595, -8.94746589661, 30.7123908997, 24.5048236847, -1.98181688786], [-134.346908569, -177.092025757, 525.189453125, 149.864822388, 202.460540771, 84.8416290283, 18.7930984497, 19.0467205048, 10.638923645, 17.4485874176, 1.11833763123, -12.8743343353, -2.14176297188], [722.547790527, -143.616668701, 149.864822388, 492.252624512, 230.721725464, 159.458496094, 31.0564117432, -47.1073799133, 45.7187538147, 15.7141714096, -19.6077594757, -20.4662818909, 35.8956794739], [254.410064697, -89.5271377563, 202.460540771, 230.721725464, 327.569213867, 127.638114929, -9.65546321869, -28.4567089081, 25.9577407837, 22.3552894592, 10.7083644867, 7.70717716217, 16.6772937775], [222.664825439, -99.8651885986, 84.8416290283, 159.458496094, 127.638114929, 177.462188721, 49.6117477417, -24.931476593, 16.2971363068, 15.9362802505, 5.57536792755, -8.82738113403, 11.6213312149], [-77.6946411133, 11.6934499741, 18.7930984497, 31.0564117432, -9.65546321869, 49.6117477417, 126.514564514, 27.1678218842, 18.4416332245, 3.58149814606, 4.32889223099, 0.568416714668, 6.9841094017], [-86.3518753052, 27.0712661743, 19.0467205048, -47.1073799133, -28.4567089081, -24.931476593, 27.1678218842, 109.962654114, 33.4255981445, 0.918879806995, 5.44658041, 6.94169807434, -5.05747270584], [104.455413818, -4.23268556595, 10.638923645, 45.7187538147, 25.9577407837, 16.2971363068, 18.4416332245, 33.4255981445, 88.1232376099, 28.6322994232, 2.70841312408, 0.213248372078, 8.56296062469], [73.6132278442, -8.94746589661, 17.4485874176, 15.7141714096, 22.3552894592, 15.9362802505, 3.58149814606, 0.918879806995, 28.6322994232, 64.9095535278, 25.8294200897, 7.40207433701, 6.75268125534], [38.0875167847, 30.7123908997, 1.11833763123, -19.6077594757, 10.7083644867, 5.57536792755, 4.32889223099, 5.44658041, 2.70841312408, 25.8294200897, 69.2544021606, 30.8943481445, 2.70217061043], [79.6221313477, 24.5048236847, -12.8743343353, -20.4662818909, 7.70717716217, -8.82738113403, 0.568416714668, 6.94169807434, 0.213248372078, 7.40207433701, 30.8943481445, 63.037399292, 23.3807144165], [66.0637741089, -1.98181688786, -2.14176297188, 35.8956794739, 16.6772937775, 11.6213312149, 6.9841094017, -5.05747270584, 8.56296062469, 6.75268125534, 2.70217061043, 23.3807144165, 58.4949150085]]
        icov: [[0.000241251953412, -7.01871904312e-005, 0.000131430482725, -0.000461310934043, 0.000150940220919, -0.000225025403779, 0.000366374733858, -4.37992530351e-005, -9.89521649899e-005, -0.000151780361193, 2.5113371521e-005, -0.000519214547239, 0.000205572549021], [-7.01871904312e-005, 0.00148451700807, 0.000423564109951, 0.000318601116305, -0.000408804247854, 0.000925917876884, -0.000674635055475, -7.32567132218e-005, -1.37834376801e-005, 0.000330143520841, -0.000739933748264, 0.000277212908259, -0.00015634027659], [0.000131430482725, 0.000423564109951, 0.0029194985982, -0.000343079911545, -0.00180059042759, 0.000188308375073, -0.000380999554181, -0.00127665500622, 0.00093403714709, -0.000664525548927, -5.19791974511e-005, 0.000523625523783, 0.000327488174662], [-0.000461310934043, 0.000318601116305, -0.000343079911545, 0.00487432396039, -0.00219577620737, -0.00104841601569, -0.00122941134032, 0.00134718278423, -0.00143087422475, 0.000876470701769, 0.000652110495139, 0.00237013911828, -0.00224352860823], [0.000150940220919, -0.000408804247854, -0.00180059042759, -0.00219577620737, 0.00710104079917, -0.00349439959973, 0.00289263459854, 0.000461807096144, -0.00107139674947, -0.000156415699166, -0.000270988966804, -0.00265548517928, 0.000710267981049], [-0.000225025403779, 0.000925917876884, 0.000188308375073, -0.00104841601569, -0.00349439959973, 0.0118041355163, -0.00526308687404, 0.0019942491781, 0.000290774420137, -0.000489994243253, -0.00183849397581, 0.00270916428417, -0.000596227007918], [0.000366374733858, -0.000674635055475, -0.000380999554181, -0.00122941134032, 0.00289263459854, -0.00526308687404, 0.0116502624005, -0.00294699543156, -0.00103513221256, 0.000344246567693, -0.000264201196842, -0.001275390503, -0.00048725923989], [-4.37992530351e-005, -7.32567132218e-005, -0.00127665500622, 0.00134718278423, 0.000461807096144, 0.0019942491781, -0.00294699543156, 0.0132649959996, -0.00633111223578, 0.00249242875725, -0.000764440512285, -0.0013515962055, 0.00135904841591], [-9.89521649899e-005, -1.37834376801e-005, 0.00093403714709, -0.00143087422475, -0.00107139674947, 0.000290774420137, -0.00103513221256, -0.00633111223578, 0.0176281034946, -0.00799564924091, 0.00224180542864, 0.00100286456291, -0.00131448556203], [-0.000151780361193, 0.000330143520841, -0.000664525548927, 0.000876470701769, -0.000156415699166, -0.000489994243253, 0.000344246567693, 0.00249242875725, -0.00799564924091, 0.0228317771107, -0.00920529197901, 0.00252643204294, -0.00211307243444], [2.5113371521e-005, -0.000739933748264, -5.19791974511e-005, 0.000652110495139, -0.000270988966804, -0.00183849397581, -0.000264201196842, -0.000764440512285, 0.00224180542864, -0.00920529197901, 0.0236443821341, -0.01179348398, 0.00430861813948], [-0.000519214547239, 0.000277212908259, 0.000523625523783, 0.00237013911828, -0.00265548517928, 0.00270916428417, -0.001275390503, -0.0013515962055, 0.00100286456291, 0.00252643204294, -0.01179348398, 0.0279542375356, -0.0116523178294], [0.000205572549021, -0.00015634027659, 0.000327488174662, -0.00224352860823, 0.000710267981049, -0.000596227007918, -0.00048725923989, 0.00135904841591, -0.00131448556203, -0.00211307243444, 0.00430861813948, -0.0116523178294, 0.0232332218438]]
    sccoeffs:
        dmean: [0.0560703836381, 0.0466253869236, 0.034628931433, 0.0287142209709, 0.0200374256819, 0.0169496256858]
        dmean2: [0.0917349681258, 0.0774086862803, 0.0576242879033, 0.0477731749415, 0.0332445167005, 0.0271635260433]
        dvar: [0.00204591220245, 0.00135340134148, 0.000768645317294, 0.000505985459313, 0.00025846841163, 0.000250324752415]
        dvar2: [0.00536845298484, 0.00369866169058, 0.00204609055072, 0.00139402155764, 0.000672639522236, 0.000584254041314]
        max: [-0.332288652658, -0.483953922987, -0.512628018856, -0.620115220547, -0.655310571194, -0.632551193237]
        mean: [-0.647048652172, -0.77000439167, -0.803902029991, -0.803040623665, -0.802635252476, -0.760225534439]
        median: [-0.647528231144, -0.77627491951, -0.815748393536, -0.807846426964, -0.805600583553, -0.758573293686]
        min: [-0.958402991295, -0.970214307308, -0.965130209923, -0.961337924004, -0.962417840958, -0.961437046528]
        var: [0.00607786513865, 0.00393492681906, 0.00376291456632, 0.00181347841863, 0.000863605760969, 0.00112791429274]
    scvalleys:
        dmean: [0.424545973539, 0.395092874765, 0.328658461571, 0.290560930967, 0.249715298414, 0.228202477098]
        dmean2: [0.691939651966, 0.640011429787, 0.512442708015, 0.443974077702, 0.362400531769, 0.310118377209]
        dvar: [0.162173554301, 0.189208194613, 0.134685128927, 0.121627643704, 0.131029173732, 0.127437114716]
        dvar2: [0.349273860455, 0.398858189583, 0.246042877436, 0.209050312638, 0.2185575068, 0.209498330951]
        max: [-5.05229377747, -4.44638299942, -5.4729847908, -5.70766878128, -5.22389030457, -7.26276779175]
        mean: [-7.02468395233, -6.82567358017, -7.35858678818, -7.41414642334, -6.8973608017, -9.19293785095]
        median: [-6.63452196121, -6.64517879486, -7.23668766022, -7.20904684067, -6.60630846024, -8.98001861572]
        min: [-27.418296814, -27.5078392029, -26.9799861908, -27.1232967377, -27.2032966614, -27.0918426514]
        var: [1.75065672398, 1.10039031506, 0.936652600765, 1.00390827656, 1.01286280155, 1.23859071732]

rhythm:
    beats_loudness:
        dmean: 0.00169482012279
        dmean2: 0.00290607567877
        dvar: 2.5252420528e-006
        dvar2: 6.41022597847e-006
        max: 0.0171462148428
        mean: 0.00579026388004
        median: 0.00603468809277
        min: 0.000168070779182
        var: 7.54364782551e-006
    bpm: 122.204597473
    bpm_confidence: 0
    first_peak_bpm: 123
    first_peak_spread: 0.327127635479
    first_peak_weight: 0.657142877579
    onset_rate: 3.15765047073
    second_peak_bpm: 152
    second_peak_spread: 0
    second_peak_weight: 0.0103896101937
    beats_loudness_band_ratio:
        dmean: [0.124888718128, 0.0707677155733, 0.0624828189611, 0.0494611263275, 0.0883647203445, 0.115983851254]
        dmean2: [0.230077192187, 0.127481102943, 0.110357873142, 0.0885494351387, 0.158348351717, 0.214928731322]
        dvar: [0.0195988155901, 0.0052522351034, 0.00605132430792, 0.00273316795938, 0.00734159955755, 0.0114442603663]
        dvar2: [0.0698400139809, 0.0165184270591, 0.0181702841073, 0.00776563910767, 0.0224293973297, 0.0364874154329]
        max: [0.782748281956, 0.558156430721, 0.734478235245, 0.485311448574, 0.687387526035, 0.816776156425]
        mean: [0.181607440114, 0.119369417429, 0.0963903963566, 0.0684582963586, 0.228503867984, 0.338914513588]
        median: [0.157428100705, 0.109395220876, 0.0660787820816, 0.0420722067356, 0.221271723509, 0.343831598759]
        min: [8.38834530441e-005, 0.000891014467925, 0.00115650461521, 0.000816481537186, 0.0226400494576, 0.00871245097369]
        var: [0.0197532698512, 0.00550899049267, 0.00962713547051, 0.00422019371763, 0.00949083082378, 0.0191379059106]
    beats_position: [0.53405892849, 1.10294783115, 1.66022670269, 2.17106580734, 2.67029476166, 3.16952371597, 3.66875267029, 4.15637159348, 4.6439909935, 5.14321994781, 5.64244890213, 6.13006782532, 6.6176867485, 7.10530614853, 7.59292507172, 8.08054447174, 8.57977294922, 9.07900238037, 9.56662082672, 10.0542402267, 10.5418596268, 11.0294780731, 11.5287075043, 12.0279359818, 12.5155553818, 13.0031747818, 13.4907932281, 13.9784126282, 14.4660310745, 14.9652605057, 15.4644899368, 15.9521083832, 16.4397277832, 16.9273471832, 17.4149665833, 17.9141941071, 18.4134235382, 18.9010429382, 19.3886623383, 19.8762817383, 20.363899231, 20.851518631, 21.3507480621, 21.8499774933, 22.3375968933, 22.825214386, 23.312833786, 23.800453186, 24.2880725861, 24.7873020172, 25.286529541, 25.774148941, 26.2617683411, 26.7493877411, 27.2370071411, 27.7362346649, 28.2354640961, 28.7230834961, 29.2107028961, 29.6983222961, 30.1975498199, 30.68516922, 31.1843986511, 31.6720180511, 32.1596374512, 32.6472549438, 33.1348762512, 33.6341018677, 34.1333312988, 34.6209526062, 35.1085700989, 35.5961914063, 36.0838088989, 36.5830383301, 37.0822677612, 37.5698852539, 38.0575065613, 38.545124054, 39.0327415466, 39.5319709778, 40.0312004089, 40.5188217163, 41.006439209, 41.4940567017, 41.981678009, 42.4692955017, 42.9685249329, 43.467754364, 43.9553718567, 44.4429931641, 44.9306106567, 45.4298400879, 45.929069519, 46.4166870117, 46.9043083191, 47.3919258118, 47.8795471191, 48.3671646118, 48.866394043, 49.3656234741, 49.8532409668, 50.3408622742, 50.8284797668, 51.3160972595, 51.8153266907, 52.302947998, 52.8021774292, 53.2897949219, 53.7774124146, 54.2650337219, 54.7526512146, 55.2518806458, 55.7511100769, 56.2387275696, 56.726348877, 57.2139663696, 57.7131958008, 58.2124252319, 58.7000427246, 59.187664032, 59.6752815247, 60.162902832, 60.6505203247, 61.1497497559, 61.648979187, 62.1365966797, 62.6242179871, 63.1118354797, 63.5994529724, 64.0870742798, 64.5746917725, 65.0739212036, 65.5731506348, 66.0607681274, 66.5483856201, 67.0360107422, 67.5236282349, 68.0112457275, 68.5104751587, 68.9980926514, 69.4973220825, 69.9849395752, 70.4725646973, 70.971786499, 71.4710159302, 71.9586410522, 72.4462585449, 72.9338760376, 73.4331054688, 73.9323348999, 74.4199523926, 74.9075698853, 75.3951950073, 75.8828125, 76.3704299927, 76.8580474854, 77.3572769165, 77.8565063477, 78.3441238403, 78.831741333, 79.3193664551, 79.8069839478, 80.3062133789, 80.8054428101, 81.2930603027, 81.7806777954, 82.2682952881, 82.7559204102, 83.2551422119, 83.7543716431, 84.2419967651, 84.7296142578, 85.2172317505, 85.7048492432, 86.2040786743, 86.7033081055, 87.1909255981, 87.6785507202, 88.1661682129, 88.6537857056, 89.1414031982, 89.6406326294, 90.1398620605, 90.6274795532, 91.1150970459, 91.602722168, 92.0903396606, 92.5895690918, 93.0887985229, 93.5764160156, 94.0640335083, 94.551651001, 95.039276123, 95.5268936157, 96.0261230469, 96.525352478, 97.0129699707, 97.5005874634, 97.9882049561, 98.4874343872, 98.9866638184, 99.474281311, 99.9619064331, 100.449523926, 100.937141418, 101.43637085, 101.935600281, 102.423217773, 102.910835266, 103.398452759, 103.886077881, 104.373695374, 104.861312866, 105.360542297, 105.859771729, 106.347389221, 106.835006714, 107.322631836, 107.821853638, 108.30947876, 108.808708191, 109.296325684, 109.783943176, 110.271560669, 110.7707901, 111.258407593, 111.653152466, 112.047889709, 112.442626953, 112.837364197, 113.31337738, 113.789382935, 114.265396118, 114.741401672, 115.217414856, 115.69342041, 116.181037903, 116.668663025, 117.156280518, 117.655509949, 118.143127441, 118.630744934, 119.129974365, 119.629203796, 120.116821289, 120.604438782, 121.092063904, 121.579681396, 122.067298889, 122.554916382, 123.042533875, 123.530158997, 124.029388428, 124.51700592, 125.016235352, 125.503852844, 125.991470337, 126.490699768, 126.989929199, 127.477546692, 127.965164185, 128.452789307, 128.952011108, 129.451248169, 129.938858032, 130.426483154, 130.914108276, 131.40171814, 131.889343262, 132.388565063, 132.887802124, 133.375411987, 133.863037109, 134.362258911, 134.861495972, 135.349105835, 135.836730957, 136.324356079, 136.823577881, 137.322814941, 137.810424805, 138.298049927, 138.78565979, 139.273284912, 139.760910034, 140.248519897, 140.73614502, 141.223754883, 141.711380005, 142.210617065, 142.709838867, 143.197463989, 143.685073853, 144.172698975, 144.660308838, 145.14793396, 145.647155762, 146.146392822, 146.634017944, 147.121627808, 147.60925293, 148.108474731, 148.607711792, 149.095321655, 149.582946777, 150.070556641, 150.558181763, 151.045806885, 151.533416748, 152.032653809, 152.53187561, 153.019500732, 153.507110596, 153.994735718, 154.48236084, 154.981582642, 155.480819702, 155.968429565, 156.456054688, 156.943664551, 157.431289673, 157.918914795, 158.406524658, 158.89414978, 159.381759644, 159.880996704, 160.380218506, 160.867843628, 161.35546875, 161.843078613, 162.342315674, 162.829925537, 163.329162598, 163.816772461, 164.304397583, 164.792022705, 165.279632568, 165.76725769, 166.266479492, 166.765716553, 167.253326416, 167.740951538, 168.228561401, 168.727798462, 169.215423584, 169.714645386, 170.202270508, 170.689880371, 171.177505493, 171.665115356, 172.152740479, 172.65196228, 173.151199341, 173.638824463, 174.126434326, 174.614059448, 175.101669312, 175.600906372, 176.100128174, 176.587753296, 177.075378418, 177.562988281, 178.050613403, 178.549835205, 179.049072266, 179.536682129, 180.024307251, 180.511917114, 180.999542236, 181.498779297, 181.998001099, 182.485626221, 182.973236084, 183.460861206, 183.948471069, 184.436096191, 184.935317993, 185.434555054, 185.922180176, 186.409790039, 186.897415161, 187.385025024, 187.884262085, 188.383483887, 188.905944824, 189.428390503]
