
metadata:
    version:
        essentia: "2.1-beta2"
    audio_properties:
        analysis_sample_rate: 44100
        bitrate: 218
        channels: 2
        equal_loudness: 1
        length: 234.762451172
        replay_gain: -13.9203681946
        downmix: "mix"
    tags:
        album: "Rosenrot"
        artist: "Rammstein"
        comment: "Back to rule you all"
        date: "2005"
        genre: "Industrial"
        title: "Rosenrot"
        tracknumber: "3"

configuration:
    average_loudness:
        compute: 1
        frameSize: 88200
        hopSize: 44100
        silentFrames: "noise"
        windowType: "hann"
    general:
        analysisSampleRate: 44100
        endTime: 2000
        equalLoudness: 1
        nequalLoudness: 0
        shortSound: 0
        startTime: 0
    lowlevel:
        compute: 1
        frameSize: 2048
        hopSize: 1024
        zeroPadding: 0
        silentFrames: "noise"
        windowType: "blackmanharris62"
        mfccStats: ["mean", "cov", "icov"]
        stats: ["mean", "var", "median", "min", "max", "dmean", "dmean2", "dvar", "dvar2"]
    panning:
        compute: 0
        frameSize: 8192
        hopSize: 2048
        zeroPadding: 8192
        silentFrames: "noise"
        windowType: "hann"
        stats: ["copy"]
    rhythm:
        compute: 1
        maxTempo: 208
        minTempo: 40
        method: "degara"
        stats: ["mean", "var", "median", "min", "max", "dmean", "dmean2", "dvar", "dvar2"]
    segmentation:
        compute: 0
        cpw: 5
        inc1: 300
        inc2: 50
        minimumSegmentsLength: 10
        size1: 1000
        size2: 600
    sfx:
        compute: 1
        stats: ["mean", "var", "median", "min", "max", "dmean", "dmean2", "dvar", "dvar2"]
    svm:
        compute: 0
    tonal:
        compute: 1
        frameSize: 4096
        hopSize: 2048
        zeroPadding: 0
        silentFrames: "noise"
        windowType: "blackmanharris62"
        stats: ["mean", "var", "median", "min", "max", "dmean", "dmean2", "dvar", "dvar2"]

lowlevel:
    average_loudness: 0.909849226475
    barkbands_kurtosis:
        dmean: 0.976932585239
        dmean2: 1.48239052296
        dvar: 4.39791250229
        dvar2: 9.23871803284
        max: 57.5542869568
        mean: 0.338515132666
        median: -1.14516723156
        min: -1.95596957207
        var: 15.8468294144
    barkbands_skewness:
        dmean: 0.372230350971
        dmean2: 0.571467876434
        dvar: 0.162158161402
        dvar2: 0.349505275488
        max: 6.67728376389
        mean: 0.64340275526
        median: 0.430140256882
        min: -3.81019663811
        var: 1.10747849941
    barkbands_spread:
        dmean: 5.3153386116
        dmean2: 8.22166442871
        dvar: 36.2470664978
        dvar2: 80.5559768677
        max: 76.0765838623
        mean: 35.2384147644
        median: 36.7460212708
        min: 2.27736091614
        var: 192.012207031
    dissonance:
        dmean: 0.0114943413064
        dmean2: 0.0190622806549
        dvar: 0.000156958340085
        dvar2: 0.000417938630562
        max: 0.500000059605
        mean: 0.476597160101
        median: 0.482436597347
        min: 0.344895541668
        var: 0.000409970089095
    hfc:
        dmean: 1.71627855301
        dmean2: 2.82179164886
        dvar: 7.54204750061
        dvar2: 20.3670425415
        max: 41.7517700195
        mean: 6.9073138237
        median: 6.51833868027
        min: 1.10872278369e-016
        var: 30.4049301147
    pitch:
        dmean: 748.032836914
        dmean2: 1434.4387207
        dvar: 1719095.125
        dvar2: 4245524
        max: 5640.76220703
        mean: 1352.6739502
        median: 207.890792847
        min: 52.2554588318
        var: 2695125.25
    pitch_instantaneous_confidence:
        dmean: 0.0794264748693
        dmean2: 0.129206746817
        dvar: 0.00526614300907
        dvar2: 0.0129906898364
        max: 0.87118858099
        mean: 0.397328615189
        median: 0.367818951607
        min: 0.12444204092
        var: 0.0192614179105
    pitch_salience:
        dmean: 0.0561283715069
        dmean2: 0.0916403457522
        dvar: 0.00244050798938
        dvar2: 0.0062091643922
        max: 0.94187772274
        mean: 0.631345033646
        median: 0.644254505634
        min: 0.144949406385
        var: 0.00896553043276
    silence_rate_20dB:
        dmean: 0
        dmean2: 0
        dvar: 0
        dvar2: 0
        max: 1
        mean: 1
        median: 1
        min: 1
        var: 0
    silence_rate_30dB:
        dmean: 0
        dmean2: 0
        dvar: 0
        dvar2: 0
        max: 1
        mean: 1
        median: 1
        min: 1
        var: 0
    silence_rate_60dB:
        dmean: 0.0638908147812
        dmean2: 0.127794265747
        dvar: 0.0598148703575
        dvar2: 0.128096133471
        max: 1
        mean: 0.339596509933
        median: 0
        min: 0
        var: 0.22427380085
    spectral_centroid:
        dmean: 226.895065308
        dmean2: 353.842315674
        dvar: 66624.1171875
        dvar2: 144362.828125
        max: 10716.6708984
        mean: 1307.98718262
        median: 1323.69311523
        min: 131.784469604
        var: 380823.9375
    spectral_complexity:
        dmean: 3.0529127121
        dmean2: 5.01483678818
        dvar: 12.0662813187
        dvar2: 30.7425937653
        max: 48
        mean: 14.4798259735
        median: 14
        min: 0
        var: 78.6953735352
    spectral_crest:
        dmean: 1.6872574091
        dmean2: 2.75541853905
        dvar: 2.52617883682
        dvar2: 6.41235733032
        max: 19.1340370178
        mean: 7.10714006424
        median: 6.340675354
        min: 2.29954242706
        var: 8.79991054535
    spectral_decrease:
        dmean: 2.54531479227e-010
        dmean2: 4.1872361134e-010
        dvar: 1.24996722854e-019
        dvar2: 3.41224410387e-019
        max: 3.13669345155e-030
        mean: -1.0894057878e-009
        median: -1.02776209765e-009
        min: -4.8849915224e-009
        var: 3.98501782271e-019
    spectral_energy:
        dmean: 0.00107682193629
        dmean2: 0.00177535891999
        dvar: 2.35418883676e-006
        dvar2: 6.4270261646e-006
        max: 0.0213164128363
        mean: 0.00473820511252
        median: 0.00447168666869
        min: 1.00446108902e-020
        var: 7.93650633568e-006
    spectral_energyband_high:
        dmean: 0.000152052540216
        dmean2: 0.000254965241766
        dvar: 6.29091445603e-008
        dvar2: 1.63350136972e-007
        max: 0.00395191973075
        mean: 0.000378801982151
        median: 0.000309367489535
        min: 7.46711771706e-021
        var: 1.89768329051e-007
    spectral_energyband_low:
        dmean: 0.000465306424303
        dmean2: 0.000764264725149
        dvar: 3.82853187375e-007
        dvar2: 1.06314905679e-006
        max: 0.00742662418634
        mean: 0.00107618235052
        median: 0.000929028377868
        min: 8.38315794438e-023
        var: 5.52882397642e-007
    spectral_energyband_middle_high:
        dmean: 0.0004653124779
        dmean2: 0.000758179521654
        dvar: 4.24228176144e-007
        dvar2: 1.12883719794e-006
        max: 0.0113864690065
        mean: 0.00180317857303
        median: 0.00156899471767
        min: 1.32804867185e-021
        var: 2.17912679545e-006
    spectral_energyband_middle_low:
        dmean: 0.000587193004321
        dmean2: 0.000942960439716
        dvar: 6.56415352296e-007
        dvar2: 1.74099750438e-006
        max: 0.0115100713447
        mean: 0.00171318289358
        median: 0.00141636061016
        min: 2.34852423804e-022
        var: 1.73721298324e-006
    spectral_flatness_db:
        dmean: 0.0142308725044
        dmean2: 0.021918091923
        dvar: 0.000224981777137
        dvar2: 0.00047049895511
        max: 0.384414106607
        mean: 0.164246112108
        median: 0.149788141251
        min: 0.0527870282531
        var: 0.00250600930303
    spectral_flux:
        dmean: 0.00702893082052
        dmean2: 0.0111438203603
        dvar: 5.94548873778e-005
        dvar2: 0.000123543140944
        max: 0.107293084264
        mean: 0.035915568471
        median: 0.0370782800019
        min: 1.00222809218e-010
        var: 0.000292144424748
    spectral_kurtosis:
        dmean: 1.94274878502
        dmean2: 3.27929234505
        dvar: 9.66138744354
        dvar2: 26.5867366791
        max: 56.2668571472
        mean: 4.89234256744
        median: 3.84709501266
        min: -1.17681992054
        var: 18.2746372223
    spectral_rms:
        dmean: 0.000228075165069
        dmean2: 0.000368939188775
        dvar: 7.4944274786e-008
        dvar2: 1.95799103153e-007
        max: 0.00456031784415
        mean: 0.00203292234801
        median: 0.00208868877962
        min: 3.13043449669e-012
        var: 4.89846172513e-007
    spectral_rolloff:
        dmean: 407.459411621
        dmean2: 673.677612305
        dvar: 378060.1875
        dvar2: 807907.375
        max: 18518.5546875
        mean: 2806.44213867
        median: 3229.98046875
        min: 129.19921875
        var: 1624889.5
    spectral_skewness:
        dmean: 0.230258241296
        dmean2: 0.372154057026
        dvar: 0.080218911171
        dvar2: 0.203173995018
        max: 5.20230579376
        mean: 1.44209206104
        median: 1.38871955872
        min: 0.0362415090203
        var: 0.250200748444
    spectral_spread:
        dmean: 399567.65625
        dmean2: 556754.8125
        dvar: 426639392768
        dvar2: 570802503680
        max: 40141716
        mean: 4051689
        median: 3982957.75
        min: 956728.5625
        var: 2.24526440858e+012
    spectral_strongpeak:
        dmean: 0.266142636538
        dmean2: 0.469341397285
        dvar: 0.301680773497
        dvar2: 0.814817070961
        max: 5.74901819229
        mean: 0.368343472481
        median: 0.161718040705
        min: 0
        var: 0.323127567768
    zerocrossingrate:
        dmean: 0.00782505609095
        dmean2: 0.00946801993996
        dvar: 8.03315779194e-005
        dvar2: 9.61271725828e-005
        max: 0.48388671875
        mean: 0.0768377110362
        median: 0.08056640625
        min: 0.00439453125
        var: 0.00105185352731
    barkbands:
        dmean: [5.28708653746e-007, 0.000135815294925, 0.000318572303513, 0.000185300421435, 0.000250775483437, 0.000168234910234, 0.000172631218447, 9.80910626822e-005, 7.80972259236e-005, 6.85558770783e-005, 3.56829477823e-005, 5.60670086998e-005, 6.03815278737e-005, 4.99210982525e-005, 5.33541169716e-005, 8.42378649395e-005, 0.000116100454761, 9.59661556408e-005, 0.000171793843037, 0.000157741509611, 6.12511212239e-005, 1.68099668372e-005, 2.17337355934e-006, 1.99793726097e-006, 9.94560878098e-007, 2.07350545622e-008, 2.77512290925e-010]
        dmean2: [8.69841812801e-007, 0.000227725540753, 0.000525082927197, 0.000304504472297, 0.0004117214703, 0.000269844429567, 0.000277885788819, 0.000155483387061, 0.00012587706442, 0.000110432098154, 5.77113751206e-005, 9.06049681362e-005, 9.674597095e-005, 8.07279793662e-005, 9.03956170077e-005, 0.000139438299811, 0.000192999112187, 0.000161311530974, 0.000281203363556, 0.000262684508925, 0.000101876590634, 2.67056584562e-005, 3.43520150636e-006, 2.86340241473e-006, 1.4262084278e-006, 3.18084687478e-008, 4.83497408776e-010]
        dvar: [5.69794591284e-013, 4.6025441236e-008, 1.90778777664e-007, 5.46882645835e-008, 2.03353380357e-007, 7.82688474033e-008, 1.26492125219e-007, 3.95375785445e-008, 2.64472017619e-008, 3.76558766391e-008, 6.20812601326e-009, 1.69244245285e-008, 2.28582290873e-008, 1.37530680178e-008, 2.04632648604e-008, 1.64768305666e-008, 3.20688258171e-008, 2.28224266152e-008, 7.38993435334e-008, 5.20854754882e-008, 1.48999363958e-008, 1.62799063119e-009, 2.38033967537e-011, 4.54123266769e-011, 1.05655128743e-011, 2.00504366494e-015, 2.32445170904e-019]
        dvar2: [1.4376444913e-012, 1.31019888272e-007, 5.24189033513e-007, 1.44647927414e-007, 5.29056649157e-007, 1.99139847723e-007, 3.43360881061e-007, 9.74460050429e-008, 6.73575115684e-008, 1.00420066929e-007, 1.52439429968e-008, 4.33842473058e-008, 5.54108545714e-008, 3.48079964851e-008, 5.99419820446e-008, 4.38899903088e-008, 8.3590677491e-008, 6.22112139581e-008, 1.94596495362e-007, 1.40188049613e-007, 3.81939599947e-008, 3.35314553901e-009, 5.14545663022e-011, 8.7983967334e-011, 2.15067286896e-011, 4.25290033564e-015, 6.38255145585e-019]
        max: [1.15584307423e-005, 0.00228940439411, 0.00622726185247, 0.00290962681174, 0.00545470742509, 0.00515941157937, 0.00862667057663, 0.00487256981432, 0.0039960090071, 0.00418066419661, 0.00262562511489, 0.00227354466915, 0.00303051853552, 0.00437555462122, 0.00358965154737, 0.00255631422624, 0.00329859065823, 0.00246179709211, 0.00501312501729, 0.00400441978127, 0.00210603605956, 0.00119688222185, 9.69414613792e-005, 0.000239884349867, 9.36279902817e-005, 1.50358437168e-006, 1.39170799329e-008]
        mean: [7.86125326613e-007, 0.000230844234466, 0.000658190867398, 0.000294073339319, 0.000447425292805, 0.000311567797326, 0.000281431595795, 0.000175438050064, 0.000141887794598, 0.000121954035421, 6.25391257927e-005, 0.000101459459984, 9.96659655357e-005, 9.34552590479e-005, 0.000101840603747, 0.000175842025783, 0.000260811968474, 0.000206219978281, 0.000401422847062, 0.000400441349484, 0.000127468752908, 3.26006120304e-005, 4.54134033134e-006, 4.1878652155e-006, 2.05097944672e-006, 5.00307386631e-008, 4.45367326352e-010]
        median: [4.48596438218e-007, 0.000177615525899, 0.000550617231056, 0.000223107635975, 0.00030206568772, 0.000188313264516, 0.000103783153463, 5.4902244301e-005, 6.80486264173e-005, 3.74119881599e-005, 3.20010331052e-005, 2.85533569695e-005, 2.32092861552e-005, 4.0566228563e-005, 4.48428108939e-005, 0.000124538317323, 0.000200740178116, 0.000166566853295, 0.000313101685606, 0.000341615959769, 8.63942696014e-005, 1.26399527289e-005, 1.83594261216e-006, 1.13620137654e-006, 5.91122329752e-007, 1.54175978651e-008, 2.15816059468e-010]
        min: [3.52408715714e-023, 5.17932307121e-023, 1.26994449394e-023, 2.42647658546e-024, 1.08783792612e-022, 2.35513508175e-023, 1.32015288732e-023, 3.39785142627e-023, 4.40607877202e-023, 1.0822235084e-022, 7.01865009049e-023, 1.58669892133e-022, 7.47076520793e-023, 3.93639162014e-023, 5.12133169726e-023, 1.21356746072e-022, 1.10935451752e-022, 1.70278655618e-022, 2.71014110622e-022, 2.70362170726e-022, 5.49752393818e-022, 7.11847684084e-022, 4.71432617073e-022, 8.61116121275e-022, 1.16787249715e-021, 1.48112201869e-021, 2.37487188935e-021]
        var: [9.08991252494e-013, 5.03443189359e-008, 2.99232226553e-007, 7.26235356296e-008, 2.77857367337e-007, 1.53996353447e-007, 2.59181177853e-007, 9.54382102236e-008, 5.65215607651e-008, 8.87195881205e-008, 1.19464722559e-008, 4.0274777291e-008, 4.91653899815e-008, 4.00648332288e-008, 4.54581758902e-008, 4.44284040668e-008, 8.91328255648e-008, 4.78122359482e-008, 1.96278904241e-007, 1.71170270846e-007, 3.35542225116e-008, 4.73027705894e-009, 7.07713748715e-011, 1.27684737783e-010, 2.6979325024e-011, 7.43141306955e-015, 4.23672862462e-019]
    frequency_bands:
        dmean: [5.28708653746e-007, 0.000135815294925, 0.000318572303513, 0.000185300421435, 0.000250775483437, 0.000168234910234, 0.000172631218447, 9.80910626822e-005, 7.80972259236e-005, 6.85558770783e-005, 3.56829477823e-005, 5.60670086998e-005, 6.03815278737e-005, 4.99210982525e-005, 5.33541169716e-005, 8.42378649395e-005, 0.000116100454761, 9.59661556408e-005, 0.000171793843037, 0.000157741509611, 6.12511212239e-005, 1.68099668372e-005, 2.17337355934e-006, 1.99793726097e-006, 9.94560878098e-007, 2.07350545622e-008, 2.77512290925e-010, 5.21717287427e-011]
        dmean2: [8.69841812801e-007, 0.000227725540753, 0.000525082927197, 0.000304504472297, 0.0004117214703, 0.000269844429567, 0.000277885788819, 0.000155483387061, 0.00012587706442, 0.000110432098154, 5.77113751206e-005, 9.06049681362e-005, 9.674597095e-005, 8.07279793662e-005, 9.03956170077e-005, 0.000139438299811, 0.000192999112187, 0.000161311530974, 0.000281203363556, 0.000262684508925, 0.000101876590634, 2.67056584562e-005, 3.43520150636e-006, 2.86340241473e-006, 1.4262084278e-006, 3.18084687478e-008, 4.83497408776e-010, 9.68810864865e-011]
        dvar: [5.69794591284e-013, 4.6025441236e-008, 1.90778777664e-007, 5.46882645835e-008, 2.03353380357e-007, 7.82688474033e-008, 1.26492125219e-007, 3.95375785445e-008, 2.64472017619e-008, 3.76558766391e-008, 6.20812601326e-009, 1.69244245285e-008, 2.28582290873e-008, 1.37530680178e-008, 2.04632648604e-008, 1.64768305666e-008, 3.20688258171e-008, 2.28224266152e-008, 7.38993435334e-008, 5.20854754882e-008, 1.48999363958e-008, 1.62799063119e-009, 2.38033967537e-011, 4.54123266769e-011, 1.05655128743e-011, 2.00504366494e-015, 2.32445170904e-019, 7.07132956541e-021]
        dvar2: [1.4376444913e-012, 1.31019888272e-007, 5.24189033513e-007, 1.44647927414e-007, 5.29056649157e-007, 1.99139847723e-007, 3.43360881061e-007, 9.74460050429e-008, 6.73575115684e-008, 1.00420066929e-007, 1.52439429968e-008, 4.33842473058e-008, 5.54108545714e-008, 3.48079964851e-008, 5.99419820446e-008, 4.38899903088e-008, 8.3590677491e-008, 6.22112139581e-008, 1.94596495362e-007, 1.40188049613e-007, 3.81939599947e-008, 3.35314553901e-009, 5.14545663022e-011, 8.7983967334e-011, 2.15067286896e-011, 4.25290033564e-015, 6.38255145585e-019, 2.2661105635e-020]
        max: [1.15584307423e-005, 0.00228940439411, 0.00622726185247, 0.00290962681174, 0.00545470742509, 0.00515941157937, 0.00862667057663, 0.00487256981432, 0.0039960090071, 0.00418066419661, 0.00262562511489, 0.00227354466915, 0.00303051853552, 0.00437555462122, 0.00358965154737, 0.00255631422624, 0.00329859065823, 0.00246179709211, 0.00501312501729, 0.00400441978127, 0.00210603605956, 0.00119688222185, 9.69414613792e-005, 0.000239884349867, 9.36279902817e-005, 1.50358437168e-006, 1.39170799329e-008, 1.49363454938e-009]
        mean: [7.86125326613e-007, 0.000230844234466, 0.000658190867398, 0.000294073339319, 0.000447425292805, 0.000311567797326, 0.000281431595795, 0.000175438050064, 0.000141887794598, 0.000121954035421, 6.25391257927e-005, 0.000101459459984, 9.96659655357e-005, 9.34552590479e-005, 0.000101840603747, 0.000175842025783, 0.000260811968474, 0.000206219978281, 0.000401422847062, 0.000400441349484, 0.000127468752908, 3.26006120304e-005, 4.54134033134e-006, 4.1878652155e-006, 2.05097944672e-006, 5.00307386631e-008, 4.45367326352e-010, 4.03548548744e-011]
        median: [4.48596438218e-007, 0.000177615525899, 0.000550617231056, 0.000223107635975, 0.00030206568772, 0.000188313264516, 0.000103783153463, 5.4902244301e-005, 6.80486264173e-005, 3.74119881599e-005, 3.20010331052e-005, 2.85533569695e-005, 2.32092861552e-005, 4.0566228563e-005, 4.48428108939e-005, 0.000124538317323, 0.000200740178116, 0.000166566853295, 0.000313101685606, 0.000341615959769, 8.63942696014e-005, 1.26399527289e-005, 1.83594261216e-006, 1.13620137654e-006, 5.91122329752e-007, 1.54175978651e-008, 2.15816059468e-010, 1.25752862984e-011]
        min: [3.52408715714e-023, 5.17932307121e-023, 1.26994449394e-023, 2.42647658546e-024, 1.08783792612e-022, 2.35513508175e-023, 1.32015288732e-023, 3.39785142627e-023, 4.40607877202e-023, 1.0822235084e-022, 7.01865009049e-023, 1.58669892133e-022, 7.47076520793e-023, 3.93639162014e-023, 5.12133169726e-023, 1.21356746072e-022, 1.10935451752e-022, 1.70278655618e-022, 2.71014110622e-022, 2.70362170726e-022, 5.49752393818e-022, 7.11847684084e-022, 4.71432617073e-022, 8.61116121275e-022, 1.16787249715e-021, 1.48112201869e-021, 2.37487188935e-021, 6.54547806667e-022]
        var: [9.08991252494e-013, 5.03443189359e-008, 2.99232226553e-007, 7.26235356296e-008, 2.77857367337e-007, 1.53996353447e-007, 2.59181177853e-007, 9.54382102236e-008, 5.65215607651e-008, 8.87195881205e-008, 1.19464722559e-008, 4.0274777291e-008, 4.91653899815e-008, 4.00648332288e-008, 4.54581758902e-008, 4.44284040668e-008, 8.91328255648e-008, 4.78122359482e-008, 1.96278904241e-007, 1.71170270846e-007, 3.35542225116e-008, 4.73027705894e-009, 7.07713748715e-011, 1.27684737783e-010, 2.6979325024e-011, 7.43141306955e-015, 4.23672862462e-019, 5.45445278908e-021]
    mfcc:
        mean: [-730.192749023, 128.028335571, -39.0210533142, 62.7810325623, -1.5194633007, -8.76510238647, 8.01031684875, -5.11060190201, 2.18826961517, -0.606684863567, -3.25384283066, -2.45194888115, -0.023568244651]
        cov: [[7151.89160156, -746.277587891, -485.334350586, 709.700744629, -335.275421143, 250.456604004, -57.7338066101, -272.033752441, -30.0966053009, -139.665161133, -11.2856492996, 149.55015564, 17.8816280365], [-746.277587891, 1511.55737305, -201.063919067, 62.186416626, 172.554107666, -204.042358398, 124.077415466, 116.520988464, -92.1265487671, 30.8767738342, 16.3933982849, -70.4275817871, 46.436580658], [-485.334350586, -201.063919067, 455.467956543, -95.7893676758, -4.72427654266, 59.6746673584, 3.72814106941, 29.3876934052, 69.6835250854, -10.0598325729, -30.3863391876, 0.324909240007, -58.071723938], [709.700744629, 62.186416626, -95.7893676758, 337.284301758, 59.359210968, 29.10297966, -5.88676404953, -46.1194725037, -4.52071905136, -1.74311995506, -31.8090934753, -38.2098350525, 9.76249217987], [-335.275421143, 172.554107666, -4.72427654266, 59.359210968, 240.480194092, -16.1087779999, 5.04526567459, -6.49053573608, -33.6436538696, 20.3066864014, -22.7625350952, -40.9526824951, -12.2235689163], [250.456604004, -204.042358398, 59.6746673584, 29.10297966, -16.1087779999, 220.419342041, 26.5505237579, -39.242099762, 28.6514377594, -18.1638259888, -0.389734983444, 17.0482788086, -27.4074420929], [-57.7338066101, 124.077415466, 3.72814106941, -5.88676404953, 5.04526567459, 26.5505237579, 116.499038696, 35.2809257507, 9.5055398941, -0.424131631851, -11.5986890793, -0.136726602912, -7.08686161041], [-272.033752441, 116.520988464, 29.3876934052, -46.1194725037, -6.49053573608, -39.242099762, 35.2809257507, 114.64755249, 24.0208034515, -6.95616722107, 6.47891664505, -5.26740217209, 1.21588993073], [-30.0966053009, -92.1265487671, 69.6835250854, -4.52071905136, -33.6436538696, 28.6514377594, 9.5055398941, 24.0208034515, 100.246482849, 4.99707126617, -19.8321838379, 11.3032674789, -27.5703125], [-139.665161133, 30.8767738342, -10.0598325729, -1.74311995506, 20.3066864014, -18.1638259888, -0.424131631851, -6.95616722107, 4.99707126617, 79.3180007935, 30.6212673187, -10.697016716, 9.09884166718], [-11.2856492996, 16.3933982849, -30.3863391876, -31.8090934753, -22.7625350952, -0.389734983444, -11.5986890793, 6.47891664505, -19.8321838379, 30.6212673187, 98.8504943848, 23.1858844757, 11.5803842545], [149.55015564, -70.4275817871, 0.324909240007, -38.2098350525, -40.9526824951, 17.0482788086, -0.136726602912, -5.26740217209, 11.3032674789, -10.697016716, 23.1858844757, 89.0397338867, 6.44480037689], [17.8816280365, 46.436580658, -58.071723938, 9.76249217987, -12.2235689163, -27.4074420929, -7.08686161041, 1.21588993073, -27.5703125, 9.09884166718, 11.5803842545, 6.44480037689, 66.3390808105]]
        icov: [[0.000268634641543, 0.00010319633293, 0.000203522038646, -0.00062269018963, 0.000410380365793, -4.49412473245e-005, -8.87561327545e-005, 0.000210586382309, 0.000224497402087, 0.000247814459726, -1.4093126083e-005, -0.000442717981059, 0.00027363630943], [0.00010319633293, 0.00113283679821, 0.000336361612426, -0.000435310474131, -0.000428200582974, 0.000827305717394, -0.00126500613987, -0.000600169354584, 0.00058053858811, 0.000159290764714, -0.000388801883673, 0.000192541614524, -5.49405885977e-005], [0.000203522038646, 0.000336361612426, 0.00317474966869, 0.000384780578315, -2.80593267235e-005, -0.000667010899633, 0.000286074238829, -0.000725415709894, -0.000853038683999, -2.86918093479e-005, 0.00079400400864, -7.58516252972e-005, 0.00171346706338], [-0.00062269018963, -0.000435310474131, 0.000384780578315, 0.00536536844447, -0.00177140173037, -0.000640838639811, 0.000417736329837, 0.00110835477244, -0.0019977723714, 0.000106462117401, 0.000567623355892, 0.00262171821669, -0.00174568127841], [0.000410380365793, -0.000428200582974, -2.80593267235e-005, -0.00177140173037, 0.00639721285552, -0.000548520765733, 0.000631223025266, -0.0003328230232, 0.00335725164041, -0.00237898225896, 0.00224891817197, -0.000260058004642, 0.00280513637699], [-4.49412473245e-005, 0.000827305717394, -0.000667010899633, -0.000640838639811, -0.000548520765733, 0.0070866313763, -0.00351563422009, 0.00316095259041, -0.00195642304607, 0.00260846922174, -0.00259463931434, 0.000223900569836, 0.000596965430304], [-8.87561327545e-005, -0.00126500613987, 0.000286074238829, 0.000417736329837, 0.000631223025266, -0.00351563422009, 0.0123775042593, -0.00450669182464, 0.0011877635261, -0.00273747602478, 0.00355066661723, -0.00147456326522, 0.00155960791744], [0.000210586382309, -0.000600169354584, -0.000725415709894, 0.00110835477244, -0.0003328230232, 0.00316095259041, -0.00450669182464, 0.0149882985279, -0.0063591147773, 0.00548159703612, -0.00458182021976, 0.00263268104754, -0.00279693631455], [0.000224497402087, 0.00058053858811, -0.000853038683999, -0.0019977723714, 0.00335725164041, -0.00195642304607, 0.0011877635261, -0.0063591147773, 0.0182041712105, -0.00685603963211, 0.0063668275252, -0.00452462956309, 0.00696823745966], [0.000247814459726, 0.000159290764714, -2.86918093479e-005, 0.000106462117401, -0.00237898225896, 0.00260846922174, -0.00273747602478, 0.00548159703612, -0.00685603963211, 0.0197389628738, -0.00921177584678, 0.00443752575666, -0.0043524117209], [-1.4093126083e-005, -0.000388801883673, 0.00079400400864, 0.000567623355892, 0.00224891817197, -0.00259463931434, 0.00355066661723, -0.00458182021976, 0.0063668275252, -0.00921177584678, 0.0169426463544, -0.00526046194136, 0.00215616542846], [-0.000442717981059, 0.000192541614524, -7.58516252972e-005, 0.00262171821669, -0.000260058004642, 0.000223900569836, -0.00147456326522, 0.00263268104754, -0.00452462956309, 0.00443752575666, -0.00526046194136, 0.0159921441227, -0.00375324697234], [0.00027363630943, -5.49405885977e-005, 0.00171346706338, -0.00174568127841, 0.00280513637699, 0.000596965430304, 0.00155960791744, -0.00279693631455, 0.00696823745966, -0.0043524117209, 0.00215616542846, -0.00375324697234, 0.021258149296]]
    sccoeffs:
        dmean: [0.0463016778231, 0.0444318018854, 0.0337501987815, 0.0282657369971, 0.0223806798458, 0.0193603523076]
        dmean2: [0.0780122578144, 0.0732371807098, 0.0563970170915, 0.0469424389303, 0.0357227027416, 0.0307617131621]
        dvar: [0.00146192975808, 0.00131509522907, 0.000719523523003, 0.000518346088938, 0.000454780325526, 0.000330986484187]
        dvar2: [0.00404308456928, 0.00356805999763, 0.0019800029695, 0.0013612852199, 0.00101681787055, 0.000795575382654]
        max: [-0.399703383446, -0.496951729059, -0.571738123894, -0.606723070145, -0.581799566746, -0.595017671585]
        mean: [-0.658388614655, -0.742980182171, -0.797236263752, -0.798065364361, -0.787107467651, -0.759507834911]
        median: [-0.661056399345, -0.745837748051, -0.804636716843, -0.802410304546, -0.798097729683, -0.762116670609]
        min: [-0.9604845047, -0.962814331055, -0.981097042561, -0.991828620434, -0.983235538006, -0.958782672882]
        var: [0.00356241827831, 0.00429287692532, 0.00263726664707, 0.0025414894335, 0.00245828856714, 0.00159075134434]
    scvalleys:
        dmean: [0.3357180655, 0.326713174582, 0.281844168901, 0.256686329842, 0.240825757384, 0.291591376066]
        dmean2: [0.562206089497, 0.539183497429, 0.465901941061, 0.416688531637, 0.370656490326, 0.405166596174]
        dvar: [0.0998114496469, 0.0968811586499, 0.0747348889709, 0.079000942409, 0.103692725301, 0.162602201104]
        dvar2: [0.235848397017, 0.212751269341, 0.156147047877, 0.160142153502, 0.200556531549, 0.295253276825]
        max: [-4.95285654068, -4.58566427231, -5.47216367722, -5.53104257584, -5.42134046555, -7.53213357925]
        mean: [-6.45508432388, -6.60282039642, -7.14312124252, -7.3906993866, -7.25426721573, -10.3899612427]
        median: [-6.25460577011, -6.48445415497, -6.98890733719, -7.18500900269, -6.70532226563, -9.84460449219]
        min: [-27.0650863647, -27.3401279449, -27.1407222748, -27.204788208, -27.3503456116, -27.1941699982]
        var: [1.40546560287, 0.842158436775, 0.698524534702, 0.852571606636, 1.41057610512, 2.44913458824]

rhythm:
    beats_loudness:
        dmean: 0.00179948203731
        dmean2: 0.00326419854537
        dvar: 2.29316083278e-006
        dvar2: 7.20632488083e-006
        max: 0.0127985198051
        mean: 0.00533060031012
        median: 0.00505691953003
        min: 7.36984340222e-009
        var: 6.14698501522e-006
    bpm: 114.024093628
    bpm_confidence: 0
    first_peak_bpm: 115
    first_peak_spread: 0.347319364548
    first_peak_weight: 0.626398205757
    onset_rate: 2.76023697853
    second_peak_bpm: 157
    second_peak_spread: 0.20000000298
    second_peak_weight: 0.0178970918059
    beats_loudness_band_ratio:
        dmean: [0.128562763333, 0.129892155528, 0.105174362659, 0.0548481866717, 0.0721717178822, 0.083722487092]
        dmean2: [0.22545427084, 0.240740343928, 0.188452035189, 0.0937336757779, 0.123696602881, 0.144040688872]
        dvar: [0.0136994682252, 0.00890798028558, 0.00994819309562, 0.00302991876379, 0.00499330088496, 0.00676816515625]
        dvar2: [0.0364606492221, 0.0311344116926, 0.0303481183946, 0.00916041620076, 0.0136544248089, 0.0194936804473]
        max: [0.883332967758, 0.500166714191, 0.639768064022, 0.419349849224, 0.586555063725, 0.717997431755]
        mean: [0.303472042084, 0.177123874426, 0.145709395409, 0.0887892171741, 0.162931442261, 0.166897490621]
        median: [0.254608094692, 0.159852519631, 0.103631600738, 0.0683146417141, 0.148908913136, 0.156120553613]
        min: [0.00866060424596, 0.00158610322978, 0.00662310840562, 0.00506181735545, 0.00467900466174, 0.00220773462206]
        var: [0.0366817675531, 0.011749858968, 0.0136906439438, 0.00506879109889, 0.00942796003073, 0.0111836465076]
    beats_position: [0.545668900013, 1.10294783115, 1.66022670269, 2.22911548615, 2.7863945961, 3.32045340538, 3.85451245308, 4.38857126236, 4.91102027893, 5.4334692955, 5.9675283432, 6.5015873909, 7.02403593063, 7.5464849472, 8.06893444061, 8.59138298035, 9.11383247375, 9.63628101349, 10.1587295532, 10.6811790466, 11.2152376175, 11.7376871109, 12.2601356506, 12.7941951752, 13.3166437149, 13.8390922546, 14.3731517792, 14.8956003189, 15.4180498123, 15.9521083832, 16.4745578766, 16.99700737, 17.5310649872, 18.0651245117, 18.5875740051, 19.1100215912, 19.6440811157, 20.1665306091, 20.6889801025, 21.2114276886, 21.733877182, 22.2679367065, 22.7903842926, 23.312833786, 23.8468933105, 24.3809528351, 24.9034004211, 25.4258499146, 25.948299408, 26.470746994, 27.0048065186, 27.527256012, 28.0497055054, 28.5721530914, 29.106212616, 29.6286621094, 30.1627197266, 30.68516922, 31.2076187134, 31.7416782379, 32.2757377625, 32.7981834412, 33.3206329346, 33.843082428, 34.3655319214, 34.8995895386, 35.422039032, 35.9444885254, 36.4785499573, 37.000995636, 37.5234451294, 38.0575065613, 38.5915641785, 39.1140136719, 39.6364631653, 40.1589126587, 40.6813583374, 41.2038078308, 41.7262573242, 42.2603149414, 42.7943763733, 43.3168258667, 43.8392753601, 44.3617210388, 44.8841705322, 45.4182319641, 45.9522895813, 46.4747390747, 46.9971885681, 47.5196380615, 48.0536956787, 48.5761451721, 49.1102027893, 49.6326522827, 50.1551017761, 50.6775512695, 51.2000007629, 51.7340583801, 52.2681159973, 52.7905654907, 53.3130149841, 53.8354644775, 54.3579139709, 54.8919715881, 55.4260292053, 55.9484786987, 56.4709281921, 57.0049858093, 57.5390472412, 58.0614967346, 58.583946228, 59.1063919067, 59.6288414001, 60.162902832, 60.6853485107, 61.2077980042, 61.741859436, 62.2643089294, 62.7867546082, 63.32081604, 63.8432655334, 64.3657150269, 64.899772644, 65.4222183228, 65.9446716309, 66.478729248, 67.0011749268, 67.5236282349, 68.0576858521, 68.5801315308, 69.1025848389, 69.6366424561, 70.1590881348, 70.6815414429, 71.2155990601, 71.7496566772, 72.2721099854, 72.7945556641, 73.3170089722, 73.8394546509, 74.3735122681, 74.8959655762, 75.4184112549, 75.9524688721, 76.4749221802, 76.9973678589, 77.5314254761, 78.0538787842, 78.5763244629, 79.1103820801, 79.6328353882, 80.1552810669, 80.6893386841, 81.2117919922, 81.7342376709, 82.2682952881, 82.7907485962, 83.3131942749, 83.8472518921, 84.3697052002, 84.8921508789, 85.4262084961, 85.9486618042, 86.4711074829, 87.0051651001, 87.5276184082, 88.0500640869, 88.5841217041, 89.1181869507, 89.6406326294, 90.1630859375, 90.6855316162, 91.2079772949, 91.7188186646, 92.2528762817, 92.7869338989, 93.309387207, 93.8434448242, 94.3658905029, 94.888343811, 95.4224014282, 95.9448471069, 96.4789123535, 97.0013580322, 97.5238113403, 98.046257019, 98.5687026978, 99.1027679443, 99.6368255615, 100.15927124, 100.681724548, 101.204170227, 101.726615906, 102.260681152, 102.79473877, 103.317184448, 103.839637756, 104.373695374, 104.896141052, 105.41859436, 105.952651978, 106.475097656, 106.997550964, 107.531608582, 108.065666199, 108.588119507, 109.110565186, 109.633010864, 110.155464172, 110.68952179, 111.211967468, 111.734420776, 112.256866455, 112.779319763, 113.31337738, 113.847434998, 114.381492615, 114.903945923, 115.426391602, 115.94884491, 116.471290588, 117.005348206, 117.527801514, 118.050247192, 118.572692871, 119.106758118, 119.629203796, 120.151649475, 120.674102783, 121.2081604, 121.742218018, 122.264671326, 122.787117004, 123.309570313, 123.832015991, 124.366073608, 124.900131226, 125.422584534, 125.945030212, 126.47908783, 127.013153076, 127.535598755, 128.058044434, 128.580490112, 129.10295105, 129.637008667, 130.159454346, 130.681900024, 131.215957642, 131.73840332, 132.260864258, 132.794921875, 133.328979492, 133.851425171, 134.37387085, 134.896316528, 135.430389404, 135.964447021, 136.4868927, 137.009338379, 137.531784058, 138.054244995, 138.576690674, 139.110748291, 139.644805908, 140.167251587, 140.689697266, 141.212158203, 141.734603882, 142.268661499, 142.802719116, 143.325164795, 143.847610474, 144.381668091, 144.915740967, 145.449798584, 145.960632324, 146.483078003, 147.005523682, 147.539596558, 148.062042236, 148.596099854, 149.118545532, 149.652603149, 150.175048828, 150.697509766, 151.219955444, 151.742401123, 152.264846802, 152.78729248, 153.321365356, 153.843811035, 154.366256714, 154.888702393, 155.411148071, 155.945205688, 156.479278564, 157.001724243, 157.524169922, 158.058227539, 158.580673218, 159.103118896, 159.637191772, 160.159637451, 160.68208313, 161.216140747, 161.738586426, 162.261047363, 162.783493042, 163.305938721, 163.839996338, 164.374053955, 164.896499634, 165.418960571, 165.94140625, 166.475463867, 166.997909546, 167.520355225, 168.054412842, 168.576873779, 169.110931396, 169.633377075, 170.155822754, 170.678268433, 171.21232605, 171.734786987, 172.268844604, 172.791290283, 173.313735962, 173.847793579, 174.370239258, 174.892700195, 175.426757813, 175.96081543, 176.483261108, 177.005706787, 177.539764404, 178.050613403, 178.584671021, 179.107116699, 179.629562378, 180.163619995, 180.686080933, 181.208526611, 181.742584229, 182.265029907, 182.787475586, 183.321533203, 183.843994141, 184.366439819, 184.900497437, 185.422943115, 185.945388794, 186.467849731, 187.001907349, 187.524353027, 188.058410645, 188.580856323, 189.103302002, 189.625762939, 190.148208618, 190.682266235, 191.216323853, 191.738769531, 192.26121521, 192.795272827, 193.317733765, 193.840179443, 194.374237061, 194.896682739, 195.419128418, 195.941589355, 196.464035034, 196.998092651, 197.532150269, 198.054595947, 198.577041626, 199.111114502, 199.633560181, 200.156005859, 200.690063477, 201.212509155, 201.734954834, 202.26902771, 202.791473389, 203.313919067, 203.847976685, 204.370422363, 204.892883301, 205.426940918, 205.949386597, 206.471832275, 207.005889893, 207.528335571, 208.050796509, 208.584854126, 209.107299805, 209.629745483, 210.163803101, 210.686248779, 211.208709717, 211.742767334, 212.276824951, 212.79927063, 213.321716309, 213.844161987, 214.366622925, 214.889068604, 215.423126221, 215.957183838, 216.479629517, 217.002075195, 217.524536133, 218.05859375, 218.581039429, 219.103485107, 219.637542725, 220.159988403, 220.682449341, 221.20489502, 221.738952637, 222.273010254, 222.795455933, 223.31791687, 223.840362549, 224.374420166, 224.896865845, 225.419311523, 225.953369141, 226.475830078, 226.998275757, 227.509109497, 228.031555176, 228.554016113, 228.995193481, 229.43637085, 229.889160156, 230.330337524, 230.713470459, 231.096588135, 231.479721069, 231.862854004, 232.245986938, 232.629104614, 233.00062561, 233.372146606, 233.755279541, 234.138412476]
