
metadata:
    version:
        essentia: "2.1-beta2"
    audio_properties:
        analysis_sample_rate: 44100
        bitrate: 238
        channels: 2
        equal_loudness: 1
        length: 324.728149414
        replay_gain: -14.8565330505
        downmix: "mix"
    tags:
        album: "Rosenrot"
        artist: "Rammstein"
        comment: "Back to rule you all"
        date: "2005"
        genre: "Industrial"
        title: "Spring"
        tracknumber: "4"

configuration:
    average_loudness:
        compute: 1
        frameSize: 88200
        hopSize: 44100
        silentFrames: "noise"
        windowType: "hann"
    general:
        analysisSampleRate: 44100
        endTime: 2000
        equalLoudness: 1
        nequalLoudness: 0
        shortSound: 0
        startTime: 0
    lowlevel:
        compute: 1
        frameSize: 2048
        hopSize: 1024
        zeroPadding: 0
        silentFrames: "noise"
        windowType: "blackmanharris62"
        mfccStats: ["mean", "cov", "icov"]
        stats: ["mean", "var", "median", "min", "max", "dmean", "dmean2", "dvar", "dvar2"]
    panning:
        compute: 0
        frameSize: 8192
        hopSize: 2048
        zeroPadding: 8192
        silentFrames: "noise"
        windowType: "hann"
        stats: ["copy"]
    rhythm:
        compute: 1
        maxTempo: 208
        minTempo: 40
        method: "degara"
        stats: ["mean", "var", "median", "min", "max", "dmean", "dmean2", "dvar", "dvar2"]
    segmentation:
        compute: 0
        cpw: 5
        inc1: 300
        inc2: 50
        minimumSegmentsLength: 10
        size1: 1000
        size2: 600
    sfx:
        compute: 1
        stats: ["mean", "var", "median", "min", "max", "dmean", "dmean2", "dvar", "dvar2"]
    svm:
        compute: 0
    tonal:
        compute: 1
        frameSize: 4096
        hopSize: 2048
        zeroPadding: 0
        silentFrames: "noise"
        windowType: "blackmanharris62"
        stats: ["mean", "var", "median", "min", "max", "dmean", "dmean2", "dvar", "dvar2"]

lowlevel:
    average_loudness: 0.730593979359
    barkbands_kurtosis:
        dmean: 1.83675408363
        dmean2: 2.7756061554
        dvar: 18.5155582428
        dvar2: 40.4863624573
        max: 156.093353271
        mean: 1.56676983833
        median: -1.06508648396
        min: -1.92988395691
        var: 54.0478820801
    barkbands_skewness:
        dmean: 0.519187808037
        dmean2: 0.774399459362
        dvar: 0.31209859252
        dvar2: 0.637568116188
        max: 11.6283063889
        mean: 0.708699643612
        median: 0.383350491524
        min: -3.26691794395
        var: 1.94759249687
    barkbands_spread:
        dmean: 5.34628820419
        dmean2: 8.28027439117
        dvar: 32.8482284546
        dvar2: 71.2896499634
        max: 72.6430587769
        mean: 30.7301921844
        median: 33.1620330811
        min: 0.679744303226
        var: 175.431106567
    dissonance:
        dmean: 0.0141790714115
        dmean2: 0.0236994922161
        dvar: 0.000306625763187
        dvar2: 0.000829289085232
        max: 0.5
        mean: 0.469208627939
        median: 0.480656355619
        min: 0.202024951577
        var: 0.00140031822957
    hfc:
        dmean: 1.86898136139
        dmean2: 3.02630352974
        dvar: 11.7681903839
        dvar2: 31.0121917725
        max: 57.6665687561
        mean: 6.47611379623
        median: 4.66527557373
        min: 1.20329672541e-016
        var: 41.7133178711
    pitch:
        dmean: 668.44342041
        dmean2: 1263.67724609
        dvar: 1332568.125
        dvar2: 3381377.5
        max: 5495.67480469
        mean: 1022.7935791
        median: 277.351623535
        min: 50.1809501648
        var: 1779570.125
    pitch_instantaneous_confidence:
        dmean: 0.0790007635951
        dmean2: 0.12850882113
        dvar: 0.00468270247802
        dvar2: 0.0116933956742
        max: 0.978896558285
        mean: 0.387172281742
        median: 0.350691199303
        min: 0.129330098629
        var: 0.0252612121403
    pitch_salience:
        dmean: 0.0616911426187
        dmean2: 0.0988601148129
        dvar: 0.00315268221311
        dvar2: 0.00756330927834
        max: 0.918344736099
        mean: 0.619757890701
        median: 0.642801046371
        min: 0.0822607278824
        var: 0.0136866644025
    silence_rate_20dB:
        dmean: 0
        dmean2: 0
        dvar: 0
        dvar2: 0
        max: 1
        mean: 1
        median: 1
        min: 1
        var: 0
    silence_rate_30dB:
        dmean: 0
        dmean2: 0
        dvar: 0
        dvar2: 0
        max: 1
        mean: 1
        median: 1
        min: 1
        var: 0
    silence_rate_60dB:
        dmean: 0.0639256313443
        dmean2: 0.127860412002
        dvar: 0.0598407126963
        dvar2: 0.135974004865
        max: 1
        mean: 0.424209922552
        median: 0
        min: 0
        var: 0.244246020913
    spectral_centroid:
        dmean: 260.072296143
        dmean2: 397.702362061
        dvar: 86692.65625
        dvar2: 177007.75
        max: 10871.8066406
        mean: 1350.33850098
        median: 1377.99047852
        min: 169.320251465
        var: 471155.4375
    spectral_complexity:
        dmean: 3.02037906647
        dmean2: 4.91547489166
        dvar: 14.8666267395
        dvar2: 36.0666351318
        max: 51
        mean: 12.9655370712
        median: 11
        min: 0
        var: 115.15071106
    spectral_crest:
        dmean: 2.11709737778
        dmean2: 3.42519426346
        dvar: 3.94838619232
        dvar2: 9.87946033478
        max: 25.9596595764
        mean: 8.28364276886
        median: 7.09333229065
        min: 2.2501347065
        var: 17.6279773712
    spectral_decrease:
        dmean: 2.28060528795e-010
        dmean2: 3.7567013389e-010
        dvar: 1.05481987702e-019
        dvar2: 2.92371200958e-019
        max: 4.96577383333e-029
        mean: -9.35984290074e-010
        median: -8.69028848882e-010
        min: -4.78052575303e-009
        var: 4.70961744106e-019
    spectral_energy:
        dmean: 0.000994408153929
        dmean2: 0.00164162984584
        dvar: 2.20800347961e-006
        dvar2: 6.08333039054e-006
        max: 0.0220647435635
        mean: 0.00412001321092
        median: 0.00377681292593
        min: 1.07268507186e-020
        var: 9.63279399002e-006
    spectral_energyband_high:
        dmean: 0.000139687414048
        dmean2: 0.000228568635066
        dvar: 7.56112541467e-008
        dvar2: 1.94654077745e-007
        max: 0.00531404698268
        mean: 0.000343476538546
        median: 0.000175184162799
        min: 7.91867512877e-021
        var: 2.03873923965e-007
    spectral_energyband_low:
        dmean: 0.000264971458819
        dmean2: 0.000408135732869
        dvar: 1.41424052913e-007
        dvar2: 3.17554764706e-007
        max: 0.00613836944103
        mean: 0.000571898941416
        median: 0.000346913584508
        min: 9.20570889005e-023
        var: 5.22091795574e-007
    spectral_energyband_middle_high:
        dmean: 0.000502095615957
        dmean2: 0.000806632335298
        dvar: 6.59859665575e-007
        dvar2: 1.67771077031e-006
        max: 0.017240613699
        mean: 0.00170502159745
        median: 0.00124141108245
        min: 1.51220056351e-021
        var: 3.03112619804e-006
    spectral_energyband_middle_low:
        dmean: 0.00059617968509
        dmean2: 0.000977628165856
        dvar: 6.85565225922e-007
        dvar2: 1.87651096439e-006
        max: 0.0112119261175
        mean: 0.00166411732789
        median: 0.00138601474464
        min: 2.87067493152e-022
        var: 1.9376925593e-006
    spectral_flatness_db:
        dmean: 0.0173226743937
        dmean2: 0.025301143527
        dvar: 0.000323618354741
        dvar2: 0.000654477218632
        max: 0.456986784935
        mean: 0.174919217825
        median: 0.1547113657
        min: 0.058981128037
        var: 0.00410956377164
    spectral_flux:
        dmean: 0.00618346501142
        dmean2: 0.00976330321282
        dvar: 5.80822015763e-005
        dvar2: 0.000123137710034
        max: 0.111458182335
        mean: 0.0329830087721
        median: 0.0338134542108
        min: 1.03570513277e-010
        var: 0.000333514763042
    spectral_kurtosis:
        dmean: 1.97818803787
        dmean2: 3.25381731987
        dvar: 18.6280345917
        dvar2: 48.5546836853
        max: 154.497787476
        mean: 7.04216051102
        median: 3.79649043083
        min: -1.21217632294
        var: 152.336700439
    spectral_rms:
        dmean: 0.000224166971748
        dmean2: 0.000363062979886
        dvar: 7.13692571708e-008
        dvar2: 1.91214653e-007
        max: 0.00463967444375
        mean: 0.00181214336772
        median: 0.00191955605987
        min: 3.23499929102e-012
        var: 7.3568071457e-007
    spectral_rolloff:
        dmean: 443.19152832
        dmean2: 721.62701416
        dvar: 387302.5625
        dvar2: 754109.875
        max: 18906.1523438
        mean: 2644.91699219
        median: 3014.6484375
        min: 150.732421875
        var: 1767882
    spectral_skewness:
        dmean: 0.225869983435
        dmean2: 0.358268111944
        dvar: 0.0962268635631
        dvar2: 0.23622751236
        max: 10.1488437653
        mean: 1.68700015545
        median: 1.41306114197
        min: -0.00968916900456
        var: 1.20244479179
    spectral_spread:
        dmean: 438108.0625
        dmean2: 601905.875
        dvar: 413026320384
        dvar2: 668040888320
        max: 40936020
        mean: 4398719
        median: 4263697
        min: 644917.8125
        var: 2.64841645261e+012
    spectral_strongpeak:
        dmean: 0.274670124054
        dmean2: 0.478865087032
        dvar: 0.300491839647
        dvar2: 0.792594015598
        max: 9.06277561188
        mean: 0.417837738991
        median: 0.183011710644
        min: 6.12298656222e-010
        var: 0.486559569836
    zerocrossingrate:
        dmean: 0.0087402863428
        dmean2: 0.00978926382959
        dvar: 8.27452531666e-005
        dvar2: 8.34308229969e-005
        max: 0.5
        mean: 0.0800169557333
        median: 0.0849609375
        min: 0.0087890625
        var: 0.00113451713696
    barkbands:
        dmean: [1.5851813373e-007, 4.13030102209e-005, 0.000190928723896, 0.000143380224472, 0.000322019186569, 0.000208394121728, 7.79681286076e-005, 0.000105150167656, 5.81822605454e-005, 5.14175844728e-005, 3.06709844153e-005, 3.05599605781e-005, 3.06559595629e-005, 4.99592606502e-005, 4.84412739752e-005, 0.000114624665002, 0.000164632117958, 0.000133913898026, 0.000137706796522, 0.000141892684042, 7.42195770727e-005, 1.87225869013e-005, 3.09852748615e-006, 1.34026049636e-006, 6.02162288033e-007, 3.16416475243e-008, 6.15678674709e-010]
        dmean2: [2.37209789589e-007, 6.90416927682e-005, 0.000291176402243, 0.000237543921685, 0.000535494124051, 0.000343573221471, 0.000129879350425, 0.000165186123922, 9.48803281062e-005, 8.41824294184e-005, 4.99710586155e-005, 4.98212648381e-005, 5.01437280036e-005, 8.02612339612e-005, 7.64990545576e-005, 0.000186885285075, 0.000266262126388, 0.000222857081098, 0.000233154423768, 0.000237818298046, 0.000122518657008, 3.05990542984e-005, 5.11771986567e-006, 2.00166709874e-006, 8.67403684879e-007, 4.39041976108e-008, 8.84986584015e-010]
        dvar: [1.97867967128e-013, 8.5903728575e-009, 7.79537714379e-008, 3.79349351931e-008, 2.52483772556e-007, 1.72354717165e-007, 2.92077402264e-008, 4.78123709513e-008, 1.59267550259e-008, 1.18785763448e-008, 4.5504022772e-009, 7.46852890643e-009, 6.94989799044e-009, 1.0797036154e-008, 1.09517017677e-008, 4.22003125777e-008, 6.94870578855e-008, 6.75901361546e-008, 8.98488039525e-008, 6.79699923012e-008, 2.11723563126e-008, 2.54341214756e-009, 3.84900548933e-011, 1.25084925057e-011, 3.12286698237e-012, 7.70945248152e-015, 2.67397361985e-018]
        dvar2: [3.98164330282e-013, 2.33304877639e-008, 1.63957196264e-007, 9.89504371773e-008, 7.04223282355e-007, 4.5062373033e-007, 7.58251488264e-008, 1.16432723019e-007, 3.84867355763e-008, 3.17792867577e-008, 1.16517799853e-008, 1.75858598794e-008, 1.67139297957e-008, 2.58057095692e-008, 2.57916692448e-008, 1.01625317939e-007, 1.69595708144e-007, 1.74600728542e-007, 2.46258224479e-007, 1.87421065334e-007, 5.44507194888e-008, 5.52285905897e-009, 9.73144134719e-011, 2.59184305962e-011, 6.98632384583e-012, 1.62637051314e-014, 5.12544144518e-018]
        max: [5.1941624406e-006, 0.00125642446801, 0.00497750239447, 0.00268120598048, 0.00671775313094, 0.00699606537819, 0.00426170602441, 0.00574344815686, 0.00288969883695, 0.002954011783, 0.00367676815949, 0.00341279921122, 0.00240210606717, 0.0024180219043, 0.00267523317598, 0.00554184196517, 0.00775190116838, 0.0103687876835, 0.00605064304546, 0.00477098487318, 0.0031965309754, 0.0015309988521, 0.000110134300485, 0.00011551084026, 7.52706109779e-005, 2.82506630356e-006, 3.82570490842e-008]
        mean: [1.61572131674e-007, 5.37406958756e-005, 0.000390279921703, 0.000223602022743, 0.000614975811914, 0.000332044932293, 0.000115425144031, 0.000217811917537, 0.000110267486889, 8.95590346772e-005, 5.42699490325e-005, 5.16513100592e-005, 5.19128952874e-005, 9.28897570702e-005, 9.97703536996e-005, 0.000237193089561, 0.000358441233402, 0.000257670559222, 0.000251537014265, 0.000305926892906, 0.000165522229508, 3.47660970874e-005, 6.07858328294e-006, 3.09196821036e-006, 1.36555809149e-006, 6.55311822584e-008, 1.02999830887e-009]
        median: [2.10045705273e-008, 2.57742540271e-005, 0.000206173281185, 0.000148806517245, 0.000438770221081, 0.000112180423457, 4.94351043017e-005, 4.42036543973e-005, 3.72552894987e-005, 3.56016171281e-005, 2.46900435741e-005, 1.86659563042e-005, 1.69948434632e-005, 3.79601915483e-005, 3.7671867176e-005, 0.000117409188533, 0.000208467274206, 0.000159840215929, 0.000135037582368, 0.000158150403877, 7.43713317206e-005, 1.28833962663e-005, 2.32990396398e-006, 1.30725720737e-006, 4.98943109051e-007, 1.72528960007e-008, 2.71268119079e-010]
        min: [5.00653792051e-023, 3.35228808256e-023, 1.73139775235e-023, 1.38991659033e-023, 6.37826030181e-024, 7.05523367274e-023, 1.1207542518e-022, 6.14593137778e-023, 2.103653956e-023, 2.14397973662e-023, 7.88294187547e-023, 3.59075063679e-023, 1.51948355458e-022, 9.43510080605e-023, 1.26591513443e-022, 1.31925992833e-022, 1.31005714011e-022, 3.51664725217e-022, 2.83562577839e-022, 2.34798352122e-022, 4.21351915034e-022, 5.38827894593e-022, 6.78322484007e-022, 1.05091812504e-021, 9.71976195789e-022, 1.4389356055e-021, 2.86954952362e-021]
        var: [2.3049344009e-013, 7.99985144795e-009, 3.02473466718e-007, 6.38541237663e-008, 4.55077696415e-007, 3.14973448212e-007, 4.34936993088e-008, 1.63783283824e-007, 5.34358512994e-008, 2.38010109399e-008, 8.14694622875e-009, 1.54561199395e-008, 1.39232056995e-008, 2.9386384881e-008, 3.6929517222e-008, 1.25355313685e-007, 2.22418861995e-007, 1.43018581866e-007, 1.34617437197e-007, 1.55443643735e-007, 5.41183808878e-008, 6.3177747478e-009, 8.97487917317e-011, 3.27811180978e-011, 6.21756205549e-012, 1.61935877441e-014, 5.51457077997e-018]
    frequency_bands:
        dmean: [1.5851813373e-007, 4.13030102209e-005, 0.000190928723896, 0.000143380224472, 0.000322019186569, 0.000208394121728, 7.79681286076e-005, 0.000105150167656, 5.81822605454e-005, 5.14175844728e-005, 3.06709844153e-005, 3.05599605781e-005, 3.06559595629e-005, 4.99592606502e-005, 4.84412739752e-005, 0.000114624665002, 0.000164632117958, 0.000133913898026, 0.000137706796522, 0.000141892684042, 7.42195770727e-005, 1.87225869013e-005, 3.09852748615e-006, 1.34026049636e-006, 6.02162288033e-007, 3.16416475243e-008, 6.15678674709e-010, 4.24732332638e-011]
        dmean2: [2.37209789589e-007, 6.90416927682e-005, 0.000291176402243, 0.000237543921685, 0.000535494124051, 0.000343573221471, 0.000129879350425, 0.000165186123922, 9.48803281062e-005, 8.41824294184e-005, 4.99710586155e-005, 4.98212648381e-005, 5.01437280036e-005, 8.02612339612e-005, 7.64990545576e-005, 0.000186885285075, 0.000266262126388, 0.000222857081098, 0.000233154423768, 0.000237818298046, 0.000122518657008, 3.05990542984e-005, 5.11771986567e-006, 2.00166709874e-006, 8.67403684879e-007, 4.39041976108e-008, 8.84986584015e-010, 7.8775305723e-011]
        dvar: [1.97867967128e-013, 8.5903728575e-009, 7.79537714379e-008, 3.79349351931e-008, 2.52483772556e-007, 1.72354717165e-007, 2.92077402264e-008, 4.78123709513e-008, 1.59267550259e-008, 1.18785763448e-008, 4.5504022772e-009, 7.46852890643e-009, 6.94989799044e-009, 1.0797036154e-008, 1.09517017677e-008, 4.22003125777e-008, 6.94870578855e-008, 6.75901361546e-008, 8.98488039525e-008, 6.79699923012e-008, 2.11723563126e-008, 2.54341214756e-009, 3.84900548933e-011, 1.25084925057e-011, 3.12286698237e-012, 7.70945248152e-015, 2.67397361985e-018, 5.64853205979e-021]
        dvar2: [3.98164330282e-013, 2.33304877639e-008, 1.63957196264e-007, 9.89504371773e-008, 7.04223282355e-007, 4.5062373033e-007, 7.58251488264e-008, 1.16432723019e-007, 3.84867355763e-008, 3.17792867577e-008, 1.16517799853e-008, 1.75858598794e-008, 1.67139297957e-008, 2.58057095692e-008, 2.57916692448e-008, 1.01625317939e-007, 1.69595708144e-007, 1.74600728542e-007, 2.46258224479e-007, 1.87421065334e-007, 5.44507194888e-008, 5.52285905897e-009, 9.73144134719e-011, 2.59184305962e-011, 6.98632384583e-012, 1.62637051314e-014, 5.12544144518e-018, 1.80561830869e-020]
        max: [5.1941624406e-006, 0.00125642446801, 0.00497750239447, 0.00268120598048, 0.00671775313094, 0.00699606537819, 0.00426170602441, 0.00574344815686, 0.00288969883695, 0.002954011783, 0.00367676815949, 0.00341279921122, 0.00240210606717, 0.0024180219043, 0.00267523317598, 0.00554184196517, 0.00775190116838, 0.0103687876835, 0.00605064304546, 0.00477098487318, 0.0031965309754, 0.0015309988521, 0.000110134300485, 0.00011551084026, 7.52706109779e-005, 2.82506630356e-006, 3.82570490842e-008, 1.29203714394e-009]
        mean: [1.61572131674e-007, 5.37406958756e-005, 0.000390279921703, 0.000223602022743, 0.000614975811914, 0.000332044932293, 0.000115425144031, 0.000217811917537, 0.000110267486889, 8.95590346772e-005, 5.42699490325e-005, 5.16513100592e-005, 5.19128952874e-005, 9.28897570702e-005, 9.97703536996e-005, 0.000237193089561, 0.000358441233402, 0.000257670559222, 0.000251537014265, 0.000305926892906, 0.000165522229508, 3.47660970874e-005, 6.07858328294e-006, 3.09196821036e-006, 1.36555809149e-006, 6.55311822584e-008, 1.02999830887e-009, 3.28736655952e-011]
        median: [2.10045705273e-008, 2.57742540271e-005, 0.000206173281185, 0.000148806517245, 0.000438770221081, 0.000112180423457, 4.94351043017e-005, 4.42036543973e-005, 3.72552894987e-005, 3.56016171281e-005, 2.46900435741e-005, 1.86659563042e-005, 1.69948434632e-005, 3.79601915483e-005, 3.7671867176e-005, 0.000117409188533, 0.000208467274206, 0.000159840215929, 0.000135037582368, 0.000158150403877, 7.43713317206e-005, 1.28833962663e-005, 2.32990396398e-006, 1.30725720737e-006, 4.98943109051e-007, 1.72528960007e-008, 2.71268119079e-010, 8.4286241181e-012]
        min: [5.00653792051e-023, 3.35228808256e-023, 1.73139775235e-023, 1.38991659033e-023, 6.37826030181e-024, 7.05523367274e-023, 1.1207542518e-022, 6.14593137778e-023, 2.103653956e-023, 2.14397973662e-023, 7.88294187547e-023, 3.59075063679e-023, 1.51948355458e-022, 9.43510080605e-023, 1.26591513443e-022, 1.31925992833e-022, 1.31005714011e-022, 3.51664725217e-022, 2.83562577839e-022, 2.34798352122e-022, 4.21351915034e-022, 5.38827894593e-022, 6.78322484007e-022, 1.05091812504e-021, 9.71976195789e-022, 1.4389356055e-021, 2.86954952362e-021, 7.28635552915e-022]
        var: [2.3049344009e-013, 7.99985144795e-009, 3.02473466718e-007, 6.38541237663e-008, 4.55077696415e-007, 3.14973448212e-007, 4.34936993088e-008, 1.63783283824e-007, 5.34358512994e-008, 2.38010109399e-008, 8.14694622875e-009, 1.54561199395e-008, 1.39232056995e-008, 2.9386384881e-008, 3.6929517222e-008, 1.25355313685e-007, 2.22418861995e-007, 1.43018581866e-007, 1.34617437197e-007, 1.55443643735e-007, 5.41183808878e-008, 6.3177747478e-009, 8.97487917317e-011, 3.27811180978e-011, 6.21756205549e-012, 1.61935877441e-014, 5.51457077997e-018, 4.27916525186e-021]
    mfcc:
        mean: [-752.559204102, 111.242347717, -34.796875, 56.9406776428, -6.11602640152, -12.4875211716, -5.94594240189, -8.1527223587, -1.25796210766, -9.10967350006, -11.1337985992, -5.73195695877, -9.4425945282]
        cov: [[11596.7998047, -527.42388916, -2190.11376953, 1475.88061523, -74.2928771973, 789.821655273, 334.04309082, 86.6754455566, 582.814819336, 219.706329346, 25.317155838, 298.59576416, 221.600860596], [-527.42388916, 835.967651367, -43.1848907471, -105.741340637, 39.1012649536, -138.363601685, 2.93486332893, -6.09977149963, -26.5948181152, -21.1109981537, -21.2100734711, 8.33964443207, -15.3387231827], [-2190.11376953, -43.1848907471, 951.605102539, -349.825164795, -25.5001831055, -62.7313461304, -67.5439834595, 9.88477897644, -132.374801636, -38.1838264465, 12.7392606735, -67.79296875, -60.2984237671], [1475.88061523, -105.741340637, -349.825164795, 644.210205078, 129.562042236, 135.690582275, 107.874382019, 57.0742454529, 150.370346069, 56.0630836487, -16.806804657, 35.9694404602, 52.3191757202], [-74.2928771973, 39.1012649536, -25.5001831055, 129.562042236, 248.035446167, 43.1787757874, 21.7137336731, 27.5391845703, 25.0208110809, 29.752658844, -9.25325393677, -1.77583968639, 8.46381187439], [789.821655273, -138.363601685, -62.7313461304, 135.690582275, 43.1787757874, 326.428253174, 117.997413635, 31.0454101563, 94.3044281006, 63.1109085083, 54.7106132507, 27.7076377869, 9.44958686829], [334.04309082, 2.93486332893, -67.5439834595, 107.874382019, 21.7137336731, 117.997413635, 173.28515625, 49.4936408997, 49.8074645996, 31.0211715698, 23.1537322998, 19.5142993927, -1.54591012001], [86.6754455566, -6.09977149963, 9.88477897644, 57.0742454529, 27.5391845703, 31.0454101563, 49.4936408997, 110.858573914, 28.1087837219, 3.20473599434, 13.2843980789, 4.72708082199, 7.09272003174], [582.814819336, -26.5948181152, -132.374801636, 150.370346069, 25.0208110809, 94.3044281006, 49.8074645996, 28.1087837219, 150.580825806, 48.7075958252, 6.41592073441, 26.0862159729, 20.9134635925], [219.706329346, -21.1109981537, -38.1838264465, 56.0630836487, 29.752658844, 63.1109085083, 31.0211715698, 3.20473599434, 48.7075958252, 105.151519775, 42.3614425659, 14.3062095642, -0.566812455654], [25.317155838, -21.2100734711, 12.7392606735, -16.806804657, -9.25325393677, 54.7106132507, 23.1537322998, 13.2843980789, 6.41592073441, 42.3614425659, 104.235427856, 22.4497146606, -8.16211509705], [298.59576416, 8.33964443207, -67.79296875, 35.9694404602, -1.77583968639, 27.7076377869, 19.5142993927, 4.72708082199, 26.0862159729, 14.3062095642, 22.4497146606, 72.4192428589, 23.373418808], [221.600860596, -15.3387231827, -60.2984237671, 52.3191757202, 8.46381187439, 9.44958686829, -1.54591012001, 7.09272003174, 20.9134635925, -0.566812455654, -8.16211509705, 23.373418808, 70.6259994507]]
        icov: [[0.000244774011662, 5.22513546457e-005, 0.000422171782702, -0.00028104725061, 0.000353198178345, -0.000465585180791, 0.000215197840589, -0.000142329692608, -3.46072147295e-006, -0.000116216098832, 0.000233047510847, -0.000392995309085, 8.02062459115e-006], [5.22513546457e-005, 0.00143680581823, 0.000254548795056, 0.000341341656167, -0.000439090712462, 0.000726209662389, -0.000595187651925, 5.98131300649e-005, -0.000250529759796, 9.02837855392e-005, 0.00012008624617, -0.000507815915626, 0.000305833906168], [0.000422171782702, 0.000254548795056, 0.00222888984717, 0.000234248786001, 0.00037813684321, -0.000975527858827, 0.000608534843195, -0.000961705110967, 0.000660831108689, -0.000265425100224, 0.000346183776855, 3.1369007047e-005, 0.000487002544105], [-0.00028104725061, 0.000341341656167, 0.000234248786001, 0.00318421586417, -0.00152844190598, 0.000516622443683, -0.00110989809036, -0.000354349205736, -0.00142930913717, -9.28590889089e-005, 0.000471163453767, 0.000476135668578, -0.000758171780035], [0.000353198178345, -0.000439090712462, 0.00037813684321, -0.00152844190598, 0.0055301762186, -0.00141292903572, 0.000956595526077, -0.00127278571017, 0.00086026347708, -0.0017800075002, 0.00140506820753, -0.000141941098263, -0.00013307746849], [-0.000465585180791, 0.000726209662389, -0.000975527858827, 0.000516622443683, -0.00141292903572, 0.00644853105769, -0.00345882051624, 0.00117734039668, -0.00227873283438, -5.550221249e-005, -0.00244565145113, 0.000715894915629, -0.000329672824591], [0.000215197840589, -0.000595187651925, 0.000608534843195, -0.00110989809036, 0.000956595526077, -0.00345882051624, 0.00966983661056, -0.00347990402952, 0.000435106863733, -0.000922080536839, 0.000584330118727, -0.00148899643682, 0.00187061331235], [-0.000142329692608, 5.98131300649e-005, -0.000961705110967, -0.000354349205736, -0.00127278571017, 0.00117734039668, -0.00347990402952, 0.0117586376145, -0.00213941815309, 0.00231404602528, -0.00249355565757, 0.00106644141488, -0.00135007093195], [-3.46072147295e-006, -0.000250529759796, 0.000660831108689, -0.00142930913717, 0.00086026347708, -0.00227873283438, 0.000435106863733, -0.00213941815309, 0.0117878494784, -0.0041693393141, 0.00235348776914, -0.00163770630024, -0.000704406469595], [-0.000116216098832, 9.02837855392e-005, -0.000265425100224, -9.28590889089e-005, -0.0017800075002, -5.550221249e-005, -0.000922080536839, 0.00231404602528, -0.0041693393141, 0.0147171495482, -0.00594767136499, 0.000562207191251, 0.000673897971865], [0.000233047510847, 0.00012008624617, 0.000346183776855, 0.000471163453767, 0.00140506820753, -0.00244565145113, 0.000584330118727, -0.00249355565757, 0.00235348776914, -0.00594767136499, 0.0146823497489, -0.00485024275258, 0.00222077523358], [-0.000392995309085, -0.000507815915626, 3.1369007047e-005, 0.000476135668578, -0.000141941098263, 0.000715894915629, -0.00148899643682, 0.00106644141488, -0.00163770630024, 0.000562207191251, -0.00485024275258, 0.0192044228315, -0.00584830716252], [8.02062459115e-006, 0.000305833906168, 0.000487002544105, -0.000758171780035, -0.00013307746849, -0.000329672824591, 0.00187061331235, -0.00135007093195, -0.000704406469595, 0.000673897971865, 0.00222077523358, -0.00584830716252, 0.0178204905242]]
    sccoeffs:
        dmean: [0.050892021507, 0.0458447597921, 0.034260250628, 0.0292810369283, 0.0211926028132, 0.0172613430768]
        dmean2: [0.0820486620069, 0.0756546035409, 0.056794539094, 0.0484691038728, 0.0346745848656, 0.0270573403686]
        dvar: [0.00173716770951, 0.00133003888186, 0.000714883790351, 0.00054288218962, 0.000352433969965, 0.000272054166999]
        dvar2: [0.00440744310617, 0.00362083804794, 0.0019468262326, 0.00143517367542, 0.000853170000482, 0.000613445066847]
        max: [-0.251209944487, -0.452104747295, -0.556035101414, -0.570843935013, -0.565224587917, -0.568524241447]
        mean: [-0.607113420963, -0.742637515068, -0.795724570751, -0.791357457638, -0.793396651745, -0.760101735592]
        median: [-0.608352124691, -0.748822331429, -0.798978626728, -0.795143783092, -0.798946022987, -0.755533337593]
        min: [-0.966818511486, -0.963814139366, -0.973781883717, -0.955508232117, -0.957867264748, -0.958755731583]
        var: [0.00616751238704, 0.00471159303561, 0.00254989089444, 0.002341193147, 0.00182812614366, 0.0030392606277]
    scvalleys:
        dmean: [0.381917893887, 0.338312000036, 0.28590041399, 0.270629316568, 0.251084595919, 0.238529980183]
        dmean2: [0.623165786266, 0.560720860958, 0.466784477234, 0.426531016827, 0.37898811698, 0.328433871269]
        dvar: [0.112482875586, 0.0910162776709, 0.0669526904821, 0.0793591812253, 0.103064268827, 0.118089020252]
        dvar2: [0.269650131464, 0.223353281617, 0.152334049344, 0.168637961149, 0.205604687333, 0.21239861846]
        max: [-5.07613897324, -4.48887062073, -5.26495742798, -5.56797742844, -5.39978742599, -7.54300642014]
        mean: [-7.31166601181, -6.87528657913, -7.53111410141, -7.79240322113, -7.55438518524, -10.3443260193]
        median: [-6.83626270294, -6.67499923706, -7.18608379364, -7.29093170166, -7.03396511078, -9.88874053955]
        min: [-27.2837429047, -27.1595726013, -27.0866279602, -27.1984272003, -27.2011795044, -27.3031101227]
        var: [2.11837363243, 1.14617204666, 1.4997150898, 2.05880022049, 2.61441326141, 2.43927979469]

rhythm:
    beats_loudness:
        dmean: 0.00152589404024
        dmean2: 0.00255679595284
        dvar: 2.10391067412e-006
        dvar2: 5.96076779402e-006
        max: 0.0139491884038
        mean: 0.00427186721936
        median: 0.00423373654485
        min: 5.49964029872e-009
        var: 7.80933987699e-006
    bpm: 115.654830933
    bpm_confidence: 0
    first_peak_bpm: 115
    first_peak_spread: 0.477406680584
    first_peak_weight: 0.428341388702
    onset_rate: 2.61449480057
    second_peak_bpm: 110
    second_peak_spread: 0.310344845057
    second_peak_weight: 0.0322061181068
    beats_loudness_band_ratio:
        dmean: [0.111852452159, 0.149795621634, 0.0758521258831, 0.0506615079939, 0.120019651949, 0.08675570786]
        dmean2: [0.190520420671, 0.256677776575, 0.131067305803, 0.0883708000183, 0.206459909678, 0.153525486588]
        dvar: [0.0121981892735, 0.0147391902283, 0.00711633916944, 0.00390845676884, 0.0148294055834, 0.00931337103248]
        dvar2: [0.0346337221563, 0.0379375442863, 0.020509807393, 0.0108117284253, 0.0432701967657, 0.0271133426577]
        max: [0.900018572807, 0.969716250896, 0.867686152458, 0.470087438822, 0.873314142227, 0.795053184032]
        mean: [0.186249762774, 0.289413243532, 0.115681491792, 0.0677991732955, 0.238442182541, 0.165732979774]
        median: [0.146297574043, 0.237649261951, 0.086784362793, 0.0485369414091, 0.227809369564, 0.161338448524]
        min: [0.000287332979497, 0.00581206800416, 0.00382053409703, 0.00117680849507, 0.000679506687447, 3.30053626385e-005]
        var: [0.0220049675554, 0.0470240339637, 0.00984234362841, 0.00417761364952, 0.0210723392665, 0.0118634980172]
    beats_position: [0.522448956966, 1.06811785698, 1.60217678547, 2.14784574509, 2.69351458549, 3.23918366432, 3.78485250473, 4.33052158356, 4.86458063126, 5.39863920212, 5.93269824982, 6.45514726639, 6.98920631409, 7.52326536179, 8.06893444061, 8.6146030426, 9.16027164459, 9.69433116913, 10.22838974, 10.7624483109, 11.2965078354, 11.8305664063, 12.3297958374, 12.840634346, 13.3514738083, 13.8158731461, 14.2802715302, 14.7330608368, 15.2555103302, 15.7663488388, 16.2771873474, 16.7996368408, 17.3104763031, 17.8213157654, 18.2973232269, 18.7733325958, 19.3190021515, 19.8646717072, 20.4103393555, 20.9560089111, 21.5016784668, 22.035736084, 22.6394557953, 23.2431735992, 23.8468933105, 24.4622211456, 25.0775508881, 25.7044887543, 26.3314285278, 27.0048065186, 27.6665763855, 28.3283443451, 28.9901123047, 29.6518821716, 30.3136501312, 30.9754180908, 31.6255779266, 32.2757377625, 32.9026756287, 33.5296134949, 34.1565513611, 34.783493042, 35.3988189697, 36.0257606506, 36.6643066406, 37.2796363831, 37.883354187, 38.4986839294, 39.0791816711, 39.6596832275, 40.2285690308, 40.7974586487, 41.3547401428, 41.923625946, 42.4809074402, 43.0497932434, 43.5954627991, 44.1411323547, 44.6635818481, 45.1860313416, 45.708480835, 46.2309303284, 46.7533760071, 47.2758255005, 47.7866668701, 48.297504425, 48.80834198, 49.3191833496, 49.8300209045, 50.3408622742, 50.8516998291, 51.3857574463, 51.8965988159, 52.4190483093, 52.941493988, 53.4639434814, 53.9863929749, 54.5088424683, 55.0196800232, 55.5421295166, 56.0529708862, 56.5638084412, 57.0746459961, 57.5854873657, 58.0963249207, 58.6187744141, 59.129611969, 59.6520614624, 60.162902832, 60.6853485107, 61.2077980042, 61.7302474976, 62.252696991, 62.7751464844, 63.2975959778, 63.8200454712, 64.3308868408, 64.8533325195, 65.3641738892, 65.8866195679, 66.3974609375, 66.9082946777, 67.4075241089, 67.9183654785, 68.4408187866, 68.9632644653, 69.474105835, 69.9965515137, 70.5189971924, 71.029838562, 71.5406799316, 72.0631256104, 72.5855789185, 73.0964126587, 73.6188659668, 74.1413116455, 74.6521530151, 75.1745986938, 75.697052002, 76.2078933716, 76.7187271118, 77.2411804199, 77.7636260986, 78.2744674683, 78.796913147, 79.3193664551, 79.8302001953, 80.3526535034, 80.8634872437, 81.3743286133, 81.8967819214, 82.4076156616, 82.9300689697, 83.4525146484, 83.9633560181, 84.4858016968, 85.0082550049, 85.5190887451, 86.0299301147, 86.5523757935, 87.0748291016, 87.5856704712, 88.0965042114, 88.6189575195, 89.1414031982, 89.6638565063, 90.1863021851, 90.7087478638, 91.2312011719, 91.7420425415, 92.2528762817, 92.7637176514, 93.274559021, 93.7970046997, 94.3194503784, 94.8419036865, 95.3643493652, 95.8751907349, 96.3860321045, 96.9084777832, 97.4309310913, 97.9417648315, 98.4526062012, 98.9634475708, 99.4858932495, 100.008346558, 100.519180298, 101.041633606, 101.564079285, 102.074920654, 102.597366333, 103.108207703, 103.619049072, 104.141494751, 104.66394043, 105.186393738, 105.697235107, 106.219680786, 106.742126465, 107.252967834, 107.763809204, 108.274642944, 108.797096252, 109.319541931, 109.830383301, 110.352828979, 110.875282288, 111.386123657, 111.896957397, 112.419410706, 112.941856384, 113.464309692, 113.975143433, 114.497596741, 115.008430481, 115.519271851, 116.041717529, 116.564170837, 117.075012207, 117.585845947, 118.096687317, 118.619132996, 119.129974365, 119.652427673, 120.163261414, 120.685714722, 121.2081604, 121.730613708, 122.241447449, 122.763900757, 123.274734497, 123.785575867, 124.308021545, 124.830474854, 125.341316223, 125.852149963, 126.362991333, 126.885437012, 127.40789032, 127.91872406, 128.42956543, 128.952011108, 129.474472046, 129.996917725, 130.519363403, 131.030197144, 131.541046143, 132.07510376, 132.597549438, 133.119995117, 133.642440796, 134.164901733, 134.675735474, 135.186569214, 135.697418213, 136.208251953, 136.719085693, 137.241546631, 137.76399231, 138.286437988, 138.797271729, 139.319732666, 139.842178345, 140.364624023, 140.875457764, 141.386306763, 141.897140503, 142.419586182, 142.94203186, 143.452880859, 143.9637146, 144.486160278, 145.008621216, 145.519454956, 146.030288696, 146.552734375, 147.075195313, 147.597640991, 148.108474731, 148.63092041, 149.141769409, 149.652603149, 150.175048828, 150.697509766, 151.208343506, 151.730789185, 152.241622925, 152.764083862, 153.274917603, 153.797363281, 154.31980896, 154.830657959, 155.341491699, 155.863937378, 156.386398315, 156.897232056, 157.408065796, 157.930511475, 158.452972412, 158.975418091, 159.49786377, 160.00869751, 160.519546509, 161.041992188, 161.552825928, 162.075286865, 162.586120605, 163.108566284, 163.631011963, 164.141860962, 164.652694702, 165.175140381, 165.69758606, 166.208435059, 166.719268799, 167.241714478, 167.764175415, 168.275009155, 168.785842896, 169.308303833, 169.830749512, 170.341583252, 170.864028931, 171.386474609, 171.897323608, 172.419769287, 172.942214966, 173.453063965, 173.963897705, 174.486343384, 175.008789063, 175.519638062, 176.04208374, 176.564529419, 177.075378418, 177.586212158, 178.097045898, 178.607894897, 179.130340576, 179.652786255, 180.163619995, 180.686080933, 181.208526611, 181.719360352, 182.230194092, 182.764266968, 183.286712646, 183.809158325, 184.319992065, 184.842453003, 185.364898682, 185.875732422, 186.398178101, 186.920639038, 187.431472778, 187.942306519, 188.464752197, 188.987213135, 189.498046875, 190.008880615, 190.519729614, 191.042175293, 191.564620972, 192.075454712, 192.597915649, 193.120361328, 193.631195068, 194.142044067, 194.652877808, 195.163711548, 195.686157227, 196.197006226, 196.719451904, 197.241897583, 197.752746582, 198.275192261, 198.786026001, 199.30847168, 199.830932617, 200.353378296, 200.875823975, 201.386657715, 201.897506714, 202.419952393, 202.942398071, 203.453231812, 203.964080811, 204.474914551, 204.985748291, 205.508209229, 206.030654907, 206.541488647, 207.063934326, 207.586395264, 208.120452881, 208.64289856, 209.1537323, 209.664581299, 210.175415039, 210.697860718, 211.208709717, 211.731155396, 212.253601074, 212.764434814, 213.275283813, 213.786117554, 214.308563232, 214.831008911, 215.353469849, 215.875915527, 216.386749268, 216.897598267, 217.408432007, 217.919265747, 218.430114746, 218.952560425, 219.475006104, 220.043899536, 220.61277771, 221.181671143, 221.669296265, 222.168518066, 222.64453125, 223.143753052, 223.631378174, 224.119003296, 224.606613159, 225.10585022, 225.605072021, 226.104309082, 226.591918945, 227.079544067, 227.567153931, 228.054779053, 228.542404175, 229.053237915, 229.575683594, 230.098129272, 230.62059021, 231.143035889, 231.665481567, 232.153106689, 232.640716553, 233.128341675, 233.685623169, 234.254501343, 234.811782837, 235.357452393, 235.903121948, 236.425567627, 236.959625244, 237.49369812, 238.016143799, 238.538589478, 239.061035156, 239.583480835, 240.094329834, 240.616775513, 241.139221191, 241.66166687, 242.172515869, 242.694961548, 243.205795288, 243.728256226, 244.250701904, 244.761535645, 245.272369385, 245.794830322, 246.317276001, 246.828109741, 247.33895874, 247.861404419, 248.383850098, 248.894683838, 249.405532837, 249.927978516, 250.450424194, 250.961257935, 251.472106934, 251.994552612, 252.516998291, 253.03944397, 253.550292969, 254.072738647, 254.583572388, 255.106033325, 255.628479004, 256.150939941, 256.673370361, 257.184204102, 257.695037842, 258.2059021, 258.71673584, 259.23916626, 259.761627197, 260.284088135, 260.806518555, 261.317352295, 261.828216553, 262.350646973, 262.87310791, 263.38394165, 263.894775391, 264.405609131, 264.916442871, 265.438903809, 265.949737549, 266.472198486, 266.994628906, 267.505493164, 268.027923584, 268.550384521, 269.072814941, 269.583679199, 270.094512939, 270.616943359, 271.139404297, 271.661865234, 272.184295654, 272.695129395, 273.205993652, 273.728424072, 274.25088501, 274.76171875, 275.27255249, 275.78338623, 276.305847168, 276.828308105, 277.339141846, 277.861572266, 278.384033203, 278.894866943, 279.417327881, 279.939758301, 280.450592041, 280.961456299, 281.472290039, 281.983123779, 282.49395752, 283.00479126, 283.527252197, 284.049713135, 284.572143555, 285.094604492, 285.617034912, 286.13949585, 286.65032959, 287.172790527, 287.695220947, 288.206085205, 288.716918945, 289.239349365, 289.761810303, 290.28427124, 290.80670166, 291.3175354, 291.828399658, 292.339233398, 292.861663818, 293.372497559, 293.894958496, 294.417419434, 294.939849854, 295.450683594, 295.961547852, 296.483978271, 297.006439209, 297.517272949, 298.028106689, 298.550567627, 299.072998047, 299.583862305, 300.094696045, 300.617126465, 301.139587402, 301.650421143, 302.17288208, 302.6953125, 303.206176758, 303.728607178, 304.251068115, 304.761901855, 305.272735596, 305.795196533, 306.306030273, 306.816864014, 307.339324951, 307.815338135, 308.291320801, 308.767333984, 309.196899414, 309.626464844, 310.056060791, 310.485626221, 310.891967773, 311.298309326, 311.693054199, 312.099395752, 312.494140625, 312.900482178, 313.306854248, 313.701568604, 314.107940674, 314.514282227, 314.920623779, 315.408233643, 315.895874023, 316.371887207, 316.894317627, 317.405151367, 317.927612305, 318.461669922, 318.995727539, 319.529785156, 320.075469971, 320.621124268, 321.178405762, 321.735687256, 322.30456543, 322.861846924, 323.419128418, 323.976409912]
