
metadata:
    version:
        essentia: "2.1-beta2"
    audio_properties:
        analysis_sample_rate: 44100
        bitrate: 243
        channels: 2
        equal_loudness: 1
        length: 283.92489624
        replay_gain: -15.0974159241
        downmix: "mix"
    tags:
        album: "Rosenrot"
        artist: "Rammstein"
        comment: "Back to rule you all"
        date: "2005"
        genre: "Industrial"
        title: "Hilf mir"
        tracknumber: "8"

configuration:
    average_loudness:
        compute: 1
        frameSize: 88200
        hopSize: 44100
        silentFrames: "noise"
        windowType: "hann"
    general:
        analysisSampleRate: 44100
        endTime: 2000
        equalLoudness: 1
        nequalLoudness: 0
        shortSound: 0
        startTime: 0
    lowlevel:
        compute: 1
        frameSize: 2048
        hopSize: 1024
        zeroPadding: 0
        silentFrames: "noise"
        windowType: "blackmanharris62"
        mfccStats: ["mean", "cov", "icov"]
        stats: ["mean", "var", "median", "min", "max", "dmean", "dmean2", "dvar", "dvar2"]
    panning:
        compute: 0
        frameSize: 8192
        hopSize: 2048
        zeroPadding: 8192
        silentFrames: "noise"
        windowType: "hann"
        stats: ["copy"]
    rhythm:
        compute: 1
        maxTempo: 208
        minTempo: 40
        method: "degara"
        stats: ["mean", "var", "median", "min", "max", "dmean", "dmean2", "dvar", "dvar2"]
    segmentation:
        compute: 0
        cpw: 5
        inc1: 300
        inc2: 50
        minimumSegmentsLength: 10
        size1: 1000
        size2: 600
    sfx:
        compute: 1
        stats: ["mean", "var", "median", "min", "max", "dmean", "dmean2", "dvar", "dvar2"]
    svm:
        compute: 0
    tonal:
        compute: 1
        frameSize: 4096
        hopSize: 2048
        zeroPadding: 0
        silentFrames: "noise"
        windowType: "blackmanharris62"
        stats: ["mean", "var", "median", "min", "max", "dmean", "dmean2", "dvar", "dvar2"]

lowlevel:
    average_loudness: 0.804243981838
    barkbands_kurtosis:
        dmean: 0.889312267303
        dmean2: 1.40406560898
        dvar: 3.74748277664
        dvar2: 8.32183361053
        max: 44.6131362915
        mean: -0.111299924552
        median: -1.1134146452
        min: -1.92283701897
        var: 9.28598499298
    barkbands_skewness:
        dmean: 0.389056324959
        dmean2: 0.599711179733
        dvar: 0.186293944716
        dvar2: 0.395660310984
        max: 5.40680599213
        mean: -0.0444027744234
        median: -0.221311807632
        min: -4.68368721008
        var: 1.11730253696
    barkbands_spread:
        dmean: 5.49287939072
        dmean2: 8.67681121826
        dvar: 36.7287483215
        dvar2: 83.2082366943
        max: 97.4905090332
        mean: 34.4427070618
        median: 35.2629165649
        min: 1.12090277672
        var: 162.53338623
    dissonance:
        dmean: 0.0113423885778
        dmean2: 0.0190003067255
        dvar: 0.0001996071951
        dvar2: 0.000514287559781
        max: 0.500000119209
        mean: 0.476697802544
        median: 0.484012961388
        min: 0.185525685549
        var: 0.000684953061864
    hfc:
        dmean: 2.03992605209
        dmean2: 3.34815645218
        dvar: 9.64394283295
        dvar2: 25.0160655975
        max: 44.7678146362
        mean: 8.49948787689
        median: 7.9039721489
        min: 1.1885011774e-016
        var: 46.0773925781
    pitch:
        dmean: 850.135742188
        dmean2: 1618.29199219
        dvar: 1688234.875
        dvar2: 4122396.25
        max: 5669.55517578
        mean: 1658.60498047
        median: 534.863464355
        min: 61.9159851074
        var: 2696598.5
    pitch_instantaneous_confidence:
        dmean: 0.0746307596564
        dmean2: 0.1222352162
        dvar: 0.00449336506426
        dvar2: 0.0110933193937
        max: 0.980287194252
        mean: 0.378933727741
        median: 0.344004034996
        min: 0.120199501514
        var: 0.0229933299124
    pitch_salience:
        dmean: 0.0503530055285
        dmean2: 0.082268871367
        dvar: 0.00224387925118
        dvar2: 0.00571697065607
        max: 0.907296955585
        mean: 0.666732668877
        median: 0.688285946846
        min: 0.153621688485
        var: 0.00943547300994
    silence_rate_20dB:
        dmean: 0
        dmean2: 0
        dvar: 0
        dvar2: 0
        max: 1
        mean: 1
        median: 1
        min: 1
        var: 0
    silence_rate_30dB:
        dmean: 0
        dmean2: 0
        dvar: 0
        dvar2: 0
        max: 1
        mean: 1
        median: 1
        min: 1
        var: 0
    silence_rate_60dB:
        dmean: 0.0456329733133
        dmean2: 0.0912734121084
        dvar: 0.0435446798801
        dvar2: 0.0992798432708
        max: 1
        mean: 0.374519586563
        median: 0
        min: 0
        var: 0.234268307686
    spectral_centroid:
        dmean: 257.938842773
        dmean2: 402.760772705
        dvar: 92345.5625
        dvar2: 188789.734375
        max: 10743.2148438
        mean: 1793.85180664
        median: 1860.92565918
        min: 135.030838013
        var: 458005.46875
    spectral_complexity:
        dmean: 3.2304546833
        dmean2: 5.3069434166
        dvar: 13.7837314606
        dvar2: 34.3230209351
        max: 48
        mean: 16.1920852661
        median: 17
        min: 0
        var: 117.519668579
    spectral_crest:
        dmean: 1.54918015003
        dmean2: 2.52849936485
        dvar: 2.3944246769
        dvar2: 5.98593854904
        max: 25.3216094971
        mean: 6.6769156456
        median: 5.79697751999
        min: 2.28415393829
        var: 9.75708580017
    spectral_decrease:
        dmean: 1.96485799853e-010
        dmean2: 3.18029852453e-010
        dvar: 7.55427928916e-020
        dvar2: 1.94024686477e-019
        max: -1.67445224375e-029
        mean: -9.33282673365e-010
        median: -8.93341345343e-010
        min: -3.74890962718e-009
        var: 3.98506797054e-019
    spectral_energy:
        dmean: 0.000895584002137
        dmean2: 0.00144991546404
        dvar: 1.63548520504e-006
        dvar2: 4.20576543547e-006
        max: 0.0174947716296
        mean: 0.00429336633533
        median: 0.00413344288245
        min: 1.08432610417e-020
        var: 8.76717695064e-006
    spectral_energyband_high:
        dmean: 0.000187296536751
        dmean2: 0.000316530495184
        dvar: 9.5529479438e-008
        dvar2: 2.64799581373e-007
        max: 0.00381863792427
        mean: 0.000477510213386
        median: 0.000422555545811
        min: 7.93336404699e-021
        var: 2.03541731025e-007
    spectral_energyband_low:
        dmean: 0.000202803683351
        dmean2: 0.000338614365319
        dvar: 7.94653871594e-008
        dvar2: 2.20103089532e-007
        max: 0.00410159211606
        mean: 0.000409193220548
        median: 0.000336560246069
        min: 4.76177646973e-023
        var: 1.29458669562e-007
    spectral_energyband_middle_high:
        dmean: 0.000554297002964
        dmean2: 0.000892131763976
        dvar: 6.15726150954e-007
        dvar2: 1.49492143464e-006
        max: 0.0144941285253
        mean: 0.00235337996855
        median: 0.00187340704724
        min: 1.7958973613e-021
        var: 4.47408547188e-006
    spectral_energyband_middle_low:
        dmean: 0.000412670662627
        dmean2: 0.0006680272636
        dvar: 3.71541375443e-007
        dvar2: 9.63870093074e-007
        max: 0.0082883099094
        mean: 0.00117185141426
        median: 0.001033831737
        min: 1.63990979819e-022
        var: 8.63670720719e-007
    spectral_flatness_db:
        dmean: 0.0127571113408
        dmean2: 0.0193078983575
        dvar: 0.000216523039853
        dvar2: 0.000435797730461
        max: 0.451534301043
        mean: 0.141416698694
        median: 0.130648061633
        min: 0.0488440766931
        var: 0.00203806580976
    spectral_flux:
        dmean: 0.00601743208244
        dmean2: 0.00939133577049
        dvar: 5.72449389438e-005
        dvar2: 0.000122387762531
        max: 0.115763887763
        mean: 0.0363938882947
        median: 0.0376576259732
        min: 1.04130981615e-010
        var: 0.000326769746607
    spectral_kurtosis:
        dmean: 1.13634347916
        dmean2: 1.88126516342
        dvar: 3.40872955322
        dvar2: 9.57748317719
        max: 52.3129348755
        mean: 4.31942939758
        median: 3.76706671715
        min: -1.391025424
        var: 12.0786018372
    spectral_rms:
        dmean: 0.000207069097087
        dmean2: 0.000327967485646
        dvar: 6.77953977402e-008
        dvar2: 1.66754475117e-007
        max: 0.00413135206327
        mean: 0.0018835082883
        median: 0.00200814031996
        min: 3.25250546981e-012
        var: 6.41044152871e-007
    spectral_rolloff:
        dmean: 356.231109619
        dmean2: 581.840148926
        dvar: 324195.09375
        dvar2: 656632.625
        max: 18346.2890625
        mean: 3299.75390625
        median: 3552.97851563
        min: 129.19921875
        var: 1248987
    spectral_skewness:
        dmean: 0.17184150219
        dmean2: 0.276135236025
        dvar: 0.0458792671561
        dvar2: 0.112285070121
        max: 5.30282926559
        mean: 1.42710649967
        median: 1.37606155872
        min: -0.110586740077
        var: 0.23058027029
    spectral_spread:
        dmean: 489323.78125
        dmean2: 687848.375
        dvar: 567793352704
        dvar2: 895013093376
        max: 39547884
        mean: 4884444
        median: 4505321.5
        min: 1221416.75
        var: 3.19765977498e+012
    spectral_strongpeak:
        dmean: 0.436015427113
        dmean2: 0.756715595722
        dvar: 0.51898008585
        dvar2: 1.35206341743
        max: 8.83762836456
        mean: 0.654046654701
        median: 0.206006556749
        min: 1.1380565379e-009
        var: 0.985352933407
    zerocrossingrate:
        dmean: 0.00806262996048
        dmean2: 0.00930833350867
        dvar: 9.99307667371e-005
        dvar2: 0.000100161894807
        max: 0.48046875
        mean: 0.101059362292
        median: 0.10546875
        min: 0.00732421875
        var: 0.000964866601862
    barkbands:
        dmean: [3.23243909861e-007, 6.60960577079e-005, 0.000129923369968, 0.000116821174743, 0.000188703124877, 0.000151669679326, 9.24348423723e-005, 6.97710856912e-005, 5.86254463997e-005, 3.93032132706e-005, 5.6382134062e-005, 3.75602576241e-005, 5.63843823329e-005, 6.8669236498e-005, 8.52785087773e-005, 0.000145221187267, 0.000180294809979, 0.000165345190908, 0.000178981848876, 0.00017165702593, 7.8425022366e-005, 2.45435512625e-005, 3.89716888094e-006, 2.4742921596e-006, 1.51079609623e-006, 5.43152722798e-008, 8.87735052135e-010]
        dmean2: [5.26995791006e-007, 0.00011243676272, 0.00021769599698, 0.000191633196664, 0.000305977591779, 0.000248169439146, 0.000151233703946, 0.000113332134788, 9.33266201173e-005, 6.34963216726e-005, 8.91646704986e-005, 6.09178132436e-005, 9.16813878575e-005, 0.000110369423055, 0.000139976764331, 0.000237632266362, 0.000292780867312, 0.000272242032224, 0.00029623194132, 0.00029321378679, 0.000132540619234, 4.15166796301e-005, 6.3093193603e-006, 3.72797330783e-006, 2.24960103878e-006, 7.89809391222e-008, 1.32620037174e-009]
        dvar: [3.32393319683e-013, 1.08855884307e-008, 3.47722100003e-008, 2.73091806946e-008, 1.23447932765e-007, 6.9386892676e-008, 2.88879977717e-008, 2.90621837706e-008, 1.34148736564e-008, 7.93150878309e-009, 1.44320360107e-008, 8.59028315148e-009, 2.14773940854e-008, 1.82573813845e-008, 3.06158547403e-008, 6.57555645489e-008, 9.31627539558e-008, 7.41156398476e-008, 8.05519775327e-008, 6.42448014787e-008, 1.61008664179e-008, 2.97341218314e-009, 5.34339517078e-011, 5.36704881926e-011, 2.42973800801e-011, 1.91217840309e-014, 5.73570428185e-018]
        dvar2: [8.69105351922e-013, 3.12844719019e-008, 9.40018054507e-008, 7.19639601243e-008, 3.23015541426e-007, 1.89844897136e-007, 7.64102665585e-008, 7.25791053924e-008, 3.32051115493e-008, 2.04539869486e-008, 3.36848664517e-008, 2.09462420742e-008, 5.28280494905e-008, 4.43427516927e-008, 7.81059199539e-008, 1.62034709206e-007, 2.21279577772e-007, 1.8201757257e-007, 1.99223620712e-007, 1.79278302426e-007, 4.27511288592e-008, 7.9250259688e-009, 1.24352542152e-010, 1.04124452116e-010, 5.01873230474e-011, 3.5539733862e-014, 1.11834984253e-017]
        max: [8.30574845168e-006, 0.00151514285244, 0.00274415081367, 0.00369356991723, 0.00590834114701, 0.00451406417415, 0.00337070715614, 0.00422539422289, 0.00330955930986, 0.00172615644988, 0.00302335154265, 0.00218992354348, 0.00409654155374, 0.00270162615925, 0.00336747057736, 0.00522444397211, 0.0111574754119, 0.00663665309548, 0.00698823807761, 0.00369336013682, 0.00246512889862, 0.00117869290989, 0.000176941743121, 0.00021086500783, 0.000185417709872, 4.12664940086e-006, 1.20297883655e-007]
        mean: [6.59888996779e-007, 0.000118380157801, 0.000201905117137, 0.000185062497621, 0.000341771781677, 0.000262598216068, 0.00015535588318, 0.000104459722934, 9.92939094431e-005, 7.05393686076e-005, 9.99229232548e-005, 6.2829683884e-005, 9.17166908039e-005, 0.000127844410599, 0.000164773708093, 0.000321947445627, 0.000413744099205, 0.000400007294957, 0.000413764209952, 0.0004235014203, 0.000172139945789, 4.43468015874e-005, 8.29284817883e-006, 5.33233833266e-006, 3.05858884531e-006, 1.08302401713e-007, 1.64786817525e-009]
        median: [4.26337805948e-007, 9.13402327569e-005, 0.000131998531288, 0.000106940700789, 0.000205170770641, 0.000160398107255, 8.90718147275e-005, 4.46941012342e-005, 4.92593462695e-005, 2.59059779637e-005, 3.53187133442e-005, 2.84322140942e-005, 2.54375172517e-005, 6.42859304207e-005, 6.94028713042e-005, 0.000173231077497, 0.000270513584837, 0.000244757597102, 0.00030502161826, 0.000403446814744, 0.000132972039864, 2.16753924178e-005, 4.51930327472e-006, 2.37745257436e-006, 1.34017250275e-006, 4.63323850397e-008, 7.67978458605e-010]
        min: [1.10003750225e-023, 3.67865119865e-023, 6.15102339603e-024, 1.44013799991e-023, 1.83254723311e-023, 2.28833781128e-023, 2.40817382917e-023, 1.78169031718e-023, 5.28500266461e-023, 3.29941610034e-023, 6.35815389394e-023, 9.10072791187e-023, 1.29576941762e-022, 6.87235299572e-023, 1.27274742718e-022, 1.81866631041e-022, 2.04170669705e-022, 1.67715261573e-022, 4.88336707204e-022, 4.29029563747e-022, 4.77503791574e-022, 5.22983377187e-022, 7.11658508928e-022, 9.30813862895e-022, 1.1037318704e-021, 1.68359022558e-021, 2.5217253267e-021]
        var: [6.19954662693e-013, 1.34723521228e-008, 5.58087371871e-008, 5.35242037358e-008, 1.9754399716e-007, 1.09192242803e-007, 5.52891528116e-008, 4.50746995284e-008, 2.87780483887e-008, 2.08263948309e-008, 3.95373618289e-008, 1.71759833023e-008, 4.20601011797e-008, 4.96729057886e-008, 8.68522818109e-008, 2.1745579204e-007, 2.98130885312e-007, 3.38388161936e-007, 2.24397766146e-007, 1.485758645e-007, 3.44413422226e-008, 4.50832171595e-009, 1.29845550978e-010, 1.46547191049e-010, 5.52501239204e-011, 5.19058944047e-014, 1.37609617812e-017]
    frequency_bands:
        dmean: [3.23243909861e-007, 6.60960577079e-005, 0.000129923369968, 0.000116821174743, 0.000188703124877, 0.000151669679326, 9.24348423723e-005, 6.97710856912e-005, 5.86254463997e-005, 3.93032132706e-005, 5.6382134062e-005, 3.75602576241e-005, 5.63843823329e-005, 6.8669236498e-005, 8.52785087773e-005, 0.000145221187267, 0.000180294809979, 0.000165345190908, 0.000178981848876, 0.00017165702593, 7.8425022366e-005, 2.45435512625e-005, 3.89716888094e-006, 2.4742921596e-006, 1.51079609623e-006, 5.43152722798e-008, 8.87735052135e-010, 5.19349944994e-011]
        dmean2: [5.26995791006e-007, 0.00011243676272, 0.00021769599698, 0.000191633196664, 0.000305977591779, 0.000248169439146, 0.000151233703946, 0.000113332134788, 9.33266201173e-005, 6.34963216726e-005, 8.91646704986e-005, 6.09178132436e-005, 9.16813878575e-005, 0.000110369423055, 0.000139976764331, 0.000237632266362, 0.000292780867312, 0.000272242032224, 0.00029623194132, 0.00029321378679, 0.000132540619234, 4.15166796301e-005, 6.3093193603e-006, 3.72797330783e-006, 2.24960103878e-006, 7.89809391222e-008, 1.32620037174e-009, 9.65149904442e-011]
        dvar: [3.32393319683e-013, 1.08855884307e-008, 3.47722100003e-008, 2.73091806946e-008, 1.23447932765e-007, 6.9386892676e-008, 2.88879977717e-008, 2.90621837706e-008, 1.34148736564e-008, 7.93150878309e-009, 1.44320360107e-008, 8.59028315148e-009, 2.14773940854e-008, 1.82573813845e-008, 3.06158547403e-008, 6.57555645489e-008, 9.31627539558e-008, 7.41156398476e-008, 8.05519775327e-008, 6.42448014787e-008, 1.61008664179e-008, 2.97341218314e-009, 5.34339517078e-011, 5.36704881926e-011, 2.42973800801e-011, 1.91217840309e-014, 5.73570428185e-018, 7.4175127297e-021]
        dvar2: [8.69105351922e-013, 3.12844719019e-008, 9.40018054507e-008, 7.19639601243e-008, 3.23015541426e-007, 1.89844897136e-007, 7.64102665585e-008, 7.25791053924e-008, 3.32051115493e-008, 2.04539869486e-008, 3.36848664517e-008, 2.09462420742e-008, 5.28280494905e-008, 4.43427516927e-008, 7.81059199539e-008, 1.62034709206e-007, 2.21279577772e-007, 1.8201757257e-007, 1.99223620712e-007, 1.79278302426e-007, 4.27511288592e-008, 7.9250259688e-009, 1.24352542152e-010, 1.04124452116e-010, 5.01873230474e-011, 3.5539733862e-014, 1.11834984253e-017, 2.36621411946e-020]
        max: [8.30574845168e-006, 0.00151514285244, 0.00274415081367, 0.00369356991723, 0.00590834114701, 0.00451406417415, 0.00337070715614, 0.00422539422289, 0.00330955930986, 0.00172615644988, 0.00302335154265, 0.00218992354348, 0.00409654155374, 0.00270162615925, 0.00336747057736, 0.00522444397211, 0.0111574754119, 0.00663665309548, 0.00698823807761, 0.00369336013682, 0.00246512889862, 0.00117869290989, 0.000176941743121, 0.00021086500783, 0.000185417709872, 4.12664940086e-006, 1.20297883655e-007, 1.96840854727e-009]
        mean: [6.59888996779e-007, 0.000118380157801, 0.000201905117137, 0.000185062497621, 0.000341771781677, 0.000262598216068, 0.00015535588318, 0.000104459722934, 9.92939094431e-005, 7.05393686076e-005, 9.99229232548e-005, 6.2829683884e-005, 9.17166908039e-005, 0.000127844410599, 0.000164773708093, 0.000321947445627, 0.000413744099205, 0.000400007294957, 0.000413764209952, 0.0004235014203, 0.000172139945789, 4.43468015874e-005, 8.29284817883e-006, 5.33233833266e-006, 3.05858884531e-006, 1.08302401713e-007, 1.64786817525e-009, 4.05259645286e-011]
        median: [4.26337805948e-007, 9.13402327569e-005, 0.000131998531288, 0.000106940700789, 0.000205170770641, 0.000160398107255, 8.90718147275e-005, 4.46941012342e-005, 4.92593462695e-005, 2.59059779637e-005, 3.53187133442e-005, 2.84322140942e-005, 2.54375172517e-005, 6.42859304207e-005, 6.94028713042e-005, 0.000173231077497, 0.000270513584837, 0.000244757597102, 0.00030502161826, 0.000403446814744, 0.000132972039864, 2.16753924178e-005, 4.51930327472e-006, 2.37745257436e-006, 1.34017250275e-006, 4.63323850397e-008, 7.67978458605e-010, 1.17319869097e-011]
        min: [1.10003750225e-023, 3.67865119865e-023, 6.15102339603e-024, 1.44013799991e-023, 1.83254723311e-023, 2.28833781128e-023, 2.40817382917e-023, 1.78169031718e-023, 5.28500266461e-023, 3.29941610034e-023, 6.35815389394e-023, 9.10072791187e-023, 1.29576941762e-022, 6.87235299572e-023, 1.27274742718e-022, 1.81866631041e-022, 2.04170669705e-022, 1.67715261573e-022, 4.88336707204e-022, 4.29029563747e-022, 4.77503791574e-022, 5.22983377187e-022, 7.11658508928e-022, 9.30813862895e-022, 1.1037318704e-021, 1.68359022558e-021, 2.5217253267e-021, 7.02680539764e-022]
        var: [6.19954662693e-013, 1.34723521228e-008, 5.58087371871e-008, 5.35242037358e-008, 1.9754399716e-007, 1.09192242803e-007, 5.52891528116e-008, 4.50746995284e-008, 2.87780483887e-008, 2.08263948309e-008, 3.95373618289e-008, 1.71759833023e-008, 4.20601011797e-008, 4.96729057886e-008, 8.68522818109e-008, 2.1745579204e-007, 2.98130885312e-007, 3.38388161936e-007, 2.24397766146e-007, 1.485758645e-007, 3.44413422226e-008, 4.50832171595e-009, 1.29845550978e-010, 1.46547191049e-010, 5.52501239204e-011, 5.19058944047e-014, 1.37609617812e-017, 5.87974358128e-021]
    mfcc:
        mean: [-723.549865723, 97.03465271, -41.3829154968, 58.2471885681, -4.37084150314, -7.68377685547, -0.829605937004, -8.20454788208, 0.185280695558, -4.92288970947, -5.35392808914, -1.17738544941, -1.25159037113]
        cov: [[8133.58203125, 130.772781372, -1030.2746582, 911.40802002, 102.941040039, 326.665618896, 84.9879684448, -4.33139657974, 72.6933822632, 1.52304780483, -131.875976563, -105.623947144, 25.4857559204], [130.772781372, 865.941040039, -201.427947998, 41.4726333618, 33.2311286926, -18.6208992004, 78.0800628662, 27.167842865, -2.37683081627, -0.911582052708, -33.3480186462, 15.6647434235, -4.51356554031], [-1030.2746582, -201.427947998, 777.40032959, 45.1677589417, 44.4209327698, 48.7680587769, 29.2050209045, 52.3527450562, 59.9428634644, 35.7304229736, 67.9343795776, 30.0789051056, 2.06799221039], [911.40802002, 41.4726333618, 45.1677589417, 513.493469238, 117.417556763, 81.9393386841, 36.8100509644, -3.52655267715, 38.3188934326, 12.6020355225, -30.5653038025, -30.4321689606, 5.10612154007], [102.941040039, 33.2311286926, 44.4209327698, 117.417556763, 217.484939575, 45.6911811829, -15.1631212234, 14.644862175, 33.7362136841, 36.4683990479, 4.93169212341, 8.42400932312, 16.4716358185], [326.665618896, -18.6208992004, 48.7680587769, 81.9393386841, 45.6911811829, 171.756637573, 58.9085006714, 8.19516181946, 26.6106147766, 19.4189605713, 20.5729885101, -1.5262516737, 5.98584842682], [84.9879684448, 78.0800628662, 29.2050209045, 36.8100509644, -15.1631212234, 58.9085006714, 146.274291992, 49.5486946106, 19.2786445618, 6.68118906021, 8.74225616455, 5.79850912094, -6.24049377441], [-4.33139657974, 27.167842865, 52.3527450562, -3.52655267715, 14.644862175, 8.19516181946, 49.5486946106, 114.964378357, 49.5983924866, 11.2579441071, 13.2778968811, 10.5118198395, 5.01187419891], [72.6933822632, -2.37683081627, 59.9428634644, 38.3188934326, 33.7362136841, 26.6106147766, 19.2786445618, 49.5983924866, 104.578674316, 44.0314941406, 17.2782936096, 7.56797456741, 10.8533182144], [1.52304780483, -0.911582052708, 35.7304229736, 12.6020355225, 36.4683990479, 19.4189605713, 6.68118906021, 11.2579441071, 44.0314941406, 92.743598938, 44.770778656, 11.7406311035, 5.15768575668], [-131.875976563, -33.3480186462, 67.9343795776, -30.5653038025, 4.93169212341, 20.5729885101, 8.74225616455, 13.2778968811, 17.2782936096, 44.770778656, 111.539009094, 39.4189071655, -1.53567135334], [-105.623947144, 15.6647434235, 30.0789051056, -30.4321689606, 8.42400932312, -1.5262516737, 5.79850912094, 10.5118198395, 7.56797456741, 11.7406311035, 39.4189071655, 75.8671646118, 27.0553474426], [25.4857559204, -4.51356554031, 2.06799221039, 5.10612154007, 16.4716358185, 5.98584842682, -6.24049377441, 5.01187419891, 10.8533182144, 5.15768575668, -1.53567135334, 27.0553474426, 72.7164306641]]
        icov: [[0.000230540797929, 5.50505283172e-005, 0.000372745882487, -0.000418619572883, 0.000159716742928, -0.000403818063205, 0.000122749872389, -0.000193018800928, -9.08078145585e-005, -3.9473441575e-005, 6.94644040777e-005, -3.27897614625e-005, -7.66774974181e-006], [5.50505283172e-005, 0.00141287234146, 0.00047801726032, -0.000174022628926, -0.00036625994835, 0.000365183193935, -0.000965704210103, -0.000138384173624, 7.09169762558e-005, -0.000202610797714, 0.000506424286868, -0.000684911909048, 0.000315908575431], [0.000372745882487, 0.00047801726032, 0.0021462244913, -0.000797766784672, 2.87246039079e-005, -0.000710260996129, -4.23559722549e-005, -0.00068447337253, -0.000628217938356, 9.0041954536e-005, -0.000508077442646, -0.000439224968432, 0.000229583616601], [-0.000418619572883, -0.000174022628926, -0.000797766784672, 0.00332141923718, -0.00158094707876, 0.000150641310029, -0.000983402132988, 0.00122919317801, -0.000685026636347, 0.000384615676012, 0.000394798436901, 0.00106391124427, -0.000210570724448], [0.000159716742928, -0.00036625994835, 2.87246039079e-005, -0.00158094707876, 0.00656516291201, -0.00202011712827, 0.00258858455345, -0.00155678787269, 1.74527995114e-005, -0.00228961370885, 0.00100972177461, -0.00114564260002, -0.000352532137185], [-0.000403818063205, 0.000365183193935, -0.000710260996129, 0.000150641310029, -0.00202011712827, 0.00911632087082, -0.0043858489953, 0.00234254193492, -0.00125101057347, 0.000636042968836, -0.00208215718158, 0.00164921872783, -0.00117285386659], [0.000122749872389, -0.000965704210103, -4.23559722549e-005, -0.000983402132988, 0.00258858455345, -0.0043858489953, 0.0112564684823, -0.00505083007738, 0.00110083562322, -0.000954779505264, 0.000770773505792, -0.0014459232334, 0.00151378463488], [-0.000193018800928, -0.000138384173624, -0.00068447337253, 0.00122919317801, -0.00155678787269, 0.00234254193492, -0.00505083007738, 0.0140143353492, -0.00659161014482, 0.0026391223073, -0.00131737510674, 0.00033757899655, -0.000604135915637], [-9.08078145585e-005, 7.09169762558e-005, -0.000628217938356, -0.000685026636347, 1.74527995114e-005, -0.00125101057347, 0.00110083562322, -0.00659161014482, 0.0163288395852, -0.00702498853207, 0.00140328716952, -0.000256131083006, -0.00106394628529], [-3.9473441575e-005, -0.000202610797714, 9.0041954536e-005, 0.000384615676012, -0.00228961370885, 0.000636042968836, -0.000954779505264, 0.0026391223073, -0.00702498853207, 0.0177616905421, -0.00709335971624, 0.00205705687404, -0.000952324597165], [6.94644040777e-005, 0.000506424286868, -0.000508077442646, 0.000394798436901, 0.00100972177461, -0.00208215718158, 0.000770773505792, -0.00131737510674, 0.00140328716952, -0.00709335971624, 0.0156250540167, -0.0081802578643, 0.00376069243066], [-3.27897614625e-005, -0.000684911909048, -0.000439224968432, 0.00106391124427, -0.00114564260002, 0.00164921872783, -0.0014459232334, 0.00033757899655, -0.000256131083006, 0.00205705687404, -0.0081802578643, 0.0209853183478, -0.00820520799607], [-7.66774974181e-006, 0.000315908575431, 0.000229583616601, -0.000210570724448, -0.000352532137185, -0.00117285386659, 0.00151378463488, -0.000604135915637, -0.00106394628529, -0.000952324597165, 0.00376069243066, -0.00820520799607, 0.0174892079085]]
    sccoeffs:
        dmean: [0.0472920872271, 0.0462925620377, 0.036766204983, 0.029758580029, 0.0206719469279, 0.0174991767853]
        dmean2: [0.0787258520722, 0.0762348771095, 0.0599060170352, 0.0490158386528, 0.0340869650245, 0.028534848243]
        dvar: [0.00150583556388, 0.0014046340948, 0.000905853463337, 0.000617893005256, 0.000334407523042, 0.000309018709231]
        dvar2: [0.00411178730428, 0.00366670032963, 0.00227195816115, 0.00160302594304, 0.000811155710835, 0.000781133188866]
        max: [-0.291332930326, -0.408849388361, -0.487216800451, -0.556829214096, -0.557333767414, -0.580717265606]
        mean: [-0.67581820488, -0.743895292282, -0.787905752659, -0.783223748207, -0.795437335968, -0.765865147114]
        median: [-0.68046849966, -0.749605178833, -0.795187473297, -0.789012789726, -0.800100684166, -0.761623561382]
        min: [-0.949027240276, -0.958283483982, -0.967609405518, -0.977052628994, -0.963652133942, -0.957521915436]
        var: [0.00476180715486, 0.00454365322366, 0.00338119920343, 0.00272324751131, 0.00131457543466, 0.00147780124098]
    scvalleys:
        dmean: [0.360710829496, 0.363989621401, 0.312779456377, 0.281865239143, 0.228349417448, 0.235345765948]
        dmean2: [0.590603291988, 0.587714016438, 0.500026106834, 0.442477405071, 0.353921324015, 0.331371098757]
        dvar: [0.131700783968, 0.144735977054, 0.122917540371, 0.123471006751, 0.113220207393, 0.121162779629]
        dvar2: [0.280288010836, 0.303017020226, 0.245423719287, 0.243504241109, 0.218691810966, 0.214426651597]
        max: [-5.24290180206, -4.73726081848, -5.39707422256, -5.35285997391, -5.44537305832, -7.43843126297]
        mean: [-6.94499254227, -6.8446764946, -7.39923095703, -7.42457818985, -7.06402349472, -9.75002574921]
        median: [-6.5314745903, -6.57323551178, -7.04293203354, -7.03986978531, -6.532538414, -9.4503364563]
        min: [-27.4150066376, -27.687456131, -27.3519458771, -27.2874183655, -27.2008628845, -27.253780365]
        var: [1.87842488289, 1.26506710052, 1.33909857273, 1.44074571133, 1.62771177292, 1.66714644432]

rhythm:
    beats_loudness:
        dmean: 0.00216074893251
        dmean2: 0.0037569727283
        dvar: 2.96062012239e-006
        dvar2: 8.3345312305e-006
        max: 0.0152331460267
        mean: 0.00512222247198
        median: 0.00505673419684
        min: 1.58687203111e-006
        var: 8.80029165273e-006
    bpm: 107.932571411
    bpm_confidence: 0
    first_peak_bpm: 108
    first_peak_spread: 0.261316865683
    first_peak_weight: 0.706692934036
    onset_rate: 2.50066161156
    second_peak_bpm: 103
    second_peak_spread: 0.533333361149
    second_peak_weight: 0.0137795275077
    beats_loudness_band_ratio:
        dmean: [0.126587614417, 0.189073324203, 0.0787145718932, 0.0694854110479, 0.140564933419, 0.106095038354]
        dmean2: [0.219993025064, 0.341306447983, 0.133607342839, 0.120406202972, 0.24737355113, 0.188569769263]
        dvar: [0.0188546814024, 0.0220035370439, 0.0112327840179, 0.00891654938459, 0.0149368494749, 0.0103464592248]
        dvar2: [0.0524761751294, 0.0681731179357, 0.0299390349537, 0.0242969561368, 0.0435087531805, 0.0296117123216]
        max: [0.840625047684, 0.878460109234, 0.89471167326, 0.899868905544, 0.874949276447, 0.670720875263]
        mean: [0.157982319593, 0.197387740016, 0.111925654113, 0.0906651839614, 0.267601490021, 0.20479850471]
        median: [0.099996805191, 0.143275097013, 0.0734163224697, 0.0584468655288, 0.233954578638, 0.188230067492]
        min: [0.000254824321019, 0.00127035717014, 0.0055275792256, 0.00146785075776, 0.0154518065974, 0.000378394121071]
        var: [0.0244992431253, 0.025362374261, 0.0143461339176, 0.0100161936134, 0.0239546149969, 0.0129017904401]
    beats_position: [0.568888902664, 1.16099774837, 1.75310659409, 2.33360528946, 2.90249419212, 3.45977306366, 4.01705217361, 4.57433080673, 5.13160991669, 5.67727899551, 6.2229475975, 6.78022670746, 7.33750534058, 7.89478445053, 8.46367359161, 9.02095222473, 9.57823085785, 10.1239004135, 10.6811790466, 11.2384576797, 11.7957363129, 12.3530158997, 12.9102945328, 13.4675731659, 14.0132427216, 14.5589113235, 15.1045799255, 15.6734695435, 16.2307472229, 16.7880268097, 17.3453063965, 17.9025840759, 18.4598636627, 19.0171432495, 19.574420929, 20.1317005157, 20.6889801025, 21.2346477509, 21.7803173065, 22.3375968933, 22.8948745728, 23.4521541595, 24.009431839, 24.5667114258, 25.1239910126, 25.681268692, 26.2385482788, 26.7958278656, 27.353105545, 27.9103851318, 28.4676647186, 29.0249423981, 29.5822219849, 30.1278915405, 30.68516922, 31.2308387756, 31.7881164551, 32.3453979492, 32.9026756287, 33.4599533081, 34.0172348022, 34.5745124817, 35.1317901611, 35.6890678406, 36.2463493347, 36.8036270142, 37.3492965698, 37.8949661255, 38.4522438049, 39.0095214844, 39.5668029785, 40.124080658, 40.6813583374, 41.2386398315, 41.795917511, 42.3531951904, 42.9104766846, 43.467754364, 44.0250320435, 44.5823135376, 45.1279792786, 45.6736488342, 46.2309303284, 46.7882080078, 47.3454856873, 47.9027671814, 48.4600448608, 49.0173225403, 49.5746040344, 50.1318817139, 50.6891593933, 51.234828949, 51.7921066284, 52.3377761841, 52.8950538635, 53.4523353577, 54.0096130371, 54.5668907166, 55.1241722107, 55.6814498901, 56.2387275696, 56.7960090637, 57.3532867432, 57.9105644226, 58.4678459167, 59.0251235962, 59.5824012756, 60.1280708313, 60.673740387, 61.2310180664, 61.7882995605, 62.34557724, 62.9028549194, 63.4601364136, 64.0174102783, 64.5746917725, 65.1203613281, 65.6776428223, 66.234916687, 66.7921981812, 67.3494796753, 67.895149231, 68.4524230957, 69.0097045898, 69.566986084, 70.1242599487, 70.6815414429, 71.238822937, 71.7960968018, 72.3533782959, 72.91065979, 73.4679336548, 74.0136032104, 74.5592727661, 75.1165542603, 75.673828125, 76.2311096191, 76.7883911133, 77.345664978, 77.9029464722, 78.4602279663, 79.0175018311, 79.5863952637, 80.1436691284, 80.7009506226, 81.2466201782, 81.7922897339, 82.3379592896, 82.8952331543, 83.4525146484, 84.0097961426, 84.5670700073, 85.1243515015, 85.6816329956, 86.2389068604, 86.784576416, 87.3302459717, 87.8875274658, 88.44480896, 89.0020828247, 89.5593643188, 90.116645813, 90.6739196777, 91.2312011719, 91.788482666, 92.3457565308, 92.9030380249, 93.460319519, 94.0059814453, 94.551651001, 95.0973205566, 95.6662139893, 96.223487854, 96.7807693481, 97.3380508423, 97.895324707, 98.4526062012, 99.0098876953, 99.555557251, 100.124443054, 100.693328857, 101.238998413, 101.796279907, 102.353561401, 102.910835266, 103.46811676, 104.025398254, 104.571060181, 105.128341675, 105.67401123, 106.231292725, 106.788566589, 107.345848083, 107.903129578, 108.448799133, 108.994468689, 109.551742554, 110.109024048, 110.666305542, 111.223579407, 111.780860901, 112.338134766, 112.907028198, 113.452697754, 114.009971619, 114.567253113, 115.124534607, 115.681808472, 116.239089966, 116.79637146, 117.342041016, 117.887710571, 118.444984436, 119.00226593, 119.571151733, 120.128433228, 120.685714722, 121.231384277, 121.777046204, 122.334327698, 122.891609192, 123.448883057, 124.006164551, 124.563446045, 125.109115601, 125.666389465, 126.223670959, 126.780952454, 127.349838257, 127.895507813, 128.441177368, 129.010070801, 129.567337036, 130.12461853, 130.681900024, 131.239181519, 131.796463013, 132.353744507, 132.899414063, 133.445083618, 134.002349854, 134.559631348, 135.105300903, 135.662582397, 136.23147583, 136.788757324, 137.34602356, 137.903305054, 138.472198486, 139.02947998, 139.598358154, 140.155639648, 140.712921143, 141.270202637, 141.827484131, 142.373153687, 142.918823242, 143.452880859, 144.010162354, 144.567428589, 145.124710083, 145.681991577, 146.239273071, 146.796554565, 147.35383606, 147.899505615, 148.445159912, 149.002441406, 149.5597229, 150.117004395, 150.674285889, 151.231567383, 151.788833618, 152.346115112, 152.915008545, 153.472290039, 154.029571533, 154.575241089, 155.120910645, 155.67817688, 156.235458374, 156.78112793, 157.338409424, 157.895690918, 158.452972412, 159.010253906, 159.567520142, 160.124801636, 160.68208313, 161.239364624, 161.796646118, 162.342315674, 162.899581909, 163.456863403, 164.002532959, 164.559814453, 165.117095947, 165.674377441, 166.231658936, 166.765716553, 167.334594727, 167.903488159, 168.460769653, 169.018051147, 169.575332642, 170.132598877, 170.689880371, 171.247161865, 171.804443359, 172.350112915, 172.907394409, 173.464660645, 174.0103302, 174.567611694, 175.124893188, 175.682174683, 176.239456177, 176.796737671, 177.354003906, 177.9112854, 178.468566895, 179.01423645, 179.559906006, 180.1171875, 180.674468994, 181.231735229, 181.789016724, 182.346298218, 182.903579712, 183.460861206, 184.029754639, 184.598632813, 185.144302368, 185.689971924, 186.235641479, 186.781311035, 187.338592529, 187.895874023, 188.453155518, 189.010421753, 189.567703247, 190.124984741, 190.682266235, 191.239547729, 191.796829224, 192.354095459, 192.911376953, 193.491882324, 194.083984375, 194.664489746, 195.186935425, 195.697769165, 196.208618164, 196.719451904, 197.230285645, 197.810791016, 198.391296387, 198.971786499, 199.540679932, 200.109558105, 200.6668396, 201.224121094, 201.781402588, 202.338684082, 202.895965576, 203.453231812, 203.998901367, 204.556182861, 205.125076294, 205.682357788, 206.239639282, 206.796905518, 207.354187012, 207.899856567, 208.457138062, 209.002807617, 209.560089111, 210.117370605, 210.6746521, 211.231918335, 211.789199829, 212.346481323, 212.903762817, 213.461044312, 214.018310547, 214.575592041, 215.121261597, 215.666931152, 216.224212646, 216.781494141, 217.338775635, 217.896057129, 218.453323364, 219.010604858, 219.567886353, 220.125167847, 220.682449341, 221.239730835, 221.79699707, 222.354278564, 222.89994812, 223.445617676, 224.00289917, 224.560180664, 225.117462158, 225.674728394, 226.232009888, 226.789291382, 227.346572876, 227.90385437, 228.449523926, 228.995193481, 229.552474976, 230.121353149, 230.678634644, 231.235916138, 231.781585693, 232.338867188, 232.896133423, 233.453414917, 234.010696411, 234.567977905, 235.113647461, 235.659317017, 236.216598511, 236.773880005, 237.33114624, 237.888427734, 238.445709229, 239.002990723, 239.560272217, 240.117553711, 240.674819946, 241.23210144, 241.789382935, 242.346664429, 242.903945923, 243.461227417, 244.018493652, 244.564163208, 245.121444702, 245.678726196, 246.224395752, 246.781677246, 247.33895874, 247.896224976, 248.45350647, 249.010787964, 249.568069458, 250.125350952, 250.682632446, 251.228302002, 251.773956299, 252.331237793, 252.888519287, 253.445800781, 254.003082275, 254.56036377, 255.117630005, 255.674911499, 256.232208252, 256.789459229, 257.346740723, 257.904022217, 258.461303711, 259.006988525, 259.56427002, 260.109924316, 260.667205811, 261.224487305, 261.781768799, 262.339050293, 262.896331787, 263.453613281, 264.010864258, 264.544952393, 265.102203369, 265.659484863, 266.228393555, 266.797271729, 267.354553223, 267.90020752, 268.445892334, 268.979949951, 269.548828125, 270.117736816, 270.675018311, 271.243896484, 271.789550781, 272.323608398, 272.869293213, 273.41494751, 273.972229004, 274.529510498, 275.098419189, 275.678894043, 276.247802734, 276.793457031, 277.327514648, 277.873199463, 278.442077637, 279.010955811, 279.603088379, 280.19519043, 280.78729248, 281.391021729, 282.006347656, 282.610076904, 283.225402832]
