
metadata:
    version:
        essentia: "2.1-beta2"
    audio_properties:
        analysis_sample_rate: 44100
        bitrate: 219
        channels: 2
        equal_loudness: 1
        length: 317.779602051
        replay_gain: -13.8864517212
        downmix: "mix"
    tags:
        album: "Rosenrot"
        artist: "Rammstein"
        comment: "Back to rule you all"
        date: "2005"
        genre: "Industrial"
        title: "Feuer und Wasser"
        tracknumber: "10"

configuration:
    average_loudness:
        compute: 1
        frameSize: 88200
        hopSize: 44100
        silentFrames: "noise"
        windowType: "hann"
    general:
        analysisSampleRate: 44100
        endTime: 2000
        equalLoudness: 1
        nequalLoudness: 0
        shortSound: 0
        startTime: 0
    lowlevel:
        compute: 1
        frameSize: 2048
        hopSize: 1024
        zeroPadding: 0
        silentFrames: "noise"
        windowType: "blackmanharris62"
        mfccStats: ["mean", "cov", "icov"]
        stats: ["mean", "var", "median", "min", "max", "dmean", "dmean2", "dvar", "dvar2"]
    panning:
        compute: 0
        frameSize: 8192
        hopSize: 2048
        zeroPadding: 8192
        silentFrames: "noise"
        windowType: "hann"
        stats: ["copy"]
    rhythm:
        compute: 1
        maxTempo: 208
        minTempo: 40
        method: "degara"
        stats: ["mean", "var", "median", "min", "max", "dmean", "dmean2", "dvar", "dvar2"]
    segmentation:
        compute: 0
        cpw: 5
        inc1: 300
        inc2: 50
        minimumSegmentsLength: 10
        size1: 1000
        size2: 600
    sfx:
        compute: 1
        stats: ["mean", "var", "median", "min", "max", "dmean", "dmean2", "dvar", "dvar2"]
    svm:
        compute: 0
    tonal:
        compute: 1
        frameSize: 4096
        hopSize: 2048
        zeroPadding: 0
        silentFrames: "noise"
        windowType: "blackmanharris62"
        stats: ["mean", "var", "median", "min", "max", "dmean", "dmean2", "dvar", "dvar2"]

lowlevel:
    average_loudness: 0.593217253685
    barkbands_kurtosis:
        dmean: 1.72988069057
        dmean2: 2.69567775726
        dvar: 14.223285675
        dvar2: 31.7936172485
        max: 249.236587524
        mean: 2.52756714821
        median: -0.848955929279
        min: -1.91243815422
        var: 62.4295806885
    barkbands_skewness:
        dmean: 0.417424887419
        dmean2: 0.631755948067
        dvar: 0.204560697079
        dvar2: 0.436188906431
        max: 10.9022340775
        mean: 0.520337939262
        median: 0.143316924572
        min: -4.1291885376
        var: 1.86973285675
    barkbands_spread:
        dmean: 4.55863571167
        dmean2: 7.07234048843
        dvar: 31.7032737732
        dvar2: 70.3523864746
        max: 114.285072327
        mean: 28.2525157928
        median: 32.0782623291
        min: 0.493525415659
        var: 289.494232178
    dissonance:
        dmean: 0.0178887732327
        dmean2: 0.0295290872455
        dvar: 0.000631326751318
        dvar2: 0.00160012615379
        max: 0.500000059605
        mean: 0.454142451286
        median: 0.480709940195
        min: 0.163516536355
        var: 0.00364719005302
    hfc:
        dmean: 1.57884085178
        dmean2: 2.6025288105
        dvar: 11.7958707809
        dvar2: 32.2762451172
        max: 64.5172271729
        mean: 6.4803571701
        median: 4.1256980896
        min: 1.07868507632e-016
        var: 51.8226356506
    pitch:
        dmean: 631.721496582
        dmean2: 1198.93054199
        dvar: 1340135.75
        dvar2: 3445177.5
        max: 5935.75927734
        mean: 1299.57531738
        median: 262.685516357
        min: 43.0243911743
        var: 2463561
    pitch_instantaneous_confidence:
        dmean: 0.0767404958606
        dmean2: 0.124703593552
        dvar: 0.00462630204856
        dvar2: 0.0116390110925
        max: 0.936478197575
        mean: 0.403157711029
        median: 0.384277641773
        min: 0.0794466733932
        var: 0.0191457103938
    pitch_salience:
        dmean: 0.0519776269794
        dmean2: 0.0847964063287
        dvar: 0.00202447222546
        dvar2: 0.00532746501267
        max: 0.982378065586
        mean: 0.654707968235
        median: 0.668570756912
        min: 0.0957572236657
        var: 0.00810028146952
    silence_rate_20dB:
        dmean: 0
        dmean2: 0
        dvar: 0
        dvar2: 0
        max: 1
        mean: 1
        median: 1
        min: 1
        var: 0
    silence_rate_30dB:
        dmean: 0
        dmean2: 0
        dvar: 0
        dvar2: 0
        max: 1
        mean: 1
        median: 1
        min: 1
        var: 0
    silence_rate_60dB:
        dmean: 0.0201665926725
        dmean2: 0.0403361357749
        dvar: 0.0197606068105
        dvar2: 0.0447007864714
        max: 1
        mean: 0.519617140293
        median: 1
        min: 0
        var: 0.249614626169
    spectral_centroid:
        dmean: 213.270309448
        dmean2: 322.526062012
        dvar: 78815.8515625
        dvar2: 154380.296875
        max: 11870.0898438
        mean: 1539.88427734
        median: 1576.43725586
        min: 123.196357727
        var: 2126885
    spectral_complexity:
        dmean: 2.46616983414
        dmean2: 4.0382900238
        dvar: 12.413734436
        dvar2: 31.0772209167
        max: 52
        mean: 12.0889892578
        median: 8
        min: 0
        var: 141.888458252
    spectral_crest:
        dmean: 1.77801215649
        dmean2: 2.89749979973
        dvar: 2.7890393734
        dvar2: 7.04547166824
        max: 22.9832344055
        mean: 7.85879659653
        median: 6.89032697678
        min: 2.36559200287
        var: 12.1371555328
    spectral_decrease:
        dmean: 1.60545840511e-010
        dmean2: 2.59004095948e-010
        dvar: 9.26314460805e-020
        dvar2: 2.45218028633e-019
        max: 2.09510146403e-028
        mean: -7.56903872912e-010
        median: -6.05028693812e-010
        min: -5.38174926845e-009
        var: 5.76639805925e-019
    spectral_energy:
        dmean: 0.000724313606042
        dmean2: 0.0011732528219
        dvar: 2.02523619919e-006
        dvar2: 5.4112529142e-006
        max: 0.024940520525
        mean: 0.00344451121055
        median: 0.0027216556482
        min: 1.001856601e-020
        var: 1.21610291899e-005
    spectral_energyband_high:
        dmean: 0.000147493337863
        dmean2: 0.00025120988721
        dvar: 1.07863385779e-007
        dvar2: 3.01750816334e-007
        max: 0.00660684937611
        mean: 0.000384861632483
        median: 0.000212532351725
        min: 6.93244319406e-021
        var: 2.48816917292e-007
    spectral_energyband_low:
        dmean: 0.000186645702343
        dmean2: 0.000295582809485
        dvar: 9.62283550621e-008
        dvar2: 2.48215258125e-007
        max: 0.00517050456256
        mean: 0.000411597458879
        median: 0.000218127388507
        min: 1.10762397757e-023
        var: 2.50529467394e-007
    spectral_energyband_middle_high:
        dmean: 0.000429489038652
        dmean2: 0.000693624606356
        dvar: 6.71693896948e-007
        dvar2: 1.7376158894e-006
        max: 0.0157081335783
        mean: 0.00174109591171
        median: 0.000942536513321
        min: 1.04394999676e-021
        var: 4.05281343774e-006
    spectral_energyband_middle_low:
        dmean: 0.000342776707839
        dmean2: 0.000550321186893
        dvar: 4.18189216589e-007
        dvar2: 1.0850592389e-006
        max: 0.0114072375
        mean: 0.00101106264628
        median: 0.000627094123047
        min: 1.31896823912e-022
        var: 1.31593344577e-006
    spectral_flatness_db:
        dmean: 0.0164692681283
        dmean2: 0.0249013900757
        dvar: 0.000354439311195
        dvar2: 0.000734895642381
        max: 0.5419459939
        mean: 0.192072808743
        median: 0.148467063904
        min: 0.0440110117197
        var: 0.00978595949709
    spectral_flux:
        dmean: 0.00489011127502
        dmean2: 0.00772415893152
        dvar: 4.66267410957e-005
        dvar2: 0.000103360180219
        max: 0.128075584769
        mean: 0.0280334874988
        median: 0.0264186859131
        min: 6.40271169416e-011
        var: 0.000495952437632
    spectral_kurtosis:
        dmean: 5.70535945892
        dmean2: 9.50716209412
        dvar: 167.884109497
        dvar2: 460.526855469
        max: 214.19480896
        mean: 17.3403587341
        median: 4.00574445724
        min: -1.27935624123
        var: 1113.30859375
    spectral_rms:
        dmean: 0.000162904383615
        dmean2: 0.000256545492448
        dvar: 5.61789441633e-008
        dvar2: 1.43476725611e-007
        max: 0.00493276957422
        mean: 0.00150295207277
        median: 0.00162950111553
        min: 3.12637350904e-012
        var: 1.10162386591e-006
    spectral_rolloff:
        dmean: 317.371734619
        dmean2: 515.896850586
        dvar: 310264.9375
        dvar2: 629002.625
        max: 19702.8808594
        mean: 2861.93676758
        median: 3273.046875
        min: 129.19921875
        var: 6518533.5
    spectral_skewness:
        dmean: 0.41661092639
        dmean2: 0.673386693001
        dvar: 0.496379643679
        dvar2: 1.30023491383
        max: 11.9557113647
        mean: 2.34170103073
        median: 1.42552006245
        min: -0.112961620092
        var: 4.87592411041
    spectral_spread:
        dmean: 493888.75
        dmean2: 724540.875
        dvar: 693898182656
        dvar2: 1.291026432e+012
        max: 48010524
        mean: 4648717
        median: 4129265.25
        min: 415790.375
        var: 2.50004488847e+013
    spectral_strongpeak:
        dmean: 0.354823499918
        dmean2: 0.620709478855
        dvar: 0.56322234869
        dvar2: 1.51148939133
        max: 9.70640563965
        mean: 0.472884476185
        median: 0.112214773893
        min: 0
        var: 0.802042782307
    zerocrossingrate:
        dmean: 0.00744926789775
        dmean2: 0.00853373575956
        dvar: 9.6977877547e-005
        dvar2: 9.57891825237e-005
        max: 0.541015625
        mean: 0.0864835381508
        median: 0.09521484375
        min: 0.00390625
        var: 0.00467378972098
    barkbands:
        dmean: [1.7381958628e-007, 4.57454952993e-005, 0.00013254355872, 9.507228242e-005, 0.000203176212381, 9.03448380996e-005, 6.53860261082e-005, 5.27557058376e-005, 4.01590914407e-005, 3.58471697837e-005, 3.38510035363e-005, 4.72121064377e-005, 5.0325106713e-005, 5.59840445931e-005, 4.64749209641e-005, 9.33080518735e-005, 0.000152542663272, 0.00010113020835, 0.000140409712913, 0.000157694652444, 5.76664497203e-005, 1.62207343237e-005, 3.0227336083e-006, 2.00075669454e-006, 1.1212548543e-006, 4.27651833945e-008, 4.66988558934e-010]
        dmean2: [2.75103133163e-007, 7.29413222871e-005, 0.000210817117477, 0.000155805319082, 0.00032811955316, 0.00014788180124, 0.000109658110887, 8.40811408125e-005, 6.42525701551e-005, 5.73628494749e-005, 5.45832190255e-005, 7.54696957301e-005, 8.04675873951e-005, 9.07946669031e-005, 7.58512105676e-005, 0.000153687680722, 0.000248296681093, 0.000167365054949, 0.000232376085478, 0.000268496165518, 9.86963132164e-005, 2.71134285867e-005, 4.907550192e-006, 2.9867981084e-006, 1.63215315752e-006, 6.2395166367e-008, 6.92863655338e-010]
        dvar: [1.93663742811e-013, 9.10432262913e-009, 4.93744884977e-008, 3.16818358215e-008, 2.16784826534e-007, 3.13897920989e-008, 2.58960550781e-008, 2.12966124735e-008, 1.54070711744e-008, 1.40941915916e-008, 1.01447543699e-008, 1.71201843813e-008, 2.22310223563e-008, 2.03688426126e-008, 1.33075692688e-008, 4.23754649148e-008, 8.86182149884e-008, 4.58877948972e-008, 8.81894806071e-008, 1.04571519444e-007, 1.77200956131e-008, 1.78038284115e-009, 6.56699972179e-011, 4.47639356138e-011, 1.42066991851e-011, 2.84857010755e-014, 3.28974878812e-018]
        dvar2: [4.34181309612e-013, 2.47619880156e-008, 1.27449212073e-007, 8.5717047682e-008, 5.63988066915e-007, 8.34198772282e-008, 6.89272852128e-008, 5.13684810244e-008, 3.84316649615e-008, 3.44878081648e-008, 2.52413645541e-008, 4.20718677674e-008, 5.41724922698e-008, 4.91497438304e-008, 3.18265023225e-008, 1.06509638442e-007, 2.17213639075e-007, 1.16273675133e-007, 2.28061708185e-007, 2.92484315878e-007, 4.8397133412e-008, 4.41825376285e-009, 1.55449139672e-010, 8.16738066067e-011, 2.77427889689e-011, 5.17351427269e-014, 5.4273437572e-018]
        max: [6.4104951889e-006, 0.00129589613061, 0.00325785740279, 0.00330238929018, 0.00938725844026, 0.00346517655998, 0.00456110667437, 0.0056271487847, 0.00317128072493, 0.00341772660613, 0.00268848659471, 0.00389920268208, 0.00319807743654, 0.0027601798065, 0.00349761731923, 0.00697229010984, 0.00534243462607, 0.00442869588733, 0.00524957757443, 0.00656561041251, 0.00300809997134, 0.00158159714192, 0.000274400284979, 0.000183704527444, 0.000156518595759, 9.10197923076e-006, 8.99394549947e-008]
        mean: [2.5286757932e-007, 9.00411687326e-005, 0.00024444310111, 0.000157278147526, 0.000386305036955, 0.000182478688657, 0.000106361454527, 8.94903278095e-005, 6.6725006036e-005, 6.03501794103e-005, 5.71431264689e-005, 8.4244122263e-005, 8.56213373481e-005, 0.000100140372524, 9.14139745873e-005, 0.000189353944734, 0.000345990469214, 0.000215607477003, 0.000318528414937, 0.000400404358516, 0.000126852566609, 3.23702915921e-005, 6.19665297563e-006, 4.46889225714e-006, 2.37194717556e-006, 7.66653656115e-008, 8.0198370167e-010]
        median: [3.52110873791e-008, 3.53966206603e-005, 0.000100896184449, 6.03391890763e-005, 0.00016056583263, 7.95032028691e-005, 3.98104384658e-005, 2.09791178349e-005, 1.61843054229e-005, 1.24158168546e-005, 1.38888171932e-005, 1.78857480932e-005, 1.63201802934e-005, 3.032085624e-005, 3.46816086676e-005, 7.26462894818e-005, 0.000121179466078, 0.000120232267363, 0.000142554752529, 0.000198595487745, 6.86697094352e-005, 1.04346545413e-005, 1.90987361748e-006, 1.04947821455e-006, 5.23953247011e-007, 1.27852839427e-008, 1.70041106196e-010]
        min: [6.33153321077e-026, 1.54641113225e-024, 5.54875590224e-025, 3.37410551001e-025, 6.35986682651e-024, 4.45839610614e-024, 4.28995458135e-024, 5.93416395547e-024, 1.00599581602e-023, 1.50017283915e-023, 8.15169653068e-024, 2.49918550067e-023, 2.38147467406e-023, 1.93101348239e-023, 3.97154610197e-023, 4.15940859339e-023, 4.95267670671e-023, 8.81946996908e-023, 1.35641944215e-022, 1.27849904359e-022, 1.87188147868e-022, 2.93530775699e-022, 3.32858887081e-022, 5.78558211441e-022, 7.60156970562e-022, 1.30007336699e-021, 1.95107349577e-021]
        var: [2.96545692733e-013, 1.72888050542e-008, 1.08826363032e-007, 5.76819658704e-008, 3.76350357101e-007, 7.25418871639e-008, 4.70445513656e-008, 4.95042655757e-008, 3.04088274561e-008, 2.90667987457e-008, 1.76998007362e-008, 4.33909157493e-008, 5.06570074776e-008, 4.78193378228e-008, 3.50049091935e-008, 1.04163454751e-007, 3.2569445807e-007, 1.11067080866e-007, 2.19822496206e-007, 2.58240191897e-007, 3.57647103044e-008, 4.35455671521e-009, 1.70131159161e-010, 1.52901080686e-010, 4.49307119288e-011, 7.25010261787e-014, 1.01632828091e-017]
    frequency_bands:
        dmean: [1.7381958628e-007, 4.57454952993e-005, 0.00013254355872, 9.507228242e-005, 0.000203176212381, 9.03448380996e-005, 6.53860261082e-005, 5.27557058376e-005, 4.01590914407e-005, 3.58471697837e-005, 3.38510035363e-005, 4.72121064377e-005, 5.0325106713e-005, 5.59840445931e-005, 4.64749209641e-005, 9.33080518735e-005, 0.000152542663272, 0.00010113020835, 0.000140409712913, 0.000157694652444, 5.76664497203e-005, 1.62207343237e-005, 3.0227336083e-006, 2.00075669454e-006, 1.1212548543e-006, 4.27651833945e-008, 4.66988558934e-010, 3.98385074929e-011]
        dmean2: [2.75103133163e-007, 7.29413222871e-005, 0.000210817117477, 0.000155805319082, 0.00032811955316, 0.00014788180124, 0.000109658110887, 8.40811408125e-005, 6.42525701551e-005, 5.73628494749e-005, 5.45832190255e-005, 7.54696957301e-005, 8.04675873951e-005, 9.07946669031e-005, 7.58512105676e-005, 0.000153687680722, 0.000248296681093, 0.000167365054949, 0.000232376085478, 0.000268496165518, 9.86963132164e-005, 2.71134285867e-005, 4.907550192e-006, 2.9867981084e-006, 1.63215315752e-006, 6.2395166367e-008, 6.92863655338e-010, 7.42232386663e-011]
        dvar: [1.93663742811e-013, 9.10432262913e-009, 4.93744884977e-008, 3.16818358215e-008, 2.16784826534e-007, 3.13897920989e-008, 2.58960550781e-008, 2.12966124735e-008, 1.54070711744e-008, 1.40941915916e-008, 1.01447543699e-008, 1.71201843813e-008, 2.22310223563e-008, 2.03688426126e-008, 1.33075692688e-008, 4.23754649148e-008, 8.86182149884e-008, 4.58877948972e-008, 8.81894806071e-008, 1.04571519444e-007, 1.77200956131e-008, 1.78038284115e-009, 6.56699972179e-011, 4.47639356138e-011, 1.42066991851e-011, 2.84857010755e-014, 3.28974878812e-018, 5.99837089387e-021]
        dvar2: [4.34181309612e-013, 2.47619880156e-008, 1.27449212073e-007, 8.5717047682e-008, 5.63988066915e-007, 8.34198772282e-008, 6.89272852128e-008, 5.13684810244e-008, 3.84316649615e-008, 3.44878081648e-008, 2.52413645541e-008, 4.20718677674e-008, 5.41724922698e-008, 4.91497438304e-008, 3.18265023225e-008, 1.06509638442e-007, 2.17213639075e-007, 1.16273675133e-007, 2.28061708185e-007, 2.92484315878e-007, 4.8397133412e-008, 4.41825376285e-009, 1.55449139672e-010, 8.16738066067e-011, 2.77427889689e-011, 5.17351427269e-014, 5.4273437572e-018, 1.93718009265e-020]
        max: [6.4104951889e-006, 0.00129589613061, 0.00325785740279, 0.00330238929018, 0.00938725844026, 0.00346517655998, 0.00456110667437, 0.0056271487847, 0.00317128072493, 0.00341772660613, 0.00268848659471, 0.00389920268208, 0.00319807743654, 0.0027601798065, 0.00349761731923, 0.00697229010984, 0.00534243462607, 0.00442869588733, 0.00524957757443, 0.00656561041251, 0.00300809997134, 0.00158159714192, 0.000274400284979, 0.000183704527444, 0.000156518595759, 9.10197923076e-006, 8.99394549947e-008, 1.0087313207e-009]
        mean: [2.5286757932e-007, 9.00411687326e-005, 0.00024444310111, 0.000157278147526, 0.000386305036955, 0.000182478688657, 0.000106361454527, 8.94903278095e-005, 6.6725006036e-005, 6.03501794103e-005, 5.71431264689e-005, 8.4244122263e-005, 8.56213373481e-005, 0.000100140372524, 9.14139745873e-005, 0.000189353944734, 0.000345990469214, 0.000215607477003, 0.000318528414937, 0.000400404358516, 0.000126852566609, 3.23702915921e-005, 6.19665297563e-006, 4.46889225714e-006, 2.37194717556e-006, 7.66653656115e-008, 8.0198370167e-010, 3.0356165498e-011]
        median: [3.52110873791e-008, 3.53966206603e-005, 0.000100896184449, 6.03391890763e-005, 0.00016056583263, 7.95032028691e-005, 3.98104384658e-005, 2.09791178349e-005, 1.61843054229e-005, 1.24158168546e-005, 1.38888171932e-005, 1.78857480932e-005, 1.63201802934e-005, 3.032085624e-005, 3.46816086676e-005, 7.26462894818e-005, 0.000121179466078, 0.000120232267363, 0.000142554752529, 0.000198595487745, 6.86697094352e-005, 1.04346545413e-005, 1.90987361748e-006, 1.04947821455e-006, 5.23953247011e-007, 1.27852839427e-008, 1.70041106196e-010, 3.79587116947e-012]
        min: [6.33153321077e-026, 1.54641113225e-024, 5.54875590224e-025, 3.37410551001e-025, 6.35986682651e-024, 4.45839610614e-024, 4.28995458135e-024, 5.93416395547e-024, 1.00599581602e-023, 1.50017283915e-023, 8.15169653068e-024, 2.49918550067e-023, 2.38147467406e-023, 1.93101348239e-023, 3.97154610197e-023, 4.15940859339e-023, 4.95267670671e-023, 8.81946996908e-023, 1.35641944215e-022, 1.27849904359e-022, 1.87188147868e-022, 2.93530775699e-022, 3.32858887081e-022, 5.78558211441e-022, 7.60156970562e-022, 1.30007336699e-021, 1.95107349577e-021, 4.70804456601e-022]
        var: [2.96545692733e-013, 1.72888050542e-008, 1.08826363032e-007, 5.76819658704e-008, 3.76350357101e-007, 7.25418871639e-008, 4.70445513656e-008, 4.95042655757e-008, 3.04088274561e-008, 2.90667987457e-008, 1.76998007362e-008, 4.33909157493e-008, 5.06570074776e-008, 4.78193378228e-008, 3.50049091935e-008, 1.04163454751e-007, 3.2569445807e-007, 1.11067080866e-007, 2.19822496206e-007, 2.58240191897e-007, 3.57647103044e-008, 4.35455671521e-009, 1.70131159161e-010, 1.52901080686e-010, 4.49307119288e-011, 7.25010261787e-014, 1.01632828091e-017, 4.46915587543e-021]
    mfcc:
        mean: [-797.352600098, 109.0154953, -19.3751506805, 48.5438499451, -0.545365333557, -6.09821748734, -1.04608035088, -11.0004825592, -6.99026060104, -8.98237133026, -8.45665550232, -1.69451069832, -2.843791008]
        cov: [[21256.3574219, -1430.57250977, -5440.59423828, 2615.07983398, -524.542358398, 314.013183594, 713.193786621, 147.036056519, 777.006286621, 415.957885742, 9.61622047424, 152.709075928, 71.8623199463], [-1430.57250977, 1284.99707031, 449.757354736, -184.06980896, 96.1804962158, -56.6802749634, 20.8264541626, -2.15386080742, -87.3965148926, -31.9304275513, -15.2027196884, 29.8471927643, 28.6296443939], [-5440.59423828, 449.757354736, 2023.74279785, -745.543884277, 99.0092544556, -44.1818237305, -173.079727173, -20.8676109314, -226.664398193, -132.860778809, -16.0280094147, -32.260093689, -1.42025268078], [2615.07983398, -184.06980896, -745.543884277, 721.239013672, 63.114906311, 56.3561630249, 111.281967163, 42.523727417, 157.113479614, 86.7873153687, 1.68228936195, 14.3730401993, 12.1999549866], [-524.542358398, 96.1804962158, 99.0092544556, 63.114906311, 260.562683105, 21.4898910522, -30.8647594452, 17.728805542, 15.3253278732, 23.8133792877, -13.3991203308, 1.01672232151, -0.944699466228], [314.013183594, -56.6802749634, -44.1818237305, 56.3561630249, 21.4898910522, 155.050521851, 69.6240844727, 16.2952690125, 38.0388526917, 22.5581874847, 15.737953186, 5.53453969955, 11.9596185684], [713.193786621, 20.8264541626, -173.079727173, 111.281967163, -30.8647594452, 69.6240844727, 189.190658569, 65.6701812744, 49.3584899902, 37.4256401062, 18.4521465302, 20.0849227905, 12.5284471512], [147.036056519, -2.15386080742, -20.8676109314, 42.523727417, 17.728805542, 16.2952690125, 65.6701812744, 112.291030884, 48.8777580261, 15.2415723801, 0.247864887118, 8.61168861389, 7.6168217659], [777.006286621, -87.3965148926, -226.664398193, 157.113479614, 15.3253278732, 38.0388526917, 49.3584899902, 48.8777580261, 128.958892822, 53.6021575928, -2.38939094543, 3.32966351509, 5.94401550293], [415.957885742, -31.9304275513, -132.860778809, 86.7873153687, 23.8133792877, 22.5581874847, 37.4256401062, 15.2415723801, 53.6021575928, 101.966590881, 33.9424171448, 9.41275691986, 4.53390264511], [9.61622047424, -15.2027196884, -16.0280094147, 1.68228936195, -13.3991203308, 15.737953186, 18.4521465302, 0.247864887118, -2.38939094543, 33.9424171448, 94.0680007935, 30.9787349701, -7.77154493332], [152.709075928, 29.8471927643, -32.260093689, 14.3730401993, 1.01672232151, 5.53453969955, 20.0849227905, 8.61168861389, 3.32966351509, 9.41275691986, 30.9787349701, 73.238609314, 22.9265403748], [71.8623199463, 28.6296443939, -1.42025268078, 12.1999549866, -0.944699466228, 11.9596185684, 12.5284471512, 7.6168217659, 5.94401550293, 4.53390264511, -7.77154493332, 22.9265403748, 64.5809707642]]
        icov: [[0.000211879450944, 1.37052411446e-005, 0.000400093529606, -0.0003269034205, 0.000392630405258, -0.000209790028748, -5.49756514374e-005, -1.57917784236e-005, -5.91936041019e-005, -0.000127446619445, 0.000304472603602, -0.000303308916045, 4.45426921942e-005], [1.37052411446e-005, 0.000969358196016, -0.00014066255244, 9.47498629102e-005, -0.00046950855176, 0.000576041988097, -0.000778789981268, 0.000301231804769, 0.000297748541925, 3.02196385746e-005, 0.000205657081096, -0.000360806530807, -0.000340652914019], [0.000400093529606, -0.00014066255244, 0.00174048764165, 0.000195092332433, 0.000269806332653, -0.000735505542252, 0.00035218897392, -0.000669378729071, 0.000600329542067, 9.13260228117e-005, 0.000331336370436, -0.000129086896777, -0.000206612341572], [-0.0003269034205, 9.47498629102e-005, 0.000195092332433, 0.00331950816326, -0.00171521690208, 0.000528477772605, -0.000831076118629, 0.000546658819076, -0.00164147128817, 0.000309404626023, -0.000557180377655, 0.000650800880976, -0.000495974207297], [0.000392630405258, -0.00046950855176, 0.000269806332653, -0.00171521690208, 0.00599258346483, -0.00202008034103, 0.00235615973361, -0.00173402670771, 0.000554521277081, -0.00243335403502, 0.00221380311996, -0.00158808403648, 0.00126035697758], [-0.000209790028748, 0.000576041988097, -0.000735505542252, 0.000528477772605, -0.00202008034103, 0.00940869748592, -0.0042559672147, 0.0023810332641, -0.00262047280557, 0.00130369164981, -0.00225878623314, 0.00152077886742, -0.00202708435245], [-5.49756514374e-005, -0.000778789981268, 0.00035218897392, -0.000831076118629, 0.00235615973361, -0.0042559672147, 0.0104413628578, -0.00572788482532, 0.00152686005458, -0.00223750644363, 0.00025400693994, -0.00120210414752, 0.000517634558491], [-1.57917784236e-005, 0.000301231804769, -0.000669378729071, 0.000546658819076, -0.00173402670771, 0.0023810332641, -0.00572788482532, 0.0143357794732, -0.00612581335008, 0.00211862078868, -0.000532961217687, -0.000270270276815, -0.000832976715174], [-5.91936041019e-005, 0.000297748541925, 0.000600329542067, -0.00164147128817, 0.000554521277081, -0.00262047280557, 0.00152686005458, -0.00612581335008, 0.0165603943169, -0.00650586467236, 0.00340873585083, -0.000495773041621, 0.000695573689882], [-0.000127446619445, 3.02196385746e-005, 9.13260228117e-005, 0.000309404626023, -0.00243335403502, 0.00130369164981, -0.00223750644363, 0.00211862078868, -0.00650586467236, 0.0167070757598, -0.00732328929007, 0.00252117495984, -0.00237127253786], [0.000304472603602, 0.000205657081096, 0.000331336370436, -0.000557180377655, 0.00221380311996, -0.00225878623314, 0.00025400693994, -0.000532961217687, 0.00340873585083, -0.00732328929007, 0.017361138016, -0.00860682781786, 0.0054918974638], [-0.000303308916045, -0.000360806530807, -0.000129086896777, 0.000650800880976, -0.00158808403648, 0.00152077886742, -0.00120210414752, -0.000270270276815, -0.000495773041621, 0.00252117495984, -0.00860682781786, 0.0203831531107, -0.00807131454349], [4.45426921942e-005, -0.000340652914019, -0.000206612341572, -0.000495974207297, 0.00126035697758, -0.00202708435245, 0.000517634558491, -0.000832976715174, 0.000695573689882, -0.00237127253786, 0.0054918974638, -0.00807131454349, 0.0196953844279]]
    sccoeffs:
        dmean: [0.0450474992394, 0.0406184494495, 0.0312800258398, 0.027891902253, 0.0198349095881, 0.0172596350312]
        dmean2: [0.0739391893148, 0.0671412721276, 0.0516430959105, 0.0458982847631, 0.0325683318079, 0.0278922151774]
        dvar: [0.00138000911102, 0.00110566068906, 0.000668678490911, 0.00055424857419, 0.000317562749842, 0.00030583984335]
        dvar2: [0.00367734837346, 0.0030342603568, 0.0017864900874, 0.00142970890738, 0.000790817604866, 0.000741515075788]
        max: [-0.311590671539, -0.454838454723, -0.539857983589, -0.571152806282, -0.591292738914, -0.562499880791]
        mean: [-0.647699594498, -0.74815428257, -0.819112539291, -0.809638977051, -0.816222369671, -0.78877645731]
        median: [-0.646848857403, -0.747583270073, -0.823690950871, -0.812321007252, -0.810679972172, -0.77845364809]
        min: [-0.983138263226, -0.980246961117, -0.982869744301, -0.980910360813, -0.978758275509, -0.965659677982]
        var: [0.00621955282986, 0.00393031397834, 0.00273950817063, 0.0027144192718, 0.00206439872272, 0.00384562485851]
    scvalleys:
        dmean: [0.365036994219, 0.325630575418, 0.30611127615, 0.281471282244, 0.242923974991, 0.262925714254]
        dmean2: [0.595250666142, 0.531455755234, 0.493844479322, 0.444771528244, 0.36466768384, 0.379899770021]
        dvar: [0.10329092294, 0.0834766030312, 0.0881192758679, 0.0865415334702, 0.105832532048, 0.145431384444]
        dvar2: [0.248596295714, 0.20333057642, 0.200272351503, 0.190516874194, 0.198500990868, 0.276014655828]
        max: [-5.33639240265, -4.83482170105, -5.05367946625, -5.46039009094, -5.25344228745, -7.40072822571]
        mean: [-7.75250005722, -7.54641056061, -8.22177696228, -8.43134021759, -8.41819190979, -11.2089529037]
        median: [-7.009288311, -6.93694448471, -7.3590388298, -7.30841779709, -6.91392612457, -9.85856628418]
        min: [-28.4758033752, -27.9695835114, -27.8826332092, -27.7728691101, -27.5279884338, -27.5010204315]
        var: [7.848051548, 7.58112192154, 7.92066049576, 8.81606483459, 10.411655426, 9.58970832825]

rhythm:
    beats_loudness:
        dmean: 0.00104573857971
        dmean2: 0.0018911465304
        dvar: 2.13280600292e-006
        dvar2: 7.07166555003e-006
        max: 0.0128840561956
        mean: 0.00301782530732
        median: 0.000652318471111
        min: 0
        var: 1.21412558656e-005
    bpm: 80.0234909058
    bpm_confidence: 0
    first_peak_bpm: 161
    first_peak_spread: 0.354430347681
    first_peak_weight: 0.251231521368
    onset_rate: 2.14928841591
    second_peak_bpm: 80
    second_peak_spread: 0.0315789915621
    second_peak_weight: 0.302134633064
    beats_loudness_band_ratio:
        dmean: [0.131735935807, 0.157866925001, 0.0795910060406, 0.0617593787611, 0.0910417735577, 0.0797879844904]
        dmean2: [0.226269468665, 0.283896625042, 0.13676738739, 0.112482234836, 0.157449215651, 0.141083285213]
        dvar: [0.0180296674371, 0.018868310377, 0.00710009038448, 0.00677791470662, 0.0120114544407, 0.0136224748567]
        dvar2: [0.0456554554403, 0.0551722534001, 0.0199895054102, 0.0189090650529, 0.0324722267687, 0.0386623777449]
        max: [0.977921187878, 0.882037997246, 0.650061070919, 0.641363024712, 0.708647966385, 0.720932483673]
        mean: [0.266089230776, 0.30703368783, 0.123485699296, 0.0755315348506, 0.15770713985, 0.14263908565]
        median: [0.19421851635, 0.238472238183, 0.0890585482121, 0.0431219786406, 0.148105829954, 0.120285153389]
        min: [0, 0, 0, 0, 0, 0]
        var: [0.054007191211, 0.0490163601935, 0.0116174584255, 0.00821572169662, 0.0221107918769, 0.0205152500421]
    beats_position: [0.406349211931, 0.812698423862, 1.21904754639, 1.63700675964, 2.03174591064, 2.41487526894, 2.79800438881, 3.16952371597, 3.55265307426, 3.92417216301, 4.29569149017, 4.66721057892, 5.05034017563, 5.42185926437, 5.80498838425, 6.17650794983, 6.54802703857, 6.91954612732, 7.2910656929, 7.67419481277, 8.04571437836, 8.42884349823, 8.8119726181, 9.25315189362, 9.69433116913, 10.1355104446, 10.5882987976, 11.0526981354, 11.505487442, 11.9582767487, 12.4110651016, 12.8638544083, 13.3166437149, 13.7810430527, 14.2454423904, 14.7098407745, 15.1045799255, 15.4993190765, 15.8940582275, 16.2771873474, 16.6487064362, 17.031835556, 17.4149665833, 17.786485672, 18.1580047607, 18.5295238495, 18.9126529694, 19.2841720581, 19.667301178, 20.062040329, 20.4451694489, 20.8166885376, 21.1765975952, 21.548116684, 21.9196376801, 22.2795467377, 22.6626758575, 23.0341949463, 23.405714035, 23.7772331238, 24.1487522125, 24.5202713013, 24.9034004211, 25.286529541, 25.6696586609, 26.0643978119, 26.4475269318, 26.8190479279, 27.1905670166, 27.5620861053, 27.9336051941, 28.3051242828, 28.6766433716, 29.0481624603, 29.4312915802, 29.8144207001, 30.1859397888, 30.5574588776, 30.9289798737, 31.2888889313, 31.6487979889, 32.0087051392, 32.3802261353, 32.8214035034, 33.2625846863, 33.7153739929, 34.2842636108, 34.8531494141, 35.4104309082, 36.0722007751, 36.7339668274, 37.3957366943, 38.0458946228, 38.6844444275, 39.3113822937, 39.9383201599, 40.5536499023, 41.1805877686, 41.8075294495, 42.4344673157, 43.0730133057, 43.6999549866, 44.3268928528, 44.9422225952, 45.5691604614, 46.2425384521, 46.9043083191, 47.5776863098, 48.2510643005, 48.9128341675, 49.5513839722, 50.2015419006, 50.7936515808, 51.3857574463, 51.9778671265, 52.5699768066, 53.1620864868, 53.7541923523, 54.3346939087, 54.9151916504, 55.4840812683, 56.0529708862, 56.4709281921, 56.8656692505, 57.2720184326, 57.6783676147, 58.0614967346, 58.4562339783, 58.8393630981, 59.222492218, 59.6172332764, 60.01197052, 60.4067115784, 60.8130607605, 61.2194099426, 61.6257591248, 62.0321083069, 62.4268455505, 62.8331947327, 63.2395439148, 63.6458930969, 64.0638504028, 64.4818115234, 64.9113845825, 65.3409500122, 65.7472991943, 66.1536483765, 66.5483856201, 66.9199066162, 67.3030395508, 67.686164856, 68.0692977905, 68.4292068481, 68.8007278442, 69.1722412109, 69.5321502686, 69.9036712646, 70.2751922607, 70.6583175659, 71.029838562, 71.4129714966, 71.7960968018, 72.1676177979, 72.5391387939, 72.91065979, 73.2821731567, 73.6769180298, 74.0716552734, 74.5476608276, 75.0352783203, 75.5229034424, 76.0105209351, 76.4865264893, 76.9625396729, 77.3572769165, 77.7404098511, 78.1351470947, 78.5182723999, 78.9014053345, 79.2961425781, 79.6908798218, 80.0972290039, 80.4571380615, 80.8170471191, 81.1769561768, 81.5368728638, 81.9199981689, 82.291519165, 82.6746444702, 83.0577774048, 83.4292984009, 83.8124237061, 84.1839447021, 84.5554656982, 84.9385910034, 85.298500061, 85.6700210571, 86.0299301147, 86.4014511108, 86.784576416, 87.1677093506, 87.5392303467, 87.9107437134, 88.2822647095, 88.665397644, 89.0485229492, 89.4200439453, 89.8031692505, 90.1863021851, 90.5578231812, 90.9293441772, 91.3008575439, 91.67237854, 92.0438995361, 92.4154205322, 92.7869338989, 93.1700668335, 93.5531921387, 93.9247131348, 94.2962341309, 94.667755127, 95.039276123, 95.4224014282, 95.7939224243, 96.1654434204, 96.5369567871, 96.9200897217, 97.2916107178, 97.6631240845, 98.0346450806, 98.4177780151, 98.7892990112, 99.1724243164, 99.5439453125, 99.9154663086, 100.298591614, 100.681724548, 101.053237915, 101.424758911, 101.807891846, 102.179405212, 102.562538147, 102.934059143, 103.305580139, 103.677093506, 104.048614502, 104.420135498, 104.791656494, 105.174781799, 105.557914734, 105.929428101, 106.300949097, 106.672470093, 107.043991089, 107.427116394, 107.810249329, 108.181770325, 108.553283691, 108.924804688, 109.296325684, 109.66784668, 110.050971985, 110.434104919, 110.805618286, 111.177139282, 111.548660278, 111.920181274, 112.291702271, 112.663215637, 113.034736633, 113.417869568, 113.800994873, 114.172515869, 114.544036865, 114.915550232, 115.298683167, 115.681808472, 116.053329468, 116.424850464, 116.79637146, 117.167892456, 117.539405823, 117.922538757, 118.305664063, 118.677185059, 119.048706055, 119.420227051, 119.791740417, 120.163261414, 120.546394348, 120.929519653, 121.312652588, 121.695777893, 122.067298889, 122.438819885, 122.810340881, 123.170249939, 123.58820343, 124.006164551, 124.412513733, 124.842086792, 125.271652222, 125.701225281, 126.13079071, 126.548751831, 126.966712952, 127.384666443, 127.895507813, 128.406341553, 128.905578613, 129.497680664, 130.078186035, 130.658676147, 131.274017334, 131.889343262, 132.516281128, 133.119995117, 133.735321045, 134.431930542, 135.140136719, 135.894775391, 136.66104126, 137.41569519, 138.158721924, 138.913375854, 139.668029785, 140.422668457, 141.165710449, 141.92036438, 142.663391113, 143.406433105, 144.137863159, 144.89251709, 145.647155762, 146.401809692, 147.144851685, 147.887893677, 148.63092041, 149.397186279, 150.15184021, 150.906478882, 151.649520874, 152.392562866, 153.147201538, 153.901855469, 154.644897461, 155.387939453, 156.130966187, 156.885620117, 157.640274048, 158.39491272, 159.137954712, 159.892608643, 160.647247314, 161.401901245, 162.144943237, 162.899581909, 163.642623901, 164.397277832, 165.140319824, 165.883346558, 166.638000488, 167.392654419, 168.147293091, 168.901947021, 169.644989014, 170.399627686, 171.142669678, 171.897323608, 172.65196228, 173.406616211, 174.149658203, 174.892700195, 175.647338867, 176.401992798, 177.14503479, 177.899673462, 178.654327393, 179.397369385, 180.152008057, 180.906661987, 181.649703979, 182.392745972, 183.135772705, 183.902038574, 184.645080566, 185.3881073, 186.14276123, 186.897415161, 187.652053833, 188.406707764, 189.149749756, 189.892791748, 190.64743042, 191.402084351, 192.145126343, 192.888153076, 193.642807007, 194.397460938, 195.152099609, 195.90675354, 196.649795532, 197.392837524, 198.147476196, 198.902130127, 199.645172119, 200.399810791, 201.154464722, 201.897506714, 202.640533447, 203.406799316, 204.161453247, 204.916091919, 205.659133911, 206.402175903, 207.156814575, 207.899856567, 208.654510498, 209.39755249, 210.152191162, 210.906845093, 211.649887085, 212.404525757, 213.147567749, 213.90222168, 214.645263672, 215.399902344, 216.154556274, 216.897598267, 217.652236938, 218.406890869, 219.1615448, 219.916183472, 220.659225464, 221.402267456, 222.156906128, 222.911560059, 223.654602051, 224.397644043, 225.140670776, 225.895324707, 226.649978638, 227.393005371, 228.136047363, 228.890701294, 229.645339966, 230.399993896, 231.143035889, 231.897689819, 232.652328491, 233.406982422, 234.150024414, 234.893051147, 235.647705078, 236.402359009, 237.145385742, 237.888427734, 238.643081665, 239.397735596, 240.152374268, 240.907028198, 241.65007019, 242.393096924, 243.147750854, 243.902404785, 244.657043457, 245.411697388, 246.15473938, 246.897766113, 247.640808105, 248.395462036, 249.150115967, 249.916366577, 250.659408569, 251.402450562, 252.157089233, 252.911743164, 253.654785156, 254.39781189, 255.15246582, 255.907119751, 256.650146484, 257.393188477, 258.147827148, 258.902496338, 259.64553833, 260.400177002, 261.143218994, 261.897857666, 262.652526855, 263.407165527, 264.15020752, 264.893249512, 265.647888184, 266.402526855, 267.145568848, 267.88861084, 268.643249512, 269.397918701, 270.152557373, 270.907196045, 271.650238037, 272.393280029, 273.147918701, 273.902587891, 274.657226563, 275.411865234, 276.154907227, 276.897949219, 277.652587891, 278.221496582, 278.790374756, 279.370880127, 279.77722168, 280.183563232, 280.601531982, 281.007873535, 281.402618408, 281.774139404, 282.1456604, 282.528778076, 282.91192627, 283.283447266, 283.654968262, 284.026489258, 284.398010254, 284.76953125, 285.152648926, 285.535766602, 285.907287598, 286.278808594, 286.65032959, 287.021850586, 287.404968262, 287.788116455, 288.171234131, 288.554382324, 288.94909668, 289.332244873, 289.715362549, 290.133331299, 290.551300049, 290.969238281, 291.387207031, 291.805175781, 292.223114014, 292.641082764, 293.059051514, 293.476989746, 293.894958496, 294.312927246, 294.730865479, 295.148834229, 295.566802979, 295.984771729, 296.402709961, 296.820678711, 297.215423584, 297.610168457, 298.004882813, 298.399627686, 298.794372559, 299.177490234, 299.560638428, 299.955383301, 300.326873779, 300.698394775, 301.069915771, 301.441436768, 301.812957764, 302.18447876, 302.544403076, 302.915924072, 303.287445068, 303.670562744, 304.04208374, 304.413604736, 304.785125732, 305.156646729, 305.516540527, 305.876464844, 306.24798584, 306.619506836, 306.979400635, 307.350921631, 307.722442627, 308.093963623, 308.465484619, 308.837005615, 309.208526611, 309.580047607, 309.951568604, 310.311462402, 310.671386719, 311.042907715, 311.414428711, 311.785949707, 312.157440186, 312.528961182, 312.912109375, 313.318450928, 313.72479248, 314.131164551, 314.537506104, 314.943847656, 315.350189209, 315.744934082, 316.139678955, 316.534423828, 316.929168701]
