
metadata:
    version:
        essentia: "2.1-beta2"
    audio_properties:
        analysis_sample_rate: 44100
        bitrate: 320
        channels: 2
        equal_loudness: 1
        length: 264.698760986
        replay_gain: -14.3782157898
        downmix: "mix"
    tags:
        album: "Sehnsucht [Limited Edition]"
        artist: "Rammstein"
        comment: ""
        date: "1998"
        genre: "Industrial"
        title: "Engel"
        tracknumber: "2"

configuration:
    average_loudness:
        compute: 1
        frameSize: 88200
        hopSize: 44100
        silentFrames: "noise"
        windowType: "hann"
    general:
        analysisSampleRate: 44100
        endTime: 2000
        equalLoudness: 1
        nequalLoudness: 0
        shortSound: 0
        startTime: 0
    lowlevel:
        compute: 1
        frameSize: 2048
        hopSize: 1024
        zeroPadding: 0
        silentFrames: "noise"
        windowType: "blackmanharris62"
        mfccStats: ["mean", "cov", "icov"]
        stats: ["mean", "var", "median", "min", "max", "dmean", "dmean2", "dvar", "dvar2"]
    panning:
        compute: 0
        frameSize: 8192
        hopSize: 2048
        zeroPadding: 8192
        silentFrames: "noise"
        windowType: "hann"
        stats: ["copy"]
    rhythm:
        compute: 1
        maxTempo: 208
        minTempo: 40
        method: "degara"
        stats: ["mean", "var", "median", "min", "max", "dmean", "dmean2", "dvar", "dvar2"]
    segmentation:
        compute: 0
        cpw: 5
        inc1: 300
        inc2: 50
        minimumSegmentsLength: 10
        size1: 1000
        size2: 600
    sfx:
        compute: 1
        stats: ["mean", "var", "median", "min", "max", "dmean", "dmean2", "dvar", "dvar2"]
    svm:
        compute: 0
    tonal:
        compute: 1
        frameSize: 4096
        hopSize: 2048
        zeroPadding: 0
        silentFrames: "noise"
        windowType: "blackmanharris62"
        stats: ["mean", "var", "median", "min", "max", "dmean", "dmean2", "dvar", "dvar2"]

lowlevel:
    average_loudness: 0.577501118183
    barkbands_kurtosis:
        dmean: 23.9738960266
        dmean2: 40.0818748474
        dvar: 35924.828125
        dvar2: 95645.5859375
        max: 7227.13964844
        mean: 35.6672859192
        median: -0.775759160519
        min: -1.93108046055
        var: 75275.6953125
    barkbands_skewness:
        dmean: 0.806557297707
        dmean2: 1.25599348545
        dvar: 4.64071083069
        dvar2: 12.546998024
        max: 10.3500204086
        mean: -1.04177427292
        median: -0.541034400463
        min: -61.1298370361
        var: 21.8592529297
    barkbands_spread:
        dmean: 6.55539178848
        dmean2: 10.1995134354
        dvar: 44.5236778259
        dvar2: 98.9318695068
        max: 75.6944046021
        mean: 30.622013092
        median: 31.0983543396
        min: 0.00691859330982
        var: 183.805145264
    dissonance:
        dmean: 0.00991804432124
        dmean2: 0.0170940794051
        dvar: 0.000335301476298
        dvar2: 0.000973271089606
        max: 0.500000059605
        mean: 0.483724236488
        median: 0.488746911287
        min: 0.158908680081
        var: 0.000376595882699
    hfc:
        dmean: 2.6267285347
        dmean2: 4.0352935791
        dvar: 17.3705406189
        dvar2: 42.9700202942
        max: 46.3897895813
        mean: 7.58358383179
        median: 5.81623935699
        min: 1.1277551508e-016
        var: 51.7126846313
    pitch:
        dmean: 811.476989746
        dmean2: 1546.78527832
        dvar: 1541314.75
        dvar2: 3574939.25
        max: 5318.53710938
        mean: 1825.75366211
        median: 1592.18566895
        min: 61.961730957
        var: 2449766.25
    pitch_instantaneous_confidence:
        dmean: 0.0848324373364
        dmean2: 0.136495858431
        dvar: 0.00559849943966
        dvar2: 0.0133669199422
        max: 0.999155700207
        mean: 0.4643265903
        median: 0.42821586132
        min: 0.10280829668
        var: 0.0320226997137
    pitch_salience:
        dmean: 0.0637752711773
        dmean2: 0.103806592524
        dvar: 0.00356528488919
        dvar2: 0.00902565289289
        max: 0.951839983463
        mean: 0.624961495399
        median: 0.659745752811
        min: 0.0148789118975
        var: 0.0246145427227
    silence_rate_20dB:
        dmean: 0
        dmean2: 0
        dvar: 0
        dvar2: 0
        max: 1
        mean: 1
        median: 1
        min: 1
        var: 0
    silence_rate_30dB:
        dmean: 0
        dmean2: 0
        dvar: 0
        dvar2: 0
        max: 1
        mean: 1
        median: 1
        min: 1
        var: 0
    silence_rate_60dB:
        dmean: 0.103157892823
        dmean2: 0.206333890557
        dvar: 0.0925056636333
        dvar2: 0.190428704023
        max: 1
        mean: 0.512937486172
        median: 1
        min: 0
        var: 0.249840915203
    spectral_centroid:
        dmean: 315.649627686
        dmean2: 473.484771729
        dvar: 139596.015625
        dvar2: 299906.71875
        max: 11687.4853516
        mean: 1956.12133789
        median: 2058.4621582
        min: 148.79284668
        var: 617203.4375
    spectral_complexity:
        dmean: 3.67385959625
        dmean2: 5.65400457382
        dvar: 22.6067676544
        dvar2: 48.717540741
        max: 51
        mean: 12.4532938004
        median: 11
        min: 0
        var: 95.1939163208
    spectral_crest:
        dmean: 2.01740193367
        dmean2: 3.31020188332
        dvar: 3.70521783829
        dvar2: 9.18815994263
        max: 26.9903030396
        mean: 8.53992652893
        median: 7.11146879196
        min: 2.56026244164
        var: 23.0928325653
    spectral_decrease:
        dmean: 2.3356433454e-010
        dmean2: 3.58416019086e-010
        dvar: 1.30379355121e-019
        dvar2: 3.02448690662e-019
        max: 1.44484251467e-028
        mean: -7.75004671549e-010
        median: -6.57640220059e-010
        min: -3.91003318612e-009
        var: 3.95349552053e-019
    spectral_energy:
        dmean: 0.00108640594408
        dmean2: 0.00166385469493
        dvar: 2.87622629003e-006
        dvar2: 6.72340866004e-006
        max: 0.0184764210135
        mean: 0.00361290713772
        median: 0.00305069214664
        min: 1.02579402855e-020
        var: 8.88261638465e-006
    spectral_energyband_high:
        dmean: 0.000207572011277
        dmean2: 0.000323714222759
        dvar: 1.30437626922e-007
        dvar2: 3.24600648582e-007
        max: 0.00645295344293
        mean: 0.000423455814598
        median: 0.000222212896915
        min: 7.20419868247e-021
        var: 2.6487967375e-007
    spectral_energyband_low:
        dmean: 0.000252792204265
        dmean2: 0.000408048479585
        dvar: 2.71673144425e-007
        dvar2: 6.99867655385e-007
        max: 0.00544297276065
        mean: 0.00036314089084
        median: 0.000140190546517
        min: 1.40843525785e-023
        var: 3.61200079624e-007
    spectral_energyband_middle_high:
        dmean: 0.000681699893903
        dmean2: 0.00106929533649
        dvar: 9.37614061058e-007
        dvar2: 2.24069276555e-006
        max: 0.0123542724177
        mean: 0.00201392127201
        median: 0.00141890114173
        min: 1.27953642724e-021
        var: 3.83638735002e-006
    spectral_energyband_middle_low:
        dmean: 0.000450530089438
        dmean2: 0.000731601030566
        dvar: 5.88395892009e-007
        dvar2: 1.52533971232e-006
        max: 0.00990060064942
        mean: 0.000980298966169
        median: 0.000732480664738
        min: 1.58309086087e-022
        var: 9.4488797231e-007
    spectral_flatness_db:
        dmean: 0.019626300782
        dmean2: 0.0294466875494
        dvar: 0.000446047575679
        dvar2: 0.000954481598455
        max: 0.716595709324
        mean: 0.17634396255
        median: 0.143063098192
        min: 0.0485575906932
        var: 0.010850392282
    spectral_flux:
        dmean: 0.00782324187458
        dmean2: 0.0116961412132
        dvar: 0.000102190344478
        dvar2: 0.000206045035156
        max: 0.111980259418
        mean: 0.0340734273195
        median: 0.0330207273364
        min: 6.5038405217e-011
        var: 0.000369646091713
    spectral_kurtosis:
        dmean: 3.96029734612
        dmean2: 6.7957649231
        dvar: 152.305908203
        dvar2: 465.636505127
        max: 292.927276611
        mean: 11.6129779816
        median: 4.32727766037
        min: -1.25479614735
        var: 892.67755127
    spectral_rms:
        dmean: 0.000263206777163
        dmean2: 0.00039389191079
        dvar: 1.18271842098e-007
        dvar2: 2.53928021721e-007
        max: 0.00424567749724
        mean: 0.00170524581335
        median: 0.00172519125044
        min: 3.16350222927e-012
        var: 6.16916963736e-007
    spectral_rolloff:
        dmean: 395.224334717
        dmean2: 637.467163086
        dvar: 444786.84375
        dvar2: 854594
        max: 19509.0820313
        mean: 3326.28051758
        median: 3552.97851563
        min: 150.732421875
        var: 1569747.375
    spectral_skewness:
        dmean: 0.314124763012
        dmean2: 0.516135394573
        dvar: 0.310330480337
        dvar2: 0.909884393215
        max: 14.360657692
        mean: 1.78331828117
        median: 1.39225149155
        min: -0.165489315987
        var: 2.96864032745
    spectral_spread:
        dmean: 592100.4375
        dmean2: 816483.1875
        dvar: 840532885504
        dvar2: 1.4705262592e+012
        max: 42513588
        mean: 4551250
        median: 4419674.5
        min: 313334.28125
        var: 6.40248027546e+012
    spectral_strongpeak:
        dmean: 0.55857104063
        dmean2: 0.957607805729
        dvar: 0.641478061676
        dvar2: 1.58834326267
        max: 11.3732471466
        mean: 1.02289700508
        median: 0.444821059704
        min: 2.54049628556e-011
        var: 1.47682678699
    zerocrossingrate:
        dmean: 0.00993099808693
        dmean2: 0.011000870727
        dvar: 0.00012300250819
        dvar2: 0.000135435009724
        max: 0.5185546875
        mean: 0.105954676867
        median: 0.109375
        min: 0.00634765625
        var: 0.00114705460146
    barkbands:
        dmean: [1.67713565702e-007, 2.95249756164e-005, 0.000162696698681, 0.000141846219776, 0.000186610996025, 0.000127494844492, 0.000105550265289, 4.92745020892e-005, 5.19420173077e-005, 3.56238015229e-005, 2.11400310945e-005, 3.09300958179e-005, 3.19636019412e-005, 4.80343333038e-005, 9.96052403934e-005, 0.000115206814371, 0.00017627235502, 0.000159654548042, 0.000221533089643, 0.000202059643925, 0.000101781843114, 2.50082139246e-005, 4.39570658273e-006, 1.79744392881e-006, 9.40672578054e-007, 5.27514067983e-008, 3.75956243914e-009]
        dmean2: [2.73745087043e-007, 4.91570353915e-005, 0.000278223160421, 0.000225619267439, 0.000315689074341, 0.000205726581044, 0.000175928245881, 8.29420314403e-005, 8.59735664562e-005, 5.95503406657e-005, 3.4894230339e-005, 4.97577930219e-005, 5.05048046762e-005, 7.63802745496e-005, 0.00016605303972, 0.000185270415386, 0.000287720147753, 0.000260673550656, 0.000352163537173, 0.000328511407133, 0.000164057972142, 3.96612667828e-005, 6.65968718749e-006, 2.56836119661e-006, 1.33752575948e-006, 7.03722662365e-008, 5.37605870932e-009]
        dvar: [6.07977684581e-014, 3.30322413866e-009, 1.60050717568e-007, 6.65658106414e-008, 1.63308172318e-007, 6.54559428881e-008, 5.35916555577e-008, 1.72550453925e-008, 1.66855986805e-008, 9.79965442127e-009, 3.94128907288e-009, 1.12584670475e-008, 1.03223847248e-008, 1.56129864592e-008, 5.04219421771e-008, 4.73783394739e-008, 1.01171430344e-007, 8.39994100943e-008, 1.24422967929e-007, 1.29866421616e-007, 3.12016261717e-008, 2.35562747086e-009, 6.16865725167e-011, 1.1713858182e-011, 3.2482881402e-012, 1.49269600857e-014, 5.11755039029e-017]
        dvar2: [1.53772312808e-013, 7.95389798469e-009, 4.34530363691e-007, 1.55500487153e-007, 4.47715251539e-007, 1.55979179794e-007, 1.3929931697e-007, 4.13809786437e-008, 4.23032133767e-008, 2.59624197696e-008, 9.74115010877e-009, 2.70942344116e-008, 2.39060273799e-008, 3.5752965033e-008, 1.371194287e-007, 1.18056583176e-007, 2.61781394784e-007, 2.12739948324e-007, 3.02149004483e-007, 3.33385600015e-007, 7.89386689348e-008, 5.76172620725e-009, 1.32800853647e-010, 2.27805899145e-011, 6.24841454619e-012, 2.46006777368e-014, 1.08474334713e-016]
        max: [9.47495300352e-006, 0.000748329679482, 0.00408550258726, 0.00362947955728, 0.00528700137511, 0.00743879796937, 0.00544072082266, 0.00398289598525, 0.00262407027185, 0.00250194617547, 0.00217405590229, 0.00298896012828, 0.0030796052888, 0.00388582935557, 0.00488403532654, 0.00649737613276, 0.00863064266741, 0.00711303530261, 0.00713937310502, 0.00627174554393, 0.00266054226086, 0.000773660896812, 0.000100581208244, 0.000107994710561, 4.73356303701e-005, 6.93603260515e-006, 1.11120428414e-007]
        mean: [3.49306588987e-007, 4.39679133706e-005, 0.000175449808012, 0.000198248089873, 0.000251763878623, 0.000215760170249, 0.00015207301476, 7.05920829205e-005, 7.475973689e-005, 5.18053093401e-005, 2.80156673398e-005, 4.7179259127e-005, 5.02709626744e-005, 8.85532863322e-005, 0.000209128891584, 0.000229710145504, 0.000356913398718, 0.000292840151815, 0.000462515861727, 0.000370485824533, 0.000189065831364, 4.13692723669e-005, 7.26973303244e-006, 3.00896681438e-006, 1.70332521066e-006, 1.00650382251e-007, 6.0501066379e-009]
        median: [2.4036850732e-007, 2.83873523585e-005, 4.18843228545e-005, 7.02480247128e-005, 0.000137189868838, 0.00012076186249, 6.919245061e-005, 3.14548597089e-005, 2.67218692898e-005, 2.01314705919e-005, 1.23594418255e-005, 1.25364604173e-005, 1.20754330055e-005, 1.74637425516e-005, 3.70969173673e-005, 9.11676397664e-005, 0.000182719304576, 0.000160587514983, 0.000296577461995, 0.000182783638593, 9.33039846132e-005, 1.97097451746e-005, 2.98469331028e-006, 1.05856952359e-006, 6.82590609813e-007, 4.17772874073e-008, 1.71692970952e-009]
        min: [3.76430914728e-025, 5.50583614976e-024, 2.27749034275e-024, 1.63179605613e-024, 1.82722967952e-023, 1.012498712e-023, 1.1896735581e-023, 9.89737234987e-024, 2.01018750714e-023, 9.02756327172e-024, 1.95111555152e-023, 2.90657693795e-023, 4.79616701866e-023, 3.84689124836e-023, 6.59190915738e-023, 8.44888267956e-023, 8.23892324756e-023, 1.20025931414e-022, 1.4272076546e-022, 2.13332071117e-022, 2.90546962967e-022, 3.5577922175e-022, 4.51445633282e-022, 5.8561842819e-022, 1.01895656088e-021, 1.35697737507e-021, 1.98598229476e-021]
        var: [1.65329609812e-013, 3.98155775017e-009, 1.43565586086e-007, 1.19054114123e-007, 1.57982285032e-007, 1.41215153349e-007, 7.41811660987e-008, 2.34432366852e-008, 2.39784938572e-008, 1.59482524964e-008, 5.28415267098e-009, 1.87125639428e-008, 2.61571138083e-008, 6.40379056449e-008, 2.06014135529e-007, 1.63235853279e-007, 3.16336041806e-007, 1.99469312179e-007, 3.28692237872e-007, 2.44545731221e-007, 5.62496857981e-008, 3.82377018937e-009, 1.16778031689e-010, 2.79253026952e-011, 8.27236803363e-012, 3.82908325002e-014, 8.94973159184e-017]
    frequency_bands:
        dmean: [1.67713565702e-007, 2.95249756164e-005, 0.000162696698681, 0.000141846219776, 0.000186610996025, 0.000127494844492, 0.000105550265289, 4.92745020892e-005, 5.19420173077e-005, 3.56238015229e-005, 2.11400310945e-005, 3.09300958179e-005, 3.19636019412e-005, 4.80343333038e-005, 9.96052403934e-005, 0.000115206814371, 0.00017627235502, 0.000159654548042, 0.000221533089643, 0.000202059643925, 0.000101781843114, 2.50082139246e-005, 4.39570658273e-006, 1.79744392881e-006, 9.40672578054e-007, 5.27514067983e-008, 3.75956243914e-009, 4.23179269404e-011]
        dmean2: [2.73745087043e-007, 4.91570353915e-005, 0.000278223160421, 0.000225619267439, 0.000315689074341, 0.000205726581044, 0.000175928245881, 8.29420314403e-005, 8.59735664562e-005, 5.95503406657e-005, 3.4894230339e-005, 4.97577930219e-005, 5.05048046762e-005, 7.63802745496e-005, 0.00016605303972, 0.000185270415386, 0.000287720147753, 0.000260673550656, 0.000352163537173, 0.000328511407133, 0.000164057972142, 3.96612667828e-005, 6.65968718749e-006, 2.56836119661e-006, 1.33752575948e-006, 7.03722662365e-008, 5.37605870932e-009, 7.86712708867e-011]
        dvar: [6.07977684581e-014, 3.30322413866e-009, 1.60050717568e-007, 6.65658106414e-008, 1.63308172318e-007, 6.54559428881e-008, 5.35916555577e-008, 1.72550453925e-008, 1.66855986805e-008, 9.79965442127e-009, 3.94128907288e-009, 1.12584670475e-008, 1.03223847248e-008, 1.56129864592e-008, 5.04219421771e-008, 4.73783394739e-008, 1.01171430344e-007, 8.39994100943e-008, 1.24422967929e-007, 1.29866421616e-007, 3.12016261717e-008, 2.35562747086e-009, 6.16865725167e-011, 1.1713858182e-011, 3.2482881402e-012, 1.49269600857e-014, 5.11755039029e-017, 5.26836865521e-021]
        dvar2: [1.53772312808e-013, 7.95389798469e-009, 4.34530363691e-007, 1.55500487153e-007, 4.47715251539e-007, 1.55979179794e-007, 1.3929931697e-007, 4.13809786437e-008, 4.23032133767e-008, 2.59624197696e-008, 9.74115010877e-009, 2.70942344116e-008, 2.39060273799e-008, 3.5752965033e-008, 1.371194287e-007, 1.18056583176e-007, 2.61781394784e-007, 2.12739948324e-007, 3.02149004483e-007, 3.33385600015e-007, 7.89386689348e-008, 5.76172620725e-009, 1.32800853647e-010, 2.27805899145e-011, 6.24841454619e-012, 2.46006777368e-014, 1.08474334713e-016, 1.68427527492e-020]
        max: [9.47495300352e-006, 0.000748329679482, 0.00408550258726, 0.00362947955728, 0.00528700137511, 0.00743879796937, 0.00544072082266, 0.00398289598525, 0.00262407027185, 0.00250194617547, 0.00217405590229, 0.00298896012828, 0.0030796052888, 0.00388582935557, 0.00488403532654, 0.00649737613276, 0.00863064266741, 0.00711303530261, 0.00713937310502, 0.00627174554393, 0.00266054226086, 0.000773660896812, 0.000100581208244, 0.000107994710561, 4.73356303701e-005, 6.93603260515e-006, 1.11120428414e-007, 1.26754018392e-009]
        mean: [3.49306588987e-007, 4.39679133706e-005, 0.000175449808012, 0.000198248089873, 0.000251763878623, 0.000215760170249, 0.00015207301476, 7.05920829205e-005, 7.475973689e-005, 5.18053093401e-005, 2.80156673398e-005, 4.7179259127e-005, 5.02709626744e-005, 8.85532863322e-005, 0.000209128891584, 0.000229710145504, 0.000356913398718, 0.000292840151815, 0.000462515861727, 0.000370485824533, 0.000189065831364, 4.13692723669e-005, 7.26973303244e-006, 3.00896681438e-006, 1.70332521066e-006, 1.00650382251e-007, 6.0501066379e-009, 3.29423363588e-011]
        median: [2.4036850732e-007, 2.83873523585e-005, 4.18843228545e-005, 7.02480247128e-005, 0.000137189868838, 0.00012076186249, 6.919245061e-005, 3.14548597089e-005, 2.67218692898e-005, 2.01314705919e-005, 1.23594418255e-005, 1.25364604173e-005, 1.20754330055e-005, 1.74637425516e-005, 3.70969173673e-005, 9.11676397664e-005, 0.000182719304576, 0.000160587514983, 0.000296577461995, 0.000182783638593, 9.33039846132e-005, 1.97097451746e-005, 2.98469331028e-006, 1.05856952359e-006, 6.82590609813e-007, 4.17772874073e-008, 1.71692970952e-009, 9.65373527645e-012]
        min: [3.76430914728e-025, 5.50583614976e-024, 2.27749034275e-024, 1.63179605613e-024, 1.82722967952e-023, 1.012498712e-023, 1.1896735581e-023, 9.89737234987e-024, 2.01018750714e-023, 9.02756327172e-024, 1.95111555152e-023, 2.90657693795e-023, 4.79616701866e-023, 3.84689124836e-023, 6.59190915738e-023, 8.44888267956e-023, 8.23892324756e-023, 1.20025931414e-022, 1.4272076546e-022, 2.13332071117e-022, 2.90546962967e-022, 3.5577922175e-022, 4.51445633282e-022, 5.8561842819e-022, 1.01895656088e-021, 1.35697737507e-021, 1.98598229476e-021, 5.64661385299e-022]
        var: [1.65329609812e-013, 3.98155775017e-009, 1.43565586086e-007, 1.19054114123e-007, 1.57982285032e-007, 1.41215153349e-007, 7.41811660987e-008, 2.34432366852e-008, 2.39784938572e-008, 1.59482524964e-008, 5.28415267098e-009, 1.87125639428e-008, 2.61571138083e-008, 6.40379056449e-008, 2.06014135529e-007, 1.63235853279e-007, 3.16336041806e-007, 1.99469312179e-007, 3.28692237872e-007, 2.44545731221e-007, 5.62496857981e-008, 3.82377018937e-009, 1.16778031689e-010, 2.79253026952e-011, 8.27236803363e-012, 3.82908325002e-014, 8.94973159184e-017, 4.04312029756e-021]
    mfcc:
        mean: [-754.669006348, 93.1086730957, -45.6455230713, 58.962978363, -5.48906898499, -11.6159152985, -8.21652984619, -10.317191124, -1.25223624706, -6.13019704819, -7.58480882645, -5.92078065872, -2.34058499336]
        cov: [[11047.8359375, 111.035545349, -570.471130371, 1951.45422363, -994.382202148, 15.5344104767, 424.260559082, 141.631057739, -53.5200004578, -226.640304565, 180.796356201, 116.547554016, -141.812911987], [111.035545349, 1241.30297852, 61.6610679626, 38.5793838501, 134.060531616, -121.445304871, 7.07358121872, -0.527663469315, -50.8090515137, -36.1681785583, 1.52118587494, 28.2939834595, 28.0778942108], [-570.471130371, 61.6610679626, 928.58581543, 1.81829309464, 68.5838241577, 292.839233398, 98.9713058472, 102.958183289, 82.9265518188, 5.00661182404, 32.77526474, 43.0827865601, 35.6288414001], [1951.45422363, 38.5793838501, 1.81829309464, 783.33984375, -163.094558716, -13.4778852463, 126.487693787, 72.6018447876, 14.812505722, -88.6146774292, 11.1417503357, 32.7976455688, -32.2493972778], [-994.382202148, 134.060531616, 68.5838241577, -163.094558716, 376.293640137, 56.7641563416, -88.0431137085, -10.703001976, 46.5382461548, 67.762046814, -13.2778463364, -26.0259437561, 17.8192825317], [15.5344104767, -121.445304871, 292.839233398, -13.4778852463, 56.7641563416, 368.706665039, 94.5436325073, 13.9793176651, 94.2847900391, 80.4189910889, 51.8039016724, -6.22860765457, 8.23868656158], [424.260559082, 7.07358121872, 98.9713058472, 126.487693787, -88.0431137085, 94.5436325073, 182.213546753, 59.036605835, -3.54916024208, -15.8545379639, 19.7345676422, 19.283082962, -12.5239744186], [141.631057739, -0.527663469315, 102.958183289, 72.6018447876, -10.703001976, 13.9793176651, 59.036605835, 130.253051758, 37.1815643311, -47.7108879089, -8.06686782837, 43.6671295166, 18.9584274292], [-53.5200004578, -50.8090515137, 82.9265518188, 14.812505722, 46.5382461548, 94.2847900391, -3.54916024208, 37.1815643311, 157.567306519, 59.7303581238, -13.7063379288, 3.85698199272, 43.3171920776], [-226.640304565, -36.1681785583, 5.00661182404, -88.6146774292, 67.762046814, 80.4189910889, -15.8545379639, -47.7108879089, 59.7303581238, 147.075805664, 44.2597198486, -34.280796051, 5.06567668915], [180.796356201, 1.52118587494, 32.77526474, 11.1417503357, -13.2778463364, 51.8039016724, 19.7345676422, -8.06686782837, -13.7063379288, 44.2597198486, 112.074607849, 31.5785694122, -17.0330982208], [116.547554016, 28.2939834595, 43.0827865601, 32.7976455688, -26.0259437561, -6.22860765457, 19.283082962, 43.6671295166, 3.85698199272, -34.280796051, 31.5785694122, 102.349945068, 36.392868042], [-141.812911987, 28.0778942108, 35.6288414001, -32.2493972778, 17.8192825317, 8.23868656158, -12.5239744186, 18.9584274292, 43.3171920776, 5.06567668915, -17.0330982208, 36.392868042, 86.8116378784]]
        icov: [[0.000231757367146, -9.98795949272e-005, 0.000223527080379, -0.000486413307954, 0.00046484338236, -0.000327753543388, 0.000168720405782, -0.000207118064282, 5.06400392624e-005, -7.22234290151e-006, -0.000212531056604, 1.65970577655e-005, 7.02179968357e-005], [-9.98795949272e-005, 0.0010364477057, -0.000303586799419, 0.000120472745039, -0.000877378741279, 0.000895752455108, -0.000809510587715, 0.000671140966006, -1.64939210663e-005, 0.000388817716157, -0.000375834089937, 8.10660640127e-005, -0.000619484868366], [0.000223527080379, -0.000303586799419, 0.00188911450095, -0.000390727538615, 0.000415363087086, -0.00183022324927, 0.000388256099541, -0.00135557935573, 0.00020957198285, 0.000352432165528, -0.000248113385169, -0.000101927435026, -0.00014773759176], [-0.000486413307954, 0.000120472745039, -0.000390727538615, 0.00276777078398, -0.000647931650747, 0.00103971129283, -0.00147470016964, 0.000627602916211, -0.00156044377945, 0.00150489795487, -0.000377805845346, 0.00017958052922, 0.000580915366299], [0.00046484338236, -0.000877378741279, 0.000415363087086, -0.000647931650747, 0.00518127856776, -0.002128778724, 0.00331916357391, -0.00243996479549, 0.000905067310669, -0.00235581980087, 0.00123525620438, -0.000126024227939, 0.000763210933656], [-0.000327753543388, 0.000895752455108, -0.00183022324927, 0.00103971129283, -0.002128778724, 0.00719547225162, -0.00470562139526, 0.00325801339932, -0.00395414419472, 0.000845277914777, -0.00289476546459, 0.001492378884, -0.000593904289417], [0.000168720405782, -0.000809510587715, 0.000388256099541, -0.00147470016964, 0.00331916357391, -0.00470562139526, 0.0118746133521, -0.00651981309056, 0.00445335777476, -0.00345007097349, 0.0022648407612, -0.00116383773275, 0.00164394080639], [-0.000207118064282, 0.000671140966006, -0.00135557935573, 0.000627602916211, -0.00243996479549, 0.00325801339932, -0.00651981309056, 0.0164654739201, -0.00721167726442, 0.00718374270946, -0.00187435478438, -0.00244530243799, -0.000274052057648], [5.06400392624e-005, -1.64939210663e-005, 0.00020957198285, -0.00156044377945, 0.000905067310669, -0.00395414419472, 0.00445335777476, -0.00721167726442, 0.0153796626255, -0.00949845183641, 0.00634979782626, -0.0019929301925, -0.00320928264409], [-7.22234290151e-006, 0.000388817716157, 0.000352432165528, 0.00150489795487, -0.00235581980087, 0.000845277914777, -0.00345007097349, 0.00718374270946, -0.00949845183641, 0.0196582209319, -0.0114893708378, 0.00800513569266, -0.00340412277728], [-0.000212531056604, -0.000375834089937, -0.000248113385169, -0.000377805845346, 0.00123525620438, -0.00289476546459, 0.0022648407612, -0.00187435478438, 0.00634979782626, -0.0114893708378, 0.0199257116765, -0.0115521997213, 0.0067475582473], [1.65970577655e-005, 8.10660640127e-005, -0.000101927435026, 0.00017958052922, -0.000126024227939, 0.001492378884, -0.00116383773275, -0.00244530243799, -0.0019929301925, 0.00800513569266, -0.0115521997213, 0.0209731794894, -0.0101718297228], [7.02179968357e-005, -0.000619484868366, -0.00014773759176, 0.000580915366299, 0.000763210933656, -0.000593904289417, 0.00164394080639, -0.000274052057648, -0.00320928264409, -0.00340412277728, 0.0067475582473, -0.0101718297228, 0.0196955408901]]
    sccoeffs:
        dmean: [0.0511614941061, 0.0427289903164, 0.0351270921528, 0.0306655317545, 0.0229166448116, 0.0208112969995]
        dmean2: [0.0829270854592, 0.0709469169378, 0.0592948161066, 0.0501344278455, 0.0368606299162, 0.0327692516148]
        dvar: [0.0020287449006, 0.00124330981635, 0.000799242057838, 0.000653164519463, 0.000439575436758, 0.000371686561266]
        dvar2: [0.00514919497073, 0.00331544806249, 0.00213105836883, 0.00165732996538, 0.0010339722503, 0.000844663707539]
        max: [-0.262900054455, -0.411756336689, -0.535906910896, -0.471230089664, -0.499823391438, -0.586562037468]
        mean: [-0.670637607574, -0.762604773045, -0.810061454773, -0.772417366505, -0.787901103497, -0.756486177444]
        median: [-0.689893364906, -0.768466293812, -0.816643059254, -0.792168676853, -0.795541644096, -0.755850076675]
        min: [-0.974099159241, -0.975706517696, -0.971488535404, -0.969083786011, -0.964036464691, -0.963722407818]
        var: [0.00990681443363, 0.00465184403583, 0.00331970397383, 0.00600604014471, 0.00279326573946, 0.00252879504114]
    scvalleys:
        dmean: [0.36555659771, 0.374457538128, 0.350860565901, 0.328341454268, 0.307032614946, 0.369203329086]
        dmean2: [0.608132660389, 0.605133235455, 0.555496573448, 0.504822015762, 0.433791309595, 0.491054326296]
        dvar: [0.120798885822, 0.141245305538, 0.121919997036, 0.13478320837, 0.159769549966, 0.225168094039]
        dvar2: [0.290776312351, 0.308226913214, 0.247538596392, 0.259526282549, 0.295418024063, 0.43187263608]
        max: [-5.39096593857, -4.6435213089, -5.36013889313, -5.76799631119, -5.39975261688, -7.71074295044]
        mean: [-7.59929656982, -7.05120182037, -7.70765447617, -7.80739307404, -7.43653392792, -10.3384246826]
        median: [-6.8028793335, -6.71489667892, -7.39511680603, -7.49801826477, -6.88922166824, -9.74838447571]
        min: [-28.1530990601, -28.2398281097, -27.6075077057, -27.6748180389, -27.441570282, -27.346200943]
        var: [4.73428583145, 2.54294347763, 2.25035524368, 2.20148205757, 3.31160569191, 4.02410697937]

rhythm:
    beats_loudness:
        dmean: 0.0021706125699
        dmean2: 0.00401254603639
        dvar: 3.35773074767e-006
        dvar2: 1.01088544397e-005
        max: 0.0149988466874
        mean: 0.00597831467167
        median: 0.00651119463146
        min: 1.30279554506e-011
        var: 9.97160987026e-006
    bpm: 96.0527572632
    bpm_confidence: 0
    first_peak_bpm: 96
    first_peak_spread: 0.226505994797
    first_peak_weight: 0.755294144154
    onset_rate: 3.91766119003
    second_peak_bpm: 152
    second_peak_spread: 0
    second_peak_weight: 0.00941176433116
    beats_loudness_band_ratio:
        dmean: [0.166410565376, 0.0779257491231, 0.054891385138, 0.0496491417289, 0.121137104928, 0.110834240913]
        dmean2: [0.314469397068, 0.140083253384, 0.0986749306321, 0.0875351279974, 0.215887516737, 0.203517138958]
        dvar: [0.0214497223496, 0.00689898384735, 0.00643667578697, 0.00846703164279, 0.014858705923, 0.00752810202539]
        dvar2: [0.0701503902674, 0.0171744208783, 0.0181703213602, 0.0228852052242, 0.0401670522988, 0.0224129967391]
        max: [0.747184932232, 0.578075408936, 0.686651229858, 0.962804496288, 0.999596238136, 0.641508579254]
        mean: [0.254210501909, 0.114071056247, 0.0700974538922, 0.0641534179449, 0.280564159155, 0.242842659354]
        median: [0.228700250387, 0.0891595631838, 0.0465302281082, 0.0332045666873, 0.217434585094, 0.256531208754]
        min: [0, 0, 0, 0, 0, 0]
        var: [0.0367752052844, 0.00986205134541, 0.00585448788479, 0.0124355657026, 0.0432032346725, 0.0162399224937]
    beats_position: [0.626938760281, 1.25387752056, 1.86920630932, 2.50775504112, 3.13469386101, 3.76163268089, 4.38857126236, 5.01551008224, 5.64244890213, 6.25777769089, 6.87310647964, 7.50004529953, 8.12698364258, 8.75392246246, 9.36925125122, 9.98458003998, 10.6115188599, 11.2384576797, 11.8653964996, 12.4923353195, 13.1192741394, 13.7346029282, 14.3499317169, 14.9768705368, 15.6038093567, 16.2307472229, 16.8576869965, 17.4846248627, 18.1115646362, 18.7385025024, 19.365442276, 19.9807701111, 20.5960998535, 21.2230377197, 21.8499774933, 22.4653053284, 23.0806350708, 23.707572937, 24.3345127106, 24.9614505768, 25.5883903503, 26.2153282166, 26.8422679901, 27.4692058563, 28.0845336914, 28.6998634338, 29.3268013, 29.9537410736, 30.5806789398, 31.2076187134, 31.8345565796, 32.4614944458, 33.0884361267, 33.7153739929, 34.3423118591, 34.9692497253, 35.5961914063, 36.2231292725, 36.8500671387, 37.4770050049, 38.0923347473, 38.7076644897, 39.334602356, 39.9615402222, 40.5884780884, 41.2154197693, 41.8423576355, 42.4692955017, 43.0846252441, 43.6999549866, 44.3268928528, 44.953830719, 45.5807685852, 46.2077102661, 46.8346481323, 47.4615859985, 48.0885238647, 48.7154655457, 49.3307914734, 49.9461212158, 50.573059082, 51.2000007629, 51.8269386292, 52.4538764954, 53.0692062378, 53.6845359802, 54.3114738464, 54.9384117126, 55.5653495789, 56.1922874451, 56.819229126, 57.4461669922, 58.0731048584, 58.7000427246, 59.3269844055, 59.9423103333, 60.5576400757, 61.1845779419, 61.8231277466, 62.4616775513, 63.0886154175, 63.7155532837, 64.3424911499, 64.9694290161, 65.5847625732, 66.200088501, 66.8270263672, 67.4539642334, 68.0809020996, 68.7078475952, 69.3347854614, 69.9501113892, 70.5770492554, 71.1923828125, 71.8193206787, 72.4462585449, 73.0731964111, 73.7001342773, 74.3270721436, 74.9540100098, 75.580947876, 76.2078933716, 76.8348312378, 77.461769104, 78.0654830933, 78.6924285889, 79.3193664551, 79.9463043213, 80.561630249, 81.1769561768, 81.8039016724, 82.4308395386, 83.0577774048, 83.684715271, 84.3116531372, 84.9385910034, 85.5655288696, 86.1924667358, 86.8194122314, 87.4463500977, 88.0732879639, 88.7002258301, 89.3155517578, 89.9308853149, 90.5578231812, 91.1847610474, 91.8116989136, 92.4386367798, 93.065574646, 93.6925125122, 94.3078460693, 94.9231719971, 95.5501098633, 96.1770477295, 96.8039855957, 97.4309310913, 98.0578689575, 98.6848068237, 99.3001327515, 99.9154663086, 100.542404175, 101.180953979, 101.807891846, 102.434829712, 103.05015564, 103.677093506, 104.304031372, 104.919364929, 105.534690857, 106.161628723, 106.788566589, 107.415504456, 108.042449951, 108.669387817, 109.296325684, 109.92326355, 110.550201416, 111.165527344, 111.780860901, 112.407798767, 113.034736633, 113.6616745, 114.288612366, 114.915550232, 115.542495728, 116.169433594, 116.79637146, 117.423309326, 118.050247192, 118.677185059, 119.304122925, 119.919456482, 120.546394348, 121.161720276, 121.788658142, 122.415596008, 123.042533875, 123.66947937, 124.296417236, 124.923355103, 125.550292969, 126.177230835, 126.804168701, 127.431106567, 128.046432495, 128.661773682, 129.288711548, 129.915649414, 130.54258728, 131.169525146, 131.796463013, 132.423400879, 133.038726807, 133.654052734, 134.280990601, 134.907928467, 135.534866333, 136.161804199, 136.788757324, 137.41569519, 138.042633057, 138.669570923, 139.296508789, 139.923446655, 140.550384521, 141.177322388, 141.804260254, 142.43119812, 143.046524048, 143.661849976, 144.288803101, 144.904129028, 145.531066895, 146.158004761, 146.773330688, 147.400268555, 148.027206421, 148.654144287, 149.281082153, 149.90802002, 150.534957886, 151.161895752, 151.788833618, 152.415786743, 153.042724609, 153.669662476, 154.296600342, 154.923538208, 155.538864136, 156.154190063, 156.78112793, 157.408065796, 158.035003662, 158.661941528, 159.288879395, 159.915817261, 160.542770386, 161.158096313, 161.773422241, 162.400360107, 163.027297974, 163.65423584, 164.281173706, 164.896499634, 165.5234375, 166.138778687, 166.765716553, 167.392654419, 168.019592285, 168.646530151, 169.273468018, 169.900405884, 170.515731812, 171.142669678, 171.769607544, 172.39654541, 173.011871338, 173.638824463, 174.265762329, 174.892700195, 175.508026123, 176.123352051, 176.750289917, 177.377227783, 178.004165649, 178.631103516, 179.258041382, 179.873382568, 180.488708496, 181.115646362, 181.742584229, 182.369522095, 183.008071899, 183.646621704, 184.27355957, 184.900497437, 185.527435303, 186.154373169, 186.781311035, 187.408248901, 188.035186768, 188.662124634, 189.277450562, 189.904388428, 190.531341553, 191.158279419, 191.773605347, 192.400543213, 193.015869141, 193.642807007, 194.269744873, 194.885070801, 195.512008667, 196.138946533, 196.765899658, 197.392837524, 198.019775391, 198.646713257, 199.273651123, 199.900588989, 200.527526855, 201.154464722, 201.769790649, 202.385116577, 203.012054443, 203.63899231, 204.265930176, 204.892883301, 205.519821167, 206.146759033, 206.762084961, 207.377410889, 208.004348755, 208.619674683, 209.23500061, 209.861953735, 210.488891602, 211.115829468, 211.742767334, 212.3697052, 212.973419189, 213.600357056, 214.227294922, 214.854232788, 215.481170654, 216.108108521, 216.735046387, 217.361984253, 217.988937378, 218.615875244, 219.24281311, 219.869750977, 220.496688843, 221.112014771, 221.727340698, 222.354278564, 222.981216431, 223.608154297, 224.235092163, 224.862030029, 225.488967896, 226.115921021, 226.742858887, 227.369796753, 227.996734619, 228.623672485, 229.238998413, 229.854324341, 230.481262207, 231.108200073, 231.735137939, 232.362075806, 232.977416992, 233.59274292, 234.219680786, 234.846618652, 235.473556519, 236.100494385, 236.727432251, 237.354370117, 237.981307983, 238.60824585, 239.235183716, 239.850509644, 240.46585083, 241.092788696, 241.719726563, 242.346664429, 242.973602295, 243.600540161, 244.227478027, 244.854415894, 245.469741821, 246.085067749, 246.712020874, 247.33895874, 247.965896606, 248.592834473, 249.219772339, 249.846710205, 250.473648071, 251.100585938, 251.715911865, 252.331237793, 252.969787598, 253.608337402, 254.235275269, 254.862213135, 255.489151001, 256.116088867, 256.743041992, 257.3699646, 257.996917725, 258.623840332, 259.250793457, 259.877716064, 260.330505371, 260.783294678, 261.236083984, 261.619232178, 262.013977051, 262.397094727, 262.7918396, 263.174957275, 263.569702148, 263.964447021]
