
metadata:
    version:
        essentia: "2.1-beta2"
    audio_properties:
        analysis_sample_rate: 44100
        bitrate: 256
        channels: 2
        equal_loudness: 1
        length: 178.651428223
        replay_gain: -14.0435733795
        downmix: "mix"
    tags:
        album: "Human Bomb"
        artist: "Black Bomb A"
        comment: ""
        date: "2001"
        genre: "Rock"
        title: "My Mind Is A Pussy"
        tracknumber: "10"

configuration:
    average_loudness:
        compute: 1
        frameSize: 88200
        hopSize: 44100
        silentFrames: "noise"
        windowType: "hann"
    general:
        analysisSampleRate: 44100
        endTime: 2000
        equalLoudness: 1
        nequalLoudness: 0
        shortSound: 0
        startTime: 0
    lowlevel:
        compute: 1
        frameSize: 2048
        hopSize: 1024
        zeroPadding: 0
        silentFrames: "noise"
        windowType: "blackmanharris62"
        mfccStats: ["mean", "cov", "icov"]
        stats: ["mean", "var", "median", "min", "max", "dmean", "dmean2", "dvar", "dvar2"]
    panning:
        compute: 0
        frameSize: 8192
        hopSize: 2048
        zeroPadding: 8192
        silentFrames: "noise"
        windowType: "hann"
        stats: ["copy"]
    rhythm:
        compute: 1
        maxTempo: 208
        minTempo: 40
        method: "degara"
        stats: ["mean", "var", "median", "min", "max", "dmean", "dmean2", "dvar", "dvar2"]
    segmentation:
        compute: 0
        cpw: 5
        inc1: 300
        inc2: 50
        minimumSegmentsLength: 10
        size1: 1000
        size2: 600
    sfx:
        compute: 1
        stats: ["mean", "var", "median", "min", "max", "dmean", "dmean2", "dvar", "dvar2"]
    svm:
        compute: 0
    tonal:
        compute: 1
        frameSize: 4096
        hopSize: 2048
        zeroPadding: 0
        silentFrames: "noise"
        windowType: "blackmanharris62"
        stats: ["mean", "var", "median", "min", "max", "dmean", "dmean2", "dvar", "dvar2"]

lowlevel:
    average_loudness: 0.929369568825
    barkbands_kurtosis:
        dmean: 2.9079554081
        dmean2: 4.14032030106
        dvar: 83.681640625
        dvar2: 155.37399292
        max: 171.831771851
        mean: 2.54059624672
        median: -0.869193851948
        min: -1.94254088402
        var: 166.586380005
    barkbands_skewness:
        dmean: 0.577186882496
        dmean2: 0.796422302723
        dvar: 0.621521294117
        dvar2: 0.962758779526
        max: 11.5424404144
        mean: 0.242004469037
        median: -0.335665464401
        min: -4.33103895187
        var: 3.1212580204
    barkbands_spread:
        dmean: 7.5388584137
        dmean2: 11.5531635284
        dvar: 56.1660728455
        dvar2: 120.21686554
        max: 76.754234314
        mean: 33.4214553833
        median: 34.5139503479
        min: 0.504105687141
        var: 191.461990356
    dissonance:
        dmean: 0.00852721836418
        dmean2: 0.01448910404
        dvar: 9.43884006119e-005
        dvar2: 0.000242628259002
        max: 0.500000059605
        mean: 0.487611323595
        median: 0.491180986166
        min: 0.281750917435
        var: 0.000134602945764
    hfc:
        dmean: 3.00959014893
        dmean2: 5.00188207626
        dvar: 26.8335914612
        dvar2: 71.940574646
        max: 60.1607208252
        mean: 8.29912948608
        median: 8.18957519531
        min: 1.22717537828e-016
        var: 50.9718132019
    pitch:
        dmean: 844.697814941
        dmean2: 1585.03686523
        dvar: 1270860.875
        dvar2: 2845699.75
        max: 5021.19628906
        mean: 1892.88049316
        median: 1626.93078613
        min: 43.0243911743
        var: 1983161.75
    pitch_instantaneous_confidence:
        dmean: 0.0833481252193
        dmean2: 0.137202784419
        dvar: 0.00483787758276
        dvar2: 0.012368154712
        max: 0.823891639709
        mean: 0.349637895823
        median: 0.332232832909
        min: 0.126996099949
        var: 0.0122471116483
    pitch_salience:
        dmean: 0.0624015554786
        dmean2: 0.0974627658725
        dvar: 0.0037574400194
        dvar2: 0.00794619414955
        max: 0.951710760593
        mean: 0.647703826427
        median: 0.686973035336
        min: 0.066637866199
        var: 0.0165855251253
    silence_rate_20dB:
        dmean: 0
        dmean2: 0
        dvar: 0
        dvar2: 0
        max: 1
        mean: 1
        median: 1
        min: 1
        var: 0
    silence_rate_30dB:
        dmean: 0
        dmean2: 0
        dvar: 0
        dvar2: 0
        max: 1
        mean: 1
        median: 1
        min: 1
        var: 0
    silence_rate_60dB:
        dmean: 0.0496490783989
        dmean2: 0.0993110612035
        dvar: 0.0471881963313
        dvar2: 0.10791618377
        max: 1
        mean: 0.318258613348
        median: 0
        min: 0
        var: 0.216982990503
    spectral_centroid:
        dmean: 281.740478516
        dmean2: 428.324310303
        dvar: 88841.4140625
        dvar2: 174862.578125
        max: 11266.7304688
        mean: 1653.09020996
        median: 1813.49304199
        min: 119.246170044
        var: 583468.6875
    spectral_complexity:
        dmean: 3.93553423882
        dmean2: 6.12608861923
        dvar: 18.6942710876
        dvar2: 42.6755180359
        max: 50
        mean: 16.1977901459
        median: 18
        min: 0
        var: 127.335029602
    spectral_crest:
        dmean: 1.96540737152
        dmean2: 3.15153288841
        dvar: 4.03126621246
        dvar2: 8.62362289429
        max: 25.1258964539
        mean: 7.31314897537
        median: 5.93098783493
        min: 2.2936809063
        var: 15.3674860001
    spectral_decrease:
        dmean: 3.0408409124e-010
        dmean2: 4.93819707348e-010
        dvar: 1.77587896847e-019
        dvar2: 4.5568594124e-019
        max: 3.4138317989e-029
        mean: -9.78378822403e-010
        median: -9.68514712874e-010
        min: -5.10368503015e-009
        var: 4.37109636031e-019
    spectral_energy:
        dmean: 0.00139162281994
        dmean2: 0.00226935371757
        dvar: 4.05264290748e-006
        dvar2: 1.04899972939e-005
        max: 0.0247192308307
        mean: 0.00444537773728
        median: 0.00439621228725
        min: 1.10019965166e-020
        var: 9.58457439992e-006
    spectral_energyband_high:
        dmean: 0.000135780093842
        dmean2: 0.000230214776821
        dvar: 4.99380732322e-008
        dvar2: 1.36822507102e-007
        max: 0.00230943225324
        mean: 0.000324740802171
        median: 0.00029016615008
        min: 8.03318875262e-021
        var: 9.77009264602e-008
    spectral_energyband_low:
        dmean: 0.000379150355002
        dmean2: 0.000606856949162
        dvar: 1.8082745612e-007
        dvar2: 4.67716830599e-007
        max: 0.00570195587352
        mean: 0.000791435304563
        median: 0.000680962053593
        min: 8.23178121647e-023
        var: 3.63570649142e-007
    spectral_energyband_middle_high:
        dmean: 0.000936803058721
        dmean2: 0.0015225255629
        dvar: 2.11458450394e-006
        dvar2: 5.47121635464e-006
        max: 0.0187008008361
        mean: 0.00266429688781
        median: 0.00242038955912
        min: 1.52420548663e-021
        var: 5.28163900526e-006
    spectral_energyband_middle_low:
        dmean: 0.000470033439342
        dmean2: 0.000774944841396
        dvar: 6.84046483457e-007
        dvar2: 1.76768776328e-006
        max: 0.0124150849879
        mean: 0.000856888771523
        median: 0.0006450805231
        min: 3.45491592022e-022
        var: 7.91704451331e-007
    spectral_flatness_db:
        dmean: 0.0181410238147
        dmean2: 0.0259284023196
        dvar: 0.000506818236317
        dvar2: 0.000862691958901
        max: 0.504192531109
        mean: 0.155180349946
        median: 0.128471717238
        min: 0.065780825913
        var: 0.00439557852224
    spectral_flux:
        dmean: 0.00769869145006
        dmean2: 0.011710267514
        dvar: 8.40761640575e-005
        dvar2: 0.000149323503138
        max: 0.122094936669
        mean: 0.0394942685962
        median: 0.0411046557128
        min: 1.0489040192e-010
        var: 0.000428464089055
    spectral_kurtosis:
        dmean: 1.756752491
        dmean2: 2.91358971596
        dvar: 13.9445533752
        dvar2: 36.0364532471
        max: 82.467300415
        mean: 5.13022756577
        median: 4.28197717667
        min: -1.24283194542
        var: 19.1158866882
    spectral_rms:
        dmean: 0.00029086129507
        dmean2: 0.000460693088826
        dvar: 1.19316069913e-007
        dvar2: 2.98563122669e-007
        max: 0.00491083739325
        mean: 0.0019110084977
        median: 0.00207098713145
        min: 3.27622564494e-012
        var: 6.85007194079e-007
    spectral_rolloff:
        dmean: 367.88470459
        dmean2: 594.820800781
        dvar: 347205.5
        dvar2: 601934.4375
        max: 18647.7539063
        mean: 2976.45385742
        median: 3380.71289063
        min: 86.1328125
        var: 1531848.375
    spectral_skewness:
        dmean: 0.239926427603
        dmean2: 0.377896785736
        dvar: 0.134147658944
        dvar2: 0.304596453905
        max: 6.86264371872
        mean: 1.52807426453
        median: 1.47847950459
        min: -0.0370145142078
        var: 0.280572503805
    spectral_spread:
        dmean: 484294.4375
        dmean2: 721735.75
        dvar: 423408664576
        dvar2: 728543330304
        max: 42007804
        mean: 4372839.5
        median: 4309845
        min: 863591.25
        var: 2.22734555546e+012
    spectral_strongpeak:
        dmean: 0.341256767511
        dmean2: 0.607541501522
        dvar: 0.353706479073
        dvar2: 0.95640540123
        max: 6.84795618057
        mean: 0.360838979483
        median: 0.109146013856
        min: 1.18463305832e-009
        var: 0.338546991348
    zerocrossingrate:
        dmean: 0.00862437672913
        dmean2: 0.0100242048502
        dvar: 8.79877261468e-005
        dvar2: 8.97412974155e-005
        max: 0.49755859375
        mean: 0.092017441988
        median: 0.1025390625
        min: 0.0048828125
        var: 0.00131985580083
    barkbands:
        dmean: [1.04488185571e-006, 0.000116448449262, 0.000242066409555, 0.000179445924005, 0.000150637686602, 3.59181940439e-005, 4.6847617341e-005, 8.92729003681e-005, 0.000156048248755, 9.28986628423e-005, 0.000116150346003, 0.000125522754388, 0.000100467310403, 8.74336910783e-005, 0.000102113815956, 0.000120732605865, 0.000151839805767, 0.000152600303409, 0.000397335068556, 0.000178521979251, 6.42204540782e-005, 1.63583263202e-005, 3.467986744e-006, 1.59509988862e-006, 1.30881051064e-006, 6.03994934067e-008, 7.07988445647e-010]
        dmean2: [1.74790079654e-006, 0.000192509964108, 0.00038580322871, 0.000296338810585, 0.000252179685049, 6.01030842518e-005, 8.17252075649e-005, 0.0001560246601, 0.000269688258413, 0.000156690366566, 0.000190612001461, 0.000196471111849, 0.000164409371791, 0.000142336910358, 0.000165141522302, 0.000204033116461, 0.000254708720604, 0.000255080434727, 0.000688969157636, 0.000309413706418, 0.000109324930236, 2.78246297967e-005, 5.68837458559e-006, 2.47591538027e-006, 2.03036620405e-006, 9.43607929571e-008, 1.12299214372e-009]
        dvar: [2.95332985498e-012, 2.39824302639e-008, 7.98495278787e-008, 7.31821998556e-008, 7.81485240964e-008, 8.01569299824e-009, 2.99555011907e-008, 9.66638893374e-008, 2.82794502482e-007, 5.67144198271e-008, 6.59790373447e-008, 6.52997158568e-008, 3.55736951008e-008, 3.46059891854e-008, 4.12090628288e-008, 7.44108135109e-008, 4.34706883823e-008, 4.74791157501e-008, 6.16378031282e-007, 1.04587165595e-007, 1.01962092103e-008, 8.39967873034e-010, 5.70315461523e-011, 2.21536330947e-011, 1.1191133957e-011, 2.55588380186e-014, 1.96608547972e-018]
        dvar2: [8.04520686182e-012, 6.39800532554e-008, 1.99978487103e-007, 1.96578852751e-007, 2.17690654836e-007, 2.1529755756e-008, 8.33225541896e-008, 2.6689895094e-007, 7.54168866024e-007, 1.51160691075e-007, 1.73388059466e-007, 1.57928695899e-007, 9.26434537973e-008, 8.77082655393e-008, 1.026713079e-007, 2.02823088102e-007, 1.16662299376e-007, 1.24334931684e-007, 1.71503393176e-006, 2.92344793706e-007, 2.80856635726e-008, 2.2231150254e-009, 1.39094263885e-010, 4.20170565008e-011, 2.4571568738e-011, 6.35122989899e-014, 4.88808155482e-018]
        max: [1.77248493856e-005, 0.00159765011631, 0.00424012634903, 0.00409008562565, 0.00443507684395, 0.00202507292852, 0.00514345662668, 0.00878282636404, 0.00966569874436, 0.00470155244693, 0.00393586233258, 0.00349233835004, 0.0029629166238, 0.00347715220414, 0.0037340533454, 0.00845908001065, 0.00381194776855, 0.00375790358521, 0.00864807702601, 0.00337543431669, 0.00131826242432, 0.000644857645966, 0.000149348939885, 0.000204877884244, 0.000115033471957, 3.91831235902e-006, 2.36499939632e-008]
        mean: [1.58815157647e-006, 0.000193891697563, 0.00042790590669, 0.00026065428392, 0.000227809665375, 5.62460845686e-005, 5.02899238199e-005, 8.00002235337e-005, 0.000149829560542, 0.000114665439469, 0.000168446131283, 0.000214035360841, 0.000162456228281, 0.00015376774536, 0.000163481468917, 0.000212572384044, 0.000312540330924, 0.000324191438267, 0.000671448651701, 0.000303925335174, 0.000149605126353, 3.24851935147e-005, 7.04339481672e-006, 3.54534654434e-006, 2.83860686068e-006, 1.16899748548e-007, 1.11355780152e-009]
        median: [1.08576500679e-006, 0.000158603899763, 0.000323371146806, 0.000178806774784, 0.000160066279932, 3.09797651425e-005, 1.92236657313e-005, 1.72299514816e-005, 4.00711833208e-005, 3.10831346724e-005, 3.75032395823e-005, 5.1425438869e-005, 4.64927215944e-005, 3.51473136107e-005, 7.53006825107e-005, 0.000161851014127, 0.00028014217969, 0.000288548704702, 0.000554095488042, 0.000244123584707, 0.000137229755637, 2.48045926128e-005, 4.36118716607e-006, 2.27978011935e-006, 1.88415276625e-006, 6.40263948526e-008, 5.96407756515e-010]
        min: [1.30325272571e-023, 4.57020443879e-023, 1.4113245398e-023, 1.68969256956e-023, 8.25830650663e-023, 4.07957807859e-023, 7.63731520204e-023, 6.19192259964e-023, 6.2459343281e-023, 4.15806058787e-023, 9.14495208531e-023, 1.6215428444e-022, 1.4067914295e-022, 1.00619927902e-022, 1.01604470488e-022, 1.2120799846e-022, 1.84562831397e-022, 1.97037170933e-022, 1.84172793322e-022, 5.36042420425e-022, 2.99852290475e-022, 7.35691175338e-022, 5.78085248307e-022, 7.94038205653e-022, 9.74962709581e-022, 1.87783307449e-021, 2.67383467289e-021]
        var: [3.64795259972e-012, 3.35754961611e-008, 1.6011908599e-007, 8.84132305146e-008, 7.33660883157e-008, 8.39563440991e-009, 2.10184385452e-008, 6.78157832112e-008, 2.12677335298e-007, 5.91395377114e-008, 1.03285991315e-007, 1.54973477606e-007, 7.25155473447e-008, 7.74562636252e-008, 6.79615652643e-008, 8.31645294852e-008, 8.27452524277e-008, 9.86627526345e-008, 6.62408865537e-007, 1.1846366732e-007, 2.06700114802e-008, 1.41623024419e-009, 1.1338999184e-010, 7.17200882017e-011, 2.61588563311e-011, 3.75373119903e-014, 2.95470217613e-018]
    frequency_bands:
        dmean: [1.04488185571e-006, 0.000116448449262, 0.000242066409555, 0.000179445924005, 0.000150637686602, 3.59181940439e-005, 4.6847617341e-005, 8.92729003681e-005, 0.000156048248755, 9.28986628423e-005, 0.000116150346003, 0.000125522754388, 0.000100467310403, 8.74336910783e-005, 0.000102113815956, 0.000120732605865, 0.000151839805767, 0.000152600303409, 0.000397335068556, 0.000178521979251, 6.42204540782e-005, 1.63583263202e-005, 3.467986744e-006, 1.59509988862e-006, 1.30881051064e-006, 6.03994934067e-008, 7.07988445647e-010, 5.03482325276e-011]
        dmean2: [1.74790079654e-006, 0.000192509964108, 0.00038580322871, 0.000296338810585, 0.000252179685049, 6.01030842518e-005, 8.17252075649e-005, 0.0001560246601, 0.000269688258413, 0.000156690366566, 0.000190612001461, 0.000196471111849, 0.000164409371791, 0.000142336910358, 0.000165141522302, 0.000204033116461, 0.000254708720604, 0.000255080434727, 0.000688969157636, 0.000309413706418, 0.000109324930236, 2.78246297967e-005, 5.68837458559e-006, 2.47591538027e-006, 2.03036620405e-006, 9.43607929571e-008, 1.12299214372e-009, 9.35664115631e-011]
        dvar: [2.95332985498e-012, 2.39824302639e-008, 7.98495278787e-008, 7.31821998556e-008, 7.81485240964e-008, 8.01569299824e-009, 2.99555011907e-008, 9.66638893374e-008, 2.82794502482e-007, 5.67144198271e-008, 6.59790373447e-008, 6.52997158568e-008, 3.55736951008e-008, 3.46059891854e-008, 4.12090628288e-008, 7.44108135109e-008, 4.34706883823e-008, 4.74791157501e-008, 6.16378031282e-007, 1.04587165595e-007, 1.01962092103e-008, 8.39967873034e-010, 5.70315461523e-011, 2.21536330947e-011, 1.1191133957e-011, 2.55588380186e-014, 1.96608547972e-018, 6.86753536537e-021]
        dvar2: [8.04520686182e-012, 6.39800532554e-008, 1.99978487103e-007, 1.96578852751e-007, 2.17690654836e-007, 2.1529755756e-008, 8.33225541896e-008, 2.6689895094e-007, 7.54168866024e-007, 1.51160691075e-007, 1.73388059466e-007, 1.57928695899e-007, 9.26434537973e-008, 8.77082655393e-008, 1.026713079e-007, 2.02823088102e-007, 1.16662299376e-007, 1.24334931684e-007, 1.71503393176e-006, 2.92344793706e-007, 2.80856635726e-008, 2.2231150254e-009, 1.39094263885e-010, 4.20170565008e-011, 2.4571568738e-011, 6.35122989899e-014, 4.88808155482e-018, 2.20223751836e-020]
        max: [1.77248493856e-005, 0.00159765011631, 0.00424012634903, 0.00409008562565, 0.00443507684395, 0.00202507292852, 0.00514345662668, 0.00878282636404, 0.00966569874436, 0.00470155244693, 0.00393586233258, 0.00349233835004, 0.0029629166238, 0.00347715220414, 0.0037340533454, 0.00845908001065, 0.00381194776855, 0.00375790358521, 0.00864807702601, 0.00337543431669, 0.00131826242432, 0.000644857645966, 0.000149348939885, 0.000204877884244, 0.000115033471957, 3.91831235902e-006, 2.36499939632e-008, 1.07490960577e-009]
        mean: [1.58815157647e-006, 0.000193891697563, 0.00042790590669, 0.00026065428392, 0.000227809665375, 5.62460845686e-005, 5.02899238199e-005, 8.00002235337e-005, 0.000149829560542, 0.000114665439469, 0.000168446131283, 0.000214035360841, 0.000162456228281, 0.00015376774536, 0.000163481468917, 0.000212572384044, 0.000312540330924, 0.000324191438267, 0.000671448651701, 0.000303925335174, 0.000149605126353, 3.24851935147e-005, 7.04339481672e-006, 3.54534654434e-006, 2.83860686068e-006, 1.16899748548e-007, 1.11355780152e-009, 3.89490523167e-011]
        median: [1.08576500679e-006, 0.000158603899763, 0.000323371146806, 0.000178806774784, 0.000160066279932, 3.09797651425e-005, 1.92236657313e-005, 1.72299514816e-005, 4.00711833208e-005, 3.10831346724e-005, 3.75032395823e-005, 5.1425438869e-005, 4.64927215944e-005, 3.51473136107e-005, 7.53006825107e-005, 0.000161851014127, 0.00028014217969, 0.000288548704702, 0.000554095488042, 0.000244123584707, 0.000137229755637, 2.48045926128e-005, 4.36118716607e-006, 2.27978011935e-006, 1.88415276625e-006, 6.40263948526e-008, 5.96407756515e-010, 1.09726542089e-011]
        min: [1.30325272571e-023, 4.57020443879e-023, 1.4113245398e-023, 1.68969256956e-023, 8.25830650663e-023, 4.07957807859e-023, 7.63731520204e-023, 6.19192259964e-023, 6.2459343281e-023, 4.15806058787e-023, 9.14495208531e-023, 1.6215428444e-022, 1.4067914295e-022, 1.00619927902e-022, 1.01604470488e-022, 1.2120799846e-022, 1.84562831397e-022, 1.97037170933e-022, 1.84172793322e-022, 5.36042420425e-022, 2.99852290475e-022, 7.35691175338e-022, 5.78085248307e-022, 7.94038205653e-022, 9.74962709581e-022, 1.87783307449e-021, 2.67383467289e-021, 7.34454998745e-022]
        var: [3.64795259972e-012, 3.35754961611e-008, 1.6011908599e-007, 8.84132305146e-008, 7.33660883157e-008, 8.39563440991e-009, 2.10184385452e-008, 6.78157832112e-008, 2.12677335298e-007, 5.91395377114e-008, 1.03285991315e-007, 1.54973477606e-007, 7.25155473447e-008, 7.74562636252e-008, 6.79615652643e-008, 8.31645294852e-008, 8.27452524277e-008, 9.86627526345e-008, 6.62408865537e-007, 1.1846366732e-007, 2.06700114802e-008, 1.41623024419e-009, 1.1338999184e-010, 7.17200882017e-011, 2.61588563311e-011, 3.75373119903e-014, 2.95470217613e-018, 5.27021325182e-021]
    mfcc:
        mean: [-738.10333252, 99.3394393921, -48.7640380859, 57.8181304932, 6.52255630493, 4.45899152756, 17.0410079956, 4.48344039917, 5.6719865799, -5.60220479965, -2.64551854134, -4.42108821869, -4.83743429184]
        cov: [[12704.2275391, 90.8930511475, -1786.09326172, 480.697143555, -1062.13586426, 7.01775217056, 204.930755615, -36.8202857971, 5.25436687469, -75.6646575928, 218.164245605, 15.9474859238, 77.9852600098], [90.8930511475, 1010.51080322, -144.212387085, 108.686851501, 129.851699829, 0.33746021986, 88.1581268311, 40.6996994019, 4.39680862427, -60.1876869202, -33.2278366089, -39.1943054199, -53.6228408813], [-1786.09326172, -144.212387085, 696.908813477, -12.664894104, 198.160964966, -17.6569480896, -92.2811584473, 70.1686401367, 29.7706260681, 24.3288822174, -38.0001792908, 2.07178282738, 11.5131921768], [480.697143555, 108.686851501, -12.664894104, 385.160766602, 67.1838150024, -13.3159723282, -0.810201644897, 4.51213693619, 62.7361373901, 8.53304004669, -16.4429664612, -7.05586862564, -26.4324359894], [-1062.13586426, 129.851699829, 198.160964966, 67.1838150024, 301.707183838, 60.9432258606, -25.2982215881, -18.551908493, 0.18700902164, 19.0876750946, -25.2598552704, -18.2687568665, -31.5017929077], [7.01775217056, 0.33746021986, -17.6569480896, -13.3159723282, 60.9432258606, 157.405014038, 60.1138801575, 3.28866219521, -23.9456291199, 0.129405915737, 12.6107845306, 1.87758815289, 0.0625099167228], [204.930755615, 88.1581268311, -92.2811584473, -0.810201644897, -25.2982215881, 60.1138801575, 164.4425354, 60.3394317627, -3.21980857849, -43.0457496643, -10.6991415024, 8.47430229187, 0.0424880757928], [-36.8202857971, 40.6996994019, 70.1686401367, 4.51213693619, -18.551908493, 3.28866219521, 60.3394317627, 115.461502075, 34.4191207886, -12.9089326859, -15.1439008713, -2.8778488636, 5.5199007988], [5.25436687469, 4.39680862427, 29.7706260681, 62.7361373901, 0.18700902164, -23.9456291199, -3.21980857849, 34.4191207886, 88.7727355957, 35.0845451355, 2.63073658943, -7.98950338364, -6.31386423111], [-75.6646575928, -60.1876869202, 24.3288822174, 8.53304004669, 19.0876750946, 0.129405915737, -43.0457496643, -12.9089326859, 35.0845451355, 95.2772521973, 40.0680007935, -3.68392562866, -9.17014408112], [218.164245605, -33.2278366089, -38.0001792908, -16.4429664612, -25.2598552704, 12.6107845306, -10.6991415024, -15.1439008713, 2.63073658943, 40.0680007935, 79.463142395, 24.3001441956, 1.81554162502], [15.9474859238, -39.1943054199, 2.07178282738, -7.05586862564, -18.2687568665, 1.87758815289, 8.47430229187, -2.8778488636, -7.98950338364, -3.68392562866, 24.3001441956, 50.5737686157, 23.6286048889], [77.9852600098, -53.6228408813, 11.5131921768, -26.4324359894, -31.5017929077, 0.0625099167228, 0.0424880757928, 5.5199007988, -6.31386423111, -9.17014408112, 1.81554162502, 23.6286048889, 61.2837753296]]
        icov: [[0.000192641236936, -1.16432747745e-005, 0.000330390030285, -0.00038277549902, 0.000544793030713, -0.000228912307648, 0.000178767673788, -0.000170176921529, 0.000114413014671, 0.000191734026885, -0.000479161011754, 0.00043062469922, -0.000298374739941], [-1.16432747745e-005, 0.00141401402652, 0.000606292742305, -0.000123891979456, -0.00129015732091, 0.000764995871577, -0.000370141118765, -0.000889694434591, 7.08957886673e-005, 0.00101313518826, -0.000624841253739, 0.000783719471656, 0.000376403622795], [0.000330390030285, 0.000606292742305, 0.00357335712761, -0.000249867880484, -0.00158571428619, 0.000119373580674, 0.00256565469317, -0.00385625706986, 0.000239094631979, 0.000507470103912, 3.10027353407e-005, -0.000606017652899, -0.000805379357189], [-0.00038277549902, -0.000123891979456, -0.000249867880484, 0.00410188362002, -0.00194089079741, 0.000514785759151, -9.21713581192e-005, 0.000699427502695, -0.00314711569808, 0.000256293424172, 0.00173910881858, -0.00212709931657, 0.00161640066653], [0.000544793030713, -0.00129015732091, -0.00158571428619, -0.00194089079741, 0.00868400000036, -0.00405651936308, 0.000639312842395, 0.00264392327517, 0.000519614259247, -0.00146290427074, 0.0012887774501, 0.000648867862765, 0.0014143101871], [-0.000228912307648, 0.000764995871577, 0.000119373580674, 0.000514785759151, -0.00405651936308, 0.0105734067038, -0.00514184078202, 7.32602202334e-005, 0.00290585542098, -0.00136698421557, -0.00252965791151, 0.0020418940112, -0.00155622686725], [0.000178767673788, -0.000370141118765, 0.00256565469317, -9.21713581192e-005, 0.000639312842395, -0.00514184078202, 0.0136072505265, -0.00766521180049, -0.000549530319404, 0.00401102891192, 0.00113622262143, -0.00403386121616, 0.00200694613159], [-0.000170176921529, -0.000889694434591, -0.00385625706986, 0.000699427502695, 0.00264392327517, 7.32602202334e-005, -0.00766521180049, 0.0179127398878, -0.00654297508299, 0.000650240981486, 0.000912534422241, 0.00199137884192, -0.00115654210094], [0.000114413014671, 7.08957886673e-005, 0.000239094631979, -0.00314711569808, 0.000519614259247, 0.00290585542098, -0.000549530319404, -0.00654297508299, 0.0201996527612, -0.00858317501843, 0.000655108538922, 0.00189393060282, -0.000584884139244], [0.000191734026885, 0.00101313518826, 0.000507470103912, 0.000256293424172, -0.00146290427074, -0.00136698421557, 0.00401102891192, 0.000650240981486, -0.00858317501843, 0.0216227229685, -0.0116014862433, 0.00516349915415, 0.000549826712813], [-0.000479161011754, -0.000624841253739, 3.10027353407e-005, 0.00173910881858, 0.0012887774501, -0.00252965791151, 0.00113622262143, 0.000912534422241, 0.000655108538922, -0.0116014862433, 0.025398792699, -0.0148003743961, 0.00467487238348], [0.00043062469922, 0.000783719471656, -0.000606017652899, -0.00212709931657, 0.000648867862765, 0.0020418940112, -0.00403386121616, 0.00199137884192, 0.00189393060282, 0.00516349915415, -0.0148003743961, 0.0345046184957, -0.0124083328992], [-0.000298374739941, 0.000376403622795, -0.000805379357189, 0.00161640066653, 0.0014143101871, -0.00155622686725, 0.00200694613159, -0.00115654210094, -0.000584884139244, 0.000549826712813, 0.00467487238348, -0.0124083328992, 0.0233741011471]]
    sccoeffs:
        dmean: [0.0496818348765, 0.0462693423033, 0.0386184193194, 0.0299874134362, 0.0200211871415, 0.0205508563668]
        dmean2: [0.081443592906, 0.0774011388421, 0.0642091706395, 0.0496610961854, 0.0336958430707, 0.0323354713619]
        dvar: [0.0016309277853, 0.00155737565365, 0.00115889881272, 0.000602834043093, 0.000268504489213, 0.00043193178135]
        dvar2: [0.0045109721832, 0.0041755293496, 0.00303165265359, 0.00159762508702, 0.000725811813027, 0.000937861623242]
        max: [-0.402821093798, -0.491267323494, -0.522854745388, -0.608414411545, -0.667768239975, -0.565889716148]
        mean: [-0.670119643211, -0.806569874287, -0.809306383133, -0.806013524532, -0.799935221672, -0.753850460052]
        median: [-0.675164043903, -0.812273383141, -0.820612668991, -0.807571828365, -0.798564791679, -0.750686645508]
        min: [-0.965492546558, -0.980797410011, -0.97540473938, -0.958827614784, -0.961660921574, -0.95540702343]
        var: [0.00499566970393, 0.00334590184502, 0.00403295643628, 0.00209635635838, 0.000872412696481, 0.00208654557355]
    scvalleys:
        dmean: [0.3437910676, 0.396562993526, 0.349033862352, 0.305608600378, 0.283916354179, 0.283044099808]
        dmean2: [0.569022715092, 0.642546772957, 0.535451173782, 0.451414644718, 0.396998524666, 0.396538555622]
        dvar: [0.099868632853, 0.131123885512, 0.108085222542, 0.0986286178231, 0.124349340796, 0.143976211548]
        dvar2: [0.23712554574, 0.299790859222, 0.208755120635, 0.171720549464, 0.196529522538, 0.239236921072]
        max: [-5.19886350632, -5.13522338867, -5.05690288544, -5.34069108963, -5.42469120026, -7.41869974136]
        mean: [-6.82292413712, -7.3415722847, -7.24567365646, -7.30267381668, -7.19933986664, -10.190574646]
        median: [-6.34259271622, -6.97266483307, -6.84246778488, -6.88792276382, -6.54733800888, -9.36041355133]
        min: [-27.4017887115, -27.2593612671, -27.1776008606, -27.3038330078, -27.1370449066, -27.4062995911]
        var: [2.93445038795, 2.33140206337, 2.59689450264, 2.5325050354, 2.60987663269, 3.52682089806]

rhythm:
    beats_loudness:
        dmean: 0.00234718830325
        dmean2: 0.00426717661321
        dvar: 4.22333278038e-006
        dvar2: 1.33342527988e-005
        max: 0.0145608214661
        mean: 0.00493190344423
        median: 0.00501021090895
        min: 1.02737722843e-011
        var: 8.42688677949e-006
    bpm: 151.98677063
    bpm_confidence: 0
    first_peak_bpm: 152
    first_peak_spread: 0.178666695952
    first_peak_weight: 0.68292683363
    onset_rate: 3.29132580757
    second_peak_bpm: 157
    second_peak_spread: 0.0312499701977
    second_peak_weight: 0.13747228682
    beats_loudness_band_ratio:
        dmean: [0.146339058876, 0.0511158369482, 0.0580573193729, 0.103059977293, 0.095122218132, 0.0904184803367]
        dmean2: [0.2502630651, 0.0927759706974, 0.105458915234, 0.183544367552, 0.158314481378, 0.158347070217]
        dvar: [0.0181280300021, 0.00239093764685, 0.006524622906, 0.0110888853669, 0.00611286517233, 0.0049638710916]
        dvar2: [0.0475091375411, 0.00755362119526, 0.0193969160318, 0.0306650195271, 0.0175272896886, 0.014717368409]
        max: [0.977418899536, 0.429379433393, 0.511500418186, 0.574971020222, 0.62619715929, 0.54663592577]
        mean: [0.291096538305, 0.0691169202328, 0.0622051469982, 0.142437025905, 0.256999701262, 0.210569649935]
        median: [0.220203340054, 0.0588077604771, 0.0328826867044, 0.106603130698, 0.249341756105, 0.214261770248]
        min: [0, 0, 0, 0, 0, 0]
        var: [0.0469620525837, 0.00274695619009, 0.00586330052465, 0.0155564909801, 0.0127827394754, 0.0124290948734]
    beats_position: [0.417959183455, 0.835918366909, 1.24226760864, 1.64861679077, 2.04335594177, 2.43809509277, 2.83283448219, 3.22757363319, 3.62231278419, 4.01705217361, 4.41179132462, 4.80653047562, 5.20126962662, 5.59600877762, 5.99074840546, 6.38548755646, 6.78022670746, 7.17496585846, 7.56970500946, 7.96444416046, 8.37079334259, 8.76553249359, 9.16027164459, 9.56662082672, 9.96135997772, 10.3560991287, 10.7508392334, 11.1339683533, 11.5287075043, 11.9234466553, 12.3181858063, 12.7129249573, 13.0960540771, 13.4907932281, 13.8855323792, 14.2802715302, 14.6750106812, 15.0581407547, 15.4412698746, 15.8360090256, 16.2075271606, 16.602268219, 16.99700737, 17.391746521, 17.786485672, 18.181224823, 18.575963974, 18.9823131561, 19.365442276, 19.760181427, 20.154920578, 20.549659729, 20.94439888, 21.3507480621, 21.7454872131, 22.1518363953, 22.5465755463, 22.9413146973, 23.3360538483, 23.7424030304, 24.1255321503, 24.5202713013, 24.89179039, 25.3097496033, 25.7160987854, 26.1108379364, 26.5055770874, 26.8887062073, 27.2834453583, 27.6897945404, 28.0961437225, 28.4908847809, 28.8740139008, 29.2571430206, 29.6402721405, 30.0466213226, 30.4413604736, 30.8360996246, 31.2308387756, 31.6255779266, 32.0319252014, 32.4266662598, 32.8214035034, 33.2277526855, 33.6224937439, 34.0172348022, 34.4119720459, 34.8067131042, 35.2130622864, 35.6194114685, 36.0025405884, 36.3856697083, 36.7804069519, 37.1751480103, 37.5698852539, 37.9646263123, 38.3593635559, 38.7541046143, 39.1488418579, 39.5435829163, 39.9383201599, 40.3330612183, 40.7277984619, 41.1225395203, 41.5172767639, 41.9120178223, 42.3067550659, 42.7014961243, 43.1078453064, 43.50258255, 43.8973236084, 44.2920608521, 44.6868019104, 45.0815429688, 45.4646720886, 45.8594093323, 46.2541503906, 46.6488876343, 47.0436286926, 47.4383659363, 47.8331069946, 48.2278442383, 48.6225852966, 49.0173225403, 49.4004516602, 49.7951927185, 50.1899299622, 50.5846710205, 50.9794082642, 51.362537384, 51.7572784424, 52.152015686, 52.5467567444, 52.941493988, 53.3246231079, 53.7193641663, 54.1024932861, 54.4972343445, 54.8803634644, 55.2867126465, 55.6814498901, 56.0761909485, 56.4709281921, 56.8656692505, 57.2720184326, 57.6667556763, 58.0614967346, 58.4678459167, 58.8509750366, 59.2573242188, 59.6404533386, 60.0351905823, 60.4415397644, 60.8362808228, 61.2310180664, 61.6257591248, 62.0204963684, 62.4152374268, 62.7983665466, 63.1931037903, 63.5878448486, 63.9825820923, 64.3773193359, 64.7836685181, 65.1668014526, 65.5615386963, 65.9446716309, 66.3394088745, 66.7341461182, 67.1404953003, 67.5352401733, 67.9415893555, 68.3363265991, 68.7310638428, 69.1141967773, 69.4973220825, 69.8920593262, 70.2984085083, 70.7047576904, 71.1111068726, 71.5058517456, 71.9005889893, 72.2837142944, 72.6784591675, 73.0731964111, 73.4679336548, 73.8626708984, 74.2690200806, 74.6521530151, 75.0468902588, 75.4416275024, 75.8363723755, 76.2427215576, 76.6374588013, 77.0438079834, 77.4385452271, 77.8216781616, 78.2048034668, 78.5995483398, 78.9942855835, 79.3890228271, 79.7953720093, 80.2017211914, 80.5964584351, 80.9912033081, 81.3859405518, 81.7806777954, 82.1754150391, 82.5701599121, 82.9648971558, 83.3596343994, 83.742767334, 84.1258926392, 84.5206298828, 84.9153747559, 85.3101119995, 85.7048492432, 86.0995864868, 86.4943313599, 86.8890686035, 87.2838058472, 87.6785507202, 88.0732879639, 88.4680252075, 88.8627624512, 89.2458953857, 89.6406326294, 90.023765564, 90.4185028076, 90.8132400513, 91.2079772949, 91.6143264771, 92.0206756592, 92.4270248413, 92.8333740234, 93.2397232056, 93.6228561401, 94.0175933838, 94.4123306274, 94.795463562, 95.1785888672, 95.5733337402, 95.9680709839, 96.3628082275, 96.7691574097, 97.1755065918, 97.5702438354, 97.9649887085, 98.3597259521, 98.7544631958, 99.1492080688, 99.555557251, 99.9502944946, 100.345031738, 100.739768982, 101.122901917, 101.51763916, 101.912376404, 102.307121277, 102.701858521, 103.096595764, 103.491333008, 103.89768219, 104.304031372, 104.710380554, 105.116729736, 105.511474609, 105.894599915, 106.277732849, 106.649246216, 107.043991089, 107.438728333, 107.821853638, 108.22820282, 108.622947693, 109.017684937, 109.41242218, 109.807167053, 110.201904297, 110.585029602, 110.979774475, 111.374511719, 111.757637024, 112.163986206, 112.570335388, 112.965080261, 113.359817505, 113.754554749, 114.149291992, 114.544036865, 114.938774109, 115.333511353, 115.728248596, 116.122993469, 116.517730713, 116.900856018, 117.295600891, 117.690338135, 118.085075378, 118.479812622, 118.862945557, 119.269294739, 119.675643921, 120.070381165, 120.465126038, 120.859863281, 121.254600525, 121.649337769, 122.044082642, 122.438819885, 122.833557129, 123.228294373, 123.623039246, 124.017776489, 124.412513733, 124.795646667, 125.178771973, 125.573509216, 125.968254089, 126.362991333, 126.757728577, 127.164077759, 127.570426941, 127.965164185, 128.359909058, 128.754638672, 129.149383545, 129.544128418, 129.938858032, 130.333602905, 130.728347778, 131.111465454, 131.494598389, 131.889343262, 132.284072876, 132.678817749, 133.085174561, 133.491516113, 133.886260986, 134.280990601, 134.675735474, 135.070480347, 135.465209961, 135.859954834, 136.254684448, 136.637817383, 137.032562256, 137.42729187, 137.810424805, 138.205169678, 138.599899292, 138.994644165, 139.3777771, 139.760910034, 140.155639648, 140.550384521, 140.945129395, 141.339859009, 141.734603882, 142.129333496, 142.524078369, 142.930435181, 143.325164795, 143.731521606, 144.126251221, 144.520996094, 144.904129028, 145.298858643, 145.681991577, 146.07673645, 146.471466064, 146.866210938, 147.260955811, 147.655685425, 148.050430298, 148.445159912, 148.839904785, 149.234649658, 149.629379272, 150.024124146, 150.418869019, 150.813598633, 151.208343506, 151.603088379, 151.997817993, 152.392562866, 152.78729248, 153.182037354, 153.576782227, 153.971511841, 154.366256714, 154.761001587, 155.155731201, 155.550476074, 155.933609009, 156.339950562, 156.734695435, 157.129425049, 157.524169922, 157.918914795, 158.313644409, 158.708389282, 159.114730835, 159.509475708, 159.892608643, 160.287338257, 160.68208313, 161.076828003, 161.471557617, 161.86630249, 162.272644043, 162.679000854, 163.073745728, 163.468475342, 163.851608276, 164.246353149, 164.641082764, 165.035827637, 165.442169189, 165.860137939, 166.266479492, 166.649612427, 167.0443573, 167.439086914, 167.833831787, 168.228561401, 168.623306274, 169.018051147, 169.401168823, 169.784301758, 170.179046631, 170.562179565, 170.95690918, 171.363265991, 171.757995605, 172.152740479, 172.535873413, 172.930603027, 173.3253479, 173.720092773, 174.126434326, 174.532791138, 174.93913269, 175.345489502, 175.693786621, 176.04208374, 176.390380859, 176.738677979, 177.086975098, 177.435287476, 177.783584595, 178.143493652]
