
metadata:
    version:
        essentia: "2.1-beta2"
    audio_properties:
        analysis_sample_rate: 44100
        bitrate: 320
        channels: 2
        equal_loudness: 1
        length: 264.489807129
        replay_gain: -14.185213089
        downmix: "mix"
    tags:
        album: "Sehnsucht [Limited Edition]"
        artist: "Rammstein"
        comment: ""
        date: "1998"
        genre: "Industrial"
        title: "Alter Mann"
        tracknumber: "9"

configuration:
    average_loudness:
        compute: 1
        frameSize: 88200
        hopSize: 44100
        silentFrames: "noise"
        windowType: "hann"
    general:
        analysisSampleRate: 44100
        endTime: 2000
        equalLoudness: 1
        nequalLoudness: 0
        shortSound: 0
        startTime: 0
    lowlevel:
        compute: 1
        frameSize: 2048
        hopSize: 1024
        zeroPadding: 0
        silentFrames: "noise"
        windowType: "blackmanharris62"
        mfccStats: ["mean", "cov", "icov"]
        stats: ["mean", "var", "median", "min", "max", "dmean", "dmean2", "dvar", "dvar2"]
    panning:
        compute: 0
        frameSize: 8192
        hopSize: 2048
        zeroPadding: 8192
        silentFrames: "noise"
        windowType: "hann"
        stats: ["copy"]
    rhythm:
        compute: 1
        maxTempo: 208
        minTempo: 40
        method: "degara"
        stats: ["mean", "var", "median", "min", "max", "dmean", "dmean2", "dvar", "dvar2"]
    segmentation:
        compute: 0
        cpw: 5
        inc1: 300
        inc2: 50
        minimumSegmentsLength: 10
        size1: 1000
        size2: 600
    sfx:
        compute: 1
        stats: ["mean", "var", "median", "min", "max", "dmean", "dmean2", "dvar", "dvar2"]
    svm:
        compute: 0
    tonal:
        compute: 1
        frameSize: 4096
        hopSize: 2048
        zeroPadding: 0
        silentFrames: "noise"
        windowType: "blackmanharris62"
        stats: ["mean", "var", "median", "min", "max", "dmean", "dmean2", "dvar", "dvar2"]

lowlevel:
    average_loudness: 0.857488036156
    barkbands_kurtosis:
        dmean: 1.65175032616
        dmean2: 2.51904177666
        dvar: 51.0604095459
        dvar2: 98.9440612793
        max: 336.292572021
        mean: 0.440793126822
        median: -0.922142148018
        min: -1.93210947514
        var: 70.5566558838
    barkbands_skewness:
        dmean: 0.571999669075
        dmean2: 0.836962103844
        dvar: 0.479649752378
        dvar2: 0.897531926632
        max: 16.1029224396
        mean: -0.240880221128
        median: -0.390269130468
        min: -6.38611030579
        var: 1.55955266953
    barkbands_spread:
        dmean: 7.72686338425
        dmean2: 12.0075654984
        dvar: 56.4079933167
        dvar2: 120.848487854
        max: 80.2687835693
        mean: 34.4640159607
        median: 34.4534835815
        min: 0.578395605087
        var: 171.079498291
    dissonance:
        dmean: 0.0120031302795
        dmean2: 0.0201463270932
        dvar: 0.000212296494283
        dvar2: 0.000544216309208
        max: 0.500000059605
        mean: 0.480378687382
        median: 0.48582226038
        min: 0.269953012466
        var: 0.000357237120625
    hfc:
        dmean: 3.28249692917
        dmean2: 5.13080787659
        dvar: 34.5533409119
        dvar2: 89.1438598633
        max: 63.2601661682
        mean: 8.32948875427
        median: 6.3398065567
        min: 1.07857952808e-016
        var: 65.4537353516
    pitch:
        dmean: 855.501953125
        dmean2: 1618.54504395
        dvar: 1755592.875
        dvar2: 3914622.75
        max: 6022.45410156
        mean: 1824.68115234
        median: 739.165893555
        min: 59.9639053345
        var: 2988632.25
    pitch_instantaneous_confidence:
        dmean: 0.0927779078484
        dmean2: 0.149827390909
        dvar: 0.00663096876815
        dvar2: 0.0157236177474
        max: 0.940740942955
        mean: 0.415596038103
        median: 0.396056622267
        min: 0.0898755192757
        var: 0.0210504475981
    pitch_salience:
        dmean: 0.0730442851782
        dmean2: 0.117238260806
        dvar: 0.00532046239823
        dvar2: 0.0125810569152
        max: 0.997921764851
        mean: 0.646226167679
        median: 0.670517027378
        min: 0.116430111229
        var: 0.0142212221399
    silence_rate_20dB:
        dmean: 0
        dmean2: 0
        dvar: 0
        dvar2: 0
        max: 1
        mean: 1
        median: 1
        min: 1
        var: 0
    silence_rate_30dB:
        dmean: 0
        dmean2: 0
        dvar: 0
        dvar2: 0
        max: 1
        mean: 1
        median: 1
        min: 1
        var: 0
    silence_rate_60dB:
        dmean: 0.106750942767
        dmean2: 0.213520631194
        dvar: 0.0953579843044
        dvar2: 0.194777056575
        max: 1
        mean: 0.503950119019
        median: 1
        min: 0
        var: 0.24997100234
    spectral_centroid:
        dmean: 389.354980469
        dmean2: 590.449401855
        dvar: 179061.71875
        dvar2: 387590.84375
        max: 11530.0351563
        mean: 2104.90649414
        median: 2120.27783203
        min: 173.624145508
        var: 1244006.125
    spectral_complexity:
        dmean: 4.1931347847
        dmean2: 6.42440748215
        dvar: 30.8005599976
        dvar2: 65.7495956421
        max: 54
        mean: 13.2518434525
        median: 12
        min: 0
        var: 116.62815094
    spectral_crest:
        dmean: 2.21780753136
        dmean2: 3.55987167358
        dvar: 5.34714126587
        dvar2: 11.2674293518
        max: 25.5114498138
        mean: 7.53403377533
        median: 6.32076931
        min: 2.41669178009
        var: 14.4626779556
    spectral_decrease:
        dmean: 2.55777760083e-010
        dmean2: 3.89217380548e-010
        dvar: 1.55289240108e-019
        dvar2: 3.56334182595e-019
        max: 1.5376849769e-028
        mean: -8.08922429041e-010
        median: -6.62929044992e-010
        min: -4.33764490992e-009
        var: 4.08044525558e-019
    spectral_energy:
        dmean: 0.00122881913558
        dmean2: 0.0018718194915
        dvar: 3.92582342101e-006
        dvar2: 9.25063977775e-006
        max: 0.0211742147803
        mean: 0.00380855798721
        median: 0.00307480571792
        min: 1.00072278195e-020
        var: 9.61794557952e-006
    spectral_energyband_high:
        dmean: 0.000322913896525
        dmean2: 0.000522615388036
        dvar: 3.99752821068e-007
        dvar2: 1.06889729068e-006
        max: 0.0068712439388
        mean: 0.000600928149652
        median: 0.000352194503648
        min: 7.11510228321e-021
        var: 5.64343167753e-007
    spectral_energyband_low:
        dmean: 0.000290223048069
        dmean2: 0.000471707928227
        dvar: 2.75610148037e-007
        dvar2: 7.11065865744e-007
        max: 0.00476367631927
        mean: 0.0004294141836
        median: 0.000222265050979
        min: 1.63289521547e-023
        var: 3.56509673338e-007
    spectral_energyband_middle_high:
        dmean: 0.000726219790522
        dmean2: 0.00114182638936
        dvar: 1.1983506738e-006
        dvar2: 2.87317902803e-006
        max: 0.0132808182389
        mean: 0.00203667813912
        median: 0.00143513118383
        min: 1.20871231846e-021
        var: 3.86009241993e-006
    spectral_energyband_middle_low:
        dmean: 0.000412732973928
        dmean2: 0.000654174946249
        dvar: 3.5350797134e-007
        dvar2: 8.90988758329e-007
        max: 0.00719196209684
        mean: 0.000876345147844
        median: 0.000681723002344
        min: 1.33078789983e-022
        var: 6.71817190323e-007
    spectral_flatness_db:
        dmean: 0.0175960827619
        dmean2: 0.0258566569537
        dvar: 0.000344485917594
        dvar2: 0.000641521182843
        max: 0.4083968997
        mean: 0.139893710613
        median: 0.134595006704
        min: 0.0480771660805
        var: 0.00125514459796
    spectral_flux:
        dmean: 0.00912893284112
        dmean2: 0.0136569850147
        dvar: 0.000139136827784
        dvar2: 0.000277684390312
        max: 0.124868258834
        mean: 0.0377316698432
        median: 0.0354118607938
        min: 6.32855573501e-011
        var: 0.000405353726819
    spectral_kurtosis:
        dmean: 0.9751521945
        dmean2: 1.52224731445
        dvar: 1.53098285198
        dvar2: 3.38317751884
        max: 20.1945552826
        mean: 3.45148658752
        median: 3.03789782524
        min: -1.25141060352
        var: 4.32836866379
    spectral_rms:
        dmean: 0.000299614970572
        dmean2: 0.000439355993876
        dvar: 1.59620654472e-007
        dvar2: 3.50889365563e-007
        max: 0.00454508187249
        mean: 0.00174666184466
        median: 0.00173199595883
        min: 3.12460387425e-012
        var: 6.64846936616e-007
    spectral_rolloff:
        dmean: 498.48916626
        dmean2: 785.347045898
        dvar: 522031.75
        dvar2: 948202.4375
        max: 19444.4824219
        mean: 3724.50292969
        median: 3875.9765625
        min: 172.265625
        var: 3240408
    spectral_skewness:
        dmean: 0.182710126042
        dmean2: 0.270131826401
        dvar: 0.0418623611331
        dvar2: 0.0841701626778
        max: 3.39369225502
        mean: 1.30854225159
        median: 1.26059138775
        min: -0.0700661092997
        var: 0.163164108992
    spectral_spread:
        dmean: 623834.5
        dmean2: 883219.125
        dvar: 645096734720
        dvar2: 1.2332850217e+012
        max: 42218760
        mean: 5717111
        median: 5182001
        min: 1932154.625
        var: 1.34677308375e+013
    spectral_strongpeak:
        dmean: 0.504278123379
        dmean2: 0.87160885334
        dvar: 0.624065339565
        dvar2: 1.64217340946
        max: 8.16993808746
        mean: 0.672702312469
        median: 0.221150934696
        min: 0
        var: 0.95290941
    zerocrossingrate:
        dmean: 0.0121862413362
        dmean2: 0.0129765346646
        dvar: 0.000149036888615
        dvar2: 0.000147649814608
        max: 0.52294921875
        mean: 0.113845095038
        median: 0.1142578125
        min: 0.00732421875
        var: 0.00235582864843
    barkbands:
        dmean: [7.83383526937e-008, 4.02684745495e-005, 0.000216317770537, 0.000147459693835, 0.000158150854986, 0.000102886806417, 8.24357703095e-005, 6.45049949526e-005, 5.80194173381e-005, 2.75858765235e-005, 7.09284940967e-005, 4.00173303206e-005, 6.40677681076e-005, 7.60233451729e-005, 6.619697524e-005, 0.000119959062431, 0.000155505927978, 0.000189674465219, 0.000220651651034, 0.000256390456343, 0.000164845274412, 4.42827185907e-005, 7.62081845096e-006, 3.53204745807e-006, 1.81228108431e-006, 8.47225294365e-008, 2.20625984149e-009]
        dmean2: [1.41995528224e-007, 6.60223304294e-005, 0.000357830227586, 0.000231339407037, 0.000262447458226, 0.000171318199136, 0.000137618961162, 0.000106037259684, 9.51458132477e-005, 4.5809236326e-005, 0.000118508898595, 6.64977778797e-005, 0.000106522551505, 0.000126920946059, 0.000111545290565, 0.000193262880202, 0.000250131764915, 0.000312054675305, 0.000354901829269, 0.000426580023486, 0.000267584720859, 7.06486243871e-005, 1.21403409139e-005, 5.65254822504e-006, 2.72768193099e-006, 1.24120333567e-007, 3.56623974795e-009]
        dvar: [2.53755824404e-014, 6.62965460307e-009, 1.88207380347e-007, 7.09067791149e-008, 8.2889009434e-008, 3.57872806944e-008, 2.4798289644e-008, 2.16064979242e-008, 1.44867939866e-008, 2.32562502589e-009, 2.91405335417e-008, 7.33816118981e-009, 1.57976582926e-008, 2.04014192207e-008, 1.30841479873e-008, 4.22739425687e-008, 7.84312845781e-008, 1.13831610804e-007, 1.41891121075e-007, 2.57295909023e-007, 8.62347420139e-008, 8.10423639308e-009, 1.99193356254e-010, 4.82963703752e-011, 1.12045052056e-011, 1.93303032137e-014, 1.86570769141e-017]
        dvar2: [8.32453477353e-014, 1.51328070075e-008, 4.87897693802e-007, 1.44209636233e-007, 2.23551793965e-007, 9.47361797898e-008, 6.20782785177e-008, 5.47280478713e-008, 3.71392836485e-008, 6.02286576168e-009, 7.97230086391e-008, 1.88169728688e-008, 4.09809004509e-008, 5.40790630055e-008, 3.42768089467e-008, 1.0255010352e-007, 1.82636512136e-007, 2.75894109336e-007, 3.42447435742e-007, 6.93447987032e-007, 2.29411199371e-007, 2.01668708399e-008, 5.02188957086e-010, 1.27440447084e-010, 2.56578334967e-011, 4.31117882821e-014, 4.86876754926e-017]
        max: [1.12368036298e-006, 0.000990102766082, 0.00413816561922, 0.00512823462486, 0.00418435549363, 0.00301495566964, 0.00279491976835, 0.00299791037105, 0.00249448372051, 0.000931576068979, 0.00366631383076, 0.00240634568036, 0.00219322089106, 0.00242163054645, 0.00221480918117, 0.00459989439696, 0.00861774850637, 0.00795353017747, 0.0065190391615, 0.00519418669865, 0.00330408988521, 0.0013199626701, 0.000202437207918, 7.8133023635e-005, 6.00788225711e-005, 2.21446612159e-006, 5.27729113742e-008]
        mean: [8.76328698496e-008, 4.88491023134e-005, 0.000267556490144, 0.000203902556677, 0.000220272399019, 0.000145039797644, 0.000108217493107, 8.91029194463e-005, 9.52685950324e-005, 3.95897186536e-005, 0.000130216561956, 6.37786870357e-005, 9.63261627476e-005, 0.000122801153339, 0.000109327433165, 0.000225779353059, 0.000283798959572, 0.000347824301571, 0.000421475968324, 0.000406478182413, 0.000291935488349, 7.11858810973e-005, 1.16565770441e-005, 4.98748204336e-006, 2.95589165944e-006, 1.5113482732e-007, 3.15964632236e-009]
        median: [1.48504533115e-008, 2.11414062505e-005, 0.000100698671304, 7.32528496883e-005, 0.000135499678436, 7.25661084289e-005, 4.64077020297e-005, 2.95245845336e-005, 3.1709067116e-005, 1.94159165403e-005, 2.50281882472e-005, 2.17266278923e-005, 3.1560935895e-005, 4.38192801084e-005, 4.86405842821e-005, 0.000110783439595, 0.000126005266793, 0.000160468756803, 0.000228268938372, 0.000220761925448, 0.000160040712217, 2.96032631013e-005, 4.83197936774e-006, 1.84609348253e-006, 1.24232565213e-006, 7.17624288882e-008, 1.12151365972e-009]
        min: [1.75456532017e-025, 2.9306480424e-024, 4.27803804852e-025, 6.7780358787e-025, 2.47557864086e-024, 1.10961766574e-023, 6.3912370637e-024, 5.75352861324e-024, 1.21872485977e-023, 1.63391899915e-023, 2.01868275023e-023, 2.35539856129e-023, 2.97750342194e-023, 4.1407422511e-023, 4.55530822055e-023, 6.46614390316e-023, 7.45361095423e-023, 8.22523051551e-023, 1.60208360224e-022, 1.5489376013e-022, 2.05317572487e-022, 3.15956109616e-022, 3.50596998826e-022, 5.91546522255e-022, 8.68771479934e-022, 1.34134202571e-021, 1.90524211606e-021]
        var: [2.62937915662e-014, 7.731720153e-009, 2.10655059618e-007, 1.66532160506e-007, 8.6576882552e-008, 5.25233758708e-008, 3.63757735045e-008, 3.53064066871e-008, 3.78706026538e-008, 3.90508336778e-009, 8.91929374802e-008, 1.47178944587e-008, 2.92909838606e-008, 4.28931699048e-008, 2.75957123819e-008, 1.15561640257e-007, 2.26875087606e-007, 2.66950848982e-007, 3.49774211372e-007, 3.21377854107e-007, 1.28815045741e-007, 1.43500855643e-008, 2.78397777054e-010, 5.79991679683e-011, 1.908817375e-011, 3.72997768468e-014, 2.46298552954e-017]
    frequency_bands:
        dmean: [7.83383526937e-008, 4.02684745495e-005, 0.000216317770537, 0.000147459693835, 0.000158150854986, 0.000102886806417, 8.24357703095e-005, 6.45049949526e-005, 5.80194173381e-005, 2.75858765235e-005, 7.09284940967e-005, 4.00173303206e-005, 6.40677681076e-005, 7.60233451729e-005, 6.619697524e-005, 0.000119959062431, 0.000155505927978, 0.000189674465219, 0.000220651651034, 0.000256390456343, 0.000164845274412, 4.42827185907e-005, 7.62081845096e-006, 3.53204745807e-006, 1.81228108431e-006, 8.47225294365e-008, 2.20625984149e-009, 4.56973278662e-011]
        dmean2: [1.41995528224e-007, 6.60223304294e-005, 0.000357830227586, 0.000231339407037, 0.000262447458226, 0.000171318199136, 0.000137618961162, 0.000106037259684, 9.51458132477e-005, 4.5809236326e-005, 0.000118508898595, 6.64977778797e-005, 0.000106522551505, 0.000126920946059, 0.000111545290565, 0.000193262880202, 0.000250131764915, 0.000312054675305, 0.000354901829269, 0.000426580023486, 0.000267584720859, 7.06486243871e-005, 1.21403409139e-005, 5.65254822504e-006, 2.72768193099e-006, 1.24120333567e-007, 3.56623974795e-009, 8.52580089861e-011]
        dvar: [2.53755824404e-014, 6.62965460307e-009, 1.88207380347e-007, 7.09067791149e-008, 8.2889009434e-008, 3.57872806944e-008, 2.4798289644e-008, 2.16064979242e-008, 1.44867939866e-008, 2.32562502589e-009, 2.91405335417e-008, 7.33816118981e-009, 1.57976582926e-008, 2.04014192207e-008, 1.30841479873e-008, 4.22739425687e-008, 7.84312845781e-008, 1.13831610804e-007, 1.41891121075e-007, 2.57295909023e-007, 8.62347420139e-008, 8.10423639308e-009, 1.99193356254e-010, 4.82963703752e-011, 1.12045052056e-011, 1.93303032137e-014, 1.86570769141e-017, 6.34045894867e-021]
        dvar2: [8.32453477353e-014, 1.51328070075e-008, 4.87897693802e-007, 1.44209636233e-007, 2.23551793965e-007, 9.47361797898e-008, 6.20782785177e-008, 5.47280478713e-008, 3.71392836485e-008, 6.02286576168e-009, 7.97230086391e-008, 1.88169728688e-008, 4.09809004509e-008, 5.40790630055e-008, 3.42768089467e-008, 1.0255010352e-007, 1.82636512136e-007, 2.75894109336e-007, 3.42447435742e-007, 6.93447987032e-007, 2.29411199371e-007, 2.01668708399e-008, 5.02188957086e-010, 1.27440447084e-010, 2.56578334967e-011, 4.31117882821e-014, 4.86876754926e-017, 2.05728009369e-020]
        max: [1.12368036298e-006, 0.000990102766082, 0.00413816561922, 0.00512823462486, 0.00418435549363, 0.00301495566964, 0.00279491976835, 0.00299791037105, 0.00249448372051, 0.000931576068979, 0.00366631383076, 0.00240634568036, 0.00219322089106, 0.00242163054645, 0.00221480918117, 0.00459989439696, 0.00861774850637, 0.00795353017747, 0.0065190391615, 0.00519418669865, 0.00330408988521, 0.0013199626701, 0.000202437207918, 7.8133023635e-005, 6.00788225711e-005, 2.21446612159e-006, 5.27729113742e-008, 1.44636402855e-009]
        mean: [8.76328698496e-008, 4.88491023134e-005, 0.000267556490144, 0.000203902556677, 0.000220272399019, 0.000145039797644, 0.000108217493107, 8.91029194463e-005, 9.52685950324e-005, 3.95897186536e-005, 0.000130216561956, 6.37786870357e-005, 9.63261627476e-005, 0.000122801153339, 0.000109327433165, 0.000225779353059, 0.000283798959572, 0.000347824301571, 0.000421475968324, 0.000406478182413, 0.000291935488349, 7.11858810973e-005, 1.16565770441e-005, 4.98748204336e-006, 2.95589165944e-006, 1.5113482732e-007, 3.15964632236e-009, 3.4597675419e-011]
        median: [1.48504533115e-008, 2.11414062505e-005, 0.000100698671304, 7.32528496883e-005, 0.000135499678436, 7.25661084289e-005, 4.64077020297e-005, 2.95245845336e-005, 3.1709067116e-005, 1.94159165403e-005, 2.50281882472e-005, 2.17266278923e-005, 3.1560935895e-005, 4.38192801084e-005, 4.86405842821e-005, 0.000110783439595, 0.000126005266793, 0.000160468756803, 0.000228268938372, 0.000220761925448, 0.000160040712217, 2.96032631013e-005, 4.83197936774e-006, 1.84609348253e-006, 1.24232565213e-006, 7.17624288882e-008, 1.12151365972e-009, 9.97947210979e-012]
        min: [1.75456532017e-025, 2.9306480424e-024, 4.27803804852e-025, 6.7780358787e-025, 2.47557864086e-024, 1.10961766574e-023, 6.3912370637e-024, 5.75352861324e-024, 1.21872485977e-023, 1.63391899915e-023, 2.01868275023e-023, 2.35539856129e-023, 2.97750342194e-023, 4.1407422511e-023, 4.55530822055e-023, 6.46614390316e-023, 7.45361095423e-023, 8.22523051551e-023, 1.60208360224e-022, 1.5489376013e-022, 2.05317572487e-022, 3.15956109616e-022, 3.50596998826e-022, 5.91546522255e-022, 8.68771479934e-022, 1.34134202571e-021, 1.90524211606e-021, 4.83901516624e-022]
        var: [2.62937915662e-014, 7.731720153e-009, 2.10655059618e-007, 1.66532160506e-007, 8.6576882552e-008, 5.25233758708e-008, 3.63757735045e-008, 3.53064066871e-008, 3.78706026538e-008, 3.90508336778e-009, 8.91929374802e-008, 1.47178944587e-008, 2.92909838606e-008, 4.28931699048e-008, 2.75957123819e-008, 1.15561640257e-007, 2.26875087606e-007, 2.66950848982e-007, 3.49774211372e-007, 3.21377854107e-007, 1.28815045741e-007, 1.43500855643e-008, 2.78397777054e-010, 5.79991679683e-011, 1.908817375e-011, 3.72997768468e-014, 2.46298552954e-017, 4.69419585407e-021]
    mfcc:
        mean: [-731.734558105, 82.0169906616, -42.2192840576, 56.5201683044, -10.8656330109, -1.2256629467, -1.18022716045, -8.73450469971, -1.58425617218, -8.07824611664, -5.28501749039, -3.53912186623, -4.67233467102]
        cov: [[7788.63525391, 508.899261475, -970.780273438, 352.024932861, -242.401657104, 150.075424194, 22.8163471222, -142.711090088, 40.9433288574, 41.8860282898, 12.0645179749, 50.8106079102, 12.3002319336], [508.899261475, 923.843811035, -242.128479004, 28.3075256348, 60.4798316956, 39.9126930237, 33.2001304626, -16.9905719757, 19.2418727875, -15.7676811218, -1.7642493248, 8.54309368134, -31.9804992676], [-970.780273438, -242.128479004, 686.09375, 121.859107971, 38.4363899231, 27.7679767609, 23.4992313385, 28.5252037048, 19.6358509064, 36.7965698242, 13.8568649292, -7.2841463089, 20.9398365021], [352.024932861, 28.3075256348, 121.859107971, 417.829193115, 78.6825027466, 19.3872509003, -0.921653747559, -17.1936283112, 33.5186424255, 37.5669708252, 11.4630784988, 6.98111867905, 6.87942504883], [-242.401657104, 60.4798316956, 38.4363899231, 78.6825027466, 257.007873535, 30.8061332703, -35.9625892639, 11.6135215759, -2.88434195518, 28.7569675446, 50.8001594543, 21.39453125, 6.46514225006], [150.075424194, 39.9126930237, 27.7679767609, 19.3872509003, 30.8061332703, 161.71887207, 71.143081665, -0.0179730132222, 16.2454509735, 19.4093341827, 2.49333715439, -5.36760616302, 4.5217089653], [22.8163471222, 33.2001304626, 23.4992313385, -0.921653747559, -35.9625892639, 71.143081665, 151.37638855, 57.7790489197, 31.6380977631, -1.15085196495, -19.2848720551, -6.99415445328, 1.63999629021], [-142.711090088, -16.9905719757, 28.5252037048, -17.1936283112, 11.6135215759, -0.0179730132222, 57.7790489197, 132.519454956, 54.3049049377, -6.99736309052, 3.26382803917, 3.20604395866, 5.89702272415], [40.9433288574, 19.2418727875, 19.6358509064, 33.5186424255, -2.88434195518, 16.2454509735, 31.6380977631, 54.3049049377, 111.111412048, 37.0398025513, 0.674429297447, 13.7885122299, 10.0685777664], [41.8860282898, -15.7676811218, 36.7965698242, 37.5669708252, 28.7569675446, 19.4093341827, -1.15085196495, -6.99736309052, 37.0398025513, 99.6031723022, 48.8520889282, 17.4371261597, 9.6452589035], [12.0645179749, -1.7642493248, 13.8568649292, 11.4630784988, 50.8001594543, 2.49333715439, -19.2848720551, 3.26382803917, 0.674429297447, 48.8520889282, 106.86781311, 45.4070701599, 8.93675994873], [50.8106079102, 8.54309368134, -7.2841463089, 6.98111867905, 21.39453125, -5.36760616302, -6.99415445328, 3.20604395866, 13.7885122299, 17.4371261597, 45.4070701599, 89.5130233765, 32.7221221924], [12.3002319336, -31.9804992676, 20.9398365021, 6.87942504883, 6.46514225006, 4.5217089653, 1.63999629021, 5.89702272415, 10.0685777664, 9.6452589035, 8.93675994873, 32.7221221924, 65.0529785156]]
        icov: [[0.0002012111363, -3.36835364578e-005, 0.000322000327287, -0.000296898855595, 0.000326332694385, -0.000303401786368, 0.000119338968943, 2.52978443314e-005, 7.77835521149e-006, -6.37436314719e-005, -0.000101311285107, -5.20109933859e-005, -9.517287981e-005], [-3.36835364578e-005, 0.00133235706016, 0.000428168772487, -6.26583059784e-005, -0.000545949151274, -2.28989192692e-005, -0.000599004793912, 0.000605485867709, -0.000626005057711, 0.000540558306966, -9.74765280262e-005, -0.000217866429011, 0.000685953884386], [0.000322000327287, 0.000428168772487, 0.00230425363407, -0.000971948902588, 0.000325904955389, -0.000646029890049, -5.87756621826e-005, -0.000271729688393, 0.000110659137135, -0.000466215598863, -0.000244767899858, 0.0003180471831, -0.000525050563738], [-0.000296898855595, -6.26583059784e-005, -0.000971948902588, 0.0033160741441, -0.00143913342617, 0.000744722085074, -0.000608567439485, 0.00118292518891, -0.00123072054703, -0.000172723084688, 0.000335703371093, 0.000160630297614, 7.60648254072e-005], [0.000326332694385, -0.000545949151274, 0.000325904955389, -0.00143913342617, 0.00603141402826, -0.00258535030298, 0.00305945216678, -0.00251553114504, 0.00166462024208, -0.00098572880961, -0.00143081555143, -0.000526712334249, -0.000201612958335], [-0.000303401786368, -2.28989192692e-005, -0.000646029890049, 0.000744722085074, -0.00258535030298, 0.00994962453842, -0.00613097567111, 0.00340561498888, -0.00145859911572, -0.000279347208561, -0.000646366388537, 0.00159937620629, -0.000862019485794], [0.000119338968943, -0.000599004793912, -5.87756621826e-005, -0.000608567439485, 0.00305945216678, -0.00613097567111, 0.0127674099058, -0.00650021713227, 0.0013001258485, -0.00133518467192, 0.00226249359548, -0.00106153567322, 0.000375589559553], [2.52978443314e-005, 0.000605485867709, -0.000271729688393, 0.00118292518891, -0.00251553114504, 0.00340561498888, -0.00650021713227, 0.0146829783916, -0.00827626977116, 0.00544290803373, -0.00383514421992, 0.00209260405973, -0.000950385758188], [7.77835521149e-006, -0.000626005057711, 0.000110659137135, -0.00123072054703, 0.00166462024208, -0.00145859911572, 0.0013001258485, -0.00827626977116, 0.0166145451367, -0.0085260970518, 0.00508977286518, -0.00347268534824, 0.000178922899067], [-6.37436314719e-005, 0.000540558306966, -0.000466215598863, -0.000172723084688, -0.00098572880961, -0.000279347208561, -0.00133518467192, 0.00544290803373, -0.0085260970518, 0.0184812154621, -0.00932413060218, 0.00286213471554, -0.00147552334238], [-0.000101311285107, -9.74765280262e-005, -0.000244767899858, 0.000335703371093, -0.00143081555143, -0.000646366388537, 0.00226249359548, -0.00383514421992, 0.00508977286518, -0.00932413060218, 0.0182474032044, -0.00865913368762, 0.00293580326252], [-5.20109933859e-005, -0.000217866429011, 0.0003180471831, 0.000160630297614, -0.000526712334249, 0.00159937620629, -0.00106153567322, 0.00209260405973, -0.00347268534824, 0.00286213471554, -0.00865913368762, 0.0188122168183, -0.00859838537872], [-9.517287981e-005, 0.000685953884386, -0.000525050563738, 7.60648254072e-005, -0.000201612958335, -0.000862019485794, 0.000375589559553, -0.000950385758188, 0.000178922899067, -0.00147552334238, 0.00293580326252, -0.00859838537872, 0.0201577227563]]
    sccoeffs:
        dmean: [0.0597515814006, 0.04786131531, 0.037743780762, 0.0310394633561, 0.0240209344774, 0.0208870954812]
        dmean2: [0.0955915674567, 0.0789163634181, 0.0628496408463, 0.0514178946614, 0.0382394306362, 0.0314189195633]
        dvar: [0.00245329272002, 0.00149044161662, 0.000936180411372, 0.000632744806353, 0.000530080520548, 0.000374804192688]
        dvar2: [0.00600221008062, 0.00392955401912, 0.00251531996764, 0.00164552207571, 0.00119691959117, 0.000759019108955]
        max: [-0.316052317619, -0.512547314167, -0.52255666256, -0.556702792645, -0.516812205315, -0.565474569798]
        mean: [-0.64371907711, -0.768161118031, -0.794192254543, -0.79438662529, -0.795679152012, -0.754586100578]
        median: [-0.651744127274, -0.773774802685, -0.804048657417, -0.797384142876, -0.803718328476, -0.753653287888]
        min: [-0.983336031437, -0.986460566521, -0.996542811394, -0.987767755985, -0.989529907703, -0.96509295702]
        var: [0.00808479171246, 0.0042930864729, 0.00460246065632, 0.00274466187693, 0.00243538129143, 0.0023672869429]
    scvalleys:
        dmean: [0.444155216217, 0.433513581753, 0.396548360586, 0.358682543039, 0.350974887609, 0.337774008512]
        dmean2: [0.705262124538, 0.68159109354, 0.607847988605, 0.538230776787, 0.488222897053, 0.451765567064]
        dvar: [0.147983253002, 0.170417964458, 0.161802366376, 0.16409099102, 0.191826164722, 0.199330762029]
        dvar2: [0.326269179583, 0.362469434738, 0.334388196468, 0.323817074299, 0.366651624441, 0.396831005812]
        max: [-5.43548345566, -4.7369184494, -5.52722883224, -5.56555747986, -5.31792640686, -7.61496019363]
        mean: [-7.59230566025, -7.18009090424, -7.65139484406, -7.60944223404, -7.27997112274, -9.6711139679]
        median: [-7.17042636871, -6.84590911865, -7.29714012146, -7.19498443604, -6.89069747925, -9.4667224884]
        min: [-28.1605892181, -27.915397644, -27.8504390717, -27.5903816223, -27.5237979889, -27.3824081421]
        var: [4.73522043228, 4.60286092758, 4.45920848846, 4.54302692413, 4.607234478, 3.70758533478]

rhythm:
    beats_loudness:
        dmean: 0.00288537587039
        dmean2: 0.00541697628796
        dvar: 3.1289744129e-006
        dvar2: 1.07289961306e-005
        max: 0.0145732611418
        mean: 0.0068745710887
        median: 0.00675915554166
        min: 0
        var: 7.53172707846e-006
    bpm: 85.1003875732
    bpm_confidence: 0
    first_peak_bpm: 85
    first_peak_spread: 0.109919548035
    first_peak_weight: 0.890080451965
    onset_rate: 3.87916684151
    second_peak_bpm: 0
    second_peak_spread: 0
    second_peak_weight: 0
    beats_loudness_band_ratio:
        dmean: [0.206062704325, 0.041966047138, 0.0382489115, 0.0492628999054, 0.108028329909, 0.128714159131]
        dmean2: [0.397762089968, 0.0742106363177, 0.0703626796603, 0.0866808742285, 0.193302214146, 0.242204278708]
        dvar: [0.0238704625517, 0.00139195157681, 0.00146720476914, 0.00222136545926, 0.0100046452135, 0.00795221980661]
        dvar2: [0.0770929157734, 0.00436697201803, 0.00429735099897, 0.00663880677894, 0.0298911482096, 0.0245177187026]
        max: [0.784452021122, 0.317597031593, 0.299817830324, 0.348003596067, 0.695414304733, 0.864144444466]
        mean: [0.335121899843, 0.0792077481747, 0.0586596094072, 0.073533192277, 0.187941342592, 0.276554405689]
        median: [0.295374751091, 0.0717068016529, 0.0498086735606, 0.0545637756586, 0.167584002018, 0.27173435688]
        min: [0, 0, 0, 0, 0, 0]
        var: [0.0370939336717, 0.00180190918036, 0.00160738034174, 0.00381863047369, 0.0132669042796, 0.0136062894017]
    beats_position: [0.66176867485, 1.34675729275, 2.04335594177, 2.75156450272, 3.44816327095, 4.15637159348, 4.86458063126, 5.5727891922, 6.26938772202, 6.97759628296, 7.6858048439, 8.39401340485, 9.0906124115, 9.79882049561, 10.4954195023, 11.1920175552, 11.8886165619, 12.5968255997, 13.3050336838, 14.0248527527, 14.7330608368, 15.4412698746, 16.1494789124, 16.8576869965, 17.5542850494, 18.2508831024, 18.9590930939, 19.667301178, 20.3755092621, 21.0837192535, 21.7919273376, 22.5001354218, 23.1967334747, 23.8933334351, 24.6015415192, 25.3097496033, 26.0179595947, 26.7261676788, 27.4343757629, 28.142583847, 28.8391838074, 29.5473918915, 30.2555999756, 30.9521980286, 31.66040802, 32.357006073, 33.0652160645, 33.7618141174, 34.4584121704, 35.1782302856, 35.8864402771, 36.5946464539, 37.3028564453, 38.0110664368, 38.7192726135, 39.427482605, 40.124080658, 40.8206787109, 41.5288887024, 42.2370948792, 42.9453048706, 43.6535148621, 44.3617210388, 45.0699310303, 45.7665290833, 46.4631271362, 47.1713371277, 47.8795471191, 48.5877532959, 49.2959632874, 49.9925613403, 50.7123794556, 51.4089775085, 52.1171875, 52.8253974915, 53.5219955444, 54.2302017212, 54.9384117126, 55.6466217041, 56.3548278809, 57.0630378723, 57.7712478638, 58.4678459167, 59.1644439697, 59.8610420227, 60.5576400757, 61.2774581909, 61.9856681824, 62.6822662354, 63.3904762268, 64.0986862183, 64.806892395, 65.5150985718, 66.2233123779, 66.9199066162, 67.6165084839, 68.3131027222, 69.0329208374, 69.7295227051, 70.4261245728, 71.1343307495, 71.8425369263, 72.5623550415, 73.2589569092, 73.9555511475, 74.6753692627, 75.3835830688, 76.0917892456, 76.7883911133, 77.5082092285, 78.2048034668, 78.9130172729, 79.6096115112, 80.3178253174, 81.0144195557, 81.7342376709, 82.4308395386, 83.1506576538, 83.8472518921, 84.5438537598, 85.2520599365, 85.9602737427, 86.6800918579, 87.3766860962, 88.0848999023, 88.7931060791, 89.4897003174, 90.1863021851, 90.8829040527, 91.602722168, 92.2993164063, 93.0075302124, 93.7157363892, 94.4123306274, 95.1321487427, 95.8287506104, 96.5369567871, 97.2451705933, 97.9417648315, 98.6615829468, 99.3581848145, 100.07800293, 100.774604797, 101.471199036, 102.167800903, 102.887619019, 103.595825195, 104.304031372, 105.012245178, 105.720451355, 106.417053223, 107.113647461, 107.821853638, 108.530067444, 109.238273621, 109.946479797, 110.666305542, 111.386123657, 112.082717896, 112.779319763, 113.464309692, 114.172515869, 114.880722046, 115.588935852, 116.28553009, 116.993736267, 117.690338135, 118.398544312, 119.118362427, 119.838180542, 120.53478241, 121.231384277, 121.916366577, 122.612968445, 123.309570313, 124.017776489, 124.714370728, 125.434196472, 126.154014587, 126.873832703, 127.582038879, 128.290252686, 128.998458862, 129.695053101, 130.391647339, 131.099868774, 131.808074951, 132.516281128, 133.224487305, 133.932693481, 134.640899658, 135.337509155, 136.034103394, 136.74230957, 137.450515747, 138.158721924, 138.866943359, 139.575149536, 140.271743774, 140.979949951, 141.688156128, 142.384765625, 143.081359863, 143.78956604, 144.497772217, 145.205978394, 145.914199829, 146.610794067, 147.307388306, 148.015594482, 148.723800659, 149.443618774, 150.15184021, 150.860046387, 151.556640625, 152.253234863, 152.96144104, 153.669662476, 154.377868652, 155.086074829, 155.794281006, 156.490875244, 157.19909668, 157.895690918, 158.592285156, 159.300491333, 160.00869751, 160.705307007, 161.425125122, 162.144943237, 162.841537476, 163.538131714, 164.234741211, 164.954559326, 165.662765503, 166.37097168, 167.079177856, 167.787384033, 168.48399353, 169.180587769, 169.888793945, 170.597000122, 171.305206299, 172.013427734, 172.73324585, 173.429840088, 174.126434326, 174.823028564, 175.53125, 176.239456177, 176.947662354, 177.65586853, 178.352462769, 179.072280884, 179.780502319, 180.488708496, 181.185302734, 181.893508911, 182.601715088, 183.309921265, 184.0181427, 184.714736938, 185.411331177, 186.107940674, 186.804534912, 187.512741089, 188.220947266, 188.929153442, 189.637359619, 190.345581055, 191.053787231, 191.75038147, 192.458587646, 193.166793823, 193.86340332, 194.571609497, 195.279815674, 195.988021851, 196.696228027, 197.392837524, 198.101043701, 198.809249878, 199.505844116, 200.214050293, 200.92225647, 201.618865967, 202.327072144, 203.03527832, 203.743484497, 204.451690674, 205.159912109, 205.868118286, 206.576324463, 207.272918701, 207.95791626, 208.654510498, 209.362716675, 210.08253479, 210.802352905, 211.510559082, 212.218765259, 212.926986694, 213.635192871, 214.343399048, 215.039993286, 215.748199463, 216.45640564, 217.176239014, 217.872833252, 218.56942749, 219.266021729, 219.962631226, 220.659225464, 221.379043579, 222.075637817, 222.795455933, 223.503662109, 224.211883545, 224.920089722, 225.628295898, 226.324890137, 227.021499634, 227.729705811, 228.437911987, 229.146118164, 229.854324341, 230.550918579, 231.247528076, 231.955734253, 232.66394043, 233.360534668, 234.068756104, 234.77696228, 235.496780396, 236.193374634, 236.889968872, 237.598175049, 238.306396484, 239.014602661, 239.722808838, 240.442626953, 241.139221191, 241.835830688, 242.532424927, 243.240631104, 243.94883728, 244.657043457, 245.365249634, 246.061859131, 246.758453369, 247.466659546, 248.174865723, 248.894683838, 249.602905273, 250.31111145, 251.007705688, 251.704299927, 252.412506104, 253.109115601, 253.817321777, 254.525527954, 255.233734131, 255.941940308, 256.650146484, 257.346740723, 258.054962158, 258.751556396, 259.448150635, 260.144744873, 260.841369629, 261.549560547, 262.257781982, 262.9659729, 263.674194336]
