
metadata:
    version:
        essentia: "2.1-beta2"
    audio_properties:
        analysis_sample_rate: 44100
        bitrate: 320
        channels: 2
        equal_loudness: 1
        length: 218.618774414
        replay_gain: -14.5844364166
        downmix: "mix"
    tags:
        album: "Isolate And Medicate (Deluxe Edition)"
        artist: "Seether"
        comment: ""
        date: "2014"
        genre: "Alt. Rock/Post-Grunge"
        title: "See You At The Bottom"
        tracknumber: "1"

configuration:
    average_loudness:
        compute: 1
        frameSize: 88200
        hopSize: 44100
        silentFrames: "noise"
        windowType: "hann"
    general:
        analysisSampleRate: 44100
        endTime: 2000
        equalLoudness: 1
        nequalLoudness: 0
        shortSound: 0
        startTime: 0
    lowlevel:
        compute: 1
        frameSize: 2048
        hopSize: 1024
        zeroPadding: 0
        silentFrames: "noise"
        windowType: "blackmanharris62"
        mfccStats: ["mean", "cov", "icov"]
        stats: ["mean", "var", "median", "min", "max", "dmean", "dmean2", "dvar", "dvar2"]
    panning:
        compute: 0
        frameSize: 8192
        hopSize: 2048
        zeroPadding: 8192
        silentFrames: "noise"
        windowType: "hann"
        stats: ["copy"]
    rhythm:
        compute: 1
        maxTempo: 208
        minTempo: 40
        method: "degara"
        stats: ["mean", "var", "median", "min", "max", "dmean", "dmean2", "dvar", "dvar2"]
    segmentation:
        compute: 0
        cpw: 5
        inc1: 300
        inc2: 50
        minimumSegmentsLength: 10
        size1: 1000
        size2: 600
    sfx:
        compute: 1
        stats: ["mean", "var", "median", "min", "max", "dmean", "dmean2", "dvar", "dvar2"]
    svm:
        compute: 0
    tonal:
        compute: 1
        frameSize: 4096
        hopSize: 2048
        zeroPadding: 0
        silentFrames: "noise"
        windowType: "blackmanharris62"
        stats: ["mean", "var", "median", "min", "max", "dmean", "dmean2", "dvar", "dvar2"]

lowlevel:
    average_loudness: 0.871853291988
    barkbands_kurtosis:
        dmean: 0.840396463871
        dmean2: 1.3764257431
        dvar: 2.70580863953
        dvar2: 6.40236759186
        max: 41.5668907166
        mean: -0.0851639434695
        median: -1.0207836628
        min: -1.8785456419
        var: 9.3742723465
    barkbands_skewness:
        dmean: 0.436098694801
        dmean2: 0.688315927982
        dvar: 0.211729362607
        dvar2: 0.517626643181
        max: 5.92070674896
        mean: -0.0393457338214
        median: -0.187354058027
        min: -3.72307252884
        var: 1.07015180588
    barkbands_spread:
        dmean: 5.31258058548
        dmean2: 8.51371192932
        dvar: 29.3887290955
        dvar2: 71.962928772
        max: 80.8654403687
        mean: 34.1721687317
        median: 34.4726142883
        min: 0.658108651638
        var: 163.447372437
    dissonance:
        dmean: 0.0112276365981
        dmean2: 0.0189119596034
        dvar: 0.000202260431251
        dvar2: 0.000524578092154
        max: 0.500000059605
        mean: 0.475545912981
        median: 0.484884262085
        min: 0.0963666513562
        var: 0.00132982060313
    hfc:
        dmean: 1.77104175091
        dmean2: 2.81998491287
        dvar: 5.41259717941
        dvar2: 13.0670413971
        max: 35.7288208008
        mean: 7.79505491257
        median: 6.80140209198
        min: 1.0524189155e-016
        var: 33.5443229675
    pitch:
        dmean: 821.831726074
        dmean2: 1566.38586426
        dvar: 1582889
        dvar2: 3871598
        max: 5394.80419922
        mean: 1880.64611816
        median: 1461.79443359
        min: 64.783821106
        var: 2622343.75
    pitch_instantaneous_confidence:
        dmean: 0.0765317082405
        dmean2: 0.126153126359
        dvar: 0.00438731117174
        dvar2: 0.0109782135114
        max: 0.90872836113
        mean: 0.381426990032
        median: 0.361736834049
        min: 0.100376367569
        var: 0.0168099794537
    pitch_salience:
        dmean: 0.05616498366
        dmean2: 0.0943601056933
        dvar: 0.00278361863457
        dvar2: 0.00795869342983
        max: 0.998877167702
        mean: 0.659919798374
        median: 0.66912740469
        min: 0.217145144939
        var: 0.00591908441857
    silence_rate_20dB:
        dmean: 0
        dmean2: 0
        dvar: 0
        dvar2: 0
        max: 1
        mean: 1
        median: 1
        min: 1
        var: 0
    silence_rate_30dB:
        dmean: 0
        dmean2: 0
        dvar: 0
        dvar2: 0
        max: 1
        mean: 1
        median: 1
        min: 1
        var: 0
    silence_rate_60dB:
        dmean: 0.088360235095
        dmean2: 0.176739245653
        dvar: 0.0805571824312
        dvar2: 0.16441604495
        max: 1
        mean: 0.418179899454
        median: 0
        min: 0
        var: 0.243318364024
    spectral_centroid:
        dmean: 285.929229736
        dmean2: 447.705108643
        dvar: 108112.617188
        dvar2: 244634.109375
        max: 11621.8222656
        mean: 1827.38684082
        median: 1876.73791504
        min: 179.653884888
        var: 996184.625
    spectral_complexity:
        dmean: 2.92672038078
        dmean2: 4.7120552063
        dvar: 9.93382072449
        dvar2: 23.5425033569
        max: 44
        mean: 14.6531801224
        median: 14
        min: 0
        var: 84.4254608154
    spectral_crest:
        dmean: 1.82692313194
        dmean2: 3.04839801788
        dvar: 3.1272957325
        dvar2: 8.56427288055
        max: 22.4619808197
        mean: 6.74552869797
        median: 6.05501937866
        min: 2.44672656059
        var: 7.75250482559
    spectral_decrease:
        dmean: 3.03694930315e-010
        dmean2: 5.05393615846e-010
        dvar: 2.58984614622e-019
        dvar2: 6.85218118068e-019
        max: 2.4429460787e-028
        mean: -9.44195499564e-010
        median: -7.9902545691e-010
        min: -4.77195438719e-009
        var: 4.57693611984e-019
    spectral_energy:
        dmean: 0.00126593839377
        dmean2: 0.00209402386099
        dvar: 4.21273171014e-006
        dvar2: 1.10784249046e-005
        max: 0.0198523439467
        mean: 0.00427065882832
        median: 0.00367825641297
        min: 9.91799005636e-021
        var: 8.96866822586e-006
    spectral_energyband_high:
        dmean: 0.0001137379586
        dmean2: 0.000185299024452
        dvar: 2.72495057629e-008
        dvar2: 6.91719534984e-008
        max: 0.0028226536233
        mean: 0.000333534437232
        median: 0.000285477581201
        min: 6.98086234046e-021
        var: 7.74536559334e-008
    spectral_energyband_low:
        dmean: 0.000415124901338
        dmean2: 0.000720589887351
        dvar: 9.11510085189e-007
        dvar2: 2.50958464676e-006
        max: 0.00921439938247
        mean: 0.000502963375766
        median: 0.000302904547425
        min: 1.26268642141e-023
        var: 6.57037674046e-007
    spectral_energyband_middle_high:
        dmean: 0.000531000376213
        dmean2: 0.00083900714526
        dvar: 4.73115477462e-007
        dvar2: 1.12398788588e-006
        max: 0.0119005450979
        mean: 0.00222627515905
        median: 0.0016896816669
        min: 1.3217820113e-021
        var: 3.70738075617e-006
    spectral_energyband_middle_low:
        dmean: 0.000723087694496
        dmean2: 0.00123293837532
        dvar: 2.25488497563e-006
        dvar2: 6.09674043517e-006
        max: 0.0142985954881
        mean: 0.00136109825689
        median: 0.0010043826187
        min: 1.73457840797e-022
        var: 2.11309702536e-006
    spectral_flatness_db:
        dmean: 0.0138722257689
        dmean2: 0.0223020426929
        dvar: 0.000204858923098
        dvar2: 0.000487769808387
        max: 0.543634533882
        mean: 0.143405511975
        median: 0.13225518167
        min: 0.0583315603435
        var: 0.00275604985654
    spectral_flux:
        dmean: 0.00814404152334
        dmean2: 0.0126783540472
        dvar: 0.000120492637507
        dvar2: 0.00022595221526
        max: 0.118734337389
        mean: 0.0379041694105
        median: 0.036701682955
        min: 6.35006630612e-011
        var: 0.000374220515369
    spectral_kurtosis:
        dmean: 1.7873647213
        dmean2: 2.89976739883
        dvar: 56.1951255798
        dvar2: 138.990325928
        max: 301.030700684
        mean: 6.05438232422
        median: 2.93107414246
        min: -1.25109910965
        var: 420.513183594
    spectral_rms:
        dmean: 0.0002706477826
        dmean2: 0.000434985238826
        dvar: 1.43812542319e-007
        dvar2: 3.64447799939e-007
        max: 0.00440092477947
        mean: 0.00189946743194
        median: 0.00189434492495
        min: 3.11064108499e-012
        var: 5.58514670956e-007
    spectral_rolloff:
        dmean: 350.832641602
        dmean2: 580.676147461
        dvar: 306682.40625
        dvar2: 731743.0625
        max: 19638.28125
        mean: 3335.75
        median: 3488.37890625
        min: 172.265625
        var: 2582136
    spectral_skewness:
        dmean: 0.176053091884
        dmean2: 0.282302856445
        dvar: 0.145829647779
        dvar2: 0.350969702005
        max: 14.4102659225
        mean: 1.49616396427
        median: 1.30769836903
        min: -0.0693059116602
        var: 1.43211436272
    spectral_spread:
        dmean: 483919.15625
        dmean2: 706376.4375
        dvar: 555492835328
        dvar2: 1.03437389005e+012
        max: 42098220
        mean: 5300691
        median: 4816456
        min: 272572.875
        var: 1.10432102646e+013
    spectral_strongpeak:
        dmean: 0.486913323402
        dmean2: 0.842871069908
        dvar: 0.571052014828
        dvar2: 1.49718666077
        max: 8.99185562134
        mean: 0.668863356113
        median: 0.221467703581
        min: 5.39266235833e-011
        var: 0.902563095093
    zerocrossingrate:
        dmean: 0.00894255749881
        dmean2: 0.0113205527887
        dvar: 0.000100559693237
        dvar2: 0.000132959132316
        max: 0.5263671875
        mean: 0.103686213493
        median: 0.1064453125
        min: 0.01025390625
        var: 0.00198707776144
    barkbands:
        dmean: [1.28387995346e-007, 0.000109514403448, 0.000247417279752, 0.000230714460486, 0.00036557824933, 0.000136675749673, 7.82072238508e-005, 9.09764130483e-005, 5.12624101248e-005, 7.22477780073e-005, 4.36582122347e-005, 3.78006370738e-005, 4.54023647762e-005, 8.19450506242e-005, 5.00229180034e-005, 9.67512751231e-005, 0.000183433090569, 0.000212430240936, 0.000175542372745, 0.00013095093891, 5.58505271329e-005, 1.79344660864e-005, 4.83242729388e-006, 3.0980295378e-006, 1.93333653442e-006, 7.43552135418e-008, 5.73876834942e-010]
        dmean2: [2.14444114022e-007, 0.000192391889868, 0.000429430889199, 0.00041176128434, 0.000638905796222, 0.000226958814892, 0.000129095467855, 0.000143110592035, 8.3518170868e-005, 0.000113892267109, 7.09360101609e-005, 6.0870359448e-005, 7.37746377126e-005, 0.000131671287818, 8.13152073533e-005, 0.000157712289365, 0.000300437997794, 0.000350442976924, 0.000288873299723, 0.000214884421439, 9.31029499043e-005, 2.90902917186e-005, 7.55813653086e-006, 4.67843346996e-006, 2.80045696854e-006, 1.09786896019e-007, 9.13372155686e-010]
        dvar: [9.20950531005e-014, 6.78644482832e-008, 3.29185439796e-007, 2.24184162789e-007, 9.4647447213e-007, 7.44734052205e-008, 1.69905831626e-008, 3.16045039028e-008, 1.14115517036e-008, 2.71455125045e-008, 6.18179463174e-009, 8.17614598247e-009, 1.11734861363e-008, 4.13622309736e-008, 9.58713197718e-009, 2.95621696011e-008, 1.12664153562e-007, 1.23599519952e-007, 6.39283328496e-008, 3.09798693365e-008, 6.09738171065e-009, 8.36355262823e-010, 9.45383701878e-011, 4.76827015372e-011, 2.3187812781e-011, 5.77191831656e-014, 4.15520160005e-018]
        dvar2: [2.35656410835e-013, 1.9159323017e-007, 9.11802999326e-007, 6.24358335699e-007, 2.63410493062e-006, 2.04576380725e-007, 4.46007959454e-008, 7.62940715049e-008, 2.8606701008e-008, 6.14625932371e-008, 1.66896665377e-008, 1.98610194957e-008, 2.97314599607e-008, 1.04473741658e-007, 2.44690454565e-008, 7.33335951963e-008, 2.89014820964e-007, 3.10257007641e-007, 1.6186784535e-007, 7.76150699267e-008, 1.60290269946e-008, 2.07038253208e-009, 2.08766712251e-010, 1.066691388e-010, 4.69449687457e-011, 1.22996475201e-013, 9.65977300718e-018]
        max: [3.07534719468e-006, 0.00207042554393, 0.00653005111963, 0.00662291562185, 0.00964812655002, 0.00424430612475, 0.00204922351986, 0.00292856851593, 0.00262448028661, 0.00445086602122, 0.00148041639477, 0.00377449672669, 0.00273618753999, 0.00429134396836, 0.00186098937411, 0.00367400888354, 0.00663086399436, 0.00688866153359, 0.00596925709397, 0.00375413196161, 0.00132211775053, 0.000727438833565, 0.000251920428127, 0.000190860213479, 0.000128747255076, 1.12572533908e-005, 9.9955315136e-008]
        mean: [1.50394200205e-007, 0.000124045604025, 0.000277991290204, 0.000219093082706, 0.000430586747825, 0.000225698648137, 0.000135838010465, 0.000167363425135, 9.09189548111e-005, 0.00012897203851, 7.80273403507e-005, 6.74287803122e-005, 8.26690375106e-005, 0.00014148617629, 9.26492211875e-005, 0.000197417743038, 0.000391311332351, 0.000479778653244, 0.000420649797888, 0.000314724049531, 0.000137293885928, 4.2879179091e-005, 1.14719905469e-005, 7.69659709476e-006, 4.37820108345e-006, 1.3679935762e-007, 7.85679743487e-010]
        median: [6.25238527618e-008, 7.25101490389e-005, 0.000156240275828, 9.15166965569e-005, 0.00020978874818, 0.000129418505821, 7.07040308043e-005, 5.97683647356e-005, 4.90067141072e-005, 4.83727271785e-005, 3.64655643352e-005, 2.63634810835e-005, 2.53867365245e-005, 3.33963726007e-005, 4.50906409242e-005, 9.73155256361e-005, 0.000186876786756, 0.00025816282141, 0.000316291698255, 0.000263392226771, 0.000111350069346, 2.93529265036e-005, 6.99883366906e-006, 4.32154774899e-006, 1.90447462955e-006, 3.51470283988e-008, 2.03404501575e-010]
        min: [4.76330534132e-025, 3.71487892575e-024, 2.13744958549e-024, 1.08986409564e-024, 9.22687450146e-024, 1.43932357991e-023, 1.00373793833e-023, 6.27609098167e-024, 1.64872449839e-023, 1.63269153158e-023, 1.38043479779e-023, 1.96409878207e-023, 4.01524899612e-023, 4.09692102782e-023, 4.72542733693e-023, 3.6194285706e-023, 6.12094783736e-023, 8.67380774956e-023, 1.13364297681e-022, 2.09221121303e-022, 2.69228457698e-022, 3.37399242286e-022, 3.78303889032e-022, 6.55317835885e-022, 8.35816380168e-022, 1.38192577646e-021, 1.91472763202e-021]
        var: [8.16393868198e-014, 4.68099194961e-008, 2.37647228118e-007, 1.60104207225e-007, 6.90604736064e-007, 8.52288266628e-008, 3.23063709118e-008, 7.58824825198e-008, 2.3975053054e-008, 6.57756800138e-008, 1.40435316709e-008, 1.91635827207e-008, 2.85140178136e-008, 1.01489497695e-007, 2.00649825643e-008, 8.78887291833e-008, 3.5046534208e-007, 3.73056735725e-007, 1.70693098767e-007, 7.75409532139e-008, 1.49965213581e-008, 2.37831287997e-009, 3.0172087051e-010, 1.36779976234e-010, 6.49934897567e-011, 1.15265666478e-013, 5.27194878014e-018]
    frequency_bands:
        dmean: [1.28387995346e-007, 0.000109514403448, 0.000247417279752, 0.000230714460486, 0.00036557824933, 0.000136675749673, 7.82072238508e-005, 9.09764130483e-005, 5.12624101248e-005, 7.22477780073e-005, 4.36582122347e-005, 3.78006370738e-005, 4.54023647762e-005, 8.19450506242e-005, 5.00229180034e-005, 9.67512751231e-005, 0.000183433090569, 0.000212430240936, 0.000175542372745, 0.00013095093891, 5.58505271329e-005, 1.79344660864e-005, 4.83242729388e-006, 3.0980295378e-006, 1.93333653442e-006, 7.43552135418e-008, 5.73876834942e-010, 4.90026179356e-011]
        dmean2: [2.14444114022e-007, 0.000192391889868, 0.000429430889199, 0.00041176128434, 0.000638905796222, 0.000226958814892, 0.000129095467855, 0.000143110592035, 8.3518170868e-005, 0.000113892267109, 7.09360101609e-005, 6.0870359448e-005, 7.37746377126e-005, 0.000131671287818, 8.13152073533e-005, 0.000157712289365, 0.000300437997794, 0.000350442976924, 0.000288873299723, 0.000214884421439, 9.31029499043e-005, 2.90902917186e-005, 7.55813653086e-006, 4.67843346996e-006, 2.80045696854e-006, 1.09786896019e-007, 9.13372155686e-010, 9.10828842904e-011]
        dvar: [9.20950531005e-014, 6.78644482832e-008, 3.29185439796e-007, 2.24184162789e-007, 9.4647447213e-007, 7.44734052205e-008, 1.69905831626e-008, 3.16045039028e-008, 1.14115517036e-008, 2.71455125045e-008, 6.18179463174e-009, 8.17614598247e-009, 1.11734861363e-008, 4.13622309736e-008, 9.58713197718e-009, 2.95621696011e-008, 1.12664153562e-007, 1.23599519952e-007, 6.39283328496e-008, 3.09798693365e-008, 6.09738171065e-009, 8.36355262823e-010, 9.45383701878e-011, 4.76827015372e-011, 2.3187812781e-011, 5.77191831656e-014, 4.15520160005e-018, 5.2247591117e-021]
        dvar2: [2.35656410835e-013, 1.9159323017e-007, 9.11802999326e-007, 6.24358335699e-007, 2.63410493062e-006, 2.04576380725e-007, 4.46007959454e-008, 7.62940715049e-008, 2.8606701008e-008, 6.14625932371e-008, 1.66896665377e-008, 1.98610194957e-008, 2.97314599607e-008, 1.04473741658e-007, 2.44690454565e-008, 7.33335951963e-008, 2.89014820964e-007, 3.10257007641e-007, 1.6186784535e-007, 7.76150699267e-008, 1.60290269946e-008, 2.07038253208e-009, 2.08766712251e-010, 1.066691388e-010, 4.69449687457e-011, 1.22996475201e-013, 9.65977300718e-018, 1.66926630889e-020]
        max: [3.07534719468e-006, 0.00207042554393, 0.00653005111963, 0.00662291562185, 0.00964812655002, 0.00424430612475, 0.00204922351986, 0.00292856851593, 0.00262448028661, 0.00445086602122, 0.00148041639477, 0.00377449672669, 0.00273618753999, 0.00429134396836, 0.00186098937411, 0.00367400888354, 0.00663086399436, 0.00688866153359, 0.00596925709397, 0.00375413196161, 0.00132211775053, 0.000727438833565, 0.000251920428127, 0.000190860213479, 0.000128747255076, 1.12572533908e-005, 9.9955315136e-008, 8.56673398886e-010]
        mean: [1.50394200205e-007, 0.000124045604025, 0.000277991290204, 0.000219093082706, 0.000430586747825, 0.000225698648137, 0.000135838010465, 0.000167363425135, 9.09189548111e-005, 0.00012897203851, 7.80273403507e-005, 6.74287803122e-005, 8.26690375106e-005, 0.00014148617629, 9.26492211875e-005, 0.000197417743038, 0.000391311332351, 0.000479778653244, 0.000420649797888, 0.000314724049531, 0.000137293885928, 4.2879179091e-005, 1.14719905469e-005, 7.69659709476e-006, 4.37820108345e-006, 1.3679935762e-007, 7.85679743487e-010, 3.80842961334e-011]
        median: [6.25238527618e-008, 7.25101490389e-005, 0.000156240275828, 9.15166965569e-005, 0.00020978874818, 0.000129418505821, 7.07040308043e-005, 5.97683647356e-005, 4.90067141072e-005, 4.83727271785e-005, 3.64655643352e-005, 2.63634810835e-005, 2.53867365245e-005, 3.33963726007e-005, 4.50906409242e-005, 9.73155256361e-005, 0.000186876786756, 0.00025816282141, 0.000316291698255, 0.000263392226771, 0.000111350069346, 2.93529265036e-005, 6.99883366906e-006, 4.32154774899e-006, 1.90447462955e-006, 3.51470283988e-008, 2.03404501575e-010, 1.2687421426e-011]
        min: [4.76330534132e-025, 3.71487892575e-024, 2.13744958549e-024, 1.08986409564e-024, 9.22687450146e-024, 1.43932357991e-023, 1.00373793833e-023, 6.27609098167e-024, 1.64872449839e-023, 1.63269153158e-023, 1.38043479779e-023, 1.96409878207e-023, 4.01524899612e-023, 4.09692102782e-023, 4.72542733693e-023, 3.6194285706e-023, 6.12094783736e-023, 8.67380774956e-023, 1.13364297681e-022, 2.09221121303e-022, 2.69228457698e-022, 3.37399242286e-022, 3.78303889032e-022, 6.55317835885e-022, 8.35816380168e-022, 1.38192577646e-021, 1.91472763202e-021, 5.52622130951e-022]
        var: [8.16393868198e-014, 4.68099194961e-008, 2.37647228118e-007, 1.60104207225e-007, 6.90604736064e-007, 8.52288266628e-008, 3.23063709118e-008, 7.58824825198e-008, 2.3975053054e-008, 6.57756800138e-008, 1.40435316709e-008, 1.91635827207e-008, 2.85140178136e-008, 1.01489497695e-007, 2.00649825643e-008, 8.78887291833e-008, 3.5046534208e-007, 3.73056735725e-007, 1.70693098767e-007, 7.75409532139e-008, 1.49965213581e-008, 2.37831287997e-009, 3.0172087051e-010, 1.36779976234e-010, 6.49934897567e-011, 1.15265666478e-013, 5.27194878014e-018, 4.20166311367e-021]
    mfcc:
        mean: [-716.833251953, 96.1000213623, -33.3359222412, 53.9192123413, -7.36755752563, -9.84843635559, 1.64231538773, -1.40129268169, -1.88093650341, -5.74671697617, -4.15368556976, -3.11851429939, -3.7051525116]
        cov: [[8342.69140625, -335.910736084, -1447.37036133, 843.24395752, 72.7905654907, 103.504981995, -30.6173439026, -63.1905593872, 115.805358887, 108.350891113, 165.513320923, 162.053649902, -58.8050918579], [-335.910736084, 1096.32275391, 38.7172546387, -23.0224227905, -44.7232818604, -75.6981582642, 2.07367181778, 20.4512443542, -63.2947120667, -68.7434921265, -40.2954368591, -37.9372329712, 2.16801166534], [-1447.37036133, 38.7172546387, 835.694946289, -148.963928223, -65.6001358032, -12.5326690674, 19.5588493347, 12.5336771011, -39.742099762, -45.8736381531, -64.4889221191, -75.6117019653, 34.1101570129], [843.24395752, -23.0224227905, -148.963928223, 399.780670166, 67.2845306396, 12.6331033707, -1.53443729877, -3.05939602852, 74.2034454346, 23.1708221436, -5.81985330582, 25.2998714447, 20.105047226], [72.7905654907, -44.7232818604, -65.6001358032, 67.2845306396, 132.464416504, 26.0799217224, -19.2391204834, -0.816999316216, 30.916425705, 11.6968593597, -3.5624024868, 18.0252952576, -0.379599004984], [103.504981995, -75.6981582642, -12.5326690674, 12.6331033707, 26.0799217224, 135.967391968, 56.8699951172, -4.19618749619, 0.664242982864, 16.9978904724, 24.8601665497, 6.43476486206, -7.61517047882], [-30.6173439026, 2.07367181778, 19.5588493347, -1.53443729877, -19.2391204834, 56.8699951172, 118.696632385, 24.3144817352, -5.68064546585, 4.70930337906, 15.4584636688, 2.05145525932, -2.95144867897], [-63.1905593872, 20.4512443542, 12.5336771011, -3.05939602852, -0.816999316216, -4.19618749619, 24.3144817352, 83.394493103, 16.7092456818, 3.10550737381, 1.30711328983, 3.13752436638, 8.37230873108], [115.805358887, -63.2947120667, -39.742099762, 74.2034454346, 30.916425705, 0.664242982864, -5.68064546585, 16.7092456818, 95.2755813599, 31.3783950806, -0.084858968854, 15.0788402557, 2.88403105736], [108.350891113, -68.7434921265, -45.8736381531, 23.1708221436, 11.6968593597, 16.9978904724, 4.70930337906, 3.10550737381, 31.3783950806, 87.5550613403, 39.3071632385, 12.2463512421, 4.15123653412], [165.513320923, -40.2954368591, -64.4889221191, -5.81985330582, -3.5624024868, 24.8601665497, 15.4584636688, 1.30711328983, -0.084858968854, 39.3071632385, 78.1411132813, 24.6749954224, 0.687305450439], [162.053649902, -37.9372329712, -75.6117019653, 25.2998714447, 18.0252952576, 6.43476486206, 2.05145525932, 3.13752436638, 15.0788402557, 12.2463512421, 24.6749954224, 68.2660446167, 14.7615480423], [-58.8050918579, 2.16801166534, 34.1101570129, 20.105047226, -0.379599004984, -7.61517047882, -2.95144867897, 8.37230873108, 2.88403105736, 4.15123653412, 0.687305450439, 14.7615480423, 65.9748764038]]
        icov: [[0.000221672278713, 5.01141475979e-005, 0.000301607215079, -0.000428680010373, 0.000283411558485, -0.000149511004565, 0.000153250584844, 6.93247238814e-006, 0.000122686382383, 7.22538752598e-005, -0.000211879087146, -7.11640241207e-005, 0.000169204067788], [5.01141475979e-005, 0.00104863895103, 0.00012435860117, -0.000204898489756, 0.000111829052912, 0.000540413835552, -0.000207037490327, -0.000311479059746, 0.000627487432212, 0.000491260667332, 3.25740184053e-005, 0.000388544867747, -4.3975909648e-005], [0.000301607215079, 0.00012435860117, 0.00200105225667, -4.81033457618e-005, 0.000732971413527, -0.00036129244836, -9.68488166109e-005, -6.31736038486e-005, 7.88173347246e-005, 0.000298229570035, 0.000671269430313, 0.00136299105361, -0.00112314301077], [-0.000428680010373, -0.000204898489756, -4.81033457618e-005, 0.00419856933877, -0.00156216800679, 0.000230205740081, -0.000876124715433, 0.000795867003035, -0.00253797252662, -0.000114369475341, 0.00108802784234, 0.000229822893743, -0.00169717590325], [0.000283411558485, 0.000111829052912, 0.000732971413527, -0.00156216800679, 0.0104032773525, -0.00340631837025, 0.00317553873174, -0.00071848439984, -0.00134178332519, -0.000380723009584, 0.00174860458355, -0.00214641424827, 0.000790592865087], [-0.000149511004565, 0.000540413835552, -0.00036129244836, 0.000230205740081, -0.00340631837025, 0.0114505682141, -0.00608275271952, 0.00199210876599, 0.000522240181454, -0.000420607655542, -0.00234685279429, 0.000759511720389, 0.000600935425609], [0.000153250584844, -0.000207037490327, -9.68488166109e-005, -0.000876124715433, 0.00317553873174, -0.00608275271952, 0.0129294106737, -0.00413695443422, 0.000886148191057, 0.000147682338138, -0.000787504133768, -0.000887135334779, 0.00103868963197], [6.93247238814e-006, -0.000311479059746, -6.31736038486e-005, 0.000795867003035, -0.00071848439984, 0.00199210876599, -0.00413695443422, 0.0142916366458, -0.00354202999733, 0.000511759077199, -0.000569281924982, 0.000219270819798, -0.0018868430052], [0.000122686382383, 0.000627487432212, 7.88173347246e-005, -0.00253797252662, -0.00134178332519, 0.000522240181454, 0.000886148191057, -0.00354202999733, 0.0161386430264, -0.00577804166824, 0.00330649921671, -0.00253268470988, 0.00155339762568], [7.22538752598e-005, 0.000491260667332, 0.000298229570035, -0.000114369475341, -0.000380723009584, -0.000420607655542, 0.000147682338138, 0.000511759077199, -0.00577804166824, 0.0180404223502, -0.00939125940204, 0.00234287674539, -0.00148907443509], [-0.000211879087146, 3.25740184053e-005, 0.000671269430313, 0.00108802784234, 0.00174860458355, -0.00234685279429, -0.000787504133768, -0.000569281924982, 0.00330649921671, -0.00939125940204, 0.0216017607599, -0.00629942212254, 0.000538437860087], [-7.11640241207e-005, 0.000388544867747, 0.00136299105361, 0.000229822893743, -0.00214641424827, 0.000759511720389, -0.000887135334779, 0.000219270819798, -0.00253268470988, 0.00234287674539, -0.00629942212254, 0.0205563381314, -0.00541357556358], [0.000169204067788, -4.3975909648e-005, -0.00112314301077, -0.00169717590325, 0.000790592865087, 0.000600935425609, 0.00103868963197, -0.0018868430052, 0.00155339762568, -0.00148907443509, 0.000538437860087, -0.00541357556358, 0.0179986860603]]
    sccoeffs:
        dmean: [0.0552513897419, 0.0434282906353, 0.0346544459462, 0.0283034723252, 0.0207743123174, 0.0157588422298]
        dmean2: [0.0922907441854, 0.0713835731149, 0.0573699474335, 0.0466978102922, 0.0340939536691, 0.025475339964]
        dvar: [0.00259826378897, 0.00121611356735, 0.000816528336145, 0.000518402666785, 0.000305856694467, 0.000223815266509]
        dvar2: [0.00709321210161, 0.00341750937514, 0.00220367661677, 0.00139818561729, 0.000763754069339, 0.000537214218639]
        max: [-0.287125736475, -0.496052891016, -0.523059606552, -0.611430466175, -0.617493510246, -0.617113947868]
        mean: [-0.666483879089, -0.754617929459, -0.786951959133, -0.792393445969, -0.791354894638, -0.773485004902]
        median: [-0.673426568508, -0.7578997612, -0.795161247253, -0.798072516918, -0.794247925282, -0.769034087658]
        min: [-0.980554997921, -0.996676027775, -0.998552978039, -0.988503932953, -0.989205956459, -0.963943243027]
        var: [0.00554863316938, 0.00408300943673, 0.00363756110892, 0.00263848155737, 0.00180727313273, 0.00138086837251]
    scvalleys:
        dmean: [0.376396119595, 0.342763900757, 0.285532563925, 0.254569768906, 0.202229037881, 0.215176507831]
        dmean2: [0.615755081177, 0.564002990723, 0.463836580515, 0.40066498518, 0.314858406782, 0.31038698554]
        dvar: [0.108187504113, 0.100750669837, 0.0707876905799, 0.0660296902061, 0.0626211762428, 0.0886527523398]
        dvar2: [0.256169229746, 0.242467820644, 0.156042188406, 0.129031062126, 0.115419253707, 0.166451394558]
        max: [-5.05032300949, -4.56801557541, -5.47078084946, -5.7561173439, -5.56593036652, -7.44685602188]
        mean: [-6.99993610382, -6.84993457794, -7.32362747192, -7.62711811066, -7.23182630539, -9.7105474472]
        median: [-6.65346384048, -6.58842182159, -7.01755237579, -7.24616003036, -6.71467208862, -9.25961780548]
        min: [-28.1069164276, -28.1327152252, -27.7301921844, -27.7950267792, -27.5270576477, -27.3880386353]
        var: [4.03639650345, 3.8438782692, 3.70521450043, 3.98485565186, 4.30277395248, 4.13403749466]

rhythm:
    beats_loudness:
        dmean: 0.00231231655926
        dmean2: 0.00430679414421
        dvar: 3.04567811327e-006
        dvar2: 9.90586158878e-006
        max: 0.0149869984016
        mean: 0.00568648986518
        median: 0.00556918792427
        min: 0
        var: 7.62720901548e-006
    bpm: 82.9922637939
    bpm_confidence: 0
    first_peak_bpm: 83
    first_peak_spread: 0.0476190112531
    first_peak_weight: 0.930232584476
    onset_rate: 2.28708648682
    second_peak_bpm: 96
    second_peak_spread: 0.33333337307
    second_peak_weight: 0.00664451811463
    beats_loudness_band_ratio:
        dmean: [0.113464519382, 0.129046693444, 0.0777636021376, 0.069564320147, 0.108711510897, 0.0780946537852]
        dmean2: [0.198943018913, 0.237296849489, 0.138857334852, 0.119165815413, 0.190856039524, 0.1381316185]
        dvar: [0.0106099229306, 0.0126217501238, 0.00701372418553, 0.0076309191063, 0.00968951638788, 0.00637805042788]
        dvar2: [0.0279140733182, 0.039256606251, 0.0203599017113, 0.0209065489471, 0.0260981377214, 0.0171931311488]
        max: [0.853600919247, 0.901125729084, 0.494061350822, 0.527018904686, 0.73276412487, 0.598475635052]
        mean: [0.236113235354, 0.179011017084, 0.11791869998, 0.0962319821119, 0.257293492556, 0.187183633447]
        median: [0.208219215274, 0.137309610844, 0.0942582264543, 0.0691551715136, 0.231549412012, 0.180149912834]
        min: [0, 0, 0, 0, 0, 0]
        var: [0.0216399487108, 0.0206196885556, 0.00745131308213, 0.00755418930203, 0.0229208953679, 0.00852111261338]
    beats_position: [0.743038535118, 1.49768710136, 2.26394557953, 3.04181408882, 3.78485250473, 4.51628112793, 5.24770975113, 5.9675283432, 6.68734693527, 7.39555549622, 8.12698364258, 8.84680271149, 9.57823085785, 10.3096599579, 11.0294780731, 11.749297142, 12.4691152573, 13.1889343262, 13.9203624725, 14.6401815414, 15.3716096878, 16.0914287567, 16.8112468719, 17.5310649872, 18.2624931335, 18.9823131561, 19.7137413025, 20.4335594177, 21.153377533, 21.8731975555, 22.5930156708, 23.3244438171, 24.0558719635, 24.7756919861, 25.4955101013, 26.2153282166, 26.9351463318, 27.6549663544, 28.3863945007, 29.106212616, 29.8376407623, 30.5574588776, 31.2772789001, 31.9970970154, 32.7169151306, 33.4367332458, 34.1565513611, 34.8763694763, 35.60779953, 36.3276176453, 37.059047699, 37.7788658142, 38.4986839294, 39.2185020447, 39.9383201599, 40.6581382751, 41.3895683289, 42.1209983826, 42.8408164978, 43.560634613, 44.2804527283, 45.0002708435, 45.7200889587, 46.439907074, 47.1713371277, 47.8911552429, 48.6225852966, 49.3424034119, 50.0622215271, 50.7820396423, 51.513469696, 52.2332878113, 52.9647140503, 53.6845359802, 54.4043540955, 55.1241722107, 55.8439903259, 56.5638084412, 57.2836265564, 58.0150566101, 58.7464828491, 59.4663009644, 60.1861228943, 60.9059410095, 61.6257591248, 62.34557724, 63.0653953552, 63.7968254089, 64.5282516479, 65.2480697632, 65.9678878784, 66.6877059937, 67.4075241089, 68.1273422241, 68.8471679688, 69.5785903931, 70.3100204468, 71.029838562, 71.7496566772, 72.4694747925, 73.1892929077, 73.9207229614, 74.6405410767, 75.3603591919, 76.0801773071, 76.8116073608, 77.5314254761, 78.2512435913, 78.9710617065, 79.6908798218, 80.4223098755, 81.1537399292, 81.8735580444, 82.5933761597, 83.3131942749, 84.0330123901, 84.7528305054, 85.4726486206, 86.2040786743, 86.935508728, 87.6553268433, 88.3751449585, 89.0949630737, 89.814781189, 90.5462112427, 91.2776412964, 91.9974594116, 92.7172775269, 93.4370956421, 94.1569137573, 94.8767318726, 95.5965499878, 96.316368103, 97.0477981567, 97.7792282104, 98.4990463257, 99.2188644409, 99.9386825562, 100.67011261, 101.389930725, 102.121360779, 102.841178894, 103.560997009, 104.280815125, 105.00063324, 105.720451355, 106.44026947, 107.171699524, 107.891517639, 108.622947693, 109.342765808, 110.062583923, 110.805618286, 111.525436401, 112.245262146, 112.965080261, 113.684898376, 114.404716492, 115.124534607, 115.844352722, 116.564170837, 117.283988953, 118.003807068, 118.735237122, 119.466667175, 120.186485291, 120.906303406, 121.626121521, 122.345939636, 123.07736969, 123.808792114, 124.528617859, 125.248435974, 125.968254089, 126.688072205, 127.40789032, 128.139312744, 128.870742798, 129.590560913, 130.29876709, 131.030197144, 131.750015259, 132.469833374, 133.189651489, 133.921081543, 134.652511597, 135.372329712, 136.092147827, 136.811965942, 137.531784058, 138.251602173, 138.971420288, 139.691238403, 140.411056519, 141.130874634, 141.850692749, 142.570526123, 143.290344238, 144.021759033, 144.753189087, 145.473007202, 146.192825317, 146.912643433, 147.632461548, 148.352294922, 149.072113037, 149.791931152, 150.511749268, 151.243179321, 151.974594116, 152.70602417, 153.425842285, 154.134063721, 154.853881836, 155.562088013, 156.281906128, 157.013336182, 157.756362915, 158.47618103, 159.195999146, 159.915817261, 160.635650635, 161.35546875, 162.075286865, 162.79510498, 163.514923096, 164.234741211, 164.954559326, 165.674377441, 166.394195557, 167.137237549, 167.891876221, 168.623306274, 169.34312439, 170.062942505, 170.78276062, 171.502578735, 172.222396851, 172.953826904, 173.685256958, 174.405075073, 175.124893188, 175.844711304, 176.564529419, 177.284347534, 178.015777588, 178.735595703, 179.455413818, 180.186843872, 180.918273926, 181.626480103, 182.346298218, 183.066116333, 183.785934448, 184.52897644, 185.248794556, 185.968612671, 186.688430786, 187.408248901, 188.128067017, 188.847885132, 189.579315186, 190.310745239, 191.030563354, 191.75038147, 192.470199585, 193.1900177, 193.909835815, 194.641265869, 195.372695923, 196.092514038, 196.812332153, 197.532150269, 198.251968384, 198.971786499, 199.691604614, 200.423034668, 201.154464722, 201.874282837, 202.594100952, 203.313919067, 204.033737183, 204.765167236, 205.49659729, 206.216415405, 206.936233521, 207.656051636, 208.375869751, 209.095687866, 209.815505981, 210.535324097, 211.255142212, 211.986572266, 212.718002319, 213.437820435, 214.146026611, 214.854232788, 215.481170654, 216.073287964, 216.665390015, 217.269119263, 217.896057129]
    bpm_estimates: [79.5072097778, 80.7495269775, 82.0312423706, 82.0312423706, 83.3543319702, 83.3543319702, 84.7208023071, 82.0312957764, 83.3542785645, 82.0312957764, 82.0311889648, 83.3543930054, 83.3542785645, 83.3543930054, 83.3542785645, 82.0312957764, 83.3542785645, 82.0312957764, 83.3542785645, 83.3543930054, 83.3543930054, 82.0312957764, 83.3541717529, 82.0312957764, 83.3543930054, 83.3543930054, 83.3541717529, 83.3543930054, 82.0312957764, 82.0312957764, 83.3541717529, 83.3543930054, 83.3543930054, 83.3543930054, 83.3541717529, 82.0312957764, 83.3543930054, 82.0312957764, 83.3543930054, 83.3541717529, 83.3543930054, 83.3543930054, 83.3543930054, 83.3543930054, 83.3543930054, 82.0310821533, 83.3543930054, 82.0310821533, 83.3543930054, 83.3543930054, 83.3543930054, 83.3543930054, 83.3543930054, 82.0310821533, 82.0310821533, 83.3543930054, 83.3543930054, 83.3543930054, 83.3543930054, 83.3543930054, 83.3543930054, 82.0310821533, 83.3543930054, 82.0310821533, 83.3543930054, 83.3543930054, 83.3543930054, 82.0310821533, 83.3543930054, 82.0315093994, 83.3539505005, 83.3543930054, 83.3543930054, 83.3543930054, 83.3543930054, 83.3543930054, 82.0310821533, 82.0315093994, 83.3543930054, 83.3539505005, 83.3543930054, 83.3543930054, 83.3543930054, 83.3543930054, 82.0310821533, 82.0315093994, 83.3543930054, 83.3543930054, 83.3543930054, 83.3543930054, 83.3543930054, 83.3535079956, 82.0319366455, 82.0310821533, 83.3543930054, 83.3543930054, 83.3543930054, 83.3543930054, 82.0310821533, 83.3543930054, 83.3543930054, 83.3543930054, 82.0310821533, 83.3543930054, 83.3543930054, 83.3543930054, 83.3543930054, 82.0310821533, 82.0310821533, 83.3543930054, 83.3543930054, 83.3543930054, 83.3543930054, 83.3543930054, 83.3543930054, 82.0310821533, 82.0310821533, 83.3543930054, 83.3543930054, 83.3543930054, 83.3543930054, 82.0310821533, 82.0310821533, 83.3543930054, 83.3543930054, 83.3543930054, 83.3543930054, 83.3543930054, 83.3543930054, 83.3543930054, 82.0310821533, 82.0310821533, 83.3543930054, 83.3543930054, 83.3543930054, 82.0310821533, 83.3543930054, 82.0310821533, 83.3543930054, 83.3543930054, 83.3543930054, 83.3543930054, 83.3543930054, 83.3543930054, 82.0310821533, 83.3543930054, 82.0310821533, 83.3543930054, 83.3543930054, 80.7499694824, 83.3543930054, 83.3535079956, 83.3543930054, 83.3543930054, 83.3543930054, 83.3543930054, 83.3543930054, 83.3543930054, 83.3543930054, 83.3543930054, 82.0310821533, 82.0310821533, 83.3543930054, 83.3543930054, 83.3543930054, 83.3543930054, 82.0310821533, 82.0319366455, 83.3535079956, 83.3543930054, 83.3543930054, 83.3543930054, 83.3543930054, 82.0319366455, 82.0310821533, 83.3543930054, 84.7210922241, 82.0310821533, 83.3543930054, 83.3543930054, 83.3543930054, 82.0310821533, 82.0310821533, 83.3543930054, 83.3543930054, 83.3543930054, 83.3543930054, 83.3543930054, 83.3543930054, 83.3543930054, 83.3543930054, 83.3543930054, 83.3543930054, 83.3526229858, 83.3543930054, 82.0327987671, 82.0310821533, 83.3543930054, 83.3543930054, 83.3543930054, 83.3543930054, 83.3526229858, 83.3543930054, 83.3543930054, 83.3543930054, 82.0310821533, 82.0327987671, 82.0310821533, 83.3543930054, 84.7192687988, 83.3543930054, 84.7210922241, 83.3543930054, 82.0310821533, 80.750793457, 83.3543930054, 83.3543930054, 83.3543930054, 83.3526229858, 83.3543930054, 83.3543930054, 83.3543930054, 83.3543930054, 83.3543930054, 83.3543930054, 83.3543930054, 83.3543930054, 80.7491378784, 79.5082473755, 82.0310821533, 83.3543930054, 83.3543930054, 83.3543930054, 83.3543930054, 83.3543930054, 82.0310821533, 82.0310821533, 83.3543930054, 83.3543930054, 83.3543930054, 83.3543930054, 83.3543930054, 82.0310821533, 83.3543930054, 83.3543930054, 82.0310821533, 82.0310821533, 84.7210922241, 83.3543930054, 83.3543930054, 83.3543930054, 80.7491378784, 83.3543930054, 83.3543930054, 83.3543930054, 83.3543930054, 83.3543930054, 83.3543930054, 82.0310821533, 82.0310821533, 83.3543930054, 83.3543930054, 83.3543930054, 83.3543930054, 83.3543930054, 82.0310821533, 82.0310821533, 83.3543930054, 83.3543930054, 83.3543930054, 83.3543930054, 83.3543930054, 83.3543930054, 82.0310821533, 82.0310821533, 83.3543930054, 83.3543930054, 83.3543930054, 83.3543930054, 82.0310821533, 82.0310821533, 83.3543930054, 83.3543930054, 83.3543930054, 83.3543930054, 83.3543930054, 83.3543930054, 83.3543930054, 83.3543930054, 82.0310821533, 82.0310821533, 83.3543930054, 84.7210922241, 84.7210922241]
