
metadata:
    version:
        essentia: "2.1-beta2"
    audio_properties:
        analysis_sample_rate: 44100
        bitrate: 320
        channels: 2
        equal_loudness: 1
        length: 199.967346191
        replay_gain: -14.9408321381
        downmix: "mix"
    tags:
        album: "Isolate And Medicate (Deluxe Edition)"
        artist: "Seether"
        comment: ""
        date: "2014"
        genre: "Alt. Rock/Post-Grunge"
        title: "Same Damn Life"
        tracknumber: "2"

configuration:
    average_loudness:
        compute: 1
        frameSize: 88200
        hopSize: 44100
        silentFrames: "noise"
        windowType: "hann"
    general:
        analysisSampleRate: 44100
        endTime: 2000
        equalLoudness: 1
        nequalLoudness: 0
        shortSound: 0
        startTime: 0
    lowlevel:
        compute: 1
        frameSize: 2048
        hopSize: 1024
        zeroPadding: 0
        silentFrames: "noise"
        windowType: "blackmanharris62"
        mfccStats: ["mean", "cov", "icov"]
        stats: ["mean", "var", "median", "min", "max", "dmean", "dmean2", "dvar", "dvar2"]
    panning:
        compute: 0
        frameSize: 8192
        hopSize: 2048
        zeroPadding: 8192
        silentFrames: "noise"
        windowType: "hann"
        stats: ["copy"]
    rhythm:
        compute: 1
        maxTempo: 208
        minTempo: 40
        method: "degara"
        stats: ["mean", "var", "median", "min", "max", "dmean", "dmean2", "dvar", "dvar2"]
    segmentation:
        compute: 0
        cpw: 5
        inc1: 300
        inc2: 50
        minimumSegmentsLength: 10
        size1: 1000
        size2: 600
    sfx:
        compute: 1
        stats: ["mean", "var", "median", "min", "max", "dmean", "dmean2", "dvar", "dvar2"]
    svm:
        compute: 0
    tonal:
        compute: 1
        frameSize: 4096
        hopSize: 2048
        zeroPadding: 0
        silentFrames: "noise"
        windowType: "blackmanharris62"
        stats: ["mean", "var", "median", "min", "max", "dmean", "dmean2", "dvar", "dvar2"]

lowlevel:
    average_loudness: 0.917521834373
    barkbands_kurtosis:
        dmean: 0.895696997643
        dmean2: 1.43484675884
        dvar: 2.38334131241
        dvar2: 5.48047208786
        max: 48.1428565979
        mean: -0.297193557024
        median: -0.862403035164
        min: -1.90136766434
        var: 4.38791227341
    barkbands_skewness:
        dmean: 0.464267045259
        dmean2: 0.719582021236
        dvar: 0.21679161489
        dvar2: 0.519397318363
        max: 4.39046478271
        mean: -0.370706677437
        median: -0.450690209866
        min: -5.53340816498
        var: 0.865018367767
    barkbands_spread:
        dmean: 6.04764699936
        dmean2: 9.57220649719
        dvar: 37.5036849976
        dvar2: 90.0634689331
        max: 76.004699707
        mean: 33.72706604
        median: 32.989780426
        min: 0.683539688587
        var: 142.69770813
    dissonance:
        dmean: 0.010579764843
        dmean2: 0.0179344583303
        dvar: 0.000141787575558
        dvar2: 0.000383371196222
        max: 0.500000059605
        mean: 0.481191009283
        median: 0.486421793699
        min: 0.306199669838
        var: 0.000327119923895
    hfc:
        dmean: 2.2783601284
        dmean2: 3.56528520584
        dvar: 8.69505977631
        dvar2: 20.6017589569
        max: 55.3648986816
        mean: 9.23809051514
        median: 8.61855792999
        min: 1.10654637224e-016
        var: 41.7599601746
    pitch:
        dmean: 782.768005371
        dmean2: 1486.06213379
        dvar: 1493733.5
        dvar2: 3708131.25
        max: 5460.16943359
        mean: 2117.82055664
        median: 3062.91357422
        min: 58.2130279541
        var: 2542863.75
    pitch_instantaneous_confidence:
        dmean: 0.0856499969959
        dmean2: 0.138087660074
        dvar: 0.00553910899907
        dvar2: 0.0134091200307
        max: 0.939351797104
        mean: 0.431736409664
        median: 0.416391789913
        min: 0.10940349102
        var: 0.0210693590343
    pitch_salience:
        dmean: 0.0531253255904
        dmean2: 0.087649539113
        dvar: 0.00230753514916
        dvar2: 0.00621100282297
        max: 0.997579336166
        mean: 0.662967801094
        median: 0.675439894199
        min: 0.231306821108
        var: 0.00697582960129
    silence_rate_20dB:
        dmean: 0
        dmean2: 0
        dvar: 0
        dvar2: 0
        max: 1
        mean: 1
        median: 1
        min: 1
        var: 0
    silence_rate_30dB:
        dmean: 0
        dmean2: 0
        dvar: 0
        dvar2: 0
        max: 1
        mean: 1
        median: 1
        min: 1
        var: 0
    silence_rate_60dB:
        dmean: 0.0917324647307
        dmean2: 0.183486238122
        dvar: 0.0833216533065
        dvar2: 0.169575288892
        max: 1
        mean: 0.35249042511
        median: 0
        min: 0
        var: 0.228256255388
    spectral_centroid:
        dmean: 318.337677002
        dmean2: 488.970336914
        dvar: 135974.03125
        dvar2: 295158.375
        max: 11619.1962891
        mean: 2040.80883789
        median: 2142.80200195
        min: 265.843505859
        var: 620449.9375
    spectral_complexity:
        dmean: 3.34904789925
        dmean2: 5.22355127335
        dvar: 12.0631790161
        dvar2: 26.6310691833
        max: 47
        mean: 15.8264255524
        median: 16
        min: 0
        var: 93.9804153442
    spectral_crest:
        dmean: 1.93214905262
        dmean2: 3.20862841606
        dvar: 3.32632803917
        dvar2: 8.68085289001
        max: 24.4001083374
        mean: 7.10536193848
        median: 6.47937011719
        min: 2.3762857914
        var: 7.03198242188
    spectral_decrease:
        dmean: 3.34145960901e-010
        dmean2: 5.39612687867e-010
        dvar: 2.60882994128e-019
        dvar2: 6.75252969831e-019
        max: 7.32401486492e-029
        mean: -9.64194390995e-010
        median: -8.67810878713e-010
        min: -4.65574689912e-009
        var: 4.31803944486e-019
    spectral_energy:
        dmean: 0.00143363070674
        dmean2: 0.00229582190514
        dvar: 4.37703056377e-006
        dvar2: 1.11941171781e-005
        max: 0.0197274237871
        mean: 0.00447701616213
        median: 0.00406505260617
        min: 1.00131449074e-020
        var: 8.79547678778e-006
    spectral_energyband_high:
        dmean: 0.000139995710924
        dmean2: 0.000221437236178
        dvar: 3.65432235583e-008
        dvar2: 8.83191191292e-008
        max: 0.00347725115716
        mean: 0.000446251855465
        median: 0.00038554816274
        min: 7.288590492e-021
        var: 1.50877298211e-007
    spectral_energyband_low:
        dmean: 0.000293198536383
        dmean2: 0.000498725567013
        dvar: 4.22312950832e-007
        dvar2: 1.12887778414e-006
        max: 0.00539075396955
        mean: 0.000422709417762
        median: 0.00030623486964
        min: 1.55191974795e-023
        var: 3.52555161953e-007
    spectral_energyband_middle_high:
        dmean: 0.000688005355187
        dmean2: 0.00107858900446
        dvar: 8.04667706689e-007
        dvar2: 1.89010245322e-006
        max: 0.016093166545
        mean: 0.00247177341953
        median: 0.00206570955925
        min: 1.37029122669e-021
        var: 3.52587608177e-006
    spectral_energyband_middle_low:
        dmean: 0.000797804386821
        dmean2: 0.00136775767896
        dvar: 2.57072542809e-006
        dvar2: 7.00039936419e-006
        max: 0.0143542485312
        mean: 0.00126888311934
        median: 0.000866911723278
        min: 2.03863708149e-022
        var: 2.22976495934e-006
    spectral_flatness_db:
        dmean: 0.0141901699826
        dmean2: 0.0222131814808
        dvar: 0.000191983010154
        dvar2: 0.000420868076617
        max: 0.486347287893
        mean: 0.148428633809
        median: 0.140558496118
        min: 0.0627289712429
        var: 0.0015685147373
    spectral_flux:
        dmean: 0.0087940748781
        dmean2: 0.0129345497116
        dvar: 0.000105013896246
        dvar2: 0.000188434685697
        max: 0.111596122384
        mean: 0.040097605437
        median: 0.0389395616949
        min: 6.43324143956e-011
        var: 0.000366834370652
    spectral_kurtosis:
        dmean: 1.07911741734
        dmean2: 1.77280497551
        dvar: 3.06704568863
        dvar2: 8.44832611084
        max: 56.7670249939
        mean: 3.40314722061
        median: 2.98310661316
        min: -1.22946405411
        var: 6.0838637352
    spectral_rms:
        dmean: 0.000300558021991
        dmean2: 0.00046322363778
        dvar: 1.35652953759e-007
        dvar2: 3.2544389228e-007
        max: 0.00438705692068
        mean: 0.00195462629199
        median: 0.00199145800434
        min: 3.12552739766e-012
        var: 5.47253307559e-007
    spectral_rolloff:
        dmean: 357.834075928
        dmean2: 568.141723633
        dvar: 307892.90625
        dvar2: 642616.625
        max: 19207.6171875
        mean: 3530.90454102
        median: 3617.578125
        min: 150.732421875
        var: 1224605.125
    spectral_skewness:
        dmean: 0.157593429089
        dmean2: 0.250194907188
        dvar: 0.0368994437158
        dvar2: 0.0901095196605
        max: 4.69481706619
        mean: 1.25791013241
        median: 1.25820279121
        min: -0.0731567889452
        var: 0.129002183676
    spectral_spread:
        dmean: 499388.03125
        dmean2: 722832.25
        dvar: 802685321216
        dvar2: 1.44346867302e+012
        max: 41624324
        mean: 4916518.5
        median: 4665035.5
        min: 795005.625
        var: 4.97323186586e+012
    spectral_strongpeak:
        dmean: 0.625888228416
        dmean2: 1.07447588444
        dvar: 0.742056727409
        dvar2: 1.93915891647
        max: 13.6548471451
        mean: 0.851399421692
        median: 0.34576022625
        min: 6.34482397177e-011
        var: 1.17061007023
    zerocrossingrate:
        dmean: 0.00989506579936
        dmean2: 0.0120258610696
        dvar: 0.000129977343022
        dvar2: 0.000160521361977
        max: 0.5126953125
        mean: 0.112089037895
        median: 0.11669921875
        min: 0.0224609375
        var: 0.00120669440366
    barkbands:
        dmean: [1.71705110574e-007, 7.7543198131e-005, 0.000169239909155, 0.000172487416421, 0.000393097434426, 0.00016195003991, 0.000115487331641, 8.07787801023e-005, 6.27828849247e-005, 6.8603316322e-005, 4.32066262874e-005, 6.33455929346e-005, 3.95983806811e-005, 6.04530760029e-005, 7.68945901655e-005, 9.92349450826e-005, 0.000173114996869, 0.000260876782704, 0.000251343706623, 0.00017480974202, 7.14513662388e-005, 2.22774560825e-005, 7.1129288699e-006, 3.86258307117e-006, 1.83379529517e-006, 6.34467269833e-008, 4.45668557614e-010]
        dmean2: [2.87808148869e-007, 0.000140245334478, 0.000284859124804, 0.000310403323965, 0.000678213546053, 0.000277244776953, 0.00019633633201, 0.000130493630422, 0.000100363329693, 0.000111257191747, 6.99600132066e-005, 0.000103842459794, 6.43735183985e-005, 9.86878876574e-005, 0.000122228026157, 0.000163670469192, 0.00028151134029, 0.000425226724474, 0.000412079330999, 0.000288471404929, 0.000115473965707, 3.45392618328e-005, 1.07404539449e-005, 5.93998038312e-006, 2.73078467217e-006, 9.55011429937e-008, 7.19924009296e-010]
        dvar: [1.78749457727e-013, 4.32392788241e-008, 1.31581700202e-007, 1.23989664758e-007, 8.33096237329e-007, 1.43468923852e-007, 8.15294214362e-008, 2.55421550577e-008, 1.0775371706e-008, 2.30634427112e-008, 1.31347510646e-008, 2.68705750983e-008, 8.15036127477e-009, 1.61421738198e-008, 2.21676028644e-008, 4.58782487556e-008, 7.33479694759e-008, 1.74525155217e-007, 1.06840417402e-007, 8.09096647458e-008, 9.62594715048e-009, 1.63708568923e-009, 3.47571027515e-010, 1.06155702284e-010, 2.11038565096e-011, 2.14404621851e-014, 7.79573214675e-019]
        dvar2: [4.4593571457e-013, 1.2232058566e-007, 3.51353548922e-007, 3.51243670593e-007, 2.29393413065e-006, 3.974206777e-007, 2.18919325334e-007, 6.03450232006e-008, 2.5944919102e-008, 5.92807687383e-008, 3.20568354084e-008, 7.03178599792e-008, 2.07833128485e-008, 4.32300382158e-008, 5.35276036828e-008, 1.1943107836e-007, 1.85880622894e-007, 4.37722775359e-007, 2.798602452e-007, 2.16618715854e-007, 2.38807462694e-008, 3.46734640999e-009, 7.79614761637e-010, 2.52474957607e-010, 4.53865209304e-011, 4.77267693682e-014, 1.80840769097e-018]
        max: [3.68559381059e-006, 0.00154995638877, 0.00349150761031, 0.00310217216611, 0.00986044667661, 0.00472914660349, 0.00421088840812, 0.00298256776296, 0.00201202742755, 0.00256878393702, 0.00245164730586, 0.00305847753771, 0.00156433333177, 0.00218599918298, 0.00249434728175, 0.00528275594115, 0.00486883707345, 0.00775120547041, 0.00601792708039, 0.00537468679249, 0.00167492986657, 0.00121520576067, 0.000475147302495, 0.000252451922279, 0.000132142056827, 2.54038786807e-006, 1.55249804124e-008]
        mean: [1.64455073559e-007, 8.00615816843e-005, 0.000249905453529, 0.000185025419341, 0.000459194328869, 0.000195879067178, 0.000139401963679, 0.00012451504881, 0.000105565486592, 0.000112619163701, 6.51552109048e-005, 9.95663358481e-005, 5.70558113395e-005, 9.7160525911e-005, 0.000113833943033, 0.000176815752639, 0.000340810074704, 0.000571218610276, 0.000619845755864, 0.000402831763495, 0.000198289388209, 5.25920004293e-005, 1.62740907399e-005, 9.07000503503e-006, 4.0482368604e-006, 1.16022917496e-007, 6.23626206231e-010]
        median: [5.51036443142e-008, 3.54353105649e-005, 0.000170227853232, 9.89448089967e-005, 0.000187127065146, 9.2735645012e-005, 5.53016579943e-005, 4.64852710138e-005, 5.5163523939e-005, 4.20575379394e-005, 2.86879476334e-005, 2.92952245218e-005, 2.16003154492e-005, 2.87581387965e-005, 4.49322033091e-005, 8.4999082901e-005, 0.000218836546992, 0.000345436215866, 0.000517458131071, 0.000334368029144, 0.000161324642249, 3.17918529618e-005, 8.95194989425e-006, 5.2492237046e-006, 1.96425639842e-006, 4.10147293906e-008, 2.5196517095e-010]
        min: [6.66367274112e-025, 3.0834486248e-024, 1.98198068107e-024, 3.45580477713e-024, 1.99691586904e-023, 1.58382286068e-023, 1.2664324063e-023, 1.82963349647e-023, 2.78389549878e-023, 3.69055447862e-023, 3.35746332565e-023, 3.91997100708e-023, 5.20127423031e-023, 4.38836947578e-023, 5.85805078991e-023, 8.65073135928e-023, 9.79150563867e-023, 1.44475141626e-022, 1.2787210606e-022, 2.23407579304e-022, 4.11073726393e-022, 4.37276984605e-022, 4.232970567e-022, 6.08162028134e-022, 8.35496039531e-022, 1.35283733206e-021, 2.11705205166e-021]
        var: [1.50979353802e-013, 2.80727245894e-008, 1.18807882643e-007, 8.84821105274e-008, 6.87559349899e-007, 1.14225194636e-007, 7.66836123489e-008, 4.73871075712e-008, 2.28765308918e-008, 4.43920313842e-008, 2.22810907502e-008, 5.15155313963e-008, 1.20189769248e-008, 3.44658843687e-008, 3.53367965999e-008, 9.09598369958e-008, 1.63255293728e-007, 4.61518084194e-007, 3.0488084235e-007, 1.58888667556e-007, 3.63063072939e-008, 5.71509284342e-009, 8.13935807642e-010, 2.29098601201e-010, 5.05457724287e-011, 4.41692174372e-014, 1.28755759844e-018]
    frequency_bands:
        dmean: [1.71705110574e-007, 7.7543198131e-005, 0.000169239909155, 0.000172487416421, 0.000393097434426, 0.00016195003991, 0.000115487331641, 8.07787801023e-005, 6.27828849247e-005, 6.8603316322e-005, 4.32066262874e-005, 6.33455929346e-005, 3.95983806811e-005, 6.04530760029e-005, 7.68945901655e-005, 9.92349450826e-005, 0.000173114996869, 0.000260876782704, 0.000251343706623, 0.00017480974202, 7.14513662388e-005, 2.22774560825e-005, 7.1129288699e-006, 3.86258307117e-006, 1.83379529517e-006, 6.34467269833e-008, 4.45668557614e-010, 5.16034229237e-011]
        dmean2: [2.87808148869e-007, 0.000140245334478, 0.000284859124804, 0.000310403323965, 0.000678213546053, 0.000277244776953, 0.00019633633201, 0.000130493630422, 0.000100363329693, 0.000111257191747, 6.99600132066e-005, 0.000103842459794, 6.43735183985e-005, 9.86878876574e-005, 0.000122228026157, 0.000163670469192, 0.00028151134029, 0.000425226724474, 0.000412079330999, 0.000288471404929, 0.000115473965707, 3.45392618328e-005, 1.07404539449e-005, 5.93998038312e-006, 2.73078467217e-006, 9.55011429937e-008, 7.19924009296e-010, 9.58135099038e-011]
        dvar: [1.78749457727e-013, 4.32392788241e-008, 1.31581700202e-007, 1.23989664758e-007, 8.33096237329e-007, 1.43468923852e-007, 8.15294214362e-008, 2.55421550577e-008, 1.0775371706e-008, 2.30634427112e-008, 1.31347510646e-008, 2.68705750983e-008, 8.15036127477e-009, 1.61421738198e-008, 2.21676028644e-008, 4.58782487556e-008, 7.33479694759e-008, 1.74525155217e-007, 1.06840417402e-007, 8.09096647458e-008, 9.62594715048e-009, 1.63708568923e-009, 3.47571027515e-010, 1.06155702284e-010, 2.11038565096e-011, 2.14404621851e-014, 7.79573214675e-019, 6.39888908074e-021]
        dvar2: [4.4593571457e-013, 1.2232058566e-007, 3.51353548922e-007, 3.51243670593e-007, 2.29393413065e-006, 3.974206777e-007, 2.18919325334e-007, 6.03450232006e-008, 2.5944919102e-008, 5.92807687383e-008, 3.20568354084e-008, 7.03178599792e-008, 2.07833128485e-008, 4.32300382158e-008, 5.35276036828e-008, 1.1943107836e-007, 1.85880622894e-007, 4.37722775359e-007, 2.798602452e-007, 2.16618715854e-007, 2.38807462694e-008, 3.46734640999e-009, 7.79614761637e-010, 2.52474957607e-010, 4.53865209304e-011, 4.77267693682e-014, 1.80840769097e-018, 2.06313724328e-020]
        max: [3.68559381059e-006, 0.00154995638877, 0.00349150761031, 0.00310217216611, 0.00986044667661, 0.00472914660349, 0.00421088840812, 0.00298256776296, 0.00201202742755, 0.00256878393702, 0.00245164730586, 0.00305847753771, 0.00156433333177, 0.00218599918298, 0.00249434728175, 0.00528275594115, 0.00486883707345, 0.00775120547041, 0.00601792708039, 0.00537468679249, 0.00167492986657, 0.00121520576067, 0.000475147302495, 0.000252451922279, 0.000132142056827, 2.54038786807e-006, 1.55249804124e-008, 9.6444774389e-010]
        mean: [1.64455073559e-007, 8.00615816843e-005, 0.000249905453529, 0.000185025419341, 0.000459194328869, 0.000195879067178, 0.000139401963679, 0.00012451504881, 0.000105565486592, 0.000112619163701, 6.51552109048e-005, 9.95663358481e-005, 5.70558113395e-005, 9.7160525911e-005, 0.000113833943033, 0.000176815752639, 0.000340810074704, 0.000571218610276, 0.000619845755864, 0.000402831763495, 0.000198289388209, 5.25920004293e-005, 1.62740907399e-005, 9.07000503503e-006, 4.0482368604e-006, 1.16022917496e-007, 6.23626206231e-010, 3.98305277649e-011]
        median: [5.51036443142e-008, 3.54353105649e-005, 0.000170227853232, 9.89448089967e-005, 0.000187127065146, 9.2735645012e-005, 5.53016579943e-005, 4.64852710138e-005, 5.5163523939e-005, 4.20575379394e-005, 2.86879476334e-005, 2.92952245218e-005, 2.16003154492e-005, 2.87581387965e-005, 4.49322033091e-005, 8.4999082901e-005, 0.000218836546992, 0.000345436215866, 0.000517458131071, 0.000334368029144, 0.000161324642249, 3.17918529618e-005, 8.95194989425e-006, 5.2492237046e-006, 1.96425639842e-006, 4.10147293906e-008, 2.5196517095e-010, 1.36433130418e-011]
        min: [6.66367274112e-025, 3.0834486248e-024, 1.98198068107e-024, 3.45580477713e-024, 1.99691586904e-023, 1.58382286068e-023, 1.2664324063e-023, 1.82963349647e-023, 2.78389549878e-023, 3.69055447862e-023, 3.35746332565e-023, 3.91997100708e-023, 5.20127423031e-023, 4.38836947578e-023, 5.85805078991e-023, 8.65073135928e-023, 9.79150563867e-023, 1.44475141626e-022, 1.2787210606e-022, 2.23407579304e-022, 4.11073726393e-022, 4.37276984605e-022, 4.232970567e-022, 6.08162028134e-022, 8.35496039531e-022, 1.35283733206e-021, 2.11705205166e-021, 4.74383941357e-022]
        var: [1.50979353802e-013, 2.80727245894e-008, 1.18807882643e-007, 8.84821105274e-008, 6.87559349899e-007, 1.14225194636e-007, 7.66836123489e-008, 4.73871075712e-008, 2.28765308918e-008, 4.43920313842e-008, 2.22810907502e-008, 5.15155313963e-008, 1.20189769248e-008, 3.44658843687e-008, 3.53367965999e-008, 9.09598369958e-008, 1.63255293728e-007, 4.61518084194e-007, 3.0488084235e-007, 1.58888667556e-007, 3.63063072939e-008, 5.71509284342e-009, 8.13935807642e-010, 2.29098601201e-010, 5.05457724287e-011, 4.41692174372e-014, 1.28755759844e-018, 4.89249867344e-021]
    mfcc:
        mean: [-713.948303223, 85.5530014038, -43.009311676, 56.1269264221, -8.44911575317, -12.6660022736, 0.998102664948, -2.2244451046, -3.59597325325, -5.69176292419, -6.55784988403, -5.17331123352, -6.96340417862]
        cov: [[7217.33056641, 116.753944397, -125.685470581, 691.28717041, -194.995239258, 120.976547241, 77.238319397, 75.4204559326, 61.0721511841, 44.5559196472, 127.109901428, 75.1431350708, -73.8770599365], [116.753944397, 1036.42883301, -230.104766846, 98.2660980225, 16.2119197845, -53.3455047607, 66.9989089966, 2.14207649231, -2.29532289505, -26.6163368225, -30.2177295685, -11.7265663147, 10.2660932541], [-125.685470581, -230.104766846, 583.753723145, 116.205581665, 48.7997436523, 124.724639893, 60.3304519653, 30.5878715515, 50.3433036804, 4.33887386322, 5.49783706665, 6.94572639465, 38.3786201477], [691.28717041, 98.2660980225, 116.205581665, 391.12020874, 77.4354248047, 27.6255874634, 49.1764373779, 23.3671035767, 64.0976638794, 25.1436214447, -6.21410894394, 17.4443664551, 1.46288537979], [-194.995239258, 16.2119197845, 48.7997436523, 77.4354248047, 171.509353638, 41.2061309814, 17.3043880463, 7.24000644684, 50.8933067322, 29.4675178528, -13.6641550064, 12.2979078293, 7.28172206879], [120.976547241, -53.3455047607, 124.724639893, 27.6255874634, 41.2061309814, 151.829391479, 62.8414726257, 35.2634658813, 25.5562458038, 19.0893497467, 37.4755172729, 14.3711853027, 11.5620326996], [77.238319397, 66.9989089966, 60.3304519653, 49.1764373779, 17.3043880463, 62.8414726257, 152.833847046, 59.1041793823, 30.7122001648, 13.83020401, 19.4507865906, 40.5397338867, 4.48370552063], [75.4204559326, 2.14207649231, 30.5878715515, 23.3671035767, 7.24000644684, 35.2634658813, 59.1041793823, 126.908821106, 42.2461929321, 29.2268657684, 21.585899353, 20.9675064087, 18.0751724243], [61.0721511841, -2.29532289505, 50.3433036804, 64.0976638794, 50.8933067322, 25.5562458038, 30.7122001648, 42.2461929321, 102.322097778, 39.2064590454, 6.34409141541, 14.6217193604, 3.70928144455], [44.5559196472, -26.6163368225, 4.33887386322, 25.1436214447, 29.4675178528, 19.0893497467, 13.83020401, 29.2268657684, 39.2064590454, 93.4621810913, 34.8998069763, 15.3993120193, -0.412035942078], [127.109901428, -30.2177295685, 5.49783706665, -6.21410894394, -13.6641550064, 37.4755172729, 19.4507865906, 21.585899353, 6.34409141541, 34.8998069763, 89.4632644653, 24.1504554749, 1.49254906178], [75.1431350708, -11.7265663147, 6.94572639465, 17.4443664551, 12.2979078293, 14.3711853027, 40.5397338867, 20.9675064087, 14.6217193604, 15.3993120193, 24.1504554749, 75.2468032837, 17.9649276733], [-73.8770599365, 10.2660932541, 38.3786201477, 1.46288537979, 7.28172206879, 11.5620326996, 4.48370552063, 18.0751724243, 3.70928144455, -0.412035942078, 1.49254906178, 17.9649276733, 65.2871551514]]
        icov: [[0.000216365617234, 1.78356403921e-005, 0.000173920896486, -0.000515981228091, 0.000518745277077, -0.000383595528547, 0.000170235623955, -4.3833777454e-005, -7.14238703949e-005, 3.60589256161e-005, -8.76644771779e-005, -0.00022075837478, 0.00022890677792], [1.78356403921e-005, 0.00128453434445, 0.000693709996995, -0.000482534203911, -0.000147941231262, 0.000357537763193, -0.00114273431245, 0.000230087054661, -3.48296453012e-005, 0.000401307101129, -2.2224499844e-005, 0.000871286785696, -0.000845555390697], [0.000173920896486, 0.000693709996995, 0.0028231551405, -0.00116324692499, 0.000545869057532, -0.00195971783251, -0.000626327644568, 0.000388374959584, -0.000796525098849, 0.00057575898245, 0.000336074066581, 0.000741911237128, -0.00148706848267], [-0.000515981228091, -0.000482534203911, -0.00116324692499, 0.00453456025571, -0.00213078432716, 0.00131371745374, -0.000728659331799, 0.000176607238245, -0.00100155279506, -0.000331321789417, 0.000381543417461, 4.99649504491e-005, 0.000112697365694], [0.000518745277077, -0.000147941231262, 0.000545869057532, -0.00213078432716, 0.00960132852197, -0.00369340297766, 0.00116992683616, 0.00116299255751, -0.00304865231737, -0.00209932262078, 0.003057701746, -0.00190668553114, 0.000132716741064], [-0.000383595528547, 0.000357537763193, -0.00195971783251, 0.00131371745374, -0.00369340297766, 0.012095878832, -0.00417117774487, -0.000469510850962, 0.000358304096153, 0.000647463661153, -0.00469205807894, 0.00260239257477, -0.00130654661916], [0.000170235623955, -0.00114273431245, -0.000626327644568, -0.000728659331799, 0.00116992683616, -0.00417117774487, 0.011928123422, -0.00389876635745, -0.000409630476497, 0.000552569807041, 0.001010899432, -0.00599666452035, 0.00327899539843], [-4.3833777454e-005, 0.000230087054661, 0.000388374959584, 0.000176607238245, 0.00116299255751, -0.000469510850962, -0.00389876635745, 0.0117447730154, -0.00372666749172, -0.00165771460161, -0.000741523574106, 0.00083375396207, -0.00335967121646], [-7.14238703949e-005, -3.48296453012e-005, -0.000796525098849, -0.00100155279506, -0.00304865231737, 0.000358304096153, -0.000409630476497, -0.00372666749172, 0.015614441596, -0.00444967951626, 0.00124264683109, -0.000700770353433, 0.00100099318661], [3.60589256161e-005, 0.000401307101129, 0.00057575898245, -0.000331321789417, -0.00209932262078, 0.000647463661153, 0.000552569807041, -0.00165771460161, -0.00444967951626, 0.0160353612155, -0.00619229814038, -0.000169881488546, 0.000729469757061], [-8.76644771779e-005, -2.2224499844e-005, 0.000336074066581, 0.000381543417461, 0.003057701746, -0.00469205807894, 0.001010899432, -0.000741523574106, 0.00124264683109, -0.00619229814038, 0.0172886140645, -0.00477017089725, 0.00113163806964], [-0.00022075837478, 0.000871286785696, 0.000741911237128, 4.99649504491e-005, -0.00190668553114, 0.00260239257477, -0.00599666452035, 0.00083375396207, -0.000700770353433, -0.000169881488546, -0.00477017089725, 0.0195420328528, -0.00612081168219], [0.00022890677792, -0.000845555390697, -0.00148706848267, 0.000112697365694, 0.000132716741064, -0.00130654661916, 0.00327899539843, -0.00335967121646, 0.00100099318661, 0.000729469757061, 0.00113163806964, -0.00612081168219, 0.0191082190722]]
    sccoeffs:
        dmean: [0.0530751273036, 0.044933617115, 0.0367866419256, 0.0304445344955, 0.0210320577025, 0.0168144851923]
        dmean2: [0.0877931490541, 0.0744031369686, 0.0600995905697, 0.0506767556071, 0.0345871709287, 0.0269669089466]
        dvar: [0.00236871908419, 0.0013709468767, 0.000858916493598, 0.000644375919364, 0.000302665226627, 0.00025692905183]
        dvar2: [0.00627987133339, 0.00354858045466, 0.00223801168613, 0.00166305003222, 0.000768461963162, 0.00060857803328]
        max: [-0.246756434441, -0.36196705699, -0.476348608732, -0.537123560905, -0.585616588593, -0.560793042183]
        mean: [-0.649155497551, -0.758953988552, -0.78737193346, -0.792929112911, -0.788922607899, -0.756092369556]
        median: [-0.656217694283, -0.764595150948, -0.795575022697, -0.799475550652, -0.790877819061, -0.755987524986]
        min: [-0.979977488518, -0.986441195011, -0.996599793434, -0.987026572227, -0.989178180695, -0.962885022163]
        var: [0.00597750395536, 0.00430337060243, 0.00378038408235, 0.0024875823874, 0.00147055694833, 0.00183070229832]
    scvalleys:
        dmean: [0.407364010811, 0.398441672325, 0.321539133787, 0.276581555605, 0.206578299403, 0.244222149253]
        dmean2: [0.653734505177, 0.64158987999, 0.506550014019, 0.425963819027, 0.309797495604, 0.327303797007]
        dvar: [0.140823319554, 0.160468861461, 0.0984840169549, 0.0870530605316, 0.0727154910564, 0.112323887646]
        dvar2: [0.317479431629, 0.359221041203, 0.20376637578, 0.162029653788, 0.121402747929, 0.1814738065]
        max: [-5.18782234192, -4.4006228447, -5.45716714859, -5.57860660553, -5.49246454239, -7.36427164078]
        mean: [-7.25157642365, -6.92714118958, -7.27504205704, -7.47567796707, -6.95476675034, -9.69529056549]
        median: [-6.78143310547, -6.74819517136, -7.08260202408, -7.29799461365, -6.5591211319, -9.23076725006]
        min: [-28.0238723755, -27.806848526, -27.7575473785, -27.5941791534, -27.4785728455, -27.4054527283]
        var: [3.11629605293, 2.30245089531, 2.19349002838, 2.06852579117, 2.28655028343, 3.21096897125]

rhythm:
    beats_loudness:
        dmean: 0.00204391102307
        dmean2: 0.00386840524152
        dvar: 2.12040345104e-006
        dvar2: 6.94826621839e-006
        max: 0.0135194128379
        mean: 0.00546324066818
        median: 0.00551827065647
        min: 3.30241715051e-012
        var: 6.17567138761e-006
    bpm: 117.891349792
    bpm_confidence: 0
    first_peak_bpm: 117
    first_peak_spread: 0.221354171634
    first_peak_weight: 0.764705896378
    onset_rate: 2.95048213005
    second_peak_bpm: 123
    second_peak_spread: 0
    second_peak_weight: 0.0153452688828
    beats_loudness_band_ratio:
        dmean: [0.172233700752, 0.110911160707, 0.0790122449398, 0.0635792687535, 0.131108522415, 0.102472797036]
        dmean2: [0.336205244064, 0.210736259818, 0.145650669932, 0.109697274864, 0.235323563218, 0.186200201511]
        dvar: [0.0190648064017, 0.00530313327909, 0.00918192137033, 0.00631638523191, 0.0102349910885, 0.00734471483156]
        dvar2: [0.0634594038129, 0.0179091934115, 0.0278839580715, 0.0184114966542, 0.0297381281853, 0.0226481836289]
        max: [0.794682502747, 0.391867488623, 0.814387857914, 0.601939320564, 0.796440601349, 0.804658412933]
        mean: [0.170056447387, 0.132182061672, 0.110387891531, 0.0863022506237, 0.294041723013, 0.250959634781]
        median: [0.112014919519, 0.121589377522, 0.0853746160865, 0.0616679340601, 0.26444503665, 0.254583358765]
        min: [0, 0, 0, 0, 0, 0]
        var: [0.0218612588942, 0.00749455019832, 0.00906351115555, 0.00633369758725, 0.0187820829451, 0.0116730127484]
    beats_position: [0.522448956966, 1.05650794506, 1.57895684242, 2.10140585899, 2.62385487556, 3.13469386101, 3.64553284645, 4.15637159348, 4.65560102463, 5.15482997894, 5.66566896439, 6.17650794983, 6.68734693527, 7.19818592072, 7.70902490616, 8.2198638916, 8.73070240021, 9.24154186249, 9.75238037109, 10.2632198334, 10.774058342, 11.2732877731, 11.7725172043, 12.2717456818, 12.782585144, 13.2818136215, 13.7926530838, 14.3034915924, 14.8143310547, 15.3251695633, 15.8360090256, 16.3468475342, 16.8576869965, 17.3685264587, 17.8793640137, 18.390203476, 18.9010429382, 19.4118824005, 19.9227199554, 20.4335594177, 20.94439888, 21.4552383423, 21.9544658661, 22.4536952972, 22.9645347595, 23.4753742218, 23.9862117767, 24.497051239, 25.0078907013, 25.5187301636, 26.0179595947, 26.5287971497, 27.0280265808, 27.5388660431, 28.0497055054, 28.5605430603, 29.0713825226, 29.5822219849, 30.0930614471, 30.6038990021, 31.1031284332, 31.6139678955, 32.1131973267, 32.6240348816, 33.1348762512, 33.6457138062, 34.1449432373, 34.6557807922, 35.1782302856, 35.6890678406, 36.1882972717, 36.7107467651, 37.2099761963, 37.7324256897, 38.2316551208, 38.730884552, 39.2417221069, 39.7525634766, 40.251789093, 40.7510185242, 41.2618598938, 41.7726974487, 42.2835350037, 42.7943763733, 43.3052139282, 43.8160552979, 44.3268928528, 44.8377304077, 45.3485717773, 45.8594093323, 46.3702468872, 46.8810882568, 47.380317688, 47.8911552429, 48.3903846741, 48.901222229, 49.4120635986, 49.9229011536, 50.4221305847, 50.9213600159, 51.4321975708, 51.9430389404, 52.4538764954, 52.9647140503, 53.4755554199, 53.9863929749, 54.4972343445, 55.0080718994, 55.5189094543, 56.029750824, 56.5405883789, 57.0398178101, 57.5390472412, 58.0498847961, 58.5607261658, 59.0715637207, 59.5707931519, 60.070022583, 60.5808601379, 61.0916976929, 61.6025390625, 62.1133766174, 62.6242179871, 63.135055542, 63.6458930969, 64.1567306519, 64.6675720215, 65.1784133911, 65.6776428223, 66.1884765625, 66.6877059937, 67.1985473633, 67.7093887329, 68.2202224731, 68.7310638428, 69.2419052124, 69.7527389526, 70.2635803223, 70.7744216919, 71.273651123, 71.7728805542, 72.2837142944, 72.7945556641, 73.3053970337, 73.8162307739, 74.3270721436, 74.8146896362, 75.3255310059, 75.8363723755, 76.3472061157, 76.8580474854, 77.368888855, 77.8797302246, 78.3905639648, 78.9014053345, 79.4122467041, 79.9114761353, 80.4223098755, 80.9215393066, 81.4323806763, 81.9432220459, 82.4540557861, 82.9648971558, 83.4757385254, 83.9865722656, 84.4974136353, 85.0082550049, 85.5190887451, 86.0299301147, 86.5407714844, 87.0400009155, 87.5508346558, 88.0500640869, 88.5609054565, 89.0717468262, 89.5825805664, 90.093421936, 90.6042633057, 91.0918807983, 91.602722168, 92.1135559082, 92.6243972778, 93.1352386475, 93.6460723877, 94.1569137573, 94.667755127, 95.1785888672, 95.6894302368, 96.188659668, 96.6995010376, 97.1987304688, 97.709564209, 98.2204055786, 98.7312469482, 99.2420806885, 99.7529220581, 100.263763428, 100.774604797, 101.285438538, 101.796279907, 102.295509338, 102.79473877, 103.305580139, 103.816413879, 104.327255249, 104.838096619, 105.348930359, 105.859771729, 106.370613098, 106.881446838, 107.38067627, 107.891517639, 108.39074707, 108.90158844, 109.41242218, 109.92326355, 110.434104919, 110.94493866, 111.444168091, 111.95500946, 112.454238892, 112.965080261, 113.475914001, 113.986755371, 114.497596741, 115.008430481, 115.507659912, 116.006889343, 116.517730713, 117.028572083, 117.539405823, 118.050247192, 118.561088562, 119.071922302, 119.582763672, 120.093605042, 120.604438782, 121.115280151, 121.602897644, 122.113739014, 122.624580383, 123.135414124, 123.646255493, 124.157096863, 124.667930603, 125.178771973, 125.689613342, 126.200454712, 126.711288452, 127.222129822, 127.721359253, 128.220581055, 128.731430054, 129.242263794, 129.753097534, 130.263946533, 130.774780273, 131.285614014, 131.784851074, 132.295684814, 132.794921875, 133.305755615, 133.816589355, 134.327438354, 134.838272095, 135.349105835, 135.859954834, 136.370788574, 136.870025635, 137.380859375, 137.880081177, 138.390930176, 138.901763916, 139.412597656, 139.923446655, 140.434280396, 140.945129395, 141.455963135, 141.966796875, 142.477645874, 142.976867676, 143.487701416, 143.986938477, 144.497772217, 145.008621216, 145.519454956, 146.007064819, 146.50630188, 147.005523682, 147.516372681, 148.027206421, 148.538040161, 149.04888916, 149.5597229, 150.082168579, 150.593017578, 151.103851318, 151.614685059, 152.113922119, 152.624755859, 153.135604858, 153.646438599, 154.157272339, 154.668121338, 155.178955078, 155.689788818, 156.189025879, 156.688247681, 157.19909668, 157.70993042, 158.22076416, 158.731613159, 159.242446899, 159.75328064, 160.2525177, 160.76335144, 161.262588501, 161.773422241, 162.284255981, 162.79510498, 163.305938721, 163.816772461, 164.32762146, 164.8384552, 165.337677002, 165.860137939, 166.37097168, 166.88180542, 167.369430542, 167.880264282, 168.391113281, 168.901947021, 169.412780762, 169.923629761, 170.434463501, 170.945297241, 171.45614624, 171.955368042, 172.454605103, 172.965438843, 173.476272583, 173.987121582, 174.497955322, 175.008789063, 175.519638062, 176.030471802, 176.529708862, 177.040542603, 177.539764404, 178.050613403, 178.561447144, 179.072280884, 179.583129883, 180.093963623, 180.604797363, 181.104034424, 181.603256226, 182.114105225, 182.624938965, 183.135772705, 183.646621704, 184.157455444, 184.668289185, 185.179138184, 185.678359985, 186.189208984, 186.688430786, 187.199264526, 187.710113525, 188.220947266, 188.731781006, 189.242630005, 189.753463745, 190.264297485, 190.763534546, 191.274368286, 191.785217285, 192.296051025, 192.795272827, 193.306121826, 193.816955566, 194.327789307, 194.827026367, 195.326248169, 195.813873291, 196.324707031, 196.83555603, 197.358001709, 197.868835449, 198.391296387, 198.913742065, 199.436187744]
