
metadata:
    version:
        essentia: "2.1-beta2"
    audio_properties:
        analysis_sample_rate: 44100
        bitrate: 320
        channels: 2
        equal_loudness: 1
        length: 240.457138062
        replay_gain: -14.1280021667
        downmix: "mix"
    tags:
        album: "Isolate And Medicate (Deluxe Edition)"
        artist: "Seether"
        comment: ""
        date: "2014"
        genre: "Alt. Rock/Post-Grunge"
        title: "Words As Weapons"
        tracknumber: "3"

configuration:
    average_loudness:
        compute: 1
        frameSize: 88200
        hopSize: 44100
        silentFrames: "noise"
        windowType: "hann"
    general:
        analysisSampleRate: 44100
        endTime: 2000
        equalLoudness: 1
        nequalLoudness: 0
        shortSound: 0
        startTime: 0
    lowlevel:
        compute: 1
        frameSize: 2048
        hopSize: 1024
        zeroPadding: 0
        silentFrames: "noise"
        windowType: "blackmanharris62"
        mfccStats: ["mean", "cov", "icov"]
        stats: ["mean", "var", "median", "min", "max", "dmean", "dmean2", "dvar", "dvar2"]
    panning:
        compute: 0
        frameSize: 8192
        hopSize: 2048
        zeroPadding: 8192
        silentFrames: "noise"
        windowType: "hann"
        stats: ["copy"]
    rhythm:
        compute: 1
        maxTempo: 208
        minTempo: 40
        method: "degara"
        stats: ["mean", "var", "median", "min", "max", "dmean", "dmean2", "dvar", "dvar2"]
    segmentation:
        compute: 0
        cpw: 5
        inc1: 300
        inc2: 50
        minimumSegmentsLength: 10
        size1: 1000
        size2: 600
    sfx:
        compute: 1
        stats: ["mean", "var", "median", "min", "max", "dmean", "dmean2", "dvar", "dvar2"]
    svm:
        compute: 0
    tonal:
        compute: 1
        frameSize: 4096
        hopSize: 2048
        zeroPadding: 0
        silentFrames: "noise"
        windowType: "blackmanharris62"
        stats: ["mean", "var", "median", "min", "max", "dmean", "dmean2", "dvar", "dvar2"]

lowlevel:
    average_loudness: 0.878162801266
    barkbands_kurtosis:
        dmean: 0.800079464912
        dmean2: 1.27152752876
        dvar: 2.10670423508
        dvar2: 4.82454061508
        max: 35.9160575867
        mean: -0.182016536593
        median: -0.985933482647
        min: -1.84989798069
        var: 6.00030422211
    barkbands_skewness:
        dmean: 0.392053753138
        dmean2: 0.598236680031
        dvar: 0.155608251691
        dvar2: 0.349152088165
        max: 5.20774364471
        mean: -0.0295729767531
        median: -0.052443202585
        min: -4.09803438187
        var: 0.8225710392
    barkbands_spread:
        dmean: 5.08407640457
        dmean2: 7.99469661713
        dvar: 26.8832015991
        dvar2: 67.0675201416
        max: 73.2743225098
        mean: 31.0056934357
        median: 32.6657485962
        min: 0.707632660866
        var: 168.135375977
    dissonance:
        dmean: 0.0152615578845
        dmean2: 0.0255568660796
        dvar: 0.000448769889772
        dvar2: 0.0012029632926
        max: 0.500000059605
        mean: 0.470175772905
        median: 0.481757313013
        min: 0.143088459969
        var: 0.00112971640192
    hfc:
        dmean: 1.94782948494
        dmean2: 3.01901555061
        dvar: 6.21141147614
        dvar2: 14.0559453964
        max: 36.8671226501
        mean: 7.95526742935
        median: 7.03452253342
        min: 1.08561234999e-016
        var: 38.4248275757
    pitch:
        dmean: 838.517089844
        dmean2: 1608.46887207
        dvar: 1761921
        dvar2: 4286671
        max: 5393.26464844
        mean: 1578.46899414
        median: 395.27255249
        min: 69.6807403564
        var: 2710512
    pitch_instantaneous_confidence:
        dmean: 0.079590164125
        dmean2: 0.129086941481
        dvar: 0.00552569748834
        dvar2: 0.0129090640694
        max: 0.946141541004
        mean: 0.423127561808
        median: 0.374771654606
        min: 0.0943067073822
        var: 0.0318694189191
    pitch_salience:
        dmean: 0.0570034943521
        dmean2: 0.0935425460339
        dvar: 0.00267330626957
        dvar2: 0.00698139099404
        max: 0.991306483746
        mean: 0.656498551369
        median: 0.669733583927
        min: 0.229945927858
        var: 0.00769716827199
    silence_rate_20dB:
        dmean: 0
        dmean2: 0
        dvar: 0
        dvar2: 0
        max: 1
        mean: 1
        median: 1
        min: 1
        var: 0
    silence_rate_30dB:
        dmean: 0
        dmean2: 0
        dvar: 0
        dvar2: 0
        max: 1
        mean: 1
        median: 1
        min: 1
        var: 0
    silence_rate_60dB:
        dmean: 0.0735805332661
        dmean2: 0.14717528224
        dvar: 0.068172082305
        dvar2: 0.140753418207
        max: 1
        mean: 0.41595056653
        median: 0
        min: 0
        var: 0.24293474853
    spectral_centroid:
        dmean: 271.025238037
        dmean2: 410.248199463
        dvar: 101242.25
        dvar2: 204671.328125
        max: 11339.8544922
        mean: 1852.80297852
        median: 1833.25585938
        min: 257.749542236
        var: 593629.5625
    spectral_complexity:
        dmean: 3.32676720619
        dmean2: 5.19884109497
        dvar: 14.3351650238
        dvar2: 30.6589698792
        max: 51
        mean: 14.981751442
        median: 14
        min: 0
        var: 107.602828979
    spectral_crest:
        dmean: 1.82100105286
        dmean2: 2.99155187607
        dvar: 2.95075440407
        dvar2: 7.41885328293
        max: 25.1221294403
        mean: 7.02478408813
        median: 6.17641401291
        min: 2.35050630569
        var: 9.98872280121
    spectral_decrease:
        dmean: 2.88822410432e-010
        dmean2: 4.59456694912e-010
        dvar: 1.89184917337e-019
        dvar2: 4.67344328191e-019
        max: 1.01624630559e-028
        mean: -9.17153075708e-010
        median: -8.37456770597e-010
        min: -4.36108216206e-009
        var: 4.56986424259e-019
    spectral_energy:
        dmean: 0.00123340345453
        dmean2: 0.00195188832004
        dvar: 3.24778557115e-006
        dvar2: 7.94720199337e-006
        max: 0.0188339650631
        mean: 0.00418311497197
        median: 0.00383786368184
        min: 1.00083021849e-020
        var: 9.27494147618e-006
    spectral_energyband_high:
        dmean: 0.000137735172757
        dmean2: 0.000213747101952
        dvar: 3.82238170005e-008
        dvar2: 8.70597460789e-008
        max: 0.00330786919221
        mean: 0.000432956672739
        median: 0.000365121260984
        min: 6.97494121362e-021
        var: 1.6818455606e-007
    spectral_energyband_low:
        dmean: 0.00035546059371
        dmean2: 0.000615798402578
        dvar: 6.71517398132e-007
        dvar2: 1.82559836048e-006
        max: 0.00964359380305
        mean: 0.000413221598137
        median: 0.000212529514101
        min: 1.26619866682e-023
        var: 5.58243868909e-007
    spectral_energyband_middle_high:
        dmean: 0.000578766921535
        dmean2: 0.000903420790564
        dvar: 5.39316317827e-007
        dvar2: 1.24310872707e-006
        max: 0.0108307460323
        mean: 0.0021280029323
        median: 0.00173126952723
        min: 1.29225160285e-021
        var: 3.02299122268e-006
    spectral_energyband_middle_low:
        dmean: 0.000625542190392
        dmean2: 0.00101020897273
        dvar: 1.34911761052e-006
        dvar2: 3.43280703419e-006
        max: 0.012428605929
        mean: 0.00134598941077
        median: 0.00103069015313
        min: 1.5971867324e-022
        var: 1.80791028015e-006
    spectral_flatness_db:
        dmean: 0.0139542687684
        dmean2: 0.0220905467868
        dvar: 0.00021292908059
        dvar2: 0.000482087489218
        max: 0.498729974031
        mean: 0.15549877286
        median: 0.134726688266
        min: 0.0537144206464
        var: 0.00352649996057
    spectral_flux:
        dmean: 0.00782127305865
        dmean2: 0.0117429504171
        dvar: 9.14774136618e-005
        dvar2: 0.000179004025995
        max: 0.120488122106
        mean: 0.0366296693683
        median: 0.0365840569139
        min: 6.55094381519e-011
        var: 0.000368785695173
    spectral_kurtosis:
        dmean: 1.31648027897
        dmean2: 2.15509176254
        dvar: 10.6953229904
        dvar2: 26.6669521332
        max: 116.73550415
        mean: 3.9222676754
        median: 2.93623685837
        min: -1.26579082012
        var: 24.409986496
    spectral_rms:
        dmean: 0.000269160373136
        dmean2: 0.00041033589514
        dvar: 1.12347699144e-007
        dvar2: 2.59190557017e-007
        max: 0.00428656022996
        mean: 0.00185234856326
        median: 0.0019350083312
        min: 3.12477170875e-012
        var: 6.49900130156e-007
    spectral_rolloff:
        dmean: 349.212890625
        dmean2: 564.012817383
        dvar: 249900.5
        dvar2: 508271.375
        max: 19444.4824219
        mean: 3344.42163086
        median: 3574.51171875
        min: 193.798828125
        var: 1449849.25
    spectral_skewness:
        dmean: 0.174783244729
        dmean2: 0.274617761374
        dvar: 0.0675901174545
        dvar2: 0.155559182167
        max: 8.20592021942
        mean: 1.37279105186
        median: 1.25862431526
        min: -0.0502256825566
        var: 0.325591534376
    spectral_spread:
        dmean: 445210.84375
        dmean2: 653903.75
        dvar: 479047450624
        dvar2: 846160003072
        max: 42617024
        mean: 4844515
        median: 4629748.5
        min: 699894.375
        var: 4.23736849203e+012
    spectral_strongpeak:
        dmean: 0.486660301685
        dmean2: 0.845106899738
        dvar: 0.567364454269
        dvar2: 1.49722909927
        max: 8.18729496002
        mean: 0.68479681015
        median: 0.350782632828
        min: 2.43578157644e-010
        var: 0.73855650425
    zerocrossingrate:
        dmean: 0.00884568877518
        dmean2: 0.0104404948652
        dvar: 9.71841654973e-005
        dvar2: 0.000107348780148
        max: 0.521484375
        mean: 0.10386826843
        median: 0.10693359375
        min: 0.015625
        var: 0.00126652710605
    barkbands:
        dmean: [2.3326303733e-007, 7.45071811252e-005, 0.000227467928198, 0.000151794403791, 0.000262769695837, 0.0001722843881, 0.000117581075756, 8.28274278319e-005, 6.35348624201e-005, 8.26732939458e-005, 5.73908801016e-005, 6.08683440078e-005, 6.64270919515e-005, 6.44012907287e-005, 5.14112216479e-005, 8.5425148427e-005, 0.000161195435794, 0.000181010706001, 0.000178972113645, 0.000149096857058, 8.14374652691e-005, 2.31550875469e-005, 4.83174153487e-006, 3.17248372994e-006, 1.23312133837e-006, 5.65595108526e-008, 3.99948990593e-010]
        dmean2: [3.76763438226e-007, 0.00013160405797, 0.000399483949877, 0.000264160335064, 0.000431486521848, 0.000292423384963, 0.000191533297766, 0.00013239319378, 0.000102534446341, 0.000129658204969, 9.42281185417e-005, 9.86248560366e-005, 0.000104567763628, 0.000104081154859, 8.27205512905e-005, 0.000141540935147, 0.000261984125245, 0.000295347766951, 0.000293857738143, 0.000245477276621, 0.000128206229419, 3.58035904355e-005, 7.25030349713e-006, 4.5031965783e-006, 1.78013419827e-006, 8.47734327181e-008, 6.35993813169e-010]
        dvar: [3.33250517025e-013, 3.41154766659e-008, 2.75438878816e-007, 9.36088895287e-008, 3.00415592847e-007, 1.46848194049e-007, 5.15272517987e-008, 3.33591643198e-008, 1.37713218606e-008, 2.0706165671e-008, 1.96293541421e-008, 1.37743709772e-008, 1.85478050696e-008, 1.63988325141e-008, 9.01958507882e-009, 2.54596237426e-008, 8.36242222135e-008, 1.00734212083e-007, 6.53629541603e-008, 3.81872595767e-008, 1.46459475658e-008, 1.62051372321e-009, 1.03818467712e-010, 9.27539434148e-011, 1.21578320328e-011, 1.81480485072e-014, 7.48571105701e-019]
        dvar2: [7.86017084753e-013, 9.34386505946e-008, 7.61764567869e-007, 2.55945337813e-007, 7.5903318475e-007, 4.13752530903e-007, 1.35146919433e-007, 8.2541234292e-008, 3.38401164868e-008, 4.83107953642e-008, 5.60009354444e-008, 3.31812550769e-008, 4.32226308078e-008, 4.10774880777e-008, 2.15172324403e-008, 6.76591227489e-008, 2.17736584318e-007, 2.70926591384e-007, 1.61430051548e-007, 9.91061313016e-008, 3.55758871251e-008, 3.72657105174e-009, 2.17793685864e-010, 1.65467931024e-010, 2.37765432343e-011, 4.04869314344e-014, 1.68506027578e-018]
        max: [8.99343012861e-006, 0.00197610235773, 0.00652574654669, 0.00455382931978, 0.00781837850809, 0.00426490278915, 0.00475528510287, 0.00321739469655, 0.00266294158064, 0.00313058448955, 0.00334067828953, 0.00305615831167, 0.00336565566249, 0.0024628075771, 0.00200013304129, 0.00321161770262, 0.00552972964942, 0.0050706397742, 0.0055090310052, 0.00306617678143, 0.00210535828955, 0.000776898115873, 0.000238312408328, 0.000255730934441, 0.000112784349767, 4.0987556531e-006, 1.85806143804e-008]
        mean: [2.55273107541e-007, 7.83585055615e-005, 0.000244661496254, 0.000163448523381, 0.000373264978407, 0.000276620441582, 0.000207957840757, 0.000142047705594, 0.000104804967123, 0.000145993748447, 9.13253534236e-005, 0.000100245735666, 0.000120550830616, 0.00010422727064, 9.14414122235e-005, 0.000160406532814, 0.000313466909574, 0.000378137629014, 0.000419698044425, 0.000372714363039, 0.000215005449718, 5.60387779842e-005, 1.18003381431e-005, 7.60251714382e-006, 2.93614675684e-006, 1.0495802627e-007, 7.0959038645e-010]
        median: [5.98699756438e-008, 3.07158916257e-005, 0.000101841127616, 6.84340411681e-005, 0.000192626321223, 0.000130137137603, 7.65859949752e-005, 5.06490796397e-005, 5.37388077646e-005, 7.4658106314e-005, 4.09611748182e-005, 5.3216379456e-005, 5.21397414559e-005, 4.86669960083e-005, 4.42188393208e-005, 8.8128974312e-005, 0.000158418624778, 0.000208157318411, 0.000324138440192, 0.000306821340928, 0.000167900070664, 3.54098046955e-005, 7.34995546736e-006, 3.70995644516e-006, 1.37272070333e-006, 4.50261339324e-008, 3.29335364535e-010]
        min: [8.73091824199e-025, 5.68653341757e-024, 2.34288099534e-024, 1.32089335161e-024, 1.00124923995e-023, 1.06122381022e-023, 6.3544370969e-024, 8.00088525827e-024, 2.99494166556e-023, 2.00106859062e-023, 1.58287228329e-023, 3.6867496447e-023, 4.62051167644e-023, 6.46541310242e-023, 5.40224506561e-023, 7.34406152478e-023, 9.66092139095e-023, 1.12714553974e-022, 1.50237057408e-022, 2.41372226657e-022, 2.947902016e-022, 4.3051156202e-022, 5.29821400218e-022, 6.52578506925e-022, 1.02270361231e-021, 1.32094624788e-021, 1.99336350848e-021]
        var: [3.78912938352e-013, 2.60281094455e-008, 2.25258020237e-007, 8.08593512147e-008, 3.38808433753e-007, 1.80779892389e-007, 1.15118567123e-007, 7.1032509652e-008, 2.4524423381e-008, 4.60832332294e-008, 3.07337799654e-008, 2.61411639002e-008, 5.01900387917e-008, 3.04021199327e-008, 1.91354825319e-008, 5.68445273075e-008, 2.0367416198e-007, 2.58842703715e-007, 1.89801198758e-007, 1.2466009025e-007, 4.93907812427e-008, 4.90125717789e-009, 2.77919381952e-010, 2.53248005899e-010, 3.6715065016e-011, 3.55081090399e-014, 1.40122379514e-018]
    frequency_bands:
        dmean: [2.3326303733e-007, 7.45071811252e-005, 0.000227467928198, 0.000151794403791, 0.000262769695837, 0.0001722843881, 0.000117581075756, 8.28274278319e-005, 6.35348624201e-005, 8.26732939458e-005, 5.73908801016e-005, 6.08683440078e-005, 6.64270919515e-005, 6.44012907287e-005, 5.14112216479e-005, 8.5425148427e-005, 0.000161195435794, 0.000181010706001, 0.000178972113645, 0.000149096857058, 8.14374652691e-005, 2.31550875469e-005, 4.83174153487e-006, 3.17248372994e-006, 1.23312133837e-006, 5.65595108526e-008, 3.99948990593e-010, 4.93232919785e-011]
        dmean2: [3.76763438226e-007, 0.00013160405797, 0.000399483949877, 0.000264160335064, 0.000431486521848, 0.000292423384963, 0.000191533297766, 0.00013239319378, 0.000102534446341, 0.000129658204969, 9.42281185417e-005, 9.86248560366e-005, 0.000104567763628, 0.000104081154859, 8.27205512905e-005, 0.000141540935147, 0.000261984125245, 0.000295347766951, 0.000293857738143, 0.000245477276621, 0.000128206229419, 3.58035904355e-005, 7.25030349713e-006, 4.5031965783e-006, 1.78013419827e-006, 8.47734327181e-008, 6.35993813169e-010, 9.15656508949e-011]
        dvar: [3.33250517025e-013, 3.41154766659e-008, 2.75438878816e-007, 9.36088895287e-008, 3.00415592847e-007, 1.46848194049e-007, 5.15272517987e-008, 3.33591643198e-008, 1.37713218606e-008, 2.0706165671e-008, 1.96293541421e-008, 1.37743709772e-008, 1.85478050696e-008, 1.63988325141e-008, 9.01958507882e-009, 2.54596237426e-008, 8.36242222135e-008, 1.00734212083e-007, 6.53629541603e-008, 3.81872595767e-008, 1.46459475658e-008, 1.62051372321e-009, 1.03818467712e-010, 9.27539434148e-011, 1.21578320328e-011, 1.81480485072e-014, 7.48571105701e-019, 5.93187655861e-021]
        dvar2: [7.86017084753e-013, 9.34386505946e-008, 7.61764567869e-007, 2.55945337813e-007, 7.5903318475e-007, 4.13752530903e-007, 1.35146919433e-007, 8.2541234292e-008, 3.38401164868e-008, 4.83107953642e-008, 5.60009354444e-008, 3.31812550769e-008, 4.32226308078e-008, 4.10774880777e-008, 2.15172324403e-008, 6.76591227489e-008, 2.17736584318e-007, 2.70926591384e-007, 1.61430051548e-007, 9.91061313016e-008, 3.55758871251e-008, 3.72657105174e-009, 2.17793685864e-010, 1.65467931024e-010, 2.37765432343e-011, 4.04869314344e-014, 1.68506027578e-018, 1.88248778297e-020]
        max: [8.99343012861e-006, 0.00197610235773, 0.00652574654669, 0.00455382931978, 0.00781837850809, 0.00426490278915, 0.00475528510287, 0.00321739469655, 0.00266294158064, 0.00313058448955, 0.00334067828953, 0.00305615831167, 0.00336565566249, 0.0024628075771, 0.00200013304129, 0.00321161770262, 0.00552972964942, 0.0050706397742, 0.0055090310052, 0.00306617678143, 0.00210535828955, 0.000776898115873, 0.000238312408328, 0.000255730934441, 0.000112784349767, 4.0987556531e-006, 1.85806143804e-008, 7.80013831303e-010]
        mean: [2.55273107541e-007, 7.83585055615e-005, 0.000244661496254, 0.000163448523381, 0.000373264978407, 0.000276620441582, 0.000207957840757, 0.000142047705594, 0.000104804967123, 0.000145993748447, 9.13253534236e-005, 0.000100245735666, 0.000120550830616, 0.00010422727064, 9.14414122235e-005, 0.000160406532814, 0.000313466909574, 0.000378137629014, 0.000419698044425, 0.000372714363039, 0.000215005449718, 5.60387779842e-005, 1.18003381431e-005, 7.60251714382e-006, 2.93614675684e-006, 1.0495802627e-007, 7.0959038645e-010, 3.83885458144e-011]
        median: [5.98699756438e-008, 3.07158916257e-005, 0.000101841127616, 6.84340411681e-005, 0.000192626321223, 0.000130137137603, 7.65859949752e-005, 5.06490796397e-005, 5.37388077646e-005, 7.4658106314e-005, 4.09611748182e-005, 5.3216379456e-005, 5.21397414559e-005, 4.86669960083e-005, 4.42188393208e-005, 8.8128974312e-005, 0.000158418624778, 0.000208157318411, 0.000324138440192, 0.000306821340928, 0.000167900070664, 3.54098046955e-005, 7.34995546736e-006, 3.70995644516e-006, 1.37272070333e-006, 4.50261339324e-008, 3.29335364535e-010, 1.15886128818e-011]
        min: [8.73091824199e-025, 5.68653341757e-024, 2.34288099534e-024, 1.32089335161e-024, 1.00124923995e-023, 1.06122381022e-023, 6.3544370969e-024, 8.00088525827e-024, 2.99494166556e-023, 2.00106859062e-023, 1.58287228329e-023, 3.6867496447e-023, 4.62051167644e-023, 6.46541310242e-023, 5.40224506561e-023, 7.34406152478e-023, 9.66092139095e-023, 1.12714553974e-022, 1.50237057408e-022, 2.41372226657e-022, 2.947902016e-022, 4.3051156202e-022, 5.29821400218e-022, 6.52578506925e-022, 1.02270361231e-021, 1.32094624788e-021, 1.99336350848e-021, 4.45343409216e-022]
        var: [3.78912938352e-013, 2.60281094455e-008, 2.25258020237e-007, 8.08593512147e-008, 3.38808433753e-007, 1.80779892389e-007, 1.15118567123e-007, 7.1032509652e-008, 2.4524423381e-008, 4.60832332294e-008, 3.07337799654e-008, 2.61411639002e-008, 5.01900387917e-008, 3.04021199327e-008, 1.91354825319e-008, 5.68445273075e-008, 2.0367416198e-007, 2.58842703715e-007, 1.89801198758e-007, 1.2466009025e-007, 4.93907812427e-008, 4.90125717789e-009, 2.77919381952e-010, 2.53248005899e-010, 3.6715065016e-011, 3.55081090399e-014, 1.40122379514e-018, 4.63940806318e-021]
    mfcc:
        mean: [-726.959655762, 89.9295272827, -48.4207115173, 40.7315979004, -20.7325382233, -9.87455368042, -2.02705192566, -7.41654491425, -6.77187681198, -9.84052562714, -6.18412733078, -2.88988351822, -5.42912435532]
        cov: [[10156.8115234, 513.959655762, 371.189544678, 2166.81005859, 408.187042236, 534.672973633, 167.971038818, 102.555961609, 177.190505981, 39.8998451233, -55.0677680969, -112.58556366, -187.538879395], [513.959655762, 1113.6973877, -83.5693283081, 119.03969574, -51.4365463257, -38.8263511658, -0.450542241335, 0.591016829014, -52.148765564, -28.9151496887, -0.377593815327, -33.1068534851, 11.8708133698], [371.189544678, -83.5693283081, 745.283752441, 255.831985474, 103.034988403, 87.4385147095, 24.5186824799, 57.4583702087, 77.7383956909, 42.6794624329, -7.9685997963, 15.7626075745, 16.3666419983], [2166.81005859, 119.03969574, 255.831985474, 959.761230469, 295.835083008, 254.971801758, 128.065872192, 92.9543380737, 152.733474731, 41.1061172485, -17.8913841248, 1.3884062767, 3.99530172348], [408.187042236, -51.4365463257, 103.034988403, 295.835083008, 327.960968018, 155.290344238, 66.91355896, 88.2093811035, 96.5809936523, 61.912147522, 6.08913612366, 21.0072116852, 14.2797651291], [534.672973633, -38.8263511658, 87.4385147095, 254.971801758, 155.290344238, 270.964233398, 164.727096558, 86.128944397, 86.6145629883, 62.1959495544, 39.4518966675, 24.3584117889, 8.60572052002], [167.971038818, -0.450542241335, 24.5186824799, 128.065872192, 66.91355896, 164.727096558, 232.577224731, 86.4435424805, 47.0965461731, 45.4183349609, 33.179069519, 21.842092514, 26.5413627625], [102.555961609, 0.591016829014, 57.4583702087, 92.9543380737, 88.2093811035, 86.128944397, 86.4435424805, 150.901641846, 68.1447677612, 30.1241016388, 19.4991722107, 14.8274440765, 15.4944677353], [177.190505981, -52.148765564, 77.7383956909, 152.733474731, 96.5809936523, 86.6145629883, 47.0965461731, 68.1447677612, 137.628234863, 49.0060043335, 4.46563816071, 9.79517173767, 10.6046686172], [39.8998451233, -28.9151496887, 42.6794624329, 41.1061172485, 61.912147522, 62.1959495544, 45.4183349609, 30.1241016388, 49.0060043335, 105.406463623, 44.1254920959, 5.76715612411, 6.12440872192], [-55.0677680969, -0.377593815327, -7.9685997963, -17.8913841248, 6.08913612366, 39.4518966675, 33.179069519, 19.4991722107, 4.46563816071, 44.1254920959, 90.3753585815, 35.3534049988, 7.9609336853], [-112.58556366, -33.1068534851, 15.7626075745, 1.3884062767, 21.0072116852, 24.3584117889, 21.842092514, 14.8274440765, 9.79517173767, 5.76715612411, 35.3534049988, 87.5436248779, 39.4435005188], [-187.538879395, 11.8708133698, 16.3666419983, 3.99530172348, 14.2797651291, 8.60572052002, 26.5413627625, 15.4944677353, 10.6046686172, 6.12440872192, 7.9609336853, 39.4435005188, 84.659362793]]
        icov: [[0.000230859484873, -2.79417308775e-005, 5.06638571096e-005, -0.00060775707243, 0.000248468655627, -0.000217266497202, 0.000185746757779, -8.82744643604e-005, 0.000294560828479, -0.000141454613185, 6.58978460706e-005, 1.01714304037e-005, 0.000434707384557], [-2.79417308775e-005, 0.00101836910471, 0.000130012893351, -0.000285231595626, 0.000204327108804, 0.000261085719103, -2.44737857429e-005, -0.00031412334647, 0.000498091860209, 9.31548493099e-005, -0.000362667051377, 0.000587179383729, -0.000520804896951], [5.06638571096e-005, 0.000130012893351, 0.00158718391322, -0.000536139297765, 0.000236269828747, -0.000260106200585, 0.00047821609769, -0.000466772617074, 5.8338632698e-006, -0.000686051149387, 0.000555452599656, -0.000311616691761, -0.000123591948068], [-0.00060775707243, -0.000285231595626, -0.000536139297765, 0.00356565322727, -0.00182709272485, -0.000508633384015, -0.000696139992215, 0.000866296875756, -0.00198471616022, 0.00130688177887, 0.000143300683703, 0.000254190817941, -0.000929200381506], [0.000248468655627, 0.000204327108804, 0.000236269828747, -0.00182709272485, 0.00617050938308, -0.00244546448812, 0.00183646974619, -0.00212958385237, 0.000257795356447, -0.00269283703528, 0.00202563684434, -0.00124544790015, 0.000136403497891], [-0.000217266497202, 0.000261085719103, -0.000260106200585, -0.000508633384015, -0.00244546448812, 0.0105051686987, -0.00578162120655, 0.000456192239653, -0.00203827442601, -9.82653727988e-006, -0.00248074531555, -0.000468984886538, 0.00133791018743], [0.000185746757779, -2.44737857429e-005, 0.00047821609769, -0.000696139992215, 0.00183646974619, -0.00578162120655, 0.00943192932755, -0.00341426883824, 0.00180537207052, -0.00173372903373, 0.000586146663409, 7.43513082853e-005, -0.00188933394384], [-8.82744643604e-005, -0.00031412334647, -0.000466772617074, 0.000866296875756, -0.00212958385237, 0.000456192239653, -0.00341426883824, 0.0111645702273, -0.00452109519392, 0.00203373795375, -0.00210020481609, 0.000593081174884, -0.000421897537308], [0.000294560828479, 0.000498091860209, 5.8338632698e-006, -0.00198471616022, 0.000257795356447, -0.00203827442601, 0.00180537207052, -0.00452109519392, 0.013918325305, -0.00546982698143, 0.00340518029407, -0.00113682902884, -3.79198245355e-005], [-0.000141454613185, 9.31548493099e-005, -0.000686051149387, 0.00130688177887, -0.00269283703528, -9.82653727988e-006, -0.00173372903373, 0.00203373795375, -0.00546982698143, 0.0174018368125, -0.00940832402557, 0.00462089292705, -0.00147084763739], [6.58978460706e-005, -0.000362667051377, 0.000555452599656, 0.000143300683703, 0.00202563684434, -0.00248074531555, 0.000586146663409, -0.00210020481609, 0.00340518029407, -0.00940832402557, 0.0199874918908, -0.0087698707357, 0.00265431310982], [1.01714304037e-005, 0.000587179383729, -0.000311616691761, 0.000254190817941, -0.00124544790015, -0.000468984886538, 7.43513082853e-005, 0.000593081174884, -0.00113682902884, 0.00462089292705, -0.0087698707357, 0.0190464053303, -0.00812674965709], [0.000434707384557, -0.000520804896951, -0.000123591948068, -0.000929200381506, 0.000136403497891, 0.00133791018743, -0.00188933394384, -0.000421897537308, -3.79198245355e-005, -0.00147084763739, 0.00265431310982, -0.00812674965709, 0.0170741900802]]
    sccoeffs:
        dmean: [0.0532044395804, 0.0437528826296, 0.0373649932444, 0.0310531500727, 0.0219316929579, 0.017119422555]
        dmean2: [0.088846385479, 0.0722152367234, 0.0608106851578, 0.0502010956407, 0.0353825651109, 0.02731882222]
        dvar: [0.00200795847923, 0.00137520371936, 0.000933268747758, 0.000666970969178, 0.000358052639058, 0.000229863871937]
        dvar2: [0.00535860005766, 0.00359390303493, 0.00237428536639, 0.00161548750475, 0.000841695757117, 0.000547261268366]
        max: [-0.289288282394, -0.457701385021, -0.443501293659, -0.445105791092, -0.539914548397, -0.552841126919]
        mean: [-0.63568007946, -0.735246062279, -0.772727966309, -0.778963446617, -0.78705650568, -0.751815378666]
        median: [-0.643889307976, -0.743790745735, -0.784277439117, -0.789921045303, -0.793013989925, -0.748561322689]
        min: [-0.974651813507, -0.994458854198, -0.986046493053, -0.977691650391, -0.974791228771, -0.965172469616]
        var: [0.00755142048001, 0.00580096198246, 0.00455020880327, 0.0039414097555, 0.00197052699514, 0.00180831365287]
    scvalleys:
        dmean: [0.439673930407, 0.363025546074, 0.312347382307, 0.282100021839, 0.232963889837, 0.238597124815]
        dmean2: [0.717965424061, 0.591310143471, 0.497989028692, 0.442479252815, 0.350991159678, 0.319307237864]
        dvar: [0.146707341075, 0.124877020717, 0.0891709923744, 0.0862030163407, 0.0855292081833, 0.115693636239]
        dvar2: [0.355599850416, 0.293816655874, 0.189563840628, 0.171898975968, 0.154710680246, 0.188200116158]
        max: [-4.98481178284, -4.25256347656, -5.31603527069, -5.69112539291, -5.57109880447, -7.19758653641]
        mean: [-7.89607715607, -6.99431180954, -7.25988817215, -7.52862787247, -7.32168102264, -9.80249881744]
        median: [-6.94679021835, -6.67717647552, -6.94292211533, -7.10559034348, -6.69146108627, -9.26900672913]
        min: [-27.6870727539, -27.8549156189, -27.5991306305, -27.6593112946, -27.4896087646, -27.3020706177]
        var: [5.16321563721, 2.86668872833, 2.15726613998, 2.2285528183, 2.68403816223, 2.65448951721]

rhythm:
    beats_loudness:
        dmean: 0.00247356109321
        dmean2: 0.00470159342512
        dvar: 3.71068404093e-006
        dvar2: 1.21205957839e-005
        max: 0.0159048419446
        mean: 0.00588336726651
        median: 0.00620226701722
        min: 1.12886817949e-011
        var: 9.83323116088e-006
    bpm: 110.000205994
    bpm_confidence: 0
    first_peak_bpm: 110
    first_peak_spread: 0.296728938818
    first_peak_weight: 0.684090912342
    onset_rate: 2.87369322777
    second_peak_bpm: 126
    second_peak_spread: 0.333333313465
    second_peak_weight: 0.0136363636702
    beats_loudness_band_ratio:
        dmean: [0.101985663176, 0.101873278618, 0.0907675772905, 0.0974966362119, 0.112637832761, 0.0912054851651]
        dmean2: [0.162208691239, 0.187826514244, 0.154700398445, 0.170897111297, 0.189973503351, 0.161110281944]
        dvar: [0.0095955086872, 0.00787832587957, 0.00823091063648, 0.0146582676098, 0.0139571512118, 0.010397605598]
        dvar2: [0.0254054181278, 0.0239733159542, 0.0233459752053, 0.0402926839888, 0.0389580838382, 0.0254421755672]
        max: [0.567230045795, 0.611346840858, 0.797721147537, 0.939154744148, 0.885714650154, 0.874599337578]
        mean: [0.147023707628, 0.159102782607, 0.164072737098, 0.165928408504, 0.226985454559, 0.207486227155]
        median: [0.131988838315, 0.140710040927, 0.121657311916, 0.106930010021, 0.19434081018, 0.203199282289]
        min: [0, 0, 0, 0, 0, 0]
        var: [0.0140568008646, 0.0121251773089, 0.0194240938872, 0.0309030134231, 0.0216579828411, 0.015277733095]
    beats_position: [0.510838985443, 1.03328800201, 1.5673469305, 2.08979582787, 2.62385487556, 3.16952371597, 3.7151927948, 4.2492518425, 4.79492044449, 5.34058952332, 5.88625860214, 6.43192720413, 6.97759628296, 7.52326536179, 8.05732440948, 8.57977294922, 9.12544155121, 9.67111110687, 10.2167797089, 10.7624483109, 11.3081178665, 11.8537864685, 12.3994560242, 12.9567346573, 13.4907932281, 14.0248527527, 14.5821313858, 15.1277999878, 15.6734695435, 16.2191371918, 16.7648067474, 17.3104763031, 17.8561439514, 18.4134235382, 18.9474830627, 19.4931507111, 20.0388202667, 20.5844898224, 21.1301574707, 21.6758270264, 22.221496582, 22.7671642303, 23.312833786, 23.8585033417, 24.40417099, 24.9382305145, 25.4839000702, 26.0295696259, 26.563627243, 27.1092967987, 27.6549663544, 28.2122440338, 28.7695236206, 29.3268013, 29.8840808868, 30.4297504425, 30.9754180908, 31.5210876465, 32.0667572021, 32.6124267578, 33.1580963135, 33.6921539307, 34.2262115479, 34.7718811035, 35.3059387207, 35.8516082764, 36.397277832, 36.9429473877, 37.4770050049, 38.0110664368, 38.5567321777, 39.1140136719, 39.6712913513, 40.216960907, 40.7626304626, 41.3083000183, 41.8539657593, 42.3996353149, 42.9569168091, 43.50258255, 44.0482521057, 44.5823135376, 45.1279792786, 45.6736488342, 46.2193183899, 46.7649879456, 47.3106575012, 47.8563270569, 48.4019927979, 48.9476623535, 49.4933319092, 50.0390014648, 50.5846710205, 51.1303405762, 51.6760063171, 52.2216758728, 52.7557373047, 53.3130149841, 53.8470726013, 54.392742157, 54.9384117126, 55.4956893921, 56.0529708862, 56.5870285034, 57.1326980591, 57.6783676147, 58.2240333557, 58.7697029114, 59.315372467, 59.8610420227, 60.4067115784, 60.952381134, 61.4864387512, 62.0437164307, 62.5893859863, 63.135055542, 63.6691131592, 64.2263946533, 64.772064209, 65.3177337646, 65.8634033203, 66.409072876, 66.9547348022, 67.5004043579, 68.0460739136, 68.5917434692, 69.1374130249, 69.6830825806, 70.2171401978, 70.7628097534, 71.3084793091, 71.8657608032, 72.4114303589, 72.9570999146, 73.5027618408, 74.0484313965, 74.5941009521, 75.1397705078, 75.6854400635, 76.2311096191, 76.7651672363, 77.310836792, 77.8565063477, 78.4021759033, 78.947845459, 79.5051269531, 80.0507888794, 80.5964584351, 81.1305236816, 81.6877975464, 82.2450790405, 82.7791366577, 83.3131942749, 83.870475769, 84.4161453247, 84.9618148804, 85.4958724976, 86.0415420532, 86.598815918, 87.1444854736, 87.6785507202, 88.235824585, 88.7814941406, 89.3271636963, 89.8612213135, 90.4068908691, 90.9525604248, 91.4982299805, 92.0438995361, 92.5895690918, 93.1352386475, 93.6809082031, 94.2265777588, 94.7722396851, 95.3179092407, 95.8519744873, 96.3860321045, 96.9433059692, 97.5005874634, 98.046257019, 98.5803146362, 99.1259841919, 99.683265686, 100.228935242, 100.774604797, 101.320266724, 101.85433197, 102.400001526, 102.957275391, 103.502944946, 104.048614502, 104.582672119, 105.128341675, 105.67401123, 106.219680786, 106.765350342, 107.311019897, 107.868293762, 108.413963318, 108.948028564, 109.493690491, 110.039360046, 110.585029602, 111.130699158, 111.687980652, 112.233650208, 112.790924072, 113.336593628, 113.870658875, 114.404716492, 114.950386047, 115.496055603, 116.041717529, 116.587387085, 117.133056641, 117.678726196, 118.224395752, 118.770065308, 119.315734863, 119.861404419, 120.395462036, 120.95274353, 121.498413086, 122.044082642, 122.578140259, 123.135414124, 123.681083679, 124.226753235, 124.772422791, 125.318092346, 125.863761902, 126.409431458, 126.955101013, 127.500770569, 128.046432495, 128.592102051, 129.137771606, 129.683441162, 130.229110718, 130.774780273, 131.308837891, 131.842895508, 132.400177002, 132.957458496, 133.491516113, 134.037185669, 134.582855225, 135.140136719, 135.685806274, 136.23147583, 136.765533447, 137.299591064, 137.84526062, 138.390930176, 138.936599731, 139.482269287, 140.027938843, 140.585220337, 141.130874634, 141.676544189, 142.222213745, 142.767883301, 143.313552856, 143.847610474, 144.381668091, 144.927337646, 145.484619141, 146.030288696, 146.575958252, 147.121627808, 147.667297363, 148.212966919, 148.758636475, 149.30430603, 149.849975586, 150.395645142, 150.941314697, 151.486984253, 152.032653809, 152.578323364, 153.112380981, 153.658050537, 154.203720093, 154.761001587, 155.295059204, 155.852325439, 156.397994995, 156.943664551, 157.489334106, 158.046615601, 158.592285156, 159.126342773, 159.672012329, 160.217681885, 160.751739502, 161.297409058, 161.843078613, 162.400360107, 162.946029663, 163.491699219, 164.025756836, 164.571426392, 165.117095947, 165.662765503, 166.220046997, 166.777328491, 167.334594727, 167.891876221, 168.367889404, 168.843902588, 169.319900513, 169.784301758, 170.260314941, 170.736328125, 171.223937988, 171.688339233, 172.164352417, 172.721633911, 173.278915405, 173.824569702, 174.381851196, 174.93913269, 175.496414185, 176.053695679, 176.610977173, 177.156646729, 177.702316284, 178.236373901, 178.782043457, 179.327713013, 179.873382568, 180.419036865, 180.964706421, 181.498779297, 182.044433594, 182.590103149, 183.135772705, 183.681442261, 184.227111816, 184.772781372, 185.318450928, 185.864120483, 186.409790039, 186.955459595, 187.50112915, 188.046798706, 188.592468262, 189.138137817, 189.683807373, 190.21786499, 190.775146484, 191.32081604, 191.866485596, 192.400543213, 192.957824707, 193.503494263, 194.049163818, 194.594833374, 195.140487671, 195.686157227, 196.231826782, 196.777496338, 197.323165894, 197.868835449, 198.414505005, 198.960174561, 199.505844116, 200.051513672, 200.597183228, 201.131240845, 201.665298462, 202.210968018, 202.756637573, 203.302307129, 203.847976685, 204.39364624, 204.939315796, 205.484985352, 206.030654907, 206.576324463, 207.121994019, 207.667663574, 208.21333313, 208.759002686, 209.304672241, 209.850341797, 210.396011353, 210.941680908, 211.487350464, 212.033004761, 212.578674316, 213.124343872, 213.670013428, 214.204071045, 214.761352539, 215.307022095, 215.85269165, 216.398361206, 216.944030762, 217.489700317, 218.035369873, 218.581039429, 219.126708984, 219.67237854, 220.218048096, 220.763717651, 221.309387207, 221.855056763, 222.400726318, 222.946395874, 223.49206543, 224.037734985, 224.583404541, 225.129058838, 225.674728394, 226.20880127, 226.754455566, 227.300125122, 227.857406616, 228.403076172, 228.948745728, 229.494415283, 230.040084839, 230.597366333, 231.143035889, 231.688705444, 232.234375, 232.780044556, 233.314102173, 233.871383667, 234.405441284, 234.939498901, 235.473556519, 236.007614136, 236.56489563, 237.122177124, 237.679458618, 238.236724854, 238.794006348, 239.351287842, 239.908569336]
