
metadata:
    version:
        essentia: "2.1-beta2"
    audio_properties:
        analysis_sample_rate: 44100
        bitrate: 320
        channels: 2
        equal_loudness: 1
        length: 235.20652771
        replay_gain: -14.9570732117
        downmix: "mix"
    tags:
        album: "Isolate And Medicate (Deluxe Edition)"
        artist: "Seether"
        comment: ""
        date: "2014"
        genre: "Alt. Rock/Post-Grunge"
        title: "Suffer It All"
        tracknumber: "6"

configuration:
    average_loudness:
        compute: 1
        frameSize: 88200
        hopSize: 44100
        silentFrames: "noise"
        windowType: "hann"
    general:
        analysisSampleRate: 44100
        endTime: 2000
        equalLoudness: 1
        nequalLoudness: 0
        shortSound: 0
        startTime: 0
    lowlevel:
        compute: 1
        frameSize: 2048
        hopSize: 1024
        zeroPadding: 0
        silentFrames: "noise"
        windowType: "blackmanharris62"
        mfccStats: ["mean", "cov", "icov"]
        stats: ["mean", "var", "median", "min", "max", "dmean", "dmean2", "dvar", "dvar2"]
    panning:
        compute: 0
        frameSize: 8192
        hopSize: 2048
        zeroPadding: 8192
        silentFrames: "noise"
        windowType: "hann"
        stats: ["copy"]
    rhythm:
        compute: 1
        maxTempo: 208
        minTempo: 40
        method: "degara"
        stats: ["mean", "var", "median", "min", "max", "dmean", "dmean2", "dvar", "dvar2"]
    segmentation:
        compute: 0
        cpw: 5
        inc1: 300
        inc2: 50
        minimumSegmentsLength: 10
        size1: 1000
        size2: 600
    sfx:
        compute: 1
        stats: ["mean", "var", "median", "min", "max", "dmean", "dmean2", "dvar", "dvar2"]
    svm:
        compute: 0
    tonal:
        compute: 1
        frameSize: 4096
        hopSize: 2048
        zeroPadding: 0
        silentFrames: "noise"
        windowType: "blackmanharris62"
        stats: ["mean", "var", "median", "min", "max", "dmean", "dmean2", "dvar", "dvar2"]

lowlevel:
    average_loudness: 0.916630864143
    barkbands_kurtosis:
        dmean: 0.770409464836
        dmean2: 1.27197062969
        dvar: 1.5281945467
        dvar2: 3.76780128479
        max: 27.0385150909
        mean: -0.680401265621
        median: -1.12722408772
        min: -1.91987681389
        var: 2.82159399986
    barkbands_skewness:
        dmean: 0.454887390137
        dmean2: 0.716824054718
        dvar: 0.179884687066
        dvar2: 0.435698091984
        max: 4.9150595665
        mean: -0.454437971115
        median: -0.524231433868
        min: -4.16546630859
        var: 0.570809781551
    barkbands_spread:
        dmean: 6.68936014175
        dmean2: 10.9194850922
        dvar: 41.2914505005
        dvar2: 106.469604492
        max: 74.9250259399
        mean: 36.9454040527
        median: 36.8903274536
        min: 1.75255608559
        var: 109.061416626
    dissonance:
        dmean: 0.00844842009246
        dmean2: 0.0144710410386
        dvar: 6.36276963633e-005
        dvar2: 0.000173750158865
        max: 0.500000119209
        mean: 0.486032873392
        median: 0.488490074873
        min: 0.391768157482
        var: 0.000107864841993
    hfc:
        dmean: 2.37666273117
        dmean2: 3.74236416817
        dvar: 7.11779117584
        dvar2: 17.1045455933
        max: 47.0037612915
        mean: 9.65870666504
        median: 8.80984210968
        min: 1.04471581259e-016
        var: 37.3485870361
    pitch:
        dmean: 936.625061035
        dmean2: 1777.60571289
        dvar: 1626264.5
        dvar2: 4012998.75
        max: 5240.85693359
        mean: 2322.78149414
        median: 3242.76049805
        min: 67.4609909058
        var: 2252037.5
    pitch_instantaneous_confidence:
        dmean: 0.0805630013347
        dmean2: 0.134268507361
        dvar: 0.00434533879161
        dvar2: 0.0113511839882
        max: 0.92944341898
        mean: 0.387188851833
        median: 0.373101592064
        min: 0.0951713323593
        var: 0.0135156735778
    pitch_salience:
        dmean: 0.0599979013205
        dmean2: 0.100906975567
        dvar: 0.00284667592496
        dvar2: 0.00780046870932
        max: 0.971738100052
        mean: 0.666822016239
        median: 0.678340673447
        min: 0.22235262394
        var: 0.00605972437188
    silence_rate_20dB:
        dmean: 0
        dmean2: 0
        dvar: 0
        dvar2: 0
        max: 1
        mean: 1
        median: 1
        min: 1
        var: 0
    silence_rate_30dB:
        dmean: 0
        dmean2: 0
        dvar: 0
        dvar2: 0
        max: 1
        mean: 1
        median: 1
        min: 1
        var: 0
    silence_rate_60dB:
        dmean: 0.113524183631
        dmean2: 0.227070793509
        dvar: 0.100629098713
        dvar2: 0.202344655991
        max: 1
        mean: 0.333530753851
        median: 0
        min: 0
        var: 0.222280919552
    spectral_centroid:
        dmean: 309.228942871
        dmean2: 487.242767334
        dvar: 91635.0703125
        dvar2: 209948.390625
        max: 11872.9306641
        mean: 2078.24829102
        median: 2120.63891602
        min: 242.771453857
        var: 361824.6875
    spectral_complexity:
        dmean: 3.78065156937
        dmean2: 5.969789505
        dvar: 12.1979284286
        dvar2: 28.0855827332
        max: 49
        mean: 17.5924396515
        median: 18
        min: 0
        var: 90.8237762451
    spectral_crest:
        dmean: 1.85039818287
        dmean2: 3.13386559486
        dvar: 3.10139298439
        dvar2: 8.45150661469
        max: 21.4672584534
        mean: 6.32702827454
        median: 5.72475290298
        min: 2.42899107933
        var: 5.38515472412
    spectral_decrease:
        dmean: 3.04190339584e-010
        dmean2: 4.87178852815e-010
        dvar: 1.80032318955e-019
        dvar2: 4.63373602756e-019
        max: 6.22074770184e-029
        mean: -9.97049443008e-010
        median: -9.0228391425e-010
        min: -4.20423784675e-009
        var: 3.77322417223e-019
    spectral_energy:
        dmean: 0.00132810836658
        dmean2: 0.00211058161221
        dvar: 3.09910865326e-006
        dvar2: 7.91212005424e-006
        max: 0.0180154126137
        mean: 0.00463915150613
        median: 0.0042279404588
        min: 1.00688253101e-020
        var: 7.87141925684e-006
    spectral_energyband_high:
        dmean: 0.000152551438077
        dmean2: 0.000250033306656
        dvar: 3.37350734014e-008
        dvar2: 8.52451762512e-008
        max: 0.00434827245772
        mean: 0.000462404452264
        median: 0.000395805953303
        min: 7.36981898192e-021
        var: 1.21334991832e-007
    spectral_energyband_low:
        dmean: 0.000347220688127
        dmean2: 0.000597266771365
        dvar: 3.47567549852e-007
        dvar2: 9.46974409999e-007
        max: 0.00519285723567
        mean: 0.000458815949969
        median: 0.000301976426272
        min: 2.45016962832e-023
        var: 2.86758847778e-007
    spectral_energyband_middle_high:
        dmean: 0.00069954409264
        dmean2: 0.00109729322139
        dvar: 6.20982063992e-007
        dvar2: 1.49187633269e-006
        max: 0.0147008495405
        mean: 0.00265039573424
        median: 0.00232524727471
        min: 1.09525448081e-021
        var: 3.2844091038e-006
    spectral_energyband_middle_low:
        dmean: 0.000657594006043
        dmean2: 0.0011012237519
        dvar: 1.77745482688e-006
        dvar2: 4.75256229038e-006
        max: 0.0134896533564
        mean: 0.00120717787649
        median: 0.000873173412401
        min: 2.39184040102e-022
        var: 1.69048621501e-006
    spectral_flatness_db:
        dmean: 0.0133935296908
        dmean2: 0.0213229134679
        dvar: 0.000152200344019
        dvar2: 0.000374722818378
        max: 0.383433520794
        mean: 0.147377431393
        median: 0.143488928676
        min: 0.0672430470586
        var: 0.00069892895408
    spectral_flux:
        dmean: 0.00802145898342
        dmean2: 0.0118060745299
        dvar: 8.41518849484e-005
        dvar2: 0.000155387213454
        max: 0.122134521604
        mean: 0.0421328507364
        median: 0.0417846404016
        min: 6.47619388672e-011
        var: 0.000266477378318
    spectral_kurtosis:
        dmean: 0.889355003834
        dmean2: 1.51364243031
        dvar: 0.936209142208
        dvar2: 2.80221962929
        max: 17.6609802246
        mean: 2.95491909981
        median: 2.67503070831
        min: -1.20975339413
        var: 2.2043633461
    spectral_rms:
        dmean: 0.000290270865662
        dmean2: 0.000444203818915
        dvar: 1.09729832332e-007
        dvar2: 2.65336609573e-007
        max: 0.00419237557799
        mean: 0.0020196987316
        median: 0.00203096517362
        min: 3.13420556869e-012
        var: 4.4684270506e-007
    spectral_rolloff:
        dmean: 275.855285645
        dmean2: 446.948455811
        dvar: 142645.984375
        dvar2: 301595.0625
        max: 19186.0839844
        mean: 3656.41577148
        median: 3682.17773438
        min: 172.265625
        var: 545514.0625
    spectral_skewness:
        dmean: 0.138084709644
        dmean2: 0.227608844638
        dvar: 0.0173713508993
        dvar2: 0.0471206009388
        max: 2.83839964867
        mean: 1.12167787552
        median: 1.10171639919
        min: -0.093338906765
        var: 0.053708460182
    spectral_spread:
        dmean: 420729.53125
        dmean2: 606660.25
        dvar: 426492198912
        dvar2: 709091983360
        max: 41398292
        mean: 4532005.5
        median: 4351854.5
        min: 1696602.875
        var: 2.75675532493e+012
    spectral_strongpeak:
        dmean: 0.595827698708
        dmean2: 1.03916168213
        dvar: 0.644231140614
        dvar2: 1.6937558651
        max: 9.16019058228
        mean: 0.738270103931
        median: 0.244600310922
        min: 1.3492992279e-009
        var: 0.930015265942
    zerocrossingrate:
        dmean: 0.00867487303913
        dmean2: 0.0110796792433
        dvar: 7.69979305915e-005
        dvar2: 0.000103433987533
        max: 0.51416015625
        mean: 0.114504337311
        median: 0.115234375
        min: 0.017578125
        var: 0.000592404452618
    barkbands:
        dmean: [3.37145309004e-007, 0.00013255799422, 0.000182335366844, 0.000174477041583, 0.000368227338186, 0.000123193662148, 0.000106063103885, 7.5036441558e-005, 6.41001679469e-005, 5.97159742028e-005, 3.93703739974e-005, 5.07547156303e-005, 5.31483019586e-005, 7.17447619536e-005, 7.34184795874e-005, 0.000113656984468, 0.000232703314396, 0.000242612339207, 0.000270186021226, 0.000182138639502, 8.23801965453e-005, 2.18903860514e-005, 4.57198757431e-006, 2.08070014196e-006, 8.44166663683e-007, 3.00533784525e-008, 2.74416350754e-010]
        dmean2: [5.25315613231e-007, 0.000236074920394, 0.000311145413434, 0.000295238598483, 0.000642793485895, 0.000207217657589, 0.000175861147, 0.000121081648103, 0.000104930288217, 9.6135881904e-005, 6.58842691337e-005, 8.28927950351e-005, 8.65454203449e-005, 0.000117242692795, 0.000120011885883, 0.000187768760952, 0.000385432125768, 0.00040184755926, 0.000444817269454, 0.000299798353808, 0.000138460673043, 3.63777653547e-005, 7.3164319474e-006, 3.13151076625e-006, 1.21375683193e-006, 4.45911680913e-008, 4.71327032958e-010]
        dvar: [3.93522210261e-013, 8.05153987926e-008, 9.26623116015e-008, 6.35889350065e-008, 9.22308117879e-007, 5.11496587308e-008, 3.66612091796e-008, 2.47627482963e-008, 2.34628565465e-008, 1.69960543417e-008, 1.14201599288e-008, 1.36777273951e-008, 1.48476235751e-008, 1.95510878598e-008, 2.16202451497e-008, 3.32278702331e-008, 1.38271872174e-007, 1.35790344302e-007, 1.18854238451e-007, 5.76013476916e-008, 1.01708161893e-008, 9.05031161125e-010, 6.27953591903e-011, 1.35678673158e-011, 2.87427785566e-012, 5.82798944128e-015, 1.87615471371e-019]
        dvar2: [8.89530474019e-013, 2.20697430109e-007, 2.57411130633e-007, 1.68701774328e-007, 2.54206997852e-006, 1.37994319971e-007, 9.31284844796e-008, 5.55678418834e-008, 6.04579426522e-008, 4.06402520525e-008, 3.26840279286e-008, 3.58418361657e-008, 3.91774293007e-008, 4.89683955607e-008, 5.60605073474e-008, 8.69305551987e-008, 3.90261362782e-007, 3.63628828381e-007, 3.16362417152e-007, 1.44403045965e-007, 2.65975312885e-008, 2.38704878086e-009, 1.53021775806e-010, 2.93519653027e-011, 5.74333375997e-012, 1.24180002151e-014, 4.77115967863e-019]
        max: [4.1077687456e-006, 0.00169663503766, 0.00393300317228, 0.00398851558566, 0.00946387182921, 0.00383624946699, 0.0037991583813, 0.00342262070626, 0.00344450003468, 0.00332861742936, 0.00280814641155, 0.00246021803468, 0.00327868107706, 0.00290089962073, 0.00304661807604, 0.00351998303086, 0.00996027700603, 0.0120047945529, 0.00604008743539, 0.00887018814683, 0.00164513220079, 0.000614580116235, 0.000188397505553, 6.94646223565e-005, 4.30226646131e-005, 1.50206074068e-006, 7.13013692533e-009]
        mean: [2.82214926983e-007, 0.000106296291051, 0.000233540849877, 0.000229060038691, 0.000409785745433, 0.000173980981344, 0.00016118757776, 0.000111989516881, 0.000103491678601, 9.66128718574e-005, 5.82710272283e-005, 8.0211480963e-005, 8.60946747707e-005, 0.000116586554213, 0.000124869387946, 0.000219662368181, 0.000469583261292, 0.000530524004716, 0.000620660663117, 0.000417076633312, 0.000215748106712, 5.39209650015e-005, 1.17733279694e-005, 5.77784885536e-006, 2.12177769754e-006, 5.8142909154e-008, 3.3921324083e-010]
        median: [1.36074360668e-008, 3.19194259646e-005, 0.000159017610713, 0.000155008339789, 0.000208939818549, 9.90563858068e-005, 7.24532801541e-005, 4.1485120164e-005, 4.57065361843e-005, 4.07446532336e-005, 2.28518401855e-005, 3.38964928233e-005, 2.814403706e-005, 5.00776877743e-005, 5.09538585902e-005, 0.000136160422699, 0.000318064296152, 0.000397537223762, 0.00051355001051, 0.000339639518643, 0.000177650348633, 3.70391062461e-005, 6.87186866344e-006, 3.3746250665e-006, 9.60024976848e-007, 1.95272047421e-008, 1.78263556694e-010]
        min: [1.42654164694e-024, 1.04582066996e-023, 4.70824728748e-024, 4.94380391479e-024, 1.13435381937e-023, 1.97183198553e-023, 1.40219836576e-023, 5.52790966118e-024, 2.13354752446e-023, 3.07916518897e-023, 5.42783066467e-023, 5.02322232866e-023, 1.22451549324e-023, 3.00596899439e-023, 6.05969752124e-023, 5.48757520309e-023, 7.49870918555e-023, 1.09732659753e-022, 1.493912723e-022, 2.16532423012e-022, 3.19925884883e-022, 4.46576556583e-022, 5.44340732277e-022, 6.7922115435e-022, 1.01930270042e-021, 1.55682570548e-021, 1.98752982529e-021]
        var: [3.94443971843e-013, 5.3617771556e-008, 7.83074369792e-008, 6.52450395933e-008, 6.61250169287e-007, 5.95330220676e-008, 7.21775066381e-008, 5.13558759963e-008, 4.64866225514e-008, 3.58083198648e-008, 1.9172803789e-008, 2.46968046014e-008, 2.97822708717e-008, 3.58274476753e-008, 4.66885623496e-008, 7.7726987513e-008, 3.41398958881e-007, 2.67228443818e-007, 2.64483475121e-007, 1.35641215593e-007, 3.05834788605e-008, 2.77350409306e-009, 1.77930586931e-010, 5.19438971003e-011, 8.76732800942e-012, 1.22172779705e-014, 2.72093126735e-019]
    frequency_bands:
        dmean: [3.37145309004e-007, 0.00013255799422, 0.000182335366844, 0.000174477041583, 0.000368227338186, 0.000123193662148, 0.000106063103885, 7.5036441558e-005, 6.41001679469e-005, 5.97159742028e-005, 3.93703739974e-005, 5.07547156303e-005, 5.31483019586e-005, 7.17447619536e-005, 7.34184795874e-005, 0.000113656984468, 0.000232703314396, 0.000242612339207, 0.000270186021226, 0.000182138639502, 8.23801965453e-005, 2.18903860514e-005, 4.57198757431e-006, 2.08070014196e-006, 8.44166663683e-007, 3.00533784525e-008, 2.74416350754e-010, 5.42828941519e-011]
        dmean2: [5.25315613231e-007, 0.000236074920394, 0.000311145413434, 0.000295238598483, 0.000642793485895, 0.000207217657589, 0.000175861147, 0.000121081648103, 0.000104930288217, 9.6135881904e-005, 6.58842691337e-005, 8.28927950351e-005, 8.65454203449e-005, 0.000117242692795, 0.000120011885883, 0.000187768760952, 0.000385432125768, 0.00040184755926, 0.000444817269454, 0.000299798353808, 0.000138460673043, 3.63777653547e-005, 7.3164319474e-006, 3.13151076625e-006, 1.21375683193e-006, 4.45911680913e-008, 4.71327032958e-010, 1.00733393849e-010]
        dvar: [3.93522210261e-013, 8.05153987926e-008, 9.26623116015e-008, 6.35889350065e-008, 9.22308117879e-007, 5.11496587308e-008, 3.66612091796e-008, 2.47627482963e-008, 2.34628565465e-008, 1.69960543417e-008, 1.14201599288e-008, 1.36777273951e-008, 1.48476235751e-008, 1.95510878598e-008, 2.16202451497e-008, 3.32278702331e-008, 1.38271872174e-007, 1.35790344302e-007, 1.18854238451e-007, 5.76013476916e-008, 1.01708161893e-008, 9.05031161125e-010, 6.27953591903e-011, 1.35678673158e-011, 2.87427785566e-012, 5.82798944128e-015, 1.87615471371e-019, 6.05900751407e-021]
        dvar2: [8.89530474019e-013, 2.20697430109e-007, 2.57411130633e-007, 1.68701774328e-007, 2.54206997852e-006, 1.37994319971e-007, 9.31284844796e-008, 5.55678418834e-008, 6.04579426522e-008, 4.06402520525e-008, 3.26840279286e-008, 3.58418361657e-008, 3.91774293007e-008, 4.89683955607e-008, 5.60605073474e-008, 8.69305551987e-008, 3.90261362782e-007, 3.63628828381e-007, 3.16362417152e-007, 1.44403045965e-007, 2.65975312885e-008, 2.38704878086e-009, 1.53021775806e-010, 2.93519653027e-011, 5.74333375997e-012, 1.24180002151e-014, 4.77115967863e-019, 1.94049285407e-020]
        max: [4.1077687456e-006, 0.00169663503766, 0.00393300317228, 0.00398851558566, 0.00946387182921, 0.00383624946699, 0.0037991583813, 0.00342262070626, 0.00344450003468, 0.00332861742936, 0.00280814641155, 0.00246021803468, 0.00327868107706, 0.00290089962073, 0.00304661807604, 0.00351998303086, 0.00996027700603, 0.0120047945529, 0.00604008743539, 0.00887018814683, 0.00164513220079, 0.000614580116235, 0.000188397505553, 6.94646223565e-005, 4.30226646131e-005, 1.50206074068e-006, 7.13013692533e-009, 9.72340652439e-010]
        mean: [2.82214926983e-007, 0.000106296291051, 0.000233540849877, 0.000229060038691, 0.000409785745433, 0.000173980981344, 0.00016118757776, 0.000111989516881, 0.000103491678601, 9.66128718574e-005, 5.82710272283e-005, 8.0211480963e-005, 8.60946747707e-005, 0.000116586554213, 0.000124869387946, 0.000219662368181, 0.000469583261292, 0.000530524004716, 0.000620660663117, 0.000417076633312, 0.000215748106712, 5.39209650015e-005, 1.17733279694e-005, 5.77784885536e-006, 2.12177769754e-006, 5.8142909154e-008, 3.3921324083e-010, 4.26139748488e-011]
        median: [1.36074360668e-008, 3.19194259646e-005, 0.000159017610713, 0.000155008339789, 0.000208939818549, 9.90563858068e-005, 7.24532801541e-005, 4.1485120164e-005, 4.57065361843e-005, 4.07446532336e-005, 2.28518401855e-005, 3.38964928233e-005, 2.814403706e-005, 5.00776877743e-005, 5.09538585902e-005, 0.000136160422699, 0.000318064296152, 0.000397537223762, 0.00051355001051, 0.000339639518643, 0.000177650348633, 3.70391062461e-005, 6.87186866344e-006, 3.3746250665e-006, 9.60024976848e-007, 1.95272047421e-008, 1.78263556694e-010, 1.58916994147e-011]
        min: [1.42654164694e-024, 1.04582066996e-023, 4.70824728748e-024, 4.94380391479e-024, 1.13435381937e-023, 1.97183198553e-023, 1.40219836576e-023, 5.52790966118e-024, 2.13354752446e-023, 3.07916518897e-023, 5.42783066467e-023, 5.02322232866e-023, 1.22451549324e-023, 3.00596899439e-023, 6.05969752124e-023, 5.48757520309e-023, 7.49870918555e-023, 1.09732659753e-022, 1.493912723e-022, 2.16532423012e-022, 3.19925884883e-022, 4.46576556583e-022, 5.44340732277e-022, 6.7922115435e-022, 1.01930270042e-021, 1.55682570548e-021, 1.98752982529e-021, 5.84175809854e-022]
        var: [3.94443971843e-013, 5.3617771556e-008, 7.83074369792e-008, 6.52450395933e-008, 6.61250169287e-007, 5.95330220676e-008, 7.21775066381e-008, 5.13558759963e-008, 4.64866225514e-008, 3.58083198648e-008, 1.9172803789e-008, 2.46968046014e-008, 2.97822708717e-008, 3.58274476753e-008, 4.66885623496e-008, 7.7726987513e-008, 3.41398958881e-007, 2.67228443818e-007, 2.64483475121e-007, 1.35641215593e-007, 3.05834788605e-008, 2.77350409306e-009, 1.77930586931e-010, 5.19438971003e-011, 8.76732800942e-012, 1.22172779705e-014, 2.72093126735e-019, 4.87793375153e-021]
    mfcc:
        mean: [-702.910888672, 87.0389480591, -47.1915473938, 66.4091415405, -8.21666908264, -6.96004676819, -1.25127875805, -2.24361300468, -3.05197477341, -6.14512681961, -5.05038309097, -3.5847029686, -7.19480657578]
        cov: [[4008.30053711, 288.34954834, -422.207611084, -42.3691520691, -243.057327271, -31.8007926941, -61.242603302, -56.4635658264, -45.5323219299, -33.3152542114, -1.08887124062, 35.8083000183, -68.811416626], [288.34954834, 673.712219238, -252.246688843, 118.711349487, -3.27891540527, 6.69202232361, 34.6671791077, 39.5166168213, 21.0748882294, -4.36254644394, 32.190158844, 20.7398262024, 10.6982851028], [-422.207611084, -252.246688843, 456.819854736, 30.04180336, 48.1154518127, -7.71763038635, 0.679032444954, 4.13763284683, -13.3549280167, 2.19001865387, -34.5191001892, -20.1444454193, 6.05987977982], [-42.3691520691, 118.711349487, 30.04180336, 221.20552063, 71.7387008667, 0.720791339874, 3.71677422523, 25.401014328, 33.0053939819, 14.7531232834, -7.40129184723, -2.05366301537, 18.3048667908], [-243.057327271, -3.27891540527, 48.1154518127, 71.7387008667, 165.295303345, 41.7430648804, -18.7771911621, 3.71622347832, 20.8439769745, 13.6181850433, -9.02190876007, -19.8098278046, 4.69357585907], [-31.8007926941, 6.69202232361, -7.71763038635, 0.720791339874, 41.7430648804, 102.458572388, 43.6740341187, 11.4427709579, 5.25353622437, 5.88009548187, 13.3056688309, -4.53245687485, -3.1548678875], [-61.242603302, 34.6671791077, 0.679032444954, 3.71677422523, -18.7771911621, 43.6740341187, 125.200790405, 54.5188865662, 3.8332529068, 4.03312063217, 11.3541479111, 18.4776248932, -0.302807331085], [-56.4635658264, 39.5166168213, 4.13763284683, 25.401014328, 3.71622347832, 11.4427709579, 54.5188865662, 92.5646438599, 28.9567565918, 4.09876251221, 1.77558577061, 11.8801832199, 6.42569684982], [-45.5323219299, 21.0748882294, -13.3549280167, 33.0053939819, 20.8439769745, 5.25353622437, 3.8332529068, 28.9567565918, 70.4528045654, 29.4368553162, 4.88340854645, 5.75368642807, 9.88210296631], [-33.3152542114, -4.36254644394, 2.19001865387, 14.7531232834, 13.6181850433, 5.88009548187, 4.03312063217, 4.09876251221, 29.4368553162, 72.8583526611, 23.3239498138, 10.3707494736, 3.71111178398], [-1.08887124062, 32.190158844, -34.5191001892, -7.40129184723, -9.02190876007, 13.3056688309, 11.3541479111, 1.77558577061, 4.88340854645, 23.3239498138, 68.9797668457, 24.5709209442, 4.74576997757], [35.8083000183, 20.7398262024, -20.1444454193, -2.05366301537, -19.8098278046, -4.53245687485, 18.4776248932, 11.8801832199, 5.75368642807, 10.3707494736, 24.5709209442, 70.4146347046, 21.654592514], [-68.811416626, 10.6982851028, 6.05987977982, 18.3048667908, 4.69357585907, -3.1548678875, -0.302807331085, 6.42569684982, 9.88210296631, 3.71111178398, 4.74576997757, 21.654592514, 59.1886100769]]
        icov: [[0.000323562126141, -5.48923671886e-005, 0.000222719027079, -0.00017393467715, 0.000562092696782, -0.000310164585244, 0.000382090045605, 5.84441750107e-006, 0.000153178130859, -5.92936121393e-005, 0.000274213089142, -0.000280203064904, 0.000415962946136], [-5.48923671886e-005, 0.00233596609905, 0.00129576295149, -0.00146551069338, 2.2733644073e-005, 0.000241561952862, -0.000452377338661, -0.000546847295482, 0.000262938963715, 0.000541666639037, -0.00078977731755, 0.000123369405628, -0.000157022543135], [0.000222719027079, 0.00129576295149, 0.00335421226919, -0.00104155635927, -0.000353259121766, 0.000448445643997, -0.000355516094714, -0.000549641670659, 0.00135184638202, -0.000488909310661, 0.000893719785381, 0.000277974701021, -0.000255216233199], [-0.00017393467715, -0.00146551069338, -0.00104155635927, 0.00689760036767, -0.00306265684776, 0.00154786696658, -0.000790532911196, -0.000297510239761, -0.00182292598765, -0.000455635861726, 0.00058702257229, 0.000380242971005, -0.00146349705756], [0.000562092696782, 2.2733644073e-005, -0.000353259121766, -0.00306265684776, 0.0106346337125, -0.00591873377562, 0.00423191161826, -0.000924492371269, -0.000552402634639, -0.00118592148647, 0.00149751151912, 0.000758440524805, 0.000364960695151], [-0.000310164585244, 0.000241561952862, 0.000448445643997, 0.00154786696658, -0.00591873377562, 0.0156210651621, -0.00757275149226, 0.00209128228016, -0.00104836968239, 0.000871257681865, -0.00340728485025, 0.00250930967741, -0.000417105940869], [0.000382090045605, -0.000452377338661, -0.000355516094714, -0.000790532911196, 0.00423191161826, -0.00757275149226, 0.0155945746228, -0.00843663979322, 0.0031828682404, -0.00146320124622, 0.000842671375722, -0.00299849361181, 0.00165310734883], [5.84441750107e-006, -0.000546847295482, -0.000549641670659, -0.000297510239761, -0.000924492371269, 0.00209128228016, -0.00843663979322, 0.0183262135834, -0.00779560953379, 0.00266772531904, 0.000292959564831, -0.000812315498479, -0.00018602401542], [0.000153178130859, 0.000262938963715, 0.00135184638202, -0.00182292598765, -0.000552402634639, -0.00104836968239, 0.0031828682404, -0.00779560953379, 0.0223396029323, -0.00857949722558, 0.00166220485698, -0.000131140419398, -0.00187073717825], [-5.92936121393e-005, 0.000541666639037, -0.000488909310661, -0.000455635861726, -0.00118592148647, 0.000871257681865, -0.00146320124622, 0.00266772531904, -0.00857949722558, 0.0195262469351, -0.00646229088306, -0.00082103087334, 0.000894175085705], [0.000274213089142, -0.00078977731755, 0.000893719785381, 0.00058702257229, 0.00149751151912, -0.00340728485025, 0.000842671375722, 0.000292959564831, 0.00166220485698, -0.00646229088306, 0.0203068964183, -0.00616160081699, 0.000614355260041], [-0.000280203064904, 0.000123369405628, 0.000277974701021, 0.000380242971005, 0.000758440524805, 0.00250930967741, -0.00299849361181, -0.000812315498479, -0.000131140419398, -0.00082103087334, -0.00616160081699, 0.0201819874346, -0.00716397305951], [0.000415962946136, -0.000157022543135, -0.000255216233199, -0.00146349705756, 0.000364960695151, -0.000417105940869, 0.00165310734883, -0.00018602401542, -0.00187073717825, 0.000894175085705, 0.000614355260041, -0.00716397305951, 0.0206913352013]]
    sccoeffs:
        dmean: [0.0584142580628, 0.0486225858331, 0.037431653589, 0.0304367691278, 0.0208561979234, 0.0181312412024]
        dmean2: [0.0937093347311, 0.0814303979278, 0.062248352915, 0.0506350025535, 0.034681070596, 0.0290891937912]
        dvar: [0.0024420467671, 0.00144358316902, 0.000868203991558, 0.000619935512077, 0.000287079630652, 0.000292762735626]
        dvar2: [0.00625537196174, 0.0039907451719, 0.00241967313923, 0.00165725545958, 0.000763176183682, 0.000699034251738]
        max: [-0.279340952635, -0.499493271112, -0.511192619801, -0.565218150616, -0.622353315353, -0.58538132906]
        mean: [-0.640725374222, -0.763973176479, -0.800986349583, -0.788875281811, -0.788668990135, -0.736524403095]
        median: [-0.64197152853, -0.76972168684, -0.809215009212, -0.79547560215, -0.791839420795, -0.737659871578]
        min: [-0.97689050436, -0.969985604286, -0.986655473709, -0.966579556465, -0.964380681515, -0.963511884212]
        var: [0.00562491547316, 0.00376387615688, 0.00306037813425, 0.00245264195837, 0.00103671010584, 0.0012066999916]
    scvalleys:
        dmean: [0.451342403889, 0.390014827251, 0.329573720694, 0.275096684694, 0.216992601752, 0.196988478303]
        dmean2: [0.709056556225, 0.638205826283, 0.515016794205, 0.416762143373, 0.320698231459, 0.269924879074]
        dvar: [0.149730041623, 0.124515973032, 0.0938267707825, 0.0741358995438, 0.0612704269588, 0.07907114923]
        dvar2: [0.340763270855, 0.307263761759, 0.198653176427, 0.138495638967, 0.106924206018, 0.126950904727]
        max: [-4.99143409729, -4.71760463715, -5.63535881042, -5.756980896, -5.56757545471, -7.69007539749]
        mean: [-7.02864980698, -6.75770378113, -7.21125078201, -7.27133846283, -6.70613336563, -9.55516529083]
        median: [-6.93490839005, -6.61096143723, -7.01124191284, -7.09568595886, -6.50594854355, -9.48452568054]
        min: [-27.7578372955, -27.7569007874, -27.6987266541, -27.5147094727, -27.5216369629, -27.3327293396]
        var: [1.34446489811, 1.31944799423, 1.25009608269, 1.19712018967, 1.07806909084, 1.15565085411]

rhythm:
    beats_loudness:
        dmean: 0.00204663188197
        dmean2: 0.00368506880477
        dvar: 2.26907900469e-006
        dvar2: 6.4185114752e-006
        max: 0.0126064997166
        mean: 0.00588143616915
        median: 0.00581243494526
        min: 1.24154766468e-007
        var: 6.14801319898e-006
    bpm: 131.957717896
    bpm_confidence: 0
    first_peak_bpm: 133
    first_peak_spread: 0.287709504366
    first_peak_weight: 0.53125
    onset_rate: 2.75077414513
    second_peak_bpm: 99
    second_peak_spread: 0.0408163592219
    second_peak_weight: 0.195833325386
    beats_loudness_band_ratio:
        dmean: [0.10819029063, 0.0953358709812, 0.0475767329335, 0.0527046583593, 0.114536508918, 0.0800564214587]
        dmean2: [0.187957003713, 0.174511611462, 0.0852406769991, 0.0927683115005, 0.197795435786, 0.137123882771]
        dvar: [0.00907329749316, 0.00591264665127, 0.00386668206193, 0.0034007311333, 0.00739102670923, 0.00670189689845]
        dvar2: [0.026067243889, 0.0165123455226, 0.0116634657606, 0.00897307973355, 0.0200638882816, 0.0193525161594]
        max: [0.812616407871, 0.624015152454, 0.516536056995, 0.379973828793, 0.718327999115, 0.876434624195]
        mean: [0.210141137242, 0.121510960162, 0.074331574142, 0.0723283067346, 0.316965997219, 0.258074522018]
        median: [0.183222189546, 0.101596698165, 0.0586468316615, 0.0512783415616, 0.301145076752, 0.245217010379]
        min: [0.000175911467522, 0.000156587251695, 4.50376974186e-005, 0.00226153316908, 0.0267528519034, 0.0465897582471]
        var: [0.016204347834, 0.00698353303596, 0.00331497681327, 0.00363142648712, 0.0132870804518, 0.00777212064713]
    beats_position: [0.510838985443, 1.04489791393, 1.5673469305, 2.04335594177, 2.50775504112, 2.97215414047, 3.43655323982, 3.90095233917, 4.35374164581, 4.80653047562, 5.27092981339, 5.72371864319, 6.17650794983, 6.6176867485, 7.07047605515, 7.52326536179, 7.98766422272, 8.44045352936, 8.893242836, 9.34603118896, 9.79882049561, 10.2516098022, 10.7043991089, 11.1687984467, 11.6331968307, 12.0975961685, 12.5736055374, 13.0612239838, 13.5488433838, 14.0248527527, 14.4892511368, 15.0929698944, 15.696688652, 16.3004074097, 16.9157371521, 17.5310649872, 18.1347846985, 18.7385025024, 19.3422222137, 19.9459400177, 20.549659729, 21.153377533, 21.7570972443, 22.3724250793, 22.9877548218, 23.5914726257, 24.195192337, 24.7989120483, 25.4026298523, 26.0063495636, 26.6100673676, 27.2137870789, 27.8175048828, 28.4212245941, 29.0249423981, 29.6402721405, 30.2555999756, 30.8593196869, 31.4630374908, 32.0667572021, 32.6704750061, 33.2858047485, 33.901134491, 34.5048522949, 35.1085700989, 35.7122879028, 36.3160095215, 36.9197273254, 37.5234451294, 38.1387748718, 38.7424926758, 39.3578224182, 39.9615402222, 40.5652618408, 41.1689796448, 41.7726974487, 42.3880271912, 43.0149650574, 43.6302947998, 44.257232666, 44.7564620972, 45.2324714661, 45.6968688965, 46.1612701416, 46.6140594482, 47.0784568787, 47.5312461853, 47.9840354919, 48.4368247986, 48.901222229, 49.3540115356, 49.8068008423, 50.2595901489, 50.7123794556, 51.1767807007, 51.6295700073, 52.0823554993, 52.5467567444, 52.999546051, 53.4523353577, 53.9051246643, 54.3579139709, 54.7990913391, 55.2518806458, 55.7046699524, 56.1690673828, 56.6218566895, 57.0746459961, 57.5390472412, 57.9918365479, 58.4446258545, 58.8974151611, 59.3502044678, 59.8029937744, 60.2557830811, 60.7201805115, 61.1729698181, 61.6257591248, 62.0785484314, 62.531337738, 62.9841270447, 63.4485244751, 63.9013137817, 64.3657150269, 64.806892395, 65.2712936401, 65.7124710083, 66.1536483765, 66.5948257446, 67.0592269897, 67.5004043579, 67.9764175415, 68.4292068481, 68.8936004639, 69.3463897705, 69.7991790771, 70.2519683838, 70.7047576904, 71.1575469971, 71.6103363037, 72.0631256104, 72.515914917, 72.9687042236, 73.4331054688, 73.8858947754, 74.338684082, 74.7914733887, 75.2558746338, 75.7086639404, 76.1614532471, 76.6142425537, 77.0670318604, 77.5314254761, 77.9842147827, 78.4370040894, 78.889793396, 79.3425827026, 79.8069839478, 80.2597732544, 80.712562561, 81.1653518677, 81.6181411743, 82.070930481, 82.5237197876, 82.9765090942, 83.4292984009, 83.8936920166, 84.3580932617, 84.8341064453, 85.3101119995, 85.7977294922, 86.2737426758, 86.74974823, 87.2141494751, 87.8178634644, 88.421585083, 89.0136947632, 89.6290206909, 90.244354248, 90.8596801758, 91.4634017944, 92.0671157837, 92.6708374023, 93.274559021, 93.8782730103, 94.4819946289, 95.0973205566, 95.7010421753, 96.3047637939, 96.9084777832, 97.5238113403, 98.1275253296, 98.7312469482, 99.346572876, 99.9502944946, 100.554008484, 101.157730103, 101.761451721, 102.376777649, 102.980499268, 103.584213257, 104.187934875, 104.791656494, 105.395370483, 106.010704041, 106.626029968, 107.229751587, 107.833465576, 108.437187195, 109.040908813, 109.644622803, 110.25995636, 110.863670349, 111.467391968, 112.082717896, 112.686439514, 113.290153503, 113.893875122, 114.497596741, 115.112922668, 115.739860535, 116.355194092, 116.97052002, 117.469749451, 117.957366943, 118.433380127, 118.897773743, 119.350563049, 119.814964294, 120.267753601, 120.720542908, 121.173332214, 121.626121521, 122.078910828, 122.531700134, 122.984489441, 123.437278748, 123.901672363, 124.366073608, 124.818862915, 125.271652222, 125.724441528, 126.177230835, 126.630020142, 127.082809448, 127.523986816, 127.988388062, 128.441177368, 128.893966675, 129.346755981, 129.799545288, 130.263946533, 130.71673584, 131.169525146, 131.622314453, 132.07510376, 132.527893066, 132.980682373, 133.445083618, 133.897872925, 134.350662231, 134.803451538, 135.256240845, 135.709014893, 136.161804199, 136.626205444, 137.090606689, 137.543395996, 137.996185303, 138.437362671, 138.878540039, 139.319732666, 139.772521973, 140.225296021, 140.701309204, 141.165710449, 141.618499756, 142.082901001, 142.535690308, 142.988479614, 143.441268921, 143.894058228, 144.346847534, 144.799636841, 145.264038086, 145.716827393, 146.169616699, 146.610794067, 147.063583374, 147.516372681, 147.980773926, 148.445159912, 148.897949219, 149.350738525, 149.803527832, 150.256317139, 150.709106445, 151.161895752, 151.614685059, 152.067474365, 152.520263672, 152.973052979, 153.437454224, 153.89024353, 154.343032837, 154.795822144, 155.24861145, 155.713012695, 156.165802002, 156.618591309, 157.071380615, 157.524169922, 157.976959229, 158.429748535, 158.89414978, 159.358551025, 159.811340332, 160.264129639, 160.716918945, 161.169708252, 161.61088562, 162.075286865, 162.528076172, 162.980865479, 163.433654785, 163.886444092, 164.350830078, 164.803619385, 165.256408691, 165.709197998, 166.161987305, 166.62638855, 167.079177856, 167.531967163, 167.98475647, 168.437545776, 168.890335083, 169.34312439, 169.807525635, 170.260314941, 170.713104248, 171.177505493, 171.6302948, 172.083084106, 172.535873413, 172.98866272, 173.441452026, 173.894241333, 174.34703064, 174.799819946, 175.252609253, 175.70539856, 176.158187866, 176.610977173, 177.075378418, 177.539764404, 177.992553711, 178.445343018, 178.909744263, 179.362533569, 179.815322876, 180.256500244, 180.720901489, 181.162078857, 181.626480103, 182.079269409, 182.532058716, 182.984848022, 183.437637329, 183.902038574, 184.343215942, 184.796005249, 185.248794556, 185.701583862, 186.165985107, 186.618774414, 187.083175659, 187.535964966, 187.988754272, 188.441543579, 188.894332886, 189.358734131, 189.811508179, 190.264297485, 190.717086792, 191.169876099, 191.634277344, 192.08706665, 192.539855957, 192.992645264, 193.44543457, 193.898223877, 194.351013184, 194.80380249, 195.256591797, 195.709381104, 196.16217041, 196.614959717, 197.067749023, 197.52053833, 197.961715698, 198.414505005, 198.87890625, 199.343307495, 199.80770874, 200.260498047, 200.713287354, 201.16607666, 201.618865967, 202.071655273, 202.52444458, 202.988845825, 203.441635132, 203.894424438, 204.347213745, 204.800003052, 205.252792358, 205.705581665, 206.158370972, 206.611160278, 207.063934326, 207.516723633, 207.981124878, 208.445526123, 208.89831543, 209.351104736, 209.792282104, 210.245071411, 210.697860718, 211.162261963, 211.61505127, 212.067840576, 212.532241821, 212.985031128, 213.437820435, 213.90222168, 214.355010986, 214.807800293, 215.2605896, 215.713378906, 216.166168213, 216.61895752, 217.071746826, 217.524536133, 217.988937378, 218.453323364, 218.894515991, 219.347290039, 219.811691284, 220.264480591, 220.705657959, 221.146850586, 221.599639893, 222.052429199, 222.516815186, 222.981216431, 223.434005737, 223.886795044, 224.351196289, 224.803985596, 225.256774902, 225.709564209, 226.162353516, 226.615142822, 227.067932129, 227.520721436, 227.973510742, 228.437911987, 228.890701294, 229.343490601, 229.796279907, 230.249069214, 230.701858521, 231.154647827, 231.619049072, 232.083435059, 232.571060181, 233.058685303, 233.546295166, 234.02230835, 234.498321533]
