
metadata:
    version:
        essentia: "2.1-beta2"
    audio_properties:
        analysis_sample_rate: 44100
        bitrate: 320
        channels: 2
        equal_loudness: 1
        length: 189.126525879
        replay_gain: -14.7301483154
        downmix: "mix"
    tags:
        album: "Isolate And Medicate (Deluxe Edition)"
        artist: "Seether"
        comment: ""
        date: "2014"
        genre: "Alt. Rock/Post-Grunge"
        title: "Watch Me Drown"
        tracknumber: "7"

configuration:
    average_loudness:
        compute: 1
        frameSize: 88200
        hopSize: 44100
        silentFrames: "noise"
        windowType: "hann"
    general:
        analysisSampleRate: 44100
        endTime: 2000
        equalLoudness: 1
        nequalLoudness: 0
        shortSound: 0
        startTime: 0
    lowlevel:
        compute: 1
        frameSize: 2048
        hopSize: 1024
        zeroPadding: 0
        silentFrames: "noise"
        windowType: "blackmanharris62"
        mfccStats: ["mean", "cov", "icov"]
        stats: ["mean", "var", "median", "min", "max", "dmean", "dmean2", "dvar", "dvar2"]
    panning:
        compute: 0
        frameSize: 8192
        hopSize: 2048
        zeroPadding: 8192
        silentFrames: "noise"
        windowType: "hann"
        stats: ["copy"]
    rhythm:
        compute: 1
        maxTempo: 208
        minTempo: 40
        method: "degara"
        stats: ["mean", "var", "median", "min", "max", "dmean", "dmean2", "dvar", "dvar2"]
    segmentation:
        compute: 0
        cpw: 5
        inc1: 300
        inc2: 50
        minimumSegmentsLength: 10
        size1: 1000
        size2: 600
    sfx:
        compute: 1
        stats: ["mean", "var", "median", "min", "max", "dmean", "dmean2", "dvar", "dvar2"]
    svm:
        compute: 0
    tonal:
        compute: 1
        frameSize: 4096
        hopSize: 2048
        zeroPadding: 0
        silentFrames: "noise"
        windowType: "blackmanharris62"
        stats: ["mean", "var", "median", "min", "max", "dmean", "dmean2", "dvar", "dvar2"]

lowlevel:
    average_loudness: 0.868817269802
    barkbands_kurtosis:
        dmean: 1.10601770878
        dmean2: 1.80211102962
        dvar: 11.4207878113
        dvar2: 26.2263908386
        max: 99.0509643555
        mean: -0.16770067811
        median: -1.16060137749
        min: -1.96173393726
        var: 16.9825801849
    barkbands_skewness:
        dmean: 0.5124745965
        dmean2: 0.78730404377
        dvar: 0.324236065149
        dvar2: 0.711383342743
        max: 8.13015270233
        mean: 0.0281260255724
        median: -0.143193051219
        min: -6.13598585129
        var: 1.16176617146
    barkbands_spread:
        dmean: 5.95750617981
        dmean2: 9.51119709015
        dvar: 41.2413063049
        dvar2: 92.6916427612
        max: 87.5169143677
        mean: 35.4159317017
        median: 35.8911170959
        min: 0.872548997402
        var: 137.690933228
    dissonance:
        dmean: 0.0119872381911
        dmean2: 0.0202048588544
        dvar: 0.000223838491365
        dvar2: 0.000592830299865
        max: 0.500000059605
        mean: 0.47807469964
        median: 0.484654545784
        min: 0.234325796366
        var: 0.000555600330699
    hfc:
        dmean: 1.84897780418
        dmean2: 2.84102654457
        dvar: 5.91188430786
        dvar2: 13.3410692215
        max: 37.9966201782
        mean: 7.28074455261
        median: 6.15229034424
        min: 1.11404962831e-016
        var: 31.4275016785
    pitch:
        dmean: 953.97857666
        dmean2: 1827.58813477
        dvar: 1877387
        dvar2: 4441746.5
        max: 5451.91064453
        mean: 1801.6661377
        median: 725.840209961
        min: 56.9259872437
        var: 2643664.5
    pitch_instantaneous_confidence:
        dmean: 0.0857649445534
        dmean2: 0.138296112418
        dvar: 0.00602201418951
        dvar2: 0.0140211479738
        max: 0.944958567619
        mean: 0.409818738699
        median: 0.372548788786
        min: 0.0954518914223
        var: 0.0252591911703
    pitch_salience:
        dmean: 0.0618065595627
        dmean2: 0.103348784149
        dvar: 0.00347599992529
        dvar2: 0.00958052277565
        max: 0.993199110031
        mean: 0.645680785179
        median: 0.666736125946
        min: 0.162436529994
        var: 0.00974410492927
    silence_rate_20dB:
        dmean: 0
        dmean2: 0
        dvar: 0
        dvar2: 0
        max: 1
        mean: 1
        median: 1
        min: 1
        var: 0
    silence_rate_30dB:
        dmean: 0
        dmean2: 0
        dvar: 0
        dvar2: 0
        max: 1
        mean: 1
        median: 1
        min: 1
        var: 0
    silence_rate_60dB:
        dmean: 0.116144873202
        dmean2: 0.232318267226
        dvar: 0.102653697133
        dvar2: 0.205601215363
        max: 1
        mean: 0.469432860613
        median: 0
        min: 0
        var: 0.249049603939
    spectral_centroid:
        dmean: 331.769073486
        dmean2: 512.745666504
        dvar: 153361.9375
        dvar2: 316823.8125
        max: 11803.6269531
        mean: 1789.00463867
        median: 1853.00036621
        min: 134.827590942
        var: 677496.5625
    spectral_complexity:
        dmean: 3.07943534851
        dmean2: 4.84356594086
        dvar: 11.275270462
        dvar2: 25.3971576691
        max: 43
        mean: 13.6090106964
        median: 13
        min: 0
        var: 75.0752639771
    spectral_crest:
        dmean: 2.00502347946
        dmean2: 3.30881953239
        dvar: 3.83577990532
        dvar2: 9.90808486938
        max: 24.715341568
        mean: 7.25638866425
        median: 6.34140872955
        min: 2.36481308937
        var: 11.2093734741
    spectral_decrease:
        dmean: 3.32151972593e-010
        dmean2: 5.39602529326e-010
        dvar: 3.15467944817e-019
        dvar2: 8.17805502587e-019
        max: 1.33916204417e-028
        mean: -8.96145435636e-010
        median: -7.11608105775e-010
        min: -5.28907628805e-009
        var: 5.01979983101e-019
    spectral_energy:
        dmean: 0.00138365384191
        dmean2: 0.00222568493336
        dvar: 5.06607057105e-006
        dvar2: 1.30181379063e-005
        max: 0.0225563999265
        mean: 0.00404264358804
        median: 0.00327019277029
        min: 1.01544490049e-020
        var: 9.55939776759e-006
    spectral_energyband_high:
        dmean: 0.000109141001303
        dmean2: 0.00017046299763
        dvar: 2.38834161337e-008
        dvar2: 5.29744035305e-008
        max: 0.00413894839585
        mean: 0.000321918079862
        median: 0.00028202534304
        min: 7.31342448963e-021
        var: 7.93621595108e-008
    spectral_energyband_low:
        dmean: 0.000356228381861
        dmean2: 0.00063658808358
        dvar: 7.51865798065e-007
        dvar2: 2.09160907616e-006
        max: 0.00711373239756
        mean: 0.000424464204116
        median: 0.000248680706136
        min: 2.51295617217e-023
        var: 5.27007728124e-007
    spectral_energyband_middle_high:
        dmean: 0.000556876708288
        dmean2: 0.000864802801516
        dvar: 5.57994610517e-007
        dvar2: 1.28254794163e-006
        max: 0.0126359537244
        mean: 0.00200144341215
        median: 0.00144656375051
        min: 1.29642628001e-021
        var: 3.11545045406e-006
    spectral_energyband_middle_low:
        dmean: 0.000859158521052
        dmean2: 0.0014369598357
        dvar: 3.20893900607e-006
        dvar2: 8.47755381983e-006
        max: 0.0159174036235
        mean: 0.00140806648415
        median: 0.000939846911933
        min: 1.54322763674e-022
        var: 3.02412126985e-006
    spectral_flatness_db:
        dmean: 0.0160446558148
        dmean2: 0.0254662334919
        dvar: 0.000266993185505
        dvar2: 0.000622340128757
        max: 0.418939858675
        mean: 0.146825611591
        median: 0.134827882051
        min: 0.0589778833091
        var: 0.00203614053316
    spectral_flux:
        dmean: 0.00904549565166
        dmean2: 0.0139083601534
        dvar: 0.000135758760734
        dvar2: 0.000258445274085
        max: 0.122077099979
        mean: 0.0379610881209
        median: 0.0358900949359
        min: 6.49445289214e-011
        var: 0.000416350667365
    spectral_kurtosis:
        dmean: 1.13633561134
        dmean2: 1.86484885216
        dvar: 3.2701318264
        dvar2: 8.40874195099
        max: 49.0262336731
        mean: 3.50043582916
        median: 3.03199791908
        min: -1.24124670029
        var: 6.6423330307
    spectral_rms:
        dmean: 0.000298605591524
        dmean2: 0.000463815056719
        dvar: 1.60554591844e-007
        dvar2: 3.91583625969e-007
        max: 0.00469108112156
        mean: 0.00182914198376
        median: 0.00178617797792
        min: 3.14750374202e-012
        var: 5.98298697696e-007
    spectral_rolloff:
        dmean: 421.98651123
        dmean2: 690.189147949
        dvar: 492384.8125
        dvar2: 1023708.375
        max: 19229.1503906
        mean: 3332.43969727
        median: 3466.84570313
        min: 129.19921875
        var: 1731085.25
    spectral_skewness:
        dmean: 0.178587898612
        dmean2: 0.273645490408
        dvar: 0.047275826335
        dvar2: 0.105884872377
        max: 5.36477899551
        mean: 1.30930995941
        median: 1.29632115364
        min: -0.100337088108
        var: 0.153765976429
    spectral_spread:
        dmean: 549415.5625
        dmean2: 807318.75
        dvar: 1.00428080742e+012
        dvar2: 1.79909256806e+012
        max: 42491384
        mean: 5064566
        median: 4922518
        min: 1598608.875
        var: 5.6529560535e+012
    spectral_strongpeak:
        dmean: 0.444278985262
        dmean2: 0.768542349339
        dvar: 0.507457435131
        dvar2: 1.31117331982
        max: 8.68698120117
        mean: 0.5931879282
        median: 0.226189911366
        min: 2.10976666692e-010
        var: 0.695982217789
    zerocrossingrate:
        dmean: 0.0107682654634
        dmean2: 0.0127999354154
        dvar: 0.000152474312927
        dvar2: 0.000170053666807
        max: 0.5185546875
        mean: 0.102275021374
        median: 0.10546875
        min: 0.00634765625
        var: 0.00138590508141
    barkbands:
        dmean: [1.11580973794e-007, 9.52474947553e-005, 0.000198136083782, 0.000257652747678, 0.000473811436677, 0.000140040370752, 9.65288054431e-005, 8.93687683856e-005, 7.35926732887e-005, 4.98718036397e-005, 4.79042573716e-005, 5.13727682119e-005, 3.58827419404e-005, 3.65051382687e-005, 6.4351115725e-005, 0.000115003225801, 0.000169893974089, 0.000183894357178, 0.000200111971935, 0.000114784750622, 5.72993376409e-005, 2.2398045985e-005, 4.94047526445e-006, 1.8467414975e-006, 1.19863466352e-006, 7.64669749742e-008, 6.96559143698e-010]
        dmean2: [1.88796462908e-007, 0.00017346990353, 0.00035300781019, 0.000457535672467, 0.000812283426058, 0.000235038751271, 0.000156022535521, 0.000144853329402, 0.000119847842143, 8.10743295006e-005, 7.574060146e-005, 8.37141269585e-005, 5.64219699299e-005, 5.91119242017e-005, 0.000103158236016, 0.000185356533621, 0.000273989397101, 0.000294673431199, 0.00032180629205, 0.000187093348359, 9.2637623311e-005, 3.4143722587e-005, 7.12963310434e-006, 2.73954674412e-006, 1.78822688213e-006, 1.19558507095e-007, 1.11078546361e-009]
        dvar: [5.95232820281e-014, 7.11953234145e-008, 2.47649779794e-007, 2.70564868288e-007, 1.36513108373e-006, 9.58671932949e-008, 2.58187853319e-008, 3.30167893026e-008, 2.29763550408e-008, 9.92514781473e-009, 1.38413449591e-008, 2.02127061755e-008, 7.55269446984e-009, 6.11161521391e-009, 2.21697096237e-008, 4.72129535467e-008, 9.13195208341e-008, 9.28751262563e-008, 9.70328599692e-008, 2.26938148273e-008, 6.54908838271e-009, 2.44131115323e-009, 1.35272001933e-010, 1.17955853418e-011, 3.51029925613e-012, 1.64929427402e-014, 1.57892276683e-018]
        dvar2: [1.56422468836e-013, 2.01721064741e-007, 7.0272216135e-007, 7.40396728816e-007, 3.702989261e-006, 2.59576808048e-007, 6.09044761291e-008, 8.17626428784e-008, 5.84639749945e-008, 2.23001279664e-008, 3.54432039273e-008, 5.35623136955e-008, 1.73826784078e-008, 1.5288113886e-008, 5.38151212481e-008, 1.15495865316e-007, 2.34728332771e-007, 2.22673918415e-007, 2.40119391037e-007, 5.76046623735e-008, 1.62963651462e-008, 4.67975969087e-009, 2.32469404837e-010, 2.03990869335e-011, 7.29697118701e-012, 3.82635309342e-014, 3.58242369361e-018]
        max: [2.46558533945e-006, 0.0018342807889, 0.00522315502167, 0.00530257169157, 0.0109296208248, 0.00354871479794, 0.00356648792513, 0.00394806778058, 0.0027850184124, 0.00365421478637, 0.0024082402233, 0.00274146604352, 0.00207072170451, 0.00143371510785, 0.00343102845363, 0.00470335315913, 0.00683534145355, 0.00537599716336, 0.0045227711089, 0.00386785087176, 0.00217414624058, 0.00159404228907, 0.000270321062999, 9.94028450805e-005, 3.56372802344e-005, 1.48843912484e-006, 1.37754980756e-008]
        mean: [1.75634795596e-007, 9.25934073166e-005, 0.000235359824728, 0.000245537870796, 0.00053072796436, 0.000195343818632, 0.00015913406969, 0.000136175644002, 0.000116944633191, 8.06264215498e-005, 7.39523529774e-005, 7.55766741349e-005, 5.30462348252e-005, 5.30994911969e-005, 9.93886205833e-005, 0.000214678497287, 0.000342929910403, 0.000404412392527, 0.000450791005278, 0.000265329814283, 0.000148944862303, 4.9263722758e-005, 1.10054879769e-005, 4.78905622003e-006, 2.71291423815e-006, 1.05024000163e-007, 7.71770813923e-010]
        median: [1.28590954773e-007, 3.72365393559e-005, 0.00012571530533, 9.61588084465e-005, 0.000228805351071, 0.000106572944787, 7.86679011071e-005, 5.19404529769e-005, 5.48857060494e-005, 3.8329839299e-005, 3.01025902445e-005, 2.3316268198e-005, 1.77586080099e-005, 2.42738224188e-005, 3.97066323785e-005, 9.93660942186e-005, 0.000169086022652, 0.000229634330026, 0.000315441226121, 0.000232025020523, 0.00012811247143, 3.254746116e-005, 6.50054653306e-006, 3.2471580198e-006, 1.8315934085e-006, 4.70724472734e-008, 2.88108925606e-010]
        min: [2.02066030619e-025, 3.74593440743e-024, 4.49491366073e-024, 5.45864037674e-025, 1.15652501149e-024, 1.68584561047e-023, 9.92247705932e-024, 1.32701219066e-023, 3.40963164394e-023, 2.52089526832e-023, 2.01486655672e-023, 2.96415557988e-023, 2.78891801839e-023, 3.73918333581e-023, 6.69832838676e-023, 6.96791939231e-023, 5.61768360991e-023, 1.10669750777e-022, 1.77385244767e-022, 1.66404717484e-022, 2.93476804991e-022, 3.12356278559e-022, 4.90334380695e-022, 6.66387485517e-022, 9.4764393894e-022, 1.30029076443e-021, 2.11664714513e-021]
        var: [5.69569958146e-014, 4.58979236839e-008, 1.73558703409e-007, 2.04194293474e-007, 1.08104711671e-006, 9.28951351398e-008, 6.08669381563e-008, 6.07366885674e-008, 3.87521268408e-008, 2.0484295149e-008, 2.44212667866e-008, 3.17593737975e-008, 1.31846027429e-008, 8.78462547149e-009, 4.28256754503e-008, 1.19510957575e-007, 2.81685032633e-007, 2.82332791812e-007, 2.22137884975e-007, 5.2268795514e-008, 1.854271936e-008, 5.59625235041e-009, 3.54667240021e-010, 4.17189061075e-011, 1.00193638108e-011, 2.46206931253e-014, 1.80264431005e-018]
    frequency_bands:
        dmean: [1.11580973794e-007, 9.52474947553e-005, 0.000198136083782, 0.000257652747678, 0.000473811436677, 0.000140040370752, 9.65288054431e-005, 8.93687683856e-005, 7.35926732887e-005, 4.98718036397e-005, 4.79042573716e-005, 5.13727682119e-005, 3.58827419404e-005, 3.65051382687e-005, 6.4351115725e-005, 0.000115003225801, 0.000169893974089, 0.000183894357178, 0.000200111971935, 0.000114784750622, 5.72993376409e-005, 2.2398045985e-005, 4.94047526445e-006, 1.8467414975e-006, 1.19863466352e-006, 7.64669749742e-008, 6.96559143698e-010, 4.81259962437e-011]
        dmean2: [1.88796462908e-007, 0.00017346990353, 0.00035300781019, 0.000457535672467, 0.000812283426058, 0.000235038751271, 0.000156022535521, 0.000144853329402, 0.000119847842143, 8.10743295006e-005, 7.574060146e-005, 8.37141269585e-005, 5.64219699299e-005, 5.91119242017e-005, 0.000103158236016, 0.000185356533621, 0.000273989397101, 0.000294673431199, 0.00032180629205, 0.000187093348359, 9.2637623311e-005, 3.4143722587e-005, 7.12963310434e-006, 2.73954674412e-006, 1.78822688213e-006, 1.19558507095e-007, 1.11078546361e-009, 8.97311530634e-011]
        dvar: [5.95232820281e-014, 7.11953234145e-008, 2.47649779794e-007, 2.70564868288e-007, 1.36513108373e-006, 9.58671932949e-008, 2.58187853319e-008, 3.30167893026e-008, 2.29763550408e-008, 9.92514781473e-009, 1.38413449591e-008, 2.02127061755e-008, 7.55269446984e-009, 6.11161521391e-009, 2.21697096237e-008, 4.72129535467e-008, 9.13195208341e-008, 9.28751262563e-008, 9.70328599692e-008, 2.26938148273e-008, 6.54908838271e-009, 2.44131115323e-009, 1.35272001933e-010, 1.17955853418e-011, 3.51029925613e-012, 1.64929427402e-014, 1.57892276683e-018, 5.28650362079e-021]
        dvar2: [1.56422468836e-013, 2.01721064741e-007, 7.0272216135e-007, 7.40396728816e-007, 3.702989261e-006, 2.59576808048e-007, 6.09044761291e-008, 8.17626428784e-008, 5.84639749945e-008, 2.23001279664e-008, 3.54432039273e-008, 5.35623136955e-008, 1.73826784078e-008, 1.5288113886e-008, 5.38151212481e-008, 1.15495865316e-007, 2.34728332771e-007, 2.22673918415e-007, 2.40119391037e-007, 5.76046623735e-008, 1.62963651462e-008, 4.67975969087e-009, 2.32469404837e-010, 2.03990869335e-011, 7.29697118701e-012, 3.82635309342e-014, 3.58242369361e-018, 1.68404117634e-020]
        max: [2.46558533945e-006, 0.0018342807889, 0.00522315502167, 0.00530257169157, 0.0109296208248, 0.00354871479794, 0.00356648792513, 0.00394806778058, 0.0027850184124, 0.00365421478637, 0.0024082402233, 0.00274146604352, 0.00207072170451, 0.00143371510785, 0.00343102845363, 0.00470335315913, 0.00683534145355, 0.00537599716336, 0.0045227711089, 0.00386785087176, 0.00217414624058, 0.00159404228907, 0.000270321062999, 9.94028450805e-005, 3.56372802344e-005, 1.48843912484e-006, 1.37754980756e-008, 8.44146974543e-010]
        mean: [1.75634795596e-007, 9.25934073166e-005, 0.000235359824728, 0.000245537870796, 0.00053072796436, 0.000195343818632, 0.00015913406969, 0.000136175644002, 0.000116944633191, 8.06264215498e-005, 7.39523529774e-005, 7.55766741349e-005, 5.30462348252e-005, 5.30994911969e-005, 9.93886205833e-005, 0.000214678497287, 0.000342929910403, 0.000404412392527, 0.000450791005278, 0.000265329814283, 0.000148944862303, 4.9263722758e-005, 1.10054879769e-005, 4.78905622003e-006, 2.71291423815e-006, 1.05024000163e-007, 7.71770813923e-010, 3.65701947891e-011]
        median: [1.28590954773e-007, 3.72365393559e-005, 0.00012571530533, 9.61588084465e-005, 0.000228805351071, 0.000106572944787, 7.86679011071e-005, 5.19404529769e-005, 5.48857060494e-005, 3.8329839299e-005, 3.01025902445e-005, 2.3316268198e-005, 1.77586080099e-005, 2.42738224188e-005, 3.97066323785e-005, 9.93660942186e-005, 0.000169086022652, 0.000229634330026, 0.000315441226121, 0.000232025020523, 0.00012811247143, 3.254746116e-005, 6.50054653306e-006, 3.2471580198e-006, 1.8315934085e-006, 4.70724472734e-008, 2.88108925606e-010, 1.20381135615e-011]
        min: [2.02066030619e-025, 3.74593440743e-024, 4.49491366073e-024, 5.45864037674e-025, 1.15652501149e-024, 1.68584561047e-023, 9.92247705932e-024, 1.32701219066e-023, 3.40963164394e-023, 2.52089526832e-023, 2.01486655672e-023, 2.96415557988e-023, 2.78891801839e-023, 3.73918333581e-023, 6.69832838676e-023, 6.96791939231e-023, 5.61768360991e-023, 1.10669750777e-022, 1.77385244767e-022, 1.66404717484e-022, 2.93476804991e-022, 3.12356278559e-022, 4.90334380695e-022, 6.66387485517e-022, 9.4764393894e-022, 1.30029076443e-021, 2.11664714513e-021, 5.45460788545e-022]
        var: [5.69569958146e-014, 4.58979236839e-008, 1.73558703409e-007, 2.04194293474e-007, 1.08104711671e-006, 9.28951351398e-008, 6.08669381563e-008, 6.07366885674e-008, 3.87521268408e-008, 2.0484295149e-008, 2.44212667866e-008, 3.17593737975e-008, 1.31846027429e-008, 8.78462547149e-009, 4.28256754503e-008, 1.19510957575e-007, 2.81685032633e-007, 2.82332791812e-007, 2.22137884975e-007, 5.2268795514e-008, 1.854271936e-008, 5.59625235041e-009, 3.54667240021e-010, 4.17189061075e-011, 1.00193638108e-011, 2.46206931253e-014, 1.80264431005e-018, 4.06929482862e-021]
    mfcc:
        mean: [-728.108886719, 93.6523284912, -35.6916923523, 59.635887146, -7.84736442566, -11.0757274628, -1.35008263588, -1.36488425732, -0.63439065218, -6.82267045975, -4.69652032852, -6.34071731567, -3.64914894104]
        cov: [[9340.19921875, 421.085144043, -1034.81213379, 653.251464844, -410.006286621, -126.323898315, -103.152526855, 11.8353633881, 192.273391724, -199.044830322, -92.3358230591, -37.9557647705, -99.0273742676], [421.085144043, 1054.8684082, -349.911407471, 61.3124961853, -17.4457492828, -149.29977417, 51.279006958, -4.32160377502, -48.6775779724, -23.837020874, -14.1362285614, -13.8081111908, -5.41326379776], [-1034.81213379, -349.911407471, 600.132202148, 8.96559619904, 40.9335594177, 119.196014404, 32.5670127869, 1.29667770863, -23.9881820679, 24.081495285, 4.32537412643, -14.6913824081, 12.7746305466], [653.251464844, 61.3124961853, 8.96559619904, 327.67401123, 55.7753295898, -10.1578512192, -36.5320396423, 1.0913207531, 39.9231796265, -2.20975995064, -24.2887878418, -8.1242980957, 16.2375736237], [-410.006286621, -17.4457492828, 40.9335594177, 55.7753295898, 186.619903564, 36.094959259, -39.4425582886, -13.3709363937, 9.35392665863, 22.5925788879, -8.25568675995, -2.65678429604, 4.31786775589], [-126.323898315, -149.29977417, 119.196014404, -10.1578512192, 36.094959259, 171.018371582, 47.7404251099, 20.8467578888, -5.46213722229, 19.112909317, 15.7729606628, -10.090470314, -6.58939886093], [-103.152526855, 51.279006958, 32.5670127869, -36.5320396423, -39.4425582886, 47.7404251099, 157.443832397, 48.4472465515, -9.11845493317, -3.15426182747, 16.2688522339, 15.1136159897, -4.84962749481], [11.8353633881, -4.32160377502, 1.29667770863, 1.0913207531, -13.3709363937, 20.8467578888, 48.4472465515, 118.41960907, 16.0885505676, 7.7716126442, 23.7946071625, -2.47182583809, 11.6947002411], [192.273391724, -48.6775779724, -23.9881820679, 39.9231796265, 9.35392665863, -5.46213722229, -9.11845493317, 16.0885505676, 104.802749634, 17.8137989044, -3.18482613564, 21.4622383118, 5.68389177322], [-199.044830322, -23.837020874, 24.081495285, -2.20975995064, 22.5925788879, 19.112909317, -3.15426182747, 7.7716126442, 17.8137989044, 92.8325424194, 35.5473747253, -4.35118913651, 6.75698280334], [-92.3358230591, -14.1362285614, 4.32537412643, -24.2887878418, -8.25568675995, 15.7729606628, 16.2688522339, 23.7946071625, -3.18482613564, 35.5473747253, 80.2753753662, 13.5423173904, 3.72454214096], [-37.9557647705, -13.8081111908, -14.6913824081, -8.1242980957, -2.65678429604, -10.090470314, 15.1136159897, -2.47182583809, 21.4622383118, -4.35118913651, 13.5423173904, 76.712677002, 25.9978694916], [-99.0273742676, -5.41326379776, 12.7746305466, 16.2375736237, 4.31786775589, -6.58939886093, -4.84962749481, 11.6947002411, 5.68389177322, 6.75698280334, 3.72454214096, 25.9978694916, 65.4569625854]]
        icov: [[0.000233967148233, 2.63062102022e-005, 0.000412270455854, -0.000567040871829, 0.000671229267027, -0.000352092058165, 0.000190832201042, 2.52582813118e-005, -0.000261072680587, 0.000337898702128, -1.40535803439e-005, 7.02142715454e-005, 0.000306945148623], [2.63062102022e-005, 0.00152756203897, 0.000859216263052, -0.00049790320918, -0.000345515203662, 0.00120865891222, -0.00132192054298, 0.000248635944445, 0.000902073574252, -0.000162035867106, 3.67742650269e-005, 0.000608672562521, -0.000181389288628], [0.000412270455854, 0.000859216263052, 0.00316157541238, -0.00132380006835, 0.000831465935335, -0.00128206971567, -0.000587153073866, 0.000454716093373, 0.000452920125099, 0.000140337448101, 0.000218364482862, 0.000747074082028, -0.000265474460321], [-0.000567040871829, -0.00049790320918, -0.00132380006835, 0.0050565325655, -0.00247961166315, 0.000778768851887, 0.000216839325731, -0.000249706790783, -0.00108858058229, -0.000234742896282, 0.000511830323376, 0.00067919184221, -0.00177250616252], [0.000671229267027, -0.000345515203662, 0.000831465935335, -0.00247961166315, 0.00875694211572, -0.00326873338781, 0.00293056759983, 3.28856767737e-005, -0.000634409836493, -0.000802226481028, 0.00130573764909, -0.0010500891367, 0.0012249504216], [-0.000352092058165, 0.00120865891222, -0.00128206971567, 0.000778768851887, -0.00326873338781, 0.00973725970834, -0.00390878366306, -0.000207722012419, 0.000925520842429, -0.00112236931454, -0.00103124347515, 0.00167141121347, -1.99394935407e-006], [0.000190832201042, -0.00132192054298, -0.000587153073866, 0.000216839325731, 0.00293056759983, -0.00390878366306, 0.010656427592, -0.00396180804819, 0.000534618448, 0.000296712794807, 0.000611422176007, -0.00400457996875, 0.0026294013951], [2.52582813118e-005, 0.000248635944445, 0.000454716093373, -0.000249706790783, 3.28856767737e-005, -0.000207722012419, -0.00396180804819, 0.0116304727271, -0.00286483694799, 0.00141135021113, -0.00388008612208, 0.00404951302335, -0.0036470706109], [-0.000261072680587, 0.000902073574252, 0.000452920125099, -0.00108858058229, -0.000634409836493, 0.000925520842429, 0.000534618448, -0.00286483694799, 0.0133932810277, -0.00446350080892, 0.0033145302441, -0.00527195911855, 0.00175080390181], [0.000337898702128, -0.000162035867106, 0.000140337448101, -0.000234742896282, -0.000802226481028, -0.00112236931454, 0.000296712794807, 0.00141135021113, -0.00446350080892, 0.0159916225821, -0.00793364737183, 0.00427818484604, -0.00227255839854], [-1.40535803439e-005, 3.67742650269e-005, 0.000218364482862, 0.000511830323376, 0.00130573764909, -0.00103124347515, 0.000611422176007, -0.00388008612208, 0.0033145302441, -0.00793364737183, 0.0184425394982, -0.00556956976652, 0.00205463753082], [7.02142715454e-005, 0.000608672562521, 0.000747074082028, 0.00067919184221, -0.0010500891367, 0.00167141121347, -0.00400457996875, 0.00404951302335, -0.00527195911855, 0.00427818484604, -0.00556956976652, 0.0201116129756, -0.0085951462388], [0.000306945148623, -0.000181389288628, -0.000265474460321, -0.00177250616252, 0.0012249504216, -1.99394935407e-006, 0.0026294013951, -0.0036470706109, 0.00175080390181, -0.00227255839854, 0.00205463753082, -0.0085951462388, 0.0203629136086]]
    sccoeffs:
        dmean: [0.056053802371, 0.0457640103996, 0.036240991205, 0.0309884287417, 0.0227730292827, 0.0165312997997]
        dmean2: [0.0926091223955, 0.0752573683858, 0.0582015290856, 0.0497612394392, 0.0362040251493, 0.0264592468739]
        dvar: [0.00297069642693, 0.00138521869667, 0.000909050693735, 0.000708266685251, 0.00039251378621, 0.000218927729293]
        dvar2: [0.00755967292935, 0.00364678469487, 0.00227319123223, 0.00173253775574, 0.00089818588458, 0.000503121875226]
        max: [-0.310336053371, -0.369672566652, -0.506680548191, -0.538469195366, -0.557268798351, -0.596043169498]
        mean: [-0.65547478199, -0.757275938988, -0.796627342701, -0.79244107008, -0.788707435131, -0.759014189243]
        median: [-0.665583014488, -0.763180315495, -0.806021094322, -0.80003452301, -0.794429898262, -0.75915491581]
        min: [-0.979375898838, -0.992940962315, -0.990976154804, -0.982254803181, -0.981044471264, -0.962329506874]
        var: [0.00681319599971, 0.00463931402192, 0.00411257194355, 0.00308730010875, 0.00222496781498, 0.00172832375392]
    scvalleys:
        dmean: [0.376830726862, 0.38913115859, 0.348833322525, 0.312021315098, 0.237497895956, 0.255141556263]
        dmean2: [0.61543405056, 0.620427250862, 0.532950997353, 0.472331225872, 0.348295807838, 0.351351261139]
        dvar: [0.126086428761, 0.150345295668, 0.133107453585, 0.125833913684, 0.104548148811, 0.125052213669]
        dvar2: [0.304702222347, 0.322939485312, 0.246684059501, 0.220827594399, 0.167713984847, 0.194280520082]
        max: [-4.97184467316, -4.54903650284, -5.22948598862, -5.79392242432, -5.68260574341, -7.81032896042]
        mean: [-7.12939596176, -6.96761608124, -7.47116661072, -7.76750183105, -7.26943397522, -9.89531135559]
        median: [-6.76651000977, -6.59258699417, -7.07835292816, -7.36742258072, -6.73794269562, -9.2830657959]
        min: [-28.2912216187, -27.7412910461, -27.6259346008, -27.6970748901, -27.5040149689, -27.3952617645]
        var: [3.28589916229, 3.46748781204, 3.45223760605, 3.30079698563, 3.43503212929, 3.91385197639]

rhythm:
    beats_loudness:
        dmean: 0.00251389294863
        dmean2: 0.00481402827427
        dvar: 4.17437377109e-006
        dvar2: 1.40551519507e-005
        max: 0.0139405885711
        mean: 0.00529234623536
        median: 0.00517504196614
        min: 2.609402901e-014
        var: 9.33052342589e-006
    bpm: 110.810722351
    bpm_confidence: 0
    first_peak_bpm: 110
    first_peak_spread: 0.448598086834
    first_peak_weight: 0.504273533821
    onset_rate: 3.13017988205
    second_peak_bpm: 136
    second_peak_spread: 0.333333283663
    second_peak_weight: 0.0227920226753
    beats_loudness_band_ratio:
        dmean: [0.144689306617, 0.138423770666, 0.098443210125, 0.0550090000033, 0.126716271043, 0.0912454277277]
        dmean2: [0.261963576078, 0.255828857422, 0.177857473493, 0.0995775163174, 0.212319597602, 0.163316994905]
        dvar: [0.014509444125, 0.0110648060217, 0.0106252497062, 0.00424255244434, 0.0118455057964, 0.00602077227086]
        dvar2: [0.038251388818, 0.0321557633579, 0.0322505570948, 0.0122688338161, 0.0307712573558, 0.017437228933]
        max: [0.822013914585, 0.870594382286, 0.666424334049, 0.452549695969, 0.729139626026, 0.622978925705]
        mean: [0.218293011189, 0.184295997024, 0.1276460886, 0.06616294384, 0.246064186096, 0.205927610397]
        median: [0.189485087991, 0.157369077206, 0.10098259896, 0.0438261255622, 0.219450831413, 0.193333059549]
        min: [0, 0, 0, 0, 0, 0]
        var: [0.0221384000033, 0.0186566505581, 0.00992089975625, 0.00379900634289, 0.0211161170155, 0.0100984340534]
    beats_position: [0.557278871536, 1.1261677742, 1.68344664574, 2.22911548615, 2.77478456497, 3.32045340538, 3.86612248421, 4.41179132462, 4.94585037231, 5.4915189743, 6.025578022, 6.57124710083, 7.11691617966, 7.65097475052, 8.19664382935, 8.73070240021, 9.27637195587, 9.82204055786, 10.3560991287, 10.9017686844, 11.4474372864, 11.9814968109, 12.5271654129, 13.0728340149, 13.6068935394, 14.1409521103, 14.6750106812, 15.2206802368, 15.7663488388, 16.3004074097, 16.8460769653, 17.391746521, 17.9258041382, 18.4598636627, 19.0055332184, 19.5512008667, 20.0852603912, 20.6193199158, 21.1649875641, 21.7106571198, 22.2447166443, 22.7903842926, 23.3360538483, 23.8701133728, 24.40417099, 24.9498405457, 25.4955101013, 26.0295696259, 26.563627243, 27.1092967987, 27.6549663544, 28.1890239716, 28.7230834961, 29.2687530518, 29.8144207001, 30.3484802246, 30.8941497803, 31.4398174286, 31.9738769531, 32.5195465088, 33.0652160645, 33.5992736816, 34.1333312988, 34.6673927307, 35.2130622864, 35.7587280273, 36.304397583, 36.8500671387, 37.3841247559, 37.9181861877, 38.4638557434, 39.0095214844, 39.5435829163, 40.0892524719, 40.6349182129, 41.1689796448, 41.703037262, 42.2370948792, 42.7827644348, 43.3284339905, 43.8741035461, 44.4081611633, 44.953830719, 45.4878921509, 46.0335578918, 46.5792274475, 47.1132888794, 47.6473464966, 48.1930160522, 48.7386856079, 49.2843513489, 49.8300209045, 50.3640823364, 50.8981399536, 51.4321975708, 51.9662590027, 52.5119247437, 53.0575942993, 53.5916557312, 54.1373214722, 54.6713829041, 55.2170524597, 55.7511100769, 56.2967796326, 56.8424491882, 57.3765068054, 57.9105644226, 58.4562339783, 58.9902954102, 59.5359611511, 60.0816307068, 60.6273002625, 61.1729698181, 61.7186393738, 62.252696991, 62.7867546082, 63.32081604, 63.8664855957, 64.4121551514, 64.9462127686, 65.4918823242, 66.0375518799, 66.5716094971, 67.1056671143, 67.6513366699, 68.1970062256, 68.7310638428, 69.26512146, 69.8107910156, 70.3564605713, 70.8905181885, 71.4361877441, 71.9818572998, 72.5275268555, 73.0615844727, 73.6072540283, 74.1413116455, 74.6753692627, 75.2210388184, 75.766708374, 76.3007659912, 76.8464355469, 77.3921051025, 77.9261627197, 78.4718322754, 79.0175018311, 79.5515594482, 80.0856246948, 80.619682312, 81.1653518677, 81.7110214233, 82.2450790405, 82.7907485962, 83.3364181519, 83.870475769, 84.4161453247, 84.9618148804, 85.4958724976, 86.0299301147, 86.5639877319, 87.1096572876, 87.6553268433, 88.1893844604, 88.7350540161, 89.2807235718, 89.814781189, 90.3488388062, 90.8945083618, 91.4401779175, 91.9858474731, 92.5199050903, 93.0539703369, 93.5996322632, 94.1336975098, 94.6793670654, 95.2250289917, 95.7590942383, 96.2931518555, 96.8388214111, 97.3844909668, 97.918548584, 98.4642181396, 99.0098876953, 99.5439453125, 100.07800293, 100.623672485, 101.169342041, 101.703399658, 102.237457275, 102.783126831, 103.328796387, 103.862854004, 104.40852356, 104.954193115, 105.488250732, 106.033920288, 106.579589844, 107.113647461, 107.659317017, 108.204986572, 108.739044189, 109.273101807, 109.818771362, 110.364440918, 110.898498535, 111.444168091, 111.978225708, 112.523895264, 113.05796051, 113.592018127, 114.137687683, 114.683357239, 115.217414856, 115.751472473, 116.297142029, 116.842811584, 117.376869202, 117.922538757, 118.468208313, 119.00226593, 119.547935486, 120.093605042, 120.627662659, 121.161720276, 121.695777893, 122.241447449, 122.787117004, 123.321174622, 123.855232239, 124.400901794, 124.94657135, 125.492240906, 126.037910461, 126.571968079, 127.106025696, 127.640090942, 128.185760498, 128.731430054, 129.265487671, 129.811157227, 130.356826782, 130.890884399, 131.424942017, 131.970611572, 132.504669189, 133.050338745, 133.596008301, 134.141677856, 134.675735474, 135.209793091, 135.755462646, 136.301132202, 136.835189819, 137.380859375, 137.926528931, 138.460586548, 139.006256104, 139.551925659, 140.085983276, 140.620040894, 141.165710449, 141.711380005, 142.245437622, 142.779495239, 143.325164795, 143.870834351, 144.416503906, 144.962173462, 145.496231079, 146.030288696, 146.564346313, 147.110015869, 147.655685425, 148.189743042, 148.735412598, 149.281082153, 149.815139771, 150.349197388, 150.894866943, 151.440536499, 151.974594116, 152.520263672, 153.065933228, 153.611602783, 154.1456604, 154.679718018, 155.225387573, 155.759460449, 156.305114746, 156.850784302, 157.384857178, 157.942123413, 158.47618103, 159.010253906, 159.544311523, 160.089981079, 160.624038696, 161.169708252, 161.715377808, 162.261047363, 162.79510498, 163.329162598, 163.863220215, 164.408889771, 164.954559326, 165.500228882, 166.045898438, 166.579956055, 167.114013672, 167.659683228, 168.205352783, 168.751022339, 169.285079956, 169.830749512, 170.364807129, 170.898864746, 171.444534302, 171.990203857, 172.547485352, 173.104751587, 173.662033081, 174.230926514, 174.799819946, 175.36869812, 175.937591553, 176.494873047, 177.063766479, 177.632644653, 178.189926147, 178.619491577, 179.049072266, 179.467025757, 179.896591187, 180.337768555, 180.778961182, 181.22013855, 181.661315918, 182.102493286, 182.508834839, 182.926803589, 183.356369019, 183.77432251, 184.180679321, 184.621856689, 185.063034058, 185.504211426, 186.015060425, 186.525894165, 187.036727905, 187.547576904, 188.058410645, 188.569244385]
