
metadata:
    version:
        essentia: "2.1-beta2"
    audio_properties:
        analysis_sample_rate: 44100
        bitrate: 320
        channels: 2
        equal_loudness: 1
        length: 198.060409546
        replay_gain: -13.9832954407
        downmix: "mix"
    tags:
        album: "Isolate And Medicate (Deluxe Edition)"
        artist: "Seether"
        comment: ""
        date: "2014"
        genre: "Alt. Rock/Post-Grunge"
        title: "Nobody Praying For Me"
        tracknumber: "8"

configuration:
    average_loudness:
        compute: 1
        frameSize: 88200
        hopSize: 44100
        silentFrames: "noise"
        windowType: "hann"
    general:
        analysisSampleRate: 44100
        endTime: 2000
        equalLoudness: 1
        nequalLoudness: 0
        shortSound: 0
        startTime: 0
    lowlevel:
        compute: 1
        frameSize: 2048
        hopSize: 1024
        zeroPadding: 0
        silentFrames: "noise"
        windowType: "blackmanharris62"
        mfccStats: ["mean", "cov", "icov"]
        stats: ["mean", "var", "median", "min", "max", "dmean", "dmean2", "dvar", "dvar2"]
    panning:
        compute: 0
        frameSize: 8192
        hopSize: 2048
        zeroPadding: 8192
        silentFrames: "noise"
        windowType: "hann"
        stats: ["copy"]
    rhythm:
        compute: 1
        maxTempo: 208
        minTempo: 40
        method: "degara"
        stats: ["mean", "var", "median", "min", "max", "dmean", "dmean2", "dvar", "dvar2"]
    segmentation:
        compute: 0
        cpw: 5
        inc1: 300
        inc2: 50
        minimumSegmentsLength: 10
        size1: 1000
        size2: 600
    sfx:
        compute: 1
        stats: ["mean", "var", "median", "min", "max", "dmean", "dmean2", "dvar", "dvar2"]
    svm:
        compute: 0
    tonal:
        compute: 1
        frameSize: 4096
        hopSize: 2048
        zeroPadding: 0
        silentFrames: "noise"
        windowType: "blackmanharris62"
        stats: ["mean", "var", "median", "min", "max", "dmean", "dmean2", "dvar", "dvar2"]

lowlevel:
    average_loudness: 0.804863750935
    barkbands_kurtosis:
        dmean: 1.43826115131
        dmean2: 2.15743684769
        dvar: 6.71233034134
        dvar2: 13.1592741013
        max: 93.0378723145
        mean: 1.97184765339
        median: -0.733062267303
        min: -1.89152848721
        var: 54.3432388306
    barkbands_skewness:
        dmean: 0.449369221926
        dmean2: 0.693413853645
        dvar: 0.190426185727
        dvar2: 0.424083411694
        max: 7.64746713638
        mean: 0.582466006279
        median: 0.335866242647
        min: -2.44611620903
        var: 1.73454999924
    barkbands_spread:
        dmean: 4.90505456924
        dmean2: 7.74063110352
        dvar: 31.9769973755
        dvar2: 72.9890365601
        max: 113.165473938
        mean: 28.7115345001
        median: 31.301607132
        min: 0.336742758751
        var: 220.69682312
    dissonance:
        dmean: 0.0170469544828
        dmean2: 0.0282555874437
        dvar: 0.000473293737741
        dvar2: 0.00119322910905
        max: 0.500000059605
        mean: 0.458236247301
        median: 0.477712005377
        min: 0.159649655223
        var: 0.00268536270596
    hfc:
        dmean: 1.63376247883
        dmean2: 2.59462237358
        dvar: 6.4221944809
        dvar2: 15.2566709518
        max: 53.4577636719
        mean: 6.45973062515
        median: 5.93211841583
        min: 1.11029012552e-016
        var: 32.6664962769
    pitch:
        dmean: 829.692749023
        dmean2: 1601.49865723
        dvar: 1819040.875
        dvar2: 4544738
        max: 5113.57080078
        mean: 1137.8137207
        median: 260.803253174
        min: 62.8142700195
        var: 2263829
    pitch_instantaneous_confidence:
        dmean: 0.077053271234
        dmean2: 0.123926311731
        dvar: 0.00428472599015
        dvar2: 0.0111073879525
        max: 0.901835501194
        mean: 0.389893114567
        median: 0.367615997791
        min: 0.0941919088364
        var: 0.0188398323953
    pitch_salience:
        dmean: 0.0586486235261
        dmean2: 0.0971044972539
        dvar: 0.00299009168521
        dvar2: 0.00845030508935
        max: 0.991357684135
        mean: 0.649085342884
        median: 0.662935972214
        min: 0.212035864592
        var: 0.0071972371079
    silence_rate_20dB:
        dmean: 0
        dmean2: 0
        dvar: 0
        dvar2: 0
        max: 1
        mean: 1
        median: 1
        min: 1
        var: 0
    silence_rate_30dB:
        dmean: 0
        dmean2: 0
        dvar: 0
        dvar2: 0
        max: 1
        mean: 1
        median: 1
        min: 1
        var: 0
    silence_rate_60dB:
        dmean: 0.0696365758777
        dmean2: 0.139289483428
        dvar: 0.0647839084268
        dvar2: 0.139123126864
        max: 1
        mean: 0.456452935934
        median: 0
        min: 0
        var: 0.248114094138
    spectral_centroid:
        dmean: 254.663009644
        dmean2: 402.209747314
        dvar: 118485.046875
        dvar2: 251623.1875
        max: 11759.1210938
        mean: 1462.24609375
        median: 1503.00317383
        min: 162.564422607
        var: 1081271.125
    spectral_complexity:
        dmean: 2.77866363525
        dmean2: 4.49642419815
        dvar: 11.1175918579
        dvar2: 25.710401535
        max: 47
        mean: 13.3970222473
        median: 13
        min: 0
        var: 90.9343643188
    spectral_crest:
        dmean: 1.97101938725
        dmean2: 3.17090249062
        dvar: 3.61815643311
        dvar2: 9.24759101868
        max: 24.7024497986
        mean: 7.92332458496
        median: 6.77215242386
        min: 2.44500851631
        var: 15.9646987915
    spectral_decrease:
        dmean: 3.07512765252e-010
        dmean2: 4.92797913587e-010
        dvar: 2.96345493609e-019
        dvar2: 7.37132697095e-019
        max: 2.16778124531e-028
        mean: -8.71494543198e-010
        median: -7.67524210854e-010
        min: -5.81101877728e-009
        var: 5.49981480842e-019
    spectral_energy:
        dmean: 0.00127503811382
        dmean2: 0.00202890019864
        dvar: 4.8570477702e-006
        dvar2: 1.20086069728e-005
        max: 0.0247214399278
        mean: 0.00387514941394
        median: 0.00349942874163
        min: 9.89582743206e-021
        var: 1.04944419945e-005
    spectral_energyband_high:
        dmean: 0.000104620572529
        dmean2: 0.000169038277818
        dvar: 2.85648287246e-008
        dvar2: 7.24437470012e-008
        max: 0.00247791991569
        mean: 0.000313775555696
        median: 0.000257573818089
        min: 6.9032309553e-021
        var: 1.0013885543e-007
    spectral_energyband_low:
        dmean: 0.000359406025382
        dmean2: 0.000634536612779
        dvar: 8.62139927449e-007
        dvar2: 2.33805553762e-006
        max: 0.008813473396
        mean: 0.000425973412348
        median: 0.000235974526731
        min: 1.02240554279e-023
        var: 6.49842945677e-007
    spectral_energyband_middle_high:
        dmean: 0.000480340706417
        dmean2: 0.000761515868362
        dvar: 5.46346996089e-007
        dvar2: 1.32105924422e-006
        max: 0.0141066825017
        mean: 0.00172280846164
        median: 0.00136230781209
        min: 1.0936196076e-021
        var: 2.82936912299e-006
    spectral_energyband_middle_low:
        dmean: 0.000779810769018
        dmean2: 0.00127602287102
        dvar: 2.76497894447e-006
        dvar2: 6.98122175891e-006
        max: 0.0167336743325
        mean: 0.00153884920292
        median: 0.00114118959755
        min: 1.39765212881e-022
        var: 3.07192499349e-006
    spectral_flatness_db:
        dmean: 0.0155876828358
        dmean2: 0.0241013485938
        dvar: 0.00021980702877
        dvar2: 0.000493199680932
        max: 0.50288850069
        mean: 0.174700558186
        median: 0.139178916812
        min: 0.0457995422184
        var: 0.00827388558537
    spectral_flux:
        dmean: 0.0078085064888
        dmean2: 0.0119417412207
        dvar: 0.000121765471704
        dvar2: 0.000232433027122
        max: 0.125008821487
        mean: 0.0337531752884
        median: 0.0335394330323
        min: 6.27933191555e-011
        var: 0.000469127728138
    spectral_kurtosis:
        dmean: 3.61149454117
        dmean2: 5.88126325607
        dvar: 105.562469482
        dvar2: 279.238708496
        max: 289.303009033
        mean: 12.9606151581
        median: 2.75265264511
        min: -1.29338562489
        var: 1003.64331055
    spectral_rms:
        dmean: 0.000269702199148
        dmean2: 0.000415978283854
        dvar: 1.43449838674e-007
        dvar2: 3.39113029213e-007
        max: 0.00491105671972
        mean: 0.00174697302282
        median: 0.00184772210196
        min: 3.10716361494e-012
        var: 7.28701536445e-007
    spectral_rolloff:
        dmean: 397.639434814
        dmean2: 655.26184082
        dvar: 445540.84375
        dvar2: 962063.4375
        max: 19509.0820313
        mean: 2751.52856445
        median: 3294.58007813
        min: 150.732421875
        var: 3437390.5
    spectral_skewness:
        dmean: 0.279845327139
        dmean2: 0.445053070784
        dvar: 0.261185765266
        dvar2: 0.68291836977
        max: 14.0180253983
        mean: 2.01198101044
        median: 1.30069053173
        min: -0.079951941967
        var: 4.00325918198
    spectral_spread:
        dmean: 537678.75
        dmean2: 765550.5
        dvar: 1.07886293811e+012
        dvar2: 2.13881493914e+012
        max: 47860820
        mean: 5043745
        median: 4840952
        min: 332810.625
        var: 1.12823306813e+013
    spectral_strongpeak:
        dmean: 0.37390011549
        dmean2: 0.646079897881
        dvar: 0.466584175825
        dvar2: 1.24191427231
        max: 8.76027870178
        mean: 0.531535983086
        median: 0.204904660583
        min: 0
        var: 0.697696685791
    zerocrossingrate:
        dmean: 0.00887944921851
        dmean2: 0.010820905678
        dvar: 0.000123591686133
        dvar2: 0.000147433107486
        max: 0.52099609375
        mean: 0.0859007537365
        median: 0.09423828125
        min: 0.005859375
        var: 0.00252419756725
    barkbands:
        dmean: [7.09370624463e-008, 0.00010054129234, 0.000208529119845, 0.000218983957893, 0.000408574705943, 0.000123260106193, 0.000103486483567, 0.000142282617162, 8.01402711659e-005, 6.60622681607e-005, 4.0301525587e-005, 5.06162868987e-005, 4.63665637653e-005, 3.17143276334e-005, 4.70508493891e-005, 8.44062960823e-005, 0.000167510646861, 0.000114712587674, 0.000161845367984, 0.000111577668577, 5.55292790523e-005, 1.96512100956e-005, 5.93764980295e-006, 2.76698392554e-006, 1.41148518651e-006, 4.3244838821e-008, 3.20925314101e-010]
        dmean2: [1.19823255318e-007, 0.000183722950169, 0.000367793341866, 0.000381556950742, 0.000697130511981, 0.000199812828214, 0.000167750229593, 0.000222983231652, 0.000128017025418, 0.000106196086563, 6.58292337903e-005, 8.12667931314e-005, 7.49711834942e-005, 5.18308297615e-005, 7.69212565501e-005, 0.000138138871989, 0.000275450060144, 0.000191002734937, 0.000266399030806, 0.000183964642929, 9.30552487262e-005, 3.16619698424e-005, 9.00226950762e-006, 4.11651262766e-006, 2.04273464988e-006, 6.4414777512e-008, 5.30950117206e-010]
        dvar: [3.70679168241e-014, 9.45966647237e-008, 2.91440017008e-007, 2.45009317723e-007, 1.1656679817e-006, 5.48680425538e-008, 4.41509868665e-008, 9.94132207666e-008, 3.20359134776e-008, 2.50951011083e-008, 1.20791154856e-008, 2.06777190925e-008, 1.93086187039e-008, 3.76845088468e-009, 1.27792949556e-008, 2.79290279792e-008, 1.2591937093e-007, 5.19710035007e-008, 7.266976354e-008, 3.75943116637e-008, 7.609006758e-009, 1.32757982385e-009, 1.80940262773e-010, 2.62912452226e-011, 8.13628504848e-012, 1.04826874787e-014, 4.54510207396e-019]
        dvar2: [9.65283761126e-014, 2.68424059868e-007, 7.93767753748e-007, 6.57541420424e-007, 3.16655518873e-006, 1.4160140438e-007, 1.11638364331e-007, 2.39592083062e-007, 7.82892257689e-008, 6.37574402162e-008, 3.16304067383e-008, 5.33846566952e-008, 5.14999705103e-008, 9.58156043396e-009, 3.25584395e-008, 7.21955402128e-008, 3.2970359598e-007, 1.38937508609e-007, 1.82891824352e-007, 9.83332171245e-008, 2.07259382989e-008, 3.30574256857e-009, 3.85151716076e-010, 5.4908945446e-011, 1.73290253674e-011, 2.27600836127e-014, 1.13596237893e-018]
        max: [2.48680385084e-006, 0.00218957592733, 0.00603860802948, 0.00712428987026, 0.0111961308867, 0.00434801215306, 0.00439964048564, 0.00732899317518, 0.00431397743523, 0.00438125105575, 0.00256061949767, 0.00497530354187, 0.00382764707319, 0.000917189579923, 0.00276882527396, 0.00363729265518, 0.00731024006382, 0.00598458852619, 0.00715358322486, 0.00458104442805, 0.00130654696841, 0.000750108680222, 0.000456446345197, 0.000123558289488, 7.40391333238e-005, 1.87784473837e-006, 1.54338497538e-008]
        mean: [8.57960742451e-008, 0.000100458615634, 0.000235268977121, 0.000218797766138, 0.000537750078365, 0.000206837066798, 0.000155262998305, 0.000235344065004, 0.000127672217786, 0.000113769594464, 6.38424244244e-005, 7.47712110751e-005, 7.09145606379e-005, 5.17348489666e-005, 8.34435777506e-005, 0.000168104437762, 0.000341871724231, 0.000258153770119, 0.000371014903067, 0.000249110773439, 0.000143424927955, 4.42208875029e-005, 1.35888030854e-005, 6.59968009131e-006, 3.02560192722e-006, 7.25720141759e-008, 3.78083592212e-010]
        median: [3.71333221949e-008, 4.82312643726e-005, 0.000116849565529, 8.47091432661e-005, 0.000295358360745, 0.000123683945276, 7.29302264517e-005, 9.79986289167e-005, 5.33536949661e-005, 4.94778360007e-005, 2.66780134552e-005, 2.77334602288e-005, 2.42224341491e-005, 2.78414590866e-005, 4.17091578129e-005, 7.76667075115e-005, 0.000150505424244, 0.000164391371072, 0.000278589432128, 0.000186156044947, 0.000119186464872, 2.68486201094e-005, 7.55749215386e-006, 3.85498833566e-006, 1.42828582739e-006, 2.05838421863e-008, 1.1516258086e-010]
        min: [3.30834433932e-025, 2.62053222663e-024, 3.31299418132e-025, 1.07580846785e-024, 5.28663576446e-024, 3.94042688033e-024, 8.49611162418e-024, 1.01579488841e-023, 1.67444483489e-023, 1.427612782e-023, 1.35701162425e-023, 2.54010182255e-023, 3.50655046367e-023, 3.56379715293e-023, 5.66996867962e-023, 6.91080270733e-023, 7.21448386358e-023, 8.64408473283e-023, 1.26253527566e-022, 1.67058752595e-022, 2.37275955966e-022, 3.6356809354e-022, 4.37176363818e-022, 6.21656724541e-022, 9.39139690216e-022, 1.36888132399e-021, 2.01786812828e-021]
        var: [3.23862030943e-014, 5.9984934353e-008, 2.23488711981e-007, 1.94744572468e-007, 9.17154068247e-007, 6.96076725148e-008, 6.11352959368e-008, 1.84182255225e-007, 5.26007468693e-008, 4.61119178397e-008, 1.74959851051e-008, 2.85096337649e-008, 3.12369685673e-008, 5.96410432152e-009, 2.45414675248e-008, 6.86981920239e-008, 3.52176755314e-007, 1.24595686657e-007, 1.77603226348e-007, 8.00396122713e-008, 2.19419096226e-008, 3.31258420694e-009, 4.52847592758e-010, 8.53173781623e-011, 2.1950162174e-011, 2.05988282258e-014, 5.71755097612e-019]
    frequency_bands:
        dmean: [7.09370624463e-008, 0.00010054129234, 0.000208529119845, 0.000218983957893, 0.000408574705943, 0.000123260106193, 0.000103486483567, 0.000142282617162, 8.01402711659e-005, 6.60622681607e-005, 4.0301525587e-005, 5.06162868987e-005, 4.63665637653e-005, 3.17143276334e-005, 4.70508493891e-005, 8.44062960823e-005, 0.000167510646861, 0.000114712587674, 0.000161845367984, 0.000111577668577, 5.55292790523e-005, 1.96512100956e-005, 5.93764980295e-006, 2.76698392554e-006, 1.41148518651e-006, 4.3244838821e-008, 3.20925314101e-010, 4.4639170832e-011]
        dmean2: [1.19823255318e-007, 0.000183722950169, 0.000367793341866, 0.000381556950742, 0.000697130511981, 0.000199812828214, 0.000167750229593, 0.000222983231652, 0.000128017025418, 0.000106196086563, 6.58292337903e-005, 8.12667931314e-005, 7.49711834942e-005, 5.18308297615e-005, 7.69212565501e-005, 0.000138138871989, 0.000275450060144, 0.000191002734937, 0.000266399030806, 0.000183964642929, 9.30552487262e-005, 3.16619698424e-005, 9.00226950762e-006, 4.11651262766e-006, 2.04273464988e-006, 6.4414777512e-008, 5.30950117206e-010, 8.30535917817e-011]
        dvar: [3.70679168241e-014, 9.45966647237e-008, 2.91440017008e-007, 2.45009317723e-007, 1.1656679817e-006, 5.48680425538e-008, 4.41509868665e-008, 9.94132207666e-008, 3.20359134776e-008, 2.50951011083e-008, 1.20791154856e-008, 2.06777190925e-008, 1.93086187039e-008, 3.76845088468e-009, 1.27792949556e-008, 2.79290279792e-008, 1.2591937093e-007, 5.19710035007e-008, 7.266976354e-008, 3.75943116637e-008, 7.609006758e-009, 1.32757982385e-009, 1.80940262773e-010, 2.62912452226e-011, 8.13628504848e-012, 1.04826874787e-014, 4.54510207396e-019, 5.7990882209e-021]
        dvar2: [9.65283761126e-014, 2.68424059868e-007, 7.93767753748e-007, 6.57541420424e-007, 3.16655518873e-006, 1.4160140438e-007, 1.11638364331e-007, 2.39592083062e-007, 7.82892257689e-008, 6.37574402162e-008, 3.16304067383e-008, 5.33846566952e-008, 5.14999705103e-008, 9.58156043396e-009, 3.25584395e-008, 7.21955402128e-008, 3.2970359598e-007, 1.38937508609e-007, 1.82891824352e-007, 9.83332171245e-008, 2.07259382989e-008, 3.30574256857e-009, 3.85151716076e-010, 5.4908945446e-011, 1.73290253674e-011, 2.27600836127e-014, 1.13596237893e-018, 1.86752954637e-020]
        max: [2.48680385084e-006, 0.00218957592733, 0.00603860802948, 0.00712428987026, 0.0111961308867, 0.00434801215306, 0.00439964048564, 0.00732899317518, 0.00431397743523, 0.00438125105575, 0.00256061949767, 0.00497530354187, 0.00382764707319, 0.000917189579923, 0.00276882527396, 0.00363729265518, 0.00731024006382, 0.00598458852619, 0.00715358322486, 0.00458104442805, 0.00130654696841, 0.000750108680222, 0.000456446345197, 0.000123558289488, 7.40391333238e-005, 1.87784473837e-006, 1.54338497538e-008, 1.13049136719e-009]
        mean: [8.57960742451e-008, 0.000100458615634, 0.000235268977121, 0.000218797766138, 0.000537750078365, 0.000206837066798, 0.000155262998305, 0.000235344065004, 0.000127672217786, 0.000113769594464, 6.38424244244e-005, 7.47712110751e-005, 7.09145606379e-005, 5.17348489666e-005, 8.34435777506e-005, 0.000168104437762, 0.000341871724231, 0.000258153770119, 0.000371014903067, 0.000249110773439, 0.000143424927955, 4.42208875029e-005, 1.35888030854e-005, 6.59968009131e-006, 3.02560192722e-006, 7.25720141759e-008, 3.78083592212e-010, 3.41523545555e-011]
        median: [3.71333221949e-008, 4.82312643726e-005, 0.000116849565529, 8.47091432661e-005, 0.000295358360745, 0.000123683945276, 7.29302264517e-005, 9.79986289167e-005, 5.33536949661e-005, 4.94778360007e-005, 2.66780134552e-005, 2.77334602288e-005, 2.42224341491e-005, 2.78414590866e-005, 4.17091578129e-005, 7.76667075115e-005, 0.000150505424244, 0.000164391371072, 0.000278589432128, 0.000186156044947, 0.000119186464872, 2.68486201094e-005, 7.55749215386e-006, 3.85498833566e-006, 1.42828582739e-006, 2.05838421863e-008, 1.1516258086e-010, 8.54334224892e-012]
        min: [3.30834433932e-025, 2.62053222663e-024, 3.31299418132e-025, 1.07580846785e-024, 5.28663576446e-024, 3.94042688033e-024, 8.49611162418e-024, 1.01579488841e-023, 1.67444483489e-023, 1.427612782e-023, 1.35701162425e-023, 2.54010182255e-023, 3.50655046367e-023, 3.56379715293e-023, 5.66996867962e-023, 6.91080270733e-023, 7.21448386358e-023, 8.64408473283e-023, 1.26253527566e-022, 1.67058752595e-022, 2.37275955966e-022, 3.6356809354e-022, 4.37176363818e-022, 6.21656724541e-022, 9.39139690216e-022, 1.36888132399e-021, 2.01786812828e-021, 5.06278610119e-022]
        var: [3.23862030943e-014, 5.9984934353e-008, 2.23488711981e-007, 1.94744572468e-007, 9.17154068247e-007, 6.96076725148e-008, 6.11352959368e-008, 1.84182255225e-007, 5.26007468693e-008, 4.61119178397e-008, 1.74959851051e-008, 2.85096337649e-008, 3.12369685673e-008, 5.96410432152e-009, 2.45414675248e-008, 6.86981920239e-008, 3.52176755314e-007, 1.24595686657e-007, 1.77603226348e-007, 8.00396122713e-008, 2.19419096226e-008, 3.31258420694e-009, 4.52847592758e-010, 8.53173781623e-011, 2.1950162174e-011, 2.05988282258e-014, 5.71755097612e-019, 4.40277988193e-021]
    mfcc:
        mean: [-748.536987305, 105.034683228, -19.4144001007, 46.3399353027, -10.5574331284, -10.3102045059, -5.65009212494, -3.03663873672, -4.45238828659, -4.93029737473, -6.33395624161, -5.15060377121, -3.88562893867]
        cov: [[15524.1923828, -1345.88439941, -3175.76708984, 1754.45446777, -543.891479492, 157.635879517, 329.109771729, 331.598724365, 362.476013184, 348.232421875, 204.414886475, 204.877746582, -36.8009033203], [-1345.88439941, 1501.30688477, 424.482574463, -267.603027344, 20.3320789337, -171.483444214, -105.157707214, -47.8298339844, -124.585609436, -103.159675598, -67.9203567505, -73.6640548706, 25.4344730377], [-3175.76708984, 424.482574463, 1238.91235352, -359.189941406, 56.7711372375, -26.8476581573, -78.7070999146, -126.642997742, -99.0534133911, -103.842033386, -41.7872581482, -58.7150192261, -2.30488991737], [1754.45446777, -267.603027344, -359.189941406, 486.083953857, -3.38081145287, 40.2414894104, 52.6533241272, 32.929397583, 64.2112579346, 72.9250793457, 24.484046936, 12.0899000168, 7.38332939148], [-543.891479492, 20.3320789337, 56.7711372375, -3.38081145287, 171.037475586, 30.5353622437, -43.807762146, -18.5705070496, 4.20821619034, -2.80000114441, -25.0771179199, -6.11899614334, -1.24722623825], [157.635879517, -171.483444214, -26.8476581573, 40.2414894104, 30.5353622437, 125.436943054, 50.935749054, 0.213409557939, 8.80275535583, 25.3619213104, 29.6715145111, 16.1396408081, -8.43242645264], [329.109771729, -105.157707214, -78.7070999146, 52.6533241272, -43.807762146, 50.935749054, 135.233932495, 44.0542526245, 10.3466129303, 20.3024578094, 33.5674858093, 22.8583393097, 7.56101512909], [331.598724365, -47.8298339844, -126.642997742, 32.929397583, -18.5705070496, 0.213409557939, 44.0542526245, 111.319732666, 45.4969406128, 12.9172172546, 5.24022912979, 22.2623271942, 8.86052513123], [362.476013184, -124.585609436, -99.0534133911, 64.2112579346, 4.20821619034, 8.80275535583, 10.3466129303, 45.4969406128, 113.894325256, 35.4773864746, -4.45304536819, 27.5090141296, -8.76302433014], [348.232421875, -103.159675598, -103.842033386, 72.9250793457, -2.80000114441, 25.3619213104, 20.3024578094, 12.9172172546, 35.4773864746, 107.569030762, 54.5269432068, 10.1887226105, 1.98594141006], [204.414886475, -67.9203567505, -41.7872581482, 24.484046936, -25.0771179199, 29.6715145111, 33.5674858093, 5.24022912979, -4.45304536819, 54.5269432068, 88.2295303345, 19.0207195282, 2.34384703636], [204.877746582, -73.6640548706, -58.7150192261, 12.0899000168, -6.11899614334, 16.1396408081, 22.8583393097, 22.2623271942, 27.5090141296, 10.1887226105, 19.0207195282, 70.9007263184, 13.3899793625], [-36.8009033203, 25.4344730377, -2.30488991737, 7.38332939148, -1.24722623825, -8.43242645264, 7.56101512909, 8.86052513123, -8.76302433014, 1.98594141006, 2.34384703636, 13.3899793625, 63.472076416]]
        icov: [[0.000241515677772, -6.09854796494e-005, 0.000436821719632, -0.000569651136175, 0.000735772249755, -0.000342230283422, 0.000230790639762, 2.21615518967e-005, -0.000117474301078, 8.95593329915e-005, -2.06283093576e-005, -0.00024535798002, 0.000218501489144], [-6.09854796494e-005, 0.000981935765594, -0.000287780218059, 0.000355149502866, -0.000463748903712, 0.00123170565348, -6.53013848932e-005, -0.000243065238465, 0.000703006284311, 5.6050666899e-005, 7.17231087037e-005, 0.000427710707299, -0.000281943270238], [0.000436821719632, -0.000287780218059, 0.002027425915, -0.000311513373163, 0.0010719980346, -0.000853343692143, 0.000281305139652, 0.00114088214468, -0.000546073308215, 0.000869516341481, -0.00037641232484, 0.00018415498198, 6.58215358271e-005], [-0.000569651136175, 0.000355149502866, -0.000311513373163, 0.00434259371832, -0.00198324769735, 0.000702886900399, -0.00135327351745, 0.000624097709078, -0.000735513865948, -0.00111454993021, 0.000272244302323, 0.00153651169967, -0.00126143032685], [0.000735772249755, -0.000463748903712, 0.0010719980346, -0.00198324769735, 0.0102107003331, -0.00520692393184, 0.00422188732773, -0.000178887930815, -0.000422951765358, -0.000926010659896, 0.00283894804306, -0.00108639430255, 7.92221453594e-006], [-0.000342230283422, 0.00123170565348, -0.000853343692143, 0.000702886900399, -0.00520692393184, 0.0142070110887, -0.00590960681438, 0.00174788781442, 0.000573386088945, -0.000447591097327, -0.00256412709132, -0.0006901488523, 0.00177379732486], [0.000230790639762, -6.53013848932e-005, 0.000281305139652, -0.00135327351745, 0.00422188732773, -0.00590960681438, 0.0130370734259, -0.00458695413545, 0.00119080906734, 0.00048595663975, -0.00151561188977, -0.0012968715746, -0.000808476121165], [2.21615518967e-005, -0.000243065238465, 0.00114088214468, 0.000624097709078, -0.000178887930815, 0.00174788781442, -0.00458695413545, 0.0140482168645, -0.0054849688895, 0.00128845789004, -0.000539095140994, -0.000395999319153, -0.00180102779996], [-0.000117474301078, 0.000703006284311, -0.000546073308215, -0.000735513865948, -0.000422951765358, 0.000573386088945, 0.00119080906734, -0.0054849688895, 0.0159394703805, -0.00672045303509, 0.00641323067248, -0.0057410756126, 0.00379280606285], [8.95593329915e-005, 5.6050666899e-005, 0.000869516341481, -0.00111454993021, -0.000926010659896, -0.000447591097327, 0.00048595663975, 0.00128845789004, -0.00672045303509, 0.0187139362097, -0.0124915121123, 0.00381384184584, -0.00198137271218], [-2.06283093576e-005, 7.17231087037e-005, -0.00037641232484, 0.000272244302323, 0.00283894804306, -0.00256412709132, -0.00151561188977, -0.000539095140994, 0.00641323067248, -0.0124915121123, 0.0227177590132, -0.00581781333312, 0.00154956872575], [-0.00024535798002, 0.000427710707299, 0.00018415498198, 0.00153651169967, -0.00108639430255, -0.0006901488523, -0.0012968715746, -0.000395999319153, -0.0057410756126, 0.00381384184584, -0.00581781333312, 0.0199958533049, -0.00530437286943], [0.000218501489144, -0.000281943270238, 6.58215358271e-005, -0.00126143032685, 7.92221453594e-006, 0.00177379732486, -0.000808476121165, -0.00180102779996, 0.00379280606285, -0.00198137271218, 0.00154956872575, -0.00530437286943, 0.0183747019619]]
    sccoeffs:
        dmean: [0.0501232966781, 0.0433383472264, 0.0352039709687, 0.027773456648, 0.0201662704349, 0.0155522637069]
        dmean2: [0.0830101296306, 0.0717024579644, 0.0573055259883, 0.0459257401526, 0.0331127159297, 0.0252315234393]
        dvar: [0.00244206003845, 0.00123028957751, 0.000771348539274, 0.000512152677402, 0.000286852067802, 0.000203589326702]
        dvar2: [0.00633200490847, 0.00338605395518, 0.00206624460407, 0.0013562028762, 0.000728763523512, 0.000504803902004]
        max: [-0.30138322711, -0.503907561302, -0.577384412289, -0.589871823788, -0.642290353775, -0.669927895069]
        mean: [-0.636579036713, -0.746932268143, -0.787492275238, -0.799053549767, -0.800873398781, -0.781185269356]
        median: [-0.645704627037, -0.747913360596, -0.790079772472, -0.799449026585, -0.799233913422, -0.766250371933]
        min: [-0.980190336704, -0.993510305882, -0.99310195446, -0.987994492054, -0.989173948765, -0.964815914631]
        var: [0.00622496893629, 0.00372024369426, 0.00300591136329, 0.00249792262912, 0.00200084573589, 0.00246384227648]
    scvalleys:
        dmean: [0.365341097116, 0.348158746958, 0.30572706461, 0.262730717659, 0.225716471672, 0.24349732697]
        dmean2: [0.604434847832, 0.562523305416, 0.491051375866, 0.410610944033, 0.345149964094, 0.326053500175]
        dvar: [0.123702719808, 0.113399535418, 0.101861484349, 0.0929845049977, 0.10299384594, 0.114158265293]
        dvar2: [0.294043242931, 0.240931361914, 0.202993437648, 0.174431055784, 0.189283758402, 0.188966110349]
        max: [-5.11504888535, -4.34461212158, -5.11228179932, -5.81399154663, -5.46172618866, -7.52356672287]
        mean: [-7.33282279968, -6.95398044586, -7.67362880707, -8.08897399902, -7.92531728745, -10.291138649]
        median: [-6.83077478409, -6.50865697861, -7.03220891953, -7.2994852066, -6.81601715088, -9.37891101837]
        min: [-28.0289382935, -28.1703643799, -27.7929325104, -27.6411342621, -27.4545936584, -27.3986949921]
        var: [4.53293895721, 4.75060892105, 5.25732946396, 5.54092884064, 6.64064455032, 6.4826335907]

rhythm:
    beats_loudness:
        dmean: 0.00253869616427
        dmean2: 0.00471813417971
        dvar: 6.02878571954e-006
        dvar2: 1.76541307155e-005
        max: 0.0163354519755
        mean: 0.00531578669325
        median: 0.00536859082058
        min: 0
        var: 1.31342540044e-005
    bpm: 155.540084839
    bpm_confidence: 0
    first_peak_bpm: 157
    first_peak_spread: 0.0784313380718
    first_peak_weight: 0.647637784481
    onset_rate: 2.81732225418
    second_peak_bpm: 152
    second_peak_spread: 0.161016941071
    second_peak_weight: 0.194881886244
    beats_loudness_band_ratio:
        dmean: [0.169713303447, 0.121610477567, 0.116825893521, 0.0616822354496, 0.0968025028706, 0.0671605318785]
        dmean2: [0.311767548323, 0.201866015792, 0.203880727291, 0.1084703058, 0.17531773448, 0.118304528296]
        dvar: [0.0167249627411, 0.00892300345004, 0.011269855313, 0.00446239905432, 0.0119849694893, 0.00477389385924]
        dvar2: [0.0512096621096, 0.0234393849969, 0.034359164536, 0.0127846524119, 0.0345011875033, 0.013574465178]
        max: [0.886460125446, 0.940585076809, 0.663789987564, 0.433739721775, 0.730921149254, 0.613232731819]
        mean: [0.243358030915, 0.244188070297, 0.185830011964, 0.0761143490672, 0.168517678976, 0.14684766531]
        median: [0.215825855732, 0.179010763764, 0.148835808039, 0.0528393313289, 0.126996189356, 0.152615383267]
        min: [0, 0, 0, 0, 0, 0]
        var: [0.0287316888571, 0.0409010872245, 0.0154781602323, 0.00500328885391, 0.0233241133392, 0.00995026249439]
    beats_position: [0.406349211931, 0.824308395386, 1.24226760864, 1.66022670269, 2.07818579674, 2.49614500999, 2.89088439941, 3.28562355042, 3.66875267029, 4.06349182129, 4.446621418, 4.82975053787, 5.22448968887, 5.60761880875, 5.99074840546, 6.37387752533, 6.7570066452, 7.14013576508, 7.52326536179, 7.90639448166, 8.3011341095, 8.68426322937, 9.07900238037, 9.4853515625, 9.89170074463, 10.2980499268, 10.7043991089, 11.110748291, 11.5170974731, 11.9118366241, 12.3065757751, 12.7013149261, 13.0960540771, 13.479183197, 13.873922348, 14.2802715302, 14.6982307434, 15.1161899567, 15.5341491699, 15.9521083832, 16.3468475342, 16.7299766541, 17.1131057739, 17.4962348938, 17.8793640137, 18.2741031647, 18.6688423157, 19.0635814667, 19.4467124939, 19.8298416138, 20.2129707336, 20.5960998535, 20.9792289734, 21.3623580933, 21.7570972443, 22.1402263641, 22.523355484, 22.8948745728, 23.2896137238, 23.6843528748, 24.0674819946, 24.4506111145, 24.8337402344, 25.2168693542, 25.6000003815, 25.9831295013, 26.3546485901, 26.73777771, 27.132516861, 27.5156459808, 27.8987751007, 28.2819042206, 28.6766433716, 29.0597724915, 29.4429016113, 29.8260307312, 30.2091598511, 30.5922889709, 30.9754180908, 31.3701572418, 31.753288269, 32.1364173889, 32.5195465088, 32.9026756287, 33.2974128723, 33.6805419922, 34.0636711121, 34.4468002319, 34.8299331665, 35.2130622864, 35.5961914063, 35.9793205261, 36.362449646, 36.7571868896, 37.1403160095, 37.5234451294, 37.9065742493, 38.2897033691, 38.672832489, 39.0559616089, 39.4507026672, 39.8338317871, 40.216960907, 40.6000900269, 40.9832191467, 41.3779602051, 41.7494773865, 42.1326065063, 42.5157356262, 42.8988647461, 43.281993866, 43.6767349243, 44.0598640442, 44.4429931641, 44.8261222839, 45.2092514038, 45.6039886475, 45.9871177673, 46.3702468872, 46.7533760071, 47.1365089417, 47.5196380615, 47.9027671814, 48.297504425, 48.6806335449, 49.0637626648, 49.4352836609, 49.8184127808, 50.2015419006, 50.5962791443, 50.9794082642, 51.362537384, 51.7456665039, 52.1287956238, 52.5119247437, 52.8950538635, 53.2781867981, 53.661315918, 54.0444450378, 54.4275741577, 54.8223114014, 55.2170524597, 55.6001815796, 55.9833106995, 56.3780479431, 56.761177063, 57.1326980591, 57.515827179, 57.8989562988, 58.2820854187, 58.6652145386, 59.0483436584, 59.4430847168, 59.8146018982, 60.1977310181, 60.5924720764, 60.9756011963, 61.3587303162, 61.741859436, 62.1365966797, 62.531337738, 62.9144668579, 63.2859840393, 63.6691131592, 64.0522460938, 64.4353713989, 64.8185043335, 65.2016296387, 65.5963668823, 65.9678878784, 66.351020813, 66.7341461182, 67.1288909912, 67.5120162964, 67.895149231, 68.2782745361, 68.6614074707, 69.0561447144, 69.4392700195, 69.8224029541, 70.2171401978, 70.6002731323, 70.9833984375, 71.3665313721, 71.7496566772, 72.1327896118, 72.515914917, 72.91065979, 73.2937850952, 73.6769180298, 74.060043335, 74.4431762695, 74.8263015747, 75.2094345093, 75.5925598145, 75.975692749, 76.3704299927, 76.7535552979, 77.1366882324, 77.5198135376, 77.9029464722, 78.2860794067, 78.6692047119, 79.0523376465, 79.4354629517, 79.8302001953, 80.2249450684, 80.6080703735, 80.9912033081, 81.3743286133, 81.7574615479, 82.140586853, 82.5237197876, 82.9068450928, 83.2899780273, 83.6731033325, 84.0562362671, 84.4277572632, 84.8224945068, 85.2172317505, 85.6119689941, 86.0067138672, 86.3782272339, 86.7613601685, 87.1444854736, 87.5160064697, 87.8991394043, 88.2822647095, 88.6770019531, 89.0601348877, 89.4432601929, 89.814781189, 90.2095184326, 90.5926513672, 90.9757843018, 91.3705215454, 91.7652587891, 92.1483917236, 92.5315170288, 92.9146499634, 93.2977752686, 93.6692962646, 94.0524215698, 94.4355545044, 94.830291748, 95.2134246826, 95.5965499878, 95.9796829224, 96.3628082275, 96.7459411621, 97.1290664673, 97.5238113403, 97.9069366455, 98.2900695801, 98.6615829468, 99.0563278198, 99.4510650635, 99.8225860596, 100.205711365, 100.588844299, 100.983581543, 101.366706848, 101.749839783, 102.132965088, 102.516098022, 102.899223328, 103.282356262, 103.677093506, 104.071838379, 104.443351746, 104.82648468, 105.209609985, 105.59274292, 105.975868225, 106.35900116, 106.742126465, 107.136871338, 107.519996643, 107.891517639, 108.274642944, 108.669387817, 109.052513123, 109.435646057, 109.830383301, 110.213516235, 110.596641541, 110.991378784, 111.374511719, 111.757637024, 112.12915802, 112.512290955, 112.89541626, 113.290153503, 113.673286438, 114.056411743, 114.439544678, 114.822669983, 115.205802917, 115.588935852, 115.983673096, 116.366798401, 116.749931335, 117.133056641, 117.516189575, 117.910926819, 118.282447815, 118.653968811, 119.048706055, 119.443443298, 119.826576233, 120.209701538, 120.592834473, 120.975959778, 121.370697021, 121.753829956, 122.136962891, 122.520088196, 122.90322113, 123.297958374, 123.681083679, 124.064216614, 124.447341919, 124.830474854, 125.213600159, 125.596733093, 125.979858398, 126.362991333, 126.746116638, 127.129249573, 127.523986816, 127.907119751, 128.290252686, 128.673370361, 129.056503296, 129.43963623, 129.822769165, 130.217498779, 130.600631714, 130.983764648, 131.366897583, 131.750015259, 132.133148193, 132.516281128, 132.911010742, 133.294143677, 133.665664673, 134.048797607, 134.44354248, 134.838272095, 135.209793091, 135.592926025, 135.97605896, 136.370788574, 136.74230957, 137.125442505, 137.508575439, 137.891693115, 138.27482605, 138.657958984, 139.052688599, 139.435821533, 139.818954468, 140.202087402, 140.596817017, 140.99156189, 141.374694824, 141.757827759, 142.140945435, 142.524078369, 142.907211304, 143.290344238, 143.673461914, 144.056594849, 144.451339722, 144.834457397, 145.217590332, 145.600723267, 145.983856201, 146.366973877, 146.750106812, 147.133239746, 147.516372681, 147.911102295, 148.282623291, 148.677368164, 149.060501099, 149.432022095, 149.815139771, 150.209884644, 150.593017578, 150.976135254, 151.359268188, 151.742401123, 152.137145996, 152.520263672, 152.915008545, 153.298141479, 153.681274414, 154.06439209, 154.447525024, 154.830657959, 155.213790894, 155.596908569, 155.980041504, 156.363174438, 156.746307373, 157.129425049, 157.512557983, 157.895690918, 158.278823853, 158.650344849, 159.033462524, 159.428207397, 159.822952271, 160.217681885, 160.600814819, 160.983947754, 161.36706543, 161.750198364, 162.133331299, 162.528076172, 162.911193848, 163.294326782, 163.677459717, 164.060592651, 164.443710327, 164.815231323, 165.209976196, 165.604721069, 165.987838745, 166.37097168, 166.765716553, 167.137237549, 167.520355225, 167.903488159, 168.286621094, 168.669754028, 169.052871704, 169.436004639, 169.830749512, 170.213867188, 170.597000122, 170.991744995, 171.37487793, 171.757995605, 172.14112854, 172.524261475, 172.907394409, 173.290512085, 173.67364502, 174.056777954, 174.439910889, 174.823028564, 175.206161499, 175.589294434, 175.972427368, 176.355545044, 176.738677979, 177.133422852, 177.516555786, 177.899673462, 178.282806396, 178.67755127, 179.083892822, 179.490249634, 179.86177063, 180.233291626, 180.604797363, 180.976318359, 181.371063232, 181.754196167, 182.137313843, 182.520446777, 182.903579712, 183.286712646, 183.669830322, 184.052963257, 184.44770813, 184.854049683, 185.248794556, 185.655151367, 186.06149292, 186.467849731, 186.874191284, 187.280548096, 187.686889648, 188.09324646, 188.499588013, 188.917541504, 189.323898315, 189.741851807, 190.159820557, 190.600997925, 191.030563354, 191.460128784, 191.889694214, 192.319274902, 192.748840332, 193.178405762, 193.607971191, 194.03755188, 194.46711731, 194.908294678, 195.349472046, 195.790649414, 196.220230103, 196.649795532, 197.0909729, 197.532150269]
