
metadata:
    version:
        essentia: "2.1-beta2"
    audio_properties:
        analysis_sample_rate: 44100
        bitrate: 320
        channels: 2
        equal_loudness: 1
        length: 264.385314941
        replay_gain: -14.8055095673
        downmix: "mix"
    tags:
        album: "Isolate And Medicate (Deluxe Edition)"
        artist: "Seether"
        comment: ""
        date: "2014"
        genre: "Alt. Rock/Post-Grunge"
        title: "Keep The Dogs At Bay"
        tracknumber: "9"

configuration:
    average_loudness:
        compute: 1
        frameSize: 88200
        hopSize: 44100
        silentFrames: "noise"
        windowType: "hann"
    general:
        analysisSampleRate: 44100
        endTime: 2000
        equalLoudness: 1
        nequalLoudness: 0
        shortSound: 0
        startTime: 0
    lowlevel:
        compute: 1
        frameSize: 2048
        hopSize: 1024
        zeroPadding: 0
        silentFrames: "noise"
        windowType: "blackmanharris62"
        mfccStats: ["mean", "cov", "icov"]
        stats: ["mean", "var", "median", "min", "max", "dmean", "dmean2", "dvar", "dvar2"]
    panning:
        compute: 0
        frameSize: 8192
        hopSize: 2048
        zeroPadding: 8192
        silentFrames: "noise"
        windowType: "hann"
        stats: ["copy"]
    rhythm:
        compute: 1
        maxTempo: 208
        minTempo: 40
        method: "degara"
        stats: ["mean", "var", "median", "min", "max", "dmean", "dmean2", "dvar", "dvar2"]
    segmentation:
        compute: 0
        cpw: 5
        inc1: 300
        inc2: 50
        minimumSegmentsLength: 10
        size1: 1000
        size2: 600
    sfx:
        compute: 1
        stats: ["mean", "var", "median", "min", "max", "dmean", "dmean2", "dvar", "dvar2"]
    svm:
        compute: 0
    tonal:
        compute: 1
        frameSize: 4096
        hopSize: 2048
        zeroPadding: 0
        silentFrames: "noise"
        windowType: "blackmanharris62"
        stats: ["mean", "var", "median", "min", "max", "dmean", "dmean2", "dvar", "dvar2"]

lowlevel:
    average_loudness: 0.85724157095
    barkbands_kurtosis:
        dmean: 0.767177164555
        dmean2: 1.26500856876
        dvar: 1.67600250244
        dvar2: 4.44520187378
        max: 42.74949646
        mean: -0.299428343773
        median: -1.00630187988
        min: -1.90039622784
        var: 4.56121921539
    barkbands_skewness:
        dmean: 0.424024522305
        dmean2: 0.671788275242
        dvar: 0.190640851855
        dvar2: 0.480813354254
        max: 5.81813621521
        mean: 0.0349102802575
        median: -0.0562761873007
        min: -3.54533457756
        var: 0.824173808098
    barkbands_spread:
        dmean: 5.20601511002
        dmean2: 8.33805656433
        dvar: 29.4527587891
        dvar2: 71.895980835
        max: 74.7546768188
        mean: 33.1149330139
        median: 34.6042175293
        min: 1.01829338074
        var: 177.53112793
    dissonance:
        dmean: 0.0155476862565
        dmean2: 0.0261799059808
        dvar: 0.000467777717859
        dvar2: 0.00128157041036
        max: 0.500000119209
        mean: 0.468258678913
        median: 0.484142482281
        min: 0.132009610534
        var: 0.00185687106568
    hfc:
        dmean: 1.78939437866
        dmean2: 2.89011287689
        dvar: 7.92077159882
        dvar2: 19.8205242157
        max: 48.2784919739
        mean: 6.67654323578
        median: 5.81790971756
        min: 1.09209863714e-016
        var: 27.5055618286
    pitch:
        dmean: 791.382873535
        dmean2: 1518.4309082
        dvar: 1630604.625
        dvar2: 4048518.75
        max: 5336.08789063
        mean: 1683.21923828
        median: 465.346740723
        min: 43.0243911743
        var: 2649646.5
    pitch_instantaneous_confidence:
        dmean: 0.0790839493275
        dmean2: 0.130709081888
        dvar: 0.00533475959674
        dvar2: 0.0134937418625
        max: 0.950627744198
        mean: 0.41310185194
        median: 0.36925175786
        min: 0.110822379589
        var: 0.0293699875474
    pitch_salience:
        dmean: 0.0578100122511
        dmean2: 0.0964962616563
        dvar: 0.0030292167794
        dvar2: 0.00837875436991
        max: 0.983188271523
        mean: 0.634635388851
        median: 0.659393310547
        min: 0.104605972767
        var: 0.0115749826655
    silence_rate_20dB:
        dmean: 0
        dmean2: 0
        dvar: 0
        dvar2: 0
        max: 1
        mean: 1
        median: 1
        min: 1
        var: 0
    silence_rate_30dB:
        dmean: 0
        dmean2: 0
        dvar: 0
        dvar2: 0
        max: 1
        mean: 1
        median: 1
        min: 1
        var: 0
    silence_rate_60dB:
        dmean: 0.111706331372
        dmean2: 0.223432287574
        dvar: 0.0992141366005
        dvar2: 0.198443308473
        max: 1
        mean: 0.466982781887
        median: 0
        min: 0
        var: 0.248888269067
    spectral_centroid:
        dmean: 274.157165527
        dmean2: 430.112670898
        dvar: 103433.78125
        dvar2: 235583.5
        max: 11296.3242188
        mean: 1658.10961914
        median: 1714.78930664
        min: 170.646255493
        var: 464952.84375
    spectral_complexity:
        dmean: 3.20909810066
        dmean2: 5.18724727631
        dvar: 14.5925531387
        dvar2: 34.5203857422
        max: 49
        mean: 13.8355283737
        median: 13
        min: 0
        var: 76.6516265869
    spectral_crest:
        dmean: 1.85594952106
        dmean2: 3.08549690247
        dvar: 3.08008503914
        dvar2: 8.2625837326
        max: 24.4940910339
        mean: 6.96684074402
        median: 6.0851392746
        min: 2.47916173935
        var: 11.048620224
    spectral_decrease:
        dmean: 3.28403609862e-010
        dmean2: 5.38070143996e-010
        dvar: 3.66175202041e-019
        dvar2: 9.45673511518e-019
        max: 4.23207126079e-029
        mean: -8.72305949695e-010
        median: -7.21371407053e-010
        min: -5.80396708472e-009
        var: 4.90888525062e-019
    spectral_energy:
        dmean: 0.0013651996851
        dmean2: 0.00222657294944
        dvar: 6.0819807004e-006
        dvar2: 1.56527366926e-005
        max: 0.0242636222392
        mean: 0.0038978587836
        median: 0.00327791552991
        min: 1.01630810869e-020
        var: 9.17834222491e-006
    spectral_energyband_high:
        dmean: 0.000127677689306
        dmean2: 0.000213996172533
        dvar: 5.58389068317e-008
        dvar2: 1.50498962626e-007
        max: 0.00610432587564
        mean: 0.000331179442583
        median: 0.000263031484792
        min: 7.18061434149e-021
        var: 1.17781844722e-007
    spectral_energyband_low:
        dmean: 0.000394253205741
        dmean2: 0.00068754790118
        dvar: 7.94244215285e-007
        dvar2: 2.17243950829e-006
        max: 0.00794351100922
        mean: 0.000503270945046
        median: 0.000314367644023
        min: 4.03512324222e-023
        var: 6.16390650521e-007
    spectral_energyband_middle_high:
        dmean: 0.00051836372586
        dmean2: 0.000829377560876
        dvar: 5.64910237699e-007
        dvar2: 1.40927625125e-006
        max: 0.0134513257071
        mean: 0.00187215884216
        median: 0.00150819600094
        min: 1.29227543276e-021
        var: 2.38837446886e-006
    spectral_energyband_middle_low:
        dmean: 0.00079965085024
        dmean2: 0.00134583143517
        dvar: 3.36518951372e-006
        dvar2: 8.83101984073e-006
        max: 0.0178592111915
        mean: 0.0013376910938
        median: 0.000909936497919
        min: 2.18623270442e-022
        var: 3.05907042275e-006
    spectral_flatness_db:
        dmean: 0.0147466352209
        dmean2: 0.0239440388978
        dvar: 0.000217913257075
        dvar2: 0.000544873066247
        max: 0.483938872814
        mean: 0.153121903539
        median: 0.131617575884
        min: 0.0610380545259
        var: 0.00466874334961
    spectral_flux:
        dmean: 0.00863759126514
        dmean2: 0.0130285732448
        dvar: 0.000149651445099
        dvar2: 0.00028338591801
        max: 0.134529963136
        mean: 0.0358757153153
        median: 0.033484660089
        min: 6.47559852962e-011
        var: 0.000420397147536
    spectral_kurtosis:
        dmean: 2.37127637863
        dmean2: 4.01130342484
        dvar: 55.2837181091
        dvar2: 150.352981567
        max: 188.220230103
        mean: 6.60762166977
        median: 2.89613938332
        min: -1.25545370579
        var: 252.792785645
    spectral_rms:
        dmean: 0.000290319148917
        dmean2: 0.000454105553217
        dvar: 1.77820922431e-007
        dvar2: 4.30418253927e-007
        max: 0.00486537022516
        mean: 0.00181055872235
        median: 0.00178828579374
        min: 3.14884121382e-012
        var: 5.24675499491e-007
    spectral_rolloff:
        dmean: 356.398925781
        dmean2: 589.995483398
        dvar: 288547.5625
        dvar2: 647915.375
        max: 19143.0175781
        mean: 3089.75585938
        median: 3423.77929688
        min: 86.1328125
        var: 1420645
    spectral_skewness:
        dmean: 0.232314258814
        dmean2: 0.38345310092
        dvar: 0.204155653715
        dvar2: 0.565142035484
        max: 11.2935295105
        mean: 1.53431606293
        median: 1.29055547714
        min: -0.0323264338076
        var: 1.09513652325
    spectral_spread:
        dmean: 484496.90625
        dmean2: 706757.5625
        dvar: 587793629184
        dvar2: 1.0638599127e+012
        max: 42713096
        mean: 4834553.5
        median: 4752484
        min: 429569.25
        var: 4.03461190451e+012
    spectral_strongpeak:
        dmean: 0.413446038961
        dmean2: 0.711061239243
        dvar: 0.419042527676
        dvar2: 1.11456978321
        max: 8.28343868256
        mean: 0.606173694134
        median: 0.270558834076
        min: 8.46795578102e-010
        var: 0.643994867802
    zerocrossingrate:
        dmean: 0.00895629636943
        dmean2: 0.0113350637257
        dvar: 0.000101428980997
        dvar2: 0.000129223219119
        max: 0.51318359375
        mean: 0.0953679978848
        median: 0.1005859375
        min: 0.01318359375
        var: 0.00108688254841
    barkbands:
        dmean: [1.37668976663e-007, 0.000113641042844, 0.000225328840315, 0.000257942505414, 0.000414196489146, 0.000128595987917, 7.20620737411e-005, 8.02836439107e-005, 7.71337072365e-005, 6.74533803249e-005, 6.07216607023e-005, 4.95999120176e-005, 4.80872440676e-005, 4.96451939398e-005, 5.66041962884e-005, 8.79001236171e-005, 0.000148543113028, 0.000157955524628, 0.00015129779058, 0.000131950044306, 6.07320253039e-005, 2.01054026547e-005, 4.64692311652e-006, 2.3666668767e-006, 1.21544019294e-006, 6.04832877116e-008, 3.3842004199e-010]
        dmean2: [2.32551215618e-007, 0.000204446550924, 0.000389669381548, 0.000456832698546, 0.000725795398466, 0.000215379070141, 0.000120770811918, 0.000131204258651, 0.00012510464876, 0.000108869928226, 9.32302427827e-005, 8.09448320069e-005, 7.69034013501e-005, 8.14855375211e-005, 9.32977491175e-005, 0.000142190532642, 0.000246446725214, 0.0002624677727, 0.000251127057709, 0.000222186878091, 0.000103480648249, 3.30666734953e-005, 7.37498976378e-006, 3.56442365046e-006, 1.77728520612e-006, 8.94804514928e-008, 5.6141602478e-010]
        dvar: [9.49141888132e-014, 9.27935488448e-008, 2.64776218728e-007, 3.015464074e-007, 1.27255975713e-006, 8.92285996201e-008, 2.18268425556e-008, 2.35312374031e-008, 2.38477166903e-008, 1.41794211928e-008, 1.29589778908e-008, 1.17138378997e-008, 1.24316752448e-008, 1.04308188753e-008, 1.95452400931e-008, 2.99064311093e-008, 7.2623841163e-008, 9.53013739036e-008, 5.75038825446e-008, 4.6276408483e-008, 1.23480523584e-008, 1.37972033798e-009, 1.03294171827e-010, 2.48079647103e-011, 5.74983029938e-012, 1.37944245192e-014, 5.08608233048e-019]
        dvar2: [2.47695852544e-013, 2.63431473968e-007, 7.28885652279e-007, 8.18602131858e-007, 3.52735719389e-006, 2.39845633132e-007, 5.7467012482e-008, 5.73415306349e-008, 6.01896203989e-008, 3.70061634669e-008, 3.34344818498e-008, 3.02162348476e-008, 3.2707944797e-008, 2.78758722771e-008, 5.3448921733e-008, 7.524070611e-008, 1.96488272763e-007, 2.42995128019e-007, 1.49716584019e-007, 1.23236304717e-007, 3.40845645042e-008, 3.53636142592e-009, 2.18984649858e-010, 5.43076521253e-011, 1.15090584632e-011, 3.1396329899e-014, 1.2256387869e-018]
        max: [4.10202756029e-006, 0.00198077363893, 0.00605484796688, 0.00486465543509, 0.0117888264358, 0.0039423215203, 0.00230556726456, 0.00403295829892, 0.0040899803862, 0.00257412064821, 0.00354402558878, 0.00258084014058, 0.00287560629658, 0.0022567587439, 0.00344471028075, 0.0038587776944, 0.00470976158977, 0.00692448019981, 0.00536189088598, 0.00535575347021, 0.00230312743224, 0.00104153505526, 0.000334645999828, 0.000113565089123, 6.10565402894e-005, 1.94805079445e-006, 1.37966429392e-008]
        mean: [1.75902727051e-007, 0.000116936564154, 0.000281755143078, 0.00024594477145, 0.00045915148803, 0.000184027114301, 0.000111571760499, 0.000129437350552, 0.000132705841679, 0.000125664257212, 0.000122992612887, 8.35599130369e-005, 8.16273604869e-005, 8.29878772493e-005, 9.24936248339e-005, 0.000169630380697, 0.000302964414004, 0.000341486243997, 0.000345786102116, 0.000292901677312, 0.000131514985696, 4.30654981756e-005, 1.100024474e-005, 5.73685611016e-006, 2.66128313342e-006, 9.12880722126e-008, 4.27127444524e-010]
        median: [9.85340520288e-008, 5.84550580243e-005, 0.000164028097061, 0.000106196588604, 0.000194503503735, 0.000103835918708, 6.48804125376e-005, 6.3564737502e-005, 7.15516871423e-005, 6.67547283228e-005, 6.06012326898e-005, 3.70888810721e-005, 2.69431693596e-005, 3.51422204403e-005, 3.91367793782e-005, 8.99282313185e-005, 0.000185329496162, 0.000206055003218, 0.000283072091406, 0.000236497027799, 9.63635247899e-005, 2.45679766522e-005, 6.90143860993e-006, 3.22942469211e-006, 1.18973400731e-006, 3.01681239989e-008, 1.46581635718e-010]
        min: [1.48705676443e-023, 1.31161039146e-023, 3.43371312191e-024, 2.71471334402e-024, 1.21958353486e-023, 1.84756604034e-023, 6.22165839592e-024, 3.07886131975e-023, 3.11853849893e-023, 1.92967525875e-023, 2.95804474776e-023, 6.29470738906e-023, 5.01111836247e-023, 7.70723352179e-023, 5.84997096098e-023, 8.58270188808e-023, 1.02924373622e-022, 1.62054887966e-022, 2.06387040682e-022, 2.18011392059e-022, 2.79691504849e-022, 3.13298645485e-022, 4.23337042481e-022, 5.97230713151e-022, 9.68704833792e-022, 1.64194543798e-021, 1.91769041687e-021]
        var: [8.63503130219e-014, 6.10964576708e-008, 2.13736768728e-007, 2.21467814754e-007, 9.57192241913e-007, 8.4318749316e-008, 2.70751776554e-008, 4.32015632157e-008, 4.38883098752e-008, 3.19015711625e-008, 3.2540100392e-008, 2.20998899181e-008, 2.67431889966e-008, 1.95308409445e-008, 2.92270563307e-008, 7.6983553754e-008, 1.91345364442e-007, 2.31150906416e-007, 1.22105717537e-007, 8.68344542937e-008, 2.15793534153e-008, 3.08107983571e-009, 2.31788935268e-010, 6.46359771261e-011, 1.6518710011e-011, 2.45787514419e-014, 7.1805915294e-019]
    frequency_bands:
        dmean: [1.37668976663e-007, 0.000113641042844, 0.000225328840315, 0.000257942505414, 0.000414196489146, 0.000128595987917, 7.20620737411e-005, 8.02836439107e-005, 7.71337072365e-005, 6.74533803249e-005, 6.07216607023e-005, 4.95999120176e-005, 4.80872440676e-005, 4.96451939398e-005, 5.66041962884e-005, 8.79001236171e-005, 0.000148543113028, 0.000157955524628, 0.00015129779058, 0.000131950044306, 6.07320253039e-005, 2.01054026547e-005, 4.64692311652e-006, 2.3666668767e-006, 1.21544019294e-006, 6.04832877116e-008, 3.3842004199e-010, 4.59987360701e-011]
        dmean2: [2.32551215618e-007, 0.000204446550924, 0.000389669381548, 0.000456832698546, 0.000725795398466, 0.000215379070141, 0.000120770811918, 0.000131204258651, 0.00012510464876, 0.000108869928226, 9.32302427827e-005, 8.09448320069e-005, 7.69034013501e-005, 8.14855375211e-005, 9.32977491175e-005, 0.000142190532642, 0.000246446725214, 0.0002624677727, 0.000251127057709, 0.000222186878091, 0.000103480648249, 3.30666734953e-005, 7.37498976378e-006, 3.56442365046e-006, 1.77728520612e-006, 8.94804514928e-008, 5.6141602478e-010, 8.57596424431e-011]
        dvar: [9.49141888132e-014, 9.27935488448e-008, 2.64776218728e-007, 3.015464074e-007, 1.27255975713e-006, 8.92285996201e-008, 2.18268425556e-008, 2.35312374031e-008, 2.38477166903e-008, 1.41794211928e-008, 1.29589778908e-008, 1.17138378997e-008, 1.24316752448e-008, 1.04308188753e-008, 1.95452400931e-008, 2.99064311093e-008, 7.2623841163e-008, 9.53013739036e-008, 5.75038825446e-008, 4.6276408483e-008, 1.23480523584e-008, 1.37972033798e-009, 1.03294171827e-010, 2.48079647103e-011, 5.74983029938e-012, 1.37944245192e-014, 5.08608233048e-019, 5.87801571084e-021]
        dvar2: [2.47695852544e-013, 2.63431473968e-007, 7.28885652279e-007, 8.18602131858e-007, 3.52735719389e-006, 2.39845633132e-007, 5.7467012482e-008, 5.73415306349e-008, 6.01896203989e-008, 3.70061634669e-008, 3.34344818498e-008, 3.02162348476e-008, 3.2707944797e-008, 2.78758722771e-008, 5.3448921733e-008, 7.524070611e-008, 1.96488272763e-007, 2.42995128019e-007, 1.49716584019e-007, 1.23236304717e-007, 3.40845645042e-008, 3.53636142592e-009, 2.18984649858e-010, 5.43076521253e-011, 1.15090584632e-011, 3.1396329899e-014, 1.2256387869e-018, 1.90204559613e-020]
        max: [4.10202756029e-006, 0.00198077363893, 0.00605484796688, 0.00486465543509, 0.0117888264358, 0.0039423215203, 0.00230556726456, 0.00403295829892, 0.0040899803862, 0.00257412064821, 0.00354402558878, 0.00258084014058, 0.00287560629658, 0.0022567587439, 0.00344471028075, 0.0038587776944, 0.00470976158977, 0.00692448019981, 0.00536189088598, 0.00535575347021, 0.00230312743224, 0.00104153505526, 0.000334645999828, 0.000113565089123, 6.10565402894e-005, 1.94805079445e-006, 1.37966429392e-008, 1.93054416897e-009]
        mean: [1.75902727051e-007, 0.000116936564154, 0.000281755143078, 0.00024594477145, 0.00045915148803, 0.000184027114301, 0.000111571760499, 0.000129437350552, 0.000132705841679, 0.000125664257212, 0.000122992612887, 8.35599130369e-005, 8.16273604869e-005, 8.29878772493e-005, 9.24936248339e-005, 0.000169630380697, 0.000302964414004, 0.000341486243997, 0.000345786102116, 0.000292901677312, 0.000131514985696, 4.30654981756e-005, 1.100024474e-005, 5.73685611016e-006, 2.66128313342e-006, 9.12880722126e-008, 4.27127444524e-010, 3.51016611611e-011]
        median: [9.85340520288e-008, 5.84550580243e-005, 0.000164028097061, 0.000106196588604, 0.000194503503735, 0.000103835918708, 6.48804125376e-005, 6.3564737502e-005, 7.15516871423e-005, 6.67547283228e-005, 6.06012326898e-005, 3.70888810721e-005, 2.69431693596e-005, 3.51422204403e-005, 3.91367793782e-005, 8.99282313185e-005, 0.000185329496162, 0.000206055003218, 0.000283072091406, 0.000236497027799, 9.63635247899e-005, 2.45679766522e-005, 6.90143860993e-006, 3.22942469211e-006, 1.18973400731e-006, 3.01681239989e-008, 1.46581635718e-010, 1.18378232564e-011]
        min: [1.48705676443e-023, 1.31161039146e-023, 3.43371312191e-024, 2.71471334402e-024, 1.21958353486e-023, 1.84756604034e-023, 6.22165839592e-024, 3.07886131975e-023, 3.11853849893e-023, 1.92967525875e-023, 2.95804474776e-023, 6.29470738906e-023, 5.01111836247e-023, 7.70723352179e-023, 5.84997096098e-023, 8.58270188808e-023, 1.02924373622e-022, 1.62054887966e-022, 2.06387040682e-022, 2.18011392059e-022, 2.79691504849e-022, 3.13298645485e-022, 4.23337042481e-022, 5.97230713151e-022, 9.68704833792e-022, 1.64194543798e-021, 1.91769041687e-021, 6.60575511777e-022]
        var: [8.63503130219e-014, 6.10964576708e-008, 2.13736768728e-007, 2.21467814754e-007, 9.57192241913e-007, 8.4318749316e-008, 2.70751776554e-008, 4.32015632157e-008, 4.38883098752e-008, 3.19015711625e-008, 3.2540100392e-008, 2.20998899181e-008, 2.67431889966e-008, 1.95308409445e-008, 2.92270563307e-008, 7.6983553754e-008, 1.91345364442e-007, 2.31150906416e-007, 1.22105717537e-007, 8.68344542937e-008, 2.15793534153e-008, 3.08107983571e-009, 2.31788935268e-010, 6.46359771261e-011, 1.6518710011e-011, 2.45787514419e-014, 7.1805915294e-019, 4.35485227791e-021]
    mfcc:
        mean: [-724.928710938, 99.8892059326, -38.7031440735, 46.560508728, -13.3510475159, -8.664103508, 1.10909223557, 0.589537858963, -2.73473262787, -4.57658672333, -6.20291185379, -3.57136726379, -4.04115772247]
        cov: [[8111.34716797, -414.493621826, -212.736358643, 1777.1138916, 243.868988037, 455.852203369, 128.165863037, 190.283081055, 202.909393311, 18.3665065765, 10.8754310608, -53.7972297668, -231.805282593], [-414.493621826, 864.199768066, -228.653305054, -297.829101563, -148.186843872, -101.322944641, -3.42832159996, -17.7088088989, -83.5796051025, -41.7271881104, -19.9746932983, -12.6085205078, 35.9714393616], [-212.736358643, -228.653305054, 681.655700684, 252.356918335, 51.8674201965, 150.843292236, 46.5631637573, 40.7256202698, 65.2623748779, 49.0208892822, 98.4966506958, 8.82547283173, 3.6053686142], [1777.1138916, -297.829101563, 252.356918335, 1088.00402832, 284.352355957, 251.095443726, 96.459777832, 135.464370728, 186.535476685, 113.194992065, 64.8580245972, 21.5825538635, -29.8287582397], [243.868988037, -148.186843872, 51.8674201965, 284.352355957, 191.858230591, 82.2360992432, -3.16089034081, 33.9052505493, 66.3626480103, 39.7996826172, 16.9057731628, 8.74007034302, -1.12129068375], [455.852203369, -101.322944641, 150.843292236, 251.095443726, 82.2360992432, 214.532836914, 101.825668335, 67.5374526978, 44.058719635, 42.2981948853, 55.5874061584, 4.22878026962, -26.1041049957], [128.165863037, -3.42832159996, 46.5631637573, 96.459777832, -3.16089034081, 101.825668335, 173.314025879, 75.575630188, 13.4637718201, 22.7984886169, 26.2840309143, 6.62496423721, -8.08430767059], [190.283081055, -17.7088088989, 40.7256202698, 135.464370728, 33.9052505493, 67.5374526978, 75.575630188, 138.468002319, 59.3211212158, 28.2060222626, 21.943195343, 10.8486633301, 0.333948493004], [202.909393311, -83.5796051025, 65.2623748779, 186.535476685, 66.3626480103, 44.058719635, 13.4637718201, 59.3211212158, 114.050804138, 49.146446228, 20.4613857269, 9.83870887756, 5.18290901184], [18.3665065765, -41.7271881104, 49.0208892822, 113.194992065, 39.7996826172, 42.2981948853, 22.7984886169, 28.2060222626, 49.146446228, 105.53742981, 58.3535728455, 9.05102539063, -1.24912285805], [10.8754310608, -19.9746932983, 98.4966506958, 64.8580245972, 16.9057731628, 55.5874061584, 26.2840309143, 21.943195343, 20.4613857269, 58.3535728455, 104.739364624, 26.2433166504, -2.60840201378], [-53.7972297668, -12.6085205078, 8.82547283173, 21.5825538635, 8.74007034302, 4.22878026962, 6.62496423721, 10.8486633301, 9.83870887756, 9.05102539063, 26.2433166504, 59.1327209473, 23.9044780731], [-231.805282593, 35.9714393616, 3.6053686142, -29.8287582397, -1.12129068375, -26.1041049957, -8.08430767059, 0.333948493004, 5.18290901184, -1.24912285805, -2.60840201378, 23.9044780731, 67.2758560181]]
        icov: [[0.000314108212478, 8.58416970004e-005, 0.000424406229286, -0.000723679317161, 0.000787788885646, -0.000528102915268, 0.000386421714211, -4.92053259222e-005, -6.60509176669e-005, 0.00055338407401, -0.000243760994636, 0.000236584251979, 0.000469528022222], [8.58416970004e-005, 0.00157275761012, 0.000619358557742, -0.00021474181267, 0.00115074089263, -0.000125799517264, 0.0001555406634, -0.000447270664154, 0.00055523798801, 0.000330111855874, -0.000778672751039, 0.000944026862271, -0.00108454981819], [0.000424406229286, 0.000619358557742, 0.00278719281778, -0.0012799667893, 0.00196864875033, -0.00195808010176, 0.000896998215467, 0.000168963728356, -0.0007396392175, 0.00161363359075, -0.00245957938023, 0.00156607886311, -0.00077059387695], [-0.000723679317161, -0.00021474181267, -0.0012799667893, 0.00372997671366, -0.00383428507484, 0.000366119958926, -0.00130014843307, -1.22577148431e-006, -0.00136285531335, -0.00170443532988, 0.00117445108481, -0.0011360461358, -0.000211825681617], [0.000787788885646, 0.00115074089263, 0.00196864875033, -0.00383428507484, 0.0128158619627, -0.00470461044461, 0.00420247530565, -0.000370091584045, -0.00155235128477, 0.000420063355705, -1.26705090224e-005, 0.000681175093632, -0.000926592038013], [-0.000528102915268, -0.000125799517264, -0.00195808010176, 0.000366119958926, -0.00470461044461, 0.0122630326077, -0.00587042700499, -0.000624790438451, 0.00073991320096, -1.52160591824e-005, -0.00269033992663, 0.000435581430793, 0.00217604776844], [0.000386421714211, 0.0001555406634, 0.000896998215467, -0.00130014843307, 0.00420247530565, -0.00587042700499, 0.0114213349298, -0.00478637823835, 0.00228778738528, -0.000826467003208, 0.000607574707828, -0.000300535961287, -0.00024905076134], [-4.92053259222e-005, -0.000447270664154, 0.000168963728356, -1.22577148431e-006, -0.000370091584045, -0.000624790438451, -0.00478637823835, 0.0127985319123, -0.00624387199059, 0.00099099194631, -0.000474407424917, -0.000746911857277, -8.08554977993e-005], [-6.60509176669e-005, 0.00055523798801, -0.0007396392175, -0.00136285531335, -0.00155235128477, 0.00073991320096, 0.00228778738528, -0.00624387199059, 0.0178628880531, -0.0060106003657, 0.00221438473091, -0.000613382551819, -0.00170590076596], [0.00055338407401, 0.000330111855874, 0.00161363359075, -0.00170443532988, 0.000420063355705, -1.52160591824e-005, -0.000826467003208, 0.00099099194631, -0.0060106003657, 0.0187640301883, -0.0107434922829, 0.00376468896866, -0.000157857793965], [-0.000243760994636, -0.000778672751039, -0.00245957938023, 0.00117445108481, -1.26705090224e-005, -0.00269033992663, 0.000607574707828, -0.000474407424917, 0.00221438473091, -0.0107434922829, 0.0203072931617, -0.00915761478245, 0.00293140532449], [0.000236584251979, 0.000944026862271, 0.00156607886311, -0.0011360461358, 0.000681175093632, 0.000435581430793, -0.000300535961287, -0.000746911857277, -0.000613382551819, 0.00376468896866, -0.00915761478245, 0.024856146425, -0.00919904839247], [0.000469528022222, -0.00108454981819, -0.00077059387695, -0.000211825681617, -0.000926592038013, 0.00217604776844, -0.00024905076134, -8.08554977993e-005, -0.00170590076596, -0.000157857793965, 0.00293140532449, -0.00919904839247, 0.0213193744421]]
    sccoeffs:
        dmean: [0.0533880144358, 0.0443013086915, 0.0375547409058, 0.029887445271, 0.020476879552, 0.0169476699084]
        dmean2: [0.0888421982527, 0.0734467804432, 0.0614718422294, 0.0486900806427, 0.0334976352751, 0.0281008202583]
        dvar: [0.00259379157797, 0.00127151410561, 0.00103478063829, 0.000646136992145, 0.000327488494804, 0.000281498796539]
        dvar2: [0.00683070486411, 0.00350886210799, 0.00261060800403, 0.00160483922809, 0.000809906807262, 0.00071630475577]
        max: [-0.29913187027, -0.401563107967, -0.420623630285, -0.500920116901, -0.61488866806, -0.605219006538]
        mean: [-0.654806435108, -0.752645492554, -0.762236773968, -0.780490756035, -0.795449435711, -0.766016662121]
        median: [-0.662622332573, -0.76773327589, -0.785805881023, -0.792834401131, -0.801702558994, -0.761701762676]
        min: [-0.979694485664, -0.9883928895, -0.991225600243, -0.984283983707, -0.965479850769, -0.974409580231]
        var: [0.00522064231336, 0.00665523903444, 0.00791409239173, 0.00413539865986, 0.00151227577589, 0.00131165690254]
    scvalleys:
        dmean: [0.406086504459, 0.376241952181, 0.326554208994, 0.284998416901, 0.223176389933, 0.230760633945]
        dmean2: [0.663343012333, 0.605460703373, 0.515188097954, 0.443127661943, 0.343267023563, 0.32715305686]
        dvar: [0.136089488864, 0.126185178757, 0.105669096112, 0.0973828732967, 0.0893720164895, 0.0923615247011]
        dvar2: [0.324620246887, 0.28276348114, 0.210960030556, 0.185490697622, 0.168371111155, 0.165944367647]
        max: [-4.99091529846, -4.52257537842, -5.2473654747, -5.51775598526, -5.46839427948, -7.6439743042]
        mean: [-7.16030454636, -6.90433168411, -7.2829451561, -7.63470458984, -7.30585050583, -9.92501449585]
        median: [-6.69096755981, -6.59391117096, -6.91402769089, -7.2583990097, -6.72870254517, -9.4407043457]
        min: [-28.335849762, -27.7800579071, -27.6889438629, -27.4997291565, -27.4051113129, -27.4022159576]
        var: [2.9088640213, 1.94900143147, 1.90858662128, 1.91998827457, 2.45250511169, 3.28844070435]

rhythm:
    beats_loudness:
        dmean: 0.00307844672352
        dmean2: 0.00590956257656
        dvar: 3.80867004424e-006
        dvar2: 1.27127295855e-005
        max: 0.0144178476185
        mean: 0.00641629099846
        median: 0.00667780637741
        min: 2.99541849658e-011
        var: 9.95378741209e-006
    bpm: 86.962272644
    bpm_confidence: 0
    first_peak_bpm: 88
    first_peak_spread: 0.435356229544
    first_peak_weight: 0.561679780483
    onset_rate: 2.82542157173
    second_peak_bpm: 83
    second_peak_spread: 0
    second_peak_weight: 0.00524934381247
    beats_loudness_band_ratio:
        dmean: [0.112140767276, 0.12894114852, 0.0667403042316, 0.0774778053164, 0.125066503882, 0.0735795348883]
        dmean2: [0.195750921965, 0.247790634632, 0.111776664853, 0.134355321527, 0.23125718534, 0.130622401834]
        dvar: [0.0108694341034, 0.00707667507231, 0.00594719266519, 0.00989799108356, 0.0156781710684, 0.004561427515]
        dvar2: [0.0303663834929, 0.0241534076631, 0.016101911664, 0.0269139297307, 0.041875179857, 0.0128916893154]
        max: [0.882907986641, 0.46814635396, 0.649205684662, 0.879387438297, 0.738088607788, 0.567960202694]
        mean: [0.264957904816, 0.144414678216, 0.126093447208, 0.130061015487, 0.223364040256, 0.166224688292]
        median: [0.261626839638, 0.125220626593, 0.0917469412088, 0.0744077935815, 0.191454365849, 0.155589222908]
        min: [0, 0, 0, 0, 0, 0]
        var: [0.0239703450352, 0.00993089936674, 0.0100230779499, 0.0251658670604, 0.0239132456481, 0.00787406042218]
    beats_position: [0.708208620548, 1.42802715302, 2.14784574509, 2.85605430603, 3.55265307426, 4.2492518425, 4.93424034119, 5.61922883987, 6.31582736969, 7.01242637634, 7.69741487503, 8.38240337372, 9.07900238037, 9.76399040222, 10.4489793777, 11.1455783844, 11.8421764374, 12.538775444, 13.235373497, 13.9203624725, 14.6053514481, 15.301949501, 15.9869384766, 16.6719264984, 17.3685264587, 18.0535144806, 18.7385025024, 19.4351024628, 20.1317005157, 20.8166885376, 21.5016784668, 22.1866664886, 22.8832645416, 23.5682544708, 24.2648525238, 24.9614505768, 25.6464385986, 26.3314285278, 27.0280265808, 27.7130146027, 28.3980045319, 29.0946025848, 29.7795906067, 30.4645805359, 31.1611785889, 31.8577766418, 32.542766571, 33.2277526855, 33.9243545532, 34.6093406677, 35.2943305969, 35.9909286499, 36.6759185791, 37.3609046936, 38.0575065613, 38.7541046143, 39.4390907288, 40.124080658, 40.8206787109, 41.5056686401, 42.1906585693, 42.8872566223, 43.5838546753, 44.2688446045, 44.953830719, 45.650428772, 46.3354187012, 47.0204086304, 47.7170066833, 48.4019927979, 49.0869827271, 49.78358078, 50.480178833, 51.1535606384, 51.8501586914, 52.5467567444, 53.2317466736, 53.9167327881, 54.6133308411, 55.2983207703, 55.9833106995, 56.6799087524, 57.3648986816, 58.0498847961, 58.7464828491, 59.4314727783, 60.1164627075, 60.8130607605, 61.5096588135, 62.1946487427, 62.8796348572, 63.5762329102, 64.2728347778, 64.957824707, 65.6428070068, 66.327796936, 67.0243988037, 67.7093887329, 68.4059829712, 69.1025848389, 69.7875747681, 70.4725646973, 71.1691589355, 71.8425369263, 72.5391387939, 73.2357330322, 73.9207229614, 74.6057128906, 75.3023147583, 75.9872970581, 76.6722869873, 77.368888855, 78.0654830933, 78.7504730225, 79.4354629517, 80.1320648193, 80.8170471191, 81.5020370483, 82.198638916, 82.8836288452, 83.5686187744, 84.2652130127, 84.9502029419, 85.6351928711, 86.3317871094, 87.0167770386, 87.7017669678, 88.3983688354, 89.0949630737, 89.7915649414, 90.4765548706, 91.1615371704, 91.8581390381, 92.5431289673, 93.2281188965, 93.9247131348, 94.6213150024, 95.3063049316, 95.9912872314, 96.6762771606, 97.3612670898, 98.0578689575, 98.7428588867, 99.4278411865, 100.124443054, 100.821044922, 101.506027222, 102.191017151, 102.887619019, 103.584213257, 104.280815125, 104.965805054, 105.650794983, 106.335777283, 107.020767212, 107.71736908, 108.402359009, 109.087341309, 109.783943176, 110.468933105, 111.153923035, 111.850517273, 112.547119141, 113.23210907, 113.917098999, 114.613693237, 115.298683167, 115.983673096, 116.680267334, 117.365257263, 118.050247192, 118.74684906, 119.443443298, 120.128433228, 120.813423157, 121.510017395, 122.195007324, 122.879997253, 123.576599121, 124.261581421, 124.958183289, 125.643173218, 126.339767456, 127.013153076, 127.709747314, 128.406341553, 129.091339111, 129.776321411, 130.472915649, 131.157913208, 131.842895508, 132.539505005, 133.236099243, 133.921081543, 134.606079102, 135.30267334, 135.98765564, 136.672653198, 137.369247437, 138.042633057, 138.739227295, 139.435821533, 140.13243103, 140.81741333, 141.50239563, 142.199005127, 142.883987427, 143.568969727, 144.265579224, 144.950561523, 145.635559082, 146.33215332, 147.028747559, 147.713745117, 148.398727417, 149.083709717, 149.780319214, 150.465301514, 151.161895752, 151.846893311, 152.53187561, 153.228485107, 153.925079346, 154.610061646, 155.295059204, 155.991653442, 156.688247681, 157.373245239, 158.058227539, 158.743209839, 159.428207397, 160.124801636, 160.821395874, 161.506393433, 162.191375732, 162.887985229, 163.584579468, 164.269561768, 164.954559326, 165.639541626, 166.324539185, 167.021133423, 167.717727661, 168.40272522, 169.08770752, 169.784301758, 170.469299316, 171.154281616, 171.850875854, 172.547485352, 173.232467651, 173.917449951, 174.614059448, 175.299041748, 175.984039307, 176.680633545, 177.377227783, 178.062225342, 178.747207642, 179.44380188, 180.140411377, 180.825393677, 181.510375977, 182.195373535, 182.880355835, 183.576965332, 184.261947632, 184.946929932, 185.63192749, 186.328521729, 187.013504028, 187.686889648, 188.383483887, 189.080093384, 189.776687622, 190.461669922, 191.14666748, 191.83164978, 192.516647339, 193.213241577, 193.909835815, 194.606430054, 195.303039551, 195.999633789, 196.684616089, 197.369613647, 198.054595947, 198.739593506, 199.436187744, 200.132781982, 200.817779541, 201.502761841, 202.199356079, 202.884353638, 203.569335938, 204.265930176, 204.962539673, 205.647521973, 206.332519531, 207.02911377, 207.725708008, 208.399093628, 209.095687866, 209.780670166, 210.477279663, 211.162261963, 211.858856201, 212.54385376, 213.22883606, 213.925445557, 214.598815918, 215.295410156, 215.992019653, 216.688613892, 217.373596191, 218.05859375, 218.74357605, 219.428573608, 220.125167847, 220.810150146, 221.495147705, 222.191741943, 222.888336182, 223.57333374, 224.25831604, 224.954910278, 225.651519775, 226.336502075, 227.021499634, 227.718093872, 228.403076172, 229.08807373, 229.784667969, 230.481262207, 231.166259766, 231.851242065, 232.547836304, 233.232833862, 233.917816162, 234.602813721, 235.287796021, 235.984390259, 236.680999756, 237.365982056, 238.050964355, 238.747573853, 239.444168091, 240.129150391, 240.814147949, 241.510742188, 242.195739746, 242.880722046, 243.577316284, 244.273925781, 244.97052002, 245.655502319, 246.340499878, 247.025482178, 247.710464478, 248.407073975, 249.092056274, 249.777053833, 250.473648071, 251.17024231, 251.855239868, 252.540222168, 253.225204468, 253.910202026, 254.606796265, 255.303390503, 256, 256.684997559, 257.3699646, 258.066558838, 258.751556396, 259.448150635, 260.133148193, 260.818145752, 261.51473999, 262.211334229, 262.907928467, 263.604522705]
