
metadata:
    version:
        essentia: "2.1-beta2"
    audio_properties:
        analysis_sample_rate: 44100
        bitrate: 320
        channels: 2
        equal_loudness: 1
        length: 254.824493408
        replay_gain: -13.5359115601
        downmix: "mix"
    tags:
        album: "Isolate And Medicate (Deluxe Edition)"
        artist: "Seether"
        comment: ""
        date: "2014"
        genre: "Alt. Rock/Post-Grunge"
        title: "Turn Around"
        tracknumber: "11"

configuration:
    average_loudness:
        compute: 1
        frameSize: 88200
        hopSize: 44100
        silentFrames: "noise"
        windowType: "hann"
    general:
        analysisSampleRate: 44100
        endTime: 2000
        equalLoudness: 1
        nequalLoudness: 0
        shortSound: 0
        startTime: 0
    lowlevel:
        compute: 1
        frameSize: 2048
        hopSize: 1024
        zeroPadding: 0
        silentFrames: "noise"
        windowType: "blackmanharris62"
        mfccStats: ["mean", "cov", "icov"]
        stats: ["mean", "var", "median", "min", "max", "dmean", "dmean2", "dvar", "dvar2"]
    panning:
        compute: 0
        frameSize: 8192
        hopSize: 2048
        zeroPadding: 8192
        silentFrames: "noise"
        windowType: "hann"
        stats: ["copy"]
    rhythm:
        compute: 1
        maxTempo: 208
        minTempo: 40
        method: "degara"
        stats: ["mean", "var", "median", "min", "max", "dmean", "dmean2", "dvar", "dvar2"]
    segmentation:
        compute: 0
        cpw: 5
        inc1: 300
        inc2: 50
        minimumSegmentsLength: 10
        size1: 1000
        size2: 600
    sfx:
        compute: 1
        stats: ["mean", "var", "median", "min", "max", "dmean", "dmean2", "dvar", "dvar2"]
    svm:
        compute: 0
    tonal:
        compute: 1
        frameSize: 4096
        hopSize: 2048
        zeroPadding: 0
        silentFrames: "noise"
        windowType: "blackmanharris62"
        stats: ["mean", "var", "median", "min", "max", "dmean", "dmean2", "dvar", "dvar2"]

lowlevel:
    average_loudness: 0.739030241966
    barkbands_kurtosis:
        dmean: 0.726136028767
        dmean2: 1.14334273338
        dvar: 1.50309348106
        dvar2: 3.36870312691
        max: 42.1249694824
        mean: -0.0261976085603
        median: -1.02196574211
        min: -1.85823810101
        var: 11.7577934265
    barkbands_skewness:
        dmean: 0.360359400511
        dmean2: 0.554855704308
        dvar: 0.130041569471
        dvar2: 0.30673584342
        max: 5.68351984024
        mean: 0.0408706925809
        median: -0.0520658679307
        min: -4.19371557236
        var: 0.9669444561
    barkbands_spread:
        dmean: 4.74978685379
        dmean2: 7.42248439789
        dvar: 25.5454673767
        dvar2: 59.9289512634
        max: 75.3996353149
        mean: 31.151845932
        median: 32.3597564697
        min: 0.777999937534
        var: 161.189819336
    dissonance:
        dmean: 0.0136147364974
        dmean2: 0.0227198861539
        dvar: 0.0002684853971
        dvar2: 0.000725471763872
        max: 0.5
        mean: 0.471099585295
        median: 0.481672674417
        min: 0.182381689548
        var: 0.000970796856564
    hfc:
        dmean: 1.93403470516
        dmean2: 3.01360464096
        dvar: 10.7007350922
        dvar2: 24.8425312042
        max: 64.3683700562
        mean: 7.13621711731
        median: 5.69924736023
        min: 1.10853696584e-016
        var: 42.8841781616
    pitch:
        dmean: 711.428649902
        dmean2: 1362.10974121
        dvar: 1509204
        dvar2: 3833421.5
        max: 5559.87597656
        mean: 1359.8605957
        median: 276.869232178
        min: 64.8107452393
        var: 2367368.5
    pitch_instantaneous_confidence:
        dmean: 0.0720530971885
        dmean2: 0.115198343992
        dvar: 0.00437347125262
        dvar2: 0.0106195285916
        max: 0.930059611797
        mean: 0.403855264187
        median: 0.369729250669
        min: 0.0939824581146
        var: 0.0236206948757
    pitch_salience:
        dmean: 0.0515759922564
        dmean2: 0.0848333090544
        dvar: 0.00243715685792
        dvar2: 0.00690330145881
        max: 0.965428352356
        mean: 0.647350549698
        median: 0.657170772552
        min: 0.224346607924
        var: 0.00694464100525
    silence_rate_20dB:
        dmean: 0
        dmean2: 0
        dvar: 0
        dvar2: 0
        max: 1
        mean: 1
        median: 1
        min: 1
        var: 0
    silence_rate_30dB:
        dmean: 0
        dmean2: 0
        dvar: 0
        dvar2: 0
        max: 1
        mean: 1
        median: 1
        min: 1
        var: 0
    silence_rate_60dB:
        dmean: 0.0765375867486
        dmean2: 0.153089120984
        dvar: 0.0706806331873
        dvar2: 0.14387178421
        max: 1
        mean: 0.494989067316
        median: 0
        min: 0
        var: 0.249989882112
    spectral_centroid:
        dmean: 238.09387207
        dmean2: 361.115081787
        dvar: 77473.5625
        dvar2: 166031.625
        max: 11696.1660156
        mean: 1687.75268555
        median: 1767.03515625
        min: 137.188903809
        var: 666975.625
    spectral_complexity:
        dmean: 3.06205010414
        dmean2: 4.84855127335
        dvar: 15.5302066803
        dvar2: 33.6657485962
        max: 53
        mean: 13.2913627625
        median: 12
        min: 0
        var: 98.231803894
    spectral_crest:
        dmean: 1.7011346817
        dmean2: 2.79711031914
        dvar: 2.86586999893
        dvar2: 7.4567232132
        max: 23.5723552704
        mean: 6.94559860229
        median: 6.0546503067
        min: 2.33861255646
        var: 10.2825927734
    spectral_decrease:
        dmean: 2.56496185402e-010
        dmean2: 4.06333411362e-010
        dvar: 2.3329905394e-019
        dvar2: 5.76703705627e-019
        max: 9.03755024578e-029
        mean: -8.29043111938e-010
        median: -6.91516843787e-010
        min: -5.31479615873e-009
        var: 4.98521179068e-019
    spectral_energy:
        dmean: 0.00111797195859
        dmean2: 0.00176046299748
        dvar: 4.21917502536e-006
        dvar2: 1.03160773506e-005
        max: 0.0253141764551
        mean: 0.00377626880072
        median: 0.00313326343894
        min: 1.02043318732e-020
        var: 1.02488666016e-005
    spectral_energyband_high:
        dmean: 0.000132032990223
        dmean2: 0.000209092686418
        dvar: 7.53883213633e-008
        dvar2: 1.7192300561e-007
        max: 0.00582244433463
        mean: 0.000363916245988
        median: 0.00022372204694
        min: 7.35869404891e-021
        var: 2.24963017104e-007
    spectral_energyband_low:
        dmean: 0.000294062570902
        dmean2: 0.000504703843035
        dvar: 6.22837148967e-007
        dvar2: 1.66184315731e-006
        max: 0.0107581801713
        mean: 0.000392691115849
        median: 0.000213198742131
        min: 1.80769180371e-023
        var: 5.36249842753e-007
    spectral_energyband_middle_high:
        dmean: 0.00054810103029
        dmean2: 0.000861110980622
        dvar: 7.77057266532e-007
        dvar2: 1.89009108453e-006
        max: 0.0216231718659
        mean: 0.00192863412667
        median: 0.00143674621359
        min: 1.36686698976e-021
        var: 3.38192580784e-006
    spectral_energyband_middle_low:
        dmean: 0.000523605849594
        dmean2: 0.000863821478561
        dvar: 1.48568142322e-006
        dvar2: 3.85270823244e-006
        max: 0.0134249432012
        mean: 0.00121118780226
        median: 0.000890235649422
        min: 2.18119838345e-022
        var: 1.79563426173e-006
    spectral_flatness_db:
        dmean: 0.0132467700168
        dmean2: 0.0208587590605
        dvar: 0.000171016261447
        dvar2: 0.000381020858185
        max: 0.500549376011
        mean: 0.159138008952
        median: 0.132213443518
        min: 0.0524174496531
        var: 0.00516944471747
    spectral_flux:
        dmean: 0.00738602411002
        dmean2: 0.0110130412504
        dvar: 0.000109776898171
        dvar2: 0.000213514533243
        max: 0.129462406039
        mean: 0.0329496338964
        median: 0.031727924943
        min: 6.48158679506e-011
        var: 0.000417825765908
    spectral_kurtosis:
        dmean: 2.95920372009
        dmean2: 4.89855480194
        dvar: 65.8754348755
        dvar2: 178.625518799
        max: 190.024353027
        mean: 7.61852693558
        median: 2.92786979675
        min: -1.27057743073
        var: 286.047729492
    spectral_rms:
        dmean: 0.000240830035182
        dmean2: 0.000366666790796
        dvar: 1.27438084974e-007
        dvar2: 2.9651909017e-007
        max: 0.00496958335862
        mean: 0.00173482601531
        median: 0.00174838281237
        min: 3.15522521305e-012
        var: 6.74551245083e-007
    spectral_rolloff:
        dmean: 319.760131836
        dmean2: 509.525390625
        dvar: 214040.984375
        dvar2: 438424.75
        max: 19422.9492188
        mean: 3080.43286133
        median: 3402.24609375
        min: 150.732421875
        var: 1851936.125
    spectral_skewness:
        dmean: 0.25656491518
        dmean2: 0.411079376936
        dvar: 0.218214958906
        dvar2: 0.571309626102
        max: 10.7894697189
        mean: 1.61022984982
        median: 1.29559123516
        min: -0.117567971349
        var: 1.3539648056
    spectral_spread:
        dmean: 463039.03125
        dmean2: 674549.625
        dvar: 570609696768
        dvar2: 1.09589744845e+012
        max: 42816460
        mean: 4857890
        median: 4819860
        min: 412823.71875
        var: 7.09862988186e+012
    spectral_strongpeak:
        dmean: 0.422096967697
        dmean2: 0.723765492439
        dvar: 0.490102946758
        dvar2: 1.27902090549
        max: 7.25602960587
        mean: 0.669693589211
        median: 0.238492026925
        min: 3.76407238711e-010
        var: 0.916081726551
    zerocrossingrate:
        dmean: 0.00827155075967
        dmean2: 0.00964068435133
        dvar: 8.00722482381e-005
        dvar2: 9.36134747462e-005
        max: 0.51953125
        mean: 0.0951447337866
        median: 0.10107421875
        min: 0.005859375
        var: 0.00155206792988
    barkbands:
        dmean: [2.60079985992e-007, 0.000117060015327, 0.000151953281602, 0.000128079162096, 0.000255000049947, 9.02607425814e-005, 8.01468195277e-005, 9.83905047178e-005, 7.34507484594e-005, 5.2563904319e-005, 4.23268938903e-005, 3.9786544221e-005, 4.15138492826e-005, 6.56462507322e-005, 5.5267882999e-005, 8.74293618836e-005, 0.000167036647326, 0.000177643742063, 0.000165219520568, 0.00012711607269, 6.89022344886e-005, 2.31786907534e-005, 4.46671947429e-006, 2.52557083513e-006, 1.87266402918e-006, 1.04647668309e-007, 7.04680369612e-010]
        dmean2: [4.22420981749e-007, 0.000206347744097, 0.000263470981736, 0.000223786671995, 0.000442989752628, 0.000147811399074, 0.000128941028379, 0.000151429674588, 0.000114364811452, 8.03888542578e-005, 6.73305548844e-005, 6.44119936624e-005, 6.67309577693e-005, 0.000107073603431, 8.83878165041e-005, 0.000142182136187, 0.000273934623692, 0.000295099162031, 0.000271412398433, 0.000209904988878, 0.000111235269287, 3.75437775801e-005, 7.04537933416e-006, 3.74871228814e-006, 2.73034925158e-006, 1.61426058298e-007, 1.15271359125e-009]
        dvar: [6.25005201673e-013, 1.29551295913e-007, 1.77720295369e-007, 1.04586817429e-007, 6.38136270936e-007, 3.66213726011e-008, 2.49613645309e-008, 4.65231799751e-008, 2.28220677911e-008, 8.57341664329e-009, 8.24454726711e-009, 8.90090046113e-009, 6.97267266148e-009, 2.43511344422e-008, 1.26948958012e-008, 3.14620578479e-008, 1.13348427533e-007, 1.17518240472e-007, 9.40088682455e-008, 5.49631700153e-008, 1.55417350101e-008, 2.18824780518e-009, 7.01967997618e-011, 2.35990463282e-011, 2.03198586429e-011, 1.36411471311e-013, 5.00884413399e-018]
        dvar2: [1.50368400457e-012, 3.57190629074e-007, 4.82600114537e-007, 2.87015694767e-007, 1.75519596723e-006, 9.40206774658e-008, 6.21135143319e-008, 1.01771391314e-007, 5.22264542724e-008, 1.95775928802e-008, 2.01879952755e-008, 2.30219328046e-008, 1.69050267118e-008, 6.52327116768e-008, 3.06494065683e-008, 7.76780311185e-008, 2.88181809083e-007, 3.09691898792e-007, 2.41814802848e-007, 1.36746393764e-007, 3.85522014312e-008, 5.62403279503e-009, 1.62925867242e-010, 5.05219477365e-011, 4.39294434162e-011, 3.36333473008e-013, 1.29676914378e-017]
        max: [6.97973746355e-006, 0.00262332498096, 0.0070857880637, 0.00788982398808, 0.0100977262482, 0.00297904759645, 0.00236797262914, 0.00975983496755, 0.00355320796371, 0.00203308346681, 0.00263999961317, 0.00205152109265, 0.0015041984152, 0.00372272566892, 0.00223337602802, 0.00443293899298, 0.0100806010887, 0.00935995206237, 0.00667487364262, 0.00419913232327, 0.00300155486912, 0.000781840120908, 0.000187800280401, 0.000108291817014, 8.9681983809e-005, 6.90637489242e-006, 5.11945579262e-008]
        mean: [2.55654782677e-007, 0.000116385192086, 0.000196080232854, 0.000160868061357, 0.000346362881828, 0.000157884715009, 0.000140260963235, 0.000188797013834, 0.000147430939251, 0.000102344260085, 8.13625374576e-005, 6.8437148002e-005, 7.33017077437e-005, 0.000109731539851, 9.48183806031e-005, 0.000164123033755, 0.000367403845303, 0.000381334364647, 0.000370025198208, 0.000267806695774, 0.000164324286743, 5.35711369594e-005, 1.20834338304e-005, 6.76236322761e-006, 4.35977699453e-006, 1.56260526296e-007, 8.67032667884e-010]
        median: [6.00752017021e-008, 4.82974792249e-005, 0.000101843790617, 7.07011204213e-005, 0.000182241332368, 8.70925723575e-005, 6.43364037387e-005, 5.84639747103e-005, 5.08612502017e-005, 4.72146930406e-005, 3.45244188793e-005, 2.48884716711e-005, 3.0370469176e-005, 3.63669241779e-005, 4.16138245782e-005, 8.30461358419e-005, 0.000163079850608, 0.000210453901673, 0.000241397108766, 0.000176800327608, 9.77044255706e-005, 2.49483437074e-005, 6.22941433903e-006, 3.31930459652e-006, 1.47534467487e-006, 3.11111705287e-008, 1.86168247485e-010]
        min: [4.57110184696e-025, 4.95194417048e-024, 5.00302843611e-024, 4.51619594466e-024, 1.95472727229e-023, 1.6663176743e-023, 1.34071249577e-023, 6.91150305804e-024, 2.27586355379e-023, 1.68878427511e-023, 1.30030222816e-023, 5.33113525035e-023, 3.89203712688e-023, 5.69399990715e-023, 4.03542584927e-023, 9.33089417373e-023, 8.48967688578e-023, 1.06919215733e-022, 1.47533637397e-022, 1.86042381045e-022, 2.76924458472e-022, 3.46369764603e-022, 4.98239549515e-022, 5.77877241464e-022, 9.74215803454e-022, 1.30236881338e-021, 2.072519604e-021]
        var: [5.54180887378e-013, 8.94687275377e-008, 1.52864004122e-007, 8.82091626409e-008, 4.9424812687e-007, 4.88425122569e-008, 4.87753375467e-008, 1.34634959181e-007, 7.74557165073e-008, 2.57181191898e-008, 1.9741010604e-008, 1.73597634046e-008, 1.5037549872e-008, 5.30077954863e-008, 2.5371893031e-008, 8.34644851011e-008, 4.0643368493e-007, 2.87381766384e-007, 2.05679356213e-007, 1.10873237702e-007, 4.45271837179e-008, 5.83060666415e-009, 2.44798542548e-010, 7.80530362565e-011, 4.87909330993e-011, 1.5551087165e-013, 5.11171107419e-018]
    frequency_bands:
        dmean: [2.60079985992e-007, 0.000117060015327, 0.000151953281602, 0.000128079162096, 0.000255000049947, 9.02607425814e-005, 8.01468195277e-005, 9.83905047178e-005, 7.34507484594e-005, 5.2563904319e-005, 4.23268938903e-005, 3.9786544221e-005, 4.15138492826e-005, 6.56462507322e-005, 5.5267882999e-005, 8.74293618836e-005, 0.000167036647326, 0.000177643742063, 0.000165219520568, 0.00012711607269, 6.89022344886e-005, 2.31786907534e-005, 4.46671947429e-006, 2.52557083513e-006, 1.87266402918e-006, 1.04647668309e-007, 7.04680369612e-010, 4.45772203872e-011]
        dmean2: [4.22420981749e-007, 0.000206347744097, 0.000263470981736, 0.000223786671995, 0.000442989752628, 0.000147811399074, 0.000128941028379, 0.000151429674588, 0.000114364811452, 8.03888542578e-005, 6.73305548844e-005, 6.44119936624e-005, 6.67309577693e-005, 0.000107073603431, 8.83878165041e-005, 0.000142182136187, 0.000273934623692, 0.000295099162031, 0.000271412398433, 0.000209904988878, 0.000111235269287, 3.75437775801e-005, 7.04537933416e-006, 3.74871228814e-006, 2.73034925158e-006, 1.61426058298e-007, 1.15271359125e-009, 8.33115798571e-011]
        dvar: [6.25005201673e-013, 1.29551295913e-007, 1.77720295369e-007, 1.04586817429e-007, 6.38136270936e-007, 3.66213726011e-008, 2.49613645309e-008, 4.65231799751e-008, 2.28220677911e-008, 8.57341664329e-009, 8.24454726711e-009, 8.90090046113e-009, 6.97267266148e-009, 2.43511344422e-008, 1.26948958012e-008, 3.14620578479e-008, 1.13348427533e-007, 1.17518240472e-007, 9.40088682455e-008, 5.49631700153e-008, 1.55417350101e-008, 2.18824780518e-009, 7.01967997618e-011, 2.35990463282e-011, 2.03198586429e-011, 1.36411471311e-013, 5.00884413399e-018, 6.24797870216e-021]
        dvar2: [1.50368400457e-012, 3.57190629074e-007, 4.82600114537e-007, 2.87015694767e-007, 1.75519596723e-006, 9.40206774658e-008, 6.21135143319e-008, 1.01771391314e-007, 5.22264542724e-008, 1.95775928802e-008, 2.01879952755e-008, 2.30219328046e-008, 1.69050267118e-008, 6.52327116768e-008, 3.06494065683e-008, 7.76780311185e-008, 2.88181809083e-007, 3.09691898792e-007, 2.41814802848e-007, 1.36746393764e-007, 3.85522014312e-008, 5.62403279503e-009, 1.62925867242e-010, 5.05219477365e-011, 4.39294434162e-011, 3.36333473008e-013, 1.29676914378e-017, 2.00651366074e-020]
        max: [6.97973746355e-006, 0.00262332498096, 0.0070857880637, 0.00788982398808, 0.0100977262482, 0.00297904759645, 0.00236797262914, 0.00975983496755, 0.00355320796371, 0.00203308346681, 0.00263999961317, 0.00205152109265, 0.0015041984152, 0.00372272566892, 0.00223337602802, 0.00443293899298, 0.0100806010887, 0.00935995206237, 0.00667487364262, 0.00419913232327, 0.00300155486912, 0.000781840120908, 0.000187800280401, 0.000108291817014, 8.9681983809e-005, 6.90637489242e-006, 5.11945579262e-008, 1.40036571228e-009]
        mean: [2.55654782677e-007, 0.000116385192086, 0.000196080232854, 0.000160868061357, 0.000346362881828, 0.000157884715009, 0.000140260963235, 0.000188797013834, 0.000147430939251, 0.000102344260085, 8.13625374576e-005, 6.8437148002e-005, 7.33017077437e-005, 0.000109731539851, 9.48183806031e-005, 0.000164123033755, 0.000367403845303, 0.000381334364647, 0.000370025198208, 0.000267806695774, 0.000164324286743, 5.35711369594e-005, 1.20834338304e-005, 6.76236322761e-006, 4.35977699453e-006, 1.56260526296e-007, 8.67032667884e-010, 3.38830352664e-011]
        median: [6.00752017021e-008, 4.82974792249e-005, 0.000101843790617, 7.07011204213e-005, 0.000182241332368, 8.70925723575e-005, 6.43364037387e-005, 5.84639747103e-005, 5.08612502017e-005, 4.72146930406e-005, 3.45244188793e-005, 2.48884716711e-005, 3.0370469176e-005, 3.63669241779e-005, 4.16138245782e-005, 8.30461358419e-005, 0.000163079850608, 0.000210453901673, 0.000241397108766, 0.000176800327608, 9.77044255706e-005, 2.49483437074e-005, 6.22941433903e-006, 3.31930459652e-006, 1.47534467487e-006, 3.11111705287e-008, 1.86168247485e-010, 9.0065090802e-012]
        min: [4.57110184696e-025, 4.95194417048e-024, 5.00302843611e-024, 4.51619594466e-024, 1.95472727229e-023, 1.6663176743e-023, 1.34071249577e-023, 6.91150305804e-024, 2.27586355379e-023, 1.68878427511e-023, 1.30030222816e-023, 5.33113525035e-023, 3.89203712688e-023, 5.69399990715e-023, 4.03542584927e-023, 9.33089417373e-023, 8.48967688578e-023, 1.06919215733e-022, 1.47533637397e-022, 1.86042381045e-022, 2.76924458472e-022, 3.46369764603e-022, 4.98239549515e-022, 5.77877241464e-022, 9.74215803454e-022, 1.30236881338e-021, 2.072519604e-021, 5.51869065399e-022]
        var: [5.54180887378e-013, 8.94687275377e-008, 1.52864004122e-007, 8.82091626409e-008, 4.9424812687e-007, 4.88425122569e-008, 4.87753375467e-008, 1.34634959181e-007, 7.74557165073e-008, 2.57181191898e-008, 1.9741010604e-008, 1.73597634046e-008, 1.5037549872e-008, 5.30077954863e-008, 2.5371893031e-008, 8.34644851011e-008, 4.0643368493e-007, 2.87381766384e-007, 2.05679356213e-007, 1.10873237702e-007, 4.45271837179e-008, 5.83060666415e-009, 2.44798542548e-010, 7.80530362565e-011, 4.87909330993e-011, 1.5551087165e-013, 5.11171107419e-018, 4.65017595143e-021]
    mfcc:
        mean: [-734.931335449, 102.255058289, -38.1961212158, 43.5759429932, -7.62550544739, -11.1049747467, -2.61190009117, -4.95461511612, -1.79621744156, -6.14331912994, -3.53430747986, -4.25071191788, -6.74449205399]
        cov: [[10332.4140625, -1420.42651367, -871.424987793, 1490.29504395, -462.758544922, 230.898330688, 331.517822266, 196.49671936, 255.274856567, 144.546386719, 206.435165405, 269.658325195, 97.4845199585], [-1420.42651367, 1446.52880859, -198.686767578, -364.923522949, 73.8437728882, -197.242431641, -79.6795730591, -54.228012085, -101.059272766, -35.964630127, -74.8166275024, -106.901000977, -70.5951309204], [-871.424987793, -198.686767578, 825.373779297, -173.923660278, 53.4778404236, 163.888946533, 30.6615028381, 41.3418579102, 20.1251106262, 38.7052993774, 23.7215480804, 15.5672426224, 58.2408256531], [1490.29504395, -364.923522949, -173.923660278, 609.021728516, 0.518702328205, 41.6693115234, 98.616859436, 57.4325866699, 93.9255218506, 16.5139369965, 25.0590896606, 81.2516860962, 35.0561180115], [-462.758544922, 73.8437728882, 53.4778404236, 0.518702328205, 212.821350098, 28.5002422333, -28.9260940552, 20.9560089111, 12.259141922, 2.49728631973, -21.1996212006, -4.21750164032, -8.34552001953], [230.898330688, -197.242431641, 163.888946533, 41.6693115234, 28.5002422333, 178.888580322, 83.0202636719, 31.1093902588, 30.5652103424, 42.5884780884, 32.8922386169, 27.5122241974, 16.1241664886], [331.517822266, -79.6795730591, 30.6615028381, 98.616859436, -28.9260940552, 83.0202636719, 201.77154541, 76.9911956787, 34.5138282776, 40.1492538452, 31.7023181915, 45.1956062317, 10.1844205856], [196.49671936, -54.228012085, 41.3418579102, 57.4325866699, 20.9560089111, 31.1093902588, 76.9911956787, 149.479507446, 48.6158599854, 21.4002380371, 19.7927341461, 37.0792808533, 20.4705848694], [255.274856567, -101.059272766, 20.1251106262, 93.9255218506, 12.259141922, 30.5652103424, 34.5138282776, 48.6158599854, 95.5051498413, 31.5884189606, 13.0650596619, 29.6166095734, 15.1206207275], [144.546386719, -35.964630127, 38.7052993774, 16.5139369965, 2.49728631973, 42.5884780884, 40.1492538452, 21.4002380371, 31.5884189606, 106.91028595, 58.3326301575, 13.2743930817, 4.55380725861], [206.435165405, -74.8166275024, 23.7215480804, 25.0590896606, -21.1996212006, 32.8922386169, 31.7023181915, 19.7927341461, 13.0650596619, 58.3326301575, 98.0950241089, 34.0700187683, 6.92240095139], [269.658325195, -106.901000977, 15.5672426224, 81.2516860962, -4.21750164032, 27.5122241974, 45.1956062317, 37.0792808533, 29.6166095734, 13.2743930817, 34.0700187683, 85.4932174683, 33.9999351501], [97.4845199585, -70.5951309204, 58.2408256531, 35.0561180115, -8.34552001953, 16.1241664886, 10.1844205856, 20.4705848694, 15.1206207275, 4.55380725861, 6.92240095139, 33.9999351501, 77.2832183838]]
        icov: [[0.000212527273106, 4.8608668294e-005, 0.000211068356293, -0.000400996446842, 0.000495992775541, -0.000407902145525, 0.000209505975363, -0.000215698906686, 1.99339010578e-005, -0.000157532747835, -9.05285287445e-006, -0.000117178555229, 2.50879347732e-005], [4.8608668294e-005, 0.00111500278581, 0.00026681239251, 0.000531505502295, -0.000550376193132, 0.00106444465928, -0.00058926542988, 1.0063571608e-005, 0.000354136893293, -0.000376620679162, 0.000285207002889, 0.000427804770879, 4.7653047659e-005], [0.000211068356293, 0.00026681239251, 0.00207732687704, 0.000457362679299, 0.000150228996063, -0.00189404911362, 0.000310457951855, -0.000472001644084, -0.000234488383285, -0.000169225619175, -2.54326369031e-005, 0.000150270541781, -0.00130793883], [-0.000400996446842, 0.000531505502295, 0.000457362679299, 0.00357530708425, -0.00153577863239, 0.00097436120268, -0.00150674872566, 0.000773968582507, -0.001864079386, 0.000730839732569, -1.13529276859e-005, -0.000647994806059, -0.000742961710785], [0.000495992775541, -0.000550376193132, 0.000150228996063, -0.00153577863239, 0.00726492796093, -0.00323288748041, 0.00305902119726, -0.00219792826101, 9.64019727689e-006, -0.0013443112839, 0.00216410239227, -0.00137076200917, 0.00157964718528], [-0.000407902145525, 0.00106444465928, -0.00189404911362, 0.00097436120268, -0.00323288748041, 0.0116446111351, -0.00474242307246, 0.00188443437219, -0.000603596214205, -0.000998693634756, -0.00113252515439, 0.000722375290934, -0.000219974142965], [0.000209505975363, -0.00058926542988, 0.000310457951855, -0.00150674872566, 0.00305902119726, -0.00474242307246, 0.00963714066893, -0.00416780589148, 0.00115255697165, -0.00216421228833, 0.00144879915752, -0.00303088035434, 0.00190637307242], [-0.000215698906686, 1.0063571608e-005, -0.000472001644084, 0.000773968582507, -0.00219792826101, 0.00188443437219, -0.00416780589148, 0.0105678243563, -0.00400922168046, 0.00114390603267, -0.0012973556295, -0.000754969951231, -0.0014291969128], [1.99339010578e-005, 0.000354136893293, -0.000234488383285, -0.001864079386, 9.64019727689e-006, -0.000603596214205, 0.00115255697165, -0.00400922168046, 0.0166286192834, -0.00530810793862, 0.00332274124958, -0.00289895408787, 0.000394745060476], [-0.000157532747835, -0.000376620679162, -0.000169225619175, 0.000730839732569, -0.0013443112839, -0.000998693634756, -0.00216421228833, 0.00114390603267, -0.00530810793862, 0.0172126069665, -0.0104404352605, 0.00403787661344, -0.00112083682325], [-9.05285287445e-006, 0.000285207002889, -2.54326369031e-005, -1.13529276859e-005, 0.00216410239227, -0.00113252515439, 0.00144879915752, -0.0012973556295, 0.00332274124958, -0.0104404352605, 0.0192876532674, -0.00752966478467, 0.00246901018545], [-0.000117178555229, 0.000427804770879, 0.000150270541781, -0.000647994806059, -0.00137076200917, 0.000722375290934, -0.00303088035434, -0.000754969951231, -0.00289895408787, 0.00403787661344, -0.00752966478467, 0.0210809670389, -0.0072507141158], [2.50879347732e-005, 4.7653047659e-005, -0.00130793883, -0.000742961710785, 0.00157964718528, -0.000219974142965, 0.00190637307242, -0.0014291969128, 0.000394745060476, -0.00112083682325, 0.00246901018545, -0.0072507141158, 0.017575327307]]
    sccoeffs:
        dmean: [0.0459850244224, 0.0419220179319, 0.0334730409086, 0.0278342887759, 0.0202616322786, 0.0176277998835]
        dmean2: [0.0766764059663, 0.0689269676805, 0.0545204803348, 0.0455638468266, 0.0331624448299, 0.0279031116515]
        dvar: [0.00192522851285, 0.00121374195442, 0.00071964005474, 0.000504135678057, 0.000300717656501, 0.000350155372871]
        dvar2: [0.00508325733244, 0.00328689767048, 0.00183428800665, 0.00131491047796, 0.000736221205443, 0.000767118704971]
        max: [-0.335390597582, -0.482940465212, -0.555413961411, -0.551517784595, -0.53845757246, -0.526821255684]
        mean: [-0.645858168602, -0.746914625168, -0.774881362915, -0.782960653305, -0.78647595644, -0.765316188335]
        median: [-0.657393932343, -0.75218307972, -0.780881762505, -0.787151157856, -0.791845083237, -0.765823841095]
        min: [-0.97760206461, -0.972561359406, -0.98969233036, -0.968013286591, -0.971678316593, -0.96373462677]
        var: [0.00720115378499, 0.00438605574891, 0.00359296496026, 0.00275457231328, 0.00234553939663, 0.00272849318571]
    scvalleys:
        dmean: [0.35087287426, 0.33700042963, 0.303500980139, 0.272809326649, 0.24256965518, 0.212184965611]
        dmean2: [0.57782381773, 0.551772475243, 0.487526416779, 0.41363722086, 0.357532262802, 0.298473060131]
        dvar: [0.106491103768, 0.0983439236879, 0.0760190263391, 0.0735263824463, 0.0865876749158, 0.0869156196713]
        dvar2: [0.262729197741, 0.243347004056, 0.170524552464, 0.142498373985, 0.150141194463, 0.155736461282]
        max: [-5.14255905151, -4.42972278595, -5.2875957489, -5.46738862991, -5.4896979332, -7.39046049118]
        mean: [-7.37508678436, -6.92203140259, -7.49109268188, -7.66193914413, -7.57338666916, -10.2496957779]
        median: [-6.86694431305, -6.69843864441, -7.19779205322, -7.2960357666, -6.90766811371, -9.33459472656]
        min: [-27.9831295013, -27.7835788727, -27.6417922974, -27.5653133392, -27.4224262238, -27.3310127258]
        var: [2.71742653847, 2.4037528038, 2.75699973106, 2.90983915329, 3.77228116989, 5.5348777771]

rhythm:
    beats_loudness:
        dmean: 0.00296317879111
        dmean2: 0.00551278609782
        dvar: 8.94291133591e-006
        dvar2: 2.54565984505e-005
        max: 0.017576277256
        mean: 0.00528193218634
        median: 0.00448169140145
        min: 1.03458361669e-011
        var: 1.49800516738e-005
    bpm: 146.042251587
    bpm_confidence: 0
    first_peak_bpm: 148
    first_peak_spread: 0.424092382193
    first_peak_weight: 0.56472492218
    onset_rate: 2.76661014557
    second_peak_bpm: 140
    second_peak_spread: 0.124999985099
    second_peak_weight: 0.0113268606365
    beats_loudness_band_ratio:
        dmean: [0.126226007938, 0.0986402630806, 0.0982613787055, 0.0580304339528, 0.113378949463, 0.0995334759355]
        dmean2: [0.217935845256, 0.170952036977, 0.175006195903, 0.099707596004, 0.190833717585, 0.167163997889]
        dvar: [0.0141227096319, 0.0102887544781, 0.0106176249683, 0.00428498256952, 0.0118863284588, 0.01097285375]
        dvar2: [0.0378588736057, 0.0277809165418, 0.0314637310803, 0.0119367875159, 0.0306532159448, 0.0308280624449]
        max: [0.920299172401, 0.889571130276, 0.651478230953, 0.433130651712, 0.882660627365, 0.729034006596]
        mean: [0.189106419683, 0.148449465632, 0.158667892218, 0.0981295257807, 0.262792170048, 0.193358510733]
        median: [0.13989263773, 0.114540614188, 0.118023946881, 0.0770523250103, 0.231706649065, 0.185535266995]
        min: [0, 0, 0, 0, 0, 0]
        var: [0.0280800331384, 0.0157547034323, 0.0154920583591, 0.00544508686289, 0.0262335408479, 0.0165895614773]
    beats_position: [0.406349211931, 0.824308395386, 1.24226760864, 1.64861679077, 2.0549659729, 2.46131515503, 2.86766433716, 3.27401351929, 3.69197273254, 4.1099319458, 4.51628112793, 4.92263031006, 5.34058952332, 5.74693870544, 6.15328788757, 6.5596370697, 6.96598625183, 7.38394546509, 7.80190467834, 8.2198638916, 8.62621307373, 9.03256225586, 9.43891143799, 9.85687065125, 10.2632198334, 10.6695690155, 11.0759181976, 11.4938774109, 11.9118366241, 12.3181858063, 12.7245349884, 13.1424942017, 13.5488433838, 13.9551925659, 14.3731517792, 14.7795009613, 15.1858501434, 15.6038093567, 16.0101585388, 16.4281177521, 16.8344669342, 17.2524261475, 17.6703853607, 18.0651245117, 18.4714736938, 18.877822876, 19.2957820892, 19.7137413025, 20.1317005157, 20.549659729, 20.9560089111, 21.3739681244, 21.7803173065, 22.1866664886, 22.5930156708, 22.9993648529, 23.405714035, 23.8236732483, 24.2300224304, 24.6479816437, 25.0543308258, 25.4722900391, 25.8786392212, 26.2849884033, 26.6913375854, 27.1092967987, 27.5388660431, 27.9568252563, 28.3631744385, 28.7811336517, 29.1874828339, 29.593832016, 30.0001811981, 30.4065303802, 30.8012695313, 31.1960086823, 31.6023578644, 32.0203170776, 32.4382743835, 32.8562355042, 33.2625846863, 33.6805419922, 34.0868911743, 34.5048522949, 34.9228096008, 35.329158783, 35.7355079651, 36.1534690857, 36.5598182678, 36.9777755737, 37.3841247559, 37.790473938, 38.1968231201, 38.6147842407, 39.0327415466, 39.4390907288, 39.8454399109, 40.2634010315, 40.6813583374, 41.0877075195, 41.4940567017, 41.9120178223, 42.3183670044, 42.7247161865, 43.1426734924, 43.5490226746, 43.9553718567, 44.3733329773, 44.7796821594, 45.1860313416, 45.6039886475, 46.0219497681, 46.4282989502, 46.8346481323, 47.2526054382, 47.6589546204, 48.0653038025, 48.4832649231, 48.901222229, 49.3075714111, 49.7139205933, 50.1202697754, 50.5266189575, 50.9445800781, 51.362537384, 51.7804985046, 52.1868476868, 52.5931968689, 52.999546051, 53.4175033569, 53.8354644775, 54.2418136597, 54.6365509033, 55.0545120239, 55.4608612061, 55.878818512, 56.2851676941, 56.7031288147, 57.1210861206, 57.5274353027, 57.9337844849, 58.340133667, 58.7464828491, 59.1644439697, 59.5707931519, 59.977142334, 60.3950996399, 60.8130607605, 61.2194099426, 61.6257591248, 62.0437164307, 62.4616775513, 62.8680267334, 63.2859840393, 63.6923332214, 64.0986862183, 64.5166397095, 64.9229888916, 65.3293380737, 65.7356872559, 66.1304321289, 66.5483856201, 66.9663467407, 67.3843078613, 67.7906570435, 68.1970062256, 68.6149673462, 69.0213165283, 69.4276657104, 69.8456192017, 70.2635803223, 70.6815414429, 71.087890625, 71.4942398071, 71.9122009277, 72.3185501099, 72.724899292, 73.1428527832, 73.5608139038, 73.9671630859, 74.3735122681, 74.7798614502, 75.1862106323, 75.5925598145, 75.9989089966, 76.4168701172, 76.8348312378, 77.2411804199, 77.6475296021, 78.0654830933, 78.4834442139, 78.9014053345, 79.2961425781, 79.7141036987, 80.1320648193, 80.5384140015, 80.9447631836, 81.3511123657, 81.7574615479, 82.1754150391, 82.5817642212, 82.9997253418, 83.4060745239, 83.8240356445, 84.2419967651, 84.6483459473, 85.0546951294, 85.4610443115, 85.8673934937, 86.2853469849, 86.7033081055, 87.1096572876, 87.5160064697, 87.9339675903, 88.3519287109, 88.7582778931, 89.1646270752, 89.5825805664, 90.000541687, 90.4068908691, 90.8132400513, 91.2195892334, 91.6259384155, 92.0438995361, 92.4618606567, 92.8682098389, 93.274559021, 93.6809082031, 94.0872573853, 94.5052108765, 94.9231719971, 95.3295211792, 95.7358703613, 96.1538314819, 96.5717926025, 96.9781417847, 97.3844909668, 97.802444458, 98.2204055786, 98.6267547607, 99.0331039429, 99.439453125, 99.8458023071, 100.263763428, 100.67011261, 101.076461792, 101.494422913, 101.900772095, 102.307121277, 102.725074768, 103.143035889, 103.549385071, 103.955734253, 104.373695374, 104.791656494, 105.198005676, 105.604354858, 106.02230835, 106.44026947, 106.846618652, 107.252967834, 107.659317017, 108.065666199, 108.483627319, 108.889976501, 109.307937622, 109.714286804, 110.120635986, 110.526985168, 110.94493866, 111.36289978, 111.769248962, 112.175598145, 112.593559265, 113.011520386, 113.417869568, 113.82421875, 114.242172241, 114.660133362, 115.066482544, 115.472831726, 115.890792847, 116.297142029, 116.703491211, 117.109840393, 117.527801514, 117.934150696, 118.352104187, 118.758453369, 119.164802551, 119.582763672, 119.989112854, 120.395462036, 120.813423157, 121.219772339, 121.626121521, 122.044082642, 122.462036133, 122.879997253, 123.286346436, 123.692695618, 124.0990448, 124.505393982, 124.911743164, 125.318092346, 125.736053467, 126.154014587, 126.56036377, 126.966712952, 127.384666443, 127.802627563, 128.208984375, 128.615325928, 129.033279419, 129.451248169, 129.857589722, 130.263946533, 130.670288086, 131.076644897, 131.494598389, 131.9009552, 132.307296753, 132.725265503, 133.143218994, 133.549560547, 133.955917358, 134.37387085, 134.780227661, 135.186569214, 135.604537964, 136.022491455, 136.428848267, 136.835189819, 137.253143311, 137.659500122, 138.065841675, 138.472198486, 138.890151978, 139.296508789, 139.71446228, 140.120819092, 140.527160645, 140.945129395, 141.363082886, 141.781036377, 142.187393188, 142.593734741, 143.000091553, 143.418045044, 143.824401855, 144.242355347, 144.648712158, 145.055053711, 145.473007202, 145.890975952, 146.297317505, 146.703674316, 147.110015869, 147.516372681, 147.934326172, 148.352294922, 148.758636475, 149.164993286, 149.582946777, 149.98928833, 150.395645142, 150.801986694, 151.208343506, 151.614685059, 152.032653809, 152.4506073, 152.856964111, 153.274917603, 153.681274414, 154.087615967, 154.505569458, 154.923538208, 155.329879761, 155.736236572, 156.154190063, 156.560546875, 156.978500366, 157.384857178, 157.79119873, 158.197555542, 158.615509033, 159.033462524, 159.439819336, 159.846160889, 160.264129639, 160.68208313, 161.088439941, 161.494781494, 161.912734985, 162.330703735, 162.737045288, 163.1434021, 163.549743652, 163.956100464, 164.374053955, 164.780410767, 165.186752319, 165.604721069, 166.011062622, 166.417419434, 166.835372925, 167.253326416, 167.659683228, 168.06602478, 168.48399353, 168.901947021, 169.308303833, 169.726257324, 170.132598877, 170.538955688, 170.945297241, 171.351654053, 171.757995605, 172.175964355, 172.593917847, 173.011871338, 173.418228149, 173.824569702, 174.242538452, 174.648880005, 175.055236816, 175.461578369, 175.867935181, 176.274276733, 176.680633545, 177.098587036, 177.516555786, 177.934509277, 178.352462769, 178.75881958, 179.165161133, 179.583129883, 179.989471436, 180.395828247, 180.813781738, 181.22013855, 181.626480103, 182.032836914, 182.450790405, 182.857131958, 183.26348877, 183.681442261, 184.087799072, 184.505752563, 184.923721313, 185.341674805, 185.736419678, 186.154373169, 186.560714722, 186.978683472, 187.385025024, 187.791381836, 188.197723389, 188.615692139, 189.022033691, 189.428390503, 189.846343994, 190.264297485, 190.670654297, 191.07699585, 191.4949646, 191.912918091, 192.319274902, 192.725616455, 193.131973267, 193.549926758, 193.956283569, 194.362625122, 194.768981934, 195.186935425, 195.593276978, 195.999633789, 196.41758728, 196.83555603, 197.241897583, 197.648254395, 198.066207886, 198.484161377, 198.890518188, 199.296859741, 199.714828491, 200.132781982, 200.539138794, 200.945480347, 201.351837158, 201.769790649, 202.176147461, 202.582489014, 202.988845825, 203.406799316, 203.824752808, 204.231109619, 204.637451172, 205.055419922, 205.473373413, 205.879730225, 206.286071777, 206.704025269, 207.11038208, 207.516723633, 207.934692383, 208.352645874, 208.759002686, 209.165344238, 209.57170105, 209.978042603, 210.384399414, 210.790740967, 211.208709717, 211.626663208, 212.033004761, 212.439361572, 212.857315063, 213.275283813, 213.681625366, 214.087982178, 214.505935669, 214.92388916, 215.34185791, 215.748199463, 216.154556274, 216.549285889, 216.967254639, 217.373596191, 217.791564941, 218.209518433, 218.615875244, 219.022216797, 219.428573608, 219.8465271, 220.252868652, 220.659225464, 221.077178955, 221.495147705, 221.901489258, 222.307846069, 222.725799561, 223.143753052, 223.550109863, 223.944854736, 224.362808228, 224.780761719, 225.18711853, 225.593460083, 225.999816895, 226.417770386, 226.835739136, 227.242080688, 227.66003418, 228.066390991, 228.484344482, 228.902313232, 229.308654785, 229.715011597, 230.121353149, 230.527709961, 230.945663452, 231.363616943, 231.769973755, 232.176315308, 232.582672119, 232.989013672, 233.406982422, 233.824935913, 234.242904663, 234.660858154, 235.067199707, 235.473556519, 235.879898071, 236.286254883, 236.692596436, 237.098953247, 237.5052948, 237.92326355, 238.329605103, 238.735961914, 239.142303467, 239.560272217, 239.978225708, 240.396179199, 240.802536011, 241.208877563, 241.626846313, 242.044799805, 242.451156616, 242.857498169, 243.275466919, 243.69342041, 244.111373901, 244.517730713, 244.924072266, 245.342041016, 245.759994507, 246.177947998, 246.595916748, 247.025482178, 247.455047607, 247.896224976, 248.256134033, 248.616043091, 248.975952148, 249.335861206, 249.765441895, 250.195007324, 250.624572754, 251.054138184, 251.460494995, 251.866836548, 252.284805298, 252.691146851, 253.097503662, 253.503845215, 253.910202026, 254.316543579]
