
metadata:
    version:
        essentia: "2.1-beta2"
    audio_properties:
        analysis_sample_rate: 44100
        bitrate: 320
        channels: 2
        equal_loudness: 1
        length: 202.736328125
        replay_gain: -14.2397842407
        downmix: "mix"
    tags:
        album: "Isolate And Medicate (Deluxe Edition)"
        artist: "Seether"
        comment: ""
        date: "2014"
        genre: "Alt. Rock/Post-Grunge"
        title: "Goodbye Tonight - Van Coke Kartel"
        tracknumber: "13"

configuration:
    average_loudness:
        compute: 1
        frameSize: 88200
        hopSize: 44100
        silentFrames: "noise"
        windowType: "hann"
    general:
        analysisSampleRate: 44100
        endTime: 2000
        equalLoudness: 1
        nequalLoudness: 0
        shortSound: 0
        startTime: 0
    lowlevel:
        compute: 1
        frameSize: 2048
        hopSize: 1024
        zeroPadding: 0
        silentFrames: "noise"
        windowType: "blackmanharris62"
        mfccStats: ["mean", "cov", "icov"]
        stats: ["mean", "var", "median", "min", "max", "dmean", "dmean2", "dvar", "dvar2"]
    panning:
        compute: 0
        frameSize: 8192
        hopSize: 2048
        zeroPadding: 8192
        silentFrames: "noise"
        windowType: "hann"
        stats: ["copy"]
    rhythm:
        compute: 1
        maxTempo: 208
        minTempo: 40
        method: "degara"
        stats: ["mean", "var", "median", "min", "max", "dmean", "dmean2", "dvar", "dvar2"]
    segmentation:
        compute: 0
        cpw: 5
        inc1: 300
        inc2: 50
        minimumSegmentsLength: 10
        size1: 1000
        size2: 600
    sfx:
        compute: 1
        stats: ["mean", "var", "median", "min", "max", "dmean", "dmean2", "dvar", "dvar2"]
    svm:
        compute: 0
    tonal:
        compute: 1
        frameSize: 4096
        hopSize: 2048
        zeroPadding: 0
        silentFrames: "noise"
        windowType: "blackmanharris62"
        stats: ["mean", "var", "median", "min", "max", "dmean", "dmean2", "dvar", "dvar2"]

lowlevel:
    average_loudness: 0.842659235001
    barkbands_kurtosis:
        dmean: 2.10206413269
        dmean2: 3.1598675251
        dvar: 43.1736602783
        dvar2: 77.6055297852
        max: 399.26751709
        mean: 3.37201976776
        median: -0.803501486778
        min: -1.90993154049
        var: 183.209381104
    barkbands_skewness:
        dmean: 0.467330873013
        dmean2: 0.722921550274
        dvar: 0.328379511833
        dvar2: 0.704903423786
        max: 16.0027656555
        mean: 0.886335670948
        median: 0.338140934706
        min: -2.95992684364
        var: 2.77470350266
    barkbands_spread:
        dmean: 5.20943260193
        dmean2: 8.17311096191
        dvar: 41.1401023865
        dvar2: 93.7554168701
        max: 73.5982666016
        mean: 27.4765853882
        median: 28.7747344971
        min: 0.201233103871
        var: 191.979095459
    dissonance:
        dmean: 0.0134311430156
        dmean2: 0.0221265405416
        dvar: 0.000188788282685
        dvar2: 0.000473189313198
        max: 0.5
        mean: 0.470088541508
        median: 0.477895110846
        min: 0.184156864882
        var: 0.000688422296662
    hfc:
        dmean: 1.83026373386
        dmean2: 2.90824198723
        dvar: 8.89209365845
        dvar2: 21.4857139587
        max: 48.3745613098
        mean: 6.80075597763
        median: 5.38086366653
        min: 1.13703347029e-016
        var: 42.8288002014
    pitch:
        dmean: 686.43939209
        dmean2: 1334.1184082
        dvar: 1646349.5
        dvar2: 4142366.75
        max: 5129.39013672
        mean: 1032.13549805
        median: 246.609420776
        min: 43.0243911743
        var: 2087200.625
    pitch_instantaneous_confidence:
        dmean: 0.0801085233688
        dmean2: 0.127736821771
        dvar: 0.00514014624059
        dvar2: 0.012641645968
        max: 0.931425988674
        mean: 0.428802162409
        median: 0.404222726822
        min: 0.0771944522858
        var: 0.0219036974013
    pitch_salience:
        dmean: 0.0585820898414
        dmean2: 0.0959143862128
        dvar: 0.00293170101941
        dvar2: 0.00775763764977
        max: 0.972433745861
        mean: 0.610853075981
        median: 0.63200879097
        min: 0.0310909990221
        var: 0.0129263922572
    silence_rate_20dB:
        dmean: 0
        dmean2: 0
        dvar: 0
        dvar2: 0
        max: 1
        mean: 1
        median: 1
        min: 1
        var: 0
    silence_rate_30dB:
        dmean: 0
        dmean2: 0
        dvar: 0
        dvar2: 0
        max: 1
        mean: 1
        median: 1
        min: 1
        var: 0
    silence_rate_60dB:
        dmean: 0.0547411814332
        dmean2: 0.109494902194
        dvar: 0.0517404489219
        dvar2: 0.113757990301
        max: 1
        mean: 0.480018317699
        median: 0
        min: 0
        var: 0.249615684152
    spectral_centroid:
        dmean: 227.771408081
        dmean2: 365.594299316
        dvar: 93340.734375
        dvar2: 215352.296875
        max: 11578.6914063
        mean: 1333.94177246
        median: 1478.046875
        min: 139.507110596
        var: 626559.8125
    spectral_complexity:
        dmean: 2.69949603081
        dmean2: 4.27075958252
        dvar: 11.0308952332
        dvar2: 24.6427230835
        max: 48
        mean: 12.9761819839
        median: 11
        min: 0
        var: 102.169509888
    spectral_crest:
        dmean: 2.03969979286
        dmean2: 3.31950545311
        dvar: 3.88573360443
        dvar2: 9.91597747803
        max: 25.7475414276
        mean: 8.55656147003
        median: 7.44038391113
        min: 2.55617713928
        var: 17.6581707001
    spectral_decrease:
        dmean: 2.29710458988e-010
        dmean2: 3.65722674367e-010
        dvar: 1.00675984333e-019
        dvar2: 2.45856612066e-019
        max: 9.66479553601e-029
        mean: -9.32438015688e-010
        median: -7.70293107077e-010
        min: -4.27772839373e-009
        var: 4.50955657208e-019
    spectral_energy:
        dmean: 0.00100743037183
        dmean2: 0.00159986747894
        dvar: 1.98388875106e-006
        dvar2: 4.80262588098e-006
        max: 0.0196276791394
        mean: 0.00413608085364
        median: 0.00339177553542
        min: 1.04199667113e-020
        var: 9.52952814259e-006
    spectral_energyband_high:
        dmean: 0.000131448090542
        dmean2: 0.000223894559895
        dvar: 7.88444225464e-008
        dvar2: 2.11986574072e-007
        max: 0.0038027127739
        mean: 0.000280516629573
        median: 0.00021404310246
        min: 7.49328215069e-021
        var: 1.20322212638e-007
    spectral_energyband_low:
        dmean: 0.000139180090628
        dmean2: 0.000233614264289
        dvar: 3.68556527519e-008
        dvar2: 9.94679396626e-008
        max: 0.00292988587171
        mean: 0.000323283224134
        median: 0.000275596219581
        min: 2.32734051439e-023
        var: 5.79542209778e-008
    spectral_energyband_middle_high:
        dmean: 0.000531009456608
        dmean2: 0.000821169174742
        dvar: 6.68224743094e-007
        dvar2: 1.50936193677e-006
        max: 0.0152269518003
        mean: 0.00198974926025
        median: 0.00123324012384
        min: 1.04919782767e-021
        var: 4.436900781e-006
    spectral_energyband_middle_low:
        dmean: 0.000615449331235
        dmean2: 0.00100239587482
        dvar: 8.40517429879e-007
        dvar2: 2.19112166633e-006
        max: 0.0113317696378
        mean: 0.00169427937362
        median: 0.00139315647539
        min: 2.17754463217e-022
        var: 1.6408122292e-006
    spectral_flatness_db:
        dmean: 0.0169544909149
        dmean2: 0.0261825807393
        dvar: 0.00038556123036
        dvar2: 0.000779869093094
        max: 0.526869475842
        mean: 0.172861993313
        median: 0.144542664289
        min: 0.045957788825
        var: 0.00582423666492
    spectral_flux:
        dmean: 0.00682733720168
        dmean2: 0.0103132966906
        dvar: 6.18365811533e-005
        dvar2: 0.00012224058446
        max: 0.104096576571
        mean: 0.0333583392203
        median: 0.0333256870508
        min: 6.7591175712e-011
        var: 0.000382889993489
    spectral_kurtosis:
        dmean: 3.31129384041
        dmean2: 5.44937133789
        dvar: 79.8219223022
        dvar2: 191.907455444
        max: 177.356887817
        mean: 8.54875183105
        median: 3.76746892929
        min: -1.2499461174
        var: 315.995300293
    spectral_rms:
        dmean: 0.000232281643548
        dmean2: 0.000361551443348
        dvar: 7.45011234926e-008
        dvar2: 1.74054719082e-007
        max: 0.0043759518303
        mean: 0.00185246160254
        median: 0.00181907927617
        min: 3.18838835542e-012
        var: 6.03570356361e-007
    spectral_rolloff:
        dmean: 394.337860107
        dmean2: 656.751159668
        dvar: 441467.28125
        dvar2: 983690.5
        max: 19293.75
        mean: 2518.57495117
        median: 3100.78125
        min: 129.19921875
        var: 2298521.75
    spectral_skewness:
        dmean: 0.320440232754
        dmean2: 0.515645623207
        dvar: 0.367364794016
        dvar2: 0.874814867973
        max: 11.0680027008
        mean: 1.7908809185
        median: 1.43013870716
        min: -0.220003992319
        var: 1.57860040665
    spectral_spread:
        dmean: 487676.6875
        dmean2: 719839.375
        dvar: 665164644352
        dvar2: 1.24425129165e+012
        max: 51632144
        mean: 4555721.5
        median: 4416859.5
        min: 504967.65625
        var: 4.49611563008e+012
    spectral_strongpeak:
        dmean: 0.370087951422
        dmean2: 0.633782744408
        dvar: 0.437760621309
        dvar2: 1.16539669037
        max: 7.70612764359
        mean: 0.599347114563
        median: 0.221789181232
        min: 1.21040844014e-010
        var: 0.756481170654
    zerocrossingrate:
        dmean: 0.00769026204944
        dmean2: 0.00917684659362
        dvar: 7.30686733732e-005
        dvar2: 8.31700672279e-005
        max: 0.51416015625
        mean: 0.0786160752177
        median: 0.08935546875
        min: 0.00634765625
        var: 0.00155786809046
    barkbands:
        dmean: [1.47886112245e-007, 4.27549239248e-005, 6.9237939897e-005, 0.000164905985002, 0.000316662364639, 0.000148331091623, 8.9736568043e-005, 8.70551230037e-005, 0.000134749803692, 8.14674349385e-005, 2.51196452155e-005, 8.50086580613e-005, 5.10696081619e-005, 9.17105062399e-005, 6.97260184097e-005, 9.69422544586e-005, 0.000132449451485, 0.000174617423909, 0.000156837093527, 0.000129329375341, 6.62823149469e-005, 1.99841961148e-005, 3.92988158637e-006, 2.22669086725e-006, 9.16560679798e-007, 2.65242494635e-008, 3.35451499911e-010]
        dmean2: [2.51108133398e-007, 7.29898529244e-005, 0.00011698063463, 0.000276223086985, 0.000535205123015, 0.000238761858782, 0.000143608573126, 0.00013560707157, 0.000212020269828, 0.000127392209833, 4.08330488426e-005, 0.000138999253977, 8.26577743283e-005, 0.000148930470459, 0.000108910659037, 0.000154770212248, 0.000215290841879, 0.000283857749309, 0.00025740818819, 0.000220801739488, 0.000113455869723, 3.42338280461e-005, 6.61106423649e-006, 3.54103281097e-006, 1.44243028899e-006, 4.02119724185e-008, 5.46613976304e-010]
        dvar: [5.82378451562e-014, 5.32681898591e-009, 1.47567087438e-008, 6.9673731673e-008, 3.48293951902e-007, 1.07735402821e-007, 4.2179649995e-008, 4.37889795535e-008, 1.18416899397e-007, 4.911444762e-008, 4.72988492817e-009, 6.73713671517e-008, 1.46288430258e-008, 5.62853408326e-008, 3.31969580714e-008, 7.10230736445e-008, 8.15293716983e-008, 1.1193296956e-007, 7.02495412952e-008, 5.91410760364e-008, 1.91953706263e-008, 2.01034455749e-009, 6.15871936782e-011, 3.20128368259e-011, 8.23061584165e-012, 4.04759564285e-015, 3.06806950213e-019]
        dvar2: [1.53438364987e-013, 1.45896157377e-008, 3.94237638091e-008, 1.89875251522e-007, 9.50508933784e-007, 2.73978088217e-007, 1.00485443966e-007, 1.00928239988e-007, 2.93504086812e-007, 1.1418536161e-007, 1.15234479736e-008, 1.77635541831e-007, 3.55694709242e-008, 1.44768051769e-007, 8.14089275991e-008, 1.74862748281e-007, 2.13286156736e-007, 2.77420554085e-007, 1.76937902552e-007, 1.60561384632e-007, 5.2010619811e-008, 5.16826759167e-009, 1.59349089479e-010, 6.53525844552e-011, 1.47842953158e-011, 8.21250280779e-015, 7.52103528809e-019]
        max: [2.58032400779e-006, 0.000849988718983, 0.00257240585051, 0.00618646945804, 0.00729451095685, 0.00675488356501, 0.00550730479881, 0.00472253141925, 0.00714408094063, 0.00483420630917, 0.00197158823721, 0.00726304436103, 0.00326638738625, 0.00529924361035, 0.00420423364267, 0.00734507897869, 0.00554349459708, 0.00829904247075, 0.00553866149858, 0.00396127859131, 0.00237194751389, 0.00103177281562, 0.000179576236405, 0.000137621536851, 0.000110457905976, 2.02477531275e-006, 1.25405481555e-008]
        mean: [1.9938802609e-007, 6.92681933288e-005, 0.000130614105728, 0.00030885785236, 0.000528508389834, 0.000256552331848, 0.000164560537087, 0.00015544683265, 0.000234873776208, 0.000136218397529, 4.12461486121e-005, 0.000139927200507, 8.72288364917e-005, 0.000149278421304, 0.000121597608086, 0.000183599928278, 0.00025827207719, 0.000389985652873, 0.000351439492078, 0.000253239355516, 0.000124540107208, 3.52944807673e-005, 8.48301078804e-006, 4.76269678984e-006, 2.03287368095e-006, 5.78702987752e-008, 5.4597631971e-010]
        median: [5.41325100301e-008, 4.62511161459e-005, 9.61760015343e-005, 0.000208031342481, 0.000362191349268, 0.000131010296172, 7.03010155121e-005, 4.79447226098e-005, 6.28860216239e-005, 3.43744250131e-005, 1.69561390067e-005, 3.42830244335e-005, 3.75708768843e-005, 4.12964182033e-005, 3.62875543942e-005, 6.77290881868e-005, 0.000106048566522, 0.000188781588804, 0.000227808908676, 0.000190362814465, 8.66857299116e-005, 2.00415724976e-005, 4.66418669021e-006, 1.98904899662e-006, 8.03620366696e-007, 2.89629547012e-008, 2.75176659237e-010]
        min: [2.10449472396e-024, 6.13499729231e-024, 1.20086550247e-024, 4.18121424708e-025, 2.91053512643e-023, 6.52462594859e-024, 6.17196568092e-024, 2.75009817324e-023, 1.76549673829e-023, 2.93524824532e-023, 2.83416739546e-023, 3.04623813479e-023, 5.21085037061e-023, 5.52455384689e-023, 5.96378087041e-023, 9.60265864885e-023, 9.89612121648e-023, 1.10518958438e-022, 1.44972199727e-022, 2.66597145885e-022, 3.17971049694e-022, 3.71554647562e-022, 5.11555925492e-022, 7.49047890506e-022, 9.79029849216e-022, 1.36352787408e-021, 2.11110628711e-021]
        var: [1.03957044795e-013, 6.49590337076e-009, 2.01411740619e-008, 1.12714943157e-007, 3.64448396795e-007, 1.72337877302e-007, 8.79803394582e-008, 1.15435838666e-007, 2.93228453074e-007, 1.09517337421e-007, 7.53953166566e-009, 1.31742950771e-007, 2.64689798968e-008, 1.06917582343e-007, 7.94993511022e-008, 1.77324622541e-007, 1.95638321543e-007, 3.12819736337e-007, 1.9206724744e-007, 9.27641323756e-008, 2.66382222947e-008, 3.0396083428e-009, 1.3313777858e-010, 1.02870496843e-010, 3.49937127886e-011, 1.04292125947e-014, 5.8800743889e-019]
    frequency_bands:
        dmean: [1.47886112245e-007, 4.27549239248e-005, 6.9237939897e-005, 0.000164905985002, 0.000316662364639, 0.000148331091623, 8.9736568043e-005, 8.70551230037e-005, 0.000134749803692, 8.14674349385e-005, 2.51196452155e-005, 8.50086580613e-005, 5.10696081619e-005, 9.17105062399e-005, 6.97260184097e-005, 9.69422544586e-005, 0.000132449451485, 0.000174617423909, 0.000156837093527, 0.000129329375341, 6.62823149469e-005, 1.99841961148e-005, 3.92988158637e-006, 2.22669086725e-006, 9.16560679798e-007, 2.65242494635e-008, 3.35451499911e-010, 5.0492221515e-011]
        dmean2: [2.51108133398e-007, 7.29898529244e-005, 0.00011698063463, 0.000276223086985, 0.000535205123015, 0.000238761858782, 0.000143608573126, 0.00013560707157, 0.000212020269828, 0.000127392209833, 4.08330488426e-005, 0.000138999253977, 8.26577743283e-005, 0.000148930470459, 0.000108910659037, 0.000154770212248, 0.000215290841879, 0.000283857749309, 0.00025740818819, 0.000220801739488, 0.000113455869723, 3.42338280461e-005, 6.61106423649e-006, 3.54103281097e-006, 1.44243028899e-006, 4.02119724185e-008, 5.46613976304e-010, 9.40786684667e-011]
        dvar: [5.82378451562e-014, 5.32681898591e-009, 1.47567087438e-008, 6.9673731673e-008, 3.48293951902e-007, 1.07735402821e-007, 4.2179649995e-008, 4.37889795535e-008, 1.18416899397e-007, 4.911444762e-008, 4.72988492817e-009, 6.73713671517e-008, 1.46288430258e-008, 5.62853408326e-008, 3.31969580714e-008, 7.10230736445e-008, 8.15293716983e-008, 1.1193296956e-007, 7.02495412952e-008, 5.91410760364e-008, 1.91953706263e-008, 2.01034455749e-009, 6.15871936782e-011, 3.20128368259e-011, 8.23061584165e-012, 4.04759564285e-015, 3.06806950213e-019, 5.92994108522e-021]
        dvar2: [1.53438364987e-013, 1.45896157377e-008, 3.94237638091e-008, 1.89875251522e-007, 9.50508933784e-007, 2.73978088217e-007, 1.00485443966e-007, 1.00928239988e-007, 2.93504086812e-007, 1.1418536161e-007, 1.15234479736e-008, 1.77635541831e-007, 3.55694709242e-008, 1.44768051769e-007, 8.14089275991e-008, 1.74862748281e-007, 2.13286156736e-007, 2.77420554085e-007, 1.76937902552e-007, 1.60561384632e-007, 5.2010619811e-008, 5.16826759167e-009, 1.59349089479e-010, 6.53525844552e-011, 1.47842953158e-011, 8.21250280779e-015, 7.52103528809e-019, 1.88768383431e-020]
        max: [2.58032400779e-006, 0.000849988718983, 0.00257240585051, 0.00618646945804, 0.00729451095685, 0.00675488356501, 0.00550730479881, 0.00472253141925, 0.00714408094063, 0.00483420630917, 0.00197158823721, 0.00726304436103, 0.00326638738625, 0.00529924361035, 0.00420423364267, 0.00734507897869, 0.00554349459708, 0.00829904247075, 0.00553866149858, 0.00396127859131, 0.00237194751389, 0.00103177281562, 0.000179576236405, 0.000137621536851, 0.000110457905976, 2.02477531275e-006, 1.25405481555e-008, 9.13909725675e-010]
        mean: [1.9938802609e-007, 6.92681933288e-005, 0.000130614105728, 0.00030885785236, 0.000528508389834, 0.000256552331848, 0.000164560537087, 0.00015544683265, 0.000234873776208, 0.000136218397529, 4.12461486121e-005, 0.000139927200507, 8.72288364917e-005, 0.000149278421304, 0.000121597608086, 0.000183599928278, 0.00025827207719, 0.000389985652873, 0.000351439492078, 0.000253239355516, 0.000124540107208, 3.52944807673e-005, 8.48301078804e-006, 4.76269678984e-006, 2.03287368095e-006, 5.78702987752e-008, 5.4597631971e-010, 3.87911994193e-011]
        median: [5.41325100301e-008, 4.62511161459e-005, 9.61760015343e-005, 0.000208031342481, 0.000362191349268, 0.000131010296172, 7.03010155121e-005, 4.79447226098e-005, 6.28860216239e-005, 3.43744250131e-005, 1.69561390067e-005, 3.42830244335e-005, 3.75708768843e-005, 4.12964182033e-005, 3.62875543942e-005, 6.77290881868e-005, 0.000106048566522, 0.000188781588804, 0.000227808908676, 0.000190362814465, 8.66857299116e-005, 2.00415724976e-005, 4.66418669021e-006, 1.98904899662e-006, 8.03620366696e-007, 2.89629547012e-008, 2.75176659237e-010, 1.30912164789e-011]
        min: [2.10449472396e-024, 6.13499729231e-024, 1.20086550247e-024, 4.18121424708e-025, 2.91053512643e-023, 6.52462594859e-024, 6.17196568092e-024, 2.75009817324e-023, 1.76549673829e-023, 2.93524824532e-023, 2.83416739546e-023, 3.04623813479e-023, 5.21085037061e-023, 5.52455384689e-023, 5.96378087041e-023, 9.60265864885e-023, 9.89612121648e-023, 1.10518958438e-022, 1.44972199727e-022, 2.66597145885e-022, 3.17971049694e-022, 3.71554647562e-022, 5.11555925492e-022, 7.49047890506e-022, 9.79029849216e-022, 1.36352787408e-021, 2.11110628711e-021, 5.65912001202e-022]
        var: [1.03957044795e-013, 6.49590337076e-009, 2.01411740619e-008, 1.12714943157e-007, 3.64448396795e-007, 1.72337877302e-007, 8.79803394582e-008, 1.15435838666e-007, 2.93228453074e-007, 1.09517337421e-007, 7.53953166566e-009, 1.31742950771e-007, 2.64689798968e-008, 1.06917582343e-007, 7.94993511022e-008, 1.77324622541e-007, 1.95638321543e-007, 3.12819736337e-007, 1.9206724744e-007, 9.27641323756e-008, 2.66382222947e-008, 3.0396083428e-009, 1.3313777858e-010, 1.02870496843e-010, 3.49937127886e-011, 1.04292125947e-014, 5.8800743889e-019, 4.69913228056e-021]
    mfcc:
        mean: [-740.116699219, 115.514732361, -32.3972587585, 51.3021812439, -4.8388004303, -6.53078317642, 0.403382360935, -4.9327545166, -7.28616714478, -5.93231153488, -4.79439496994, -5.82866096497, -9.08359622955]
        cov: [[9123.33691406, -1950.27526855, -1897.35668945, 442.041809082, -1102.53747559, -223.004272461, -249.782180786, -58.8580780029, 106.086303711, 208.535354614, 213.406600952, 226.21270752, 80.3549194336], [-1950.27526855, 1274.47753906, 253.815795898, -136.185943604, 282.565307617, -34.9615974426, 83.7275466919, 19.1146850586, -47.088180542, -37.8411712646, -17.5760917664, -25.7337875366, 8.0518579483], [-1897.35668945, 253.815795898, 853.924560547, -71.6302185059, 174.671096802, 118.906402588, 51.0115776062, -7.57899808884, -17.9608211517, -67.9469070435, -57.6375999451, -27.9700565338, -2.29495811462], [442.041809082, -136.185943604, -71.6302185059, 289.628814697, -31.9444675446, -11.8265628815, -11.2037820816, -34.2539634705, 23.3483810425, 24.7252521515, 9.73497581482, 28.8432807922, 43.5332870483], [-1102.53747559, 282.565307617, 174.671096802, -31.9444675446, 309.632049561, 26.761882782, -1.23858511448, 7.64930725098, -1.1055945158, -26.8889350891, -46.5347595215, -37.3828582764, -15.9485330582], [-223.004272461, -34.9615974426, 118.906402588, -11.8265628815, 26.761882782, 148.348449707, 40.7937431335, 1.11351573467, 14.2578382492, -12.5894041061, 2.44915962219, -6.89612627029, -11.5297327042], [-249.782180786, 83.7275466919, 51.0115776062, -11.2037820816, -1.23858511448, 40.7937431335, 144.258895874, 42.9015731812, -6.78324270248, -0.688778102398, -1.12032020092, 5.16306352615, -11.2965650558], [-58.8580780029, 19.1146850586, -7.57899808884, -34.2539634705, 7.64930725098, 1.11351573467, 42.9015731812, 108.923423767, 28.1170253754, -4.94903230667, -10.0420742035, -5.89630889893, -11.2854442596], [106.086303711, -47.088180542, -17.9608211517, 23.3483810425, -1.1055945158, 14.2578382492, -6.78324270248, 28.1170253754, 88.2001495361, 25.1320648193, -9.89810562134, 2.82082033157, 2.01619267464], [208.535354614, -37.8411712646, -67.9469070435, 24.7252521515, -26.8889350891, -12.5894041061, -0.688778102398, -4.94903230667, 25.1320648193, 85.0861206055, 40.409122467, 4.14759016037, 2.52238678932], [213.406600952, -17.5760917664, -57.6375999451, 9.73497581482, -46.5347595215, 2.44915962219, -1.12032020092, -10.0420742035, -9.89810562134, 40.409122467, 88.0216751099, 32.0436630249, 5.80968809128], [226.21270752, -25.7337875366, -27.9700565338, 28.8432807922, -37.3828582764, -6.89612627029, 5.16306352615, -5.89630889893, 2.82082033157, 4.14759016037, 32.0436630249, 79.4250411987, 37.1670684814], [80.3549194336, 8.0518579483, -2.29495811462, 43.5332870483, -15.9485330582, -11.5297327042, -11.2965650558, -11.2854442596, 2.01619267464, 2.52238678932, 5.80968809128, 37.1670684814, 77.0755081177]]
        icov: [[0.000467728241347, 0.000285009329673, 0.000712101056706, -0.000251056830166, 0.000943030812778, -0.000164696932188, 0.000496372464113, -9.22150720726e-005, 7.89689329395e-006, -0.000196213484742, 0.000244106748141, -0.00068690860644, 0.000194397842279], [0.000285009329673, 0.00141522439662, 0.000266739021754, 0.00037201915984, -0.00058399135014, 0.000924663734622, -0.00082680414198, 0.000317846104736, -0.000157869828399, 0.000444002187578, -0.000805768650025, 0.000131626584334, -0.000717457500286], [0.000712101056706, 0.000266739021754, 0.00269593554549, -0.000152377164341, 0.000910150702111, -0.0014086572919, 0.000493504980113, 0.000223604365601, 0.00015715660993, 0.000224622897804, 0.000942156068049, -0.000983174773864, -0.000129624429974], [-0.000251056830166, 0.00037201915984, -0.000152377164341, 0.00455102603883, -0.000938218377996, 0.000667824293487, -0.00128131790552, 0.00190602336079, -0.0015149252722, -0.000115201641165, -0.000294507190119, 0.000284630485112, -0.0024267511908], [0.000943030812778, -0.00058399135014, 0.000910150702111, -0.000938218377996, 0.00695126503706, -0.00159070978407, 0.00254117208533, -0.000911244889721, 0.000439980911324, -0.00108297052793, 0.00277963350527, -0.00104532868136, 0.00139278825372], [-0.000164696932188, 0.000924663734622, -0.0014086572919, 0.000667824293487, -0.00159070978407, 0.0102399764583, -0.0042587579228, 0.00251546222717, -0.00425877608359, 0.00388503284194, -0.00446637254208, 0.00252101803198, -0.000292007607641], [0.000496372464113, -0.00082680414198, 0.000493504980113, -0.00128131790552, 0.00254117208533, -0.0042587579228, 0.011418719776, -0.00546058174223, 0.00425839237869, -0.00369738088921, 0.00354759790935, -0.00404654117301, 0.00276358681731], [-9.22150720726e-005, 0.000317846104736, 0.000223604365601, 0.00190602336079, -0.000911244889721, 0.00251546222717, -0.00546058174223, 0.0136572262272, -0.00667230552062, 0.00362757826224, -0.00192150939256, 0.0018874272937, -0.000329342641635], [7.89689329395e-006, -0.000157869828399, 0.00015715660993, -0.0015149252722, 0.000439980911324, -0.00425877608359, 0.00425839237869, -0.00667230552062, 0.0184394866228, -0.00928652659059, 0.00766765419394, -0.00425944896415, 0.00126730150077], [-0.000196213484742, 0.000444002187578, 0.000224622897804, -0.000115201641165, -0.00108297052793, 0.00388503284194, -0.00369738088921, 0.00362757826224, -0.00928652659059, 0.021614799276, -0.0127792349085, 0.00647594314069, -0.00204774388112], [0.000244106748141, -0.000805768650025, 0.000942156068049, -0.000294507190119, 0.00277963350527, -0.00446637254208, 0.00354759790935, -0.00192150939256, 0.00766765419394, -0.0127792349085, 0.0230283308774, -0.0106347892433, 0.00377983413637], [-0.00068690860644, 0.000131626584334, -0.000983174773864, 0.000284630485112, -0.00104532868136, 0.00252101803198, -0.00404654117301, 0.0018874272937, -0.00425944896415, 0.00647594314069, -0.0106347892433, 0.0230888631195, -0.0100762806833], [0.000194397842279, -0.000717457500286, -0.000129624429974, -0.0024267511908, 0.00139278825372, -0.000292007607641, 0.00276358681731, -0.000329342641635, 0.00126730150077, -0.00204774388112, 0.00377983413637, -0.0100762806833, 0.0194226112217]]
    sccoeffs:
        dmean: [0.0493637919426, 0.042792532593, 0.0360466875136, 0.0288907587528, 0.0204681009054, 0.0182572118938]
        dmean2: [0.0832306668162, 0.0692129135132, 0.0592474788427, 0.0471100211143, 0.0329582877457, 0.0294457860291]
        dvar: [0.00180627068039, 0.00127981381956, 0.000919563870411, 0.000557577586733, 0.000288110808469, 0.000395212759031]
        dvar2: [0.00503009371459, 0.00336895743385, 0.00243492145091, 0.00142244074959, 0.000709888292477, 0.00093530974118]
        max: [-0.299536317587, -0.439478874207, -0.505933940411, -0.539886057377, -0.619363605976, -0.600671410561]
        mean: [-0.629718363285, -0.744980812073, -0.782117187977, -0.787217497826, -0.795855522156, -0.775196492672]
        median: [-0.638221800327, -0.752427518368, -0.790501773357, -0.791761100292, -0.797456741333, -0.769348978996]
        min: [-0.965965032578, -0.978728353977, -0.989715278149, -0.971839547157, -0.964559972286, -0.963442564011]
        var: [0.00604610331357, 0.00493161473423, 0.00392273068428, 0.00274113449268, 0.00166725786403, 0.00158022728283]
    scvalleys:
        dmean: [0.362950354815, 0.33036839962, 0.297413915396, 0.271553426981, 0.263287395239, 0.292782843113]
        dmean2: [0.600380480289, 0.534766197205, 0.470717340708, 0.414019852877, 0.378061950207, 0.433369547129]
        dvar: [0.111089296639, 0.0965325012803, 0.0816261470318, 0.0839827507734, 0.132079824805, 0.194416254759]
        dvar2: [0.26088860631, 0.214744195342, 0.165152177215, 0.151277676225, 0.229462504387, 0.405876845121]
        max: [-5.4144744873, -4.96322917938, -5.32938671112, -5.79691648483, -5.48434972763, -7.62669849396]
        mean: [-6.94835805893, -6.85195302963, -7.43703269958, -7.60958719254, -7.51925516129, -10.2114181519]
        median: [-6.75977659225, -6.60428857803, -7.17666816711, -7.23377466202, -6.84734725952, -9.53744220734]
        min: [-27.7813186646, -27.5180091858, -27.4110908508, -27.5607280731, -27.4124202728, -27.3490009308]
        var: [1.22563743591, 1.43587005138, 1.48475587368, 1.58851253986, 2.35711312294, 3.39261102676]

rhythm:
    beats_loudness:
        dmean: 0.00196865550242
        dmean2: 0.00344960158691
        dvar: 3.21712718687e-006
        dvar2: 9.54665756581e-006
        max: 0.017028523609
        mean: 0.0054628374055
        median: 0.00522353267297
        min: 0.000170589686604
        var: 1.12210209409e-005
    bpm: 115.989593506
    bpm_confidence: 0
    first_peak_bpm: 115
    first_peak_spread: 0.510416686535
    first_peak_weight: 0.482051283121
    onset_rate: 2.87072396278
    second_peak_bpm: 120
    second_peak_spread: 0
    second_peak_weight: 0.0153846153989
    beats_loudness_band_ratio:
        dmean: [0.138416558504, 0.141199871898, 0.0693315342069, 0.0686115473509, 0.117814145982, 0.0897739008069]
        dmean2: [0.245095923543, 0.255806535482, 0.120321884751, 0.123141974211, 0.215100958943, 0.166325092316]
        dvar: [0.0156706161797, 0.0139635205269, 0.00594339612871, 0.00583468750119, 0.0103966537863, 0.00528265256435]
        dvar2: [0.0463620647788, 0.0425332337618, 0.015125149861, 0.0169517993927, 0.0289386026561, 0.0173131264746]
        max: [0.95556396246, 0.770208120346, 0.547993183136, 0.460648804903, 0.684080839157, 0.494324803352]
        mean: [0.299109429121, 0.219926580787, 0.106739640236, 0.0886501222849, 0.209454789758, 0.160350322723]
        median: [0.234209671617, 0.189608708024, 0.0837220922112, 0.0617236383259, 0.180538520217, 0.162495657802]
        min: [0.0150077054277, 0.0131072876975, 0.00284032803029, 0.00277036591433, 0.00494446512312, 0.000415183312725]
        var: [0.0448152348399, 0.0203607827425, 0.00783331692219, 0.00644100829959, 0.0202130768448, 0.00914201047271]
    beats_position: [0.476009070873, 0.975238084793, 1.48607707024, 1.99691605568, 2.49614500999, 3.01859402657, 3.54104304314, 4.06349182129, 4.57433080673, 5.0967798233, 5.61922883987, 6.14167785645, 6.65251684189, 7.16335582733, 7.6858048439, 8.19664382935, 8.70748329163, 9.22993183136, 9.75238037109, 10.2748298645, 10.7856683731, 11.3081178665, 11.8189563751, 12.3297958374, 12.840634346, 13.3630838394, 13.873922348, 14.3963718414, 14.9188203812, 15.4412698746, 15.9521083832, 16.4745578766, 16.9853973389, 17.5078449249, 18.0302944183, 18.5527439117, 19.0635814667, 19.574420929, 20.0852603912, 20.6077098846, 21.1301574707, 21.640996933, 22.1518363953, 22.6626758575, 23.1851234436, 23.707572937, 24.2184123993, 24.7408618927, 25.2633094788, 25.7973690033, 26.3082084656, 26.8190479279, 27.3298854828, 27.8407249451, 28.3631744385, 28.8856239319, 29.3964614868, 29.9189109802, 30.4413604736, 30.9638080597, 31.474647522, 31.9970970154, 32.5195465088, 33.0419960022, 33.5528335571, 34.0636711121, 34.5745124817, 35.0853500366, 35.5961914063, 36.1302490234, 36.6410865784, 37.151927948, 37.6743774414, 38.1968231201, 38.7076644897, 39.2417221069, 39.7525634766, 40.2750091553, 40.7974586487, 41.3083000183, 41.8191375732, 42.3299751282, 42.8408164978, 43.374874115, 43.8857116699, 44.3965530396, 44.9073905945, 45.4298400879, 45.9522895813, 46.4631271362, 46.9739685059, 47.508026123, 48.0304756165, 48.5529251099, 49.0637626648, 49.5746040344, 50.0970497131, 50.6078910828, 51.1303405762, 51.6411781311, 52.152015686, 52.6860771179, 53.2085266113, 53.73097229, 54.2418136597, 54.7526512146, 55.2634925842, 55.7743301392, 56.2851676941, 56.819229126, 57.3416786194, 57.8641242981, 58.3749656677, 58.8858032227, 59.4082527161, 59.9307022095, 60.4415397644, 60.9639892578, 61.4864387512, 61.9972763062, 62.5081176758, 63.0305671692, 63.5530128479, 64.0638504028, 64.5746917725, 65.0971450806, 65.6195907593, 66.1304321289, 66.6412658691, 67.1637191772, 67.686164856, 68.1970062256, 68.7194519043, 69.2419052124, 69.7527389526, 70.2751922607, 70.7860336304, 71.3084793091, 71.8193206787, 72.3301544189, 72.8526077271, 73.3750534058, 73.8858947754, 74.4083404541, 74.9307937622, 75.4416275024, 75.9524688721, 76.4749221802, 76.9973678589, 77.5082092285, 78.0190429688, 78.5414962769, 79.0639419556, 79.5863952637, 80.1088409424, 80.619682312, 81.1305236816, 81.6529693604, 82.16381073, 82.6862564087, 83.1970977783, 83.7079315186, 84.2303848267, 84.7528305054, 85.263671875, 85.7861175537, 86.2969589233, 86.8194122314, 87.3418579102, 87.8643035889, 88.3751449585, 88.8975982666, 89.4084320068, 89.9308853149, 90.4417190552, 90.9525604248, 91.4634017944, 91.9858474731, 92.4966888428, 93.0191345215, 93.5415878296, 94.0640335083, 94.5748748779, 95.1089324951, 95.6197738647, 96.1422195435, 96.6530609131, 97.1755065918, 97.6863479614, 98.2087936401, 98.7196350098, 99.2420806885, 99.7529220581, 100.263763428, 100.774604797, 101.297050476, 101.819496155, 102.341949463, 102.864395142, 103.375236511, 103.886077881, 104.40852356, 104.907752991, 105.41859436, 105.941040039, 106.463493347, 106.974327087, 107.485168457, 107.996009827, 108.518455505, 109.040908813, 109.563354492, 110.085800171, 110.608253479, 111.119087219, 111.641540527, 112.163986206, 112.686439514, 113.197273254, 113.719726563, 114.242172241, 114.764625549, 115.27545929, 115.797912598, 116.308753967, 116.819587708, 117.342041016, 117.852874756, 118.363716125, 118.886169434, 119.397003174, 119.919456482, 120.430290222, 120.95274353, 121.475189209, 121.997642517, 122.520088196, 123.042533875, 123.553375244, 124.064216614, 124.575057983, 125.085891724, 125.608345032, 126.13079071, 126.64163208, 127.164077759, 127.686531067, 128.197372437, 128.708206177, 129.230651855, 129.753097534, 130.263946533, 130.786392212, 131.308837891, 131.81968689, 132.342132568, 132.852966309, 133.375411987, 133.886260986, 134.408706665, 134.919540405, 135.441986084, 135.952835083, 136.475280762, 136.974502563, 137.485351563, 138.007797241, 138.53024292, 139.052688599, 139.575149536, 140.097595215, 140.620040894, 141.130874634, 141.641723633, 142.164169312, 142.675003052, 143.197463989, 143.708297729, 144.230743408, 144.741577148, 145.264038086, 145.786483765, 146.308929443, 146.831375122, 147.35383606, 147.8646698, 148.37550354, 148.886352539, 149.408798218, 149.919631958, 150.442077637, 150.952926636, 151.475372314, 151.997817993, 152.508651733, 153.019500732, 153.530334473, 154.041183472, 154.575241089, 155.097686768, 155.620132446, 156.130966187, 156.653427124, 157.164260864, 157.675094604, 158.197555542, 158.708389282, 159.230834961, 159.741668701, 160.264129639, 160.774963379, 161.285797119, 161.796646118, 162.319091797, 162.841537476, 163.375595093, 163.886444092, 164.397277832, 164.908111572, 165.430557251, 165.953018188, 166.475463867, 166.997909546, 167.508743286, 168.031204224, 168.553649902, 169.064483643, 169.575332642, 170.086166382, 170.597000122, 171.119445801, 171.641906738, 172.164352417, 172.686798096, 173.197631836, 173.720092773, 174.242538452, 174.753372192, 175.264221191, 175.798278809, 176.320724487, 176.831558228, 177.342407227, 177.864852905, 178.387298584, 178.898132324, 179.408981323, 179.919815063, 180.442260742, 180.953109741, 181.47555542, 181.998001099, 182.520446777, 183.042892456, 183.553741455, 184.052963257, 184.575408936, 185.086257935, 185.597091675, 186.107940674, 186.630386353, 187.152832031, 187.686889648, 188.209335327, 188.731781006, 189.242630005, 189.753463745, 190.264297485, 190.786758423, 191.309204102, 191.820037842, 192.330886841, 192.841720581, 193.375778198, 193.886611938, 194.397460938, 194.931518555, 195.453964233, 195.976409912, 196.487258911, 196.998092651, 197.508926392, 198.019775391, 198.542221069, 199.064666748, 199.587112427, 200.109558105, 200.620407104, 201.131240845, 201.642089844, 202.141311646]
