
metadata:
    version:
        essentia: "2.1-beta2"
    audio_properties:
        analysis_sample_rate: 44100
        bitrate: 320
        channels: 2
        equal_loudness: 1
        length: 220.447341919
        replay_gain: -15.5423259735
        downmix: "mix"
    tags:
        album: "The Sound Of Madness"
        artist: "Shinedown"
        comment: ""
        date: "2008"
        genre: "Post Grunge"
        title: "Second Chance"
        tracknumber: "3"

configuration:
    average_loudness:
        compute: 1
        frameSize: 88200
        hopSize: 44100
        silentFrames: "noise"
        windowType: "hann"
    general:
        analysisSampleRate: 44100
        endTime: 2000
        equalLoudness: 1
        nequalLoudness: 0
        shortSound: 0
        startTime: 0
    lowlevel:
        compute: 1
        frameSize: 2048
        hopSize: 1024
        zeroPadding: 0
        silentFrames: "noise"
        windowType: "blackmanharris62"
        mfccStats: ["mean", "cov", "icov"]
        stats: ["mean", "var", "median", "min", "max", "dmean", "dmean2", "dvar", "dvar2"]
    panning:
        compute: 0
        frameSize: 8192
        hopSize: 2048
        zeroPadding: 8192
        silentFrames: "noise"
        windowType: "hann"
        stats: ["copy"]
    rhythm:
        compute: 1
        maxTempo: 208
        minTempo: 40
        method: "degara"
        stats: ["mean", "var", "median", "min", "max", "dmean", "dmean2", "dvar", "dvar2"]
    segmentation:
        compute: 0
        cpw: 5
        inc1: 300
        inc2: 50
        minimumSegmentsLength: 10
        size1: 1000
        size2: 600
    sfx:
        compute: 1
        stats: ["mean", "var", "median", "min", "max", "dmean", "dmean2", "dvar", "dvar2"]
    svm:
        compute: 0
    tonal:
        compute: 1
        frameSize: 4096
        hopSize: 2048
        zeroPadding: 0
        silentFrames: "noise"
        windowType: "blackmanharris62"
        stats: ["mean", "var", "median", "min", "max", "dmean", "dmean2", "dvar", "dvar2"]

lowlevel:
    average_loudness: 0.911341071129
    barkbands_kurtosis:
        dmean: 1.06852126122
        dmean2: 1.63012945652
        dvar: 10.8564023972
        dvar2: 22.4299983978
        max: 141.076202393
        mean: 1.11954331398
        median: -0.861982762814
        min: -1.90718305111
        var: 53.5724449158
    barkbands_skewness:
        dmean: 0.342400848866
        dmean2: 0.527083754539
        dvar: 0.129126474261
        dvar2: 0.297745794058
        max: 10.3567619324
        mean: 0.400895684958
        median: 0.0308279432356
        min: -2.30809998512
        var: 1.71895503998
    barkbands_spread:
        dmean: 4.34550333023
        dmean2: 6.85554695129
        dvar: 21.5876636505
        dvar2: 50.746421814
        max: 68.6750640869
        mean: 28.8686504364
        median: 30.0594539642
        min: 0.411609977484
        var: 147.182495117
    dissonance:
        dmean: 0.0146714691073
        dmean2: 0.0245609879494
        dvar: 0.000248968630331
        dvar2: 0.000659343844745
        max: 0.500000059605
        mean: 0.465129613876
        median: 0.477049350739
        min: 0.207237705588
        var: 0.00140160496812
    hfc:
        dmean: 1.90055084229
        dmean2: 3.17392849922
        dvar: 7.0494966507
        dvar2: 19.2491569519
        max: 38.1428565979
        mean: 8.76851463318
        median: 9.00885009766
        min: 1.05475917489e-016
        var: 37.2347640991
    pitch:
        dmean: 498.67489624
        dmean2: 964.126098633
        dvar: 1218289.25
        dvar2: 3231371.75
        max: 5357.83642578
        mean: 722.934936523
        median: 264.542144775
        min: 51.8085899353
        var: 1376341.375
    pitch_instantaneous_confidence:
        dmean: 0.0750299245119
        dmean2: 0.120477087796
        dvar: 0.00454695755616
        dvar2: 0.0108571210876
        max: 0.898990035057
        mean: 0.439500272274
        median: 0.408024311066
        min: 0.113294482231
        var: 0.0264688543975
    pitch_salience:
        dmean: 0.0556543692946
        dmean2: 0.0896101146936
        dvar: 0.00242571812123
        dvar2: 0.00644365651533
        max: 0.901369273663
        mean: 0.615861237049
        median: 0.627565264702
        min: 0.139672353864
        var: 0.00876677129418
    silence_rate_20dB:
        dmean: 0
        dmean2: 0
        dvar: 0
        dvar2: 0
        max: 1
        mean: 1
        median: 1
        min: 1
        var: 0
    silence_rate_30dB:
        dmean: 0
        dmean2: 0
        dvar: 0
        dvar2: 0
        max: 1
        mean: 1
        median: 1
        min: 1
        var: 0
    silence_rate_60dB:
        dmean: 0.0417105555534
        dmean2: 0.0834298953414
        dvar: 0.0399703867733
        dvar2: 0.0897395685315
        max: 1
        mean: 0.230015799403
        median: 0
        min: 0
        var: 0.177086874843
    spectral_centroid:
        dmean: 198.834243774
        dmean2: 315.308776855
        dvar: 63620.3359375
        dvar2: 150320.359375
        max: 11425.4101563
        mean: 1513.47363281
        median: 1651.37536621
        min: 144.453033447
        var: 485571.96875
    spectral_complexity:
        dmean: 3.04086780548
        dmean2: 5.06036043167
        dvar: 11.9181146622
        dvar2: 31.1553058624
        max: 46
        mean: 16.4261188507
        median: 17
        min: 0
        var: 84.8130493164
    spectral_crest:
        dmean: 1.99246013165
        dmean2: 3.2431371212
        dvar: 3.60069727898
        dvar2: 9.42429637909
        max: 26.012298584
        mean: 7.79679918289
        median: 6.60331392288
        min: 2.38076472282
        var: 17.2219409943
    spectral_decrease:
        dmean: 2.35679142868e-010
        dmean2: 3.76767117505e-010
        dvar: 8.5530048823e-020
        dvar2: 2.10608636708e-019
        max: 7.84291395687e-029
        mean: -1.15463616446e-009
        median: -1.1919277787e-009
        min: -4.78385508984e-009
        var: 3.66361627872e-019
    spectral_energy:
        dmean: 0.00102502130903
        dmean2: 0.00164842209779
        dvar: 1.60683180184e-006
        dvar2: 4.01760416935e-006
        max: 0.0188974905759
        mean: 0.00515317264944
        median: 0.00532697234303
        min: 1.02892035121e-020
        var: 7.5870366345e-006
    spectral_energyband_high:
        dmean: 0.000146813123138
        dmean2: 0.000247727817623
        dvar: 6.3937783068e-008
        dvar2: 1.71043794239e-007
        max: 0.00392156234011
        mean: 0.000414986541728
        median: 0.000359300116543
        min: 7.41162391459e-021
        var: 1.58834467356e-007
    spectral_energyband_low:
        dmean: 0.000163010394317
        dmean2: 0.000269990239758
        dvar: 5.17533855771e-008
        dvar2: 1.46022443914e-007
        max: 0.00384936435148
        mean: 0.000414071604609
        median: 0.000347958266502
        min: 5.29161142573e-023
        var: 1.16074140522e-007
    spectral_energyband_middle_high:
        dmean: 0.000606749381404
        dmean2: 0.000986005412415
        dvar: 5.32296269284e-007
        dvar2: 1.38530299409e-006
        max: 0.0117837637663
        mean: 0.00260649574921
        median: 0.00251402310096
        min: 1.30000934935e-021
        var: 3.92233459934e-006
    spectral_energyband_middle_low:
        dmean: 0.000621242681518
        dmean2: 0.000963434984442
        dvar: 8.63317779931e-007
        dvar2: 2.07842958844e-006
        max: 0.0169926192611
        mean: 0.00187568902038
        median: 0.00153283728287
        min: 2.21624097326e-022
        var: 2.01925331567e-006
    spectral_flatness_db:
        dmean: 0.0131088001654
        dmean2: 0.0199982374907
        dvar: 0.000165441786521
        dvar2: 0.00034937314922
        max: 0.477058023214
        mean: 0.160428479314
        median: 0.143857315183
        min: 0.0590597651899
        var: 0.00328882061876
    spectral_flux:
        dmean: 0.00734841218218
        dmean2: 0.0114322444424
        dvar: 6.37373377685e-005
        dvar2: 0.000137239985634
        max: 0.0980989709496
        mean: 0.0384797751904
        median: 0.039715949446
        min: 6.84073353518e-011
        var: 0.000325891829561
    spectral_kurtosis:
        dmean: 1.58727836609
        dmean2: 2.59557986259
        dvar: 11.122130394
        dvar2: 27.695690155
        max: 94.1460800171
        mean: 5.5969414711
        median: 3.29567527771
        min: -1.22081649303
        var: 78.6855621338
    spectral_rms:
        dmean: 0.000211710066651
        dmean2: 0.000336067838361
        dvar: 5.73533611714e-008
        dvar2: 1.39734481763e-007
        max: 0.00429378356785
        mean: 0.00212104339153
        median: 0.00227970303968
        min: 3.16831933952e-012
        var: 5.28677333023e-007
    spectral_rolloff:
        dmean: 327.53427124
        dmean2: 546.875610352
        dvar: 240199.625
        dvar2: 559648.5625
        max: 18992.2851563
        mean: 2801.40478516
        median: 3316.11328125
        min: 129.19921875
        var: 1649664.375
    spectral_skewness:
        dmean: 0.181675300002
        dmean2: 0.291241914034
        dvar: 0.0587162822485
        dvar2: 0.141595691442
        max: 7.82232952118
        mean: 1.56868481636
        median: 1.3335596323
        min: -0.0310386735946
        var: 0.671820282936
    spectral_spread:
        dmean: 407535.40625
        dmean2: 582451.4375
        dvar: 515311632384
        dvar2: 937942843392
        max: 40976480
        mean: 4497995
        median: 4347523
        min: 907373.625
        var: 2.97692194406e+012
    spectral_strongpeak:
        dmean: 0.508466422558
        dmean2: 0.861930429935
        dvar: 0.585435628891
        dvar2: 1.53691756725
        max: 10.0323143005
        mean: 0.92311424017
        median: 0.405276507139
        min: 0
        var: 1.27049171925
    zerocrossingrate:
        dmean: 0.00671363575384
        dmean2: 0.00821673497558
        dvar: 5.79382940487e-005
        dvar2: 7.01215321897e-005
        max: 0.50390625
        mean: 0.0875820741057
        median: 0.09716796875
        min: 0.00634765625
        var: 0.0012012704974
    barkbands:
        dmean: [1.85329767532e-007, 4.78484762425e-005, 9.56770090852e-005, 0.000116358387459, 0.000342722720234, 0.000200802503969, 0.000118206145999, 0.000100783014204, 0.000114058428153, 0.00010368074436, 0.000106810453872, 7.0227724791e-005, 5.74937839701e-005, 7.34825443942e-005, 0.000136143746204, 0.0001802953484, 0.000167020785739, 0.000140593983815, 0.000192439823877, 0.00014296201698, 7.25339414203e-005, 2.6159632398e-005, 6.23705955149e-006, 3.01209229292e-006, 1.25359122194e-006, 3.71127946153e-008, 4.61133548013e-010]
        dmean2: [2.9890281894e-007, 7.95920714154e-005, 0.000157760281581, 0.000194925800315, 0.000547238101717, 0.00031821988523, 0.000193583968212, 0.000155869260198, 0.000176535642822, 0.000155898640514, 0.000159709437867, 0.000111930603452, 9.07659414224e-005, 0.000117140138173, 0.000217575521674, 0.00029472541064, 0.00027395010693, 0.000236262334511, 0.000326095381752, 0.000243500660872, 0.000123449106468, 4.43237731815e-005, 9.36673040997e-006, 4.52368931292e-006, 1.92914944819e-006, 5.46464171691e-008, 7.45215611442e-010]
        dvar: [3.66898080927e-013, 1.29133415072e-008, 1.94264089259e-008, 2.93276727348e-008, 4.31625352348e-007, 1.65964280541e-007, 5.2893607716e-008, 5.82470214283e-008, 6.68282282845e-008, 5.43415659138e-008, 6.22934450689e-008, 3.02064826485e-008, 2.09359551917e-008, 2.48348666076e-008, 7.38955492352e-008, 1.39654048326e-007, 7.16079711083e-008, 5.13056406248e-008, 7.15061858614e-008, 5.27075094681e-008, 1.34207942537e-008, 2.78212142213e-009, 2.47782044882e-010, 1.15880367801e-010, 1.48429237651e-011, 1.35077809466e-014, 1.25178038259e-018]
        dvar2: [8.63031542932e-013, 3.55331515323e-008, 5.40190825404e-008, 8.00215289587e-008, 1.07981600195e-006, 3.95890026539e-007, 1.28534992427e-007, 1.27392041804e-007, 1.54378668071e-007, 1.19301816426e-007, 1.38678771577e-007, 7.46240758076e-008, 4.93048482042e-008, 5.99078475716e-008, 1.78842213927e-007, 3.61603071042e-007, 1.75382126599e-007, 1.30222318262e-007, 1.96642616856e-007, 1.43522399298e-007, 3.72503556889e-008, 7.7024289169e-009, 4.69066174791e-010, 2.45008568989e-010, 3.26302110332e-011, 2.6165318691e-014, 2.89542848139e-018]
        max: [5.92796641286e-006, 0.00121769611724, 0.00347052421421, 0.00317923026159, 0.0141247920692, 0.00744844274595, 0.00424817670137, 0.00632658880204, 0.00642605964094, 0.00698750186712, 0.00555423786864, 0.00316715356894, 0.00416079349816, 0.00335310376249, 0.00556918792427, 0.00673008523881, 0.00536236912012, 0.00468230666593, 0.0051875077188, 0.00590378884226, 0.00192180590238, 0.000762094219681, 0.000307334208628, 0.000260052853264, 7.72872954258e-005, 3.44181830769e-006, 2.56332537418e-008]
        mean: [1.61520929964e-007, 8.65516994963e-005, 0.000221771784709, 0.000218969871639, 0.000600385188591, 0.000385754217859, 0.000200729016797, 0.000167856604094, 0.000202223993256, 0.000185475146282, 0.000205375661608, 0.000128776839119, 0.000101412995718, 0.000119424294098, 0.000249591685133, 0.000360747915693, 0.000343610707205, 0.000302021740936, 0.000484164687805, 0.000331311253831, 0.000180600603926, 5.46682313143e-005, 1.31606630021e-005, 5.81645190323e-006, 2.55827603723e-006, 6.85913832399e-008, 6.33472052591e-010]
        median: [1.26578107995e-008, 3.70280504285e-005, 0.000154721768922, 0.000147555270814, 0.00036166748032, 0.000220759000513, 0.000112524590804, 6.13541924395e-005, 0.000102017380414, 7.99396293587e-005, 6.36003896943e-005, 5.19966488355e-005, 4.22025696025e-005, 4.26353872172e-005, 9.9334945844e-005, 0.000168777216459, 0.000228311269893, 0.000201201924938, 0.000398742675316, 0.000271741271717, 0.000146779115312, 3.95714341721e-005, 6.51096343063e-006, 2.21862205763e-006, 1.33777155042e-006, 2.67569557622e-008, 2.67676075749e-010]
        min: [1.44380793862e-023, 1.49569337139e-023, 4.29704999076e-024, 4.46469989363e-024, 2.24663467953e-023, 3.59549105974e-023, 3.20421983729e-023, 1.79932120064e-023, 3.61039327333e-023, 4.78157624736e-023, 7.0741978889e-023, 5.73209242254e-023, 1.099327275e-022, 5.5487876539e-023, 8.83141900298e-023, 7.87414828518e-023, 1.49110627144e-022, 1.00372156158e-022, 2.27434354504e-022, 2.15831283439e-022, 3.43125261741e-022, 3.97524680625e-022, 6.33895200977e-022, 7.34690167647e-022, 1.08437329951e-021, 1.39358657952e-021, 1.96776150112e-021]
        var: [3.2662259941e-013, 1.58177346776e-008, 5.51202283816e-008, 6.18765980676e-008, 6.09188930412e-007, 3.20286005717e-007, 9.55486783027e-008, 1.52031248035e-007, 1.27558081431e-007, 1.26826250835e-007, 2.23350568263e-007, 7.08860525833e-008, 5.38089217628e-008, 4.8429928512e-008, 1.83866475822e-007, 4.19597370183e-007, 1.8355218856e-007, 1.22546580883e-007, 2.34620458173e-007, 1.13715223904e-007, 3.29528191401e-008, 4.48248460572e-009, 6.90088430844e-010, 2.71876077207e-010, 3.02114722128e-011, 3.5876646299e-014, 1.88734305528e-018]
    frequency_bands:
        dmean: [1.85329767532e-007, 4.78484762425e-005, 9.56770090852e-005, 0.000116358387459, 0.000342722720234, 0.000200802503969, 0.000118206145999, 0.000100783014204, 0.000114058428153, 0.00010368074436, 0.000106810453872, 7.0227724791e-005, 5.74937839701e-005, 7.34825443942e-005, 0.000136143746204, 0.0001802953484, 0.000167020785739, 0.000140593983815, 0.000192439823877, 0.00014296201698, 7.25339414203e-005, 2.6159632398e-005, 6.23705955149e-006, 3.01209229292e-006, 1.25359122194e-006, 3.71127946153e-008, 4.61133548013e-010, 5.66753068088e-011]
        dmean2: [2.9890281894e-007, 7.95920714154e-005, 0.000157760281581, 0.000194925800315, 0.000547238101717, 0.00031821988523, 0.000193583968212, 0.000155869260198, 0.000176535642822, 0.000155898640514, 0.000159709437867, 0.000111930603452, 9.07659414224e-005, 0.000117140138173, 0.000217575521674, 0.00029472541064, 0.00027395010693, 0.000236262334511, 0.000326095381752, 0.000243500660872, 0.000123449106468, 4.43237731815e-005, 9.36673040997e-006, 4.52368931292e-006, 1.92914944819e-006, 5.46464171691e-008, 7.45215611442e-010, 1.04864075756e-010]
        dvar: [3.66898080927e-013, 1.29133415072e-008, 1.94264089259e-008, 2.93276727348e-008, 4.31625352348e-007, 1.65964280541e-007, 5.2893607716e-008, 5.82470214283e-008, 6.68282282845e-008, 5.43415659138e-008, 6.22934450689e-008, 3.02064826485e-008, 2.09359551917e-008, 2.48348666076e-008, 7.38955492352e-008, 1.39654048326e-007, 7.16079711083e-008, 5.13056406248e-008, 7.15061858614e-008, 5.27075094681e-008, 1.34207942537e-008, 2.78212142213e-009, 2.47782044882e-010, 1.15880367801e-010, 1.48429237651e-011, 1.35077809466e-014, 1.25178038259e-018, 6.7417368654e-021]
        dvar2: [8.63031542932e-013, 3.55331515323e-008, 5.40190825404e-008, 8.00215289587e-008, 1.07981600195e-006, 3.95890026539e-007, 1.28534992427e-007, 1.27392041804e-007, 1.54378668071e-007, 1.19301816426e-007, 1.38678771577e-007, 7.46240758076e-008, 4.93048482042e-008, 5.99078475716e-008, 1.78842213927e-007, 3.61603071042e-007, 1.75382126599e-007, 1.30222318262e-007, 1.96642616856e-007, 1.43522399298e-007, 3.72503556889e-008, 7.7024289169e-009, 4.69066174791e-010, 2.45008568989e-010, 3.26302110332e-011, 2.6165318691e-014, 2.89542848139e-018, 2.13244027677e-020]
        max: [5.92796641286e-006, 0.00121769611724, 0.00347052421421, 0.00317923026159, 0.0141247920692, 0.00744844274595, 0.00424817670137, 0.00632658880204, 0.00642605964094, 0.00698750186712, 0.00555423786864, 0.00316715356894, 0.00416079349816, 0.00335310376249, 0.00556918792427, 0.00673008523881, 0.00536236912012, 0.00468230666593, 0.0051875077188, 0.00590378884226, 0.00192180590238, 0.000762094219681, 0.000307334208628, 0.000260052853264, 7.72872954258e-005, 3.44181830769e-006, 2.56332537418e-008, 9.26221044306e-010]
        mean: [1.61520929964e-007, 8.65516994963e-005, 0.000221771784709, 0.000218969871639, 0.000600385188591, 0.000385754217859, 0.000200729016797, 0.000167856604094, 0.000202223993256, 0.000185475146282, 0.000205375661608, 0.000128776839119, 0.000101412995718, 0.000119424294098, 0.000249591685133, 0.000360747915693, 0.000343610707205, 0.000302021740936, 0.000484164687805, 0.000331311253831, 0.000180600603926, 5.46682313143e-005, 1.31606630021e-005, 5.81645190323e-006, 2.55827603723e-006, 6.85913832399e-008, 6.33472052591e-010, 4.44038764091e-011]
        median: [1.26578107995e-008, 3.70280504285e-005, 0.000154721768922, 0.000147555270814, 0.00036166748032, 0.000220759000513, 0.000112524590804, 6.13541924395e-005, 0.000102017380414, 7.99396293587e-005, 6.36003896943e-005, 5.19966488355e-005, 4.22025696025e-005, 4.26353872172e-005, 9.9334945844e-005, 0.000168777216459, 0.000228311269893, 0.000201201924938, 0.000398742675316, 0.000271741271717, 0.000146779115312, 3.95714341721e-005, 6.51096343063e-006, 2.21862205763e-006, 1.33777155042e-006, 2.67569557622e-008, 2.67676075749e-010, 1.52643262613e-011]
        min: [1.44380793862e-023, 1.49569337139e-023, 4.29704999076e-024, 4.46469989363e-024, 2.24663467953e-023, 3.59549105974e-023, 3.20421983729e-023, 1.79932120064e-023, 3.61039327333e-023, 4.78157624736e-023, 7.0741978889e-023, 5.73209242254e-023, 1.099327275e-022, 5.5487876539e-023, 8.83141900298e-023, 7.87414828518e-023, 1.49110627144e-022, 1.00372156158e-022, 2.27434354504e-022, 2.15831283439e-022, 3.43125261741e-022, 3.97524680625e-022, 6.33895200977e-022, 7.34690167647e-022, 1.08437329951e-021, 1.39358657952e-021, 1.96776150112e-021, 6.02018505622e-022]
        var: [3.2662259941e-013, 1.58177346776e-008, 5.51202283816e-008, 6.18765980676e-008, 6.09188930412e-007, 3.20286005717e-007, 9.55486783027e-008, 1.52031248035e-007, 1.27558081431e-007, 1.26826250835e-007, 2.23350568263e-007, 7.08860525833e-008, 5.38089217628e-008, 4.8429928512e-008, 1.83866475822e-007, 4.19597370183e-007, 1.8355218856e-007, 1.22546580883e-007, 2.34620458173e-007, 1.13715223904e-007, 3.29528191401e-008, 4.48248460572e-009, 6.90088430844e-010, 2.71876077207e-010, 3.02114722128e-011, 3.5876646299e-014, 1.88734305528e-018, 5.35935488752e-021]
    mfcc:
        mean: [-712.235107422, 109.471183777, -42.2967300415, 49.1141090393, -11.7541856766, -6.23269748688, -5.22427606583, -6.3649225235, -2.20454072952, -9.24238395691, -10.263092041, -8.71065998077, -3.86819911003]
        cov: [[8462.36230469, -918.71484375, -1390.25952148, 1008.94689941, -352.380828857, 350.183807373, 183.437805176, 235.720870972, 412.320983887, 291.860046387, 198.055084229, 81.2739181519, 108.241477966], [-918.71484375, 1121.35974121, 71.7089691162, -78.8829421997, 65.335144043, -93.6800613403, 1.95338320732, -36.5114898682, -9.76442813873, -46.7200012207, -19.6974411011, -16.6801662445, -28.477640152], [-1390.25952148, 71.7089691162, 746.497314453, -147.924072266, 81.0731277466, -52.2574234009, -99.5295028687, -54.9135017395, -107.674034119, -63.9940223694, -46.4167175293, -0.984595954418, -30.8499145508], [1008.94689941, -78.8829421997, -147.924072266, 317.51348877, 21.7870960236, 36.1790161133, 4.33235406876, 27.7499675751, 93.1842041016, 47.3572158813, 34.4507865906, 36.004825592, 37.9456443787], [-352.380828857, 65.335144043, 81.0731277466, 21.7870960236, 178.156463623, -14.690164566, -32.2806739807, -13.2023839951, 12.4639549255, 8.5818901062, -19.4888038635, 9.88906860352, 7.81990194321], [350.183807373, -93.6800613403, -52.2574234009, 36.1790161133, -14.690164566, 126.127288818, 68.2237625122, 23.9213829041, 17.3346729279, 20.5046634674, 30.8554782867, 10.9798164368, 5.18829488754], [183.437805176, 1.95338320732, -99.5295028687, 4.33235406876, -32.2806739807, 68.2237625122, 148.706756592, 48.0491714478, 22.968208313, 14.1316423416, 20.8383789063, 13.0577926636, 0.093911871314], [235.720870972, -36.5114898682, -54.9135017395, 27.7499675751, -13.2023839951, 23.9213829041, 48.0491714478, 88.649230957, 51.0143890381, 24.6912593842, 11.8420619965, 8.88969802856, 14.9371738434], [412.320983887, -9.76442813873, -107.674034119, 93.1842041016, 12.4639549255, 17.3346729279, 22.968208313, 51.0143890381, 126.637573242, 67.7231750488, 23.7829113007, 12.7011585236, 15.6724643707], [291.860046387, -46.7200012207, -63.9940223694, 47.3572158813, 8.5818901062, 20.5046634674, 14.1316423416, 24.6912593842, 67.7231750488, 101.965545654, 44.3062782288, 15.8366308212, 6.72302675247], [198.055084229, -19.6974411011, -46.4167175293, 34.4507865906, -19.4888038635, 30.8554782867, 20.8383789063, 11.8420619965, 23.7829113007, 44.3062782288, 81.2930908203, 29.2973155975, 1.35725128651], [81.2739181519, -16.6801662445, -0.984595954418, 36.004825592, 9.88906860352, 10.9798164368, 13.0577926636, 8.88969802856, 12.7011585236, 15.8366308212, 29.2973155975, 64.043006897, 28.0782737732], [108.241477966, -28.477640152, -30.8499145508, 37.9456443787, 7.81990194321, 5.18829488754, 0.093911871314, 14.9371738434, 15.6724643707, 6.72302675247, 1.35725128651, 28.0782737732, 67.5321731567]]
        icov: [[0.000346106826328, 0.000100651908724, 0.000384984508855, -0.000859216670506, 0.00061573315179, -0.000553935009521, 0.000336418655934, -0.000303792679915, 4.14216883655e-005, -0.000380040117307, 0.000315608544042, -0.000121808487165, 0.000256860570516], [0.000100651908724, 0.00109742709901, 6.08762420597e-005, -3.51001181116e-005, -0.000299525359878, 0.000855563557707, -0.000627426139545, 0.000496831547935, -0.000670615874697, 0.000708755804226, -0.000518935034052, 0.000243313726969, 0.00020325226069], [0.000384984508855, 6.08762420597e-005, 0.00232493807562, -0.000337731704349, -6.44030005787e-005, -0.00095664896071, 0.00163975567557, -0.000856015714817, 0.00113159045577, -0.000294138124445, 0.000917385797948, -0.00141453987453, 0.0012648308184], [-0.000859216670506, -3.51001181116e-005, -0.000337731704349, 0.00692501617596, -0.00209173443727, 0.00028055428993, 0.000261892244453, 0.00142558419611, -0.00353555753827, 0.0020754521247, -0.00157623970881, -0.00116128195077, -0.00164963421412], [0.00061573315179, -0.000299525359878, -6.44030005787e-005, -0.00209173443727, 0.00809667259455, -0.00161000224762, 0.00165959727019, 0.000396698509576, -0.000822750211228, -0.00238443422131, 0.00364760053344, -0.00212984788232, 0.000369323068298], [-0.000553935009521, 0.000855563557707, -0.00095664896071, 0.00028055428993, -0.00161000224762, 0.013579168357, -0.00658642360941, 0.00102840678301, 0.000287767150439, 0.000784035306424, -0.00441358936951, 0.00226415158249, -0.00141865760088], [0.000336418655934, -0.000627426139545, 0.00163975567557, 0.000261892244453, 0.00165959727019, -0.00658642360941, 0.0126342615113, -0.00564538221806, 0.000662677979562, -0.000268294388661, 0.00152796693146, -0.00356549443677, 0.00266772997566], [-0.000303792679915, 0.000496831547935, -0.000856015714817, 0.00142558419611, 0.000396698509576, 0.00102840678301, -0.00564538221806, 0.0188218727708, -0.00778331188485, 0.00139182899147, -0.000614841468632, 0.00102617999073, -0.003522423096], [4.14216883655e-005, -0.000670615874697, 0.00113159045577, -0.00353555753827, -0.000822750211228, 0.000287767150439, 0.000662677979562, -0.00778331188485, 0.0192380771041, -0.0101195015013, 0.00231749028899, 0.000284791371087, 0.000325924047502], [-0.000380040117307, 0.000708755804226, -0.000294138124445, 0.0020754521247, -0.00238443422131, 0.000784035306424, -0.000268294388661, 0.00139182899147, -0.0101195015013, 0.0205597653985, -0.00958449207246, 0.00109304802027, -0.000444290781161], [0.000315608544042, -0.000518935034052, 0.000917385797948, -0.00157623970881, 0.00364760053344, -0.00441358936951, 0.00152796693146, -0.000614841468632, 0.00231749028899, -0.00958449207246, 0.0230885352939, -0.0104871205986, 0.00494323857129], [-0.000121808487165, 0.000243313726969, -0.00141453987453, -0.00116128195077, -0.00212984788232, 0.00226415158249, -0.00356549443677, 0.00102617999073, 0.000284791371087, 0.00109304802027, -0.0104871205986, 0.0261411294341, -0.0106781767681], [0.000256860570516, 0.00020325226069, 0.0012648308184, -0.00164963421412, 0.000369323068298, -0.00141865760088, 0.00266772997566, -0.003522423096, 0.000325924047502, -0.000444290781161, 0.00494323857129, -0.0106781767681, 0.021137079224]]
    sccoeffs:
        dmean: [0.0485916621983, 0.0429639481008, 0.0358912982047, 0.0302826631814, 0.0195236355066, 0.0155382025987]
        dmean2: [0.0800926908851, 0.0704375803471, 0.0575433075428, 0.0492038950324, 0.0323109254241, 0.0249272920191]
        dvar: [0.00168638769537, 0.00123638496734, 0.000872017757501, 0.000603771826718, 0.000256153289229, 0.000198008900043]
        dvar2: [0.00442905677482, 0.00322217238136, 0.00216526840813, 0.00152420881204, 0.000665079744067, 0.000485626165755]
        max: [-0.314065426588, -0.444125264883, -0.502458393574, -0.545255124569, -0.643595695496, -0.634042441845]
        mean: [-0.604996562004, -0.730054855347, -0.750869870186, -0.75696927309, -0.789117991924, -0.751327216625]
        median: [-0.608060538769, -0.734920680523, -0.758031368256, -0.76197886467, -0.791262924671, -0.745492637157]
        min: [-0.976298391819, -0.962967157364, -0.974210977554, -0.966795861721, -0.961092293262, -0.963925361633]
        var: [0.00615759333596, 0.00452579092234, 0.00405284110457, 0.00312377000228, 0.00139286275953, 0.00168209453113]
    scvalleys:
        dmean: [0.394587010145, 0.311362296343, 0.261299908161, 0.232052147388, 0.196988523006, 0.219731166959]
        dmean2: [0.651583909988, 0.509715676308, 0.423580914736, 0.370728850365, 0.314187765121, 0.314748764038]
        dvar: [0.119237519801, 0.079311221838, 0.0555702783167, 0.0512907877564, 0.0652765333652, 0.0928760915995]
        dvar2: [0.296722710133, 0.195940509439, 0.1290563941, 0.112191848457, 0.141038224101, 0.161822408438]
        max: [-5.14044332504, -4.67686033249, -5.51676797867, -5.69682216644, -5.53647232056, -7.25323534012]
        mean: [-7.2353477478, -6.66679286957, -7.23491954803, -7.46152734756, -7.28316068649, -9.91662883759]
        median: [-6.97500038147, -6.43419647217, -6.93460321426, -7.08645105362, -6.70315599442, -9.3822889328]
        min: [-27.9448299408, -27.8470745087, -27.2543907166, -27.4652042389, -27.4315471649, -27.3155937195]
        var: [1.78835511208, 1.56479454041, 1.71201002598, 1.93461751938, 2.40156960487, 2.83503484726]

rhythm:
    beats_loudness:
        dmean: 0.0021130356472
        dmean2: 0.00375373358838
        dvar: 3.09163692691e-006
        dvar2: 9.90536682366e-006
        max: 0.01419570297
        mean: 0.00627339538187
        median: 0.00626715086401
        min: 1.64077813836e-011
        var: 9.1204092314e-006
    bpm: 99.8396377563
    bpm_confidence: 0
    first_peak_bpm: 99
    first_peak_spread: 0.333333283663
    first_peak_weight: 0.652054786682
    onset_rate: 2.18646335602
    second_peak_bpm: 105
    second_peak_spread: 0.250000029802
    second_peak_weight: 0.0164383556694
    beats_loudness_band_ratio:
        dmean: [0.144014850259, 0.207898631692, 0.0804834514856, 0.0975260287523, 0.118724271655, 0.0740371569991]
        dmean2: [0.262837588787, 0.394062459469, 0.137051478028, 0.179096668959, 0.213663324714, 0.135137498379]
        dvar: [0.0126995593309, 0.0194776486605, 0.00830697827041, 0.0125227598473, 0.0118012586609, 0.00456999475136]
        dvar2: [0.0375274196267, 0.0611779503524, 0.0255237463862, 0.0374018624425, 0.0316733829677, 0.0141707314178]
        max: [0.795345246792, 0.985298633575, 0.596004545689, 0.614465296268, 0.699182927608, 0.620312094688]
        mean: [0.21075835824, 0.286889255047, 0.136914014816, 0.110752575099, 0.211246237159, 0.153595194221]
        median: [0.192324742675, 0.26056855917, 0.101378202438, 0.0652433335781, 0.178959161043, 0.1448110044]
        min: [0, 0, 0, 0, 0, 0]
        var: [0.0178075321019, 0.0467797890306, 0.0111454119906, 0.0127858668566, 0.0215884707868, 0.0097716068849]
    beats_position: [0.626938760281, 1.25387752056, 1.88081634045, 2.50775504112, 3.13469386101, 3.76163268089, 4.38857126236, 5.01551008224, 5.64244890213, 6.26938772202, 6.87310647964, 7.47682523727, 8.08054447174, 8.6958732605, 9.29959201813, 9.91492080688, 10.5186395645, 11.1223583221, 11.7260770798, 12.3414058685, 12.9451246262, 13.5372333527, 14.1293420792, 14.7330608368, 15.3367795944, 15.9288883209, 16.5326080322, 17.1363258362, 17.7400455475, 18.3437633514, 18.9358730316, 19.5279808044, 20.1317005157, 20.7354183197, 21.339138031, 21.942855835, 22.5349655151, 23.1270751953, 23.7307929993, 24.3345127106, 24.9266204834, 25.5187301636, 26.1224479675, 26.7261676788, 27.3298854828, 27.9336051941, 28.537322998, 29.1294326782, 29.7215423584, 30.3252601624, 30.9289798737, 31.5326976776, 32.1364173889, 32.7285270691, 33.3206329346, 33.9243545532, 34.5280723572, 35.1317901611, 35.7355079651, 36.3276176453, 36.9197273254, 37.5234451294, 38.1271629333, 38.730884552, 39.334602356, 39.9383201599, 40.5304298401, 41.1225395203, 41.7262573242, 42.3299751282, 42.9336967468, 43.5374145508, 44.129524231, 44.7216300964, 45.3253517151, 45.929069519, 46.532787323, 47.1365089417, 47.7402267456, 48.3323364258, 48.9244422913, 49.5281639099, 50.1318817139, 50.7355995178, 51.3393173218, 51.931427002, 52.5235366821, 53.1272544861, 53.73097229, 54.3346939087, 54.9384117126, 55.5305213928, 56.122631073, 56.726348877, 57.3300666809, 57.9337844849, 58.5375061035, 59.129611969, 59.7217216492, 60.3370513916, 60.9291610718, 61.5328788757, 62.1365966797, 62.7287063599, 63.32081604, 63.924533844, 64.5282516479, 65.1319732666, 65.7356872559, 66.3394088745, 66.9315185547, 67.5352401733, 68.1273422241, 68.7310638428, 69.3347854614, 69.9384994507, 70.5306091309, 71.122718811, 71.7264404297, 72.3301544189, 72.9338760376, 73.5375976563, 74.1413116455, 74.7334213257, 75.3255310059, 75.9292526245, 76.5329666138, 77.1366882324, 77.7404098511, 78.3441238403, 78.947845459, 79.5399551392, 80.1320648193, 80.712562561, 81.3162765503, 81.9199981689, 82.5237197876, 83.1274337769, 83.7311553955, 84.3348770142, 84.9269790649, 85.5190887451, 86.1228103638, 86.7265319824, 87.3302459717, 87.9339675903, 88.5260772705, 89.1297912598, 89.7219009399, 90.3256225586, 90.9293441772, 91.521446228, 92.1135559082, 92.7172775269, 93.3209991455, 93.9247131348, 94.5284347534, 95.1321487427, 95.7358703613, 96.33959198, 96.9317016602, 97.5238113403, 98.1275253296, 98.7312469482, 99.3349609375, 99.9386825562, 100.530792236, 101.122901917, 101.726615906, 102.330337524, 102.934059143, 103.526168823, 104.118278503, 104.721992493, 105.325714111, 105.929428101, 106.533149719, 107.136871338, 107.728981018, 108.321083069, 108.924804688, 109.528526306, 110.132240295, 110.735961914, 111.339683533, 111.931785583, 112.523895264, 113.127616882, 113.731338501, 114.33505249, 114.92716217, 115.519271851, 116.122993469, 116.726707458, 117.330429077, 117.934150696, 118.537864685, 119.129974365, 119.722084045, 120.325805664, 120.929519653, 121.533241272, 122.136962891, 122.729064941, 123.321174622, 123.92489624, 124.528617859, 125.132331848, 125.736053467, 126.339767456, 126.943489075, 127.535598755, 128.127700806, 128.731430054, 129.335144043, 129.927261353, 130.519363403, 131.123077393, 131.726806641, 132.33052063, 132.934234619, 133.537963867, 134.130065918, 134.733779907, 135.325897217, 135.929611206, 136.533325195, 137.137054443, 137.740768433, 138.332870483, 138.924987793, 139.528701782, 140.13243103, 140.724533081, 141.32824707, 141.931976318, 142.524078369, 143.127792358, 143.731521606, 144.335235596, 144.938949585, 145.531066895, 146.123168945, 146.726898193, 147.330612183, 147.934326172, 148.538040161, 149.130157471, 149.722259521, 150.32598877, 150.929702759, 151.533416748, 152.137145996, 152.740859985, 153.332962036, 153.925079346, 154.528793335, 155.132507324, 155.736236572, 156.328338623, 156.920455933, 157.524169922, 158.127883911, 158.731613159, 159.335327148, 159.927429199, 160.519546509, 161.123260498, 161.726974487, 162.330703735, 162.934417725, 163.538131714, 164.130249023, 164.722351074, 165.326080322, 165.929794312, 166.533508301, 167.137237549, 167.7293396, 168.32144165, 168.925170898, 169.528884888, 170.121002197, 170.724716187, 171.316818237, 171.920547485, 172.512649536, 173.104751587, 173.720092773, 174.335418701, 174.93913269, 175.53125, 176.123352051, 176.72706604, 177.330795288, 177.934509277, 178.538223267, 179.130340576, 179.722442627, 180.326171875, 180.929885864, 181.533599854, 182.137313843, 182.729431152, 183.321533203, 183.925262451, 184.52897644, 185.13269043, 185.736419678, 186.328521729, 186.920639038, 187.524353027, 188.128067017, 188.731781006, 189.335510254, 189.939224243, 190.542938232, 191.135055542, 191.727157593, 192.330886841, 192.93460083, 193.526702881, 194.130432129, 194.72253418, 195.326248169, 195.929977417, 196.533691406, 197.137405396, 197.741134644, 198.344848633, 198.936950684, 199.529067993, 200.132781982, 200.73651123, 201.34022522, 201.932327271, 202.52444458, 203.128158569, 203.731872559, 204.335601807, 204.927703857, 205.519821167, 206.135147095, 206.727249146, 207.330978394, 207.934692383, 208.538406372, 209.130523682, 209.722625732, 210.326339722, 210.93006897, 211.533782959, 212.137496948, 212.752838135, 213.368164063, 213.98348999, 214.587203979, 215.202529907, 215.759811401, 216.317092896, 216.885986328, 217.454864502, 218.023757935, 218.592651367, 219.1615448, 219.730422974]
