
metadata:
    version:
        essentia: "2.1-beta2"
    audio_properties:
        analysis_sample_rate: 44100
        bitrate: 320
        channels: 2
        equal_loudness: 1
        length: 253.648986816
        replay_gain: -16.1266555786
        downmix: "mix"
    tags:
        album: "The Sound Of Madness"
        artist: "Shinedown"
        comment: ""
        date: "2008"
        genre: "Post Grunge"
        title: "The Crow & The Butterfly"
        tracknumber: "5"

configuration:
    average_loudness:
        compute: 1
        frameSize: 88200
        hopSize: 44100
        silentFrames: "noise"
        windowType: "hann"
    general:
        analysisSampleRate: 44100
        endTime: 2000
        equalLoudness: 1
        nequalLoudness: 0
        shortSound: 0
        startTime: 0
    lowlevel:
        compute: 1
        frameSize: 2048
        hopSize: 1024
        zeroPadding: 0
        silentFrames: "noise"
        windowType: "blackmanharris62"
        mfccStats: ["mean", "cov", "icov"]
        stats: ["mean", "var", "median", "min", "max", "dmean", "dmean2", "dvar", "dvar2"]
    panning:
        compute: 0
        frameSize: 8192
        hopSize: 2048
        zeroPadding: 8192
        silentFrames: "noise"
        windowType: "hann"
        stats: ["copy"]
    rhythm:
        compute: 1
        maxTempo: 208
        minTempo: 40
        method: "degara"
        stats: ["mean", "var", "median", "min", "max", "dmean", "dmean2", "dvar", "dvar2"]
    segmentation:
        compute: 0
        cpw: 5
        inc1: 300
        inc2: 50
        minimumSegmentsLength: 10
        size1: 1000
        size2: 600
    sfx:
        compute: 1
        stats: ["mean", "var", "median", "min", "max", "dmean", "dmean2", "dvar", "dvar2"]
    svm:
        compute: 0
    tonal:
        compute: 1
        frameSize: 4096
        hopSize: 2048
        zeroPadding: 0
        silentFrames: "noise"
        windowType: "blackmanharris62"
        stats: ["mean", "var", "median", "min", "max", "dmean", "dmean2", "dvar", "dvar2"]

lowlevel:
    average_loudness: 0.860160529613
    barkbands_kurtosis:
        dmean: 0.75014936924
        dmean2: 1.19596946239
        dvar: 2.24431610107
        dvar2: 5.5582113266
        max: 43.5701675415
        mean: 0.214774608612
        median: -1.06797480583
        min: -1.85986483097
        var: 14.4589614868
    barkbands_skewness:
        dmean: 0.32230463624
        dmean2: 0.50540626049
        dvar: 0.0901671350002
        dvar2: 0.210315689445
        max: 5.58890008926
        mean: 0.269564092159
        median: 0.0603271760046
        min: -2.82527685165
        var: 1.03710711002
    barkbands_spread:
        dmean: 3.98749637604
        dmean2: 6.26783370972
        dvar: 17.0814723969
        dvar2: 41.2991943359
        max: 76.820930481
        mean: 28.967874527
        median: 30.1151332855
        min: 0.846385776997
        var: 107.903182983
    dissonance:
        dmean: 0.0142583232373
        dmean2: 0.0239137839526
        dvar: 0.00023507795413
        dvar2: 0.000620320613962
        max: 0.500000059605
        mean: 0.467245995998
        median: 0.476165920496
        min: 0.21457670629
        var: 0.000897696183529
    hfc:
        dmean: 1.5979385376
        dmean2: 2.62788820267
        dvar: 4.24450159073
        dvar2: 11.608039856
        max: 37.57396698
        mean: 8.43447685242
        median: 8.58309650421
        min: 1.22415544113e-016
        var: 34.2196655273
    pitch:
        dmean: 428.549163818
        dmean2: 828.971740723
        dvar: 974095.375
        dvar2: 2641966.25
        max: 4935.23974609
        mean: 624.47833252
        median: 273.077148438
        min: 58.3283805847
        var: 1030650.3125
    pitch_instantaneous_confidence:
        dmean: 0.0757267475128
        dmean2: 0.122637584805
        dvar: 0.00427364883944
        dvar2: 0.010419011116
        max: 0.967802584171
        mean: 0.442274481058
        median: 0.418655753136
        min: 0.0983459353447
        var: 0.0227769501507
    pitch_salience:
        dmean: 0.0520791858435
        dmean2: 0.0846493765712
        dvar: 0.00208759331144
        dvar2: 0.00545890023932
        max: 0.989184439182
        mean: 0.614480137825
        median: 0.624728620052
        min: 0.174966916442
        var: 0.00842646230012
    silence_rate_20dB:
        dmean: 0
        dmean2: 0
        dvar: 0
        dvar2: 0
        max: 1
        mean: 1
        median: 1
        min: 1
        var: 0
    silence_rate_30dB:
        dmean: 0
        dmean2: 0
        dvar: 0
        dvar2: 0
        max: 1
        mean: 1
        median: 1
        min: 1
        var: 0
    silence_rate_60dB:
        dmean: 0.0388136208057
        dmean2: 0.0776343494654
        dvar: 0.03730103001
        dvar2: 0.0897417291999
        max: 1
        mean: 0.293455392122
        median: 0
        min: 0
        var: 0.207305788994
    spectral_centroid:
        dmean: 197.963745117
        dmean2: 312.406219482
        dvar: 49302.0390625
        dvar2: 109378.515625
        max: 11152.3193359
        mean: 1555.95202637
        median: 1654.76135254
        min: 243.601013184
        var: 407060.375
    spectral_complexity:
        dmean: 2.73947262764
        dmean2: 4.55863761902
        dvar: 8.27509689331
        dvar2: 21.7685012817
        max: 44
        mean: 16.4755153656
        median: 18
        min: 0
        var: 86.570930481
    spectral_crest:
        dmean: 1.9458180666
        dmean2: 3.22603535652
        dvar: 3.4482228756
        dvar2: 8.93262958527
        max: 23.7327079773
        mean: 7.62730264664
        median: 6.55804729462
        min: 2.44764137268
        var: 13.6688661575
    spectral_decrease:
        dmean: 1.97617741615e-010
        dmean2: 3.18869791682e-010
        dvar: 5.03500896828e-020
        dvar2: 1.28267201125e-019
        max: 1.66463216771e-028
        mean: -1.08235875818e-009
        median: -1.09151010452e-009
        min: -3.51036177904e-009
        var: 3.56083340074e-019
    spectral_energy:
        dmean: 0.000852720753755
        dmean2: 0.00138105964288
        dvar: 9.48517083543e-007
        dvar2: 2.44961120188e-006
        max: 0.0162040069699
        mean: 0.00485011003911
        median: 0.00494557339698
        min: 1.07329334042e-020
        var: 7.44573844713e-006
    spectral_energyband_high:
        dmean: 0.000124075508211
        dmean2: 0.000204926895094
        dvar: 4.17337489012e-008
        dvar2: 1.08523771303e-007
        max: 0.00543157896027
        mean: 0.000394559901906
        median: 0.000308052985929
        min: 7.94354870829e-021
        var: 1.62214092825e-007
    spectral_energyband_low:
        dmean: 0.000132227607537
        dmean2: 0.000219942565309
        dvar: 6.97420432516e-008
        dvar2: 1.94146807075e-007
        max: 0.00377235282212
        mean: 0.000288719835225
        median: 0.000210407277336
        min: 4.60367801581e-023
        var: 9.13720228368e-008
    spectral_energyband_middle_high:
        dmean: 0.000530099496245
        dmean2: 0.000859342690092
        dvar: 3.83118020864e-007
        dvar2: 1.01948785414e-006
        max: 0.0103747546673
        mean: 0.00250105536543
        median: 0.00249269930646
        min: 1.28610338504e-021
        var: 3.25938958667e-006
    spectral_energyband_middle_low:
        dmean: 0.000550430384465
        dmean2: 0.000864930159878
        dvar: 4.88926218623e-007
        dvar2: 1.21106256756e-006
        max: 0.00935276877135
        mean: 0.00180537067354
        median: 0.00150756118819
        min: 2.32697811169e-022
        var: 1.69272504991e-006
    spectral_flatness_db:
        dmean: 0.0135953454301
        dmean2: 0.0210439842194
        dvar: 0.000170491999597
        dvar2: 0.000377905467758
        max: 0.443449109793
        mean: 0.154920354486
        median: 0.140258967876
        min: 0.061199568212
        var: 0.00246316124685
    spectral_flux:
        dmean: 0.00608704378828
        dmean2: 0.00968731194735
        dvar: 3.85430612369e-005
        dvar2: 8.9624649263e-005
        max: 0.097567640245
        mean: 0.0365282520652
        median: 0.0390659943223
        min: 7.00205449178e-011
        var: 0.000288397743134
    spectral_kurtosis:
        dmean: 1.46514523029
        dmean2: 2.45069885254
        dvar: 6.68426799774
        dvar2: 19.818069458
        max: 75.6952285767
        mean: 4.98052072525
        median: 3.60308551788
        min: -1.21151816845
        var: 36.774887085
    spectral_rms:
        dmean: 0.000184588207048
        dmean2: 0.000295525911497
        dvar: 3.56434064486e-008
        dvar2: 8.86646489562e-008
        max: 0.00397602654994
        mean: 0.00205269479193
        median: 0.00219657667913
        min: 3.23591630921e-012
        var: 5.18244291925e-007
    spectral_rolloff:
        dmean: 307.363098145
        dmean2: 508.649871826
        dvar: 179193.421875
        dvar2: 402663.96875
        max: 19509.0820313
        mean: 2926.57055664
        median: 3273.046875
        min: 193.798828125
        var: 1323328.875
    spectral_skewness:
        dmean: 0.177711382508
        dmean2: 0.287301152945
        dvar: 0.0444315038621
        dvar2: 0.119197651744
        max: 7.27153491974
        mean: 1.53428399563
        median: 1.37875139713
        min: -0.0924408212304
        var: 0.433588117361
    spectral_spread:
        dmean: 454185.34375
        dmean2: 658663.8125
        dvar: 467893321728
        dvar2: 874307584000
        max: 40971780
        mean: 4490244
        median: 4332847.5
        min: 1120803.375
        var: 2.66428114534e+012
    spectral_strongpeak:
        dmean: 0.516875505447
        dmean2: 0.884135603905
        dvar: 0.625430047512
        dvar2: 1.63811099529
        max: 10.9841537476
        mean: 0.890935957432
        median: 0.454271346331
        min: 3.14104275922e-009
        var: 1.07813167572
    zerocrossingrate:
        dmean: 0.00668517127633
        dmean2: 0.00816385820508
        dvar: 5.46809387743e-005
        dvar2: 6.26613764325e-005
        max: 0.5087890625
        mean: 0.0895836278796
        median: 0.095703125
        min: 0.009765625
        var: 0.000990347121842
    barkbands:
        dmean: [1.28383462084e-007, 3.25918663293e-005, 8.07351971162e-005, 9.04878252186e-005, 0.000262447749265, 0.000204935437068, 0.000116820934636, 0.000120155098557, 0.000100387493148, 0.000150090447278, 7.10008389433e-005, 6.15353856119e-005, 5.35746075911e-005, 6.20580685791e-005, 9.53047710937e-005, 0.000142785167554, 0.000198439069209, 0.000123195030028, 0.000187018071301, 0.000127414721646, 6.55174007989e-005, 1.89924394363e-005, 5.7838151406e-006, 2.54758720075e-006, 1.17779768516e-006, 4.62590783457e-008, 5.64431001937e-010]
        dmean2: [2.10479711882e-007, 5.54442813154e-005, 0.000135831200168, 0.000148089558934, 0.000420957163442, 0.000338100944646, 0.000181174706086, 0.000181868832442, 0.000153546236106, 0.000233310027397, 0.000111345339974, 9.9906923424e-005, 8.69626164786e-005, 0.000101026540506, 0.000155316171004, 0.000237447486143, 0.0003287801228, 0.000204041294637, 0.000314232078381, 0.000212554601603, 0.000110105458589, 3.11383482767e-005, 8.68663755682e-006, 3.75829472432e-006, 1.82456858511e-006, 6.76776394926e-008, 9.31114851888e-010]
        dvar: [1.91894365524e-013, 7.04960489983e-009, 2.8095064053e-008, 1.80152550655e-008, 2.08571947269e-007, 1.42172325468e-007, 4.52766499848e-008, 7.4610831291e-008, 4.65405634031e-008, 1.19482990613e-007, 2.6167018774e-008, 2.06062864549e-008, 1.07827196061e-008, 1.48366376962e-008, 2.78424661104e-008, 5.60277619854e-008, 1.13528876966e-007, 3.47101583031e-008, 7.21628055089e-008, 3.78861741979e-008, 1.18612879518e-008, 1.47569989561e-009, 1.81993017878e-010, 5.79343309437e-011, 1.08792948608e-011, 1.73210716061e-014, 1.86222302764e-018]
        dvar2: [4.80183926475e-013, 1.98734806389e-008, 7.89158178804e-008, 4.70251819706e-008, 5.23027495092e-007, 3.91167930047e-007, 1.10358243433e-007, 1.61369456464e-007, 1.05694297758e-007, 2.73420369012e-007, 6.1996864531e-008, 5.59711388348e-008, 2.65359521023e-008, 3.53942972708e-008, 6.79090348399e-008, 1.44292258142e-007, 2.99614811183e-007, 9.11847024554e-008, 2.00583656351e-007, 9.79230634357e-008, 3.21236548473e-008, 3.64535091002e-009, 3.57010671026e-010, 1.02565532456e-010, 2.55644394542e-011, 3.3680862461e-014, 4.99213177689e-018]
        max: [5.46077899344e-006, 0.00103805970866, 0.0026921951212, 0.00387116195634, 0.0069279181771, 0.00703821703792, 0.00544439535588, 0.0067863506265, 0.00701820850372, 0.00799551513046, 0.00510932831094, 0.00429192464799, 0.00285780499689, 0.00296355038881, 0.00405308790505, 0.00426995381713, 0.00772714056075, 0.00449852179736, 0.00674373470247, 0.00483048707247, 0.00289252935909, 0.00102074176539, 0.000281636981526, 0.000172838030267, 7.40768955438e-005, 4.24063136961e-006, 5.68451312688e-008]
        mean: [2.32426742741e-007, 5.9300189605e-005, 0.000157860456966, 0.000160827446962, 0.000506139476784, 0.000360077712685, 0.000232089252677, 0.000225220792345, 0.000201558781555, 0.000291121657938, 0.000132588640554, 0.000111566252599, 9.71704139374e-005, 0.000106349296402, 0.000171877181856, 0.000296879152302, 0.000422724115197, 0.000280518550426, 0.000472473882837, 0.000323699234286, 0.000173848078703, 4.40976400569e-005, 1.37314127642e-005, 5.63344337934e-006, 2.44408852268e-006, 8.12118017279e-008, 6.79458767028e-010]
        median: [8.05307536211e-008, 3.82588259527e-005, 9.20844031498e-005, 9.6369170933e-005, 0.000323552405462, 0.000198075809749, 0.000121196717373, 8.08470940683e-005, 9.90203770925e-005, 8.79884973983e-005, 5.5866297771e-005, 4.67563513666e-005, 4.85548225697e-005, 4.95599560963e-005, 9.58606105996e-005, 0.000183406096767, 0.000294297555229, 0.000200427341042, 0.000387627340388, 0.000250569952186, 0.000120560929645, 2.66953084065e-005, 5.5114423958e-006, 2.0147754185e-006, 1.16351407087e-006, 2.75858571541e-008, 2.51687282127e-010]
        min: [1.55115948326e-024, 1.16416274306e-023, 1.22863192722e-023, 4.21948484783e-024, 1.94022879771e-023, 2.83862256631e-023, 5.77020323951e-023, 1.56610315149e-023, 2.57593046492e-023, 2.92844763323e-023, 6.43773544424e-023, 5.07077644174e-023, 5.02628374006e-023, 6.9678304088e-023, 8.76515594912e-023, 6.90129851114e-023, 8.73037917389e-023, 1.53505516398e-022, 2.48536724507e-022, 2.74207040913e-022, 4.05643258408e-022, 4.99399541077e-022, 4.41481954017e-022, 8.60240674996e-022, 1.17162944405e-021, 1.64522608961e-021, 2.48013950803e-021]
        var: [2.00991770428e-013, 6.71168676192e-009, 3.9772842797e-008, 4.4339373062e-008, 3.53272639586e-007, 2.44934710736e-007, 1.38052797638e-007, 2.41786665356e-007, 1.38336261557e-007, 4.21448220322e-007, 8.14887854972e-008, 5.34717621292e-008, 2.97160411833e-008, 3.14607397911e-008, 5.94124038855e-008, 1.51504636392e-007, 2.71154362963e-007, 1.09150633421e-007, 2.14981199065e-007, 1.15623322472e-007, 4.35197051729e-008, 3.55517215667e-009, 6.46821540773e-010, 1.81796896981e-010, 2.215108999e-011, 4.25314860099e-014, 1.79598571291e-018]
    frequency_bands:
        dmean: [1.28383462084e-007, 3.25918663293e-005, 8.07351971162e-005, 9.04878252186e-005, 0.000262447749265, 0.000204935437068, 0.000116820934636, 0.000120155098557, 0.000100387493148, 0.000150090447278, 7.10008389433e-005, 6.15353856119e-005, 5.35746075911e-005, 6.20580685791e-005, 9.53047710937e-005, 0.000142785167554, 0.000198439069209, 0.000123195030028, 0.000187018071301, 0.000127414721646, 6.55174007989e-005, 1.89924394363e-005, 5.7838151406e-006, 2.54758720075e-006, 1.17779768516e-006, 4.62590783457e-008, 5.64431001937e-010, 5.52963959344e-011]
        dmean2: [2.10479711882e-007, 5.54442813154e-005, 0.000135831200168, 0.000148089558934, 0.000420957163442, 0.000338100944646, 0.000181174706086, 0.000181868832442, 0.000153546236106, 0.000233310027397, 0.000111345339974, 9.9906923424e-005, 8.69626164786e-005, 0.000101026540506, 0.000155316171004, 0.000237447486143, 0.0003287801228, 0.000204041294637, 0.000314232078381, 0.000212554601603, 0.000110105458589, 3.11383482767e-005, 8.68663755682e-006, 3.75829472432e-006, 1.82456858511e-006, 6.76776394926e-008, 9.31114851888e-010, 1.02008089475e-010]
        dvar: [1.91894365524e-013, 7.04960489983e-009, 2.8095064053e-008, 1.80152550655e-008, 2.08571947269e-007, 1.42172325468e-007, 4.52766499848e-008, 7.4610831291e-008, 4.65405634031e-008, 1.19482990613e-007, 2.6167018774e-008, 2.06062864549e-008, 1.07827196061e-008, 1.48366376962e-008, 2.78424661104e-008, 5.60277619854e-008, 1.13528876966e-007, 3.47101583031e-008, 7.21628055089e-008, 3.78861741979e-008, 1.18612879518e-008, 1.47569989561e-009, 1.81993017878e-010, 5.79343309437e-011, 1.08792948608e-011, 1.73210716061e-014, 1.86222302764e-018, 6.71986464288e-021]
        dvar2: [4.80183926475e-013, 1.98734806389e-008, 7.89158178804e-008, 4.70251819706e-008, 5.23027495092e-007, 3.91167930047e-007, 1.10358243433e-007, 1.61369456464e-007, 1.05694297758e-007, 2.73420369012e-007, 6.1996864531e-008, 5.59711388348e-008, 2.65359521023e-008, 3.53942972708e-008, 6.79090348399e-008, 1.44292258142e-007, 2.99614811183e-007, 9.11847024554e-008, 2.00583656351e-007, 9.79230634357e-008, 3.21236548473e-008, 3.64535091002e-009, 3.57010671026e-010, 1.02565532456e-010, 2.55644394542e-011, 3.3680862461e-014, 4.99213177689e-018, 2.14011350786e-020]
        max: [5.46077899344e-006, 0.00103805970866, 0.0026921951212, 0.00387116195634, 0.0069279181771, 0.00703821703792, 0.00544439535588, 0.0067863506265, 0.00701820850372, 0.00799551513046, 0.00510932831094, 0.00429192464799, 0.00285780499689, 0.00296355038881, 0.00405308790505, 0.00426995381713, 0.00772714056075, 0.00449852179736, 0.00674373470247, 0.00483048707247, 0.00289252935909, 0.00102074176539, 0.000281636981526, 0.000172838030267, 7.40768955438e-005, 4.24063136961e-006, 5.68451312688e-008, 9.44888611798e-010]
        mean: [2.32426742741e-007, 5.9300189605e-005, 0.000157860456966, 0.000160827446962, 0.000506139476784, 0.000360077712685, 0.000232089252677, 0.000225220792345, 0.000201558781555, 0.000291121657938, 0.000132588640554, 0.000111566252599, 9.71704139374e-005, 0.000106349296402, 0.000171877181856, 0.000296879152302, 0.000422724115197, 0.000280518550426, 0.000472473882837, 0.000323699234286, 0.000173848078703, 4.40976400569e-005, 1.37314127642e-005, 5.63344337934e-006, 2.44408852268e-006, 8.12118017279e-008, 6.79458767028e-010, 4.34891671286e-011]
        median: [8.05307536211e-008, 3.82588259527e-005, 9.20844031498e-005, 9.6369170933e-005, 0.000323552405462, 0.000198075809749, 0.000121196717373, 8.08470940683e-005, 9.90203770925e-005, 8.79884973983e-005, 5.5866297771e-005, 4.67563513666e-005, 4.85548225697e-005, 4.95599560963e-005, 9.58606105996e-005, 0.000183406096767, 0.000294297555229, 0.000200427341042, 0.000387627340388, 0.000250569952186, 0.000120560929645, 2.66953084065e-005, 5.5114423958e-006, 2.0147754185e-006, 1.16351407087e-006, 2.75858571541e-008, 2.51687282127e-010, 1.54158630306e-011]
        min: [1.55115948326e-024, 1.16416274306e-023, 1.22863192722e-023, 4.21948484783e-024, 1.94022879771e-023, 2.83862256631e-023, 5.77020323951e-023, 1.56610315149e-023, 2.57593046492e-023, 2.92844763323e-023, 6.43773544424e-023, 5.07077644174e-023, 5.02628374006e-023, 6.9678304088e-023, 8.76515594912e-023, 6.90129851114e-023, 8.73037917389e-023, 1.53505516398e-022, 2.48536724507e-022, 2.74207040913e-022, 4.05643258408e-022, 4.99399541077e-022, 4.41481954017e-022, 8.60240674996e-022, 1.17162944405e-021, 1.64522608961e-021, 2.48013950803e-021, 5.21633756085e-022]
        var: [2.00991770428e-013, 6.71168676192e-009, 3.9772842797e-008, 4.4339373062e-008, 3.53272639586e-007, 2.44934710736e-007, 1.38052797638e-007, 2.41786665356e-007, 1.38336261557e-007, 4.21448220322e-007, 8.14887854972e-008, 5.34717621292e-008, 2.97160411833e-008, 3.14607397911e-008, 5.94124038855e-008, 1.51504636392e-007, 2.71154362963e-007, 1.09150633421e-007, 2.14981199065e-007, 1.15623322472e-007, 4.35197051729e-008, 3.55517215667e-009, 6.46821540773e-010, 1.81796896981e-010, 2.215108999e-011, 4.25314860099e-014, 1.79598571291e-018, 5.47476516222e-021]
    mfcc:
        mean: [-713.287109375, 110.854637146, -47.1614608765, 47.5029602051, -12.8245563507, -10.2520198822, -5.14722490311, -6.81977128983, -2.57730722427, -6.32962179184, -9.3878736496, -6.75340890884, -2.70325112343]
        cov: [[7977.08984375, -574.289367676, -983.440979004, 762.487609863, -362.921630859, 189.535202026, 48.3487510681, 207.760986328, 193.830673218, 48.514213562, 66.7087173462, 117.803092957, 103.968826294], [-574.289367676, 1075.29956055, -200.750335693, 37.7415084839, 59.0286369324, -123.332069397, 27.7210559845, -84.4153213501, -6.58628511429, -36.0414161682, -22.8544082642, -33.2500686646, -11.5914087296], [-983.440979004, -200.750335693, 525.736999512, -180.946365356, 56.6701927185, -15.2788972855, -77.332321167, -18.5452632904, -71.8210754395, -1.398260355, -19.6368274689, -16.1114597321, -16.0374298096], [762.487609863, 37.7415084839, -180.946365356, 295.232849121, 12.2585992813, 43.5986976624, 25.5278263092, 17.9006462097, 57.4078674316, 9.18991279602, 10.7014789581, 24.4047145844, 21.3529949188], [-362.921630859, 59.0286369324, 56.6701927185, 12.2585992813, 217.824050903, 8.85792350769, 9.86835002899, -10.3309240341, 15.2685461044, 22.7709922791, -15.8322782516, 17.0961875916, 18.3683509827], [189.535202026, -123.332069397, -15.2788972855, 43.5986976624, 8.85792350769, 134.019241333, 57.3954086304, 34.700843811, 21.5619659424, 10.251914978, 22.2191181183, 10.7498168945, 7.53772354126], [48.3487510681, 27.7210559845, -77.332321167, 25.5278263092, 9.86835002899, 57.3954086304, 143.571487427, 44.3903846741, 33.5553398132, 5.61813354492, 16.2885227203, 14.9345293045, 1.1752448082], [207.760986328, -84.4153213501, -18.5452632904, 17.9006462097, -10.3309240341, 34.700843811, 44.3903846741, 110.077156067, 43.9887161255, 13.7882442474, 7.60973119736, 16.3712272644, 16.5708141327], [193.830673218, -6.58628511429, -71.8210754395, 57.4078674316, 15.2685461044, 21.5619659424, 33.5553398132, 43.9887161255, 116.766868591, 30.1001358032, 9.13638687134, 15.2812232971, 10.272687912], [48.514213562, -36.0414161682, -1.398260355, 9.18991279602, 22.7709922791, 10.251914978, 5.61813354492, 13.7882442474, 30.1001358032, 88.5754013062, 22.977268219, 11.6253566742, 5.30943346024], [66.7087173462, -22.8544082642, -19.6368274689, 10.7014789581, -15.8322782516, 22.2191181183, 16.2885227203, 7.60973119736, 9.13638687134, 22.977268219, 74.8801269531, 24.2816181183, 7.46917200089], [117.803092957, -33.2500686646, -16.1114597321, 24.4047145844, 17.0961875916, 10.7498168945, 14.9345293045, 16.3712272644, 15.2812232971, 11.6253566742, 24.2816181183, 77.1975326538, 28.2994098663], [103.968826294, -11.5914087296, -16.0374298096, 21.3529949188, 18.3683509827, 7.53772354126, 1.1752448082, 16.5708141327, 10.272687912, 5.30943346024, 7.46917200089, 28.2994098663, 73.8316955566]]
        icov: [[0.000245629780693, 0.000156860201969, 0.000369930319721, -0.000431804335676, 0.000310773466481, -9.06768982532e-005, 0.000238785825786, -0.00024246823159, 8.45037066028e-005, -0.000104616236058, 0.000133957873913, -0.000153797082021, -9.23047118704e-005], [0.000156860201969, 0.00144209514838, 0.000739808601793, -0.000358500314178, -0.000383307778975, 0.00140053592622, -0.00067346758442, 0.000673921662383, 3.48722205672e-005, 0.00038968064473, -0.00016620112001, 0.000569342460949, -0.000152548585902], [0.000369930319721, 0.000739808601793, 0.00368292699568, 0.000946748652495, -0.000756186491344, -0.000458203721792, 0.00173123867717, -0.000813042977825, 0.0012290077284, -0.000181926923688, 0.000331100571202, -0.000168729427969, 0.000384488579584], [-0.000431804335676, -0.000358500314178, 0.000946748652495, 0.00564875593409, -0.000994984526187, -0.00153576361481, 0.000613232085016, 0.000587795162573, -0.00149502977729, 0.000411356100813, 3.80877572752e-005, -0.000593112315983, -0.000211700098589], [0.000310773466481, -0.000383307778975, -0.000756186491344, -0.000994984526187, 0.00627852929756, -0.000977654824965, -0.000483317708131, 0.00109290028922, -0.000770626065787, -0.00196659145877, 0.0025550161954, -0.00170589203481, -0.00143007177394], [-9.06768982532e-005, 0.00140053592622, -0.000458203721792, -0.00153576361481, -0.000977654824965, 0.0118001066148, -0.0045702601783, -0.000649362977128, 0.000111493063741, 0.000522946822457, -0.00270184641704, 0.00164468528237, -0.000460978772026], [0.000238785825786, -0.00067346758442, 0.00173123867717, 0.000613232085016, -0.000483317708131, -0.0045702601783, 0.0111792040989, -0.00369172054343, -0.000630096532404, 0.000550877652131, -0.000627915433142, -0.00150024541654, 0.00168078462593], [-0.00024246823159, 0.000673921662383, -0.000813042977825, 0.000587795162573, 0.00109290028922, -0.000649362977128, -0.00369172054343, 0.0137157160789, -0.00416534440592, -0.000400988850743, 0.00102227902971, -0.000602291082032, -0.00238873320632], [8.45037066028e-005, 3.48722205672e-005, 0.0012290077284, -0.00149502977729, -0.000770626065787, 0.000111493063741, -0.000630096532404, -0.00416534440592, 0.0126067390665, -0.00334059237503, 0.000444658042397, -0.000479974260088, 0.000336219614837], [-0.000104616236058, 0.00038968064473, -0.000181926923688, 0.000411356100813, -0.00196659145877, 0.000522946822457, 0.000550877652131, -0.000400988850743, -0.00334059237503, 0.0142055600882, -0.00464627705514, 0.000358340039384, 0.000343042018358], [0.000133957873913, -0.00016620112001, 0.000331100571202, 3.80877572752e-005, 0.0025550161954, -0.00270184641704, -0.000627915433142, 0.00102227902971, 0.000444658042397, -0.00464627705514, 0.0177879612893, -0.00542017584667, -0.000182810836122], [-0.000153797082021, 0.000569342460949, -0.000168729427969, -0.000593112315983, -0.00170589203481, 0.00164468528237, -0.00150024541654, -0.000602291082032, -0.000479974260088, 0.000358340039384, -0.00542017584667, 0.0178811140358, -0.00540802348405], [-9.23047118704e-005, -0.000152548585902, 0.000384488579584, -0.000211700098589, -0.00143007177394, -0.000460978772026, 0.00168078462593, -0.00238873320632, 0.000336219614837, 0.000343042018358, -0.000182810836122, -0.00540802348405, 0.0167272333056]]
    sccoeffs:
        dmean: [0.0456375032663, 0.0421855635941, 0.0354801975191, 0.0294257365167, 0.0204663295299, 0.0171759296209]
        dmean2: [0.0759142488241, 0.0692833587527, 0.057207532227, 0.0480146072805, 0.0336761698127, 0.0269416607916]
        dvar: [0.00147751823533, 0.00120100704953, 0.000803445640486, 0.000545847753529, 0.000284968904452, 0.000256404397078]
        dvar2: [0.00404357630759, 0.00322648580186, 0.00208091503009, 0.00142045819666, 0.000714202818926, 0.000577000086196]
        max: [-0.246280685067, -0.486129999161, -0.490220427513, -0.563032984734, -0.595377385616, -0.595563232899]
        mean: [-0.635740041733, -0.724667191505, -0.753145098686, -0.762486517429, -0.778799533844, -0.752556502819]
        median: [-0.648888468742, -0.729193389416, -0.758978366852, -0.765191733837, -0.781228125095, -0.747646450996]
        min: [-0.961606860161, -0.993862211704, -0.972903192043, -0.962836503983, -0.962758898735, -0.961215078831]
        var: [0.00927826575935, 0.0040673231706, 0.00384290446527, 0.00244922516868, 0.00166242290288, 0.00211929134093]
    scvalleys:
        dmean: [0.355149328709, 0.305937707424, 0.261060893536, 0.224806517363, 0.188376843929, 0.248302280903]
        dmean2: [0.58769184351, 0.502692997456, 0.426259875298, 0.363314449787, 0.297765046358, 0.342663705349]
        dvar: [0.10259180516, 0.0696791484952, 0.0526218414307, 0.0450124926865, 0.047186549753, 0.110222108662]
        dvar2: [0.259784221649, 0.173533380032, 0.123756915331, 0.100753344595, 0.0989107117057, 0.204992651939]
        max: [-5.20166683197, -4.74398803711, -5.33861732483, -5.83726263046, -5.66325521469, -7.51495409012]
        mean: [-7.18084669113, -6.66640806198, -7.17990970612, -7.46776533127, -7.32145738602, -10.0163707733]
        median: [-6.75458288193, -6.42422628403, -6.84528064728, -7.01776742935, -6.70588064194, -9.48997783661]
        min: [-27.5075302124, -27.2071990967, -27.2755832672, -27.4249134064, -27.326171875, -27.2626438141]
        var: [1.99457216263, 1.6362837553, 1.73035466671, 2.05725765228, 2.35937333107, 2.69077920914]

rhythm:
    beats_loudness:
        dmean: 0.00168705440592
        dmean2: 0.00287909642793
        dvar: 1.98032989829e-006
        dvar2: 5.65731807001e-006
        max: 0.0139981294051
        mean: 0.00557340495288
        median: 0.00569727318361
        min: 5.54528888086e-011
        var: 8.08283311926e-006
    bpm: 99.2341690063
    bpm_confidence: 0
    first_peak_bpm: 99
    first_peak_spread: 0.0582191720605
    first_peak_weight: 0.582627058029
    onset_rate: 2.03036499023
    second_peak_bpm: 148
    second_peak_spread: 0.339743584394
    second_peak_weight: 0.218220338225
    beats_loudness_band_ratio:
        dmean: [0.097423709929, 0.161728963256, 0.0980200171471, 0.0824107602239, 0.106516964734, 0.079077064991]
        dmean2: [0.167976990342, 0.279538780451, 0.168747484684, 0.145246654749, 0.187508076429, 0.136755928397]
        dvar: [0.00977959111333, 0.0171751882881, 0.0116166090593, 0.0100544383749, 0.0114329848439, 0.00522826518863]
        dvar2: [0.0282065849751, 0.0490451753139, 0.0328015945852, 0.0291634164751, 0.0304679702967, 0.0143788876012]
        max: [0.816412866116, 0.860189199448, 0.776151537895, 0.642906606197, 0.675859928131, 0.531263530254]
        mean: [0.148713797331, 0.239401191473, 0.156489908695, 0.113159529865, 0.233568280935, 0.170791819692]
        median: [0.120935887098, 0.202226996422, 0.109708636999, 0.0788336694241, 0.220345526934, 0.162681400776]
        min: [0, 0, 0, 0, 0, 0]
        var: [0.0130367251113, 0.0273846648633, 0.0171868912876, 0.0102510210127, 0.0183820948005, 0.0108825992793]
    beats_position: [0.603718817234, 1.23065757751, 1.84598636627, 2.46131515503, 3.09986400604, 3.73841261864, 4.37696123123, 5.01551008224, 5.64244890213, 6.24616765976, 6.84988641739, 7.45360517502, 8.05732440948, 8.66104316711, 9.26476192474, 9.86848068237, 10.47219944, 11.0759181976, 11.6796369553, 12.2833557129, 12.8870744705, 13.4907932281, 14.0945119858, 14.6982307434, 15.301949501, 15.9172782898, 16.5209980011, 17.1247158051, 17.7400455475, 18.3437633514, 18.9590930939, 19.5512008667, 20.154920578, 20.758638382, 21.3623580933, 21.9660758972, 22.5697956085, 23.1735134125, 23.7772331238, 24.3809528351, 24.984670639, 25.5767803192, 26.1804981232, 26.7958278656, 27.3995456696, 28.0032653809, 28.6069831848, 29.2107028961, 29.8144207001, 30.4181404114, 31.0218582153, 31.6255779266, 32.2292976379, 32.8330154419, 33.4367332458, 34.0404510498, 34.6441726685, 35.2478904724, 35.8516082764, 36.455329895, 37.059047699, 37.6627655029, 38.2664833069, 38.8702049255, 39.4739227295, 40.0776405334, 40.6813583374, 41.2850799561, 41.88879776, 42.492515564, 43.0962333679, 43.6999549866, 44.3036727905, 44.9073905945, 45.5111083984, 46.1148300171, 46.718547821, 47.322265625, 47.9259872437, 48.5297050476, 49.1334228516, 49.7371406555, 50.3408622742, 50.9445800781, 51.5482978821, 52.152015686, 52.7557373047, 53.3594551086, 53.9631729126, 54.5668907166, 55.1706123352, 55.7743301392, 56.3780479431, 56.9817695618, 57.5854873657, 58.1892051697, 58.7929229736, 59.3966445923, 60.0003623962, 60.6040802002, 61.2077980042, 61.8115196228, 62.4152374268, 63.0189552307, 63.6226730347, 64.2263946533, 64.8301086426, 65.4338302612, 66.0375518799, 66.6412658691, 67.2449874878, 67.8487091064, 68.4524230957, 69.0561447144, 69.659866333, 70.2635803223, 70.8673019409, 71.4710159302, 72.0747375488, 72.6784591675, 73.2821731567, 73.8858947754, 74.489616394, 75.0933303833, 75.697052002, 76.3007659912, 76.9044876099, 77.5082092285, 78.1235351563, 78.7272567749, 79.3309707642, 79.9346923828, 80.5384140015, 81.1421279907, 81.7458496094, 82.3611755371, 82.9648971558, 83.5686187744, 84.1723327637, 84.7760543823, 85.3797683716, 85.9834899902, 86.5872116089, 87.1909255981, 87.7946472168, 88.3983688354, 89.0020828247, 89.6058044434, 90.2095184326, 90.8132400513, 91.4169616699, 92.0206756592, 92.6243972778, 93.2281188965, 93.8318328857, 94.4355545044, 95.039276123, 95.6429901123, 96.246711731, 96.8504257202, 97.4541473389, 98.0578689575, 98.6615829468, 99.2653045654, 99.8690261841, 100.472740173, 101.076461792, 101.680175781, 102.2838974, 102.887619019, 103.491333008, 104.095054626, 104.698776245, 105.302490234, 105.906211853, 106.509933472, 107.113647461, 107.71736908, 108.321083069, 108.924804688, 109.528526306, 110.132240295, 110.735961914, 111.339683533, 111.943397522, 112.547119141, 113.15083313, 113.754554749, 114.358276367, 114.961990356, 115.554100037, 116.157821655, 116.761543274, 117.376869202, 117.992195129, 118.595916748, 119.199638367, 119.803352356, 120.407073975, 121.010787964, 121.614509583, 122.218231201, 122.82194519, 123.425666809, 124.029388428, 124.633102417, 125.248435974, 125.863761902, 126.455871582, 127.059593201, 127.66330719, 128.267028809, 128.870742798, 129.474472046, 130.078186035, 130.681900024, 131.285614014, 131.889343262, 132.493057251, 133.09677124, 133.700500488, 134.304214478, 134.907928467, 135.511657715, 136.115371704, 136.719085693, 137.322814941, 137.926528931, 138.53024292, 139.133972168, 139.749298096, 140.376235962, 141.003173828, 141.432739258, 141.873916626, 142.315093994, 142.733062744, 143.139404297, 143.545761108, 143.952102661, 144.358459473, 144.764801025, 145.171157837, 145.565887451, 145.972244263, 146.378585815, 146.773330688, 147.179672241, 147.586029053, 147.980773926, 148.387115479, 148.79347229, 149.199813843, 149.594558716, 150.000900269, 150.40725708, 150.813598633, 151.208343506, 151.614685059, 152.02104187, 152.415786743, 152.810516357, 153.216873169, 153.623214722, 154.017959595, 154.424301147, 154.830657959, 155.225387573, 155.631744385, 156.026489258, 156.432830811, 156.839187622, 157.245529175, 157.651885986, 158.058227539, 158.464584351, 158.870925903, 159.277282715, 159.683624268, 160.078369141, 160.473098755, 160.879455566, 161.285797119, 161.692153931, 162.098495483, 162.493240356, 162.899581909, 163.305938721, 163.700683594, 164.107025146, 164.513381958, 164.908111572, 165.302856445, 165.69758606, 166.103942871, 166.510284424, 166.916641235, 167.322982788, 167.717727661, 168.112472534, 168.518814087, 168.925170898, 169.331512451, 169.737869263, 170.144210815, 170.550567627, 170.945297241, 171.351654053, 171.757995605, 172.164352417, 172.55909729, 172.965438843, 173.371795654, 173.789749146, 174.196090698, 174.590835571, 174.985580444, 175.380310059, 175.775054932, 176.181396484, 176.587753296, 176.994094849, 177.40045166, 177.795196533, 178.189926147, 178.584671021, 178.979400635, 179.385757446, 179.792098999, 180.198455811, 180.604797363, 180.999542236, 181.405899048, 181.812240601, 182.206985474, 182.613327026, 183.008071899, 183.414413452, 183.820770264, 184.227111816, 184.621856689, 185.028198242, 185.434555054, 185.829299927, 186.235641479, 186.641998291, 187.048339844, 187.454696655, 187.861038208, 188.26739502, 188.673736572, 189.068481445, 189.46321106, 189.857955933, 190.264297485, 190.670654297, 191.07699585, 191.471740723, 191.878097534, 192.272827148, 192.67918396, 193.073913574, 193.468658447, 193.875015259, 194.281356812, 194.699310303, 195.105667114, 195.512008667, 195.90675354, 196.301498413, 196.707839966, 197.114196777, 197.532150269, 197.93850708, 198.344848633, 198.739593506, 199.145935059, 199.55229187, 199.958633423, 200.364990234, 200.771331787, 201.177688599, 201.584030151, 201.990386963, 202.396728516, 202.803085327, 203.221038818, 203.62739563, 204.045349121, 204.463302612, 204.881271362, 205.310836792, 205.728790283, 206.158370972, 206.773696899, 207.377410889, 207.981124878, 208.584854126, 209.188568115, 209.803894043, 210.419219971, 211.022949219, 211.626663208, 212.230377197, 212.834106445, 213.437820435, 214.029922485, 214.622039795, 215.225753784, 215.829467773, 216.433197021, 217.036911011, 217.652236938, 218.267562866, 218.871292114, 219.486618042, 220.090332031, 220.682449341, 221.274551392, 221.866668701, 222.47038269, 223.07409668, 223.677825928, 224.281539917, 224.885253906, 225.500579834, 226.092697144, 226.696411133, 227.300125122, 227.915466309, 228.530792236, 229.134506226, 229.749832153, 230.353561401, 230.945663452, 231.537780762, 232.153106689, 232.756820679, 233.348922729, 233.952651978, 234.556365967, 235.171691895, 235.775421143, 236.379135132, 236.982849121, 237.586578369, 238.190292358, 238.794006348, 239.397735596, 240.001449585, 240.605163574, 241.208877563, 241.812606812, 242.416320801, 243.031646729, 243.646972656, 244.262313843, 244.877639771, 245.423309326, 245.968978882, 246.514648438, 247.013870239, 247.524719238, 248.035552979, 248.592834473, 249.150115967, 249.684173584, 250.218231201, 250.763900757, 251.297958374, 251.84362793, 252.389297485, 252.934967041]
