
metadata:
    version:
        essentia: "2.1-beta2"
    audio_properties:
        analysis_sample_rate: 44100
        bitrate: 320
        channels: 2
        equal_loudness: 1
        length: 226.690612793
        replay_gain: -15.3173751831
        downmix: "mix"
    tags:
        album: "The Sound Of Madness"
        artist: "Shinedown"
        comment: ""
        date: "2008"
        genre: "Post Grunge"
        title: "If You Only Knew"
        tracknumber: "6"

configuration:
    average_loudness:
        compute: 1
        frameSize: 88200
        hopSize: 44100
        silentFrames: "noise"
        windowType: "hann"
    general:
        analysisSampleRate: 44100
        endTime: 2000
        equalLoudness: 1
        nequalLoudness: 0
        shortSound: 0
        startTime: 0
    lowlevel:
        compute: 1
        frameSize: 2048
        hopSize: 1024
        zeroPadding: 0
        silentFrames: "noise"
        windowType: "blackmanharris62"
        mfccStats: ["mean", "cov", "icov"]
        stats: ["mean", "var", "median", "min", "max", "dmean", "dmean2", "dvar", "dvar2"]
    panning:
        compute: 0
        frameSize: 8192
        hopSize: 2048
        zeroPadding: 8192
        silentFrames: "noise"
        windowType: "hann"
        stats: ["copy"]
    rhythm:
        compute: 1
        maxTempo: 208
        minTempo: 40
        method: "degara"
        stats: ["mean", "var", "median", "min", "max", "dmean", "dmean2", "dvar", "dvar2"]
    segmentation:
        compute: 0
        cpw: 5
        inc1: 300
        inc2: 50
        minimumSegmentsLength: 10
        size1: 1000
        size2: 600
    sfx:
        compute: 1
        stats: ["mean", "var", "median", "min", "max", "dmean", "dmean2", "dvar", "dvar2"]
    svm:
        compute: 0
    tonal:
        compute: 1
        frameSize: 4096
        hopSize: 2048
        zeroPadding: 0
        silentFrames: "noise"
        windowType: "blackmanharris62"
        stats: ["mean", "var", "median", "min", "max", "dmean", "dmean2", "dvar", "dvar2"]

lowlevel:
    average_loudness: 0.888185381889
    barkbands_kurtosis:
        dmean: 0.534730434418
        dmean2: 0.854794800282
        dvar: 0.859579384327
        dvar2: 1.81740701199
        max: 104.367683411
        mean: -0.649437606335
        median: -1.17409944534
        min: -1.86482167244
        var: 9.84654331207
    barkbands_skewness:
        dmean: 0.337356120348
        dmean2: 0.531509876251
        dvar: 0.0884483903646
        dvar2: 0.225939571857
        max: 9.32858562469
        mean: 0.01332901977
        median: -0.0304831434041
        min: -2.91508865356
        var: 0.652158856392
    barkbands_spread:
        dmean: 4.77276563644
        dmean2: 7.55948925018
        dvar: 19.3109207153
        dvar2: 47.5185623169
        max: 78.0023574829
        mean: 33.0238456726
        median: 33.6098403931
        min: 1.84886848927
        var: 91.885597229
    dissonance:
        dmean: 0.0124586429447
        dmean2: 0.0210020560771
        dvar: 0.000155182002345
        dvar2: 0.000427628110629
        max: 0.5
        mean: 0.474065572023
        median: 0.479118138552
        min: 0.310868293047
        var: 0.000391827110434
    hfc:
        dmean: 2.12505292892
        dmean2: 3.5335381031
        dvar: 8.08281707764
        dvar2: 22.0554885864
        max: 42.1940765381
        mean: 8.76767730713
        median: 8.24333190918
        min: 1.12054597397e-016
        var: 30.7547950745
    pitch:
        dmean: 635.071899414
        dmean2: 1231.91687012
        dvar: 1527645.375
        dvar2: 3937949
        max: 5053.16162109
        mean: 870.243225098
        median: 283.908477783
        min: 65.8042984009
        var: 1687685.25
    pitch_instantaneous_confidence:
        dmean: 0.0818058028817
        dmean2: 0.129864290357
        dvar: 0.00497271493077
        dvar2: 0.0117750344798
        max: 0.958210885525
        mean: 0.438210964203
        median: 0.411713302135
        min: 0.0954543948174
        var: 0.0241818316281
    pitch_salience:
        dmean: 0.0536944940686
        dmean2: 0.0871295705438
        dvar: 0.00211080815643
        dvar2: 0.00555606558919
        max: 0.945046186447
        mean: 0.615240454674
        median: 0.623777031898
        min: 0.115436755121
        var: 0.00768457166851
    silence_rate_20dB:
        dmean: 0
        dmean2: 0
        dvar: 0
        dvar2: 0
        max: 1
        mean: 1
        median: 1
        min: 1
        var: 0
    silence_rate_30dB:
        dmean: 0
        dmean2: 0
        dvar: 0
        dvar2: 0
        max: 1
        mean: 1
        median: 1
        min: 1
        var: 0
    silence_rate_60dB:
        dmean: 0.0503943450749
        dmean2: 0.100799016654
        dvar: 0.0478499792516
        dvar2: 0.104349754751
        max: 1
        mean: 0.22419090569
        median: 0
        min: 0
        var: 0.173932671547
    spectral_centroid:
        dmean: 241.923660278
        dmean2: 387.055328369
        dvar: 67121.921875
        dvar2: 157000.75
        max: 11474.8994141
        mean: 1747.48547363
        median: 1746.703125
        min: 135.685470581
        var: 487875.28125
    spectral_complexity:
        dmean: 3.24039745331
        dmean2: 5.37348890305
        dvar: 11.4559879303
        dvar2: 29.1948432922
        max: 45
        mean: 16.4878120422
        median: 17
        min: 0
        var: 73.8628692627
    spectral_crest:
        dmean: 1.85253715515
        dmean2: 3.00627923012
        dvar: 3.05273389816
        dvar2: 7.45223665237
        max: 23.1187286377
        mean: 7.09905004501
        median: 6.15235185623
        min: 2.18505716324
        var: 10.6816310883
    spectral_decrease:
        dmean: 2.5873583831e-010
        dmean2: 4.19392215401e-010
        dvar: 1.11289978212e-019
        dvar2: 2.85401842406e-019
        max: 1.02651524368e-028
        mean: -1.11608888798e-009
        median: -1.09801168158e-009
        min: -3.9984513478e-009
        var: 3.71263189989e-019
    spectral_energy:
        dmean: 0.00112875516061
        dmean2: 0.00183864345308
        dvar: 2.12592590287e-006
        dvar2: 5.4806459957e-006
        max: 0.0183771234006
        mean: 0.00500763766468
        median: 0.00493791978806
        min: 1.01299308545e-020
        var: 7.44430190025e-006
    spectral_energyband_high:
        dmean: 0.000162564785569
        dmean2: 0.000273340410786
        dvar: 6.67427286771e-008
        dvar2: 1.84943687032e-007
        max: 0.0029472662136
        mean: 0.000419602496549
        median: 0.000345615640981
        min: 7.03275823038e-021
        var: 1.32559890176e-007
    spectral_energyband_low:
        dmean: 0.000203742893063
        dmean2: 0.000352585688233
        dvar: 1.24870936702e-007
        dvar2: 3.52701562178e-007
        max: 0.00469269836321
        mean: 0.000367714004824
        median: 0.000252422265476
        min: 1.20265315989e-023
        var: 1.488172785e-007
    spectral_energyband_middle_high:
        dmean: 0.000604638480581
        dmean2: 0.000989926280454
        dvar: 4.78431388728e-007
        dvar2: 1.24833161408e-006
        max: 0.014516197145
        mean: 0.00244383420795
        median: 0.00225503509864
        min: 1.236536263e-021
        var: 2.57298438555e-006
    spectral_energyband_middle_low:
        dmean: 0.000699085532688
        dmean2: 0.0011021704413
        dvar: 1.0269836821e-006
        dvar2: 2.6065019938e-006
        max: 0.0113072805107
        mean: 0.00192504259758
        median: 0.00153574626893
        min: 1.7699135705e-022
        var: 2.42158353103e-006
    spectral_flatness_db:
        dmean: 0.0130881164223
        dmean2: 0.0197133421898
        dvar: 0.000141241092933
        dvar2: 0.000303575856378
        max: 0.358357697725
        mean: 0.14005227387
        median: 0.131178379059
        min: 0.0542160347104
        var: 0.00144128978718
    spectral_flux:
        dmean: 0.0073126424104
        dmean2: 0.0113453855738
        dvar: 6.43470848445e-005
        dvar2: 0.00012993546261
        max: 0.0951436087489
        mean: 0.0388180203736
        median: 0.0388962030411
        min: 6.51163775678e-011
        var: 0.000266067421762
    spectral_kurtosis:
        dmean: 0.965494513512
        dmean2: 1.61618053913
        dvar: 1.66324853897
        dvar2: 5.04706525803
        max: 49.5975837708
        mean: 3.68106842041
        median: 3.38484525681
        min: -1.27964138985
        var: 4.55033016205
    spectral_rms:
        dmean: 0.000234808496316
        dmean2: 0.000376847019652
        dvar: 7.19060366805e-008
        dvar2: 1.79176083748e-007
        max: 0.00423425296322
        mean: 0.00209711492062
        median: 0.00219487631693
        min: 3.14370166184e-012
        var: 4.87580962272e-007
    spectral_rolloff:
        dmean: 329.147918701
        dmean2: 543.454711914
        dvar: 187638.921875
        dvar2: 412001.84375
        max: 19207.6171875
        mean: 3341.9519043
        median: 3445.3125
        min: 129.19921875
        var: 1195638.125
    spectral_skewness:
        dmean: 0.155411094427
        dmean2: 0.249679535627
        dvar: 0.0244064573199
        dvar2: 0.0645417422056
        max: 5.36005687714
        mean: 1.3518666029
        median: 1.34515202045
        min: -0.0458668656647
        var: 0.112877473235
    spectral_spread:
        dmean: 451971.09375
        dmean2: 645140.6875
        dvar: 480750895104
        dvar2: 822660104192
        max: 43367712
        mean: 4889535
        median: 4765936
        min: 1457788.875
        var: 5.00993307443e+012
    spectral_strongpeak:
        dmean: 0.521422028542
        dmean2: 0.895606458187
        dvar: 0.632402002811
        dvar2: 1.62272179127
        max: 9.59676456451
        mean: 0.822967290878
        median: 0.399881184101
        min: 8.66466343119e-011
        var: 1.00849163532
    zerocrossingrate:
        dmean: 0.00737763289362
        dmean2: 0.00897483155131
        dvar: 6.03066509939e-005
        dvar2: 7.71126142354e-005
        max: 0.5244140625
        mean: 0.0998596698046
        median: 0.1015625
        min: 0.0068359375
        var: 0.000956359261181
    barkbands:
        dmean: [2.5086359301e-007, 5.14951098012e-005, 0.000120228018204, 0.000160868017701, 0.000332258554408, 0.000161534902873, 0.000137477909448, 0.000151321655721, 0.000109572516521, 9.47263106355e-005, 7.90928243077e-005, 5.95000092289e-005, 5.55055557925e-005, 6.59335055389e-005, 9.93443391053e-005, 0.000127621533466, 0.000192386374692, 0.000116969174996, 0.000254237442277, 0.000158248774824, 8.29624477774e-005, 3.10121795337e-005, 5.28460350324e-006, 2.14706619772e-006, 1.24664268242e-006, 1.07797454518e-007, 8.99831764656e-010]
        dmean2: [4.18505322841e-007, 8.99327569641e-005, 0.000209789854125, 0.000271635624813, 0.000551993201952, 0.000268932548352, 0.000209507648833, 0.000222803093493, 0.000165050762007, 0.000143928627949, 0.000123901801999, 9.44559869822e-005, 8.91975068953e-005, 0.000105832084955, 0.000161006129929, 0.000208085344639, 0.000320168124745, 0.000199443486053, 0.000422999350121, 0.00026696632267, 0.000141315234941, 5.26095136593e-005, 8.29638520372e-006, 3.2162890875e-006, 1.88457636341e-006, 1.6258761093e-007, 1.37612088391e-009]
        dvar: [4.54972810728e-013, 1.47262548822e-008, 4.66599416882e-008, 5.96825486809e-008, 3.47916881083e-007, 1.03182451028e-007, 8.85984405841e-008, 1.41991762348e-007, 7.45434718397e-008, 3.95119137409e-008, 4.9947630032e-008, 2.06114485479e-008, 1.22850956075e-008, 2.0683954105e-008, 3.19708668428e-008, 5.20482501543e-008, 8.88898767926e-008, 2.75916214321e-008, 1.11549752546e-007, 4.82604995966e-008, 1.62767399559e-008, 3.35091376868e-009, 9.96295199118e-011, 2.90956408272e-011, 6.35814187758e-012, 9.70264450381e-014, 2.94166353493e-018]
        dvar2: [1.12008514443e-012, 4.08232025961e-008, 1.35506070364e-007, 1.57850976734e-007, 9.37139361668e-007, 2.80319511603e-007, 1.90208069739e-007, 2.82468477053e-007, 1.56473802804e-007, 7.99428647724e-008, 1.14405111162e-007, 4.73558898761e-008, 2.96355526785e-008, 5.21172154322e-008, 7.88038860833e-008, 1.3154824785e-007, 2.40006443164e-007, 7.40519325859e-008, 3.01243261447e-007, 1.31024393113e-007, 4.4722387571e-008, 9.32162969036e-009, 2.33418756546e-010, 5.55587520434e-011, 1.32510495632e-011, 2.46701395206e-013, 7.0427257503e-018]
        max: [5.22497884958e-006, 0.00109630031511, 0.00313981389627, 0.00355443521403, 0.0101224891841, 0.00449656369165, 0.00882112886757, 0.0108011607081, 0.00770073523745, 0.00858696736395, 0.0077618425712, 0.00494523951784, 0.00269714347087, 0.00423648767173, 0.00294172950089, 0.00503328302875, 0.00918478146195, 0.00384701555595, 0.00502330670133, 0.00302935880609, 0.00161282718182, 0.000821648165584, 0.000237548389123, 0.000116043818707, 5.27013035025e-005, 7.04090098225e-006, 2.99304012685e-008]
        mean: [2.71825712161e-007, 6.61041776766e-005, 0.000204206691706, 0.000218607732677, 0.000586826878134, 0.00026375480229, 0.000253074656939, 0.000299118401017, 0.000224188159336, 0.000175420267624, 0.000140428499435, 0.000103582016891, 9.30905080168e-005, 0.000113038280688, 0.000174813045305, 0.000253936072113, 0.00038574723294, 0.000232891834457, 0.000588274910115, 0.00036242074566, 0.000185141820111, 6.2813553086e-005, 1.23605168483e-005, 4.69938549941e-006, 2.68287953986e-006, 1.51666412762e-007, 1.22598831087e-009]
        median: [1.06483931006e-007, 3.91075482185e-005, 0.000118812800793, 0.000119859214465, 0.000368629058357, 0.000138835777761, 9.96279486571e-005, 8.00708367024e-005, 7.76261658757e-005, 8.88842187123e-005, 4.92531617056e-005, 4.89129961352e-005, 4.88245350425e-005, 6.07306574238e-005, 0.000106918210804, 0.000144673991599, 0.000269801123068, 0.000172365806065, 0.000427849765401, 0.000292098993668, 0.000136290851515, 4.32479173469e-005, 7.60123703003e-006, 2.49784056905e-006, 1.72904447027e-006, 6.7166865847e-008, 6.12589368121e-010]
        min: [4.82712172337e-025, 1.70582453841e-024, 1.48220298216e-024, 7.9880124288e-025, 1.65942713207e-023, 9.55579557791e-024, 1.41650183393e-023, 9.50618963761e-024, 1.6561636145e-023, 2.50154671913e-023, 1.12082351379e-023, 2.58232954681e-023, 2.90861188354e-023, 6.2724854929e-023, 6.02700649424e-023, 6.82313691047e-023, 8.26175288215e-023, 8.69433264814e-023, 1.55591971451e-022, 2.1293902906e-022, 2.88267445252e-022, 3.18884790436e-022, 4.59737331324e-022, 6.42332301861e-022, 9.12010852038e-022, 1.28211106728e-021, 2.07733465951e-021]
        var: [3.89583357978e-013, 1.15859073446e-008, 6.09120078821e-008, 7.71586456949e-008, 5.37044286375e-007, 1.42833158634e-007, 2.63931241307e-007, 5.26842029558e-007, 3.16763816954e-007, 1.0224940894e-007, 1.53524737811e-007, 4.46130030696e-008, 2.51237839421e-008, 3.65304870797e-008, 5.64221096511e-008, 1.33770740263e-007, 2.114461779e-007, 5.15804750023e-008, 3.15583321253e-007, 1.01854986667e-007, 3.14831574144e-008, 5.1724851069e-009, 2.62354610259e-010, 7.4553870022e-011, 1.48909599929e-011, 1.01777967835e-013, 3.5297955679e-018]
    frequency_bands:
        dmean: [2.5086359301e-007, 5.14951098012e-005, 0.000120228018204, 0.000160868017701, 0.000332258554408, 0.000161534902873, 0.000137477909448, 0.000151321655721, 0.000109572516521, 9.47263106355e-005, 7.90928243077e-005, 5.95000092289e-005, 5.55055557925e-005, 6.59335055389e-005, 9.93443391053e-005, 0.000127621533466, 0.000192386374692, 0.000116969174996, 0.000254237442277, 0.000158248774824, 8.29624477774e-005, 3.10121795337e-005, 5.28460350324e-006, 2.14706619772e-006, 1.24664268242e-006, 1.07797454518e-007, 8.99831764656e-010, 5.70972505387e-011]
        dmean2: [4.18505322841e-007, 8.99327569641e-005, 0.000209789854125, 0.000271635624813, 0.000551993201952, 0.000268932548352, 0.000209507648833, 0.000222803093493, 0.000165050762007, 0.000143928627949, 0.000123901801999, 9.44559869822e-005, 8.91975068953e-005, 0.000105832084955, 0.000161006129929, 0.000208085344639, 0.000320168124745, 0.000199443486053, 0.000422999350121, 0.00026696632267, 0.000141315234941, 5.26095136593e-005, 8.29638520372e-006, 3.2162890875e-006, 1.88457636341e-006, 1.6258761093e-007, 1.37612088391e-009, 1.05878597556e-010]
        dvar: [4.54972810728e-013, 1.47262548822e-008, 4.66599416882e-008, 5.96825486809e-008, 3.47916881083e-007, 1.03182451028e-007, 8.85984405841e-008, 1.41991762348e-007, 7.45434718397e-008, 3.95119137409e-008, 4.9947630032e-008, 2.06114485479e-008, 1.22850956075e-008, 2.0683954105e-008, 3.19708668428e-008, 5.20482501543e-008, 8.88898767926e-008, 2.75916214321e-008, 1.11549752546e-007, 4.82604995966e-008, 1.62767399559e-008, 3.35091376868e-009, 9.96295199118e-011, 2.90956408272e-011, 6.35814187758e-012, 9.70264450381e-014, 2.94166353493e-018, 7.13725682958e-021]
        dvar2: [1.12008514443e-012, 4.08232025961e-008, 1.35506070364e-007, 1.57850976734e-007, 9.37139361668e-007, 2.80319511603e-007, 1.90208069739e-007, 2.82468477053e-007, 1.56473802804e-007, 7.99428647724e-008, 1.14405111162e-007, 4.73558898761e-008, 2.96355526785e-008, 5.21172154322e-008, 7.88038860833e-008, 1.3154824785e-007, 2.40006443164e-007, 7.40519325859e-008, 3.01243261447e-007, 1.31024393113e-007, 4.4722387571e-008, 9.32162969036e-009, 2.33418756546e-010, 5.55587520434e-011, 1.32510495632e-011, 2.46701395206e-013, 7.0427257503e-018, 2.27888904993e-020]
        max: [5.22497884958e-006, 0.00109630031511, 0.00313981389627, 0.00355443521403, 0.0101224891841, 0.00449656369165, 0.00882112886757, 0.0108011607081, 0.00770073523745, 0.00858696736395, 0.0077618425712, 0.00494523951784, 0.00269714347087, 0.00423648767173, 0.00294172950089, 0.00503328302875, 0.00918478146195, 0.00384701555595, 0.00502330670133, 0.00302935880609, 0.00161282718182, 0.000821648165584, 0.000237548389123, 0.000116043818707, 5.27013035025e-005, 7.04090098225e-006, 2.99304012685e-008, 1.24796928347e-009]
        mean: [2.71825712161e-007, 6.61041776766e-005, 0.000204206691706, 0.000218607732677, 0.000586826878134, 0.00026375480229, 0.000253074656939, 0.000299118401017, 0.000224188159336, 0.000175420267624, 0.000140428499435, 0.000103582016891, 9.30905080168e-005, 0.000113038280688, 0.000174813045305, 0.000253936072113, 0.00038574723294, 0.000232891834457, 0.000588274910115, 0.00036242074566, 0.000185141820111, 6.2813553086e-005, 1.23605168483e-005, 4.69938549941e-006, 2.68287953986e-006, 1.51666412762e-007, 1.22598831087e-009, 4.4391167825e-011]
        median: [1.06483931006e-007, 3.91075482185e-005, 0.000118812800793, 0.000119859214465, 0.000368629058357, 0.000138835777761, 9.96279486571e-005, 8.00708367024e-005, 7.76261658757e-005, 8.88842187123e-005, 4.92531617056e-005, 4.89129961352e-005, 4.88245350425e-005, 6.07306574238e-005, 0.000106918210804, 0.000144673991599, 0.000269801123068, 0.000172365806065, 0.000427849765401, 0.000292098993668, 0.000136290851515, 4.32479173469e-005, 7.60123703003e-006, 2.49784056905e-006, 1.72904447027e-006, 6.7166865847e-008, 6.12589368121e-010, 1.58432884867e-011]
        min: [4.82712172337e-025, 1.70582453841e-024, 1.48220298216e-024, 7.9880124288e-025, 1.65942713207e-023, 9.55579557791e-024, 1.41650183393e-023, 9.50618963761e-024, 1.6561636145e-023, 2.50154671913e-023, 1.12082351379e-023, 2.58232954681e-023, 2.90861188354e-023, 6.2724854929e-023, 6.02700649424e-023, 6.82313691047e-023, 8.26175288215e-023, 8.69433264814e-023, 1.55591971451e-022, 2.1293902906e-022, 2.88267445252e-022, 3.18884790436e-022, 4.59737331324e-022, 6.42332301861e-022, 9.12010852038e-022, 1.28211106728e-021, 2.07733465951e-021, 5.33045607266e-022]
        var: [3.89583357978e-013, 1.15859073446e-008, 6.09120078821e-008, 7.71586456949e-008, 5.37044286375e-007, 1.42833158634e-007, 2.63931241307e-007, 5.26842029558e-007, 3.16763816954e-007, 1.0224940894e-007, 1.53524737811e-007, 4.46130030696e-008, 2.51237839421e-008, 3.65304870797e-008, 5.64221096511e-008, 1.33770740263e-007, 2.114461779e-007, 5.15804750023e-008, 3.15583321253e-007, 1.01854986667e-007, 3.14831574144e-008, 5.1724851069e-009, 2.62354610259e-010, 7.4553870022e-011, 1.48909599929e-011, 1.01777967835e-013, 3.5297955679e-018, 5.55092192023e-021]
    mfcc:
        mean: [-700.200866699, 100.247047424, -49.7148971558, 52.1644859314, -13.1657991409, -6.27711343765, -2.68825054169, -6.77099370956, -1.43768191338, -5.5777349472, -5.55680847168, -7.75222015381, -3.3719534874]
        cov: [[5559.50537109, 41.2761001587, 137.390045166, 415.346343994, -228.603942871, 182.747177124, -126.45161438, 114.268821716, -24.2264099121, -22.4064102173, 0.75319558382, -37.6051483154, 134.353424072], [41.2761001587, 610.927978516, -140.18371582, 71.6665649414, -9.71566581726, -21.8277053833, 65.0370559692, 6.60967254639, 24.6991462708, -7.96420478821, 21.7824611664, 1.73432040215, -1.29140377045], [137.390045166, -140.18371582, 453.816192627, 28.941286087, 58.7153282166, 78.5830307007, -35.8713684082, 45.0047836304, -22.2403831482, 9.64748001099, 7.93023395538, 21.7557487488, 46.0979156494], [415.346343994, 71.6665649414, 28.941286087, 196.783859253, 31.3279209137, 28.0495243073, -7.40145969391, 3.49614453316, 5.63757944107, -15.0444421768, -6.73879528046, -0.551133155823, 16.1914329529], [-228.603942871, -9.71566581726, 58.7153282166, 31.3279209137, 174.824676514, 16.2708530426, -2.50420951843, 3.58861374855, 5.6957654953, 19.4423713684, -4.8481388092, 10.0988740921, 10.6731719971], [182.747177124, -21.8277053833, 78.5830307007, 28.0495243073, 16.2708530426, 124.209503174, 40.2044944763, 24.9525470734, -5.17040681839, -1.32033026218, 6.95174312592, 2.94357085228, 14.1774969101], [-126.45161438, 65.0370559692, -35.8713684082, -7.40145969391, -2.50420951843, 40.2044944763, 127.534416199, 40.7456932068, 15.4614696503, -0.0881441086531, 0.0647974312305, 2.97601366043, -6.80227231979], [114.268821716, 6.60967254639, 45.0047836304, 3.49614453316, 3.58861374855, 24.9525470734, 40.7456932068, 98.5198059082, 26.9068393707, 5.9409570694, -0.13432687521, 3.50696468353, 19.8918190002], [-24.2264099121, 24.6991462708, -22.2403831482, 5.63757944107, 5.6957654953, -5.17040681839, 15.4614696503, 26.9068393707, 73.969833374, 28.0887470245, 6.59456586838, 1.55171644688, -1.43052363396], [-22.4064102173, -7.96420478821, 9.64748001099, -15.0444421768, 19.4423713684, -1.32033026218, -0.0881441086531, 5.9409570694, 28.0887470245, 86.4409332275, 36.8264007568, 11.6454973221, -0.13221937418], [0.75319558382, 21.7824611664, 7.93023395538, -6.73879528046, -4.8481388092, 6.95174312592, 0.0647974312305, -0.13432687521, 6.59456586838, 36.8264007568, 70.1101303101, 27.3383827209, 3.62802839279], [-37.6051483154, 1.73432040215, 21.7557487488, -0.551133155823, 10.0988740921, 2.94357085228, 2.97601366043, 3.50696468353, 1.55171644688, 11.6454973221, 27.3383827209, 60.4497451782, 22.3218040466], [134.353424072, -1.29140377045, 46.0979156494, 16.1914329529, 10.6731719971, 14.1774969101, -6.80227231979, 19.8918190002, -1.43052363396, -0.13221937418, 3.62802839279, 22.3218040466, 66.9962615967]]
        icov: [[0.000294980825856, -2.64303389486e-006, 8.90848459676e-005, -0.00062486436218, 0.000562549743336, -0.000460981333163, 0.000532390666194, -0.0004657888785, 0.000243717018748, -0.000282232795143, 6.44928513793e-005, 0.000233750499319, -0.00037832610542], [-2.64303389486e-006, 0.0020809348207, 0.000484598916955, -0.00092229549773, -6.5376792918e-005, 0.000768562837038, -0.00126185140107, 0.000137246082886, -0.000335182878189, 0.00059345603222, -0.00129534571897, 0.000436179514509, -0.000467386096716], [8.90848459676e-005, 0.000484598916955, 0.00329529354349, -0.000380469631637, -0.000548491952941, -0.00199833069928, 0.00180844648276, -0.00198857323267, 0.00131463364232, -0.000481495982967, -1.75009845407e-005, -0.000552476965822, -0.000848297670018], [-0.00062486436218, -0.00092229549773, -0.000380469631637, 0.00744788302109, -0.00216821837239, -0.000754740613047, 0.000170830520801, 0.00128538522404, -0.00173987064045, 0.00199456233531, 0.000186530785868, -0.000216134940274, -0.000133341265609], [0.000562549743336, -6.5376792918e-005, -0.000548491952941, -0.00216821837239, 0.00764679769054, -0.0012625278905, 0.000916367513128, -0.000390541186789, 0.000376249052351, -0.00291854562238, 0.0024370981846, -0.000972099718638, -0.000775844207965], [-0.000460981333163, 0.000768562837038, -0.00199833069928, -0.000754740613047, -0.0012625278905, 0.0125003000721, -0.0057915202342, 0.000576283200644, 0.000773924170062, 0.00112567213364, -0.00263781985268, 0.00161338935141, -0.00108257040847], [0.000532390666194, -0.00126185140107, 0.00180844648276, 0.000170830520801, 0.000916367513128, -0.0057915202342, 0.0134169952944, -0.00589279085398, 0.000126498023747, -0.000536069506779, 0.00175868708175, -0.00205505709164, 0.00240499246866], [-0.0004657888785, 0.000137246082886, -0.00198857323267, 0.00128538522404, -0.000390541186789, 0.000576283200644, -0.00589279085398, 0.0161872487515, -0.00600087316707, 0.00110542436596, -3.75231174985e-005, 0.0012622870272, -0.00401431834325], [0.000243717018748, -0.000335182878189, 0.00131463364232, -0.00173987064045, 0.000376249052351, 0.000773924170062, 0.000126498023747, -0.00600087316707, 0.0189104191959, -0.00687209982425, 0.00164457631763, -0.000366417370969, 0.00101480947342], [-0.000282232795143, 0.00059345603222, -0.000481495982967, 0.00199456233531, -0.00291854562238, 0.00112567213364, -0.000536069506779, 0.00110542436596, -0.00687209982425, 0.0188867021352, -0.0100789899006, 0.00140133558307, 0.000240237524849], [6.44928513793e-005, -0.00129534571897, -1.75009845407e-005, 0.000186530785868, 0.0024370981846, -0.00263781985268, 0.00175868708175, -3.75231174985e-005, 0.00164457631763, -0.0100789899006, 0.0240729544312, -0.010095231235, 0.00224745180458], [0.000233750499319, 0.000436179514509, -0.000552476965822, -0.000216134940274, -0.000972099718638, 0.00161338935141, -0.00205505709164, 0.0012622870272, -0.000366417370969, 0.00140133558307, -0.010095231235, 0.0243838392198, -0.00838054716587], [-0.00037832610542, -0.000467386096716, -0.000848297670018, -0.000133341265609, -0.000775844207965, -0.00108257040847, 0.00240499246866, -0.00401431834325, 0.00101480947342, 0.000240237524849, 0.00224745180458, -0.00838054716587, 0.0207732263952]]
    sccoeffs:
        dmean: [0.0506967715919, 0.0447951480746, 0.0362412817776, 0.0306290518492, 0.0213740821928, 0.0180295035243]
        dmean2: [0.0842978581786, 0.0735128298402, 0.0577762462199, 0.0497158132493, 0.0346034802496, 0.0287662222981]
        dvar: [0.00182249106001, 0.00133460829966, 0.000822641421109, 0.000603884167504, 0.000293032644549, 0.000250794022577]
        dvar2: [0.00491949170828, 0.0035181902349, 0.00210044626147, 0.00153452542145, 0.000736045069061, 0.0006081124302]
        max: [-0.301535248756, -0.409712135792, -0.415782302618, -0.522581875324, -0.558500170708, -0.575331032276]
        mean: [-0.645127773285, -0.723866224289, -0.755394041538, -0.762275576591, -0.779755830765, -0.743030667305]
        median: [-0.650659203529, -0.729923725128, -0.760559082031, -0.764738976955, -0.782666504383, -0.741939425468]
        min: [-0.976361393929, -0.993711352348, -0.972773849964, -0.968245685101, -0.964749693871, -0.96597725153]
        var: [0.00627579446882, 0.00558094726875, 0.00380492839031, 0.00230409950018, 0.00144189130515, 0.00163670652546]
    scvalleys:
        dmean: [0.384627580643, 0.325875997543, 0.271291434765, 0.238760232925, 0.212911903858, 0.242001950741]
        dmean2: [0.635893642902, 0.540066897869, 0.438045859337, 0.382501602173, 0.342461913824, 0.339725226164]
        dvar: [0.132007226348, 0.0932264998555, 0.0615769401193, 0.0543164946139, 0.0654100105166, 0.0917753055692]
        dvar2: [0.312076479197, 0.219155356288, 0.132826179266, 0.108032539487, 0.136648625135, 0.159799426794]
        max: [-5.10927867889, -4.5292596817, -5.43279981613, -5.98817968369, -5.62497091293, -7.64769458771]
        mean: [-7.03861904144, -6.7559466362, -7.19606924057, -7.34620332718, -7.06024694443, -9.74245452881]
        median: [-6.70708274841, -6.54274082184, -6.9558134079, -7.10176515579, -6.77166748047, -9.31321334839]
        min: [-28.2248477936, -28.1802845001, -27.7015342712, -27.5519046783, -27.4139404297, -27.3791046143]
        var: [2.45851778984, 2.11160135269, 2.02564644814, 1.99493193626, 2.10667085648, 2.63468551636]

rhythm:
    beats_loudness:
        dmean: 0.00222308887169
        dmean2: 0.00416526943445
        dvar: 2.67896598416e-006
        dvar2: 8.9827717602e-006
        max: 0.0154734551907
        mean: 0.00603683060035
        median: 0.00618885084987
        min: 4.88888356881e-012
        var: 7.87418230175e-006
    bpm: 97.0105133057
    bpm_confidence: 0
    first_peak_bpm: 98
    first_peak_spread: 0.314606785774
    first_peak_weight: 0.668493151665
    onset_rate: 3.00409436226
    second_peak_bpm: 103
    second_peak_spread: 0.5
    second_peak_weight: 0.00821917783469
    beats_loudness_band_ratio:
        dmean: [0.121384836733, 0.10960868001, 0.125509098172, 0.0777501761913, 0.105640470982, 0.100815072656]
        dmean2: [0.220055803657, 0.201442524791, 0.224212348461, 0.140024229884, 0.184356465936, 0.172883763909]
        dvar: [0.0108432946727, 0.00678033847362, 0.0205569174141, 0.00945608504117, 0.00778661016375, 0.00762431602925]
        dvar2: [0.0306132286787, 0.0218630880117, 0.0565726608038, 0.0261831600219, 0.02100931108, 0.0217939596623]
        max: [0.752920866013, 0.567509412766, 0.846179187298, 0.696877360344, 0.746876716614, 0.602851212025]
        mean: [0.183841347694, 0.150663882494, 0.160922765732, 0.0942829921842, 0.223573222756, 0.239565819502]
        median: [0.16800609231, 0.134279459715, 0.112185508013, 0.0656601041555, 0.198921859264, 0.232907384634]
        min: [0, 0, 0, 0, 0, 0]
        var: [0.0168311614543, 0.00870307441801, 0.0204040370882, 0.00791242718697, 0.0145926382393, 0.010550012812]
    beats_position: [0.638548731804, 1.27709746361, 1.91564619541, 2.55419492722, 3.1811337471, 3.80807256699, 4.43501138687, 5.06195020676, 5.67727899551, 6.29260778427, 6.90793657303, 7.52326536179, 8.15020370483, 8.77714252472, 9.39247131348, 10.0078001022, 10.6347389221, 11.261677742, 11.8770065308, 12.4923353195, 13.1192741394, 13.7346029282, 14.3499317169, 14.9652605057, 15.5805892944, 16.1959171295, 16.7996368408, 17.4033565521, 18.0186843872, 18.6340141296, 19.2493419647, 19.8762817383, 20.4916095734, 21.1069393158, 21.733877182, 22.3492050171, 22.9645347595, 23.5798625946, 24.195192337, 24.8221302032, 25.4490699768, 26.0643978119, 26.6797275543, 27.2950553894, 27.9103851318, 28.5257129669, 29.1410427094, 29.7679805756, 30.3949203491, 31.0102481842, 31.6255779266, 32.2525177002, 32.8678436279, 33.4831733704, 34.0985031128, 34.7138328552, 35.3407707214, 35.9561004639, 36.5714263916, 37.186756134, 37.8020858765, 38.4290237427, 39.0443534851, 39.6596832275, 40.2866210938, 40.9019508362, 41.5172767639, 42.1442184448, 42.771156311, 43.3864860535, 44.0018119812, 44.6171417236, 45.2324714661, 45.8478012085, 46.4631271362, 47.0784568787, 47.6937866211, 48.3207244873, 48.9476623535, 49.5746040344, 50.1899299622, 50.8052597046, 51.4089775085, 52.024307251, 52.6396369934, 53.2665748596, 53.8819046021, 54.4972343445, 55.1241722107, 55.7395019531, 56.3548278809, 56.9701576233, 57.5854873657, 58.2124252319, 58.8393630981, 59.4546928406, 60.070022583, 60.6853485107, 61.3006782532, 61.9276161194, 62.5429458618, 63.1582756042, 63.7852134705, 64.4005432129, 65.0158691406, 65.6428070068, 66.2465286255, 66.8734664917, 67.4888000488, 68.1041259766, 68.7310638428, 69.3463897705, 69.9617233276, 70.5886611938, 71.2039871216, 71.8309249878, 72.4462585449, 73.0615844727, 73.6769180298, 74.303855896, 74.9191818237, 75.5461196899, 76.1614532471, 76.7767791748, 77.3921051025, 78.0190429688, 78.6459884644, 79.2613143921, 79.8766403198, 80.491973877, 81.1072998047, 81.7342376709, 82.349571228, 82.9765090942, 83.591835022, 84.2071609497, 84.8224945068, 85.4378204346, 86.0531539917, 86.6684799194, 87.2838058472, 87.9107437134, 88.5260772705, 89.1414031982, 89.7683410645, 90.3836746216, 90.9990005493, 91.6259384155, 92.2528762817, 92.8682098389, 93.4835357666, 94.0988616943, 94.7141952515, 95.3295211792, 95.9448471069, 96.5717926025, 97.1987304688, 97.8140563965, 98.4293823242, 99.0563278198, 99.6600418091, 100.286979675, 100.902313232, 101.51763916, 102.144577026, 102.759910583, 103.375236511, 104.002174377, 104.617500305, 105.232833862, 105.859771729, 106.475097656, 107.090431213, 107.705757141, 108.321083069, 108.948028564, 109.574966431, 110.190292358, 110.805618286, 111.420951843, 112.036277771, 112.651611328, 113.266937256, 113.893875122, 114.520812988, 115.136146545, 115.751472473, 116.366798401, 116.982131958, 117.597457886, 118.212783813, 118.839729309, 119.455055237, 120.070381165, 120.697319031, 121.324264526, 121.939590454, 122.554916382, 123.170249939, 123.797187805, 124.412513733, 125.02784729, 125.643173218, 126.258499146, 126.873832703, 127.48915863, 128.116104126, 128.731430054, 129.35836792, 129.973693848, 130.589019775, 131.215957642, 131.831283569, 132.446624756, 133.073562622, 133.68888855, 134.304214478, 134.919540405, 135.534866333, 136.161804199, 136.788757324, 137.404083252, 138.01940918, 138.646347046, 139.250061035, 139.876998901, 140.492340088, 141.107666016, 141.722991943, 142.338317871, 142.965255737, 143.580581665, 144.195922852, 144.811248779, 145.426574707, 146.053512573, 146.680450439, 147.295776367, 147.911102295, 148.538040161, 149.153381348, 149.780319214, 150.395645142, 151.010971069, 151.626296997, 152.241622925, 152.856964111, 153.483901978, 154.099227905, 154.714553833, 155.341491699, 155.956817627, 156.572158813, 157.187484741, 157.802810669, 158.429748535, 159.056686401, 159.672012329, 160.287338257, 160.902679443, 161.518005371, 162.144943237, 162.760269165, 163.375595093, 164.002532959, 164.617858887, 165.233200073, 165.860137939, 166.487075806, 167.102401733, 167.717727661, 168.344665527, 168.971603394, 169.59854126, 170.213867188, 170.829208374, 171.444534302, 172.059860229, 172.686798096, 173.313735962, 173.92906189, 174.544403076, 175.159729004, 175.775054932, 176.378768921, 176.994094849, 177.597824097, 178.213150024, 178.840087891, 179.455413818, 180.070739746, 180.697677612, 181.324615479, 181.939956665, 182.555282593, 183.170608521, 183.797546387, 184.412872314, 185.039810181, 185.655151367, 186.270477295, 186.885803223, 187.512741089, 188.139678955, 188.755004883, 189.370330811, 189.985671997, 190.600997925, 191.216323853, 191.83164978, 192.446975708, 193.073913574, 193.689254761, 194.304580688, 194.931518555, 195.546844482, 196.16217041, 196.789108276, 197.416046143, 198.03137207, 198.646713257, 199.262039185, 199.877365112, 200.504302979, 201.131240845, 201.746566772, 202.361907959, 202.977233887, 203.592559814, 204.207885742, 204.82321167, 205.450149536, 206.077087402, 206.692428589, 207.307754517, 207.934692383, 208.538406372, 209.165344238, 209.792282104, 210.407608032, 211.022949219, 211.638275146, 212.253601074, 212.868927002, 213.48425293, 214.099594116, 214.714920044, 215.34185791, 215.968795776, 216.584121704, 217.199447632, 217.826385498, 218.441726685, 219.045440674, 219.660766602, 220.252868652, 220.844985962, 221.425476074, 222.005981445, 222.586486816, 223.143753052, 223.701034546, 224.25831604, 224.827209473, 225.396102905, 225.964981079]
