
metadata:
    version:
        essentia: "2.1-beta2"
    audio_properties:
        analysis_sample_rate: 44100
        bitrate: 320
        channels: 2
        equal_loudness: 1
        length: 240.71836853
        replay_gain: -15.8351039886
        downmix: "mix"
    tags:
        album: "The Sound Of Madness"
        artist: "Shinedown"
        comment: ""
        date: "2008"
        genre: "Post Grunge"
        title: "Sin With A Grin"
        tracknumber: "7"

configuration:
    average_loudness:
        compute: 1
        frameSize: 88200
        hopSize: 44100
        silentFrames: "noise"
        windowType: "hann"
    general:
        analysisSampleRate: 44100
        endTime: 2000
        equalLoudness: 1
        nequalLoudness: 0
        shortSound: 0
        startTime: 0
    lowlevel:
        compute: 1
        frameSize: 2048
        hopSize: 1024
        zeroPadding: 0
        silentFrames: "noise"
        windowType: "blackmanharris62"
        mfccStats: ["mean", "cov", "icov"]
        stats: ["mean", "var", "median", "min", "max", "dmean", "dmean2", "dvar", "dvar2"]
    panning:
        compute: 0
        frameSize: 8192
        hopSize: 2048
        zeroPadding: 8192
        silentFrames: "noise"
        windowType: "hann"
        stats: ["copy"]
    rhythm:
        compute: 1
        maxTempo: 208
        minTempo: 40
        method: "degara"
        stats: ["mean", "var", "median", "min", "max", "dmean", "dmean2", "dvar", "dvar2"]
    segmentation:
        compute: 0
        cpw: 5
        inc1: 300
        inc2: 50
        minimumSegmentsLength: 10
        size1: 1000
        size2: 600
    sfx:
        compute: 1
        stats: ["mean", "var", "median", "min", "max", "dmean", "dmean2", "dvar", "dvar2"]
    svm:
        compute: 0
    tonal:
        compute: 1
        frameSize: 4096
        hopSize: 2048
        zeroPadding: 0
        silentFrames: "noise"
        windowType: "blackmanharris62"
        stats: ["mean", "var", "median", "min", "max", "dmean", "dmean2", "dvar", "dvar2"]

lowlevel:
    average_loudness: 0.931155204773
    barkbands_kurtosis:
        dmean: 0.936877429485
        dmean2: 1.42736113071
        dvar: 7.33751773834
        dvar2: 11.8465232849
        max: 235.25340271
        mean: 1.93415093422
        median: -1.0469865799
        min: -1.89694619179
        var: 338.36541748
    barkbands_skewness:
        dmean: 0.404963940382
        dmean2: 0.64174336195
        dvar: 0.127585723996
        dvar2: 0.301188081503
        max: 11.9030714035
        mean: -0.198326155543
        median: -0.450309276581
        min: -3.33498859406
        var: 1.98731315136
    barkbands_spread:
        dmean: 6.40262889862
        dmean2: 10.5257081985
        dvar: 34.9339942932
        dvar2: 92.6980743408
        max: 71.4652252197
        mean: 37.0471687317
        median: 37.8681564331
        min: 0.305049031973
        var: 132.487426758
    dissonance:
        dmean: 0.00882825069129
        dmean2: 0.0149616375566
        dvar: 8.0467259977e-005
        dvar2: 0.000215681182453
        max: 0.500000059605
        mean: 0.483966886997
        median: 0.488414525986
        min: 0.297327488661
        var: 0.000275001686532
    hfc:
        dmean: 2.79115438461
        dmean2: 4.81718158722
        dvar: 11.9805450439
        dvar2: 33.5107803345
        max: 38.3210716248
        mean: 10.8976955414
        median: 10.5238351822
        min: 1.07869434075e-016
        var: 31.6341781616
    pitch:
        dmean: 1038.69006348
        dmean2: 1988.16088867
        dvar: 1912811.25
        dvar2: 4586727.5
        max: 4838.15625
        mean: 1651.24890137
        median: 538.471679688
        min: 58.247882843
        var: 2583503.25
    pitch_instantaneous_confidence:
        dmean: 0.0742710232735
        dmean2: 0.122863486409
        dvar: 0.00374515214935
        dvar2: 0.0100218560547
        max: 0.864817023277
        mean: 0.353288769722
        median: 0.336267024279
        min: 0.0414294600487
        var: 0.0124460607767
    pitch_salience:
        dmean: 0.0592797547579
        dmean2: 0.0986542478204
        dvar: 0.0027612738777
        dvar2: 0.00772471539676
        max: 0.989132404327
        mean: 0.641954004765
        median: 0.658380746841
        min: 0.0539536438882
        var: 0.0100087122992
    silence_rate_20dB:
        dmean: 0
        dmean2: 0
        dvar: 0
        dvar2: 0
        max: 1
        mean: 1
        median: 1
        min: 1
        var: 0
    silence_rate_30dB:
        dmean: 0
        dmean2: 0
        dvar: 0
        dvar2: 0
        max: 1
        mean: 1
        median: 1
        min: 1
        var: 0
    silence_rate_60dB:
        dmean: 0.0536317154765
        dmean2: 0.107273779809
        dvar: 0.0507502630353
        dvar2: 0.113514922559
        max: 1
        mean: 0.149980708957
        median: 0
        min: 0
        var: 0.127500385046
    spectral_centroid:
        dmean: 296.396331787
        dmean2: 479.136566162
        dvar: 87764.40625
        dvar2: 205386.96875
        max: 11868.8984375
        mean: 2057.34008789
        median: 2119.07128906
        min: 142.072311401
        var: 766915.875
    spectral_complexity:
        dmean: 4.38487529755
        dmean2: 7.37237119675
        dvar: 19.5086574554
        dvar2: 51.6286888123
        max: 47
        mean: 19.5136966705
        median: 20
        min: 0
        var: 77.554359436
    spectral_crest:
        dmean: 1.80339169502
        dmean2: 3.01470279694
        dvar: 2.82491326332
        dvar2: 7.61437416077
        max: 20.7783908844
        mean: 6.49485778809
        median: 5.79213905334
        min: 2.21449017525
        var: 7.23319196701
    spectral_decrease:
        dmean: 2.96916213838e-010
        dmean2: 4.73290628911e-010
        dvar: 1.33682170984e-019
        dvar2: 3.1357514878e-019
        max: 1.98308299882e-028
        mean: -1.13358300524e-009
        median: -1.06916298037e-009
        min: -3.83446741026e-009
        var: 3.13279173217e-019
    spectral_energy:
        dmean: 0.00131761888042
        dmean2: 0.00212278822437
        dvar: 2.57310989582e-006
        dvar2: 6.24293761575e-006
        max: 0.0170335881412
        mean: 0.00526685733348
        median: 0.00498434063047
        min: 1.00999221313e-020
        var: 6.40262805973e-006
    spectral_energyband_high:
        dmean: 0.000227311917115
        dmean2: 0.000397516647354
        dvar: 8.72637428984e-008
        dvar2: 2.47866154268e-007
        max: 0.00337957288139
        mean: 0.000656902673654
        median: 0.000622879539151
        min: 7.2309794626e-021
        var: 1.61730923764e-007
    spectral_energyband_low:
        dmean: 0.000320891180309
        dmean2: 0.000531299912836
        dvar: 1.43620908943e-007
        dvar2: 3.86059440416e-007
        max: 0.00459630880505
        mean: 0.000596160301939
        median: 0.000472504587378
        min: 8.29970655803e-024
        var: 2.46416846039e-007
    spectral_energyband_middle_high:
        dmean: 0.000747544283513
        dmean2: 0.00125985895284
        dvar: 6.63550565605e-007
        dvar2: 1.80249662662e-006
        max: 0.00978467613459
        mean: 0.00282355840318
        median: 0.00261738221161
        min: 1.07686607e-021
        var: 2.49046865974e-006
    spectral_energyband_middle_low:
        dmean: 0.000712723704055
        dmean2: 0.00109899975359
        dvar: 1.27202110889e-006
        dvar2: 2.78772995443e-006
        max: 0.010152535513
        mean: 0.00139450223651
        median: 0.000938466982916
        min: 1.80666615831e-022
        var: 1.96750670511e-006
    spectral_flatness_db:
        dmean: 0.0122373299673
        dmean2: 0.0192410200834
        dvar: 0.000110111825052
        dvar2: 0.000263594207354
        max: 0.538265228271
        mean: 0.141250044107
        median: 0.130200445652
        min: 0.0167369302362
        var: 0.00295774382539
    spectral_flux:
        dmean: 0.0074772532098
        dmean2: 0.0117477355525
        dvar: 6.63954051561e-005
        dvar2: 0.00014032778563
        max: 0.0968276038766
        mean: 0.0440001152456
        median: 0.0442181229591
        min: 6.40128713925e-011
        var: 0.000249424629146
    spectral_kurtosis:
        dmean: 0.939871013165
        dmean2: 1.56762087345
        dvar: 5.07236623764
        dvar2: 13.5279626846
        max: 85.2756500244
        mean: 3.77094888687
        median: 2.91537904739
        min: -1.26365506649
        var: 34.8428153992
    spectral_rms:
        dmean: 0.000265116716037
        dmean2: 0.000422968761995
        dvar: 8.38796339053e-008
        dvar2: 2.01338338002e-007
        max: 0.00407653441653
        mean: 0.0021784780547
        median: 0.00220516929403
        min: 3.1390417609e-012
        var: 3.92658137116e-007
    spectral_rolloff:
        dmean: 302.145080566
        dmean2: 498.115966797
        dvar: 143474.015625
        dvar2: 329949.125
        max: 19315.2832031
        mean: 3731.80395508
        median: 3789.84375
        min: 150.732421875
        var: 1773623.125
    spectral_skewness:
        dmean: 0.13376788795
        dmean2: 0.219121322036
        dvar: 0.0282594040036
        dvar2: 0.0728913173079
        max: 7.68685007095
        mean: 1.24258744717
        median: 1.17411983013
        min: -0.105922706425
        var: 0.351001411676
    spectral_spread:
        dmean: 387528.375
        dmean2: 577800.9375
        dvar: 520212643840
        dvar2: 1.31910375834e+012
        max: 42907036
        mean: 4958966.5
        median: 4631027
        min: 1041497.25
        var: 7.6192415744e+012
    spectral_strongpeak:
        dmean: 0.575580537319
        dmean2: 1.01362550259
        dvar: 0.684032142162
        dvar2: 1.7892524004
        max: 7.44573974609
        mean: 0.689241051674
        median: 0.217418059707
        min: 0
        var: 0.876539826393
    zerocrossingrate:
        dmean: 0.0080573707819
        dmean2: 0.0103053906932
        dvar: 7.46961159166e-005
        dvar2: 0.000114087233669
        max: 0.52734375
        mean: 0.114253006876
        median: 0.11669921875
        min: 0.00634765625
        var: 0.00147020095028
    barkbands:
        dmean: [3.69243650766e-007, 0.000108514010208, 0.000185819808394, 0.000192152787349, 0.000425923382863, 0.000140882315463, 0.000119323907711, 6.54534014757e-005, 6.88889776939e-005, 9.18363584788e-005, 5.67271272303e-005, 8.02629147074e-005, 6.49095964036e-005, 5.41028421139e-005, 0.000102879712358, 0.000160944342497, 0.000177870970219, 0.000167000762303, 0.000336789147696, 0.000188640959095, 0.000137497045216, 3.98279407818e-005, 9.10773542273e-006, 2.84852990262e-006, 1.29267232296e-006, 6.93353214842e-008, 5.8292842775e-010]
        dmean2: [6.15660894709e-007, 0.000190376289538, 0.000307727605104, 0.00031189704896, 0.00067685265094, 0.000236349718762, 0.000193832005607, 0.000105655759398, 0.000112723115308, 0.000148593404447, 9.16001954465e-005, 0.000130680535221, 0.000105023522337, 8.9355140517e-005, 0.00017079198733, 0.000269794254564, 0.000296386890113, 0.000285078713205, 0.000577050028369, 0.000328067981172, 0.000237981876126, 6.98078874848e-005, 1.46011179822e-005, 4.50115066997e-006, 2.08073447538e-006, 1.06057342464e-007, 9.40354571988e-010]
        dvar: [5.52756733614e-013, 3.35854402067e-008, 5.04089499032e-008, 5.12846227707e-008, 6.39224083443e-007, 8.05335886866e-008, 6.8817470833e-008, 2.97692039908e-008, 2.08663255563e-008, 4.89812883586e-008, 1.39374218833e-008, 1.9053679523e-008, 1.6982550477e-008, 1.05131867656e-008, 2.63279869017e-008, 5.96848721557e-008, 5.29786063908e-008, 4.53840662828e-008, 1.34179273914e-007, 5.24016670056e-008, 2.45241285057e-008, 4.31805657897e-009, 2.39622627296e-010, 4.56168505747e-011, 7.30139733396e-012, 2.62407029292e-014, 6.04888747626e-019]
        dvar2: [1.30362398394e-012, 9.25611658431e-008, 1.35053824124e-007, 1.26669590372e-007, 1.46038314597e-006, 2.02965651397e-007, 1.71912233782e-007, 7.13948224984e-008, 4.99789578612e-008, 1.18067191579e-007, 3.20475450621e-008, 4.8566082711e-008, 4.05609554832e-008, 2.7011516579e-008, 6.94821409297e-008, 1.65501859328e-007, 1.41331867098e-007, 1.21078954862e-007, 3.7349542481e-007, 1.50305623947e-007, 6.91266208719e-008, 1.22855476903e-008, 5.18964315965e-010, 9.22060344744e-011, 1.71450197789e-011, 5.17121339239e-014, 1.45466493598e-018]
        max: [4.97885775985e-006, 0.00166075723246, 0.00271626329049, 0.00437300559133, 0.0077929534018, 0.00471955304965, 0.00470187887549, 0.00405902042985, 0.00382715510204, 0.00436781486496, 0.00234808027744, 0.00243431073613, 0.00299928709865, 0.00192663283087, 0.00345276435837, 0.00501309521496, 0.00424939813092, 0.00364009011537, 0.00504760071635, 0.00317849894054, 0.00204932643101, 0.00119439337868, 0.000279728439637, 0.000134850168251, 5.51253942831e-005, 3.65462824448e-006, 1.19472796101e-008]
        mean: [3.03727546225e-007, 0.000114782873425, 0.000303456239635, 0.000304781104205, 0.000542894587852, 0.000178043934284, 0.000146413367474, 8.77246275195e-005, 0.000101964586065, 0.000144747507875, 8.69815194164e-005, 0.000135482594487, 0.000109125583549, 8.4604449512e-005, 0.000180233415449, 0.000328253343469, 0.000378064491088, 0.000338495301548, 0.000791021331679, 0.000440347444965, 0.00035695330007, 8.28801275929e-005, 2.03580166271e-005, 5.82660413784e-006, 2.97575979857e-006, 1.51219580857e-007, 1.17329146399e-009]
        median: [4.65798706273e-008, 4.79628652101e-005, 0.000212933751754, 0.000213340725168, 0.000243197020609, 8.24639719212e-005, 5.22936534253e-005, 2.96199104923e-005, 5.39529246453e-005, 5.39488974027e-005, 3.92928195652e-005, 6.77071220707e-005, 5.98291117058e-005, 4.67843128718e-005, 0.000107592692075, 0.000219429231947, 0.000282300403342, 0.000266093877144, 0.000689613458235, 0.000405882747145, 0.000328134745359, 7.02245306456e-005, 1.31560309455e-005, 3.48459752786e-006, 2.09298991649e-006, 7.94327661424e-008, 7.48653361526e-010]
        min: [1.17561505097e-024, 2.00113126562e-024, 2.51025874119e-024, 7.84704397111e-025, 6.82889275518e-024, 1.25612152096e-023, 9.90953500731e-024, 1.28980777488e-023, 2.04109760176e-023, 1.20040356525e-023, 2.01832097862e-023, 2.66497724167e-023, 2.6568800578e-023, 2.85837974545e-023, 5.11253905361e-023, 3.69099718736e-023, 8.81608417808e-023, 4.95566775172e-023, 1.51325218452e-022, 1.93813254185e-022, 2.93266955369e-022, 2.92168961963e-022, 4.75258933251e-022, 6.57355848567e-022, 8.91442408339e-022, 1.26550040817e-021, 2.03406802437e-021]
        var: [4.95055168734e-013, 2.9941066515e-008, 8.68402096899e-008, 9.46998355289e-008, 7.66765538174e-007, 9.99043692218e-008, 8.1618850345e-008, 4.91017217996e-008, 3.21817594795e-008, 9.66698294746e-008, 2.95854505339e-008, 3.95888406501e-008, 3.21444701967e-008, 1.49111709646e-008, 4.73782115762e-008, 1.4390981562e-007, 1.17494181495e-007, 8.43244549742e-008, 3.03125290202e-007, 7.86658631569e-008, 5.23781409356e-008, 5.7840026102e-009, 6.97817414963e-010, 1.03876490742e-010, 1.40296160106e-011, 7.25385327976e-014, 1.4651045757e-018]
    frequency_bands:
        dmean: [3.69243650766e-007, 0.000108514010208, 0.000185819808394, 0.000192152787349, 0.000425923382863, 0.000140882315463, 0.000119323907711, 6.54534014757e-005, 6.88889776939e-005, 9.18363584788e-005, 5.67271272303e-005, 8.02629147074e-005, 6.49095964036e-005, 5.41028421139e-005, 0.000102879712358, 0.000160944342497, 0.000177870970219, 0.000167000762303, 0.000336789147696, 0.000188640959095, 0.000137497045216, 3.98279407818e-005, 9.10773542273e-006, 2.84852990262e-006, 1.29267232296e-006, 6.93353214842e-008, 5.8292842775e-010, 5.92421181556e-011]
        dmean2: [6.15660894709e-007, 0.000190376289538, 0.000307727605104, 0.00031189704896, 0.00067685265094, 0.000236349718762, 0.000193832005607, 0.000105655759398, 0.000112723115308, 0.000148593404447, 9.16001954465e-005, 0.000130680535221, 0.000105023522337, 8.9355140517e-005, 0.00017079198733, 0.000269794254564, 0.000296386890113, 0.000285078713205, 0.000577050028369, 0.000328067981172, 0.000237981876126, 6.98078874848e-005, 1.46011179822e-005, 4.50115066997e-006, 2.08073447538e-006, 1.06057342464e-007, 9.40354571988e-010, 1.10387747554e-010]
        dvar: [5.52756733614e-013, 3.35854402067e-008, 5.04089499032e-008, 5.12846227707e-008, 6.39224083443e-007, 8.05335886866e-008, 6.8817470833e-008, 2.97692039908e-008, 2.08663255563e-008, 4.89812883586e-008, 1.39374218833e-008, 1.9053679523e-008, 1.6982550477e-008, 1.05131867656e-008, 2.63279869017e-008, 5.96848721557e-008, 5.29786063908e-008, 4.53840662828e-008, 1.34179273914e-007, 5.24016670056e-008, 2.45241285057e-008, 4.31805657897e-009, 2.39622627296e-010, 4.56168505747e-011, 7.30139733396e-012, 2.62407029292e-014, 6.04888747626e-019, 6.84379269685e-021]
        dvar2: [1.30362398394e-012, 9.25611658431e-008, 1.35053824124e-007, 1.26669590372e-007, 1.46038314597e-006, 2.02965651397e-007, 1.71912233782e-007, 7.13948224984e-008, 4.99789578612e-008, 1.18067191579e-007, 3.20475450621e-008, 4.8566082711e-008, 4.05609554832e-008, 2.7011516579e-008, 6.94821409297e-008, 1.65501859328e-007, 1.41331867098e-007, 1.21078954862e-007, 3.7349542481e-007, 1.50305623947e-007, 6.91266208719e-008, 1.22855476903e-008, 5.18964315965e-010, 9.22060344744e-011, 1.71450197789e-011, 5.17121339239e-014, 1.45466493598e-018, 2.14013774167e-020]
        max: [4.97885775985e-006, 0.00166075723246, 0.00271626329049, 0.00437300559133, 0.0077929534018, 0.00471955304965, 0.00470187887549, 0.00405902042985, 0.00382715510204, 0.00436781486496, 0.00234808027744, 0.00243431073613, 0.00299928709865, 0.00192663283087, 0.00345276435837, 0.00501309521496, 0.00424939813092, 0.00364009011537, 0.00504760071635, 0.00317849894054, 0.00204932643101, 0.00119439337868, 0.000279728439637, 0.000134850168251, 5.51253942831e-005, 3.65462824448e-006, 1.19472796101e-008, 1.02034269922e-009]
        mean: [3.03727546225e-007, 0.000114782873425, 0.000303456239635, 0.000304781104205, 0.000542894587852, 0.000178043934284, 0.000146413367474, 8.77246275195e-005, 0.000101964586065, 0.000144747507875, 8.69815194164e-005, 0.000135482594487, 0.000109125583549, 8.4604449512e-005, 0.000180233415449, 0.000328253343469, 0.000378064491088, 0.000338495301548, 0.000791021331679, 0.000440347444965, 0.00035695330007, 8.28801275929e-005, 2.03580166271e-005, 5.82660413784e-006, 2.97575979857e-006, 1.51219580857e-007, 1.17329146399e-009, 4.61307762822e-011]
        median: [4.65798706273e-008, 4.79628652101e-005, 0.000212933751754, 0.000213340725168, 0.000243197020609, 8.24639719212e-005, 5.22936534253e-005, 2.96199104923e-005, 5.39529246453e-005, 5.39488974027e-005, 3.92928195652e-005, 6.77071220707e-005, 5.98291117058e-005, 4.67843128718e-005, 0.000107592692075, 0.000219429231947, 0.000282300403342, 0.000266093877144, 0.000689613458235, 0.000405882747145, 0.000328134745359, 7.02245306456e-005, 1.31560309455e-005, 3.48459752786e-006, 2.09298991649e-006, 7.94327661424e-008, 7.48653361526e-010, 1.82871044696e-011]
        min: [1.17561505097e-024, 2.00113126562e-024, 2.51025874119e-024, 7.84704397111e-025, 6.82889275518e-024, 1.25612152096e-023, 9.90953500731e-024, 1.28980777488e-023, 2.04109760176e-023, 1.20040356525e-023, 2.01832097862e-023, 2.66497724167e-023, 2.6568800578e-023, 2.85837974545e-023, 5.11253905361e-023, 3.69099718736e-023, 8.81608417808e-023, 4.95566775172e-023, 1.51325218452e-022, 1.93813254185e-022, 2.93266955369e-022, 2.92168961963e-022, 4.75258933251e-022, 6.57355848567e-022, 8.91442408339e-022, 1.26550040817e-021, 2.03406802437e-021, 4.86798567278e-022]
        var: [4.95055168734e-013, 2.9941066515e-008, 8.68402096899e-008, 9.46998355289e-008, 7.66765538174e-007, 9.99043692218e-008, 8.1618850345e-008, 4.91017217996e-008, 3.21817594795e-008, 9.66698294746e-008, 2.95854505339e-008, 3.95888406501e-008, 3.21444701967e-008, 1.49111709646e-008, 4.73782115762e-008, 1.4390981562e-007, 1.17494181495e-007, 8.43244549742e-008, 3.03125290202e-007, 7.86658631569e-008, 5.23781409356e-008, 5.7840026102e-009, 6.97817414963e-010, 1.03876490742e-010, 1.40296160106e-011, 7.25385327976e-014, 1.4651045757e-018, 5.44142267495e-021]
    mfcc:
        mean: [-694.058837891, 85.1879348755, -47.2782783508, 62.1680526733, -9.46899223328, 4.64236021042, 3.38122367859, -1.72113037109, 0.250080853701, -7.55637931824, -6.88603305817, -6.75967979431, -3.82681465149]
        cov: [[7209.39501953, 167.278121948, -1120.83056641, 420.352844238, -443.46194458, 27.0959835052, -142.473190308, -29.1217441559, -43.1018714905, -36.6288719177, 22.5895519257, -0.823368906975, 79.2133483887], [167.278121948, 641.194396973, -135.073883057, 180.956924438, -27.6409187317, -40.0786743164, 53.2625770569, -52.3129768372, 37.7692604065, -39.5412597656, -5.61015367508, -16.6109886169, -30.5783500671], [-1120.83056641, -135.073883057, 562.12286377, -85.0716934204, 125.798568726, -41.0400619507, -40.8502159119, 21.4345874786, -30.5557422638, 28.5321235657, -6.10766458511, 7.94434642792, -4.84002780914], [420.352844238, 180.956924438, -85.0716934204, 239.790634155, 7.42316532135, 5.25398540497, 14.294793129, -8.47323036194, 35.2313346863, -6.31295776367, 11.2845335007, 4.20236158371, 3.73543858528], [-443.46194458, -27.6409187317, 125.798568726, 7.42316532135, 145.150680542, 25.3506641388, 11.4120454788, 8.08287811279, 4.64051008224, 15.4132957458, -6.36229896545, 1.83035755157, -2.99625921249], [27.0959835052, -40.0786743164, -41.0400619507, 5.25398540497, 25.3506641388, 95.95728302, 56.1613464355, 19.7104969025, -2.26953148842, 5.68745231628, 5.17666339874, 2.45841097832, 6.89170646667], [-142.473190308, 53.2625770569, -40.8502159119, 14.294793129, 11.4120454788, 56.1613464355, 132.587158203, 33.9747200012, 30.2857227325, -1.72686755657, 2.56693696976, 3.51221656799, -1.62459754944], [-29.1217441559, -52.3129768372, 21.4345874786, -8.47323036194, 8.08287811279, 19.7104969025, 33.9747200012, 86.3335113525, 31.0468635559, 22.6442089081, -1.6637147665, 3.82507491112, 9.47102451324], [-43.1018714905, 37.7692604065, -30.5557422638, 35.2313346863, 4.64051008224, -2.26953148842, 30.2857227325, 31.0468635559, 86.9977493286, 23.0028972626, 9.71947383881, -3.82611823082, -3.47526264191], [-36.6288719177, -39.5412597656, 28.5321235657, -6.31295776367, 15.4132957458, 5.68745231628, -1.72686755657, 22.6442089081, 23.0028972626, 69.1273422241, 24.4430789948, 8.49271583557, 2.61274886131], [22.5895519257, -5.61015367508, -6.10766458511, 11.2845335007, -6.36229896545, 5.17666339874, 2.56693696976, -1.6637147665, 9.71947383881, 24.4430789948, 57.2570304871, 20.6933116913, 9.47283840179], [-0.823368906975, -16.6109886169, 7.94434642792, 4.20236158371, 1.83035755157, 2.45841097832, 3.51221656799, 3.82507491112, -3.82611823082, 8.49271583557, 20.6933116913, 53.2746505737, 22.8142166138], [79.2133483887, -30.5783500671, -4.84002780914, 3.73543858528, -2.99625921249, 6.89170646667, -1.62459754944, 9.47102451324, -3.47526264191, 2.61274886131, 9.47283840179, 22.8142166138, 50.1290588379]]
        icov: [[0.000280124600977, 7.22259501345e-005, 0.000448320643045, -0.000509265693836, 0.000521529582329, -0.000135433176183, 0.000442093645688, -0.000288056267891, 0.000432097382145, -0.000228734119446, 0.000111982823, 9.97418464976e-005, -0.000223492679652], [7.22259501345e-005, 0.00263395346701, 0.000386610539863, -0.00186575180851, 0.000187742945855, 0.00197915453464, -0.00185171759222, 0.00143616308924, -0.000120233547932, 0.000390845845686, 0.000202480674488, 0.000311871408485, 0.000867792987265], [0.000448320643045, 0.000386610539863, 0.00361660611816, -0.000217279841308, -0.00200924207456, 0.00222764723003, 0.000604448199738, -0.00166671827901, 0.00222594710067, -0.000895061995834, -0.000221046837396, 2.61745499301e-005, 3.17414378515e-005], [-0.000509265693836, -0.00186575180851, -0.000217279841308, 0.00699997367337, -0.00208271574229, -0.00101087044459, 0.000601967680268, 0.000388842134271, -0.00288891070522, 0.0013465853408, -0.00125991017558, -0.00072742375778, -0.000616739678662], [0.000521529582329, 0.000187742945855, -0.00200924207456, -0.00208271574229, 0.0114551186562, -0.00469023082405, 0.00093977781944, 0.00120158435311, -0.000963995000347, -0.00218199752271, 0.0030437677633, -0.000791164813563, 0.000216324056964], [-0.000135433176183, 0.00197915453464, 0.00222764723003, -0.00101087044459, -0.00469023082405, 0.0193926393986, -0.00884130969644, -0.00151677674148, 0.0053164511919, -0.00147956283763, -0.00213134568185, 0.0023991309572, -0.00147812394425], [0.000442093645688, -0.00185171759222, 0.000604448199738, 0.000601967680268, 0.00093977781944, -0.00884130969644, 0.0146050341427, -0.00441348552704, -0.00354413874447, 0.00282271695323, -0.000348469271557, -0.00215478916653, 0.00141791533679], [-0.000288056267891, 0.00143616308924, -0.00166671827901, 0.000388842134271, 0.00120158435311, -0.00151677674148, -0.00441348552704, 0.0186088774353, -0.00623900117353, -0.00433197710663, 0.00464250938967, -0.000613235810306, -0.00304212630726], [0.000432097382145, -0.000120233547932, 0.00222594710067, -0.00288891070522, -0.000963995000347, 0.0053164511919, -0.00354413874447, -0.00623900117353, 0.0191728286445, -0.00529695115983, -0.00221988628618, 0.00319555075839, 0.000519849418197], [-0.000228734119446, 0.000390845845686, -0.000895061995834, 0.0013465853408, -0.00218199752271, -0.00147956283763, 0.00282271695323, -0.00433197710663, -0.00529695115983, 0.0222012791783, -0.0092202750966, -0.000764644821174, 0.00196200003847], [0.000111982823, 0.000202480674488, -0.000221046837396, -0.00125991017558, 0.0030437677633, -0.00213134568185, -0.000348469271557, 0.00464250938967, -0.00221988628618, -0.0092202750966, 0.025873940438, -0.00836696755141, -0.00114918884356], [9.97418464976e-005, 0.000311871408485, 2.61745499301e-005, -0.00072742375778, -0.000791164813563, 0.0023991309572, -0.00215478916653, -0.000613235810306, 0.00319555075839, -0.000764644821174, -0.00836696755141, 0.0272527467459, -0.010802231729], [-0.000223492679652, 0.000867792987265, 3.17414378515e-005, -0.000616739678662, 0.000216324056964, -0.00147812394425, 0.00141791533679, -0.00304212630726, 0.000519849418197, 0.00196200003847, -0.00114918884356, -0.010802231729, 0.0267840288579]]
    sccoeffs:
        dmean: [0.057718552649, 0.0481759421527, 0.0383973792195, 0.0295070484281, 0.0191109050065, 0.016860159114]
        dmean2: [0.0945308953524, 0.0799157842994, 0.0620249547064, 0.0487463697791, 0.0320001542568, 0.0270311105996]
        dvar: [0.00213160458952, 0.00153320387471, 0.000941783306189, 0.000539120926987, 0.000229785262491, 0.000214678162592]
        dvar2: [0.00569092622027, 0.00401250924915, 0.00250497087836, 0.00146346329711, 0.000638630939648, 0.000517089734785]
        max: [-0.351426750422, -0.46680700779, -0.560877859592, -0.615037620068, -0.644207775593, -0.563691139221]
        mean: [-0.631029129028, -0.77048099041, -0.784937739372, -0.788928925991, -0.796618998051, -0.7194622159]
        median: [-0.632556438446, -0.77687972784, -0.790661633015, -0.790880441666, -0.79548317194, -0.71787083149]
        min: [-0.998793303967, -0.985673725605, -0.993246734142, -0.993180930614, -0.969174087048, -0.96672296524]
        var: [0.00543613312766, 0.00402017543092, 0.00342360348441, 0.00215205340646, 0.000949350884184, 0.0023047667928]
    scvalleys:
        dmean: [0.41509488225, 0.375467628241, 0.298543214798, 0.247956067324, 0.202217489481, 0.216993674636]
        dmean2: [0.684924423695, 0.622943460941, 0.484858512878, 0.399684488773, 0.336842656136, 0.347888737917]
        dvar: [0.120578713715, 0.121666058898, 0.0753418654203, 0.0591353587806, 0.0569515414536, 0.0795140489936]
        dvar2: [0.296564400196, 0.290824025869, 0.164332404733, 0.119092896581, 0.121582500637, 0.162763282657]
        max: [-5.20709180832, -4.91416072845, -4.99371099472, -5.71541976929, -5.59581804276, -7.51899957657]
        mean: [-6.99295473099, -6.96018314362, -7.18027830124, -7.18295574188, -6.83093881607, -9.61876678467]
        median: [-6.74140787125, -6.71740198135, -6.90624713898, -6.86011791229, -6.46164512634, -9.11083507538]
        min: [-28.1972885132, -28.1751499176, -27.8491516113, -27.6208686829, -27.6249732971, -27.4637374878]
        var: [3.13960242271, 3.31465697289, 3.40588831902, 3.57754063606, 3.7176091671, 3.98751688004]

rhythm:
    beats_loudness:
        dmean: 0.00222961674444
        dmean2: 0.00373000954278
        dvar: 3.70277030015e-006
        dvar2: 6.32545970802e-006
        max: 0.0144083602354
        mean: 0.00693204719573
        median: 0.007478245534
        min: 0
        var: 1.09662742034e-005
    bpm: 116.966896057
    bpm_confidence: 0
    first_peak_bpm: 117
    first_peak_spread: 0.226277351379
    first_peak_weight: 0.686825037003
    onset_rate: 2.5590069294
    second_peak_bpm: 112
    second_peak_spread: 0.485714226961
    second_peak_weight: 0.0388768911362
    beats_loudness_band_ratio:
        dmean: [0.123372964561, 0.139805018902, 0.0514095462859, 0.0548341758549, 0.0822285041213, 0.0859603881836]
        dmean2: [0.20963537693, 0.241640970111, 0.0891885980964, 0.0943718999624, 0.138048753142, 0.144950866699]
        dvar: [0.0111086769029, 0.016314079985, 0.0032439106144, 0.00501175411046, 0.00618525035679, 0.00603683106601]
        dvar2: [0.0271867290139, 0.0280219689012, 0.00932784657925, 0.0134604964405, 0.0156618505716, 0.0139663591981]
        max: [0.99255657196, 0.592490255833, 0.375237524509, 0.607271790504, 0.620035052299, 0.637815415859]
        mean: [0.325147807598, 0.235435366631, 0.0788011476398, 0.081159196794, 0.204061165452, 0.217021241784]
        median: [0.335466891527, 0.268039166927, 0.0644483864307, 0.060685172677, 0.186077207327, 0.193586528301]
        min: [0, 0, 0, 0, 0, 0]
        var: [0.0253928843886, 0.0224704574794, 0.00376614602283, 0.0051216268912, 0.00989469047636, 0.0117332236841]
    beats_position: [0.487619042397, 0.99845802784, 1.50929701328, 2.02013611794, 2.53097510338, 3.04181408882, 3.55265307426, 4.06349182129, 4.57433080673, 5.0967798233, 5.61922883987, 6.13006782532, 6.64090681076, 7.1517457962, 7.66258478165, 8.17342376709, 8.68426322937, 9.2067117691, 9.72916126251, 10.2399997711, 10.7508392334, 11.261677742, 11.7725172043, 12.2833557129, 12.7941951752, 13.3050336838, 13.8158731461, 14.3267116547, 14.8491611481, 15.3599996567, 15.8824491501, 16.3932876587, 16.904127121, 17.4149665833, 17.9258041382, 18.4366436005, 18.9474830627, 19.4699325562, 19.9923801422, 20.5032196045, 21.0140590668, 21.5248966217, 22.035736084, 22.5465755463, 23.0574150085, 23.5682544708, 24.0790920258, 24.589931488, 25.1007709503, 25.6116104126, 26.1224479675, 26.6448974609, 27.1557369232, 27.6665763855, 28.1890239716, 28.6998634338, 29.2107028961, 29.7215423584, 30.2323799133, 30.7432193756, 31.2540588379, 31.7648983002, 32.2873458862, 32.8097953796, 33.3206329346, 33.8314743042, 34.3423118591, 34.8531494141, 35.3639907837, 35.8748283386, 36.3856697083, 36.8965072632, 37.4073448181, 37.9297943115, 38.4522438049, 38.9630813599, 39.4739227295, 39.9847602844, 40.4956016541, 41.006439209, 41.5172767639, 42.0281181335, 42.5389556885, 43.0497932434, 43.560634613, 44.071472168, 44.5939216614, 45.1163711548, 45.6272087097, 46.1380500793, 46.6488876343, 47.1597251892, 47.6705665588, 48.1814041138, 48.6922454834, 49.2030830383, 49.7255325317, 50.2479820251, 50.7588195801, 51.269657135, 51.7688865662, 52.2913360596, 52.8021774292, 53.3130149841, 53.8354644775, 54.3695220947, 54.9035835266, 55.4376411438, 55.9833106995, 56.5173683167, 57.0514259338, 57.5970954895, 58.1427650452, 58.6768226624, 59.1992721558, 59.7217216492, 60.2325630188, 60.7434005737, 61.2542381287, 61.7650794983, 62.2759170532, 62.7867546082, 63.3092041016, 63.831653595, 64.3424911499, 64.8533325195, 65.3641738892, 65.8750076294, 66.385848999, 66.8966903687, 67.4075241089, 67.9183654785, 68.4408187866, 68.9632644653, 69.474105835, 69.9849395752, 70.4957809448, 71.0066223145, 71.5174560547, 72.0282974243, 72.5391387939, 73.0499725342, 73.5608139038, 74.0832672119, 74.6057128906, 75.1165542603, 75.6273880005, 76.1382293701, 76.6490707397, 77.15990448, 77.6823577881, 78.2280273438, 78.7736968994, 79.3193664551, 79.8534240723, 80.410697937, 80.9563674927, 81.5020370483, 82.0244903564, 82.5353240967, 83.0577774048, 83.5686187744, 84.0794525146, 84.5902938843, 85.1011352539, 85.6119689941, 86.1228103638, 86.6336517334, 87.1560974121, 87.6785507202, 88.1893844604, 88.7002258301, 89.2110671997, 89.7219009399, 90.2327423096, 90.7435836792, 91.2544174194, 91.7652587891, 92.2877044678, 92.7985458374, 93.3209991455, 93.8318328857, 94.3426742554, 94.853515625, 95.3643493652, 95.8751907349, 96.3860321045, 96.8968658447, 97.4077072144, 97.918548584, 98.4293823242, 98.9518356323, 99.474281311, 99.9851226807, 100.49596405, 101.006797791, 101.51763916, 102.02848053, 102.53931427, 103.05015564, 103.560997009, 104.071838379, 104.582672119, 105.093513489, 105.615959167, 106.138412476, 106.649246216, 107.160087585, 107.670928955, 108.181770325, 108.692604065, 109.203445435, 109.714286804, 110.225120544, 110.735961914, 111.246803284, 111.769248962, 112.291702271, 112.802536011, 113.31337738, 113.82421875, 114.33505249, 114.84589386, 115.356735229, 115.86756897, 116.390022278, 116.900856018, 117.411697388, 117.922538757, 118.444984436, 118.955825806, 119.466667175, 119.977500916, 120.488342285, 120.999183655, 121.510017395, 122.020858765, 122.543312073, 123.065757751, 123.576599121, 124.087432861, 124.598274231, 125.109115601, 125.631561279, 126.165618896, 126.699676514, 127.23374176, 127.779411316, 128.313461304, 128.859130859, 129.404800415, 129.950469971, 130.472915649, 130.995376587, 131.517822266, 132.028656006, 132.539505005, 133.050338745, 133.561172485, 134.072021484, 134.582855225, 135.105300903, 135.627746582, 136.138595581, 136.649429321, 137.160263062, 137.671112061, 138.181945801, 138.692779541, 139.20362854, 139.71446228, 140.236907959, 140.747756958, 141.270202637, 141.781036377, 142.291885376, 142.802719116, 143.313552856, 143.824401855, 144.335235596, 144.846069336, 145.356918335, 145.867752075, 146.390197754, 146.912643433, 147.423492432, 147.934326172, 148.445159912, 148.956008911, 149.466842651, 149.97769165, 150.488525391, 150.999359131, 151.51020813, 152.02104187, 152.53187561, 153.042724609, 153.55355835, 154.06439209, 154.575241089, 155.097686768, 155.620132446, 156.130966187, 156.641815186, 157.152648926, 157.663482666, 158.174331665, 158.696777344, 159.207611084, 159.730072021, 160.240905762, 160.751739502, 161.262588501, 161.773422241, 162.284255981, 162.79510498, 163.305938721, 163.816772461, 164.339233398, 164.861679077, 165.372512817, 165.883346558, 166.394195557, 166.905029297, 167.415863037, 167.926712036, 168.437545776, 168.948379517, 169.459228516, 169.970062256, 170.480911255, 170.991744995, 171.502578735, 172.025024414, 172.547485352, 173.058319092, 173.569152832, 174.080001831, 174.590835571, 175.101669312, 175.612518311, 176.123352051, 176.634185791, 177.168243408, 177.679092407, 178.189926147, 178.700775146, 179.211608887, 179.722442627, 180.233291626, 180.744125366, 181.254959106, 181.765808105, 182.288253784, 182.799087524, 183.309921265, 183.820770264, 184.331604004, 184.854049683, 185.364898682, 185.875732422, 186.386566162, 186.897415161, 187.408248901, 187.919082642, 188.441543579, 188.952377319, 189.46321106, 189.974060059, 190.496505737, 191.007339478, 191.518188477, 192.029022217, 192.539855957, 193.050704956, 193.561538696, 194.072372437, 194.583221436, 195.094055176, 195.616500854, 196.138946533, 196.649795532, 197.160629272, 197.671463013, 198.182312012, 198.693145752, 199.203994751, 199.714828491, 200.225662231, 200.74810791, 201.270568848, 201.781402588, 202.292236328, 202.803085327, 203.313919067, 203.824752808, 204.335601807, 204.846435547, 205.357269287, 205.868118286, 206.378952026, 206.901397705, 207.423858643, 207.934692383, 208.457138062, 208.991195679, 209.536865234, 210.070922852, 210.604980469, 211.139038086, 211.684707642, 212.230377197, 212.776046753, 213.298492432, 213.809341431, 214.320175171, 214.84262085, 215.365081787, 215.875915527, 216.386749268, 216.897598267, 217.408432007, 217.919265747, 218.430114746, 218.940948486, 219.451782227, 219.962631226, 220.485076904, 221.007522583, 221.518356323, 222.040817261, 222.563262939, 223.062484741, 223.561721802, 224.060943604, 224.560180664, 225.059402466, 225.558639526, 226.069473267, 226.580307007, 227.079544067, 227.6484375, 228.217315674, 228.786209106, 229.366714478, 229.94720459, 230.527709961, 231.096588135, 231.665481567, 232.245986938, 232.826477051, 233.348922729, 233.871383667, 234.393829346, 234.927886963, 235.450332642, 235.984390259, 236.56489563, 237.145385742, 237.725891113, 238.306396484, 238.886886597, 239.467391968, 240.04788208]
