
metadata:
    version:
        essentia: "2.1-beta2"
    audio_properties:
        analysis_sample_rate: 44100
        bitrate: 320
        channels: 2
        equal_loudness: 1
        length: 214.125717163
        replay_gain: -14.63032341
        downmix: "mix"
    tags:
        album: "Wretched & Divine: The Story Of The Wild Ones"
        artist: "Black Veil Brides"
        comment: ""
        date: "2013"
        genre: "Metal"
        title: "I Am Bulletproof"
        tracknumber: "2/19"

configuration:
    average_loudness:
        compute: 1
        frameSize: 88200
        hopSize: 44100
        silentFrames: "noise"
        windowType: "hann"
    general:
        analysisSampleRate: 44100
        endTime: 2000
        equalLoudness: 1
        nequalLoudness: 0
        shortSound: 0
        startTime: 0
    lowlevel:
        compute: 1
        frameSize: 2048
        hopSize: 1024
        zeroPadding: 0
        silentFrames: "noise"
        windowType: "blackmanharris62"
        mfccStats: ["mean", "cov", "icov"]
        stats: ["mean", "var", "median", "min", "max", "dmean", "dmean2", "dvar", "dvar2"]
    panning:
        compute: 0
        frameSize: 8192
        hopSize: 2048
        zeroPadding: 8192
        silentFrames: "noise"
        windowType: "hann"
        stats: ["copy"]
    rhythm:
        compute: 1
        maxTempo: 208
        minTempo: 40
        method: "degara"
        stats: ["mean", "var", "median", "min", "max", "dmean", "dmean2", "dvar", "dvar2"]
    segmentation:
        compute: 0
        cpw: 5
        inc1: 300
        inc2: 50
        minimumSegmentsLength: 10
        size1: 1000
        size2: 600
    sfx:
        compute: 1
        stats: ["mean", "var", "median", "min", "max", "dmean", "dmean2", "dvar", "dvar2"]
    svm:
        compute: 0
    tonal:
        compute: 1
        frameSize: 4096
        hopSize: 2048
        zeroPadding: 0
        silentFrames: "noise"
        windowType: "blackmanharris62"
        stats: ["mean", "var", "median", "min", "max", "dmean", "dmean2", "dvar", "dvar2"]

lowlevel:
    average_loudness: 0.942607283592
    barkbands_kurtosis:
        dmean: 0.668381869793
        dmean2: 1.07473170757
        dvar: 2.39049553871
        dvar2: 5.03950881958
        max: 71.61328125
        mean: -0.506461858749
        median: -1.23096370697
        min: -1.85970461369
        var: 9.16633319855
    barkbands_skewness:
        dmean: 0.399128764868
        dmean2: 0.634005665779
        dvar: 0.123852007091
        dvar2: 0.314506083727
        max: 8.01772689819
        mean: -0.0752987712622
        median: -0.219105675817
        min: -2.29182243347
        var: 0.71278834343
    barkbands_spread:
        dmean: 5.05607795715
        dmean2: 8.1422290802
        dvar: 20.2185516357
        dvar2: 52.0420150757
        max: 66.8007965088
        mean: 35.275100708
        median: 36.5015945435
        min: 0.910390734673
        var: 137.829193115
    dissonance:
        dmean: 0.013040298596
        dmean2: 0.0220593120903
        dvar: 0.000328818452545
        dvar2: 0.000896780053154
        max: 0.500000119209
        mean: 0.475487470627
        median: 0.485484480858
        min: 0.166387543082
        var: 0.00125095725525
    hfc:
        dmean: 2.72514343262
        dmean2: 4.57265806198
        dvar: 9.63467121124
        dvar2: 25.5190048218
        max: 46.1553649902
        mean: 10.3681030273
        median: 10.3020582199
        min: 7.02599610436e-012
        var: 31.8733196259
    pitch:
        dmean: 910.020935059
        dmean2: 1742.87927246
        dvar: 1765295
        dvar2: 4229106
        max: 4448.50585938
        mean: 1706.29394531
        median: 620.151611328
        min: 61.6120262146
        var: 2616867.5
    pitch_instantaneous_confidence:
        dmean: 0.0789818912745
        dmean2: 0.13053008914
        dvar: 0.00432281708345
        dvar2: 0.0111869759858
        max: 0.961093783379
        mean: 0.378382772207
        median: 0.343943893909
        min: 0.116885900497
        var: 0.023931497708
    pitch_salience:
        dmean: 0.0567173138261
        dmean2: 0.0934283435345
        dvar: 0.00254177069291
        dvar2: 0.00707645015791
        max: 0.961937963963
        mean: 0.647645413876
        median: 0.667954087257
        min: 0.146797254682
        var: 0.0087797511369
    silence_rate_20dB:
        dmean: 0
        dmean2: 0
        dvar: 0
        dvar2: 0
        max: 1
        mean: 1
        median: 1
        min: 1
        var: 0
    silence_rate_30dB:
        dmean: 0
        dmean2: 0
        dvar: 0
        dvar2: 0
        max: 1
        mean: 1
        median: 1
        min: 1
        var: 0
    silence_rate_60dB:
        dmean: 0.059856865555
        dmean2: 0.119726710021
        dvar: 0.0562722049654
        dvar2: 0.131407335401
        max: 1
        mean: 0.158733606339
        median: 0
        min: 0
        var: 0.133545964956
    spectral_centroid:
        dmean: 271.910369873
        dmean2: 435.604858398
        dvar: 62103.9570313
        dvar2: 163476.453125
        max: 3854.45922852
        mean: 1829.47180176
        median: 1890.34484863
        min: 171.364608765
        var: 258058.828125
    spectral_complexity:
        dmean: 4.40728712082
        dmean2: 7.29118299484
        dvar: 16.5321445465
        dvar2: 43.6768264771
        max: 45
        mean: 19.8411579132
        median: 21
        min: 0
        var: 88.5661773682
    spectral_crest:
        dmean: 2.07693815231
        dmean2: 3.43737387657
        dvar: 4.29881858826
        dvar2: 11.1846036911
        max: 25.1153144836
        mean: 6.83665466309
        median: 5.71454763412
        min: 2.35264253616
        var: 12.6990785599
    spectral_decrease:
        dmean: 2.90683227488e-010
        dmean2: 4.71236105692e-010
        dvar: 1.01834412007e-019
        dvar2: 2.59251199424e-019
        max: -3.14094574584e-022
        mean: -1.18271059613e-009
        median: -1.17825049717e-009
        min: -3.99245791982e-009
        var: 3.27257982732e-019
    spectral_energy:
        dmean: 0.00129199586809
        dmean2: 0.00210232427344
        dvar: 1.98104453375e-006
        dvar2: 5.09497067469e-006
        max: 0.0187797285616
        mean: 0.00540424883366
        median: 0.00541885476559
        min: 1.82274205766e-015
        var: 6.76954505252e-006
    spectral_energyband_high:
        dmean: 0.000185497061466
        dmean2: 0.000321388128214
        dvar: 5.43567075795e-008
        dvar2: 1.47230807102e-007
        max: 0.00336179905571
        mean: 0.000519619963598
        median: 0.000490566191729
        min: 9.76959648671e-016
        var: 1.18107273295e-007
    spectral_energyband_low:
        dmean: 0.000247667747317
        dmean2: 0.000425743201049
        dvar: 1.10111450624e-007
        dvar2: 3.14408993063e-007
        max: 0.0036485963501
        mean: 0.000516734202392
        median: 0.000464141485281
        min: 3.12963983283e-017
        var: 1.36431509645e-007
    spectral_energyband_middle_high:
        dmean: 0.00080104614608
        dmean2: 0.00131130428053
        dvar: 7.48290744923e-007
        dvar2: 1.91577169062e-006
        max: 0.014686643146
        mean: 0.00282922806218
        median: 0.00271425070241
        min: 6.74539399167e-016
        var: 2.86075692202e-006
    spectral_energyband_middle_low:
        dmean: 0.000736625748686
        dmean2: 0.00117118598428
        dvar: 9.92677883005e-007
        dvar2: 2.43968770519e-006
        max: 0.00911524146795
        mean: 0.00168148707598
        median: 0.00135062553454
        min: 1.60597618853e-016
        var: 1.79926917099e-006
    spectral_flatness_db:
        dmean: 0.0142742432654
        dmean2: 0.0225198566914
        dvar: 0.000178739064722
        dvar2: 0.000430123996921
        max: 0.474797934294
        mean: 0.14554990828
        median: 0.131529077888
        min: 0.0501000061631
        var: 0.00321918982081
    spectral_flux:
        dmean: 0.00708914780989
        dmean2: 0.011229718104
        dvar: 5.62417080801e-005
        dvar2: 0.00013085109822
        max: 0.104701966047
        mean: 0.0432214550674
        median: 0.0442465804517
        min: 5.42625202797e-005
        var: 0.000248044467298
    spectral_kurtosis:
        dmean: 1.91364610195
        dmean2: 3.24053955078
        dvar: 40.3977737427
        dvar2: 117.807601929
        max: 134.821929932
        mean: 5.34023809433
        median: 3.39135718346
        min: -0.263885289431
        var: 93.5105514526
    spectral_rms:
        dmean: 0.000263023073785
        dmean2: 0.000424017343903
        dvar: 6.78125218201e-008
        dvar2: 1.73979969986e-007
        max: 0.0042803841643
        mean: 0.00219481578097
        median: 0.00229927990586
        min: 1.33352351384e-009
        var: 4.55206162542e-007
    spectral_rolloff:
        dmean: 275.067749023
        dmean2: 455.394744873
        dvar: 107148.851563
        dvar2: 271892.1875
        max: 5770.8984375
        mean: 3409.65087891
        median: 3617.578125
        min: 129.19921875
        var: 679068.5625
    spectral_skewness:
        dmean: 0.202858552337
        dmean2: 0.333865225315
        dvar: 0.177675932646
        dvar2: 0.503933012486
        max: 8.92688369751
        mean: 1.43693518639
        median: 1.29128420353
        min: -0.186667412519
        var: 0.558054685593
    spectral_spread:
        dmean: 485464.28125
        dmean2: 716898.1875
        dvar: 288800899072
        dvar2: 518246432768
        max: 13250096
        mean: 4576458
        median: 4504591
        min: 606172.9375
        var: 1.9561063383e+012
    spectral_strongpeak:
        dmean: 0.521898329258
        dmean2: 0.89642316103
        dvar: 0.72357159853
        dvar2: 1.87011480331
        max: 9.2087430954
        mean: 0.721113801003
        median: 0.290012687445
        min: 2.19928097067e-007
        var: 1.03828155994
    zerocrossingrate:
        dmean: 0.00749709224328
        dmean2: 0.00968169420958
        dvar: 5.07958684466e-005
        dvar2: 7.53703570808e-005
        max: 0.35595703125
        mean: 0.102879315615
        median: 0.10693359375
        min: 0.013671875
        var: 0.000618445279542
    barkbands:
        dmean: [3.72044382857e-007, 5.78834587941e-005, 0.000172194777406, 0.000134643443744, 0.000437540962594, 0.000145079829963, 7.6600786997e-005, 0.000135121197673, 0.000170481886016, 8.2107653725e-005, 5.31494988536e-005, 0.000103115773527, 7.43867713027e-005, 8.30238786875e-005, 0.000104789913166, 0.000154893481522, 0.000190786144231, 0.000191963365069, 0.000322436564602, 0.000197536690393, 8.66955379024e-005, 3.75615345547e-005, 6.26679684501e-006, 2.99199768961e-006, 1.81331893145e-006, 1.05675383111e-007, 1.13404019508e-009]
        dmean2: [6.70429869842e-007, 9.84514917945e-005, 0.000294276280329, 0.000230635938351, 0.000704488833435, 0.000237486630795, 0.000123430028907, 0.000215312466025, 0.000267486379016, 0.000133271300001, 8.72922028066e-005, 0.000164687575307, 0.000122586410725, 0.000132536908495, 0.00016999001673, 0.000258291052887, 0.00031586366822, 0.000322766427416, 0.000537228479516, 0.000335706135957, 0.00014878467482, 6.69041401125e-005, 1.05596363937e-005, 4.73944828627e-006, 2.76712262348e-006, 1.56951401209e-007, 1.76603232038e-009]
        dvar: [4.67321114531e-013, 9.16044573529e-009, 5.44337268593e-008, 3.1470381856e-008, 7.35177366096e-007, 5.37569952996e-008, 1.68838099057e-008, 8.86249011955e-008, 1.30453813085e-007, 3.06714333931e-008, 1.14500542381e-008, 4.91899250221e-008, 2.11089350444e-008, 2.47781777318e-008, 5.19494705031e-008, 8.48460146585e-008, 6.48020801464e-008, 5.8262894953e-008, 1.64800525226e-007, 4.92041287714e-008, 9.86904424849e-009, 3.43493766763e-009, 1.81420822809e-010, 6.98403349042e-011, 2.23929555454e-011, 9.64013957094e-014, 8.7777470113e-018]
        dvar2: [1.4100637975e-012, 2.52746286122e-008, 1.54711528921e-007, 8.60677715764e-008, 1.81398081622e-006, 1.33298087235e-007, 3.80240585685e-008, 2.09622328384e-007, 3.06192134758e-007, 7.75342314796e-008, 2.85995866989e-008, 1.10294280375e-007, 5.21428766831e-008, 5.56747217217e-008, 1.25889044966e-007, 2.2101966124e-007, 1.65825028375e-007, 1.48771732711e-007, 4.22663646304e-007, 1.34537700092e-007, 2.73607980716e-008, 9.24623222431e-009, 4.26646717955e-010, 1.36382238836e-010, 4.2732928307e-011, 1.87350691059e-013, 1.80085557333e-017]
        max: [4.56828547613e-006, 0.000887046800926, 0.00260149617679, 0.00226133945398, 0.00733971456066, 0.00401622336358, 0.00316166272387, 0.00706279836595, 0.0076722279191, 0.00454012397677, 0.00292267277837, 0.00634421082214, 0.00326690077782, 0.0042353309691, 0.00527442712337, 0.00606317957863, 0.00734405685216, 0.00519050797448, 0.00778520666063, 0.00327067566104, 0.00136823777575, 0.00115033437032, 0.000347361783497, 0.000193656116608, 9.13340190891e-005, 6.92566800353e-006, 6.59486332211e-008]
        mean: [3.43025192251e-007, 7.59752729209e-005, 0.000333611504175, 0.000202497074497, 0.000548394105863, 0.000221119436901, 0.000131449400214, 0.000221550813876, 0.00031071214471, 0.000135658789077, 8.95321863936e-005, 0.000162370648468, 0.000118214076792, 0.000134919057018, 0.000171531224623, 0.000284834270133, 0.000395346636651, 0.000374651630409, 0.000687771942466, 0.000487751356559, 0.000228431759751, 6.74472612445e-005, 1.12198376883e-005, 5.25696941622e-006, 3.4628751564e-006, 1.83812460364e-007, 1.64651314805e-009]
        median: [4.44145058509e-008, 4.28557541454e-005, 0.000290738156764, 0.000149006766151, 0.000264900183538, 0.000121996170492, 7.28265295038e-005, 7.21013129805e-005, 0.000111825436761, 6.96630595485e-005, 4.31284133811e-005, 7.00450109434e-005, 4.9645495892e-005, 6.58017452224e-005, 7.93279759819e-005, 0.000186413933989, 0.000320138729876, 0.000304215907818, 0.000562606437597, 0.000443052267656, 0.000211627004319, 5.29395329067e-005, 6.69632891004e-006, 2.51899405157e-006, 1.71683427652e-006, 7.14443260108e-008, 6.29592822321e-010]
        min: [3.86911198281e-019, 5.79236946253e-018, 1.5102425396e-017, 2.06209658157e-017, 3.86976200202e-017, 2.63589357453e-017, 4.71528087788e-017, 1.86571116557e-017, 4.69802026547e-018, 3.44054559222e-017, 2.56404516283e-017, 3.49586511549e-017, 5.00634935726e-018, 4.16926954344e-017, 2.88136223371e-017, 7.81772433565e-017, 4.6164956604e-017, 1.26956434803e-016, 1.97609477872e-016, 3.05717642889e-016, 4.02127409401e-016, 1.970374527e-016, 4.38409992905e-017, 1.64640622916e-017, 5.75900016944e-017, 2.92545596481e-018, 1.46158536163e-019]
        var: [3.80843712686e-013, 9.62563451168e-009, 7.35314173994e-008, 3.92179799746e-008, 7.92526975602e-007, 9.39555206969e-008, 4.57787727726e-008, 2.06979507311e-007, 4.03752125067e-007, 5.19060137094e-008, 2.72864610906e-008, 8.79280861454e-008, 3.85312013407e-008, 4.98132983751e-008, 1.05482769186e-007, 1.55832168502e-007, 1.24843282379e-007, 1.08892315609e-007, 3.38145412115e-007, 1.13222228038e-007, 2.24494485224e-008, 5.07513586712e-009, 3.50119822023e-010, 1.41426315103e-010, 5.61499388652e-011, 2.03666036401e-013, 1.63365325478e-017]
    frequency_bands:
        dmean: [3.72044382857e-007, 5.78834587941e-005, 0.000172194777406, 0.000134643443744, 0.000437540962594, 0.000145079829963, 7.6600786997e-005, 0.000135121197673, 0.000170481886016, 8.2107653725e-005, 5.31494988536e-005, 0.000103115773527, 7.43867713027e-005, 8.30238786875e-005, 0.000104789913166, 0.000154893481522, 0.000190786144231, 0.000191963365069, 0.000322436564602, 0.000197536690393, 8.66955379024e-005, 3.75615345547e-005, 6.26679684501e-006, 2.99199768961e-006, 1.81331893145e-006, 1.05675383111e-007, 1.13404019508e-009, 6.37251570956e-011]
        dmean2: [6.70429869842e-007, 9.84514917945e-005, 0.000294276280329, 0.000230635938351, 0.000704488833435, 0.000237486630795, 0.000123430028907, 0.000215312466025, 0.000267486379016, 0.000133271300001, 8.72922028066e-005, 0.000164687575307, 0.000122586410725, 0.000132536908495, 0.00016999001673, 0.000258291052887, 0.00031586366822, 0.000322766427416, 0.000537228479516, 0.000335706135957, 0.00014878467482, 6.69041401125e-005, 1.05596363937e-005, 4.73944828627e-006, 2.76712262348e-006, 1.56951401209e-007, 1.76603232038e-009, 1.1838230396e-010]
        dvar: [4.67321114531e-013, 9.16044573529e-009, 5.44337268593e-008, 3.1470381856e-008, 7.35177366096e-007, 5.37569952996e-008, 1.68838099057e-008, 8.86249011955e-008, 1.30453813085e-007, 3.06714333931e-008, 1.14500542381e-008, 4.91899250221e-008, 2.11089350444e-008, 2.47781777318e-008, 5.19494705031e-008, 8.48460146585e-008, 6.48020801464e-008, 5.8262894953e-008, 1.64800525226e-007, 4.92041287714e-008, 9.86904424849e-009, 3.43493766763e-009, 1.81420822809e-010, 6.98403349042e-011, 2.23929555454e-011, 9.64013957094e-014, 8.7777470113e-018, 7.52387975542e-021]
        dvar2: [1.4100637975e-012, 2.52746286122e-008, 1.54711528921e-007, 8.60677715764e-008, 1.81398081622e-006, 1.33298087235e-007, 3.80240585685e-008, 2.09622328384e-007, 3.06192134758e-007, 7.75342314796e-008, 2.85995866989e-008, 1.10294280375e-007, 5.21428766831e-008, 5.56747217217e-008, 1.25889044966e-007, 2.2101966124e-007, 1.65825028375e-007, 1.48771732711e-007, 4.22663646304e-007, 1.34537700092e-007, 2.73607980716e-008, 9.24623222431e-009, 4.26646717955e-010, 1.36382238836e-010, 4.2732928307e-011, 1.87350691059e-013, 1.80085557333e-017, 2.36197966558e-020]
        max: [4.56828547613e-006, 0.000887046800926, 0.00260149617679, 0.00226133945398, 0.00733971456066, 0.00401622336358, 0.00316166272387, 0.00706279836595, 0.0076722279191, 0.00454012397677, 0.00292267277837, 0.00634421082214, 0.00326690077782, 0.0042353309691, 0.00527442712337, 0.00606317957863, 0.00734405685216, 0.00519050797448, 0.00778520666063, 0.00327067566104, 0.00136823777575, 0.00115033437032, 0.000347361783497, 0.000193656116608, 9.13340190891e-005, 6.92566800353e-006, 6.59486332211e-008, 1.07537978522e-009]
        mean: [3.43025192251e-007, 7.59752729209e-005, 0.000333611504175, 0.000202497074497, 0.000548394105863, 0.000221119436901, 0.000131449400214, 0.000221550813876, 0.00031071214471, 0.000135658789077, 8.95321863936e-005, 0.000162370648468, 0.000118214076792, 0.000134919057018, 0.000171531224623, 0.000284834270133, 0.000395346636651, 0.000374651630409, 0.000687771942466, 0.000487751356559, 0.000228431759751, 6.74472612445e-005, 1.12198376883e-005, 5.25696941622e-006, 3.4628751564e-006, 1.83812460364e-007, 1.64651314805e-009, 5.03403534136e-011]
        median: [4.44145058509e-008, 4.28557541454e-005, 0.000290738156764, 0.000149006766151, 0.000264900183538, 0.000121996170492, 7.28265295038e-005, 7.21013129805e-005, 0.000111825436761, 6.96630595485e-005, 4.31284133811e-005, 7.00450109434e-005, 4.9645495892e-005, 6.58017452224e-005, 7.93279759819e-005, 0.000186413933989, 0.000320138729876, 0.000304215907818, 0.000562606437597, 0.000443052267656, 0.000211627004319, 5.29395329067e-005, 6.69632891004e-006, 2.51899405157e-006, 1.71683427652e-006, 7.14443260108e-008, 6.29592822321e-010, 1.9200415563e-011]
        min: [3.86911198281e-019, 5.79236946253e-018, 1.5102425396e-017, 2.06209658157e-017, 3.86976200202e-017, 2.63589357453e-017, 4.71528087788e-017, 1.86571116557e-017, 4.69802026547e-018, 3.44054559222e-017, 2.56404516283e-017, 3.49586511549e-017, 5.00634935726e-018, 4.16926954344e-017, 2.88136223371e-017, 7.81772433565e-017, 4.6164956604e-017, 1.26956434803e-016, 1.97609477872e-016, 3.05717642889e-016, 4.02127409401e-016, 1.970374527e-016, 4.38409992905e-017, 1.64640622916e-017, 5.75900016944e-017, 2.92545596481e-018, 1.46158536163e-019, 2.6000742345e-021]
        var: [3.80843712686e-013, 9.62563451168e-009, 7.35314173994e-008, 3.92179799746e-008, 7.92526975602e-007, 9.39555206969e-008, 4.57787727726e-008, 2.06979507311e-007, 4.03752125067e-007, 5.19060137094e-008, 2.72864610906e-008, 8.79280861454e-008, 3.85312013407e-008, 4.98132983751e-008, 1.05482769186e-007, 1.55832168502e-007, 1.24843282379e-007, 1.08892315609e-007, 3.38145412115e-007, 1.13222228038e-007, 2.24494485224e-008, 5.07513586712e-009, 3.50119822023e-010, 1.41426315103e-010, 5.61499388652e-011, 2.03666036401e-013, 1.63365325478e-017, 6.34673227351e-021]
    mfcc:
        mean: [-696.300231934, 96.4538421631, -50.304397583, 53.1270866394, -15.7663211823, -6.37166547775, 1.93282413483, -2.5981118679, 3.05156111717, -4.69593858719, -2.8814368248, -6.30926847458, -4.18033695221]
        cov: [[6631.81396484, -282.891204834, -307.137878418, 1715.97741699, 264.890899658, 556.592468262, 179.371749878, -175.721420288, -260.521728516, -496.30569458, -289.046966553, -258.412445068, -227.697845459], [-282.891204834, 372.468933105, -118.960121155, -21.9293060303, -44.0025787354, 15.6852207184, 30.0709381104, 14.5776824951, 30.5540561676, 17.0489730835, 47.4340362549, 24.4457015991, 15.255982399], [-307.137878418, -118.960121155, 367.148681641, -39.1763305664, 80.8496170044, -20.7815189362, -32.8258132935, 9.54821872711, -34.1076965332, 5.71160745621, -23.3712863922, 5.68531608582, 19.8779449463], [1715.97741699, -21.9293060303, -39.1763305664, 784.077453613, 155.069107056, 176.913909912, 56.3045158386, -62.5854072571, -45.1384391785, -146.075241089, -104.045578003, -57.0601196289, -24.7394237518], [264.890899658, -44.0025787354, 80.8496170044, 155.069107056, 180.97807312, 70.2712402344, -12.887887001, -21.4000606537, -24.5941448212, -22.5823612213, -30.0977420807, -20.9017791748, -8.2686214447], [556.592468262, 15.6852207184, -20.7815189362, 176.913909912, 70.2712402344, 154.640579224, 61.6463088989, -10.5420017242, -37.3589363098, -54.0330581665, -20.9273471832, -17.2056045532, -25.8496227264], [179.371749878, 30.0709381104, -32.8258132935, 56.3045158386, -12.887887001, 61.6463088989, 123.640113831, 43.0881500244, -4.413438797, -26.531124115, 0.814314246178, 13.7433710098, -4.74504232407], [-175.721420288, 14.5776824951, 9.54821872711, -62.5854072571, -21.4000606537, -10.5420017242, 43.0881500244, 88.0766220093, 38.3296318054, 16.9610652924, 16.2081890106, 14.8696746826, 6.71455764771], [-260.521728516, 30.5540561676, -34.1076965332, -45.1384391785, -24.5941448212, -37.3589363098, -4.413438797, 38.3296318054, 102.759979248, 62.18176651, 26.5582065582, 14.5677928925, 17.0590400696], [-496.30569458, 17.0489730835, 5.71160745621, -146.075241089, -22.5823612213, -54.0330581665, -26.531124115, 16.9610652924, 62.18176651, 107.831642151, 54.9079627991, 20.6670589447, 13.3668336868], [-289.046966553, 47.4340362549, -23.3712863922, -104.045578003, -30.0977420807, -20.9273471832, 0.814314246178, 16.2081890106, 26.5582065582, 54.9079627991, 87.1350784302, 39.8279876709, 12.1728315353], [-258.412445068, 24.4457015991, 5.68531608582, -57.0601196289, -20.9017791748, -17.2056045532, 13.7433710098, 14.8696746826, 14.5677928925, 20.6670589447, 39.8279876709, 73.7817306519, 42.9308052063], [-227.697845459, 15.255982399, 19.8779449463, -24.7394237518, -8.2686214447, -25.8496227264, -4.74504232407, 6.71455764771, 17.0590400696, 13.3668336868, 12.1728315353, 42.9308052063, 80.4507293701]]
        icov: [[0.000595516117755, 0.00051789713325, 0.000386918603908, -0.00101382855792, 0.000433145149145, -0.000788130913861, 0.000205933756661, -0.000123764941236, 0.000309765688144, 0.000904126907699, -0.00047819307656, 0.000688661937602, 0.000482623145217], [0.00051789713325, 0.00373898842372, 0.00115574197844, -0.000826200644951, 0.000701769138686, -0.00136445125099, -3.83651677112e-005, -9.65369399637e-005, -0.000316758349072, 0.00119171163533, -0.00203062803484, 0.000812060723547, -0.000400280550821], [0.000386918603908, 0.00115574197844, 0.0042895055376, -0.000480105751194, -0.00169633608311, 0.000221449852688, 0.000886903202627, -0.00218836008571, 0.00287611573003, -0.00106230459642, 0.00118005461991, -0.000460770563222, -0.000565845926758], [-0.00101382855792, -0.000826200644951, -0.000480105751194, 0.00436778739095, -0.00220432714559, 9.29565430852e-005, -0.00128127622884, 0.00231728120707, -0.00303030456416, 0.00164428714197, 0.00132405548356, -0.0005363880191, -0.00126139144413], [0.000433145149145, 0.000701769138686, -0.00169633608311, -0.00220432714559, 0.0101524060592, -0.00561019266024, 0.00347981997766, -0.000909060006961, 0.00105365156196, -0.00182974943891, 0.000762563839089, 0.000753077794798, -8.05752060842e-005], [-0.000788130913861, -0.00136445125099, 0.000221449852688, 9.29565430852e-005, -0.00561019266024, 0.015770887956, -0.00739018479362, 0.00224503967911, 0.00118255720008, 0.00115161936264, -0.00156172923744, 0.000113122034236, 0.0016033075517], [0.000205933756661, -3.83651677112e-005, 0.000886903202627, -0.00128127622884, 0.00347981997766, -0.00739018479362, 0.0166788324714, -0.00957750808448, 0.00255789654329, 0.000378748285584, 0.00119467929471, -0.00418938696384, 0.00119267590344], [-0.000123764941236, -9.65369399637e-005, -0.00218836008571, 0.00231728120707, -0.000909060006961, 0.00224503967911, -0.00957750808448, 0.0215457305312, -0.010348495096, 0.00473786192015, -0.00217577675357, 0.000900510465726, 0.000441910087829], [0.000309765688144, -0.000316758349072, 0.00287611573003, -0.00303030456416, 0.00105365156196, 0.00118255720008, 0.00255789654329, -0.010348495096, 0.0231560412794, -0.0144872125238, 0.00342993438244, -0.000381179474061, -0.00202147779055], [0.000904126907699, 0.00119171163533, -0.00106230459642, 0.00164428714197, -0.00182974943891, 0.00115161936264, 0.000378748285584, 0.00473786192015, -0.0144872125238, 0.0292717032135, -0.0132591919973, 0.00413412833586, 0.000918506702874], [-0.00047819307656, -0.00203062803484, 0.00118005461991, 0.00132405548356, 0.000762563839089, -0.00156172923744, 0.00119467929471, -0.00217577675357, 0.00342993438244, -0.0132591919973, 0.0259307418019, -0.0129684796557, 0.00344841112383], [0.000688661937602, 0.000812060723547, -0.000460770563222, -0.0005363880191, 0.000753077794798, 0.000113122034236, -0.00418938696384, 0.000900510465726, -0.000381179474061, 0.00413412833586, -0.0129684796557, 0.0295733157545, -0.012889476493], [0.000482623145217, -0.000400280550821, -0.000565845926758, -0.00126139144413, -8.05752060842e-005, 0.0016033075517, 0.00119267590344, 0.000441910087829, -0.00202147779055, 0.000918506702874, 0.00344841112383, -0.012889476493, 0.0207965429872]]
    sccoeffs:
        dmean: [0.0558377243578, 0.0479643791914, 0.0387593358755, 0.0294432025403, 0.0197103694081, 0.0185665711761]
        dmean2: [0.0897432714701, 0.0795035213232, 0.0638892799616, 0.0487977974117, 0.0327230021358, 0.0294458419085]
        dvar: [0.00202347664163, 0.00138609274291, 0.000924281484913, 0.000539995438885, 0.000242555659497, 0.000307009526296]
        dvar2: [0.00524454005063, 0.00378925120458, 0.0024524689652, 0.00145786546636, 0.000658839475363, 0.00072908855509]
        max: [-0.327531576157, -0.460900723934, -0.468290627003, -0.597772240639, -0.669777154922, -0.57431101799]
        mean: [-0.632487237453, -0.75245642662, -0.778266310692, -0.793287038803, -0.799308121204, -0.739480555058]
        median: [-0.630754888058, -0.762168049812, -0.78834348917, -0.798216700554, -0.802141487598, -0.737131953239]
        min: [-0.942494273186, -0.966363608837, -0.960606575012, -0.953393220901, -0.965535640717, -0.918237268925]
        var: [0.007534051314, 0.00493959710002, 0.00382873625495, 0.00172152987216, 0.00071717199171, 0.0014090629993]
    scvalleys:
        dmean: [0.41117221117, 0.338892996311, 0.300705492496, 0.280599683523, 0.215248137712, 0.28772982955]
        dmean2: [0.666583478451, 0.561889648438, 0.496782660484, 0.459654539824, 0.350075185299, 0.452484369278]
        dvar: [0.119420558214, 0.080981887877, 0.0674204602838, 0.0664896517992, 0.0539557896554, 0.113990984857]
        dvar2: [0.281036227942, 0.202854678035, 0.156812548637, 0.149335354567, 0.113633520901, 0.259712576866]
        max: [-5.27589607239, -5.01630210876, -5.224401474, -5.56963300705, -5.53455781937, -7.31490468979]
        mean: [-7.07048273087, -6.60858011246, -6.81950521469, -7.06647539139, -6.7315735817, -9.6450920105]
        median: [-6.85574531555, -6.42363548279, -6.67907428741, -6.87212562561, -6.41761541367, -9.32395839691]
        min: [-20.7644939423, -20.2797088623, -20.6876907349, -20.9323787689, -20.6214179993, -21.8467750549]
        var: [1.27234637737, 0.754232943058, 0.591099500656, 0.791207075119, 1.35042309761, 2.18131923676]

rhythm:
    beats_loudness:
        dmean: 0.00215282267891
        dmean2: 0.00405025202781
        dvar: 3.04865716316e-006
        dvar2: 9.73602254817e-006
        max: 0.0118980379775
        mean: 0.00621509272605
        median: 0.00676653627306
        min: 3.34004980687e-005
        var: 7.62467107052e-006
    bpm: 119.941955566
    bpm_confidence: 0
    first_peak_bpm: 120
    first_peak_spread: 0.228260859847
    first_peak_weight: 0.658932685852
    onset_rate: 2.44249033928
    second_peak_bpm: 115
    second_peak_spread: 0.285714238882
    second_peak_weight: 0.0464037135243
    beats_loudness_band_ratio:
        dmean: [0.123926639557, 0.200696051121, 0.0876436159015, 0.0730970203876, 0.104284949601, 0.0717092901468]
        dmean2: [0.227332860231, 0.387312144041, 0.15191257, 0.130759567022, 0.186863139272, 0.126833111048]
        dvar: [0.00942511577159, 0.0213359929621, 0.0111373607069, 0.00704474467784, 0.00997132342309, 0.00483506172895]
        dvar2: [0.0289099849761, 0.0728979259729, 0.0295619014651, 0.020707000047, 0.0317711085081, 0.0150280008093]
        max: [0.820736944675, 0.609355568886, 0.952486693859, 0.47440096736, 0.604219317436, 0.582898914814]
        mean: [0.23423576355, 0.226592630148, 0.161629498005, 0.0972441136837, 0.201164603233, 0.198291286826]
        median: [0.238803640008, 0.185793295503, 0.0935067385435, 0.0639802366495, 0.180566176772, 0.196649551392]
        min: [0.000101641431684, 0.00011463562987, 0.00556856300682, 0.012452150695, 0.00394743913785, 0.000520527595654]
        var: [0.0191539674997, 0.0310468226671, 0.0364804379642, 0.00781189324334, 0.0120442444459, 0.00833260640502]
    beats_position: [0.510838985443, 1.03328800201, 1.55573689938, 2.06657600403, 2.56580495834, 3.06503391266, 3.56426286697, 4.06349182129, 4.57433080673, 5.08516979218, 5.60761880875, 6.13006782532, 6.66412687302, 7.19818592072, 7.74385452271, 8.27791404724, 8.80036258698, 9.31120204926, 9.82204055786, 10.321269989, 10.8204984665, 11.3197278976, 11.8189563751, 12.3181858063, 12.8174142838, 13.3166437149, 13.8158731461, 14.3151016235, 14.8143310547, 15.3135595322, 15.8127889633, 16.3120174408, 16.8112468719, 17.3220863342, 17.8213157654, 18.3205432892, 18.8197727203, 19.3190021515, 19.8182315826, 20.3174591064, 20.8166885376, 21.3159179688, 21.8383674622, 22.3724250793, 22.918094635, 23.4521541595, 23.9862117767, 24.5318813324, 25.0543308258, 25.5651702881, 26.0643978119, 26.563627243, 27.0628566742, 27.5620861053, 28.0613155365, 28.5605430603, 29.0597724915, 29.5590019226, 30.0582313538, 30.5574588776, 31.0566883087, 31.5559177399, 32.0551452637, 32.5775947571, 33.0768241882, 33.5760536194, 34.0752830505, 34.5745124817, 35.0737419128, 35.572971344, 36.0722007751, 36.5714263916, 37.059047699, 37.5582771301, 38.0575065613, 38.5567321777, 39.0559616089, 39.55519104, 40.0544204712, 40.5652618408, 41.0644874573, 41.5637168884, 42.0513381958, 42.5621757507, 43.0614051819, 43.560634613, 44.0598640442, 44.5590934753, 45.0583229065, 45.5575485229, 46.0451698303, 46.5560073853, 47.0552368164, 47.5660743713, 48.0653038025, 48.5645332336, 49.0637626648, 49.5629920959, 50.0622215271, 50.5614509583, 51.0606803894, 51.5599098206, 52.0591392517, 52.5699768066, 53.0692062378, 53.5684356689, 54.0676651001, 54.5668907166, 55.0661201477, 55.5653495789, 56.06457901, 56.5638084412, 57.0630378723, 57.5622673035, 58.0498847961, 58.5491142273, 59.0483436584, 59.5591812134, 60.0584106445, 60.5576400757, 61.0568695068, 61.556098938, 62.0553283691, 62.5545578003, 63.0537872314, 63.5414047241, 64.0406341553, 64.5398635864, 65.0507049561, 65.5499343872, 66.049156189, 66.5599975586, 67.0592269897, 67.5584564209, 68.0576858521, 68.5569152832, 69.0561447144, 69.5553741455, 70.0546035767, 70.5538330078, 71.053062439, 71.5522918701, 72.0515213013, 72.5623550415, 73.0615844727, 73.5608139038, 74.060043335, 74.5592727661, 75.0585021973, 75.5577316284, 76.0569610596, 76.5561904907, 77.0554199219, 77.5662536621, 78.0654830933, 78.5647125244, 79.0639419556, 79.5515594482, 80.0507888794, 80.561630249, 81.0608596802, 81.5717010498, 82.0593185425, 82.5585479736, 83.0577774048, 83.5686187744, 84.0678405762, 84.5670700073, 85.0662994385, 85.5655288696, 86.0647583008, 86.5639877319, 87.0632171631, 87.5624465942, 88.0616760254, 88.5609054565, 89.0717468262, 89.5593643188, 90.0469818115, 90.5578231812, 91.0686569214, 91.5678863525, 92.0671157837, 92.5663452148, 93.065574646, 93.5648040771, 94.0640335083, 94.5632629395, 95.0624923706, 95.5617218018, 96.0609512329, 96.5601806641, 97.0594100952, 97.5586395264, 98.046257019, 98.5570983887, 99.0679321289, 99.5671615601, 100.054779053, 100.565620422, 101.064849854, 101.564079285, 102.063308716, 102.562538147, 103.05015564, 103.549385071, 104.048614502, 104.559455872, 105.058685303, 105.557914734, 106.057144165, 106.556373596, 107.043991089, 107.554824829, 108.05405426, 108.56489563, 109.064125061, 109.574966431, 110.074195862, 110.573425293, 111.072654724, 111.571876526, 112.071105957, 112.570335388, 113.069564819, 113.557182312, 114.056411743, 114.555641174, 115.054870605, 115.554100037, 116.053329468, 116.564170837, 117.063400269, 117.5626297, 118.050247192, 118.549476624, 119.048706055, 119.559547424, 120.058776855, 120.557998657, 121.057228088, 121.55645752, 122.055686951, 122.554916382, 123.042533875, 123.553375244, 124.052604675, 124.551834106, 125.062675476, 125.573509216, 126.072738647, 126.571968079, 127.082809448, 127.593650818, 128.116104126, 128.638549805, 129.172607422, 129.706665039, 130.229110718, 130.751556396, 131.274017334, 131.796463013, 132.307296753, 132.818145752, 133.317367554, 133.816589355, 134.315826416, 134.815048218, 135.325897217, 135.825119019, 136.324356079, 136.823577881, 137.322814941, 137.822036743, 138.321273804, 138.820495605, 139.319732666, 139.830566406, 140.329788208, 140.829025269, 141.32824707, 141.827484131, 142.326705933, 142.825942993, 143.325164795, 143.824401855, 144.323623657, 144.822860718, 145.310470581, 145.809707642, 146.308929443, 146.808166504, 147.307388306, 147.806625366, 148.305847168, 148.816680908, 149.315917969, 149.815139771, 150.32598877, 150.825210571, 151.324447632, 151.823669434, 152.322906494, 152.822128296, 153.321365356, 153.820587158, 154.31980896, 154.819046021, 155.306671143, 155.805892944, 156.305114746, 156.815963745, 157.315185547, 157.802810669, 158.302032471, 158.81288147, 159.312103271, 159.811340332, 160.310562134, 160.809799194, 161.309020996, 161.819854736, 162.342315674, 162.864761353, 163.387207031, 163.932876587, 164.478546143, 165.000991821, 165.5234375, 166.045898438, 166.556732178, 167.055953979, 167.55519104, 168.054412842, 168.565261841, 169.064483643, 169.563720703, 170.062942505, 170.562179565, 171.061401367, 171.560638428, 172.059860229, 172.55909729, 173.058319092, 173.557540894, 174.056777954, 174.555999756, 175.055236816, 175.566070557, 176.065307617, 176.564529419, 177.052154541, 177.562988281, 178.062225342, 178.561447144, 179.060684204, 179.559906006, 180.047531128, 180.558364868, 181.05758667, 181.55682373, 182.056045532, 182.555282593, 183.054504395, 183.553741455, 184.064575195, 184.575408936, 185.074645996, 185.573867798, 186.073104858, 186.57232666, 187.071563721, 187.570785522, 188.058410645, 188.557632446, 189.056869507, 189.567703247, 190.066940308, 190.566162109, 191.06539917, 191.564620972, 192.052246094, 192.539855957, 193.027481079, 193.538314819, 194.049163818, 194.559997559, 195.05921936, 195.558456421, 196.057678223, 196.429199219, 196.800720215, 197.183853149, 197.555374146, 197.926895142, 198.310012817, 198.693145752, 199.076278687, 199.459411621, 199.842529297, 200.23727417, 200.632019043, 201.026748657, 201.409881592, 201.804626465, 202.187744141, 202.559265137, 202.942398071, 203.313919067, 203.685440063, 204.05696106, 204.428482056, 204.800003052, 205.183120728, 205.566253662, 205.937774658, 206.320907593, 206.727249146, 207.145217896, 207.563171387, 208.074005127, 208.573242188, 209.072463989, 209.57170105, 210.070922852, 210.570159912, 211.069381714, 211.568618774, 212.067840576, 212.567077637, 213.066299438, 213.577133179]
