
metadata:
    version:
        essentia: "2.1-beta2"
    audio_properties:
        analysis_sample_rate: 44100
        bitrate: 320
        channels: 2
        equal_loudness: 1
        length: 177.188568115
        replay_gain: -14.3866024017
        downmix: "mix"
    tags:
        album: "Wretched & Divine: The Story Of The Wild Ones"
        artist: "Black Veil Brides"
        comment: ""
        date: "2013"
        genre: "Metal"
        title: "Devil`s Choir"
        tracknumber: "8/19"

configuration:
    average_loudness:
        compute: 1
        frameSize: 88200
        hopSize: 44100
        silentFrames: "noise"
        windowType: "hann"
    general:
        analysisSampleRate: 44100
        endTime: 2000
        equalLoudness: 1
        nequalLoudness: 0
        shortSound: 0
        startTime: 0
    lowlevel:
        compute: 1
        frameSize: 2048
        hopSize: 1024
        zeroPadding: 0
        silentFrames: "noise"
        windowType: "blackmanharris62"
        mfccStats: ["mean", "cov", "icov"]
        stats: ["mean", "var", "median", "min", "max", "dmean", "dmean2", "dvar", "dvar2"]
    panning:
        compute: 0
        frameSize: 8192
        hopSize: 2048
        zeroPadding: 8192
        silentFrames: "noise"
        windowType: "hann"
        stats: ["copy"]
    rhythm:
        compute: 1
        maxTempo: 208
        minTempo: 40
        method: "degara"
        stats: ["mean", "var", "median", "min", "max", "dmean", "dmean2", "dvar", "dvar2"]
    segmentation:
        compute: 0
        cpw: 5
        inc1: 300
        inc2: 50
        minimumSegmentsLength: 10
        size1: 1000
        size2: 600
    sfx:
        compute: 1
        stats: ["mean", "var", "median", "min", "max", "dmean", "dmean2", "dvar", "dvar2"]
    svm:
        compute: 0
    tonal:
        compute: 1
        frameSize: 4096
        hopSize: 2048
        zeroPadding: 0
        silentFrames: "noise"
        windowType: "blackmanharris62"
        stats: ["mean", "var", "median", "min", "max", "dmean", "dmean2", "dvar", "dvar2"]

lowlevel:
    average_loudness: 0.949788033962
    barkbands_kurtosis:
        dmean: 0.577678859234
        dmean2: 0.951749920845
        dvar: 0.824914991856
        dvar2: 1.75106716156
        max: 27.5174045563
        mean: -0.855096518993
        median: -1.18811964989
        min: -1.85266578197
        var: 1.43472075462
    barkbands_skewness:
        dmean: 0.406979858875
        dmean2: 0.647352218628
        dvar: 0.129363238811
        dvar2: 0.315605551004
        max: 4.35959720612
        mean: -0.278932332993
        median: -0.325680494308
        min: -4.0773859024
        var: 0.442338824272
    barkbands_spread:
        dmean: 5.30425834656
        dmean2: 8.57866287231
        dvar: 22.2031517029
        dvar2: 55.6538085938
        max: 75.895324707
        mean: 34.9874916077
        median: 35.5782928467
        min: 2.73950815201
        var: 90.7727050781
    dissonance:
        dmean: 0.0104139922187
        dmean2: 0.0175912100822
        dvar: 0.000115732065751
        dvar2: 0.000323009124259
        max: 0.5
        mean: 0.482160776854
        median: 0.485230445862
        min: 0.308540076017
        var: 0.000190522579942
    hfc:
        dmean: 2.73020029068
        dmean2: 4.40449333191
        dvar: 9.00643444061
        dvar2: 22.8813457489
        max: 51.6505889893
        mean: 10.531414032
        median: 9.92706108093
        min: 1.93863513838e-014
        var: 32.5896263123
    pitch:
        dmean: 1054.28039551
        dmean2: 2030.08886719
        dvar: 1982899.125
        dvar2: 4569709
        max: 5241.46875
        mean: 1605.95812988
        median: 494.824737549
        min: 52.5497894287
        var: 2535663.25
    pitch_instantaneous_confidence:
        dmean: 0.0851980298758
        dmean2: 0.138625562191
        dvar: 0.00516378646716
        dvar2: 0.0126862153411
        max: 0.947990357876
        mean: 0.381397634745
        median: 0.363777011633
        min: 0.0612839460373
        var: 0.0171938110143
    pitch_salience:
        dmean: 0.0582156293094
        dmean2: 0.0967601537704
        dvar: 0.00264888815582
        dvar2: 0.00716101424769
        max: 0.976993620396
        mean: 0.660079836845
        median: 0.673199653625
        min: 0.182166978717
        var: 0.00652638450265
    silence_rate_20dB:
        dmean: 0
        dmean2: 0
        dvar: 0
        dvar2: 0
        max: 1
        mean: 1
        median: 1
        min: 1
        var: 0
    silence_rate_30dB:
        dmean: 0
        dmean2: 0
        dvar: 0
        dvar2: 0
        max: 1
        mean: 1
        median: 1
        min: 1
        var: 0
    silence_rate_60dB:
        dmean: 0.0584458112717
        dmean2: 0.116775885224
        dvar: 0.0550319328904
        dvar2: 0.12488168478
        max: 1
        mean: 0.15487422049
        median: 0
        min: 0
        var: 0.130888342857
    spectral_centroid:
        dmean: 289.241516113
        dmean2: 465.75958252
        dvar: 65437.2070313
        dvar2: 165453.84375
        max: 4470.46972656
        mean: 1950.64587402
        median: 1977.71191406
        min: 182.880523682
        var: 229464.6875
    spectral_complexity:
        dmean: 4.12947177887
        dmean2: 6.72712993622
        dvar: 14.4044427872
        dvar2: 36.9611663818
        max: 48
        mean: 19.6895961761
        median: 20
        min: 0
        var: 77.6661376953
    spectral_crest:
        dmean: 2.03789782524
        dmean2: 3.43200993538
        dvar: 4.22190713882
        dvar2: 11.5129985809
        max: 24.1838130951
        mean: 6.44272661209
        median: 5.70108366013
        min: 2.38411188126
        var: 7.67061662674
    spectral_decrease:
        dmean: 2.71371036753e-010
        dmean2: 4.3872339095e-010
        dvar: 9.07642667935e-020
        dvar2: 2.27159796982e-019
        max: -2.76055562895e-023
        mean: -1.1546353873e-009
        median: -1.09258990744e-009
        min: -3.87848553274e-009
        var: 2.8040848909e-019
    spectral_energy:
        dmean: 0.00122106412891
        dmean2: 0.00196188827977
        dvar: 1.75664183644e-006
        dvar2: 4.39237373939e-006
        max: 0.0171688273549
        mean: 0.00531309749931
        median: 0.00506560318172
        min: 1.05948277323e-016
        var: 5.96971176492e-006
    spectral_energyband_high:
        dmean: 0.00017392791051
        dmean2: 0.000292174343485
        dvar: 5.66789886136e-008
        dvar2: 1.49499300051e-007
        max: 0.0050519714132
        mean: 0.000473552878248
        median: 0.000416090304498
        min: 4.69891424092e-019
        var: 1.26029618741e-007
    spectral_energyband_low:
        dmean: 0.000204214069527
        dmean2: 0.000352364644641
        dvar: 7.62874350357e-008
        dvar2: 2.20056207922e-007
        max: 0.00300337304361
        mean: 0.000432039349107
        median: 0.00038278644206
        min: 7.90518776665e-017
        var: 9.57979864324e-008
    spectral_energyband_middle_high:
        dmean: 0.000835193553939
        dmean2: 0.00132583430968
        dvar: 7.31486920813e-007
        dvar2: 1.75470938757e-006
        max: 0.0120377857238
        mean: 0.00299432175234
        median: 0.00270609464496
        min: 2.03934948696e-018
        var: 3.12562815452e-006
    spectral_energyband_middle_low:
        dmean: 0.00066980678821
        dmean2: 0.00110542797484
        dvar: 8.83141012764e-007
        dvar2: 2.29156739806e-006
        max: 0.00996642094105
        mean: 0.00152428494766
        median: 0.00126051728148
        min: 2.54483438941e-017
        var: 1.32977243084e-006
    spectral_flatness_db:
        dmean: 0.0144965695217
        dmean2: 0.0227028690279
        dvar: 0.000180170827662
        dvar2: 0.000435635767644
        max: 0.321118026972
        mean: 0.140372872353
        median: 0.136066094041
        min: 0.048031847924
        var: 0.000967002881225
    spectral_flux:
        dmean: 0.00707944482565
        dmean2: 0.0109505169094
        dvar: 4.75786691823e-005
        dvar2: 0.000103358950582
        max: 0.108064636588
        mean: 0.0439712554216
        median: 0.0437830351293
        min: 7.91440324974e-005
        var: 0.000198445806745
    spectral_kurtosis:
        dmean: 0.952790558338
        dmean2: 1.59221696854
        dvar: 0.91610199213
        dvar2: 2.57607746124
        max: 17.7274513245
        mean: 3.52154278755
        median: 3.36490678787
        min: -1.02598702908
        var: 2.73915266991
    spectral_rms:
        dmean: 0.00025285515585
        dmean2: 0.000402154255426
        dvar: 6.0299356619e-008
        dvar2: 1.48186231286e-007
        max: 0.00409268541262
        mean: 0.00219772220589
        median: 0.00222307257354
        min: 3.21502990897e-010
        var: 3.53547079612e-007
    spectral_rolloff:
        dmean: 277.038360596
        dmean2: 459.21081543
        dvar: 131115.265625
        dvar2: 308455.15625
        max: 7881.15234375
        mean: 3554.38500977
        median: 3617.578125
        min: 172.265625
        var: 333328.46875
    spectral_skewness:
        dmean: 0.14691773057
        dmean2: 0.235002711415
        dvar: 0.0176122002304
        dvar2: 0.0442012809217
        max: 2.82416367531
        mean: 1.25510311127
        median: 1.24999880791
        min: 0.179209813476
        var: 0.0830468535423
    spectral_spread:
        dmean: 468963.78125
        dmean2: 669944.875
        dvar: 362627596288
        dvar2: 565951135744
        max: 27565024
        mean: 4481152.5
        median: 4226368
        min: 1879801.875
        var: 1.86210582528e+012
    spectral_strongpeak:
        dmean: 0.711926460266
        dmean2: 1.24898004532
        dvar: 0.972723603249
        dvar2: 2.54792690277
        max: 8.09611129761
        mean: 0.885436952114
        median: 0.373559802771
        min: 0
        var: 1.31748604774
    zerocrossingrate:
        dmean: 0.00798948667943
        dmean2: 0.00992209278047
        dvar: 5.98649894528e-005
        dvar2: 8.74744655448e-005
        max: 0.35791015625
        mean: 0.108709946275
        median: 0.10986328125
        min: 0.0263671875
        var: 0.000415769318352
    barkbands:
        dmean: [1.82860731002e-007, 6.19374186499e-005, 0.000134513582452, 0.000108915293822, 0.000414463138441, 0.000147376587847, 0.000122366269352, 0.000134597663418, 0.000107588202809, 7.54790380597e-005, 7.32436965336e-005, 9.97109091259e-005, 7.76071392465e-005, 0.000105607199657, 0.000111054505396, 0.000134349102154, 0.00018863294099, 0.000188221572898, 0.000355084222974, 0.00021573837148, 7.89300829638e-005, 3.05924804707e-005, 6.2794679252e-006, 2.89562694888e-006, 1.88128660739e-006, 6.52295426562e-008, 4.9245230116e-010]
        dmean2: [3.27513049569e-007, 0.00010739465506, 0.000232291014981, 0.000183254000149, 0.000709290674422, 0.000242944195634, 0.000203838062589, 0.00021198768809, 0.000176475587068, 0.000122872545035, 0.000116316907224, 0.000161748495884, 0.000126181665109, 0.000170860948856, 0.000177545633051, 0.000222439994104, 0.000310741364956, 0.000308998540277, 0.000575159443542, 0.000364356354112, 0.000132897941512, 5.21711153851e-005, 9.78405842034e-006, 4.24235577157e-006, 2.66530923909e-006, 9.67466888824e-008, 8.26945789623e-010]
        dvar: [1.53797263011e-013, 1.3173905522e-008, 3.25804343504e-008, 1.77248562494e-008, 6.87723513693e-007, 5.42398765901e-008, 4.37382823293e-008, 9.39017255064e-008, 4.07166886873e-008, 2.38231692151e-008, 1.66597367013e-008, 4.15156442557e-008, 2.11526067773e-008, 3.11640206974e-008, 6.00857319455e-008, 3.8009286385e-008, 5.66087230425e-008, 6.11340169598e-008, 1.91809576222e-007, 6.71189255286e-008, 9.49460066124e-009, 2.14166928636e-009, 1.7927753726e-010, 6.45513295594e-011, 3.21087115229e-011, 2.74921026293e-014, 6.4833134282e-019]
        dvar2: [4.52869729564e-013, 3.67712722493e-008, 9.44410842862e-008, 4.76254058412e-008, 1.83875590665e-006, 1.39378428798e-007, 1.20668673276e-007, 2.19630109655e-007, 1.01380969397e-007, 5.85000883291e-008, 3.89124394928e-008, 1.01913421702e-007, 5.32490993521e-008, 7.64065433145e-008, 1.48457075966e-007, 9.79584982019e-008, 1.4698753148e-007, 1.51320577402e-007, 4.82774225929e-007, 1.76981799882e-007, 2.49081821835e-008, 5.7941931253e-009, 3.84059201108e-010, 1.15537572565e-010, 5.73435084139e-011, 5.53598779231e-014, 1.67333871291e-018]
        max: [2.78636707662e-006, 0.00109944015276, 0.00207924516872, 0.00193365383893, 0.00742276804522, 0.00382270314731, 0.00354240718298, 0.00654175924137, 0.00446028914303, 0.00544897606596, 0.00271617202088, 0.00452739279717, 0.00266909692436, 0.00346552953124, 0.00661394093186, 0.00393059989437, 0.00369996973313, 0.00538293737918, 0.00710894772783, 0.0047026197426, 0.0020637717098, 0.000957134121563, 0.000283156259684, 0.000175734268851, 0.000121568737086, 3.8499783841e-006, 1.6031169281e-008]
        mean: [1.63689676924e-007, 8.98610960576e-005, 0.000258703366853, 0.000163229953614, 0.000491140468512, 0.00023324022186, 0.000199919333681, 0.000218994100578, 0.000189638449228, 0.000122342346003, 0.000127038612845, 0.000156530310051, 0.000122071724036, 0.000171854029759, 0.000181291936315, 0.000257504289038, 0.000380550831323, 0.000372012145817, 0.000782930990681, 0.000507917313371, 0.000201399423531, 6.27875560895e-005, 1.27030516524e-005, 5.66223752685e-006, 3.49798506249e-006, 1.12061258051e-007, 6.07811523334e-010]
        median: [2.3294298046e-008, 5.9087324189e-005, 0.000216130458284, 0.00011306804663, 0.000236295920331, 0.000141246302519, 0.000110056709673, 7.41577387089e-005, 0.000112255358545, 5.92723663431e-005, 6.40226862743e-005, 7.24916681065e-005, 5.97553589614e-005, 9.20503225643e-005, 8.75065597938e-005, 0.000183245225344, 0.000296599522699, 0.000279606232652, 0.000624794629402, 0.000440727511887, 0.000175898254383, 4.7458215704e-005, 6.11650511928e-006, 1.87121895578e-006, 1.18163222851e-006, 4.59572682132e-008, 3.16225906571e-010]
        min: [1.51043841597e-017, 3.6254327014e-017, 2.66795162091e-017, 1.32707546978e-017, 7.65773949881e-018, 1.98874712657e-018, 1.06856556378e-018, 6.87574962428e-019, 6.35968146288e-019, 4.28524742043e-019, 3.07353173761e-019, 2.85594653037e-019, 2.304763001e-019, 1.87205215637e-019, 1.63234697633e-019, 1.40136764702e-019, 1.18719921269e-019, 1.08027674811e-019, 9.85460136425e-020, 8.6527467083e-020, 8.08860177572e-020, 6.88362192802e-020, 5.83282273039e-020, 5.59274389735e-020, 5.41047303379e-020, 5.39179038417e-020, 5.76440713891e-020]
        var: [1.22427892477e-013, 1.2391891957e-008, 4.55154065548e-008, 2.78559042499e-008, 6.31986154076e-007, 9.04448071992e-008, 7.74532082914e-008, 2.28052670082e-007, 7.2361160619e-008, 4.9485624487e-008, 3.45728459195e-008, 7.55074367476e-008, 3.62781413799e-008, 5.92255275933e-008, 1.06407973988e-007, 8.22802945777e-008, 1.16096991576e-007, 1.21165740552e-007, 4.70550844511e-007, 1.47752217572e-007, 2.29689760545e-008, 3.65419361437e-009, 6.07738859237e-010, 2.01371710973e-010, 8.34669069971e-011, 6.3438207324e-014, 8.26260219025e-019]
    frequency_bands:
        dmean: [1.82860731002e-007, 6.19374186499e-005, 0.000134513582452, 0.000108915293822, 0.000414463138441, 0.000147376587847, 0.000122366269352, 0.000134597663418, 0.000107588202809, 7.54790380597e-005, 7.32436965336e-005, 9.97109091259e-005, 7.76071392465e-005, 0.000105607199657, 0.000111054505396, 0.000134349102154, 0.00018863294099, 0.000188221572898, 0.000355084222974, 0.00021573837148, 7.89300829638e-005, 3.05924804707e-005, 6.2794679252e-006, 2.89562694888e-006, 1.88128660739e-006, 6.52295426562e-008, 4.9245230116e-010, 6.44441930375e-011]
        dmean2: [3.27513049569e-007, 0.00010739465506, 0.000232291014981, 0.000183254000149, 0.000709290674422, 0.000242944195634, 0.000203838062589, 0.00021198768809, 0.000176475587068, 0.000122872545035, 0.000116316907224, 0.000161748495884, 0.000126181665109, 0.000170860948856, 0.000177545633051, 0.000222439994104, 0.000310741364956, 0.000308998540277, 0.000575159443542, 0.000364356354112, 0.000132897941512, 5.21711153851e-005, 9.78405842034e-006, 4.24235577157e-006, 2.66530923909e-006, 9.67466888824e-008, 8.26945789623e-010, 1.20083901156e-010]
        dvar: [1.53797263011e-013, 1.3173905522e-008, 3.25804343504e-008, 1.77248562494e-008, 6.87723513693e-007, 5.42398765901e-008, 4.37382823293e-008, 9.39017255064e-008, 4.07166886873e-008, 2.38231692151e-008, 1.66597367013e-008, 4.15156442557e-008, 2.11526067773e-008, 3.11640206974e-008, 6.00857319455e-008, 3.8009286385e-008, 5.66087230425e-008, 6.11340169598e-008, 1.91809576222e-007, 6.71189255286e-008, 9.49460066124e-009, 2.14166928636e-009, 1.7927753726e-010, 6.45513295594e-011, 3.21087115229e-011, 2.74921026293e-014, 6.4833134282e-019, 7.5873569817e-021]
        dvar2: [4.52869729564e-013, 3.67712722493e-008, 9.44410842862e-008, 4.76254058412e-008, 1.83875590665e-006, 1.39378428798e-007, 1.20668673276e-007, 2.19630109655e-007, 1.01380969397e-007, 5.85000883291e-008, 3.89124394928e-008, 1.01913421702e-007, 5.32490993521e-008, 7.64065433145e-008, 1.48457075966e-007, 9.79584982019e-008, 1.4698753148e-007, 1.51320577402e-007, 4.82774225929e-007, 1.76981799882e-007, 2.49081821835e-008, 5.7941931253e-009, 3.84059201108e-010, 1.15537572565e-010, 5.73435084139e-011, 5.53598779231e-014, 1.67333871291e-018, 2.39659652798e-020]
        max: [2.78636707662e-006, 0.00109944015276, 0.00207924516872, 0.00193365383893, 0.00742276804522, 0.00382270314731, 0.00354240718298, 0.00654175924137, 0.00446028914303, 0.00544897606596, 0.00271617202088, 0.00452739279717, 0.00266909692436, 0.00346552953124, 0.00661394093186, 0.00393059989437, 0.00369996973313, 0.00538293737918, 0.00710894772783, 0.0047026197426, 0.0020637717098, 0.000957134121563, 0.000283156259684, 0.000175734268851, 0.000121568737086, 3.8499783841e-006, 1.6031169281e-008, 1.06201658578e-009]
        mean: [1.63689676924e-007, 8.98610960576e-005, 0.000258703366853, 0.000163229953614, 0.000491140468512, 0.00023324022186, 0.000199919333681, 0.000218994100578, 0.000189638449228, 0.000122342346003, 0.000127038612845, 0.000156530310051, 0.000122071724036, 0.000171854029759, 0.000181291936315, 0.000257504289038, 0.000380550831323, 0.000372012145817, 0.000782930990681, 0.000507917313371, 0.000201399423531, 6.27875560895e-005, 1.27030516524e-005, 5.66223752685e-006, 3.49798506249e-006, 1.12061258051e-007, 6.07811523334e-010, 5.00571251116e-011]
        median: [2.3294298046e-008, 5.9087324189e-005, 0.000216130458284, 0.00011306804663, 0.000236295920331, 0.000141246302519, 0.000110056709673, 7.41577387089e-005, 0.000112255358545, 5.92723663431e-005, 6.40226862743e-005, 7.24916681065e-005, 5.97553589614e-005, 9.20503225643e-005, 8.75065597938e-005, 0.000183245225344, 0.000296599522699, 0.000279606232652, 0.000624794629402, 0.000440727511887, 0.000175898254383, 4.7458215704e-005, 6.11650511928e-006, 1.87121895578e-006, 1.18163222851e-006, 4.59572682132e-008, 3.16225906571e-010, 1.99016116087e-011]
        min: [1.51043841597e-017, 3.6254327014e-017, 2.66795162091e-017, 1.32707546978e-017, 7.65773949881e-018, 1.98874712657e-018, 1.06856556378e-018, 6.87574962428e-019, 6.35968146288e-019, 4.28524742043e-019, 3.07353173761e-019, 2.85594653037e-019, 2.304763001e-019, 1.87205215637e-019, 1.63234697633e-019, 1.40136764702e-019, 1.18719921269e-019, 1.08027674811e-019, 9.85460136425e-020, 8.6527467083e-020, 8.08860177572e-020, 6.88362192802e-020, 5.83282273039e-020, 5.59274389735e-020, 5.41047303379e-020, 5.39179038417e-020, 5.76440713891e-020, 1.66694180212e-020]
        var: [1.22427892477e-013, 1.2391891957e-008, 4.55154065548e-008, 2.78559042499e-008, 6.31986154076e-007, 9.04448071992e-008, 7.74532082914e-008, 2.28052670082e-007, 7.2361160619e-008, 4.9485624487e-008, 3.45728459195e-008, 7.55074367476e-008, 3.62781413799e-008, 5.92255275933e-008, 1.06407973988e-007, 8.22802945777e-008, 1.16096991576e-007, 1.21165740552e-007, 4.70550844511e-007, 1.47752217572e-007, 2.29689760545e-008, 3.65419361437e-009, 6.07738859237e-010, 2.01371710973e-010, 8.34669069971e-011, 6.3438207324e-014, 8.26260219025e-019, 6.15015611289e-021]
    mfcc:
        mean: [-692.302185059, 98.8729858398, -55.78358078, 57.6732902527, -16.3952636719, -3.69132328033, 0.984947502613, -4.38136148453, -0.833786547184, -5.39621925354, -1.86590576172, -7.04952478409, -1.9677990675]
        cov: [[4942.11767578, 429.572631836, -121.087516785, 457.128356934, -83.532989502, 45.4601898193, -58.1268768311, -64.278755188, -17.02277565, 12.5499801636, 28.8504219055, 34.7397193909, 22.622467041], [429.572631836, 701.334899902, -222.829956055, 261.160583496, -48.6486434937, 28.5259094238, 12.4116268158, -17.3905944824, 32.6862831116, -28.1383495331, 65.0126724243, 9.47434997559, 12.2881231308], [-121.087516785, -222.829956055, 524.493286133, -8.73366546631, 128.009155273, 26.3087062836, -11.6763496399, 19.3724536896, -11.2726716995, 13.4359989166, -49.0514259338, 20.1435585022, 8.73867988586], [457.128356934, 261.160583496, -8.73366546631, 366.476623535, 50.5119590759, 30.626619339, -12.7695617676, -14.8875207901, 53.8951416016, 4.88421297073, 13.5043315887, 6.40443134308, 27.1986255646], [-83.532989502, -48.6486434937, 128.009155273, 50.5119590759, 172.658203125, 51.6144218445, -15.5042972565, -5.50907945633, 6.02923727036, 14.6105442047, -21.7834625244, -5.28198337555, 6.09225559235], [45.4601898193, 28.5259094238, 26.3087062836, 30.626619339, 51.6144218445, 116.907875061, 34.1851387024, 5.03242063522, 2.48144626617, -0.593871057034, 0.104383505881, 2.26371049881, -3.60315203667], [-58.1268768311, 12.4116268158, -11.6763496399, -12.7695617676, -15.5042972565, 34.1851387024, 107.755592346, 47.0188751221, 12.9793224335, -2.89885377884, 6.63873672485, 15.9089736938, 3.91486644745], [-64.278755188, -17.3905944824, 19.3724536896, -14.8875207901, -5.50907945633, 5.03242063522, 47.0188751221, 80.3165130615, 28.4987239838, 2.38177514076, 2.26606583595, 8.46025085449, 6.04232978821], [-17.02277565, 32.6862831116, -11.2726716995, 53.8951416016, 6.02923727036, 2.48144626617, 12.9793224335, 28.4987239838, 85.640586853, 30.1472206116, 8.13361263275, 7.2042798996, 11.4908056259], [12.5499801636, -28.1383495331, 13.4359989166, 4.88421297073, 14.6105442047, -0.593871057034, -2.89885377884, 2.38177514076, 30.1472206116, 68.855682373, 25.1701393127, 10.1061944962, 4.84330129623], [28.8504219055, 65.0126724243, -49.0514259338, 13.5043315887, -21.7834625244, 0.104383505881, 6.63873672485, 2.26606583595, 8.13361263275, 25.1701393127, 83.6209869385, 30.3914279938, 1.70180106163], [34.7397193909, 9.47434997559, 20.1435585022, 6.40443134308, -5.28198337555, 2.26371049881, 15.9089736938, 8.46025085449, 7.2042798996, 10.1061944962, 30.3914279938, 64.0201339722, 23.4825668335], [22.622467041, 12.2881231308, 8.73867988586, 27.1986255646, 6.09225559235, -3.60315203667, 3.91486644745, 6.04232978821, 11.4908056259, 4.84330129623, 1.70180106163, 23.4825668335, 66.1463241577]]
        icov: [[0.000250501412665, -3.16858713632e-005, 2.402744758e-005, -0.000371298985556, 0.00030721409712, -0.000192303356016, 0.000200307462364, -7.62373674661e-005, 0.000376643467462, -0.000307330104988, 0.000215838401346, -0.000226859134273, 5.81087369937e-005], [-3.16858713632e-005, 0.00265005743131, 0.000755256798584, -0.00175455398858, 0.000483359151985, -0.000502438866533, -0.000199961767066, 0.000326823705109, -0.000359382655006, 0.00170639634598, -0.00175940524787, 0.000254326820141, -5.72376629862e-005], [2.402744758e-005, 0.000755256798584, 0.00294776167721, -0.00049685355043, -0.00164171075448, -9.18018340599e-005, 0.000588468334172, -0.00128636113368, 0.00104266661219, -0.000585214758758, 0.00158593035303, -0.00205194554292, 0.000444605626399], [-0.000371298985556, -0.00175455398858, -0.00049685355043, 0.00532125169411, -0.0017452101456, -8.5705478341e-006, 0.000106421051896, 0.00146992818918, -0.00339416111819, 0.00100472243503, -0.000319090991979, 0.000584532623179, -0.00133301247843], [0.00030721409712, 0.000483359151985, -0.00164171075448, -0.0017452101456, 0.00976443849504, -0.0044540273957, 0.00232140999287, -0.00020002151723, 0.000625100685284, -0.00233236770146, 0.0016225380823, 0.000663310464006, -0.000736476969905], [-0.000192303356016, -0.000502438866533, -9.18018340599e-005, -8.5705478341e-006, -0.0044540273957, 0.0122712003067, -0.00534906424582, 0.00170511275064, -5.1342711231e-005, 0.000780234637205, -0.000749484228436, 0.00027735932963, 0.00128686300013], [0.000200307462364, -0.000199961767066, 0.000588468334172, 0.000106421051896, 0.00232140999287, -0.00534906424582, 0.0155912647024, -0.00861982628703, 0.000810336030554, -0.00014246381761, 0.00120001053438, -0.00335458572954, 0.000236286010477], [-7.62373674661e-005, 0.000326823705109, -0.00128636113368, 0.00146992818918, -0.00020002151723, 0.00170511275064, -0.00861982628703, 0.0206283666193, -0.00775717757642, 0.00321487919427, -0.0017603993183, 0.00115173158702, -0.000983426347375], [0.000376643467462, -0.000359382655006, 0.00104266661219, -0.00339416111819, 0.000625100685284, -5.1342711231e-005, 0.000810336030554, -0.00775717757642, 0.0198465492576, -0.00958406925201, 0.00301895127632, -0.00119486334734, -0.000603316817433], [-0.000307330104988, 0.00170639634598, -0.000585214758758, 0.00100472243503, -0.00233236770146, 0.000780234637205, -0.00014246381761, 0.00321487919427, -0.00958406925201, 0.023006413132, -0.00888152047992, 0.00136339454912, -0.00085077440599], [0.000215838401346, -0.00175940524787, 0.00158593035303, -0.000319090991979, 0.0016225380823, -0.000749484228436, 0.00120001053438, -0.0017603993183, 0.00301895127632, -0.00888152047992, 0.0206131637096, -0.010153118521, 0.00327422539704], [-0.000226859134273, 0.000254326820141, -0.00205194554292, 0.000584532623179, 0.000663310464006, 0.00027735932963, -0.00335458572954, 0.00115173158702, -0.00119486334734, 0.00136339454912, -0.010153118521, 0.0248142741621, -0.00833192188293], [5.81087369937e-005, -5.72376629862e-005, 0.000444605626399, -0.00133301247843, -0.000736476969905, 0.00128686300013, 0.000236286010477, -0.000983426347375, -0.000603316817433, -0.00085077440599, 0.00327422539704, -0.00833192188293, 0.0188526920974]]
    sccoeffs:
        dmean: [0.0560771748424, 0.0485875792801, 0.0370635464787, 0.0299959201366, 0.0220493469387, 0.0184268783778]
        dmean2: [0.0929733887315, 0.0808536708355, 0.061562102288, 0.0494212880731, 0.0359385460615, 0.0285928081721]
        dvar: [0.00203279824927, 0.0014513587812, 0.000855717808008, 0.000552007404622, 0.000319549260894, 0.000296579673886]
        dvar2: [0.00553696462885, 0.00397420302033, 0.00230564316735, 0.00146154570393, 0.000798684777692, 0.00063666299684]
        max: [-0.263081610203, -0.443914204836, -0.554968118668, -0.574178278446, -0.600714683533, -0.559286475182]
        mean: [-0.639469861984, -0.754737138748, -0.789108097553, -0.789939939976, -0.788074970245, -0.733231127262]
        median: [-0.640430688858, -0.757630705833, -0.79360294342, -0.795129835606, -0.789876461029, -0.731937110424]
        min: [-0.946636676788, -0.986434817314, -0.984081625938, -0.983720123768, -0.981526076794, -0.980950057507]
        var: [0.00625762250274, 0.00418631499633, 0.00263006123714, 0.00195181125309, 0.00116427906323, 0.00182990857866]
    scvalleys:
        dmean: [0.411165058613, 0.336665838957, 0.297205120325, 0.277333259583, 0.217741221189, 0.288369715214]
        dmean2: [0.682469785213, 0.559707283974, 0.483379125595, 0.439754277468, 0.342333048582, 0.428353250027]
        dvar: [0.137260168791, 0.0900432094932, 0.0794155672193, 0.072213485837, 0.0613879710436, 0.145405068994]
        dvar2: [0.324555695057, 0.210914641619, 0.170841664076, 0.143099755049, 0.109352871776, 0.292655259371]
        max: [-5.33577632904, -4.93220424652, -5.26411056519, -5.5196852684, -5.3390827179, -7.34149074554]
        mean: [-7.02550792694, -6.50568532944, -6.82902383804, -6.94539022446, -6.67909765244, -9.59614372253]
        median: [-6.82963848114, -6.35764312744, -6.70659160614, -6.82000923157, -6.49997425079, -9.4536485672]
        min: [-20.5470523834, -21.7706851959, -22.3802528381, -22.9941940308, -23.7061786652, -24.4830970764]
        var: [0.993564963341, 0.709374606609, 0.677102863789, 0.619593799114, 0.616590082645, 0.963211894035]

rhythm:
    beats_loudness:
        dmean: 0.00256065744907
        dmean2: 0.00477204658091
        dvar: 3.66077642866e-006
        dvar2: 1.23275722217e-005
        max: 0.0136325592175
        mean: 0.00623386353254
        median: 0.00648780958727
        min: 7.1792868539e-008
        var: 6.81804931446e-006
    bpm: 92.6400527954
    bpm_confidence: 0
    first_peak_bpm: 92
    first_peak_spread: 0.430711627007
    first_peak_weight: 0.558823525906
    onset_rate: 2.56224226952
    second_peak_bpm: 101
    second_peak_spread: 0.600000023842
    second_peak_weight: 0.00735294120386
    beats_loudness_band_ratio:
        dmean: [0.126780599356, 0.185734257102, 0.0818986818194, 0.0769101977348, 0.111872002482, 0.101102449]
        dmean2: [0.23128901422, 0.357490122318, 0.140506491065, 0.126902490854, 0.197677478194, 0.182630047202]
        dvar: [0.00689345737919, 0.0163680445403, 0.00570299290121, 0.00744427554309, 0.0108096310869, 0.00793851166964]
        dvar2: [0.0217298455536, 0.0575308986008, 0.0149039868265, 0.0180830024183, 0.0335686951876, 0.0261790249497]
        max: [0.605367362499, 0.589890360832, 0.484803199768, 0.838801503181, 0.656075179577, 0.63195091486]
        mean: [0.202594876289, 0.198645159602, 0.116159044206, 0.122707307339, 0.22878447175, 0.232832744718]
        median: [0.197879269719, 0.171827018261, 0.0865148827434, 0.0884969979525, 0.207367286086, 0.218724891543]
        min: [6.26744622423e-006, 0.00112363288645, 0.0129305757582, 0.020690118894, 0.0650997683406, 0.0449791811407]
        var: [0.0138288186863, 0.0211503244936, 0.00687114661559, 0.0136280618608, 0.010975336656, 0.0103243738413]
    beats_position: [0.650158703327, 1.30031740665, 1.95047616959, 2.60063481331, 3.25079369545, 3.90095233917, 4.55111122131, 5.20126962662, 5.83981847763, 6.47836732864, 7.12852573395, 7.76707458496, 8.40562343597, 9.05578231812, 9.70594120026, 10.3560991287, 11.0062580109, 11.656416893, 12.294965744, 12.933514595, 13.5836734772, 14.2338323593, 14.8723802567, 15.5109291077, 16.1610889435, 16.8112468719, 17.4614048004, 18.1115646362, 18.7501125336, 19.3886623383, 20.0388202667, 20.6773700714, 21.3275279999, 21.9776859283, 22.616235733, 23.2663936615, 23.9165534973, 24.5667114258, 25.1936511993, 25.8438091278, 26.4939670563, 27.1441268921, 27.7826747894, 28.4212245941, 29.0713825226, 29.7215423584, 30.3600902557, 30.9986381531, 31.6255779266, 32.2525177002, 32.9142837524, 33.5760536194, 34.2262115479, 34.8647613525, 35.514919281, 36.1650772095, 36.8036270142, 37.4537849426, 38.0923347473, 38.730884552, 39.3810424805, 40.0312004089, 40.6697502136, 41.3315200806, 41.981678009, 42.6202278137, 43.2587738037, 43.8973236084, 44.5474815369, 45.1860313416, 45.83618927, 46.4863471985, 47.1365089417, 47.7750549316, 48.4252128601, 49.0637626648, 49.7139205933, 50.3640823364, 51.0026283264, 51.6411781311, 52.2913360596, 52.941493988, 53.5916557312, 54.2302017212, 54.8687515259, 55.5189094543, 56.1690673828, 56.8076171875, 57.4461669922, 58.0963249207, 58.7464828491, 59.3966445923, 60.0468025208, 60.6853485107, 61.3238983154, 61.9624481201, 62.6009979248, 63.2511558533, 63.9013137817, 64.5514755249, 65.2016296387, 65.8517913818, 66.4903411865, 67.1288909912, 67.779045105, 68.4292068481, 69.0793609619, 69.7179107666, 70.3564605713, 71.0066223145, 71.6567764282, 72.3069381714, 72.9454879761, 73.5840377808, 74.2225799561, 74.8611297607, 75.5112915039, 76.1614532471, 76.8116073608, 77.461769104, 78.1003189087, 78.738861084, 79.3890228271, 80.0391845703, 80.6893386841, 81.3278884888, 81.9664382935, 82.6049880981, 83.2435379028, 83.870475769, 84.5322418213, 85.1940155029, 85.8325576782, 86.4711074829, 87.1212692261, 87.7598190308, 88.4099731445, 89.0485229492, 89.6986846924, 90.3488388062, 90.9990005493, 91.637550354, 92.2761001587, 92.9262542725, 93.5764160156, 94.2265777588, 94.8767318726, 95.5152816772, 96.1654434204, 96.8155975342, 97.4541473389, 98.0926971436, 98.7312469482, 99.381401062, 100.031562805, 100.681724548, 101.331878662, 101.970428467, 102.608978271, 103.259140015, 103.909294128, 104.559455872, 105.209609985, 105.882987976, 106.556373596, 107.229751587, 107.903129578, 108.576507568, 109.249885559, 109.911651611, 110.573425293, 111.246803284, 111.920181274, 112.581947327, 113.243713379, 113.893875122, 114.544036865, 115.194190979, 115.844352722, 116.494506836, 117.144668579, 117.783218384, 118.421768188, 119.071922302, 119.722084045, 120.36063385, 120.999183655, 121.637733459, 122.287887573, 122.938049316, 123.576599121, 124.226753235, 124.876914978, 125.527069092, 126.165618896, 126.804168701, 127.454330444, 128.104492188, 128.76625061, 129.428024292, 130.089797974, 130.774780273, 131.436553955, 132.109924316, 132.783309937, 133.456680298, 134.130065918, 134.803451538, 135.476821899, 136.138595581, 136.800354004, 137.450515747, 138.10067749, 138.750839233, 139.401000977, 140.039550781, 140.678085327, 141.316635132, 141.966796875, 142.616958618, 143.255508423, 143.905670166, 144.544219971, 145.194366455, 145.83291626, 146.483078003, 147.121627808, 147.771789551, 148.421951294, 149.072113037, 149.710647583, 150.349197388, 150.987747192, 151.626296997, 152.27645874, 152.926620483, 153.576782227, 154.215332031, 154.865478516, 155.515640259, 156.154190063, 156.792739868, 157.431289673, 158.081451416, 158.731613159, 159.381759644, 160.031921387, 160.670471191, 161.309020996, 161.959182739, 162.609344482, 163.259490967, 163.898040771, 164.536590576, 165.186752319, 165.836914063, 166.475463867, 167.114013672, 167.764175415, 168.414321899, 169.052871704, 169.691421509, 170.341583252, 170.991744995, 171.653518677, 172.326889038, 172.965438843, 173.615600586, 174.196090698, 174.788208008, 175.380310059, 175.949203491, 176.518096924]
    bpm_estimates: [92.28515625, 92.2851486206, 92.2851715088, 92.2851333618, 92.2851715088, 92.2851333618, 92.2852020264, 93.9630508423, 93.9630508423, 92.2852020264, 93.9630508423, 93.9630508423, 92.2851333618, 92.2851333618, 92.2852706909, 92.2851333618, 92.2851333618, 93.9630508423, 93.9630508423, 92.2851333618, 92.2851333618, 93.9631958008, 93.9630508423, 92.2849960327, 92.2852706909, 92.2852706909, 92.2849960327, 93.9631958008, 93.9629135132, 92.2852706909, 93.9629135132, 92.2852706909, 92.2852706909, 93.9629135132, 92.2852706909, 92.2849960327, 92.2852706909, 95.7029724121, 92.2852706909, 92.2852706909, 92.2849960327, 93.9631958008, 93.9629135132, 92.2852706909, 92.2849960327, 93.9631958008, 93.9631958008, 95.7029724121, 95.7029724121, 90.6664810181, 90.6659622192, 92.2852706909, 93.9629135132, 92.2852706909, 92.2852706909, 93.9629135132, 92.2852706909, 93.9629135132, 93.9629135132, 92.2852706909, 92.2852706909, 93.9629135132, 90.6659622192, 92.2852706909, 93.9629135132, 93.9634780884, 93.9629135132, 92.2852706909, 93.9629135132, 92.2852706909, 92.2852706909, 92.2847290039, 93.9634780884, 92.2852706909, 93.9629135132, 92.2852706909, 92.2847290039, 93.9634780884, 93.9629135132, 92.2852706909, 92.2852706909, 92.2847290039, 93.9634780884, 93.9629135132, 92.2852706909, 92.2852706909, 93.9629135132, 93.9629135132, 92.2852706909, 92.2852706909, 92.2847290039, 92.2852706909, 93.9634780884, 93.9629135132, 93.9629135132, 93.9629135132, 92.2852706909, 92.2852706909, 92.2847290039, 92.2858123779, 92.2847290039, 93.9629135132, 93.9629135132, 92.2858123779, 92.2847290039, 92.2858123779, 93.9629135132, 93.9629135132, 92.2847290039, 92.2858123779, 92.2847290039, 93.9629135132, 93.9629135132, 93.9640350342, 93.9629135132, 92.2847290039, 92.2847290039, 92.2858123779, 92.2847290039, 93.9629135132, 93.9640350342, 92.2847290039, 92.2847290039, 92.2858123779, 93.9629135132, 93.9629135132, 93.9629135132, 93.9629135132, 95.7032623291, 90.6664810181, 90.665435791, 93.9640350342, 93.9629135132, 92.2847290039, 93.9629135132, 92.2858123779, 93.9629135132, 92.2847290039, 92.2858123779, 92.2847290039, 93.9629135132, 93.9629135132, 92.2858123779, 92.2847290039, 92.2847290039, 92.2858123779, 93.9629135132, 92.2847290039, 92.2858123779, 93.9629135132, 93.9629135132, 93.9629135132, 92.2858123779, 92.2847290039, 92.2847290039, 92.2858123779, 93.9629135132, 93.9629135132, 92.2847290039, 92.2858123779, 92.2847290039, 92.2858123779, 89.1030044556, 89.1019897461, 89.1030044556, 89.1030044556, 89.1030044556, 89.1030044556, 90.6664810181, 90.665435791, 89.1030044556, 89.1030044556, 90.6664810181, 90.6664810181, 92.2847290039, 92.2847290039, 92.2858123779, 92.2847290039, 92.2858123779, 92.2847290039, 93.9629135132, 93.9629135132, 92.2858123779, 92.2847290039, 93.9629135132, 93.9629135132, 93.9629135132, 92.2858123779, 92.2847290039, 93.9629135132, 92.2858123779, 92.2847290039, 92.2858123779, 93.9629135132, 93.9629135132, 92.2847290039, 92.2847290039, 90.6675262451, 90.665435791, 90.665435791, 87.5935058594, 90.665435791, 89.1040115356, 89.1019897461, 89.1040115356, 89.1019897461, 89.1019897461, 89.1040115356, 90.665435791, 90.6675262451, 92.2847290039, 92.2847290039, 92.2847290039, 92.2847290039, 93.9629135132, 93.9651565552, 93.9629135132, 92.2847290039, 92.2847290039, 93.9629135132, 92.2847290039, 93.9629135132, 92.286895752, 93.9629135132, 92.2847290039, 93.9629135132, 92.2847290039, 92.2847290039, 92.2847290039, 93.9651565552, 93.9629135132, 93.9629135132, 93.9629135132, 92.2847290039, 92.2847290039, 92.2847290039, 93.9629135132, 92.286895752, 92.2847290039, 93.9629135132, 93.9629135132, 93.9629135132, 92.2847290039, 92.2847290039, 92.286895752, 92.2847290039, 93.9629135132, 93.9629135132, 92.2847290039, 92.2847290039, 92.286895752, 93.9629135132, 93.9629135132, 92.2847290039, 92.2847290039, 93.9629135132, 93.9629135132, 92.2847290039, 92.286895752, 93.9629135132, 93.9629135132, 92.2847290039, 92.2847290039, 90.665435791, 89.1040115356, 93.9629135132, 92.2847290039]
