
metadata:
    version:
        essentia: "2.1-beta2"
    audio_properties:
        analysis_sample_rate: 44100
        bitrate: 320
        channels: 2
        equal_loudness: 1
        length: 241.893875122
        replay_gain: -13.2390861511
        downmix: "mix"
    tags:
        album: "Twilight Of The Thunder God"
        artist: "Amon Amarth"
        comment: ""
        date: "2008"
        genre: "Melodic Death Metal"
        title: "The Hero"
        tracknumber: "8"

configuration:
    average_loudness:
        compute: 1
        frameSize: 88200
        hopSize: 44100
        silentFrames: "noise"
        windowType: "hann"
    general:
        analysisSampleRate: 44100
        endTime: 2000
        equalLoudness: 1
        nequalLoudness: 0
        shortSound: 0
        startTime: 0
    lowlevel:
        compute: 1
        frameSize: 2048
        hopSize: 1024
        zeroPadding: 0
        silentFrames: "noise"
        windowType: "blackmanharris62"
        mfccStats: ["mean", "cov", "icov"]
        stats: ["mean", "var", "median", "min", "max", "dmean", "dmean2", "dvar", "dvar2"]
    panning:
        compute: 0
        frameSize: 8192
        hopSize: 2048
        zeroPadding: 8192
        silentFrames: "noise"
        windowType: "hann"
        stats: ["copy"]
    rhythm:
        compute: 1
        maxTempo: 208
        minTempo: 40
        method: "degara"
        stats: ["mean", "var", "median", "min", "max", "dmean", "dmean2", "dvar", "dvar2"]
    segmentation:
        compute: 0
        cpw: 5
        inc1: 300
        inc2: 50
        minimumSegmentsLength: 10
        size1: 1000
        size2: 600
    sfx:
        compute: 1
        stats: ["mean", "var", "median", "min", "max", "dmean", "dmean2", "dvar", "dvar2"]
    svm:
        compute: 0
    tonal:
        compute: 1
        frameSize: 4096
        hopSize: 2048
        zeroPadding: 0
        silentFrames: "noise"
        windowType: "blackmanharris62"
        stats: ["mean", "var", "median", "min", "max", "dmean", "dmean2", "dvar", "dvar2"]

lowlevel:
    average_loudness: 0.930176734924
    barkbands_kurtosis:
        dmean: 0.285547882318
        dmean2: 0.484492570162
        dvar: 0.11258611083
        dvar2: 0.29994598031
        max: 6.92390775681
        mean: -1.08183431625
        median: -1.28998494148
        min: -1.8053958416
        var: 0.660164892673
    barkbands_skewness:
        dmean: 0.264639317989
        dmean2: 0.441364765167
        dvar: 0.0516534931958
        dvar2: 0.139306485653
        max: 2.52086091042
        mean: 0.0185571778566
        median: -0.00311361276545
        min: -2.29371023178
        var: 0.299221634865
    barkbands_spread:
        dmean: 4.44588947296
        dmean2: 7.3482503891
        dvar: 15.6738500595
        dvar2: 42.3006896973
        max: 62.3365631104
        mean: 35.3847961426
        median: 35.6288070679
        min: 11.0536651611
        var: 62.6656036377
    dissonance:
        dmean: 0.00993807334453
        dmean2: 0.0170862302184
        dvar: 8.80571751622e-005
        dvar2: 0.000251112069236
        max: 0.500000119209
        mean: 0.482501834631
        median: 0.485998988152
        min: 0.343026280403
        var: 0.000177080117282
    hfc:
        dmean: 1.8963278532
        dmean2: 3.23348283768
        dvar: 7.47541666031
        dvar2: 20.1929168701
        max: 33.3094902039
        mean: 8.16442298889
        median: 8.23175811768
        min: 1.07613504393e-016
        var: 22.092130661
    pitch:
        dmean: 802.897705078
        dmean2: 1542.94848633
        dvar: 1574318.75
        dvar2: 4081833
        max: 4486.890625
        mean: 1034.79101563
        median: 262.284790039
        min: 54.8752326965
        var: 1843378.25
    pitch_instantaneous_confidence:
        dmean: 0.0584093779325
        dmean2: 0.0984319970012
        dvar: 0.00254006893374
        dvar2: 0.00683364225551
        max: 0.850234389305
        mean: 0.27934461832
        median: 0.251543343067
        min: 0.0909939408302
        var: 0.0117515847087
    pitch_salience:
        dmean: 0.0445808060467
        dmean2: 0.0759753361344
        dvar: 0.00136168557219
        dvar2: 0.00381265534088
        max: 0.957738995552
        mean: 0.703922629356
        median: 0.714377880096
        min: 0.303345412016
        var: 0.00413269503042
    silence_rate_20dB:
        dmean: 0
        dmean2: 0
        dvar: 0
        dvar2: 0
        max: 1
        mean: 1
        median: 1
        min: 1
        var: 0
    silence_rate_30dB:
        dmean: 0
        dmean2: 0
        dvar: 0
        dvar2: 0
        max: 1
        mean: 1
        median: 1
        min: 1
        var: 0
    silence_rate_60dB:
        dmean: 0.0324438475072
        dmean2: 0.0648939236999
        dvar: 0.0313863679767
        dvar2: 0.0768107771873
        max: 1
        mean: 0.248296380043
        median: 0
        min: 0
        var: 0.186642333865
    spectral_centroid:
        dmean: 207.264846802
        dmean2: 348.987884521
        dvar: 43901.625
        dvar2: 109378.328125
        max: 12006.5615234
        mean: 1761.90100098
        median: 1654.16882324
        min: 462.601531982
        var: 1335549.125
    spectral_complexity:
        dmean: 3.73065853119
        dmean2: 6.15666675568
        dvar: 13.8918218613
        dvar2: 34.0140838623
        max: 50
        mean: 19.6909484863
        median: 21
        min: 0
        var: 93.6373443604
    spectral_crest:
        dmean: 1.32668411732
        dmean2: 2.27497148514
        dvar: 1.62765038013
        dvar2: 4.64346981049
        max: 17.4804897308
        mean: 5.05069112778
        median: 4.54994630814
        min: 2.03005552292
        var: 3.49789118767
    spectral_decrease:
        dmean: 2.55279297701e-010
        dmean2: 4.33716174086e-010
        dvar: 1.88345225617e-019
        dvar2: 5.12650147713e-019
        max: 1.85401547952e-028
        mean: -1.09149922434e-009
        median: -1.03179398359e-009
        min: -5.56753754211e-009
        var: 4.10692175603e-019
    spectral_energy:
        dmean: 0.00110167008825
        dmean2: 0.00187132251449
        dvar: 3.43150395565e-006
        dvar2: 9.31781414693e-006
        max: 0.0237207692116
        mean: 0.00486011430621
        median: 0.00468050921336
        min: 9.8857510151e-021
        var: 7.90002741269e-006
    spectral_energyband_high:
        dmean: 0.000175779001438
        dmean2: 0.000308191723889
        dvar: 7.29494473717e-008
        dvar2: 2.0072346274e-007
        max: 0.00388434994966
        mean: 0.000412013585446
        median: 0.000360002042726
        min: 7.02455266333e-021
        var: 1.16861016863e-007
    spectral_energyband_low:
        dmean: 0.000311208626954
        dmean2: 0.000534199120011
        dvar: 1.48422358848e-007
        dvar2: 4.14882038058e-007
        max: 0.00461098225787
        mean: 0.000538738328032
        median: 0.000425598380389
        min: 1.4091251956e-023
        var: 2.22329916255e-007
    spectral_energyband_middle_high:
        dmean: 0.000491939485073
        dmean2: 0.000812419923022
        dvar: 3.52804647719e-007
        dvar2: 8.96070332601e-007
        max: 0.0101080518216
        mean: 0.00238608173095
        median: 0.00234377500601
        min: 1.04629512246e-021
        var: 1.79235610176e-006
    spectral_energyband_middle_low:
        dmean: 0.000667158630677
        dmean2: 0.00114542141091
        dvar: 1.58288332841e-006
        dvar2: 4.44924762633e-006
        max: 0.0147751057521
        mean: 0.00170688133221
        median: 0.00138224405237
        min: 1.73073899039e-022
        var: 1.9538917968e-006
    spectral_flatness_db:
        dmean: 0.010138922371
        dmean2: 0.0169724393636
        dvar: 7.47167287045e-005
        dvar2: 0.000200257069082
        max: 0.258885145187
        mean: 0.134351715446
        median: 0.121980220079
        min: 0.0602474361658
        var: 0.00124283751938
    spectral_flux:
        dmean: 0.00577303860337
        dmean2: 0.00898636877537
        dvar: 6.06790563324e-005
        dvar2: 0.000115063034173
        max: 0.119614616036
        mean: 0.0400292985141
        median: 0.0417119339108
        min: 6.25899401752e-011
        var: 0.000324718130287
    spectral_kurtosis:
        dmean: 1.36836624146
        dmean2: 2.4246096611
        dvar: 2.65426754951
        dvar2: 8.70232582092
        max: 18.0639228821
        mean: 3.29261398315
        median: 2.99986338615
        min: -1.26009130478
        var: 3.24509644508
    spectral_rms:
        dmean: 0.000216681088204
        dmean2: 0.000362629943993
        dvar: 8.9154809757e-008
        dvar2: 2.34840001667e-007
        max: 0.00481063546613
        mean: 0.00204763817601
        median: 0.00213690218516
        min: 3.10558133029e-012
        var: 5.48731691197e-007
    spectral_rolloff:
        dmean: 288.363311768
        dmean2: 489.674530029
        dvar: 100911.859375
        dvar2: 241738
        max: 19444.4824219
        mean: 3492.28173828
        median: 3402.24609375
        min: 452.197265625
        var: 3531018.5
    spectral_skewness:
        dmean: 0.173798561096
        dmean2: 0.303370267153
        dvar: 0.0266300439835
        dvar2: 0.0827870815992
        max: 2.4441921711
        mean: 1.18134593964
        median: 1.19930362701
        min: -0.097229346633
        var: 0.0738590210676
    spectral_spread:
        dmean: 338944.125
        dmean2: 550634.5
        dvar: 343220322304
        dvar2: 746500980736
        max: 42947944
        mean: 4423026
        median: 4081252.5
        min: 1871890
        var: 1.91687494205e+013
    spectral_strongpeak:
        dmean: 0.228212237358
        dmean2: 0.405013948679
        dvar: 0.12817555666
        dvar2: 0.354986608028
        max: 4.89427995682
        mean: 0.304148972034
        median: 0.172568693757
        min: 0
        var: 0.143356874585
    zerocrossingrate:
        dmean: 0.00602280721068
        dmean2: 0.00790249742568
        dvar: 4.05323771702e-005
        dvar2: 6.55941184959e-005
        max: 0.53076171875
        mean: 0.10052075237
        median: 0.0966796875
        min: 0.03369140625
        var: 0.00250807753764
    barkbands:
        dmean: [5.98843655553e-007, 0.000120039432659, 0.000176259083673, 0.000231275655096, 0.000329338479787, 0.000168215716258, 0.000130932254251, 9.22776016523e-005, 0.000139962445246, 0.000114303344162, 9.09198133741e-005, 8.89101866051e-005, 7.03465557308e-005, 6.4836574893e-005, 6.67866188451e-005, 0.000106308667455, 0.000146769845742, 0.000132155284518, 0.000162030060892, 0.000123945414089, 8.59359497554e-005, 3.90694440284e-005, 6.55046778775e-006, 1.83606709925e-006, 6.18258980012e-007, 1.51843444485e-008, 2.87248475006e-010]
        dmean2: [9.03027000732e-007, 0.000211203703657, 0.000305975234369, 0.000401911878726, 0.000582425331231, 0.000287147122435, 0.000220021785935, 0.000155913381604, 0.000233115788433, 0.00018906519108, 0.000151827422087, 0.000147392172948, 0.000116594143037, 0.000108708663902, 0.000111994224426, 0.000177987589268, 0.000249966251431, 0.000226638585445, 0.000278379389783, 0.000211668229895, 0.00014992155775, 7.028523396e-005, 1.16094888654e-005, 3.14145972879e-006, 9.96561198008e-007, 2.40828317288e-008, 4.98012242556e-010]
        dvar: [5.29224233881e-013, 2.88495751732e-008, 5.15663067802e-008, 1.76150422249e-007, 5.79553272928e-007, 7.81132172278e-008, 5.10932025577e-008, 2.42264057704e-008, 6.75938025552e-008, 4.85687152718e-008, 3.95831953881e-008, 2.07373656025e-008, 1.29782300462e-008, 1.12690941023e-008, 1.30087780548e-008, 1.68490839059e-008, 2.89450081681e-008, 2.22449436649e-008, 3.54005749159e-008, 2.25043699231e-008, 1.72208149962e-008, 5.2400976891e-009, 1.50767273666e-010, 1.31713615709e-011, 2.01217926869e-012, 1.43553809824e-015, 1.69505889898e-019]
        dvar2: [1.18848941105e-012, 8.0391039603e-008, 1.43136134056e-007, 4.97452333548e-007, 1.66559777881e-006, 2.19877350105e-007, 1.40956615269e-007, 6.62886137093e-008, 1.81182244319e-007, 1.3244938657e-007, 1.06425410706e-007, 5.43227614003e-008, 3.33846372769e-008, 3.03556291215e-008, 3.42199300007e-008, 4.56884698963e-008, 8.0198439889e-008, 6.27790939234e-008, 1.00006893433e-007, 6.08235097843e-008, 4.82743729435e-008, 1.47022722885e-008, 4.10698114406e-010, 3.28841606723e-011, 4.23037429739e-012, 3.13065854877e-015, 4.55504064902e-019]
        max: [7.14500765753e-006, 0.00168115645647, 0.00341978645884, 0.00579068670049, 0.00910227466375, 0.00357280438766, 0.00352752581239, 0.0021341224201, 0.00381199317053, 0.0043961154297, 0.00373770459555, 0.00258877361193, 0.00232323887758, 0.00216878438368, 0.00267738732509, 0.0035635207314, 0.00306754908524, 0.00193449226208, 0.00266506639309, 0.00216807215475, 0.00236346013844, 0.00111156411003, 0.00016490915732, 6.48493223707e-005, 4.92140497954e-005, 1.86595275409e-006, 7.41312433661e-009]
        mean: [8.75466298567e-007, 0.000156603709911, 0.000238094988163, 0.000309119612211, 0.000429599342169, 0.000275872880593, 0.000214122032048, 0.000148531209561, 0.000255660677794, 0.000214324318222, 0.000145350335515, 0.000160013179993, 0.000132562418003, 0.000129129752168, 0.000138439965667, 0.000235886094742, 0.000344201660482, 0.000327088491758, 0.000419420946855, 0.000326011300785, 0.000183973708772, 6.12703152001e-005, 9.37615095609e-006, 3.30081525135e-006, 1.2573228787e-006, 3.27801998878e-008, 4.56116450165e-010]
        median: [4.88460329962e-007, 0.000106961691927, 0.000156888680067, 0.000176331785042, 0.000273244164418, 0.000169796694536, 0.000122789686429, 7.68175450503e-005, 0.000120192300528, 0.0001050973151, 6.14392847638e-005, 9.88306273939e-005, 9.04683256522e-005, 8.90091832844e-005, 9.66563093243e-005, 0.000201821952942, 0.000312238291372, 0.00030905022868, 0.000394809962017, 0.000300193496514, 0.000157552378369, 4.34971298091e-005, 5.11219377586e-006, 1.85691237675e-006, 7.27789768007e-007, 1.84743349507e-008, 2.63018606894e-010]
        min: [4.87102873527e-025, 3.68302275024e-024, 1.12075174716e-024, 7.89499586731e-025, 7.55457931253e-024, 6.27624204853e-024, 9.57798623518e-024, 8.91036615134e-024, 1.61743606608e-023, 1.27909125725e-023, 7.37573034582e-024, 1.89284870734e-023, 2.90184598133e-023, 3.71373815399e-023, 3.6294436331e-023, 4.62706016859e-023, 6.87361012445e-023, 9.10137982653e-023, 1.16754531551e-022, 1.72688291206e-022, 2.29827695382e-022, 3.193500038e-022, 3.73535635068e-022, 6.02288258186e-022, 9.23736884429e-022, 1.28735778747e-021, 1.82197051426e-021]
        var: [1.01363470568e-012, 2.970574009e-008, 6.88761900847e-008, 1.82867054832e-007, 4.32839243558e-007, 1.19864424164e-007, 7.89513734389e-008, 4.2620783347e-008, 1.47116409721e-007, 1.02571661387e-007, 6.95386930261e-008, 3.97878174851e-008, 2.52700047554e-008, 2.60589150258e-008, 3.13985282219e-008, 3.33244294382e-008, 5.73980152296e-008, 4.76243577907e-008, 7.33343910042e-008, 5.38718367693e-008, 2.56466528015e-008, 5.10565634215e-009, 1.79715201054e-010, 2.52508795123e-011, 4.75175541276e-012, 3.22751761332e-015, 3.29609915708e-019]
    frequency_bands:
        dmean: [5.98843655553e-007, 0.000120039432659, 0.000176259083673, 0.000231275655096, 0.000329338479787, 0.000168215716258, 0.000130932254251, 9.22776016523e-005, 0.000139962445246, 0.000114303344162, 9.09198133741e-005, 8.89101866051e-005, 7.03465557308e-005, 6.4836574893e-005, 6.67866188451e-005, 0.000106308667455, 0.000146769845742, 0.000132155284518, 0.000162030060892, 0.000123945414089, 8.59359497554e-005, 3.90694440284e-005, 6.55046778775e-006, 1.83606709925e-006, 6.18258980012e-007, 1.51843444485e-008, 2.87248475006e-010, 5.64180265006e-011]
        dmean2: [9.03027000732e-007, 0.000211203703657, 0.000305975234369, 0.000401911878726, 0.000582425331231, 0.000287147122435, 0.000220021785935, 0.000155913381604, 0.000233115788433, 0.00018906519108, 0.000151827422087, 0.000147392172948, 0.000116594143037, 0.000108708663902, 0.000111994224426, 0.000177987589268, 0.000249966251431, 0.000226638585445, 0.000278379389783, 0.000211668229895, 0.00014992155775, 7.028523396e-005, 1.16094888654e-005, 3.14145972879e-006, 9.96561198008e-007, 2.40828317288e-008, 4.98012242556e-010, 1.04946551449e-010]
        dvar: [5.29224233881e-013, 2.88495751732e-008, 5.15663067802e-008, 1.76150422249e-007, 5.79553272928e-007, 7.81132172278e-008, 5.10932025577e-008, 2.42264057704e-008, 6.75938025552e-008, 4.85687152718e-008, 3.95831953881e-008, 2.07373656025e-008, 1.29782300462e-008, 1.12690941023e-008, 1.30087780548e-008, 1.68490839059e-008, 2.89450081681e-008, 2.22449436649e-008, 3.54005749159e-008, 2.25043699231e-008, 1.72208149962e-008, 5.2400976891e-009, 1.50767273666e-010, 1.31713615709e-011, 2.01217926869e-012, 1.43553809824e-015, 1.69505889898e-019, 6.49581380746e-021]
        dvar2: [1.18848941105e-012, 8.0391039603e-008, 1.43136134056e-007, 4.97452333548e-007, 1.66559777881e-006, 2.19877350105e-007, 1.40956615269e-007, 6.62886137093e-008, 1.81182244319e-007, 1.3244938657e-007, 1.06425410706e-007, 5.43227614003e-008, 3.33846372769e-008, 3.03556291215e-008, 3.42199300007e-008, 4.56884698963e-008, 8.0198439889e-008, 6.27790939234e-008, 1.00006893433e-007, 6.08235097843e-008, 4.82743729435e-008, 1.47022722885e-008, 4.10698114406e-010, 3.28841606723e-011, 4.23037429739e-012, 3.13065854877e-015, 4.55504064902e-019, 2.05201618769e-020]
        max: [7.14500765753e-006, 0.00168115645647, 0.00341978645884, 0.00579068670049, 0.00910227466375, 0.00357280438766, 0.00352752581239, 0.0021341224201, 0.00381199317053, 0.0043961154297, 0.00373770459555, 0.00258877361193, 0.00232323887758, 0.00216878438368, 0.00267738732509, 0.0035635207314, 0.00306754908524, 0.00193449226208, 0.00266506639309, 0.00216807215475, 0.00236346013844, 0.00111156411003, 0.00016490915732, 6.48493223707e-005, 4.92140497954e-005, 1.86595275409e-006, 7.41312433661e-009, 9.75072356191e-010]
        mean: [8.75466298567e-007, 0.000156603709911, 0.000238094988163, 0.000309119612211, 0.000429599342169, 0.000275872880593, 0.000214122032048, 0.000148531209561, 0.000255660677794, 0.000214324318222, 0.000145350335515, 0.000160013179993, 0.000132562418003, 0.000129129752168, 0.000138439965667, 0.000235886094742, 0.000344201660482, 0.000327088491758, 0.000419420946855, 0.000326011300785, 0.000183973708772, 6.12703152001e-005, 9.37615095609e-006, 3.30081525135e-006, 1.2573228787e-006, 3.27801998878e-008, 4.56116450165e-010, 4.39571400113e-011]
        median: [4.88460329962e-007, 0.000106961691927, 0.000156888680067, 0.000176331785042, 0.000273244164418, 0.000169796694536, 0.000122789686429, 7.68175450503e-005, 0.000120192300528, 0.0001050973151, 6.14392847638e-005, 9.88306273939e-005, 9.04683256522e-005, 8.90091832844e-005, 9.66563093243e-005, 0.000201821952942, 0.000312238291372, 0.00030905022868, 0.000394809962017, 0.000300193496514, 0.000157552378369, 4.34971298091e-005, 5.11219377586e-006, 1.85691237675e-006, 7.27789768007e-007, 1.84743349507e-008, 2.63018606894e-010, 1.57619108737e-011]
        min: [4.87102873527e-025, 3.68302275024e-024, 1.12075174716e-024, 7.89499586731e-025, 7.55457931253e-024, 6.27624204853e-024, 9.57798623518e-024, 8.91036615134e-024, 1.61743606608e-023, 1.27909125725e-023, 7.37573034582e-024, 1.89284870734e-023, 2.90184598133e-023, 3.71373815399e-023, 3.6294436331e-023, 4.62706016859e-023, 6.87361012445e-023, 9.10137982653e-023, 1.16754531551e-022, 1.72688291206e-022, 2.29827695382e-022, 3.193500038e-022, 3.73535635068e-022, 6.02288258186e-022, 9.23736884429e-022, 1.28735778747e-021, 1.82197051426e-021, 4.86715516002e-022]
        var: [1.01363470568e-012, 2.970574009e-008, 6.88761900847e-008, 1.82867054832e-007, 4.32839243558e-007, 1.19864424164e-007, 7.89513734389e-008, 4.2620783347e-008, 1.47116409721e-007, 1.02571661387e-007, 6.95386930261e-008, 3.97878174851e-008, 2.52700047554e-008, 2.60589150258e-008, 3.13985282219e-008, 3.33244294382e-008, 5.73980152296e-008, 4.76243577907e-008, 7.33343910042e-008, 5.38718367693e-008, 2.56466528015e-008, 5.10565634215e-009, 1.79715201054e-010, 2.52508795123e-011, 4.75175541276e-012, 3.22751761332e-015, 3.29609915708e-019, 5.22108324708e-021]
    mfcc:
        mean: [-706.730224609, 112.668945313, -54.6064109802, 54.7820281982, -14.6733999252, -1.4740960598, 2.40334272385, -3.63102674484, 1.81943953037, -7.13886642456, -2.70443797112, -1.7386803627, -3.89325213432]
        cov: [[10573.6630859, 945.048400879, -889.445556641, 948.500854492, -387.08215332, 366.631896973, 12.8174543381, 247.65562439, 65.765045166, -52.2445335388, 31.2099342346, 35.113155365, -82.5264816284], [945.048400879, 931.445983887, -504.976806641, 250.345153809, -111.534049988, -99.1942520142, 77.1726074219, -86.1906280518, 75.0920410156, -78.3302307129, -11.5600395203, -37.5628318787, -34.9322853088], [-889.445556641, -504.976806641, 516.292724609, -183.12928772, 102.379478455, 30.6722679138, -67.2420196533, 39.2840881348, -74.4052276611, 56.7713699341, -18.9256248474, 22.7749023438, 30.3722820282], [948.500854492, 250.345153809, -183.12928772, 264.076080322, 7.72275972366, 53.2802848816, 19.7179470062, -15.8116121292, 19.6463565826, -31.9147834778, 18.9814815521, -8.30740070343, -15.3333940506], [-387.08215332, -111.534049988, 102.379478455, 7.72275972366, 126.168197632, 41.4860191345, -7.62394714355, -34.1886024475, -36.4163093567, 10.2701702118, 6.33388805389, -0.365637719631, 4.38032722473], [366.631896973, -99.1942520142, 30.6722679138, 53.2802848816, 41.4860191345, 112.309104919, 9.92498970032, 22.3381519318, -19.7176361084, 3.56375646591, 15.4130573273, 7.79434204102, 3.46458721161], [12.8174543381, 77.1726074219, -67.2420196533, 19.7179470062, -7.62394714355, 9.92498970032, 73.9543685913, 21.8842830658, 21.3096752167, -14.228638649, -3.13406085968, -4.78616046906, -4.77012491226], [247.65562439, -86.1906280518, 39.2840881348, -15.8116121292, -34.1886024475, 22.3381519318, 21.8842830658, 92.7866134644, 31.9112510681, 17.7066745758, -4.06352758408, 9.4490480423, 3.80448651314], [65.765045166, 75.0920410156, -74.4052276611, 19.6463565826, -36.4163093567, -19.7176361084, 21.3096752167, 31.9112510681, 73.852104187, 14.2883396149, 6.54985141754, -4.31350469589, -8.28646850586], [-52.2445335388, -78.3302307129, 56.7713699341, -31.9147834778, 10.2701702118, 3.56375646591, -14.228638649, 17.7066745758, 14.2883396149, 60.1332740784, 19.3503017426, 10.8180475235, 1.24981284142], [31.2099342346, -11.5600395203, -18.9256248474, 18.9814815521, 6.33388805389, 15.4130573273, -3.13406085968, -4.06352758408, 6.54985141754, 19.3503017426, 48.1123542786, 19.4105148315, 5.94699192047], [35.113155365, -37.5628318787, 22.7749023438, -8.30740070343, -0.365637719631, 7.79434204102, -4.78616046906, 9.4490480423, -4.31350469589, 10.8180475235, 19.4105148315, 45.7796821594, 23.7469730377], [-82.5264816284, -34.9322853088, 30.3722820282, -15.3333940506, 4.38032722473, 3.46458721161, -4.77012491226, 3.80448651314, -8.28646850586, 1.24981284142, 5.94699192047, 23.7469730377, 41.5540275574]]
        icov: [[0.000286186550511, -0.000174464308657, 0.000337260134984, -0.000787190103438, 0.000840203487314, -0.000856090919115, 0.000762460986152, -0.0010148974834, 0.000975578674115, -0.000684384838678, 0.000621059210971, -0.000471434846986, 0.000443636468844], [-0.000174464308657, 0.00393616175279, 0.00143157108687, -0.00247507775202, 0.00140574574471, 0.00334143522196, -0.0033939727582, 0.00421853223816, -0.00115724036004, -0.000498939829413, 0.00193848018534, -4.92285616929e-005, -0.000664882012643], [0.000337260134984, 0.00143157108687, 0.00691765500233, 0.000476274115499, -0.00318966293707, 0.000532873382326, 0.00374850467779, -0.00540398759767, 0.00508683174849, -0.00337484711781, 0.00388054829091, -0.00110668002162, -0.000597362115514], [-0.000787190103438, -0.00247507775202, 0.000476274115499, 0.0114092063159, -0.00601507443935, -0.00348066352308, 0.00237031839788, -0.000370780559024, -0.00437041698024, 0.00591794075444, -0.00471494719386, 0.00128966593184, 0.000336406053975], [0.000840203487314, 0.00140574574471, -0.00318966293707, -0.00601507443935, 0.0204643234611, -0.00675295246765, -0.00469969958067, 0.0101762926206, 0.00243606185541, -0.00643300078809, 0.00313591351733, 0.000113368747407, 6.25161483185e-005], [-0.000856090919115, 0.00334143522196, 0.000532873382326, -0.00348066352308, -0.00675295246765, 0.021433442831, -0.00561093725264, -0.00410234509036, 0.0048339292407, 0.00130864104722, -0.00572478072718, 0.00244131847285, -0.00156000920106], [0.000762460986152, -0.0033939727582, 0.00374850467779, 0.00237031839788, -0.00469969958067, -0.00561093725264, 0.0251030884683, -0.0136216618121, -6.46320550004e-005, 0.00512203574181, 0.000160440336913, -0.000875320925843, 0.00219828053378], [-0.0010148974834, 0.00421853223816, -0.00540398759767, -0.000370780559024, 0.0101762926206, -0.00410234509036, -0.0136216618121, 0.0344798974693, -0.0162500292063, -0.00300956750289, 0.00677165295929, -0.0034096473828, -0.00227801827714], [0.000975578674115, -0.00115724036004, 0.00508683174849, -0.00437041698024, 0.00243606185541, 0.0048339292407, -6.46320550004e-005, -0.0162500292063, 0.0324126929045, -0.0114640872926, -0.00170185160823, 0.00310987583362, 0.00172921572812], [-0.000684384838678, -0.000498939829413, -0.00337484711781, 0.00591794075444, -0.00643300078809, 0.00130864104722, 0.00512203574181, -0.00300956750289, -0.0114640872926, 0.0322343334556, -0.0144053865224, -0.000642496335786, 0.00347751309164], [0.000621059210971, 0.00193848018534, 0.00388054829091, -0.00471494719386, 0.00313591351733, -0.00572478072718, 0.000160440336913, 0.00677165295929, -0.00170185160823, -0.0144053865224, 0.0384976565838, -0.0159168299288, 0.00151237903628], [-0.000471434846986, -4.92285616929e-005, -0.00110668002162, 0.00128966593184, 0.000113368747407, 0.00244131847285, -0.000875320925843, -0.0034096473828, 0.00310987583362, -0.000642496335786, -0.0159168299288, 0.0407495722175, -0.0200665313751], [0.000443636468844, -0.000664882012643, -0.000597362115514, 0.000336406053975, 6.25161483185e-005, -0.00156000920106, 0.00219828053378, -0.00227801827714, 0.00172921572812, 0.00347751309164, 0.00151237903628, -0.0200665313751, 0.037023589015]]
    sccoeffs:
        dmean: [0.0536334812641, 0.0451317206025, 0.0352935567498, 0.0257605072111, 0.0172209665179, 0.0154848415405]
        dmean2: [0.0912220850587, 0.0763971358538, 0.0598019510508, 0.0435136705637, 0.0294153690338, 0.0253878161311]
        dvar: [0.00191816000734, 0.00128430919722, 0.000788281555288, 0.000400583492592, 0.000179597380338, 0.000185789584066]
        dvar2: [0.00548491347581, 0.00366267515346, 0.0022240257822, 0.00114195770584, 0.000516711501405, 0.000465834047645]
        max: [-0.422332555056, -0.548304915428, -0.583503961563, -0.677135825157, -0.691294908524, -0.590323448181]
        mean: [-0.686649978161, -0.767738103867, -0.796039402485, -0.811525583267, -0.809402346611, -0.710150897503]
        median: [-0.685996174812, -0.769078791142, -0.799310564995, -0.81188672781, -0.808025062084, -0.716079652309]
        min: [-0.979499876499, -0.987687885761, -0.975390255451, -0.977316379547, -0.968186974525, -0.964354276657]
        var: [0.00442489562556, 0.00326774269342, 0.00261020683683, 0.00122362980619, 0.000775849272031, 0.00279354560189]
    scvalleys:
        dmean: [0.37281024456, 0.32797151804, 0.268233239651, 0.209380507469, 0.173277765512, 0.261757075787]
        dmean2: [0.633778750896, 0.551223695278, 0.446627110243, 0.349277585745, 0.28936752677, 0.422587662935]
        dvar: [0.0983437001705, 0.0832195878029, 0.0625633820891, 0.0441436097026, 0.0395267792046, 0.11975607276]
        dvar2: [0.258784234524, 0.200724214315, 0.137589126825, 0.0905221477151, 0.0767754241824, 0.263862192631]
        max: [-5.04804944992, -4.69042062759, -4.79292392731, -5.58928823471, -5.48078775406, -7.70982885361]
        mean: [-6.9178071022, -6.74369096756, -7.00528049469, -7.18369531631, -7.10820388794, -10.5152359009]
        median: [-6.34041309357, -6.27919387817, -6.58491230011, -6.65012550354, -6.49698591232, -9.54509067535]
        min: [-28.5866928101, -28.0727424622, -28.0061855316, -27.8559875488, -27.6103210449, -27.4280815125]
        var: [7.35901355743, 7.10485029221, 7.13482809067, 6.98363399506, 7.14339637756, 7.38639307022]

rhythm:
    beats_loudness:
        dmean: 0.00158142868895
        dmean2: 0.00287677580491
        dvar: 2.22472635869e-006
        dvar2: 7.09930327503e-006
        max: 0.0125289354473
        mean: 0.00537336571142
        median: 0.00575195997953
        min: 0
        var: 7.28236682335e-006
    bpm: 136.891067505
    bpm_confidence: 0
    first_peak_bpm: 136
    first_peak_spread: 0.278810411692
    first_peak_weight: 0.706739544868
    onset_rate: 1.8892583847
    second_peak_bpm: 129
    second_peak_spread: 0
    second_peak_weight: 0.0182149354368
    beats_loudness_band_ratio:
        dmean: [0.0994310081005, 0.069712780416, 0.0875673666596, 0.066895224154, 0.0621263943613, 0.0601675435901]
        dmean2: [0.17759335041, 0.119613647461, 0.153152614832, 0.116097651422, 0.108872361481, 0.107409976423]
        dvar: [0.00685890577734, 0.00430218875408, 0.00675120297819, 0.00406811805442, 0.00255344389006, 0.00226033758372]
        dvar2: [0.0208653751761, 0.0126960650086, 0.0202623046935, 0.0113965487108, 0.00761787127703, 0.00693865260109]
        max: [0.482165426016, 0.56997191906, 0.617231369019, 0.52817940712, 0.458048433065, 0.40870141983]
        mean: [0.182746469975, 0.133635297418, 0.155195102096, 0.134016335011, 0.228780761361, 0.190660282969]
        median: [0.17149195075, 0.11527658999, 0.125373154879, 0.112532019615, 0.226868212223, 0.188319861889]
        min: [0, 0, 0, 0, 0, 0]
        var: [0.00966968853027, 0.00731133529916, 0.0112319346517, 0.00592229375616, 0.00590293062851, 0.00534669402987]
    beats_position: [0.452789098024, 0.893968224525, 1.33514738083, 1.77632653713, 2.22911548615, 2.67029476166, 3.11147379875, 3.56426286697, 4.01705217361, 4.46984100342, 4.92263031006, 5.38702917099, 5.85142850876, 6.31582736969, 6.76861667633, 7.22140598297, 7.67419481277, 8.12698364258, 8.56816291809, 9.0093421936, 9.45052146912, 9.89170074463, 10.3328800201, 10.774058342, 11.2152376175, 11.656416893, 12.0975961685, 12.538775444, 12.9799547195, 13.4095239639, 13.8390922546, 14.2802715302, 14.7098407745, 15.1394100189, 15.5805892944, 16.0217685699, 16.4629478455, 16.904127121, 17.3453063965, 17.786485672, 18.2276649475, 18.6688423157, 19.0984115601, 19.5395908356, 19.96916008, 20.4103393555, 20.851518631, 21.2926979065, 21.733877182, 22.1634464264, 22.5930156708, 23.0341949463, 23.4753742218, 23.9165534973, 24.3577327728, 24.7989120483, 25.2400894165, 25.6696586609, 26.0992279053, 26.5404071808, 26.9815864563, 27.4227657318, 27.8639450073, 28.3051242828, 28.7463035583, 29.1758728027, 29.6054420471, 30.0466213226, 30.4878005981, 30.9289798737, 31.3701572418, 31.7997264862, 32.2292976379, 32.6704750061, 33.111656189, 33.5528335571, 33.99401474, 34.4351921082, 34.8763694763, 35.3059387207, 35.7355079651, 36.1766891479, 36.6178665161, 37.059047699, 37.5002250671, 37.9297943115, 38.3593635559, 38.8005447388, 39.2417221069, 39.6829032898, 40.124080658, 40.5652618408, 41.006439209, 41.4360084534, 41.8655776978, 42.3067550659, 42.7479362488, 43.1891136169, 43.6302947998, 44.0598640442, 44.4894332886, 44.9306106567, 45.3717918396, 45.8129692078, 46.2541503906, 46.6953277588, 47.1365089417, 47.5776863098, 48.018863678, 48.4484329224, 48.8780021667, 49.3191833496, 49.7603607178, 50.2015419006, 50.6427192688, 51.0722885132, 51.5018577576, 51.9430389404, 52.3842163086, 52.8253974915, 53.2665748596, 53.696144104, 54.1373214722, 54.578502655, 55.0080718994, 55.4492492676, 55.8904304504, 56.3316078186, 56.761177063, 57.1907463074, 57.6319274902, 58.0731048584, 58.5142860413, 58.9554634094, 59.3966445923, 59.8378219604, 60.2789993286, 60.708568573, 61.1381378174, 61.5793190002, 62.0204963684, 62.4616775513, 62.9028549194, 63.3440361023, 63.7736053467, 64.2031707764, 64.6443557739, 65.0855331421, 65.5267105103, 65.9678878784, 66.3974609375, 66.8270263672, 67.2682037354, 67.7093887329, 68.1505661011, 68.5917434692, 69.0329208374, 69.474105835, 69.9152832031, 70.3448486328, 70.7744216919, 71.2155990601, 71.6567764282, 72.0863494873, 72.515914917, 72.9570999146, 73.3982772827, 73.8394546509, 74.280632019, 74.7218093872, 75.1629943848, 75.6041717529, 76.0453491211, 76.4749221802, 76.9044876099, 77.345664978, 77.7868499756, 78.2280273438, 78.6692047119, 79.0871658325, 79.5283432007, 79.9695205688, 80.410697937, 80.8518829346, 81.2930603027, 81.7342376709, 82.1754150391, 82.6049880981, 83.0345535278, 83.4757385254, 83.9169158936, 84.3580932617, 84.7992706299, 85.2404556274, 85.6816329956, 86.1111984253, 86.5407714844, 86.9819488525, 87.4231262207, 87.8643035889, 88.3054885864, 88.7350540161, 89.1646270752, 89.6058044434, 90.0469818115, 90.4881591797, 90.9293441772, 91.3705215454, 91.8000869751, 92.2296600342, 92.6708374023, 93.1120147705, 93.5531921387, 93.9943771362, 94.4355545044, 94.8651199341, 95.2946929932, 95.7358703613, 96.1770477295, 96.6182327271, 97.0594100952, 97.5005874634, 97.9417648315, 98.3713378906, 98.8009033203, 99.2420806885, 99.683265686, 100.124443054, 100.565620422, 101.006797791, 101.447982788, 101.877548218, 102.307121277, 102.748298645, 103.189476013, 103.630653381, 104.071838379, 104.513015747, 104.942581177, 105.372154236, 105.813331604, 106.254508972, 106.69568634, 107.125259399, 107.554824829, 107.996009827, 108.437187195, 108.878364563, 109.319541931, 109.760726929, 110.201904297, 110.631469727, 111.061042786, 111.502220154, 111.943397522, 112.38457489, 112.825759888, 113.266937256, 113.696502686, 114.137687683, 114.567253113, 115.008430481, 115.449615479, 115.890792847, 116.331970215, 116.773147583, 117.214332581, 117.655509949, 118.085075378, 118.514648438, 118.955825806, 119.397003174, 119.838180542, 120.267753601, 120.697319031, 121.138504028, 121.579681396, 122.020858765, 122.462036133, 122.90322113, 123.33278656, 123.762359619, 124.203536987, 124.644714355, 125.085891724, 125.527069092, 125.968254089, 126.397819519, 126.827392578, 127.268569946, 127.709747314, 128.150924683, 128.592102051, 129.033279419, 129.462860107, 129.892425537, 130.321990967, 130.751556396, 131.192733765, 131.633926392, 132.07510376, 132.516281128, 132.957458496, 133.398635864, 133.839813232, 134.280990601, 134.722167969, 135.151748657, 135.581314087, 136.022491455, 136.463668823, 136.904846191, 137.34602356, 137.787200928, 138.228393555, 138.669570923, 139.099136353, 139.528701782, 139.96987915, 140.411056519, 140.852249146, 141.281814575, 141.722991943, 142.164169312, 142.593734741, 143.034912109, 143.476104736, 143.917282104, 144.358459473, 144.799636841, 145.240814209, 145.670379639, 146.111557007, 146.541137695, 146.982315063, 147.423492432, 147.8646698, 148.294235229, 148.723800659, 149.164993286, 149.606170654, 150.047348022, 150.488525391, 150.929702759, 151.359268188, 151.800445557, 152.241622925, 152.671203613, 153.112380981, 153.55355835, 153.983123779, 154.412689209, 154.853881836, 155.295059204, 155.736236572, 156.17741394, 156.618591309, 157.059768677, 157.489334106, 157.918914795, 158.360092163, 158.801269531, 159.242446899, 159.683624268, 160.124801636, 160.565979004, 160.995559692, 161.425125122, 161.86630249, 162.307479858, 162.748657227, 163.189834595, 163.619400024, 164.048980713, 164.490158081, 164.931335449, 165.372512817, 165.813690186, 166.254867554, 166.696044922, 167.137237549, 167.566802979, 167.996368408, 168.437545776, 168.878723145, 169.308303833, 169.737869263, 170.179046631, 170.620223999, 171.061401367, 171.502578735, 171.943756104, 172.373336792, 172.802902222, 173.24407959, 173.685256958, 174.126434326, 174.567611694, 175.008789063, 175.449981689, 175.891159058, 176.332336426, 176.773513794, 177.203079224, 177.632644653, 178.073822021, 178.515014648, 178.956192017, 179.397369385, 179.838546753, 180.279724121, 180.709289551, 181.138870239, 181.580047607, 182.021224976, 182.462402344, 182.903579712, 183.333145142, 183.762710571, 184.203903198, 184.645080566, 185.086257935, 185.527435303, 185.957000732, 186.386566162, 186.827758789, 187.268936157, 187.710113525, 188.151290894, 188.592468262, 189.03364563, 189.46321106, 189.892791748, 190.333969116, 190.775146484, 191.216323853, 191.657501221, 192.08706665, 192.528244019, 192.969436646, 193.399002075, 193.840179443, 194.281356812, 194.72253418, 195.163711548, 195.604888916, 196.046066284, 196.475646973, 196.905212402, 197.346389771, 197.787567139, 198.217132568, 198.646713257, 199.087890625, 199.529067993, 199.970245361, 200.411422729, 200.852600098, 201.293777466, 201.734954834, 202.164535522, 202.594100952, 203.03527832, 203.476455688, 203.917633057, 204.358810425, 204.788391113, 205.217956543, 205.659133911, 206.100311279, 206.541488647, 206.982666016, 207.423858643, 207.865036011, 208.306213379, 208.735778809, 209.165344238, 209.606521606, 210.047698975, 210.488891602, 210.93006897, 211.371246338, 211.800811768, 212.230377197, 212.671554565, 213.112747192, 213.553924561, 213.98348999, 214.424667358, 214.854232788, 215.295410156, 215.736587524, 216.177780151, 216.61895752, 217.048522949, 217.478088379, 217.919265747, 218.360443115, 218.801635742, 219.24281311, 219.683990479, 220.125167847, 220.554733276, 220.984298706, 221.425476074, 221.866668701, 222.307846069, 222.749023438, 223.190200806, 223.619766235, 224.049331665, 224.490524292, 224.93170166, 225.372879028, 225.814056396, 226.255233765, 226.684799194, 227.114364624, 227.555557251, 227.996734619, 228.437911987, 228.879089355, 229.320266724, 229.761444092, 230.191009521, 230.62059021, 231.061767578, 231.502944946, 231.944122314, 232.385299683, 232.826477051, 233.256057739, 233.685623169, 234.126800537, 234.567977905, 235.009155273, 235.450332642, 235.89151001, 236.332687378, 236.773880005, 237.215057373, 237.656234741, 238.109024048, 238.573425293, 239.037811279, 239.502212524, 239.96661377, 240.431015015, 240.89541626, 241.359817505]
