
metadata:
    version:
        essentia: "2.1-beta2"
    audio_properties:
        analysis_sample_rate: 44100
        bitrate: 320
        channels: 2
        equal_loudness: 1
        length: 97.9591827393
        replay_gain: -9.98944282532
        downmix: "mix"
    tags:
        album: "Wretched & Divine: The Story Of The Wild Ones"
        artist: "Black Veil Brides"
        comment: ""
        date: "2013"
        genre: "Metal"
        title: "Overture"
        tracknumber: "10/19"

configuration:
    average_loudness:
        compute: 1
        frameSize: 88200
        hopSize: 44100
        silentFrames: "noise"
        windowType: "hann"
    general:
        analysisSampleRate: 44100
        endTime: 2000
        equalLoudness: 1
        nequalLoudness: 0
        shortSound: 0
        startTime: 0
    lowlevel:
        compute: 1
        frameSize: 2048
        hopSize: 1024
        zeroPadding: 0
        silentFrames: "noise"
        windowType: "blackmanharris62"
        mfccStats: ["mean", "cov", "icov"]
        stats: ["mean", "var", "median", "min", "max", "dmean", "dmean2", "dvar", "dvar2"]
    panning:
        compute: 0
        frameSize: 8192
        hopSize: 2048
        zeroPadding: 8192
        silentFrames: "noise"
        windowType: "hann"
        stats: ["copy"]
    rhythm:
        compute: 1
        maxTempo: 208
        minTempo: 40
        method: "degara"
        stats: ["mean", "var", "median", "min", "max", "dmean", "dmean2", "dvar", "dvar2"]
    segmentation:
        compute: 0
        cpw: 5
        inc1: 300
        inc2: 50
        minimumSegmentsLength: 10
        size1: 1000
        size2: 600
    sfx:
        compute: 1
        stats: ["mean", "var", "median", "min", "max", "dmean", "dmean2", "dvar", "dvar2"]
    svm:
        compute: 0
    tonal:
        compute: 1
        frameSize: 4096
        hopSize: 2048
        zeroPadding: 0
        silentFrames: "noise"
        windowType: "blackmanharris62"
        stats: ["mean", "var", "median", "min", "max", "dmean", "dmean2", "dvar", "dvar2"]

lowlevel:
    average_loudness: 0.936896622181
    barkbands_kurtosis:
        dmean: 0.665344297886
        dmean2: 1.05632448196
        dvar: 1.37932026386
        dvar2: 3.49476861954
        max: 32.8981895447
        mean: -0.471445024014
        median: -1.00175213814
        min: -1.86554276943
        var: 3.57518029213
    barkbands_skewness:
        dmean: 0.343980550766
        dmean2: 0.527666926384
        dvar: 0.0935433655977
        dvar2: 0.216916024685
        max: 4.18028879166
        mean: 0.361975550652
        median: 0.291391372681
        min: -2.3817949295
        var: 0.536964058876
    barkbands_spread:
        dmean: 4.04874420166
        dmean2: 6.28414392471
        dvar: 12.6587095261
        dvar2: 29.5473327637
        max: 53.1458740234
        mean: 25.4509487152
        median: 25.5905399323
        min: 0.755610585213
        var: 58.6624526978
    dissonance:
        dmean: 0.0240474399179
        dmean2: 0.0401127487421
        dvar: 0.00046669904259
        dvar2: 0.00129860895686
        max: 0.49949580431
        mean: 0.440732032061
        median: 0.446172505617
        min: 0.126561194658
        var: 0.00116918422282
    hfc:
        dmean: 2.0477013588
        dmean2: 3.18809771538
        dvar: 5.28670406342
        dvar2: 12.3983974457
        max: 44.2020645142
        mean: 8.3387336731
        median: 8.00936126709
        min: 1.21262970499e-016
        var: 32.7487297058
    pitch:
        dmean: 103.938438416
        dmean2: 197.662353516
        dvar: 83360.9921875
        dvar2: 221119.4375
        max: 4240.45361328
        mean: 346.426544189
        median: 294.537872314
        min: 73.2947158813
        var: 71477.9375
    pitch_instantaneous_confidence:
        dmean: 0.0709736049175
        dmean2: 0.107428953052
        dvar: 0.00433614477515
        dvar2: 0.0101015912369
        max: 0.966254532337
        mean: 0.649373948574
        median: 0.644651889801
        min: 0.0859864354134
        var: 0.0232854187489
    pitch_salience:
        dmean: 0.0517200306058
        dmean2: 0.0811724513769
        dvar: 0.00183173036203
        dvar2: 0.0045049120672
        max: 0.90347379446
        mean: 0.468508422375
        median: 0.463789343834
        min: 0.174743279815
        var: 0.00687372172251
    silence_rate_20dB:
        dmean: 0
        dmean2: 0
        dvar: 0
        dvar2: 0
        max: 1
        mean: 1
        median: 1
        min: 1
        var: 0
    silence_rate_30dB:
        dmean: 0
        dmean2: 0
        dvar: 0
        dvar2: 0
        max: 1
        mean: 1
        median: 1
        min: 1
        var: 0
    silence_rate_60dB:
        dmean: 0.038871768862
        dmean2: 0.0777619704604
        dvar: 0.0373604185879
        dvar2: 0.0873617976904
        max: 1
        mean: 0.248341232538
        median: 0
        min: 0
        var: 0.186657145619
    spectral_centroid:
        dmean: 216.388595581
        dmean2: 334.160186768
        dvar: 60621.2070313
        dvar2: 108251.390625
        max: 11106.3183594
        mean: 1552.58984375
        median: 1532.24780273
        min: 133.251205444
        var: 296366.5
    spectral_complexity:
        dmean: 1.71035790443
        dmean2: 2.77904224396
        dvar: 2.42523550987
        dvar2: 5.95397758484
        max: 25
        mean: 11.8218011856
        median: 12
        min: 0
        var: 27.5151977539
    spectral_crest:
        dmean: 2.26080036163
        dmean2: 3.54939246178
        dvar: 4.17360591888
        dvar2: 9.87549209595
        max: 23.9049072266
        mean: 8.93037605286
        median: 8.08350944519
        min: 2.85119795799
        var: 13.5227203369
    spectral_decrease:
        dmean: 2.3016168138e-010
        dmean2: 3.47489120811e-010
        dvar: 5.88722471906e-020
        dvar2: 1.32851229285e-019
        max: 2.63086514209e-029
        mean: -1.12407960717e-009
        median: -1.15517329036e-009
        min: -3.99379018745e-009
        var: 3.92095785415e-019
    spectral_energy:
        dmean: 0.0010216756491
        dmean2: 0.00154914427549
        dvar: 1.13306907679e-006
        dvar2: 2.57698434325e-006
        max: 0.0165215376765
        mean: 0.00499887438491
        median: 0.0051765171811
        min: 1.08996159521e-020
        var: 7.84402345744e-006
    spectral_energyband_high:
        dmean: 0.0001526834385
        dmean2: 0.000239050743403
        dvar: 5.54982939605e-008
        dvar2: 1.24874731e-007
        max: 0.004678924568
        mean: 0.000407739600632
        median: 0.0002807022247
        min: 7.67046278387e-021
        var: 2.21920444687e-007
    spectral_energyband_low:
        dmean: 7.29511884856e-005
        dmean2: 0.000123536679894
        dvar: 2.96917743725e-008
        dvar2: 8.432197518e-008
        max: 0.00316844927147
        mean: 0.000124006895931
        median: 4.11637847719e-005
        min: 1.52855229955e-022
        var: 4.62649616395e-008
    spectral_energyband_middle_high:
        dmean: 0.000818322470877
        dmean2: 0.00127355381846
        dvar: 8.83330756096e-007
        dvar2: 2.0985808078e-006
        max: 0.014043030329
        mean: 0.00266183703206
        median: 0.00246016774327
        min: 1.60656549339e-021
        var: 3.68169730791e-006
    spectral_energyband_middle_low:
        dmean: 0.000465396326035
        dmean2: 0.000650461588521
        dvar: 3.28387585569e-007
        dvar2: 6.44436966013e-007
        max: 0.0131356921047
        mean: 0.00189789931756
        median: 0.00161609018687
        min: 4.13597652149e-022
        var: 2.19249045585e-006
    spectral_flatness_db:
        dmean: 0.0144036859274
        dmean2: 0.0219431109726
        dvar: 0.000156284761033
        dvar2: 0.000342603831086
        max: 0.492277681828
        mean: 0.201565295458
        median: 0.196222007275
        min: 0.04854523018
        var: 0.00159096333664
    spectral_flux:
        dmean: 0.00631260545924
        dmean2: 0.0106302835047
        dvar: 3.46203414665e-005
        dvar2: 9.2154747108e-005
        max: 0.0777672529221
        mean: 0.0310604982078
        median: 0.0319471992552
        min: 1.04401223777e-010
        var: 0.000180010261829
    spectral_kurtosis:
        dmean: 1.92864906788
        dmean2: 3.38764619827
        dvar: 11.5918655396
        dvar2: 28.4933891296
        max: 155.167938232
        mean: 6.41322088242
        median: 4.58516407013
        min: -1.19319057465
        var: 130.092529297
    spectral_rms:
        dmean: 0.000217829379835
        dmean2: 0.000327548536006
        dvar: 4.16427177186e-008
        dvar2: 9.33366024469e-008
        max: 0.00401479424909
        mean: 0.00207653688267
        median: 0.00224727857858
        min: 3.26094641741e-012
        var: 5.64945366932e-007
    spectral_rolloff:
        dmean: 417.190185547
        dmean2: 715.86895752
        dvar: 316255.21875
        dvar2: 627582
        max: 18712.3535156
        mean: 2998.70532227
        median: 3273.046875
        min: 150.732421875
        var: 995292.5625
    spectral_skewness:
        dmean: 0.215818747878
        dmean2: 0.367830842733
        dvar: 0.0563555173576
        dvar2: 0.144650235772
        max: 10.7925872803
        mean: 1.59119093418
        median: 1.45769262314
        min: -0.0135249095038
        var: 0.739226579666
    spectral_spread:
        dmean: 255552.890625
        dmean2: 403118.53125
        dvar: 314339459072
        dvar2: 443725611008
        max: 39477512
        mean: 3663382
        median: 3723276.75
        min: 755641.375
        var: 880500867072
    spectral_strongpeak:
        dmean: 0.785094499588
        dmean2: 1.32701468468
        dvar: 1.38367235661
        dvar2: 3.47521781921
        max: 15.0205392838
        mean: 1.46721827984
        median: 0.951967775822
        min: 3.98092447895e-010
        var: 2.53654956818
    zerocrossingrate:
        dmean: 0.00792510900646
        dmean2: 0.00971631053835
        dvar: 0.000105351769889
        dvar2: 0.000118453077448
        max: 0.49951171875
        mean: 0.0895431414247
        median: 0.08935546875
        min: 0.005859375
        var: 0.000732777290978
    barkbands:
        dmean: [1.10530066877e-007, 8.93860305951e-006, 5.08402772539e-005, 3.93712543882e-005, 8.40812426759e-005, 0.000141667187563, 0.000260710628936, 9.99525000225e-005, 4.70709674119e-005, 0.000224486022489, 0.000139391471748, 0.000273582700174, 8.45187532832e-005, 1.02438616523e-005, 5.20684516232e-005, 0.000192165593035, 0.000106214312837, 9.55628420343e-005, 0.000314425647957, 0.000117378753203, 0.000113531888928, 2.03191921173e-005, 1.67477458035e-006, 2.18331564383e-007, 1.10539630782e-007, 6.45855413595e-009, 2.54111287568e-010]
        dmean2: [1.80748415346e-007, 1.46035490616e-005, 8.93773030839e-005, 6.29487767583e-005, 0.000119267780974, 0.000200788432267, 0.000358371529728, 0.000131579654408, 6.63071696181e-005, 0.000338917190675, 0.000210502519622, 0.000426248647273, 0.000129922118504, 1.59420014825e-005, 8.10601341072e-005, 0.000301659049001, 0.000175313718501, 0.000154377208673, 0.00051972019719, 0.00018588945386, 0.000179807655513, 3.06602923956e-005, 2.69342740467e-006, 3.32229404876e-007, 1.70786904619e-007, 1.00506625245e-008, 4.54975807029e-010]
        dvar: [1.6973569902e-013, 3.71457559156e-010, 1.50798999954e-008, 7.49930517685e-009, 1.77254246836e-008, 6.50491003285e-008, 2.65304890945e-007, 3.05895291319e-008, 6.12733153105e-009, 2.26736801778e-007, 1.08343265026e-007, 4.09995521977e-007, 3.25491740227e-008, 7.6287332007e-010, 9.67809299368e-009, 1.06001053268e-007, 3.12669534708e-008, 3.1753994989e-008, 2.10340417084e-007, 4.21266257433e-008, 3.87878564823e-008, 1.6771790623e-009, 1.67267779488e-011, 2.2257473913e-013, 3.27905359658e-014, 1.05961300455e-016, 1.04563862459e-019]
        dvar2: [4.42453094562e-013, 1.04743780316e-009, 4.58056099717e-008, 1.91091391599e-008, 3.6610988019e-008, 1.29658090486e-007, 4.90247941798e-007, 5.25420311703e-008, 1.14572067389e-008, 5.30607394467e-007, 2.56079829342e-007, 9.78279899755e-007, 7.33804128572e-008, 1.69150227158e-009, 2.16215703119e-008, 2.43695978952e-007, 8.399459972e-008, 8.23836288077e-008, 5.25308678334e-007, 9.92273214706e-008, 9.02325538732e-008, 3.6779150836e-009, 4.39946828967e-011, 4.98803093014e-013, 7.69442696407e-014, 2.50175654364e-016, 3.24726965154e-019]
        max: [9.63289130596e-006, 0.00028491995181, 0.00180860061664, 0.00155148201156, 0.00430957926437, 0.00709738908336, 0.0126546276733, 0.00497389491647, 0.00174052489456, 0.00813275389373, 0.00617138389498, 0.0127467997372, 0.00330345565453, 0.000589875038713, 0.00324389641173, 0.00497179850936, 0.00250896438956, 0.00294835027307, 0.0116983745247, 0.00320957764052, 0.00413970043883, 0.000852057302836, 0.000108354899567, 1.56375826919e-005, 5.38635094927e-006, 2.05765360306e-007, 3.9739957991e-009]
        mean: [1.47229499703e-007, 1.81415125553e-005, 6.51550435578e-005, 6.53221140965e-005, 0.000265718146693, 0.000359490717528, 0.000710763037205, 0.000274399702903, 0.000105978622742, 0.000380095560104, 0.000285383692244, 0.000407181069022, 0.000131725450046, 1.64360135386e-005, 8.95107659744e-005, 0.000345658219885, 0.000171896550455, 0.000170144601725, 0.000607822497841, 0.000231290279771, 0.000246602954576, 4.56975176348e-005, 3.48146136275e-006, 5.37951905244e-007, 2.83769765019e-007, 1.77861672057e-008, 4.10207312562e-010]
        median: [1.51122336867e-009, 4.38798861069e-006, 1.59830997291e-005, 2.59407897829e-005, 0.000165126140928, 0.000137661409099, 0.000202080613235, 0.000101088131487, 4.32576271123e-005, 0.000114142581879, 3.7845573388e-005, 6.66853156872e-005, 3.67067550542e-005, 3.90381501347e-006, 3.27620145981e-005, 0.000172264612047, 8.33290978335e-005, 9.00165032363e-005, 0.000387407955714, 0.000139517025673, 0.000140126663609, 2.31062313105e-005, 1.66383870237e-006, 3.33511735562e-007, 1.97528748913e-007, 1.25537100715e-008, 2.99820002159e-010]
        min: [1.0464329049e-023, 8.50771781914e-023, 4.78291636426e-023, 3.37667114206e-023, 1.05340029797e-022, 8.88426006186e-023, 3.18190327782e-023, 3.05015088488e-023, 1.06323190298e-022, 7.44830602242e-023, 1.19252607913e-022, 9.09893246445e-023, 2.21968873718e-022, 9.99801806406e-023, 1.25616784287e-022, 1.83354157651e-022, 1.69250599464e-022, 9.80529366512e-023, 2.6910569832e-022, 2.86447334884e-022, 3.04557132644e-022, 7.05094125967e-022, 5.91812841697e-022, 8.06224276481e-022, 9.49872742365e-022, 1.59082412112e-021, 2.8051974569e-021]
        var: [2.78091487555e-013, 8.77417194456e-010, 1.77227228448e-008, 1.1646302589e-008, 1.20410291515e-007, 3.30543429072e-007, 1.60318927556e-006, 2.39996097662e-007, 2.71454041467e-008, 4.60403356328e-007, 3.83822680305e-007, 7.770424304e-007, 6.29052507861e-008, 1.66532332369e-009, 2.8059570667e-008, 2.41266405965e-007, 5.7619285343e-008, 6.22107592108e-008, 6.50215724818e-007, 8.88943532118e-008, 1.16761853519e-007, 4.70634953231e-009, 3.75170658429e-011, 5.51472875612e-013, 1.04201464623e-013, 3.65715607051e-016, 1.64411904891e-019]
    frequency_bands:
        dmean: [1.10530066877e-007, 8.93860305951e-006, 5.08402772539e-005, 3.93712543882e-005, 8.40812426759e-005, 0.000141667187563, 0.000260710628936, 9.99525000225e-005, 4.70709674119e-005, 0.000224486022489, 0.000139391471748, 0.000273582700174, 8.45187532832e-005, 1.02438616523e-005, 5.20684516232e-005, 0.000192165593035, 0.000106214312837, 9.55628420343e-005, 0.000314425647957, 0.000117378753203, 0.000113531888928, 2.03191921173e-005, 1.67477458035e-006, 2.18331564383e-007, 1.10539630782e-007, 6.45855413595e-009, 2.54111287568e-010, 6.42813649532e-011]
        dmean2: [1.80748415346e-007, 1.46035490616e-005, 8.93773030839e-005, 6.29487767583e-005, 0.000119267780974, 0.000200788432267, 0.000358371529728, 0.000131579654408, 6.63071696181e-005, 0.000338917190675, 0.000210502519622, 0.000426248647273, 0.000129922118504, 1.59420014825e-005, 8.10601341072e-005, 0.000301659049001, 0.000175313718501, 0.000154377208673, 0.00051972019719, 0.00018588945386, 0.000179807655513, 3.06602923956e-005, 2.69342740467e-006, 3.32229404876e-007, 1.70786904619e-007, 1.00506625245e-008, 4.54975807029e-010, 1.19729143266e-010]
        dvar: [1.6973569902e-013, 3.71457559156e-010, 1.50798999954e-008, 7.49930517685e-009, 1.77254246836e-008, 6.50491003285e-008, 2.65304890945e-007, 3.05895291319e-008, 6.12733153105e-009, 2.26736801778e-007, 1.08343265026e-007, 4.09995521977e-007, 3.25491740227e-008, 7.6287332007e-010, 9.67809299368e-009, 1.06001053268e-007, 3.12669534708e-008, 3.1753994989e-008, 2.10340417084e-007, 4.21266257433e-008, 3.87878564823e-008, 1.6771790623e-009, 1.67267779488e-011, 2.2257473913e-013, 3.27905359658e-014, 1.05961300455e-016, 1.04563862459e-019, 7.81712093712e-021]
        dvar2: [4.42453094562e-013, 1.04743780316e-009, 4.58056099717e-008, 1.91091391599e-008, 3.6610988019e-008, 1.29658090486e-007, 4.90247941798e-007, 5.25420311703e-008, 1.14572067389e-008, 5.30607394467e-007, 2.56079829342e-007, 9.78279899755e-007, 7.33804128572e-008, 1.69150227158e-009, 2.16215703119e-008, 2.43695978952e-007, 8.399459972e-008, 8.23836288077e-008, 5.25308678334e-007, 9.92273214706e-008, 9.02325538732e-008, 3.6779150836e-009, 4.39946828967e-011, 4.98803093014e-013, 7.69442696407e-014, 2.50175654364e-016, 3.24726965154e-019, 2.52395520045e-020]
        max: [9.63289130596e-006, 0.00028491995181, 0.00180860061664, 0.00155148201156, 0.00430957926437, 0.00709738908336, 0.0126546276733, 0.00497389491647, 0.00174052489456, 0.00813275389373, 0.00617138389498, 0.0127467997372, 0.00330345565453, 0.000589875038713, 0.00324389641173, 0.00497179850936, 0.00250896438956, 0.00294835027307, 0.0116983745247, 0.00320957764052, 0.00413970043883, 0.000852057302836, 0.000108354899567, 1.56375826919e-005, 5.38635094927e-006, 2.05765360306e-007, 3.9739957991e-009, 1.04487785091e-009]
        mean: [1.47229499703e-007, 1.81415125553e-005, 6.51550435578e-005, 6.53221140965e-005, 0.000265718146693, 0.000359490717528, 0.000710763037205, 0.000274399702903, 0.000105978622742, 0.000380095560104, 0.000285383692244, 0.000407181069022, 0.000131725450046, 1.64360135386e-005, 8.95107659744e-005, 0.000345658219885, 0.000171896550455, 0.000170144601725, 0.000607822497841, 0.000231290279771, 0.000246602954576, 4.56975176348e-005, 3.48146136275e-006, 5.37951905244e-007, 2.83769765019e-007, 1.77861672057e-008, 4.10207312562e-010, 5.08752415196e-011]
        median: [1.51122336867e-009, 4.38798861069e-006, 1.59830997291e-005, 2.59407897829e-005, 0.000165126140928, 0.000137661409099, 0.000202080613235, 0.000101088131487, 4.32576271123e-005, 0.000114142581879, 3.7845573388e-005, 6.66853156872e-005, 3.67067550542e-005, 3.90381501347e-006, 3.27620145981e-005, 0.000172264612047, 8.33290978335e-005, 9.00165032363e-005, 0.000387407955714, 0.000139517025673, 0.000140126663609, 2.31062313105e-005, 1.66383870237e-006, 3.33511735562e-007, 1.97528748913e-007, 1.25537100715e-008, 2.99820002159e-010, 1.88133363055e-011]
        min: [1.0464329049e-023, 8.50771781914e-023, 4.78291636426e-023, 3.37667114206e-023, 1.05340029797e-022, 8.88426006186e-023, 3.18190327782e-023, 3.05015088488e-023, 1.06323190298e-022, 7.44830602242e-023, 1.19252607913e-022, 9.09893246445e-023, 2.21968873718e-022, 9.99801806406e-023, 1.25616784287e-022, 1.83354157651e-022, 1.69250599464e-022, 9.80529366512e-023, 2.6910569832e-022, 2.86447334884e-022, 3.04557132644e-022, 7.05094125967e-022, 5.91812841697e-022, 8.06224276481e-022, 9.49872742365e-022, 1.59082412112e-021, 2.8051974569e-021, 8.67568069468e-022]
        var: [2.78091487555e-013, 8.77417194456e-010, 1.77227228448e-008, 1.1646302589e-008, 1.20410291515e-007, 3.30543429072e-007, 1.60318927556e-006, 2.39996097662e-007, 2.71454041467e-008, 4.60403356328e-007, 3.83822680305e-007, 7.770424304e-007, 6.29052507861e-008, 1.66532332369e-009, 2.8059570667e-008, 2.41266405965e-007, 5.7619285343e-008, 6.22107592108e-008, 6.50215724818e-007, 8.88943532118e-008, 1.16761853519e-007, 4.70634953231e-009, 3.75170658429e-011, 5.51472875612e-013, 1.04201464623e-013, 3.65715607051e-016, 1.64411904891e-019, 6.58752907347e-021]
    mfcc:
        mean: [-741.36907959, 113.527954102, -61.0365104675, 51.5679206848, -39.6706771851, -13.3138484955, -11.1589670181, -10.2702083588, -7.26986265182, -15.6583623886, -10.7273406982, -6.13487291336, 11.7378969193]
        cov: [[5878.93212891, 55.5661621094, -1165.85778809, 609.094604492, -862.10760498, 227.201522827, -43.6089134216, 170.90826416, 157.061645508, -115.234344482, -52.7203559875, -64.0506057739, 224.975921631], [55.5661621094, 558.296813965, -41.7549324036, 50.6179389954, 92.8324279785, -45.8124656677, 56.4330673218, -54.7652702332, -17.6084651947, -1.73343861103, -4.20700216293, 57.1221313477, 24.3056030273], [-1165.85778809, -41.7549324036, 586.08215332, 51.7169342041, 251.659225464, 74.9297103882, 69.4501190186, 53.8725280762, 33.9899215698, 81.4307098389, 24.7257823944, 8.2746181488, -34.2691802979], [609.094604492, 50.6179389954, 51.7169342041, 348.050292969, 15.617565155, 87.0610275269, 36.3510513306, 71.6251296997, 67.1334533691, 17.5143222809, 17.5346736908, 17.2288188934, 76.5931396484], [-862.10760498, 92.8324279785, 251.659225464, 15.617565155, 298.442108154, 28.1920280457, 55.3052330017, 12.5847206116, 0.864565193653, 47.1807289124, 23.4509506226, 44.2020187378, -18.3221378326], [227.201522827, -45.8124656677, 74.9297103882, 87.0610275269, 28.1920280457, 209.717605591, 98.6044845581, 63.9569358826, 30.3011455536, 0.984925448895, 35.1533546448, 28.8170700073, 16.3743476868], [-43.6089134216, 56.4330673218, 69.4501190186, 36.3510513306, 55.3052330017, 98.6044845581, 204.803894043, 70.342300415, 5.34446144104, -0.959692001343, 20.3284435272, 47.8204727173, -5.56531524658], [170.90826416, -54.7652702332, 53.8725280762, 71.6251296997, 12.5847206116, 63.9569358826, 70.342300415, 160.3618927, 65.2595443726, 8.89896869659, 12.1766290665, -0.654307484627, 20.2314491272], [157.061645508, -17.6084651947, 33.9899215698, 67.1334533691, 0.864565193653, 30.3011455536, 5.34446144104, 65.2595443726, 144.00352478, 56.4441795349, -6.41407060623, -32.5179214478, -4.49086666107], [-115.234344482, -1.73343861103, 81.4307098389, 17.5143222809, 47.1807289124, 0.984925448895, -0.959692001343, 8.89896869659, 56.4441795349, 136.754821777, 35.2911109924, -34.7020111084, -32.5748634338], [-52.7203559875, -4.20700216293, 24.7257823944, 17.5346736908, 23.4509506226, 35.1533546448, 20.3284435272, 12.1766290665, -6.41407060623, 35.2911109924, 135.471298218, 46.2409172058, -3.55587315559], [-64.0506057739, 57.1221313477, 8.2746181488, 17.2288188934, 44.2020187378, 28.8170700073, 47.8204727173, -0.654307484627, -32.5179214478, -34.7020111084, 46.2409172058, 158.742858887, 62.9875488281], [224.975921631, 24.3056030273, -34.2691802979, 76.5931396484, -18.3221378326, 16.3743476868, -5.56531524658, 20.2314491272, -4.49086666107, -32.5748634338, -3.55587315559, 62.9875488281, 164.836593628]]
        icov: [[0.000971862580627, -0.000408988445997, 0.00147901766468, -0.00153282599058, 0.00194142281543, -0.00137071264908, 0.000528965494595, -0.000936960685067, 0.000202183320653, -0.000699214288034, 0.000576466612983, -0.000179929862497, 0.000186933844816], [-0.000408988445997, 0.00266785081476, 1.73986391019e-005, -2.80266795016e-005, -0.00198135338724, 0.00166998337954, -0.00163924694061, 0.00180387299042, -0.000511782767717, 0.000325735687511, -0.000120145312394, -0.000235367915593, -0.000343632564181], [0.00147901766468, 1.73986391019e-005, 0.00537741184235, -0.00264758639969, 0.00034873696859, -0.00248644803651, 0.000547084258869, -0.00170090701431, 0.000453115848359, -0.00200405344367, 0.00119212816935, -0.000122343277326, 0.000528757402208], [-0.00153282599058, -2.80266795016e-005, -0.00264758639969, 0.0065438831225, -0.0028420004528, 0.000796113512479, -0.000481330847833, 0.000652763235848, -0.00154655054212, 0.0010367120849, -0.0013205462601, 0.000758234702516, -0.00214175204746], [0.00194142281543, -0.00198135338724, 0.00034873696859, -0.0028420004528, 0.0102981636301, -0.00286795897409, 0.00107694522012, -0.00230240030214, 0.00112029293086, -0.00274754641578, 0.0015420652926, -0.00216356175952, 0.00113156915177], [-0.00137071264908, 0.00166998337954, -0.00248644803651, 0.000796113512479, -0.00286795897409, 0.0097526088357, -0.00430594338104, 0.00152867333964, -0.00158418051433, 0.00225905305706, -0.00246630515903, 0.000377163494704, -0.000676921394188], [0.000528965494595, -0.00163924694061, 0.000547084258869, -0.000481330847833, 0.00107694522012, -0.00430594338104, 0.00917128939182, -0.00459958985448, 0.0019535634201, -0.00113266869448, 0.00140660756733, -0.00257179979235, 0.00212124828249], [-0.000936960685067, 0.00180387299042, -0.00170090701431, 0.000652763235848, -0.00230240030214, 0.00152867333964, -0.00459958985448, 0.0120566962287, -0.00509438291192, 0.00273279473186, -0.00207328051329, 0.00173888448626, -0.0019949041307], [0.000202183320653, -0.000511782767717, 0.000453115848359, -0.00154655054212, 0.00112029293086, -0.00158418051433, 0.0019535634201, -0.00509438291192, 0.0120803331956, -0.00537840975448, 0.00257338373922, -4.07979459851e-005, 0.000922801729757], [-0.000699214288034, 0.000325735687511, -0.00200405344367, 0.0010367120849, -0.00274754641578, 0.00225905305706, -0.00113266869448, 0.00273279473186, -0.00537840975448, 0.0129475444555, -0.00502188038081, 0.00345689128153, 8.73342141858e-005], [0.000576466612983, -0.000120145312394, 0.00119212816935, -0.0013205462601, 0.0015420652926, -0.00246630515903, 0.00140660756733, -0.00207328051329, 0.00257338373922, -0.00502188038081, 0.0109370807186, -0.00455322582275, 0.00186424597632], [-0.000179929862497, -0.000235367915593, -0.000122343277326, 0.000758234702516, -0.00216356175952, 0.000377163494704, -0.00257179979235, 0.00173888448626, -4.07979459851e-005, 0.00345689128153, -0.00455322582275, 0.0113884126768, -0.00444362359121], [0.000186933844816, -0.000343632564181, 0.000528757402208, -0.00214175204746, 0.00113156915177, -0.000676921394188, 0.00212124828249, -0.0019949041307, 0.000922801729757, 8.73342141858e-005, 0.00186424597632, -0.00444362359121, 0.00925737060606]]
    sccoeffs:
        dmean: [0.042271733284, 0.0408844128251, 0.0423648133874, 0.0325011610985, 0.0265052616596, 0.0164572410285]
        dmean2: [0.0704036951065, 0.0636605396867, 0.067305110395, 0.0515913143754, 0.0414383374155, 0.025638833642]
        dvar: [0.00120375806, 0.00107979495078, 0.00117387180217, 0.000669028609991, 0.000467288511572, 0.000172095300513]
        dvar2: [0.00335358968005, 0.00267294817604, 0.00288176443428, 0.00170974317007, 0.00104032538366, 0.000404159276513]
        max: [-0.327218145132, -0.328567326069, -0.401907444, -0.482701331377, -0.518517136574, -0.541806340218]
        mean: [-0.612593233585, -0.646348834038, -0.641722738743, -0.670281350613, -0.671051740646, -0.664254069328]
        median: [-0.615882396698, -0.649089336395, -0.635600447655, -0.664949297905, -0.664572119713, -0.657868862152]
        min: [-0.964857637882, -0.97350281477, -0.975624442101, -0.986756742001, -0.979374527931, -0.959652721882]
        var: [0.00899843219668, 0.00937189534307, 0.00833847932518, 0.00484338589013, 0.00360692851245, 0.00259750033729]
    scvalleys:
        dmean: [0.365480780602, 0.29933527112, 0.290892392397, 0.279139280319, 0.22427624464, 0.173253402114]
        dmean2: [0.613883733749, 0.490537136793, 0.476518571377, 0.453107267618, 0.340932935476, 0.255226612091]
        dvar: [0.147516608238, 0.126110330224, 0.121228426695, 0.11504560709, 0.0961173698306, 0.0666473284364]
        dvar2: [0.294031918049, 0.224585860968, 0.215449109674, 0.203753232956, 0.139710694551, 0.0932337641716]
        max: [-5.49104785919, -5.02641582489, -6.05381441116, -6.66065645218, -6.67692708969, -9.4654378891]
        mean: [-8.09221172333, -7.03427934647, -7.79892349243, -8.53123283386, -8.47525978088, -11.4020862579]
        median: [-7.91207885742, -6.91367864609, -7.69779872894, -8.39040756226, -8.28842544556, -11.1461029053]
        min: [-27.263250351, -27.5001449585, -27.2806377411, -27.3737201691, -27.3576774597, -27.2623329163]
        var: [1.43413448334, 0.866994798183, 0.998274147511, 1.02415776253, 1.24930238724, 1.26537513733]

rhythm:
    beats_loudness:
        dmean: 0.00179231539369
        dmean2: 0.00307008042
        dvar: 2.60707179223e-006
        dvar2: 7.51836432755e-006
        max: 0.013647723943
        mean: 0.0051692314446
        median: 0.00547812739387
        min: 2.58870727521e-006
        var: 7.32109174351e-006
    bpm: 139.482055664
    bpm_confidence: 0
    first_peak_bpm: 140
    first_peak_spread: 0.527638196945
    first_peak_weight: 0.423423409462
    onset_rate: 1.72520875931
    second_peak_bpm: 112
    second_peak_spread: 0.142857119441
    second_peak_weight: 0.0270270276815
    beats_loudness_band_ratio:
        dmean: [0.0451655723155, 0.113813407719, 0.151171669364, 0.159343644977, 0.0866108089685, 0.101263068616]
        dmean2: [0.0748240202665, 0.195662051439, 0.258786171675, 0.275318443775, 0.145435869694, 0.169390410185]
        dvar: [0.00414763391018, 0.0121467858553, 0.023291349411, 0.0178024098277, 0.00509889004752, 0.010208866559]
        dvar2: [0.00883462000638, 0.032527115196, 0.0668508410454, 0.0525997951627, 0.0153882820159, 0.0272243618965]
        max: [0.774434864521, 0.594069302082, 0.864927172661, 0.741128623486, 0.450926542282, 0.605881750584]
        mean: [0.0571372546256, 0.149143770337, 0.242455199361, 0.230600744486, 0.157290801406, 0.188001126051]
        median: [0.021544881165, 0.1081770733, 0.194422617555, 0.207270592451, 0.136382102966, 0.155056774616]
        min: [0.000288656534394, 0.00219177524559, 0.0144881289452, 0.0002777853515, 8.75765836099e-005, 5.18375127285e-005]
        var: [0.0102004855871, 0.0169613640755, 0.0326045528054, 0.0259455293417, 0.00832912977785, 0.0161349251866]
    beats_position: [0.522448956966, 1.05650794506, 1.59056687355, 2.12462592125, 2.65868473053, 3.1811337471, 3.7151927948, 4.2492518425, 4.69043064117, 5.13160991669, 5.5727891922, 6.01396799088, 6.45514726639, 6.8963265419, 7.33750534058, 7.77868461609, 8.2198638916, 8.66104316711, 9.10222244263, 9.54340076447, 9.98458003998, 10.4257593155, 10.8553285599, 11.2848978043, 11.7144670486, 12.144036293, 12.5736055374, 13.0031747818, 13.4327430725, 13.8623123169, 14.2918815613, 14.7214508057, 15.15102005, 15.5805892944, 16.0101585388, 16.4397277832, 16.8692970276, 17.298866272, 17.7284355164, 18.1580047607, 18.575963974, 18.9939231873, 19.4234924316, 19.8646717072, 20.2942390442, 20.7238082886, 21.153377533, 21.5829467773, 22.0241260529, 22.4536952972, 22.8832645416, 23.312833786, 23.7540130615, 24.1719722748, 24.6015415192, 25.0311107635, 25.4606800079, 25.8902492523, 26.3082084656, 26.73777771, 27.1673469543, 27.5969161987, 28.014875412, 28.4444446564, 28.8740139008, 29.3035831451, 29.7331504822, 30.1627197266, 30.5922889709, 31.0218582153, 31.4398174286, 31.8577766418, 32.2757377625, 32.7169151306, 33.1580963135, 33.5992736816, 34.028842926, 34.4584121704, 34.8763694763, 35.2943305969, 35.7238998413, 36.1534690857, 36.5946464539, 37.0126075745, 37.4421768188, 37.8717460632, 38.3013153076, 38.730884552, 39.1720619202, 39.5900230408, 40.0079803467, 40.4491615295, 40.8787307739, 41.3083000183, 41.7262573242, 42.1442184448, 42.5621757507, 42.9917449951, 43.4213142395, 43.8508834839, 44.2804527283, 44.6984100342, 45.139591217, 45.5807685852, 46.0219497681, 46.439907074, 46.8578681946, 47.2758255005, 47.7053947449, 48.1349639893, 48.5645332336, 48.994102478, 49.4120635986, 49.841632843, 50.2712020874, 50.7123794556, 51.1419487, 51.5715179443, 52.0126991272, 52.4538764954, 52.8950538635, 53.3362350464, 53.7658042908, 54.1953735352, 54.6133308411, 55.0545120239, 55.4956893921, 55.936870575, 56.3896598816, 56.8308372498, 57.2836265564, 57.736415863, 58.1659851074, 58.6071662903, 59.03673172, 59.4779129028, 59.919090271, 60.3486595154, 60.7782287598, 61.2077980042, 61.6257591248, 62.0553283691, 62.4965057373, 62.9376869202, 63.3904762268, 63.831653595, 64.3192749023, 64.806892395, 65.2828979492, 65.7821273804, 66.2697525024, 66.7573699951, 67.1869354248, 67.6165084839, 68.0460739136, 68.4756469727, 68.9284362793, 69.3696136475, 69.8456192017, 70.3216323853, 70.7976379395, 71.2620391846, 71.7032165527, 72.1327896118, 72.5623550415, 73.0035324097, 73.4447174072, 73.8858947754, 74.303855896, 74.7218093872, 75.1513824463, 75.580947876, 75.9989089966, 76.4168701172, 76.8348312378, 77.252784729, 77.6939697266, 78.1351470947, 78.5763244629, 78.9942855835, 79.4122467041, 79.8418121338, 80.2713851929, 80.6893386841, 81.1072998047, 81.5252609253, 81.9664382935, 82.4076156616, 82.8487930298, 83.2667541504, 83.6963272095, 84.1258926392, 84.5554656982, 84.9966430664, 85.449432373, 85.8906097412, 86.3201828003, 86.7381362915, 87.1560974121, 87.5856704712, 88.0036239624, 88.44480896, 88.8627624512, 89.2807235718, 89.6986846924, 90.1282501221, 90.5578231812, 90.9990005493, 91.4401779175, 91.8697509766, 92.2993164063, 92.7404937744, 93.181678772, 93.5996322632, 94.0175933838, 94.4355545044, 94.8651199341, 95.2946929932, 95.7126541138, 96.1422195435, 96.5601806641, 96.9897460938, 97.4193191528]
    bpm_estimates: [135.999282837, 135.999130249, 135.999130249, 135.999282837, 135.999130249, 135.999130249, 135.999282837, 135.999130249, 135.999130249, 135.999130249, 135.999130249, 135.999435425, 135.999130249, 135.999130249, 139.674804688, 139.674804688, 139.674804688, 139.674804688, 139.674804688, 139.674804688, 139.675109863, 139.674804688, 139.674804688, 139.674804688, 139.674804688, 139.674804688, 139.674804688, 139.674804688, 139.674804688, 139.674804688, 139.674804688, 139.674804688, 143.554672241, 143.554672241, 139.674804688, 135.999130249, 139.675430298, 139.674804688, 139.674804688, 139.674804688, 135.999130249, 139.674804688, 139.674804688, 139.674804688, 135.999130249, 143.554672241, 139.674804688, 139.674804688, 139.674804688, 139.674804688, 143.554672241, 139.674804688, 139.674804688, 139.674804688, 143.554672241, 139.674804688, 139.674804688, 139.674804688, 139.675430298, 139.674804688, 139.674804688, 139.674804688, 143.554672241, 143.554672241, 143.554016113, 135.999725342, 135.998550415, 135.999725342, 139.674804688, 139.674804688, 143.555328369, 143.554016113, 139.674804688, 139.674804688, 135.999725342, 143.554016113, 139.674804688, 139.674804688, 139.674804688, 139.674804688, 135.999725342, 143.554016113, 143.555328369, 135.998550415, 139.674804688, 139.674804688, 143.555328369, 143.554016113, 143.555328369, 139.674804688, 139.674804688, 139.674804688, 139.674804688, 143.555328369, 135.998550415, 135.999725342, 135.998550415, 143.555328369, 143.554016113, 143.555328369, 139.674804688, 139.674804688, 139.674804688, 139.674804688, 143.554016113, 139.674804688, 139.674804688, 135.999725342, 139.674804688, 139.674804688, 135.998550415, 135.999725342, 135.999725342, 135.998550415, 139.674804688, 139.674804688, 143.555328369, 135.998550415, 135.999725342, 135.998550415, 135.999725342, 139.674804688, 135.998550415, 139.676040649, 135.998550415, 135.999725342, 139.674804688, 139.674804688, 139.674804688, 143.554016113, 139.674804688, 135.999725342, 135.998550415, 135.999725342, 139.676040649, 139.673568726, 139.676040649, 139.673568726, 135.999725342, 135.999725342, 139.673568726, 139.676040649, 135.999725342, 135.997375488, 135.999725342, 143.554016113, 143.556640625, 139.673568726, 139.676040649, 143.554016113, 143.554016113, 143.554016113, 143.556640625, 135.997375488, 135.999725342, 135.999725342, 143.554016113, 143.554016113, 139.676040649, 139.673568726, 143.556640625, 143.554016113, 143.554016113, 135.999725342, 135.999725342, 135.999725342, 143.554016113, 139.673568726, 139.676040649, 139.673568726, 135.999725342, 135.999725342, 139.673568726, 143.556640625, 143.554016113, 139.673568726, 143.556640625, 135.997375488, 143.556640625, 143.554016113, 143.554016113, 139.676040649, 139.673568726, 135.999725342, 135.999725342, 139.673568726, 139.676040649, 135.999725342, 135.997375488, 143.556640625, 143.554016113, 143.554016113, 139.676040649, 139.673568726, 143.554016113, 139.676040649, 143.554016113, 139.676040649, 139.673568726]
    bpm_intervals: [0.534058988094, 0.53405892849, 0.534059047699, 0.53405880928, 0.522449016571, 0.534059047699, 0.534059047699, 0.441178798676, 0.441179275513, 0.441179275513, 0.441178798676, 0.441179275513, 0.441179275513, 0.441178798676, 0.441179275513, 0.441179275513, 0.441179275513, 0.441179275513, 0.441178321838, 0.441179275513, 0.441179275513, 0.429569244385, 0.429569244385, 0.429569244385, 0.429569244385, 0.429569244385, 0.429569244385, 0.42956829071, 0.429569244385, 0.429569244385, 0.429569244385, 0.429569244385, 0.429569244385, 0.429569244385, 0.429569244385, 0.429569244385, 0.429569244385, 0.429569244385, 0.429569244385, 0.417959213257, 0.417959213257, 0.429569244385, 0.441179275513, 0.429567337036, 0.429569244385, 0.429569244385, 0.429569244385, 0.441179275513, 0.429569244385, 0.429569244385, 0.429569244385, 0.441179275513, 0.417959213257, 0.429569244385, 0.429569244385, 0.429569244385, 0.429569244385, 0.417959213257, 0.429569244385, 0.429569244385, 0.429569244385, 0.417959213257, 0.429569244385, 0.429569244385, 0.429569244385, 0.429567337036, 0.429569244385, 0.429569244385, 0.429569244385, 0.417959213257, 0.417959213257, 0.417961120605, 0.441177368164, 0.441181182861, 0.441177368164, 0.429569244385, 0.429569244385, 0.417957305908, 0.417961120605, 0.429569244385, 0.429569244385, 0.441177368164, 0.417961120605, 0.429569244385, 0.429569244385, 0.429569244385, 0.429569244385, 0.441177368164, 0.417961120605, 0.417957305908, 0.441181182861, 0.429569244385, 0.429569244385, 0.417957305908, 0.417961120605, 0.417957305908, 0.429569244385, 0.429569244385, 0.429569244385, 0.429569244385, 0.417957305908, 0.441181182861, 0.441177368164, 0.441181182861, 0.417957305908, 0.417961120605, 0.417957305908, 0.429569244385, 0.429569244385, 0.429569244385, 0.429569244385, 0.417961120605, 0.429569244385, 0.429569244385, 0.441177368164, 0.429569244385, 0.429569244385, 0.441181182861, 0.441177368164, 0.441177368164, 0.441181182861, 0.429569244385, 0.429569244385, 0.417957305908, 0.441181182861, 0.441177368164, 0.441181182861, 0.452789306641, 0.441177368164, 0.452789306641, 0.452789306641, 0.429569244385, 0.441181182861, 0.429565429688, 0.441181182861, 0.441177368164, 0.429569244385, 0.429569244385, 0.429569244385, 0.417961120605, 0.429569244385, 0.441177368164, 0.441181182861, 0.452789306641, 0.441177368164, 0.487621307373, 0.487617492676, 0.476005554199, 0.499229431152, 0.48762512207, 0.487617492676, 0.429565429688, 0.429573059082, 0.429565429688, 0.429573059082, 0.452789306641, 0.441177368164, 0.476005554199, 0.476013183594, 0.476005554199, 0.464401245117, 0.441177368164, 0.429573059082, 0.429565429688, 0.441177368164, 0.441184997559, 0.441177368164, 0.417961120605, 0.417953491211, 0.429573059082, 0.429565429688, 0.417961120605, 0.417961120605, 0.417961120605, 0.417953491211, 0.441184997559, 0.441177368164, 0.441177368164, 0.417961120605, 0.417961120605, 0.429565429688, 0.429573059082, 0.417953491211, 0.417961120605, 0.417961120605, 0.441177368164, 0.441177368164, 0.441177368164, 0.417961120605, 0.429573059082, 0.429565429688, 0.429573059082, 0.441177368164, 0.452789306641, 0.441177368164, 0.429573059082, 0.417953491211, 0.417961120605, 0.429573059082, 0.417953491211, 0.441184997559, 0.417953491211, 0.417961120605, 0.417961120605, 0.429565429688, 0.429573059082, 0.441177368164, 0.441177368164, 0.429573059082, 0.429565429688, 0.441177368164, 0.441184997559, 0.417953491211, 0.417961120605, 0.417961120605, 0.429565429688, 0.429573059082, 0.417961120605, 0.429565429688, 0.417961120605, 0.429565429688, 0.429573059082]
