
metadata:
    version:
        essentia: "2.1-beta2"
    audio_properties:
        analysis_sample_rate: 44100
        bitrate: 320
        channels: 2
        equal_loudness: 1
        length: 325.067749023
        replay_gain: -13.8146057129
        downmix: "mix"
    tags:
        album: "Wretched & Divine: The Story Of The Wild Ones"
        artist: "Black Veil Brides"
        comment: ""
        date: "2013"
        genre: "Metal"
        title: "Shadows Die"
        tracknumber: "11/19"

configuration:
    average_loudness:
        compute: 1
        frameSize: 88200
        hopSize: 44100
        silentFrames: "noise"
        windowType: "hann"
    general:
        analysisSampleRate: 44100
        endTime: 2000
        equalLoudness: 1
        nequalLoudness: 0
        shortSound: 0
        startTime: 0
    lowlevel:
        compute: 1
        frameSize: 2048
        hopSize: 1024
        zeroPadding: 0
        silentFrames: "noise"
        windowType: "blackmanharris62"
        mfccStats: ["mean", "cov", "icov"]
        stats: ["mean", "var", "median", "min", "max", "dmean", "dmean2", "dvar", "dvar2"]
    panning:
        compute: 0
        frameSize: 8192
        hopSize: 2048
        zeroPadding: 8192
        silentFrames: "noise"
        windowType: "hann"
        stats: ["copy"]
    rhythm:
        compute: 1
        maxTempo: 208
        minTempo: 40
        method: "degara"
        stats: ["mean", "var", "median", "min", "max", "dmean", "dmean2", "dvar", "dvar2"]
    segmentation:
        compute: 0
        cpw: 5
        inc1: 300
        inc2: 50
        minimumSegmentsLength: 10
        size1: 1000
        size2: 600
    sfx:
        compute: 1
        stats: ["mean", "var", "median", "min", "max", "dmean", "dmean2", "dvar", "dvar2"]
    svm:
        compute: 0
    tonal:
        compute: 1
        frameSize: 4096
        hopSize: 2048
        zeroPadding: 0
        silentFrames: "noise"
        windowType: "blackmanharris62"
        stats: ["mean", "var", "median", "min", "max", "dmean", "dmean2", "dvar", "dvar2"]

lowlevel:
    average_loudness: 0.821353316307
    barkbands_kurtosis:
        dmean: 0.771332323551
        dmean2: 1.24840891361
        dvar: 0.96315407753
        dvar2: 2.14296865463
        max: 68.4794158936
        mean: -0.172155633569
        median: -0.648979008198
        min: -1.88988006115
        var: 4.85871839523
    barkbands_skewness:
        dmean: 0.382740586996
        dmean2: 0.599106252193
        dvar: 0.115859337151
        dvar2: 0.278246164322
        max: 5.01764774323
        mean: -0.568836987019
        median: -0.593106269836
        min: -3.66904854774
        var: 0.478505373001
    barkbands_spread:
        dmean: 5.57425498962
        dmean2: 9.01381015778
        dvar: 27.0820178986
        dvar2: 70.3834991455
        max: 70.360206604
        mean: 27.5826320648
        median: 26.7295703888
        min: 1.00119876862
        var: 121.930747986
    dissonance:
        dmean: 0.0109580643475
        dmean2: 0.0185307767242
        dvar: 0.000126947954413
        dvar2: 0.000352557603037
        max: 0.5
        mean: 0.479710757732
        median: 0.484898656607
        min: 0.262958884239
        var: 0.000418337993324
    hfc:
        dmean: 2.39119839668
        dmean2: 3.87284660339
        dvar: 8.61434078217
        dvar2: 21.8680400848
        max: 47.725353241
        mean: 9.25106334686
        median: 8.34293746948
        min: 1.22484762586e-016
        var: 48.3532028198
    pitch:
        dmean: 678.121582031
        dmean2: 1291.35778809
        dvar: 1279125.375
        dvar2: 3198305.75
        max: 4714.87207031
        mean: 1428.53442383
        median: 437.982391357
        min: 64.474899292
        var: 2254967
    pitch_instantaneous_confidence:
        dmean: 0.0844988226891
        dmean2: 0.137935265899
        dvar: 0.00489825662225
        dvar2: 0.0122514525428
        max: 0.946934103966
        mean: 0.425739854574
        median: 0.4052516222
        min: 0.130173563957
        var: 0.0200741682202
    pitch_salience:
        dmean: 0.055853381753
        dmean2: 0.0919031277299
        dvar: 0.00234267045744
        dvar2: 0.00629858253524
        max: 0.863678574562
        mean: 0.650322020054
        median: 0.664330542088
        min: 0.255932897329
        var: 0.00754650542513
    silence_rate_20dB:
        dmean: 0
        dmean2: 0
        dvar: 0
        dvar2: 0
        max: 1
        mean: 1
        median: 1
        min: 1
        var: 0
    silence_rate_30dB:
        dmean: 0
        dmean2: 0
        dvar: 0
        dvar2: 0
        max: 1
        mean: 1
        median: 1
        min: 1
        var: 0
    silence_rate_60dB:
        dmean: 0.0692857131362
        dmean2: 0.138581320643
        dvar: 0.0644905939698
        dvar2: 0.145370706916
        max: 1
        mean: 0.355688869953
        median: 0
        min: 0
        var: 0.229134768248
    spectral_centroid:
        dmean: 249.368179321
        dmean2: 391.860595703
        dvar: 64076.6914063
        dvar2: 147010.78125
        max: 10814.4345703
        mean: 2019.68017578
        median: 2032.49853516
        min: 240.718688965
        var: 251616.96875
    spectral_complexity:
        dmean: 3.46357131004
        dmean2: 5.71112203598
        dvar: 12.1595010757
        dvar2: 31.6394348145
        max: 47
        mean: 16.325334549
        median: 17
        min: 0
        var: 99.6862182617
    spectral_crest:
        dmean: 2.04617810249
        dmean2: 3.41223263741
        dvar: 3.76361346245
        dvar2: 9.89576053619
        max: 23.2906322479
        mean: 6.86336374283
        median: 6.18151760101
        min: 2.35049939156
        var: 7.6450715065
    spectral_decrease:
        dmean: 2.40128805729e-010
        dmean2: 3.91610605055e-010
        dvar: 1.00311133059e-019
        dvar2: 2.56411048942e-019
        max: 1.47064973518e-028
        mean: -9.33955801585e-010
        median: -8.71120287016e-010
        min: -4.35831637446e-009
        var: 4.0966062968e-019
    spectral_energy:
        dmean: 0.00109062262345
        dmean2: 0.00177327764686
        dvar: 1.92827565115e-006
        dvar2: 4.92637764182e-006
        max: 0.0201647467911
        mean: 0.00436407700181
        median: 0.00408594543114
        min: 1.05546719432e-020
        var: 8.9467412181e-006
    spectral_energyband_high:
        dmean: 0.000135852911626
        dmean2: 0.000229301382205
        dvar: 4.31291375946e-008
        dvar2: 1.12805672359e-007
        max: 0.00485910940915
        mean: 0.000384116196074
        median: 0.000313321128488
        min: 7.67173748212e-021
        var: 1.48199703176e-007
    spectral_energyband_low:
        dmean: 0.000181241994142
        dmean2: 0.00031792401569
        dvar: 9.61260653298e-008
        dvar2: 2.71838416666e-007
        max: 0.00354019459337
        mean: 0.000258589250734
        median: 0.000182619100087
        min: 6.88683395758e-023
        var: 9.69477085278e-008
    spectral_energyband_middle_high:
        dmean: 0.000789654091932
        dmean2: 0.00125317194033
        dvar: 8.87242890713e-007
        dvar2: 2.13084695133e-006
        max: 0.0167532730848
        mean: 0.00284770107828
        median: 0.00240222015418
        min: 1.56570668893e-021
        var: 4.8675706239e-006
    spectral_energyband_middle_low:
        dmean: 0.000448401784524
        dmean2: 0.000743832672015
        dvar: 8.12714858967e-007
        dvar2: 2.09901395465e-006
        max: 0.00978695508093
        mean: 0.000958687160164
        median: 0.000749384751543
        min: 1.61285073318e-022
        var: 1.08065637505e-006
    spectral_flatness_db:
        dmean: 0.0145829236135
        dmean2: 0.0228601507843
        dvar: 0.000164926459547
        dvar2: 0.000394672213588
        max: 0.415959268808
        mean: 0.15174254775
        median: 0.141696050763
        min: 0.0544416308403
        var: 0.00195992691442
    spectral_flux:
        dmean: 0.00634570606053
        dmean2: 0.00996437110007
        dvar: 4.72068859381e-005
        dvar2: 0.00010617521184
        max: 0.116149254143
        mean: 0.038591068238
        median: 0.0395695306361
        min: 1.02735930874e-010
        var: 0.000341533537721
    spectral_kurtosis:
        dmean: 1.73446846008
        dmean2: 2.98107242584
        dvar: 8.55450534821
        dvar2: 25.6384162903
        max: 80.4937820435
        mean: 5.28367710114
        median: 3.95650243759
        min: -1.15190887451
        var: 25.2884254456
    spectral_rms:
        dmean: 0.000237744068727
        dmean2: 0.000382021127734
        dvar: 6.40926316464e-008
        dvar2: 1.61275607979e-007
        max: 0.00443541677669
        mean: 0.00190413126256
        median: 0.00199656910263
        min: 3.2089313845e-012
        var: 6.31919078842e-007
    spectral_rolloff:
        dmean: 278.412475586
        dmean2: 457.523071289
        dvar: 125135.914063
        dvar2: 266575.53125
        max: 19207.6171875
        mean: 3359.96264648
        median: 3509.91210938
        min: 301.46484375
        var: 498917.0625
    spectral_skewness:
        dmean: 0.197402730584
        dmean2: 0.328621804714
        dvar: 0.0572176836431
        dvar2: 0.166656151414
        max: 7.38893461227
        mean: 1.43685638905
        median: 1.34971952438
        min: 0.0320154428482
        var: 0.249399825931
    spectral_spread:
        dmean: 458654.4375
        dmean2: 689532.25
        dvar: 423428128768
        dvar2: 741080694784
        max: 39124236
        mean: 3944183.25
        median: 3859839
        min: 1052842.875
        var: 1.95582427136e+012
    spectral_strongpeak:
        dmean: 0.70049238205
        dmean2: 1.18121886253
        dvar: 0.692337989807
        dvar2: 1.75977575779
        max: 12.385093689
        mean: 1.16298568249
        median: 0.679637610912
        min: 3.86557452714e-009
        var: 1.79287111759
    zerocrossingrate:
        dmean: 0.00732557894662
        dmean2: 0.00913412775844
        dvar: 6.56536212773e-005
        dvar2: 8.5109299107e-005
        max: 0.51171875
        mean: 0.107968918979
        median: 0.10888671875
        min: 0.0126953125
        var: 0.000529693323188
    barkbands:
        dmean: [3.37061635491e-007, 5.78394319746e-005, 0.000110863089503, 8.17279214971e-005, 0.000263068679487, 0.000105320796138, 8.52311204653e-005, 5.43686655874e-005, 7.79548645369e-005, 7.23661796656e-005, 5.22152840858e-005, 0.000103076083178, 0.000104856932012, 8.87715796125e-005, 0.000147165003, 0.000144136691233, 0.000211631981074, 0.00019727977633, 0.000276919832686, 0.000158099137479, 5.68404939258e-005, 3.01757863781e-005, 5.85078169024e-006, 2.11900510294e-006, 1.2567199974e-006, 6.13192909782e-008, 4.9539655711e-010]
        dmean2: [5.84672477544e-007, 0.00010326148913, 0.00019475047884, 0.000139612398925, 0.000452462496469, 0.000175193184987, 0.000139942319947, 8.76159247127e-005, 0.000125871229102, 0.000114689319162, 8.53890887811e-005, 0.000167238424183, 0.000166832891409, 0.000143254816066, 0.000231379046454, 0.000232351158047, 0.000341171718901, 0.00032489610021, 0.000455552362837, 0.000265775859589, 9.60437537287e-005, 5.09732744831e-005, 9.43864051806e-006, 3.30295461026e-006, 1.94935319087e-006, 9.39576452197e-008, 8.30546742492e-010]
        dvar: [3.19092083485e-013, 1.22879741937e-008, 3.75026054655e-008, 1.68610725382e-008, 5.73067779897e-007, 3.80916738152e-008, 4.0879822194e-008, 8.46348502392e-009, 2.51955682984e-008, 3.06706837705e-008, 1.21849463852e-008, 4.36888605293e-008, 5.65751356874e-008, 5.59330537442e-008, 1.15867507589e-007, 8.03737734145e-008, 1.2756937906e-007, 1.00634458988e-007, 1.46450886973e-007, 5.28552810408e-008, 6.22802698302e-009, 3.77650932748e-009, 4.29805996349e-010, 5.43323754043e-011, 1.85409361475e-011, 4.77826769308e-014, 1.76396906692e-018]
        dvar2: [9.6565236276e-013, 3.52626088329e-008, 1.06890823304e-007, 4.45098677915e-008, 1.52594816427e-006, 9.74195515369e-008, 1.01287227494e-007, 2.07445758349e-008, 6.23486471341e-008, 7.21393220715e-008, 3.04328118261e-008, 1.09150718686e-007, 1.31712269535e-007, 1.35265722179e-007, 2.67722526814e-007, 1.88595919326e-007, 3.08268937488e-007, 2.44348427714e-007, 3.75272549036e-007, 1.40198238796e-007, 1.70071103867e-008, 8.64134719336e-009, 9.87931514373e-010, 1.08438744095e-010, 4.09917239041e-011, 1.10593385307e-013, 4.403040628e-018]
        max: [1.18621610454e-005, 0.00100086128805, 0.00207565282471, 0.00224918266758, 0.00840163044631, 0.00332657038234, 0.00592940952629, 0.00256814318709, 0.00465142447501, 0.00456152809784, 0.00285170832649, 0.00571936741471, 0.00661076931283, 0.00586413359269, 0.00741261616349, 0.00825759395957, 0.0117428833619, 0.00875621289015, 0.00731995189562, 0.00643243547529, 0.00204392452724, 0.00166104058735, 0.000611651339568, 0.000204009134904, 0.000166670273757, 8.56419774209e-006, 6.4918609155e-008]
        mean: [3.59431936658e-007, 6.07682704867e-005, 0.000141887314385, 0.000105809165689, 0.000278807769064, 0.000161950432812, 0.000127605744638, 9.65184663073e-005, 0.000150618216139, 0.000131307810079, 8.34429156384e-005, 0.000167515201611, 0.00017545738956, 0.000132365850732, 0.000236924402998, 0.000273579906207, 0.000410818320233, 0.000383054459235, 0.000622789317276, 0.000395849870984, 0.000151025786181, 5.90447853028e-005, 1.0361830391e-005, 3.84631084671e-006, 2.25846179092e-006, 1.02245969913e-007, 6.69199473613e-010]
        median: [6.45225597395e-008, 3.00448009511e-005, 9.38800221775e-005, 5.77346327191e-005, 9.94586953311e-005, 8.42748995638e-005, 6.33758027107e-005, 5.26348958374e-005, 7.24979254301e-005, 5.87657268625e-005, 3.72978465748e-005, 6.92687826813e-005, 6.38390192762e-005, 4.83286057715e-005, 8.84553664946e-005, 0.000169850565726, 0.000231347949011, 0.000222278409638, 0.000485299387947, 0.000291513075354, 0.000129790583742, 3.76588795916e-005, 4.3578174882e-006, 1.22460573948e-006, 7.87139924796e-007, 3.02130089835e-008, 2.75655082094e-010]
        min: [8.42209793304e-025, 3.29415061157e-023, 2.76825680465e-023, 9.47949537344e-024, 2.52860322823e-023, 2.4099839494e-023, 2.06655666753e-023, 4.40641987547e-023, 3.12690705095e-023, 5.46779814466e-023, 7.43402827112e-023, 8.46136561452e-023, 1.80143216087e-022, 5.95537035098e-023, 1.37574400997e-022, 1.72907379968e-022, 1.51184927428e-022, 2.31887543734e-022, 1.93374786361e-022, 4.16806334415e-022, 3.14532600646e-022, 5.20315336009e-022, 5.5933615767e-022, 7.9261396462e-022, 1.07010524174e-021, 1.86266957754e-021, 2.66595868561e-021]
        var: [3.69460430132e-013, 9.71921831905e-009, 3.44634401017e-008, 2.32876580242e-008, 4.76047262055e-007, 5.53495738131e-008, 5.99077694119e-008, 1.98365377457e-008, 8.22720380711e-008, 7.95377559371e-008, 2.17716191742e-008, 8.32666415818e-008, 1.14232534543e-007, 8.62073719077e-008, 2.37353759758e-007, 1.9740333812e-007, 3.05462805272e-007, 2.80517269857e-007, 3.99115151595e-007, 2.29659036677e-007, 1.93639753121e-008, 9.79567360559e-009, 7.63768326362e-010, 1.24452878558e-010, 3.42817094157e-011, 7.86692827309e-014, 2.35056564588e-018]
    frequency_bands:
        dmean: [3.37061635491e-007, 5.78394319746e-005, 0.000110863089503, 8.17279214971e-005, 0.000263068679487, 0.000105320796138, 8.52311204653e-005, 5.43686655874e-005, 7.79548645369e-005, 7.23661796656e-005, 5.22152840858e-005, 0.000103076083178, 0.000104856932012, 8.87715796125e-005, 0.000147165003, 0.000144136691233, 0.000211631981074, 0.00019727977633, 0.000276919832686, 0.000158099137479, 5.68404939258e-005, 3.01757863781e-005, 5.85078169024e-006, 2.11900510294e-006, 1.2567199974e-006, 6.13192909782e-008, 4.9539655711e-010, 5.13471140606e-011]
        dmean2: [5.84672477544e-007, 0.00010326148913, 0.00019475047884, 0.000139612398925, 0.000452462496469, 0.000175193184987, 0.000139942319947, 8.76159247127e-005, 0.000125871229102, 0.000114689319162, 8.53890887811e-005, 0.000167238424183, 0.000166832891409, 0.000143254816066, 0.000231379046454, 0.000232351158047, 0.000341171718901, 0.00032489610021, 0.000455552362837, 0.000265775859589, 9.60437537287e-005, 5.09732744831e-005, 9.43864051806e-006, 3.30295461026e-006, 1.94935319087e-006, 9.39576452197e-008, 8.30546742492e-010, 9.54676893095e-011]
        dvar: [3.19092083485e-013, 1.22879741937e-008, 3.75026054655e-008, 1.68610725382e-008, 5.73067779897e-007, 3.80916738152e-008, 4.0879822194e-008, 8.46348502392e-009, 2.51955682984e-008, 3.06706837705e-008, 1.21849463852e-008, 4.36888605293e-008, 5.65751356874e-008, 5.59330537442e-008, 1.15867507589e-007, 8.03737734145e-008, 1.2756937906e-007, 1.00634458988e-007, 1.46450886973e-007, 5.28552810408e-008, 6.22802698302e-009, 3.77650932748e-009, 4.29805996349e-010, 5.43323754043e-011, 1.85409361475e-011, 4.77826769308e-014, 1.76396906692e-018, 6.9700589093e-021]
        dvar2: [9.6565236276e-013, 3.52626088329e-008, 1.06890823304e-007, 4.45098677915e-008, 1.52594816427e-006, 9.74195515369e-008, 1.01287227494e-007, 2.07445758349e-008, 6.23486471341e-008, 7.21393220715e-008, 3.04328118261e-008, 1.09150718686e-007, 1.31712269535e-007, 1.35265722179e-007, 2.67722526814e-007, 1.88595919326e-007, 3.08268937488e-007, 2.44348427714e-007, 3.75272549036e-007, 1.40198238796e-007, 1.70071103867e-008, 8.64134719336e-009, 9.87931514373e-010, 1.08438744095e-010, 4.09917239041e-011, 1.10593385307e-013, 4.403040628e-018, 2.2363823062e-020]
        max: [1.18621610454e-005, 0.00100086128805, 0.00207565282471, 0.00224918266758, 0.00840163044631, 0.00332657038234, 0.00592940952629, 0.00256814318709, 0.00465142447501, 0.00456152809784, 0.00285170832649, 0.00571936741471, 0.00661076931283, 0.00586413359269, 0.00741261616349, 0.00825759395957, 0.0117428833619, 0.00875621289015, 0.00731995189562, 0.00643243547529, 0.00204392452724, 0.00166104058735, 0.000611651339568, 0.000204009134904, 0.000166670273757, 8.56419774209e-006, 6.4918609155e-008, 1.36106070858e-009]
        mean: [3.59431936658e-007, 6.07682704867e-005, 0.000141887314385, 0.000105809165689, 0.000278807769064, 0.000161950432812, 0.000127605744638, 9.65184663073e-005, 0.000150618216139, 0.000131307810079, 8.34429156384e-005, 0.000167515201611, 0.00017545738956, 0.000132365850732, 0.000236924402998, 0.000273579906207, 0.000410818320233, 0.000383054459235, 0.000622789317276, 0.000395849870984, 0.000151025786181, 5.90447853028e-005, 1.0361830391e-005, 3.84631084671e-006, 2.25846179092e-006, 1.02245969913e-007, 6.69199473613e-010, 3.96192002816e-011]
        median: [6.45225597395e-008, 3.00448009511e-005, 9.38800221775e-005, 5.77346327191e-005, 9.94586953311e-005, 8.42748995638e-005, 6.33758027107e-005, 5.26348958374e-005, 7.24979254301e-005, 5.87657268625e-005, 3.72978465748e-005, 6.92687826813e-005, 6.38390192762e-005, 4.83286057715e-005, 8.84553664946e-005, 0.000169850565726, 0.000231347949011, 0.000222278409638, 0.000485299387947, 0.000291513075354, 0.000129790583742, 3.76588795916e-005, 4.3578174882e-006, 1.22460573948e-006, 7.87139924796e-007, 3.02130089835e-008, 2.75655082094e-010, 1.17578204117e-011]
        min: [8.42209793304e-025, 3.29415061157e-023, 2.76825680465e-023, 9.47949537344e-024, 2.52860322823e-023, 2.4099839494e-023, 2.06655666753e-023, 4.40641987547e-023, 3.12690705095e-023, 5.46779814466e-023, 7.43402827112e-023, 8.46136561452e-023, 1.80143216087e-022, 5.95537035098e-023, 1.37574400997e-022, 1.72907379968e-022, 1.51184927428e-022, 2.31887543734e-022, 1.93374786361e-022, 4.16806334415e-022, 3.14532600646e-022, 5.20315336009e-022, 5.5933615767e-022, 7.9261396462e-022, 1.07010524174e-021, 1.86266957754e-021, 2.66595868561e-021, 7.95737752831e-022]
        var: [3.69460430132e-013, 9.71921831905e-009, 3.44634401017e-008, 2.32876580242e-008, 4.76047262055e-007, 5.53495738131e-008, 5.99077694119e-008, 1.98365377457e-008, 8.22720380711e-008, 7.95377559371e-008, 2.17716191742e-008, 8.32666415818e-008, 1.14232534543e-007, 8.62073719077e-008, 2.37353759758e-007, 1.9740333812e-007, 3.05462805272e-007, 2.80517269857e-007, 3.99115151595e-007, 2.29659036677e-007, 1.93639753121e-008, 9.79567360559e-009, 7.63768326362e-010, 1.24452878558e-010, 3.42817094157e-011, 7.86692827309e-014, 2.35056564588e-018, 5.41736294746e-021]
    mfcc:
        mean: [-719.05279541, 100.316719055, -67.5345001221, 46.9562797546, -13.0048379898, -4.61950397491, 1.40293383598, -4.50927352905, -0.780720591545, -6.09178733826, -2.54695701599, -4.6589756012, -0.173111066222]
        cov: [[6206.41210938, -508.764007568, 630.844726563, 1238.875, -368.854614258, 382.965148926, 13.2827501297, 181.812698364, 46.5981788635, -30.2857627869, 213.009307861, -56.3994636536, 37.0523757935], [-508.764007568, 561.520446777, -259.280578613, -55.8493423462, 25.808631897, 3.12701106071, 33.82995224, -22.0342483521, 8.03021907806, -3.09653258324, -9.26568222046, 15.0520839691, 3.93649220467], [630.844726563, -259.280578613, 644.940307617, 230.53692627, 5.37112760544, 57.6500816345, -6.23710155487, 60.034526825, -16.6794071198, -7.0963344574, -11.5900335312, -23.0426692963, 4.43035554886], [1238.875, -55.8493423462, 230.53692627, 544.887939453, -57.8765678406, 98.5756759644, 20.6594085693, 53.6091690063, 59.5978393555, -4.39537620544, 46.6195411682, -16.0828113556, 19.6160888672], [-368.854614258, 25.808631897, 5.37112760544, -57.8765678406, 180.880249023, 14.5613765717, -8.42088222504, -2.17946839333, 1.94585740566, 15.6398305893, -24.7133903503, 0.28412425518, -7.01575803757], [382.965148926, 3.12701106071, 57.6500816345, 98.5756759644, 14.5613765717, 176.587020874, 46.8790130615, 28.6285133362, 19.2492637634, 8.54050064087, 24.1191692352, 1.84879827499, 1.96814680099], [13.2827501297, 33.82995224, -6.23710155487, 20.6594085693, -8.42088222504, 46.8790130615, 125.740257263, 37.8211936951, 3.5237133503, 9.49725627899, 16.1330718994, 13.3859329224, 4.37373638153], [181.812698364, -22.0342483521, 60.034526825, 53.6091690063, -2.17946839333, 28.6285133362, 37.8211936951, 101.015357971, 26.0831069946, -1.77350902557, 8.11721515656, -2.08034849167, 1.15136039257], [46.5981788635, 8.03021907806, -16.6794071198, 59.5978393555, 1.94585740566, 19.2492637634, 3.5237133503, 26.0831069946, 102.990882874, 27.4184017181, 4.74552726746, -0.274977684021, -0.617528259754], [-30.2857627869, -3.09653258324, -7.0963344574, -4.39537620544, 15.6398305893, 8.54050064087, 9.49725627899, -1.77350902557, 27.4184017181, 82.7173995972, 20.9197158813, -4.2725944519, 0.0826654583216], [213.009307861, -9.26568222046, -11.5900335312, 46.6195411682, -24.7133903503, 24.1191692352, 16.1330718994, 8.11721515656, 4.74552726746, 20.9197158813, 86.6994476318, 21.2215919495, 1.17710673809], [-56.3994636536, 15.0520839691, -23.0426692963, -16.0828113556, 0.28412425518, 1.84879827499, 13.3859329224, -2.08034849167, -0.274977684021, -4.2725944519, 21.2215919495, 72.8369750977, 26.0478343964], [37.0523757935, 3.93649220467, 4.43035554886, 19.6160888672, -7.01575803757, 1.96814680099, 4.37373638153, 1.15136039257, -0.617528259754, 0.0826654583216, 1.17710673809, 26.0478343964, 65.2482070923]]
        icov: [[0.000427214981755, 0.000260386586888, 7.43335476727e-005, -0.000797936809249, 0.000592222553678, -0.000612152682152, 0.000425071222708, -0.000399095501052, 0.000476679531857, -4.0649829316e-005, -0.000338331592502, 0.000150360254338, -1.21351595226e-005], [0.000260386586888, 0.00246465532109, 0.00106193753891, -0.00075474352343, -3.63136459782e-005, -0.000524988456164, -0.000371476169676, 4.16474631493e-006, 0.0003584389342, 0.000125984443002, 0.000359097117325, -0.000132659639348, -5.5289179727e-005], [7.43335476727e-005, 0.00106193753891, 0.00257388176396, -0.00124989508186, -0.000234718463616, -0.000512698257808, 0.000472250365419, -0.00130860297941, 0.00153868924826, -0.00057012407342, 0.00114327343181, -0.000139968353324, 0.000126919083414], [-0.000797936809249, -0.00075474352343, -0.00124989508186, 0.0044882283546, -0.000382176949643, 0.000176394285518, -0.000774067768361, 0.000760411494412, -0.00286239385605, 0.0012844450539, -0.00120479485486, 0.00115426734556, -0.0012415307574], [0.000592222553678, -3.63136459782e-005, -0.000234718463616, -0.000382176949643, 0.00730196945369, -0.0020846913103, 0.00151625671424, -0.00097089697374, 0.000805605843198, -0.00196649273857, 0.00183566077612, -0.000949322537053, 0.000916215940379], [-0.000612152682152, -0.000524988456164, -0.000512698257808, 0.000176394285518, -0.0020846913103, 0.00827869586647, -0.0030721265357, 0.000432875589468, -0.00143315817695, 0.000404204824008, -0.0011605505133, 0.000244504830334, -5.25174800714e-006], [0.000425071222708, -0.000371476169676, 0.000472250365419, -0.000774067768361, 0.00151625671424, -0.0030721265357, 0.0110882688314, -0.00460958201438, 0.00223209452815, -0.00200861506164, -0.000122627665405, -0.00191790272947, 0.000366976397345], [-0.000399095501052, 4.16474631493e-006, -0.00130860297941, 0.000760411494412, -0.00097089697374, 0.000432875589468, -0.00460958201438, 0.013920629397, -0.00454507069662, 0.00261580990627, -0.00114922551438, 0.00134176609572, -0.000528720673174], [0.000476679531857, 0.0003584389342, 0.00153868924826, -0.00286239385605, 0.000805605843198, -0.00143315817695, 0.00223209452815, -0.00454507069662, 0.0140654994175, -0.00550503144041, 0.00221829116344, -0.00174561212771, 0.00132112635765], [-4.0649829316e-005, 0.000125984443002, -0.00057012407342, 0.0012844450539, -0.00196649273857, 0.000404204824008, -0.00200861506164, 0.00261580990627, -0.00550503144041, 0.0161772407591, -0.00569596746936, 0.00376909109764, -0.00194161606487], [-0.000338331592502, 0.000359097117325, 0.00114327343181, -0.00120479485486, 0.00183566077612, -0.0011605505133, -0.000122627665405, -0.00114922551438, 0.00221829116344, -0.00569596746936, 0.0170101411641, -0.00661040889099, 0.00307621713728], [0.000150360254338, -0.000132659639348, -0.000139968353324, 0.00115426734556, -0.000949322537053, 0.000244504830334, -0.00191790272947, 0.00134176609572, -0.00174561212771, 0.00376909109764, -0.00661040889099, 0.0195133052766, -0.00811143685132], [-1.21351595226e-005, -5.5289179727e-005, 0.000126919083414, -0.0012415307574, 0.000916215940379, -5.25174800714e-006, 0.000366976397345, -0.000528720673174, 0.00132112635765, -0.00194161606487, 0.00307621713728, -0.00811143685132, 0.0189820025116]]
    sccoeffs:
        dmean: [0.053812045604, 0.0442936271429, 0.0370579995215, 0.031364671886, 0.0222889538854, 0.0184285696596]
        dmean2: [0.0896066725254, 0.0737226083875, 0.0609323345125, 0.0513758733869, 0.0368753112853, 0.0289623662829]
        dvar: [0.00195945310406, 0.00126139435451, 0.00083796744002, 0.000625941611361, 0.000324438966345, 0.000284335314063]
        dvar2: [0.00524882785976, 0.00341462274082, 0.00220780493692, 0.00159621634521, 0.000824544520583, 0.000639591948129]
        max: [-0.345090359449, -0.472785383463, -0.497762799263, -0.538597285748, -0.536272585392, -0.559597611427]
        mean: [-0.684887647629, -0.758597254753, -0.770810902119, -0.766060531139, -0.777146399021, -0.733913004398]
        median: [-0.688060283661, -0.762668848038, -0.776928007603, -0.771551191807, -0.781558334827, -0.733851253986]
        min: [-0.930795252323, -0.961132347584, -0.9619384408, -0.97670763731, -0.969372451305, -0.959787428379]
        var: [0.00606009922922, 0.00339235342108, 0.00309922266752, 0.00267381081358, 0.00127761031035, 0.00164007523563]
    scvalleys:
        dmean: [0.400636821985, 0.326079517603, 0.285937666893, 0.276415795088, 0.217702493072, 0.285912275314]
        dmean2: [0.666151702404, 0.54394441843, 0.470749735832, 0.445560008287, 0.351139605045, 0.43630117178]
        dvar: [0.128653138876, 0.0904731452465, 0.075732126832, 0.0759450495243, 0.0691406354308, 0.132775425911]
        dvar2: [0.293180495501, 0.205092161894, 0.157474696636, 0.154268741608, 0.131205633283, 0.278618812561]
        max: [-5.15601301193, -4.69833135605, -5.28045415878, -5.4909620285, -5.58228778839, -7.27627754211]
        mean: [-7.31964349747, -6.88952350616, -7.02164316177, -7.17168092728, -7.07152175903, -10.166721344]
        median: [-7.01351499557, -6.61347770691, -6.82722425461, -6.97393417358, -6.64051914215, -9.67901039124]
        min: [-28.1930198669, -27.1047935486, -27.7187652588, -27.3547649384, -27.3530979156, -27.1947593689]
        var: [1.44704353809, 1.01154470444, 0.790417015553, 0.832282781601, 1.30678212643, 2.56105089188]

rhythm:
    beats_loudness:
        dmean: 0.00190385710448
        dmean2: 0.00332377571613
        dvar: 3.47003083334e-006
        dvar2: 1.021378921e-005
        max: 0.0174726247787
        mean: 0.00492434995249
        median: 0.00503085879609
        min: 1.18885857603e-007
        var: 9.74727663561e-006
    bpm: 144.981552124
    bpm_confidence: 0
    first_peak_bpm: 144
    first_peak_spread: 0.35788115859
    first_peak_weight: 0.635549843311
    onset_rate: 2.74404358864
    second_peak_bpm: 126
    second_peak_spread: 0.285714298487
    second_peak_weight: 0.00639386195689
    beats_loudness_band_ratio:
        dmean: [0.110827989876, 0.147282674909, 0.0583230927587, 0.0903140306473, 0.147445484996, 0.101890943944]
        dmean2: [0.201041385531, 0.276861399412, 0.10250633955, 0.157603025436, 0.258183866739, 0.178496018052]
        dvar: [0.0107211815193, 0.0203631557524, 0.00392882153392, 0.00919890124351, 0.0158811658621, 0.00875814910978]
        dvar2: [0.0318592190742, 0.0594269037247, 0.0112211685628, 0.0268428139389, 0.0480789840221, 0.0258470159024]
        max: [0.756449103355, 0.788178026676, 0.571474909782, 0.726386845112, 0.890990555286, 0.803209841251]
        mean: [0.142436310649, 0.145641192794, 0.092312708497, 0.137000828981, 0.320298612118, 0.228004604578]
        median: [0.103035539389, 0.0727840736508, 0.0737530216575, 0.0977489054203, 0.283014625311, 0.209121853113]
        min: [2.80078002106e-005, 0.000941784586757, 0.00335026136599, 0.00937747582793, 0.00366152566858, 0.000183702708455]
        var: [0.015747057274, 0.0238877236843, 0.00515769375488, 0.0125929955393, 0.0286284871399, 0.0159516800195]
