
metadata:
    version:
        essentia: "2.1-beta2"
    audio_properties:
        analysis_sample_rate: 44100
        bitrate: 320
        channels: 2
        equal_loudness: 1
        length: 220.94367981
        replay_gain: -15.420545578
        downmix: "mix"
    tags:
        album: "Wretched & Divine: The Story Of The Wild Ones"
        artist: "Black Veil Brides"
        comment: ""
        date: "2013"
        genre: "Metal"
        title: "Days Are Numbered"
        tracknumber: "13/19"

configuration:
    average_loudness:
        compute: 1
        frameSize: 88200
        hopSize: 44100
        silentFrames: "noise"
        windowType: "hann"
    general:
        analysisSampleRate: 44100
        endTime: 2000
        equalLoudness: 1
        nequalLoudness: 0
        shortSound: 0
        startTime: 0
    lowlevel:
        compute: 1
        frameSize: 2048
        hopSize: 1024
        zeroPadding: 0
        silentFrames: "noise"
        windowType: "blackmanharris62"
        mfccStats: ["mean", "cov", "icov"]
        stats: ["mean", "var", "median", "min", "max", "dmean", "dmean2", "dvar", "dvar2"]
    panning:
        compute: 0
        frameSize: 8192
        hopSize: 2048
        zeroPadding: 8192
        silentFrames: "noise"
        windowType: "hann"
        stats: ["copy"]
    rhythm:
        compute: 1
        maxTempo: 208
        minTempo: 40
        method: "degara"
        stats: ["mean", "var", "median", "min", "max", "dmean", "dmean2", "dvar", "dvar2"]
    segmentation:
        compute: 0
        cpw: 5
        inc1: 300
        inc2: 50
        minimumSegmentsLength: 10
        size1: 1000
        size2: 600
    sfx:
        compute: 1
        stats: ["mean", "var", "median", "min", "max", "dmean", "dmean2", "dvar", "dvar2"]
    svm:
        compute: 0
    tonal:
        compute: 1
        frameSize: 4096
        hopSize: 2048
        zeroPadding: 0
        silentFrames: "noise"
        windowType: "blackmanharris62"
        stats: ["mean", "var", "median", "min", "max", "dmean", "dmean2", "dvar", "dvar2"]

lowlevel:
    average_loudness: 0.927980601788
    barkbands_kurtosis:
        dmean: 0.625158250332
        dmean2: 1.01781451702
        dvar: 1.00920200348
        dvar2: 2.36148476601
        max: 28.4497814178
        mean: -0.721134543419
        median: -1.08018290997
        min: -1.85248696804
        var: 1.86814033985
    barkbands_skewness:
        dmean: 0.4031688869
        dmean2: 0.635416150093
        dvar: 0.137963145971
        dvar2: 0.341897904873
        max: 5.18602991104
        mean: -0.197898820043
        median: -0.233316734433
        min: -3.35560727119
        var: 0.467749387026
    barkbands_spread:
        dmean: 5.20852279663
        dmean2: 8.25794124603
        dvar: 24.1141700745
        dvar2: 60.6694488525
        max: 66.5360946655
        mean: 30.3336372375
        median: 30.3056526184
        min: 1.30030798912
        var: 99.0037612915
    dissonance:
        dmean: 0.0104119712487
        dmean2: 0.0175208486617
        dvar: 0.000104607417597
        dvar2: 0.000281713495497
        max: 0.5
        mean: 0.481680393219
        median: 0.484874606133
        min: 0.323397278786
        var: 0.000192831546883
    hfc:
        dmean: 2.62457752228
        dmean2: 4.24882650375
        dvar: 13.0637388229
        dvar2: 33.7787017822
        max: 79.8690872192
        mean: 9.28527832031
        median: 8.4266242981
        min: 1.13991748513e-016
        var: 40.8101158142
    pitch:
        dmean: 905.102050781
        dmean2: 1733.87426758
        dvar: 1676790.125
        dvar2: 4048687.5
        max: 4711.78320313
        mean: 1116.11218262
        median: 325.372192383
        min: 69.5813293457
        var: 1885442.5
    pitch_instantaneous_confidence:
        dmean: 0.0799269378185
        dmean2: 0.130228579044
        dvar: 0.00453556422144
        dvar2: 0.0111881820485
        max: 0.924044311047
        mean: 0.357256740332
        median: 0.33887565136
        min: 0.0986197590828
        var: 0.0150544568896
    pitch_salience:
        dmean: 0.0617918111384
        dmean2: 0.102872364223
        dvar: 0.0029454161413
        dvar2: 0.00821860693395
        max: 0.852296769619
        mean: 0.666869044304
        median: 0.677786707878
        min: 0.141517654061
        var: 0.00626971805468
    silence_rate_20dB:
        dmean: 0
        dmean2: 0
        dvar: 0
        dvar2: 0
        max: 1
        mean: 1
        median: 1
        min: 1
        var: 0
    silence_rate_30dB:
        dmean: 0
        dmean2: 0
        dvar: 0
        dvar2: 0
        max: 1
        mean: 1
        median: 1
        min: 1
        var: 0
    silence_rate_60dB:
        dmean: 0.071668766439
        dmean2: 0.143352597952
        dvar: 0.0665264353156
        dvar2: 0.147385776043
        max: 1
        mean: 0.28149625659
        median: 0
        min: 0
        var: 0.202243030071
    spectral_centroid:
        dmean: 278.647399902
        dmean2: 442.987915039
        dvar: 84364.3984375
        dvar2: 198961.71875
        max: 11853.5566406
        mean: 1853.02429199
        median: 1845.88928223
        min: 230.854171753
        var: 345020.28125
    spectral_complexity:
        dmean: 3.92601943016
        dmean2: 6.40819740295
        dvar: 14.812869072
        dvar2: 38.2139625549
        max: 47
        mean: 17.3295154572
        median: 18
        min: 0
        var: 76.5977706909
    spectral_crest:
        dmean: 2.14684677124
        dmean2: 3.60534191132
        dvar: 4.63405609131
        dvar2: 12.5321321487
        max: 24.2799510956
        mean: 6.60193634033
        median: 5.84653377533
        min: 2.33901524544
        var: 8.11093902588
    spectral_decrease:
        dmean: 2.75362843638e-010
        dmean2: 4.43799053063e-010
        dvar: 1.24362314098e-019
        dvar2: 3.16829613352e-019
        max: 1.15992260537e-028
        mean: -1.07975262065e-009
        median: -1.02650710154e-009
        min: -5.46862821693e-009
        var: 3.71069784822e-019
    spectral_energy:
        dmean: 0.00123465119395
        dmean2: 0.00198641209863
        dvar: 2.52050722338e-006
        dvar2: 6.41700671622e-006
        max: 0.0278842318803
        mean: 0.00491743162274
        median: 0.004661438521
        min: 1.03355999434e-020
        var: 7.9179289969e-006
    spectral_energyband_high:
        dmean: 0.000157025147928
        dmean2: 0.000271478202194
        dvar: 8.04303752489e-008
        dvar2: 2.21401393219e-007
        max: 0.00452959816903
        mean: 0.000358229794074
        median: 0.000289517251076
        min: 7.35329798789e-021
        var: 1.07255040405e-007
    spectral_energyband_low:
        dmean: 0.000151253101649
        dmean2: 0.000263097783318
        dvar: 5.58286537e-008
        dvar2: 1.57305763082e-007
        max: 0.00243224971928
        mean: 0.000229443554417
        median: 0.000174094340764
        min: 2.13303760477e-023
        var: 5.20721066266e-008
    spectral_energyband_middle_high:
        dmean: 0.000840498250909
        dmean2: 0.00131646136288
        dvar: 1.02564126792e-006
        dvar2: 2.45074625127e-006
        max: 0.022357692942
        mean: 0.00290897581726
        median: 0.00246278219856
        min: 1.30078170097e-021
        var: 4.5748561206e-006
    spectral_energyband_middle_low:
        dmean: 0.000656291143969
        dmean2: 0.00107376719825
        dvar: 1.0223902791e-006
        dvar2: 2.64486243395e-006
        max: 0.0101456595585
        mean: 0.00151498813648
        median: 0.00116843008436
        min: 1.90032086094e-022
        var: 1.64170978678e-006
    spectral_flatness_db:
        dmean: 0.0154764959589
        dmean2: 0.023898942396
        dvar: 0.000200135807972
        dvar2: 0.000475842389278
        max: 0.424413889647
        mean: 0.14719568193
        median: 0.142406761646
        min: 0.0535363964736
        var: 0.00155027629808
    spectral_flux:
        dmean: 0.00758338812739
        dmean2: 0.0117057543248
        dvar: 6.63803657517e-005
        dvar2: 0.00013677944662
        max: 0.126283720136
        mean: 0.0427879542112
        median: 0.0421643182635
        min: 6.62322280354e-011
        var: 0.000264094996965
    spectral_kurtosis:
        dmean: 1.35607969761
        dmean2: 2.28366041183
        dvar: 3.07503056526
        dvar2: 9.069480896
        max: 50.5118980408
        mean: 4.43496274948
        median: 4.06384420395
        min: -1.24779069424
        var: 7.96353006363
    spectral_rms:
        dmean: 0.000262844521785
        dmean2: 0.000417039875174
        dvar: 8.68287415301e-008
        dvar2: 2.14612029481e-007
        max: 0.00521575752646
        mean: 0.0020853409078
        median: 0.002132544294
        min: 3.17545469086e-012
        var: 4.48852404134e-007
    spectral_rolloff:
        dmean: 328.959411621
        dmean2: 535.616271973
        dvar: 189570.640625
        dvar2: 421851.8125
        max: 19530.6152344
        mean: 3382.35717773
        median: 3423.77929688
        min: 193.798828125
        var: 685156.375
    spectral_skewness:
        dmean: 0.183829769492
        dmean2: 0.300783157349
        dvar: 0.0348322875798
        dvar2: 0.0948145389557
        max: 4.82351112366
        mean: 1.39876580238
        median: 1.40374875069
        min: -0.108158387244
        var: 0.150335326791
    spectral_spread:
        dmean: 538556.8125
        dmean2: 759471.5
        dvar: 728720474112
        dvar2: 1.13009976934e+012
        max: 41357848
        mean: 4354691.5
        median: 4010822
        min: 1035428
        var: 4.52984045568e+012
    spectral_strongpeak:
        dmean: 0.564974486828
        dmean2: 0.957922339439
        dvar: 0.630504369736
        dvar2: 1.588793993
        max: 8.44048881531
        mean: 0.861220359802
        median: 0.456129640341
        min: 0
        var: 1.10106563568
    zerocrossingrate:
        dmean: 0.00809122435749
        dmean2: 0.00998064316809
        dvar: 7.60260445531e-005
        dvar2: 9.8977383459e-005
        max: 0.521484375
        mean: 0.1019468382
        median: 0.10107421875
        min: 0.01806640625
        var: 0.000632885086816
    barkbands:
        dmean: [2.04678045179e-007, 3.73558978026e-005, 9.12428586162e-005, 9.96166127152e-005, 0.000381887773983, 0.000148540799273, 0.000145973725012, 0.000116070841614, 0.000117673509521, 9.36033975449e-005, 7.2913877375e-005, 0.000106752209831, 0.000109619810246, 0.000117568517453, 0.00013385094644, 0.00015805439034, 0.000192314473679, 0.000214146028156, 0.000298921659123, 0.000162094613188, 6.5635133069e-005, 2.92083150271e-005, 6.78531478115e-006, 4.26055976277e-006, 2.10456460081e-006, 1.16196595457e-007, 1.24185328687e-009]
        dmean2: [3.71404553334e-007, 6.44085594104e-005, 0.000161229661899, 0.000168225276866, 0.000647237640806, 0.00024252285948, 0.000236563748331, 0.000188938705833, 0.000184270858881, 0.00014933643979, 0.000118006086268, 0.000173341599293, 0.000174943241291, 0.000188365476788, 0.000215469961404, 0.000258221814875, 0.00031097306055, 0.00034424502519, 0.000490074569825, 0.000270900549367, 0.000113129055535, 5.18540728081e-005, 1.12775869638e-005, 6.44982583253e-006, 3.04592072098e-006, 1.66101386867e-007, 1.8949091185e-009]
        dvar: [1.99649975371e-013, 5.63401725273e-009, 2.32238832609e-008, 2.26463559017e-008, 7.67014057601e-007, 7.01116320556e-008, 8.26675830012e-008, 6.54282956702e-008, 5.81824721735e-008, 4.20320880323e-008, 2.55211656253e-008, 4.92646741179e-008, 4.69437715367e-008, 5.13108702194e-008, 8.68695053668e-008, 7.85576261819e-008, 9.90401787249e-008, 1.26813617385e-007, 2.47677718335e-007, 5.99638241283e-008, 1.03127382189e-008, 3.74673714276e-009, 3.13294862275e-010, 2.78245732011e-010, 5.86626996979e-011, 1.7384410697e-013, 1.60081186836e-017]
        dvar2: [5.88299049233e-013, 1.51616159627e-008, 6.64659580707e-008, 5.86266466485e-008, 2.04035040952e-006, 1.72121630726e-007, 2.03572369628e-007, 1.54753521997e-007, 1.3459170134e-007, 9.85265202758e-008, 6.30371843613e-008, 1.2137469696e-007, 1.12467212432e-007, 1.18416757289e-007, 2.04217144528e-007, 1.89057487887e-007, 2.43335108507e-007, 3.03249606759e-007, 5.98375208938e-007, 1.53880620246e-007, 2.82930585627e-008, 1.03884483238e-008, 7.4157935348e-010, 5.85940074238e-010, 1.05814412787e-010, 3.10227375473e-013, 3.35189432987e-017]
        max: [4.46615558758e-006, 0.000713250250556, 0.00162148626987, 0.00317959324457, 0.00888905394822, 0.00518892752007, 0.00474654790014, 0.00607156008482, 0.00550186634064, 0.00463615404442, 0.00369788473472, 0.00499246176332, 0.00431317696348, 0.00478635914624, 0.00557804573327, 0.00770724751055, 0.00572100887075, 0.00727817136794, 0.0176844652742, 0.00471520377323, 0.00256877322681, 0.00102065713145, 0.000421347212978, 0.000397013965994, 0.000169527425896, 1.35859318107e-005, 1.09183410757e-007]
        mean: [1.76327532131e-007, 4.05641003454e-005, 0.000119638367323, 0.000136471004225, 0.000464477634523, 0.000235500236158, 0.000221338850679, 0.000199994639843, 0.000227535172598, 0.00016548219719, 0.000119811484183, 0.000171382838744, 0.000170453946339, 0.000189733633306, 0.000218856526772, 0.000297590828268, 0.000372307462385, 0.000419209798565, 0.000578660925385, 0.000357997108949, 0.000145615631482, 4.41895499534e-005, 1.01054902188e-005, 6.7458772719e-006, 3.41695817951e-006, 1.83769273576e-007, 1.76878423019e-009]
        median: [1.88187812e-008, 1.85890385183e-005, 8.29267228255e-005, 8.72459058883e-005, 0.000177829177119, 0.00012909679208, 8.84351320565e-005, 6.68945504003e-005, 9.2544243671e-005, 7.45324286981e-005, 4.83139519929e-005, 7.62709823903e-005, 6.71154193697e-005, 8.98530634004e-005, 9.10398375709e-005, 0.000190529564861, 0.00025356412516, 0.000263012771029, 0.000409961328842, 0.00028409078368, 0.000120288335893, 2.81480297417e-005, 4.03760986956e-006, 1.56334760959e-006, 9.76088472271e-007, 4.19374046601e-008, 4.36705255291e-010]
        min: [3.18810542059e-025, 4.85657207033e-024, 3.02617613979e-024, 5.4324503919e-024, 1.74547623738e-023, 1.55986042183e-023, 1.22163670314e-023, 4.3330636999e-023, 1.56650263065e-023, 1.88313625187e-023, 2.54746946786e-023, 3.55229303657e-023, 2.74042863181e-023, 2.52904057271e-023, 5.98354972469e-023, 7.87195398969e-023, 1.05093671692e-022, 1.00686981079e-022, 1.94157336379e-022, 1.78437736675e-022, 3.41952572674e-022, 4.17652775855e-022, 3.3310064455e-022, 6.21165081181e-022, 8.13538039436e-022, 1.45376417103e-021, 2.12494298312e-021]
        var: [1.46448418713e-013, 4.68904914896e-009, 1.93119760183e-008, 2.99504208101e-008, 7.18697720004e-007, 1.21226705119e-007, 1.45227076587e-007, 2.02216796197e-007, 2.2588505999e-007, 1.06856901994e-007, 4.63920208915e-008, 8.79687576116e-008, 8.33416180512e-008, 9.56438910293e-008, 1.68768792719e-007, 1.7536385144e-007, 1.95533957026e-007, 2.83097364218e-007, 5.2416936569e-007, 1.13769509369e-007, 1.60655471149e-008, 4.08544087449e-009, 5.13650677547e-010, 5.43302292044e-010, 1.23009463726e-010, 3.8130970278e-013, 3.13251014955e-017]
    frequency_bands:
        dmean: [2.04678045179e-007, 3.73558978026e-005, 9.12428586162e-005, 9.96166127152e-005, 0.000381887773983, 0.000148540799273, 0.000145973725012, 0.000116070841614, 0.000117673509521, 9.36033975449e-005, 7.2913877375e-005, 0.000106752209831, 0.000109619810246, 0.000117568517453, 0.00013385094644, 0.00015805439034, 0.000192314473679, 0.000214146028156, 0.000298921659123, 0.000162094613188, 6.5635133069e-005, 2.92083150271e-005, 6.78531478115e-006, 4.26055976277e-006, 2.10456460081e-006, 1.16196595457e-007, 1.24185328687e-009, 5.57511710408e-011]
        dmean2: [3.71404553334e-007, 6.44085594104e-005, 0.000161229661899, 0.000168225276866, 0.000647237640806, 0.00024252285948, 0.000236563748331, 0.000188938705833, 0.000184270858881, 0.00014933643979, 0.000118006086268, 0.000173341599293, 0.000174943241291, 0.000188365476788, 0.000215469961404, 0.000258221814875, 0.00031097306055, 0.00034424502519, 0.000490074569825, 0.000270900549367, 0.000113129055535, 5.18540728081e-005, 1.12775869638e-005, 6.44982583253e-006, 3.04592072098e-006, 1.66101386867e-007, 1.8949091185e-009, 1.03294345299e-010]
        dvar: [1.99649975371e-013, 5.63401725273e-009, 2.32238832609e-008, 2.26463559017e-008, 7.67014057601e-007, 7.01116320556e-008, 8.26675830012e-008, 6.54282956702e-008, 5.81824721735e-008, 4.20320880323e-008, 2.55211656253e-008, 4.92646741179e-008, 4.69437715367e-008, 5.13108702194e-008, 8.68695053668e-008, 7.85576261819e-008, 9.90401787249e-008, 1.26813617385e-007, 2.47677718335e-007, 5.99638241283e-008, 1.03127382189e-008, 3.74673714276e-009, 3.13294862275e-010, 2.78245732011e-010, 5.86626996979e-011, 1.7384410697e-013, 1.60081186836e-017, 6.05980197904e-021]
        dvar2: [5.88299049233e-013, 1.51616159627e-008, 6.64659580707e-008, 5.86266466485e-008, 2.04035040952e-006, 1.72121630726e-007, 2.03572369628e-007, 1.54753521997e-007, 1.3459170134e-007, 9.85265202758e-008, 6.30371843613e-008, 1.2137469696e-007, 1.12467212432e-007, 1.18416757289e-007, 2.04217144528e-007, 1.89057487887e-007, 2.43335108507e-007, 3.03249606759e-007, 5.98375208938e-007, 1.53880620246e-007, 2.82930585627e-008, 1.03884483238e-008, 7.4157935348e-010, 5.85940074238e-010, 1.05814412787e-010, 3.10227375473e-013, 3.35189432987e-017, 1.93482359726e-020]
        max: [4.46615558758e-006, 0.000713250250556, 0.00162148626987, 0.00317959324457, 0.00888905394822, 0.00518892752007, 0.00474654790014, 0.00607156008482, 0.00550186634064, 0.00463615404442, 0.00369788473472, 0.00499246176332, 0.00431317696348, 0.00478635914624, 0.00557804573327, 0.00770724751055, 0.00572100887075, 0.00727817136794, 0.0176844652742, 0.00471520377323, 0.00256877322681, 0.00102065713145, 0.000421347212978, 0.000397013965994, 0.000169527425896, 1.35859318107e-005, 1.09183410757e-007, 8.08341282799e-010]
        mean: [1.76327532131e-007, 4.05641003454e-005, 0.000119638367323, 0.000136471004225, 0.000464477634523, 0.000235500236158, 0.000221338850679, 0.000199994639843, 0.000227535172598, 0.00016548219719, 0.000119811484183, 0.000171382838744, 0.000170453946339, 0.000189733633306, 0.000218856526772, 0.000297590828268, 0.000372307462385, 0.000419209798565, 0.000578660925385, 0.000357997108949, 0.000145615631482, 4.41895499534e-005, 1.01054902188e-005, 6.7458772719e-006, 3.41695817951e-006, 1.83769273576e-007, 1.76878423019e-009, 4.39502531591e-011]
        median: [1.88187812e-008, 1.85890385183e-005, 8.29267228255e-005, 8.72459058883e-005, 0.000177829177119, 0.00012909679208, 8.84351320565e-005, 6.68945504003e-005, 9.2544243671e-005, 7.45324286981e-005, 4.83139519929e-005, 7.62709823903e-005, 6.71154193697e-005, 8.98530634004e-005, 9.10398375709e-005, 0.000190529564861, 0.00025356412516, 0.000263012771029, 0.000409961328842, 0.00028409078368, 0.000120288335893, 2.81480297417e-005, 4.03760986956e-006, 1.56334760959e-006, 9.76088472271e-007, 4.19374046601e-008, 4.36705255291e-010, 1.58695556696e-011]
        min: [3.18810542059e-025, 4.85657207033e-024, 3.02617613979e-024, 5.4324503919e-024, 1.74547623738e-023, 1.55986042183e-023, 1.22163670314e-023, 4.3330636999e-023, 1.56650263065e-023, 1.88313625187e-023, 2.54746946786e-023, 3.55229303657e-023, 2.74042863181e-023, 2.52904057271e-023, 5.98354972469e-023, 7.87195398969e-023, 1.05093671692e-022, 1.00686981079e-022, 1.94157336379e-022, 1.78437736675e-022, 3.41952572674e-022, 4.17652775855e-022, 3.3310064455e-022, 6.21165081181e-022, 8.13538039436e-022, 1.45376417103e-021, 2.12494298312e-021, 5.31662816141e-022]
        var: [1.46448418713e-013, 4.68904914896e-009, 1.93119760183e-008, 2.99504208101e-008, 7.18697720004e-007, 1.21226705119e-007, 1.45227076587e-007, 2.02216796197e-007, 2.2588505999e-007, 1.06856901994e-007, 4.63920208915e-008, 8.79687576116e-008, 8.33416180512e-008, 9.56438910293e-008, 1.68768792719e-007, 1.7536385144e-007, 1.95533957026e-007, 2.83097364218e-007, 5.2416936569e-007, 1.13769509369e-007, 1.60655471149e-008, 4.08544087449e-009, 5.13650677547e-010, 5.43302292044e-010, 1.23009463726e-010, 3.8130970278e-013, 3.13251014955e-017, 5.02224001381e-021]
    mfcc:
        mean: [-703.87878418, 102.948043823, -64.6939620972, 49.316947937, -15.5631437302, -7.70680189133, -0.199538260698, -8.17305660248, -2.38921976089, -8.02246189117, -4.95361566544, -6.17924308777, -3.17747354507]
        cov: [[4677.21923828, 125.298179626, 53.6379432678, 257.213867188, -271.902038574, -155.135391235, -155.193450928, 60.8988800049, -92.0835647583, 8.20603942871, -9.32977867126, -123.870483398, -68.684753418], [125.298179626, 789.712890625, -247.303573608, 227.485412598, -61.8421478271, 11.9435806274, 80.7428817749, -22.9990386963, 49.3108673096, -35.6756210327, 37.4249992371, 19.8670749664, 12.2149343491], [53.6379432678, -247.303573608, 742.919189453, 59.7423667908, 159.450210571, 26.2366294861, -68.7289428711, 37.1372184753, -39.3890686035, 1.26698946953, -58.9196014404, 2.28345322609, 14.3756351471], [257.213867188, 227.485412598, 59.7423667908, 348.73538208, 33.0020904541, 1.65441286564, -4.12657546997, 0.772824764252, 53.2488327026, -16.2928447723, -14.1769046783, 3.54952383041, 14.4948158264], [-271.902038574, -61.8421478271, 159.450210571, 33.0020904541, 230.434341431, 63.7376213074, -2.91020703316, 1.66658461094, 1.72835814953, 7.5342168808, -25.0451450348, 17.2033786774, 10.8779497147], [-155.135391235, 11.9435806274, 26.2366294861, 1.65441286564, 63.7376213074, 132.188552856, 40.7060508728, 9.87496089935, -6.99707555771, 5.67438602448, 11.9662742615, 10.1790676117, -0.766584992409], [-155.193450928, 80.7428817749, -68.7289428711, -4.12657546997, -2.91020703316, 40.7060508728, 130.428497314, 43.1272506714, 24.2172431946, -7.15130519867, 20.2928028107, 24.6902160645, -0.420045286417], [60.8988800049, -22.9990386963, 37.1372184753, 0.772824764252, 1.66658461094, 9.87496089935, 43.1272506714, 94.3704452515, 28.9117794037, 10.0467700958, 11.054813385, 7.3537979126, -0.0805552825332], [-92.0835647583, 49.3108673096, -39.3890686035, 53.2488327026, 1.72835814953, -6.99707555771, 24.2172431946, 28.9117794037, 107.65447998, 32.5374259949, 8.7127161026, 12.6582870483, 6.03009366989], [8.20603942871, -35.6756210327, 1.26698946953, -16.2928447723, 7.5342168808, 5.67438602448, -7.15130519867, 10.0467700958, 32.5374259949, 83.1117019653, 36.6801071167, 3.65994691849, -3.31888818741], [-9.32977867126, 37.4249992371, -58.9196014404, -14.1769046783, -25.0451450348, 11.9662742615, 20.2928028107, 11.054813385, 8.7127161026, 36.6801071167, 104.195030212, 33.1519584656, 0.484960883856], [-123.870483398, 19.8670749664, 2.28345322609, 3.54952383041, 17.2033786774, 10.1790676117, 24.6902160645, 7.3537979126, 12.6582870483, 3.65994691849, 33.1519584656, 78.5863265991, 29.369348526], [-68.684753418, 12.2149343491, 14.3756351471, 14.4948158264, 10.8779497147, -0.766584992409, -0.420045286417, -0.0805552825332, 6.03009366989, -3.31888818741, 0.484960883856, 29.369348526, 62.6786384583]]
        icov: [[0.000294783298159, -3.50293521478e-005, 4.06980689149e-006, -0.000329994683852, 0.000340193568263, 0.000148666949826, 0.000343421299476, -0.00053458387265, 0.000558794883545, -0.000298736500554, 5.75512240175e-005, 0.000159806761076, 0.000204724667128], [-3.50293521478e-005, 0.00211682519875, 0.000538259395398, -0.00142645137385, 0.000278512598015, -0.000155955247465, -0.00119230127893, 0.000973381625954, -0.000289784191409, 0.000812840939034, -0.000741106981877, 0.000129293446662, -0.000285405782051], [4.06980689149e-006, 0.000538259395398, 0.00211264239624, -0.000769484380726, -0.000995404552668, -0.000117470372061, 0.000999535317533, -0.00151190778706, 0.00123762490693, -0.000435977592133, 0.000882122491021, -0.000612093834206, -9.31305621634e-005], [-0.000329994683852, -0.00142645137385, -0.000769484380726, 0.00484527135268, -0.000893552380148, -0.00026458746288, 0.000741027004551, 0.000605683308095, -0.00314904283732, 0.00171877094544, -0.000116917108244, 0.000289077113848, -0.000610634044278], [0.000340193568263, 0.000278512598015, -0.000995404552668, -0.000893552380148, 0.00682681193575, -0.00287854461931, 0.000565556576476, 0.000137551964144, 0.000222093411139, -0.00139945931733, 0.00211557745934, -0.00172807078343, 0.000235299754422], [0.000148666949826, -0.000155955247465, -0.000117470372061, -0.00026458746288, -0.00287854461931, 0.0104850977659, -0.0035822186619, 5.40932451258e-005, 0.00216594850644, -0.00122355879284, -0.00125329871662, 0.000831605226267, 0.000232174919802], [0.000343421299476, -0.00119230127893, 0.000999535317533, 0.000741027004551, 0.000565556576476, -0.0035822186619, 0.0135715650395, -0.00638525234535, -0.00120542687364, 0.00242711300962, -5.74801451876e-005, -0.00313714123331, 0.00186375528574], [-0.00053458387265, 0.000973381625954, -0.00151190778706, 0.000605683308095, 0.000137551964144, 5.40932451258e-005, -0.00638525234535, 0.0162096731365, -0.00483615323901, 0.000709548883606, -0.00182071141899, 0.00112780521158, -0.000625506276265], [0.000558794883545, -0.000289784191409, 0.00123762490693, -0.00314904283732, 0.000222093411139, 0.00216594850644, -0.00120542687364, -0.00483615323901, 0.0160317774862, -0.00805923901498, 0.003096323926, -0.00195430940948, 9.51593938225e-006], [-0.000298736500554, 0.000812840939034, -0.000435977592133, 0.00171877094544, -0.00139945931733, -0.00122355879284, 0.00242711300962, 0.000709548883606, -0.00805923901498, 0.0197531357408, -0.00821799505502, 0.00271098315716, 7.64327196521e-005], [5.75512240175e-005, -0.000741106981877, 0.000882122491021, -0.000116917108244, 0.00211557745934, -0.00125329871662, -5.74801451876e-005, -0.00182071141899, 0.003096323926, -0.00821799505502, 0.0162970330566, -0.00774969579652, 0.00241914531216], [0.000159806761076, 0.000129293446662, -0.000612093834206, 0.000289077113848, -0.00172807078343, 0.000831605226267, -0.00313714123331, 0.00112780521158, -0.00195430940948, 0.00271098315716, -0.00774969579652, 0.0208742134273, -0.00887554418296], [0.000204724667128, -0.000285405782051, -9.31305621634e-005, -0.000610634044278, 0.000235299754422, 0.000232174919802, 0.00186375528574, -0.000625506276265, 9.51593938225e-006, 7.64327196521e-005, 0.00241914531216, -0.00887554418296, 0.0205138549209]]
    sccoeffs:
        dmean: [0.0568038597703, 0.0491713471711, 0.0369933396578, 0.030263165012, 0.0212346166372, 0.0191307924688]
        dmean2: [0.0929984897375, 0.0816751644015, 0.0612658001482, 0.0494669601321, 0.0345364771783, 0.029659057036]
        dvar: [0.00223932764493, 0.00155669776723, 0.00084330746904, 0.000577545608394, 0.000302198895952, 0.000311525567668]
        dvar2: [0.00570581154898, 0.00413403706625, 0.00225158128887, 0.00147028500214, 0.000745383324102, 0.000659006589558]
        max: [-0.34135428071, -0.424981206656, -0.512923061848, -0.574390351772, -0.549560129642, -0.508047878742]
        mean: [-0.648742079735, -0.74945628643, -0.786493837833, -0.78602039814, -0.793012678623, -0.739684164524]
        median: [-0.65317183733, -0.756053268909, -0.795807301998, -0.791447579861, -0.796853363514, -0.742677628994]
        min: [-0.971271693707, -0.973448097706, -0.972111165524, -0.970487236977, -0.96340161562, -0.963725805283]
        var: [0.00671543460339, 0.00448472425342, 0.00363335059956, 0.0022837088909, 0.00137476378586, 0.00249269185588]
    scvalleys:
        dmean: [0.4102242589, 0.347063422203, 0.287646710873, 0.268836319447, 0.21100217104, 0.318595021963]
        dmean2: [0.676786482334, 0.579847157001, 0.471909731627, 0.429380506277, 0.340800613165, 0.470925629139]
        dvar: [0.154038146138, 0.121859371662, 0.0920005440712, 0.0860096514225, 0.0835942327976, 0.201437622309]
        dvar2: [0.32759270072, 0.25648650527, 0.174850106239, 0.157365903258, 0.143637001514, 0.407443553209]
        max: [-5.48895597458, -4.88829755783, -5.39520740509, -5.5843834877, -5.47488689423, -7.11542892456]
        mean: [-7.30797529221, -6.65210056305, -6.81367921829, -6.94275856018, -6.80848550797, -9.90245342255]
        median: [-7.10843229294, -6.45312309265, -6.66152715683, -6.80796527863, -6.60967206955, -9.57385444641]
        min: [-28.0092468262, -27.5450344086, -27.4148712158, -27.4083843231, -27.5222263336, -27.3165111542]
        var: [1.72854840755, 1.56091797352, 1.35969913006, 1.2009292841, 1.34916174412, 2.13865542412]

rhythm:
    beats_loudness:
        dmean: 0.00190360890701
        dmean2: 0.00334101263434
        dvar: 3.1178090012e-006
        dvar2: 9.00810391613e-006
        max: 0.0166950970888
        mean: 0.00559430522844
        median: 0.00561788864434
        min: 7.63607455045e-010
        var: 5.5445120779e-006
    bpm: 84.7899551392
    bpm_confidence: 0
    first_peak_bpm: 85
    first_peak_spread: 0.11026609689
    first_peak_weight: 0.72000002861
    onset_rate: 2.73825454712
    second_peak_bpm: 112
    second_peak_spread: 0.403508752584
    second_peak_weight: 0.10461538285
    beats_loudness_band_ratio:
        dmean: [0.0970879867673, 0.134611457586, 0.0823413953185, 0.0759920328856, 0.116160854697, 0.0813184976578]
        dmean2: [0.165074542165, 0.232014670968, 0.143512293696, 0.134131938219, 0.200586676598, 0.142766624689]
        dvar: [0.00758393667638, 0.0153328850865, 0.00902495160699, 0.00569081027061, 0.0122202495113, 0.00641323020682]
        dvar2: [0.0186013299972, 0.0383478961885, 0.0246222130954, 0.0162072051316, 0.0305086616427, 0.0191537756473]
        max: [0.662161827087, 0.694375574589, 0.591776788235, 0.409895867109, 0.831483006477, 0.632786810398]
        mean: [0.21053545177, 0.25962176919, 0.1165766716, 0.10806068778, 0.240783199668, 0.193870469928]
        median: [0.194656789303, 0.246827632189, 0.0769750773907, 0.0727111846209, 0.210710555315, 0.174945861101]
        min: [2.23218157771e-005, 0.000164920813404, 0.00491257291287, 0.0113974614069, 0.0408297069371, 0.00487977126613]
        var: [0.0253009591252, 0.0377842411399, 0.0116482460871, 0.00782260205597, 0.0183921139687, 0.00800321623683]
    beats_position: [0.650158703327, 1.3235373497, 1.98530614376, 2.6470746994, 3.30884337425, 3.98222208023, 4.66721057892, 5.36380958557, 6.07201814651, 6.78022670746, 7.4884352684, 8.19664382935, 8.90485286713, 9.61306095123, 10.3096599579, 11.017868042, 11.7260770798, 12.4342851639, 13.1424942017, 13.8507022858, 14.5589113235, 15.2555103302, 15.9637184143, 16.6719264984, 17.3685264587, 18.0767345428, 18.784942627, 19.4931507111, 20.2013607025, 20.8979587555, 21.6061668396, 22.3143768311, 23.0225849152, 23.7191829681, 24.4273910522, 25.1239910126, 25.8321990967, 26.5404071808, 27.2486171722, 27.9568252563, 28.6650333405, 29.3732414246, 30.081451416, 30.7896595001, 31.4862575531, 32.1944656372, 32.9026756287, 33.5992736816, 34.3074836731, 35.0156898499, 35.7238998413, 36.4321098328, 37.1287078857, 37.8369140625, 38.545124054, 39.2533340454, 39.9615402222, 40.6697502136, 41.3779602051, 42.0745582581, 42.7827644348, 43.4909744263, 44.1991844177, 44.9073905945, 45.6156005859, 46.3238105774, 47.0320167542, 47.7402267456, 48.4368247986, 49.14503479, 49.8532409668, 50.5498390198, 51.2464370728, 51.9430389404, 52.6512451172, 53.3594551086, 54.0676651001, 54.7758712769, 55.4724693298, 56.1806793213, 56.8888893127, 57.5970954895, 58.305305481, 59.0135154724, 59.7217216492, 60.4183197021, 61.1265296936, 61.8347396851, 62.531337738, 63.2395439148, 63.9477539063, 64.6675720215, 65.3757781982, 66.0839920044, 66.7921981812, 67.5004043579, 68.1970062256, 68.8936004639, 69.5902023315, 70.2984085083, 71.0066223145, 71.7148284912, 72.423034668, 73.1312484741, 73.8394546509, 74.5476608276, 75.2558746338, 75.9640808105, 76.6722869873, 77.368888855, 78.0770950317, 78.7853012085, 79.4935150146, 80.2017211914, 80.9099273682, 81.6181411743, 82.3263473511, 83.0345535278, 83.7311553955, 84.4277572632, 85.1359634399, 85.8441696167, 86.5523757935, 87.2605895996, 87.9571838379, 88.665397644, 89.3736038208, 90.0818099976, 90.7900238037, 91.486618042, 92.1948318481, 92.9030380249, 93.5996322632, 94.3078460693, 95.0160522461, 95.7242584229, 96.432472229, 97.1406784058, 97.8488845825, 98.5570983887, 99.2653045654, 99.9619064331, 100.67011261, 101.378318787, 102.074920654, 102.783126831, 103.491333008, 104.187934875, 104.884536743, 105.59274292, 106.300949097, 107.009155273, 107.71736908, 108.425575256, 109.133781433, 109.841995239, 110.538589478, 111.246803284, 111.95500946, 112.663215637, 113.371429443, 114.07963562, 114.787841797, 115.496055603, 116.192649841, 116.900856018, 117.609069824, 118.317276001, 119.025482178, 119.733695984, 120.441902161, 121.138504028, 121.846710205, 122.543312073, 123.239906311, 123.948112488, 124.656326294, 125.364532471, 126.072738647, 126.780952454, 127.477546692, 128.185760498, 128.893966675, 129.602172852, 130.310379028, 131.006988525, 131.715194702, 132.423400879, 133.131607056, 133.839813232, 134.548019409, 135.256240845, 135.964447021, 136.66104126, 137.357635498, 138.065841675, 138.77406311, 139.482269287, 140.190475464, 140.898681641, 141.595275879, 142.303482056, 143.011703491, 143.719909668, 144.416503906, 145.124710083, 145.647155762, 146.169616699, 146.703674316, 147.237731934, 147.771789551, 148.305847168, 148.839904785, 149.373962402, 149.90802002, 150.430480957, 150.952926636, 151.486984253, 152.02104187, 152.543487549, 153.077545166, 153.611602783, 154.134063721, 154.668121338, 155.190567017, 155.713012695, 156.247070313, 156.78112793, 157.315185547, 157.837631226, 158.360092163, 158.89414978, 159.428207397, 159.950653076, 160.473098755, 161.007156372, 161.541213989, 162.075286865, 162.597732544, 163.120178223, 163.65423584, 164.188293457, 164.710739136, 165.233200073, 165.76725769, 166.301315308, 166.823760986, 167.346206665, 167.880264282, 168.414321899, 168.948379517, 169.470840454, 169.993286133, 170.52734375, 171.061401367, 171.595458984, 172.129516602, 172.663574219, 173.186035156, 173.708480835, 174.242538452, 174.776596069, 175.299041748, 175.925979614, 176.55291748, 177.249526978, 177.957733154, 178.665939331, 179.374145508, 180.082351685, 180.790557861, 181.498779297, 182.195373535, 182.903579712, 183.611785889, 184.319992065, 185.016601563, 185.724807739, 186.433013916, 187.129608154, 187.826202393, 188.546035767, 189.254241943, 189.96244812, 190.670654297, 191.378860474, 192.08706665, 192.806884766, 193.526702881, 194.246520996, 194.966339111, 195.686157227, 196.394378662, 197.114196777, 197.834014893, 198.553833008, 199.273651123, 200.005081177, 200.73651123, 201.467926025, 202.199356079, 202.930786133, 203.662216187, 204.405258179, 205.125076294, 205.833282471, 206.541488647, 207.249694824, 207.95791626, 208.666122437, 209.374328613, 210.070922852, 210.779129028, 211.487350464, 212.195556641, 212.903762817, 213.611968994, 214.320175171, 215.016769409, 215.736587524, 216.45640564, 217.187835693, 217.919265747, 218.650695801, 219.382125854, 220.125167847]
    bpm_estimates: [87.5927124023, 86.1327667236, 84.7208023071, 84.7208023071, 84.7208023071, 84.7208023071, 84.7207489014, 84.7208633423, 86.1327667236, 84.7208633423, 84.7207489014, 84.7208633423, 84.7207489014, 84.7208633423, 84.7207489014, 86.1327667236, 84.7208633423, 84.7208633423, 86.1326522827, 84.7208633423, 84.7208633423, 84.7208633423, 84.7206344604, 86.1328887939, 84.7208633423, 84.7206344604, 84.7208633423, 86.1328887939, 84.7208633423, 86.1326522827, 84.7208633423, 84.7208633423, 84.7206344604, 84.7208633423, 84.7208633423, 84.7208633423, 84.7206344604, 84.7208633423, 86.1328887939, 84.7208633423, 84.7206344604, 86.1328887939, 84.7206344604, 84.7210922241, 84.7206344604, 84.7206344604, 86.1328887939, 84.7210922241, 84.7206344604, 84.7206344604, 84.7210922241, 84.7206344604, 84.7206344604, 86.1328887939, 84.7210922241, 84.7206344604, 84.7206344604, 84.7210922241, 84.7206344604, 84.7206344604, 84.7210922241, 84.7206344604, 86.1328887939, 84.7206344604, 84.7210922241, 86.1328887939, 86.1328887939, 86.1324157715, 84.7210922241, 84.7206344604, 84.7206344604, 84.7210922241, 86.1328887939, 84.7206344604, 84.7206344604, 84.7210922241, 84.7206344604, 84.7206344604, 84.7210922241, 86.1328887939, 84.7206344604, 84.7206344604, 86.1328887939, 84.7210922241, 84.7206344604, 83.3543930054, 84.7210922241, 84.7201766968, 84.7210922241, 84.7210922241, 86.1324157715, 86.133354187, 86.1324157715, 84.7210922241, 84.7201766968, 84.7210922241, 84.7210922241, 84.7201766968, 84.7210922241, 84.7210922241, 84.7201766968, 84.7210922241, 84.7210922241, 86.1324157715, 84.7210922241, 84.7210922241, 84.7201766968, 84.7210922241, 84.7210922241, 84.7201766968, 84.7210922241, 84.7210922241, 86.1324157715, 86.1324157715, 84.7210922241, 84.7210922241, 84.7210922241, 84.7201766968, 86.133354187, 84.7201766968, 84.7210922241, 84.7210922241, 84.7201766968, 86.133354187, 84.7201766968, 84.7210922241, 86.133354187, 84.7201766968, 84.7210922241, 84.7210922241, 84.7201766968, 84.7210922241, 84.7210922241, 84.7201766968, 84.7210922241, 86.1324157715, 84.7210922241, 84.7210922241, 86.1324157715, 84.7210922241, 84.7210922241, 86.1324157715, 86.1324157715, 84.7210922241, 84.7210922241, 84.7210922241, 84.7201766968, 84.7210922241, 84.7210922241, 84.7201766968, 86.133354187, 84.7201766968, 84.7210922241, 84.7210922241, 84.7201766968, 84.7210922241, 84.7210922241, 84.7201766968, 86.133354187, 84.7210922241, 84.7201766968, 84.7210922241, 84.7210922241, 84.7201766968, 84.7210922241, 86.1324157715, 84.7210922241, 86.1324157715, 86.133354187, 84.7210922241, 84.7201766968, 84.7210922241, 84.7210922241, 84.7201766968, 86.133354187, 84.7201766968, 84.7210922241, 84.7210922241, 84.7210922241, 86.1314697266, 84.7210922241, 84.7210922241, 84.7210922241, 84.7210922241, 84.7210922241, 84.7192687988, 84.7210922241, 86.133354187, 86.133354187, 84.7210922241, 84.7192687988, 84.7210922241, 84.7210922241, 84.7210922241, 86.133354187, 84.7210922241, 84.7192687988, 84.7210922241, 86.133354187, 84.7210922241, 86.1314697266, 84.7210922241, 84.7210922241, 84.7210922241, 84.7210922241, 84.7210922241, 84.7192687988, 86.133354187, 84.7210922241, 84.7210922241, 84.7210922241, 86.1314697266, 84.7210922241, 84.7210922241, 86.133354187, 86.133354187, 83.3526229858, 84.7210922241, 84.7210922241, 84.7210922241, 84.7210922241, 84.7210922241, 83.3543930054, 83.3543930054, 83.3543930054, 83.3543930054, 83.3543930054, 84.7192687988, 83.3543930054, 83.3543930054, 83.3543930054, 83.3543930054, 82.0310821533, 82.0310821533, 82.0327987671, 82.0310821533, 82.0310821533, 82.0310821533, 80.7491378784, 83.3543930054, 84.7210922241, 84.7210922241, 84.7210922241, 84.7192687988, 84.7210922241, 84.7210922241, 86.133354187, 84.7210922241, 84.7192687988, 84.7210922241, 84.7210922241, 84.7210922241, 84.7210922241, 86.133354187, 83.3543930054, 83.3543930054, 82.0310821533, 82.0310821533, 82.0310821533, 82.0310821533, 80.7491378784]
