
metadata:
    version:
        essentia: "2.1-beta2"
    audio_properties:
        analysis_sample_rate: 44100
        bitrate: 320
        channels: 2
        equal_loudness: 1
        length: 58.3314285278
        replay_gain: -13.5105953217
        downmix: "mix"
    tags:
        album: "Wretched & Divine: The Story Of The Wild Ones"
        artist: "Black Veil Brides"
        comment: ""
        date: "2013"
        genre: "Metal"
        title: "F.E.A.R. Transmission 3: As War Fades"
        tracknumber: "17/19"

configuration:
    average_loudness:
        compute: 1
        frameSize: 88200
        hopSize: 44100
        silentFrames: "noise"
        windowType: "hann"
    general:
        analysisSampleRate: 44100
        endTime: 2000
        equalLoudness: 1
        nequalLoudness: 0
        shortSound: 0
        startTime: 0
    lowlevel:
        compute: 1
        frameSize: 2048
        hopSize: 1024
        zeroPadding: 0
        silentFrames: "noise"
        windowType: "blackmanharris62"
        mfccStats: ["mean", "cov", "icov"]
        stats: ["mean", "var", "median", "min", "max", "dmean", "dmean2", "dvar", "dvar2"]
    panning:
        compute: 0
        frameSize: 8192
        hopSize: 2048
        zeroPadding: 8192
        silentFrames: "noise"
        windowType: "hann"
        stats: ["copy"]
    rhythm:
        compute: 1
        maxTempo: 208
        minTempo: 40
        method: "degara"
        stats: ["mean", "var", "median", "min", "max", "dmean", "dmean2", "dvar", "dvar2"]
    segmentation:
        compute: 0
        cpw: 5
        inc1: 300
        inc2: 50
        minimumSegmentsLength: 10
        size1: 1000
        size2: 600
    sfx:
        compute: 1
        stats: ["mean", "var", "median", "min", "max", "dmean", "dmean2", "dvar", "dvar2"]
    svm:
        compute: 0
    tonal:
        compute: 1
        frameSize: 4096
        hopSize: 2048
        zeroPadding: 0
        silentFrames: "noise"
        windowType: "blackmanharris62"
        stats: ["mean", "var", "median", "min", "max", "dmean", "dmean2", "dvar", "dvar2"]

lowlevel:
    average_loudness: 0.930109143257
    barkbands_kurtosis:
        dmean: 1.02924335003
        dmean2: 1.62029731274
        dvar: 4.08011245728
        dvar2: 10.7468605042
        max: 55.7041091919
        mean: 0.323801636696
        median: -0.678114175797
        min: -1.81092059612
        var: 15.3978471756
    barkbands_skewness:
        dmean: 0.430519729853
        dmean2: 0.644620060921
        dvar: 0.146056830883
        dvar2: 0.307114630938
        max: 6.51444482803
        mean: 0.249807760119
        median: 0.151818037033
        min: -2.13963699341
        var: 0.893465220928
    barkbands_spread:
        dmean: 4.19867277145
        dmean2: 6.24274015427
        dvar: 15.622713089
        dvar2: 30.6930007935
        max: 63.8136329651
        mean: 19.8744354248
        median: 19.65209198
        min: 1.82180154324
        var: 76.4089584351
    dissonance:
        dmean: 0.0226055122912
        dmean2: 0.0374623462558
        dvar: 0.000539321510587
        dvar2: 0.00141312973574
        max: 0.499736905098
        mean: 0.455724567175
        median: 0.465965867043
        min: 0.252941966057
        var: 0.00134306086693
    hfc:
        dmean: 1.48989844322
        dmean2: 2.15856552124
        dvar: 3.61662721634
        dvar2: 7.36229944229
        max: 27.402797699
        mean: 4.54010105133
        median: 3.57621121407
        min: 1.15777135147e-016
        var: 14.07675457
    pitch:
        dmean: 295.975280762
        dmean2: 548.333496094
        dvar: 261020.53125
        dvar2: 657024.3125
        max: 4173.26904297
        mean: 525.348876953
        median: 346.983032227
        min: 57.8008384705
        var: 334687.03125
    pitch_instantaneous_confidence:
        dmean: 0.0941739156842
        dmean2: 0.147723287344
        dvar: 0.00642073759809
        dvar2: 0.0146910203621
        max: 0.932409524918
        mean: 0.526915132999
        median: 0.514498591423
        min: 0.0191602706909
        var: 0.0250478498638
    pitch_salience:
        dmean: 0.0690876916051
        dmean2: 0.111333675683
        dvar: 0.00347564578988
        dvar2: 0.00860996451229
        max: 0.891905963421
        mean: 0.584722220898
        median: 0.594012737274
        min: 0.227922961116
        var: 0.013543359004
    silence_rate_20dB:
        dmean: 0
        dmean2: 0
        dvar: 0
        dvar2: 0
        max: 1
        mean: 1
        median: 1
        min: 1
        var: 0
    silence_rate_30dB:
        dmean: 0
        dmean2: 0
        dvar: 0
        dvar2: 0
        max: 1
        mean: 1
        median: 1
        min: 1
        var: 0
    silence_rate_60dB:
        dmean: 0.10982888937
        dmean2: 0.219745218754
        dvar: 0.0977689474821
        dvar2: 0.200913488865
        max: 1
        mean: 0.585521101952
        median: 1
        min: 0
        var: 0.242685392499
    spectral_centroid:
        dmean: 206.848587036
        dmean2: 297.048431396
        dvar: 83960.03125
        dvar2: 117693.5
        max: 11276.4335938
        mean: 1325.25305176
        median: 1267.97045898
        min: 106.456184387
        var: 274276.21875
    spectral_complexity:
        dmean: 2.4401113987
        dmean2: 3.76592350006
        dvar: 5.85088014603
        dvar2: 12.9053850174
        max: 39
        mean: 9.94988059998
        median: 10
        min: 0
        var: 32.0038642883
    spectral_crest:
        dmean: 2.38438606262
        dmean2: 3.8496389389
        dvar: 4.34822559357
        dvar2: 11.0746002197
        max: 22.4373188019
        mean: 8.45985221863
        median: 7.91055583954
        min: 2.6436047554
        var: 10.8929281235
    spectral_decrease:
        dmean: 2.44795406168e-010
        dmean2: 3.52208651133e-010
        dvar: 1.03263276042e-019
        dvar2: 1.9583742694e-019
        max: -5.33431015784e-029
        mean: -8.15426559608e-010
        median: -5.71187430687e-010
        min: -3.69936747902e-009
        var: 4.97232483372e-019
    spectral_energy:
        dmean: 0.00104300689418
        dmean2: 0.00150167988613
        dvar: 1.8557070689e-006
        dvar2: 3.53844416168e-006
        max: 0.0152848130092
        mean: 0.00348940328695
        median: 0.00251251412556
        min: 1.07026556857e-020
        var: 8.79217895999e-006
    spectral_energyband_high:
        dmean: 4.58194408566e-005
        dmean2: 7.22310796846e-005
        dvar: 7.61792939841e-009
        dvar2: 1.92944416e-008
        max: 0.00141050503589
        mean: 8.45124959596e-005
        median: 2.80581771221e-005
        min: 7.2206073932e-021
        var: 1.9367220716e-008
    spectral_energyband_low:
        dmean: 1.52940065163e-005
        dmean2: 2.44087441388e-005
        dvar: 8.31292812364e-010
        dvar2: 1.67483715785e-009
        max: 0.00122977746651
        mean: 3.88148218917e-005
        median: 2.55575578194e-005
        min: 9.2858192927e-023
        var: 2.77020628658e-009
    spectral_energyband_middle_high:
        dmean: 0.00079186889343
        dmean2: 0.00116436253302
        dvar: 1.25855535771e-006
        dvar2: 2.50837274507e-006
        max: 0.0131563730538
        mean: 0.00203299941495
        median: 0.00129171088338
        min: 1.89064407461e-021
        var: 4.31460466643e-006
    spectral_energyband_middle_low:
        dmean: 0.000543400354218
        dmean2: 0.000808382756077
        dvar: 6.81070673636e-007
        dvar2: 1.38621442147e-006
        max: 0.00989067181945
        mean: 0.00138647609856
        median: 0.000774010433815
        min: 3.88473606143e-022
        var: 2.37535959968e-006
    spectral_flatness_db:
        dmean: 0.0184152368456
        dmean2: 0.0273869298398
        dvar: 0.000288143433863
        dvar2: 0.000560092332307
        max: 0.369917243719
        mean: 0.191373616457
        median: 0.18854983151
        min: 0.0673482194543
        var: 0.00174344866537
    spectral_flux:
        dmean: 0.00798556860536
        dmean2: 0.0122637730092
        dvar: 8.19571287138e-005
        dvar2: 0.000181959898327
        max: 0.104737922549
        mean: 0.0344160087407
        median: 0.030891938135
        min: 1.03453641487e-010
        var: 0.000447127822554
    spectral_kurtosis:
        dmean: 3.49617767334
        dmean2: 5.69989538193
        dvar: 13.7449617386
        dvar2: 38.2568511963
        max: 55.022064209
        mean: 11.0294675827
        median: 9.425116539
        min: -1.18826711178
        var: 55.540851593
    spectral_rms:
        dmean: 0.000257850711932
        dmean2: 0.000365961284842
        dvar: 8.19924252937e-008
        dvar2: 1.50101840291e-007
        max: 0.00386160751805
        mean: 0.00165854510851
        median: 0.00156564149074
        min: 3.2313487823e-012
        var: 6.53526797123e-007
    spectral_rolloff:
        dmean: 424.170074463
        dmean2: 680.13079834
        dvar: 392678.71875
        dvar2: 650520
        max: 18970.7519531
        mean: 2290.94946289
        median: 2196.38671875
        min: 129.19921875
        var: 1062862.625
    spectral_skewness:
        dmean: 0.334153860807
        dmean2: 0.522476315498
        dvar: 0.0948735624552
        dvar2: 0.21874268353
        max: 6.01814889908
        mean: 2.30704808235
        median: 2.23038816452
        min: -0.0508261546493
        var: 0.579835057259
    spectral_spread:
        dmean: 467168.21875
        dmean2: 678326.75
        dvar: 1.01629899571e+012
        dvar2: 1.17627001242e+012
        max: 39693188
        mean: 3064464.25
        median: 2873371.5
        min: 1123602.625
        var: 2.00271252685e+012
    spectral_strongpeak:
        dmean: 0.483206659555
        dmean2: 0.815670728683
        dvar: 0.347687065601
        dvar2: 0.863508939743
        max: 5.71160936356
        mean: 0.805509626865
        median: 0.557308912277
        min: 0
        var: 0.578434586525
    zerocrossingrate:
        dmean: 0.00845719408244
        dmean2: 0.00927773211151
        dvar: 0.000184012416867
        dvar2: 0.000188087680726
        max: 0.48583984375
        mean: 0.0735661536455
        median: 0.07080078125
        min: 0.0068359375
        var: 0.000748205813579
    barkbands:
        dmean: [4.10669116491e-008, 3.90544119e-006, 8.84820565261e-006, 1.36206917887e-005, 6.69447617838e-005, 0.000146461650729, 0.000276998878689, 0.000174520260771, 0.000159690229339, 0.000158157054102, 0.000118106225273, 0.000174747183337, 0.000239207191044, 0.000239181797951, 0.000178278860403, 0.000176474757609, 5.97073449171e-005, 5.48687094124e-005, 7.10342283128e-005, 5.34523642273e-005, 5.69033591091e-006, 9.37761888054e-006, 1.7024879071e-006, 1.93328020259e-007, 1.36483222946e-007, 5.76072922698e-009, 1.50465959137e-010]
        dmean2: [6.36634780449e-008, 6.42489476377e-006, 1.4131581338e-005, 2.10283342312e-005, 0.000103981445136, 0.000224707866437, 0.000416308845161, 0.000277776300209, 0.000258915300947, 0.000243911577854, 0.000189760219655, 0.000274069636362, 0.000376723939553, 0.000380447687348, 0.000277026410913, 0.000279403582681, 9.55067444011e-005, 8.77729762578e-005, 0.000113071764645, 8.57072009239e-005, 8.7643857114e-006, 1.39480134749e-005, 2.49833692578e-006, 2.89506147055e-007, 2.07639956784e-007, 8.6010079059e-009, 2.71406508379e-010]
        dvar: [2.37184133011e-015, 3.22660682894e-011, 3.05911379561e-010, 7.86542608822e-010, 1.10305498069e-008, 7.41401393611e-008, 2.9229764209e-007, 1.9669836604e-007, 2.25849248636e-007, 1.66303294691e-007, 1.21474840853e-007, 2.28971032357e-007, 3.29673810029e-007, 3.88255841699e-007, 1.72912038465e-007, 1.16288248364e-007, 1.82163564233e-008, 8.99686547484e-009, 1.18647207614e-008, 8.64540972145e-009, 1.07030877217e-010, 7.47363226861e-010, 2.31138025386e-011, 2.04728486768e-013, 1.20789595231e-013, 4.73312905322e-016, 6.6245754558e-020]
        dvar2: [5.08824846338e-015, 7.83124051718e-011, 5.7167315326e-010, 1.68806157941e-009, 2.59498165178e-008, 1.61432680557e-007, 6.26081998689e-007, 4.67557612183e-007, 5.3050337101e-007, 3.78953075142e-007, 3.15661168315e-007, 5.52008373234e-007, 8.01352825874e-007, 8.97264669675e-007, 3.92588646037e-007, 2.66622890877e-007, 4.59446134471e-008, 2.18528803941e-008, 2.92759327891e-008, 2.20178719701e-008, 2.38510516892e-010, 1.45716194666e-009, 4.47497768008e-011, 4.07508147235e-013, 2.9335773177e-013, 8.36993701005e-016, 2.01702085784e-019]
        max: [1.09698112283e-006, 8.68747738423e-005, 0.000816469371784, 0.000760021270253, 0.00196059700102, 0.00378109118901, 0.00698201870546, 0.00776050984859, 0.00781270675361, 0.00533203361556, 0.00602011568844, 0.00649815704674, 0.00760116055608, 0.0107291787863, 0.00588377285749, 0.00471237162128, 0.00243626954034, 0.0013460367918, 0.00164735375438, 0.00137500732671, 0.000252131343586, 0.000432289176388, 7.06582213752e-005, 1.27080738821e-005, 5.67714505451e-006, 1.14642966764e-006, 5.15931386502e-009]
        mean: [5.90874336126e-008, 8.57058967085e-006, 1.80830975296e-005, 3.79133016395e-005, 0.000169329214259, 0.000243777540163, 0.000418893294409, 0.000234663777519, 0.000203411502298, 0.000235782834352, 0.000158748691319, 0.000231963596889, 0.000304226734443, 0.000299083709251, 0.000227867421927, 0.000268939620582, 9.65658036876e-005, 8.64650573931e-005, 0.000119967837236, 9.45119754761e-005, 1.07965970528e-005, 1.64632892847e-005, 2.74155740954e-006, 3.44068837421e-007, 2.29210499469e-007, 1.03697850307e-008, 1.66214056407e-010]
        median: [4.23318837761e-008, 3.85827343052e-006, 8.89274997462e-006, 1.38069572131e-005, 0.000126791535877, 9.95269219857e-005, 0.000125285907416, 7.60862603784e-005, 3.90310924558e-005, 6.1517348513e-005, 4.65560806333e-005, 6.67865751893e-005, 7.91103666415e-005, 6.03101616434e-005, 5.35412145837e-005, 0.000124595302623, 4.45384175691e-005, 3.89876877307e-005, 7.38439557608e-005, 4.08313208027e-005, 5.59336058359e-006, 2.38804477704e-006, 4.41444171884e-007, 1.33334140173e-007, 8.81770887418e-008, 3.65364716259e-009, 8.12553566099e-011]
        min: [7.46782117903e-024, 5.90227307008e-023, 1.57252952796e-023, 4.23175155602e-023, 9.08076531335e-023, 1.20430408799e-022, 4.21162802987e-023, 2.88611830369e-023, 5.28738691781e-023, 2.05456124861e-023, 7.47708177497e-023, 1.97419989353e-022, 1.00271465952e-022, 1.04918449907e-022, 1.69131626618e-022, 1.17779470126e-022, 3.25179420832e-022, 2.09369010634e-022, 4.71625629249e-022, 1.64770980239e-022, 3.67152551276e-022, 4.63080586949e-022, 4.87227303713e-022, 9.96757282939e-022, 1.15540884826e-021, 1.75156585229e-021, 2.35791367705e-021]
        var: [3.819382944e-015, 1.24990878758e-010, 1.13065001806e-009, 3.23216187148e-009, 3.24242463989e-008, 1.62091382094e-007, 6.0582488004e-007, 3.10906102641e-007, 3.37329311151e-007, 3.06597399913e-007, 1.73549125293e-007, 3.15590739319e-007, 4.7262264502e-007, 5.12021244958e-007, 2.61684306224e-007, 1.93301417539e-007, 3.0618252822e-008, 1.84490058786e-008, 2.31851799981e-008, 2.07814299102e-008, 2.78454370672e-010, 2.05239647499e-009, 5.3829388863e-011, 5.10984321262e-013, 2.27240765809e-013, 1.90706439932e-015, 7.47306437018e-020]
    frequency_bands:
        dmean: [4.10669116491e-008, 3.90544119e-006, 8.84820565261e-006, 1.36206917887e-005, 6.69447617838e-005, 0.000146461650729, 0.000276998878689, 0.000174520260771, 0.000159690229339, 0.000158157054102, 0.000118106225273, 0.000174747183337, 0.000239207191044, 0.000239181797951, 0.000178278860403, 0.000176474757609, 5.97073449171e-005, 5.48687094124e-005, 7.10342283128e-005, 5.34523642273e-005, 5.69033591091e-006, 9.37761888054e-006, 1.7024879071e-006, 1.93328020259e-007, 1.36483222946e-007, 5.76072922698e-009, 1.50465959137e-010, 3.9087785092e-011]
        dmean2: [6.36634780449e-008, 6.42489476377e-006, 1.4131581338e-005, 2.10283342312e-005, 0.000103981445136, 0.000224707866437, 0.000416308845161, 0.000277776300209, 0.000258915300947, 0.000243911577854, 0.000189760219655, 0.000274069636362, 0.000376723939553, 0.000380447687348, 0.000277026410913, 0.000279403582681, 9.55067444011e-005, 8.77729762578e-005, 0.000113071764645, 8.57072009239e-005, 8.7643857114e-006, 1.39480134749e-005, 2.49833692578e-006, 2.89506147055e-007, 2.07639956784e-007, 8.6010079059e-009, 2.71406508379e-010, 7.16473200213e-011]
        dvar: [2.37184133011e-015, 3.22660682894e-011, 3.05911379561e-010, 7.86542608822e-010, 1.10305498069e-008, 7.41401393611e-008, 2.9229764209e-007, 1.9669836604e-007, 2.25849248636e-007, 1.66303294691e-007, 1.21474840853e-007, 2.28971032357e-007, 3.29673810029e-007, 3.88255841699e-007, 1.72912038465e-007, 1.16288248364e-007, 1.82163564233e-008, 8.99686547484e-009, 1.18647207614e-008, 8.64540972145e-009, 1.07030877217e-010, 7.47363226861e-010, 2.31138025386e-011, 2.04728486768e-013, 1.20789595231e-013, 4.73312905322e-016, 6.6245754558e-020, 3.93530691746e-021]
        dvar2: [5.08824846338e-015, 7.83124051718e-011, 5.7167315326e-010, 1.68806157941e-009, 2.59498165178e-008, 1.61432680557e-007, 6.26081998689e-007, 4.67557612183e-007, 5.3050337101e-007, 3.78953075142e-007, 3.15661168315e-007, 5.52008373234e-007, 8.01352825874e-007, 8.97264669675e-007, 3.92588646037e-007, 2.66622890877e-007, 4.59446134471e-008, 2.18528803941e-008, 2.92759327891e-008, 2.20178719701e-008, 2.38510516892e-010, 1.45716194666e-009, 4.47497768008e-011, 4.07508147235e-013, 2.9335773177e-013, 8.36993701005e-016, 2.01702085784e-019, 1.2263297509e-020]
        max: [1.09698112283e-006, 8.68747738423e-005, 0.000816469371784, 0.000760021270253, 0.00196059700102, 0.00378109118901, 0.00698201870546, 0.00776050984859, 0.00781270675361, 0.00533203361556, 0.00602011568844, 0.00649815704674, 0.00760116055608, 0.0107291787863, 0.00588377285749, 0.00471237162128, 0.00243626954034, 0.0013460367918, 0.00164735375438, 0.00137500732671, 0.000252131343586, 0.000432289176388, 7.06582213752e-005, 1.27080738821e-005, 5.67714505451e-006, 1.14642966764e-006, 5.15931386502e-009, 5.24058130225e-010]
        mean: [5.90874336126e-008, 8.57058967085e-006, 1.80830975296e-005, 3.79133016395e-005, 0.000169329214259, 0.000243777540163, 0.000418893294409, 0.000234663777519, 0.000203411502298, 0.000235782834352, 0.000158748691319, 0.000231963596889, 0.000304226734443, 0.000299083709251, 0.000227867421927, 0.000268939620582, 9.65658036876e-005, 8.64650573931e-005, 0.000119967837236, 9.45119754761e-005, 1.07965970528e-005, 1.64632892847e-005, 2.74155740954e-006, 3.44068837421e-007, 2.29210499469e-007, 1.03697850307e-008, 1.66214056407e-010, 3.09317120528e-011]
        median: [4.23318837761e-008, 3.85827343052e-006, 8.89274997462e-006, 1.38069572131e-005, 0.000126791535877, 9.95269219857e-005, 0.000125285907416, 7.60862603784e-005, 3.90310924558e-005, 6.1517348513e-005, 4.65560806333e-005, 6.67865751893e-005, 7.91103666415e-005, 6.03101616434e-005, 5.35412145837e-005, 0.000124595302623, 4.45384175691e-005, 3.89876877307e-005, 7.38439557608e-005, 4.08313208027e-005, 5.59336058359e-006, 2.38804477704e-006, 4.41444171884e-007, 1.33334140173e-007, 8.81770887418e-008, 3.65364716259e-009, 8.12553566099e-011, 8.75148217783e-012]
        min: [7.46782117903e-024, 5.90227307008e-023, 1.57252952796e-023, 4.23175155602e-023, 9.08076531335e-023, 1.20430408799e-022, 4.21162802987e-023, 2.88611830369e-023, 5.28738691781e-023, 2.05456124861e-023, 7.47708177497e-023, 1.97419989353e-022, 1.00271465952e-022, 1.04918449907e-022, 1.69131626618e-022, 1.17779470126e-022, 3.25179420832e-022, 2.09369010634e-022, 4.71625629249e-022, 1.64770980239e-022, 3.67152551276e-022, 4.63080586949e-022, 4.87227303713e-022, 9.96757282939e-022, 1.15540884826e-021, 1.75156585229e-021, 2.35791367705e-021, 7.08146828344e-022]
        var: [3.819382944e-015, 1.24990878758e-010, 1.13065001806e-009, 3.23216187148e-009, 3.24242463989e-008, 1.62091382094e-007, 6.0582488004e-007, 3.10906102641e-007, 3.37329311151e-007, 3.06597399913e-007, 1.73549125293e-007, 3.15590739319e-007, 4.7262264502e-007, 5.12021244958e-007, 2.61684306224e-007, 1.93301417539e-007, 3.0618252822e-008, 1.84490058786e-008, 2.31851799981e-008, 2.07814299102e-008, 2.78454370672e-010, 2.05239647499e-009, 5.3829388863e-011, 5.10984321262e-013, 2.27240765809e-013, 1.90706439932e-015, 7.47306437018e-020, 3.17931573832e-021]
    mfcc:
        mean: [-776.723205566, 137.616622925, -66.6558151245, 26.6307182312, -14.0642957687, -8.68791294098, -9.12034702301, -13.8244361877, -9.40155506134, -5.58690690994, -5.05713272095, -8.51823043823, 6.45182800293]
        cov: [[6734.42236328, 789.547485352, -2050.05322266, -41.5574760437, -910.440917969, -49.7074699402, -287.872772217, -401.719482422, -443.753479004, -147.302520752, 183.284576416, -247.692947388, -234.466522217], [789.547485352, 1031.41223145, -469.189819336, -201.49319458, -164.589920044, -243.15071106, 36.2180709839, -144.182495117, -58.7198562622, 6.26751232147, 10.6163349152, 57.8252754211, -62.0411682129], [-2050.05322266, -469.189819336, 953.02746582, 88.6240463257, 241.480331421, 55.9611282349, 45.4651260376, 186.204544067, 139.711303711, 25.8225879669, -47.1570129395, 69.8925552368, 117.297615051], [-41.5574760437, -201.49319458, 88.6240463257, 384.06552124, 93.8903045654, -60.8006439209, -4.5468211174, -6.97018098831, -50.0767784119, -49.9410743713, -32.9945907593, 6.15775489807, 15.7666740417], [-910.440917969, -164.589920044, 241.480331421, 93.8903045654, 305.895477295, 63.411491394, 6.8408780098, 24.4974765778, 47.9108390808, 18.7943515778, -30.2791519165, 28.0855178833, 27.6008853912], [-49.7074699402, -243.15071106, 55.9611282349, -60.8006439209, 63.411491394, 279.56362915, 25.597536087, 30.4512901306, 25.5669155121, 33.67603302, 49.4900779724, -39.3032341003, -4.10814762115], [-287.872772217, 36.2180709839, 45.4651260376, -4.5468211174, 6.8408780098, 25.597536087, 249.437576294, 58.7229957581, -15.9979562759, 19.9421920776, 7.39224243164, 42.3326301575, -26.1386947632], [-401.719482422, -144.182495117, 186.204544067, -6.97018098831, 24.4974765778, 30.4512901306, 58.7229957581, 190.399902344, 74.2097625732, -15.7987918854, -10.3947525024, 9.10236740112, 29.7584152222], [-443.753479004, -58.7198562622, 139.711303711, -50.0767784119, 47.9108390808, 25.5669155121, -15.9979562759, 74.2097625732, 159.368148804, 43.8249778748, -23.6768360138, 15.705291748, 22.1869697571], [-147.302520752, 6.26751232147, 25.8225879669, -49.9410743713, 18.7943515778, 33.67603302, 19.9421920776, -15.7987918854, 43.8249778748, 122.196464539, 39.4178695679, -2.59903407097, -12.8530006409], [183.284576416, 10.6163349152, -47.1570129395, -32.9945907593, -30.2791519165, 49.4900779724, 7.39224243164, -10.3947525024, -23.6768360138, 39.4178695679, 118.031707764, 3.98633313179, -23.3769130707], [-247.692947388, 57.8252754211, 69.8925552368, 6.15775489807, 28.0855178833, -39.3032341003, 42.3326301575, 9.10236740112, 15.705291748, -2.59903407097, 3.98633313179, 109.815124512, 20.5571632385], [-234.466522217, -62.0411682129, 117.297615051, 15.7666740417, 27.6008853912, -4.10814762115, -26.1386947632, 29.7584152222, 22.1869697571, -12.8530006409, -23.3769130707, 20.5571632385, 119.482139587]]
        icov: [[0.000958485470619, -0.000191564788111, 0.00151630374603, -0.000867507245857, 0.00189101824071, -0.00103352568112, 0.00106206303462, -0.000399143464165, 0.000864552799612, -1.09431521196e-005, -9.54645947786e-005, -2.07669127121e-005, 8.98769503692e-005], [-0.000191564788111, 0.00231707422063, 0.000552855257411, 0.00155569741037, -0.000702234276105, 0.0023428297136, -0.00106681475881, 0.00116899854038, -0.000566073227674, 0.000284505455056, -0.000442958407803, -0.00064716435736, -4.2173309339e-005], [0.00151630374603, 0.000552855257411, 0.00457605067641, -0.00113016774412, 0.00189573084936, -0.000948301167227, 0.0014085295843, -0.00163737288676, 0.000903656240553, -0.000530509569217, -3.05673966068e-005, -0.000922427803744, -0.000907378736883], [-0.000867507245857, 0.00155569741037, -0.00113016774412, 0.00504803564399, -0.00323285046034, 0.0031770223286, -0.00152404780965, 0.00102876278106, 0.000231809870456, 0.00114101101644, -0.000181778756087, 0.000158348397235, -0.000167899605003], [0.00189101824071, -0.000702234276105, 0.00189573084936, -0.00323285046034, 0.00891921855509, -0.00403551058844, 0.00254819635302, -0.000323697167914, 0.00128576543648, -0.00105444539804, 0.00153945945203, -0.00143828487489, 0.000547168892808], [-0.00103352568112, 0.0023428297136, -0.000948301167227, 0.0031770223286, -0.00403551058844, 0.00835465546697, -0.00302910339087, 0.00151574984193, -0.00224174931645, 0.000996341696009, -0.00331347156316, 0.00251634255983, -0.000678379146848], [0.00106206303462, -0.00106681475881, 0.0014085295843, -0.00152404780965, 0.00254819635302, -0.00302910339087, 0.00764188170433, -0.00429380778223, 0.00453495793045, -0.00310375681147, 0.00215239427052, -0.00339647312649, 0.00222645536996], [-0.000399143464165, 0.00116899854038, -0.00163737288676, 0.00102876278106, -0.000323697167914, 0.00151574984193, -0.00429380778223, 0.0109327305108, -0.00638576503843, 0.00501545984298, -0.00265112170018, 0.00223656720482, -0.00141813687515], [0.000864552799612, -0.000566073227674, 0.000903656240553, 0.000231809870456, 0.00128576543648, -0.00224174931645, 0.00453495793045, -0.00638576503843, 0.0139139192179, -0.00670658331364, 0.00487197050825, -0.00318195228465, 0.000888867594767], [-1.09431521196e-005, 0.000284505455056, -0.000530509569217, 0.00114101101644, -0.00105444539804, 0.000996341696009, -0.00310375681147, 0.00501545984298, -0.00670658331364, 0.0142272058874, -0.00617517950013, 0.0030468844343, -0.000110406712338], [-9.54645947786e-005, -0.000442958407803, -3.05673966068e-005, -0.000181778756087, 0.00153945945203, -0.00331347156316, 0.00215239427052, -0.00265112170018, 0.00487197050825, -0.00617517950013, 0.0135898981243, -0.00386254070327, 0.00205274857581], [-2.07669127121e-005, -0.00064716435736, -0.000922427803744, 0.000158348397235, -0.00143828487489, 0.00251634255983, -0.00339647312649, 0.00223656720482, -0.00318195228465, 0.0030468844343, -0.00386254070327, 0.0135127492249, -0.00253541860729], [8.98769503692e-005, -4.2173309339e-005, -0.000907378736883, -0.000167899605003, 0.000547168892808, -0.000678379146848, 0.00222645536996, -0.00141813687515, 0.000888867594767, -0.000110406712338, 0.00205274857581, -0.00253541860729, 0.0107883382589]]
    sccoeffs:
        dmean: [0.042109683156, 0.0504582077265, 0.041467089206, 0.0373474247754, 0.0264521557838, 0.0191480088979]
        dmean2: [0.0690427497029, 0.0793067440391, 0.0654021129012, 0.0596025921404, 0.0404181182384, 0.0296285469085]
        dvar: [0.00110306183342, 0.00167977740057, 0.00109314988367, 0.000940311467275, 0.00045906874584, 0.000291275558993]
        dvar2: [0.00291598099284, 0.00408828491345, 0.00272873206995, 0.00222150422633, 0.000980770448223, 0.000679474207573]
        max: [-0.425859868526, -0.405076056719, -0.53882420063, -0.538417696953, -0.574755430222, -0.604568839073]
        mean: [-0.657862663269, -0.710753917694, -0.760232508183, -0.749121785164, -0.734635591507, -0.759927213192]
        median: [-0.658480584621, -0.71905118227, -0.768860042095, -0.755271017551, -0.738763451576, -0.758685588837]
        min: [-0.981541454792, -0.964010715485, -0.962600767612, -0.967304229736, -0.965370953083, -0.963996827602]
        var: [0.00417982600629, 0.00641336943954, 0.00409543607384, 0.00296041439287, 0.00233449111693, 0.00159100198653]
    scvalleys:
        dmean: [0.372827887535, 0.376919060946, 0.354050278664, 0.341475963593, 0.311565637589, 0.339074224234]
        dmean2: [0.618609130383, 0.600176692009, 0.53971606493, 0.511856973171, 0.438468545675, 0.491808950901]
        dvar: [0.235180869699, 0.226890608668, 0.220489278436, 0.221349835396, 0.216203257442, 0.220149293542]
        dvar2: [0.333923280239, 0.3195566535, 0.281292170286, 0.26837310195, 0.246064081788, 0.334795832634]
        max: [-6.2342042923, -5.02958774567, -4.60140657425, -5.30211257935, -6.37689971924, -8.88859176636]
        mean: [-7.85950803757, -6.99462461472, -7.29200363159, -7.46807003021, -8.60371208191, -11.3400936127]
        median: [-7.75423336029, -6.6375002861, -7.02727031708, -7.09753131866, -8.33945655823, -11.1981601715]
        min: [-26.9465141296, -27.378780365, -27.3636207581, -27.3361682892, -27.3973674774, -27.2246074677]
        var: [0.569583892822, 2.03668236732, 1.88142490387, 2.22697162628, 1.98455584049, 1.85849452019]

rhythm:
    beats_loudness:
        dmean: 0.00316196493804
        dmean2: 0.00567788211629
        dvar: 8.69737232279e-006
        dvar2: 2.46432209678e-005
        max: 0.0162298977375
        mean: 0.00441890535876
        median: 0.00321467430331
        min: 2.10644748222e-006
        var: 1.21326720546e-005
    bpm: 137.225784302
    bpm_confidence: 0
    first_peak_bpm: 136
    first_peak_spread: 0.537313401699
    first_peak_weight: 0.260504215956
    onset_rate: 3.68583607674
    second_peak_bpm: 110
    second_peak_spread: 0.555555522442
    second_peak_weight: 0.0672268941998
    beats_loudness_band_ratio:
        dmean: [0.0390069074929, 0.116657137871, 0.192687645555, 0.201662540436, 0.17880512774, 0.0749031379819]
        dmean2: [0.0687667950988, 0.195997133851, 0.345174819231, 0.342893362045, 0.318272173405, 0.138602867723]
        dvar: [0.00353447301313, 0.012419341132, 0.0256765056401, 0.0270451083779, 0.0223968364298, 0.00849853362888]
        dvar2: [0.00643137935549, 0.0314588323236, 0.0714966654778, 0.0759558081627, 0.061445761472, 0.0242258030921]
        max: [0.955405175686, 0.577333211899, 0.873442173004, 0.859270989895, 0.709606409073, 0.457233518362]
        mean: [0.0577206127346, 0.142414018512, 0.266065150499, 0.257052212954, 0.250538259745, 0.0738613978028]
        median: [0.0224082916975, 0.107602730393, 0.221607029438, 0.194343566895, 0.216800540686, 0.0465802811086]
        min: [0.000801323214546, 0.00470031658188, 0.0146609172225, 0.00139612075873, 0.00487073231488, 0.000334181211656]
        var: [0.0150110563263, 0.0164657253772, 0.0363142378628, 0.0412455797195, 0.029315656051, 0.00710393954068]
    beats_position: [0.429569154978, 0.870748281479, 1.31192743778, 1.75310659409, 2.19428563118, 2.63546490669, 3.06503391266, 3.49460315704, 3.92417216301, 4.35374164581, 4.78331041336, 5.20126962662, 5.61922883987, 6.06040811539, 6.5015873909, 6.94276618958, 7.37233543396, 7.80190467834, 8.23147392273, 8.66104316711, 9.10222244263, 9.53179073334, 9.96135997772, 10.3909292221, 10.8785486221, 11.354557991, 11.8305664063, 12.2601356506, 12.689704895, 13.1192741394, 13.5604534149, 14.0016326904, 14.4428119659, 14.8839902878, 15.3135595322, 15.7431287766, 16.1726989746, 16.6254863739, 17.0898857117, 17.5542850494, 18.0302944183, 18.5063037872, 18.9823131561, 19.4118824005, 19.853061676, 20.2942390442, 20.7354183197, 21.1649875641, 21.6061668396, 22.0589561462, 22.5930156708, 23.1386852264, 23.6843528748, 24.2416324615, 24.8105201721, 25.3561897278, 25.9018592834, 26.4475269318, 27.0512466431, 27.6433563232, 28.2354640961, 28.8391838074, 29.4429016113, 30.0001811981, 30.5342407227, 31.0682983398, 31.6371879578, 32.2060775757, 32.7865753174, 33.3670730591, 33.935962677, 34.4932403564, 35.0621299744, 35.6310195923, 36.1882972717, 36.7455787659, 37.2912483215, 37.8369140625, 38.3825836182, 38.823764801, 39.2533340454, 39.6712913513, 40.1008605957, 40.5188217163, 40.9483909607, 41.3779602051, 41.8191375732, 42.2603149414, 42.7014961243, 43.1426734924, 43.5838546753, 44.0366439819, 44.4894332886, 44.9306106567, 45.3833999634, 45.8594093323, 46.3121986389, 46.7649879456, 47.2061653137, 47.6473464966, 48.076915741, 48.5064849854, 48.9360542297, 49.3656234741, 49.8068008423, 50.2479820251, 50.6891593933, 51.1303405762, 51.5599098206, 52.0010871887, 52.5583648682, 53.1156463623, 53.7658042908, 54.4043540955, 55.0312919617, 55.6582298279, 56.2851676941, 56.9237174988, 57.5622673035, 58.2124252319]
    bpm_estimates: [135.999176025, 135.999176025, 135.999176025, 135.999206543, 135.999130249, 139.674880981, 139.674804688, 139.674880981, 139.674728394, 139.674957275, 135.999130249, 135.999130249, 135.999282837, 139.674804688, 139.674804688, 139.674804688, 139.674804688, 135.999130249, 139.675109863, 139.674804688, 139.674804688, 139.674804688, 139.674804688, 139.674804688, 135.999130249, 135.999130249, 135.999130249, 135.999435425, 139.674804688, 139.674804688, 139.674499512, 132.512527466, 139.674804688, 135.999130249, 135.999725342, 135.999130249, 139.674804688, 135.999130249, 132.511962891, 135.998550415, 139.674804688, 139.674804688, 139.674804688, 139.674804688, 135.999725342, 135.999725342, 135.998550415, 135.999725342, 135.998550415, 132.511962891, 132.511962891, 135.999725342, 132.511962891, 132.511962891, 132.511962891, 135.999725342, 135.998550415, 139.674804688, 139.674804688, 139.674804688, 139.674804688, 135.999725342, 135.998550415, 135.999725342, 135.998550415, 139.674804688, 135.999725342]
    bpm_intervals: [0.441179126501, 0.441179156303, 0.441179156303, 0.441179037094, 0.441179275513, 0.429569005966, 0.429569244385, 0.429569005966, 0.429569482803, 0.429568767548, 0.417959213257, 0.417959213257, 0.441179275513, 0.441179275513, 0.441178798676, 0.429569244385, 0.429569244385, 0.429569244385, 0.429569244385, 0.441179275513, 0.42956829071, 0.429569244385, 0.429569244385, 0.487619400024, 0.476009368896, 0.476008415222, 0.429569244385, 0.429569244385, 0.429569244385, 0.441179275513, 0.441179275513, 0.441179275513, 0.441178321838, 0.429569244385, 0.429569244385, 0.429570198059, 0.452787399292, 0.464399337769, 0.464399337769, 0.476009368896, 0.476009368896, 0.476009368896, 0.429569244385, 0.441179275513, 0.441177368164, 0.441179275513, 0.429569244385, 0.441179275513, 0.452789306641, 0.534059524536, 0.545669555664, 0.545667648315, 0.557279586792, 0.568887710571, 0.545669555664, 0.545669555664, 0.545667648315, 0.603719711304, 0.592109680176, 0.592107772827, 0.603719711304, 0.603717803955, 0.557279586792, 0.534059524536, 0.534057617188, 0.56888961792, 0.56888961792, 0.580497741699, 0.580497741699, 0.56888961792, 0.557277679443, 0.56888961792, 0.56888961792, 0.557277679443, 0.557281494141, 0.545669555664, 0.545665740967, 0.545669555664, 0.441181182861, 0.429569244385, 0.417957305908, 0.429569244385, 0.417961120605, 0.429569244385, 0.429569244385, 0.441177368164, 0.441177368164, 0.441181182861, 0.441177368164, 0.441181182861, 0.452789306641, 0.452789306641, 0.441177368164, 0.452789306641, 0.476009368896, 0.452789306641, 0.452789306641, 0.441177368164, 0.441181182861, 0.429569244385, 0.429569244385, 0.429569244385, 0.429569244385, 0.441177368164, 0.441181182861, 0.441177368164, 0.441181182861, 0.429569244385, 0.441177368164, 0.557277679443, 0.557281494141, 0.650157928467, 0.638549804688, 0.626937866211, 0.626937866211, 0.626937866211, 0.638549804688, 0.638549804688, 0.650157928467]
    onset_times: [3.45977330208, 4.58594083786, 4.7833108902, 4.99229001999, 5.18966007233, 5.5727891922, 5.73532867432, 6.47836732864, 6.72217702866, 6.9543762207, 8.18503379822, 8.44045352936, 8.64943313599, 8.88163280487, 9.0906124115, 9.21832180023, 9.53179168701, 9.74077129364, 9.94975090027, 10.0890703201, 10.3909301758, 10.6695690155, 10.7972793579, 10.9133787155, 11.017868042, 11.1687984467, 11.5751476288, 11.9466667175, 12.1092061996, 12.3994560242, 12.5619955063, 12.8174152374, 13.3398637772, 13.5604534149, 13.7926530838, 14.2222223282, 14.3383216858, 14.8375511169, 15.0117006302, 15.1161909103, 15.5689792633, 15.9521083832, 16.1494789124, 16.3700675964, 16.5906581879, 16.8228569031, 16.9853973389, 17.1014957428, 17.2175960541, 17.2640361786, 17.5542850494, 17.9838542938, 18.4482536316, 18.9126529694, 19.3422222137, 19.5512008667, 19.853061676, 20.0156002045, 20.247800827, 20.45677948, 20.5264396667, 20.7354202271, 20.9327888489, 21.1185493469, 21.5248985291, 21.826757431, 22.0821762085, 22.3840370178, 22.5465755463, 23.2083454132, 23.6495246887, 23.8933334351, 24.0326538086, 24.1139221191, 24.497051239, 24.8453521729, 25.1936511993, 25.3561897278, 25.774148941, 25.8902492523, 26.2153282166, 26.2849884033, 26.3198184967, 26.6913375854, 26.9119281769, 27.1557369232, 27.4459857941, 27.71301651, 27.8291149139, 27.8987751007, 28.3399543762, 28.5721549988, 28.6418132782, 28.8391838074, 29.2339229584, 29.4545116425, 29.5706119537, 29.6634922028, 30.0234012604, 30.2788200378, 30.4181404114, 30.8825397491, 31.5559177399, 31.6487979889, 31.9274368286, 32.1596374512, 32.4034461975, 32.5311546326, 32.6704750061, 32.7981872559, 33.1348762512, 33.2161445618, 33.5180053711, 33.8779144287, 34.2842636108, 34.3771438599, 34.6093406677, 34.7602729797, 35.0737419128, 35.2478904724, 35.6426315308, 35.8632202148, 36.1070289612, 36.5365982056, 36.6991386414, 36.96616745, 37.0242195129, 37.4073486328, 37.6395454407, 37.8020858765, 38.1387748718, 38.6844444275, 38.8121528625, 39.0327453613, 39.2881622314, 39.3926544189, 39.6480712891, 39.9847602844, 40.3795013428, 40.7858505249, 40.9367790222, 41.0180511475, 41.2154197693, 41.6449890137, 42.5041275024, 42.7131080627, 42.8524246216, 42.9336967468, 43.3168258667, 43.3632659912, 43.6070747375, 43.8160552979, 44.0250358582, 44.3965530396, 44.6984138489, 44.919002533, 45.1279830933, 45.3253517151, 45.4762802124, 45.5807723999, 45.6736526489, 45.894241333, 46.3238105774, 46.4050788879, 46.7882080078, 47.0668487549, 47.2293891907, 47.4499778748, 47.6705665588, 47.8214950562, 48.1001358032, 48.2510643005, 48.355556488, 48.5180969238, 48.7851257324, 49.3540153503, 49.7719726563, 50.0157814026, 50.2479820251, 50.4685707092, 50.5266227722, 50.6543312073, 50.9329719543, 51.0606803894, 51.1419487, 51.8501586914, 52.1868476868, 52.4422683716, 52.6280288696, 52.7673454285, 52.8602256775, 52.9763259888, 53.2433547974, 53.3246269226, 53.696144104, 53.789024353, 54.0908851624, 54.2650337219, 54.392742157, 54.7062149048, 54.9616317749, 55.3447608948, 55.4144210815, 55.6814498901, 55.7859420776, 55.8904304504, 56.6683006287, 56.9004974365, 57.097869873, 57.3184585571, 57.515827179, 57.8060760498, 57.9453964233, 58.1195449829, 58.2124252319]
    perceptual_tempo: "unknown"

sfx:
    inharmonicity:
        dmean: 0.0574286431074
        dmean2: 0.102132715285
        dvar: 0.00447072088718
        dvar2: 0.0124046327546
        max: 0.432955682278
        mean: 0.056845318526
        median: 0.0343217924237
        min: 0
        var: 0.00445826444775
    oddtoevenharmonicenergyratio:
        dmean: 6.79998064041
        dmean2: 12.8105487823
        dvar: 836.361999512
        dvar2: 2426.79589844
        max: 565.915649414
        mean: 4.29997110367
        median: 0.572330355644
        min: 0
        var: 476.77053833
    pitch_after_max_to_before_max_energy_ratio: 0.0113671980798
    pitch_centroid: 1338.02966309
    pitch_max_to_total: 0.999204456806
    pitch_min_to_total: 0.00238663493656
    tristimulus:
        dmean: [0.209406062961, 0.233984425664, 0.101435594261]
        dmean2: [0.366065323353, 0.407766491175, 0.18084615469]
        dvar: [0.0383486226201, 0.0448221117258, 0.0121666714549]
        dvar2: [0.102861367166, 0.124458566308, 0.0331046804786]
        max: [1, 0.979867875576, 0.758467316628]
        mean: [0.328326255083, 0.540599763393, 0.101284347475]
        median: [0.259982585907, 0.589049816132, 0.0569527037442]
        min: [0.00264491420239, 0, 0]
        var: [0.0597272478044, 0.0646455287933, 0.0139569481835]

tonal:
    chords_changes_rate: 0.0262321140617
    chords_number_rate: 0.00317965028808
    chords_strength:
        dmean: 0.00861195661128
        dmean2: 0.00866341404617
        dvar: 5.08345401613e-005
        dvar2: 6.00825078436e-005
        max: 0.691278636456
        mean: 0.540843367577
        median: 0.553510427475
        min: 0.304437965155
        var: 0.00698597356677
    key_strength: 0.661075949669
    tuning_diatonic_strength: 0.471385538578
    tuning_equal_tempered_deviation: 0.0359595343471
